9.644682705402374268e-02 1.045368984341621399e-01 3.328083753585815430e-01 -1.031311511993408203e+00 -4.519668594002723694e-02 -2.451681643724441528e-01 -4.628021717071533203e-01 -1.103171706199645996e+00 -3.704518675804138184e-01 -2.579137980937957764e-01 1.195084750652313232e-01 -6.572332233190536499e-02 5.566427111625671387e-01 3.339094817638397217e-01 -7.917214035987854004e-01 -3.669841289520263672e-01 -3.605246245861053467e-01 5.309785529971122742e-02 1.226417347788810730e-01 1.532851010560989380e-01 4.809993505477905273e-01 2.299427986145019531e-02 2.873217221349477768e-03 2.198680937290191650e-01 5.571166276931762695e-01 5.026640892028808594e-01 -2.827622294425964355e-01 -1.148739457130432129e-02 -5.692342519760131836e-01 1.784821152687072754e-01 4.489648640155792236e-01 4.194231629371643066e-01 3.652068376541137695e-01 4.888060688972473145e-02 -2.001584619283676147e-01 2.377838194370269775e-01 -2.806705236434936523e-01 2.650893628597259521e-01 -2.872771918773651123e-01 1.907613873481750488e-01 6.203647330403327942e-02 -6.342253684997558594e-01 4.901310428977012634e-02 1.550292968750000000e-01 -3.310897350311279297e-01 -7.234113663434982300e-02 3.593989014625549316e-01 2.235503494739532471e-01 -7.180199027061462402e-02 2.510865330696105957e-01 2.076949328184127808e-01 3.181555569171905518e-01 2.210360765457153320e-01 1.729139089584350586e-01 -7.854784131050109863e-01 3.056096434593200684e-01 -4.161108136177062988e-01 -1.593888998031616211e-01 -7.617764919996261597e-02 -1.177444308996200562e-01 -7.655413821339607239e-03 -4.241729676723480225e-01 -4.693709909915924072e-01 4.137416929006576538e-02 -4.968405067920684814e-01 1.873643994331359863e-01 3.968227207660675049e-01 5.226571559906005859e-01 3.805611729621887207e-01 2.946092188358306885e-01 6.054003238677978516e-01 3.978652954101562500e-01 3.337934315204620361e-01 -1.213139370083808899e-01 -4.428231120109558105e-01 1.185590624809265137e-01 1.376705020666122437e-01 -1.242828592658042908e-01 4.163514971733093262e-01 6.080984324216842651e-02 -1.993375867605209351e-01 4.173702299594879150e-01 1.854454278945922852e-01 -7.001286745071411133e-02 -1.246492564678192139e-01 3.099895119667053223e-01 3.507586717605590820e-01 -8.315737843513488770e-01 -3.268241882324218750e-02 -2.435073852539062500e-01 5.504610538482666016e-01 -6.378189921379089355e-01 -1.795120090246200562e-01 -3.525684773921966553e-01 5.223364830017089844e-01 5.591881871223449707e-01 3.658885359764099121e-01 5.156695246696472168e-01 4.173910617828369141e-02 -2.581380605697631836e-01 1.971827298402786255e-01 -2.026446461677551270e-01 4.882409274578094482e-01 1.232947111129760742e-01 4.830964207649230957e-01 -3.441750109195709229e-01 2.228299975395202637e-01 2.543081045150756836e-01 -4.116712212562561035e-01 4.756623506546020508e-01 -1.175219640135765076e-01 -1.816923767328262329e-01 3.494868278503417969e-01 -1.242371182888746262e-02 9.234096854925155640e-02 6.661456823348999023e-02 1.111217364668846130e-01 -5.646833181381225586e-01 1.841699481010437012e-01 4.392804801464080811e-01 1.662083566188812256e-01 -1.506998538970947266e+00 2.889387495815753937e-02 8.941346406936645508e-02 2.546721696853637695e-01 1.059432625770568848e-01 -1.347399652004241943e-01 5.273339152336120605e-01 7.484249770641326904e-02 -4.736226201057434082e-01 -6.013099104166030884e-03 -8.963975310325622559e-02 4.702617228031158447e-01 7.255938649177551270e-02 -5.285124480724334717e-02 -4.749991297721862793e-01 -6.223073974251747131e-02 -1.698148250579833984e-01 1.284611970186233521e-01 -7.470968365669250488e-01 4.642578959465026855e-01 -1.427785865962505341e-02 1.532262116670608521e-01 -7.742513716220855713e-02 8.693882822990417480e-01 2.614585161209106445e-01 -3.894480168819427490e-01 3.641488254070281982e-01 2.281993627548217773e-01 -6.111881136894226074e-01 7.939855754375457764e-02 7.828537374734878540e-02 -1.896660476922988892e-01 3.549616038799285889e-01 3.318362236022949219e-01 2.674718797206878662e-01 -7.687032967805862427e-02 4.328961968421936035e-01 -1.325599402189254761e-01 3.759339153766632080e-01 7.121571302413940430e-01 -3.582682013511657715e-01 1.448339968919754028e-01 9.294173121452331543e-02 1.861574128270149231e-03 -7.873592525720596313e-02 8.051791787147521973e-01 -4.612351208925247192e-02 8.184030652046203613e-02 2.959696650505065918e-01 3.057807981967926025e-01 2.956679761409759521e-01 -1.951203942298889160e-01 -4.668044745922088623e-01 4.536457061767578125e-01 3.193947076797485352e-01 5.670761466026306152e-01 5.879692733287811279e-03 -5.064737200736999512e-01 -2.315216958522796631e-01 3.889834880828857422e-01 1.662985235452651978e-02 8.903280645608901978e-02 -2.405327185988426208e-02 1.832628436386585236e-02 -4.192868471145629883e-01 1.706614792346954346e-01 -9.290322661399841309e-02 -3.631142973899841309e-01 4.593934118747711182e-01 6.734842061996459961e-02 2.983199357986450195e-01 7.917425036430358887e-02 1.476395875215530396e-01 -5.723593011498451233e-02 2.607130408287048340e-01 -2.909136116504669189e-01 -2.287312746047973633e-01 5.295673012733459473e-01 -1.555193811655044556e-01 2.029981091618537903e-02 -1.348146051168441772e-01 6.408646702766418457e-01 -2.645031213760375977e-01 5.627851486206054688e-01 2.290083765983581543e-01 -1.732344031333923340e-01 -2.441389262676239014e-01 -6.367794275283813477e-01 3.621395677328109741e-03 5.061108469963073730e-01 1.922622323036193848e-01 -1.890513896942138672e-01 -1.639906018972396851e-01 1.939347684383392334e-01 2.674277424812316895e-01 -1.973564475774765015e-01 -9.779665619134902954e-02 8.553510904312133789e-02 -1.402439270168542862e-02 6.940657496452331543e-01 -1.159539073705673218e-01 2.619090080261230469e-01 3.321630954742431641e-01 3.097663260996341705e-02 -3.399910926818847656e-01 -4.093343913555145264e-01 -3.160009384155273438e-01 2.885285019874572754e-01 6.217583417892456055e-01 6.889471411705017090e-02 4.274580776691436768e-01 2.750385403633117676e-01 -3.964689671993255615e-01 6.612133234739303589e-02 2.902785241603851318e-01 -2.329329699277877808e-01 2.958491258323192596e-02 2.982535362243652344e-01 -2.588671743869781494e-01 1.677788943052291870e-01 3.145626187324523926e-01 8.856419473886489868e-03 2.370227575302124023e-01 3.777777850627899170e-01 -8.167400211095809937e-02 1.794034093618392944e-01 1.878036558628082275e-01 5.182823538780212402e-02 4.173860847949981689e-01 -4.018326699733734131e-01 4.248883128166198730e-01 1.576934605836868286e-01 2.219264507293701172e-01 1.817974597215652466e-01 8.023240417242050171e-02 6.183255910873413086e-01 3.349477946758270264e-01 1.667093187570571899e-01 1.329959928989410400e-01 -3.105530887842178345e-02 -1.702966839075088501e-01 1.112150326371192932e-01 2.824182808399200439e-01 2.016626764088869095e-03 9.401387721300125122e-02 3.274019360542297363e-01 3.691759109497070312e-01 1.057470217347145081e-01 3.924547135829925537e-01 4.083603024482727051e-01 4.077851176261901855e-01 1.161263212561607361e-01 -9.572666883468627930e-02 2.349619120359420776e-01 -9.952888488769531250e-01 3.967793881893157959e-01 1.174480095505714417e-01 -7.781094312667846680e-02 5.745214223861694336e-01 1.410490572452545166e-01 3.635775148868560791e-01 8.036087453365325928e-02 1.245938763022422791e-01 3.508890569210052490e-01 2.996349334716796875e-01 -4.694116115570068359e-01 -6.061684340238571167e-02 -1.480914115905761719e+00 1.042954996228218079e-01 -1.358517408370971680e-01 3.023207485675811768e-01 -3.372344076633453369e-01 -2.052608281373977661e-01 1.367536634206771851e-01 -1.993847191333770752e-01 -1.143472865223884583e-01 -1.233910769224166870e-01 -5.672972798347473145e-01 5.111411213874816895e-01 1.261284649372100830e-01 6.162980943918228149e-02 -3.931000083684921265e-02 6.576604843139648438e-01 -5.912855267524719238e-01 -7.638497650623321533e-02 2.930153161287307739e-03 6.080424785614013672e-02 3.580479323863983154e-01 -5.367076396942138672e-01 2.320203483104705811e-01 4.325477480888366699e-01 -2.548266947269439697e-01 5.170804262161254883e-01 -1.298567354679107666e-01 3.139497041702270508e-01 -2.978429570794105530e-02 5.069358646869659424e-02 1.705321818590164185e-01 3.952835500240325928e-01 -2.137784361839294434e-01 -1.170122995972633362e-02 -7.550008594989776611e-02 -6.166922450065612793e-01 4.398782551288604736e-01 -5.208673328161239624e-02 2.972025573253631592e-01 -6.330350637435913086e-01 -5.170344114303588867e-01 5.028401017189025879e-01 4.402634203433990479e-01 2.436710894107818604e-01 2.216858118772506714e-01 -2.432745248079299927e-01 3.301296532154083252e-01 1.628778874874114990e-01 -1.694812327623367310e-01 4.077733755111694336e-01 3.853058815002441406e-01 5.567728877067565918e-01 -1.978286206722259521e-01 2.146253585815429688e-01 -1.528811007738113403e-01 3.868957236409187317e-02 2.672980725765228271e-01 -4.336865991353988647e-02 1.824105381965637207e-01 3.824044764041900635e-01 -9.273795038461685181e-02 4.274891614913940430e-01 1.950121484696865082e-02 6.115933656692504883e-01 -9.198226332664489746e-01 1.544704139232635498e-01 1.700579375028610229e-01 3.642321228981018066e-01 2.397474646568298340e-01 -4.785280227661132812e-01 3.619099855422973633e-01 -5.696880817413330078e-01 -5.315845832228660583e-02 1.217734068632125854e-01 4.818768203258514404e-01 2.801524400711059570e-01 -1.269951611757278442e-01 1.772598177194595337e-01 -1.328678876161575317e-01 -5.254179835319519043e-01 6.174129620194435120e-02 4.366219639778137207e-01 -1.279953569173812866e-01 1.224043965339660645e-01 -2.585272304713726044e-02 2.251280248165130615e-01 -6.693854182958602905e-02 -1.611019670963287354e-01 4.059454798698425293e-01 -8.488588780164718628e-02 3.656756579875946045e-01 -3.542850911617279053e-01 3.975972235202789307e-01 3.081265687942504883e-01 2.821951508522033691e-01 -5.573058128356933594e-02 4.633261859416961670e-01 1.846347898244857788e-01 1.488763242959976196e-01 5.198421478271484375e-01 -1.787419803440570831e-02 -2.287647724151611328e-01 2.268118411302566528e-01 -2.961059212684631348e-01 6.852590292692184448e-02 -1.319760978221893311e-01 3.102101981639862061e-01 -2.253626286983489990e-01 -2.265562415122985840e-01 -3.797211870551109314e-02 -3.478482067584991455e-01 -1.427177071571350098e+00 6.293240189552307129e-02 4.923061653971672058e-02 2.958230078220367432e-01 2.113205194473266602e-01 4.641112089157104492e-01 -6.020808592438697815e-02 -1.521252989768981934e-01 2.894866466522216797e-01 2.003239691257476807e-01 -2.224370464682579041e-02 -4.671370983123779297e-02 -3.448481857776641846e-01 -3.540957570075988770e-01 2.268944978713989258e-01 2.306907176971435547e-01 1.410043686628341675e-01 5.388653874397277832e-01 -3.664788007736206055e-01 -1.508494615554809570e-01 -2.722410857677459717e-01 8.076956868171691895e-02 7.310035824775695801e-02 -2.939995229244232178e-01 2.521016895771026611e-01 2.186887264251708984e-01 7.532046437263488770e-01 -2.239614129066467285e-01 4.507183134555816650e-01 1.076549664139747620e-01 6.761252284049987793e-01 2.318655550479888916e-01 2.362795323133468628e-01 3.933134973049163818e-01 3.755722939968109131e-01 -5.900125503540039062e-01 -4.050025045871734619e-01 1.940705776214599609e-01 5.666920542716979980e-01 2.486947178840637207e-01 6.712045520544052124e-02 3.049028813838958740e-01 -7.186959683895111084e-02 -6.100897192955017090e-01 2.365890294313430786e-01 -4.575052857398986816e-01 2.049044370651245117e-01 2.044110596179962158e-01 8.459899574518203735e-02 -3.476200103759765625e-01 -1.128730297088623047e+00 2.594505548477172852e-01 -2.493419945240020752e-01 3.572985827922821045e-01 -1.995114237070083618e-02 -1.298881053924560547e+00 2.063267678022384644e-01 6.757153272628784180e-01 2.257296591997146606e-01 -4.759149625897407532e-03 2.111422568559646606e-01 2.103987783193588257e-01 2.707595825195312500e-01 4.436390846967697144e-02 -7.993579655885696411e-02 3.652100265026092529e-01 -8.918867111206054688e-01 -3.194429874420166016e-01 5.697412490844726562e-01 -6.294136643409729004e-01 -2.138225175440311432e-02 1.383337527513504028e-01 3.799026310443878174e-01 2.492944151163101196e-01 3.315629661083221436e-01 1.507585793733596802e-01 7.356241345405578613e-02 2.914223968982696533e-01 -6.407022476196289062e-02 4.221954941749572754e-01 3.337222635746002197e-01 7.493042349815368652e-01 3.892667889595031738e-01 2.743297517299652100e-01 -5.758981108665466309e-01 -4.410522282123565674e-01 2.739252150058746338e-02 9.443697053939104080e-04 -2.108637243509292603e-03 -2.324471026659011841e-01 -6.044625639915466309e-01 1.417404860258102417e-01 1.027000099420547485e-01 -1.965951472520828247e-01 3.122386932373046875e-01 -2.978741526603698730e-01 -6.297178566455841064e-02 4.868406653404235840e-01 -1.303400397300720215e-01 4.918991401791572571e-02 -2.393186390399932861e-01 1.040229871869087219e-01 1.022180169820785522e-01 2.441157400608062744e-01 1.647455990314483643e-01 3.460824787616729736e-01 5.778492093086242676e-01 1.253434270620346069e-01 1.162410452961921692e-01 2.570341527462005615e-01 -4.896109551191329956e-02 -4.044163599610328674e-02 -4.179252311587333679e-02 -1.412664800882339478e-01 1.976333856582641602e-01 -2.934772074222564697e-01 7.018815279006958008e-01 -8.141764253377914429e-02 1.948741376399993896e-01 -9.622044563293457031e-01 -1.559779047966003418e-05 -1.497410237789154053e-03 -2.887844443321228027e-01 -2.110413089394569397e-02 -6.740716099739074707e-02 8.258105814456939697e-02 4.726522266864776611e-01 1.260718852281570435e-01 3.933634161949157715e-01 -3.150564618408679962e-03 7.931859791278839111e-02 2.152587175369262695e-01 1.077780351042747498e-01 -3.950348868966102600e-02 -6.161177158355712891e-01 1.859005689620971680e-01 2.954211831092834473e-01 -8.184819221496582031e-01 -3.798191994428634644e-02 4.513698518276214600e-01 -3.488738238811492920e-01 -2.614569664001464844e-01 -2.179750055074691772e-01 -3.165274560451507568e-01 -7.725082337856292725e-02 3.331620097160339355e-01 3.958363234996795654e-01 -1.023364782333374023e+00 6.951041519641876221e-02 -8.755344897508621216e-02 1.749346107244491577e-01 -2.191659957170486450e-01 -4.749621748924255371e-01 -8.959409594535827637e-02 -3.807642161846160889e-01 3.746227547526359558e-02 1.343525499105453491e-01 4.913864135742187500e-01 3.757165968418121338e-01 -2.033111155033111572e-01 8.344334363937377930e-01 1.934705078601837158e-01 1.843463629484176636e-01 -4.383042454719543457e-01 -4.579669833183288574e-01 -3.416691124439239502e-01 -4.087747037410736084e-01 2.150034308433532715e-01 4.357933700084686279e-01 3.891101777553558350e-01 -4.743644595146179199e-02 -9.544348120689392090e-01 3.490618467330932617e-01 3.105456233024597168e-01 4.049062728881835938e-01 2.824282944202423096e-01 -3.772744536399841309e-01 3.816088289022445679e-02 -9.509940147399902344e-01 1.137301400303840637e-01 -3.185175955295562744e-01 -4.805788695812225342e-01 -1.080979630351066589e-01 2.111807465553283691e-01 -4.674057289958000183e-02 -4.994927048683166504e-01 3.381522595882415771e-01 1.932002007961273193e-01 -3.942420780658721924e-01 6.348010152578353882e-02 1.231808215379714966e-01 7.356669008731842041e-02 5.366439819335937500e-01 -3.005393147468566895e-01 2.225169092416763306e-01 2.512568794190883636e-02 2.121809870004653931e-01 4.773797690868377686e-01 4.801594018936157227e-01 5.268688499927520752e-02 1.796655207872390747e-01 2.086153626441955566e-01 4.723214358091354370e-02 -6.265992522239685059e-01 -3.082305788993835449e-01 1.814075857400894165e-01 -3.205289542675018311e-01 7.744549959897994995e-02 2.931398451328277588e-01 -5.428562760353088379e-01 -1.088962852954864502e-01 1.756501495838165283e-01 8.012486621737480164e-03 -2.155610546469688416e-02 -5.452268719673156738e-01 2.301582098007202148e-01 1.913199573755264282e-01 -2.548740245401859283e-03 3.002829849720001221e-01 7.361256480216979980e-01 6.442473530769348145e-01 2.437950074672698975e-01 4.000242054462432861e-01 -2.123869657516479492e-01 2.009990438818931580e-02 -4.267678856849670410e-01 -9.299048781394958496e-02 -2.052595317363739014e-01 -5.594706535339355469e-01 2.817691266536712646e-01 -1.205083653330802917e-01 4.023958444595336914e-01 2.692269086837768555e-01 2.959653139114379883e-01 -9.108113497495651245e-02 5.421014428138732910e-01 -7.838968187570571899e-02 3.100906610488891602e-01 1.502659171819686890e-01 -2.403900325298309326e-01 -4.758585989475250244e-02 -1.181563735008239746e-02 5.576087832450866699e-01 8.648605644702911377e-02 1.756153404712677002e-01 -4.227135479450225830e-01 -5.308067798614501953e-01 4.224256277084350586e-01 4.106955826282501221e-01 -3.164101541042327881e-01 -1.748277246952056885e-01 3.061730228364467621e-02 1.776157878339290619e-02 3.978093564510345459e-01 -1.111798807978630066e-01 -1.082306914031505585e-02 -1.422663450241088867e+00 3.534033894538879395e-01 3.341715931892395020e-01 3.981741368770599365e-01 -5.132601410150527954e-02 1.166715770959854126e-01 1.679399609565734863e-01 3.805394470691680908e-01 1.637815833091735840e-01 3.648988902568817139e-01 8.649897575378417969e-02 1.802714616060256958e-01 1.839540302753448486e-01 1.465402692556381226e-01 2.631551921367645264e-01 -2.957738935947418213e-01 1.860002875328063965e-01 8.513192087411880493e-02 -1.057430356740951538e-01 1.190879717469215393e-01 8.359309285879135132e-03 2.195843905210494995e-01 -9.039254188537597656e-01 4.156797826290130615e-01 7.283671498298645020e-01 -3.718516528606414795e-01 7.671502977609634399e-02 1.586324423551559448e-01 -1.070826649665832520e+00 -4.476301968097686768e-01 -1.915592253208160400e-01 -1.417001336812973022e-01 -2.689806222915649414e-01 4.422348365187644958e-02 -1.506248209625482559e-02 3.805564343929290771e-02 1.131480187177658081e-02 3.057909905910491943e-01 1.156334355473518372e-01 -2.170790433883666992e-01 -1.534634679555892944e-01 1.439247578382492065e-01 8.636491000652313232e-02 2.639399766921997070e-01 8.108211681246757507e-03 2.110688537359237671e-01 -2.223581820726394653e-01 1.424748152494430542e-01 1.296262443065643311e-01 -7.109122723340988159e-02 5.458710789680480957e-01 3.042775690555572510e-01 -2.233908772468566895e-01 -1.273963898420333862e-01 3.277087807655334473e-01 -1.074828058481216431e-01 1.458973735570907593e-01 -2.673729062080383301e-01 -3.714607357978820801e-01 2.942205071449279785e-01 8.343161642551422119e-02 4.175167977809906006e-01 -4.171400964260101318e-01 -2.346381545066833496e-01 6.612153053283691406e-01 4.310743510723114014e-01 3.759675025939941406e-01 4.962829872965812683e-02 3.237194418907165527e-01 3.411266803741455078e-01 3.615852817893028259e-02 -3.676953315734863281e-01 -1.201592758297920227e-01 -9.250923395156860352e-01 -6.937976926565170288e-02 2.007010132074356079e-01 2.986852526664733887e-01 4.711629822850227356e-02 4.494204521179199219e-01 -9.849595278501510620e-02 8.508961200714111328e-01 -2.839283943176269531e-01 -3.506759405136108398e-01 -6.423333287239074707e-01 -4.829733073711395264e-02 9.802475571632385254e-02 9.413973242044448853e-02 2.173546999692916870e-01 6.554208397865295410e-01 1.949950903654098511e-01 3.549950718879699707e-01 -2.593548595905303955e-01 -2.624745965003967285e-01 -5.008571147918701172e-01 2.872231230139732361e-02 2.065570056438446045e-01 -1.018734797835350037e-01 1.102554574608802795e-01 5.723222717642784119e-02 5.354186147451400757e-02 -4.142571985721588135e-01 3.704363107681274414e-02 7.401892542839050293e-02 9.764971137046813965e-01 3.109634518623352051e-01 -2.092120051383972168e-01 -5.015000104904174805e-01 -1.127607747912406921e-02 4.812178611755371094e-01 1.809857636690139771e-01 1.738167852163314819e-01 2.811256051063537598e-01 3.422056436538696289e-01 2.133305668830871582e-01 9.778425097465515137e-03 -2.177960425615310669e-01 -9.467453509569168091e-02 8.993799984455108643e-02 1.109025955200195312e+00 1.040172874927520752e-01 1.664045006036758423e-01 3.849186897277832031e-01 1.394704133272171021e-01 5.675935149192810059e-01 1.076522767543792725e-01 4.846437275409698486e-01 -2.101509571075439453e-01 6.148692369461059570e-01 -3.943351209163665771e-01 -9.173951297998428345e-02 4.377304315567016602e-01 -8.512917757034301758e-01 -1.403703689575195312e-01 -1.337348520755767822e-01 -2.032824605703353882e-02 -1.934560947120189667e-02 -3.138884529471397400e-02 3.083907663822174072e-01 8.849116414785385132e-02 -7.832350730895996094e-01 2.478567697107791901e-02 -3.925556242465972900e-01 1.817828863859176636e-01 2.509630918502807617e-01 -1.705037653446197510e-01 -3.784809410572052002e-01 1.615613549947738647e-01 4.296477437019348145e-01 2.767399325966835022e-02 3.748066127300262451e-01 -1.065667510032653809e+00 -8.845628798007965088e-02 -5.671936087310314178e-03 -1.971848011016845703e-01 6.509584188461303711e-01 -6.863871216773986816e-01 1.238142848014831543e-01 4.343785345554351807e-01 -2.162541635334491730e-02 -1.683960705995559692e-01 2.069076895713806152e-01 7.993400841951370239e-02 7.214702200144529343e-03 -1.401696056127548218e-01 2.172505706548690796e-01 -6.290004253387451172e-01 3.523017466068267822e-01 -3.517617285251617432e-02 1.758017838001251221e-01 -6.696267127990722656e-01 -1.026787385344505310e-01 1.398917734622955322e-01 9.139925241470336914e-02 3.228496015071868896e-01 -1.296169161796569824e-01 7.139498591423034668e-01 1.176750138401985168e-01 -5.154356956481933594e-01 4.207849800586700439e-01 -2.509107291698455811e-01 3.561783432960510254e-01 9.466980397701263428e-02 2.440071702003479004e-01 2.092744410037994385e-01 -1.908275783061981201e-01 1.659256815910339355e-01 -1.669034063816070557e-01 2.119234502315521240e-01 -3.421412110328674316e-01 4.854408204555511475e-01 -4.595423638820648193e-01 -1.960445195436477661e-01 -8.774940371513366699e-01 -8.496412634849548340e-02 6.133370846509933472e-02 4.887463450431823730e-01 -1.488033980131149292e-01 -1.219546049833297729e-01 -3.664020076394081116e-02 -4.364601969718933105e-01 4.519336521625518799e-01 2.296567410230636597e-01 -4.052124544978141785e-02 -4.983283579349517822e-01 -2.816607430577278137e-02 -1.201082587242126465e+00 2.237087935209274292e-01 2.813631892204284668e-01 -2.788854241371154785e-01 -4.652042686939239502e-02 -1.031680852174758911e-01 1.365046948194503784e-01 4.654031246900558472e-02 -4.932464957237243652e-01 1.676723957061767578e-01 -5.096647888422012329e-02 7.296136021614074707e-02 1.586382463574409485e-02 4.332045838236808777e-02 2.986289560794830322e-01 -8.433092832565307617e-01 -3.382400870323181152e-01 4.232961535453796387e-01 -4.237865805625915527e-01 1.335871070623397827e-01 -4.753969237208366394e-02 3.777019083499908447e-01 3.427150249481201172e-01 2.858672440052032471e-01 1.028700768947601318e-01 -5.898345708847045898e-01 -3.259446322917938232e-01 3.845919854938983917e-04 -4.005375206470489502e-01 -1.772846877574920654e-01 -3.556766510009765625e-01 5.124550461769104004e-01 -5.110357999801635742e-01 -1.861242577433586121e-02 5.077905654907226562e-01 -3.306974098086357117e-02 8.452780544757843018e-02 -8.240315318107604980e-02 -8.575084805488586426e-01 8.795433491468429565e-02 -2.314434349536895752e-01 7.523839920759201050e-02 2.312589064240455627e-02 1.034253463149070740e-01 4.194360673427581787e-01 -2.538459599018096924e-01 3.567620217800140381e-01 1.588015407323837280e-01 -5.018838644027709961e-01 -2.286150306463241577e-01 1.574169099330902100e-01 -1.605774313211441040e-01 4.541708230972290039e-01 -4.674621522426605225e-01 -6.304711848497390747e-02 1.165509670972824097e-01 -5.892153382301330566e-01 -5.788300633430480957e-01 -2.999793887138366699e-01 6.008194014430046082e-02 2.120264619588851929e-01 1.797937154769897461e-01 -6.009972095489501953e-02 1.500000655651092529e-01 -2.678315043449401855e-01 2.764849662780761719e-01 -3.592965304851531982e-01 3.569156527519226074e-01 4.844008386135101318e-01 1.905151903629302979e-01 5.232870951294898987e-02 -8.564587682485580444e-02 2.026394605636596680e-01 1.607719212770462036e-01 -3.594148755073547363e-01 -2.342405915260314941e-01 -7.074089050292968750e-01 1.747811138629913330e-01 -5.107892155647277832e-01 1.323387622833251953e-01 5.119052529335021973e-01 5.764789879322052002e-02 1.939040720462799072e-01 1.468174010515213013e-01 -4.560589417815208435e-02 -8.945186436176300049e-02 3.614377081394195557e-01 -2.910284996032714844e-01 -1.857581585645675659e-01 1.136156991124153137e-01 -2.936857044696807861e-01 -2.055656313896179199e-01 -9.461378455162048340e-01 1.302253571338951588e-03 3.374135494232177734e-01 -3.802390992641448975e-01 -5.484253764152526855e-01 1.995539218187332153e-01 2.185474336147308350e-01 3.385567069053649902e-01 1.343647241592407227e-01 3.728394806385040283e-01 3.401016592979431152e-01 4.158562421798706055e-01 -8.307074308395385742e-01 -1.713062375783920288e-01 3.125166296958923340e-01 6.275080442428588867e-01 3.704646527767181396e-01 -4.450280070304870605e-01 -3.650887012481689453e-01 1.973850727081298828e-01 -1.697665005922317505e-01 5.167119204998016357e-02 -7.384138554334640503e-02 1.051712185144424438e-01 -3.452693223953247070e-01 -7.237615585327148438e-01 -3.805208504199981689e-01 7.716860175132751465e-01 1.442904025316238403e-01 3.551406264305114746e-01 -2.499338984489440918e-01 -1.222335100173950195e-01 2.846088707447052002e-01 -6.495837867259979248e-02 1.454546153545379639e-01 -3.567752540111541748e-01 -2.142473161220550537e-01 -7.410005927085876465e-01 -2.828944325447082520e-01 -8.008746057748794556e-02 3.885354697704315186e-01 -4.039168655872344971e-01 4.532370567321777344e-01 9.203468263149261475e-02 -1.061994805932044983e-01 1.712636053562164307e-01 2.532959729433059692e-02 3.369857370853424072e-01 9.036228060722351074e-02 3.600717484951019287e-01 6.757762283086776733e-02 1.925815045833587646e-01 -1.951168626546859741e-01 4.740716218948364258e-01 5.486953258514404297e-01 1.033832654356956482e-01 -3.279370814561843872e-02 -1.032447963953018188e-01 -1.710637062788009644e-01 -4.503278806805610657e-02 6.307362765073776245e-02 -1.383234262466430664e-01 3.179123997688293457e-02 2.080684453248977661e-01 -3.596935048699378967e-02 1.216431036591529846e-01 1.768146008253097534e-01 6.146350502967834473e-01 4.740056693553924561e-01 4.793972969055175781e-01 3.023461699485778809e-01 3.505519330501556396e-01 5.648929476737976074e-01 5.416824221611022949e-01 4.210750460624694824e-01 2.042761743068695068e-01 2.296322882175445557e-01 1.195427924394607544e-01 -4.135726094245910645e-01 -5.630364418029785156e-01 6.234298646450042725e-02 -3.369764089584350586e-01 1.057408154010772705e-01 -1.156340017914772034e-01 -4.213950932025909424e-01 -2.808716297149658203e-01 4.459274411201477051e-01 -1.541296020150184631e-03 6.942442059516906738e-02 8.722312003374099731e-02 5.512727499008178711e-01 -8.299621194601058960e-02 -6.043165922164916992e-01 1.251702010631561279e-01 1.109325736761093140e-01 3.485336303710937500e-01 5.031457543373107910e-01 1.127911359071731567e-01 -4.249378293752670288e-02 2.371192425489425659e-01 2.271825075149536133e-02 -7.519911527633666992e-01 2.414976507425308228e-01 3.675442636013031006e-01 -1.462765038013458252e-01 -3.238039836287498474e-02 -3.596267998218536377e-01 4.982876777648925781e-01 -1.228699646890163422e-02 2.022765129804611206e-01 7.479701191186904907e-02 3.401970565319061279e-01 3.748983144760131836e-01 2.066442817449569702e-01 1.411091815680265427e-02 1.913932263851165771e-01 -3.017108440399169922e-01 -2.101776190102100372e-02 2.961474470794200897e-03 -3.045176565647125244e-01 -9.628892540931701660e-01 -1.031748771667480469e+00 3.452202379703521729e-01 5.313762649893760681e-02 -2.953208088874816895e-01 2.006431370973587036e-01 -9.063532352447509766e-01 -7.243709266185760498e-02 -1.126967668533325195e+00 -3.671109974384307861e-01 2.942110896110534668e-01 1.647740006446838379e-01 1.923371106386184692e-01 2.143260389566421509e-01 2.430410385131835938e-01 4.587463736534118652e-01 -1.930750161409378052e-01 -2.515361607074737549e-01 2.969837374985218048e-02 6.659122556447982788e-02 1.670504808425903320e-01 2.949494421482086182e-01 -4.466793537139892578e-01 1.426827013492584229e-01 3.499603867530822754e-01 -3.841823637485504150e-01 -5.030195713043212891e-01 2.605913579463958740e-01 -3.107329010963439941e-01 -1.664392352104187012e-01 -3.086191415786743164e-01 3.139216899871826172e-01 -8.480163663625717163e-02 2.914672195911407471e-01 2.135075181722640991e-01 -8.135747164487838745e-03 9.179282188415527344e-02 4.820771142840385437e-02 1.807616464793682098e-02 -3.505470752716064453e-01 4.409279823303222656e-01 2.071588039398193359e-01 -1.911342740058898926e-01 3.985249102115631104e-01 2.326364815235137939e-02 -5.432131886482238770e-01 1.367443054914474487e-01 3.843471407890319824e-02 -5.176880955696105957e-01 -2.266644537448883057e-01 -6.778978556394577026e-02 -1.520874738693237305e+00 1.507739722728729248e-01 4.384396076202392578e-01 2.914730608463287354e-01 1.577690243721008301e-01 -3.273034095764160156e-01 -1.079986393451690674e-01 1.021978333592414856e-01 -1.415436416864395142e-01 -4.308950155973434448e-03 3.530698716640472412e-01 -7.537533044815063477e-01 2.166438549757003784e-01 -8.392830938100814819e-02 -1.216056942939758301e-01 -1.162562668323516846e-01 1.319623589515686035e-01 1.881760209798812866e-01 1.271717101335525513e-01 3.993586897850036621e-01 5.886992812156677246e-01 6.299659609794616699e-03 -6.285463571548461914e-01 4.281638264656066895e-01 -5.870731174945831299e-02 1.423493921756744385e-01 1.034363806247711182e-01 -3.565652072429656982e-01 2.106813192367553711e-01 -3.407511711120605469e-01 2.415862865746021271e-02 2.438324987888336182e-01 -4.503704607486724854e-01 -3.199317455291748047e-01 -7.631522417068481445e-01 -6.197444796562194824e-01 -1.116525679826736450e-01 6.816485524177551270e-01 -5.572140216827392578e-01 1.615116447210311890e-01 2.236987948417663574e-01 -1.020722866058349609e+00 -1.372977942228317261e-01 -4.740464687347412109e-01 5.638749599456787109e-01 1.970686316490173340e-01 -2.631571590900421143e-01 2.109368145465850830e-01 7.128304801881313324e-03 -1.509545892477035522e-01 5.463824272155761719e-01 2.637043595314025879e-01 1.787008047103881836e-01 1.940053999423980713e-01 -1.792673915624618530e-01 -3.950386941432952881e-01 1.915146708488464355e-01 2.690580487251281738e-01 2.062761783599853516e-01 2.577800154685974121e-01 2.185407578945159912e-01 2.081295251846313477e-01 6.229780614376068115e-03 -3.181426227092742920e-02 -1.882995106279850006e-02 9.901946038007736206e-02 3.947563171386718750e-01 -1.208725333213806152e+00 -1.724194735288619995e-01 6.875132769346237183e-02 4.270040392875671387e-01 -7.963852882385253906e-01 2.001986950635910034e-01 -7.013781368732452393e-02 3.047876358032226562e-01 1.527021676301956177e-01 4.237512946128845215e-01 1.010530441999435425e-01 1.064526885747909546e-01 3.531706929206848145e-01 -5.815231800079345703e-01 -5.676448345184326172e-01 -2.080506831407546997e-01 -2.510402500629425049e-01 2.255125790834426880e-01 9.416158497333526611e-02 -4.394113123416900635e-01 2.132685184478759766e-01 -1.149076521396636963e-01 2.386530637741088867e-01 2.010393440723419189e-01 -1.568545997142791748e-01 -6.407120823860168457e-01 4.630144834518432617e-01 -4.515141844749450684e-01 8.073397874832153320e-01 5.704488158226013184e-01 -7.235634326934814453e-01 -1.818800419569015503e-01 4.325675666332244873e-01 -6.097124218940734863e-01 8.729056715965270996e-01 -9.086441993713378906e-02 1.130514219403266907e-01 5.711480975151062012e-03 -2.482528686523437500e-01 -3.026190027594566345e-02 7.661719620227813721e-02 -6.180658191442489624e-02 1.662578135728836060e-01 -5.094618201255798340e-01 4.396331906318664551e-01 2.417055219411849976e-01 3.575317859649658203e-01 2.129517793655395508e-01 -4.484978504478931427e-03 -7.462891936302185059e-02 2.725770473480224609e-01 -4.050384759902954102e-01 -3.237978368997573853e-02 1.867596656084060669e-01 -7.262695580720901489e-03 3.056467771530151367e-01 3.628473877906799316e-01 7.595683336257934570e-01 1.364074647426605225e-01 -6.871487498283386230e-01 -2.951618731021881104e-01 -1.334442198276519775e-01 -1.024773344397544861e-02 3.781939148902893066e-01 1.413885951042175293e-01 -1.617071479558944702e-01 2.398075461387634277e-01 2.187152951955795288e-02 -1.987467855215072632e-01 3.109132945537567139e-01 -6.962090730667114258e-02 -6.625297665596008301e-01 -2.742535173892974854e-01 -1.425330042839050293e-01 4.899241924285888672e-01 -7.000046968460083008e-02 1.645571589469909668e-01 -1.026327162981033325e-01 -7.091465592384338379e-01 -5.036288499832153320e-01 -3.208114206790924072e-01 2.622598111629486084e-01 2.225241810083389282e-02 3.095723986625671387e-01 -3.752598464488983154e-01 -4.466466009616851807e-01 4.005250930786132812e-01 4.256287217140197754e-01 -2.209977656602859497e-01 5.968576669692993164e-01 2.109916359186172485e-01 -4.673211872577667236e-01 2.546140849590301514e-01 -3.177006542682647705e-01 1.655806414783000946e-02 4.097506403923034668e-01 -1.687244772911071777e-01 -4.155379906296730042e-02 -8.801536262035369873e-02 -2.502885758876800537e-01 -2.537251114845275879e-01 3.806451261043548584e-01 4.280365109443664551e-01 4.156702011823654175e-02 3.061460852622985840e-01 -1.257743537425994873e-01 4.654614627361297607e-01 6.171909347176551819e-02 3.769001960754394531e-01 -6.627912521362304688e-01 2.876764833927154541e-01 6.776884198188781738e-02 1.041554883122444153e-01 2.134381681680679321e-01 -3.026947677135467529e-01 1.308021843433380127e-01 -8.851038813591003418e-01 2.747451886534690857e-02 -1.875388436019420624e-02 -5.145441293716430664e-01 1.009282022714614868e-01 2.918066382408142090e-01 9.296803176403045654e-02 -9.863976240158081055e-01 -1.355991661548614502e-01 4.579797685146331787e-01 2.436856478452682495e-01 1.819277405738830566e-01 1.571050733327865601e-01 1.215671971440315247e-01 -5.994612574577331543e-01 -1.389497146010398865e-02 1.464276909828186035e-01 4.723945558071136475e-01 2.242974340915679932e-01 1.049172356724739075e-01 -2.879639863967895508e-01 -2.906670793890953064e-02 1.453504264354705811e-01 3.522819280624389648e-01 2.184621542692184448e-01 -2.708631455898284912e-01 1.699385792016983032e-01 7.949950098991394043e-01 -3.348607420921325684e-01 2.448555231094360352e-01 2.253487408161163330e-01 -2.104814499616622925e-01 7.416261360049247742e-03 4.159320890903472900e-02 -1.580587588250637054e-03 -5.654512047767639160e-01 2.707432806491851807e-01 3.940069079399108887e-01 1.456196606159210205e-01 1.346139162778854370e-01 4.922606796026229858e-02 -4.351237416267395020e-02 1.264666318893432617e-01 1.006496176123619080e-01 -1.187919639050960541e-02 2.634271383285522461e-01 -1.660774052143096924e-01 -7.673183456063270569e-03 1.082054451107978821e-01 -5.864868760108947754e-01 5.670614242553710938e-01 4.946113526821136475e-01 1.089519113302230835e-01 -3.396432399749755859e-01 -5.993777513504028320e-01 -1.714478135108947754e-01 -8.095217496156692505e-02 2.667293250560760498e-01 -1.356592774391174316e-01 -1.889334246516227722e-02 4.865050911903381348e-01 -1.312714815139770508e-01 -2.077409029006958008e-01 -4.035280346870422363e-01 1.161099001765251160e-01 -1.230829209089279175e-01 -9.241428226232528687e-02 1.916523575782775879e-01 -2.578479051589965820e-02 1.354303508996963501e-01 6.848786473274230957e-01 3.659839928150177002e-01 4.139449000358581543e-01 -2.730146944522857666e-01 1.098187491297721863e-01 9.320673346519470215e-02 7.278581708669662476e-02 -2.748467624187469482e-01 3.458402156829833984e-01 3.330679535865783691e-01 -3.128203451633453369e-01 -4.577838629484176636e-02 -3.894127905368804932e-01 3.571369647979736328e-01 2.038206756114959717e-01 6.153183430433273315e-02 3.407475054264068604e-01 2.294992841780185699e-02 4.268017411231994629e-01 5.887399613857269287e-02 2.865961194038391113e-01 2.733215987682342529e-01 8.086731284856796265e-02 -3.516438305377960205e-01 1.991612762212753296e-01 1.862538754940032959e-01 2.483807206153869629e-01 -2.042058408260345459e-01 5.601214766502380371e-01 3.553616404533386230e-01 -1.269083656370639801e-02 6.749163866043090820e-01 -2.695858478546142578e-01 3.067282140254974365e-01 -2.107935547828674316e-01 -5.079773664474487305e-01 1.812744885683059692e-01 5.512227863073348999e-02 -1.847163736820220947e-01 -5.886747241020202637e-01 2.381267994642257690e-01 1.602393984794616699e-01 1.320986002683639526e-01 1.794515401124954224e-01 -5.848446488380432129e-01 2.924285233020782471e-01 -4.854385927319526672e-02 -1.087027490139007568e-01 -4.910304248332977295e-01 -1.126050278544425964e-01 1.107110530138015747e-01 5.923215150833129883e-01 -1.778895705938339233e-01 5.405699610710144043e-01 6.665250062942504883e-01 -5.508656799793243408e-02 -2.855252027511596680e-01 -1.560123562812805176e-01 -1.603109091520309448e-01 3.941891789436340332e-01 1.771222501993179321e-01 4.420408606529235840e-01 -4.220172762870788574e-02 -2.151442468166351318e-01 5.495783686637878418e-01 8.397914767265319824e-01 -1.116448938846588135e-01 -2.839672267436981201e-01 -2.135658860206604004e-01 1.366794407367706299e-01 -1.873899549245834351e-01 4.383962452411651611e-01 3.475670516490936279e-02 -5.337522625923156738e-01 -3.228465318679809570e-01 -3.142580091953277588e-01 2.477578967809677124e-01 -8.165488243103027344e-01 2.019699662923812866e-02 -3.185269832611083984e-01 2.823741361498832703e-02 -7.234118133783340454e-02 -3.856963664293289185e-02 2.656863629817962646e-01 4.875880181789398193e-01 -1.468300819396972656e-01 -2.266748547554016113e-01 -3.196372389793395996e-01 -3.517213165760040283e-01 -5.565166473388671875e-01 -3.869556188583374023e-01 -2.301107347011566162e-01 3.928520381450653076e-01 -3.765440359711647034e-02 2.764744460582733154e-01 -2.100113332271575928e-01 -3.662026822566986084e-01 4.132687449455261230e-01 -1.333581097424030304e-02 1.028257161378860474e-01 3.390125930309295654e-01 3.063678741455078125e-01 1.353189814835786819e-02 -6.386487185955047607e-02 -3.334136903285980225e-01 -1.110063910484313965e+00 3.153177201747894287e-01 2.588099837303161621e-01 2.112857103347778320e-01 -5.646799132227897644e-02 3.101291358470916748e-01 4.796246588230133057e-01 3.824558258056640625e-01 1.414169967174530029e-01 2.592131793498992920e-01 2.130368500947952271e-01 3.564350903034210205e-01 5.581732988357543945e-01 1.272274255752563477e-01 1.483385637402534485e-02 4.476826190948486328e-01 1.772054433822631836e-01 8.347586989402770996e-01 -3.572765886783599854e-01 3.450772762298583984e-01 5.774853229522705078e-01 -3.108822181820869446e-02 -6.730217486619949341e-03 4.851628467440605164e-02 2.840186953544616699e-01 1.285779774188995361e-01 1.034947633743286133e-01 -6.391966938972473145e-01 3.486663997173309326e-01 -7.173879742622375488e-01 1.692668497562408447e-01 -1.444452553987503052e-01 1.222844049334526062e-01 -3.430269658565521240e-02 -1.610312461853027344e-01 -5.392134189605712891e-01 -1.211072281002998352e-01 6.091931462287902832e-01 -8.893252909183502197e-02 1.695991456508636475e-01 -2.872124314308166504e-01 -6.919390708208084106e-02 -4.479091465473175049e-01 7.041621208190917969e-01 1.660190150141716003e-02 6.916175484657287598e-01 -6.191667914390563965e-01 -1.143234036862850189e-02 6.626869440078735352e-01 -1.475108861923217773e-01 -3.707662820816040039e-01 3.729319870471954346e-01 3.735269308090209961e-01 -4.779659807682037354e-01 5.169918015599250793e-02 -5.507352948188781738e-02 1.397373974323272705e-01 -1.341027319431304932e-01 3.635647147893905640e-02 -1.630813479423522949e-01 6.319901347160339355e-01 1.781791448593139648e-01 6.456124782562255859e-02 5.257461592555046082e-02 -1.813280135393142700e-01 1.750353723764419556e-01 2.121704965829849243e-01 2.810432612895965576e-01 3.244153857231140137e-01 1.673874258995056152e-01 2.182306945323944092e-01 3.858640491962432861e-01 1.169735491275787354e-01 1.093388423323631287e-01 1.024300605058670044e-02 3.170465230941772461e-01 5.188920497894287109e-01 3.579044640064239502e-01 5.776479467749595642e-02 6.022816896438598633e-02 7.253006696701049805e-01 2.066278457641601562e-01 -4.675412178039550781e-02 -1.801217198371887207e-01 3.366560935974121094e-01 -2.429924607276916504e-01 -5.676954984664916992e-02 -3.288182616233825684e-02 -1.585590243339538574e-01 2.750381231307983398e-01 2.808792591094970703e-01 2.331784069538116455e-01 3.913697898387908936e-01 1.872549951076507568e-01 -1.222570538520812988e-01 -6.978182792663574219e-01 -1.017782330513000488e+00 6.064771860837936401e-02 -7.899392843246459961e-01 -4.159024059772491455e-01 -1.426334023475646973e+00 -6.084632128477096558e-02 1.325419247150421143e-01 -1.290728244930505753e-02 1.441753953695297241e-01 -8.760763406753540039e-01 -1.712695062160491943e-01 1.219136714935302734e-01 -8.685331791639328003e-02 1.006204485893249512e-01 7.864148356020450592e-03 -1.846391856670379639e-01 1.679236441850662231e-02 3.376779854297637939e-01 -1.746668964624404907e-01 -7.643170356750488281e-01 -7.036799937486648560e-02 4.113097786903381348e-01 -7.916490435600280762e-01 -1.299488842487335205e-01 -1.049709081649780273e+00 -6.639118790626525879e-01 -1.169746965169906616e-01 -7.832719385623931885e-02 3.235056623816490173e-02 5.502236485481262207e-01 -2.305354028940200806e-01 -3.572362661361694336e-01 -1.348048746585845947e-01 3.340525552630424500e-03 2.211599051952362061e-02 -1.114781498908996582e-01 2.419446408748626709e-01 -2.457321807742118835e-02 -5.214244499802589417e-02 1.830685883760452271e-01 8.563747256994247437e-02 -5.490461587905883789e-01 -6.597511768341064453e-01 3.062824904918670654e-01 4.845974445343017578e-01 5.208133459091186523e-01 1.504294425249099731e-01 1.576438248157501221e-01 1.157069355249404907e-01 6.682530045509338379e-01 -9.752359390258789062e-01 -1.304210871458053589e-01 7.533667981624603271e-02 -4.933065176010131836e-01 -2.433939129114151001e-01 -4.862532615661621094e-01 2.385532110929489136e-02 4.340720921754837036e-02 5.640318989753723145e-01 -9.113082289695739746e-02 3.482964634895324707e-01 -6.185049563646316528e-02 -1.008442878723144531e+00 -1.007653325796127319e-01 -5.056542158126831055e-02 4.178911447525024414e-01 1.117011830210685730e-01 1.888385266065597534e-01 -1.775934249162673950e-01 -1.527040004730224609e+00 -3.623932898044586182e-01 2.133003324270248413e-01 3.876209631562232971e-02 2.381165325641632080e-01 2.680728435516357422e-01 2.313695102930068970e-01 5.105571746826171875e-01 5.466199666261672974e-02 2.502315938472747803e-01 -1.423081457614898682e-01 1.631784886121749878e-01 4.208410978317260742e-01 -3.499341011047363281e-02 1.034866087138652802e-02 -2.546533942222595215e-01 9.626790881156921387e-02 -4.114060997962951660e-01 6.727688759565353394e-02 4.428164660930633545e-01 1.297461241483688354e-01 3.080384433269500732e-01 -3.961288928985595703e-01 2.901121973991394043e-01 -4.393064230680465698e-02 -3.855650424957275391e-01 1.109651029109954834e-01 -2.906931936740875244e-01 1.360346823930740356e-01 3.360796719789505005e-02 -6.638022661209106445e-01 1.662281155586242676e-01 -3.606170117855072021e-01 -7.004310488700866699e-01 9.180885553359985352e-02 -1.168647050857543945e+00 -4.596305787563323975e-01 6.271055340766906738e-02 5.256299674510955811e-02 -5.984932184219360352e-01 2.284468710422515869e-01 -2.807320952415466309e-01 -2.120807766914367676e-02 -6.148958206176757812e-01 3.462945818901062012e-01 -3.513880372047424316e-01 5.626159310340881348e-01 5.569778680801391602e-01 -6.083827465772628784e-04 -1.537162512540817261e-01 -1.792977452278137207e-01 1.241190657019615173e-01 4.857328236103057861e-01 6.700529903173446655e-02 4.737805575132369995e-02 -2.589880675077438354e-02 -1.885326504707336426e-01 4.433116018772125244e-01 -8.559971302747726440e-02 1.035403013229370117e-01 -1.587054431438446045e-01 -1.675952784717082977e-02 -4.098149836063385010e-01 2.132868170738220215e-01 4.879018664360046387e-01 3.198236227035522461e-01 4.589684307575225830e-02 4.235734641551971436e-01 -3.438603878021240234e-01 -6.709810495376586914e-01 -3.900989294052124023e-01 3.673200309276580811e-01 2.781462669372558594e-01 1.816177964210510254e-01 -1.632327437400817871e-01 -3.082793951034545898e-02 1.483060270547866821e-01 4.249502122402191162e-01 2.363746613264083862e-02 -3.833098113536834717e-01 -3.226377442479133606e-02 -1.379361301660537720e-01 -2.976064942777156830e-02 -3.480766713619232178e-02 4.991911817342042923e-03 1.362653374671936035e-01 -2.072336375713348389e-01 -3.555090352892875671e-02 3.133713603019714355e-01 -1.167884990572929382e-01 -2.669553272426128387e-02 -4.051589071750640869e-01 5.635944008827209473e-01 2.633763253688812256e-01 3.316169381141662598e-01 7.706969231367111206e-02 -2.119207084178924561e-01 2.841323018074035645e-01 -3.261980414390563965e-01 -5.297260880470275879e-01 -2.259922176599502563e-01 3.022373318672180176e-01 1.000162512063980103e-01 7.184384390711784363e-03 1.984044909477233887e-01 4.180972576141357422e-01 1.567116528749465942e-01 2.177736312150955200e-01 -3.056575655937194824e-01 -1.105120778083801270e-01 3.918062448501586914e-01 7.171950340270996094e-01 -4.157554358243942261e-02 4.893049001693725586e-01 3.108834624290466309e-01 1.928371638059616089e-01 9.579222649335861206e-02 1.707117557525634766e-01 -7.586891949176788330e-02 6.200935244560241699e-01 -2.500030696392059326e-01 -7.085601985454559326e-02 9.388239681720733643e-02 1.386720687150955200e-01 -7.765343785285949707e-01 3.906986713409423828e-01 5.751247406005859375e-01 -4.695215076208114624e-02 -1.166245527565479279e-02 -9.421912431716918945e-01 -1.632831990718841553e-02 -6.767027080059051514e-02 5.016099810600280762e-01 2.020539790391921997e-01 1.257850974798202515e-01 -4.218158125877380371e-02 -1.250982657074928284e-02 -8.623927831649780273e-02 3.459839224815368652e-01 2.864100933074951172e-01 1.874494403600692749e-01 2.538222670555114746e-01 2.614783942699432373e-01 6.474266052246093750e-01 -6.417629867792129517e-02 -4.753771722316741943e-01 5.985193327069282532e-02 1.115437075495719910e-01 -7.244731187820434570e-01 3.536275029182434082e-02 1.808351278305053711e-01 1.600244194269180298e-01 5.100749135017395020e-01 -2.593509554862976074e-01 8.031797409057617188e-02 2.129070460796356201e-02 4.293559789657592773e-01 -1.495841145515441895e-01 -5.535286664962768555e-01 1.219447851181030273e-01 6.105521917343139648e-01 2.488870620727539062e-01 7.657719403505325317e-02 2.694960869848728180e-02 -1.482510715723037720e-01 4.113873243331909180e-01 6.893610954284667969e-02 -1.236847490072250366e-01 3.927022516727447510e-01 -3.104952573776245117e-01 -6.227635592222213745e-02 4.634933173656463623e-02 3.648102581501007080e-01 -8.517596870660781860e-02 1.466032266616821289e-01 1.218360438942909241e-01 4.469008147716522217e-01 -1.695013791322708130e-01 3.278951942920684814e-01 7.967318892478942871e-01 -1.767949461936950684e-01 5.672891139984130859e-01 -8.424174189567565918e-01 -5.881720781326293945e-02 3.308050930500030518e-01 -2.802069783210754395e-01 2.195087820291519165e-01 6.451897621154785156e-01 4.280294179916381836e-01 -3.743108734488487244e-02 2.924604527652263641e-02 -1.566678285598754883e-01 1.441329568624496460e-01 -3.921554237604141235e-02 2.016910463571548462e-01 2.536724507808685303e-01 3.962206840515136719e-01 1.052634343504905701e-01 3.515121992677450180e-03 1.187314689159393311e-01 2.102084904909133911e-01 1.910446733236312866e-01 2.185502350330352783e-01 -1.885990202426910400e-01 4.074046015739440918e-01 1.631935536861419678e-01 -2.863354086875915527e-01 1.805658489465713501e-01 -2.135258167982101440e-01 2.201715111732482910e-01 -3.414491713047027588e-01 -1.526520401239395142e-01 2.134425938129425049e-01 3.698050081729888916e-01 1.146760359406471252e-01 -9.769151806831359863e-01 -7.738199084997177124e-03 5.647365748882293701e-02 1.248132139444351196e-01 3.221885561943054199e-01 -2.317123860120773315e-01 1.394940465688705444e-01 3.822878897190093994e-01 -2.607466876506805420e-01 5.978044867515563965e-02 -6.534646749496459961e-01 2.009930014610290527e-01 -5.601946264505386353e-03 1.669996678829193115e-01 7.977357506752014160e-02 1.096689179539680481e-01 -4.124999046325683594e-01 3.514959812164306641e-01 -6.532556563615798950e-02 -3.657335937023162842e-01 2.164136469364166260e-01 4.650898873805999756e-01 1.002978160977363586e-01 4.700576364994049072e-01 5.322444438934326172e-01 -8.235331624746322632e-02 7.385626435279846191e-02 -8.567628264427185059e-02 4.319079816341400146e-01 2.385398745536804199e-01 -8.726327866315841675e-02 6.193729117512702942e-02 2.294688522815704346e-01 2.993547543883323669e-02 3.542814254760742188e-01 -5.066721439361572266e-01 -2.682198584079742432e-01 2.633648216724395752e-01 1.485809087753295898e-01 7.018020749092102051e-02 2.221173942089080811e-01 -2.060795426368713379e-01 5.337315201759338379e-01 -1.225510239601135254e-02 -7.344052940607070923e-02 5.273662805557250977e-01 -4.988293349742889404e-01 3.331560790538787842e-01 1.062148287892341614e-01 5.693241953849792480e-01 1.147150993347167969e-01 -4.851915836334228516e-01 2.480586618185043335e-02 -1.661088913679122925e-01 1.184942573308944702e-01 5.346282720565795898e-01 -5.726778879761695862e-03 3.522410988807678223e-01 6.420784592628479004e-01 -1.274040937423706055e-01 -6.602994799613952637e-01 -4.740468859672546387e-01 4.121517837047576904e-01 -2.628217265009880066e-02 1.275754868984222412e-01 -3.365547358989715576e-01 -4.142051935195922852e-02 3.411470055580139160e-01 -1.120314121246337891e+00 -1.268236488103866577e-01 -2.048548310995101929e-03 1.156475543975830078e-01 -2.783957310020923615e-02 1.640197038650512695e-01 -1.808116883039474487e-01 2.693034708499908447e-01 1.562647819519042969e-01 7.440140098333358765e-02 4.732655584812164307e-01 1.765214353799819946e-01 -1.576820760965347290e-02 -7.426591515541076660e-01 3.585999011993408203e-01 1.007901951670646667e-01 1.657993197441101074e-01 3.732090815901756287e-02 -1.981248706579208374e-01 9.544864296913146973e-02 -1.306242644786834717e-01 3.109833300113677979e-01 7.904849052429199219e-01 1.610072106122970581e-01 1.849540919065475464e-01 1.957309544086456299e-01 1.468344926834106445e-01 -3.668411076068878174e-01 7.128567248582839966e-02 -4.966071993112564087e-02 -2.438296079635620117e-01 2.567646205425262451e-01 5.377279967069625854e-02 1.498425155878067017e-01 -1.553003787994384766e-01 1.871504485607147217e-01 9.435205161571502686e-02 1.803280711174011230e-01 -5.621417164802551270e-01 -6.143917143344879150e-02 4.814863801002502441e-01 -2.695384323596954346e-01 -6.700962036848068237e-02 5.990211367607116699e-01 2.966498136520385742e-01 -2.142242789268493652e-01 1.972414255142211914e-01 -7.861022837460041046e-03 -4.049523174762725830e-01 -1.332149468362331390e-02 -4.207189977169036865e-01 6.589506864547729492e-01 1.090397313237190247e-01 -1.241079047322273254e-01 5.480817705392837524e-02 7.055278867483139038e-02 -2.116098403930664062e-01 1.415343284606933594e-01 -7.891579717397689819e-02 -3.099556565284729004e-01 -2.128916382789611816e-01 -2.577091753482818604e-01 1.200427860021591187e-01 4.079441428184509277e-01 4.594140499830245972e-02 -3.773461580276489258e-01 5.273551344871520996e-01 1.932677254080772400e-02 3.746803477406501770e-02 -1.272144317626953125e-01 1.301793009042739868e-01 2.862824499607086182e-01 -2.645519003272056580e-02 3.975471556186676025e-01 -8.490763902664184570e-01 -1.449105292558670044e-01 -1.207740325480699539e-02 1.587947458028793335e-01 -8.800378441810607910e-02 -9.278529137372970581e-02 -2.153026312589645386e-01 1.493106037378311157e-01 -2.413848787546157837e-01 -2.624700069427490234e-01 -2.840359322726726532e-02 -3.941508755087852478e-02 1.450028568506240845e-01 -9.747265279293060303e-02 4.971795976161956787e-01 3.803769946098327637e-01 4.075098037719726562e-01 7.488785684108734131e-02 2.990899085998535156e-01 2.379069924354553223e-01 2.628163434565067291e-02 1.215271055698394775e-01 2.063783854246139526e-01 -2.856649458408355713e-01 -1.181989669799804688e+00 -7.388910651206970215e-01 -1.688306927680969238e-01 2.590067088603973389e-01 -4.731050133705139160e-01 -2.774782478809356689e-01 1.724256575107574463e-01 -2.473255246877670288e-02 3.885372541844844818e-03 3.552877306938171387e-01 3.266870081424713135e-01 -3.014931380748748779e-01 1.967854499816894531e-01 2.834876440465450287e-02 2.360616326332092285e-01 7.159026265144348145e-01 2.228136919438838959e-02 -3.876047432422637939e-01 -1.481352448463439941e-01 4.601315557956695557e-01 9.418686479330062866e-02 6.568487286567687988e-01 -1.260867416858673096e-01 -2.338705509901046753e-01 2.922236621379852295e-01 -5.369619727134704590e-01 4.405119456350803375e-03 -6.649221479892730713e-02 9.503209590911865234e-02 -4.727936983108520508e-01 2.919157743453979492e-01 3.415727913379669189e-01 -4.985805451869964600e-01 -8.158218860626220703e-02 -6.385418176651000977e-01 1.210291087627410889e-01 3.226353824138641357e-01 -3.768188953399658203e-01 1.261577103286981583e-02 3.645417690277099609e-01 -2.340375781059265137e-01 -1.687239259481430054e-01 -3.259461373090744019e-03 1.452130526304244995e-01 2.706108689308166504e-01 1.486836075782775879e-01 -5.370208024978637695e-01 -1.370905041694641113e-01 2.878163456916809082e-01 -5.594440177083015442e-02 -3.663800358772277832e-01 -1.607879400253295898e-01 1.704452633857727051e-01 -8.656194806098937988e-01 -3.928707242012023926e-01 2.972388863563537598e-01 1.959043741226196289e-01 -5.800067633390426636e-02 2.328322380781173706e-01 2.192737013101577759e-01 1.705775409936904907e-01 4.829908609390258789e-01 2.644999027252197266e-01 2.322257310152053833e-01 3.408542275428771973e-01 -9.130170196294784546e-02 -1.345786929130554199e+00 -1.182093545794487000e-01 -3.779737651348114014e-01 -1.428453028202056885e-01 1.448296904563903809e-01 1.226945668458938599e-01 2.309760600328445435e-01 -2.701321244239807129e-01 -8.830902725458145142e-02 1.092411279678344727e-01 -8.221530914306640625e-02 -3.239457607269287109e-01 -1.861228942871093750e-01 -7.176557183265686035e-02 -2.792833745479583740e-01 1.259178668260574341e-01 -7.672888040542602539e-02 -4.067781865596771240e-01 2.390587702393531799e-03 -1.996741294860839844e-01 5.993469357490539551e-01 -2.312288284301757812e-01 3.766281604766845703e-01 -3.156951963901519775e-01 -6.696982309222221375e-03 3.693917989730834961e-01 -7.826337218284606934e-01 4.741590321063995361e-01 -2.471034079790115356e-01 4.762907624244689941e-01 -1.017988920211791992e-01 4.524813592433929443e-01 -4.710512608289718628e-02 -6.137254461646080017e-02 -2.725906670093536377e-01 2.462471425533294678e-01 4.924962669610977173e-02 1.677267998456954956e-01 3.560279011726379395e-01 6.332939267158508301e-01 4.096990823745727539e-01 -2.814842760562896729e-01 -4.400564134120941162e-01 -3.807047307491302490e-01 2.314662188291549683e-01 1.724327951669692993e-01 3.564877510070800781e-01 6.826393306255340576e-02 2.145434021949768066e-01 1.719866842031478882e-01 2.541579008102416992e-01 3.502025604248046875e-01 8.661787211894989014e-02 -3.558824062347412109e-01 -1.808587610721588135e-01 2.422855049371719360e-01 -4.583391174674034119e-02 1.385997831821441650e-01 -4.204063117504119873e-02 6.142025589942932129e-01 3.554313778877258301e-01 -8.523554354906082153e-02 1.468245871365070343e-03 4.662299454212188721e-01 -2.708314061164855957e-01 -1.588370352983474731e-01 3.663181364536285400e-01 1.805441528558731079e-01 -1.173779740929603577e-01 -3.333006799221038818e-01 4.624172151088714600e-01 2.895792014896869659e-03 -5.601887032389640808e-02 -7.538402825593948364e-02 -3.219938874244689941e-01 -1.508446633815765381e-01 2.010864168405532837e-01 -3.488473594188690186e-01 3.541967272758483887e-02 -4.104554355144500732e-01 -1.388324946165084839e-01 9.282582998275756836e-02 -1.678535938262939453e-01 1.823909580707550049e-01 6.159072518348693848e-01 7.050210610032081604e-03 3.737404197454452515e-02 2.954009175300598145e-01 1.304806470870971680e-01 2.143870443105697632e-01 -3.273895382881164551e-01 4.181379675865173340e-01 5.866585373878479004e-01 1.294702887535095215e-01 1.332040429115295410e-01 -2.450048029422760010e-01 -2.622026801109313965e-01 -1.494692265987396240e-01 4.562892615795135498e-01 -4.690037965774536133e-01 1.709589213132858276e-01 2.326800487935543060e-02 -5.094897150993347168e-01 2.900245785713195801e-01 3.247700929641723633e-01 -2.998890876770019531e-01 3.596802651882171631e-01 7.098672389984130859e-01 3.321239650249481201e-01 2.002869397401809692e-01 1.073450803756713867e+00 1.544771641492843628e-01 6.109207496047019958e-02 -1.883264929056167603e-01 4.024829864501953125e-01 3.450716733932495117e-01 -6.268898248672485352e-01 -4.096532166004180908e-01 3.293422758579254150e-01 -3.804495632648468018e-01 7.320565730333328247e-02 2.735162079334259033e-01 -1.242767833173274994e-02 8.571624755859375000e-03 5.560982227325439453e-01 5.420975387096405029e-02 -9.932634830474853516e-01 -3.815253376960754395e-01 5.031985640525817871e-01 2.965286970138549805e-01 1.947127133607864380e-01 -5.942932516336441040e-02 3.039933741092681885e-01 4.220738112926483154e-01 1.374620795249938965e-01 -2.815289497375488281e-01 9.723436087369918823e-02 3.627879917621612549e-01 -4.385641217231750488e-01 2.324332296848297119e-02 1.365302130579948425e-02 7.260649204254150391e-01 1.054260972887277603e-02 3.303089737892150879e-02 2.759834527969360352e-01 1.382260322570800781e-01 1.048167981207370758e-02 1.931637823581695557e-01 -3.582584261894226074e-01 -5.555716156959533691e-01 8.123267292976379395e-01 4.005967825651168823e-02 3.371133804321289062e-01 2.648281157016754150e-01 -2.128348685801029205e-02 2.844758927822113037e-01 -8.053557872772216797e-01 -4.052594006061553955e-01 2.441499829292297363e-01 6.994128227233886719e-01 6.334519386291503906e-02 -2.806817889213562012e-01 2.974317781627178192e-02 -1.378856599330902100e-02 2.665310911834239960e-02 -5.919575691223144531e-01 9.027850627899169922e-02 2.921021282672882080e-01 -2.554190754890441895e-01 -1.150652468204498291e-01 -2.076355367898941040e-01 -4.696887433528900146e-01 3.213247656822204590e-01 1.940354108810424805e-01 2.221062332391738892e-01 4.072880446910858154e-01 5.114877820014953613e-01 -2.616199553012847900e-01 -4.091738164424896240e-01 4.349950253963470459e-01 2.520031034946441650e-01 6.202232837677001953e-01 4.216680824756622314e-01 8.752272129058837891e-01 -1.711116582155227661e-01 -2.109715193510055542e-01 1.061927601695060730e-01 -1.402847468852996826e-01 -4.413962364196777344e-01 7.377941012382507324e-01 5.640818178653717041e-02 -5.534455776214599609e-01 -1.877037584781646729e-01 -7.059000134468078613e-01 2.418943047523498535e-01 9.849306941032409668e-02 7.850276678800582886e-02 -1.759554259479045868e-02 8.323475718498229980e-02 -4.079605042934417725e-01 2.857221662998199463e-01 -6.719007492065429688e-01 -7.387856021523475647e-03 1.198718994855880737e-01 1.546400785446166992e-01 -7.600029110908508301e-01 -2.913525402545928955e-01 -8.773989975452423096e-02 4.091404676437377930e-01 -4.829666614532470703e-01 8.024693131446838379e-01 2.882033959031105042e-02 2.274542748928070068e-01 4.125430583953857422e-01 2.146680951118469238e-01 -2.899730801582336426e-01 1.245282962918281555e-01 1.818167120218276978e-01 1.961222440004348755e-01 1.388699114322662354e-01 -4.063141345977783203e-01 -1.884561628103256226e-01 2.682149112224578857e-01 1.109069660305976868e-01 -1.527830064296722412e-01 -2.399683743715286255e-01 1.292547956109046936e-02 2.196277230978012085e-01 1.801356375217437744e-01 2.588691711425781250e-01 4.141657426953315735e-02 -1.852694004774093628e-01 -1.627586930990219116e-01 3.277867436408996582e-01 -5.981181859970092773e-01 2.741573154926300049e-01 3.156903982162475586e-01 1.697045564651489258e-01 -3.030078411102294922e-01 1.772410422563552856e-02 4.938267916440963745e-02 2.155288010835647583e-01 2.426095306873321533e-01 4.200285673141479492e-02 -3.128754198551177979e-01 -3.451989293098449707e-01 4.399227499961853027e-01 -5.303660035133361816e-01 2.073156647384166718e-02 7.245284318923950195e-02 1.148841530084609985e-01 -1.109736189246177673e-01 3.928103148937225342e-01 3.196644484996795654e-01 2.899757921695709229e-01 8.564709126949310303e-02 3.725038468837738037e-01 3.065221905708312988e-01 2.633753716945648193e-01 3.857595920562744141e-01 4.346116781234741211e-01 3.016045391559600830e-01 1.081647723913192749e-01 -4.565896093845367432e-02 3.665164709091186523e-01 5.083535239100456238e-02 -1.791943013668060303e-01 -3.375436067581176758e-01 -2.375081181526184082e-01 3.591426014900207520e-01 -5.555532127618789673e-02 1.488316357135772705e-01 -5.608087405562400818e-03 6.529054045677185059e-01 -2.310343235731124878e-01 1.572282910346984863e-01 4.221230745315551758e-03 3.854584991931915283e-01 -5.104676485061645508e-01 -1.330727711319923401e-03 -1.138282492756843567e-01 -5.302208065986633301e-01 -2.005434930324554443e-01 1.026156470179557800e-01 3.920797407627105713e-01 -1.120170578360557556e-02 1.860091276466846466e-02 -2.092193961143493652e-01 -4.488709941506385803e-02 -1.169868350028991699e+00 9.270842373371124268e-02 -6.073465347290039062e-01 4.158741533756256104e-01 6.698575615882873535e-01 3.177601397037506104e-01 3.445014655590057373e-01 -2.597927451133728027e-01 -4.936342127621173859e-03 -3.993937373161315918e-01 -1.096654161810874939e-01 4.267638027667999268e-01 6.396531313657760620e-02 9.433296322822570801e-02 -5.269649028778076172e-01 -1.213708519935607910e-01 2.976603806018829346e-01 4.884598851203918457e-01 2.023380547761917114e-01 -7.209098339080810547e-01 2.432428747415542603e-01 3.895945101976394653e-02 1.066952869296073914e-01 -4.821905791759490967e-01 5.553388595581054688e-01 -2.999499812722206116e-02 5.886432249099016190e-03 5.667982101440429688e-01 4.938067197799682617e-01 4.909154400229454041e-02 -3.338594734668731689e-02 9.228728413581848145e-01 -4.522795975208282471e-01 -1.982679814100265503e-01 7.279121279716491699e-01 7.063367217779159546e-02 -2.777523100376129150e-01 4.054198563098907471e-01 4.236797988414764404e-01 -5.179018154740333557e-02 4.420689120888710022e-02 -8.174488320946693420e-03 1.607665866613388062e-01 1.494724154472351074e-01 3.568714484572410583e-03 -3.092358708381652832e-01 8.626061677932739258e-02 3.280142843723297119e-01 -3.126616775989532471e-01 1.736535876989364624e-02 2.925383448600769043e-01 3.010928630828857422e-01 3.621829673647880554e-03 2.392642945051193237e-02 1.302041560411453247e-01 -6.763271689414978027e-01 1.319960504770278931e-01 2.383946031332015991e-01 -2.409174591302871704e-01 1.524018049240112305e-01 2.074446678161621094e-01 7.970748096704483032e-02 1.475138664245605469e-01 3.843186795711517334e-01 -7.361081838607788086e-01 8.694707155227661133e-01 6.738312542438507080e-02 4.833849668502807617e-01 4.222225844860076904e-01 3.840397000312805176e-01 -6.563035845756530762e-01 -2.711468040943145752e-01 2.481499314308166504e-01 6.963679194450378418e-01 -9.461051970720291138e-02 5.379379391670227051e-01 -2.303176522254943848e-01 4.073546454310417175e-02 -1.731304526329040527e-01 1.932914406061172485e-01 -1.352553516626358032e-01 -1.868535764515399933e-02 6.231365203857421875e-01 -1.821838170289993286e-01 1.962829381227493286e-02 3.598233461380004883e-01 3.922869563102722168e-01 3.636402487754821777e-01 1.255751550197601318e-01 2.686986923217773438e-01 -1.388725638389587402e-01 -7.551079988479614258e-02 -6.019026637077331543e-01 -1.337440609931945801e-01 -3.282351791858673096e-01 1.375589519739151001e-01 8.822925388813018799e-02 -3.652786314487457275e-01 6.751482188701629639e-02 -5.555312037467956543e-01 2.348931878805160522e-01 1.258684545755386353e-01 1.550630629062652588e-01 -1.675552427768707275e-01 1.128764525055885315e-01 1.907153576612472534e-01 -3.020532727241516113e-01 4.127814471721649170e-01 -1.757818907499313354e-01 -5.231021046638488770e-01 -3.233636319637298584e-01 4.529626667499542236e-01 6.828168779611587524e-02 9.495255351066589355e-02 1.906304508447647095e-01 2.338908761739730835e-01 -6.332309246063232422e-01 -1.420788615942001343e-01 3.763970136642456055e-01 -1.270187646150588989e-01 -4.536504149436950684e-01 1.058126315474510193e-01 -1.033220589160919189e-01 1.426553726196289062e-01 1.297887712717056274e-01 4.879986643791198730e-01 4.550978839397430420e-01 3.914093971252441406e-01 1.250624358654022217e-01 3.585919141769409180e-01 4.105058908462524414e-01 2.742815017700195312e-01 2.579648196697235107e-01 8.456347882747650146e-02 -4.568596486933529377e-04 -1.776907145977020264e-01 -3.624894842505455017e-02 -9.123734198510646820e-03 -4.920274019241333008e-03 1.930690705776214600e-01 -1.920102685689926147e-01 -2.981431484222412109e-01 2.176358252763748169e-01 2.885378599166870117e-01 4.831691086292266846e-02 -4.858846664428710938e-01 4.114668369293212891e-01 6.491585969924926758e-01 4.231588542461395264e-01 2.823037505149841309e-01 5.204543098807334900e-02 3.177962899208068848e-01 1.946282386779785156e-01 8.053837716579437256e-02 -1.518570072948932648e-02 2.472322136163711548e-01 2.401622235774993896e-01 4.927886724472045898e-01 5.593761801719665527e-01 2.371923327445983887e-01 3.557328879833221436e-01 -1.344056278467178345e-01 -3.765717744827270508e-01 2.801714241504669189e-01 3.058260083198547363e-01 2.727065682411193848e-01 1.709920614957809448e-01 3.848163485527038574e-01 -2.466102540493011475e-01 1.725572794675827026e-01 -1.184854507446289062e+00 -1.626017838716506958e-01 2.731676697731018066e-01 -8.407407999038696289e-01 4.044062197208404541e-01 1.725410073995590210e-01 2.568185925483703613e-01 1.652542054653167725e-01 2.804784849286079407e-02 9.104085713624954224e-02 -9.945687651634216309e-02 -2.197395265102386475e-01 9.836772084236145020e-02 3.678466081619262695e-01 1.485756784677505493e-01 2.569452524185180664e-01 2.491875588893890381e-01 -2.456927001476287842e-01 -6.655371189117431641e-02 1.617483794689178467e-01 -3.442045152187347412e-01 6.679001450538635254e-02 4.708135873079299927e-02 -2.969640195369720459e-01 1.907609254121780396e-01 8.513254672288894653e-02 1.953606307506561279e-01 -1.568769961595535278e-01 3.960084915161132812e-01 -6.965290755033493042e-02 -6.262268424034118652e-01 1.035908013582229614e-01 -6.489567160606384277e-01 -6.066370010375976562e-01 -2.928090840578079224e-02 -1.201149299740791321e-01 8.908923715353012085e-02 -4.568086564540863037e-01 2.401540130376815796e-01 1.003724783658981323e-01 2.478992640972137451e-01 1.319679915904998779e-01 -2.252939790487289429e-01 2.433780878782272339e-01 1.073868721723556519e-01 -1.687718555331230164e-02 3.721105456352233887e-01 -2.346001118421554565e-01 -4.966277480125427246e-01 -9.598606079816818237e-02 7.562276721000671387e-02 4.272388815879821777e-01 4.399964213371276855e-01 3.660314381122589111e-01 1.272095888853073120e-01 -4.928984344005584717e-01 3.817680776119232178e-01 8.444568514823913574e-01 2.072142213582992554e-01 2.782799601554870605e-01 3.417738378047943115e-01 -1.140683665871620178e-01 -8.821438997983932495e-02 2.224644273519515991e-01 -2.329514771699905396e-01 2.816890738904476166e-02 4.182304739952087402e-01 1.080992668867111206e-01 1.503673493862152100e-01 4.163179993629455566e-01 5.768732428550720215e-01 -3.659685701131820679e-02 2.166108191013336182e-01 2.807146608829498291e-01 2.178073525428771973e-01 -4.372071474790573120e-02 2.461366653442382812e-01 2.357368357479572296e-02 -5.216807126998901367e-01 -1.473022438585758209e-02 1.603638380765914917e-01 -4.885906577110290527e-01 -1.579799801111221313e-01 2.792923897504806519e-02 -2.189983427524566650e-01 -3.106895685195922852e-01 4.450834989547729492e-01 -2.233100682497024536e-01 -1.580780744552612305e-02 3.050223588943481445e-01 1.254278868436813354e-01 2.792105972766876221e-01 1.564819514751434326e-01 -1.921342164278030396e-01 -6.121988892555236816e-01 4.749624729156494141e-01 6.276692748069763184e-01 -1.566803455352783203e+00 5.056966096162796021e-02 -2.979212440550327301e-02 -4.037790931761264801e-03 -1.586932092905044556e-01 3.353355824947357178e-01 -4.181472361087799072e-01 6.473659276962280273e-01 4.877515882253646851e-02 7.109137773513793945e-01 -3.715449944138526917e-03 4.255816638469696045e-01 2.165550142526626587e-01 -5.456050634384155273e-01 -4.408958256244659424e-01 2.399237453937530518e-01 1.601048707962036133e-01 5.225976184010505676e-02 2.763723023235797882e-02 -5.369002223014831543e-01 4.137363135814666748e-01 -8.994306623935699463e-02 2.084386944770812988e-01 -7.109181582927703857e-02 2.290584146976470947e-02 -2.299791723489761353e-01 3.817973732948303223e-01 -1.338451206684112549e-01 4.426573216915130615e-02 -1.226894378662109375e+00 5.286467671394348145e-01 5.451079010963439941e-01 1.834239512681961060e-01 4.803650379180908203e-01 3.885771632194519043e-01 2.597649693489074707e-01 -6.702551841735839844e-01 3.553279936313629150e-01 -7.665263861417770386e-02 6.634358316659927368e-02 -6.504902243614196777e-01 3.700749874114990234e-01 1.368963420391082764e-01 9.881141781806945801e-02 4.147707521915435791e-01 5.576475262641906738e-01 5.365576744079589844e-01 4.393541812896728516e-01 2.029438912868499756e-01 7.434200495481491089e-03 2.538874745368957520e-01 4.067373275756835938e-01 1.415501236915588379e-01 3.152940571308135986e-01 2.620437741279602051e-01 4.050409495830535889e-01 -6.606517732143402100e-02 -5.324676036834716797e-01 1.897768229246139526e-01 1.792830377817153931e-01 4.738746881484985352e-01 -1.070055440068244934e-01 -2.811424732208251953e-01 -4.592727124691009521e-01 1.160467863082885742e-01 9.405578672885894775e-02 -1.971049979329109192e-02 3.833494782447814941e-01 2.973471283912658691e-01 2.427292317152023315e-01 9.915125370025634766e-02 5.100389719009399414e-01 2.044690772891044617e-02 5.941911339759826660e-01 -1.132148504257202148e+00 5.850984901189804077e-02 5.273780226707458496e-01 -1.857480406761169434e-01 -3.391223847866058350e-01 2.820661365985870361e-01 1.841207295656204224e-01 3.398748934268951416e-01 7.003144174814224243e-02 -1.776624768972396851e-01 1.957277953624725342e-01 9.634085744619369507e-02 -1.070764437317848206e-01 -1.378241777420043945e+00 5.837923884391784668e-01 -4.030515998601913452e-02 -2.045389413833618164e-01 9.070550650358200073e-02 2.473503500223159790e-01 5.786643922328948975e-02 -3.451187536120414734e-02 -8.027601242065429688e-02 6.361536383628845215e-01 3.142576217651367188e-01 -6.289005875587463379e-01 1.772852092981338501e-01 9.549784474074840546e-03 -3.498100340366363525e-01 -2.011596970260143280e-02 -6.442989408969879150e-02 -6.057384014129638672e-01 -1.378681510686874390e-01 2.793515920639038086e-01 2.422701269388198853e-01 2.248280346393585205e-01 4.482212066650390625e-01 2.644918262958526611e-01 6.162475422024726868e-02 1.004931516945362091e-02 4.629264473915100098e-01 -3.933536708354949951e-01 3.731192052364349365e-01 3.511685132980346680e-01 -1.441313624382019043e+00 -7.006968557834625244e-02 2.758516073226928711e-01 -2.048073410987854004e-01 1.263170838356018066e-01 -1.159755885601043701e-01 -2.277462929487228394e-01 -2.080018073320388794e-02 2.218675315380096436e-01 3.154625594615936279e-01 -1.690233498811721802e-01 1.487634610384702682e-02 -7.665509581565856934e-01 4.088060557842254639e-01 -1.489635109901428223e-01 -1.263996362686157227e-01 5.072824358940124512e-01 8.978430926799774170e-02 -6.601084768772125244e-02 1.709529012441635132e-01 3.024081289768218994e-01 -6.878396868705749512e-01 3.019334003329277039e-02 4.440488517284393311e-01 5.271406173706054688e-01 -1.869806796312332153e-01 1.626047343015670776e-01 5.853715538978576660e-01 -1.180656999349594116e-01 5.097190141677856445e-01 3.349688351154327393e-01 -2.440728098154067993e-01 -2.957506179809570312e-01 3.863193467259407043e-02 -1.189141944050788879e-01 6.970040798187255859e-01 1.005621254444122314e-01 3.005778193473815918e-01 -3.618767485022544861e-02 1.446157544851303101e-01 -2.860212624073028564e-01 2.334745973348617554e-01 2.917329668998718262e-01 1.959229707717895508e-01 -1.952473074197769165e-01 1.552274227142333984e-01 4.429891705513000488e-01 5.445547699928283691e-01 -6.014161109924316406e-01 2.040844112634658813e-01 -5.132274627685546875e-01 4.623293876647949219e-01 2.056143581867218018e-01 1.912370324134826660e-01 3.429830074310302734e-01 3.436244428157806396e-01 8.744919300079345703e-02 -2.314170598983764648e-01 1.805461943149566650e-01 -1.158481240272521973e-01 -1.969172954559326172e-01 4.276389256119728088e-02 1.736849844455718994e-01 -5.380730628967285156e-01 3.874645531177520752e-01 3.487168848514556885e-01 4.239587187767028809e-01 3.563553392887115479e-01 2.879927158355712891e-01 1.404710114002227783e-01 3.444109261035919189e-01 -5.720606446266174316e-01 1.447132676839828491e-01 2.880289256572723389e-01 1.108991950750350952e-01 -7.835696339607238770e-01 -6.178326606750488281e-01 -1.880276203155517578e-01 4.028136134147644043e-01 4.108957350254058838e-01 -1.908789128065109253e-01 1.946067810058593750e-01 1.535725444555282593e-01 2.698498666286468506e-01 -2.795794606208801270e-01 1.931606978178024292e-01 -2.540700435638427734e-01 -4.339129030704498291e-01 3.391064703464508057e-01 -3.646539151668548584e-02 -3.215841054916381836e-01 9.339106082916259766e-02 1.381675451993942261e-01 1.320035159587860107e-01 -1.163663491606712341e-01 2.374922037124633789e-01 2.527823448181152344e-01 -3.499842286109924316e-01 -1.564949154853820801e-01 2.112205177545547485e-01 -3.114890456199645996e-01 -4.187474250793457031e-01 2.026918828487396240e-01 4.409978389739990234e-01 -4.171128571033477783e-01 9.281688928604125977e-02 -1.255117356777191162e-01 4.351709485054016113e-01 -1.917176246643066406e-01 2.715160846710205078e-01 3.557218313217163086e-01 -7.550879716873168945e-01 -4.930461570620536804e-02 -1.916841268539428711e-01 9.681428223848342896e-02 4.299424290657043457e-01 2.046464383602142334e-01 -1.699160635471343994e-01 -6.347119808197021484e-01 3.221010267734527588e-01 -3.183859288692474365e-01 3.924932777881622314e-01 -1.855105608701705933e-01 7.788195610046386719e-01 -2.554324865341186523e-01 -1.470831185579299927e-01 -1.644891221076250076e-03 -7.438393831253051758e-01 5.503580905497074127e-03 -1.807294934988021851e-01 2.434081956744194031e-02 -5.487939119338989258e-01 1.396359354257583618e-01 -3.220935463905334473e-01 -4.643386900424957275e-01 -2.860799133777618408e-01 -2.500834167003631592e-01 5.504783391952514648e-01 3.396556675434112549e-01 1.069257259368896484e-01 2.310127019882202148e-02 -4.570803344249725342e-01 9.778136014938354492e-02 -2.723157405853271484e-01 -9.808397293090820312e-02 1.540537327527999878e-01 1.629422456026077271e-01 -3.334448486566543579e-02 -4.094703122973442078e-03 -7.490094304084777832e-01 -3.317826688289642334e-01 -3.430141508579254150e-01 4.947299137711524963e-02 8.191636204719543457e-02 3.204513490200042725e-01 3.099899291992187500e-01 4.179866909980773926e-01 -1.107231736183166504e+00 -1.570157259702682495e-01 -2.028051167726516724e-01 1.733923107385635376e-01 5.637273788452148438e-01 -6.093458458781242371e-02 -3.498172461986541748e-01 1.697044819593429565e-01 -2.653469443321228027e-01 8.051519095897674561e-02 3.257746696472167969e-01 5.476661920547485352e-01 -2.542682290077209473e-01 -4.910677969455718994e-01 1.423955112695693970e-01 -3.813723325729370117e-01 -3.178940415382385254e-01 4.248102009296417236e-01 -6.390503048896789551e-01 -9.890633225440979004e-01 -1.430451422929763794e-01 -6.042206287384033203e-01 -7.124534994363784790e-02 1.653600037097930908e-01 -1.058589220046997070e-01 2.985626757144927979e-01 -4.329844713211059570e-01 -8.507701754570007324e-02 6.581444293260574341e-02 3.472786545753479004e-01 1.975017786026000977e-01 2.852338254451751709e-01 -1.220541074872016907e-01 -2.909002602100372314e-01 1.658438295125961304e-01 3.393078744411468506e-01 4.272918403148651123e-01 6.471318006515502930e-02 3.886897563934326172e-01 4.119649529457092285e-01 -1.144917726516723633e+00 2.606758177280426025e-01 -2.698276937007904053e-01 5.679892301559448242e-01 -5.300552248954772949e-01 -2.223347872495651245e-02 -5.408579856157302856e-02 2.201704829931259155e-01 -9.463400393724441528e-02 -1.911297291517257690e-01 -1.086760461330413818e-01 -1.843651533126831055e-01 -1.827799677848815918e-01 -6.513593345880508423e-02 4.725053906440734863e-01 1.694314479827880859e-01 7.433231174945831299e-02 1.706196367740631104e-01 -5.162476897239685059e-01 2.658546864986419678e-01 -6.799644976854324341e-02 9.657134115695953369e-02 9.318367391824722290e-02 -1.338552981615066528e-01 5.707794800400733948e-02 5.006294846534729004e-01 8.694244921207427979e-02 1.329198628664016724e-01 -9.509809315204620361e-02 -3.147391974925994873e-01 -1.033133268356323242e+00 3.539375960826873779e-01 3.040289878845214844e-01 2.556034028530120850e-01 -6.631979942321777344e-01 -2.141656130552291870e-01 7.109409570693969727e-01 4.635603725910186768e-02 -1.351633109152317047e-04 -2.541941404342651367e-01 -1.898223161697387695e-01 6.555905193090438843e-02 -4.111389219760894775e-01 -7.864941656589508057e-02 -2.197620570659637451e-01 4.443337917327880859e-01 4.576591774821281433e-02 2.107034623622894287e-01 4.617818444967269897e-02 7.737840414047241211e-01 -3.486278057098388672e-01 6.024245023727416992e-01 -1.589278429746627808e-01 -2.732235491275787354e-01 3.867616951465606689e-01 -1.001698449254035950e-01 -3.840987384319305420e-01 1.196193881332874298e-02 2.112612873315811157e-01 -6.558064222335815430e-01 2.823720499873161316e-02 -4.783823341131210327e-02 -1.180920824408531189e-01 1.616642177104949951e-01 -6.240173578262329102e-01 -1.167975813150405884e-01 -4.189689755439758301e-01 1.662634760141372681e-01 4.455565214157104492e-01 3.672976791858673096e-02 2.189328819513320923e-01 -1.394573152065277100e-01 -2.712602913379669189e-01 -1.144604533910751343e-01 8.397763967514038086e-02 3.965854346752166748e-01 5.956069100648164749e-03 -1.407586336135864258e-01 -3.985724449157714844e-01 -5.866461396217346191e-01 3.220005929470062256e-01 -5.991855636239051819e-02 -1.281566619873046875e-01 2.598955333232879639e-01 4.534220397472381592e-01 -5.175970196723937988e-01 -2.155314534902572632e-01 9.799872338771820068e-02 4.956779778003692627e-01 3.704061210155487061e-01 2.693589925765991211e-01 1.832315921783447266e-01 1.950739771127700806e-01 4.100289642810821533e-01 3.628305345773696899e-02 3.519182652235031128e-02 3.961758613586425781e-01 2.963994145393371582e-01 1.065003871917724609e-01 -1.807883530855178833e-01 -1.937344670295715332e-01 2.931181490421295166e-01 -2.142775952816009521e-01 -5.468851923942565918e-01 6.993829011917114258e-01 -1.441564708948135376e-01 -1.319658160209655762e-01 1.736762225627899170e-01 -5.452665090560913086e-01 -4.233181774616241455e-01 2.082459330558776855e-01 4.696471393108367920e-01 3.795962631702423096e-01 1.693830192089080811e-01 -1.079218555241823196e-02 4.182727932929992676e-01 -5.454175472259521484e-01 1.115005835890769958e-01 4.523047804832458496e-01 1.192163154482841492e-01 -9.856206923723220825e-02 -8.680619597434997559e-01 6.744583845138549805e-01 3.841671943664550781e-01 -1.625298261642456055e-01 7.022262215614318848e-01 -4.705294221639633179e-02 4.267980530858039856e-02 3.449037373065948486e-01 -7.139803469181060791e-02 -1.682751178741455078e-01 9.144035726785659790e-02 -8.895896375179290771e-02 3.013971149921417236e-01 6.575459241867065430e-02 4.181899130344390869e-04 -2.341298013925552368e-02 3.889555037021636963e-01 -1.994307637214660645e-01 -3.524595797061920166e-01 -4.338959753513336182e-01 1.101484429091215134e-02 8.035327494144439697e-02 -3.843580838292837143e-03 -1.382367014884948730e-01 3.026910722255706787e-01 -3.808156847953796387e-01 1.051726788282394409e-01 6.935004144906997681e-02 -7.160660028457641602e-01 7.992769777774810791e-02 -1.052202004939317703e-02 4.527724087238311768e-01 -1.617938876152038574e-01 9.243765473365783691e-02 3.616002202033996582e-01 -2.116305008530616760e-02 5.892935395240783691e-01 -1.637782603502273560e-01 1.527914702892303467e-01 -2.613433897495269775e-01 -1.259158253669738770e-01 -7.143825292587280273e-02 -2.188652604818344116e-01 -1.359153538942337036e-03 6.225446462631225586e-01 7.066591382026672363e-01 -1.399144828319549561e-01 2.463239431381225586e-01 -8.067615330219268799e-02 1.139857769012451172e-01 -1.599667668342590332e-01 2.089459896087646484e-01 1.000986620783805847e-01 -2.108213603496551514e-01 3.969613909721374512e-01 2.060547769069671631e-01 -1.562913656234741211e-01 -5.306829214096069336e-01 5.707412958145141602e-03 1.642750501632690430e-01 2.713380753993988037e-01 -1.157994344830513000e-01 -4.121057689189910889e-03 5.547103881835937500e-01 1.279397755861282349e-01 -2.158069461584091187e-01 -4.458850920200347900e-01 -1.243249699473381042e-01 1.669829785823822021e-01 2.023290991783142090e-01 3.769596666097640991e-02 -1.770409643650054932e-01 -3.658203482627868652e-01 -2.621220946311950684e-01 6.824084520339965820e-01 -2.710945904254913330e-01 1.427983939647674561e-01 -8.271607756614685059e-02 3.938585221767425537e-01 2.947026789188385010e-01 2.110549509525299072e-01 -2.738271951675415039e-01 -2.949765920639038086e-01 7.138695567846298218e-02 -2.901145219802856445e-01 4.116439521312713623e-01 -2.630147039890289307e-01 -4.296425879001617432e-01 -3.831555247306823730e-01 1.098362915217876434e-02 -3.094089925289154053e-01 -8.935785889625549316e-01 3.246503472328186035e-01 -4.727012813091278076e-01 4.939785599708557129e-01 -6.256852149963378906e-01 4.246788024902343750e-01 -1.195732504129409790e-01 -4.243959784507751465e-01 -1.107534393668174744e-02 -1.357018351554870605e-01 -4.416521191596984863e-01 1.861770153045654297e-01 4.015852808952331543e-01 3.573440387845039368e-02 -3.876457363367080688e-02 4.469069242477416992e-01 -2.613118290901184082e-01 -3.722907304763793945e-01 2.067881822586059570e-01 -4.018687605857849121e-01 9.962818026542663574e-02 1.777128577232360840e-01 3.570364117622375488e-01 3.117339313030242920e-01 2.853043377399444580e-01 2.815876305103302002e-01 2.278978824615478516e-01 3.958869278430938721e-01 1.255028545856475830e-01 -1.293890923261642456e-02 -4.280373454093933105e-01 7.429177761077880859e-01 -1.930106878280639648e-01 -1.394762516021728516e+00 3.345636129379272461e-01 -6.221548318862915039e-01 2.855128608644008636e-03 -3.855849057435989380e-02 -4.434572458267211914e-01 -1.298896074295043945e-01 6.988201290369033813e-02 -3.811063989996910095e-02 2.469948492944240570e-02 2.210749536752700806e-01 -1.698115281760692596e-02 2.926138937473297119e-01 -1.480513513088226318e-01 4.219170212745666504e-01 -9.109115004539489746e-01 4.237359166145324707e-01 -1.391537189483642578e-01 -8.644589036703109741e-02 -1.603632867336273193e-01 1.775503903627395630e-02 -3.701126277446746826e-01 -1.262382417917251587e-01 2.335931360721588135e-02 8.349949121475219727e-02 -1.643931567668914795e-01 1.282968372106552124e-01 4.068519473075866699e-01 1.096782088279724121e-02 -6.917057186365127563e-02 4.213092327117919922e-01 1.711395382881164551e-01 3.232345283031463623e-01 2.247076034545898438e-01 -4.480563700199127197e-01 3.050883114337921143e-01 -2.944605648517608643e-01 2.198945134878158569e-01 5.390319973230361938e-02 1.691880673170089722e-01 5.157544612884521484e-01 1.491204500198364258e-01 9.814610481262207031e-01 3.626246154308319092e-01 1.404972374439239502e-01 -4.089755006134510040e-03 -4.653312265872955322e-01 -1.680616103112697601e-02 4.849479496479034424e-01 -9.572753682732582092e-03 5.685313344001770020e-01 -5.170880556106567383e-01 1.483643501996994019e-01 -1.304999887943267822e-01 -3.634071648120880127e-01 -9.611344337463378906e-01 4.789100885391235352e-01 1.026213020086288452e-01 2.481603473424911499e-01 2.956294417381286621e-01 5.873146057128906250e-01 -6.266972050070762634e-03 6.528662890195846558e-02 3.532513380050659180e-01 -4.549826085567474365e-01 -1.419410482048988342e-02 1.695228219032287598e-01 -2.413689345121383667e-01 -5.396059751510620117e-01 5.722771883010864258e-01 -3.506182432174682617e-01 4.566860198974609375e-01 1.464178860187530518e-01 -3.727514445781707764e-01 1.799732297658920288e-01 2.258758395910263062e-01 -4.345832765102386475e-01 -1.831721663475036621e-01 9.919185191392898560e-03 2.493617236614227295e-01 -5.190029740333557129e-01 1.306339949369430542e-01 2.563704252243041992e-01 4.436235725879669189e-01 4.576495289802551270e-02 3.258376717567443848e-01 9.110051393508911133e-02 -5.011985898017883301e-01 -1.880535185337066650e-01 -4.303029179573059082e-02 1.867287158966064453e-01 2.187815904617309570e-01 2.509628534317016602e-01 -1.529063284397125244e-01 -1.227214455604553223e+00 1.745924502611160278e-01 9.262617826461791992e-01 6.873633861541748047e-01 -5.349651575088500977e-01 5.496134757995605469e-01 -2.157226651906967163e-01 -3.798240423202514648e-01 -5.763379111886024475e-02 1.355179399251937866e-01 -2.628039419651031494e-01 -2.416678704321384430e-02 4.087611138820648193e-01 1.236172765493392944e-01 -9.193212985992431641e-01 4.374153316020965576e-01 7.984154671430587769e-02 2.946478426456451416e-01 6.757594347000122070e-01 9.380852431058883667e-02 -2.650790810585021973e-01 3.183951079845428467e-01 -2.212035655975341797e-02 -1.255738854408264160e+00 3.399777710437774658e-01 6.543736457824707031e-01 -1.260963976383209229e-01 -1.831259429454803467e-01 3.894922733306884766e-01 4.249227046966552734e-01 -8.960681408643722534e-02 -1.251678019762039185e-01 3.298767507076263428e-01 3.179299831390380859e-01 -1.426113247871398926e-01 1.344903111457824707e-01 -1.706267595291137695e-01 8.253022283315658569e-02 1.964114606380462646e-01 -1.457713991403579712e-01 1.386799663305282593e-02 1.566422879695892334e-01 -6.256493926048278809e-02 -7.863416671752929688e-01 2.096988707780838013e-01 -3.189322948455810547e-01 8.713262155652046204e-03 3.457477390766143799e-01 -9.810496568679809570e-01 3.290399909019470215e-01 2.539291977882385254e-01 2.153673917055130005e-01 -2.709760963916778564e-01 -4.369564652442932129e-01 3.628589957952499390e-02 -1.723702251911163330e-02 1.389354765415191650e-01 -5.034330114722251892e-02 -3.713747859001159668e-02 -5.110945701599121094e-01 -1.224056333303451538e-01 -1.389596462249755859e-01 2.719110250473022461e-01 1.170611307024955750e-01 6.953136622905731201e-02 2.567151784896850586e-01 -1.218961104750633240e-01 -7.472629547119140625e-01 -3.028684854507446289e-01 -4.989107549190521240e-01 2.806491553783416748e-01 -1.402991823852062225e-02 4.490057379007339478e-02 1.392999291419982910e-01 7.236622273921966553e-03 4.778085649013519287e-01 -3.490753769874572754e-01 1.857728809118270874e-01 -2.951088249683380127e-01 -1.428398489952087402e-01 1.436872184276580811e-01 3.979075551033020020e-01 1.160724088549613953e-01 -6.456223726272583008e-01 3.866548240184783936e-01 -3.365668952465057373e-01 -1.314115617424249649e-02 2.194504737854003906e-01 1.608427613973617554e-01 -8.708143234252929688e-02 1.328637152910232544e-01 -2.922540009021759033e-01 -6.716970801353454590e-01 7.729863375425338745e-02 2.195905148983001709e-01 2.312358617782592773e-01 -4.838732257485389709e-02 2.599284946918487549e-01 4.735321700572967529e-01 2.301467508077621460e-01 3.720417022705078125e-01 -2.146657705307006836e-01 8.511728048324584961e-02 1.287919580936431885e-01 2.719973921775817871e-01 -2.634662985801696777e-01 5.893992185592651367e-01 -3.239931166172027588e-01 -8.129550516605377197e-02 3.160606324672698975e-01 3.548805117607116699e-01 -1.574305593967437744e-01 -7.569556683301925659e-02 6.753669381141662598e-01 -2.186945676803588867e-01 2.640659809112548828e-01 -3.908435404300689697e-01 7.919736206531524658e-02 -5.636774897575378418e-01 3.725419640541076660e-01 2.400802820920944214e-01 -6.237125992774963379e-01 2.216344177722930908e-01 1.013946294784545898e+00 1.611271500587463379e-01 2.654974460601806641e-01 -1.960716098546981812e-01 5.431998968124389648e-01 -1.120365038514137268e-01 1.850579082965850830e-01 6.497971415519714355e-01 8.040819168090820312e-01 2.035730630159378052e-01 -9.179815649986267090e-02 2.868873178958892822e-01 -3.640623390674591064e-01 -3.249270319938659668e-01 3.396687284111976624e-02 2.959429919719696045e-01 1.073969900608062744e-01 1.387201249599456787e-01 1.116930767893791199e-01 2.124441564083099365e-01 2.347512170672416687e-02 -1.321245916187763214e-02 4.226733744144439697e-01 4.318033456802368164e-01 -1.153557419776916504e+00 -9.152157902717590332e-01 -1.259427517652511597e-01 3.514500260353088379e-01 3.315277099609375000e-01 2.463391572237014771e-01 4.764232337474822998e-01 2.082090638577938080e-02 9.624058008193969727e-02 2.008490413427352905e-01 -8.021791577339172363e-01 1.165634393692016602e-01 5.405964255332946777e-01 -9.073791652917861938e-02 1.627131700515747070e-01 1.000313758850097656e-01 -1.095785647630691528e-01 6.201332807540893555e-01 2.011390030384063721e-01 9.084837138652801514e-02 -4.524249136447906494e-01 2.507527172565460205e-01 2.832560241222381592e-01 1.161397397518157959e-01 6.512192636728286743e-02 6.604936718940734863e-01 5.172168612480163574e-01 1.922647207975387573e-01 -4.132443666458129883e-02 -1.731611788272857666e-01 -8.598990738391876221e-02 -5.525972247123718262e-01 -3.979161679744720459e-01 1.405265778303146362e-01 -4.962674155831336975e-02 -2.493663504719734192e-02 3.609565794467926025e-01 -1.132013648748397827e-01 1.864385753870010376e-01 -1.999829709529876709e-01 1.059411391615867615e-01 3.068456947803497314e-01 6.715683639049530029e-02 -3.494642078876495361e-01 9.934165328741073608e-02 2.905425429344177246e-01 4.743699133396148682e-01 6.292170286178588867e-02 2.113799005746841431e-02 -2.356497645378112793e-01 1.502545326948165894e-01 -5.287467315793037415e-02 -1.141818165779113770e-01 -1.002826318144798279e-01 -6.609990596771240234e-01 1.013155207037925720e-01 1.767502427101135254e-01 2.056897804141044617e-02 2.654311358928680420e-01 -1.453872770071029663e-01 -9.388548135757446289e-02 -1.844714283943176270e-01 1.207379847764968872e-01 -2.924797236919403076e-01 8.015736937522888184e-02 -1.579247713088989258e-01 -6.473054289817810059e-01 2.427762597799301147e-01 -3.066817671060562134e-02 8.367584645748138428e-02 -3.106382675468921661e-02 -5.710186809301376343e-02 3.534654676914215088e-01 -4.120089486241340637e-02 -5.134420096874237061e-02 8.395682573318481445e-01 -5.655383467674255371e-01 3.520009219646453857e-01 -5.842565298080444336e-01 9.902492910623550415e-02 2.864494025707244873e-01 -1.531086266040802002e-01 3.338749408721923828e-01 2.305689752101898193e-01 -4.733800590038299561e-01 6.304980516433715820e-01 9.663903713226318359e-02 3.236098885536193848e-01 9.195087105035781860e-02 2.136555761098861694e-01 4.998417198657989502e-01 4.765928089618682861e-01 -3.617613017559051514e-01 -6.320656538009643555e-01 2.362672090530395508e-01 -4.791852235794067383e-01 2.798829078674316406e-01 -2.445102185010910034e-01 2.087986469268798828e-01 4.560143351554870605e-01 -1.008664444088935852e-01 1.916664093732833862e-02 4.305670559406280518e-01 2.737204730510711670e-01 7.926657795906066895e-02 -5.480005145072937012e-01 3.158698379993438721e-01 -2.308265268802642822e-01 7.045253366231918335e-02 -3.861704468727111816e-01 2.291451841592788696e-01 -4.090192317962646484e-01 7.424663752317428589e-02 -6.321535706520080566e-01 1.569866240024566650e-01 -1.135575398802757263e-01 1.835197508335113525e-01 -2.482051551342010498e-01 3.587039187550544739e-02 -1.975996792316436768e-02 3.487937450408935547e-01 -4.156887829303741455e-01 6.609561443328857422e-01 1.518731415271759033e-01 -3.007449805736541748e-01 5.536488294601440430e-01 3.607636392116546631e-01 -2.657690048217773438e-01 -4.785865247249603271e-01 1.593325138092041016e-01 1.122235059738159180e-01 4.950720369815826416e-01 -6.088668704032897949e-01 3.967224061489105225e-01 5.291789174079895020e-01 -3.323831558227539062e-01 -3.443607091903686523e-01 -3.659783601760864258e-01 2.206622362136840820e-01 6.799076199531555176e-01 1.866795867681503296e-01 4.478498697280883789e-01 2.025948092341423035e-02 4.429489076137542725e-01 -8.343831896781921387e-01 2.906918525695800781e-01 -3.536895662546157837e-02 2.490635216236114502e-01 -9.193446487188339233e-02 8.402310311794281006e-02 1.518532931804656982e-01 6.416061520576477051e-01 6.024191975593566895e-01 3.011574037373065948e-02 -1.316535770893096924e-01 1.787817925214767456e-01 -3.936685249209403992e-02 4.003329873085021973e-01 3.342490494251251221e-01 1.085549890995025635e-01 6.345492601394653320e-02 -4.513857066631317139e-01 -1.189416721463203430e-01 -1.844515502452850342e-01 -1.683136373758316040e-01 -1.597998440265655518e-01 5.793539285659790039e-01 4.776076376438140869e-01 -2.375785112380981445e-01 2.106963470578193665e-02 3.140279054641723633e-01 4.057755321264266968e-02 4.423677325248718262e-01 2.727451324462890625e-01 6.359385251998901367e-01 1.704431027173995972e-01 7.693254202604293823e-02 2.656475305557250977e-01 -1.360719799995422363e-01 -5.894366502761840820e-01 -3.749341070652008057e-01 3.384620845317840576e-01 -6.219671666622161865e-02 -1.990664750337600708e-01 6.459710001945495605e-02 -6.979402899742126465e-02 3.738662227988243103e-03 -6.184267625212669373e-02 1.397069990634918213e-01 -1.347267031669616699e-01 6.216628551483154297e-01 -5.703115463256835938e-01 4.249382019042968750e-02 9.911102056503295898e-02 2.264609485864639282e-01 1.699933558702468872e-01 -1.600676774978637695e-02 5.760347247123718262e-01 2.084551155567169189e-01 4.721125364303588867e-01 -7.856237888336181641e-02 4.500113427639007568e-02 1.599000543355941772e-01 -4.407210350036621094e-01 -4.643355309963226318e-01 5.299241542816162109e-01 3.865091875195503235e-02 -1.868965774774551392e-01 -1.119617139920592308e-03 -3.176682442426681519e-02 -4.852165877819061279e-01 -1.397876441478729248e-02 1.227724850177764893e-01 -2.662833034992218018e-01 -1.740279346704483032e-01 9.383863955736160278e-02 -2.515703439712524414e-01 -1.110306568443775177e-02 1.443435251712799072e-01 1.212092041969299316e-01 2.578128576278686523e-01 7.851433008909225464e-02 -2.926102280616760254e-01 -5.202866345643997192e-02 7.278011441230773926e-01 3.775315731763839722e-02 2.320540398359298706e-01 -7.967256754636764526e-02 -7.308708131313323975e-02 2.328545898199081421e-01 2.709708809852600098e-01 4.612220823764801025e-01 6.413362175226211548e-02 6.235433220863342285e-01 -3.907239064574241638e-02 -3.685687482357025146e-02 5.262482762336730957e-01 2.808049023151397705e-01 -4.283251240849494934e-02 -3.799954950809478760e-01 3.496732115745544434e-01 9.094552695751190186e-02 4.002644419670104980e-01 3.614057898521423340e-01 2.230575233697891235e-01 1.754061728715896606e-01 2.488705068826675415e-01 -3.494105041027069092e-01 3.747693300247192383e-01 -2.340896055102348328e-02 2.416322752833366394e-02 -1.856572628021240234e-01 3.201096057891845703e-01 3.577291965484619141e-01 -3.315191343426704407e-02 2.474776953458786011e-01 1.790425181388854980e-01 9.863942861557006836e-02 2.850714027881622314e-01 -2.677260041236877441e-01 2.066348344087600708e-01 1.554566919803619385e-01 2.438762485980987549e-01 -3.583772778511047363e-01 -7.761982828378677368e-02 2.544666826725006104e-01 1.207678318023681641e-01 8.427885770797729492e-01 2.630329728126525879e-01 6.062194705009460449e-01 2.073045372962951660e-01 3.370124399662017822e-01 -6.671054363250732422e-01 1.974658370018005371e-01 -1.353848129510879517e-01 2.496062070131301880e-01 -1.482649147510528564e-01 -2.278141379356384277e-01 -1.348104476928710938e-01 2.905422821640968323e-02 6.079874187707901001e-02 -4.324527829885482788e-02 4.375370144844055176e-01 -3.877581357955932617e-01 -2.791706025600433350e-01 -3.068289160728454590e-02 2.066014558076858521e-01 4.842530786991119385e-01 -2.634245455265045166e-01 -7.874796390533447266e-01 2.983349859714508057e-01 2.941389381885528564e-01 -6.773984432220458984e-01 2.457896322011947632e-01 -7.649914920330047607e-02 -2.503383159637451172e-01 2.787216603755950928e-01 7.557976841926574707e-01 4.961106926202774048e-02 -9.533580392599105835e-02 4.646293818950653076e-02 8.255103975534439087e-02 5.667827129364013672e-01 9.011848270893096924e-02 -5.255570411682128906e-01 4.431098103523254395e-01 3.254195749759674072e-01 2.383407205343246460e-01 -8.205443620681762695e-02 5.270981788635253906e-02 5.206512808799743652e-01 -2.289629727602005005e-01 3.347350060939788818e-01 -3.424978852272033691e-01 2.108317017555236816e-01 -9.926959872245788574e-02 5.177518129348754883e-01 1.465199738740921021e-01 -2.360004335641860962e-01 3.574397265911102295e-01 1.428102701902389526e-01 1.090744659304618835e-01 -4.831134974956512451e-01 2.381839603185653687e-01 -8.565325289964675903e-02 4.465031623840332031e-02 4.715675413608551025e-01 5.040101408958435059e-01 -4.003019258379936218e-02 -4.946610927581787109e-01 -2.051215916872024536e-01 1.994353234767913818e-01 1.524439901113510132e-01 -4.602694511413574219e-02 1.748201102018356323e-01 4.851754307746887207e-01 5.911639332771301270e-01 5.057185292243957520e-01 4.150780439376831055e-01 2.840285003185272217e-02 -1.312567293643951416e-01 3.340064883232116699e-01 -1.523514091968536377e-01 -3.624998927116394043e-01 1.979144290089607239e-02 -3.330722451210021973e-01 -8.753676712512969971e-02 4.367749094963073730e-01 -4.351261258125305176e-01 -2.472117096185684204e-01 3.072851896286010742e-01 9.728428721427917480e-02 3.155216574668884277e-01 2.257404029369354248e-01 2.487051934003829956e-01 1.276158094406127930e-01 -2.285130918025970459e-01 4.401627928018569946e-02 1.418346017599105835e-01 5.998214483261108398e-01 -2.865086495876312256e-01 2.596201300621032715e-01 2.705068290233612061e-01 -1.820215880870819092e-01 2.525898218154907227e-01 7.384536415338516235e-02 1.915101408958435059e-01 6.235798597335815430e-01 -3.880888819694519043e-01 9.672685712575912476e-02 4.666158258914947510e-01 2.324415147304534912e-01 2.961883246898651123e-01 6.459653843194246292e-03 1.228682696819305420e-01 -5.315356329083442688e-02 3.632821440696716309e-01 -1.544386297464370728e-01 1.002638712525367737e-01 -2.295253872871398926e-01 -3.305560648441314697e-01 2.053103037178516388e-02 -4.569770693778991699e-01 2.944160699844360352e-01 4.837084710597991943e-01 3.688651919364929199e-01 3.758461773395538330e-01 3.873160779476165771e-01 -2.208422422409057617e-01 3.407719433307647705e-01 -1.763914674520492554e-01 -2.979323863983154297e-01 1.688096672296524048e-02 5.425971150398254395e-01 6.505903601646423340e-02 1.826672106981277466e-01 1.143104583024978638e-01 -3.489527106285095215e-01 -1.296768337488174438e-01 6.915847063064575195e-01 3.811463415622711182e-01 2.238939404487609863e-01 -3.584923222661018372e-02 5.477138161659240723e-01 1.551295518875122070e-01 5.294989943504333496e-01 -1.076313853263854980e+00 -1.403730064630508423e-01 3.154859319329261780e-02 -5.085853934288024902e-01 -7.097794115543365479e-02 -3.757265210151672363e-01 -9.768207073211669922e-01 -2.773543000221252441e-01 1.495255082845687866e-01 1.758036017417907715e-01 4.332455694675445557e-01 -2.876329123973846436e-01 -2.122231423854827881e-01 -4.644142389297485352e-01 3.103534579277038574e-01 4.035226106643676758e-01 2.870260775089263916e-01 4.108942151069641113e-01 -4.191038906574249268e-01 3.528631925582885742e-01 -4.678284227848052979e-01 -6.531918421387672424e-03 -2.209818363189697266e-01 -3.291124105453491211e-01 -3.765833675861358643e-01 8.589157462120056152e-02 -1.977028548717498779e-01 -6.710371933877468109e-03 -7.753020524978637695e-02 2.856293916702270508e-01 1.803189814090728760e-01 -1.910009682178497314e-01 7.027972936630249023e-01 1.925788819789886475e-01 5.480929613113403320e-01 7.168543338775634766e-02 -2.273613065481185913e-01 1.358549743890762329e-01 -1.565638929605484009e-01 3.111222386360168457e-01 -5.237532034516334534e-02 -3.850612640380859375e-01 1.132111772894859314e-01 -2.754216641187667847e-02 7.302589714527130127e-02 -3.180079758167266846e-01 -1.335263252258300781e-02 1.644676029682159424e-01 3.049959540367126465e-01 2.927203178405761719e-01 6.887328624725341797e-02 -6.792723387479782104e-02 -1.552362143993377686e-01 -4.892711639404296875e-01 2.563061416149139404e-01 2.880376279354095459e-01 3.947861492633819580e-01 3.584325015544891357e-01 1.334509253501892090e-01 5.016933679580688477e-01 -1.072150915861129761e-01 -3.591924905776977539e-05 -7.539159059524536133e-01 -2.854824066162109375e-01 2.929109036922454834e-01 6.543064713478088379e-01 -5.462470650672912598e-02 2.215012460947036743e-01 8.061101436614990234e-01 3.187477588653564453e-01 -2.037806063890457153e-01 1.328006535768508911e-01 -1.993961036205291748e-01 1.113764569163322449e-01 2.833086252212524414e-01 -6.251119822263717651e-02 2.092152237892150879e-01 -1.249084621667861938e-01 4.689968377351760864e-02 3.272337317466735840e-01 4.702696204185485840e-02 3.033187687397003174e-01 9.988802671432495117e-02 5.820738077163696289e-01 4.960640668869018555e-01 3.484577238559722900e-01 1.516589615494012833e-02 -5.187899470329284668e-01 7.767897844314575195e-02 1.025493502616882324e+00 5.775441974401473999e-02 5.181392431259155273e-01 3.069330155849456787e-01 4.792537987232208252e-01 -6.544047594070434570e-01 3.163457512855529785e-01 -4.777923226356506348e-01 -2.148912660777568817e-02 -1.043136119842529297e-01 -1.318760216236114502e-01 3.914858102798461914e-01 -7.111452221870422363e-01 -3.872678875923156738e-01 3.241407498717308044e-02 1.198811754584312439e-01 -7.403842806816101074e-01 1.669036149978637695e-01 -1.095260024070739746e+00 -1.123586893081665039e-01 -1.064378172159194946e-01 4.645885229110717773e-01 -4.810269922018051147e-02 1.336658596992492676e-01 2.146949470043182373e-01 3.825286030769348145e-01 3.240648657083511353e-02 -2.407824993133544922e-01 3.832435905933380127e-01 -1.474831402301788330e-01 -4.500447958707809448e-02 3.876267671585083008e-01 7.030940055847167969e-02 1.573282480239868164e-01 -4.850251376628875732e-01 3.432116508483886719e-01 1.646106243133544922e-01 8.489325642585754395e-02 3.884998261928558350e-01 2.494555413722991943e-01 -2.088835537433624268e-01 4.772840142250061035e-01 3.359718620777130127e-01 -5.935071967542171478e-04 1.251540482044219971e-01 -5.775468796491622925e-02 3.194886445999145508e-02 -9.785778522491455078e-01 8.302123099565505981e-02 1.324609071016311646e-01 1.335491389036178589e-01 -1.147763505578041077e-01 -3.441955894231796265e-02 2.895716726779937744e-01 -4.809774458408355713e-01 -5.066289901733398438e-01 -2.093180269002914429e-01 7.750015705823898315e-02 -1.581335365772247314e-01 3.852654099464416504e-01 1.030073687434196472e-02 2.237634807825088501e-01 4.800485819578170776e-02 4.872077405452728271e-01 4.013338088989257812e-01 2.597187161445617676e-01 3.154111206531524658e-01 -3.012171983718872070e-01 -5.243704915046691895e-01 2.282170355319976807e-01 -3.141821920871734619e-01 -3.132885396480560303e-01 1.040661241859197617e-02 -1.494334638118743896e-02 3.818930983543395996e-01 2.256621047854423523e-02 -4.951091483235359192e-03 3.736206293106079102e-01 1.829070001840591431e-01 -3.331386446952819824e-01 -1.170620769262313843e-01 4.952275454998016357e-01 1.707212775945663452e-01 4.838593304157257080e-01 -4.926634728908538818e-01 1.532205194234848022e-02 -6.987772881984710693e-02 8.624352514743804932e-02 -1.471192985773086548e-01 -1.915345340967178345e-01 1.252025067806243896e-01 1.444266438484191895e-01 3.053386509418487549e-01 1.435834914445877075e-01 -3.202811777591705322e-01 1.072824001312255859e-01 6.537049263715744019e-02 6.177676320075988770e-01 -1.030380964279174805e+00 -4.024786055088043213e-01 2.303113043308258057e-01 -7.880466431379318237e-02 1.659601628780364990e-01 -4.255122840404510498e-01 -1.277642995119094849e-01 4.479048773646354675e-02 2.535237967967987061e-01 -6.244788169860839844e-01 1.813824623823165894e-01 2.926764488220214844e-01 1.326844543218612671e-01 3.875279128551483154e-01 -4.004271626472473145e-01 1.558803021907806396e-01 2.330287694931030273e-01 1.315920054912567139e-01 -1.350019127130508423e-01 1.649276018142700195e-01 -5.572506189346313477e-01 5.315244197845458984e-01 4.547659307718276978e-02 -1.440968960523605347e-01 -2.778791487216949463e-01 1.823706179857254028e-01 2.438998073339462280e-01 -3.057547509670257568e-01 -3.996165990829467773e-01 3.675180971622467041e-01 -2.127370685338973999e-01 3.697145357728004456e-02 3.144982159137725830e-01 -4.662502408027648926e-01 1.546878814697265625e-01 4.844691455364227295e-01 -6.257387995719909668e-01 1.072742715477943420e-01 -4.586986899375915527e-01 -1.247006729245185852e-01 -7.412029802799224854e-02 2.683505713939666748e-01 4.807417094707489014e-01 -2.536891773343086243e-02 2.717394232749938965e-01 3.811139166355133057e-01 -3.754983544349670410e-01 1.788280904293060303e-01 -3.577073216438293457e-01 -2.128794789314270020e-01 -1.367989063262939453e+00 -5.080711245536804199e-01 6.126465275883674622e-02 -2.342523783445358276e-01
