1.017220318317413330e-01 5.600728094577789307e-02 2.953513264656066895e-01 -1.058494806289672852e+00 -6.572759151458740234e-02 -2.758561074733734131e-01 -4.978641867637634277e-01 -1.198195099830627441e+00 -4.267730712890625000e-01 -2.651500105857849121e-01 1.232579946517944336e-01 -3.128214180469512939e-02 4.771935939788818359e-01 3.618404269218444824e-01 -8.150265216827392578e-01 -3.611761927604675293e-01 -4.359225928783416748e-01 6.243148446083068848e-02 1.314198970794677734e-01 2.172248363494873047e-01 5.415022969245910645e-01 7.675959914922714233e-02 2.575932070612907410e-02 1.553254574537277222e-01 5.129424333572387695e-01 5.008714199066162109e-01 -1.916144639253616333e-01 -9.730105102062225342e-02 -5.857511162757873535e-01 1.968226432800292969e-01 4.582123756408691406e-01 4.150173664093017578e-01 3.915963768959045410e-01 6.625375151634216309e-02 -1.905475556850433350e-01 2.430509030818939209e-01 -3.115608692169189453e-01 3.045970499515533447e-01 -2.714788317680358887e-01 1.969568133354187012e-01 8.001197129487991333e-02 -6.158974170684814453e-01 2.201374433934688568e-02 1.644369214773178101e-01 -3.304169476032257080e-01 -1.411406546831130981e-01 3.534770607948303223e-01 2.588776051998138428e-01 -1.697970330715179443e-01 2.945718467235565186e-01 1.727403700351715088e-01 2.752026021480560303e-01 2.160743325948715210e-01 1.405174583196640015e-01 -7.711677551269531250e-01 3.491086959838867188e-01 -3.794066607952117920e-01 -1.543550342321395874e-01 -8.266987651586532593e-02 -1.249985247850418091e-01 -3.086538426578044891e-02 -4.037216603755950928e-01 -4.164391160011291504e-01 2.409042604267597198e-02 -5.014746785163879395e-01 1.485148370265960693e-01 3.691744506359100342e-01 5.797777175903320312e-01 3.235602974891662598e-01 3.611060678958892822e-01 6.349778175354003906e-01 3.844667077064514160e-01 3.027981817722320557e-01 -1.192284598946571350e-01 -3.987417221069335938e-01 9.186683595180511475e-02 7.313026487827301025e-02 -1.254191845655441284e-01 4.150545001029968262e-01 5.331376194953918457e-02 -2.739579677581787109e-01 5.165403485298156738e-01 1.282859444618225098e-01 -7.925870828330516815e-03 -1.723919808864593506e-01 2.790218293666839600e-01 3.891741633415222168e-01 -8.736424446105957031e-01 -5.054846405982971191e-02 -2.750538587570190430e-01 5.815076828002929688e-01 -5.989046096801757812e-01 -1.983078718185424805e-01 -4.088775515556335449e-01 5.514963269233703613e-01 5.924915075302124023e-01 3.361207544803619385e-01 4.582874178886413574e-01 3.786414861679077148e-02 -2.482980191707611084e-01 1.988653540611267090e-01 -1.855593919754028320e-01 4.833868741989135742e-01 4.923869669437408447e-02 4.561674594879150391e-01 -3.665480911731719971e-01 2.330611646175384521e-01 3.025282621383666992e-01 -4.588156938552856445e-01 4.994212388992309570e-01 -2.131340056657791138e-01 -1.586841940879821777e-01 2.283811122179031372e-01 -2.356299385428428650e-02 1.366472989320755005e-01 -2.938978374004364014e-02 6.773682683706283569e-02 -5.567573308944702148e-01 2.144081145524978638e-01 4.253806769847869873e-01 9.441901743412017822e-02 -1.527552962303161621e+00 -2.687279134988784790e-03 8.578419685363769531e-02 2.847208082675933838e-01 9.140945225954055786e-02 -1.262542903423309326e-01 5.540401339530944824e-01 2.437918074429035187e-02 -4.832757115364074707e-01 -3.616120666265487671e-02 -9.197403490543365479e-02 5.038785338401794434e-01 7.336484640836715698e-02 -1.239647418260574341e-01 -5.538914799690246582e-01 -6.925532221794128418e-02 -1.620270758867263794e-01 1.967123895883560181e-01 -7.450090050697326660e-01 4.934616982936859131e-01 -4.739673063158988953e-02 2.208970040082931519e-01 -6.411371380090713501e-02 8.640481233596801758e-01 2.006336897611618042e-01 -4.762188196182250977e-01 3.342476189136505127e-01 2.463523894548416138e-01 -5.544139146804809570e-01 8.429102599620819092e-02 1.175714582204818726e-01 -2.120652049779891968e-01 4.500527679920196533e-01 3.341157734394073486e-01 2.312870472669601440e-01 -8.742671459913253784e-02 4.546128511428833008e-01 -1.365253329277038574e-01 4.025628864765167236e-01 7.284098267555236816e-01 -3.872583508491516113e-01 8.375122398138046265e-02 1.652351617813110352e-01 2.193612791597843170e-02 -6.473376601934432983e-02 8.072888851165771484e-01 -1.610565185546875000e-02 8.533311635255813599e-02 3.049754798412322998e-01 2.984053492546081543e-01 1.908460855484008789e-01 -1.967041045427322388e-01 -4.368377029895782471e-01 4.528669416904449463e-01 2.884988188743591309e-01 5.385694503784179688e-01 7.154068350791931152e-02 -4.715585112571716309e-01 -2.212254405021667480e-01 3.598906099796295166e-01 1.837069168686866760e-02 1.265550553798675537e-01 -5.892696604132652283e-02 -1.592535525560379028e-03 -4.350013136863708496e-01 1.918277591466903687e-01 -9.114494919776916504e-02 -3.534007966518402100e-01 3.950015604496002197e-01 6.647514551877975464e-02 2.812635004520416260e-01 4.093619436025619507e-02 8.614736795425415039e-02 -1.137205958366394043e-02 2.606768906116485596e-01 -2.529117763042449951e-01 -2.044000327587127686e-01 5.066315531730651855e-01 -1.970274001359939575e-01 2.197038382291793823e-02 -1.383109688758850098e-01 6.418258547782897949e-01 -1.736506372690200806e-01 6.149148344993591309e-01 2.522125840187072754e-01 -1.425049602985382080e-01 -2.518096268177032471e-01 -6.348710656166076660e-01 1.455063186585903168e-02 4.673836827278137207e-01 1.342719495296478271e-01 -1.523416489362716675e-01 -1.873002946376800537e-01 1.761424541473388672e-01 2.742985188961029053e-01 -2.513358294963836670e-01 -5.866191536188125610e-02 5.990944802761077881e-02 -6.513509154319763184e-02 6.883945465087890625e-01 -1.007594615221023560e-01 2.617695331573486328e-01 3.255772292613983154e-01 -1.215214096009731293e-02 -3.852483630180358887e-01 -4.727643430233001709e-01 -3.629341721534729004e-01 3.013663887977600098e-01 6.658962965011596680e-01 9.086131304502487183e-02 3.622106015682220459e-01 3.048745691776275635e-01 -3.838937580585479736e-01 9.578962624073028564e-02 2.993389964103698730e-01 -2.485198229551315308e-01 4.318626597523689270e-02 2.344510257244110107e-01 -2.956881225109100342e-01 2.259458899497985840e-01 3.479358255863189697e-01 -4.216298088431358337e-02 3.006323873996734619e-01 3.787193000316619873e-01 -7.249063998460769653e-02 2.079095989465713501e-01 1.917023658752441406e-01 1.110161561518907547e-02 4.146910011768341064e-01 -3.920817673206329346e-01 4.127660989761352539e-01 2.198724001646041870e-01 2.529494166374206543e-01 1.600014269351959229e-01 4.020301252603530884e-02 6.219660043716430664e-01 3.718296587467193604e-01 1.281038224697113037e-01 1.353070586919784546e-01 7.748689502477645874e-03 -1.879473477602005005e-01 8.137335628271102905e-02 2.784436941146850586e-01 7.198828738182783127e-03 7.589943706989288330e-02 3.615491092205047607e-01 3.577673435211181641e-01 1.827862411737442017e-01 4.278280436992645264e-01 3.927288353443145752e-01 3.959875702857971191e-01 9.781196713447570801e-02 -1.534602642059326172e-01 2.307979613542556763e-01 -1.020353794097900391e+00 4.392072260379791260e-01 7.194501161575317383e-02 -3.922180086374282837e-02 5.183713436126708984e-01 2.037505805492401123e-01 3.031589090824127197e-01 3.311314806342124939e-02 9.252862632274627686e-02 3.864878118038177490e-01 2.695062160491943359e-01 -5.095372200012207031e-01 -5.941380187869071960e-02 -1.482486009597778320e+00 6.610520929098129272e-02 -1.536935865879058838e-01 2.370949238538742065e-01 -3.470881283283233643e-01 -2.492713630199432373e-01 1.578141003847122192e-01 -1.942316889762878418e-01 -1.345519721508026123e-01 -1.060627028346061707e-01 -5.256023406982421875e-01 5.445199012756347656e-01 1.132272332906723022e-01 1.016036048531532288e-01 -2.979522384703159332e-02 6.425158381462097168e-01 -6.501144766807556152e-01 -1.452701091766357422e-01 -1.449617370963096619e-02 2.766310237348079681e-02 2.765912711620330811e-01 -5.769187808036804199e-01 2.559939026832580566e-01 4.549600481986999512e-01 -3.184749186038970947e-01 4.840071201324462891e-01 -1.370641142129898071e-01 2.518244683742523193e-01 -1.110555976629257202e-02 3.853102773427963257e-02 1.446697860956192017e-01 4.250267446041107178e-01 -1.454020440578460693e-01 -4.086544737219810486e-02 -7.477912306785583496e-02 -6.641932725906372070e-01 4.336245059967041016e-01 -2.624019235372543335e-02 2.846514582633972168e-01 -6.747953891754150391e-01 -5.558887720108032227e-01 5.262517333030700684e-01 4.004945158958435059e-01 2.326253056526184082e-01 2.408550828695297241e-01 -2.569760680198669434e-01 2.860580682754516602e-01 1.354005336761474609e-01 -2.068426907062530518e-01 3.952336609363555908e-01 4.234005808830261230e-01 5.734657645225524902e-01 -1.823362857103347778e-01 1.679405719041824341e-01 -1.446520835161209106e-01 -3.040131181478500366e-03 2.156161665916442871e-01 -6.590049713850021362e-02 1.564469486474990845e-01 3.383036553859710693e-01 -7.857990264892578125e-02 4.262258410453796387e-01 5.046071484684944153e-03 6.469584703445434570e-01 -9.654934406280517578e-01 1.120523288846015930e-01 7.281287014484405518e-02 3.715140223503112793e-01 2.588391602039337158e-01 -5.680940151214599609e-01 3.315205276012420654e-01 -6.564128398895263672e-01 -6.739494204521179199e-02 1.498840749263763428e-01 4.730824232101440430e-01 3.209374547004699707e-01 -1.586505919694900513e-01 1.031593084335327148e-01 -1.554921418428421021e-01 -4.528751671314239502e-01 8.142513036727905273e-02 3.845546841621398926e-01 -1.145344451069831848e-01 1.095778867602348328e-01 2.962276898324489594e-02 2.390827089548110962e-01 -6.305776536464691162e-02 -1.391383409500122070e-01 3.905291557312011719e-01 -1.220253296196460724e-02 3.343845009803771973e-01 -3.394767045974731445e-01 3.301502764225006104e-01 3.187147080898284912e-01 3.682496845722198486e-01 -2.918559685349464417e-02 4.128014743328094482e-01 2.175508290529251099e-01 1.405759602785110474e-01 5.791428089141845703e-01 -3.669289499521255493e-02 -2.358384281396865845e-01 2.418595552444458008e-01 -3.678532838821411133e-01 6.418483704328536987e-02 -1.663536578416824341e-01 3.600440323352813721e-01 -2.367430031299591064e-01 -2.792427539825439453e-01 -7.789165712893009186e-03 -4.030568301677703857e-01 -1.474432706832885742e+00 -6.219405680894851685e-03 6.302261352539062500e-02 2.673132419586181641e-01 2.512258887290954590e-01 4.820604622364044189e-01 -8.746629953384399414e-02 -1.988741755485534668e-01 2.829498350620269775e-01 1.750058084726333618e-01 -5.362363532185554504e-02 -6.902995705604553223e-02 -2.938211858272552490e-01 -3.772332668304443359e-01 2.331086397171020508e-01 2.349773496389389038e-01 9.972785413265228271e-02 6.128058433532714844e-01 -3.521261513233184814e-01 -2.199842482805252075e-01 -2.961143255233764648e-01 3.326994925737380981e-02 1.392005980014801025e-01 -3.131462037563323975e-01 2.171272486448287964e-01 2.324110865592956543e-01 7.602481842041015625e-01 -2.506175041198730469e-01 5.319038033485412598e-01 1.435198038816452026e-01 6.239148974418640137e-01 2.447348684072494507e-01 2.474185973405838013e-01 3.930401504039764404e-01 3.666401803493499756e-01 -6.569727063179016113e-01 -3.755521774291992188e-01 1.271845996379852295e-01 5.278686881065368652e-01 2.240796536207199097e-01 1.175427883863449097e-01 2.678643763065338135e-01 -5.131809413433074951e-02 -6.425313949584960938e-01 2.562821507453918457e-01 -4.849686622619628906e-01 2.292711883783340454e-01 1.650443077087402344e-01 1.094315201044082642e-02 -3.761865794658660889e-01 -1.261794328689575195e+00 2.656207382678985596e-01 -2.616008222103118896e-01 3.640288710594177246e-01 -1.274629086256027222e-01 -1.316601514816284180e+00 1.395170688629150391e-01 6.079863309860229492e-01 2.263993620872497559e-01 -4.707870632410049438e-02 1.506304591894149780e-01 1.782979369163513184e-01 3.132944703102111816e-01 6.791922450065612793e-02 -9.157651662826538086e-02 3.720883131027221680e-01 -9.115297794342041016e-01 -3.121880292892456055e-01 5.818896293640136719e-01 -6.888363361358642578e-01 -1.258917618542909622e-03 1.620258539915084839e-01 4.267401695251464844e-01 2.280882745981216431e-01 3.411835134029388428e-01 1.876585185527801514e-01 4.257195070385932922e-02 2.655230164527893066e-01 -6.240198016166687012e-02 4.272034764289855957e-01 3.078407943248748779e-01 6.898517608642578125e-01 3.183556199073791504e-01 3.159633576869964600e-01 -6.621229052543640137e-01 -4.296989142894744873e-01 -7.300483994185924530e-03 -4.812764748930931091e-02 4.584756493568420410e-02 -2.285330444574356079e-01 -5.497626066207885742e-01 1.731669753789901733e-01 1.528372466564178467e-01 -2.196339666843414307e-01 3.776207268238067627e-01 -2.889029085636138916e-01 -5.464429780840873718e-02 5.001803636550903320e-01 -1.567679494619369507e-01 2.033987268805503845e-02 -2.773957252502441406e-01 1.358771473169326782e-01 1.683340966701507568e-01 2.522881925106048584e-01 2.368008345365524292e-01 3.452033698558807373e-01 6.117605566978454590e-01 5.161772668361663818e-02 1.011617407202720642e-01 2.660459876060485840e-01 -8.020073175430297852e-02 -3.212253376841545105e-02 -1.302259266376495361e-01 -1.608190685510635376e-01 2.009155154228210449e-01 -2.768938243389129639e-01 7.651028037071228027e-01 -6.473660469055175781e-02 2.164144068956375122e-01 -9.958630204200744629e-01 -6.744641065597534180e-02 4.067732021212577820e-02 -3.616762757301330566e-01 -9.150311350822448730e-02 -9.788559377193450928e-02 7.427154481410980225e-02 5.042042732238769531e-01 1.734238862991333008e-01 3.595857620239257812e-01 4.101754352450370789e-02 7.760294526815414429e-02 2.195721864700317383e-01 1.008003503084182739e-01 -5.750184133648872375e-02 -6.394383907318115234e-01 1.498616784811019897e-01 2.449892312288284302e-01 -8.858966827392578125e-01 -1.233823522925376892e-01 4.638795256614685059e-01 -3.355253040790557861e-01 -2.334759384393692017e-01 -1.603552401065826416e-01 -3.250889778137207031e-01 -6.735362857580184937e-02 2.952833175659179688e-01 4.512774646282196045e-01 -9.596185684204101562e-01 1.946578361093997955e-02 -7.850384712219238281e-02 1.788893640041351318e-01 -2.103711217641830444e-01 -4.739968478679656982e-01 -8.490446954965591431e-02 -4.389965832233428955e-01 6.917925179004669189e-02 8.301741629838943481e-02 4.994758367538452148e-01 4.409792423248291016e-01 -2.694062590599060059e-01 8.645831346511840820e-01 2.802793085575103760e-01 1.903324723243713379e-01 -4.744998812675476074e-01 -3.751319050788879395e-01 -3.167639970779418945e-01 -4.282930791378021240e-01 2.593367993831634521e-01 4.660829901695251465e-01 3.531757891178131104e-01 -1.136105582118034363e-01 -9.599424600601196289e-01 3.584452569484710693e-01 3.246191442012786865e-01 3.834359943866729736e-01 2.051482796669006348e-01 -3.596084117889404297e-01 7.139595597982406616e-02 -9.898137450218200684e-01 5.393525958061218262e-02 -2.750885188579559326e-01 -5.217935442924499512e-01 -1.238500848412513733e-01 2.174649685621261597e-01 -8.387227356433868408e-02 -5.182945728302001953e-01 3.548110127449035645e-01 1.478848606348037720e-01 -4.648937582969665527e-01 3.923607990145683289e-02 6.393923610448837280e-02 5.574917048215866089e-02 5.491790175437927246e-01 -3.008380234241485596e-01 1.759300529956817627e-01 6.441003084182739258e-02 3.139454424381256104e-01 4.969488084316253662e-01 5.091686248779296875e-01 3.405314683914184570e-02 1.270601600408554077e-01 2.054716795682907104e-01 2.223037369549274445e-02 -6.451176404953002930e-01 -3.254937231540679932e-01 1.336096227169036865e-01 -3.560679256916046143e-01 3.023430891335010529e-02 2.877778410911560059e-01 -5.226235389709472656e-01 -1.280702948570251465e-01 1.815702021121978760e-01 -1.865895651280879974e-02 -2.604730054736137390e-02 -5.096033811569213867e-01 2.453934550285339355e-01 1.946360319852828979e-01 -2.311728894710540771e-02 2.913208007812500000e-01 7.478266954421997070e-01 6.513378024101257324e-01 2.277736067771911621e-01 4.148798882961273193e-01 -2.530187964439392090e-01 2.203281223773956299e-02 -4.655497670173645020e-01 -9.972717612981796265e-02 -2.350211590528488159e-01 -5.404297113418579102e-01 3.252686262130737305e-01 -1.370954662561416626e-01 4.331157803535461426e-01 3.170805871486663818e-01 3.056816160678863525e-01 -5.534480512142181396e-02 5.332980751991271973e-01 -8.068280667066574097e-02 3.051923811435699463e-01 8.874311298131942749e-02 -2.292162925004959106e-01 4.835112020373344421e-03 -3.223084658384323120e-02 5.195462107658386230e-01 6.915175169706344604e-02 1.365024596452713013e-01 -4.232965111732482910e-01 -4.887387752532958984e-01 3.899159729480743408e-01 4.004017412662506104e-01 -2.869874536991119385e-01 -2.058304250240325928e-01 4.392872005701065063e-02 1.059152372181415558e-02 3.859823048114776611e-01 -5.750499665737152100e-02 -2.538953907787799835e-02 -1.477858781814575195e+00 3.175897002220153809e-01 2.446990162134170532e-01 4.427943527698516846e-01 -6.948067247867584229e-02 1.231078505516052246e-01 1.215162798762321472e-01 3.997437059879302979e-01 1.719718277454376221e-01 3.640417158603668213e-01 5.791273713111877441e-02 1.957208961248397827e-01 2.145220786333084106e-01 1.172562837600708008e-01 2.734949886798858643e-01 -3.464848995208740234e-01 2.393203377723693848e-01 9.978374093770980835e-02 -1.448330432176589966e-01 9.699734300374984741e-02 2.342515438795089722e-02 2.045957595109939575e-01 -9.158257842063903809e-01 3.691948950290679932e-01 7.120238542556762695e-01 -3.588765263557434082e-01 6.149411201477050781e-02 1.285891979932785034e-01 -1.134028553962707520e+00 -5.108799338340759277e-01 -1.926568150520324707e-01 -1.421553790569305420e-01 -3.527320921421051025e-01 2.429278939962387085e-02 1.776242256164550781e-02 5.108113959431648254e-02 1.663728989660739899e-02 3.395184576511383057e-01 1.789281815290451050e-01 -2.204262912273406982e-01 -1.195850819349288940e-01 8.837461471557617188e-02 7.000221312046051025e-02 2.852213382720947266e-01 5.257031694054603577e-02 2.247715294361114502e-01 -2.160862386226654053e-01 1.181186139583587646e-01 1.808655858039855957e-01 -5.105163156986236572e-02 5.516167283058166504e-01 2.447412014007568359e-01 -2.172755897045135498e-01 -1.319968402385711670e-01 3.181911110877990723e-01 -1.037966907024383545e-01 1.757907420396804810e-01 -2.882540225982666016e-01 -3.311911523342132568e-01 2.737828791141510010e-01 2.396152913570404053e-02 3.757618367671966553e-01 -4.241410195827484131e-01 -2.394931614398956299e-01 7.113104462623596191e-01 4.537977278232574463e-01 3.926461040973663330e-01 8.233104646205902100e-02 3.428978621959686279e-01 3.737033009529113770e-01 3.140145167708396912e-02 -4.041622877120971680e-01 -1.714947819709777832e-01 -9.457345008850097656e-01 -1.060715913772583008e-01 2.204919010400772095e-01 2.797226011753082275e-01 2.897927165031433105e-02 4.076620042324066162e-01 -1.225977465510368347e-01 8.593800067901611328e-01 -2.630089521408081055e-01 -3.566834926605224609e-01 -6.057870388031005859e-01 -6.910843402147293091e-02 1.350883394479751587e-01 8.942716568708419800e-02 1.579741239547729492e-01 5.959737896919250488e-01 1.787012964487075806e-01 3.851872086524963379e-01 -3.021149635314941406e-01 -3.023148179054260254e-01 -5.602136254310607910e-01 7.925087213516235352e-02 1.003591194748878479e-01 -8.704824000597000122e-02 4.391771741211414337e-03 5.336267873644828796e-02 2.926259115338325500e-02 -4.445463716983795166e-01 3.126543760299682617e-02 6.224337220191955566e-02 9.930560588836669922e-01 2.628641426563262939e-01 -1.931906789541244507e-01 -4.485528767108917236e-01 9.443480521440505981e-03 4.521764814853668213e-01 1.616601049900054932e-01 1.509017944335937500e-01 3.103362023830413818e-01 3.435045182704925537e-01 2.735343277454376221e-01 8.520775288343429565e-02 -2.514316439628601074e-01 -2.903094142675399780e-02 5.296370014548301697e-02 1.075256824493408203e+00 6.436090171337127686e-02 1.463580876588821411e-01 3.748662173748016357e-01 1.268466114997863770e-01 5.214838385581970215e-01 6.445621699094772339e-02 5.723787546157836914e-01 -2.626520693302154541e-01 6.137464046478271484e-01 -4.086030721664428711e-01 -1.007069498300552368e-01 3.878929316997528076e-01 -8.505438566207885742e-01 -1.357789188623428345e-01 -1.224783137440681458e-01 -8.353513479232788086e-02 -4.113485664129257202e-02 -2.975465729832649231e-03 2.814902067184448242e-01 1.051954850554466248e-01 -7.826379537582397461e-01 3.501700237393379211e-03 -4.398940503597259521e-01 9.998036921024322510e-02 2.364848405122756958e-01 -2.413375675678253174e-01 -3.978073596954345703e-01 1.322777867317199707e-01 4.334108233451843262e-01 -1.082792296074330807e-03 3.746060132980346680e-01 -1.155340552330017090e+00 -1.822284460067749023e-01 2.343419566750526428e-02 -2.005304545164108276e-01 7.131587266921997070e-01 -6.899791359901428223e-01 1.070333868265151978e-01 4.586807191371917725e-01 2.633337862789630890e-02 -1.207013949751853943e-01 1.761764287948608398e-01 4.962305724620819092e-02 -2.584929205477237701e-02 -1.595095098018646240e-01 2.385601401329040527e-01 -6.320858001708984375e-01 3.496755361557006836e-01 -7.055616378784179688e-02 1.689118146896362305e-01 -7.000605463981628418e-01 -9.440319240093231201e-02 1.534677147865295410e-01 4.484018310904502869e-02 3.379759490489959717e-01 -6.168833374977111816e-02 6.716699004173278809e-01 9.102144837379455566e-02 -4.610318243503570557e-01 3.942799866199493408e-01 -2.223370671272277832e-01 3.395807743072509766e-01 1.754007190465927124e-01 2.597171068191528320e-01 1.824305504560470581e-01 -2.174654603004455566e-01 1.425793915987014771e-01 -2.252123355865478516e-01 1.946194767951965332e-01 -3.990919291973114014e-01 4.626952111721038818e-01 -4.642907381057739258e-01 -2.301637232303619385e-01 -9.135851860046386719e-01 -5.777316913008689880e-02 3.450023382902145386e-02 4.959385991096496582e-01 -7.081314921379089355e-02 -1.239349469542503357e-01 -5.906330794095993042e-02 -5.008112192153930664e-01 4.559327363967895508e-01 2.373349368572235107e-01 -1.564153097569942474e-02 -5.179112553596496582e-01 -6.339097768068313599e-02 -1.249136805534362793e+00 2.476567178964614868e-01 2.851474881172180176e-01 -3.126601278781890869e-01 -6.365375220775604248e-02 -1.255160421133041382e-01 1.237644329667091370e-01 1.030366569757461548e-01 -5.167067050933837891e-01 1.168445199728012085e-01 -2.937572263181209564e-02 3.656995669007301331e-02 -7.638386450707912445e-03 6.337705254554748535e-02 4.187866747379302979e-01 -8.259775638580322266e-01 -4.466571211814880371e-01 4.071454107761383057e-01 -4.961099326610565186e-01 1.542792767286300659e-01 -4.808009788393974304e-02 3.725480139255523682e-01 4.017792046070098877e-01 3.008936047554016113e-01 4.726326838135719299e-02 -6.056213378906250000e-01 -3.192320466041564941e-01 1.758224144577980042e-02 -4.601539671421051025e-01 -2.710943520069122314e-01 -3.513727784156799316e-01 5.404619574546813965e-01 -5.591391324996948242e-01 6.567493081092834473e-02 4.737701416015625000e-01 -2.926942333579063416e-02 1.604421138763427734e-01 -7.317935675382614136e-02 -8.886830210685729980e-01 1.328954249620437622e-01 -2.926302254199981689e-01 8.861521631479263306e-02 4.946114867925643921e-02 1.232073381543159485e-01 4.282524585723876953e-01 -2.987568676471710205e-01 3.659658133983612061e-01 1.360854059457778931e-01 -5.516671538352966309e-01 -2.616925239562988281e-01 1.288905143737792969e-01 -1.478628814220428467e-01 4.532588720321655273e-01 -5.086730122566223145e-01 -1.007390320301055908e-01 8.903247117996215820e-02 -5.614361166954040527e-01 -5.796477198600769043e-01 -3.303371667861938477e-01 8.204921334981918335e-02 2.444236576557159424e-01 1.994634568691253662e-01 -5.023205280303955078e-02 1.406856924295425415e-01 -2.133976668119430542e-01 2.399690002202987671e-01 -3.226740360260009766e-01 3.838506639003753662e-01 4.811100363731384277e-01 1.532166004180908203e-01 8.429235219955444336e-02 -1.449493169784545898e-01 1.737957298755645752e-01 1.412547081708908081e-01 -3.177463114261627197e-01 -2.415421307086944580e-01 -7.205371856689453125e-01 1.374510228633880615e-01 -4.849835932254791260e-01 1.251266151666641235e-01 4.515638649463653564e-01 8.246792107820510864e-02 2.239636331796646118e-01 1.551413387060165405e-01 -2.285785228013992310e-02 -8.589708805084228516e-02 3.716666996479034424e-01 -2.991239726543426514e-01 -1.742796897888183594e-01 8.794950693845748901e-02 -2.824455201625823975e-01 -2.728148996829986572e-01 -9.347717761993408203e-01 1.705714315176010132e-02 4.310061037540435791e-01 -3.577901422977447510e-01 -5.553342700004577637e-01 1.850184649229049683e-01 1.770250350236892700e-01 3.420032560825347900e-01 1.520869731903076172e-01 3.869677186012268066e-01 3.268423080444335938e-01 4.334779381752014160e-01 -8.622604012489318848e-01 -1.288769543170928955e-01 3.207021355628967285e-01 6.321513652801513672e-01 3.544789552688598633e-01 -4.096152782440185547e-01 -3.756975531578063965e-01 1.893539428710937500e-01 -1.812144070863723755e-01 1.594290286302566528e-01 -1.548349112272262573e-01 8.693026751279830933e-02 -3.861835598945617676e-01 -7.635390162467956543e-01 -4.005998671054840088e-01 6.928812265396118164e-01 1.467081606388092041e-01 3.301758766174316406e-01 -3.008888065814971924e-01 -1.445181071758270264e-01 2.658058106899261475e-01 -9.735915064811706543e-02 1.547427177429199219e-01 -3.754530847072601318e-01 -2.330503761768341064e-01 -7.747833728790283203e-01 -2.635169327259063721e-01 1.145137567073106766e-02 4.530839323997497559e-01 -3.561477959156036377e-01 4.475026428699493408e-01 1.427461951971054077e-01 -1.207005605101585388e-01 1.867709755897521973e-01 -7.544119842350482941e-03 3.234404325485229492e-01 6.940633058547973633e-02 3.513444364070892334e-01 1.730691269040107727e-02 1.498193889856338501e-01 -2.547951340675354004e-01 4.377732872962951660e-01 5.360224246978759766e-01 7.752895355224609375e-02 -2.680423296988010406e-02 -1.154502332210540771e-01 -1.322735995054244995e-01 -7.419537752866744995e-02 9.886962175369262695e-02 -1.124166622757911682e-01 -1.422857400029897690e-02 1.487178653478622437e-01 -4.287815466523170471e-02 1.621763259172439575e-01 1.291565150022506714e-01 6.200502514839172363e-01 4.121274650096893311e-01 5.013291239738464355e-01 3.100839555263519287e-01 3.339384794235229492e-01 5.551126599311828613e-01 5.456764698028564453e-01 3.865621089935302734e-01 6.217525154352188110e-02 1.989655047655105591e-01 8.423802256584167480e-02 -3.611998856067657471e-01 -5.481886863708496094e-01 4.669236019253730774e-02 -3.328190445899963379e-01 7.566534727811813354e-02 -9.877435863018035889e-02 -4.375313818454742432e-01 -3.419859409332275391e-01 4.468845725059509277e-01 1.008078455924987793e-02 8.181412518024444580e-02 6.656153500080108643e-02 5.050817131996154785e-01 -5.887516587972640991e-02 -6.421276330947875977e-01 6.459312885999679565e-02 3.288255259394645691e-02 3.590274155139923096e-01 4.688751101493835449e-01 1.535007655620574951e-01 -8.493037521839141846e-02 2.200810313224792480e-01 -7.366703823208808899e-03 -8.071946501731872559e-01 2.148580998182296753e-01 3.593981862068176270e-01 -1.178315654397010803e-01 1.782596483826637268e-02 -4.101957082748413086e-01 4.252796471118927002e-01 -1.947055943310260773e-02 1.646066308021545410e-01 1.998646371066570282e-02 2.727688252925872803e-01 4.424409270286560059e-01 2.069263458251953125e-01 1.558422576636075974e-02 8.331383764743804932e-02 -2.201591581106185913e-01 -1.563676074147224426e-02 -1.487068925052881241e-02 -3.894085586071014404e-01 -9.156700372695922852e-01 -1.065706968307495117e+00 3.459187746047973633e-01 3.846874833106994629e-02 -2.697958946228027344e-01 2.280719429254531860e-01 -9.597661495208740234e-01 -8.465889841318130493e-02 -1.185297250747680664e+00 -3.393980860710144043e-01 3.216826021671295166e-01 1.689764410257339478e-01 1.779092401266098022e-01 1.779320687055587769e-01 2.197731733322143555e-01 4.397967457771301270e-01 -1.858814507722854614e-01 -2.743377685546875000e-01 7.146993279457092285e-02 4.489657282829284668e-02 1.097988188266754150e-01 2.253808379173278809e-01 -4.998379945755004883e-01 1.283930540084838867e-01 3.758689761161804199e-01 -3.848702907562255859e-01 -4.870762825012207031e-01 2.389926165342330933e-01 -3.531987071037292480e-01 -1.850248575210571289e-01 -3.349508047103881836e-01 2.381920516490936279e-01 -6.566046178340911865e-02 2.832596600055694580e-01 1.585648655891418457e-01 -1.549506001174449921e-02 1.464256197214126587e-01 8.643726818263530731e-03 -8.683512359857559204e-02 -4.153645634651184082e-01 3.954039812088012695e-01 2.484929710626602173e-01 -1.211086437106132507e-01 3.885562717914581299e-01 -3.927206620573997498e-02 -5.155062675476074219e-01 7.044939696788787842e-02 2.010435611009597778e-02 -5.008305311203002930e-01 -1.952482461929321289e-01 -5.687126517295837402e-02 -1.606836080551147461e+00 7.991151511669158936e-02 3.823137879371643066e-01 2.870725989341735840e-01 1.981468498706817627e-01 -3.738890290260314941e-01 -1.637427806854248047e-01 9.842864423990249634e-02 -1.897753328084945679e-01 -1.005582511425018311e-02 3.774583637714385986e-01 -7.802569866180419922e-01 2.479193955659866333e-01 -1.370263546705245972e-01 -9.590417146682739258e-02 -1.495172232389450073e-01 1.904137134552001953e-01 1.605274230241775513e-01 1.233460456132888794e-01 3.458184599876403809e-01 5.914201140403747559e-01 -2.219804748892784119e-02 -6.874526739120483398e-01 4.073614776134490967e-01 8.206978440284729004e-03 6.620471924543380737e-02 1.060776188969612122e-01 -3.711819052696228027e-01 2.680077850818634033e-01 -3.263928294181823730e-01 -2.405118662863969803e-03 3.115949034690856934e-01 -4.751701056957244873e-01 -3.331014513969421387e-01 -8.096281290054321289e-01 -5.823310613632202148e-01 -5.886921659111976624e-02 6.804824471473693848e-01 -5.638878345489501953e-01 1.537386775016784668e-01 1.921244859695434570e-01 -1.007016420364379883e+00 -1.519182622432708740e-01 -5.032183527946472168e-01 5.943816304206848145e-01 1.984735727310180664e-01 -2.854270935058593750e-01 2.411222606897354126e-01 -8.830371499061584473e-02 -1.733647733926773071e-01 4.924529790878295898e-01 2.558071613311767578e-01 1.375765800476074219e-01 2.151438891887664795e-01 -2.277009636163711548e-01 -4.359673559665679932e-01 1.234036535024642944e-01 2.870613634586334229e-01 1.555482745170593262e-01 2.297589033842086792e-01 2.417427301406860352e-01 2.119602560997009277e-01 2.391550876200199127e-02 -4.075042158365249634e-02 -4.979824274778366089e-02 1.256426572799682617e-01 3.942164778709411621e-01 -1.273202538490295410e+00 -1.155609861016273499e-01 8.857322484254837036e-02 4.316359758377075195e-01 -8.995720148086547852e-01 2.099267393350601196e-01 -9.752885997295379639e-02 3.400579094886779785e-01 1.784610748291015625e-01 4.033017456531524658e-01 2.960316464304924011e-02 3.671684861183166504e-02 3.711040019989013672e-01 -5.395743846893310547e-01 -5.803874731063842773e-01 -2.546564638614654541e-01 -3.091208636760711670e-01 2.132813334465026855e-01 1.026377305388450623e-01 -4.466863870620727539e-01 1.758252084255218506e-01 -1.570883989334106445e-01 2.107221186161041260e-01 1.938960701227188110e-01 -1.353475153446197510e-01 -6.523182392120361328e-01 4.286394417285919189e-01 -4.602990150451660156e-01 8.439040184020996094e-01 5.684720873832702637e-01 -7.301985025405883789e-01 -2.425791025161743164e-01 4.501202106475830078e-01 -6.538269519805908203e-01 8.895965218544006348e-01 -8.331011235713958740e-02 1.390360295772552490e-01 5.576236173510551453e-03 -2.638487815856933594e-01 2.213761582970619202e-02 6.818107515573501587e-02 -5.383236333727836609e-02 1.036264225840568542e-01 -5.484898090362548828e-01 4.224053621292114258e-01 2.526595592498779297e-01 3.188549280166625977e-01 2.589239776134490967e-01 2.269350923597812653e-03 2.545869909226894379e-02 3.369265496730804443e-01 -4.521535038948059082e-01 -5.873448401689529419e-02 2.089932262897491455e-01 -2.636246755719184875e-02 3.502183854579925537e-01 3.372642695903778076e-01 7.947137355804443359e-01 1.362913548946380615e-01 -7.304148077964782715e-01 -3.229969441890716553e-01 -1.586739569902420044e-01 3.375644981861114502e-02 3.584277629852294922e-01 7.953926920890808105e-02 -1.993788629770278931e-01 1.663812249898910522e-01 8.548653870820999146e-02 -2.102649062871932983e-01 3.102484643459320068e-01 -1.158350110054016113e-01 -6.710408926010131836e-01 -2.466749250888824463e-01 -1.151597872376441956e-01 4.170551002025604248e-01 -4.591171815991401672e-02 1.511280685663223267e-01 -1.207315772771835327e-01 -7.207676768302917480e-01 -5.204216837882995605e-01 -3.042504489421844482e-01 2.671022713184356689e-01 -1.128461584448814392e-02 2.713384628295898438e-01 -3.990933001041412354e-01 -5.076593160629272461e-01 4.476941525936126709e-01 3.633879423141479492e-01 -2.478547394275665283e-01 5.729655027389526367e-01 1.907277256250381470e-01 -4.499814808368682861e-01 2.072274684906005859e-01 -3.198698461055755615e-01 4.376086592674255371e-02 3.707616925239562988e-01 -2.164980471134185791e-01 -6.622798740863800049e-02 -8.636195957660675049e-02 -2.284684926271438599e-01 -2.936926484107971191e-01 3.833476901054382324e-01 4.516218304634094238e-01 1.986680924892425537e-02 3.134221136569976807e-01 -1.541782319545745850e-01 4.488417506217956543e-01 9.376960247755050659e-02 3.957051038742065430e-01 -6.701745390892028809e-01 3.422935009002685547e-01 9.332776069641113281e-02 9.924425929784774780e-02 2.468127161264419556e-01 -2.718535661697387695e-01 1.359036862850189209e-01 -9.224697947502136230e-01 3.995793685317039490e-02 -3.269196301698684692e-02 -4.980869889259338379e-01 1.382983624935150146e-01 3.203529715538024902e-01 1.366485059261322021e-01 -9.899686574935913086e-01 -1.415712237358093262e-01 4.793976545333862305e-01 1.881741732358932495e-01 1.239427179098129272e-01 1.358843445777893066e-01 2.047227323055267334e-01 -6.359347701072692871e-01 -6.204633787274360657e-02 2.111929804086685181e-01 5.277190208435058594e-01 2.154302299022674561e-01 8.658293634653091431e-02 -2.886055111885070801e-01 6.414221599698066711e-03 1.677234619855880737e-01 3.092251718044281006e-01 1.823224723339080811e-01 -2.850217521190643311e-01 1.410514265298843384e-01 7.916277050971984863e-01 -2.667463719844818115e-01 2.846555411815643311e-01 2.989343702793121338e-01 -2.217462658882141113e-01 -1.083299331367015839e-02 9.680300951004028320e-02 -2.068914473056793213e-02 -6.024456620216369629e-01 2.076968401670455933e-01 4.472938776016235352e-01 1.389516294002532959e-01 1.235569193959236145e-01 4.834295809268951416e-02 -1.875451952219009399e-02 1.298934817314147949e-01 7.457534968852996826e-02 1.309439539909362793e-06 3.272818624973297119e-01 -1.913598775863647461e-01 -2.809758111834526062e-02 9.158063679933547974e-02 -6.805830597877502441e-01 5.962849855422973633e-01 3.962288796901702881e-01 1.599173843860626221e-01 -3.499465584754943848e-01 -6.078453063964843750e-01 -1.899444609880447388e-01 -1.633385196328163147e-02 2.233069241046905518e-01 -2.001239657402038574e-01 -1.822231337428092957e-03 4.295055866241455078e-01 -1.041815355420112610e-01 -2.532179355621337891e-01 -4.460670053958892822e-01 9.784663468599319458e-02 -1.492059826850891113e-01 -6.796202063560485840e-02 2.187043726444244385e-01 -2.033310383558273315e-02 1.320760697126388550e-01 7.217485904693603516e-01 4.156886041164398193e-01 4.074621200561523438e-01 -2.996035516262054443e-01 1.057913526892662048e-01 2.799294143915176392e-02 6.560689955949783325e-02 -2.131450921297073364e-01 3.057246208190917969e-01 3.824837505817413330e-01 -3.239279389381408691e-01 8.873922750353813171e-03 -4.117622971534729004e-01 3.454272150993347168e-01 2.482158243656158447e-01 4.396660625934600830e-02 3.412009775638580322e-01 -2.952364459633827209e-02 4.812235534191131592e-01 9.398812055587768555e-02 3.056552410125732422e-01 2.356973290443420410e-01 4.328707605600357056e-02 -3.970814049243927002e-01 1.907522529363632202e-01 2.175331860780715942e-01 2.241503298282623291e-01 -1.500271558761596680e-01 5.788683295249938965e-01 3.323149979114532471e-01 -6.924914196133613586e-03 6.947281360626220703e-01 -3.114617764949798584e-01 3.210585117340087891e-01 -2.319028079509735107e-01 -4.921848773956298828e-01 2.149372100830078125e-01 5.535156279802322388e-02 -1.620688140392303467e-01 -6.113192439079284668e-01 2.248816043138504028e-01 1.695562005043029785e-01 5.187219753861427307e-02 1.551913022994995117e-01 -6.064499020576477051e-01 2.781106531620025635e-01 3.456654958426952362e-03 -1.809488534927368164e-01 -5.601743459701538086e-01 -1.135240048170089722e-01 5.047874152660369873e-02 5.958427190780639648e-01 -2.180359065532684326e-01 5.075323581695556641e-01 6.888110637664794922e-01 -8.281090855598449707e-02 -3.316736817359924316e-01 -1.188052967190742493e-01 -1.746318042278289795e-01 3.855313360691070557e-01 1.932885497808456421e-01 3.977657556533813477e-01 -1.014337763190269470e-01 -1.488435566425323486e-01 5.451649427413940430e-01 8.427706360816955566e-01 -1.368806362152099609e-01 -3.522070646286010742e-01 -2.323890924453735352e-01 2.192938327789306641e-01 -1.059315726161003113e-01 4.553368091583251953e-01 -2.614695578813552856e-03 -5.419920086860656738e-01 -3.412058353424072266e-01 -3.314706981182098389e-01 2.851216793060302734e-01 -7.879694700241088867e-01 3.064776025712490082e-02 -3.297869563102722168e-01 8.111502975225448608e-02 -6.057732552289962769e-02 -1.370233483612537384e-02 4.430079758167266846e-01 4.687102437019348145e-01 -8.738744258880615234e-02 -2.414667606353759766e-01 -2.879941165447235107e-01 -3.085622191429138184e-01 -6.220888495445251465e-01 -3.457844555377960205e-01 -2.674285769462585449e-01 3.978983163833618164e-01 -3.284200653433799744e-02 3.198457956314086914e-01 -1.602415740489959717e-01 -2.859550416469573975e-01 3.790847361087799072e-01 -2.274205721914768219e-02 8.253581821918487549e-02 3.383775055408477783e-01 3.095048964023590088e-01 1.503576803952455521e-02 -5.485416576266288757e-02 -3.649148941040039062e-01 -1.108250379562377930e+00 2.498635947704315186e-01 3.041518628597259521e-01 1.768959760665893555e-01 -5.350343137979507446e-02 2.929578125476837158e-01 3.920584619045257568e-01 4.154077768325805664e-01 1.022927910089492798e-01 2.281358838081359863e-01 1.586854904890060425e-01 3.543916344642639160e-01 5.197603106498718262e-01 1.227589175105094910e-01 4.141073301434516907e-02 4.319011270999908447e-01 1.673274040222167969e-01 8.533294796943664551e-01 -3.359678089618682861e-01 2.796243429183959961e-01 5.766062140464782715e-01 -5.808882787823677063e-02 -4.195060580968856812e-03 5.133833736181259155e-02 2.809379994869232178e-01 6.614780426025390625e-02 3.573983907699584961e-02 -6.699747443199157715e-01 2.724722325801849365e-01 -6.758278608322143555e-01 1.886187344789505005e-01 -1.514490991830825806e-01 6.418667733669281006e-02 -6.742140650749206543e-02 -1.983139067888259888e-01 -5.398504734039306641e-01 -1.170225739479064941e-01 6.116455197334289551e-01 -1.016115546226501465e-01 1.750595569610595703e-01 -2.918255627155303955e-01 -2.661593444645404816e-02 -4.133164286613464355e-01 6.704097986221313477e-01 -2.446709387004375458e-02 6.921225786209106445e-01 -6.478141546249389648e-01 4.155668988823890686e-02 6.556598544120788574e-01 -1.424591839313507080e-01 -3.336708843708038330e-01 3.292299211025238037e-01 3.170065879821777344e-01 -4.450402557849884033e-01 1.323572248220443726e-01 -6.505682319402694702e-02 1.807520687580108643e-01 -1.410739719867706299e-01 3.499082848429679871e-02 -2.057982683181762695e-01 6.236020922660827637e-01 1.997320204973220825e-01 2.031739428639411926e-02 -1.395145896822214127e-03 -1.993612498044967651e-01 1.392106413841247559e-01 2.078889906406402588e-01 3.051285445690155029e-01 3.157559037208557129e-01 1.729713529348373413e-01 1.795612126588821411e-01 3.860559463500976562e-01 5.397021770477294922e-02 1.144671514630317688e-01 -6.194573640823364258e-02 3.276191353797912598e-01 5.026735067367553711e-01 3.142595589160919189e-01 1.305214315652847290e-02 1.004713401198387146e-01 7.276057004928588867e-01 1.769877672195434570e-01 -1.043969690799713135e-01 -1.556304991245269775e-01 3.389975726604461670e-01 -3.321714401245117188e-01 -7.728674262762069702e-02 -1.244709268212318420e-02 -1.585082560777664185e-01 2.217663824558258057e-01 2.405092418193817139e-01 1.742784976959228516e-01 4.081396758556365967e-01 1.733964979648590088e-01 -1.479311436414718628e-01 -7.372577190399169922e-01 -1.118323802947998047e+00 4.154774546623229980e-02 -8.296509981155395508e-01 -4.248678386211395264e-01 -1.465800523757934570e+00 -1.464311331510543823e-01 1.304112523794174194e-01 -1.218422595411539078e-02 1.360507160425186157e-01 -9.316167235374450684e-01 -1.496771275997161865e-01 7.520087063312530518e-02 -1.168462708592414856e-01 8.247409760951995850e-02 7.501858472824096680e-02 -2.200119495391845703e-01 -3.067731112241744995e-02 3.529933094978332520e-01 -2.177647501230239868e-01 -7.978936433792114258e-01 -9.069997072219848633e-02 3.906974196434020996e-01 -8.260692358016967773e-01 -8.958072215318679810e-02 -1.001330614089965820e+00 -7.207473516464233398e-01 -9.979767352342605591e-02 -9.157473593950271606e-02 3.402369469404220581e-02 5.342669486999511719e-01 -2.440711855888366699e-01 -3.971873223781585693e-01 -1.927959620952606201e-01 -2.723591588437557220e-02 -2.138986065983772278e-02 -1.544672250747680664e-01 2.076019644737243652e-01 5.507957190275192261e-03 2.335437387228012085e-02 1.612153053283691406e-01 -8.415263146162033081e-04 -5.632087588310241699e-01 -6.789751648902893066e-01 2.913323938846588135e-01 5.342943668365478516e-01 4.703592658042907715e-01 1.815315335988998413e-01 2.294872254133224487e-01 9.102233499288558960e-02 6.815341114997863770e-01 -1.051956415176391602e+00 -8.376340568065643311e-02 6.019546836614608765e-02 -5.043932199478149414e-01 -2.815557122230529785e-01 -5.234758853912353516e-01 -3.197953104972839355e-02 4.209325835108757019e-02 6.500478982925415039e-01 -1.438001543283462524e-01 3.685576319694519043e-01 -7.660035043954849243e-02 -1.071834444999694824e+00 -7.132901251316070557e-02 -1.054777950048446655e-02 4.199435114860534668e-01 7.320141047239303589e-02 2.136647105216979980e-01 -2.217849940061569214e-01 -1.656645655632019043e+00 -3.692035079002380371e-01 1.289500147104263306e-01 3.349376097321510315e-02 1.672650426626205444e-01 3.071465194225311279e-01 2.490385621786117554e-01 5.157929658889770508e-01 9.819682687520980835e-03 2.713629901409149170e-01 -1.813349425792694092e-01 1.261623054742813110e-01 4.408831894397735596e-01 -9.029605984687805176e-02 -1.326557062566280365e-02 -2.921493649482727051e-01 7.510200887918472290e-02 -4.636371433734893799e-01 1.094059273600578308e-01 4.432504773139953613e-01 9.135998785495758057e-02 3.071255981922149658e-01 -3.401877880096435547e-01 2.897496819496154785e-01 -6.193133443593978882e-02 -3.677643537521362305e-01 1.348400712013244629e-01 -2.913579642772674561e-01 9.697876125574111938e-02 5.750411003828048706e-02 -7.049394845962524414e-01 1.839348822832107544e-01 -3.466514348983764648e-01 -7.206478118896484375e-01 6.381021440029144287e-02 -1.185091972351074219e+00 -5.251908302307128906e-01 7.155047357082366943e-02 4.253658279776573181e-02 -6.451678872108459473e-01 1.968183666467666626e-01 -3.241769969463348389e-01 -4.246323183178901672e-02 -6.457206010818481445e-01 3.068716526031494141e-01 -3.447308540344238281e-01 5.790106654167175293e-01 5.135238170623779297e-01 1.018205098807811737e-02 -1.463742554187774658e-01 -1.334666460752487183e-01 2.174609154462814331e-02 4.799290001392364502e-01 3.858594596385955811e-02 -3.848820924758911133e-03 -7.080876827239990234e-02 -1.888583451509475708e-01 4.952525794506072998e-01 -6.454728543758392334e-02 9.295180439949035645e-02 -1.805619001388549805e-01 -8.328454196453094482e-02 -4.682855308055877686e-01 2.118140459060668945e-01 4.716992378234863281e-01 2.982281446456909180e-01 4.946137964725494385e-02 4.422150254249572754e-01 -3.827378153800964355e-01 -6.832720637321472168e-01 -3.948456645011901855e-01 3.493175804615020752e-01 2.541385889053344727e-01 1.657847166061401367e-01 -1.867788732051849365e-01 -7.178735733032226562e-02 1.806844323873519897e-01 4.692783355712890625e-01 -3.139495104551315308e-02 -3.395713269710540771e-01 4.407268017530441284e-03 -1.556495279073715210e-01 -1.241241618990898132e-01 2.809937112033367157e-03 -3.833843767642974854e-02 2.308197617530822754e-01 -2.385300546884536743e-01 1.999762281775474548e-02 3.373347818851470947e-01 -1.491109430789947510e-01 -3.749136254191398621e-02 -4.368783533573150635e-01 5.353772044181823730e-01 2.308963239192962646e-01 3.340798020362854004e-01 4.953020811080932617e-02 -2.441745698451995850e-01 2.593394219875335693e-01 -3.366604447364807129e-01 -5.654533505439758301e-01 -3.009275794029235840e-01 1.799232512712478638e-01 7.362597435712814331e-02 3.538703918457031250e-02 2.020593881607055664e-01 4.026701748371124268e-01 1.023607552051544189e-01 2.872027456760406494e-01 -3.144027888774871826e-01 -1.241366863250732422e-01 4.500993788242340088e-01 7.092526555061340332e-01 -5.452989414334297180e-02 5.245091319084167480e-01 3.316930830478668213e-01 2.006669789552688599e-01 1.288011074066162109e-01 1.378053873777389526e-01 -1.510090976953506470e-01 6.147363185882568359e-01 -2.679877877235412598e-01 -9.312789142131805420e-02 1.083930134773254395e-01 9.995239973068237305e-02 -8.250464797019958496e-01 4.283660352230072021e-01 5.391980409622192383e-01 -8.525030314922332764e-02 -2.540491707623004913e-02 -9.951446056365966797e-01 3.026273101568222046e-02 -1.336722522974014282e-01 5.267462134361267090e-01 2.458845973014831543e-01 1.165260076522827148e-01 -3.166765347123146057e-02 7.553466409444808960e-02 -1.180604696273803711e-01 3.765854835510253906e-01 1.987998634576797485e-01 1.962706148624420166e-01 2.407012879848480225e-01 2.658952772617340088e-01 6.625070571899414062e-01 -9.003022313117980957e-02 -5.588763952255249023e-01 7.578458636999130249e-02 1.839364469051361084e-01 -7.560172080993652344e-01 2.454048767685890198e-02 1.878889501094818115e-01 1.136208102107048035e-01 5.035532712936401367e-01 -1.700080782175064087e-01 1.438734978437423706e-01 3.278701752424240112e-02 4.118871688842773438e-01 -2.398258149623870850e-01 -5.425460338592529297e-01 1.182502806186676025e-01 6.351581215858459473e-01 2.235130369663238525e-01 1.177668645977973938e-01 2.185210213065147400e-02 -1.501853018999099731e-01 4.125638604164123535e-01 7.495465874671936035e-02 -1.296144574880599976e-01 3.621509671211242676e-01 -3.544617593288421631e-01 -3.739538043737411499e-02 5.233442783355712891e-02 2.647878825664520264e-01 -1.688557714223861694e-01 1.178636550903320312e-01 1.132071688771247864e-01 4.146730601787567139e-01 -1.630138158798217773e-01 2.704904675483703613e-01 8.301010131835937500e-01 -2.026081234216690063e-01 5.622372627258300781e-01 -9.114111065864562988e-01 -4.012441262602806091e-02 3.077602386474609375e-01 -3.011556565761566162e-01 1.969708055257797241e-01 6.659983992576599121e-01 3.430673182010650635e-01 -6.307881325483322144e-02 2.822982147336006165e-02 -1.394004374742507935e-01 1.388803720474243164e-01 -9.018678963184356689e-02 2.236151248216629028e-01 2.037610113620758057e-01 3.389249444007873535e-01 1.491390466690063477e-01 4.602624103426933289e-02 1.465253531932830811e-01 1.716487407684326172e-01 2.068839669227600098e-01 1.670461297035217285e-01 -2.651277184486389160e-01 4.113402068614959717e-01 2.190350294113159180e-01 -2.696785330772399902e-01 1.836213171482086182e-01 -1.873726546764373779e-01 2.594732046127319336e-01 -3.377092182636260986e-01 -1.277251541614532471e-01 2.688180804252624512e-01 3.359033763408660889e-01 1.328977495431900024e-01 -1.008670449256896973e+00 -6.375157833099365234e-02 1.041085049510002136e-01 1.911097019910812378e-02 3.361569941043853760e-01 -2.381732016801834106e-01 1.677202582359313965e-01 3.946906626224517822e-01 -2.119358777999877930e-01 4.506769776344299316e-02 -6.832789778709411621e-01 2.584588527679443359e-01 2.964044734835624695e-02 1.267987191677093506e-01 8.672581613063812256e-02 5.591591447591781616e-02 -4.817448854446411133e-01 3.600355982780456543e-01 -4.242495447397232056e-02 -3.668577671051025391e-01 1.013196706771850586e-01 4.432365298271179199e-01 1.031057611107826233e-01 4.742724299430847168e-01 5.416027307510375977e-01 -1.130425855517387390e-01 2.513063326478004456e-02 -7.230069488286972046e-02 4.380191266536712646e-01 2.104333788156509399e-01 -9.190025180578231812e-02 4.462619125843048096e-02 2.289957106113433838e-01 5.094343796372413635e-02 3.983186185359954834e-01 -5.539246797561645508e-01 -2.426427751779556274e-01 2.028578221797943115e-01 1.466820687055587769e-01 7.532233744859695435e-02 2.289213091135025024e-01 -1.533820778131484985e-01 5.641833543777465820e-01 -1.529364846646785736e-02 -4.820168390870094299e-02 5.353201031684875488e-01 -4.221653044223785400e-01 2.655023634433746338e-01 1.246440336108207703e-01 5.448858141899108887e-01 1.055424213409423828e-01 -4.487841129302978516e-01 -3.653055522590875626e-03 -6.552395969629287720e-02 1.350622773170471191e-01 5.900649428367614746e-01 2.436337433755397797e-02 3.674148619174957275e-01 5.670434236526489258e-01 -1.444980949163436890e-01 -7.216061353683471680e-01 -4.762872755527496338e-01 3.899111449718475342e-01 2.821491286158561707e-02 1.614244580268859863e-01 -3.881888091564178467e-01 -1.372868716716766357e-01 3.673714995384216309e-01 -1.112841963768005371e+00 -1.064001172780990601e-01 -4.263850301504135132e-02 1.305653154850006104e-01 -7.508362829685211182e-02 1.412105560302734375e-01 -1.713282018899917603e-01 2.135429680347442627e-01 2.295068949460983276e-01 1.322834789752960205e-01 4.701659977436065674e-01 1.479405909776687622e-01 -4.725341871380805969e-02 -7.219263911247253418e-01 3.373570442199707031e-01 3.397854045033454895e-02 1.416951417922973633e-01 1.085445471107959747e-02 -2.145328372716903687e-01 1.194183081388473511e-01 -1.555346250534057617e-01 2.913594543933868408e-01 7.700637578964233398e-01 1.808920055627822876e-01 2.803212404251098633e-01 1.881220340728759766e-01 1.607815027236938477e-01 -3.415670692920684814e-01 4.393012449145317078e-02 -5.776783823966979980e-02 -2.537488639354705811e-01 3.855120837688446045e-01 1.118814796209335327e-01 1.070491820573806763e-01 -2.072381377220153809e-01 1.228517442941665649e-01 9.039647877216339111e-02 1.827097833156585693e-01 -5.977426171302795410e-01 1.209942623972892761e-03 4.694076776504516602e-01 -2.910273075103759766e-01 -1.086320206522941589e-01 6.016361117362976074e-01 2.733595967292785645e-01 -2.517437636852264404e-01 1.996596455574035645e-01 7.703442871570587158e-02 -3.985060155391693115e-01 -3.522986173629760742e-02 -3.523352742195129395e-01 6.249407529830932617e-01 4.331030696630477905e-02 -1.601654589176177979e-01 4.248205572366714478e-02 5.759305506944656372e-02 -1.548271179199218750e-01 2.034885883331298828e-01 -1.220360845327377319e-01 -3.644081354141235352e-01 -2.342707514762878418e-01 -2.592201828956604004e-01 8.886621892452239990e-02 3.579372763633728027e-01 5.947732180356979370e-02 -3.358383774757385254e-01 5.322514772415161133e-01 2.536866813898086548e-03 3.352366387844085693e-02 -1.594967693090438843e-01 1.450119018554687500e-01 2.835533618927001953e-01 -4.188199713826179504e-02 4.728667438030242920e-01 -8.853616714477539062e-01 -1.507961004972457886e-01 -5.016065388917922974e-02 6.848235428333282471e-02 -1.304179430007934570e-01 -9.177372604608535767e-02 -2.000257819890975952e-01 1.529646515846252441e-01 -2.874122262001037598e-01 -2.948212623596191406e-01 -1.576100289821624756e-01 -7.933447510004043579e-02 7.117491215467453003e-02 -1.172889769077301025e-01 5.601189732551574707e-01 4.161009490489959717e-01 4.686846137046813965e-01 6.666269153356552124e-02 2.325565516948699951e-01 1.946993917226791382e-01 -3.269515931606292725e-02 1.986930519342422485e-01 1.268668770790100098e-01 -2.657300531864166260e-01 -1.189478516578674316e+00 -8.099412918090820312e-01 -1.600817143917083740e-01 3.012394309043884277e-01 -4.759994149208068848e-01 -2.754367291927337646e-01 1.311961710453033447e-01 -4.133051261305809021e-02 7.582329213619232178e-02 3.225768208503723145e-01 3.136926591396331787e-01 -2.971844673156738281e-01 1.374392807483673096e-01 -4.995716270059347153e-03 1.822661608457565308e-01 6.336872577667236328e-01 3.691681101918220520e-02 -3.839271664619445801e-01 -1.563203930854797363e-01 4.553415179252624512e-01 1.210905238986015320e-01 6.436714529991149902e-01 -1.452058851718902588e-01 -2.256086915731430054e-01 3.362733721733093262e-01 -6.554273962974548340e-01 -3.005530871450901031e-02 -9.734994173049926758e-02 7.741288095712661743e-02 -4.739541411399841309e-01 2.024586945772171021e-01 3.648065328598022461e-01 -5.356708765029907227e-01 -6.435221433639526367e-02 -6.622239351272583008e-01 1.121499091386795044e-01 3.453867137432098389e-01 -3.743273615837097168e-01 1.471610460430383682e-02 3.033919036388397217e-01 -2.363911718130111694e-01 -1.358801871538162231e-01 -4.251857101917266846e-02 9.119088947772979736e-02 2.711572349071502686e-01 1.764346361160278320e-01 -5.689450502395629883e-01 -1.818530708551406860e-01 2.348835915327072144e-01 -7.020398229360580444e-02 -3.826707899570465088e-01 -2.295545041561126709e-01 1.383932083845138550e-01 -8.568177819252014160e-01 -3.480250537395477295e-01 3.203249871730804443e-01 3.113451600074768066e-01 -6.908519566059112549e-02 1.935116648674011230e-01 2.295017689466476440e-01 1.913614124059677124e-01 4.776584804058074951e-01 3.021662533283233643e-01 1.740275472402572632e-01 3.477148115634918213e-01 -5.342837050557136536e-02 -1.376193523406982422e+00 -1.673023253679275513e-01 -3.882804811000823975e-01 -1.905340403318405151e-01 1.080972552299499512e-01 1.746293753385543823e-01 2.542503774166107178e-01 -2.935828566551208496e-01 -2.012022733688354492e-01 1.083356291055679321e-01 -6.757134199142456055e-02 -3.576357960700988770e-01 -2.758204340934753418e-01 -2.855063043534755707e-02 -3.428779542446136475e-01 1.339009553194046021e-01 -8.217268437147140503e-02 -4.519984722137451172e-01 -8.747467771172523499e-03 -1.886616945266723633e-01 5.658794641494750977e-01 -2.049204260110855103e-01 3.427339196205139160e-01 -2.369049638509750366e-01 2.391010895371437073e-02 3.910360932350158691e-01 -8.422864079475402832e-01 4.338290393352508545e-01 -2.593723535537719727e-01 4.606733024120330811e-01 -9.265761822462081909e-02 4.493546783924102783e-01 -7.525116950273513794e-02 -7.444183528423309326e-02 -2.376049011945724487e-01 2.656725347042083740e-01 7.451153360307216644e-04 1.601132005453109741e-01 3.316107988357543945e-01 6.027747392654418945e-01 4.261390864849090576e-01 -2.845935821533203125e-01 -4.613627195358276367e-01 -4.161214828491210938e-01 2.516259849071502686e-01 1.078834012150764465e-01 3.300311565399169922e-01 8.944199234247207642e-02 2.062837183475494385e-01 1.247200518846511841e-01 2.408070415258407593e-01 3.534006476402282715e-01 4.642164707183837891e-02 -4.199098348617553711e-01 -1.920814365148544312e-01 2.125525325536727905e-01 2.360105514526367188e-02 1.863868534564971924e-01 -1.051665097475051880e-02 6.693632602691650391e-01 3.241665959358215332e-01 -1.115221455693244934e-01 5.407232046127319336e-02 4.403551518917083740e-01 -3.033586442470550537e-01 -1.908131688833236694e-01 3.278964459896087646e-01 1.639136224985122681e-01 -1.336770206689834595e-01 -3.294669091701507568e-01 4.797025620937347412e-01 -6.939780898392200470e-03 -1.458310484886169434e-01 -5.650506913661956787e-02 -3.879845738410949707e-01 -1.316711008548736572e-01 2.282025367021560669e-01 -3.502945601940155029e-01 -1.586673967540264130e-02 -4.301833212375640869e-01 -1.089838892221450806e-01 1.159502267837524414e-01 -1.749999672174453735e-01 1.751990169286727905e-01 5.666515231132507324e-01 4.325623810291290283e-02 7.314334809780120850e-02 2.677473127841949463e-01 1.536392122507095337e-01 1.815437227487564087e-01 -3.378309607505798340e-01 4.445261955261230469e-01 6.028121113777160645e-01 1.102335453033447266e-01 1.301817446947097778e-01 -3.316913247108459473e-01 -2.855806052684783936e-01 -7.863419502973556519e-02 4.528904855251312256e-01 -4.547272622585296631e-01 2.009147256612777710e-01 5.217035859823226929e-02 -5.038060545921325684e-01 2.729843556880950928e-01 3.198428153991699219e-01 -3.801565766334533691e-01 3.829083442687988281e-01 7.373991012573242188e-01 3.742278218269348145e-01 2.220278233289718628e-01 1.085329651832580566e+00 1.744031608104705811e-01 -2.658792957663536072e-02 -1.815569251775741577e-01 3.541285991668701172e-01 2.930351197719573975e-01 -6.636222004890441895e-01 -4.840446114540100098e-01 2.586550712585449219e-01 -3.074981868267059326e-01 6.756558269262313843e-02 2.463058680295944214e-01 -9.310586377978324890e-03 -1.095884814858436584e-01 5.666010975837707520e-01 4.542119055986404419e-02 -1.049174308776855469e+00 -4.029025733470916748e-01 4.878421127796173096e-01 2.630731463432312012e-01 1.515565365552902222e-01 -4.738017171621322632e-02 2.789172530174255371e-01 4.745872318744659424e-01 1.270304620265960693e-01 -3.134858608245849609e-01 1.371790468692779541e-01 3.888524472713470459e-01 -3.729975521564483643e-01 5.509031936526298523e-03 2.534976601600646973e-02 7.332554459571838379e-01 -1.055287104099988937e-02 7.040438801050186157e-02 2.751625180244445801e-01 1.010212525725364685e-01 3.311201184988021851e-02 1.836713850498199463e-01 -3.231857120990753174e-01 -5.777590870857238770e-01 8.250657916069030762e-01 3.496570512652397156e-02 2.785793244838714600e-01 2.985972166061401367e-01 -4.617912694811820984e-03 2.801383435726165771e-01 -8.892396688461303711e-01 -4.624284803867340088e-01 2.381456047296524048e-01 6.789047122001647949e-01 3.659272193908691406e-02 -3.033840358257293701e-01 -9.007178246974945068e-03 -6.919955462217330933e-02 2.183321490883827209e-02 -5.836818218231201172e-01 7.604567706584930420e-02 2.765227258205413818e-01 -1.832326799631118774e-01 -1.198948323726654053e-01 -1.962078660726547241e-01 -5.061209201812744141e-01 3.397917747497558594e-01 2.375882267951965332e-01 2.884294688701629639e-01 3.717576563358306885e-01 5.100239515304565430e-01 -2.798075377941131592e-01 -4.264574050903320312e-01 4.207330346107482910e-01 2.424202412366867065e-01 6.628621220588684082e-01 4.300670623779296875e-01 8.194115161895751953e-01 -1.878979355096817017e-01 -2.839532792568206787e-01 6.766637414693832397e-02 -1.810371875762939453e-01 -5.074641108512878418e-01 7.061771750450134277e-01 6.049877405166625977e-02 -5.842151641845703125e-01 -1.841604262590408325e-01 -7.975159287452697754e-01 1.811844259500503540e-01 1.043415814638137817e-01 9.810227155685424805e-02 4.767787177115678787e-03 4.133214429020881653e-02 -4.084827601909637451e-01 2.069998830556869507e-01 -6.786545515060424805e-01 -5.150751024484634399e-02 9.039035439491271973e-02 2.478092312812805176e-01 -7.586150169372558594e-01 -3.391406536102294922e-01 -1.049777194857597351e-01 4.255107939243316650e-01 -4.747586548328399658e-01 7.489688992500305176e-01 4.072760045528411865e-02 2.004196494817733765e-01 4.148491024971008301e-01 2.324165701866149902e-01 -3.880351483821868896e-01 8.458619564771652222e-02 1.148642376065254211e-01 1.778283417224884033e-01 1.387914866209030151e-01 -4.307382106781005859e-01 -1.733497530221939087e-01 2.342853695154190063e-01 1.184317767620086670e-01 -1.038316562771797180e-01 -2.472409754991531372e-01 1.973052695393562317e-02 2.178593426942825317e-01 1.285886317491531372e-01 2.235610634088516235e-01 4.186604544520378113e-02 -1.916725933551788330e-01 -2.885015308856964111e-01 3.665591478347778320e-01 -6.220114231109619141e-01 2.609493136405944824e-01 3.240758180618286133e-01 1.386394202709197998e-01 -3.040868341922760010e-01 -7.515873759984970093e-02 9.446632862091064453e-02 1.414670944213867188e-01 1.664907038211822510e-01 1.072205081582069397e-01 -3.918401896953582764e-01 -4.026460349559783936e-01 4.782386720180511475e-01 -5.705025196075439453e-01 5.788315553218126297e-03 7.390037178993225098e-02 7.206308841705322266e-02 -1.439901292324066162e-01 3.682273030281066895e-01 3.580151200294494629e-01 2.752272784709930420e-01 8.397303521633148193e-02 3.924934566020965576e-01 3.161115646362304688e-01 2.787985801696777344e-01 3.256670236587524414e-01 4.630546867847442627e-01 3.429326117038726807e-01 9.142814576625823975e-02 -7.623560726642608643e-02 4.442113637924194336e-01 -3.312399610877037048e-02 -1.924801319837570190e-01 -2.638053596019744873e-01 -1.998849809169769287e-01 3.991661667823791504e-01 -3.899473696947097778e-02 8.512250334024429321e-02 -1.611061394214630127e-02 6.509581208229064941e-01 -2.703858315944671631e-01 1.944312751293182373e-01 5.746040493249893188e-02 3.753689825534820557e-01 -4.892520308494567871e-01 -1.602756045758724213e-02 -1.441329419612884521e-01 -4.969897270202636719e-01 -1.990415453910827637e-01 1.097647920250892639e-01 3.440210223197937012e-01 -3.367584198713302612e-02 -7.169136777520179749e-03 -2.324625700712203979e-01 -4.242935404181480408e-02 -1.202783823013305664e+00 7.792993634939193726e-02 -6.126624345779418945e-01 4.718291461467742920e-01 6.545366644859313965e-01 3.664590418338775635e-01 3.271613717079162598e-01 -1.740090996026992798e-01 -9.313290007412433624e-03 -4.310274124145507812e-01 -1.624882519245147705e-01 4.509457051753997803e-01 5.729827284812927246e-02 4.530113562941551208e-02 -5.591486692428588867e-01 -1.947831213474273682e-01 3.174940645694732666e-01 5.094869732856750488e-01 2.010598480701446533e-01 -7.685386538505554199e-01 2.127462178468704224e-01 9.185201488435268402e-03 1.700538098812103271e-01 -5.284031629562377930e-01 5.637241601943969727e-01 -3.167657181620597839e-02 7.093297783285379410e-03 5.304970145225524902e-01 4.468710422515869141e-01 1.038274019956588745e-01 -8.662427961826324463e-02 9.240362644195556641e-01 -4.553845524787902832e-01 -2.707621753215789795e-01 7.482488155364990234e-01 7.938901335000991821e-02 -2.777696251869201660e-01 4.111376106739044189e-01 4.363788068294525146e-01 -1.006813347339630127e-01 9.185344725847244263e-02 -3.702970966696739197e-02 1.498753428459167480e-01 1.257269680500030518e-01 -5.761866271495819092e-02 -3.946865200996398926e-01 8.739149570465087891e-02 2.826307415962219238e-01 -2.791976034641265869e-01 2.577183302491903305e-03 3.122622370719909668e-01 3.085337877273559570e-01 -5.167536437511444092e-05 3.646233677864074707e-02 1.293490976095199585e-01 -6.589005589485168457e-01 1.577885597944259644e-01 1.848617643117904663e-01 -2.599897980690002441e-01 1.552374064922332764e-01 1.758618950843811035e-01 9.000662714242935181e-02 1.508775949478149414e-01 3.403656780719757080e-01 -7.258771657943725586e-01 8.222892284393310547e-01 8.833976835012435913e-02 4.560102224349975586e-01 4.447748363018035889e-01 3.533166646957397461e-01 -6.606665253639221191e-01 -2.249799668788909912e-01 2.068055719137191772e-01 6.557012200355529785e-01 -1.046376451849937439e-01 5.595507621765136719e-01 -1.568981707096099854e-01 3.329078108072280884e-02 -2.324638366699218750e-01 2.398927509784698486e-01 -1.354625374078750610e-01 -3.880182281136512756e-03 6.256150007247924805e-01 -1.940686553716659546e-01 -3.763012588024139404e-03 3.674800693988800049e-01 4.453190267086029053e-01 3.291528522968292236e-01 8.163092285394668579e-02 2.795667052268981934e-01 -1.718232184648513794e-01 -1.105280146002769470e-01 -6.616706252098083496e-01 -1.037144586443901062e-01 -3.526493012905120850e-01 1.556605100631713867e-01 1.111552268266677856e-01 -3.606941401958465576e-01 8.132091909646987915e-02 -6.002675294876098633e-01 2.419726699590682983e-01 7.726171612739562988e-02 2.529036700725555420e-01 -1.674095690250396729e-01 1.251559257507324219e-01 1.980864703655242920e-01 -2.960723042488098145e-01 3.752514421939849854e-01 -1.687610447406768799e-01 -5.033248662948608398e-01 -3.707669079303741455e-01 4.942338466644287109e-01 4.654818028211593628e-02 1.230616495013237000e-01 2.076588273048400879e-01 2.105464786291122437e-01 -5.911308526992797852e-01 -2.114176154136657715e-01 4.118691682815551758e-01 -1.088336259126663208e-01 -4.296936690807342529e-01 9.849286824464797974e-02 -1.063773334026336670e-01 9.772816300392150879e-02 1.435476094484329224e-01 4.556516110897064209e-01 4.475216567516326904e-01 3.846954107284545898e-01 1.172349229454994202e-01 3.527917861938476562e-01 4.672647714614868164e-01 2.803813815116882324e-01 2.625201642513275146e-01 1.036748290061950684e-01 4.459501430392265320e-02 -2.044170349836349487e-01 -5.548171326518058777e-02 2.309566177427768707e-02 -7.762435823678970337e-03 1.674781888723373413e-01 -1.937449574470520020e-01 -2.718506753444671631e-01 1.683715432882308960e-01 2.320203632116317749e-01 4.960134252905845642e-02 -5.579578876495361328e-01 4.408874511718750000e-01 6.608250141143798828e-01 3.454838693141937256e-01 2.374719530344009399e-01 -9.489245712757110596e-04 3.416688144207000732e-01 1.765867471694946289e-01 1.454059183597564697e-01 -1.387949734926223755e-01 1.637619286775588989e-01 1.996348649263381958e-01 4.486132562160491943e-01 5.221570134162902832e-01 2.068834006786346436e-01 3.484752178192138672e-01 -1.708771288394927979e-01 -3.491968512535095215e-01 2.489154785871505737e-01 3.087843954563140869e-01 2.609233558177947998e-01 1.858439892530441284e-01 3.986240029335021973e-01 -2.431653439998626709e-01 1.462743282318115234e-01 -1.278422355651855469e+00 -9.985221177339553833e-02 2.641221284866333008e-01 -8.502811789512634277e-01 4.116231203079223633e-01 2.620745301246643066e-01 2.719869315624237061e-01 1.556929051876068115e-01 3.035211190581321716e-02 1.237349584698677063e-01 -4.294590279459953308e-02 -2.722130119800567627e-01 7.490009814500808716e-02 3.477416634559631348e-01 1.234315261244773865e-01 2.653101682662963867e-01 2.767052948474884033e-01 -2.011074721813201904e-01 -8.416312187910079956e-02 1.546595692634582520e-01 -4.109775125980377197e-01 1.740243844687938690e-02 8.250179886817932129e-02 -2.539728581905364990e-01 1.806589812040328979e-01 3.230332583189010620e-02 1.764225661754608154e-01 -2.439438849687576294e-01 3.889239430427551270e-01 -1.063691452145576477e-01 -6.539579629898071289e-01 8.699660003185272217e-02 -6.247153878211975098e-01 -6.522178649902343750e-01 -4.178606718778610229e-02 -1.143181324005126953e-01 5.034711584448814392e-02 -4.028525650501251221e-01 2.147862017154693604e-01 9.488421678543090820e-02 2.042041718959808350e-01 1.602709442377090454e-01 -1.955249309539794922e-01 2.520736455917358398e-01 1.540890485048294067e-01 -3.116719610989093781e-02 3.554071187973022461e-01 -2.537772655487060547e-01 -4.877507090568542480e-01 -6.679952889680862427e-02 7.456181198358535767e-02 4.149571061134338379e-01 3.639851212501525879e-01 3.375749289989471436e-01 1.605047136545181274e-01 -4.516626298427581787e-01 4.082755744457244873e-01 8.073366284370422363e-01 2.293915152549743652e-01 3.512025177478790283e-01 3.415778577327728271e-01 -1.284751892089843750e-01 -9.040056914091110229e-02 1.949654519557952881e-01 -2.960737645626068115e-01 7.959524542093276978e-02 4.177822470664978027e-01 1.287612766027450562e-01 1.703002899885177612e-01 4.048602581024169922e-01 5.873652696609497070e-01 -7.508973777294158936e-02 2.225179821252822876e-01 2.700890898704528809e-01 1.866988539695739746e-01 -5.361374840140342712e-02 2.854309380054473877e-01 5.679318308830261230e-02 -5.259219408035278320e-01 2.117586322128772736e-02 1.108827739953994751e-01 -5.236779451370239258e-01 -1.984909325838088989e-01 -6.914972513914108276e-02 -2.319237142801284790e-01 -3.926667571067810059e-01 4.046635925769805908e-01 -2.528887987136840820e-01 -3.651006147265434265e-02 3.353176116943359375e-01 1.662989556789398193e-01 2.934201359748840332e-01 1.910933405160903931e-01 -2.101348191499710083e-01 -6.311442255973815918e-01 4.932364821434020996e-01 5.899547934532165527e-01 -1.629369258880615234e+00 2.505915611982345581e-02 -9.219543635845184326e-02 6.901154667139053345e-02 -9.483078867197036743e-02 3.571218252182006836e-01 -4.083949625492095947e-01 6.076046228408813477e-01 6.418314576148986816e-02 6.905769109725952148e-01 -1.544910948723554611e-02 3.914266824722290039e-01 1.857877969741821289e-01 -5.377439260482788086e-01 -4.764091670513153076e-01 2.051164805889129639e-01 2.480880767107009888e-01 7.707152515649795532e-02 4.989363253116607666e-02 -5.576375722885131836e-01 4.681939482688903809e-01 -1.115799248218536377e-01 2.147655636072158813e-01 -5.665132403373718262e-02 2.687232568860054016e-02 -1.925732642412185669e-01 3.908076286315917969e-01 -1.288440227508544922e-01 1.988960802555084229e-02 -1.187918305397033691e+00 5.121720433235168457e-01 6.009329557418823242e-01 1.093270033597946167e-01 4.976375997066497803e-01 3.695807456970214844e-01 2.980971336364746094e-01 -6.347970366477966309e-01 3.345804512500762939e-01 -1.279751062393188477e-01 9.641756862401962280e-02 -6.841986775398254395e-01 3.558791875839233398e-01 1.523567438125610352e-01 5.426421761512756348e-02 4.435052573680877686e-01 5.638686418533325195e-01 5.607699751853942871e-01 4.008822739124298096e-01 1.309550106525421143e-01 -3.284402191638946533e-03 2.022555619478225708e-01 4.361151456832885742e-01 9.544864296913146973e-02 3.301392495632171631e-01 2.552085816860198975e-01 4.450571238994598389e-01 -8.259546756744384766e-02 -6.255369782447814941e-01 1.332852542400360107e-01 1.531918346881866455e-01 4.749001264572143555e-01 -1.230076625943183899e-01 -3.125703036785125732e-01 -5.062175989151000977e-01 4.949304461479187012e-02 4.953782632946968079e-02 -4.904562607407569885e-02 3.351426720619201660e-01 3.170633912086486816e-01 2.286060899496078491e-01 8.038216829299926758e-02 4.595744907855987549e-01 9.751006215810775757e-02 6.033294796943664551e-01 -1.207039833068847656e+00 1.473510414361953735e-01 5.233931541442871094e-01 -1.757067590951919556e-01 -2.589498162269592285e-01 2.831113338470458984e-01 2.226302772760391235e-01 3.280694782733917236e-01 5.160082876682281494e-02 -2.344470918178558350e-01 2.641975283622741699e-01 9.928707033395767212e-02 -6.946278363466262817e-02 -1.450318574905395508e+00 5.869101285934448242e-01 -6.247414276003837585e-02 -2.322270274162292480e-01 4.250827431678771973e-02 2.999054193496704102e-01 8.678498119115829468e-02 -2.759306691586971283e-02 -1.358304768800735474e-01 6.595876812934875488e-01 2.740097343921661377e-01 -6.526967883110046387e-01 2.254996448755264282e-01 6.415754556655883789e-02 -3.982962369918823242e-01 -2.806233614683151245e-02 1.541357487440109253e-03 -5.987995862960815430e-01 -4.070136696100234985e-02 2.885612845420837402e-01 2.104643285274505615e-01 2.188165336847305298e-01 4.659315347671508789e-01 2.168775498867034912e-01 4.300897940993309021e-02 -6.866444647312164307e-02 4.953623414039611816e-01 -4.655430912971496582e-01 4.113774895668029785e-01 3.282984495162963867e-01 -1.531063079833984375e+00 -6.801187247037887573e-02 2.354650646448135376e-01 -2.374101579189300537e-01 7.121160626411437988e-02 -1.688840389251708984e-01 -1.541199833154678345e-01 -3.059269487857818604e-02 2.097400724887847900e-01 3.397599160671234131e-01 -2.175921946763992310e-01 1.119360886514186859e-02 -7.717626690864562988e-01 3.364025354385375977e-01 -1.361234337091445923e-01 -1.862597763538360596e-01 5.065298080444335938e-01 -2.075314894318580627e-02 -9.552536904811859131e-02 1.718222945928573608e-01 3.020934164524078369e-01 -7.233310937881469727e-01 5.684607475996017456e-02 4.476724863052368164e-01 4.569491147994995117e-01 -2.425682246685028076e-01 2.139824330806732178e-01 5.282472968101501465e-01 -1.480865031480789185e-01 4.821008145809173584e-01 3.556700646877288818e-01 -2.878459095954895020e-01 -2.846274077892303467e-01 -2.003759704530239105e-02 -1.444836258888244629e-01 6.962588429450988770e-01 9.700126945972442627e-02 3.089839816093444824e-01 -2.075929194688796997e-02 2.034443318843841553e-01 -3.263914287090301514e-01 2.278814315795898438e-01 2.491884678602218628e-01 1.735725700855255127e-01 -2.308414727449417114e-01 9.344894438982009888e-02 3.883906602859497070e-01 5.701904892921447754e-01 -7.019619345664978027e-01 2.274426072835922241e-01 -4.807258546352386475e-01 4.748231470584869385e-01 2.309869378805160522e-01 1.988018751144409180e-01 3.503512144088745117e-01 3.289939761161804199e-01 1.093594878911972046e-01 -2.623486220836639404e-01 1.642478108406066895e-01 -1.222312450408935547e-01 -1.867867410182952881e-01 5.606555566191673279e-02 1.731417328119277954e-01 -5.865747332572937012e-01 3.259307742118835449e-01 3.120200335979461670e-01 4.203945398330688477e-01 3.852223753929138184e-01 2.653459906578063965e-01 1.804285198450088501e-01 3.705238103866577148e-01 -5.427404046058654785e-01 9.686411917209625244e-02 2.674299776554107666e-01 1.021749600768089294e-01 -8.008739948272705078e-01 -6.237443089485168457e-01 -2.114289104938507080e-01 4.286428689956665039e-01 4.912253022193908691e-01 -1.646385192871093750e-01 1.854716241359710693e-01 9.060563892126083374e-02 2.560715675354003906e-01 -2.808119654655456543e-01 1.721600145101547241e-01 -2.454805076122283936e-01 -4.696427285671234131e-01 3.640254735946655273e-01 -1.045538634061813354e-01 -3.363462090492248535e-01 6.759765744209289551e-02 7.570963352918624878e-02 1.023283004760742188e-01 -1.249341294169425964e-01 3.238566815853118896e-01 2.548571825027465820e-01 -3.370393216609954834e-01 -1.354363113641738892e-01 2.154513746500015259e-01 -3.478108048439025879e-01 -4.642630815505981445e-01 2.155369073152542114e-01 4.195635914802551270e-01 -4.421362876892089844e-01 6.214509904384613037e-02 -1.845187693834304810e-01 5.327919721603393555e-01 -2.037575393915176392e-01 2.833753526210784912e-01 3.448446989059448242e-01 -7.294533848762512207e-01 -5.514317378401756287e-02 -2.479437887668609619e-01 6.478133052587509155e-02 4.402084350585937500e-01 2.061093598604202271e-01 -1.504334211349487305e-01 -6.855939030647277832e-01 2.977023422718048096e-01 -2.768587172031402588e-01 3.432790040969848633e-01 -2.396836429834365845e-01 7.853804826736450195e-01 -2.707561254501342773e-01 -1.454778760671615601e-01 -2.530371211469173431e-02 -7.280989289283752441e-01 7.795967161655426025e-02 -1.973602175712585449e-01 3.860755637288093567e-02 -5.208912491798400879e-01 1.016286611557006836e-01 -2.981494367122650146e-01 -5.347620844841003418e-01 -3.043746650218963623e-01 -2.085337936878204346e-01 6.429316401481628418e-01 3.168483376502990723e-01 1.119091659784317017e-01 5.038706213235855103e-02 -4.912281930446624756e-01 1.200165972113609314e-01 -2.442376464605331421e-01 -1.627183109521865845e-01 1.403872072696685791e-01 1.990245580673217773e-01 -2.441176911816000938e-03 -5.464980751276016235e-02 -7.952167987823486328e-01 -3.221167325973510742e-01 -3.216692507266998291e-01 -4.954881966114044189e-02 1.394015103578567505e-01 2.813044786453247070e-01 3.083984255790710449e-01 4.022323489189147949e-01 -1.182665228843688965e+00 -1.071417331695556641e-01 -2.088039666414260864e-01 1.723307967185974121e-01 5.566639304161071777e-01 -1.094255074858665466e-01 -3.588334619998931885e-01 1.587206870317459106e-01 -2.883123159408569336e-01 9.354273229837417603e-02 2.975630164146423340e-01 5.796543955802917480e-01 -2.564250826835632324e-01 -5.275589227676391602e-01 1.303147077560424805e-01 -4.021133184432983398e-01 -3.446229100227355957e-01 3.380938470363616943e-01 -6.360809803009033203e-01 -1.022182226181030273e+00 -1.887619793415069580e-01 -5.776609182357788086e-01 -3.291324526071548462e-02 1.526841819286346436e-01 -9.176998585462570190e-02 2.196374535560607910e-01 -4.745656847953796387e-01 -8.685740828514099121e-02 5.145656317472457886e-02 3.766553103923797607e-01 1.547619849443435669e-01 3.005919158458709717e-01 -1.081349775195121765e-01 -3.585487902164459229e-01 1.411100178956985474e-01 3.860988616943359375e-01 4.816229045391082764e-01 1.364501714706420898e-01 3.472953736782073975e-01 3.775625228881835938e-01 -1.201607108116149902e+00 2.857190668582916260e-01 -2.984128296375274658e-01 5.220496058464050293e-01 -5.448786616325378418e-01 -3.259681537747383118e-02 -1.024588122963905334e-01 1.229579895734786987e-01 -1.022130176424980164e-01 -2.379863113164901733e-01 -8.649785816669464111e-02 -2.045675814151763916e-01 -1.620472669601440430e-01 -8.041434735059738159e-02 4.983817636966705322e-01 1.580252051353454590e-01 5.704028159379959106e-02 5.626799166202545166e-02 -5.112321972846984863e-01 2.425008118152618408e-01 -9.182389825582504272e-02 -3.342140838503837585e-02 3.102775476872920990e-02 -1.921624392271041870e-01 6.985931657254695892e-03 5.372540950775146484e-01 7.318304479122161865e-02 1.774665415287017822e-01 -4.200736805796623230e-02 -3.006485998630523682e-01 -1.040862917900085449e+00 3.742002546787261963e-01 2.647946476936340332e-01 2.518155872821807861e-01 -7.480118870735168457e-01 -2.629719376564025879e-01 7.492071390151977539e-01 1.615109294652938843e-02 6.707996875047683716e-02 -2.707626819610595703e-01 -1.559529006481170654e-01 2.868480049073696136e-02 -4.856522083282470703e-01 -1.165150851011276245e-01 -2.423697113990783691e-01 4.604192078113555908e-01 4.676909744739532471e-02 2.783774733543395996e-01 3.703773394227027893e-02 7.295496463775634766e-01 -3.787468373775482178e-01 6.414163112640380859e-01 -2.258165627717971802e-01 -2.490289062261581421e-01 3.822547197341918945e-01 -1.416521072387695312e-01 -4.417965710163116455e-01 1.391172502189874649e-02 2.742664515972137451e-01 -6.920087933540344238e-01 5.632628500461578369e-02 -8.892068266868591309e-02 -9.801984578371047974e-02 1.741146892309188843e-01 -6.236934661865234375e-01 -1.031700074672698975e-01 -4.249669015407562256e-01 1.450962126255035400e-01 4.902733266353607178e-01 5.118633806705474854e-02 1.977553367614746094e-01 -1.340265870094299316e-01 -2.985494434833526611e-01 -1.127994209527969360e-01 8.167249709367752075e-02 3.778529465198516846e-01 -1.944858022034168243e-02 -1.543802618980407715e-01 -4.826469421386718750e-01 -6.257094144821166992e-01 2.831211984157562256e-01 -7.723221182823181152e-02 -1.438401788473129272e-01 3.228876590728759766e-01 4.767475128173828125e-01 -5.208786725997924805e-01 -2.574917376041412354e-01 1.313787847757339478e-01 5.508401989936828613e-01 3.366948366165161133e-01 2.724895179271697998e-01 1.820011138916015625e-01 1.435491442680358887e-01 3.603127002716064453e-01 -4.612129181623458862e-02 7.532052695751190186e-02 4.047953188419342041e-01 2.739678025245666504e-01 1.108547002077102661e-01 -2.506556808948516846e-01 -1.935035288333892822e-01 3.200840353965759277e-01 -2.572128474712371826e-01 -5.628157854080200195e-01 7.339204549789428711e-01 -1.971817165613174438e-01 -2.231622040271759033e-01 1.942094266414642334e-01 -5.411098003387451172e-01 -4.786362051963806152e-01 2.304667085409164429e-01 4.393307268619537354e-01 3.470312952995300293e-01 1.558493673801422119e-01 4.029867798089981079e-02 4.209297895431518555e-01 -5.466840863227844238e-01 4.612823203206062317e-02 4.997431635856628418e-01 1.884828060865402222e-01 -7.639104872941970825e-02 -9.235062599182128906e-01 7.020597457885742188e-01 3.530667424201965332e-01 -2.060317695140838623e-01 7.187761068344116211e-01 2.337596379220485687e-02 5.497475340962409973e-02 3.288089931011199951e-01 -2.921940013766288757e-02 -2.109416872262954712e-01 1.814553737640380859e-01 1.491022296249866486e-02 2.491842657327651978e-01 1.824289932847023010e-02 -6.195043772459030151e-02 -3.462035208940505981e-02 3.985716700553894043e-01 -1.821680814027786255e-01 -3.781722486019134521e-01 -4.664115011692047119e-01 -2.996557950973510742e-02 6.645844876766204834e-02 -3.371448442339897156e-02 -1.576415002346038818e-01 2.424794137477874756e-01 -3.729096949100494385e-01 1.000500023365020752e-01 5.826470255851745605e-02 -6.746051907539367676e-01 3.211002424359321594e-02 -5.519060418009757996e-02 4.352115988731384277e-01 -1.577823609113693237e-01 1.278077811002731323e-01 3.026301264762878418e-01 -9.121587872505187988e-02 5.560340881347656250e-01 -2.747062444686889648e-01 1.283527016639709473e-01 -2.545764148235321045e-01 -8.380196988582611084e-02 -1.601173877716064453e-01 -1.726716011762619019e-01 -4.213956370949745178e-02 6.303693056106567383e-01 6.184052824974060059e-01 -1.472472846508026123e-01 2.299739122390747070e-01 -1.197489202022552490e-01 7.005876302719116211e-02 -1.754141747951507568e-01 1.560141593217849731e-01 8.626527339220046997e-02 -2.574794888496398926e-01 3.828539550304412842e-01 1.860728114843368530e-01 -2.192568778991699219e-01 -5.906225442886352539e-01 1.876359991729259491e-02 2.186706960201263428e-01 3.187420070171356201e-01 -1.395855247974395752e-01 -2.019600942730903625e-03 6.847315430641174316e-01 1.609870791435241699e-01 -2.614022791385650635e-01 -4.607071876525878906e-01 -1.328187882900238037e-01 1.921029090881347656e-01 1.839742362499237061e-01 7.892499864101409912e-02 -2.014151662588119507e-01 -4.044876396656036377e-01 -2.952152490615844727e-01 6.326864957809448242e-01 -2.968094050884246826e-01 1.099202558398246765e-01 -5.157024040818214417e-02 3.887423574924468994e-01 3.180750906467437744e-01 1.917248964309692383e-01 -3.412795662879943848e-01 -3.464067280292510986e-01 9.312826395034790039e-02 -3.331818580627441406e-01 4.042226970195770264e-01 -2.180321812629699707e-01 -4.080433547496795654e-01 -3.712791204452514648e-01 1.269627548754215240e-02 -3.756531178951263428e-01 -8.406595587730407715e-01 2.740378379821777344e-01 -4.956977963447570801e-01 4.834376573562622070e-01 -6.666427254676818848e-01 4.248239398002624512e-01 -1.222912594676017761e-01 -4.917684197425842285e-01 2.765239961445331573e-02 -9.117018431425094604e-02 -4.136246740818023682e-01 1.464038193225860596e-01 4.278514981269836426e-01 2.075180644169449806e-03 -3.563817217946052551e-02 4.099752902984619141e-01 -2.665626108646392822e-01 -3.885453939437866211e-01 2.300285696983337402e-01 -3.955408036708831787e-01 9.877848625183105469e-02 1.336864829063415527e-01 3.411698043346405029e-01 3.737510740756988525e-01 3.041726052761077881e-01 2.168649733066558838e-01 2.447533756494522095e-01 3.663510382175445557e-01 1.327303051948547363e-01 -2.840872853994369507e-02 -4.908873438835144043e-01 7.406432032585144043e-01 -1.934866309165954590e-01 -1.427969217300415039e+00 3.025963306427001953e-01 -6.838968396186828613e-01 -1.709404587745666504e-02 -7.998353987932205200e-02 -4.820115566253662109e-01 -1.645615696907043457e-01 3.975148499011993408e-02 -2.679558470845222473e-02 4.743674024939537048e-02 2.787677347660064697e-01 -1.882095821201801300e-02 1.930144131183624268e-01 -2.092205286026000977e-01 4.758169054985046387e-01 -8.965943455696105957e-01 4.510248303413391113e-01 -1.054721251130104065e-01 -6.978525221347808838e-02 -1.762242019176483154e-01 3.063466399908065796e-02 -3.351854979991912842e-01 -1.831596344709396362e-01 3.636790439486503601e-02 5.926975607872009277e-02 -1.964433342218399048e-01 1.139021813869476318e-01 3.669085502624511719e-01 6.570955365896224976e-02 -1.057222578674554825e-02 4.393223226070404053e-01 7.982233166694641113e-02 2.818751633167266846e-01 2.060877680778503418e-01 -4.335081279277801514e-01 2.758946716785430908e-01 -2.775547802448272705e-01 2.033696919679641724e-01 5.129409581422805786e-02 1.554501801729202271e-01 4.950976371765136719e-01 1.354180425405502319e-01 1.013647317886352539e+00 4.052213728427886963e-01 1.117058470845222473e-01 -1.568062230944633484e-02 -4.988434016704559326e-01 4.498302564024925232e-02 5.605131983757019043e-01 3.153540194034576416e-03 6.164894700050354004e-01 -4.009487330913543701e-01 8.762927353382110596e-02 -1.770114004611968994e-01 -3.495169281959533691e-01 -1.015860557556152344e+00 4.534722566604614258e-01 6.434939801692962646e-02 2.580640614032745361e-01 3.362801074981689453e-01 5.982158184051513672e-01 -1.653168909251689911e-02 1.423965990543365479e-01 2.921510636806488037e-01 -4.866563677787780762e-01 1.026330888271331787e-02 1.434779614210128784e-01 -2.779651284217834473e-01 -5.105382204055786133e-01 5.596594214439392090e-01 -3.744679093360900879e-01 4.676378369331359863e-01 9.933497756719589233e-02 -3.606944978237152100e-01 1.415941864252090454e-01 2.213237136602401733e-01 -4.722484648227691650e-01 -1.949264705181121826e-01 5.258276686072349548e-02 2.980144023895263672e-01 -5.347940921783447266e-01 1.604252457618713379e-01 2.830255925655364990e-01 3.773826062679290771e-01 1.342024803161621094e-01 3.140789866447448730e-01 6.393516808748245239e-02 -4.876312315464019775e-01 -2.352897524833679199e-01 -8.870294317603111267e-03 1.986821889877319336e-01 2.321803867816925049e-01 2.516611814498901367e-01 -1.543935537338256836e-01 -1.251959681510925293e+00 1.827616691589355469e-01 9.065575599670410156e-01 6.795523762702941895e-01 -4.925066232681274414e-01 5.435721278190612793e-01 -2.250043898820877075e-01 -3.698707818984985352e-01 -7.836715877056121826e-02 1.744176298379898071e-01 -2.856729626655578613e-01 1.737890206277370453e-02 4.235579669475555420e-01 5.607989057898521423e-02 -9.256682395935058594e-01 4.680380523204803467e-01 2.591092139482498169e-02 2.272154390811920166e-01 6.232016682624816895e-01 1.049865856766700745e-01 -2.843483984470367432e-01 3.618585169315338135e-01 -4.195732623338699341e-02 -1.251603841781616211e+00 3.203947842121124268e-01 6.007418632507324219e-01 -1.500499546527862549e-01 -1.553488075733184814e-01 3.560217618942260742e-01 3.830368816852569580e-01 -5.965512618422508240e-02 -1.576664298772811890e-01 3.612697720527648926e-01 2.733060717582702637e-01 -1.504530310630798340e-01 1.139857396483421326e-01 -1.443627178668975830e-01 1.088841781020164490e-01 2.341078817844390869e-01 -1.439796388149261475e-01 3.779457136988639832e-02 1.651335954666137695e-01 -3.432925045490264893e-02 -8.410961031913757324e-01 2.072853893041610718e-01 -3.596190512180328369e-01 8.096644282341003418e-02 3.390936553478240967e-01 -9.791852235794067383e-01 2.975055277347564697e-01 2.066936939954757690e-01 1.949436515569686890e-01 -2.765839397907257080e-01 -4.889909029006958008e-01 -2.564535290002822876e-02 1.265499275177717209e-02 1.561958789825439453e-01 -3.782339394092559814e-02 -2.359438687562942505e-02 -5.562016963958740234e-01 -1.569227129220962524e-01 -1.142457500100135803e-01 2.670769989490509033e-01 1.552048325538635254e-01 6.598576158285140991e-02 3.250409960746765137e-01 -1.057882532477378845e-01 -7.662696242332458496e-01 -2.954797744750976562e-01 -4.834915101528167725e-01 2.686933279037475586e-01 -8.821753785014152527e-03 7.068644464015960693e-02 1.171914935111999512e-01 7.739312201738357544e-02 4.452795684337615967e-01 -2.985110878944396973e-01 1.069938316941261292e-01 -3.310653865337371826e-01 -2.198675274848937988e-01 1.609839648008346558e-01 4.547750353813171387e-01 1.025603786110877991e-01 -6.995294690132141113e-01 3.453380465507507324e-01 -3.374108374118804932e-01 -1.660093665122985840e-02 2.050494849681854248e-01 7.700844109058380127e-02 -5.339847505092620850e-02 5.933956429362297058e-02 -3.053681552410125732e-01 -7.239448428153991699e-01 9.146802872419357300e-02 2.384003400802612305e-01 2.527863085269927979e-01 8.589478209614753723e-03 2.469156682491302490e-01 4.628568291664123535e-01 1.980551779270172119e-01 3.828129470348358154e-01 -1.485119760036468506e-01 1.758888363838195801e-02 6.292082369327545166e-02 1.918374598026275635e-01 -3.142573833465576172e-01 5.663772225379943848e-01 -3.253985643386840820e-01 -7.085589319467544556e-02 3.745034039020538330e-01 3.534874022006988525e-01 -1.263073384761810303e-01 -9.032829850912094116e-02 6.779563426971435547e-01 -2.459104061126708984e-01 1.999937295913696289e-01 -4.139033257961273193e-01 9.866826981306076050e-02 -6.612901687622070312e-01 3.753339052200317383e-01 2.184881567955017090e-01 -6.356347799301147461e-01 2.418409883975982666e-01 9.665342569351196289e-01 1.594154536724090576e-01 2.666000723838806152e-01 -1.739450246095657349e-01 5.875243544578552246e-01 -1.887625455856323242e-01 2.300487011671066284e-01 6.893672347068786621e-01 7.705036401748657227e-01 2.677879929542541504e-01 -9.493219107389450073e-02 3.007720708847045898e-01 -3.487938940525054932e-01 -2.837511301040649414e-01 2.415531873703002930e-02 3.576805591583251953e-01 8.222059905529022217e-02 1.718683689832687378e-01 1.277125179767608643e-01 2.653277814388275146e-01 5.381012335419654846e-02 6.167596206068992615e-02 4.559407532215118408e-01 4.955097734928131104e-01 -1.202597498893737793e+00 -9.068141579627990723e-01 -1.479829698801040649e-01 2.627639770507812500e-01 2.914811074733734131e-01 2.468836307525634766e-01 4.694319665431976318e-01 3.146140649914741516e-02 1.325889974832534790e-01 2.367433458566665649e-01 -8.378800153732299805e-01 6.880412995815277100e-02 5.365325808525085449e-01 -1.604536920785903931e-01 1.911911368370056152e-01 1.325371712446212769e-01 -1.049954295158386230e-01 6.036164760589599609e-01 2.274862825870513916e-01 7.298068702220916748e-02 -4.674169421195983887e-01 2.599091827869415283e-01 3.437660634517669678e-01 1.276119947433471680e-01 1.681469380855560303e-02 6.402662992477416992e-01 4.622668921947479248e-01 1.575867086648941040e-01 -7.939266413450241089e-02 -2.617525160312652588e-01 -3.863564878702163696e-02 -6.014265418052673340e-01 -3.752939999103546143e-01 1.142808496952056885e-01 -3.347423672676086426e-02 -5.447867140173912048e-02 2.955856025218963623e-01 -1.589347720146179199e-01 1.568227112293243408e-01 -2.247990369796752930e-01 1.300912201404571533e-01 2.892419993877410889e-01 2.618554234504699707e-02 -3.198831677436828613e-01 1.504957675933837891e-01 3.002302646636962891e-01 3.778929114341735840e-01 6.096956506371498108e-02 3.242665901780128479e-02 -2.666986286640167236e-01 1.542352885007858276e-01 -1.795372739434242249e-02 -1.419051587581634521e-01 -8.269206434488296509e-02 -7.067217230796813965e-01 8.134060353040695190e-02 1.391968429088592529e-01 1.657564565539360046e-02 1.854964941740036011e-01 -9.059789031744003296e-02 -6.616688519716262817e-02 -1.755729168653488159e-01 1.433498561382293701e-01 -3.070560991764068604e-01 6.109857559204101562e-02 -1.277852803468704224e-01 -6.480554342269897461e-01 2.175741791725158691e-01 -8.842721581459045410e-02 1.308121681213378906e-01 1.819119416177272797e-02 -9.310492128133773804e-02 2.933940291404724121e-01 -3.939976170659065247e-02 -9.533028304576873779e-02 7.795970439910888672e-01 -5.443052649497985840e-01 3.501065671443939209e-01 -6.286888122558593750e-01 9.475975483655929565e-02 2.886291444301605225e-01 -1.637899875640869141e-01 2.820450663566589355e-01 2.158105075359344482e-01 -5.302073955535888672e-01 6.308398842811584473e-01 1.605356782674789429e-01 3.237204253673553467e-01 4.609931260347366333e-02 2.069753259420394897e-01 4.561074972152709961e-01 4.899129569530487061e-01 -3.698159158229827881e-01 -6.337478160858154297e-01 2.449163049459457397e-01 -5.137865543365478516e-01 2.908287048339843750e-01 -2.777309715747833252e-01 2.702379226684570312e-01 4.571208655834197998e-01 -1.642610877752304077e-01 2.757057361304759979e-02 4.181403815746307373e-01 3.230585753917694092e-01 7.725024968385696411e-02 -5.343713760375976562e-01 2.990156114101409912e-01 -2.393360137939453125e-01 7.108886539936065674e-02 -4.206227958202362061e-01 2.003592401742935181e-01 -3.870029747486114502e-01 2.102611586451530457e-02 -6.836528182029724121e-01 1.290735006332397461e-01 -1.666542291641235352e-01 1.955067515373229980e-01 -3.217928111553192139e-01 2.455012872815132141e-03 -5.277561955153942108e-03 3.742004036903381348e-01 -4.476594924926757812e-01 6.368675231933593750e-01 1.283608078956604004e-01 -2.665637135505676270e-01 6.010020971298217773e-01 3.746952712535858154e-01 -2.174996286630630493e-01 -4.093549549579620361e-01 1.459856182336807251e-01 1.106682121753692627e-01 3.976039588451385498e-01 -5.776189565658569336e-01 3.883182108402252197e-01 5.179732441902160645e-01 -3.722438216209411621e-01 -2.903271615505218506e-01 -3.832724690437316895e-01 2.265939116477966309e-01 6.406392455101013184e-01 2.049337029457092285e-01 5.154265165328979492e-01 -2.157731167972087860e-02 4.970077276229858398e-01 -8.392285108566284180e-01 2.778094708919525146e-01 -2.074672095477581024e-02 2.207262814044952393e-01 -1.259597092866897583e-01 6.028322502970695496e-02 1.421529054641723633e-01 6.114091277122497559e-01 6.317179799079895020e-01 3.843349218368530273e-02 -1.547640264034271240e-01 2.027249932289123535e-01 -2.951960824429988861e-02 4.194764494895935059e-01 3.196172416210174561e-01 1.559691131114959717e-01 3.217767551541328430e-02 -5.076267123222351074e-01 -1.504383683204650879e-01 -1.658641695976257324e-01 -2.166403532028198242e-01 -1.940344870090484619e-01 6.144039034843444824e-01 4.805806577205657959e-01 -1.735137104988098145e-01 3.501648083329200745e-02 2.761270105838775635e-01 -6.580319255590438843e-03 4.390323460102081299e-01 2.983340620994567871e-01 5.999928712844848633e-01 2.804099619388580322e-01 3.243508562445640564e-02 2.081914395093917847e-01 -1.179441884160041809e-01 -5.982168316841125488e-01 -4.383334815502166748e-01 3.649362623691558838e-01 -8.956314623355865479e-02 -1.974300444126129150e-01 9.855690598487854004e-02 -1.317165791988372803e-01 -2.130038663744926453e-02 -4.236181825399398804e-02 1.150543391704559326e-01 -1.366387158632278442e-01 6.444951295852661133e-01 -5.672272443771362305e-01 -1.886760629713535309e-02 3.405882045626640320e-02 1.551663130521774292e-01 2.119583040475845337e-01 -1.458748709410429001e-02 6.354956626892089844e-01 1.992416381835937500e-01 4.941556751728057861e-01 -4.665305465459823608e-02 3.608185052871704102e-02 2.085666656494140625e-01 -4.762909412384033203e-01 -5.081671476364135742e-01 5.190333724021911621e-01 -2.356276661157608032e-02 -1.609149724245071411e-01 8.756662718951702118e-03 -4.487653449177742004e-02 -5.206564664840698242e-01 -4.374122619628906250e-02 1.651666611433029175e-01 -3.275282382965087891e-01 -2.084528952836990356e-01 1.225683242082595825e-01 -2.642948031425476074e-01 2.531821094453334808e-02 8.462911844253540039e-02 1.120302677154541016e-01 3.079348206520080566e-01 9.587518125772476196e-02 -2.766340970993041992e-01 -4.847281426191329956e-02 6.794726848602294922e-01 3.209665790200233459e-02 1.870364844799041748e-01 -1.106572970747947693e-01 -7.699779421091079712e-02 2.334471791982650757e-01 2.787273824214935303e-01 4.280774891376495361e-01 5.582819692790508270e-03 5.535863041877746582e-01 -1.627979427576065063e-02 2.696444839239120483e-02 5.237581729888916016e-01 2.055708020925521851e-01 -5.698125436902046204e-02 -4.522293806076049805e-01 3.595170974731445312e-01 5.293194949626922607e-02 3.593633472919464111e-01 3.658512532711029053e-01 2.433927655220031738e-01 1.815071851015090942e-01 3.132512569427490234e-01 -3.557393848896026611e-01 2.809685766696929932e-01 -4.476108774542808533e-02 6.532022356986999512e-02 -1.841320097446441650e-01 3.210785388946533203e-01 3.500339388847351074e-01 -6.166475638747215271e-02 2.247298508882522583e-01 1.666924804449081421e-01 1.169445812702178955e-01 2.951290309429168701e-01 -3.641365766525268555e-01 2.337173521518707275e-01 1.870287954807281494e-01 2.447386384010314941e-01 -3.566266000270843506e-01 -1.734910458326339722e-01 2.557879090309143066e-01 8.207571506500244141e-02 8.739445209503173828e-01 2.270844876766204834e-01 5.349231362342834473e-01 1.891268789768218994e-01 3.849988281726837158e-01 -6.439564228057861328e-01 2.110139280557632446e-01 -1.860737949609756470e-01 2.135907262563705444e-01 -1.736368983983993530e-01 -1.820385456085205078e-01 -1.298058927059173584e-01 -4.294811561703681946e-02 5.482935905456542969e-02 -3.304057568311691284e-02 3.650275468826293945e-01 -4.208197593688964844e-01 -3.132047951221466064e-01 -4.982550442218780518e-02 1.415577083826065063e-01 5.104072690010070801e-01 -2.063294351100921631e-01 -8.317621946334838867e-01 2.996918261051177979e-01 3.203092217445373535e-01 -6.563600301742553711e-01 2.562930881977081299e-01 -1.036571785807609558e-01 -2.311642318964004517e-01 2.881951928138732910e-01 7.427889704704284668e-01 1.142130792140960693e-02 -8.044130355119705200e-02 3.420230001211166382e-02 9.136424213647842407e-02 5.321314334869384766e-01 4.707917571067810059e-02 -5.524898171424865723e-01 3.993992209434509277e-01 2.980867922306060791e-01 2.297199815511703491e-01 -1.404667347669601440e-01 3.734604269266128540e-02 4.698607921600341797e-01 -2.259899228811264038e-01 3.332636654376983643e-01 -3.112756907939910889e-01 2.219463735818862915e-01 -9.507140517234802246e-02 4.853968620300292969e-01 7.955774664878845215e-02 -2.559557259082794189e-01 3.911170661449432373e-01 7.674323767423629761e-02 6.539890170097351074e-02 -4.387778043746948242e-01 2.086383402347564697e-01 -8.416457474231719971e-02 -3.030725382268428802e-02 4.185592234134674072e-01 4.695376157760620117e-01 -2.425304427742958069e-02 -5.038406848907470703e-01 -1.922078579664230347e-01 1.816063523292541504e-01 1.521464288234710693e-01 -7.103067636489868164e-02 1.954455673694610596e-01 4.155552089214324951e-01 5.683328509330749512e-01 5.007386207580566406e-01 3.786017894744873047e-01 3.037203103303909302e-03 -9.593126922845840454e-02 2.751013636589050293e-01 -2.184150218963623047e-01 -3.549201190471649170e-01 3.997084498405456543e-02 -3.725172877311706543e-01 -9.359277039766311646e-02 4.369431734085083008e-01 -4.025596380233764648e-01 -2.617006003856658936e-01 3.023781776428222656e-01 6.892766058444976807e-02 2.714567482471466064e-01 2.187731415033340454e-01 2.624832391738891602e-01 1.261559128761291504e-01 -2.605061829090118408e-01 -2.442306466400623322e-02 1.484436541795730591e-01 5.794701576232910156e-01 -2.994146049022674561e-01 2.231484353542327881e-01 2.708956003189086914e-01 -2.530196309089660645e-01 2.807199358940124512e-01 8.339945226907730103e-02 2.029905766248703003e-01 6.464511156082153320e-01 -4.246656298637390137e-01 1.220879107713699341e-01 4.766012728214263916e-01 2.393874973058700562e-01 3.206220567226409912e-01 -6.002243235707283020e-02 9.553796797990798950e-02 -6.262594461441040039e-02 3.292804062366485596e-01 -1.747515350580215454e-01 1.220516040921211243e-01 -1.606284677982330322e-01 -3.697746992111206055e-01 2.258778549730777740e-02 -4.816716313362121582e-01 2.353552877902984619e-01 5.083714127540588379e-01 3.368225693702697754e-01 3.780978620052337646e-01 3.664915263652801514e-01 -2.614643275737762451e-01 3.855628371238708496e-01 -2.036304920911788940e-01 -3.292026817798614502e-01 2.086409367620944977e-03 5.524150729179382324e-01 1.155505049973726273e-02 2.110464423894882202e-01 1.738941669464111328e-01 -3.934087157249450684e-01 -1.868396401405334473e-01 6.727456450462341309e-01 4.081981182098388672e-01 2.456499040126800537e-01 -7.649841904640197754e-02 5.829638838768005371e-01 2.059252262115478516e-01 5.784054994583129883e-01 -1.042956233024597168e+00 -1.073089689016342163e-01 1.109239682555198669e-01 -4.879569113254547119e-01 -5.320668220520019531e-02 -3.578717708587646484e-01 -1.016872167587280273e+00 -3.236932158470153809e-01 1.553711891174316406e-01 5.995514243841171265e-02 3.833086490631103516e-01 -2.307618707418441772e-01 -2.543201446533203125e-01 -4.479431211948394775e-01 2.876017689704895020e-01 3.895985484123229980e-01 2.839841544628143311e-01 3.763654232025146484e-01 -4.791335165500640869e-01 3.783448338508605957e-01 -4.908099770545959473e-01 1.346187107264995575e-02 -2.345148026943206787e-01 -3.637095093727111816e-01 -3.725247681140899658e-01 6.010016053915023804e-02 -1.969429552555084229e-01 -5.480925366282463074e-02 -1.092955768108367920e-01 2.975494563579559326e-01 1.356775164604187012e-01 -2.169646173715591431e-01 6.897847652435302734e-01 2.212268561124801636e-01 4.789833724498748779e-01 8.048525452613830566e-02 -2.162801176309585571e-01 1.024195030331611633e-01 -1.477070897817611694e-01 2.245795577764511108e-01 -4.608993604779243469e-02 -3.826846778392791748e-01 6.066329404711723328e-02 1.157627347856760025e-02 6.436951458454132080e-02 -3.804468810558319092e-01 -3.944082185626029968e-03 1.232912391424179077e-01 3.194082081317901611e-01 3.706708550453186035e-01 8.018536120653152466e-02 -2.697891555726528168e-02 -1.368221789598464966e-01 -4.862046241760253906e-01 2.634426057338714600e-01 3.450376987457275391e-01 4.141001999378204346e-01 3.758306801319122314e-01 9.495259821414947510e-02 4.470793604850769043e-01 -7.313834130764007568e-02 -2.933389320969581604e-02 -7.864692211151123047e-01 -2.961162924766540527e-01 2.482157051563262939e-01 7.222532629966735840e-01 -5.763752758502960205e-02 2.088529169559478760e-01 8.156436681747436523e-01 3.467907309532165527e-01 -2.742739021778106689e-01 9.100916981697082520e-02 -2.298006564378738403e-01 1.316918730735778809e-01 2.811339795589447021e-01 -9.735970199108123779e-02 1.940633654594421387e-01 -1.919199675321578979e-01 8.895838260650634766e-02 3.301246762275695801e-01 1.176594123244285583e-01 2.914335429668426514e-01 6.613767147064208984e-02 5.976425409317016602e-01 5.201652646064758301e-01 3.988998532295227051e-01 2.914144843816757202e-02 -5.858058333396911621e-01 1.123354732990264893e-01 1.037215113639831543e+00 2.405917830765247345e-02 5.363127589225769043e-01 3.672945797443389893e-01 4.160565435886383057e-01 -6.655126214027404785e-01 2.956050038337707520e-01 -5.183061957359313965e-01 4.311070591211318970e-02 -1.081654280424118042e-01 -1.466848552227020264e-01 3.605383932590484619e-01 -7.019622325897216797e-01 -4.433915019035339355e-01 1.266763061285018921e-01 1.730703264474868774e-01 -7.922830581665039062e-01 1.159922778606414795e-01 -1.097628474235534668e+00 -1.169953197240829468e-01 -1.018628105521202087e-01 5.111991167068481445e-01 -1.430824398994445801e-01 4.231116548180580139e-02 1.593880653381347656e-01 3.330076634883880615e-01 3.748742491006851196e-02 -2.352667301893234253e-01 3.772449493408203125e-01 -9.785137325525283813e-02 2.879855409264564514e-02 3.725683391094207764e-01 7.407268136739730835e-02 2.220472544431686401e-01 -4.132857322692871094e-01 2.515634894371032715e-01 1.933470368385314941e-01 4.549694061279296875e-02 3.811946213245391846e-01 2.978176474571228027e-01 -1.483998298645019531e-01 4.107296466827392578e-01 2.882298231124877930e-01 4.656078666448593140e-02 1.722032874822616577e-01 -4.836221784353256226e-02 5.677118152379989624e-02 -1.072939395904541016e+00 8.516243100166320801e-02 7.472663372755050659e-02 7.549912482500076294e-02 -6.189765781164169312e-02 2.834310755133628845e-03 3.019097447395324707e-01 -4.256074428558349609e-01 -5.380205512046813965e-01 -2.358266860246658325e-01 1.470338404178619385e-01 -1.303781718015670776e-01 4.250374436378479004e-01 -4.307878762483596802e-02 1.634243428707122803e-01 3.842896223068237305e-02 4.643424451351165771e-01 3.779839873313903809e-01 2.805825173854827881e-01 3.285238444805145264e-01 -2.906583845615386963e-01 -5.166594386100769043e-01 1.975058913230895996e-01 -3.001334071159362793e-01 -3.501885235309600830e-01 -4.646800458431243896e-02 4.524504765868186951e-02 3.384485840797424316e-01 5.451693665236234665e-03 -1.289535500109195709e-02 3.895309567451477051e-01 1.613625437021255493e-01 -2.671772539615631104e-01 -1.685431152582168579e-01 5.276246070861816406e-01 1.237515881657600403e-01 4.445573687553405762e-01 -5.612330436706542969e-01 3.210896626114845276e-02 -1.269357204437255859e-01 1.610615849494934082e-01 -2.006331533193588257e-01 -1.351625472307205200e-01 8.457882702350616455e-02 7.801523804664611816e-02 2.446541935205459595e-01 1.505083292722702026e-01 -3.070783615112304688e-01 1.804448664188385010e-02 1.348962038755416870e-01 6.201131939888000488e-01 -1.023805737495422363e+00 -4.231226742267608643e-01 2.080050855875015259e-01 -5.239515006542205811e-02 1.946700811386108398e-01 -5.028228163719177246e-01 -1.591429859399795532e-01 3.643179312348365784e-02 2.573852539062500000e-01 -5.952032208442687988e-01 2.562358975410461426e-01 2.104321271181106567e-01 8.526200801134109497e-02 3.552034497261047363e-01 -4.676467478275299072e-01 1.892133355140686035e-01 1.616668403148651123e-01 1.164336204528808594e-01 -1.536474823951721191e-01 2.023806273937225342e-01 -5.663654804229736328e-01 4.865380823612213135e-01 2.791808731853961945e-02 -1.370112746953964233e-01 -3.912696838378906250e-01 2.045321911573410034e-01 2.548237740993499756e-01 -3.507274091243743896e-01 -4.267563819885253906e-01 3.819177746772766113e-01 -2.637010216712951660e-01 1.149919480085372925e-01 3.580845296382904053e-01 -4.360107779502868652e-01 1.171545907855033875e-01 5.361841320991516113e-01 -5.988773703575134277e-01 1.138355135917663574e-01 -4.731722772121429443e-01 -1.668682694435119629e-01 -3.878955170512199402e-02 1.570368856191635132e-01 4.631764888763427734e-01 -4.952504858374595642e-02 2.684251368045806885e-01 3.577275574207305908e-01 -4.208850562572479248e-01 1.541779637336730957e-01 -3.144522905349731445e-01 -2.642706334590911865e-01 -1.458565115928649902e+00 -5.736442208290100098e-01 2.522210031747817993e-02 -1.793917715549468994e-01
