8.190853893756866455e-02 8.533135801553726196e-02 2.821458578109741211e-01 -1.050695419311523438e+00 -3.444769978523254395e-02 -3.059370517730712891e-01 -5.631667971611022949e-01 -1.151186108589172363e+00 -4.276645779609680176e-01 -2.688906788825988770e-01 9.882631897926330566e-02 -2.299755811691284180e-03 5.063850283622741699e-01 3.147279322147369385e-01 -8.423562645912170410e-01 -3.116532564163208008e-01 -3.814179003238677979e-01 3.935236111283302307e-02 1.518655419349670410e-01 1.872970759868621826e-01 5.142230391502380371e-01 3.327709063887596130e-02 4.829354584217071533e-02 1.369281858205795288e-01 5.195831060409545898e-01 4.444950222969055176e-01 -2.243401706218719482e-01 -2.224415540695190430e-02 -6.027921438217163086e-01 1.977006494998931885e-01 4.658127725124359131e-01 4.452981054782867432e-01 3.495934307575225830e-01 1.195413898676633835e-02 -2.012746185064315796e-01 2.151717394590377808e-01 -3.009042143821716309e-01 2.894833385944366455e-01 -2.431641519069671631e-01 1.941313892602920532e-01 5.876793339848518372e-02 -6.204127073287963867e-01 3.229614719748497009e-02 1.534295380115509033e-01 -2.849860787391662598e-01 -1.272003352642059326e-01 3.696794211864471436e-01 2.595615088939666748e-01 -1.117955669760704041e-01 2.859144508838653564e-01 2.076018899679183960e-01 3.251335322856903076e-01 1.660898029804229736e-01 1.427247673273086548e-01 -7.325037121772766113e-01 3.921003937721252441e-01 -4.099503755569458008e-01 -2.626030147075653076e-01 -7.017569243907928467e-02 -1.204840540885925293e-01 1.904463395476341248e-03 -4.763393104076385498e-01 -4.328953027725219727e-01 5.505905300378799438e-02 -5.403658747673034668e-01 1.242892444133758545e-01 3.961585164070129395e-01 5.205697417259216309e-01 4.171639680862426758e-01 2.914184331893920898e-01 5.774244666099548340e-01 3.486264050006866455e-01 3.065607249736785889e-01 -1.942365318536758423e-01 -4.387554526329040527e-01 1.197663843631744385e-01 9.136974811553955078e-02 -2.029554992914199829e-01 4.082323014736175537e-01 4.969872906804084778e-02 -3.268132507801055908e-01 5.116608142852783203e-01 1.873375922441482544e-01 -1.193775795400142670e-02 -1.121333390474319458e-01 2.777506411075592041e-01 3.468234241008758545e-01 -8.801817893981933594e-01 -6.095849350094795227e-02 -3.075459301471710205e-01 4.887250959873199463e-01 -6.016740202903747559e-01 -2.234723269939422607e-01 -4.023864865303039551e-01 5.671221613883972168e-01 5.849024057388305664e-01 3.700663745403289795e-01 5.219293832778930664e-01 5.407773330807685852e-02 -2.224684059619903564e-01 1.790915280580520630e-01 -2.140319198369979858e-01 4.466941952705383301e-01 1.113949269056320190e-01 4.390986859798431396e-01 -3.289940059185028076e-01 2.140075266361236572e-01 2.696789801120758057e-01 -4.129876792430877686e-01 4.732751250267028809e-01 -1.690749675035476685e-01 -1.908909976482391357e-01 3.016715347766876221e-01 -3.874992020428180695e-03 2.195863276720046997e-01 -1.724097505211830139e-02 5.029182136058807373e-02 -6.044167280197143555e-01 2.277614921331405640e-01 4.444595873355865479e-01 1.057634279131889343e-01 -1.567567229270935059e+00 6.876140832901000977e-02 1.119056940078735352e-01 2.897433936595916748e-01 1.303125470876693726e-01 -1.194881722331047058e-01 5.532052516937255859e-01 -1.435933820903301239e-02 -4.976822733879089355e-01 7.802810519933700562e-03 -9.705071151256561279e-02 4.747298359870910645e-01 1.074401438236236572e-01 -7.758403569459915161e-02 -4.635607302188873291e-01 -1.225775182247161865e-01 -1.874447315931320190e-01 2.211854308843612671e-01 -7.493069767951965332e-01 4.835445582866668701e-01 -3.622834384441375732e-02 2.035859525203704834e-01 -9.221380949020385742e-02 8.155227303504943848e-01 1.641140282154083252e-01 -4.202619791030883789e-01 3.181172013282775879e-01 2.385465651750564575e-01 -5.913268327713012695e-01 8.725698292255401611e-02 1.762265861034393311e-01 -1.969838887453079224e-01 4.505874514579772949e-01 3.371547460556030273e-01 2.640896737575531006e-01 -1.191229298710823059e-01 3.707688748836517334e-01 -1.577665060758590698e-01 3.894391059875488281e-01 6.919568181037902832e-01 -3.887413740158081055e-01 7.732275873422622681e-02 1.163051426410675049e-01 -6.956440210342407227e-02 -5.609249696135520935e-02 8.017128109931945801e-01 2.274107933044433594e-02 1.224068403244018555e-01 2.766949236392974854e-01 2.954747378826141357e-01 2.592196762561798096e-01 -1.440630406141281128e-01 -5.003733634948730469e-01 4.687797725200653076e-01 2.762779593467712402e-01 5.576474070549011230e-01 6.555435061454772949e-02 -4.638276100158691406e-01 -2.624426782131195068e-01 3.836868107318878174e-01 6.263850629329681396e-02 1.175311952829360962e-01 -7.679615169763565063e-02 -2.356455475091934204e-02 -4.496799409389495850e-01 1.669497191905975342e-01 -1.289851367473602295e-01 -3.678942322731018066e-01 4.320372343063354492e-01 1.789000071585178375e-02 2.262281328439712524e-01 4.567981511354446411e-02 8.359397202730178833e-02 -3.956253454089164734e-02 2.459470033645629883e-01 -3.228294253349304199e-01 -1.987523585557937622e-01 4.969189465045928955e-01 -2.732664942741394043e-01 1.890954002737998962e-02 -2.191646248102188110e-01 6.207868456840515137e-01 -2.257624417543411255e-01 5.994630455970764160e-01 2.371990233659744263e-01 -1.815536916255950928e-01 -3.377719223499298096e-01 -6.979510188102722168e-01 -1.215649247169494629e-01 5.170910358428955078e-01 1.736957430839538574e-01 -1.395589560270309448e-01 -1.825986653566360474e-01 1.767080724239349365e-01 2.858233153820037842e-01 -2.143886983394622803e-01 -1.165480390191078186e-01 4.697644710540771484e-02 -1.031943038105964661e-01 7.431025505065917969e-01 -1.084324270486831665e-01 2.536244988441467285e-01 3.143831491470336914e-01 -2.021553926169872284e-02 -3.804135322570800781e-01 -4.137332439422607422e-01 -3.366134762763977051e-01 2.551664412021636963e-01 6.339132785797119141e-01 1.327300220727920532e-01 4.207659363746643066e-01 2.674409747123718262e-01 -3.881685435771942139e-01 5.627992004156112671e-02 2.774109542369842529e-01 -2.994093298912048340e-01 -2.380871586501598358e-02 2.262974530458450317e-01 -3.404583632946014404e-01 2.358842343091964722e-01 3.181043565273284912e-01 -8.839635550975799561e-02 2.355431616306304932e-01 3.292548358440399170e-01 -1.003166213631629944e-01 1.920389086008071899e-01 1.759374439716339111e-01 -5.198186263442039490e-04 4.534428119659423828e-01 -3.745117485523223877e-01 4.352047443389892578e-01 1.887664794921875000e-01 1.973820328712463379e-01 1.112629845738410950e-01 1.008605882525444031e-01 6.204811930656433105e-01 3.654270768165588379e-01 1.783445030450820923e-01 1.127671152353286743e-01 -3.768792003393173218e-02 -1.783718466758728027e-01 1.308639347553253174e-01 2.225097566843032837e-01 -1.201143860816955566e-02 4.592987149953842163e-02 3.461482822895050049e-01 3.669293820858001709e-01 8.662561327219009399e-02 4.106425344944000244e-01 4.077199995517730713e-01 4.339529275894165039e-01 1.392647176980972290e-01 -9.216842800378799438e-02 2.413128167390823364e-01 -9.915845394134521484e-01 4.715312421321868896e-01 8.953089267015457153e-02 -5.640389025211334229e-02 5.979170799255371094e-01 1.923179775476455688e-01 3.455824851989746094e-01 2.072618575766682625e-03 1.069879159331321716e-01 3.208781778812408447e-01 2.581025063991546631e-01 -4.654394090175628662e-01 -7.640455663204193115e-02 -1.555026769638061523e+00 1.878527551889419556e-01 -1.749169379472732544e-01 2.313261628150939941e-01 -3.402036726474761963e-01 -2.058529406785964966e-01 1.822251528501510620e-01 -2.321316897869110107e-01 -1.335584819316864014e-01 -1.106937378644943237e-01 -5.381705164909362793e-01 4.666359424591064453e-01 1.389497369527816772e-01 1.043944358825683594e-01 -6.862580031156539917e-02 6.901263594627380371e-01 -6.231856942176818848e-01 -1.211659535765647888e-01 -5.494918301701545715e-02 -2.742141671478748322e-02 2.887999713420867920e-01 -5.504330396652221680e-01 2.676047384738922119e-01 4.435418248176574707e-01 -2.469313889741897583e-01 5.584078431129455566e-01 -1.152623221278190613e-01 2.927582561969757080e-01 2.565758302807807922e-02 -4.142472147941589355e-02 1.892577111721038818e-01 3.741686344146728516e-01 -2.715017497539520264e-01 -5.617875233292579651e-02 -5.791182816028594971e-02 -6.288533806800842285e-01 4.189870357513427734e-01 -9.139015525579452515e-02 3.456233441829681396e-01 -7.099722623825073242e-01 -5.208438634872436523e-01 4.992808401584625244e-01 4.204437732696533203e-01 2.131968587636947632e-01 2.276466339826583862e-01 -2.444312721490859985e-01 4.049373567104339600e-01 1.885464489459991455e-01 -1.889044046401977539e-01 3.691234886646270752e-01 3.888159990310668945e-01 5.579896569252014160e-01 -2.370988279581069946e-01 1.951967626810073853e-01 -1.355405598878860474e-01 6.016174703836441040e-02 2.353737652301788330e-01 -6.877724081277847290e-02 1.352281272411346436e-01 3.638951182365417480e-01 -1.242594718933105469e-01 4.119284749031066895e-01 1.660780049860477448e-02 6.769943833351135254e-01 -9.366865158081054688e-01 1.207509264349937439e-01 1.249807029962539673e-01 4.290564656257629395e-01 2.609393000602722168e-01 -5.034891963005065918e-01 3.596604764461517334e-01 -6.009453535079956055e-01 -9.052695333957672119e-02 1.367080360651016235e-01 5.203742384910583496e-01 2.716569900512695312e-01 -1.189025267958641052e-01 1.437920033931732178e-01 -1.251102685928344727e-01 -5.144391655921936035e-01 5.217660963535308838e-02 3.453594446182250977e-01 -9.901406615972518921e-02 6.957589089870452881e-02 -3.753594309091567993e-02 2.534882128238677979e-01 -3.687381744384765625e-02 -1.268041580915451050e-01 4.123239517211914062e-01 -6.294336915016174316e-02 3.075590729713439941e-01 -3.911774754524230957e-01 3.422036767005920410e-01 4.434434771537780762e-01 3.571658730506896973e-01 1.451754942536354065e-04 4.597741663455963135e-01 1.213353350758552551e-01 1.155557334423065186e-01 5.661078691482543945e-01 -5.880632996559143066e-02 -2.052102386951446533e-01 2.197775244712829590e-01 -3.547774851322174072e-01 6.366039812564849854e-02 -1.453010290861129761e-01 3.386795818805694580e-01 -2.308942973613739014e-01 -2.319552302360534668e-01 -3.780989721417427063e-02 -4.149392247200012207e-01 -1.496282100677490234e+00 2.237204462289810181e-03 4.291843995451927185e-02 3.096018731594085693e-01 2.752132415771484375e-01 3.983082175254821777e-01 -1.393212843686342239e-02 -1.773519068956375122e-01 2.851799726486206055e-01 2.081180512905120850e-01 -5.749124661087989807e-02 -2.604912966489791870e-02 -3.425014317035675049e-01 -3.268972039222717285e-01 2.365913689136505127e-01 1.715358197689056396e-01 5.881337821483612061e-02 5.896880030632019043e-01 -3.423167765140533447e-01 -1.482606530189514160e-01 -2.850793302059173584e-01 -2.777535095810890198e-02 1.550740152597427368e-01 -3.540087044239044189e-01 2.169275134801864624e-01 2.215049862861633301e-01 7.029992938041687012e-01 -1.660418212413787842e-01 5.054719448089599609e-01 8.953604102134704590e-02 6.485837101936340332e-01 2.300324589014053345e-01 2.136655002832412720e-01 2.762100696563720703e-01 3.590984344482421875e-01 -6.070855259895324707e-01 -3.628681600093841553e-01 9.805741161108016968e-02 5.225679874420166016e-01 2.208240330219268799e-01 1.036775037646293640e-01 2.878395915031433105e-01 -1.241272240877151489e-01 -6.662601232528686523e-01 2.343003749847412109e-01 -4.915058612823486328e-01 1.891283541917800903e-01 2.304593622684478760e-01 -2.185527794063091278e-02 -3.417634367942810059e-01 -1.153342843055725098e+00 2.415231317281723022e-01 -3.119040131568908691e-01 3.604881763458251953e-01 -7.027812302112579346e-02 -1.305135965347290039e+00 1.670316010713577271e-01 6.421236395835876465e-01 2.692679166793823242e-01 -3.718841820955276489e-02 2.283822745084762573e-01 1.461012810468673706e-01 3.599666655063629150e-01 5.028282105922698975e-02 -1.513715684413909912e-01 3.631536364555358887e-01 -8.671362996101379395e-01 -3.461446166038513184e-01 5.612909197807312012e-01 -6.746541857719421387e-01 -4.609379172325134277e-02 2.204962968826293945e-01 3.887208104133605957e-01 1.685184389352798462e-01 2.921337485313415527e-01 1.626983582973480225e-01 8.939865231513977051e-02 2.680594027042388916e-01 -4.401061683893203735e-02 3.993293642997741699e-01 3.426302373409271240e-01 7.304077744483947754e-01 3.038471043109893799e-01 2.762493789196014404e-01 -6.855151653289794922e-01 -4.900710582733154297e-01 3.023386746644973755e-02 2.797627821564674377e-02 1.167296990752220154e-02 -1.732192039489746094e-01 -6.183767914772033691e-01 1.646204739809036255e-01 1.090429425239562988e-01 -1.969418078660964966e-01 2.979900538921356201e-01 -3.107351958751678467e-01 -8.559872210025787354e-02 5.118083953857421875e-01 -1.433887183666229248e-01 7.658557593822479248e-02 -2.543642222881317139e-01 1.188196837902069092e-01 1.636758148670196533e-01 2.826422154903411865e-01 1.774829179048538208e-01 3.337526619434356689e-01 5.966895818710327148e-01 9.271437674760818481e-02 1.111247986555099487e-01 2.323280274868011475e-01 -2.321489341557025909e-02 -7.711505144834518433e-02 -1.254834085702896118e-01 -1.601691991090774536e-01 2.241939455270767212e-01 -2.333192825317382812e-01 7.121549248695373535e-01 -6.351961195468902588e-02 1.749522835016250610e-01 -1.113200187683105469e+00 -4.104159027338027954e-02 -4.630732163786888123e-02 -3.371106982231140137e-01 -9.559750556945800781e-02 -8.721682429313659668e-02 6.484040617942810059e-02 4.844034016132354736e-01 1.706205010414123535e-01 4.005949497222900391e-01 1.624084264039993286e-02 4.444551840424537659e-02 1.829702854156494141e-01 9.798276424407958984e-02 -3.650159016251564026e-02 -6.316168904304504395e-01 1.784047186374664307e-01 2.838616371154785156e-01 -8.596506714820861816e-01 -1.563705950975418091e-01 4.725525379180908203e-01 -3.340383172035217285e-01 -2.999776005744934082e-01 -2.251889109611511230e-01 -3.878432512283325195e-01 -1.044195145368576050e-01 2.847883701324462891e-01 4.414596557617187500e-01 -1.015336632728576660e+00 -1.839235192164778709e-03 -9.023138880729675293e-02 1.584320664405822754e-01 -2.048397511243820190e-01 -4.412230253219604492e-01 -6.195374205708503723e-02 -4.371280372142791748e-01 3.864466398954391479e-02 8.285161107778549194e-02 4.967008829116821289e-01 4.568258821964263916e-01 -2.131574451923370361e-01 8.408952951431274414e-01 1.937256455421447754e-01 1.831208467483520508e-01 -4.884481430053710938e-01 -4.146547615528106689e-01 -2.884492576122283936e-01 -3.897153437137603760e-01 3.010106980800628662e-01 4.391986131668090820e-01 3.581574559211730957e-01 -5.116875469684600830e-02 -9.552070498466491699e-01 3.645743727684020996e-01 3.176187276840209961e-01 3.732070326805114746e-01 3.200958967208862305e-01 -3.843505978584289551e-01 -1.328184083104133606e-02 -1.008295297622680664e+00 5.753938108682632446e-02 -3.556899428367614746e-01 -5.986841320991516113e-01 -1.307975500822067261e-01 2.663830816745758057e-01 -7.226751744747161865e-02 -5.901926755905151367e-01 4.288365840911865234e-01 1.414179205894470215e-01 -3.893224895000457764e-01 7.474970072507858276e-02 1.313320547342300415e-01 4.269864410161972046e-02 4.997634589672088623e-01 -3.189223706722259521e-01 2.132928967475891113e-01 7.644762098789215088e-02 2.689338624477386475e-01 4.898645877838134766e-01 5.352399945259094238e-01 4.638349637389183044e-02 7.402169704437255859e-02 1.876162588596343994e-01 -3.920399025082588196e-02 -6.205093860626220703e-01 -3.602639138698577881e-01 1.448778361082077026e-01 -2.930996716022491455e-01 -7.555998861789703369e-03 2.998813986778259277e-01 -5.832083821296691895e-01 -1.214279234409332275e-01 1.664744615554809570e-01 -2.754663862287998199e-02 -3.927623853087425232e-02 -4.719276428222656250e-01 2.398860156536102295e-01 1.506782323122024536e-01 -3.680066205561161041e-03 2.532528340816497803e-01 7.602269053459167480e-01 6.830167174339294434e-01 2.672986984252929688e-01 3.779029548168182373e-01 -1.994608044624328613e-01 1.472930703312158585e-02 -3.629515767097473145e-01 -8.388900011777877808e-02 -2.421737462282180786e-01 -6.050904989242553711e-01 3.221467435359954834e-01 -1.458688378334045410e-01 3.949108421802520752e-01 2.672999799251556396e-01 2.398869991302490234e-01 -7.480830699205398560e-02 5.278233885765075684e-01 -7.448077946901321411e-02 3.225716948509216309e-01 3.902385383844375610e-02 -2.655197083950042725e-01 -1.253180764615535736e-02 9.757950901985168457e-04 6.236703991889953613e-01 2.795515395700931549e-02 1.871613562107086182e-01 -4.508709013462066650e-01 -5.093192458152770996e-01 2.976584136486053467e-01 4.014447033405303955e-01 -2.332995086908340454e-01 -2.021906822919845581e-01 1.096039079129695892e-02 5.306493490934371948e-02 3.761710226535797119e-01 -6.260162591934204102e-02 -1.660468988120555878e-02 -1.468759655952453613e+00 2.826262116432189941e-01 3.174750208854675293e-01 3.821426331996917725e-01 -1.306027173995971680e-01 1.378532052040100098e-01 1.533549129962921143e-01 3.925934433937072754e-01 2.184834480285644531e-01 2.959472537040710449e-01 8.827915042638778687e-02 1.934823095798492432e-01 2.208026647567749023e-01 1.055939644575119019e-01 2.185221910476684570e-01 -3.385047614574432373e-01 2.149234712123870850e-01 1.016307100653648376e-01 -1.780965924263000488e-01 8.706381171941757202e-02 6.342224776744842529e-03 2.319385856389999390e-01 -8.990046381950378418e-01 3.338649570941925049e-01 7.085263729095458984e-01 -3.992873430252075195e-01 1.138326972723007202e-01 1.359051465988159180e-01 -1.120785832405090332e+00 -4.892843961715698242e-01 -2.160955220460891724e-01 -1.613769829273223877e-01 -3.315339982509613037e-01 6.089122220873832703e-02 -3.899630159139633179e-02 2.929180487990379333e-02 4.115653783082962036e-02 3.402791917324066162e-01 1.932000815868377686e-01 -2.202730625867843628e-01 -1.406822353601455688e-01 1.261392384767532349e-01 1.571472287178039551e-01 3.174288272857666016e-01 3.628977015614509583e-02 2.093695551156997681e-01 -2.728288173675537109e-01 1.450210958719253540e-01 1.422943472862243652e-01 -6.304385513067245483e-02 5.023358464241027832e-01 2.308751046657562256e-01 -2.729151844978332520e-01 -2.195080518722534180e-01 3.019109368324279785e-01 -8.381086587905883789e-02 1.603107899427413940e-01 -2.520555853843688965e-01 -3.236359357833862305e-01 2.388841360807418823e-01 6.611248850822448730e-02 4.104977548122406006e-01 -4.362238943576812744e-01 -2.267369478940963745e-01 6.314139962196350098e-01 4.381296932697296143e-01 4.013097286224365234e-01 5.060692876577377319e-02 3.719520568847656250e-01 3.499174118041992188e-01 1.837678626179695129e-02 -4.204887151718139648e-01 -1.048588454723358154e-01 -9.607323408126831055e-01 -1.407528072595596313e-01 2.142430096864700317e-01 2.985886633396148682e-01 4.395322501659393311e-02 4.320645332336425781e-01 -1.220025345683097839e-01 8.524049520492553711e-01 -2.566077709197998047e-01 -3.487953841686248779e-01 -6.636833548545837402e-01 -4.173334687948226929e-02 8.274726569652557373e-02 7.514595240354537964e-02 2.704673409461975098e-01 6.469099521636962891e-01 2.425863146781921387e-01 3.587556481361389160e-01 -3.199017047882080078e-01 -3.041379451751708984e-01 -5.549336075782775879e-01 4.251100867986679077e-02 1.584627926349639893e-01 -1.511757969856262207e-01 5.551948398351669312e-02 3.524931147694587708e-02 3.585222363471984863e-02 -4.211769402027130127e-01 2.960524708032608032e-02 8.874837309122085571e-02 9.549480676651000977e-01 2.764725387096405029e-01 -2.735702097415924072e-01 -4.519462883472442627e-01 -1.940986514091491699e-02 4.501657485961914062e-01 1.647241562604904175e-01 2.078473418951034546e-01 2.972163856029510498e-01 3.929453194141387939e-01 2.779560387134552002e-01 6.807816773653030396e-02 -2.826097011566162109e-01 -9.153767675161361694e-02 5.140030011534690857e-02 1.092076897621154785e+00 6.875932216644287109e-02 2.013336718082427979e-01 3.480682075023651123e-01 1.166421175003051758e-01 5.166029334068298340e-01 4.800405353307723999e-02 5.157514810562133789e-01 -1.349607408046722412e-01 6.286413669586181641e-01 -4.185980558395385742e-01 -2.085196413099765778e-02 4.331201910972595215e-01 -8.491163849830627441e-01 -1.224279254674911499e-01 -1.247054710984230042e-01 -1.083841174840927124e-01 -2.083130739629268646e-02 -1.859603449702262878e-02 3.549816906452178955e-01 1.115550845861434937e-01 -8.275547623634338379e-01 -1.883812993764877319e-02 -4.311231672763824463e-01 7.289410382509231567e-02 2.222769707441329956e-01 -2.395358383655548096e-01 -3.357735872268676758e-01 9.051488339900970459e-02 4.334680438041687012e-01 6.738711893558502197e-02 3.428113460540771484e-01 -1.116207480430603027e+00 -1.282248049974441528e-01 4.719945415854454041e-02 -1.856356859207153320e-01 6.173061132431030273e-01 -6.027708053588867188e-01 1.029959022998809814e-01 4.661251604557037354e-01 5.229717120528221130e-03 -1.230024471879005432e-01 1.733468770980834961e-01 1.015464887022972107e-01 2.714394964277744293e-02 -2.128737419843673706e-01 2.652554810047149658e-01 -6.575480699539184570e-01 3.669533431529998779e-01 -9.146400541067123413e-02 1.122317463159561157e-01 -6.804761290550231934e-01 -3.372999280691146851e-02 8.953915536403656006e-02 9.539090096950531006e-03 2.753092646598815918e-01 -1.655683219432830811e-01 6.909733414649963379e-01 9.713929146528244019e-02 -4.997728168964385986e-01 3.292251229286193848e-01 -1.984629482030868530e-01 3.303466737270355225e-01 9.805569052696228027e-02 2.063672095537185669e-01 1.693586260080337524e-01 -3.018092513084411621e-01 1.258916258811950684e-01 -2.788894772529602051e-01 1.941006481647491455e-01 -3.713433742523193359e-01 4.762532413005828857e-01 -5.463302135467529297e-01 -2.259214818477630615e-01 -9.666890501976013184e-01 -4.548804834485054016e-02 5.569295585155487061e-02 5.050257444381713867e-01 -8.218377083539962769e-02 -1.119409352540969849e-01 -6.495650112628936768e-02 -5.272281765937805176e-01 4.354953169822692871e-01 2.117365598678588867e-01 -7.701860368251800537e-02 -5.353215932846069336e-01 -5.093264207243919373e-02 -1.256573796272277832e+00 1.833529472351074219e-01 2.409336864948272705e-01 -2.673872411251068115e-01 -5.787161737680435181e-02 -1.179780587553977966e-01 5.548090487718582153e-02 3.714058548212051392e-02 -5.956690311431884766e-01 7.881294935941696167e-02 -3.291715681552886963e-02 -2.295644022524356842e-03 -2.110114507377147675e-02 2.992342598736286163e-02 3.760190904140472412e-01 -8.861813545227050781e-01 -4.117587804794311523e-01 4.515066146850585938e-01 -4.919939041137695312e-01 1.183166578412055969e-01 -4.958095028996467590e-02 4.319379329681396484e-01 3.884353637695312500e-01 3.029480874538421631e-01 9.968488663434982300e-02 -5.715299844741821289e-01 -3.293126523494720459e-01 4.021995142102241516e-02 -4.864296317100524902e-01 -1.932705491781234741e-01 -3.672259747982025146e-01 5.271543860435485840e-01 -5.493962764739990234e-01 4.864418879151344299e-02 4.701677560806274414e-01 -7.722602225840091705e-03 9.774294495582580566e-02 -1.570521146059036255e-01 -9.473994374275207520e-01 1.536597162485122681e-01 -3.384149968624114990e-01 4.808895289897918701e-02 4.831331223249435425e-02 9.588939696550369263e-02 4.555857479572296143e-01 -1.805659383535385132e-01 3.643159270286560059e-01 1.438871473073959351e-01 -5.661537647247314453e-01 -2.658581137657165527e-01 1.410128474235534668e-01 -1.938594281673431396e-01 5.210476517677307129e-01 -5.405454039573669434e-01 -1.382173448801040649e-01 1.240955665707588196e-01 -6.069018244743347168e-01 -5.805184245109558105e-01 -3.161559700965881348e-01 3.139824420213699341e-02 1.719613522291183472e-01 1.747234463691711426e-01 -4.558259621262550354e-02 7.716872543096542358e-02 -2.549713253974914551e-01 2.745549678802490234e-01 -4.102447330951690674e-01 3.839205205440521240e-01 5.336045026779174805e-01 2.339412569999694824e-01 9.327262639999389648e-02 -9.505317360162734985e-02 2.490857541561126709e-01 2.179703414440155029e-01 -3.760496079921722412e-01 -2.559709250926971436e-01 -7.055948972702026367e-01 7.690418511629104614e-02 -4.830437302589416504e-01 1.593157500028610229e-01 4.568741917610168457e-01 4.447487369179725647e-02 2.329110354185104370e-01 1.389477998018264771e-01 -4.559903219342231750e-02 -1.416486948728561401e-01 3.760301172733306885e-01 -3.260810971260070801e-01 -1.917569935321807861e-01 5.243021249771118164e-02 -3.514079749584197998e-01 -1.733013987541198730e-01 -9.083154797554016113e-01 9.709978848695755005e-02 3.854291737079620361e-01 -4.104165732860565186e-01 -5.821816325187683105e-01 1.993578523397445679e-01 2.749868035316467285e-01 3.930415809154510498e-01 6.620550155639648438e-02 3.796823918819427490e-01 3.002278506755828857e-01 4.431990981101989746e-01 -8.233577013015747070e-01 -1.337579339742660522e-01 3.191496133804321289e-01 6.840127110481262207e-01 3.427965342998504639e-01 -4.189383387565612793e-01 -3.934097290039062500e-01 1.226821765303611755e-01 -1.611833125352859497e-01 1.039311662316322327e-01 -1.399754136800765991e-01 8.484990149736404419e-02 -3.671446740627288818e-01 -8.226469755172729492e-01 -4.006789624691009521e-01 7.167199254035949707e-01 5.552418157458305359e-02 2.782948613166809082e-01 -3.332798182964324951e-01 -1.460196971893310547e-01 2.024734765291213989e-01 -9.131610393524169922e-02 8.858897536993026733e-02 -3.085506260395050049e-01 -2.769395411014556885e-01 -7.736895084381103516e-01 -2.595700919628143311e-01 -4.228020459413528442e-02 4.610127806663513184e-01 -4.182138442993164062e-01 3.987201154232025146e-01 7.821192592382431030e-02 -1.041896864771842957e-01 1.960449069738388062e-01 2.409276738762855530e-02 2.571299374103546143e-01 6.706003844738006592e-02 3.925714194774627686e-01 -3.222091123461723328e-03 1.673391163349151611e-01 -1.990559399127960205e-01 4.656788706779479980e-01 5.574370026588439941e-01 9.303934872150421143e-02 -7.245028391480445862e-03 -7.155717164278030396e-02 -1.821947544813156128e-01 -7.995034754276275635e-02 1.209357082843780518e-01 -1.066062003374099731e-01 1.129455957561731339e-02 2.179222553968429565e-01 -4.707214608788490295e-02 1.380033791065216064e-01 8.143985271453857422e-02 6.328365206718444824e-01 4.866474568843841553e-01 4.738370776176452637e-01 3.298818767070770264e-01 3.391977250576019287e-01 5.694572925567626953e-01 4.907776713371276855e-01 4.076586067676544189e-01 1.317682564258575439e-01 1.962462216615676880e-01 8.989824354648590088e-02 -3.706136345863342285e-01 -5.704920291900634766e-01 7.114080339670181274e-02 -3.292041122913360596e-01 9.206610172986984253e-02 -3.457481972873210907e-03 -5.075587630271911621e-01 -3.061563074588775635e-01 4.532726407051086426e-01 2.881287224590778351e-02 2.608674019575119019e-02 7.220443338155746460e-02 5.637590885162353516e-01 -6.599540263414382935e-02 -6.804534196853637695e-01 7.968574017286300659e-02 3.439396619796752930e-02 3.517739772796630859e-01 5.127993226051330566e-01 1.837672889232635498e-01 -1.580838561058044434e-01 2.436602860689163208e-01 -3.364240378141403198e-02 -7.453811168670654297e-01 1.702478528022766113e-01 3.413236737251281738e-01 -1.622608900070190430e-01 -2.690153941512107849e-02 -3.729473948478698730e-01 4.332683682441711426e-01 -5.149617791175842285e-02 1.086245924234390259e-01 2.096128277480602264e-02 2.528149783611297607e-01 3.755418658256530762e-01 2.448609471321105957e-01 -4.923928156495094299e-02 1.603841185569763184e-01 -2.303298413753509521e-01 -3.178407251834869385e-02 -5.411926284432411194e-02 -3.817452788352966309e-01 -9.741287231445312500e-01 -1.099036693572998047e+00 3.309095501899719238e-01 3.491898626089096069e-02 -2.251078486442565918e-01 1.944912672042846680e-01 -9.358165264129638672e-01 -7.930139452219009399e-02 -1.130310297012329102e+00 -4.422052204608917236e-01 2.709854245185852051e-01 1.878023296594619751e-01 1.960746347904205322e-01 1.916296035051345825e-01 2.399659156799316406e-01 4.194959402084350586e-01 -2.000421136617660522e-01 -2.624273896217346191e-01 2.912402153015136719e-02 2.140134200453758240e-02 1.951692104339599609e-01 2.418390363454818726e-01 -4.437959492206573486e-01 9.360606223344802856e-02 2.950551211833953857e-01 -4.200673401355743408e-01 -5.365021228790283203e-01 2.253181785345077515e-01 -3.892284035682678223e-01 -1.321189105510711670e-01 -3.285752832889556885e-01 3.083506226539611816e-01 -1.282913237810134888e-01 2.807249128818511963e-01 1.889133155345916748e-01 -7.844497449696063995e-03 7.555798441171646118e-02 6.647155433893203735e-02 7.130957208573818207e-03 -4.266587793827056885e-01 5.082635879516601562e-01 2.176360487937927246e-01 -6.749156862497329712e-02 3.804680109024047852e-01 -5.732212960720062256e-02 -6.082843542098999023e-01 1.561598852276802063e-02 2.342180535197257996e-02 -5.560530424118041992e-01 -2.050432264804840088e-01 -4.588772356510162354e-02 -1.534307956695556641e+00 1.164975613355636597e-01 4.028941690921783447e-01 2.760125994682312012e-01 2.311366200447082520e-01 -2.782135605812072754e-01 -1.159335672855377197e-01 1.326595097780227661e-01 -1.609298139810562134e-01 4.877140745520591736e-03 3.921824395656585693e-01 -8.074897527694702148e-01 1.866522282361984253e-01 -1.143102794885635376e-01 -1.410073786973953247e-01 -1.404582709074020386e-01 2.295745611190795898e-01 2.504054009914398193e-01 1.119250804185867310e-01 3.260482251644134521e-01 5.696682333946228027e-01 -2.350261807441711426e-02 -6.585494279861450195e-01 4.240567088127136230e-01 1.837223023176193237e-02 3.908960521221160889e-02 1.427343338727951050e-01 -3.469579219818115234e-01 2.220031470060348511e-01 -4.023671150207519531e-01 8.373389020562171936e-03 3.191420435905456543e-01 -4.528585374355316162e-01 -3.558201789855957031e-01 -7.847853899002075195e-01 -5.782486796379089355e-01 -1.422557681798934937e-01 6.878138780593872070e-01 -5.380296707153320312e-01 1.547950953245162964e-01 1.911107748746871948e-01 -1.028061389923095703e+00 -1.214118674397468567e-01 -4.743382930755615234e-01 5.966110825538635254e-01 2.748843431472778320e-01 -2.538253962993621826e-01 1.755548268556594849e-01 -4.059091955423355103e-02 -1.508471816778182983e-01 5.259656906127929688e-01 2.975583374500274658e-01 1.445706486701965332e-01 1.963876187801361084e-01 -2.096229195594787598e-01 -4.344903528690338135e-01 1.532781273126602173e-01 2.141207605600357056e-01 2.299720048904418945e-01 2.669525742530822754e-01 2.177837789058685303e-01 1.858053505420684814e-01 5.334909260272979736e-02 -1.143460050225257874e-01 -6.095396727323532104e-02 8.306196331977844238e-02 4.266132712364196777e-01 -1.277543544769287109e+00 -1.579231619834899902e-01 7.973244041204452515e-02 3.722181022167205811e-01 -8.854736089706420898e-01 1.981572061777114868e-01 -1.329708993434906006e-01 3.202262520790100098e-01 1.136566177010536194e-01 3.482475876808166504e-01 4.858026653528213501e-02 7.621877640485763550e-02 3.464778363704681396e-01 -5.101520419120788574e-01 -5.623398423194885254e-01 -2.301320135593414307e-01 -2.813164591789245605e-01 2.409826368093490601e-01 3.134020417928695679e-02 -4.363045692443847656e-01 2.075387239456176758e-01 -1.187495142221450806e-01 1.633932590484619141e-01 2.051423937082290649e-01 -1.776056587696075439e-01 -6.683763265609741211e-01 4.029936790466308594e-01 -4.603966474533081055e-01 8.528578877449035645e-01 5.785613059997558594e-01 -7.764122486114501953e-01 -2.613612115383148193e-01 4.245752990245819092e-01 -6.834458112716674805e-01 8.984485864639282227e-01 -1.256516724824905396e-01 1.277460753917694092e-01 -1.849865540862083435e-02 -2.634191811084747314e-01 -1.465659122914075851e-02 9.183481335639953613e-02 -1.051771566271781921e-01 1.863666921854019165e-01 -5.471619367599487305e-01 4.230315685272216797e-01 2.930164039134979248e-01 3.258866071701049805e-01 3.152892887592315674e-01 2.932634204626083374e-02 -4.417335242033004761e-02 2.467071712017059326e-01 -4.184724688529968262e-01 -1.045229807496070862e-01 1.267158538103103638e-01 -5.338967964053153992e-02 3.205122053623199463e-01 3.453179597854614258e-01 7.913887500762939453e-01 1.115205138921737671e-01 -7.234296202659606934e-01 -3.370530903339385986e-01 -1.301923096179962158e-01 2.007659338414669037e-02 4.078597426414489746e-01 1.459008157253265381e-01 -1.545481234788894653e-01 1.967927217483520508e-01 7.421913743019104004e-02 -1.762437671422958374e-01 2.616757750511169434e-01 -3.843726217746734619e-02 -6.481318473815917969e-01 -2.902863919734954834e-01 -1.745434701442718506e-01 4.493587613105773926e-01 -6.056838855147361755e-02 1.836985349655151367e-01 -1.094423383474349976e-01 -6.374233365058898926e-01 -4.991405904293060303e-01 -3.041797280311584473e-01 2.910398840904235840e-01 -4.124189540743827820e-02 3.368295133113861084e-01 -3.927542865276336670e-01 -4.607592523097991943e-01 4.162109494209289551e-01 3.309731483459472656e-01 -2.483475953340530396e-01 6.310262680053710938e-01 1.478806883096694946e-01 -4.360639750957489014e-01 2.002247869968414307e-01 -3.197007477283477783e-01 4.880936443805694580e-02 3.601478338241577148e-01 -2.605141997337341309e-01 -1.566246002912521362e-01 -9.880022704601287842e-02 -2.379387617111206055e-01 -3.312432765960693359e-01 3.224275708198547363e-01 4.604134261608123779e-01 6.930428743362426758e-02 3.375347852706909180e-01 -1.072135567665100098e-01 4.994291961193084717e-01 4.378775134682655334e-02 3.392412364482879639e-01 -6.996038556098937988e-01 3.323501646518707275e-01 8.662205189466476440e-02 1.071232035756111145e-01 1.567182391881942749e-01 -2.811282575130462646e-01 1.505689322948455811e-01 -8.873773813247680664e-01 2.380713075399398804e-02 -2.922539226710796356e-02 -5.140249133110046387e-01 1.327234953641891479e-01 2.835324406623840332e-01 7.993809878826141357e-02 -1.060541868209838867e+00 -6.454767286777496338e-02 5.030313730239868164e-01 1.484247297048568726e-01 1.361523568630218506e-01 1.177095398306846619e-01 1.762970983982086182e-01 -5.970378518104553223e-01 -6.538148224353790283e-02 9.328249096870422363e-02 4.595384299755096436e-01 1.890330016613006592e-01 1.362829357385635376e-01 -2.904403805732727051e-01 1.867126673460006714e-03 1.091339588165283203e-01 3.846346437931060791e-01 2.073609083890914917e-01 -3.074446022510528564e-01 1.598596125841140747e-01 8.337685465812683105e-01 -2.819463312625885010e-01 2.195243686437606812e-01 3.079595565795898438e-01 -2.288839519023895264e-01 -8.243255317211151123e-03 7.063870877027511597e-02 -8.879948407411575317e-02 -5.762335658073425293e-01 2.230286747217178345e-01 4.213051795959472656e-01 1.507579088211059570e-01 1.211468502879142761e-01 7.191106677055358887e-02 -7.952576875686645508e-02 1.055981144309043884e-01 5.956340581178665161e-02 -1.774134114384651184e-03 3.318662941455841064e-01 -1.877662241458892822e-01 -1.795950904488563538e-02 9.413614869117736816e-02 -6.022564768791198730e-01 5.864808559417724609e-01 4.164561331272125244e-01 1.645186990499496460e-01 -3.468543291091918945e-01 -6.686189770698547363e-01 -2.243510633707046509e-01 -9.258237481117248535e-02 2.327813059091567993e-01 -2.214190363883972168e-01 -1.179031431674957275e-01 4.528200030326843262e-01 -9.290269017219543457e-02 -2.269204556941986084e-01 -4.771263897418975830e-01 1.111442074179649353e-01 -1.049021333456039429e-01 -5.707927793264389038e-02 2.139321416616439819e-01 2.174121141433715820e-02 1.198339462280273438e-01 7.019711136817932129e-01 4.118002355098724365e-01 3.558534383773803711e-01 -3.190581798553466797e-01 1.683295965194702148e-01 1.033282652497291565e-02 6.006245315074920654e-02 -2.210054248571395874e-01 3.555890321731567383e-01 4.118575155735015869e-01 -3.293156623840332031e-01 -1.283209212124347687e-02 -4.642015099525451660e-01 3.104483187198638916e-01 1.957673728466033936e-01 4.262834042310714722e-02 3.630035221576690674e-01 -2.268752455711364746e-02 4.587149620056152344e-01 6.528407335281372070e-02 3.000934720039367676e-01 2.922986149787902832e-01 9.864144772291183472e-02 -3.704169988632202148e-01 1.910722851753234863e-01 2.747224569320678711e-01 2.519294023513793945e-01 -2.317077219486236572e-01 5.331459045410156250e-01 3.583044111728668213e-01 -4.559165239334106445e-02 6.916321516036987305e-01 -2.643944919109344482e-01 2.870223820209503174e-01 -3.262053132057189941e-01 -4.832780063152313232e-01 1.706924140453338623e-01 2.576976642012596130e-02 -1.941682398319244385e-01 -6.097276210784912109e-01 2.703506946563720703e-01 1.332666277885437012e-01 4.115766659379005432e-02 1.453241258859634399e-01 -6.167531013488769531e-01 2.596713304519653320e-01 -2.905077300965785980e-03 -8.610497415065765381e-02 -5.424607992172241211e-01 -1.295854449272155762e-01 7.223133742809295654e-02 6.127049922943115234e-01 -1.974386721849441528e-01 5.243761539459228516e-01 7.031028270721435547e-01 -3.493644297122955322e-02 -2.811738252639770508e-01 -1.616842448711395264e-01 -1.735489368438720703e-01 3.872626721858978271e-01 2.523418366909027100e-01 4.567508101463317871e-01 -1.174237877130508423e-01 -2.307822108268737793e-01 5.009265542030334473e-01 8.207592368125915527e-01 -1.324101239442825317e-01 -3.527985811233520508e-01 -2.268658429384231567e-01 1.810875236988067627e-01 -1.658988595008850098e-01 4.161601364612579346e-01 -5.675949156284332275e-03 -5.499879121780395508e-01 -3.350543081760406494e-01 -3.081962168216705322e-01 2.300227284431457520e-01 -8.052515387535095215e-01 -2.818168513476848602e-02 -3.004901707172393799e-01 6.964106112718582153e-02 -2.991895563900470734e-02 -3.209849447011947632e-02 3.547571003437042236e-01 5.404030084609985352e-01 -1.057018563151359558e-01 -1.539091169834136963e-01 -2.459552288055419922e-01 -4.024353623390197754e-01 -5.861135125160217285e-01 -3.732335269451141357e-01 -2.668636143207550049e-01 3.655572533607482910e-01 -2.875758521258831024e-02 3.176272213459014893e-01 -2.133471369743347168e-01 -3.267674148082733154e-01 4.099571704864501953e-01 -6.335195153951644897e-02 6.019566208124160767e-03 3.043178617954254150e-01 2.798978388309478760e-01 6.901673227548599243e-02 -5.450255051255226135e-02 -3.553642928600311279e-01 -1.078485012054443359e+00 2.575436830520629883e-01 2.545235753059387207e-01 2.174894511699676514e-01 1.342605985701084137e-02 2.043156325817108154e-01 4.109779596328735352e-01 3.569918274879455566e-01 1.851987242698669434e-01 2.414230108261108398e-01 2.137104570865631104e-01 3.720846176147460938e-01 5.498742461204528809e-01 6.312039494514465332e-02 2.704737707972526550e-02 4.749806523323059082e-01 9.512799233198165894e-02 8.112366199493408203e-01 -2.606981694698333740e-01 2.782118916511535645e-01 5.970566272735595703e-01 -8.634600043296813965e-02 1.830089278519153595e-02 3.872232139110565186e-02 3.103155493736267090e-01 1.114288195967674255e-01 4.169209301471710205e-02 -6.238408088684082031e-01 2.456607818603515625e-01 -6.333990693092346191e-01 1.962403059005737305e-01 -1.983555555343627930e-01 1.181942746043205261e-01 -3.754363581538200378e-02 -1.327134221792221069e-01 -5.912080407142639160e-01 -1.413980126380920410e-01 5.995162129402160645e-01 -1.681914776563644409e-01 1.361005008220672607e-01 -3.159865438938140869e-01 -4.202263057231903076e-02 -4.730998277664184570e-01 6.706255078315734863e-01 -1.692675612866878510e-02 6.494939923286437988e-01 -6.783922910690307617e-01 4.047846049070358276e-02 6.661832928657531738e-01 -8.794704824686050415e-02 -3.394434750080108643e-01 3.660232424736022949e-01 2.810551524162292480e-01 -4.259444177150726318e-01 1.081627309322357178e-01 -7.230804115533828735e-02 1.641454398632049561e-01 -2.207207977771759033e-01 -4.180159419775009155e-03 -1.945894658565521240e-01 6.022725701332092285e-01 1.976755261421203613e-01 6.551095843315124512e-02 2.907409332692623138e-02 -1.410946696996688843e-01 1.506536602973937988e-01 2.499529868364334106e-01 2.804270088672637939e-01 3.055137693881988525e-01 1.626453250646591187e-01 2.196189761161804199e-01 4.144307374954223633e-01 8.057136833667755127e-02 9.755398333072662354e-02 -9.710735082626342773e-02 3.344600796699523926e-01 4.572430849075317383e-01 3.273642361164093018e-01 2.042594924569129944e-02 5.754764378070831299e-02 7.304413318634033203e-01 1.753075122833251953e-01 -1.069894582033157349e-01 -1.576503664255142212e-01 3.390245139598846436e-01 -3.129533529281616211e-01 -4.948174953460693359e-02 -4.594790935516357422e-02 -1.752064079046249390e-01 2.225478887557983398e-01 2.659571170806884766e-01 1.379719376564025879e-01 3.943673670291900635e-01 1.908304691314697266e-01 -7.852786779403686523e-02 -7.735952138900756836e-01 -1.071850657463073730e+00 5.346831679344177246e-02 -8.424350023269653320e-01 -4.186615645885467529e-01 -1.504429578781127930e+00 -7.057027518749237061e-02 1.268290728330612183e-01 5.922024138271808624e-03 1.432537585496902466e-01 -9.374652504920959473e-01 -1.815541982650756836e-01 9.892284870147705078e-02 -8.389585465192794800e-02 1.746615581214427948e-02 1.569905504584312439e-02 -1.828430891036987305e-01 -2.567276358604431152e-03 2.852888703346252441e-01 -1.675367653369903564e-01 -7.833319306373596191e-01 -3.958088159561157227e-02 3.783717751502990723e-01 -7.635226845741271973e-01 -8.965183794498443604e-02 -1.053224563598632812e+00 -6.653341054916381836e-01 -1.117056384682655334e-01 -1.059024184942245483e-01 6.262712925672531128e-02 5.939919352531433105e-01 -2.835025489330291748e-01 -4.110872745513916016e-01 -9.354578703641891479e-02 -3.345987945795059204e-02 -2.833225578069686890e-02 -1.809258311986923218e-01 3.044904768466949463e-01 -7.912555336952209473e-02 -4.463318362832069397e-02 1.124419718980789185e-01 -1.506900601089000702e-02 -5.296165347099304199e-01 -6.441439986228942871e-01 2.443504184484481812e-01 4.598958492279052734e-01 4.924173355102539062e-01 5.144499242305755615e-02 2.389228194952011108e-01 1.085042729973793030e-01 6.856123805046081543e-01 -9.892917275428771973e-01 -1.548567861318588257e-01 8.343590795993804932e-02 -5.012344121932983398e-01 -2.751503884792327881e-01 -5.738459229469299316e-01 1.708240434527397156e-02 5.271031707525253296e-02 6.298089027404785156e-01 -1.722060590982437134e-01 3.780150413513183594e-01 -9.399453550577163696e-02 -1.063117742538452148e+00 -1.366913914680480957e-01 -1.616086810827255249e-03 4.396562576293945312e-01 1.714964359998703003e-01 1.978957056999206543e-01 -2.389232069253921509e-01 -1.654753446578979492e+00 -3.445118665695190430e-01 1.883768290281295776e-01 1.110319197177886963e-01 1.575765758752822876e-01 3.129507601261138916e-01 2.218161374330520630e-01 5.110358595848083496e-01 -1.765947416424751282e-02 2.907619476318359375e-01 -2.159473299980163574e-01 8.306377381086349487e-02 3.861821889877319336e-01 -1.457233577966690063e-01 -3.355804458260536194e-02 -2.241358160972595215e-01 7.155302911996841431e-02 -3.766255974769592285e-01 6.359165534377098083e-03 4.014490842819213867e-01 8.468752354383468628e-02 2.869936525821685791e-01 -3.213689923286437988e-01 2.269826531410217285e-01 -1.039619594812393188e-01 -4.253405928611755371e-01 8.794429898262023926e-02 -2.333303838968276978e-01 1.138887628912925720e-01 -1.240344718098640442e-02 -6.851780414581298828e-01 9.017419070005416870e-02 -3.663470745086669922e-01 -6.887552142143249512e-01 9.023899585008621216e-02 -1.186999917030334473e+00 -4.989019930362701416e-01 4.818421602249145508e-02 1.725998893380165100e-02 -6.402603387832641602e-01 1.654028892517089844e-01 -3.272842466831207275e-01 2.705131471157073975e-02 -6.120802760124206543e-01 3.270837068557739258e-01 -3.692640066146850586e-01 6.174409389495849609e-01 4.990202486515045166e-01 -6.064167246222496033e-03 -2.148345112800598145e-01 -1.673804223537445068e-01 1.321228593587875366e-01 5.036613345146179199e-01 5.534043535590171814e-02 5.110682174563407898e-02 -7.911023497581481934e-02 -2.144803702831268311e-01 4.775894582271575928e-01 -6.288386881351470947e-02 1.043834090232849121e-01 -2.181387245655059814e-01 -9.308359026908874512e-02 -4.316575229167938232e-01 1.947402060031890869e-01 4.791062474250793457e-01 2.703806459903717041e-01 3.851997852325439453e-02 4.305009543895721436e-01 -3.799414038658142090e-01 -6.518001556396484375e-01 -3.649525046348571777e-01 3.312314450740814209e-01 2.690491974353790283e-01 2.163396626710891724e-01 -1.989876925945281982e-01 -3.487160429358482361e-02 1.274658739566802979e-01 3.912591934204101562e-01 5.206465721130371094e-04 -3.294356465339660645e-01 -1.320282742381095886e-02 -1.915354579687118530e-01 -3.302707895636558533e-02 3.599553927779197693e-02 5.637068767100572586e-03 1.410884857177734375e-01 -1.419712305068969727e-01 3.136715292930603027e-02 3.461475670337677002e-01 -1.472173780202865601e-01 -1.469287183135747910e-02 -4.137805402278900146e-01 5.398922562599182129e-01 2.433380186557769775e-01 3.324913382530212402e-01 6.592506915330886841e-02 -1.622976064682006836e-01 2.989911139011383057e-01 -3.000187873840332031e-01 -5.757551789283752441e-01 -2.541364431381225586e-01 2.215077430009841919e-01 2.206142246723175049e-02 7.107732445001602173e-02 2.467314004898071289e-01 3.969660699367523193e-01 1.483830660581588745e-01 1.563785672187805176e-01 -2.356326282024383545e-01 -1.243975460529327393e-01 4.025187492370605469e-01 6.582038402557373047e-01 -5.893251392990350723e-03 5.270553231239318848e-01 3.279776573181152344e-01 2.014067918062210083e-01 8.515312522649765015e-02 7.771543413400650024e-02 -1.625728905200958252e-01 6.413962841033935547e-01 -2.549876570701599121e-01 -6.296839565038681030e-02 1.226259171962738037e-01 2.974455058574676514e-02 -8.239473700523376465e-01 4.368886649608612061e-01 5.986968278884887695e-01 -6.252599507570266724e-02 -8.669050037860870361e-02 -9.507349729537963867e-01 -4.079146310687065125e-02 -1.866381168365478516e-01 5.412835478782653809e-01 2.340335398912429810e-01 1.532697677612304688e-01 -9.127512574195861816e-02 1.390574127435684204e-01 -1.308318078517913818e-01 3.358993530273437500e-01 2.412630170583724976e-01 2.532798647880554199e-01 2.193927317857742310e-01 2.415088117122650146e-01 6.695353984832763672e-01 -7.830934226512908936e-02 -5.900239348411560059e-01 -6.121340207755565643e-03 3.965012356638908386e-02 -7.037056684494018555e-01 4.730309545993804932e-02 1.771845221519470215e-01 1.568713784217834473e-01 4.561134278774261475e-01 -2.227365076541900635e-01 1.794331669807434082e-01 1.684520393610000610e-03 4.379186630249023438e-01 -2.108085304498672485e-01 -5.905256867408752441e-01 1.115393266081809998e-01 6.532005667686462402e-01 2.626907527446746826e-01 5.705965310335159302e-02 5.658034980297088623e-02 -9.735444188117980957e-02 3.598681092262268066e-01 9.684262424707412720e-02 -1.046764105558395386e-01 3.937136530876159668e-01 -3.457111716270446777e-01 -3.662995994091033936e-02 1.030826121568679810e-01 3.344961106777191162e-01 -1.731583476066589355e-01 1.620002686977386475e-01 1.276312321424484253e-01 3.253207504749298096e-01 -1.154041141271591187e-01 3.062050342559814453e-01 8.103282451629638672e-01 -1.577950865030288696e-01 5.099616646766662598e-01 -8.803699016571044922e-01 -8.286629617214202881e-02 3.257225453853607178e-01 -3.068964779376983643e-01 2.199715226888656616e-01 6.380258798599243164e-01 4.047422409057617188e-01 -1.657154597342014313e-02 2.976077236235141754e-02 -1.737044155597686768e-01 1.531807631254196167e-01 -1.130926012992858887e-01 2.067785114049911499e-01 2.082506716251373291e-01 3.569466769695281982e-01 1.646858751773834229e-01 6.377720087766647339e-02 1.412330269813537598e-01 1.398785263299942017e-01 2.120895534753799438e-01 1.928783059120178223e-01 -2.265365719795227051e-01 3.254211246967315674e-01 1.674135029315948486e-01 -2.309946566820144653e-01 1.596180796623229980e-01 -2.738597393035888672e-01 1.930156052112579346e-01 -3.657213151454925537e-01 -2.448046356439590454e-01 3.024776279926300049e-01 3.506282866001129150e-01 1.069421842694282532e-01 -1.045449972152709961e+00 -2.255907282233238220e-02 5.292098224163055420e-02 7.761546224355697632e-02 2.680074870586395264e-01 -2.707066833972930908e-01 1.954196989536285400e-01 4.132097959518432617e-01 -2.827094495296478271e-01 2.975950017571449280e-03 -7.081609964370727539e-01 2.730326354503631592e-01 -4.372932016849517822e-03 1.069638356566429138e-01 8.427691459655761719e-02 1.020089462399482727e-01 -4.156546294689178467e-01 3.954699337482452393e-01 -8.133317530155181885e-02 -4.187857508659362793e-01 1.274099797010421753e-01 4.850781559944152832e-01 1.386344432830810547e-01 4.469330012798309326e-01 4.183030724525451660e-01 -8.153554052114486694e-02 6.629139930009841919e-02 -1.244121417403221130e-01 4.080771207809448242e-01 2.444067895412445068e-01 -8.659806847572326660e-02 6.273673474788665771e-02 1.800013184547424316e-01 2.845852449536323547e-02 4.232625365257263184e-01 -5.408040881156921387e-01 -2.747154533863067627e-01 2.434408664703369141e-01 1.505887061357498169e-01 8.255019038915634155e-02 2.969051897525787354e-01 -1.491666883230209351e-01 5.840479135513305664e-01 -3.323367238044738770e-02 -7.341691851615905762e-02 5.091055035591125488e-01 -5.191457867622375488e-01 3.421963751316070557e-01 1.479007750749588013e-01 4.990651309490203857e-01 1.369822621345520020e-01 -4.429719448089599609e-01 6.416579335927963257e-02 -1.007300689816474915e-01 1.159144490957260132e-01 5.544083118438720703e-01 4.928726702928543091e-02 3.799948394298553467e-01 6.067816615104675293e-01 -1.493196189403533936e-01 -6.795887947082519531e-01 -5.087350010871887207e-01 3.917762935161590576e-01 3.291058167815208435e-02 1.582546830177307129e-01 -3.673570156097412109e-01 -1.029716804623603821e-02 3.837174773216247559e-01 -1.047120809555053711e+00 -1.338571161031723022e-01 2.410651929676532745e-02 1.248046457767486572e-01 -2.480330504477024078e-02 1.586664468050003052e-01 -1.044802069664001465e-01 2.374209612607955933e-01 2.334690988063812256e-01 9.618519246578216553e-02 4.686965644359588623e-01 1.004878431558609009e-01 -6.048779562115669250e-02 -6.901834607124328613e-01 3.488692641258239746e-01 3.898521512746810913e-02 1.821652352809906006e-01 4.758099466562271118e-02 -1.873446404933929443e-01 1.461419463157653809e-01 -1.019532904028892517e-01 2.636975049972534180e-01 7.159962654113769531e-01 1.970508992671966553e-01 2.659055590629577637e-01 2.267212569713592529e-01 1.279457509517669678e-01 -4.303859472274780273e-01 4.508458077907562256e-04 -9.444937855005264282e-02 -2.756909430027008057e-01 3.373320996761322021e-01 9.273035824298858643e-02 1.800208091735839844e-01 -1.125765070319175720e-01 1.184634640812873840e-01 1.071928292512893677e-01 2.130968570709228516e-01 -5.243000984191894531e-01 -1.284752227365970612e-02 4.540484547615051270e-01 -2.222830206155776978e-01 -9.467870742082595825e-02 5.945112705230712891e-01 3.065440058708190918e-01 -2.518700063228607178e-01 1.652521789073944092e-01 2.370420470833778381e-02 -3.129283487796783447e-01 -5.133808404207229614e-02 -3.907977640628814697e-01 6.523225307464599609e-01 5.409637838602066040e-02 -1.694788932800292969e-01 3.022171929478645325e-02 9.234781563282012939e-02 -1.490209847688674927e-01 1.252501904964447021e-01 -1.476544886827468872e-01 -3.986649513244628906e-01 -2.045662403106689453e-01 -2.733777463436126709e-01 4.596561193466186523e-02 3.383964300155639648e-01 -5.188837647438049316e-03 -3.524090945720672607e-01 5.365980267524719238e-01 -7.848761975765228271e-03 8.296290040016174316e-02 -1.165190190076828003e-01 2.055419087409973145e-01 2.470452189445495605e-01 -5.841091275215148926e-03 4.440433979034423828e-01 -8.947098255157470703e-01 -1.415076404809951782e-01 1.653990522027015686e-02 1.473664641380310059e-01 -1.495929062366485596e-01 -1.002194136381149292e-01 -1.750949174165725708e-01 1.778588891029357910e-01 -3.037497997283935547e-01 -2.836586833000183105e-01 -3.669229149818420410e-02 -8.450777828693389893e-02 1.250094920396804810e-01 -1.813837885856628418e-01 4.902790784835815430e-01 4.172663092613220215e-01 5.036405920982360840e-01 3.245249390602111816e-02 2.361716777086257935e-01 2.807812690734863281e-01 5.925665050745010376e-02 1.455162614583969116e-01 1.537106484174728394e-01 -2.572781443595886230e-01 -1.162867784500122070e+00 -7.947226762771606445e-01 -1.136391460895538330e-01 3.400680720806121826e-01 -5.630556941032409668e-01 -3.157324492931365967e-01 1.813757717609405518e-01 -4.474462568759918213e-02 8.164983987808227539e-02 2.737198173999786377e-01 3.456820249557495117e-01 -3.557335436344146729e-01 2.129557877779006958e-01 2.022151090204715729e-02 1.815904974937438965e-01 6.700160503387451172e-01 5.310237407684326172e-02 -3.768779933452606201e-01 -1.011968329548835754e-01 4.256530106067657471e-01 1.259739696979522705e-01 6.200993657112121582e-01 -1.190541312098503113e-01 -1.873442232608795166e-01 2.147105038166046143e-01 -6.175491213798522949e-01 -1.792806386947631836e-02 -2.700306475162506104e-02 6.743574887514114380e-02 -5.083553194999694824e-01 3.525332510471343994e-01 3.630085587501525879e-01 -5.256415605545043945e-01 -8.190302550792694092e-02 -6.566731929779052734e-01 7.460322976112365723e-02 3.555121123790740967e-01 -3.702511191368103027e-01 3.914689645171165466e-03 3.077700436115264893e-01 -2.665794193744659424e-01 -1.849713325500488281e-01 -3.066767007112503052e-02 1.089413315057754517e-01 2.863610982894897461e-01 1.614748686552047729e-01 -5.265232920646667480e-01 -1.940026730298995972e-01 2.003439217805862427e-01 -1.134913563728332520e-01 -3.602776527404785156e-01 -1.998841017484664917e-01 1.346669942140579224e-01 -8.484441637992858887e-01 -3.711570799350738525e-01 3.161069452762603760e-01 2.524331212043762207e-01 -8.572793006896972656e-02 2.417193502187728882e-01 2.030665874481201172e-01 1.528275758028030396e-01 4.315088093280792236e-01 3.705080747604370117e-01 2.079081535339355469e-01 3.615563213825225830e-01 -9.774476289749145508e-02 -1.351863861083984375e+00 -1.117767170071601868e-01 -3.246143460273742676e-01 -1.416625976562500000e-01 1.009671464562416077e-01 1.711402982473373413e-01 1.976997107267379761e-01 -3.536120355129241943e-01 -1.875059753656387329e-01 1.583178490400314331e-01 -1.356642395257949829e-01 -3.319503366947174072e-01 -1.958574056625366211e-01 -1.265130192041397095e-02 -2.873152792453765869e-01 9.811583906412124634e-02 -6.237322837114334106e-02 -4.127928316593170166e-01 -3.077882714569568634e-02 -1.819715201854705811e-01 5.768750905990600586e-01 -2.348282039165496826e-01 3.976419866085052490e-01 -2.689299881458282471e-01 2.713042870163917542e-02 3.357177376747131348e-01 -8.889302611351013184e-01 4.329324066638946533e-01 -1.969270855188369751e-01 4.292017817497253418e-01 -1.055833548307418823e-01 4.475726783275604248e-01 -6.107956543564796448e-02 -8.742894232273101807e-02 -2.479437738656997681e-01 2.674744427204132080e-01 3.133083134889602661e-02 7.890338450670242310e-02 3.458506464958190918e-01 5.832043290138244629e-01 4.147461354732513428e-01 -2.462830245494842529e-01 -5.163806676864624023e-01 -4.678334593772888184e-01 2.280637025833129883e-01 1.358462870121002197e-01 3.173862695693969727e-01 8.833397924900054932e-02 1.669127047061920166e-01 1.347321271896362305e-01 2.765077352523803711e-01 4.361930489540100098e-01 5.236726626753807068e-02 -3.682188987731933594e-01 -2.284018546342849731e-01 2.023945897817611694e-01 -1.685638353228569031e-02 1.916063278913497925e-01 1.165892183780670166e-02 6.807490587234497070e-01 3.453868031501770020e-01 -1.469888836145401001e-01 4.072195664048194885e-02 4.267916977405548096e-01 -2.314962595701217651e-01 -1.255589574575424194e-01 3.675513565540313721e-01 1.464117169380187988e-01 -1.235782280564308167e-01 -3.424445688724517822e-01 4.264904558658599854e-01 -3.948229178786277771e-02 -1.152913719415664673e-01 -8.337737619876861572e-02 -3.593562245368957520e-01 -1.099980920553207397e-01 2.420482784509658813e-01 -4.584486186504364014e-01 -1.197433657944202423e-02 -3.934350013732910156e-01 -1.528716087341308594e-01 8.918796479701995850e-02 -2.124252021312713623e-01 1.493778824806213379e-01 6.261838674545288086e-01 1.408813335001468658e-02 3.714387491345405579e-02 2.414942085742950439e-01 1.275057941675186157e-01 2.014016062021255493e-01 -3.190833926200866699e-01 4.871922433376312256e-01 5.745385289192199707e-01 1.487128585577011108e-01 1.376806199550628662e-01 -2.126224786043167114e-01 -2.668924629688262939e-01 -1.180538907647132874e-01 4.814674556255340576e-01 -4.135234951972961426e-01 2.625364363193511963e-01 2.459742873907089233e-02 -5.560230612754821777e-01 3.258648514747619629e-01 2.719801366329193115e-01 -4.036185741424560547e-01 3.602995276451110840e-01 7.375544309616088867e-01 3.803079426288604736e-01 1.884514093399047852e-01 1.078109383583068848e+00 1.876208931207656860e-01 3.184584528207778931e-02 -2.798039317131042480e-01 4.045816957950592041e-01 3.588910698890686035e-01 -5.792843699455261230e-01 -4.838960468769073486e-01 2.403786629438400269e-01 -2.833730280399322510e-01 5.203955993056297302e-02 2.084852159023284912e-01 5.780794471502304077e-02 -9.021398425102233887e-02 5.264277458190917969e-01 -4.049640148878097534e-03 -1.051325201988220215e+00 -4.886301457881927490e-01 5.432408452033996582e-01 3.333573937416076660e-01 2.450495958328247070e-01 -4.107913374900817871e-02 3.077295720577239990e-01 3.874083459377288818e-01 1.168597638607025146e-01 -2.465417534112930298e-01 1.826603412628173828e-01 4.291713833808898926e-01 -4.055340290069580078e-01 1.578023470938205719e-02 4.283352941274642944e-02 6.811934709548950195e-01 -3.833301737904548645e-02 3.248696401715278625e-02 2.572181224822998047e-01 1.402865648269653320e-01 9.992960840463638306e-03 2.258379012346267700e-01 -3.838115930557250977e-01 -5.469947457313537598e-01 7.999426126480102539e-01 4.243812710046768188e-02 2.535406649112701416e-01 3.190513849258422852e-01 -4.100541025400161743e-02 3.301325738430023193e-01 -9.222412109375000000e-01 -4.960553646087646484e-01 2.116433829069137573e-01 6.337683796882629395e-01 -1.737734302878379822e-02 -3.702598810195922852e-01 1.778537221252918243e-02 -4.918356984853744507e-02 4.677651450037956238e-02 -6.017904281616210938e-01 6.319907307624816895e-02 2.750052511692047119e-01 -2.503064870834350586e-01 -1.419874429702758789e-01 -1.446654796600341797e-01 -5.379024147987365723e-01 2.967187762260437012e-01 2.147415578365325928e-01 2.206899970769882202e-01 3.798503577709197998e-01 5.194156169891357422e-01 -2.706255018711090088e-01 -4.060099422931671143e-01 3.801287710666656494e-01 2.217551320791244507e-01 5.831028223037719727e-01 4.360062181949615479e-01 8.659637570381164551e-01 -2.140721827745437622e-01 -2.506030797958374023e-01 8.122216910123825073e-02 -2.481752038002014160e-01 -3.816975951194763184e-01 7.006539106369018555e-01 1.388239301741123199e-02 -5.312366485595703125e-01 -1.998528093099594116e-01 -7.426313757896423340e-01 1.729809492826461792e-01 9.300327301025390625e-02 5.790249630808830261e-02 7.663083076477050781e-02 9.799388051033020020e-02 -4.328649342060089111e-01 2.224409580230712891e-01 -6.819553971290588379e-01 -2.843450941145420074e-02 2.806311473250389099e-02 2.218086123466491699e-01 -7.475493550300598145e-01 -3.505170941352844238e-01 -3.174980729818344116e-02 4.379199445247650146e-01 -4.515888392925262451e-01 7.762076258659362793e-01 3.355355933308601379e-02 2.366820424795150757e-01 4.071266651153564453e-01 1.957742869853973389e-01 -3.696967065334320068e-01 1.688892394304275513e-01 6.930050998926162720e-02 2.042027264833450317e-01 2.046599984169006348e-01 -3.689650893211364746e-01 -1.745899170637130737e-01 2.276460826396942139e-01 1.026658341288566589e-01 -1.119803413748741150e-01 -2.442622780799865723e-01 2.475287765264511108e-02 1.749802082777023315e-01 1.355921328067779541e-01 2.346292585134506226e-01 2.010026387870311737e-02 -1.988847404718399048e-01 -2.557151019573211670e-01 3.022738695144653320e-01 -6.171756386756896973e-01 2.048400938510894775e-01 2.883148789405822754e-01 1.332261413335800171e-01 -3.213776946067810059e-01 2.685842476785182953e-02 7.422353327274322510e-02 2.104706913232803345e-01 1.772186756134033203e-01 6.368687748908996582e-02 -3.332295715808868408e-01 -3.002466857433319092e-01 4.596973955631256104e-01 -5.120785236358642578e-01 -6.757050286978483200e-03 6.191178038716316223e-02 1.591015979647636414e-02 -8.111445605754852295e-02 3.543101251125335693e-01 3.936828672885894775e-01 2.994843423366546631e-01 1.856379210948944092e-02 3.455154895782470703e-01 2.922472953796386719e-01 2.830098271369934082e-01 3.086174726486206055e-01 5.276511907577514648e-01 2.834312021732330322e-01 2.129807919263839722e-01 -8.664676547050476074e-02 3.379348218441009521e-01 4.013026133179664612e-02 -1.666015386581420898e-01 -3.700447380542755127e-01 -1.893888264894485474e-01 3.244585692882537842e-01 -3.403285890817642212e-02 1.141471043229103088e-01 2.733333036303520203e-02 6.931006312370300293e-01 -2.678228318691253662e-01 2.392152845859527588e-01 7.377117872238159180e-02 4.191179275512695312e-01 -5.403805971145629883e-01 -1.248870231211185455e-02 -1.804403066635131836e-01 -5.118826031684875488e-01 -2.197004258632659912e-01 1.386886835098266602e-01 3.258315324783325195e-01 -8.318565785884857178e-03 -8.534584939479827881e-02 -2.253762483596801758e-01 -1.088199615478515625e-01 -1.238160729408264160e+00 1.663278043270111084e-01 -6.297295689582824707e-01 5.050950646400451660e-01 6.410216689109802246e-01 3.099874258041381836e-01 3.703469634056091309e-01 -1.731489747762680054e-01 -4.352729022502899170e-02 -3.868998587131500244e-01 -1.237893104553222656e-01 4.810970723628997803e-01 2.354909293353557587e-02 4.709585011005401611e-02 -5.373248457908630371e-01 -1.657489091157913208e-01 2.904174625873565674e-01 4.810811281204223633e-01 2.051993757486343384e-01 -8.294987678527832031e-01 1.896793693304061890e-01 3.725258633494377136e-02 1.981156170368194580e-01 -4.675731658935546875e-01 6.008540391921997070e-01 -4.138756170868873596e-02 -2.529741451144218445e-02 4.969380795955657959e-01 5.778679251670837402e-01 -1.284910738468170166e-02 -8.449703454971313477e-02 9.281789660453796387e-01 -4.693105816841125488e-01 -2.368164211511611938e-01 7.077897191047668457e-01 8.722960948944091797e-02 -2.772285044193267822e-01 3.724783957004547119e-01 4.012732505798339844e-01 -6.515793502330780029e-02 6.885693967342376709e-02 -3.559054434299468994e-02 1.321286261081695557e-01 1.601287573575973511e-01 -8.719221502542495728e-02 -3.852739334106445312e-01 8.565202355384826660e-02 2.722233533859252930e-01 -3.138443529605865479e-01 2.545394748449325562e-02 2.872995138168334961e-01 3.451619148254394531e-01 3.355871140956878662e-02 4.029740020632743835e-02 5.334874242544174194e-02 -6.926009058952331543e-01 1.233984753489494324e-01 2.154317200183868408e-01 -2.549387514591217041e-01 9.030189365148544312e-02 2.044414579868316650e-01 1.231020539999008179e-01 1.118308603763580322e-01 3.752306699752807617e-01 -7.354393005371093750e-01 8.514297008514404297e-01 9.565731883049011230e-02 4.930413365364074707e-01 4.649023711681365967e-01 4.133795499801635742e-01 -6.445801854133605957e-01 -3.376275002956390381e-01 2.336294800043106079e-01 6.678984761238098145e-01 -7.767058163881301880e-02 5.015254616737365723e-01 -2.164344787597656250e-01 1.094370707869529724e-02 -1.237908154726028442e-01 1.864205747842788696e-01 -1.034694239497184753e-01 -1.039451807737350464e-01 6.899262666702270508e-01 -1.586839109659194946e-01 7.924735546112060547e-02 3.441937863826751709e-01 4.529152214527130127e-01 2.449486851692199707e-01 5.706891044974327087e-02 3.266569972038269043e-01 -1.495761573314666748e-01 -5.351012200117111206e-02 -5.599849820137023926e-01 -1.347453892230987549e-01 -3.955247104167938232e-01 2.071539759635925293e-01 4.896162077784538269e-03 -3.945696949958801270e-01 3.814397752285003662e-02 -5.814918875694274902e-01 1.713735908269882202e-01 5.507058650255203247e-02 1.975488513708114624e-01 -1.845333576202392578e-01 1.126604452729225159e-01 1.785705685615539551e-01 -3.191348910331726074e-01 3.691993653774261475e-01 -2.292878627777099609e-01 -4.565836787223815918e-01 -3.491541147232055664e-01 4.417919814586639404e-01 9.651710838079452515e-02 1.292922794818878174e-01 2.222464084625244141e-01 2.328102290630340576e-01 -6.910296678543090820e-01 -1.978137195110321045e-01 4.332209229469299316e-01 -1.078126877546310425e-01 -4.822119474411010742e-01 7.197374850511550903e-02 -8.939252793788909912e-02 1.751367151737213135e-01 1.494165956974029541e-01 5.009559392929077148e-01 4.861896336078643799e-01 4.098824262619018555e-01 1.534459590911865234e-01 3.766673505306243896e-01 4.136081337928771973e-01 2.565878331661224365e-01 2.616534829139709473e-01 7.814691960811614990e-02 -1.365387160331010818e-02 -1.753664165735244751e-01 -7.506173849105834961e-02 -6.036889273673295975e-03 -6.037468835711479187e-02 1.961795389652252197e-01 -1.932127624750137329e-01 -2.681748270988464355e-01 2.042546421289443970e-01 2.110595554113388062e-01 8.906335569918155670e-03 -5.239385962486267090e-01 3.950090408325195312e-01 7.009985446929931641e-01 3.737443983554840088e-01 2.916516363620758057e-01 2.990273013710975647e-02 3.573776781558990479e-01 1.531261950731277466e-01 1.302580982446670532e-01 -1.157000809907913208e-01 2.763674259185791016e-01 1.681093722581863403e-01 3.841976523399353027e-01 5.553067326545715332e-01 2.432839572429656982e-01 3.733123540878295898e-01 -1.964802443981170654e-01 -3.921193182468414307e-01 2.854931056499481201e-01 3.036564290523529053e-01 3.015309870243072510e-01 1.079033613204956055e-01 3.518434762954711914e-01 -2.378954589366912842e-01 9.490390121936798096e-02 -1.205681920051574707e+00 -1.390194892883300781e-01 2.338213026523590088e-01 -8.601934313774108887e-01 4.249720573425292969e-01 1.689208298921585083e-01 3.069342672824859619e-01 1.397450268268585205e-01 1.181339286267757416e-02 1.531844139099121094e-01 -7.442003488540649414e-02 -2.603791654109954834e-01 8.100923895835876465e-02 3.253486752510070801e-01 1.840853542089462280e-01 1.934984177350997925e-01 2.187668979167938232e-01 -2.021171301603317261e-01 -9.819342941045761108e-02 1.514606624841690063e-01 -3.312540948390960693e-01 2.727081999182701111e-02 4.060511663556098938e-02 -3.020815849304199219e-01 1.842129677534103394e-01 3.808800876140594482e-02 1.100405231118202209e-01 -2.304815500974655151e-01 4.168014526367187500e-01 -5.523480102419853210e-02 -6.308051347732543945e-01 1.218116283416748047e-01 -6.652034521102905273e-01 -6.106625199317932129e-01 1.717475429177284241e-02 -7.436913996934890747e-02 3.826254233717918396e-02 -4.286777675151824951e-01 2.681942880153656006e-01 6.723432242870330811e-02 1.870800852775573730e-01 1.194064915180206299e-01 -2.407495230436325073e-01 2.151816636323928833e-01 1.304744333028793335e-01 -3.357848525047302246e-02 3.852894306182861328e-01 -2.624047696590423584e-01 -4.524870514869689941e-01 -1.194222122430801392e-01 3.558804839849472046e-02 3.969223499298095703e-01 3.541155457496643066e-01 3.232417702674865723e-01 1.418875604867935181e-01 -5.004229545593261719e-01 4.455087780952453613e-01 8.293858170509338379e-01 2.000915557146072388e-01 3.761751353740692139e-01 4.228055179119110107e-01 -1.548886299133300781e-01 -1.019290015101432800e-01 1.683637201786041260e-01 -3.154097497463226318e-01 7.374729216098785400e-02 4.215682744979858398e-01 1.163422465324401855e-01 1.437664180994033813e-01 2.881830930709838867e-01 5.639896392822265625e-01 -7.353465259075164795e-02 2.110335230827331543e-01 3.377897739410400391e-01 1.762516200542449951e-01 -4.311844706535339355e-02 2.924368977546691895e-01 1.998792216181755066e-02 -4.941048920154571533e-01 -2.137116156518459320e-02 1.970734894275665283e-01 -5.083231925964355469e-01 -2.141178995370864868e-01 7.173244841396808624e-03 -2.604556977748870850e-01 -3.702344894409179688e-01 4.347512722015380859e-01 -3.218870162963867188e-01 -9.327135235071182251e-02 2.803487479686737061e-01 1.374586969614028931e-01 2.597787082195281982e-01 1.325544714927673340e-01 -2.455072253942489624e-01 -6.557137370109558105e-01 4.540647864341735840e-01 5.857652425765991211e-01 -1.633471608161926270e+00 5.477039888501167297e-02 -7.414374500513076782e-02 -3.426761180162429810e-02 -2.122093737125396729e-01 2.927758991718292236e-01 -4.514831900596618652e-01 7.434226274490356445e-01 2.554551139473915100e-02 6.684612035751342773e-01 -7.969589531421661377e-02 4.096416234970092773e-01 2.534293234348297119e-01 -5.840141773223876953e-01 -4.757039248943328857e-01 2.259843349456787109e-01 2.259791493415832520e-01 1.302888393402099609e-01 4.418590292334556580e-02 -5.016438961029052734e-01 5.137133598327636719e-01 -1.352888196706771851e-01 1.973361372947692871e-01 -1.070582792162895203e-01 -2.034945785999298096e-02 -1.587185263633728027e-01 3.767013549804687500e-01 -1.396624147891998291e-01 7.956933230161666870e-02 -1.261355757713317871e+00 5.481628179550170898e-01 5.322808623313903809e-01 1.231546849012374878e-01 4.674738049507141113e-01 3.441683351993560791e-01 2.364546358585357666e-01 -6.455386281013488770e-01 3.598858416080474854e-01 -9.423576295375823975e-02 3.927504643797874451e-02 -6.626767516136169434e-01 4.012580811977386475e-01 1.632187962532043457e-01 1.862247101962566376e-02 4.049096703529357910e-01 5.027456879615783691e-01 5.372512340545654297e-01 3.677435815334320068e-01 1.788753867149353027e-01 4.086207598447799683e-03 2.369188815355300903e-01 3.665575981140136719e-01 6.467957049608230591e-02 2.904629111289978027e-01 2.315192520618438721e-01 3.784069120883941650e-01 -1.104627698659896851e-01 -5.911401510238647461e-01 1.324674040079116821e-01 2.005051374435424805e-01 5.220882892608642578e-01 -1.793808788061141968e-01 -3.044666349887847900e-01 -4.814852476119995117e-01 1.203412190079689026e-01 -3.123980946838855743e-02 -4.282043501734733582e-02 2.821901142597198486e-01 3.182573318481445312e-01 2.063208967447280884e-01 8.416582643985748291e-02 4.573998451232910156e-01 1.015755236148834229e-01 6.208270192146301270e-01 -1.183277845382690430e+00 1.302496939897537231e-01 5.081835389137268066e-01 -2.541354894638061523e-01 -2.762508094310760498e-01 2.443483024835586548e-01 2.905449271202087402e-01 3.166421949863433838e-01 7.014067471027374268e-02 -2.100447416305541992e-01 2.967020571231842041e-01 6.425017863512039185e-02 -7.816091924905776978e-02 -1.496346354484558105e+00 5.556311607360839844e-01 -3.179462254047393799e-02 -2.024315893650054932e-01 5.387224629521369934e-02 1.808098554611206055e-01 1.597038358449935913e-01 3.291513072326779366e-03 -9.489012509584426880e-02 6.520087122917175293e-01 3.117636144161224365e-01 -7.024136781692504883e-01 2.720856666564941406e-01 6.655792891979217529e-02 -4.077848494052886963e-01 -1.677734777331352234e-02 -1.834470778703689575e-03 -5.876584053039550781e-01 -1.077419146895408630e-01 2.500240802764892578e-01 2.417655885219573975e-01 2.368607670068740845e-01 4.945631623268127441e-01 2.297586202621459961e-01 1.048462986946105957e-01 -8.321307599544525146e-02 4.742839336395263672e-01 -4.149704575538635254e-01 4.027690589427947998e-01 3.485891819000244141e-01 -1.535330772399902344e+00 -6.803371012210845947e-02 2.451208382844924927e-01 -2.629148662090301514e-01 5.705372616648674011e-02 -1.679858863353729248e-01 -2.194804102182388306e-01 -5.784712731838226318e-02 2.202346324920654297e-01 3.303833603858947754e-01 -2.668416202068328857e-01 -5.891096964478492737e-02 -6.941079497337341309e-01 4.163690507411956787e-01 -1.268931925296783447e-01 -1.051344424486160278e-01 5.058614015579223633e-01 -1.238260418176651001e-03 -5.025371536612510681e-02 2.044396251440048218e-01 3.064222931861877441e-01 -6.923259496688842773e-01 1.133730560541152954e-01 3.761608302593231201e-01 4.888482391834259033e-01 -2.143327593803405762e-01 1.807010620832443237e-01 5.695965290069580078e-01 -1.230276376008987427e-01 4.791132211685180664e-01 2.863376736640930176e-01 -2.913480401039123535e-01 -2.921736538410186768e-01 -2.346170507371425629e-02 -1.458026766777038574e-01 6.699684262275695801e-01 9.139838069677352905e-02 2.599937319755554199e-01 -1.082323640584945679e-01 1.726749539375305176e-01 -3.237832188606262207e-01 2.242512702941894531e-01 2.549135982990264893e-01 9.234273433685302734e-02 -1.638187766075134277e-01 9.681517630815505981e-02 4.972158670425415039e-01 6.443461775779724121e-01 -5.638137459754943848e-01 2.098065763711929321e-01 -5.862150192260742188e-01 4.317902028560638428e-01 1.858906298875808716e-01 1.696155667304992676e-01 4.400198459625244141e-01 3.025678396224975586e-01 3.169143944978713989e-02 -2.234396338462829590e-01 1.624515354633331299e-01 -1.878676116466522217e-01 -1.477808058261871338e-01 -2.920427732169628143e-02 1.528961509466171265e-01 -5.438120961189270020e-01 2.936626970767974854e-01 2.961699366569519043e-01 4.386881589889526367e-01 3.442628383636474609e-01 2.721046805381774902e-01 1.552150845527648926e-01 4.041085839271545410e-01 -5.422440171241760254e-01 1.071546226739883423e-01 2.957887947559356689e-01 1.470858454704284668e-01 -8.252077698707580566e-01 -6.637011766433715820e-01 -2.130516171455383301e-01 3.781396746635437012e-01 4.306989312171936035e-01 -2.147613912820816040e-01 1.695523411035537720e-01 1.369858086109161377e-01 2.301064878702163696e-01 -2.119558900594711304e-01 1.466736942529678345e-01 -2.590923011302947998e-01 -4.688502252101898193e-01 3.850315511226654053e-01 -3.070673532783985138e-02 -2.794742882251739502e-01 6.512632220983505249e-02 9.729898720979690552e-02 1.179265603423118591e-01 -1.250782012939453125e-01 2.868258953094482422e-01 2.668995559215545654e-01 -3.453433513641357422e-01 -1.886759549379348755e-01 1.766307353973388672e-01 -3.417236804962158203e-01 -4.546663761138916016e-01 1.919964104890823364e-01 3.813536167144775391e-01 -4.455320239067077637e-01 3.960614651441574097e-02 -1.614001989364624023e-01 4.982593357563018799e-01 -1.975114047527313232e-01 3.159947097301483154e-01 3.894923627376556396e-01 -7.371261715888977051e-01 -3.754675760865211487e-02 -2.031028717756271362e-01 1.075794920325279236e-01 4.220976829528808594e-01 1.444547176361083984e-01 -1.486142277717590332e-01 -7.138875126838684082e-01 3.425972163677215576e-01 -3.185984194278717041e-01 4.107488691806793213e-01 -1.929250061511993408e-01 7.521464228630065918e-01 -2.674918472766876221e-01 -1.165556013584136963e-01 -7.685376796871423721e-03 -8.141388297080993652e-01 3.783510252833366394e-02 -2.062537521123886108e-01 -1.947238110005855560e-02 -5.151870846748352051e-01 9.775595366954803467e-02 -2.840929627418518066e-01 -5.261418819427490234e-01 -3.271175920963287354e-01 -2.457369267940521240e-01 6.274354457855224609e-01 3.499518632888793945e-01 1.452492624521255493e-01 6.181506440043449402e-02 -4.873144924640655518e-01 8.593065291643142700e-02 -3.368681669235229492e-01 -1.649294793605804443e-01 1.702222973108291626e-01 1.994287073612213135e-01 -2.349324291571974754e-03 -9.540632367134094238e-03 -7.897837162017822266e-01 -3.851718902587890625e-01 -3.128254115581512451e-01 2.488922700285911560e-02 6.117395311594009399e-02 3.424814045429229736e-01 3.213410377502441406e-01 4.462014436721801758e-01 -1.155709147453308105e+00 -2.054121047258377075e-01 -2.354421168565750122e-01 8.907987922430038452e-02 5.331813693046569824e-01 -1.319062858819961548e-01 -3.996669054031372070e-01 1.626538783311843872e-01 -2.042047828435897827e-01 7.080361247062683105e-02 3.445599079132080078e-01 5.981670022010803223e-01 -2.514154314994812012e-01 -5.807898640632629395e-01 1.440193951129913330e-01 -4.402413070201873779e-01 -3.573091030120849609e-01 4.247695505619049072e-01 -6.886479258537292480e-01 -9.941820502281188965e-01 -1.865794211626052856e-01 -6.824355125427246094e-01 -1.021915972232818604e-01 1.209462285041809082e-01 -1.804083734750747681e-01 3.036485612392425537e-01 -4.674247503280639648e-01 -8.937507867813110352e-02 1.436427980661392212e-02 3.879720568656921387e-01 2.009102553129196167e-01 2.163529694080352783e-01 -8.746325969696044922e-02 -3.286660909652709961e-01 1.291389465332031250e-01 3.758424520492553711e-01 4.357577860355377197e-01 1.074198484420776367e-01 3.849299848079681396e-01 4.088258147239685059e-01 -1.217308163642883301e+00 2.997911274433135986e-01 -2.202420830726623535e-01 6.251072883605957031e-01 -5.383712053298950195e-01 -2.337602898478507996e-02 -8.042397350072860718e-02 2.030726671218872070e-01 -1.892567723989486694e-01 -2.166041284799575806e-01 -1.557033210992813110e-01 -1.644334495067596436e-01 -2.038963884115219116e-01 -6.688508391380310059e-02 4.646887779235839844e-01 1.538109630346298218e-01 1.026524454355239868e-01 8.079559355974197388e-02 -5.080749392509460449e-01 2.268859595060348511e-01 -9.050296992063522339e-02 6.567446887493133545e-02 8.883079141378402710e-02 -8.264753967523574829e-02 2.658150717616081238e-02 5.688019990921020508e-01 1.025935560464859009e-01 1.163630038499832153e-01 -1.224728822708129883e-01 -2.963312268257141113e-01 -1.035599112510681152e+00 3.623426556587219238e-01 3.220386505126953125e-01 2.547616064548492432e-01 -7.166560292243957520e-01 -2.924974560737609863e-01 7.793085575103759766e-01 -1.996161416172981262e-02 2.904150076210498810e-02 -3.015577793121337891e-01 -1.617713272571563721e-01 6.091358885169029236e-02 -4.281728267669677734e-01 -9.377132356166839600e-02 -2.467500269412994385e-01 4.299421012401580811e-01 1.568195782601833344e-02 1.895806640386581421e-01 1.009493321180343628e-01 7.120587229728698730e-01 -4.290203154087066650e-01 6.167609095573425293e-01 -2.274320721626281738e-01 -3.118827044963836670e-01 3.699533343315124512e-01 -9.809529036283493042e-02 -4.381484091281890869e-01 6.738903466612100601e-04 2.235488444566726685e-01 -7.170411944389343262e-01 2.568107843399047852e-02 -4.979626461863517761e-02 -1.042746827006340027e-01 1.651357114315032959e-01 -6.222013235092163086e-01 -1.921786516904830933e-01 -5.159853100776672363e-01 1.345675587654113770e-01 5.072879791259765625e-01 -3.571439534425735474e-02 1.621462255716323853e-01 -1.879318654537200928e-01 -2.780955731868743896e-01 -9.299108386039733887e-02 2.045291289687156677e-02 3.750210404396057129e-01 -3.009531088173389435e-02 -1.258119642734527588e-01 -4.570504426956176758e-01 -6.542195677757263184e-01 2.727506160736083984e-01 -1.304226815700531006e-01 -1.103421598672866821e-01 3.183143734931945801e-01 5.179479122161865234e-01 -5.036686658859252930e-01 -2.093892693519592285e-01 1.600717008113861084e-01 4.710737764835357666e-01 3.676553070545196533e-01 2.495303004980087280e-01 1.474423110485076904e-01 1.604183167219161987e-01 4.507263004779815674e-01 2.839835919439792633e-02 -1.706760562956333160e-02 4.273268282413482666e-01 2.576609551906585693e-01 5.873705819249153137e-02 -1.432579010725021362e-01 -2.166233658790588379e-01 3.548317253589630127e-01 -2.685190737247467041e-01 -5.321323275566101074e-01 7.062659263610839844e-01 -1.867590397596359253e-01 -1.902472376823425293e-01 2.491607367992401123e-01 -5.913422107696533203e-01 -3.758040666580200195e-01 1.587425321340560913e-01 4.820728003978729248e-01 3.377755880355834961e-01 2.046222835779190063e-01 4.132442176342010498e-02 4.245355129241943359e-01 -5.296291112899780273e-01 1.064800545573234558e-01 4.142872393131256104e-01 1.202479749917984009e-01 -1.241525188088417053e-01 -9.154829978942871094e-01 6.997199058532714844e-01 3.415705263614654541e-01 -1.660307347774505615e-01 7.100096344947814941e-01 4.064036905765533447e-02 8.336263895034790039e-02 3.508108258247375488e-01 9.932360611855983734e-03 -2.195806652307510376e-01 1.311137974262237549e-01 -1.187903247773647308e-02 2.688373625278472900e-01 6.509101018309593201e-03 -1.817803829908370972e-02 -7.512146234512329102e-02 3.824325203895568848e-01 -1.977304667234420776e-01 -3.722647726535797119e-01 -4.885230660438537598e-01 -2.122434787452220917e-03 8.935084939002990723e-02 9.346986189484596252e-03 -1.156959682703018188e-01 2.693289518356323242e-01 -3.263562321662902832e-01 1.364118754863739014e-01 9.413855150341987610e-03 -6.681414842605590820e-01 2.864852547645568848e-02 -8.551926910877227783e-02 4.231672585010528564e-01 -2.115313857793807983e-01 1.251650303602218628e-01 3.156532645225524902e-01 -5.534632131457328796e-02 6.026936173439025879e-01 -1.674694567918777466e-01 1.565356999635696411e-01 -2.882087826728820801e-01 -1.519686281681060791e-01 -1.182681322097778320e-01 -1.893938481807708740e-01 1.802133396267890930e-03 6.186646223068237305e-01 5.981037020683288574e-01 -1.142650395631790161e-01 2.080885618925094604e-01 -3.334039822220802307e-02 2.702786959707736969e-02 -2.300894856452941895e-01 1.618674099445343018e-01 1.003238260746002197e-01 -2.570390701293945312e-01 3.496576845645904541e-01 1.835998296737670898e-01 -2.098503559827804565e-01 -5.101706385612487793e-01 7.286724448204040527e-02 1.629910171031951904e-01 3.192749619483947754e-01 -1.197224780917167664e-01 -4.766374826431274414e-02 6.464855074882507324e-01 1.021755710244178772e-01 -2.463455349206924438e-01 -3.970116674900054932e-01 -1.404727697372436523e-01 1.917135119438171387e-01 2.246488928794860840e-01 8.902554214000701904e-02 -2.203229516744613647e-01 -4.396746754646301270e-01 -3.645918369293212891e-01 6.602433323860168457e-01 -2.770462930202484131e-01 1.100735664367675781e-01 -4.717222228646278381e-02 3.744693100452423096e-01 2.621612250804901123e-01 2.322408556938171387e-01 -2.396666258573532104e-01 -2.648430168628692627e-01 7.685153186321258545e-02 -2.899667620658874512e-01 4.439330995082855225e-01 -2.001295387744903564e-01 -4.612552821636199951e-01 -3.798901438713073730e-01 -1.585387438535690308e-02 -3.768120110034942627e-01 -8.874003291130065918e-01 3.293142914772033691e-01 -4.450811743736267090e-01 5.017514824867248535e-01 -7.294834852218627930e-01 4.647329747676849365e-01 -9.035369008779525757e-02 -5.063228607177734375e-01 5.283290147781372070e-02 -8.188010007143020630e-02 -4.439873993396759033e-01 1.274529099464416504e-01 4.643357396125793457e-01 -3.423598408699035645e-02 -3.028268739581108093e-02 4.469228386878967285e-01 -1.694007068872451782e-01 -3.921166956424713135e-01 1.602354943752288818e-01 -3.620225191116333008e-01 6.219846382737159729e-02 1.202663034200668335e-01 3.057732284069061279e-01 3.702910542488098145e-01 3.115655183792114258e-01 2.438325881958007812e-01 2.417610138654708862e-01 3.433470427989959717e-01 1.147822961211204529e-01 -1.133762970566749573e-01 -4.077743887901306152e-01 7.216950058937072754e-01 -2.056633532047271729e-01 -1.413530111312866211e+00 3.411507606506347656e-01 -5.597335100173950195e-01 -4.744305461645126343e-02 -5.574641749262809753e-02 -4.910200536251068115e-01 -1.492973566055297852e-01 5.275120958685874939e-03 -6.632313132286071777e-02 4.173946753144264221e-02 2.066497206687927246e-01 -2.223228849470615387e-02 2.617128491401672363e-01 -1.320233792066574097e-01 3.874640762805938721e-01 -9.895119667053222656e-01 4.356407523155212402e-01 -1.329502761363983154e-01 -1.506201177835464478e-01 -1.776372790336608887e-01 -9.863569401204586029e-03 -3.505839109420776367e-01 -1.889406442642211914e-01 4.062088951468467712e-02 8.006592839956283569e-02 -2.164114415645599365e-01 9.137679636478424072e-02 4.439326524734497070e-01 4.519871622323989868e-02 -4.352834075689315796e-02 4.912866353988647461e-01 1.789094805717468262e-01 2.077360898256301880e-01 2.587368786334991455e-01 -4.480205476284027100e-01 2.693861126899719238e-01 -4.026684463024139404e-01 1.938007324934005737e-01 4.728280752897262573e-02 2.030261904001235962e-01 5.487790107727050781e-01 9.389822185039520264e-02 9.823881387710571289e-01 4.254718720912933350e-01 1.189037114381790161e-01 -1.743671298027038574e-02 -4.849346578121185303e-01 -1.952569186687469482e-02 5.036890506744384766e-01 7.232300937175750732e-03 5.697115063667297363e-01 -4.752407371997833252e-01 1.385366767644882202e-01 -1.325379014015197754e-01 -4.087256491184234619e-01 -1.029072523117065430e+00 4.728170633316040039e-01 3.530916571617126465e-02 2.770587205886840820e-01 3.146388530731201172e-01 5.387463569641113281e-01 -3.250793367624282837e-02 1.795824021100997925e-01 3.137693107128143311e-01 -4.720029532909393311e-01 -3.957610577344894409e-02 1.663224846124649048e-01 -3.039845228195190430e-01 -5.379039049148559570e-01 5.473202466964721680e-01 -3.487739562988281250e-01 4.680066108703613281e-01 1.059782505035400391e-01 -4.430314898490905762e-01 2.306618988513946533e-01 1.818954795598983765e-01 -5.067377090454101562e-01 -2.612858414649963379e-01 -8.356599137187004089e-03 1.885523945093154907e-01 -5.118792057037353516e-01 1.155501455068588257e-01 2.440491765737533569e-01 4.123129844665527344e-01 9.932448714971542358e-02 3.155171573162078857e-01 6.123382598161697388e-02 -4.848849177360534668e-01 -2.343153804540634155e-01 -4.285696893930435181e-02 1.439297497272491455e-01 2.096135318279266357e-01 1.595271974802017212e-01 -1.667177975177764893e-01 -1.238587498664855957e+00 1.796638369560241699e-01 1.001196622848510742e+00 6.802751421928405762e-01 -4.810477197170257568e-01 5.525819063186645508e-01 -1.782365292310714722e-01 -3.722134232521057129e-01 -6.842162460088729858e-03 1.547829210758209229e-01 -2.661586403846740723e-01 3.580541536211967468e-02 4.432172775268554688e-01 1.093271821737289429e-01 -8.839079737663269043e-01 4.785664379596710205e-01 4.178617894649505615e-02 3.160574138164520264e-01 6.384945511817932129e-01 4.625643417239189148e-02 -2.559379339218139648e-01 3.715153336524963379e-01 -2.195232361555099487e-02 -1.261587858200073242e+00 3.584983944892883301e-01 6.672841906547546387e-01 -1.767318546772003174e-01 -1.447993665933609009e-01 3.593203425407409668e-01 3.073289394378662109e-01 -1.055764220654964447e-02 -1.354340016841888428e-01 3.477658629417419434e-01 2.919547557830810547e-01 -1.800113618373870850e-01 7.990802079439163208e-02 -1.686552315950393677e-01 1.290022134780883789e-01 2.421992868185043335e-01 -1.580833196640014648e-01 7.735542207956314087e-02 1.455326527357101440e-01 -7.471060752868652344e-02 -8.052009344100952148e-01 2.328784167766571045e-01 -3.825807273387908936e-01 5.323593318462371826e-02 3.153616189956665039e-01 -1.086493372917175293e+00 2.678676843643188477e-01 1.948808133602142334e-01 1.726176887750625610e-01 -3.101545274257659912e-01 -4.750483930110931396e-01 -3.997210040688514709e-02 -3.929596021771430969e-02 1.072124168276786804e-01 -9.914268553256988525e-02 3.249810636043548584e-02 -4.814766049385070801e-01 -8.767315745353698730e-02 -1.645638644695281982e-01 2.833789885044097900e-01 8.844421803951263428e-02 6.000589206814765930e-02 3.452170491218566895e-01 -9.775453060865402222e-02 -7.369117140769958496e-01 -3.186357021331787109e-01 -5.828816890716552734e-01 3.070026338100433350e-01 3.538992255926132202e-02 1.449340134859085083e-01 8.562220633029937744e-02 4.271858185529708862e-02 4.284568727016448975e-01 -3.243221342563629150e-01 1.725377291440963745e-01 -3.805750906467437744e-01 -2.285912632942199707e-01 1.230460554361343384e-01 4.006671309471130371e-01 1.006453409790992737e-01 -6.453955769538879395e-01 3.536934554576873779e-01 -3.549860715866088867e-01 -2.115574851632118225e-02 1.467848420143127441e-01 8.089099824428558350e-02 5.539741367101669312e-03 7.641751319169998169e-02 -3.289527595043182373e-01 -6.797847747802734375e-01 8.996449410915374756e-02 2.574878334999084473e-01 2.277025878429412842e-01 -9.711981564760208130e-02 2.343846559524536133e-01 4.716910719871520996e-01 3.041281998157501221e-01 3.472155034542083740e-01 -2.255464941263198853e-01 1.808514818549156189e-02 4.657153785228729248e-02 2.455076128244400024e-01 -2.869156599044799805e-01 5.775774717330932617e-01 -2.938675582408905029e-01 -2.342301420867443085e-02 3.507470786571502686e-01 3.102377653121948242e-01 -1.229575201869010925e-01 -1.452609002590179443e-01 6.702310442924499512e-01 -3.039566278457641602e-01 2.541867196559906006e-01 -3.967953622341156006e-01 5.321263894438743591e-02 -6.363863945007324219e-01 4.132699966430664062e-01 2.056338936090469360e-01 -5.930444002151489258e-01 2.444786727428436279e-01 9.836079478263854980e-01 1.605139076709747314e-01 2.760042250156402588e-01 -1.566791981458663940e-01 5.326928496360778809e-01 -1.642035692930221558e-01 2.052138298749923706e-01 7.260352969169616699e-01 7.943972349166870117e-01 2.540583014488220215e-01 -8.318442106246948242e-02 3.319508731365203857e-01 -2.564661800861358643e-01 -3.461576700210571289e-01 2.355624735355377197e-02 3.401689827442169189e-01 9.994997084140777588e-02 1.143200695514678955e-01 1.007561534643173218e-01 2.297350466251373291e-01 4.213015735149383545e-02 3.633914887905120850e-02 4.831424057483673096e-01 5.257031917572021484e-01 -1.215509414672851562e+00 -9.018786549568176270e-01 -1.032879129052162170e-01 2.955803275108337402e-01 3.081110119819641113e-01 2.676964402198791504e-01 4.769830107688903809e-01 4.123527929186820984e-02 1.307053565979003906e-01 2.322674840688705444e-01 -8.031944036483764648e-01 6.928984075784683228e-02 4.974805116653442383e-01 -1.545088142156600952e-01 1.948902904987335205e-01 8.639155328273773193e-02 -1.112603843212127686e-01 5.927925109863281250e-01 2.376294136047363281e-01 1.026809662580490112e-01 -3.855253458023071289e-01 2.369052171707153320e-01 3.011271059513092041e-01 1.947456300258636475e-01 4.589462280273437500e-02 6.699867248535156250e-01 4.878109991550445557e-01 2.025658637285232544e-01 -5.143689364194869995e-02 -2.401341497898101807e-01 -1.013416126370429993e-01 -5.621262192726135254e-01 -3.951995372772216797e-01 9.596967697143554688e-02 -2.310821786522865295e-02 -8.381301909685134888e-02 3.832882046699523926e-01 -1.166888773441314697e-01 1.443193107843399048e-01 -2.529314160346984863e-01 1.250731199979782104e-01 2.969407737255096436e-01 6.226355582475662231e-02 -3.840552568435668945e-01 1.109163165092468262e-01 2.982778549194335938e-01 4.464641213417053223e-01 6.902837753295898438e-02 2.221055887639522552e-02 -2.806161046028137207e-01 1.584227681159973145e-01 -2.158880792558193207e-02 -1.230941191315650940e-01 -1.197251901030540466e-01 -6.775410175323486328e-01 1.296863555908203125e-01 1.716630756855010986e-01 5.927113816142082214e-02 2.476345151662826538e-01 -7.199461013078689575e-02 -1.164361536502838135e-01 -2.052779197692871094e-01 1.673934161663055420e-01 -3.643623292446136475e-01 1.045137047767639160e-01 -1.453794538974761963e-01 -6.345339417457580566e-01 1.719841212034225464e-01 -4.518475383520126343e-02 5.684886872768402100e-02 -2.083804272115230560e-02 -9.809216856956481934e-02 3.549280166625976562e-01 -1.525316387414932251e-02 -4.536324739456176758e-02 8.624935150146484375e-01 -5.603138804435729980e-01 4.074126482009887695e-01 -5.740709304809570312e-01 6.547496188431978226e-03 2.801926732063293457e-01 -1.975361704826354980e-01 2.700189650058746338e-01 1.929886490106582642e-01 -5.297598242759704590e-01 6.306689381599426270e-01 1.243182346224784851e-01 3.870747983455657959e-01 2.719442546367645264e-02 2.582201659679412842e-01 4.977198839187622070e-01 4.281044900417327881e-01 -3.878513574600219727e-01 -6.341625452041625977e-01 1.735292673110961914e-01 -4.926097393035888672e-01 3.550308942794799805e-01 -2.588368654251098633e-01 2.089566737413406372e-01 4.684246480464935303e-01 -1.173638179898262024e-01 6.937277317047119141e-02 4.511227011680603027e-01 3.348194360733032227e-01 6.294472515583038330e-02 -5.887332558631896973e-01 3.240714669227600098e-01 -1.890502572059631348e-01 8.206054568290710449e-02 -3.681993186473846436e-01 2.448884248733520508e-01 -3.845871388912200928e-01 2.008639834821224213e-02 -6.790176033973693848e-01 1.731607913970947266e-01 -7.157111912965774536e-02 1.862302720546722412e-01 -3.123150467872619629e-01 -1.541152596473693848e-05 -2.628060430288314819e-02 3.191720247268676758e-01 -4.081909060478210449e-01 6.524477005004882812e-01 1.170684620738029480e-01 -2.915922105312347412e-01 5.857040882110595703e-01 3.983865976333618164e-01 -2.617912888526916504e-01 -4.471150934696197510e-01 1.736355423927307129e-01 1.292207241058349609e-01 4.531262218952178955e-01 -6.625542044639587402e-01 3.325420022010803223e-01 5.598479509353637695e-01 -3.422350287437438965e-01 -3.152645528316497803e-01 -2.911022305488586426e-01 1.958205997943878174e-01 6.453901529312133789e-01 2.323032915592193604e-01 4.635706543922424316e-01 1.759084686636924744e-02 4.833073616027832031e-01 -8.556229472160339355e-01 2.255028188228607178e-01 -5.306844413280487061e-02 2.405197322368621826e-01 -1.225390210747718811e-01 9.635005891323089600e-02 1.454100012779235840e-01 6.241829991340637207e-01 5.940437316894531250e-01 4.818564653396606445e-02 -8.861593902111053467e-02 1.904401034116744995e-01 -8.955444395542144775e-02 4.134040772914886475e-01 3.094690740108489990e-01 8.917462080717086792e-02 9.553982317447662354e-02 -4.441924691200256348e-01 -1.832900196313858032e-01 -1.848617792129516602e-01 -1.990957558155059814e-01 -2.091086208820343018e-01 6.231138110160827637e-01 4.976444542407989502e-01 -2.411177605390548706e-01 2.537384629249572754e-03 2.968456149101257324e-01 2.036084607243537903e-02 3.684239983558654785e-01 2.183256596326828003e-01 6.413944959640502930e-01 1.728049069643020630e-01 -5.075253918766975403e-02 2.130716145038604736e-01 -1.135773584246635437e-01 -6.398460865020751953e-01 -4.308993816375732422e-01 3.911006152629852295e-01 -1.582381725311279297e-01 -2.329780459403991699e-01 1.025557294487953186e-01 -1.019321084022521973e-01 -8.028794825077056885e-02 -8.592104911804199219e-02 1.759473830461502075e-01 -1.347124874591827393e-01 7.101739645004272461e-01 -5.564664602279663086e-01 5.729182064533233643e-02 3.982060030102729797e-02 1.466254740953445435e-01 2.615953385829925537e-01 -1.405806047841906548e-03 6.690620779991149902e-01 2.951792180538177490e-01 5.070358514785766602e-01 -1.110002323985099792e-01 8.205404877662658691e-02 2.258986532688140869e-01 -4.392700195312500000e-01 -4.373157918453216553e-01 5.950598716735839844e-01 -1.678541302680969238e-03 -2.016905993223190308e-01 -3.143572807312011719e-02 -2.638408914208412170e-02 -4.716251790523529053e-01 -4.700711369514465332e-02 1.165506541728973389e-01 -3.170480430126190186e-01 -1.495718806982040405e-01 1.754565536975860596e-01 -2.315333336591720581e-01 -3.142510540783405304e-04 1.171107664704322815e-01 1.407452970743179321e-01 3.142778575420379639e-01 1.142733618617057800e-01 -2.597716748714447021e-01 -8.071689307689666748e-02 6.578628420829772949e-01 -4.839533567428588867e-02 2.031642049551010132e-01 -1.065604910254478455e-01 -6.564074009656906128e-02 2.397305667400360107e-01 2.883310914039611816e-01 4.083706438541412354e-01 2.339406497776508331e-02 5.500723123550415039e-01 2.931005135178565979e-02 2.960800006985664368e-02 6.676912903785705566e-01 3.092478811740875244e-01 -4.148023203015327454e-02 -4.136745631694793701e-01 3.638423085212707520e-01 9.198158979415893555e-02 3.657171130180358887e-01 3.488585352897644043e-01 2.654427289962768555e-01 2.186929732561111450e-01 2.351936846971511841e-01 -3.802199661731719971e-01 2.985696494579315186e-01 4.187131300568580627e-02 7.510345429182052612e-02 -1.777920126914978027e-01 3.282109200954437256e-01 3.694412708282470703e-01 -3.431919589638710022e-02 2.633418142795562744e-01 1.658431589603424072e-01 1.407874375581741333e-01 2.953957915306091309e-01 -3.484499752521514893e-01 1.628390550613403320e-01 1.641726940870285034e-01 2.558301687240600586e-01 -3.179279863834381104e-01 -7.133565098047256470e-02 2.119085341691970825e-01 5.705207586288452148e-02 8.240755796432495117e-01 2.166102081537246704e-01 5.940253138542175293e-01 1.570397168397903442e-01 3.708220422267913818e-01 -6.476072072982788086e-01 2.471038103103637695e-01 -1.602547615766525269e-01 2.066613882780075073e-01 -2.771691679954528809e-01 -1.677802801132202148e-01 -1.329522132873535156e-01 -9.169478900730609894e-03 1.097198692150413990e-03 -3.449851274490356445e-02 3.650023341178894043e-01 -4.193590581417083740e-01 -3.292497992515563965e-01 -7.949524372816085815e-02 1.820816397666931152e-01 4.818616211414337158e-01 -2.505661845207214355e-01 -9.143241643905639648e-01 2.900009751319885254e-01 3.232433199882507324e-01 -6.288541555404663086e-01 2.299779951572418213e-01 -7.038775086402893066e-02 -2.527189254760742188e-01 3.131378293037414551e-01 7.122474908828735352e-01 -1.966981962323188782e-02 -9.789326786994934082e-02 1.317465901374816895e-01 1.026957780122756958e-01 5.163806676864624023e-01 9.875613451004028320e-02 -5.530466437339782715e-01 4.502426385879516602e-01 2.379147261381149292e-01 1.715438812971115112e-01 -1.619531363248825073e-01 4.392050206661224365e-02 4.546120762825012207e-01 -1.894463449716567993e-01 3.041718900203704834e-01 -2.874988913536071777e-01 1.715509444475173950e-01 -8.278036117553710938e-02 5.181992053985595703e-01 1.434696018695831299e-01 -2.164715081453323364e-01 3.711537420749664307e-01 3.068987838923931122e-02 1.097221672534942627e-01 -5.176248550415039062e-01 2.664389908313751221e-01 -5.240841582417488098e-02 -7.574437186121940613e-03 4.283144176006317139e-01 4.067294597625732422e-01 -1.099884510040283203e-01 -5.680428743362426758e-01 -1.885891258716583252e-01 1.715283095836639404e-01 1.446088999509811401e-01 -5.237405747175216675e-02 2.048150002956390381e-01 4.145569503307342529e-01 6.060521602630615234e-01 5.045544505119323730e-01 3.707465529441833496e-01 -1.962210610508918762e-02 -1.241280958056449890e-01 2.812973260879516602e-01 -2.177597582340240479e-01 -3.612452149391174316e-01 4.907248169183731079e-02 -3.413017392158508301e-01 -7.150252163410186768e-02 4.171248376369476318e-01 -3.466392755508422852e-01 -2.364882081747055054e-01 3.015411198139190674e-01 7.446029782295227051e-02 3.239117264747619629e-01 1.786303520202636719e-01 2.162376195192337036e-01 1.195370778441429138e-01 -1.956728249788284302e-01 6.668449938297271729e-02 1.545277684926986694e-01 7.107500433921813965e-01 -2.901818454265594482e-01 2.120231389999389648e-01 2.733335793018341064e-01 -2.527773082256317139e-01 2.599410414695739746e-01 5.967783182859420776e-02 2.071747034788131714e-01 6.607018709182739258e-01 -3.730127811431884766e-01 1.053017750382423401e-01 4.793899953365325928e-01 2.348586320877075195e-01 3.270241022109985352e-01 2.716276049613952637e-02 8.527570217847824097e-02 -2.884762734174728394e-02 3.116366863250732422e-01 -2.350970059633255005e-01 9.801758080720901489e-02 -1.642166078090667725e-01 -3.724814355373382568e-01 -1.755680888891220093e-03 -4.043486118316650391e-01 2.827552855014801025e-01 5.307214856147766113e-01 3.431607782840728760e-01 3.628671467304229736e-01 3.809793889522552490e-01 -2.001188397407531738e-01 3.453567326068878174e-01 -2.020165771245956421e-01 -2.817642986774444580e-01 8.250840008258819580e-03 5.808226466178894043e-01 3.372808173298835754e-02 1.987432390451431274e-01 9.330212324857711792e-02 -3.378982543945312500e-01 -1.198661625385284424e-01 6.478797793388366699e-01 4.359620511531829834e-01 2.002080380916595459e-01 -7.481288164854049683e-02 5.942076444625854492e-01 1.095275208353996277e-01 5.862957239151000977e-01 -1.099736213684082031e+00 -1.653740257024765015e-01 1.131376400589942932e-01 -5.412266254425048828e-01 -1.487898677587509155e-01 -3.948616087436676025e-01 -9.936124682426452637e-01 -3.363712430000305176e-01 1.711557209491729736e-01 1.480855047702789307e-01 4.221028089523315430e-01 -2.940539419651031494e-01 -2.713589370250701904e-01 -4.768114984035491943e-01 3.545982837677001953e-01 4.033971726894378662e-01 3.232555687427520752e-01 3.931446671485900879e-01 -5.169718861579895020e-01 3.343401551246643066e-01 -4.975881576538085938e-01 -4.398883134126663208e-02 -2.234123945236206055e-01 -3.307561278343200684e-01 -4.083909392356872559e-01 7.784532010555267334e-02 -1.992767900228500366e-01 -8.060173690319061279e-02 -1.192425712943077087e-01 2.826125621795654297e-01 1.060836091637611389e-01 -2.144632935523986816e-01 6.659317016601562500e-01 2.501385807991027832e-01 4.989146888256072998e-01 1.835909858345985413e-02 -2.258870750665664673e-01 1.714102029800415039e-01 -2.258999198675155640e-01 2.873431146144866943e-01 -8.676913380622863770e-02 -3.414626717567443848e-01 1.109922081232070923e-01 -1.104392018169164658e-02 -1.322934031486511230e-02 -3.779988288879394531e-01 -7.325429469347000122e-03 1.461438387632369995e-01 2.469534277915954590e-01 2.625676095485687256e-01 5.869813263416290283e-02 -5.124919116497039795e-02 -7.508160918951034546e-02 -4.714251756668090820e-01 2.768064141273498535e-01 3.045834898948669434e-01 4.106244742870330811e-01 4.057065546512603760e-01 1.469663381576538086e-01 4.486828744411468506e-01 -1.349964588880538940e-01 -1.055656746029853821e-02 -7.490049600601196289e-01 -2.877973914146423340e-01 2.484122514724731445e-01 7.007350325584411621e-01 -5.468642711639404297e-02 1.707791537046432495e-01 8.410400152206420898e-01 3.183127045631408691e-01 -3.050684332847595215e-01 1.651418358087539673e-01 -2.944294810295104980e-01 1.361185163259506226e-01 2.214099317789077759e-01 -6.559359282255172729e-02 1.826399266719818115e-01 -2.642486989498138428e-01 8.060217648744583130e-02 3.113817274570465088e-01 8.698876015841960907e-03 3.087173998355865479e-01 9.064927697181701660e-02 4.985440969467163086e-01 4.993698596954345703e-01 4.273799955844879150e-01 -1.019226573407649994e-02 -5.180789232254028320e-01 7.686606049537658691e-02 9.818277359008789062e-01 1.044614613056182861e-02 4.969483911991119385e-01 3.318316042423248291e-01 4.730350673198699951e-01 -6.244215965270996094e-01 2.505834698677062988e-01 -5.238716006278991699e-01 5.466905422508716583e-03 -1.340666413307189941e-01 -1.066037118434906006e-01 4.157356917858123779e-01 -7.258547544479370117e-01 -4.270429611206054688e-01 1.221071034669876099e-01 1.671052426099777222e-01 -7.447663545608520508e-01 1.246675252914428711e-01 -1.098622918128967285e+00 -1.064647957682609558e-01 -1.259395033121109009e-01 4.873469471931457520e-01 -1.484888792037963867e-01 1.505280137062072754e-01 1.863354891538619995e-01 4.036614000797271729e-01 -3.222238272428512573e-02 -2.389363944530487061e-01 4.186258614063262939e-01 -7.998549193143844604e-02 5.504219606518745422e-02 4.126575291156768799e-01 6.191407144069671631e-02 2.074330151081085205e-01 -4.472435414791107178e-01 3.608869612216949463e-01 1.931773126125335693e-01 8.479583263397216797e-02 3.732935488224029541e-01 3.069677352905273438e-01 -2.184709757566452026e-01 4.666037857532501221e-01 3.240367174148559570e-01 -1.514506991952657700e-03 1.770838797092437744e-01 -7.161530852317810059e-02 6.468287855386734009e-02 -9.511898159980773926e-01 1.049366891384124756e-01 9.798347204923629761e-02 1.076582893729209900e-01 -1.171224489808082581e-01 7.133724540472030640e-02 2.708264589309692383e-01 -4.765310883522033691e-01 -5.560854673385620117e-01 -1.688891947269439697e-01 1.464659571647644043e-01 -1.494805961847305298e-01 4.177566170692443848e-01 -7.600076496601104736e-03 1.915501505136489868e-01 1.576865650713443756e-02 5.429474711418151855e-01 3.106876611709594727e-01 2.733938097953796387e-01 2.977991104125976562e-01 -3.529983758926391602e-01 -5.131285786628723145e-01 1.898049116134643555e-01 -2.994501590728759766e-01 -3.634523749351501465e-01 4.199286550283432007e-02 1.605421863496303558e-02 2.715122103691101074e-01 7.456822693347930908e-02 -1.225964538753032684e-02 3.049483001232147217e-01 1.810727119445800781e-01 -2.727279663085937500e-01 -1.540267318487167358e-01 5.074851512908935547e-01 1.146466881036758423e-01 4.738645553588867188e-01 -6.335490942001342773e-01 -1.673024334013462067e-02 -3.688545897603034973e-02 1.427854150533676147e-01 -1.406451612710952759e-01 -1.431974172592163086e-01 1.100496947765350342e-01 1.063161492347717285e-01 2.137479335069656372e-01 1.505315601825714111e-01 -3.251399993896484375e-01 5.351440608501434326e-02 8.064481616020202637e-02 6.254651546478271484e-01 -1.005027532577514648e+00 -3.733510971069335938e-01 2.497680038213729858e-01 -6.826231628656387329e-02 1.212019622325897217e-01 -4.259550869464874268e-01 -1.179327964782714844e-01 7.455606013536453247e-02 3.120424449443817139e-01 -6.480596065521240234e-01 1.614765226840972900e-01 1.746617257595062256e-01 6.977060437202453613e-02 3.302130401134490967e-01 -4.306434392929077148e-01 2.028482556343078613e-01 2.089167535305023193e-01 1.315179765224456787e-01 -1.629938930273056030e-01 1.738954484462738037e-01 -5.921002626419067383e-01 5.533776879310607910e-01 4.727715253829956055e-02 -1.340094655752182007e-01 -3.134714066982269287e-01 1.315688937902450562e-01 2.670536935329437256e-01 -4.150741398334503174e-01 -4.198806881904602051e-01 4.030523002147674561e-01 -2.888539135456085205e-01 7.889132201671600342e-02 3.498236238956451416e-01 -4.310508966445922852e-01 7.965660095214843750e-02 5.102653503417968750e-01 -6.383526325225830078e-01 1.070644259452819824e-01 -4.642640948295593262e-01 -1.410034894943237305e-01 -7.608848810195922852e-02 2.744138538837432861e-01 5.199243426322937012e-01 -1.368850283324718475e-02 3.369130194187164307e-01 4.080663025379180908e-01 -4.322703480720520020e-01 1.358060240745544434e-01 -3.669822812080383301e-01 -2.534648478031158447e-01 -1.421916961669921875e+00 -5.843825936317443848e-01 1.387390866875648499e-02 -1.960784643888473511e-01
