1.284842789173126221e-01
8.532492816448211670e-02
3.003290891647338867e-01
-1.038563609123229980e+00
-1.271147131919860840e-01
-2.641169428825378418e-01
-6.069530248641967773e-01
-1.178126811981201172e+00
-3.906895220279693604e-01
-3.003377914428710938e-01
1.457698196172714233e-01
-4.517541825771331787e-02
5.018519163131713867e-01
3.503251671791076660e-01
-8.212636113166809082e-01
-3.632628321647644043e-01
-4.599843323230743408e-01
2.499859407544136047e-02
1.154432147741317749e-01
1.375898718833923340e-01
4.292011857032775879e-01
-1.352598425000905991e-02
6.762076169252395630e-02
1.334772109985351562e-01
6.246111392974853516e-01
4.697594344615936279e-01
-1.895635724067687988e-01
7.705435622483491898e-03
-6.124003529548645020e-01
1.906539499759674072e-01
4.072737693786621094e-01
3.666849136352539062e-01
4.331956505775451660e-01
3.992301970720291138e-02
-1.857539266347885132e-01
2.568091452121734619e-01
-3.283596038818359375e-01
2.642122209072113037e-01
-2.083784937858581543e-01
1.640480160713195801e-01
1.302996128797531128e-01
-6.652743816375732422e-01
2.490335889160633087e-02
1.018643230199813843e-01
-2.822219133377075195e-01
-1.342637687921524048e-01
3.616803288459777832e-01
2.502432763576507568e-01
-2.041832804679870605e-01
3.280340731143951416e-01
1.735849976539611816e-01
3.567520380020141602e-01
1.781240701675415039e-01
1.885256171226501465e-01
-7.460748553276062012e-01
3.923065662384033203e-01
-4.036030173301696777e-01
-1.965233981609344482e-01
-9.062974154949188232e-02
-1.713663041591644287e-01
3.657242283225059509e-02
-3.727494478225708008e-01
-4.038911759853363037e-01
-2.181680686771869659e-02
-4.871368706226348877e-01
2.341779619455337524e-01
3.814902603626251221e-01
6.104812026023864746e-01
2.617598176002502441e-01
3.288259506225585938e-01
5.686930418014526367e-01
3.780893385410308838e-01
2.766070663928985596e-01
-1.085455492138862610e-01
-4.292542040348052979e-01
-1.953065022826194763e-02
8.856982737779617310e-02
-1.600735783576965332e-01
3.616248071193695068e-01
5.156653374433517456e-02
-2.973218560218811035e-01
4.712662994861602783e-01
9.094060957431793213e-02
1.041126064956188202e-02
-1.504885256290435791e-01
3.105683922767639160e-01
3.850122988224029541e-01
-9.028850197792053223e-01
-1.051377803087234497e-01
-2.533938586711883545e-01
5.707801580429077148e-01
-5.467906594276428223e-01
-2.087821066379547119e-01
-4.498687684535980225e-01
5.345864295959472656e-01
6.255633831024169922e-01
3.268440663814544678e-01
4.673702716827392578e-01
1.072139572352170944e-02
-2.092073559761047363e-01
2.000479102134704590e-01
-1.480638980865478516e-01
4.506392776966094971e-01
1.229491978883743286e-01
3.742933273315429688e-01
-3.289409279823303223e-01
2.060455977916717529e-01
2.558883726596832275e-01
-5.289940834045410156e-01
4.452826380729675293e-01
-1.317069232463836670e-01
-1.797322034835815430e-01
2.302314639091491699e-01
5.112449452280998230e-02
1.764850169420242310e-01
-6.423269212245941162e-02
5.079674720764160156e-02
-5.490803122520446777e-01
2.980333566665649414e-01
4.488627910614013672e-01
1.512682586908340454e-01
-1.454073429107666016e+00
-1.274443790316581726e-02
1.426623910665512085e-01
2.924315333366394043e-01
1.123343929648399353e-01
-1.419404149055480957e-01
5.685020685195922852e-01
9.756860136985778809e-02
-5.007842183113098145e-01
-1.950961351394653320e-02
-1.406538337469100952e-01
4.238411486148834229e-01
1.303202062845230103e-01
-1.293494105339050293e-01
-5.641636252403259277e-01
-7.097217440605163574e-02
-1.369762867689132690e-01
1.444585919380187988e-01
-7.313100099563598633e-01
4.856257736682891846e-01
6.487614009529352188e-03
1.421075761318206787e-01
-3.440393134951591492e-02
7.597139477729797363e-01
1.859083771705627441e-01
-4.123954176902770996e-01
3.066985607147216797e-01
3.010777235031127930e-01
-5.937113761901855469e-01
6.198769435286521912e-03
1.299535930156707764e-01
-2.731476128101348877e-01
4.731062948703765869e-01
2.795662879943847656e-01
2.285478264093399048e-01
-8.869627863168716431e-02
3.318903148174285889e-01
-1.881484836339950562e-01
3.708979487419128418e-01
7.199624776840209961e-01
-3.782272636890411377e-01
1.154777929186820984e-01
1.066298484802246094e-01
-3.342317789793014526e-02
-4.488087445497512817e-02
7.547833919525146484e-01
-3.794275596737861633e-02
7.960060238838195801e-02
3.260994255542755127e-01
2.920378446578979492e-01
1.709977537393569946e-01
-1.786216497421264648e-01
-4.406014382839202881e-01
3.905507028102874756e-01
3.132599592208862305e-01
5.433886647224426270e-01
1.275196671485900879e-01
-4.395841658115386963e-01
-1.120815426111221313e-01
3.798207640647888184e-01
7.341411709785461426e-02
1.605210304260253906e-01
-2.562492713332176208e-02
-6.700417399406433105e-02
-4.720641374588012695e-01
1.820288896560668945e-01
-5.665832012891769409e-02
-3.892339468002319336e-01
3.494991362094879150e-01
9.075866639614105225e-02
2.153027802705764771e-01
2.805785834789276123e-02
1.369344890117645264e-01
-9.007082879543304443e-02
2.918360233306884766e-01
-2.753105163574218750e-01
-1.967301964759826660e-01
5.982752442359924316e-01
-2.116007655858993530e-01
2.440094947814941406e-03
-2.058475911617279053e-01
6.070476174354553223e-01
-1.790698617696762085e-01
6.122378110885620117e-01
2.327169179916381836e-01
-1.960794329643249512e-01
-2.811723649501800537e-01
-7.345434427261352539e-01
-5.868846550583839417e-02
4.601388275623321533e-01
1.771124750375747681e-01
-1.883462369441986084e-01
-1.770352572202682495e-01
2.148578464984893799e-01
2.457811236381530762e-01
-3.233388364315032959e-01
-1.103919669985771179e-01
8.133942633867263794e-02
-3.625584393739700317e-02
6.692571043968200684e-01
-9.738682210445404053e-02
1.904106736183166504e-01
3.530895411968231201e-01
7.264302670955657959e-02
-3.773081898689270020e-01
-4.861331880092620850e-01
-4.314537644386291504e-01
2.779948711395263672e-01
6.426682472229003906e-01
7.565724104642868042e-02
4.037417173385620117e-01
2.517153322696685791e-01
-4.072197377681732178e-01
1.053026393055915833e-01
2.404542863368988037e-01
-2.293976098299026489e-01
5.086847394704818726e-02
2.105788141489028931e-01
-3.364120721817016602e-01
1.679265201091766357e-01
3.252931237220764160e-01
4.186766222119331360e-02
2.741158902645111084e-01
2.630600333213806152e-01
-8.526440709829330444e-02
2.425606101751327515e-01
2.775825262069702148e-01
9.024069458246231079e-02
4.434609115123748779e-01
-4.225423634052276611e-01
4.257397055625915527e-01
2.730472087860107422e-01
2.057023048400878906e-01
9.895674884319305420e-02
1.016103699803352356e-01
6.532580256462097168e-01
3.320918977260589600e-01
1.472985595464706421e-01
1.201266646385192871e-01
-2.718510478734970093e-02
-2.059373408555984497e-01
1.330280005931854248e-01
1.809850484132766724e-01
-6.285633891820907593e-02
6.498911976814270020e-02
3.657159805297851562e-01
4.063236713409423828e-01
1.390655636787414551e-01
3.756581842899322510e-01
4.585426747798919678e-01
4.273498654365539551e-01
1.055253222584724426e-01
-1.490443944931030273e-01
2.872791290283203125e-01
-1.009582757949829102e+00
4.879749119281768799e-01
1.187823638319969177e-01
-8.584761619567871094e-02
4.975020885467529297e-01
1.691080778837203979e-01
2.631165683269500732e-01
-3.068098612129688263e-02
9.436968713998794556e-02
3.453972041606903076e-01
2.534624934196472168e-01
-5.212292671203613281e-01
-1.498996615409851074e-01
-1.458291053771972656e+00
1.533004194498062134e-01
-1.673277914524078369e-01
2.211384028196334839e-01
-3.089375495910644531e-01
-1.788252592086791992e-01
5.341593921184539795e-02
-2.052487432956695557e-01
-1.715804636478424072e-01
-1.181152760982513428e-01
-5.520589947700500488e-01
5.209271311759948730e-01
1.363781392574310303e-01
8.486240357160568237e-02
-7.013590633869171143e-02
6.788114309310913086e-01
-6.901865601539611816e-01
-2.255392968654632568e-01
-3.249883651733398438e-03
-5.379076302051544189e-02
3.275267481803894043e-01
-6.077464818954467773e-01
2.354500144720077515e-01
5.003041028976440430e-01
-3.262486457824707031e-01
5.057303905487060547e-01
-1.258960813283920288e-01
2.518087625503540039e-01
-1.081444323062896729e-01
6.720186024904251099e-02
1.822427362203598022e-01
4.477567374706268311e-01
-1.464007198810577393e-01
-5.436452850699424744e-02
-2.956678718328475952e-02
-6.304188370704650879e-01
3.915230333805084229e-01
-7.422070205211639404e-02
2.675038874149322510e-01
-6.584441065788269043e-01
-5.772743225097656250e-01
4.661367833614349365e-01
4.876725971698760986e-01
2.316900342702865601e-01
2.555694282054901123e-01
-2.726323902606964111e-01
3.079848885536193848e-01
1.443895697593688965e-01
-2.302533835172653198e-01
3.102006316184997559e-01
4.039518833160400391e-01
5.410267114639282227e-01
-2.211733013391494751e-01
1.512665003538131714e-01
-1.661292463541030884e-01
4.594825208187103271e-02
2.004414796829223633e-01
-1.084027066826820374e-01
1.839637607336044312e-01
3.882686793804168701e-01
-8.045365661382675171e-02
4.983347058296203613e-01
1.178358308970928192e-02
5.873489379882812500e-01
-9.621963500976562500e-01
7.800245285034179688e-02
6.147037073969841003e-02
3.938105404376983643e-01
2.318764477968215942e-01
-5.309697985649108887e-01
3.104543983936309814e-01
-6.586754918098449707e-01
-6.007164344191551208e-02
1.701347529888153076e-01
4.714257717132568359e-01
3.316791653633117676e-01
-1.704429090023040771e-01
1.217915415763854980e-01
-1.268051415681838989e-01
-5.327866673469543457e-01
6.934946775436401367e-02
3.593348562717437744e-01
-1.256668418645858765e-01
1.119498535990715027e-01
-2.796832285821437836e-02
1.622233092784881592e-01
-9.315661154687404633e-03
-1.330393850803375244e-01
3.412860929965972900e-01
-2.007417008280754089e-02
3.539877831935882568e-01
-3.320206701755523682e-01
3.714482188224792480e-01
3.489574193954467773e-01
3.851358294486999512e-01
-7.640931010246276855e-02
4.410488605499267578e-01
1.390735059976577759e-01
1.787803024053573608e-01
6.011668443679809570e-01
-4.669929295778274536e-02
-2.180084586143493652e-01
2.030255496501922607e-01
-3.437262773513793945e-01
-2.288561128079891205e-02
-1.651311963796615601e-01
2.727634310722351074e-01
-2.508928477764129639e-01
-2.671750783920288086e-01
2.014469727873802185e-02
-3.024058938026428223e-01
-1.504949808120727539e+00
4.423923417925834656e-02
-1.089582294225692749e-01
2.932670116424560547e-01
2.028890848159790039e-01
4.154701530933380127e-01
-3.640636429190635681e-02
-2.382558286190032959e-01
3.533584475517272949e-01
1.658247262239456177e-01
-8.948176354169845581e-02
-4.898387566208839417e-02
-2.902298867702484131e-01
-3.875949680805206299e-01
2.956843376159667969e-01
2.383613139390945435e-01
1.241977512836456299e-01
6.251342892646789551e-01
-4.198449850082397461e-01
-1.318850964307785034e-01
-2.694717645645141602e-01
3.986945003271102905e-02
8.755571395158767700e-02
-2.754289209842681885e-01
2.117808461189270020e-01
2.248980998992919922e-01
7.460589408874511719e-01
-2.283918559551239014e-01
5.134592652320861816e-01
1.502479761838912964e-01
5.812742710113525391e-01
2.269922792911529541e-01
2.948005497455596924e-01
4.011518061161041260e-01
3.949836790561676025e-01
-6.551327109336853027e-01
-4.230126738548278809e-01
1.903885304927825928e-01
4.947487413883209229e-01
1.932375878095626831e-01
6.010715290904045105e-02
2.304591089487075806e-01
-7.281716167926788330e-02
-6.752695441246032715e-01
2.307703047990798950e-01
-4.851883053779602051e-01
2.334281653165817261e-01
1.760705411434173584e-01
2.875652164220809937e-03
-4.118790924549102783e-01
-1.284646272659301758e+00
2.093627303838729858e-01
-2.545122206211090088e-01
4.339674413204193115e-01
-1.461711972951889038e-01
-1.360673666000366211e+00
1.690669208765029907e-01
6.597648859024047852e-01
3.174702227115631104e-01
-6.589804589748382568e-02
1.538335531949996948e-01
2.219234257936477661e-01
2.661711871623992920e-01
2.848626673221588135e-02
-1.122032627463340759e-01
3.671833872795104980e-01
-8.922429680824279785e-01
-2.784070968627929688e-01
6.061556339263916016e-01
-7.652897834777832031e-01
-3.233488276600837708e-02
1.465021371841430664e-01
4.489839673042297363e-01
1.990430951118469238e-01
3.315959572792053223e-01
5.316158384084701538e-02
6.562654674053192139e-02
2.807030975818634033e-01
-4.701704531908035278e-02
4.049919843673706055e-01
3.629837036132812500e-01
6.842981576919555664e-01
3.760082125663757324e-01
3.547527194023132324e-01
-6.750509142875671387e-01
-4.083060324192047119e-01
2.694524824619293213e-03
-4.843566939234733582e-02
3.512835502624511719e-02
-2.434972971677780151e-01
-5.731768012046813965e-01
5.358768999576568604e-02
1.034316569566726685e-01
-1.934477537870407104e-01
3.422226607799530029e-01
-3.292618691921234131e-01
-7.857438921928405762e-02
4.971978068351745605e-01
-1.931325346231460571e-01
8.888320624828338623e-02
-2.430920302867889404e-01
1.188933402299880981e-01
1.773202121257781982e-01
1.961810737848281860e-01
1.873790770769119263e-01
3.098703026771545410e-01
5.923252105712890625e-01
1.403665244579315186e-01
1.443669945001602173e-01
3.234923183917999268e-01
-1.251809895038604736e-01
-6.080545857548713684e-02
-6.388224661350250244e-02
-2.224374860525131226e-01
1.360169351100921631e-01
-2.213688492774963379e-01
7.710014581680297852e-01
-3.629326820373535156e-02
1.943842768669128418e-01
-1.084667682647705078e+00
-1.521850228309631348e-01
2.051968127489089966e-03
-4.082248806953430176e-01
-1.414536833763122559e-01
-1.041283905506134033e-01
8.607111871242523193e-02
4.642378687858581543e-01
1.655474156141281128e-01
3.692021965980529785e-01
3.018194437026977539e-02
7.744544744491577148e-02
2.496596276760101318e-01
8.395186066627502441e-02
-5.156335979700088501e-02
-6.743585467338562012e-01
1.316246837377548218e-01
2.100308239459991455e-01
-8.861062526702880859e-01
-8.604952692985534668e-02
5.009632706642150879e-01
-3.900159299373626709e-01
-2.465681582689285278e-01
-2.152982056140899658e-01
-3.926024734973907471e-01
-1.551138907670974731e-01
2.469213008880615234e-01
4.316256940364837646e-01
-9.403783679008483887e-01
3.743877261877059937e-02
-3.468010947108268738e-02
2.441651970148086548e-01
-1.837920248508453369e-01
-4.962937831878662109e-01
-4.225712269544601440e-02
-4.913134276866912842e-01
2.446812391281127930e-02
5.169391632080078125e-02
4.322459399700164795e-01
4.317061007022857666e-01
-2.786830067634582520e-01
7.628578543663024902e-01
1.937235891819000244e-01
2.335183471441268921e-01
-5.046997666358947754e-01
-4.359607696533203125e-01
-3.050665557384490967e-01
-4.516127705574035645e-01
2.590067088603973389e-01
4.280958175659179688e-01
3.010113835334777832e-01
-1.896076649427413940e-01
-9.154029488563537598e-01
4.046249389648437500e-01
3.156397640705108643e-01
3.338215351104736328e-01
1.907344460487365723e-01
-4.770652651786804199e-01
-1.128366217017173767e-03
-9.712573289871215820e-01
4.545714706182479858e-02
-3.652388453483581543e-01
-5.372967123985290527e-01
-1.948713958263397217e-01
1.513314992189407349e-01
-9.923943877220153809e-02
-4.851132631301879883e-01
3.764686584472656250e-01
1.288868784904479980e-01
-4.959154427051544189e-01
2.947327680885791779e-02
8.116698265075683594e-02
8.577732741832733154e-02
5.852366685867309570e-01
-3.385763168334960938e-01
1.938995122909545898e-01
7.698234915733337402e-02
3.268899023532867432e-01
4.889634251594543457e-01
5.102385878562927246e-01
2.407025173306465149e-02
1.873834878206253052e-01
1.959705650806427002e-01
1.088052242994308472e-02
-5.881561636924743652e-01
-3.097782135009765625e-01
1.341527253389358521e-01
-4.068522751331329346e-01
2.186341211199760437e-02
2.507568001747131348e-01
-5.641551017761230469e-01
-1.374320089817047119e-01
1.692838072776794434e-01
-7.710227370262145996e-02
-7.359491288661956787e-02
-4.829768538475036621e-01
2.284178137779235840e-01
1.826817542314529419e-01
5.912943929433822632e-02
2.602461278438568115e-01
7.302616834640502930e-01
6.549825072288513184e-01
1.734554469585418701e-01
3.321465253829956055e-01
-1.761747896671295166e-01
2.940825745463371277e-02
-4.207518696784973145e-01
-9.546597301959991455e-02
-3.416337072849273682e-01
-5.223355889320373535e-01
3.121494054794311523e-01
-8.067413419485092163e-02
3.941847085952758789e-01
3.634931743144989014e-01
2.064806222915649414e-01
-7.895234227180480957e-02
4.811132252216339111e-01
-6.636983156204223633e-02
2.816871702671051025e-01
5.747582018375396729e-02
-2.799743711948394775e-01
-5.541632324457168579e-02
-7.952634245157241821e-03
5.915657877922058105e-01
1.253387629985809326e-01
1.149743571877479553e-01
-4.605068266391754150e-01
-5.363713502883911133e-01
3.839117884635925293e-01
4.138904511928558350e-01
-3.077905476093292236e-01
-1.471731215715408325e-01
2.589819487184286118e-03
-2.688805386424064636e-02
3.974662423133850098e-01
-1.002843901515007019e-01
1.571400091052055359e-03
-1.493734240531921387e+00
3.740605711936950684e-01
2.440085113048553467e-01
4.250891804695129395e-01
2.646837150678038597e-03
1.488651037216186523e-01
1.851074099540710449e-01
3.359347879886627197e-01
1.669557243585586548e-01
3.330760300159454346e-01
-1.379909180104732513e-02
1.797578334808349609e-01
1.679651439189910889e-01
7.918227463960647583e-02
2.456354498863220215e-01
-3.390680253505706787e-01
1.637273728847503662e-01
1.419246196746826172e-01
-1.990996897220611572e-01
1.342589110136032104e-01
-6.175320222973823547e-02
2.214624732732772827e-01
-8.726845383644104004e-01
3.205172717571258545e-01
6.676282882690429688e-01
-3.630090355873107910e-01
9.933707118034362793e-02
6.635149568319320679e-02
-1.173282504081726074e+00
-4.550143182277679443e-01
-2.080485820770263672e-01
-1.695809364318847656e-01
-3.166389167308807373e-01
2.546359226107597351e-02
4.135676659643650055e-03
7.314733415842056274e-02
3.597105294466018677e-02
3.100921809673309326e-01
1.404552012681961060e-01
-1.826872676610946655e-01
-2.322466671466827393e-01
1.310134828090667725e-01
2.161242067813873291e-02
2.678248286247253418e-01
-4.008332267403602600e-02
1.991890221834182739e-01
-2.639379501342773438e-01
9.680750966072082520e-02
8.851232379674911499e-02
-3.646155446767807007e-02
5.403749346733093262e-01
2.333329021930694580e-01
-1.839465051889419556e-01
-4.028428345918655396e-02
3.353524208068847656e-01
-1.123028397560119629e-01
1.844314038753509521e-01
-3.686256110668182373e-01
-3.344122767448425293e-01
2.775547504425048828e-01
6.143150851130485535e-02
4.206030070781707764e-01
-4.632242321968078613e-01
-2.346019148826599121e-01
6.821095347404479980e-01
4.158108830451965332e-01
4.156791567802429199e-01
9.946804493665695190e-02
2.927926778793334961e-01
3.019275069236755371e-01
-1.448124926537275314e-02
-4.318309426307678223e-01
-1.551630795001983643e-01
-8.822280168533325195e-01
-1.225666925311088562e-01
2.372432947158813477e-01
3.377973139286041260e-01
6.550946086645126343e-02
3.725559115409851074e-01
-8.405237644910812378e-02
8.398351669311523438e-01
-2.124042361974716187e-01
-3.105850815773010254e-01
-6.336675286293029785e-01
-1.019433513283729553e-01
1.871110796928405762e-01
7.227841764688491821e-03
1.822471171617507935e-01
6.280423402786254883e-01
1.957363188266754150e-01
3.771857321262359619e-01
-3.483597636222839355e-01
-2.852286696434020996e-01
-5.837533473968505859e-01
5.641420185565948486e-02
2.124185413122177124e-01
-1.171202734112739563e-01
7.099087536334991455e-02
2.807044610381126404e-02
5.652330815792083740e-02
-4.269421398639678955e-01
1.339281909167766571e-02
1.155938953161239624e-04
9.348165988922119141e-01
1.981180459260940552e-01
-1.463079303503036499e-01
-4.017567932605743408e-01
3.328379243612289429e-02
4.235883653163909912e-01
9.236715734004974365e-02
1.919166296720504761e-01
3.370688557624816895e-01
3.017224371433258057e-01
2.478499710559844971e-01
5.927982926368713379e-02
-2.054547220468521118e-01
-8.985198289155960083e-02
2.133809588849544525e-02
1.090299606323242188e+00
8.383760601282119751e-02
1.098917424678802490e-01
4.148559868335723877e-01
1.459064632654190063e-01
5.455991625785827637e-01
2.181950025260448456e-02
5.243246555328369141e-01
-2.762385606765747070e-01
5.764058232307434082e-01
-3.946565389633178711e-01
6.946642883121967316e-03
3.459095954895019531e-01
-8.286847472190856934e-01
-2.087073773145675659e-01
-1.951439678668975830e-01
-8.719748258590698242e-02
-2.461929805576801300e-02
-2.851781621575355530e-02
3.839066922664642334e-01
1.282358318567276001e-01
-7.098705768585205078e-01
1.921938732266426086e-02
-4.570144712924957275e-01
1.910355985164642334e-01
2.058222889900207520e-01
-2.489063590764999390e-01
-3.898707628250122070e-01
1.041231080889701843e-01
3.709493875503540039e-01
4.758311808109283447e-02
4.371677339076995850e-01
-1.211600184440612793e+00
-1.253977566957473755e-01
-1.064359210431575775e-03
-1.856268048286437988e-01
7.021745443344116211e-01
-6.703675985336303711e-01
1.542464494705200195e-01
5.166444182395935059e-01
-1.160663925111293793e-02
-1.307630687952041626e-01
2.176035642623901367e-01
8.572795242071151733e-02
-1.059241406619548798e-02
-8.909011632204055786e-02
2.045152783393859863e-01
-6.169573068618774414e-01
3.306898474693298340e-01
-7.147973775863647461e-02
1.290792226791381836e-01
-6.672336459159851074e-01
-7.286494970321655273e-02
4.740139842033386230e-02
1.011740416288375854e-01
3.251476585865020752e-01
-1.847378313541412354e-01
6.568449735641479492e-01
1.005880981683731079e-01
-4.460823237895965576e-01
3.301775157451629639e-01
-2.082659006118774414e-01
2.725377678871154785e-01
1.915179938077926636e-01
2.918248176574707031e-01
2.603130042552947998e-01
-2.941223978996276855e-01
1.739816069602966309e-01
-1.506711542606353760e-01
2.297351062297821045e-01
-4.031434059143066406e-01
4.816995561122894287e-01
-4.084706008434295654e-01
-1.593695729970932007e-01
-9.732237458229064941e-01
-3.110344335436820984e-02
5.411214381456375122e-02
4.811595380306243896e-01
-6.040877103805541992e-02
-1.052608042955398560e-01
9.727533906698226929e-03
-5.096437335014343262e-01
5.114401578903198242e-01
2.067195475101470947e-01
-9.486395865678787231e-03
-5.199664235115051270e-01
2.398936450481414795e-02
-1.226069688796997070e+00
1.863484531641006470e-01
2.261056005954742432e-01
-3.071512877941131592e-01
-3.605380654335021973e-02
-1.066268905997276306e-01
5.859837681055068970e-02
2.713275514543056488e-02
-4.823607504367828369e-01
9.047530591487884521e-02
8.477006107568740845e-03
4.930533841252326965e-02
-6.275869160890579224e-02
-2.476228401064872742e-02
2.944707870483398438e-01
-9.474040865898132324e-01
-3.814636170864105225e-01
4.340342879295349121e-01
-4.355320334434509277e-01
1.482848078012466431e-01
-1.385029256343841553e-01
3.722060918807983398e-01
2.978627681732177734e-01
3.223252296447753906e-01
9.629579633474349976e-02
-6.311798095703125000e-01
-4.048381149768829346e-01
-1.412585191428661346e-02
-4.377824068069458008e-01
-2.063627094030380249e-01
-3.662664294242858887e-01
5.019978880882263184e-01
-5.589848160743713379e-01
4.335927218198776245e-02
4.542812108993530273e-01
-8.134835213422775269e-02
4.264834150671958923e-02
-1.379029601812362671e-01
-9.448935985565185547e-01
1.605364233255386353e-01
-2.835634648799896240e-01
4.434030503034591675e-03
5.795530229806900024e-02
1.071801334619522095e-01
4.584606885910034180e-01
-2.702213525772094727e-01
3.680813908576965332e-01
7.154182344675064087e-02
-4.799567759037017822e-01
-3.164224922657012939e-01
1.126879304647445679e-01
-1.376571953296661377e-01
5.065943598747253418e-01
-5.242140889167785645e-01
-8.397884666919708252e-02
1.420901417732238770e-01
-6.029245257377624512e-01
-6.447927355766296387e-01
-3.515493571758270264e-01
9.909281134605407715e-02
2.018825262784957886e-01
6.603627651929855347e-02
-6.246227771043777466e-02
2.055200487375259399e-01
-2.013322412967681885e-01
2.937941849231719971e-01
-4.136017262935638428e-01
4.461317360401153564e-01
4.911066591739654541e-01
2.051569819450378418e-01
-4.379983991384506226e-03
-1.051087006926536560e-01
1.606177687644958496e-01
1.428249329328536987e-01
-3.046285808086395264e-01
-2.344241142272949219e-01
-6.693896055221557617e-01
1.941838115453720093e-01
-5.394068360328674316e-01
1.920222193002700806e-01
4.581646025180816650e-01
2.051658183336257935e-02
2.419350445270538330e-01
1.358674168586730957e-01
-3.112246841192245483e-02
-5.521427839994430542e-02
3.457494080066680908e-01
-3.531350493431091309e-01
-1.373606622219085693e-01
1.865902394056320190e-01
-3.467798233032226562e-01
-2.575303018093109131e-01
-1.052188158035278320e+00
9.140509366989135742e-02
3.825790584087371826e-01
-3.625055551528930664e-01
-5.572659373283386230e-01
1.363679170608520508e-01
2.449758946895599365e-01
4.047544896602630615e-01
1.084727123379707336e-01
3.969255387783050537e-01
2.782486081123352051e-01
4.796558320522308350e-01
-8.333526849746704102e-01
-2.174562513828277588e-01
3.386888504028320312e-01
6.750587224960327148e-01
2.953034043312072754e-01
-4.484630227088928223e-01
-3.929238319396972656e-01
1.735408604145050049e-01
-1.767438054084777832e-01
7.161924988031387329e-02
-2.040744721889495850e-01
7.503959536552429199e-02
-3.291671574115753174e-01
-7.260898351669311523e-01
-3.305291235446929932e-01
6.930775642395019531e-01
3.439978882670402527e-02
3.273270726203918457e-01
-2.813001871109008789e-01
-2.099480330944061279e-01
2.699016332626342773e-01
-5.630858242511749268e-02
1.547380983829498291e-01
-3.183822929859161377e-01
-2.641133368015289307e-01
-8.246349692344665527e-01
-2.592520415782928467e-01
-3.078450635075569153e-02
4.385676681995391846e-01
-3.938662111759185791e-01
4.795338511466979980e-01
1.452456265687942505e-01
-1.741076409816741943e-01
2.007771730422973633e-01
-4.137695208191871643e-02
2.716994285583496094e-01
1.262761503458023071e-01
3.306607902050018311e-01
1.200577337294816971e-02
1.692157685756683350e-01
-2.476537525653839111e-01
4.365639090538024902e-01
5.682024359703063965e-01
8.513963967561721802e-02
-2.749684639275074005e-02
-1.382457613945007324e-01
-1.477098017930984497e-01
-1.242346540093421936e-01
8.477738499641418457e-02
-1.246084794402122498e-01
-6.878106296062469482e-02
1.965873092412948608e-01
-4.302386566996574402e-02
1.366042792797088623e-01
1.225963085889816284e-01
6.829734444618225098e-01
4.068822264671325684e-01
5.677393078804016113e-01
2.937391400337219238e-01
2.917393445968627930e-01
5.225516557693481445e-01
5.823968648910522461e-01
4.306935966014862061e-01
7.332994788885116577e-02
1.533661037683486938e-01
3.420846536755561829e-02
-4.378644227981567383e-01
-5.306730866432189941e-01
4.638257622718811035e-02
-3.335691690444946289e-01
1.051682755351066589e-01
-3.381966054439544678e-02
-5.049625039100646973e-01
-3.073572814464569092e-01
4.164721667766571045e-01
-7.229644805192947388e-02
5.254943668842315674e-02
3.861078992486000061e-02
5.537682175636291504e-01
-8.997123688459396362e-02
-6.735106706619262695e-01
1.096595376729965210e-01
7.447981089353561401e-02
3.560814857482910156e-01
4.856127500534057617e-01
1.363725215196609497e-01
-8.554029464721679688e-02
2.460902780294418335e-01
1.310470327734947205e-02
-6.936810016632080078e-01
2.335333377122879028e-01
3.736858963966369629e-01
-1.666379272937774658e-01
2.894497103989124298e-02
-4.440761506557464600e-01
4.825972020626068115e-01
-8.579613268375396729e-02
1.662990301847457886e-01
3.441504389047622681e-02
3.361402153968811035e-01
4.575482010841369629e-01
2.351745963096618652e-01
-4.589797556400299072e-02
3.536478057503700256e-02
-2.487821131944656372e-01
3.811540454626083374e-02
2.526866644620895386e-02
-3.867444992065429688e-01
-9.938993453979492188e-01
-1.068461537361145020e+00
2.804656028747558594e-01
3.108740970492362976e-02
-2.532931864261627197e-01
1.574349403381347656e-01
-9.735057353973388672e-01
-1.252624392509460449e-01
-1.130088567733764648e+00
-3.385296165943145752e-01
2.690412402153015137e-01
1.880169659852981567e-01
1.758542209863662720e-01
1.195549294352531433e-01
2.302123159170150757e-01
3.934574723243713379e-01
-2.754933238029479980e-01
-2.488106936216354370e-01
2.789759449660778046e-02
4.553188756108283997e-02
1.366313695907592773e-01
2.038375884294509888e-01
-4.403580129146575928e-01
6.740798801183700562e-02
3.795849382877349854e-01
-3.633559048175811768e-01
-5.538345575332641602e-01
1.128044724464416504e-01
-3.566725850105285645e-01
-2.819386720657348633e-01
-3.518259525299072266e-01
2.108158022165298462e-01
-1.101720929145812988e-01
2.243704944849014282e-01
1.766064614057540894e-01
2.792266663163900375e-03
1.089898347854614258e-01
-1.116181816905736923e-02
-1.390421018004417419e-02
-4.366664290428161621e-01
4.602549672126770020e-01
2.613985538482666016e-01
-1.647761762142181396e-01
3.405795395374298096e-01
2.489441074430942535e-03
-5.578468441963195801e-01
5.723324418067932129e-02
2.486251294612884521e-02
-5.767698287963867188e-01
-9.769160300493240356e-02
-5.243349075317382812e-02
-1.533218979835510254e+00
1.251709461212158203e-01
4.404035508632659912e-01
3.442855477333068848e-01
2.487476170063018799e-01
-3.500455617904663086e-01
-1.770273447036743164e-01
1.548150926828384399e-01
-1.869629770517349243e-01
2.647909149527549744e-02
3.199958205223083496e-01
-7.989652752876281738e-01
2.325842380523681641e-01
-1.417366117238998413e-01
-1.072597801685333252e-01
-1.672016084194183350e-01
1.850297898054122925e-01
1.769398748874664307e-01
1.621903628110885620e-01
3.919920027256011963e-01
6.584488749504089355e-01
-2.925337105989456177e-02
-6.593095064163208008e-01
3.861694931983947754e-01
1.410089433193206787e-02
2.069171890616416931e-02
1.119499653577804565e-01
-3.906789124011993408e-01
2.526463568210601807e-01
-3.714193701744079590e-01
2.866095677018165588e-02
3.350417613983154297e-01
-4.729970395565032959e-01
-4.214823246002197266e-01
-7.772939205169677734e-01
-5.898037552833557129e-01
-1.256033480167388916e-01
6.603913307189941406e-01
-5.079847574234008789e-01
1.162714660167694092e-01
1.608045250177383423e-01
-9.671928286552429199e-01
-1.694396734237670898e-01
-4.547986388206481934e-01
5.902339220046997070e-01
1.885240077972412109e-01
-2.847614884376525879e-01
2.104448527097702026e-01
-1.988241448998451233e-02
-1.480888873338699341e-01
6.441834568977355957e-01
2.610794305801391602e-01
1.187642961740493774e-01
2.124217003583908081e-01
-2.310376316308975220e-01
-4.782899916172027588e-01
1.113820374011993408e-01
2.317673265933990479e-01
9.879482537508010864e-02
1.870153099298477173e-01
2.358930408954620361e-01
2.409264445304870605e-01
1.606218144297599792e-02
-8.997091650962829590e-02
-1.445915997028350830e-01
1.439739465713500977e-01
4.007978737354278564e-01
-1.309318423271179199e+00
-1.050624027848243713e-01
6.669503450393676758e-02
3.906876146793365479e-01
-9.592345356941223145e-01
1.300444155931472778e-01
-1.846863031387329102e-01
3.732011318206787109e-01
1.776406466960906982e-01
4.710338115692138672e-01
-1.730005815625190735e-02
4.985471814870834351e-02
3.868629336357116699e-01
-5.866745710372924805e-01
-4.925242662429809570e-01
-3.042733967304229736e-01
-3.338037431240081787e-01
2.498609721660614014e-01
5.633512511849403381e-03
-4.935702681541442871e-01
2.379662692546844482e-01
-3.604605048894882202e-02
1.966077089309692383e-01
2.198859304189682007e-01
-1.078877747058868408e-01
-6.883556842803955078e-01
4.201655387878417969e-01
-4.480980038642883301e-01
8.532776832580566406e-01
5.407076478004455566e-01
-7.828828692436218262e-01
-2.025452107191085815e-01
4.304419457912445068e-01
-5.892342329025268555e-01
8.614429235458374023e-01
-9.504755586385726929e-02
1.554897129535675049e-01
-3.150546923279762268e-02
-2.669759690761566162e-01
-1.202574148774147034e-01
1.023934595286846161e-02
-1.149454638361930847e-01
1.295519471168518066e-01
-5.140221118927001953e-01
4.241611957550048828e-01
2.976855635643005371e-01
2.553004026412963867e-01
2.128818184137344360e-01
-2.126632630825042725e-02
1.748063042759895325e-02
3.184320926666259766e-01
-3.865654468536376953e-01
5.714733153581619263e-03
2.663713395595550537e-01
3.388117998838424683e-02
2.643121480941772461e-01
2.750660181045532227e-01
7.431594133377075195e-01
1.794341355562210083e-01
-7.285042405128479004e-01
-3.436776995658874512e-01
-1.693974435329437256e-01
6.027915328741073608e-02
3.935412764549255371e-01
1.188889443874359131e-01
-9.160877764225006104e-02
2.234156280755996704e-01
1.116569265723228455e-01
-2.546722292900085449e-01
2.258914560079574585e-01
-1.687589436769485474e-01
-7.124179601669311523e-01
-2.316539883613586426e-01
-1.904714107513427734e-01
4.603419899940490723e-01
-7.797050476074218750e-02
9.313159435987472534e-02
-1.109767183661460876e-01
-6.752586960792541504e-01
-5.268188118934631348e-01
-2.590838074684143066e-01
2.542380988597869873e-01
-5.107950419187545776e-02
2.834258675575256348e-01
-4.375117123126983643e-01
-4.530200958251953125e-01
4.593046009540557861e-01
3.784279227256774902e-01
-2.171978354454040527e-01
6.097164750099182129e-01
1.347635090351104736e-01
-4.025730192661285400e-01
2.319569289684295654e-01
-3.757704198360443115e-01
8.740115165710449219e-02
3.858152031898498535e-01
-2.358657717704772949e-01
-4.444852843880653381e-02
-1.125544905662536621e-01
-2.644450962543487549e-01
-3.234911859035491943e-01
3.834864497184753418e-01
4.465732872486114502e-01
-2.904381230473518372e-02
3.119524419307708740e-01
-1.364836543798446655e-01
3.692589402198791504e-01
1.103435922414064407e-02
3.668876588344573975e-01
-7.064273953437805176e-01
2.895697951316833496e-01
8.358253538608551025e-02
1.175304874777793884e-01
1.446852833032608032e-01
-2.452601045370101929e-01
1.421592235565185547e-01
-9.320937991142272949e-01
3.396794199943542480e-02
-8.656976372003555298e-02
-5.620013475418090820e-01
1.811473965644836426e-01
3.255152404308319092e-01
4.173620045185089111e-02
-1.049626708030700684e+00
-1.899242103099822998e-01
5.440800189971923828e-01
2.380007058382034302e-01
1.234273612499237061e-01
1.592521369457244873e-01
1.668610274791717529e-01
-5.799801945686340332e-01
-8.423879742622375488e-02
1.420747190713882446e-01
4.832628071308135986e-01
2.327627241611480713e-01
5.530801415443420410e-02
-2.947477996349334717e-01
7.539391517639160156e-02
2.389208227396011353e-01
3.459990322589874268e-01
1.310998499393463135e-01
-3.553936779499053955e-01
1.766774952411651611e-01
8.054553866386413574e-01
-2.905813455581665039e-01
1.540707051753997803e-01
3.173402547836303711e-01
-2.120538651943206787e-01
-3.532300889492034912e-02
1.122332140803337097e-01
-1.006471440196037292e-01
-6.097292900085449219e-01
1.912063956260681152e-01
4.201727807521820068e-01
1.566399037837982178e-01
3.542208671569824219e-02
4.384009540081024170e-02
-9.706518054008483887e-02
1.477084159851074219e-01
7.593426108360290527e-02
2.760941162705421448e-02
3.178275823593139648e-01
-1.990382671356201172e-01
-7.549375295639038086e-02
1.026636883616447449e-01
-6.123934984207153320e-01
5.426635742187500000e-01
4.125233590602874756e-01
2.106686830520629883e-01
-3.333224952220916748e-01
-5.646818280220031738e-01
-2.068216651678085327e-01
-6.626716256141662598e-02
1.388613283634185791e-01
-2.360047250986099243e-01
-3.157408908009529114e-02
4.140573143959045410e-01
-1.650107055902481079e-01
-2.179519832134246826e-01
-4.496460855007171631e-01
1.490742564201354980e-01
-1.330455541610717773e-01
-8.125884085893630981e-02
1.995563209056854248e-01
-2.836952731013298035e-02
9.832979738712310791e-02
7.577751874923706055e-01
3.971635997295379639e-01
3.685505986213684082e-01
-3.810074627399444580e-01
7.671883702278137207e-02
-7.330112159252166748e-03
4.745890572667121887e-02
-2.212090492248535156e-01
3.623570799827575684e-01
3.612622916698455811e-01
-4.083148241043090820e-01
-6.008379906415939331e-02
-4.066001772880554199e-01
3.456685841083526611e-01
2.426239848136901855e-01
1.369568333029747009e-02
2.849287092685699463e-01
-3.991045057773590088e-02
4.675244092941284180e-01
8.514201641082763672e-02
2.840576171875000000e-01
2.572736144065856934e-01
2.952277660369873047e-02
-3.524238169193267822e-01
2.395630478858947754e-01
1.428565382957458496e-01
1.823405325412750244e-01
-2.043502777814865112e-01
6.185592412948608398e-01
3.676092028617858887e-01
-4.340118914842605591e-02
6.833697557449340820e-01
-2.743220031261444092e-01
2.438443303108215332e-01
-2.435569763183593750e-01
-4.838388562202453613e-01
2.446345239877700806e-01
1.041134223341941833e-01
-1.894995570182800293e-01
-6.517980694770812988e-01
3.082438111305236816e-01
1.680898070335388184e-01
6.780265271663665771e-02
8.918365836143493652e-02
-6.137117147445678711e-01
2.146603614091873169e-01
3.773130476474761963e-02
-1.788162589073181152e-01
-5.633856654167175293e-01
-1.698241680860519409e-01
5.057604610919952393e-02
5.454121828079223633e-01
-1.572253406047821045e-01
5.471479296684265137e-01
6.409093737602233887e-01
-6.373153626918792725e-02
-3.642029762268066406e-01
-2.060033082962036133e-01
-9.247806668281555176e-02
3.955537974834442139e-01
2.191796302795410156e-01
4.242039024829864502e-01
-1.258724834769964218e-02
-1.576297879219055176e-01
5.334436893463134766e-01
7.973568439483642578e-01
-1.629420667886734009e-01
-3.556800186634063721e-01
-2.522977292537689209e-01
1.818979680538177490e-01
-1.582835912704467773e-01
4.194924831390380859e-01
1.551948860287666321e-02
-4.769788980484008789e-01
-2.685840725898742676e-01
-2.858738005161285400e-01
2.442446202039718628e-01
-7.925312519073486328e-01
-3.769328817725181580e-03
-2.966789007186889648e-01
1.132542714476585388e-01
-7.248769700527191162e-02
-8.294881135225296021e-02
3.529135286808013916e-01
4.475516974925994873e-01
-3.242292255163192749e-02
-1.927481889724731445e-01
-2.511381208896636963e-01
-3.074598908424377441e-01
-6.613661050796508789e-01
-4.519137442111968994e-01
-2.674294114112854004e-01
3.716956973075866699e-01
-6.351997703313827515e-02
2.815764844417572021e-01
-2.461975812911987305e-01
-2.817792296409606934e-01
3.341386616230010986e-01
2.953024581074714661e-03
4.307508468627929688e-02
3.263826370239257812e-01
3.286639153957366943e-01
2.274790778756141663e-02
-6.758069247007369995e-02
-3.783099055290222168e-01
-1.128658533096313477e+00
1.583210825920104980e-01
2.526929080486297607e-01
1.804954111576080322e-01
-1.370242983102798462e-02
2.236602306365966797e-01
4.028885960578918457e-01
4.536439180374145508e-01
1.021337881684303284e-01
2.806154787540435791e-01
2.226192206144332886e-01
4.068104624748229980e-01
5.520961880683898926e-01
7.818091660737991333e-02
-1.798141747713088989e-04
3.856143057346343994e-01
1.410719752311706543e-01
8.418912291526794434e-01
-3.943893909454345703e-01
2.914681434631347656e-01
5.559858083724975586e-01
-2.180706709623336792e-03
2.300260588526725769e-03
-4.576573148369789124e-03
2.535448968410491943e-01
8.440434187650680542e-02
-1.759736053645610809e-02
-6.266064643859863281e-01
3.265298008918762207e-01
-6.240244507789611816e-01
1.486153155565261841e-01
-2.360334247350692749e-01
4.873593151569366455e-02
-4.876362159848213196e-02
-2.036856859922409058e-01
-6.094906330108642578e-01
-1.093337535858154297e-01
5.977349877357482910e-01
-1.806062012910842896e-01
1.190502569079399109e-01
-3.580518066883087158e-01
-1.598978973925113678e-02
-3.573519885540008545e-01
5.674971938133239746e-01
-9.509698301553726196e-02
6.499083638191223145e-01
-6.474592089653015137e-01
3.282363712787628174e-02
6.742174029350280762e-01
-1.533404588699340820e-01
-2.475871145725250244e-01
3.935333788394927979e-01
3.632919788360595703e-01
-5.375685095787048340e-01
1.085324659943580627e-01
-3.856023773550987244e-02
1.290526986122131348e-01
-1.504850983619689941e-01
5.846307426691055298e-02
-1.703076660633087158e-01
6.146688461303710938e-01
2.462180256843566895e-01
3.109955787658691406e-02
-3.459420427680015564e-02
-1.184495985507965088e-01
1.993227750062942505e-01
1.937928348779678345e-01
3.170605003833770752e-01
2.749340236186981201e-01
6.726782023906707764e-02
2.450291365385055542e-01
3.718908429145812988e-01
8.321380615234375000e-02
7.517471164464950562e-02
-5.942664295434951782e-02
3.143000006675720215e-01
4.713095426559448242e-01
2.912666499614715576e-01
-1.178561989217996597e-02
5.081096291542053223e-02
7.425592541694641113e-01
2.518079876899719238e-01
-1.484910249710083008e-01
-2.172790169715881348e-01
3.134514689445495605e-01
-3.450096249580383301e-01
-5.352350324392318726e-02
2.848260849714279175e-02
-1.439458280801773071e-01
2.135026603937149048e-01
3.049853444099426270e-01
1.182139739394187927e-01
4.875742495059967041e-01
1.329481452703475952e-01
-5.597659200429916382e-02
-8.181208968162536621e-01
-1.076488256454467773e+00
4.450672864913940430e-02
-8.794203996658325195e-01
-4.203914105892181396e-01
-1.527848124504089355e+00
-1.113938689231872559e-01
1.298173069953918457e-01
-9.003107249736785889e-02
1.574456691741943359e-01
-9.265460371971130371e-01
-1.698056161403656006e-01
4.087979346513748169e-02
-4.636919125914573669e-03
1.467313766479492188e-01
4.923214763402938843e-02
-1.395624428987503052e-01
-1.397693529725074768e-02
3.753712773323059082e-01
-1.916576772928237915e-01
-8.505433797836303711e-01
-5.054538324475288391e-02
3.516604304313659668e-01
-8.982622027397155762e-01
-1.021627336740493774e-02
-9.253211617469787598e-01
-6.783460378646850586e-01
-1.317151188850402832e-01
-1.060067713260650635e-01
3.578682243824005127e-02
6.067237257957458496e-01
-1.914042532444000244e-01
-3.587551414966583252e-01
-2.005875706672668457e-01
8.235164731740951538e-02
5.483155697584152222e-02
-1.010727584362030029e-01
3.250689208507537842e-01
-2.726547792553901672e-02
2.777211926877498627e-02
1.077200546860694885e-01
1.924499683082103729e-02
-5.922474265098571777e-01
-6.615943908691406250e-01
2.580253481864929199e-01
5.192836523056030273e-01
4.402344822883605957e-01
1.330608576536178589e-01
1.799618750810623169e-01
7.452967762947082520e-02
7.354131340980529785e-01
-1.084599971771240234e+00
-1.059719249606132507e-01
1.904227398335933685e-02
-4.993999600410461426e-01
-2.095176279544830322e-01
-5.157728791236877441e-01
3.321267664432525635e-02
1.613868772983551025e-02
6.551479101181030273e-01
-1.694340109825134277e-01
4.133853912353515625e-01
-1.461400240659713745e-01
-1.074359416961669922e+00
-5.573375523090362549e-02
5.812826752662658691e-02
4.583315849304199219e-01
9.989971667528152466e-02
2.426820248365402222e-01
-1.525709629058837891e-01
-1.652611970901489258e+00
-2.730329036712646484e-01
6.226319447159767151e-02
5.870724469423294067e-02
2.552442252635955811e-01
3.335010111331939697e-01
2.612935602664947510e-01
5.198267698287963867e-01
-1.392889395356178284e-02
2.211235165596008301e-01
-1.523330658674240112e-01
1.010826304554939270e-01
4.647190570831298828e-01
-5.106060206890106201e-02
1.968335919082164764e-02
-2.902425527572631836e-01
6.136114150285720825e-02
-3.724439442157745361e-01
8.247342705726623535e-02
4.643657803535461426e-01
9.707361459732055664e-02
2.668156921863555908e-01
-4.510810077190399170e-01
3.001396059989929199e-01
-5.060334131121635437e-02
-4.336093068122863770e-01
1.598962545394897461e-01
-2.821232974529266357e-01
6.821148842573165894e-02
4.600433632731437683e-02
-7.481670379638671875e-01
1.219150498509407043e-01
-3.642672002315521240e-01
-6.520881056785583496e-01
1.393253505229949951e-01
-1.085040211677551270e+00
-4.897712171077728271e-01
-8.046028763055801392e-02
6.443664431571960449e-02
-7.373744845390319824e-01
1.275718957185745239e-01
-3.643273115158081055e-01
-2.254191786050796509e-03
-6.496080160140991211e-01
2.683990895748138428e-01
-4.051390290260314941e-01
5.862883925437927246e-01
5.232999324798583984e-01
1.056711561977863312e-02
-1.953791379928588867e-01
-8.430976420640945435e-02
7.621859759092330933e-02
4.730823934078216553e-01
3.674500808119773865e-02
-1.639121398329734802e-02
-3.651314973831176758e-02
-1.776937991380691528e-01
5.029271245002746582e-01
-3.565514087677001953e-02
4.479546844959259033e-02
-1.822296231985092163e-01
-1.237224787473678589e-01
-4.530879557132720947e-01
2.213887721300125122e-01
4.524269104003906250e-01
2.981066107749938965e-01
-1.586535945534706116e-03
4.985050261020660400e-01
-3.341283202171325684e-01
-7.112801074981689453e-01
-4.106992483139038086e-01
3.010338246822357178e-01
2.574390470981597900e-01
2.041071355342864990e-01
-1.584932208061218262e-01
-1.009301468729972839e-01
6.373275816440582275e-02
3.801592588424682617e-01
-3.361921757459640503e-02
-4.432972669601440430e-01
-2.760069444775581360e-02
-2.080887556076049805e-01
-5.408351123332977295e-02
9.321147948503494263e-02
3.998333960771560669e-02
2.077219784259796143e-01
-2.169240415096282959e-01
-6.125010550022125244e-03
3.195102512836456299e-01
-1.269603967666625977e-01
2.205756679177284241e-02
-4.398112595081329346e-01
5.107323527336120605e-01
2.017240524291992188e-01
2.692683339118957520e-01
3.606676310300827026e-02
-2.260757088661193848e-01
3.422621190547943115e-01
-3.416884839534759521e-01
-5.379292964935302734e-01
-2.487321943044662476e-01
1.973135322332382202e-01
3.505269810557365417e-02
-7.654851302504539490e-03
2.039371132850646973e-01
3.189485371112823486e-01
1.554634571075439453e-01
2.480097860097885132e-01
-2.866037487983703613e-01
-8.505474030971527100e-02
3.846453130245208740e-01
6.279110312461853027e-01
-4.201848804950714111e-02
4.804857075214385986e-01
3.535609543323516846e-01
2.256229817867279053e-01
5.231855437159538269e-02
1.341361701488494873e-01
-1.300476938486099243e-01
6.283901333808898926e-01
-2.470182031393051147e-01
-1.537341345101594925e-02
9.379881620407104492e-02
6.392405927181243896e-02
-7.863091826438903809e-01
3.405430614948272705e-01
5.752909779548645020e-01
-1.214340627193450928e-01
-8.366497606039047241e-02
-9.085642099380493164e-01
1.737892627716064453e-02
-1.473307907581329346e-01
4.789631664752960205e-01
2.552967071533203125e-01
8.198915421962738037e-02
-5.442994832992553711e-02
-1.144759915769100189e-02
-1.935243755578994751e-01
3.238717317581176758e-01
1.548744291067123413e-01
1.831248849630355835e-01
2.320489734411239624e-01
2.282526642084121704e-01
7.172805666923522949e-01
-8.441693335771560669e-02
-5.859586000442504883e-01
6.827685236930847168e-02
1.662452518939971924e-01
-7.467105388641357422e-01
-5.706525966525077820e-02
2.058899849653244019e-01
1.388815343379974365e-01
5.038088560104370117e-01
-2.377387732267379761e-01
2.143345922231674194e-01
7.779294997453689575e-02
4.565305411815643311e-01
-2.064820677042007446e-01
-5.014742016792297363e-01
1.181230396032333374e-01
6.161317229270935059e-01
2.857086956501007080e-01
1.262766122817993164e-01
1.296346448361873627e-02
-8.044914901256561279e-02
3.291779160499572754e-01
8.125436305999755859e-02
-1.395431458950042725e-01
4.506343901157379150e-01
-4.052976369857788086e-01
-8.242367953062057495e-02
8.053322136402130127e-02
3.029655516147613525e-01
-1.754405498504638672e-01
1.281462460756301880e-01
1.343118697404861450e-01
3.239994049072265625e-01
-1.078455746173858643e-01
2.311372458934783936e-01
8.381124734878540039e-01
-1.916420310735702515e-01
5.470283031463623047e-01
-8.563618063926696777e-01
4.292403906583786011e-02
3.563776016235351562e-01
-2.829821109771728516e-01
1.460028290748596191e-01
6.765884757041931152e-01
3.577249646186828613e-01
5.045665893703699112e-04
1.258869282901287079e-02
-1.668327748775482178e-01
6.751094758510589600e-02
-7.148414105176925659e-02
2.778470218181610107e-01
1.743824183940887451e-01
3.512436151504516602e-01
1.141624450683593750e-01
4.910178855061531067e-02
1.480409204959869385e-01
1.445802450180053711e-01
1.562177836894989014e-01
1.878465116024017334e-01
-1.569267511367797852e-01
3.308671414852142334e-01
2.407132089138031006e-01
-3.159718215465545654e-01
1.902544796466827393e-01
-2.420352399349212646e-01
2.089129090309143066e-01
-3.222700655460357666e-01
-1.644890457391738892e-01
2.776941061019897461e-01
3.004113733768463135e-01
7.855322211980819702e-02
-1.022230267524719238e+00
1.432847417891025543e-02
1.200371086597442627e-01
9.782842546701431274e-02
2.955333590507507324e-01
-2.408386915922164917e-01
1.330787241458892822e-01
4.039433598518371582e-01
-2.549785375595092773e-01
1.609155721962451935e-02
-6.322630047798156738e-01
2.259666621685028076e-01
-4.970923066139221191e-03
1.789977401494979858e-01
6.039700657129287720e-02
8.894485980272293091e-02
-4.435853064060211182e-01
3.666574656963348389e-01
-1.171981990337371826e-01
-3.967002034187316895e-01
2.628049999475479126e-02
5.121563076972961426e-01
1.739254146814346313e-01
5.515591502189636230e-01
5.313166379928588867e-01
-9.406764060258865356e-02
8.811100572347640991e-02
-8.593059331178665161e-02
3.918310105800628662e-01
1.668972969055175781e-01
-5.988688394427299500e-02
2.422734722495079041e-02
2.331375777721405029e-01
5.841339379549026489e-02
3.639930188655853271e-01
-5.588804483413696289e-01
-2.975598871707916260e-01
2.196103632450103760e-01
1.660094708204269409e-01
1.645231097936630249e-01
2.277315706014633179e-01
-1.066066026687622070e-01
5.703149437904357910e-01
-2.734569832682609558e-02
-5.151708424091339111e-02
5.110342502593994141e-01
-4.200402796268463135e-01
2.650642096996307373e-01
7.184719294309616089e-02
5.230713486671447754e-01
1.372081488370895386e-01
-4.316982924938201904e-01
6.359294056892395020e-02
-7.139711827039718628e-02
6.475494056940078735e-02
6.170791387557983398e-01
-2.231868170201778412e-02
3.596937656402587891e-01
6.131399273872375488e-01
-1.817428469657897949e-01
-7.987793087959289551e-01
-4.887941777706146240e-01
3.161265850067138672e-01
4.054820165038108826e-02
1.383325755596160889e-01
-3.729244768619537354e-01
1.545203104615211487e-02
3.327379822731018066e-01
-1.070702791213989258e+00
-1.240256577730178833e-01
-8.562944829463958740e-03
9.548813104629516602e-02
-6.755161285400390625e-02
1.374405473470687866e-01
-1.803514361381530762e-01
1.898539960384368896e-01
2.884211540222167969e-01
1.254289150238037109e-01
4.311683773994445801e-01
8.358243852853775024e-02
-8.883349597454071045e-02
-8.030834197998046875e-01
3.763497173786163330e-01
4.304970428347587585e-02
8.119592070579528809e-02
1.851341873407363892e-02
-1.866320520639419556e-01
1.123064532876014709e-01
-1.200168654322624207e-01
2.628379166126251221e-01
7.904720306396484375e-01
1.799616813659667969e-01
3.108664453029632568e-01
1.001622825860977173e-01
1.798941195011138916e-01
-3.162413239479064941e-01
2.664487808942794800e-02
-3.372438997030258179e-02
-2.667098939418792725e-01
3.812086582183837891e-01
3.475754335522651672e-02
5.576383322477340698e-02
-2.008937001228332520e-01
8.031369000673294067e-02
7.435361295938491821e-02
1.364560276269912720e-01
-5.738008618354797363e-01
6.510721519589424133e-03
4.757096469402313232e-01
-2.468795776367187500e-01
-8.823615312576293945e-02
6.088175773620605469e-01
2.938177585601806641e-01
-2.329598963260650635e-01
2.216328382492065430e-01
-4.463136196136474609e-02
-3.892790973186492920e-01
-2.738420478999614716e-02
-3.982252478599548340e-01
6.495796442031860352e-01
1.367398165166378021e-02
-2.260320484638214111e-01
-4.461643844842910767e-02
8.721025288105010986e-02
-2.307270467281341553e-01
1.900826096534729004e-01
-1.324936002492904663e-01
-4.028841853141784668e-01
-2.304550260305404663e-01
-2.859350740909576416e-01
9.709347784519195557e-02
3.252156972885131836e-01
6.420882046222686768e-02
-3.115162551403045654e-01
5.747375488281250000e-01
6.540456414222717285e-02
7.245990633964538574e-02
-1.654676795005798340e-01
6.550154089927673340e-02
2.878615558147430420e-01
2.109169028699398041e-02
3.953054249286651611e-01
-8.506303429603576660e-01
-1.526383459568023682e-01
1.035861391574144363e-02
1.116352528333663940e-01
-1.729151010513305664e-01
-1.028246581554412842e-01
-1.882694959640502930e-01
1.017153263092041016e-01
-2.912845015525817871e-01
-3.266369402408599854e-01
-6.924828886985778809e-02
-1.686292141675949097e-01
1.439346820116043091e-01
-1.192861944437026978e-01
5.202736854553222656e-01
3.373504579067230225e-01
4.218453168869018555e-01
9.450154751539230347e-02
2.263256609439849854e-01
2.349806725978851318e-01
-1.738193817436695099e-02
1.548379510641098022e-01
1.786690354347229004e-01
-2.510560154914855957e-01
-1.168848037719726562e+00
-7.565299868583679199e-01
-7.526116073131561279e-02
3.266540467739105225e-01
-4.102244675159454346e-01
-2.848147451877593994e-01
1.429859697818756104e-01
-1.161248534917831421e-01
-9.758500382304191589e-04
3.268674612045288086e-01
2.873728275299072266e-01
-2.942238152027130127e-01
1.848415285348892212e-01
-1.739943586289882660e-02
1.697069108486175537e-01
5.981909632682800293e-01
1.331243664026260376e-02
-3.683028221130371094e-01
-9.561885148286819458e-02
4.482771754264831543e-01
1.412193775177001953e-01
6.435652375221252441e-01
-9.069181233644485474e-02
-2.111614793539047241e-01
3.437774181365966797e-01
-5.427597165107727051e-01
-1.794601976871490479e-02
-1.344212517142295837e-02
4.708442091941833496e-02
-4.749059975147247314e-01
1.874081194400787354e-01
3.128203749656677246e-01
-6.164572238922119141e-01
-3.234850987792015076e-02
-5.965152382850646973e-01
5.218707025051116943e-02
3.268010318279266357e-01
-4.626491963863372803e-01
9.035677462816238403e-02
3.873525559902191162e-01
-2.746652364730834961e-01
-2.090206295251846313e-01
-1.190302744507789612e-01
9.315814077854156494e-02
1.986681222915649414e-01
2.305939942598342896e-01
-4.954926371574401855e-01
-1.339869797229766846e-01
2.245182543992996216e-01
-1.228045448660850525e-01
-3.445519208908081055e-01
-2.485716938972473145e-01
4.332162067294120789e-02
-8.014401793479919434e-01
-3.594159185886383057e-01
3.299556076526641846e-01
3.148322105407714844e-01
-5.181213468313217163e-02
2.567002177238464355e-01
2.258310616016387939e-01
1.808782815933227539e-01
4.693794846534729004e-01
3.807025253772735596e-01
1.274754703044891357e-01
3.884719610214233398e-01
-6.429042667150497437e-02
-1.391839742660522461e+00
-1.872771233320236206e-01
-3.669871389865875244e-01
-2.432512342929840088e-01
1.493304073810577393e-01
1.425709575414657593e-01
2.306653559207916260e-01
-3.548313975334167480e-01
-1.631569862365722656e-01
1.356952190399169922e-01
-1.383227016776800156e-02
-3.761430978775024414e-01
-2.374574542045593262e-01
-1.467343419790267944e-01
-3.638192117214202881e-01
1.065906360745429993e-01
-5.286142975091934204e-02
-4.096997678279876709e-01
-1.042890734970569611e-02
-1.975948214530944824e-01
6.056624054908752441e-01
-1.799407750368118286e-01
3.990148901939392090e-01
-2.750191688537597656e-01
-1.181211974471807480e-02
2.949195206165313721e-01
-8.156749606132507324e-01
3.946253359317779541e-01
-2.085464149713516235e-01
4.245993494987487793e-01
-1.618939787149429321e-01
3.657432496547698975e-01
-1.018866747617721558e-01
-9.902219474315643311e-02
-2.534086406230926514e-01
2.162770330905914307e-01
-5.430311709642410278e-02
4.458380118012428284e-02
3.307524323463439941e-01
5.110974311828613281e-01
4.091245234012603760e-01
-4.276206791400909424e-01
-5.062955021858215332e-01
-4.221577346324920654e-01
2.745002508163452148e-01
1.611609309911727905e-01
3.613129258155822754e-01
1.079108417034149170e-01
1.650528609752655029e-01
1.584913581609725952e-01
2.803914546966552734e-01
3.595508337020874023e-01
1.178829520940780640e-01
-4.185728430747985840e-01
-2.197429686784744263e-01
1.763578504323959351e-01
-3.583087399601936340e-02
1.148108541965484619e-01
3.077492117881774902e-02
6.788439750671386719e-01
2.790000140666961670e-01
-1.399652361869812012e-01
8.469536900520324707e-02
4.049390256404876709e-01
-2.954056560993194580e-01
-1.291813403367996216e-01
4.260396659374237061e-01
1.342745274305343628e-01
-7.569829374551773071e-02
-3.222279846668243408e-01
5.535756945610046387e-01
-4.667098633944988251e-03
-9.397999942302703857e-02
-6.719283014535903931e-02
-3.123908638954162598e-01
-2.010332345962524414e-01
2.107052356004714966e-01
-4.162527620792388916e-01
8.673993870615959167e-03
-4.415398538112640381e-01
-1.437530964612960815e-01
5.410291999578475952e-02
-1.319704949855804443e-01
2.170059978961944580e-01
5.653216242790222168e-01
4.743321985006332397e-02
9.223759174346923828e-02
3.412243127822875977e-01
1.866646260023117065e-01
1.592781245708465576e-01
-3.448643684387207031e-01
4.704363346099853516e-01
6.385204195976257324e-01
1.276376396417617798e-01
5.984274297952651978e-02
-2.939570844173431396e-01
-2.475101351737976074e-01
-1.186253577470779419e-01
4.128738939762115479e-01
-5.167927742004394531e-01
1.701429933309555054e-01
-1.437452249228954315e-02
-5.516117811203002930e-01
2.937333583831787109e-01
2.695936262607574463e-01
-4.199987053871154785e-01
3.755128383636474609e-01
6.613203883171081543e-01
3.982245922088623047e-01
1.742369830608367920e-01
1.108899116516113281e+00
1.680981367826461792e-01
5.000731348991394043e-02
-2.601909339427947998e-01
3.501892983913421631e-01
3.313765525817871094e-01
-6.501964926719665527e-01
-4.139465987682342529e-01
2.862450182437896729e-01
-2.954291999340057373e-01
4.685050621628761292e-02
9.377648681402206421e-02
-4.628679156303405762e-02
-1.467258185148239136e-01
6.687437295913696289e-01
7.565778493881225586e-02
-1.067124009132385254e+00
-4.565601646900177002e-01
5.623130798339843750e-01
3.277364373207092285e-01
1.998575925827026367e-01
-8.045680075883865356e-02
2.600170671939849854e-01
4.367727935314178467e-01
9.342313557863235474e-02
-2.930694818496704102e-01
1.255619525909423828e-01
4.322343170642852783e-01
-2.924470603466033936e-01
-9.716564789414405823e-03
-2.255635336041450500e-03
6.555880308151245117e-01
-3.408304974436759949e-02
1.146357227116823196e-02
2.574439942836761475e-01
5.149446800351142883e-02
2.959102019667625427e-02
1.727427244186401367e-01
-3.308262526988983154e-01
-5.311068892478942871e-01
7.755749225616455078e-01
5.736376717686653137e-02
2.524837851524353027e-01
3.440331220626831055e-01
-5.717052519321441650e-02
2.594254612922668457e-01
-8.765384554862976074e-01
-5.145974159240722656e-01
2.414922416210174561e-01
6.549766659736633301e-01
6.625656038522720337e-02
-3.430030047893524170e-01
-3.364300727844238281e-02
-1.324092596769332886e-01
1.202001236379146576e-03
-5.924348831176757812e-01
7.557990401983261108e-02
3.119718730449676514e-01
-2.227775603532791138e-01
-2.354656606912612915e-01
-2.200236171483993530e-01
-4.888471662998199463e-01
2.962887287139892578e-01
2.320971637964248657e-01
2.809773683547973633e-01
3.798449337482452393e-01
5.000868439674377441e-01
-2.005734145641326904e-01
-3.387261033058166504e-01
3.443684875965118408e-01
2.348958551883697510e-01
5.745372772216796875e-01
3.871548473834991455e-01
8.254404067993164062e-01
-7.551273703575134277e-02
-2.540134489536285400e-01
3.007141314446926117e-02
-2.160077840089797974e-01
-4.511637985706329346e-01
6.084488034248352051e-01
8.367411047220230103e-02
-5.553790330886840820e-01
-2.132954150438308716e-01
-7.923830151557922363e-01
1.505339443683624268e-01
1.341620236635208130e-01
1.818539798259735107e-01
4.771547019481658936e-02
1.284032613039016724e-01
-4.117173850536346436e-01
1.337211281061172485e-01
-6.826292276382446289e-01
-8.237803354859352112e-03
8.704952895641326904e-03
1.924708336591720581e-01
-7.612960934638977051e-01
-3.473282754421234131e-01
-1.794696003198623657e-01
3.865836262702941895e-01
-4.939924776554107666e-01
7.137364745140075684e-01
1.018173098564147949e-01
2.833451032638549805e-01
3.195103406906127930e-01
2.498903274536132812e-01
-3.886253535747528076e-01
9.986703842878341675e-02
1.522925794124603271e-01
1.563168615102767944e-01
1.622097045183181763e-01
-5.068005323410034180e-01
-9.813664108514785767e-02
2.509457468986511230e-01
1.307546198368072510e-01
-1.996356844902038574e-01
-2.038452923297882080e-01
6.039837375283241272e-03
2.520903944969177246e-01
1.901740878820419312e-01
2.664210498332977295e-01
-5.482039973139762878e-02
-1.701543778181076050e-01
-2.226681709289550781e-01
3.882255554199218750e-01
-6.645538806915283203e-01
1.885388195514678955e-01
2.371536195278167725e-01
1.547159552574157715e-01
-2.628725171089172363e-01
2.442574594169855118e-03
1.528681814670562744e-01
1.546682864427566528e-01
1.530362963676452637e-01
9.176216274499893188e-02
-3.874742686748504639e-01
-3.835229873657226562e-01
4.704360663890838623e-01
-6.420219540596008301e-01
8.629864081740379333e-03
-1.088771224021911621e-02
-7.428986951708793640e-03
-2.259538173675537109e-01
3.010905683040618896e-01
3.164840042591094971e-01
2.867960631847381592e-01
6.886734068393707275e-02
3.241867423057556152e-01
2.821247279644012451e-01
2.837989926338195801e-01
3.311379551887512207e-01
5.674276351928710938e-01
4.243275523185729980e-01
1.279361397027969360e-01
-1.138295978307723999e-01
3.965271413326263428e-01
5.440067499876022339e-02
-1.652671545743942261e-01
-3.416754007339477539e-01
-1.607933193445205688e-01
4.061875939369201660e-01
-7.708740979433059692e-02
7.327011227607727051e-02
1.517125219106674194e-02
6.232090592384338379e-01
-2.638191878795623779e-01
1.443560868501663208e-01
1.422345824539661407e-02
3.952172398567199707e-01
-4.732519984245300293e-01
-3.518121689558029175e-02
-1.280026137828826904e-01
-5.028268098831176758e-01
-2.038679420948028564e-01
1.058553457260131836e-01
2.560118436813354492e-01
-9.534387290477752686e-02
6.542146205902099609e-03
-2.933514416217803955e-01
-9.292580187320709229e-02
-1.258977293968200684e+00
8.401404321193695068e-02
-6.258168220520019531e-01
4.538217186927795410e-01
6.069966554641723633e-01
3.536441922187805176e-01
3.147585391998291016e-01
-1.839214116334915161e-01
-6.565706431865692139e-02
-4.593338966369628906e-01
-2.183998078107833862e-01
4.485777318477630615e-01
6.535371392965316772e-02
1.385958865284919739e-02
-5.043640136718750000e-01
-1.899198740720748901e-01
3.313911557197570801e-01
4.881567358970642090e-01
2.038268744945526123e-01
-8.351912498474121094e-01
2.375037372112274170e-01
-5.635757930576801300e-03
1.920272260904312134e-01
-5.796635746955871582e-01
5.648187398910522461e-01
8.034723997116088867e-02
-1.202804502099752426e-02
4.729821383953094482e-01
4.399727582931518555e-01
7.304412126541137695e-02
-1.344033777713775635e-01
8.986635208129882812e-01
-4.016227722167968750e-01
-2.246609032154083252e-01
7.293122410774230957e-01
1.048568785190582275e-01
-3.233883678913116455e-01
4.004748761653900146e-01
4.349124133586883545e-01
-1.286217942833900452e-02
3.719592094421386719e-02
1.366062741726636887e-02
1.001552343368530273e-01
1.348600685596466064e-01
-7.031618058681488037e-02
-4.113638997077941895e-01
8.858346939086914062e-02
2.708885967731475830e-01
-3.157654404640197754e-01
3.825349360704421997e-02
3.194348216056823730e-01
3.527674674987792969e-01
-5.702225118875503540e-02
2.944193966686725616e-02
1.611201763153076172e-01
-6.633506417274475098e-01
1.507589071989059448e-01
1.487441211938858032e-01
-2.714093029499053955e-01
1.652939468622207642e-01
1.627966165542602539e-01
6.230428442358970642e-02
1.852048039436340332e-01
3.508786559104919434e-01
-7.127026319503784180e-01
9.386905431747436523e-01
-1.454542577266693115e-02
3.719267845153808594e-01
4.785365164279937744e-01
4.049754142761230469e-01
-6.515011191368103027e-01
-1.977126747369766235e-01
2.681231796741485596e-01
7.025395631790161133e-01
-1.238719001412391663e-01
4.990561306476593018e-01
-2.447896599769592285e-01
3.401783481240272522e-02
-2.432496845722198486e-01
1.895075440406799316e-01
-1.277499943971633911e-01
1.485615037381649017e-03
6.602948904037475586e-01
-2.108508944511413574e-01
-3.950943052768707275e-02
3.139065504074096680e-01
4.496185481548309326e-01
3.365095853805541992e-01
1.201203018426895142e-01
1.921693384647369385e-01
-1.824810206890106201e-01
-1.043800488114356995e-01
-5.849278569221496582e-01
-9.667804837226867676e-02
-3.513386249542236328e-01
1.414449512958526611e-01
2.329619415104389191e-02
-3.040080368518829346e-01
1.027534753084182739e-01
-5.406539440155029297e-01
1.724690347909927368e-01
1.037924736738204956e-01
1.953332871198654175e-01
-2.134205996990203857e-01
1.348688155412673950e-01
1.948631107807159424e-01
-3.068925440311431885e-01
3.316327631473541260e-01
-1.745523065328598022e-01
-5.077530741691589355e-01
-3.514401912689208984e-01
6.110131740570068359e-01
7.183451205492019653e-02
6.575925648212432861e-02
2.981811463832855225e-01
1.564474254846572876e-01
-6.625210046768188477e-01
-2.161761522293090820e-01
4.908096790313720703e-01
-4.689620807766914368e-02
-3.968213200569152832e-01
3.314705565571784973e-02
-2.548408880829811096e-02
1.712420880794525146e-01
1.009184792637825012e-01
4.258542358875274658e-01
4.591614007949829102e-01
4.129932522773742676e-01
6.616461277008056641e-02
2.761624753475189209e-01
4.275738000869750977e-01
1.598102748394012451e-01
2.793490290641784668e-01
3.971063718199729919e-02
6.755757331848144531e-02
-1.033184379339218140e-01
-8.386993408203125000e-02
1.706504845060408115e-03
-8.264714479446411133e-02
1.678841263055801392e-01
-1.643868684768676758e-01
-2.951689958572387695e-01
2.128423601388931274e-01
1.409311294555664062e-01
-7.071784697473049164e-03
-5.392699241638183594e-01
5.119588375091552734e-01
6.287369728088378906e-01
3.869564831256866455e-01
2.895076572895050049e-01
7.161392271518707275e-02
3.509803712368011475e-01
1.542967706918716431e-01
1.141877919435501099e-01
-1.433262974023818970e-01
1.315482258796691895e-01
2.304107844829559326e-01
4.148771464824676514e-01
4.966304302215576172e-01
1.894558817148208618e-01
2.943185567855834961e-01
-2.679989933967590332e-01
-3.712063729763031006e-01
2.342827022075653076e-01
2.855982482433319092e-01
3.668429553508758545e-01
9.837259352207183838e-02
5.034660696983337402e-01
-2.486310005187988281e-01
9.350457787513732910e-02
-1.229943990707397461e+00
-3.071365132927894592e-02
1.857084333896636963e-01
-8.654922842979431152e-01
3.946994543075561523e-01
2.370014637708663940e-01
2.927577793598175049e-01
1.608835756778717041e-01
1.661835797131061554e-02
1.070420816540718079e-01
-6.565032899379730225e-02
-2.531033158302307129e-01
8.790736645460128784e-02
3.715413212776184082e-01
1.049467995762825012e-01
2.803599834442138672e-01
2.056951075792312622e-01
-1.285410821437835693e-01
-2.864734083414077759e-02
1.948247104883193970e-01
-3.601492047309875488e-01
-6.319010257720947266e-02
-1.845201477408409119e-04
-3.123717010021209717e-01
1.922372877597808838e-01
5.703182145953178406e-02
1.767486035823822021e-01
-2.636148929595947266e-01
4.029526114463806152e-01
-1.019765958189964294e-01
-6.599383354187011719e-01
2.108113467693328857e-01
-6.713737249374389648e-01
-6.565260887145996094e-01
-9.358073025941848755e-02
-4.552645236253738403e-02
7.244253903627395630e-02
-4.340861737728118896e-01
2.968765199184417725e-01
1.294586062431335449e-01
1.825247406959533691e-01
7.121659815311431885e-02
-1.553832590579986572e-01
3.517558872699737549e-01
8.785028755664825439e-02
-7.054542005062103271e-02
3.904626667499542236e-01
-3.157461285591125488e-01
-4.581126272678375244e-01
-3.308947011828422546e-02
4.717841744422912598e-02
3.753153085708618164e-01
3.613429069519042969e-01
3.885385990142822266e-01
1.604035645723342896e-01
-4.087225794792175293e-01
4.158167839050292969e-01
7.683708667755126953e-01
2.410741299390792847e-01
3.642840981483459473e-01
3.200047612190246582e-01
-1.887321770191192627e-01
-7.822950929403305054e-02
2.017711549997329712e-01
-4.309234321117401123e-01
8.576182276010513306e-02
4.030854105949401855e-01
1.340621560811996460e-01
1.504701972007751465e-01
3.385708332061767578e-01
5.295659303665161133e-01
-3.435627743601799011e-02
2.069148123264312744e-01
2.252864539623260498e-01
1.839029788970947266e-01
-4.977051541209220886e-02
2.279403954744338989e-01
6.027669832110404968e-02
-5.523824691772460938e-01
7.434250414371490479e-02
1.825987696647644043e-01
-5.112992525100708008e-01
-2.344605028629302979e-01
3.957246243953704834e-02
-2.195622175931930542e-01
-3.491345047950744629e-01
4.202005565166473389e-01
-2.548900246620178223e-01
-4.338357970118522644e-02
2.807226479053497314e-01
1.165781617164611816e-01
2.104521989822387695e-01
1.801321357488632202e-01
-2.001036852598190308e-01
-6.791558861732482910e-01
4.184598624706268311e-01
6.326877474784851074e-01
-1.556093692779541016e+00
8.916798979043960571e-02
-2.266700379550457001e-02
3.327552601695060730e-02
-1.188333556056022644e-01
2.392821907997131348e-01
-4.321103394031524658e-01
5.769370198249816895e-01
3.247414529323577881e-02
6.308741569519042969e-01
5.174981802701950073e-02
4.060890078544616699e-01
2.373349368572235107e-01
-5.153257846832275391e-01
-4.712754189968109131e-01
2.068646252155303955e-01
2.558715343475341797e-01
2.062765322625637054e-02
1.607971638441085815e-02
-5.172932744026184082e-01
4.690059125423431396e-01
-1.470046639442443848e-01
2.072244435548782349e-01
-2.167746983468532562e-02
6.258732080459594727e-02
-2.344763129949569702e-01
3.879982829093933105e-01
-1.320944279432296753e-01
3.727333247661590576e-02
-1.206489920616149902e+00
5.456103682518005371e-01
5.672405958175659180e-01
1.475574672222137451e-01
3.815085887908935547e-01
2.960849404335021973e-01
2.956638336181640625e-01
-6.590878963470458984e-01
3.791995346546173096e-01
-6.440927833318710327e-02
2.875274419784545898e-02
-6.261293292045593262e-01
3.414767980575561523e-01
2.019176185131072998e-01
5.495298653841018677e-02
3.727512061595916748e-01
5.327074527740478516e-01
5.872945189476013184e-01
4.308621287345886230e-01
2.100991606712341309e-01
3.310848772525787354e-02
1.679479479789733887e-01
4.443593919277191162e-01
6.648961454629898071e-02
2.773553729057312012e-01
2.195853739976882935e-01
3.763899207115173340e-01
-2.071405202150344849e-02
-6.117423176765441895e-01
1.219199150800704956e-01
1.512635648250579834e-01
4.692880511283874512e-01
-1.488758176565170288e-01
-3.052752912044525146e-01
-4.960696697235107422e-01
8.575293421745300293e-02
4.352234303951263428e-02
-4.236520454287528992e-02
3.111207187175750732e-01
3.929265141487121582e-01
2.460284233093261719e-01
9.852544963359832764e-02
4.532523453235626221e-01
5.026274174451828003e-02
5.927702188491821289e-01
-1.141201376914978027e+00
1.111851632595062256e-01
4.717528522014617920e-01
-1.960056573152542114e-01
-2.528712749481201172e-01
2.013435065746307373e-01
3.152787089347839355e-01
3.930139839649200439e-01
1.270984560251235962e-01
-2.608261108398437500e-01
3.230533897876739502e-01
5.060086399316787720e-02
-1.158978864550590515e-01
-1.405409097671508789e+00
6.087085604667663574e-01
-7.264569401741027832e-02
-2.903354167938232422e-01
4.373076185584068298e-02
2.231323868036270142e-01
1.904526054859161377e-01
-2.529397793114185333e-02
-1.200272887945175171e-01
6.575344204902648926e-01
3.284807503223419189e-01
-6.762775778770446777e-01
2.404332309961318970e-01
1.092601418495178223e-01
-4.220348298549652100e-01
-2.342444844543933868e-02
-2.079773694276809692e-02
-5.788493156433105469e-01
-1.813269406557083130e-02
2.722186148166656494e-01
2.251224815845489502e-01
2.683882415294647217e-01
4.807822108268737793e-01
2.357092499732971191e-01
1.230609714984893799e-01
-5.059329420328140259e-02
4.408346712589263916e-01
-4.021891951560974121e-01
3.382197320461273193e-01
3.466852903366088867e-01
-1.564998388290405273e+00
-7.957112789154052734e-02
2.289215773344039917e-01
-2.604775130748748779e-01
8.126904070377349854e-02
-1.861875355243682861e-01
-1.286077648401260376e-01
-6.325469911098480225e-02
1.402284353971481323e-01
2.929812967777252197e-01
-1.702784448862075806e-01
1.155072357505559921e-02
-7.643351554870605469e-01
3.431303799152374268e-01
-1.828261017799377441e-01
-1.954860091209411621e-01
5.102596282958984375e-01
-2.881667390465736389e-02
-1.313910335302352905e-01
2.488218694925308228e-01
3.239463567733764648e-01
-8.121169805526733398e-01
-2.843641489744186401e-02
4.732799828052520752e-01
5.468911528587341309e-01
-2.952031791210174561e-01
1.685726940631866455e-01
5.372965335845947266e-01
-7.866679877042770386e-02
4.509092867374420166e-01
3.052138388156890869e-01
-3.327164649963378906e-01
-2.622597515583038330e-01
5.000795051455497742e-02
-1.080199554562568665e-01
7.329136133193969727e-01
5.124717205762863159e-02
2.929874956607818604e-01
-1.178358718752861023e-01
1.744377464056015015e-01
-3.961815237998962402e-01
1.967318505048751831e-01
3.089834749698638916e-01
1.549506783485412598e-01
-2.145353704690933228e-01
7.364208251237869263e-02
3.378940522670745850e-01
5.717792510986328125e-01
-6.521164774894714355e-01
2.962720692157745361e-01
-4.952767193317413330e-01
5.192655324935913086e-01
1.725611984729766846e-01
2.390492856502532959e-01
2.702859640121459961e-01
3.491658866405487061e-01
1.474784612655639648e-01
-2.000105232000350952e-01
7.880833745002746582e-02
-1.836146563291549683e-01
-1.320221275091171265e-01
7.745810598134994507e-02
1.558687239885330200e-01
-5.549737811088562012e-01
2.737133502960205078e-01
3.007157146930694580e-01
3.699639737606048584e-01
4.412210285663604736e-01
2.815290689468383789e-01
1.962767243385314941e-01
4.301317036151885986e-01
-5.247657299041748047e-01
1.021324694156646729e-01
3.032013177871704102e-01
3.638799116015434265e-02
-8.012110590934753418e-01
-6.360467672348022461e-01
-1.617394089698791504e-01
4.168882966041564941e-01
4.929338097572326660e-01
-2.205061316490173340e-01
1.453586667776107788e-01
7.488537579774856567e-02
3.317210674285888672e-01
-2.356755882501602173e-01
2.131416201591491699e-01
-1.781119108200073242e-01
-4.728966057300567627e-01
3.597278892993927002e-01
9.648095816373825073e-03
-3.263678252696990967e-01
-3.354644775390625000e-02
9.982085227966308594e-02
6.031268835067749023e-02
-8.593039959669113159e-02
2.413858026266098022e-01
2.489302754402160645e-01
-3.138262629508972168e-01
-8.226920664310455322e-02
2.131397575139999390e-01
-3.946157693862915039e-01
-4.902235269546508789e-01
1.260800063610076904e-01
4.374916851520538330e-01
-4.565150737762451172e-01
2.600062638521194458e-03
-1.927673816680908203e-01
5.471379756927490234e-01
-2.215777933597564697e-01
2.553507089614868164e-01
3.675633668899536133e-01
-8.413078188896179199e-01
-4.069389402866363525e-02
-2.617917656898498535e-01
8.456674218177795410e-02
4.816480278968811035e-01
1.642348915338516235e-01
-8.285041153430938721e-02
-6.307709813117980957e-01
3.187106251716613770e-01
-3.228139579296112061e-01
3.596317470073699951e-01
-2.266190052032470703e-01
8.116846084594726562e-01
-2.577310502529144287e-01
-1.154383569955825806e-01
-6.879542022943496704e-02
-6.850469708442687988e-01
-2.073809504508972168e-02
-2.815476953983306885e-01
-9.819099679589271545e-03
-5.685737729072570801e-01
1.268987804651260376e-01
-3.318833112716674805e-01
-5.588545203208923340e-01
-4.130660295486450195e-01
-1.574818342924118042e-01
6.673358678817749023e-01
3.362114727497100830e-01
1.484036296606063843e-01
1.013963371515274048e-01
-4.664584100246429443e-01
6.991732120513916016e-02
-3.368986546993255615e-01
-1.650132089853286743e-01
1.607082039117813110e-01
1.715665161609649658e-01
1.091458834707736969e-02
-1.134852916002273560e-01
-7.902227640151977539e-01
-3.529505431652069092e-01
-2.456270456314086914e-01
6.206375081092119217e-03
1.046152636408805847e-01
2.660644948482513428e-01
3.432664275169372559e-01
4.227635264396667480e-01
-1.163332581520080566e+00
-1.407542377710342407e-01
-2.310222983360290527e-01
1.888113021850585938e-01
4.811412692070007324e-01
-1.084996759891510010e-01
-3.925310075283050537e-01
1.832428127527236938e-01
-2.333339601755142212e-01
1.398293524980545044e-01
2.809340655803680420e-01
6.112315058708190918e-01
-1.897179335355758667e-01
-6.673684120178222656e-01
1.444540768861770630e-01
-4.386754333972930908e-01
-2.662164270877838135e-01
3.654842674732208252e-01
-6.017469763755798340e-01
-9.860485792160034180e-01
-1.728525310754776001e-01
-6.205167770385742188e-01
-3.344372380524873734e-03
1.454907655715942383e-01
-2.022376507520675659e-01
1.551106125116348267e-01
-4.652737081050872803e-01
-1.160887777805328369e-01
1.391163468360900879e-02
3.260542154312133789e-01
1.647700667381286621e-01
2.929877638816833496e-01
-1.077081263065338135e-01
-2.947078645229339600e-01
1.776706129312515259e-01
3.689783513545989990e-01
4.860831201076507568e-01
4.807209223508834839e-02
3.403712511062622070e-01
3.309953510761260986e-01
-1.247100472450256348e+00
2.942102551460266113e-01
-2.602044045925140381e-01
5.632008314132690430e-01
-4.748726189136505127e-01
1.610432006418704987e-02
-1.018800362944602966e-01
2.515254616737365723e-01
-8.148463815450668335e-02
-2.553538382053375244e-01
-1.068663671612739563e-01
-2.288084477186203003e-01
-2.117650806903839111e-01
-1.199066564440727234e-01
4.749242663383483887e-01
1.418456435203552246e-01
4.423390328884124756e-02
2.423434518277645111e-02
-4.960025250911712646e-01
2.585829496383666992e-01
-4.529096931219100952e-02
3.835262358188629150e-02
1.934370398521423340e-02
-1.100471839308738708e-01
1.716330647468566895e-02
5.640501976013183594e-01
1.198526844382286072e-02
1.765256524085998535e-01
-4.569751769304275513e-02
-2.602292895317077637e-01
-1.127932548522949219e+00
4.577822685241699219e-01
3.423928022384643555e-01
2.414716780185699463e-01
-7.385342717170715332e-01
-2.174293100833892822e-01
7.485929131507873535e-01
2.514429390430450439e-02
2.215338684618473053e-02
-2.410997450351715088e-01
-1.596757471561431885e-01
3.553555160760879517e-02
-4.169975221157073975e-01
-1.565492749214172363e-01
-2.235623896121978760e-01
3.992208838462829590e-01
-1.331058796495199203e-03
2.071127444505691528e-01
6.864710897207260132e-02
6.887293457984924316e-01
-3.802628517150878906e-01
6.782267689704895020e-01
-1.517633646726608276e-01
-3.058519959449768066e-01
4.213573634624481201e-01
-6.171431019902229309e-02
-4.222087264060974121e-01
9.208714216947555542e-02
2.194145470857620239e-01
-6.610105633735656738e-01
5.043119192123413086e-02
-3.432014584541320801e-02
-7.537054270505905151e-02
1.783525496721267700e-01
-6.768310070037841797e-01
-1.332935392856597900e-01
-3.992741703987121582e-01
2.028640657663345337e-01
4.869232177734375000e-01
5.927813425660133362e-02
1.921964883804321289e-01
-7.233497500419616699e-02
-3.096783459186553955e-01
-1.631019860506057739e-01
5.122198909521102905e-02
3.880405426025390625e-01
-1.600683480501174927e-02
-1.367723941802978516e-01
-4.067214727401733398e-01
-5.890775918960571289e-01
3.226671516895294189e-01
-9.815438836812973022e-02
-1.142121106386184692e-01
1.902056634426116943e-01
5.249376893043518066e-01
-5.323423743247985840e-01
-2.201700806617736816e-01
3.845327720046043396e-02
5.257211923599243164e-01
2.582246959209442139e-01
1.817817091941833496e-01
1.556634604930877686e-01
1.674956530332565308e-01
4.025603234767913818e-01
-4.030981566756963730e-03
4.653967171907424927e-02
2.774647474288940430e-01
2.939759194850921631e-01
1.562557220458984375e-01
-2.365544140338897705e-01
-1.993955075740814209e-01
3.272944986820220947e-01
-2.842560112476348877e-01
-4.864951968193054199e-01
7.442176342010498047e-01
-2.228525131940841675e-01
-2.427851855754852295e-01
1.602305620908737183e-01
-5.352397561073303223e-01
-4.762600362300872803e-01
1.564565747976303101e-01
4.337316453456878662e-01
2.999663650989532471e-01
1.196918338537216187e-01
2.227881178259849548e-02
4.380359053611755371e-01
-5.676997303962707520e-01
7.103046774864196777e-02
3.554796278476715088e-01
1.994161456823348999e-01
-1.430961787700653076e-01
-9.557333588600158691e-01
6.759780645370483398e-01
3.000441193580627441e-01
-2.039642930030822754e-01
6.708484888076782227e-01
9.695748239755630493e-02
5.961569026112556458e-02
3.241939246654510498e-01
9.646485559642314911e-03
-2.371509671211242676e-01
1.685930192470550537e-01
-3.887596726417541504e-02
2.611998319625854492e-01
1.060826182365417480e-01
-2.786718308925628662e-03
-3.124784678220748901e-02
4.273338019847869873e-01
-2.254625856876373291e-01
-3.595220148563385010e-01
-4.740500450134277344e-01
9.804689325392246246e-03
1.374626159667968750e-01
-1.036515831947326660e-02
-1.569616645574569702e-01
2.795161604881286621e-01
-4.035332202911376953e-01
5.495151132345199585e-02
2.904521301388740540e-02
-7.177060842514038086e-01
3.712164983153343201e-02
-1.005229055881500244e-01
3.635598421096801758e-01
-1.343921422958374023e-01
1.177097633481025696e-01
3.427764177322387695e-01
-1.487667560577392578e-01
6.044260859489440918e-01
-2.261359542608261108e-01
2.176177203655242920e-01
-2.941171824932098389e-01
-1.004308983683586121e-01
-1.421947479248046875e-01
-1.029396206140518188e-01
-5.108305066823959351e-02
7.169027924537658691e-01
5.878366827964782715e-01
-8.074957132339477539e-02
2.326739728450775146e-01
-1.044613271951675415e-01
5.190294235944747925e-02
-9.876603633165359497e-02
7.584768533706665039e-02
1.357669942080974579e-02
-2.224219143390655518e-01
3.292092978954315186e-01
1.306421458721160889e-01
-2.367040961980819702e-01
-6.109088063240051270e-01
-4.490676149725914001e-02
2.087882757186889648e-01
2.922446131706237793e-01
-1.366106718778610229e-01
-2.605578303337097168e-02
7.105633020401000977e-01
2.108325809240341187e-01
-2.614606022834777832e-01
-4.440514445304870605e-01
-1.604454070329666138e-01
1.676503419876098633e-01
2.024760395288467407e-01
4.209364578127861023e-02
-1.406761407852172852e-01
-3.813301026821136475e-01
-3.315391838550567627e-01
6.668444871902465820e-01
-3.135967850685119629e-01
1.266033202409744263e-01
-1.384207606315612793e-01
3.875135481357574463e-01
2.838204801082611084e-01
2.296333461999893188e-01
-3.154380917549133301e-01
-3.247177600860595703e-01
4.530522599816322327e-02
-3.732247948646545410e-01
3.912387192249298096e-01
-2.295403480529785156e-01
-3.411084711551666260e-01
-3.756349384784698486e-01
5.758336931467056274e-02
-3.532760143280029297e-01
-8.347973823547363281e-01
2.657459676265716553e-01
-5.489554405212402344e-01
4.626065492630004883e-01
-7.629367113113403320e-01
3.773278594017028809e-01
-1.262612789869308472e-01
-4.676693677902221680e-01
4.513880610466003418e-02
-5.812098830938339233e-02
-4.849764406681060791e-01
1.237098649144172668e-01
4.296001195907592773e-01
-4.038669914007186890e-02
1.050954870879650116e-02
4.449834227561950684e-01
-3.129759132862091064e-01
-4.261227846145629883e-01
1.872469186782836914e-01
-4.329385161399841309e-01
2.550983056426048279e-02
1.698497235774993896e-01
3.480638265609741211e-01
2.592055201530456543e-01
2.219155281782150269e-01
2.353331744670867920e-01
2.403390258550643921e-01
3.374559879302978516e-01
8.551819622516632080e-02
-3.872755914926528931e-02
-4.749946594238281250e-01
7.256045937538146973e-01
-1.021091789007186890e-01
-1.399424314498901367e+00
3.103261291980743408e-01
-6.170019507408142090e-01
-1.442498527467250824e-02
-7.110081613063812256e-02
-4.575141668319702148e-01
-1.880682408809661865e-01
-9.088287129998207092e-03
-3.355393558740615845e-02
1.306606270372867584e-02
2.098544836044311523e-01
-3.667907416820526123e-02
1.639493554830551147e-01
-1.945050060749053955e-01
4.207367599010467529e-01
-9.482489228248596191e-01
3.837226629257202148e-01
-1.231159120798110962e-01
-4.262335970997810364e-02
-1.727653741836547852e-01
-2.196237817406654358e-02
-4.009137153625488281e-01
-2.235432416200637817e-01
4.385991767048835754e-02
5.830697715282440186e-02
-1.653937399387359619e-01
1.774293780326843262e-01
3.850369453430175781e-01
7.964087277650833130e-02
-4.975769668817520142e-02
4.372418522834777832e-01
7.597194612026214600e-02
3.746772408485412598e-01
2.493680119514465332e-01
-4.998894035816192627e-01
3.149041235446929932e-01
-2.246779948472976685e-01
1.916504055261611938e-01
6.683359295129776001e-02
2.111449390649795532e-01
5.557060837745666504e-01
1.553056389093399048e-01
9.320580959320068359e-01
4.119093120098114014e-01
9.048530459403991699e-02
-5.159417167305946350e-02
-5.325405001640319824e-01
8.406494557857513428e-02
5.278249979019165039e-01
-4.796047136187553406e-02
5.660864114761352539e-01
-4.713515341281890869e-01
7.395851612091064453e-02
-1.042682081460952759e-01
-3.615294098854064941e-01
-1.072596192359924316e+00
4.691027402877807617e-01
2.663781866431236267e-02
3.026500046253204346e-01
3.071563839912414551e-01
5.066851973533630371e-01
-3.049010410904884338e-03
9.829058498144149780e-02
2.579315602779388428e-01
-5.584855079650878906e-01
3.952565044164657593e-02
1.546710282564163208e-01
-2.890980839729309082e-01
-5.252974033355712891e-01
5.349444150924682617e-01
-3.606309890747070312e-01
4.573665857315063477e-01
1.297736763954162598e-01
-3.692333698272705078e-01
7.436144351959228516e-02
2.639107108116149902e-01
-4.738953411579132080e-01
-2.221547514200210571e-01
1.635266467928886414e-02
2.984000444412231445e-01
-4.608712196350097656e-01
7.998000085353851318e-02
2.796401679515838623e-01
3.793194890022277832e-01
7.280389964580535889e-02
2.720381319522857666e-01
3.347479552030563354e-02
-5.136227011680603027e-01
-3.062961697578430176e-01
2.786034718155860901e-02
2.037931382656097412e-01
2.645987868309020996e-01
1.746890693902969360e-01
-1.914477646350860596e-01
-1.251078844070434570e+00
1.873421370983123779e-01
9.279511570930480957e-01
6.882604360580444336e-01
-5.040849447250366211e-01
4.900161325931549072e-01
-2.744625210762023926e-01
-3.794130980968475342e-01
-6.057856976985931396e-02
1.459976434707641602e-01
-2.738479375839233398e-01
1.599060744047164917e-02
4.352195858955383301e-01
1.791085600852966309e-01
-9.539140462875366211e-01
4.537395238876342773e-01
1.973363570868968964e-03
2.641699314117431641e-01
6.331802606582641602e-01
1.162580549716949463e-01
-1.675014346837997437e-01
3.410448431968688965e-01
-2.460841462016105652e-02
-1.198647737503051758e+00
3.495194613933563232e-01
6.949975490570068359e-01
-1.397399604320526123e-01
-2.021462321281433105e-01
3.224210739135742188e-01
2.963942587375640869e-01
-1.093914434313774109e-01
-9.429658949375152588e-02
3.453137278556823730e-01
3.450234532356262207e-01
-2.482563853263854980e-01
1.185084506869316101e-01
-2.136301249265670776e-01
1.023504063487052917e-01
2.185493707656860352e-01
-1.591256409883499146e-01
5.117419362068176270e-02
1.967191994190216064e-01
-6.008863449096679688e-02
-8.188579678535461426e-01
2.414454817771911621e-01
-4.333176314830780029e-01
1.316217631101608276e-01
3.210562765598297119e-01
-1.049044847488403320e+00
3.146703541278839111e-01
1.641917824745178223e-01
1.311574131250381470e-01
-3.425983786582946777e-01
-5.484132766723632812e-01
-1.575393415987491608e-02
-3.426701948046684265e-02
1.078545451164245605e-01
-1.056470796465873718e-01
-2.502769976854324341e-02
-4.707786440849304199e-01
-1.304579675197601318e-01
-9.839890152215957642e-02
2.111689150333404541e-01
1.208906918764114380e-01
6.044976040720939636e-02
3.196354508399963379e-01
-1.060008481144905090e-01
-7.622010111808776855e-01
-3.254685401916503906e-01
-4.965917170047760010e-01
3.374487459659576416e-01
4.530315846204757690e-02
1.238646432757377625e-01
1.007216870784759521e-01
9.116105735301971436e-02
4.816401898860931396e-01
-3.857332468032836914e-01
1.313951015472412109e-01
-3.761966526508331299e-01
-2.328640222549438477e-01
1.640546172857284546e-01
4.231566786766052246e-01
1.064228489995002747e-01
-6.814978122711181641e-01
2.688217163085937500e-01
-3.280266225337982178e-01
7.253789342939853668e-03
1.790468543767929077e-01
3.981362283229827881e-02
-6.720915436744689941e-03
8.165753632783889771e-02
-2.780528366565704346e-01
-7.458334565162658691e-01
5.166350305080413818e-02
2.324624955654144287e-01
2.683774530887603760e-01
-9.108934551477432251e-02
1.926578283309936523e-01
5.050951242446899414e-01
2.139064967632293701e-01
3.883004188537597656e-01
-1.523652374744415283e-01
6.863065063953399658e-02
-2.598772756755352020e-02
2.360468506813049316e-01
-3.110806345939636230e-01
5.912711620330810547e-01
-3.501615524291992188e-01
-6.124980002641677856e-02
3.072138726711273193e-01
3.965069651603698730e-01
-1.516216099262237549e-01
-2.125398963689804077e-01
6.608896851539611816e-01
-2.227627784013748169e-01
2.616653740406036377e-01
-4.517129659652709961e-01
7.808268815279006958e-02
-7.083646059036254883e-01
4.036439061164855957e-01
2.473466843366622925e-01
-6.449665427207946777e-01
2.122049480676651001e-01
9.284111857414245605e-01
1.583645790815353394e-01
3.161475956439971924e-01
-1.870625466108322144e-01
5.893701314926147461e-01
-2.144701927900314331e-01
1.693672537803649902e-01
6.914158463478088379e-01
7.516086101531982422e-01
2.489130944013595581e-01
-1.267857998609542847e-01
1.930978149175643921e-01
-3.550074398517608643e-01
-2.302826046943664551e-01
2.814827859401702881e-02
2.936382889747619629e-01
7.660272717475891113e-02
1.244056448340415955e-01
1.433072239160537720e-01
3.087677657604217529e-01
4.847139492630958557e-02
1.197227165102958679e-01
4.467618465423583984e-01
5.466402173042297363e-01
-1.230516552925109863e+00
-9.369219541549682617e-01
-6.449335813522338867e-02
2.408908456563949585e-01
3.036148548126220703e-01
2.766493260860443115e-01
4.203494489192962646e-01
3.151664882898330688e-02
1.476199775934219360e-01
2.504497170448303223e-01
-8.806388378143310547e-01
9.409262984991073608e-02
5.043509006500244141e-01
-1.065989211201667786e-01
2.170961797237396240e-01
8.290457725524902344e-02
-1.629910022020339966e-01
6.577677130699157715e-01
2.532077729701995850e-01
8.787649869918823242e-02
-4.201097786426544189e-01
2.734086811542510986e-01
3.705829679965972900e-01
1.649845093488693237e-01
5.989675223827362061e-02
6.429940462112426758e-01
4.433930516242980957e-01
9.270457178354263306e-02
-8.772092312574386597e-02
-1.476283222436904907e-01
-1.018924415111541748e-01
-5.794013142585754395e-01
-4.297264516353607178e-01
6.429617106914520264e-02
-5.912738293409347534e-02
-6.549196690320968628e-02
2.583007216453552246e-01
-1.027796119451522827e-01
1.291966289281845093e-01
-2.985839545726776123e-01
1.350149065256118774e-01
3.189181983470916748e-01
4.368005692958831787e-02
-3.761277198791503906e-01
2.189763188362121582e-01
2.794149518013000488e-01
4.170882999897003174e-01
3.983994573354721069e-02
-1.033394224941730499e-02
-2.454014569520950317e-01
1.048080027103424072e-01
-4.689484089612960815e-02
-1.896361708641052246e-01
-5.384863540530204773e-02
-7.099475860595703125e-01
1.158164665102958679e-01
1.280702054500579834e-01
1.874937303364276886e-02
2.144416570663452148e-01
-7.882774621248245239e-02
-1.511830836534500122e-01
-1.629306524991989136e-01
1.236706078052520752e-01
-2.888227403163909912e-01
5.166427046060562134e-02
-1.407991498708724976e-01
-6.734298467636108398e-01
2.366565614938735962e-01
-7.273360341787338257e-02
1.289824843406677246e-01
4.241619631648063660e-02
-1.133046224713325500e-01
3.308643996715545654e-01
-8.792603015899658203e-02
-7.127138227224349976e-02
7.898188829421997070e-01
-5.808654427528381348e-01
4.481192529201507568e-01
-6.539721488952636719e-01
-3.517004847526550293e-02
2.221579104661941528e-01
-9.036380797624588013e-02
2.028914690017700195e-01
2.228372246026992798e-01
-4.981471300125122070e-01
5.686258077621459961e-01
1.456656605005264282e-01
2.947536408901214600e-01
4.286488145589828491e-02
2.497824728488922119e-01
4.995139539241790771e-01
4.360024929046630859e-01
-3.471814393997192383e-01
-5.282114744186401367e-01
2.415484637022018433e-01
-5.198355913162231445e-01
3.724470138549804688e-01
-3.025642931461334229e-01
2.116581648588180542e-01
4.722040891647338867e-01
-1.257132440805435181e-01
-1.904415339231491089e-02
4.490305185317993164e-01
2.535858750343322754e-01
4.844683036208152771e-02
-5.682197213172912598e-01
3.000031709671020508e-01
-1.911633461713790894e-01
7.990048825740814209e-02
-3.792100846767425537e-01
2.267667502164840698e-01
-4.652564227581024170e-01
-2.128728665411472321e-02
-5.990974903106689453e-01
1.552848070859909058e-01
-1.593693345785140991e-01
2.043336629867553711e-01
-3.489305078983306885e-01
4.943323321640491486e-03
-6.616297177970409393e-03
2.920821309089660645e-01
-4.945313930511474609e-01
6.131348013877868652e-01
1.523500829935073853e-01
-3.045773506164550781e-01
5.147562623023986816e-01
4.258172810077667236e-01
-3.040876686573028564e-01
-3.310540020465850830e-01
1.430401355028152466e-01
8.955171704292297363e-02
4.121329784393310547e-01
-6.251729130744934082e-01
3.198322653770446777e-01
5.948541164398193359e-01
-3.841006159782409668e-01
-3.388482332229614258e-01
-3.172957003116607666e-01
2.505012750625610352e-01
6.201586723327636719e-01
2.214187085628509521e-01
4.621155261993408203e-01
-3.256776556372642517e-02
5.344000458717346191e-01
-7.529751658439636230e-01
3.239753544330596924e-01
-1.003272458910942078e-01
2.027195394039154053e-01
-9.815625846385955811e-02
4.002624005079269409e-02
1.315844953060150146e-01
6.501979231834411621e-01
6.103814244270324707e-01
6.340407580137252808e-02
-1.238743811845779419e-01
2.274479717016220093e-01
3.202934190630912781e-02
3.914386332035064697e-01
2.388997673988342285e-01
1.423034667968750000e-01
7.425354421138763428e-02
-4.656547904014587402e-01
-1.036160886287689209e-01
-1.132838577032089233e-01
-2.243700921535491943e-01
-1.876567602157592773e-01
5.858625173568725586e-01
5.659633874893188477e-01
-2.033306360244750977e-01
-6.334759294986724854e-03
2.248941361904144287e-01
-5.813720822334289551e-02
4.867959618568420410e-01
2.214697152376174927e-01
5.836963653564453125e-01
2.224211543798446655e-01
3.568931668996810913e-02
2.060069590806961060e-01
-1.011243686079978943e-01
-5.380563735961914062e-01
-4.161090850830078125e-01
4.299939572811126709e-01
-1.652507185935974121e-01
-1.781994998455047607e-01
1.319380402565002441e-01
-1.011416614055633545e-01
-1.861852407455444336e-02
-6.649851053953170776e-02
1.620705127716064453e-01
-1.565332114696502686e-01
6.329629421234130859e-01
-5.556122660636901855e-01
3.423614427447319031e-03
1.884960010647773743e-02
1.548493802547454834e-01
2.541077435016632080e-01
3.933808580040931702e-02
6.385251879692077637e-01
1.989354193210601807e-01
4.040876328945159912e-01
-6.011623144149780273e-02
6.853169202804565430e-02
1.903031766414642334e-01
-4.873028695583343506e-01
-5.561397671699523926e-01
5.722835063934326172e-01
2.975332736968994141e-02
-1.144750192761421204e-01
3.476860374212265015e-02
1.029607467353343964e-02
-5.021001696586608887e-01
-6.646929681301116943e-02
1.664256304502487183e-01
-3.120206296443939209e-01
-2.175722569227218628e-01
1.241305544972419739e-01
-2.704308927059173584e-01
-7.077547162771224976e-02
1.137575730681419373e-01
1.100905984640121460e-01
3.206002116203308105e-01
8.704805374145507812e-02
-3.561657071113586426e-01
-5.038193613290786743e-02
7.597001791000366211e-01
7.120644301176071167e-02
2.063603997230529785e-01
-1.559588164091110229e-01
-4.725130274891853333e-04
3.216627538204193115e-01
2.896003723144531250e-01
3.335548043251037598e-01
-7.145379669964313507e-03
5.461351275444030762e-01
2.165354788303375244e-03
-9.665625169873237610e-03
6.358968615531921387e-01
2.542979717254638672e-01
-9.882287681102752686e-02
-3.966844379901885986e-01
3.368996977806091309e-01
4.060485213994979858e-02
3.192358314990997314e-01
3.466567993164062500e-01
3.259098231792449951e-01
1.834425777196884155e-01
2.508203983306884766e-01
-2.993494868278503418e-01
3.228049278259277344e-01
-3.064557909965515137e-03
7.756946235895156860e-02
-1.347554326057434082e-01
3.566005229949951172e-01
3.471155166625976562e-01
-6.800046563148498535e-02
2.688465416431427002e-01
2.099781334400177002e-01
1.298241168260574341e-01
2.902408540248870850e-01
-3.141774535179138184e-01
2.396500557661056519e-01
1.864572167396545410e-01
2.869928479194641113e-01
-4.124063551425933838e-01
-1.166917234659194946e-01
2.671650648117065430e-01
3.316225856542587280e-02
8.427504301071166992e-01
1.647642850875854492e-01
5.303646326065063477e-01
1.918936073780059814e-01
4.117014408111572266e-01
-5.668367147445678711e-01
2.933695316314697266e-01
-1.258648931980133057e-01
2.192057818174362183e-01
-2.089031040668487549e-01
-1.743434965610504150e-01
-1.129830852150917053e-01
1.894214004278182983e-02
-9.969668462872505188e-03
-2.723397687077522278e-03
3.378489017486572266e-01
-4.217661619186401367e-01
-3.360515534877777100e-01
-3.609509021043777466e-02
2.023438662290573120e-01
5.350496768951416016e-01
-1.626741290092468262e-01
-8.466283082962036133e-01
2.776092588901519775e-01
2.792818844318389893e-01
-6.406660079956054688e-01
1.809007525444030762e-01
-9.499758481979370117e-02
-3.075992166996002197e-01
3.213325440883636475e-01
7.156658768653869629e-01
1.422528736293315887e-02
-5.051933228969573975e-02
1.795971952378749847e-02
1.143843457102775574e-01
5.984495878219604492e-01
3.248307853937149048e-02
-4.911005198955535889e-01
4.543123841285705566e-01
1.802678853273391724e-01
2.563498914241790771e-01
-1.385484188795089722e-01
-4.306508600711822510e-02
4.848468899726867676e-01
-2.768181860446929932e-01
3.101271390914916992e-01
-3.289563357830047607e-01
1.867283731698989868e-01
-4.174906387925148010e-02
4.860688149929046631e-01
8.064812421798706055e-02
-2.500630319118499756e-01
3.387423455715179443e-01
1.915283687412738800e-02
1.324883997440338135e-01
-4.312756061553955078e-01
2.157812416553497314e-01
-5.337174609303474426e-02
-1.256587170064449310e-02
4.590135514736175537e-01
4.831649065017700195e-01
-3.449283912777900696e-02
-4.811452925205230713e-01
-2.470161914825439453e-01
1.896243840456008911e-01
9.830391407012939453e-02
-8.893585205078125000e-02
1.574366092681884766e-01
4.614263474941253662e-01
5.474386811256408691e-01
4.799264669418334961e-01
3.231534063816070557e-01
-5.698899179697036743e-02
-2.717821486294269562e-02
2.912187576293945312e-01
-2.748001515865325928e-01
-2.421239763498306274e-01
8.713161572813987732e-03
-2.871680259704589844e-01
-1.150419339537620544e-01
4.753836989402770996e-01
-3.890854716300964355e-01
-3.003639280796051025e-01
3.083573877811431885e-01
5.445849522948265076e-02
2.274277955293655396e-01
1.968101859092712402e-01
1.960360556840896606e-01
1.049841865897178650e-01
-2.574689388275146484e-01
-3.877452760934829712e-02
2.191929966211318970e-01
6.092502474784851074e-01
-2.497893869876861572e-01
2.389631569385528564e-01
3.019576668739318848e-01
-2.138707041740417480e-01
2.967569530010223389e-01
4.522239416837692261e-02
1.216234862804412842e-01
6.209484338760375977e-01
-3.597950041294097900e-01
1.372885406017303467e-01
4.354896247386932373e-01
2.679867148399353027e-01
3.334546983242034912e-01
-8.283785730600357056e-02
1.348782181739807129e-01
-5.699366331100463867e-03
2.982572913169860840e-01
-2.492325454950332642e-01
4.970252141356468201e-02
-1.816605180501937866e-01
-3.407748341560363770e-01
5.811906605958938599e-02
-4.307517111301422119e-01
1.754712164402008057e-01
4.737248718738555908e-01
3.150707483291625977e-01
3.101207017898559570e-01
3.130121529102325439e-01
-2.583263814449310303e-01
3.358883857727050781e-01
-1.370672434568405151e-01
-3.137748837471008301e-01
4.472877830266952515e-02
4.819611907005310059e-01
5.259590223431587219e-03
1.728507578372955322e-01
1.300127208232879639e-01
-3.871350288391113281e-01
-1.310679316520690918e-01
7.094255089759826660e-01
4.383981525897979736e-01
2.304778099060058594e-01
-8.098702132701873779e-02
5.353317260742187500e-01
2.548572123050689697e-01
5.660205483436584473e-01
-1.087922811508178711e+00
-8.838284015655517578e-02
7.225807756185531616e-02
-5.375727415084838867e-01
-4.382375627756118774e-04
-3.695424199104309082e-01
-9.862080216407775879e-01
-3.267025649547576904e-01
8.858221769332885742e-02
2.192790210247039795e-01
4.077705144882202148e-01
-2.392386347055435181e-01
-2.731314599514007568e-01
-4.379963576793670654e-01
2.588583827018737793e-01
4.042471051216125488e-01
2.958812713623046875e-01
4.571441411972045898e-01
-4.657221138477325439e-01
3.642566204071044922e-01
-4.789737761020660400e-01
-4.326323419809341431e-02
-2.735470235347747803e-01
-4.021163284778594971e-01
-3.946296572685241699e-01
1.097802370786666870e-01
-2.240228652954101562e-01
-1.200640574097633362e-01
-1.008581593632698059e-01
2.818641066551208496e-01
1.762872338294982910e-01
-2.302360981702804565e-01
6.650046110153198242e-01
2.587248384952545166e-01
4.809820950031280518e-01
4.428439587354660034e-02
-1.957010030746459961e-01
1.196780353784561157e-01
-2.046580612659454346e-01
2.248788625001907349e-01
-6.375737488269805908e-02
-3.553571701049804688e-01
9.000338613986968994e-02
-4.464422166347503662e-02
1.484977900981903076e-01
-3.830553889274597168e-01
2.131215482950210571e-02
2.084096968173980713e-01
2.494820356369018555e-01
3.737338185310363770e-01
1.194672286510467529e-02
-6.957539916038513184e-02
-1.065483391284942627e-01
-4.742935001850128174e-01
3.041738867759704590e-01
3.254896998405456543e-01
4.762479960918426514e-01
3.804992139339447021e-01
2.146391198039054871e-02
5.412498712539672852e-01
-1.123324930667877197e-01
6.645884364843368530e-03
-7.518484592437744141e-01
-3.810210824012756348e-01
2.042040228843688965e-01
7.289152741432189941e-01
-8.278446644544601440e-02
2.410232573747634888e-01
8.196483850479125977e-01
4.260989427566528320e-01
-2.388802915811538696e-01
8.280014246702194214e-02
-1.778932958841323853e-01
4.643885046243667603e-02
1.827993839979171753e-01
-8.826889842748641968e-02
9.433346241712570190e-02
-1.778291314840316772e-01
6.494897603988647461e-02
2.207705080509185791e-01
1.171323433518409729e-01
2.816106379032135010e-01
8.077488839626312256e-02
5.952804088592529297e-01
4.895806908607482910e-01
3.632700145244598389e-01
-6.942199170589447021e-02
-5.202831029891967773e-01
1.383890658617019653e-01
1.068971753120422363e+00
1.799864321947097778e-02
4.717322885990142822e-01
3.846071064472198486e-01
4.509510099887847900e-01
-6.807373762130737305e-01
3.799927532672882080e-01
-4.585753679275512695e-01
1.857851445674896240e-02
-8.800099045038223267e-02
-1.514434218406677246e-01
3.222573101520538330e-01
-7.358327507972717285e-01
-4.333865046501159668e-01
3.230199962854385376e-02
8.813393115997314453e-02
-7.893512845039367676e-01
1.037662476301193237e-01
-1.134900212287902832e+00
-1.093555167317390442e-01
-6.091752648353576660e-02
4.383156895637512207e-01
-1.898815184831619263e-01
7.457205653190612793e-02
1.868700087070465088e-01
3.975600600242614746e-01
1.826792024075984955e-02
-3.031857907772064209e-01
4.467159807682037354e-01
-9.437721222639083862e-02
5.240495130419731140e-02
3.299550712108612061e-01
5.478368699550628662e-02
2.607095539569854736e-01
-3.353231251239776611e-01
4.131352901458740234e-01
2.422588169574737549e-01
1.082071810960769653e-01
4.047255218029022217e-01
3.029754161834716797e-01
-1.593459844589233398e-01
4.299429357051849365e-01
2.030995339155197144e-01
5.650858581066131592e-02
1.472778469324111938e-01
-6.863659620285034180e-02
9.249380975961685181e-02
-1.008606195449829102e+00
1.331919431686401367e-01
7.681419700384140015e-02
1.083293706178665161e-01
-6.485060602426528931e-02
1.223291084170341492e-02
2.832145690917968750e-01
-5.084476470947265625e-01
-5.476891398429870605e-01
-2.169258594512939453e-01
1.522114276885986328e-01
-1.798792630434036255e-01
4.578043222427368164e-01
1.876024529337882996e-02
1.985475271940231323e-01
1.048501580953598022e-04
3.822281956672668457e-01
3.746274113655090332e-01
2.661121785640716553e-01
3.626238405704498291e-01
-2.862975597381591797e-01
-5.656833648681640625e-01
1.739287376403808594e-01
-2.801446914672851562e-01
-3.295355141162872314e-01
-9.911453723907470703e-02
4.816219583153724670e-02
3.039324283599853516e-01
-3.530245739966630936e-03
-1.608688943088054657e-02
2.751658558845520020e-01
2.982838749885559082e-01
-2.812758982181549072e-01
-1.389777213335037231e-01
5.252444148063659668e-01
1.500591933727264404e-01
4.552669525146484375e-01
-5.643125772476196289e-01
4.494335502386093140e-02
-8.281114697456359863e-02
9.749943017959594727e-02
-1.609794795513153076e-01
-1.136659160256385803e-01
3.581520542502403259e-02
3.466021269559860229e-02
2.121856957674026489e-01
1.734987795352935791e-01
-4.122918546199798584e-01
9.638918936252593994e-02
8.861055225133895874e-02
6.789439320564270020e-01
-1.020247578620910645e+00
-4.236865341663360596e-01
1.730309277772903442e-01
-1.361687630414962769e-01
1.604904234409332275e-01
-4.756810963153839111e-01
-1.543899625539779663e-01
3.476840211078524590e-03
2.711502611637115479e-01
-5.787311792373657227e-01
3.075761497020721436e-01
2.126884907484054565e-01
3.954024612903594971e-02
3.849112093448638916e-01
-4.529481530189514160e-01
1.834144592285156250e-01
1.297603696584701538e-01
6.732787191867828369e-02
-1.609479784965515137e-01
1.685196757316589355e-01
-5.485196709632873535e-01
4.839111864566802979e-01
2.233052626252174377e-03
-1.539943516254425049e-01
-3.705268204212188721e-01
1.756227761507034302e-01
2.273858487606048584e-01
-2.514303922653198242e-01
-4.673616290092468262e-01
4.339266717433929443e-01
-2.898165881633758545e-01
7.724623382091522217e-02
3.098729252815246582e-01
-4.539338052272796631e-01
1.451615989208221436e-01
5.011370182037353516e-01
-6.183842420578002930e-01
2.179689332842826843e-02
-4.507315158843994141e-01
-1.791024208068847656e-01
-6.629067659378051758e-02
2.212982326745986938e-01
4.581457972526550293e-01
2.525495365262031555e-04
3.081601560115814209e-01
3.143272399902343750e-01
-4.410021603107452393e-01
1.252007484436035156e-01
-3.536148667335510254e-01
-2.289638221263885498e-01
-1.418109297752380371e+00
-4.712426364421844482e-01
-2.461826056241989136e-02
-1.228876411914825439e-01
