1.537602990865707397e-01 2.527417428791522980e-02 2.060567140579223633e-01 -1.083614706993103027e+00 4.023306071758270264e-03 -3.599678575992584229e-01 -6.457778215408325195e-01 -1.266876101493835449e+00 -4.036555588245391846e-01 -3.164983093738555908e-01 7.534307241439819336e-02 -2.562101930379867554e-02 4.771536588668823242e-01 3.300446569919586182e-01 -8.199282288551330566e-01 -3.495888113975524902e-01 -4.506400525569915771e-01 -6.004936620593070984e-02 1.632116138935089111e-01 1.956935971975326538e-01 5.689893960952758789e-01 1.533906068652868271e-02 9.318346530199050903e-02 7.195337116718292236e-02 4.632773995399475098e-01 4.226063787937164307e-01 -2.131926715373992920e-01 -1.250523924827575684e-01 -5.600685477256774902e-01 2.363453507423400879e-01 4.361323714256286621e-01 4.062177240848541260e-01 4.112813472747802734e-01 1.467410009354352951e-02 -2.192570418119430542e-01 1.715190112590789795e-01 -3.399188518524169922e-01 3.175339400768280029e-01 -2.093088924884796143e-01 1.275883764028549194e-01 1.635369062423706055e-01 -6.184206008911132812e-01 -6.962611805647611618e-03 1.180694326758384705e-01 -2.593523263931274414e-01 -2.463912516832351685e-01 2.795546352863311768e-01 2.431861460208892822e-01 -1.737141311168670654e-01 2.978416979312896729e-01 1.866596192121505737e-01 3.027492165565490723e-01 8.521914482116699219e-02 1.170406192541122437e-01 -7.519626617431640625e-01 3.672728538513183594e-01 -3.769949972629547119e-01 -2.516410648822784424e-01 -3.064561448991298676e-02 -1.246623396873474121e-01 -5.807691067457199097e-02 -4.267870485782623291e-01 -4.465408623218536377e-01 -1.512001268565654755e-02 -6.223102211952209473e-01 7.325271517038345337e-02 3.693764507770538330e-01 6.822304725646972656e-01 3.262357115745544434e-01 3.844932317733764648e-01 6.006804704666137695e-01 3.020668327808380127e-01 2.522692382335662842e-01 -1.368294656276702881e-01 -4.382452964782714844e-01 4.506143927574157715e-02 -1.897830329835414886e-02 -2.212026864290237427e-01 3.389493525028228760e-01 2.261929214000701904e-03 -3.958738148212432861e-01 5.843763351440429688e-01 1.207591295242309570e-01 8.909149095416069031e-03 -1.800916045904159546e-01 1.421795338392257690e-01 4.144565165042877197e-01 -8.418940305709838867e-01 -6.677077710628509521e-02 -3.312554657459259033e-01 4.827502369880676270e-01 -4.591162800788879395e-01 -2.807647585868835449e-01 -4.766477644443511963e-01 5.414769649505615234e-01 6.130834817886352539e-01 3.066125810146331787e-01 4.656537771224975586e-01 -3.038574755191802979e-02 -2.469972968101501465e-01 1.542699486017227173e-01 -2.348925620317459106e-01 5.043749213218688965e-01 2.225046977400779724e-02 3.667330443859100342e-01 -3.255477249622344971e-01 2.465311288833618164e-01 3.406012654304504395e-01 -4.998365044593811035e-01 4.533741772174835205e-01 -2.720656692981719971e-01 -1.766750365495681763e-01 1.166364848613739014e-01 -2.985880710184574127e-03 2.260827422142028809e-01 -9.141589701175689697e-02 -1.445630006492137909e-02 -5.511161684989929199e-01 3.014092445373535156e-01 4.620389342308044434e-01 8.789557963609695435e-02 -1.604790925979614258e+00 1.739266514778137207e-02 6.280739605426788330e-02 2.991982400417327881e-01 1.298302263021469116e-01 -9.502490609884262085e-02 5.679451823234558105e-01 -6.747709214687347412e-02 -4.824239611625671387e-01 -4.923811554908752441e-02 -1.189313530921936035e-01 4.649376273155212402e-01 1.218574494123458862e-01 -1.451226025819778442e-01 -5.913137793540954590e-01 -2.245450615882873535e-01 -1.752094626426696777e-01 1.865041404962539673e-01 -6.836763620376586914e-01 5.606704354286193848e-01 -1.287976801395416260e-01 2.247766554355621338e-01 -8.891162276268005371e-02 8.182649016380310059e-01 2.713507972657680511e-02 -4.452828168869018555e-01 2.937555909156799316e-01 2.309928685426712036e-01 -5.258076190948486328e-01 5.583330616354942322e-02 1.697969883680343628e-01 -1.117581874132156372e-01 4.913654029369354248e-01 2.587671875953674316e-01 2.126253992319107056e-01 -1.213363781571388245e-01 4.287102818489074707e-01 -1.493564546108245850e-01 3.670151233673095703e-01 7.378977537155151367e-01 -3.769040107727050781e-01 2.112867683172225952e-02 1.577056348323822021e-01 -4.505154490470886230e-02 -4.366193339228630066e-02 7.928501367568969727e-01 4.903329908847808838e-02 9.684728831052780151e-02 2.535250782966613770e-01 3.137386143207550049e-01 1.166462004184722900e-01 -2.520361542701721191e-01 -4.329641461372375488e-01 4.612740278244018555e-01 2.260324805974960327e-01 4.782793521881103516e-01 9.091833233833312988e-02 -4.196786284446716309e-01 -2.091491669416427612e-01 3.173192739486694336e-01 -1.306416466832160950e-03 1.388395726680755615e-01 -1.233731359243392944e-01 -3.158907964825630188e-02 -4.981186389923095703e-01 1.773570775985717773e-01 -1.299856156110763550e-01 -3.759135901927947998e-01 4.064257442951202393e-01 8.344836533069610596e-05 1.926988512277603149e-01 6.684219092130661011e-02 6.338138133287429810e-02 5.875879526138305664e-02 2.997568249702453613e-01 -2.970140278339385986e-01 -2.320862263441085815e-01 4.973742365837097168e-01 -3.100332915782928467e-01 -2.085361629724502563e-02 -3.192253410816192627e-01 5.772623419761657715e-01 -1.208206117153167725e-01 6.469140648841857910e-01 2.355043292045593262e-01 -1.643027663230895996e-01 -3.287386596202850342e-01 -6.456763744354248047e-01 -1.683784723281860352e-01 5.396044254302978516e-01 1.433737725019454956e-01 -1.549054831266403198e-01 -2.596533000469207764e-01 1.978088170289993286e-01 2.824882268905639648e-01 -3.299513459205627441e-01 -4.088933765888214111e-02 3.744626417756080627e-03 -1.099952682852745056e-01 7.635341882705688477e-01 -8.613455295562744141e-02 1.471337825059890747e-01 3.305189013481140137e-01 -7.141879200935363770e-02 -3.762167692184448242e-01 -4.555658400058746338e-01 -2.985946536064147949e-01 2.599486708641052246e-01 6.277685165405273438e-01 1.230296492576599121e-01 3.294677436351776123e-01 2.565575540065765381e-01 -3.966896533966064453e-01 5.985069274902343750e-02 3.046935498714447021e-01 -2.523773312568664551e-01 2.170038223266601562e-02 1.465453505516052246e-01 -2.793168723583221436e-01 2.513396739959716797e-01 4.437007308006286621e-01 -1.870369613170623779e-01 2.247236967086791992e-01 2.770603597164154053e-01 -4.959660768508911133e-02 1.618921160697937012e-01 1.657717823982238770e-01 -1.979262009263038635e-02 4.766544997692108154e-01 -3.336086273193359375e-01 4.010505974292755127e-01 2.069122493267059326e-01 2.289031445980072021e-01 1.264938265085220337e-01 6.842330843210220337e-02 6.013888120651245117e-01 3.961600363254547119e-01 1.657110899686813354e-01 1.483536660671234131e-01 -8.162636309862136841e-03 -1.842608451843261719e-01 1.054536625742912292e-01 1.280049383640289307e-01 -1.052699983119964600e-02 3.031722269952297211e-02 3.690337538719177246e-01 3.283778727054595947e-01 1.918707191944122314e-01 4.220933020114898682e-01 3.837024867534637451e-01 3.832877278327941895e-01 1.622320860624313354e-01 -1.243692338466644287e-01 2.828778922557830811e-01 -1.057448744773864746e+00 4.492324292659759521e-01 5.616012960672378540e-02 -4.032056778669357300e-02 5.051800012588500977e-01 1.873525977134704590e-01 2.180847823619842529e-01 -4.836230352520942688e-02 1.644662320613861084e-01 3.668558895587921143e-01 1.994786709547042847e-01 -4.998517632484436035e-01 -1.193210333585739136e-01 -1.531392812728881836e+00 1.886858046054840088e-01 -2.462133169174194336e-01 1.088180989027023315e-01 -2.796845436096191406e-01 -2.478552758693695068e-01 1.458439230918884277e-01 -1.731548905372619629e-01 -1.347407698631286621e-01 -1.057388484477996826e-01 -5.596421957015991211e-01 4.720422625541687012e-01 1.568121612071990967e-01 1.467659622430801392e-01 -8.348330855369567871e-02 6.366233825683593750e-01 -6.261624693870544434e-01 -2.460562586784362793e-01 -4.600723460316658020e-02 -3.245853632688522339e-02 2.395806461572647095e-01 -5.594642758369445801e-01 2.866724431514739990e-01 4.054716527462005615e-01 -3.618825376033782959e-01 5.688977837562561035e-01 -1.106931939721107483e-01 2.602751553058624268e-01 8.946058154106140137e-02 -2.380651421844959259e-02 1.805017739534378052e-01 4.439387619495391846e-01 -2.379020154476165771e-01 -3.227315470576286316e-02 -7.433979958295822144e-02 -6.510513424873352051e-01 3.888652920722961426e-01 -7.689621299505233765e-02 3.423087298870086670e-01 -7.607177495956420898e-01 -5.780925750732421875e-01 4.747460782527923584e-01 4.456538856029510498e-01 1.078846007585525513e-01 2.304207980632781982e-01 -2.051768451929092407e-01 3.293293714523315430e-01 1.208331733942031860e-01 -2.239614874124526978e-01 3.513525724411010742e-01 4.507904052734375000e-01 5.278044342994689941e-01 -2.451392561197280884e-01 1.640953868627548218e-01 -1.694990396499633789e-01 9.181627631187438965e-02 1.680994033813476562e-01 -9.585855901241302490e-02 1.279577612876892090e-01 2.774342000484466553e-01 -1.136242151260375977e-01 4.090249538421630859e-01 -2.157047949731349945e-02 6.878273487091064453e-01 -9.340239167213439941e-01 6.789990514516830444e-02 -1.412944868206977844e-02 4.267427027225494385e-01 2.638838887214660645e-01 -6.304216980934143066e-01 3.146318495273590088e-01 -6.155740022659301758e-01 -9.262636303901672363e-02 2.162150144577026367e-01 4.807564020156860352e-01 3.048727512359619141e-01 -1.469794809818267822e-01 1.175935938954353333e-01 -1.306146830320358276e-01 -5.249202847480773926e-01 6.741169840097427368e-02 2.256450653076171875e-01 -1.703221052885055542e-01 1.121741831302642822e-01 -2.851120941340923309e-02 2.498780936002731323e-01 -9.014124423265457153e-02 -1.327905356884002686e-01 3.766284584999084473e-01 -7.238704711198806763e-02 3.456378877162933350e-01 -3.946654200553894043e-01 2.001347988843917847e-01 3.552792668342590332e-01 4.246461987495422363e-01 6.284675747156143188e-02 4.519720971584320068e-01 1.216138228774070740e-01 1.138291954994201660e-01 5.979928374290466309e-01 -8.606492727994918823e-02 -2.117796242237091064e-01 1.988304704427719116e-01 -4.392487406730651855e-01 2.552584931254386902e-02 -1.782230138778686523e-01 3.548106849193572998e-01 -2.553175687789916992e-01 -2.061690986156463623e-01 1.310476753860712051e-02 -4.649884998798370361e-01 -1.509245991706848145e+00 2.915855124592781067e-02 2.533043920993804932e-02 2.104727625846862793e-01 2.670257389545440674e-01 4.135705828666687012e-01 -6.807592511177062988e-02 -3.139810860157012939e-01 3.404182195663452148e-01 1.541308462619781494e-01 -3.949733823537826538e-02 -3.496265038847923279e-02 -2.213200181722640991e-01 -4.604300856590270996e-01 1.821085214614868164e-01 1.707150638103485107e-01 1.022964715957641602e-02 6.593915224075317383e-01 -3.531058728694915771e-01 -2.029785513877868652e-01 -2.950292229652404785e-01 -1.115124821662902832e-01 1.271966844797134399e-01 -3.653536736965179443e-01 1.438464820384979248e-01 1.926032602787017822e-01 7.252973914146423340e-01 -2.439297437667846680e-01 5.049501061439514160e-01 1.644754856824874878e-01 5.838682055473327637e-01 1.737055033445358276e-01 2.121291309595108032e-01 3.503534495830535889e-01 4.003731906414031982e-01 -6.623311638832092285e-01 -3.134760260581970215e-01 -2.093069255352020264e-03 4.630435705184936523e-01 2.335593253374099731e-01 1.391779184341430664e-01 2.681367397308349609e-01 -1.470150351524353027e-01 -6.759348511695861816e-01 2.396629452705383301e-01 -4.986326694488525391e-01 1.842859834432601929e-01 2.126272916793823242e-01 -9.643623977899551392e-02 -4.454391002655029297e-01 -1.231045722961425781e+00 1.706524640321731567e-01 -2.840200066566467285e-01 3.902805447578430176e-01 -1.511630117893218994e-01 -1.267691016197204590e+00 1.304544061422348022e-01 5.878769159317016602e-01 2.294036149978637695e-01 -5.969832837581634521e-02 1.705205142498016357e-01 1.430318355560302734e-01 3.764123916625976562e-01 1.792589202523231506e-02 -1.007426306605339050e-01 3.451935052871704102e-01 -9.287325739860534668e-01 -3.011042475700378418e-01 5.561938881874084473e-01 -7.475615143775939941e-01 -5.772209912538528442e-02 2.406680881977081299e-01 3.824147284030914307e-01 1.834928840398788452e-01 2.375082969665527344e-01 2.240325212478637695e-01 1.458830386400222778e-01 1.666009128093719482e-01 -5.859745293855667114e-02 3.999292254447937012e-01 3.333721756935119629e-01 6.151565313339233398e-01 3.225938379764556885e-01 3.442901372909545898e-01 -7.821769118309020996e-01 -5.370369553565979004e-01 -6.922380998730659485e-03 -6.208438798785209656e-02 4.564372450113296509e-02 -1.485613286495208740e-01 -6.571633219718933105e-01 1.389792710542678833e-01 1.865002065896987915e-01 -2.489966899156570435e-01 2.712092101573944092e-01 -3.662725389003753662e-01 -1.332370489835739136e-01 5.028990507125854492e-01 -1.192014813423156738e-01 2.294950559735298157e-02 -3.628911674022674561e-01 9.972050786018371582e-02 1.846590042114257812e-01 2.007272988557815552e-01 3.067343831062316895e-01 3.215802609920501709e-01 6.108815073966979980e-01 2.550810202956199646e-02 5.577547103166580200e-02 1.944202184677124023e-01 -6.262692809104919434e-02 -1.199725344777107239e-01 -2.241516858339309692e-01 -2.323648482561111450e-01 9.374727308750152588e-02 -1.938298046588897705e-01 7.589943408966064453e-01 -7.870703935623168945e-02 1.723953038454055786e-01 -1.103943705558776855e+00 -1.183461993932723999e-01 1.342391967773437500e-02 -4.414224028587341309e-01 -1.436312198638916016e-01 -1.538481414318084717e-01 7.363280653953552246e-02 5.202695727348327637e-01 2.074812203645706177e-01 3.995742797851562500e-01 6.426808983087539673e-02 -2.510675787925720215e-02 2.618546485900878906e-01 4.836149886250495911e-02 -8.924852311611175537e-02 -6.544564962387084961e-01 9.313797205686569214e-02 2.067456841468811035e-01 -8.572595715522766113e-01 -1.788691133260726929e-01 4.920841753482818604e-01 -3.613362908363342285e-01 -2.952974438667297363e-01 -2.048103958368301392e-01 -4.213239252567291260e-01 -1.285174041986465454e-01 3.083819746971130371e-01 5.063734054565429688e-01 -9.711779356002807617e-01 -9.268787503242492676e-02 -2.089763730764389038e-01 1.345698088407516479e-01 -1.909433156251907349e-01 -4.790995717048645020e-01 -3.798948228359222412e-02 -4.379056990146636963e-01 5.330605432391166687e-02 -2.360840328037738800e-02 4.650314450263977051e-01 4.729072153568267822e-01 -2.951313853263854980e-01 8.426179885864257812e-01 2.642262876033782959e-01 1.764745712280273438e-01 -4.851563572883605957e-01 -3.773848116397857666e-01 -3.728300333023071289e-01 -4.676582515239715576e-01 2.817185223102569580e-01 4.541849493980407715e-01 2.658506929874420166e-01 -1.037267968058586121e-01 -9.298653006553649902e-01 3.744998276233673096e-01 2.948339581489562988e-01 3.704028725624084473e-01 2.908633351325988770e-01 -3.435183763504028320e-01 -3.500259667634963989e-02 -9.806230068206787109e-01 -8.185068517923355103e-02 -3.706156015396118164e-01 -6.360290050506591797e-01 -1.849834471940994263e-01 2.426485270261764526e-01 -7.904636859893798828e-02 -5.280029177665710449e-01 4.235042333602905273e-01 1.581097394227981567e-01 -5.310580730438232422e-01 1.954819448292255402e-02 2.836291678249835968e-02 5.472002550959587097e-02 5.109627842903137207e-01 -3.055846989154815674e-01 1.540923565626144409e-01 1.351669728755950928e-01 3.894927799701690674e-01 4.227175116539001465e-01 5.981844663619995117e-01 3.815243393182754517e-02 6.843315064907073975e-02 1.531544327735900879e-01 3.877079859375953674e-02 -6.941774487495422363e-01 -3.942534923553466797e-01 1.194693595170974731e-01 -3.531562983989715576e-01 3.801005706191062927e-02 2.953280210494995117e-01 -5.554378628730773926e-01 -1.643123030662536621e-01 1.555711328983306885e-01 -9.389425069093704224e-02 -8.278860151767730713e-02 -4.583390355110168457e-01 2.333265990018844604e-01 1.246491372585296631e-01 -4.138157516717910767e-02 2.131980061531066895e-01 8.155279755592346191e-01 6.435335278511047363e-01 2.139911204576492310e-01 3.165286481380462646e-01 -2.706992626190185547e-01 -2.460316382348537445e-02 -3.990088701248168945e-01 -9.557513892650604248e-02 -2.983823716640472412e-01 -6.055196523666381836e-01 2.987532913684844971e-01 -1.266041249036788940e-01 4.073003232479095459e-01 3.493364751338958740e-01 2.022186219692230225e-01 -1.272230036556720734e-02 5.288452506065368652e-01 -2.968731336295604706e-03 2.985569238662719727e-01 4.402922838926315308e-02 -2.715141475200653076e-01 3.013141825795173645e-02 1.428762450814247131e-02 5.783181190490722656e-01 5.417792126536369324e-03 1.576366573572158813e-01 -4.356077909469604492e-01 -4.772418737411499023e-01 3.027182817459106445e-01 3.966076672077178955e-01 -3.481140732765197754e-01 -2.907598018646240234e-01 -3.355972934514284134e-03 4.399237036705017090e-02 3.977108895778656006e-01 -1.909896731376647949e-03 -1.606795378029346466e-02 -1.556984305381774902e+00 2.649554312229156494e-01 2.014833539724349976e-01 3.974540829658508301e-01 -1.328924447298049927e-01 1.411359757184982300e-01 1.086987629532814026e-01 3.974976837635040283e-01 2.367378771305084229e-01 2.581664025783538818e-01 4.456130415201187134e-02 2.019444853067398071e-01 2.060931622982025146e-01 6.528112292289733887e-02 2.503898143768310547e-01 -3.460083305835723877e-01 1.563552916049957275e-01 9.999150782823562622e-02 -1.905391216278076172e-01 5.237981677055358887e-02 2.928069606423377991e-02 2.134274989366531372e-01 -8.427267670631408691e-01 3.053876459598541260e-01 6.475424766540527344e-01 -3.636591136455535889e-01 9.558091312646865845e-02 1.324694603681564331e-01 -1.170215368270874023e+00 -5.173689723014831543e-01 -2.300749719142913818e-01 -1.552045643329620361e-01 -3.556218743324279785e-01 2.233373373746871948e-02 3.799771517515182495e-02 3.670667856931686401e-02 9.660480916500091553e-02 3.350680768489837646e-01 2.343229949474334717e-01 -1.946676671504974365e-01 -1.228839606046676636e-01 1.386633515357971191e-01 1.076583489775657654e-01 2.864524126052856445e-01 5.592957884073257446e-02 2.319972068071365356e-01 -2.769646048545837402e-01 4.316665232181549072e-03 1.740993559360504150e-01 9.794469922780990601e-03 4.756516814231872559e-01 1.739994734525680542e-01 -3.412496149539947510e-01 -2.908160984516143799e-01 3.315197527408599854e-01 -1.039301156997680664e-01 2.062581330537796021e-01 -2.884522378444671631e-01 -3.051417171955108643e-01 2.305288165807723999e-01 7.883412763476371765e-03 3.785632550716400146e-01 -4.665595889091491699e-01 -2.599219679832458496e-01 6.468430161476135254e-01 4.242617189884185791e-01 4.919691681861877441e-01 8.943716436624526978e-02 3.942130804061889648e-01 4.551586508750915527e-01 8.786503970623016357e-02 -4.653549492359161377e-01 -1.554847657680511475e-01 -9.255843758583068848e-01 -1.533638536930084229e-01 2.282884567975997925e-01 3.123163878917694092e-01 -8.716363459825515747e-02 3.549635708332061768e-01 -2.146364450454711914e-01 8.329581022262573242e-01 -2.200385481119155884e-01 -3.552113771438598633e-01 -6.655468344688415527e-01 -5.969697237014770508e-02 9.858709573745727539e-02 -2.342100068926811218e-02 1.964968293905258179e-01 5.344207286834716797e-01 1.455469280481338501e-01 3.944715261459350586e-01 -3.345215916633605957e-01 -3.719520568847656250e-01 -6.447197794914245605e-01 1.798977702856063843e-02 6.754252314567565918e-02 -1.684317886829376221e-01 -2.678712829947471619e-02 9.694103896617889404e-02 1.915913075208663940e-02 -4.109263122081756592e-01 5.130449309945106506e-02 4.061989486217498779e-02 9.501308798789978027e-01 2.082927525043487549e-01 -2.776845097541809082e-01 -3.438349366188049316e-01 4.935357347130775452e-02 4.323890209197998047e-01 1.437681317329406738e-01 1.639731377363204956e-01 3.601504266262054443e-01 3.282116949558258057e-01 3.304262459278106689e-01 6.487456709146499634e-02 -3.288239836692810059e-01 -8.137459307909011841e-02 4.553475603461265564e-02 1.064306259155273438e+00 -3.508239611983299255e-02 1.625042855739593506e-01 3.521599471569061279e-01 1.310310214757919312e-01 4.950068593025207520e-01 2.906396985054016113e-02 5.429290533065795898e-01 -1.972305327653884888e-01 5.447485446929931641e-01 -3.869439065456390381e-01 -6.134447455406188965e-02 3.252154886722564697e-01 -8.634416460990905762e-01 -8.063176274299621582e-02 -1.364926993846893311e-01 -2.246797233819961548e-01 -1.416164822876453400e-02 6.122555583715438843e-03 3.217617273330688477e-01 1.609189361333847046e-01 -7.990399003028869629e-01 1.179973408579826355e-02 -5.661161541938781738e-01 2.434906922280788422e-02 2.197485268115997314e-01 -2.702054679393768311e-01 -3.873505592346191406e-01 6.326200067996978760e-02 4.648742675781250000e-01 8.783946186304092407e-02 2.884770333766937256e-01 -1.254808425903320312e+00 -2.014393508434295654e-01 4.825991392135620117e-02 -2.330793440341949463e-01 6.680028438568115234e-01 -5.903463959693908691e-01 1.233380064368247986e-01 4.266560971736907959e-01 -1.555348746478557587e-02 -8.606375008821487427e-02 1.608209013938903809e-01 3.004550933837890625e-02 3.831790387630462646e-02 -2.713552415370941162e-01 2.719825208187103271e-01 -7.027229666709899902e-01 3.825966119766235352e-01 -1.620714962482452393e-01 1.058547124266624451e-01 -7.261652946472167969e-01 -1.360150575637817383e-01 1.282707899808883667e-01 -8.486509323120117188e-03 2.839225828647613525e-01 -1.438359022140502930e-01 6.685256361961364746e-01 9.232631325721740723e-02 -4.724553525447845459e-01 3.159804344177246094e-01 -2.167466729879379272e-01 2.760453820228576660e-01 1.270330548286437988e-01 2.487330138683319092e-01 9.942003339529037476e-02 -3.154720067977905273e-01 9.089159965515136719e-02 -2.986453175544738770e-01 1.707646846771240234e-01 -4.555995464324951172e-01 4.789515137672424316e-01 -5.871086716651916504e-01 -2.625923454761505127e-01 -9.213276505470275879e-01 -4.462866857647895813e-02 -8.662827312946319580e-03 5.124527812004089355e-01 -9.277733042836189270e-03 -5.813112109899520874e-02 -6.370996683835983276e-02 -6.188543438911437988e-01 4.428955018520355225e-01 2.349925041198730469e-01 -1.599348336458206177e-01 -5.734217762947082520e-01 -2.457736060023307800e-02 -1.279448270797729492e+00 1.711559146642684937e-01 2.795995771884918213e-01 -2.737780213356018066e-01 -6.426085531711578369e-02 -1.812910437583923340e-01 1.107799410820007324e-01 8.271749317646026611e-02 -6.496011018753051758e-01 4.422049224376678467e-02 5.891636759042739868e-02 -3.206072002649307251e-02 -7.907052338123321533e-02 5.806296691298484802e-02 3.588610291481018066e-01 -9.088550806045532227e-01 -4.530549645423889160e-01 4.041290283203125000e-01 -5.357759594917297363e-01 1.177451461553573608e-01 -1.350191831588745117e-01 3.304269611835479736e-01 3.939317166805267334e-01 3.195671737194061279e-01 9.847884625196456909e-02 -6.078624725341796875e-01 -3.792964220046997070e-01 4.676711279898881912e-03 -4.568216204643249512e-01 -2.963965535163879395e-01 -4.339344501495361328e-01 6.121569275856018066e-01 -5.762910842895507812e-01 3.833758458495140076e-02 4.369459748268127441e-01 6.267765536904335022e-03 1.239781975746154785e-01 -1.656874418258666992e-01 -9.272915124893188477e-01 1.535360217094421387e-01 -4.366480410099029541e-01 -2.104377560317516327e-02 5.411324650049209595e-02 1.552349627017974854e-01 3.788645863533020020e-01 -2.069323062896728516e-01 3.927835524082183838e-01 8.692337572574615479e-02 -5.991492867469787598e-01 -3.275886774063110352e-01 7.968928664922714233e-03 -2.333266884088516235e-01 4.918526411056518555e-01 -5.548442602157592773e-01 -1.715263128280639648e-01 8.809913694858551025e-02 -5.668838620185852051e-01 -5.799708962440490723e-01 -3.638082742691040039e-01 7.493158429861068726e-02 2.015146762132644653e-01 1.505043506622314453e-01 -5.540035665035247803e-03 4.356252774596214294e-02 -1.518064141273498535e-01 2.412669509649276733e-01 -4.500223100185394287e-01 4.523493945598602295e-01 5.307332873344421387e-01 2.534414231777191162e-01 3.332294896245002747e-02 -1.577267348766326904e-01 1.274252235889434814e-01 1.506855785846710205e-01 -3.356944024562835693e-01 -2.398221343755722046e-01 -7.279883027076721191e-01 6.702266633510589600e-02 -4.510627686977386475e-01 1.032408773899078369e-01 3.969466984272003174e-01 7.434870302677154541e-02 2.796403467655181885e-01 8.465394377708435059e-02 -3.050990402698516846e-02 -1.100727692246437073e-01 3.707612752914428711e-01 -4.120206832885742188e-01 -2.295173704624176025e-01 5.272645130753517151e-02 -3.347305059432983398e-01 -2.514517009258270264e-01 -9.063143134117126465e-01 6.391380727291107178e-02 4.062717556953430176e-01 -3.514550626277923584e-01 -5.482078194618225098e-01 1.411411464214324951e-01 2.449171394109725952e-01 4.261875152587890625e-01 1.575073003768920898e-01 4.318440556526184082e-01 2.689033746719360352e-01 4.003426432609558105e-01 -8.020532131195068359e-01 2.119916956871747971e-03 3.583255410194396973e-01 7.104056477546691895e-01 3.793997466564178467e-01 -3.831804990768432617e-01 -3.768243193626403809e-01 1.840956881642341614e-02 -1.661499589681625366e-01 1.410931646823883057e-01 -1.728046834468841553e-01 6.991951912641525269e-02 -3.783227205276489258e-01 -8.172211647033691406e-01 -3.876157999038696289e-01 6.431602239608764648e-01 5.224132165312767029e-02 2.787580192089080811e-01 -3.896694481372833252e-01 -1.958489418029785156e-01 2.141177505254745483e-01 -1.245623975992202759e-01 1.398819237947463989e-01 -3.245059847831726074e-01 -2.733809053897857666e-01 -8.134413361549377441e-01 -2.608620226383209229e-01 -3.782346844673156738e-02 4.826792478561401367e-01 -3.581595718860626221e-01 3.753432631492614746e-01 6.935708224773406982e-02 -1.305073499679565430e-01 1.899596750736236572e-01 -4.533324390649795532e-02 2.118402719497680664e-01 5.555963516235351562e-02 3.179564476013183594e-01 -6.620587408542633057e-02 1.021469905972480774e-01 -2.471454590559005737e-01 4.056758284568786621e-01 5.046026110649108887e-01 5.676382780075073242e-02 -1.910084858536720276e-03 -9.724473953247070312e-02 -1.999094337224960327e-01 -6.259069591760635376e-02 1.075788661837577820e-01 -5.428199842572212219e-02 -1.222569867968559265e-01 2.003307491540908813e-01 -1.264867037534713745e-01 1.511805802583694458e-01 3.822898119688034058e-02 6.600665450096130371e-01 3.722884953022003174e-01 5.621088147163391113e-01 3.336076140403747559e-01 3.296592831611633301e-01 4.925962686538696289e-01 4.747839868068695068e-01 3.501906692981719971e-01 2.793289907276630402e-02 1.965187489986419678e-01 4.523403570055961609e-02 -3.617582917213439941e-01 -5.535397529602050781e-01 8.652279525995254517e-02 -3.149415552616119385e-01 5.633995682001113892e-02 -1.144822593778371811e-02 -4.636631906032562256e-01 -3.766669631004333496e-01 4.057739973068237305e-01 -2.465607039630413055e-02 -4.277589544653892517e-02 8.352115750312805176e-02 4.952982068061828613e-01 3.305644169449806213e-02 -7.019996643066406250e-01 1.330005843192338943e-02 -9.343756362795829773e-03 4.063729941844940186e-01 4.468933343887329102e-01 2.524726092815399170e-01 -1.909769177436828613e-01 2.033316045999526978e-01 -2.487799152731895447e-03 -7.642567157745361328e-01 1.250386387109756470e-01 3.274669051170349121e-01 -1.902780383825302124e-01 1.375803723931312561e-02 -4.256886839866638184e-01 4.149061143398284912e-01 -1.068453490734100342e-01 8.594709634780883789e-02 -2.572800498455762863e-03 2.482574433088302612e-01 3.866730332374572754e-01 2.176192849874496460e-01 -3.276634216308593750e-02 7.853250205516815186e-02 -1.459440290927886963e-01 -4.091063514351844788e-02 -6.527966260910034180e-02 -5.656921267509460449e-01 -9.460772275924682617e-01 -1.070804834365844727e+00 3.740490376949310303e-01 6.639383733272552490e-02 -2.700545787811279297e-01 2.506538927555084229e-01 -1.012794256210327148e+00 -1.344565451145172119e-01 -1.146963715553283691e+00 -4.156396090984344482e-01 2.784618735313415527e-01 2.087428420782089233e-01 1.398700326681137085e-01 1.841849684715270996e-01 2.256060838699340820e-01 3.542775511741638184e-01 -2.335930019617080688e-01 -2.963114976882934570e-01 1.015425547957420349e-01 -1.289118360728025436e-02 1.084659472107887268e-01 2.208843380212783813e-01 -4.587917029857635498e-01 1.132587119936943054e-01 2.905680239200592041e-01 -4.312871396541595459e-01 -4.729136228561401367e-01 9.951250255107879639e-02 -4.323666095733642578e-01 -2.352557182312011719e-01 -3.541147112846374512e-01 2.659792304039001465e-01 -9.774126112461090088e-02 2.188703268766403198e-01 1.498943865299224854e-01 -8.202875033020973206e-03 1.534637659788131714e-01 5.790438503026962280e-03 -5.447810143232345581e-02 -4.475919008255004883e-01 4.489025175571441650e-01 2.851643264293670654e-01 -1.682205125689506531e-02 4.336752593517303467e-01 -9.625586122274398804e-02 -5.572925806045532227e-01 -9.005171805620193481e-02 -7.190741598606109619e-03 -5.675952434539794922e-01 -1.958096921443939209e-01 -3.091837652027606964e-02 -1.593363285064697266e+00 7.271764799952507019e-03 4.088611602783203125e-01 2.994863986968994141e-01 2.352582812309265137e-01 -3.992874324321746826e-01 -8.765278756618499756e-02 1.002979874610900879e-01 -1.802628338336944580e-01 -1.222637668251991272e-02 4.289356470108032227e-01 -7.631052732467651367e-01 2.130571901798248291e-01 -1.769888848066329956e-01 -1.642988324165344238e-01 -1.814529448747634888e-01 2.460102438926696777e-01 1.292207241058349609e-01 6.333748251199722290e-02 2.828179001808166504e-01 5.615339875221252441e-01 -2.690087258815765381e-02 -7.211833596229553223e-01 3.251254260540008545e-01 1.100039407610893250e-01 -2.348083257675170898e-02 6.267511099576950073e-02 -3.428312242031097412e-01 2.586750984191894531e-01 -3.771814107894897461e-01 -1.627089083194732666e-02 3.746031820774078369e-01 -4.533183872699737549e-01 -3.460888266563415527e-01 -8.475163578987121582e-01 -5.636666417121887207e-01 -7.871931046247482300e-02 7.519931793212890625e-01 -5.756090283393859863e-01 6.270974874496459961e-02 1.518900692462921143e-01 -9.905639290809631348e-01 -2.099305391311645508e-01 -5.093289613723754883e-01 6.212437152862548828e-01 2.988760769367218018e-01 -3.108744323253631592e-01 1.961421817541122437e-01 -1.193391606211662292e-01 -1.764008700847625732e-01 5.142261385917663574e-01 2.238424271345138550e-01 1.519277095794677734e-01 2.557843625545501709e-01 -2.977578938007354736e-01 -4.467118978500366211e-01 7.879342138767242432e-02 2.779474854469299316e-01 1.954287290573120117e-01 2.280447483062744141e-01 2.145193070173263550e-01 1.824270188808441162e-01 6.217588484287261963e-02 -6.681925058364868164e-02 -8.037956804037094116e-02 5.878524854779243469e-02 4.711843132972717285e-01 -1.235933780670166016e+00 -9.560158848762512207e-02 6.941635906696319580e-02 3.445557951927185059e-01 -1.003299474716186523e+00 1.712832450866699219e-01 -1.876812279224395752e-01 3.598847389221191406e-01 1.608269512653350830e-01 3.526461124420166016e-01 -3.659355640411376953e-02 -6.177876889705657959e-02 4.188079237937927246e-01 -5.041229128837585449e-01 -5.971887111663818359e-01 -1.792167425155639648e-01 -4.167834818363189697e-01 2.157532125711441040e-01 -3.631185367703437805e-02 -3.917995691299438477e-01 8.604284375905990601e-02 -2.810482978820800781e-01 1.683924347162246704e-01 1.939063221216201782e-01 -9.486944973468780518e-02 -6.936885118484497070e-01 4.405995309352874756e-01 -4.883383512496948242e-01 8.349709510803222656e-01 5.541684627532958984e-01 -8.540393114089965820e-01 -3.108056187629699707e-01 4.325461089611053467e-01 -7.531743049621582031e-01 9.857697486877441406e-01 -1.044414192438125610e-01 1.582064330577850342e-01 -5.349206924438476562e-02 -2.884984910488128662e-01 8.233042061328887939e-02 4.877923429012298584e-02 -6.921990960836410522e-02 1.268717795610427856e-01 -5.470885038375854492e-01 4.141622185707092285e-01 2.076071649789810181e-01 2.384176254272460938e-01 3.143281042575836182e-01 5.333162471652030945e-02 1.889621838927268982e-02 2.599990963935852051e-01 -5.091700553894042969e-01 -1.573067009449005127e-01 1.998673975467681885e-01 -9.286925196647644043e-02 2.867261171340942383e-01 3.113437891006469727e-01 7.589743137359619141e-01 9.772484749555587769e-02 -7.056948542594909668e-01 -3.702093362808227539e-01 -2.136248648166656494e-01 7.165138423442840576e-02 4.236424565315246582e-01 9.525955468416213989e-02 -1.886917203664779663e-01 1.358039528131484985e-01 1.356522440910339355e-01 -2.859047055244445801e-01 2.524786889553070068e-01 -1.172559186816215515e-01 -6.519375443458557129e-01 -2.295377254486083984e-01 -1.910500824451446533e-01 4.310981631278991699e-01 -9.689372777938842773e-02 1.866827160120010376e-01 -1.631092429161071777e-01 -6.369367241859436035e-01 -5.466985702514648438e-01 -2.317077815532684326e-01 2.269999682903289795e-01 -8.071432262659072876e-02 3.082806468009948730e-01 -4.785489737987518311e-01 -4.178607761859893799e-01 4.453032016754150391e-01 2.929113507270812988e-01 -2.648838460445404053e-01 5.950267910957336426e-01 1.564827114343643188e-01 -4.612658023834228516e-01 1.208486407995223999e-01 -3.704372942447662354e-01 2.350254543125629425e-02 2.759031653404235840e-01 -3.014149963855743408e-01 -2.022250890731811523e-01 -1.075821518898010254e-01 -3.412484228610992432e-01 -3.911420106887817383e-01 3.068622648715972900e-01 5.134598612785339355e-01 3.005645424127578735e-02 2.447057962417602539e-01 -1.155166923999786377e-01 4.184058308601379395e-01 7.928267121315002441e-02 3.889310061931610107e-01 -7.392506003379821777e-01 3.346653878688812256e-01 5.105923116207122803e-02 9.512063115835189819e-02 1.624609977006912231e-01 -2.514383792877197266e-01 1.294148564338684082e-01 -8.770782351493835449e-01 4.156909137964248657e-02 -1.359141469001770020e-01 -4.909764826297760010e-01 1.988578587770462036e-01 2.274030894041061401e-01 1.350353062152862549e-01 -1.129473805427551270e+00 -1.620945781469345093e-01 4.823665022850036621e-01 1.623070985078811646e-01 1.152644157409667969e-01 1.674261242151260376e-01 2.224317789077758789e-01 -6.476410031318664551e-01 -5.973135679960250854e-02 1.192721724510192871e-01 4.188167452812194824e-01 2.074569910764694214e-01 9.222388267517089844e-02 -3.272455036640167236e-01 7.800538092851638794e-02 1.801965236663818359e-01 3.835408985614776611e-01 1.763741075992584229e-01 -2.905802428722381592e-01 1.562198996543884277e-01 8.396099805831909180e-01 -2.328145205974578857e-01 2.085930109024047852e-01 3.218944668769836426e-01 -2.583925724029541016e-01 -8.566746860742568970e-02 1.247297227382659912e-01 -9.546615928411483765e-02 -6.793094873428344727e-01 1.831880509853363037e-01 4.546438455581665039e-01 1.374228745698928833e-01 1.317798644304275513e-01 1.928535290062427521e-02 -7.217028737068176270e-02 2.035995125770568848e-01 1.103044152259826660e-01 3.176156431436538696e-02 3.578953146934509277e-01 -1.651112139225006104e-01 -4.486885666847229004e-02 5.261293053627014160e-02 -6.624192595481872559e-01 5.302101373672485352e-01 2.947158515453338623e-01 2.270511388778686523e-01 -3.396878242492675781e-01 -6.101936697959899902e-01 -2.111968547105789185e-01 -3.510335087776184082e-02 2.213932126760482788e-01 -2.785721719264984131e-01 -3.004869818687438965e-02 4.212131500244140625e-01 -8.165948092937469482e-02 -2.723187804222106934e-01 -5.068948864936828613e-01 1.709260940551757812e-01 -7.895824313163757324e-02 5.562251806259155273e-02 2.183588743209838867e-01 3.844024986028671265e-02 1.665214151144027710e-01 7.683278918266296387e-01 4.061466455459594727e-01 3.781406879425048828e-01 -3.628092408180236816e-01 1.533308476209640503e-01 -5.560484901070594788e-02 6.267318129539489746e-02 -1.533258110284805298e-01 2.839455008506774902e-01 4.493106007575988770e-01 -3.054354488849639893e-01 8.061264455318450928e-02 -4.834290742874145508e-01 2.455702275037765503e-01 2.897115051746368408e-01 -1.177478581666946411e-02 3.077753186225891113e-01 -8.021809905767440796e-02 5.197749137878417969e-01 8.700487017631530762e-02 2.908924818038940430e-01 2.172240912914276123e-01 2.354161813855171204e-02 -4.013534486293792725e-01 1.939239054918289185e-01 2.139872610569000244e-01 2.438320219516754150e-01 -2.755918502807617188e-01 4.827779233455657959e-01 2.930526137351989746e-01 -3.902611136436462402e-02 7.080594301223754883e-01 -3.009004294872283936e-01 2.579931020736694336e-01 -3.977138400077819824e-01 -5.399795174598693848e-01 1.655846089124679565e-01 -4.067242145538330078e-02 -2.368147671222686768e-01 -6.450853347778320312e-01 2.303266376256942749e-01 5.937774479389190674e-02 -7.728657126426696777e-02 1.610600650310516357e-01 -6.323537826538085938e-01 1.889961659908294678e-01 3.462807834148406982e-02 -2.011229097843170166e-01 -6.095552444458007812e-01 -1.359661519527435303e-01 2.661814168095588684e-02 6.612012386322021484e-01 -1.473923921585083008e-01 5.005573034286499023e-01 7.308989763259887695e-01 -6.700283288955688477e-02 -3.769367039203643799e-01 -1.504357159137725830e-01 -2.169344127178192139e-01 4.196734130382537842e-01 1.895349770784378052e-01 3.976313769817352295e-01 -1.780736893415451050e-01 -1.342118680477142334e-01 4.737995862960815430e-01 8.757074475288391113e-01 -1.431906372308731079e-01 -4.156569242477416992e-01 -2.055330723524093628e-01 2.455100715160369873e-01 -1.255496293306350708e-01 4.432159066200256348e-01 4.738190397620201111e-02 -4.952134788036346436e-01 -3.849010765552520752e-01 -2.906235754489898682e-01 2.647595405578613281e-01 -7.842433452606201172e-01 -1.492826268076896667e-02 -3.527446985244750977e-01 7.690459489822387695e-02 -2.208818681538105011e-03 -5.085825175046920776e-02 4.844387173652648926e-01 4.796226620674133301e-01 -9.238908439874649048e-02 -1.081100180745124817e-01 -2.315659075975418091e-01 -3.792606592178344727e-01 -6.269733309745788574e-01 -3.849025666713714600e-01 -2.838405370712280273e-01 4.045715630054473877e-01 -6.787473708391189575e-02 3.726391494274139404e-01 -1.637877821922302246e-01 -3.036268651485443115e-01 3.525744378566741943e-01 -6.203378736972808838e-02 8.366865105926990509e-03 2.936267256736755371e-01 2.794669568538665771e-01 -2.746248617768287659e-02 -9.700030088424682617e-03 -3.552511632442474365e-01 -1.053769588470458984e+00 1.608006507158279419e-01 2.899514734745025635e-01 2.109513878822326660e-01 -1.212065853178501129e-02 2.207058817148208618e-01 3.491791486740112305e-01 2.720488905906677246e-01 1.030377000570297241e-01 1.881430894136428833e-01 1.460703164339065552e-01 4.123912453651428223e-01 5.787732005119323730e-01 1.137304119765758514e-02 6.331075727939605713e-02 4.615219235420227051e-01 2.808858267962932587e-02 8.311764001846313477e-01 -3.390985429286956787e-01 2.828665673732757568e-01 5.151404142379760742e-01 -1.444431692361831665e-01 2.947995811700820923e-02 4.351116716861724854e-02 3.164484500885009766e-01 8.006693795323371887e-03 1.160955615341663361e-02 -5.944030880928039551e-01 2.159186899662017822e-01 -5.606836676597595215e-01 1.974004507064819336e-01 -1.226992458105087280e-01 1.263884156942367554e-01 -7.818497717380523682e-02 -1.563007682561874390e-01 -6.345326900482177734e-01 -1.310857087373733521e-01 5.380311608314514160e-01 -1.111773550510406494e-01 1.291292905807495117e-01 -3.370675742626190186e-01 -2.673746831715106964e-02 -4.625804126262664795e-01 6.102436780929565430e-01 -9.395461529493331909e-03 6.083290576934814453e-01 -6.498893499374389648e-01 1.135953068733215332e-01 5.898100137710571289e-01 -1.741943657398223877e-01 -2.847404181957244873e-01 3.688543140888214111e-01 3.004940152168273926e-01 -4.386056363582611084e-01 8.420767635107040405e-02 -3.192213922739028931e-02 1.512770354747772217e-01 -2.113177478313446045e-01 -2.520522847771644592e-02 -2.142157554626464844e-01 5.257602930068969727e-01 2.321545481681823730e-01 -2.020626515150070190e-02 -5.816843733191490173e-02 -1.629655510187149048e-01 9.896709769964218140e-02 2.925387620925903320e-01 2.656001150608062744e-01 2.807902395725250244e-01 7.778081297874450684e-02 1.675116419792175293e-01 4.259617924690246582e-01 -3.914786502718925476e-03 7.005876302719116211e-02 -1.193294823169708252e-01 3.238269686698913574e-01 4.548815488815307617e-01 2.545314729213714600e-01 -8.655340224504470825e-02 2.877250313758850098e-02 7.483654618263244629e-01 1.532651484012603760e-01 -1.056263744831085205e-01 -1.425088196992874146e-01 3.677184283733367920e-01 -4.452224373817443848e-01 -6.967834383249282837e-02 -1.767595484852790833e-02 -1.287423074245452881e-01 9.864245355129241943e-02 2.441343665122985840e-01 4.017336666584014893e-02 3.795761764049530029e-01 1.447198987007141113e-01 -1.332784891128540039e-01 -8.008118271827697754e-01 -1.138850212097167969e+00 4.263019561767578125e-02 -9.658440351486206055e-01 -4.725473225116729736e-01 -1.512705087661743164e+00 -1.532825082540512085e-01 1.394576579332351685e-01 2.783064357936382294e-02 3.869765251874923706e-02 -1.059578895568847656e+00 -1.967602372169494629e-01 1.140867732465267181e-02 -1.335683465003967285e-01 5.048602074384689331e-02 6.311966478824615479e-02 -2.578807771205902100e-01 -1.162045896053314209e-01 3.012746870517730713e-01 -2.087082266807556152e-01 -7.945852279663085938e-01 -6.089012324810028076e-02 3.001480102539062500e-01 -7.907561659812927246e-01 -3.719697892665863037e-02 -9.244619011878967285e-01 -7.198668718338012695e-01 -7.028187066316604614e-02 -3.209743276238441467e-02 8.023265004158020020e-02 5.636585354804992676e-01 -2.574416100978851318e-01 -4.393030703067779541e-01 -1.883703023195266724e-01 -1.055722162127494812e-01 -5.264181643724441528e-02 -2.314502000808715820e-01 3.000707626342773438e-01 -7.175248116254806519e-03 -5.068524926900863647e-02 1.268593519926071167e-01 -9.411703050136566162e-02 -5.347922444343566895e-01 -7.068290114402770996e-01 2.326276153326034546e-01 5.644714236259460449e-01 4.253958165645599365e-01 4.671067744493484497e-02 2.641392350196838379e-01 1.042990013957023621e-01 6.740784049034118652e-01 -1.095290303230285645e+00 -6.013178452849388123e-02 7.674135267734527588e-02 -4.724943339824676514e-01 -3.400537371635437012e-01 -6.394337415695190430e-01 -3.490649908781051636e-02 3.542865440249443054e-02 6.664367914199829102e-01 -1.678158342838287354e-01 4.119309186935424805e-01 -7.117774337530136108e-02 -1.097799062728881836e+00 -1.258182525634765625e-01 3.033334761857986450e-02 4.766492843627929688e-01 1.581661850214004517e-01 2.919986248016357422e-01 -2.213630676269531250e-01 -1.712259411811828613e+00 -4.273052811622619629e-01 1.354078501462936401e-01 9.098733961582183838e-02 1.155164539813995361e-01 3.799506127834320068e-01 2.620673477649688721e-01 4.658692777156829834e-01 4.276788979768753052e-02 3.290169835090637207e-01 -2.127508819103240967e-01 8.429174870252609253e-02 4.065341949462890625e-01 -1.383863538503646851e-01 -9.875607490539550781e-02 -2.745689153671264648e-01 7.298872619867324829e-02 -3.590361773967742920e-01 9.828029200434684753e-03 4.067402482032775879e-01 8.588954061269760132e-02 2.789098620414733887e-01 -2.710888385772705078e-01 2.263149172067642212e-01 -1.250083297491073608e-01 -4.221507906913757324e-01 1.623333692550659180e-01 -2.690697014331817627e-01 2.930822595953941345e-02 -2.356342040002346039e-02 -7.306281328201293945e-01 1.458035707473754883e-01 -3.066639900207519531e-01 -7.912756800651550293e-01 1.071935743093490601e-01 -1.158347129821777344e+00 -5.479223728179931641e-01 3.523152321577072144e-02 -2.101804595440626144e-03 -6.329959034919738770e-01 4.422195628285408020e-02 -3.380734324455261230e-01 6.817562878131866455e-02 -6.533345580101013184e-01 3.619621992111206055e-01 -3.950151801109313965e-01 6.133166551589965820e-01 4.835003912448883057e-01 -3.065118007361888885e-02 -2.033386230468750000e-01 -9.785580635070800781e-02 3.049466945230960846e-02 4.654255509376525879e-01 1.537838578224182129e-02 -1.516004651784896851e-02 -1.238346248865127563e-01 -2.110943794250488281e-01 5.113301873207092285e-01 4.235523752868175507e-03 1.481823027133941650e-01 -2.353973388671875000e-01 -1.348697245121002197e-01 -5.331256985664367676e-01 2.119279205799102783e-01 4.839031696319580078e-01 2.733347415924072266e-01 2.648486010730266571e-02 4.876782298088073730e-01 -4.468464255332946777e-01 -6.323337554931640625e-01 -4.116534888744354248e-01 2.994226515293121338e-01 2.626388370990753174e-01 2.390802800655364990e-01 -2.326629459857940674e-01 -5.892239511013031006e-02 6.814028322696685791e-02 4.023198783397674561e-01 -3.452148288488388062e-02 -3.437986075878143311e-01 7.690435647964477539e-02 -2.164413630962371826e-01 -1.361409425735473633e-01 6.561364233493804932e-02 -1.411002129316329956e-02 2.241300940513610840e-01 -1.597646921873092651e-01 3.620080649852752686e-03 3.573095500469207764e-01 -1.710973381996154785e-01 3.611843287944793701e-02 -4.449557363986968994e-01 4.223428368568420410e-01 2.465830445289611816e-01 3.871660232543945312e-01 3.477926552295684814e-02 -2.314058542251586914e-01 2.496720105409622192e-01 -3.320862948894500732e-01 -6.127436757087707520e-01 -3.034828901290893555e-01 9.895674139261245728e-02 -1.937969774007797241e-02 8.103781938552856445e-02 2.438693344593048096e-01 4.266145229339599609e-01 9.903791546821594238e-02 2.300039380788803101e-01 -2.772461175918579102e-01 -5.488482117652893066e-02 4.501267373561859131e-01 5.670605301856994629e-01 -1.315128244459629059e-02 5.297088623046875000e-01 3.465419113636016846e-01 2.308605164289474487e-01 9.078983217477798462e-02 -1.291167922317981720e-03 -2.219675481319427490e-01 6.221647262573242188e-01 -2.638502717018127441e-01 -1.005438342690467834e-01 1.301500350236892700e-01 -2.886149100959300995e-02 -8.714084625244140625e-01 4.026364982128143311e-01 5.959967970848083496e-01 -1.448212116956710815e-01 -9.958281368017196655e-02 -9.389370679855346680e-01 -2.786153927445411682e-02 -2.878475189208984375e-01 6.005094647407531738e-01 2.804139852523803711e-01 1.579253524541854858e-01 -2.886906638741493225e-02 1.842875331640243530e-01 -1.822237968444824219e-01 3.652766346931457520e-01 2.176453620195388794e-01 2.317215651273727417e-01 2.696118056774139404e-01 2.621358036994934082e-01 6.887169480323791504e-01 -8.571463078260421753e-02 -6.238868832588195801e-01 8.667958900332450867e-04 5.279436707496643066e-02 -6.815923452377319336e-01 3.389447927474975586e-02 1.670738309621810913e-01 1.313151121139526367e-01 4.814446568489074707e-01 -2.421286553144454956e-01 2.079531252384185791e-01 3.918089717626571655e-02 3.867402672767639160e-01 -2.362567037343978882e-01 -5.887199640274047852e-01 1.777540296316146851e-01 7.099588513374328613e-01 2.478657960891723633e-01 1.130770444869995117e-01 1.790991611778736115e-02 -8.200669288635253906e-02 3.302477002143859863e-01 5.947019159793853760e-02 -6.140878796577453613e-02 3.460415601730346680e-01 -3.085164427757263184e-01 -3.117578104138374329e-02 7.378323376178741455e-02 2.524907290935516357e-01 -2.628588974475860596e-01 1.435063779354095459e-01 1.197333782911300659e-01 2.958271205425262451e-01 -1.631054580211639404e-01 2.613648772239685059e-01 7.827813029289245605e-01 -2.060784548521041870e-01 5.125262141227722168e-01 -9.116433262825012207e-01 -4.033287987112998962e-02 3.163601160049438477e-01 -3.939334750175476074e-01 1.437883824110031128e-01 6.823488473892211914e-01 3.212036788463592529e-01 -1.592041691765189171e-03 7.472069468349218369e-03 -1.897088289260864258e-01 1.343207210302352905e-01 -2.118840813636779785e-01 1.702924966812133789e-01 1.900269687175750732e-01 3.195823729038238525e-01 1.551630049943923950e-01 1.181430369615554810e-01 1.822966933250427246e-01 6.406699120998382568e-02 2.179142683744430542e-01 1.616338789463043213e-01 -2.652649283409118652e-01 3.258973360061645508e-01 2.235759198665618896e-01 -2.594281733036041260e-01 1.179975867271423340e-01 -3.202722370624542236e-01 2.106852829456329346e-01 -4.046489000320434570e-01 -2.257351428270339966e-01 3.023538291454315186e-01 2.709781229496002197e-01 1.608508825302124023e-01 -1.032234430313110352e+00 -2.733525261282920837e-02 3.496970981359481812e-02 9.742691181600093842e-03 2.924519479274749756e-01 -2.604914605617523193e-01 1.410576105117797852e-01 4.372859597206115723e-01 -2.772415876388549805e-01 -4.703021794557571411e-02 -7.531890273094177246e-01 2.778476178646087646e-01 5.083903670310974121e-04 1.261864751577377319e-01 6.110734120011329651e-02 1.112380176782608032e-01 -4.562040269374847412e-01 4.550283551216125488e-01 -1.090974826365709305e-02 -4.479401707649230957e-01 -2.258175238966941833e-02 4.469587802886962891e-01 1.072726100683212280e-01 3.613464236259460449e-01 4.733033776283264160e-01 -4.158005118370056152e-02 6.321548018604516983e-03 -1.313926279544830322e-01 4.412141144275665283e-01 2.062218487262725830e-01 -9.324391186237335205e-02 4.227752983570098877e-02 1.966762542724609375e-01 -5.373490974307060242e-03 3.461064696311950684e-01 -5.977374911308288574e-01 -2.619614303112030029e-01 1.885575652122497559e-01 1.653655022382736206e-01 1.198078021407127380e-01 2.874996066093444824e-01 -1.486752629280090332e-01 5.957825183868408203e-01 -9.707285463809967041e-02 2.286804839968681335e-03 5.604954361915588379e-01 -4.783843457698822021e-01 2.854983508586883545e-01 2.055506408214569092e-01 4.593089222908020020e-01 6.659120321273803711e-02 -4.170687794685363770e-01 -1.825638674199581146e-02 3.462922573089599609e-02 1.630973070859909058e-01 5.895002484321594238e-01 9.925966709852218628e-02 3.792330622673034668e-01 5.324786305427551270e-01 -1.682756692171096802e-01 -7.955375313758850098e-01 -4.927621185779571533e-01 3.520481586456298828e-01 -6.717806309461593628e-02 1.350381970405578613e-01 -4.373041093349456787e-01 -9.447484463453292847e-02 3.478460907936096191e-01 -1.120762825012207031e+00 -7.596619427204132080e-02 -2.899608574807643890e-02 9.793536365032196045e-02 -7.198491692543029785e-02 1.287146508693695068e-01 -1.159821599721908569e-01 1.584127992391586304e-01 3.049890398979187012e-01 2.263551950454711914e-01 4.045391976833343506e-01 1.400715559720993042e-01 -1.251270771026611328e-01 -7.166019678115844727e-01 3.587622344493865967e-01 -3.514249250292778015e-02 1.288410574197769165e-01 -1.299990713596343994e-02 -1.374694555997848511e-01 7.547891885042190552e-02 -1.487563550472259521e-01 2.021263539791107178e-01 7.886632680892944336e-01 2.035992890596389771e-01 3.232144415378570557e-01 1.788841485977172852e-01 1.000295430421829224e-01 -4.699580371379852295e-01 2.095668762922286987e-02 -8.156355470418930054e-02 -2.322413176298141479e-01 4.631502926349639893e-01 1.433288753032684326e-01 1.557450890541076660e-01 -2.354939281940460205e-01 1.917166635394096375e-02 7.561761885881423950e-02 2.145426720380783081e-01 -6.033592224121093750e-01 3.826954960823059082e-02 4.457999169826507568e-01 -3.262622952461242676e-01 -1.037463322281837463e-01 6.013402342796325684e-01 3.378228545188903809e-01 -3.201253116130828857e-01 2.261323630809783936e-01 7.552736252546310425e-02 -3.689984381198883057e-01 -8.737195283174514771e-02 -3.720782697200775146e-01 5.949198007583618164e-01 -3.307282179594039917e-02 -1.852962374687194824e-01 1.383371651172637939e-03 7.207679748535156250e-02 -2.060152888298034668e-01 2.120478749275207520e-01 -1.014299318194389343e-01 -4.222995638847351074e-01 -2.138871699571609497e-01 -2.290689945220947266e-01 3.898157179355621338e-02 2.851152122020721436e-01 1.471623405814170837e-02 -4.058146774768829346e-01 4.944811761379241943e-01 3.845978528261184692e-03 5.460597202181816101e-02 -1.282434165477752686e-01 1.654082834720611572e-01 2.369832694530487061e-01 3.448793292045593262e-02 4.563804566860198975e-01 -9.700902104377746582e-01 -1.272197365760803223e-01 5.112727172672748566e-03 1.716440543532371521e-02 -2.150251269340515137e-01 -6.930366158485412598e-02 -1.524697989225387573e-01 1.485387384891510010e-01 -3.658654689788818359e-01 -3.384010791778564453e-01 -1.526746004819869995e-01 -1.084996014833450317e-01 -4.785423167049884796e-03 -3.127714395523071289e-01 4.281561672687530518e-01 4.308899343013763428e-01 4.998955726623535156e-01 -3.320130333304405212e-02 1.797173321247100830e-01 1.602208763360977173e-01 -3.343417495489120483e-02 1.664410680532455444e-01 1.539139449596405029e-01 -2.147388905286788940e-01 -1.196125507354736328e+00 -7.806280851364135742e-01 -6.438483297824859619e-02 3.734008967876434326e-01 -6.073701977729797363e-01 -3.574109971523284912e-01 1.262730062007904053e-01 -1.004811450839042664e-01 1.159560978412628174e-01 2.343950122594833374e-01 2.816459536552429199e-01 -3.444589078426361084e-01 1.688010692596435547e-01 -6.633940339088439941e-02 1.730858534574508667e-01 5.492004156112670898e-01 -1.147449947893619537e-02 -3.403588533401489258e-01 -1.684781908988952637e-01 4.346999526023864746e-01 1.798455417156219482e-01 6.328341364860534668e-01 -9.027437120676040649e-02 -2.241325825452804565e-01 2.048594951629638672e-01 -7.083046436309814453e-01 -1.222534775733947754e-01 -7.743764668703079224e-03 8.249475061893463135e-02 -5.061796903610229492e-01 2.650528252124786377e-01 3.070521950721740723e-01 -5.692554712295532227e-01 -1.550039350986480713e-01 -6.526355743408203125e-01 1.711499318480491638e-02 3.600519597530364990e-01 -3.490589261054992676e-01 -2.909521572291851044e-02 2.769685089588165283e-01 -3.501642644405364990e-01 -1.395144611597061157e-01 -8.018896728754043579e-02 7.740135490894317627e-02 1.974117308855056763e-01 1.029683351516723633e-01 -5.819516777992248535e-01 -2.167250066995620728e-01 1.339854896068572998e-01 -2.834184654057025909e-02 -3.820726275444030762e-01 -2.927389144897460938e-01 1.207350045442581177e-01 -7.981562018394470215e-01 -2.845298051834106445e-01 2.940939962863922119e-01 3.004517555236816406e-01 -1.498006284236907959e-02 2.082889229059219360e-01 2.419927567243576050e-01 1.812110692262649536e-01 4.640856087207794189e-01 3.803775906562805176e-01 1.562170833349227905e-01 3.377149999141693115e-01 -3.839102759957313538e-02 -1.399048089981079102e+00 -1.513631194829940796e-01 -3.590108454227447510e-01 -2.027568817138671875e-01 1.061237454414367676e-01 2.039189785718917847e-01 1.969657242298126221e-01 -3.915979266166687012e-01 -2.474381029605865479e-01 1.681074947118759155e-01 -1.595981866121292114e-01 -3.871365189552307129e-01 -2.564816474914550781e-01 1.804043306037783623e-03 -2.954956591129302979e-01 9.879885613918304443e-02 -6.756771355867385864e-02 -4.679832756519317627e-01 -1.312533579766750336e-02 -1.716913282871246338e-01 6.159439682960510254e-01 -2.407122254371643066e-01 3.431735038757324219e-01 -3.295977711677551270e-01 8.005546778440475464e-02 3.213693201541900635e-01 -9.942638278007507324e-01 3.918258249759674072e-01 -2.677873075008392334e-01 4.034069180488586426e-01 -1.649199128150939941e-01 4.037481248378753662e-01 -5.825817212462425232e-02 -9.174171090126037598e-02 -2.267144620418548584e-01 2.946130037307739258e-01 -4.762786999344825745e-02 1.245214343070983887e-01 3.695465326309204102e-01 5.298557281494140625e-01 4.917621016502380371e-01 -2.660419046878814697e-01 -5.023644566535949707e-01 -5.389152765274047852e-01 2.533683776855468750e-01 7.228416204452514648e-02 3.078369498252868652e-01 6.413314491510391235e-02 1.343113481998443604e-01 1.347595751285552979e-01 2.016911804676055908e-01 3.383161425590515137e-01 1.308028586208820343e-02 -3.934792876243591309e-01 -1.809544116258621216e-01 2.040774375200271606e-01 -7.815951853990554810e-02 1.677353978157043457e-01 8.544692397117614746e-02 6.500471830368041992e-01 3.435159325599670410e-01 -1.453839242458343506e-01 1.013228744268417358e-01 3.527879714965820312e-01 -2.658674120903015137e-01 -1.922159343957901001e-01 3.732748329639434814e-01 1.410944312810897827e-01 -1.411279439926147461e-01 -3.052800297737121582e-01 4.578843116760253906e-01 -2.981853112578392029e-02 -2.421533018350601196e-01 -1.856079995632171631e-01 -4.544299244880676270e-01 -1.174623891711235046e-01 2.355650365352630615e-01 -5.337687730789184570e-01 -6.538487225770950317e-02 -3.967601954936981201e-01 -9.454389661550521851e-02 1.011243164539337158e-01 -2.001905292272567749e-01 1.186131089925765991e-01 5.154141783714294434e-01 4.935537278652191162e-02 1.496649999171495438e-02 2.842259109020233154e-01 1.545392274856567383e-01 1.389269530773162842e-01 -2.717388272285461426e-01 4.630923867225646973e-01 5.524396896362304688e-01 1.041790693998336792e-01 1.962775588035583496e-01 -2.330239415168762207e-01 -3.064736723899841309e-01 -1.031658500432968140e-01 4.732494056224822998e-01 -3.849913179874420166e-01 2.774778902530670166e-01 9.632328525185585022e-03 -5.415504574775695801e-01 3.099193274974822998e-01 3.040511310100555420e-01 -4.461474120616912842e-01 3.614660203456878662e-01 7.351209521293640137e-01 4.576159417629241943e-01 1.827587932348251343e-01 1.061746954917907715e+00 2.053176015615463257e-01 1.702487654983997345e-02 -2.591677904129028320e-01 3.477897346019744873e-01 1.963955760002136230e-01 -6.416470408439636230e-01 -5.182668566703796387e-01 1.978359818458557129e-01 -3.131128251552581787e-01 8.581281453371047974e-02 2.319859862327575684e-01 7.363404333591461182e-02 -1.963461041450500488e-01 5.137870311737060547e-01 1.334879361093044281e-02 -1.051195502281188965e+00 -4.734477102756500244e-01 5.372923612594604492e-01 3.360310196876525879e-01 1.651543676853179932e-01 -6.964398175477981567e-02 2.429425716400146484e-01 4.421716332435607910e-01 5.365796387195587158e-02 -2.418216615915298462e-01 1.863392889499664307e-01 4.112579822540283203e-01 -3.606715500354766846e-01 1.262703351676464081e-02 1.752413064241409302e-02 6.544870734214782715e-01 -9.450279176235198975e-02 -3.205398470163345337e-02 2.553512156009674072e-01 1.000569015741348267e-02 -1.176713593304157257e-02 1.500754952430725098e-01 -3.697088956832885742e-01 -6.201534867286682129e-01 7.659937143325805664e-01 -6.629922240972518921e-02 1.634643077850341797e-01 3.492771089076995850e-01 6.431110203266143799e-03 3.541512787342071533e-01 -9.477587938308715820e-01 -4.914380013942718506e-01 1.577531397342681885e-01 6.227570176124572754e-01 1.937753520905971527e-02 -3.942186832427978516e-01 -4.527649283409118652e-02 -7.686794549226760864e-02 -1.592869870364665985e-03 -6.727298498153686523e-01 7.417543977499008179e-02 2.592767179012298584e-01 -1.753472536802291870e-01 -1.175499260425567627e-01 -1.660385876893997192e-01 -5.059003233909606934e-01 3.021978139877319336e-01 3.192924857139587402e-01 2.365053296089172363e-01 3.831458389759063721e-01 4.750019311904907227e-01 -3.588592410087585449e-01 -4.326967298984527588e-01 2.962181568145751953e-01 1.978585273027420044e-01 5.802114605903625488e-01 3.407256007194519043e-01 7.222474217414855957e-01 -1.906030923128128052e-01 -3.117195963859558105e-01 3.712894022464752197e-02 -2.833165526390075684e-01 -4.761748015880584717e-01 6.400620937347412109e-01 7.895519584417343140e-02 -5.184676647186279297e-01 -2.159646898508071899e-01 -8.438993096351623535e-01 9.080196171998977661e-02 1.185657642781734467e-02 -3.933184314519166946e-03 6.101336330175399780e-02 1.232176125049591064e-01 -4.301020801067352295e-01 1.135289371013641357e-01 -7.790120244026184082e-01 -1.216699928045272827e-01 3.229014575481414795e-02 3.125077188014984131e-01 -7.446543574333190918e-01 -3.597382903099060059e-01 -8.522220700979232788e-02 4.442025125026702881e-01 -4.140437543392181396e-01 6.289258003234863281e-01 9.664048440754413605e-03 2.198866158723831177e-01 3.940790891647338867e-01 1.865021586418151855e-01 -4.530227482318878174e-01 1.334149092435836792e-01 7.640827447175979614e-02 1.985323429107666016e-01 1.837535500526428223e-01 -3.955644369125366211e-01 -1.634923368692398071e-01 2.229929715394973755e-01 8.634754270315170288e-02 -7.396724820137023926e-02 -2.498472034931182861e-01 6.197179108858108521e-02 1.720201522111892700e-01 1.105253398418426514e-01 2.059001773595809937e-01 9.752660244703292847e-02 -2.326741069555282593e-01 -3.519097268581390381e-01 2.911322712898254395e-01 -6.552716493606567383e-01 1.764180660247802734e-01 3.059037029743194580e-01 1.313945055007934570e-01 -3.519670963287353516e-01 -8.718149363994598389e-02 1.395600736141204834e-01 1.286465972661972046e-01 7.308404892683029175e-02 2.115534096956253052e-01 -3.531183004379272461e-01 -3.707506358623504639e-01 4.913359880447387695e-01 -5.986416935920715332e-01 -3.372512012720108032e-02 5.846508219838142395e-02 -5.184334889054298401e-02 -1.288198381662368774e-01 3.029111921787261963e-01 3.512783944606781006e-01 2.984906136989593506e-01 6.677394360303878784e-02 3.881216049194335938e-01 2.939192056655883789e-01 2.736833691596984863e-01 2.575291991233825684e-01 5.711733698844909668e-01 3.554104566574096680e-01 9.118257462978363037e-02 -5.001735687255859375e-02 3.725613951683044434e-01 -7.770843058824539185e-02 -2.029897868633270264e-01 -3.051571547985076904e-01 -2.122775018215179443e-01 3.519187867641448975e-01 -8.860019594430923462e-02 -6.226577609777450562e-02 -2.656434848904609680e-02 6.387184262275695801e-01 -3.276221454143524170e-01 2.331289350986480713e-01 8.777379989624023438e-02 3.872841596603393555e-01 -5.116529464721679688e-01 7.991371676325798035e-03 -2.022685706615447998e-01 -5.511416196823120117e-01 -2.173837572336196899e-01 1.737708300352096558e-01 2.973598539829254150e-01 -1.013903915882110596e-01 -9.652999788522720337e-02 -2.354756295680999756e-01 -1.392247974872589111e-01 -1.233157753944396973e+00 1.243667602539062500e-01 -6.488788127899169922e-01 5.709665417671203613e-01 6.250601410865783691e-01 3.300556242465972900e-01 2.770031690597534180e-01 -9.183266758918762207e-02 -9.189043939113616943e-02 -4.284048378467559814e-01 -1.710771769285202026e-01 4.772749841213226318e-01 4.493056982755661011e-02 4.936593398451805115e-02 -5.291631817817687988e-01 -1.978125870227813721e-01 3.043931424617767334e-01 4.986149668693542480e-01 1.292116940021514893e-01 -8.689356446266174316e-01 1.586741358041763306e-01 -8.330292254686355591e-02 2.182237654924392700e-01 -5.149634480476379395e-01 5.984468460083007812e-01 1.078886911273002625e-02 -1.405811309814453125e-02 5.191842317581176758e-01 5.405721068382263184e-01 -2.518821880221366882e-02 -1.687401235103607178e-01 8.746395111083984375e-01 -5.836329460144042969e-01 -2.907397449016571045e-01 6.812135577201843262e-01 8.716305345296859741e-02 -2.380955517292022705e-01 3.820912241935729980e-01 3.916906416416168213e-01 -1.006345301866531372e-01 9.450859576463699341e-02 -4.547419399023056030e-02 1.100685298442840576e-01 9.651361405849456787e-02 -1.584254801273345947e-01 -4.378964900970458984e-01 1.611188650131225586e-01 2.581287920475006104e-01 -3.304877579212188721e-01 -3.831903915852308273e-03 2.728504240512847900e-01 3.258455693721771240e-01 -2.293952181935310364e-02 4.831598699092864990e-02 4.313613474369049072e-02 -7.369105219841003418e-01 1.429427117109298706e-01 1.488183885812759399e-01 -2.558252215385437012e-01 1.003170534968376160e-01 1.675285995006561279e-01 9.445870667695999146e-02 1.572909653186798096e-01 3.828089237213134766e-01 -7.402788400650024414e-01 7.531486749649047852e-01 1.514367759227752686e-03 4.625315666198730469e-01 4.183968603610992432e-01 4.242230057716369629e-01 -7.371424436569213867e-01 -3.185071349143981934e-01 2.768578827381134033e-01 6.390183568000793457e-01 -1.087980791926383972e-01 4.948940873146057129e-01 -1.391393244266510010e-01 -2.526969462633132935e-02 -1.892647445201873779e-01 2.175330370664596558e-01 -9.609016031026840210e-02 -1.618099808692932129e-01 5.609426498413085938e-01 -9.744814038276672363e-02 4.887218773365020752e-02 3.269183337688446045e-01 4.174145758152008057e-01 2.355188876390457153e-01 1.364008802920579910e-02 2.700286507606506348e-01 -2.441606819629669189e-01 -1.306698620319366455e-01 -5.863728523254394531e-01 -1.404411196708679199e-01 -4.175848364830017090e-01 1.757251024246215820e-01 2.277489565312862396e-02 -4.202048182487487793e-01 5.989401042461395264e-02 -6.194123029708862305e-01 2.311548888683319092e-01 5.614481493830680847e-02 2.412066459655761719e-01 -1.844202280044555664e-01 1.618647426366806030e-01 1.722609102725982666e-01 -3.189070820808410645e-01 3.205767273902893066e-01 -2.025646418333053589e-01 -4.605857431888580322e-01 -4.089713096618652344e-01 4.801022112369537354e-01 2.651571482419967651e-02 9.466828405857086182e-02 2.602081298828125000e-01 2.236082106828689575e-01 -6.902044415473937988e-01 -3.030599057674407959e-01 4.124010205268859863e-01 -1.054930239915847778e-01 -4.795877933502197266e-01 -2.270146831870079041e-02 -1.282900273799896240e-01 1.348958611488342285e-01 1.732545047998428345e-01 3.990170657634735107e-01 5.241811871528625488e-01 3.887073993682861328e-01 3.324727714061737061e-02 3.797992765903472900e-01 4.154570698738098145e-01 2.049240320920944214e-01 3.077008128166198730e-01 4.887194186449050903e-02 7.075455784797668457e-02 -1.185621544718742371e-01 -5.340289697051048279e-02 -1.644209213554859161e-02 -8.901457488536834717e-02 1.315734535455703735e-01 -2.281199544668197632e-01 -2.140261679887771606e-01 1.721537709236145020e-01 1.908742189407348633e-01 1.894928514957427979e-02 -6.373648643493652344e-01 4.515045881271362305e-01 6.816006898880004883e-01 3.108208477497100830e-01 1.906532347202301025e-01 3.982183337211608887e-02 3.669523894786834717e-01 1.257573664188385010e-01 2.026876360177993774e-01 -2.315416187047958374e-01 9.015750139951705933e-02 1.073673889040946960e-01 2.879944145679473877e-01 4.967933297157287598e-01 1.497306972742080688e-01 3.307453989982604980e-01 -2.275267690420150757e-01 -4.128795862197875977e-01 2.209123224020004272e-01 2.739011645317077637e-01 2.770543396472930908e-01 7.202312350273132324e-02 3.716858327388763428e-01 -2.455253601074218750e-01 7.411350309848785400e-02 -1.240306019783020020e+00 -4.920310527086257935e-02 2.431704699993133545e-01 -8.266053199768066406e-01 4.271573722362518311e-01 2.412270754575729370e-01 2.850083708763122559e-01 1.828234195709228516e-01 -3.079581446945667267e-02 2.432588040828704834e-01 -3.302365168929100037e-02 -2.528217434883117676e-01 1.018127128481864929e-01 3.280827701091766357e-01 2.462075054645538330e-01 2.125398665666580200e-01 2.257415801286697388e-01 -1.764447987079620361e-01 -1.587485074996948242e-01 1.698265671730041504e-01 -3.349985778331756592e-01 5.017258226871490479e-02 7.256509363651275635e-02 -2.667638361454010010e-01 1.696856468915939331e-01 2.470988221466541290e-02 1.623480767011642456e-01 -2.350948303937911987e-01 3.664926290512084961e-01 -1.223365440964698792e-01 -6.595427989959716797e-01 1.490166187286376953e-01 -6.432886123657226562e-01 -6.684089303016662598e-01 4.054298251867294312e-02 -3.455708548426628113e-02 -3.467980399727821350e-02 -3.465700447559356689e-01 2.396069616079330444e-01 3.189035132527351379e-02 1.840418577194213867e-01 8.204971253871917725e-02 -2.229029536247253418e-01 2.609042823314666748e-01 2.260810434818267822e-01 -1.008960977196693420e-01 3.100727200508117676e-01 -2.445921748876571655e-01 -4.138084948062896729e-01 -6.249067559838294983e-02 6.156178191304206848e-02 3.168402314186096191e-01 2.367299348115921021e-01 3.032241463661193848e-01 1.725036948919296265e-01 -5.344301462173461914e-01 4.775545001029968262e-01 7.893932461738586426e-01 3.392640948295593262e-01 3.940009772777557373e-01 3.265991806983947754e-01 -1.168793961405754089e-01 -1.328187137842178345e-01 1.168820038437843323e-01 -3.892403542995452881e-01 1.170851290225982666e-01 3.992275595664978027e-01 1.470937579870223999e-01 1.760793328285217285e-01 3.258006274700164795e-01 5.088757872581481934e-01 -8.883196115493774414e-02 1.737759113311767578e-01 3.157550096511840820e-01 1.437950730323791504e-01 -4.272470995783805847e-02 3.427128493785858154e-01 7.378213107585906982e-03 -5.372144579887390137e-01 1.325958408415317535e-02 7.691293954849243164e-02 -5.550096035003662109e-01 -2.374648004770278931e-01 -9.263988584280014038e-02 -3.066559135913848877e-01 -4.388537406921386719e-01 3.566973209381103516e-01 -3.654992580413818359e-01 -1.100731194019317627e-01 3.690200448036193848e-01 1.526365578174591064e-01 2.277822196483612061e-01 1.610694229602813721e-01 -2.809534072875976562e-01 -6.911326050758361816e-01 4.943973720073699951e-01 5.200560092926025391e-01 -1.671312093734741211e+00 5.469733104109764099e-02 -5.079750716686248779e-02 -4.037888348102569580e-02 -1.844134330749511719e-01 2.342759668827056885e-01 -4.997484385967254639e-01 6.375893354415893555e-01 6.385986506938934326e-02 5.544990301132202148e-01 -1.482048034667968750e-01 4.106976985931396484e-01 1.246346309781074524e-01 -5.430569648742675781e-01 -5.166525840759277344e-01 1.515471935272216797e-01 2.349111437797546387e-01 1.518441885709762573e-01 4.284400492906570435e-04 -5.607681274414062500e-01 5.073093175888061523e-01 -1.422168612480163574e-01 1.563022732734680176e-01 -3.245922923088073730e-02 -5.400325730443000793e-02 -1.572946012020111084e-01 3.080206215381622314e-01 -1.385003179311752319e-01 9.646628051996231079e-02 -1.212897062301635742e+00 4.952206909656524658e-01 5.215069651603698730e-01 1.009507477283477783e-01 5.221835970878601074e-01 3.274120092391967773e-01 3.280764222145080566e-01 -5.938796997070312500e-01 3.481134474277496338e-01 -1.542991213500499725e-02 2.437682822346687317e-02 -6.905779242515563965e-01 3.194492459297180176e-01 1.601527035236358643e-01 -3.012552857398986816e-03 4.029211103916168213e-01 5.067610740661621094e-01 5.492756962776184082e-01 3.735173940658569336e-01 1.703301668167114258e-01 8.538819849491119385e-03 7.932096719741821289e-02 3.607611358165740967e-01 7.607638835906982422e-03 2.986982166767120361e-01 1.634034067392349243e-01 4.723591506481170654e-01 -1.955685168504714966e-01 -6.593176722526550293e-01 7.831536233425140381e-02 1.423860490322113037e-01 4.968692660331726074e-01 -2.228346914052963257e-01 -3.047134578227996826e-01 -6.342003345489501953e-01 7.874522358179092407e-02 -1.398237794637680054e-02 -1.230687797069549561e-01 2.397505193948745728e-01 2.342296391725540161e-01 2.072542309761047363e-01 -1.360329613089561462e-02 4.333432614803314209e-01 1.434343606233596802e-01 6.397548317909240723e-01 -1.213910222053527832e+00 2.286974191665649414e-01 5.059421062469482422e-01 -3.612531721591949463e-01 -1.585170179605484009e-01 2.368000149726867676e-01 3.345229625701904297e-01 2.978273928165435791e-01 6.442143768072128296e-02 -3.016023933887481689e-01 2.878064811229705811e-01 6.210280954837799072e-02 -4.194395616650581360e-02 -1.572869658470153809e+00 5.219445824623107910e-01 -8.314491808414459229e-02 -1.902745515108108521e-01 2.731316909193992615e-02 2.226354628801345825e-01 1.742005497217178345e-01 -1.501566730439662933e-02 -1.011099815368652344e-01 6.243103146553039551e-01 2.988432049751281738e-01 -7.041347026824951172e-01 2.828888297080993652e-01 1.092253476381301880e-01 -4.214992523193359375e-01 -3.344867751002311707e-02 -1.479253172874450684e-02 -5.647012591361999512e-01 -2.062059566378593445e-02 2.491631060838699341e-01 1.974580287933349609e-01 2.232301384210586548e-01 4.730143547058105469e-01 2.028419971466064453e-01 9.666182100772857666e-03 -9.276340901851654053e-02 5.025378465652465820e-01 -4.778613448143005371e-01 4.338622391223907471e-01 4.187147021293640137e-01 -1.573524951934814453e+00 -6.672081351280212402e-02 2.532680630683898926e-01 -3.459449708461761475e-01 -5.387251451611518860e-02 -1.704523116350173950e-01 -1.761722117662429810e-01 -4.650734737515449524e-02 2.652426362037658691e-01 3.631564676761627197e-01 -3.225313127040863037e-01 -8.447546511888504028e-02 -7.031912207603454590e-01 3.402121365070343018e-01 -6.320147216320037842e-02 -2.514681816101074219e-01 4.754184782505035400e-01 -1.579697430133819580e-01 -7.611085474491119385e-02 1.837192177772521973e-01 2.515153586864471436e-01 -7.580430507659912109e-01 3.827535361051559448e-02 3.261480927467346191e-01 3.974222242832183838e-01 -2.474719285964965820e-01 2.369416207075119019e-01 5.177034735679626465e-01 -1.058948114514350891e-01 3.560926020145416260e-01 3.274208307266235352e-01 -2.969018220901489258e-01 -2.176394015550613403e-01 -1.059696152806282043e-01 -1.472770869731903076e-01 5.852238535881042480e-01 1.501301229000091553e-01 2.615501284599304199e-01 -1.088367924094200134e-01 1.880166530609130859e-01 -3.834822773933410645e-01 2.334279567003250122e-01 1.869001984596252441e-01 1.135522797703742981e-01 -1.400544643402099609e-01 3.956871479749679565e-02 4.578880965709686279e-01 6.332150101661682129e-01 -6.536669135093688965e-01 3.138759434223175049e-01 -6.029713153839111328e-01 4.483229815959930420e-01 1.174502000212669373e-01 1.513028442859649658e-01 3.785504698753356934e-01 3.076137006282806396e-01 8.469003438949584961e-02 -2.585796415805816650e-01 9.385932236909866333e-02 -2.656288146972656250e-01 -9.784653037786483765e-02 -4.520646110177040100e-02 1.292821913957595825e-01 -5.831038951873779297e-01 2.403329908847808838e-01 3.173169791698455811e-01 4.472955763339996338e-01 2.715872526168823242e-01 2.654668688774108887e-01 2.302751392126083374e-01 3.550923168659210205e-01 -4.898987412452697754e-01 7.313837110996246338e-02 2.644931972026824951e-01 8.845620602369308472e-02 -8.309696316719055176e-01 -6.611970067024230957e-01 -1.751790642738342285e-01 3.801093697547912598e-01 4.721277356147766113e-01 -2.490937709808349609e-01 1.684849262237548828e-01 1.037980392575263977e-01 2.678408026695251465e-01 -2.797324955463409424e-01 1.780548393726348877e-01 -2.553817331790924072e-01 -5.066145658493041992e-01 3.697766959667205811e-01 -8.233809471130371094e-02 -2.985194325447082520e-01 2.472689747810363770e-02 3.397888317704200745e-02 1.264552772045135498e-01 -1.699161529541015625e-01 3.409638702869415283e-01 2.254912853240966797e-01 -2.606258690357208252e-01 -9.190812706947326660e-02 2.001057416200637817e-01 -4.153448939323425293e-01 -5.009409189224243164e-01 2.069548815488815308e-01 2.999732792377471924e-01 -5.055184364318847656e-01 -1.680262945592403412e-02 -2.508118152618408203e-01 5.785038471221923828e-01 -2.298350930213928223e-01 3.222180008888244629e-01 3.086636066436767578e-01 -6.690523624420166016e-01 -4.963694885373115540e-02 -1.626621782779693604e-01 1.049336269497871399e-01 4.159149527549743652e-01 1.152659207582473755e-01 -9.912070631980895996e-02 -7.570739388465881348e-01 2.534271180629730225e-01 -2.831905782222747803e-01 3.248779773712158203e-01 -1.738530993461608887e-01 7.427484989166259766e-01 -2.695036530494689941e-01 -1.149843782186508179e-01 -9.774830192327499390e-02 -8.048468232154846191e-01 -1.920883730053901672e-02 -2.390607446432113647e-01 2.371248416602611542e-02 -5.495889186859130859e-01 6.913956254720687866e-02 -2.917498946189880371e-01 -6.959676146507263184e-01 -3.780235052108764648e-01 -2.088872194290161133e-01 6.603729724884033203e-01 3.098909854888916016e-01 1.964339613914489746e-01 2.402551099658012390e-02 -5.183901190757751465e-01 1.407651156187057495e-01 -3.350857794284820557e-01 -2.140747904777526855e-01 1.890439838171005249e-01 2.019434869289398193e-01 4.990374296903610229e-02 -1.562567502260208130e-01 -8.598501682281494141e-01 -4.721657633781433105e-01 -2.330191582441329956e-01 -5.837562680244445801e-02 1.518866717815399170e-01 2.387825250625610352e-01 3.063644766807556152e-01 4.177168607711791992e-01 -1.266986966133117676e+00 -1.088215485215187073e-01 -2.817798554897308350e-01 8.031885325908660889e-02 5.694661736488342285e-01 -1.804523468017578125e-01 -4.537214040756225586e-01 1.533454209566116333e-01 -1.730462759733200073e-01 1.384048014879226685e-01 3.595077991485595703e-01 5.946257710456848145e-01 -2.698860168457031250e-01 -6.210996508598327637e-01 1.089283078908920288e-01 -4.053712189197540283e-01 -3.754414319992065430e-01 3.365247249603271484e-01 -7.035132646560668945e-01 -1.016579866409301758e+00 -2.392062246799468994e-01 -6.657135486602783203e-01 -8.248413354158401489e-02 6.158234179019927979e-02 -1.380964219570159912e-01 2.406196594238281250e-01 -5.399662256240844727e-01 -1.105916500091552734e-01 -1.142636127769947052e-02 3.617007732391357422e-01 1.436359733343124390e-01 2.504107058048248291e-01 -1.580573022365570068e-01 -3.210849463939666748e-01 1.023177728056907654e-01 3.614729344844818115e-01 4.717646539211273193e-01 3.125119507312774658e-01 3.421289026737213135e-01 4.522682428359985352e-01 -1.257462382316589355e+00 2.475960254669189453e-01 -3.803870677947998047e-01 5.354412794113159180e-01 -6.016628146171569824e-01 -8.752733469009399414e-03 -1.207880601286888123e-01 1.493107825517654419e-01 -1.971997767686843872e-01 -2.371633499860763550e-01 -1.731342226266860962e-01 -1.656049638986587524e-01 -2.092236280441284180e-01 -1.073837801814079285e-01 5.364993810653686523e-01 1.245892643928527832e-01 2.436889521777629852e-02 -2.801593393087387085e-03 -5.347930192947387695e-01 1.703777313232421875e-01 -8.664752542972564697e-02 -6.812597811222076416e-02 -3.742897883057594299e-03 -1.212233603000640869e-01 -1.064070090651512146e-01 5.437432527542114258e-01 4.831830412149429321e-02 1.761299818754196167e-01 -9.162567555904388428e-03 -3.332323133945465088e-01 -1.066079378128051758e+00 3.770864605903625488e-01 3.171283006668090820e-01 1.919199973344802856e-01 -8.142186999320983887e-01 -3.671306967735290527e-01 7.625961303710937500e-01 3.569051623344421387e-03 2.191078849136829376e-02 -3.770161569118499756e-01 -2.012920677661895752e-01 3.276980295777320862e-02 -5.071699023246765137e-01 -1.945951431989669800e-01 -2.239006757736206055e-01 3.977769911289215088e-01 3.684127703309059143e-02 1.624330729246139526e-01 5.029561370611190796e-02 6.646143198013305664e-01 -5.314469933509826660e-01 6.869742274284362793e-01 -3.211957216262817383e-01 -3.077191412448883057e-01 3.402007222175598145e-01 -6.270275264978408813e-02 -4.681619107723236084e-01 -6.004326418042182922e-02 2.522403001785278320e-01 -7.540534734725952148e-01 7.098449021577835083e-02 -3.260206431150436401e-02 -2.020557224750518799e-01 1.823109984397888184e-01 -6.128873825073242188e-01 -2.166554778814315796e-01 -5.115140080451965332e-01 1.330488920211791992e-01 4.920834302902221680e-01 -5.526714026927947998e-03 1.649961769580841064e-01 -9.852600097656250000e-02 -2.361870408058166504e-01 -9.633952379226684570e-02 -3.759075887501239777e-03 3.679072260856628418e-01 1.960282959043979645e-02 -8.849456161260604858e-02 -5.405625104904174805e-01 -7.174466252326965332e-01 3.020489513874053955e-01 -2.256535738706588745e-01 -1.126277893781661987e-01 3.861787021160125732e-01 4.967958927154541016e-01 -4.681199491024017334e-01 -2.280506491661071777e-01 9.632992744445800781e-02 5.386750102043151855e-01 3.345691561698913574e-01 1.778361946344375610e-01 1.284376531839370728e-01 1.239945292472839355e-01 3.625789880752563477e-01 -3.660497721284627914e-03 -3.924543038010597229e-03 4.528326690196990967e-01 2.125170528888702393e-01 5.891180410981178284e-02 -2.022793591022491455e-01 -2.608467340469360352e-01 3.555802404880523682e-01 -3.191001117229461670e-01 -5.506305694580078125e-01 7.320189476013183594e-01 -2.420174181461334229e-01 -2.699325084686279297e-01 2.488290518522262573e-01 -5.778609514236450195e-01 -4.134629666805267334e-01 1.842600256204605103e-01 3.896796405315399170e-01 2.848348915576934814e-01 1.646512150764465332e-01 2.454697713255882263e-02 4.752944111824035645e-01 -5.215265750885009766e-01 9.136569499969482422e-02 4.206562042236328125e-01 1.578509360551834106e-01 -1.550837606191635132e-01 -9.864560365676879883e-01 7.072604894638061523e-01 3.148676753044128418e-01 -2.367013990879058838e-01 6.794098019599914551e-01 6.481071561574935913e-02 5.969381332397460938e-02 3.195810019969940186e-01 5.696274340152740479e-02 -2.595879733562469482e-01 1.813487410545349121e-01 1.410128362476825714e-02 2.225716859102249146e-01 1.534825190901756287e-02 -4.856725782155990601e-02 -1.179024502635002136e-01 3.969681560993194580e-01 -1.606239378452301025e-01 -4.337455332279205322e-01 -4.960279166698455811e-01 -3.395387530326843262e-02 9.272135794162750244e-02 6.148083601146936417e-03 -1.389231383800506592e-01 2.528857290744781494e-01 -2.889211773872375488e-01 1.180902123451232910e-01 -1.611724682152271271e-02 -5.888637304306030273e-01 -3.464993089437484741e-03 -1.554296612739562988e-01 3.731829822063446045e-01 -2.145379185676574707e-01 1.107367351651191711e-01 3.091149330139160156e-01 -2.055099308490753174e-01 6.251397728919982910e-01 -2.377564758062362671e-01 1.217340007424354553e-01 -2.901117503643035889e-01 -1.179870888590812683e-01 -3.379266560077667236e-01 -1.512618064880371094e-01 1.470983773469924927e-02 6.057409644126892090e-01 5.677995681762695312e-01 -6.252564489841461182e-02 2.312259674072265625e-01 -1.386066377162933350e-01 -3.839661926031112671e-02 -2.780281901359558105e-01 1.201834231615066528e-01 7.289154455065727234e-04 -2.741313576698303223e-01 2.949660420417785645e-01 1.490216553211212158e-01 -2.371432483196258545e-01 -6.202847957611083984e-01 4.684505984187126160e-02 1.372959464788436890e-01 3.845076560974121094e-01 -8.180273324251174927e-02 -4.549291729927062988e-02 6.742105484008789062e-01 1.267641782760620117e-01 -2.806119918823242188e-01 -4.370179772377014160e-01 -2.087583094835281372e-01 1.678544729948043823e-01 1.805770397186279297e-01 6.176588684320449829e-02 -2.864226996898651123e-01 -4.787961542606353760e-01 -3.767886757850646973e-01 5.133641958236694336e-01 -3.139095008373260498e-01 4.419538378715515137e-02 -9.417885541915893555e-02 3.958965241909027100e-01 2.040123045444488525e-01 1.904838383197784424e-01 -3.332175016403198242e-01 -3.688536584377288818e-01 1.083252280950546265e-01 -2.612125575542449951e-01 4.223646819591522217e-01 -2.170778512954711914e-01 -4.905780553817749023e-01 -3.938997387886047363e-01 -5.910266190767288208e-02 -4.576036930084228516e-01 -8.041577935218811035e-01 2.429503202438354492e-01 -4.557638764381408691e-01 4.659708142280578613e-01 -8.157451152801513672e-01 3.834935426712036133e-01 -1.255669593811035156e-01 -5.644389390945434570e-01 1.160611063241958618e-01 -6.085038930177688599e-02 -4.486941993236541748e-01 6.618131697177886963e-02 4.592272639274597168e-01 -5.692855268716812134e-02 -3.471773117780685425e-02 4.447294473648071289e-01 -1.858533173799514771e-01 -4.105831682682037354e-01 1.653040945529937744e-01 -3.845013976097106934e-01 9.004501998424530029e-02 4.630926623940467834e-02 2.980367243289947510e-01 4.091664850711822510e-01 2.685570120811462402e-01 1.885248124599456787e-01 1.848622411489486694e-01 2.721737027168273926e-01 7.150914520025253296e-02 -1.402976810932159424e-01 -3.850605487823486328e-01 7.515411376953125000e-01 -2.965390384197235107e-01 -1.396283149719238281e+00 2.794485688209533691e-01 -5.560911297798156738e-01 1.412797719240188599e-04 -8.330332487821578979e-02 -5.215668678283691406e-01 -1.493799686431884766e-01 -4.826235026121139526e-02 -6.685692816972732544e-02 6.280697882175445557e-02 2.160301953554153442e-01 -2.811013348400592804e-02 1.673602014780044556e-01 -2.202501446008682251e-01 4.476632177829742432e-01 -1.027663350105285645e+00 4.291850924491882324e-01 -8.172570914030075073e-02 -1.402039080858230591e-01 -1.239148378372192383e-01 -3.559793904423713684e-02 -3.388000130653381348e-01 -2.075444608926773071e-01 7.970143854618072510e-02 9.948837757110595703e-02 -2.287496179342269897e-01 6.331673264503479004e-02 3.568679690361022949e-01 1.525557339191436768e-01 -4.595426842570304871e-02 4.650733470916748047e-01 5.322674289345741272e-02 1.124144867062568665e-01 2.391054034233093262e-01 -4.761364758014678955e-01 1.771251261234283447e-01 -2.416208684444427490e-01 2.601407766342163086e-01 5.138592794537544250e-03 1.848391443490982056e-01 5.027924776077270508e-01 4.000507295131683350e-02 9.194009304046630859e-01 4.535464942455291748e-01 9.494766592979431152e-02 -1.180004477500915527e-01 -5.347048640251159668e-01 4.538835957646369934e-02 4.589620530605316162e-01 -5.456369742751121521e-02 5.739601254463195801e-01 -3.585442006587982178e-01 9.004975855350494385e-02 -2.407459914684295654e-01 -3.193150460720062256e-01 -1.066356778144836426e+00 4.732770919799804688e-01 2.873500064015388489e-02 2.692471444606781006e-01 3.361586332321166992e-01 5.192363262176513672e-01 -5.527846515178680420e-02 2.201958298683166504e-01 2.688972949981689453e-01 -5.299274325370788574e-01 -5.513115227222442627e-02 1.764219552278518677e-01 -3.961092233657836914e-01 -5.097563266754150391e-01 4.638546109199523926e-01 -3.568488955497741699e-01 4.641812443733215332e-01 9.225943684577941895e-02 -5.209230184555053711e-01 1.615002304315567017e-01 1.900110840797424316e-01 -5.463940501213073730e-01 -2.500258386135101318e-01 7.838503271341323853e-02 2.990090847015380859e-01 -5.182132720947265625e-01 5.743158608675003052e-02 2.274013459682464600e-01 3.738947808742523193e-01 1.712772548198699951e-01 2.861810028553009033e-01 4.410667344927787781e-02 -4.535105824470520020e-01 -3.096303939819335938e-01 -6.736835464835166931e-03 1.308705508708953857e-01 2.307779192924499512e-01 1.242772415280342102e-01 -1.669284999370574951e-01 -1.214275717735290527e+00 1.786083579063415527e-01 9.650766253471374512e-01 6.786463260650634766e-01 -4.490547180175781250e-01 5.617569684982299805e-01 -1.517027169466018677e-01 -3.704744875431060791e-01 -8.528661727905273438e-02 1.697410196065902710e-01 -2.786941528320312500e-01 5.382967740297317505e-02 4.280212521553039551e-01 7.910396158695220947e-02 -8.929508328437805176e-01 4.492070972919464111e-01 -7.753706723451614380e-02 1.799135804176330566e-01 5.598425865173339844e-01 7.227078080177307129e-02 -3.160289824008941650e-01 3.188410103321075439e-01 -1.224172413349151611e-01 -1.227504849433898926e+00 2.910106480121612549e-01 6.410078406333923340e-01 -1.203483939170837402e-01 -1.204509213566780090e-01 2.288900315761566162e-01 2.371037006378173828e-01 1.762395910918712616e-02 -1.175381466746330261e-01 3.806572556495666504e-01 2.399786859750747681e-01 -1.760833561420440674e-01 5.021557956933975220e-02 -1.522501260042190552e-01 1.612848490476608276e-01 2.301730364561080933e-01 -1.174794808030128479e-01 1.498582363128662109e-01 1.636745333671569824e-01 -2.049155160784721375e-02 -8.222749829292297363e-01 1.682007014751434326e-01 -4.292634427547454834e-01 1.249555349349975586e-01 3.130995035171508789e-01 -1.057170748710632324e+00 2.243085503578186035e-01 1.351039111614227295e-01 1.839689761400222778e-01 -3.830674588680267334e-01 -5.759199261665344238e-01 -5.283299833536148071e-02 -4.612015560269355774e-02 3.493124246597290039e-02 -1.031003519892692566e-01 1.389127783477306366e-02 -5.381308794021606445e-01 -1.029544323682785034e-01 -1.185052916407585144e-01 3.102597296237945557e-01 1.017923131585121155e-01 -1.013215910643339157e-02 3.195838034152984619e-01 -4.857392981648445129e-02 -8.214175701141357422e-01 -3.600417971611022949e-01 -5.147491693496704102e-01 3.148027062416076660e-01 2.759345993399620056e-02 1.501950025558471680e-01 9.616693854331970215e-02 1.367659121751785278e-02 4.561269581317901611e-01 -3.047925531864166260e-01 1.692109853029251099e-01 -3.678542673587799072e-01 -2.559075057506561279e-01 8.576502650976181030e-02 4.135251641273498535e-01 1.362427175045013428e-01 -6.366363763809204102e-01 2.426995187997817993e-01 -3.639637231826782227e-01 -7.320094108581542969e-02 1.454701423645019531e-01 -7.513029873371124268e-02 2.425557747483253479e-02 4.553238861262798309e-03 -3.731441199779510498e-01 -7.681624293327331543e-01 1.341454237699508667e-01 2.481138706207275391e-01 2.430814802646636963e-01 -5.398710444569587708e-02 2.069528996944427490e-01 4.595623016357421875e-01 2.694161534309387207e-01 3.549199700355529785e-01 -1.660613715648651123e-01 -3.187565878033638000e-02 6.408237665891647339e-02 2.351683527231216431e-01 -3.693863451480865479e-01 5.648078322410583496e-01 -3.117493689060211182e-01 -3.643184900283813477e-02 3.292892277240753174e-01 3.291122913360595703e-01 -1.033002063632011414e-01 -1.925088316202163696e-01 6.523219943046569824e-01 -3.877504467964172363e-01 1.143432185053825378e-01 -4.841808378696441650e-01 6.764578074216842651e-02 -7.347551584243774414e-01 4.617720842361450195e-01 1.749232858419418335e-01 -6.611450910568237305e-01 2.735017240047454834e-01 9.115337133407592773e-01 2.013183236122131348e-01 2.803327143192291260e-01 -9.743108600378036499e-02 6.115328669548034668e-01 -2.295038849115371704e-01 2.360102832317352295e-01 7.589417099952697754e-01 7.931616306304931641e-01 2.544088959693908691e-01 -1.061123162508010864e-01 2.908468246459960938e-01 -1.954239308834075928e-01 -3.149368464946746826e-01 -4.311703890562057495e-02 3.488599658012390137e-01 7.816779613494873047e-02 1.933064609766006470e-01 1.125803589820861816e-01 2.390736490488052368e-01 2.179435268044471741e-02 1.019023433327674866e-01 4.615938365459442139e-01 5.445947647094726562e-01 -1.207435488700866699e+00 -9.252189993858337402e-01 -1.137429922819137573e-01 2.320930957794189453e-01 2.742825746536254883e-01 2.470567375421524048e-01 4.701393246650695801e-01 -2.550803497433662415e-02 1.982861757278442383e-01 2.040981501340866089e-01 -7.476047873497009277e-01 9.071195870637893677e-02 5.705450177192687988e-01 -2.382919639348983765e-01 1.984036266803741455e-01 9.138242900371551514e-02 -1.077869385480880737e-01 5.914397239685058594e-01 2.863309383392333984e-01 8.039551973342895508e-02 -3.730283081531524658e-01 2.253479957580566406e-01 3.782224357128143311e-01 1.867171525955200195e-01 -3.828707337379455566e-02 6.193950772285461426e-01 4.559675157070159912e-01 2.085580825805664062e-01 -4.855825752019882202e-02 -2.313076257705688477e-01 -3.686119988560676575e-02 -6.606699824333190918e-01 -4.105572700500488281e-01 2.467404492199420929e-02 -1.732401177287101746e-02 -1.109922751784324646e-01 3.112209439277648926e-01 -2.018496245145797729e-01 5.884856358170509338e-02 -2.783436477184295654e-01 1.335775256156921387e-01 3.302709162235260010e-01 -8.632364869117736816e-02 -4.040568470954895020e-01 1.680305898189544678e-01 3.661032915115356445e-01 3.471943736076354980e-01 9.965330362319946289e-02 1.471948064863681793e-02 -3.457889556884765625e-01 2.174837440252304077e-01 -5.538774281740188599e-02 -1.706528365612030029e-01 -1.161285713315010071e-01 -7.217076420783996582e-01 2.044235765933990479e-01 1.508631110191345215e-01 1.289936453104019165e-01 1.707060486078262329e-01 -7.044408470392227173e-02 -9.475862234830856323e-02 -1.614313870668411255e-01 2.215359061956405640e-01 -4.031440019607543945e-01 3.892787173390388489e-02 -1.260178387165069580e-01 -6.372864842414855957e-01 1.861473619937896729e-01 -8.981128036975860596e-02 1.046991944313049316e-01 -2.825999446213245392e-02 -8.475827425718307495e-02 2.736627757549285889e-01 -2.349033579230308533e-02 -5.197256058454513550e-02 7.903292179107666016e-01 -6.023010611534118652e-01 3.793385922908782959e-01 -6.911611557006835938e-01 1.309972628951072693e-02 2.958429455757141113e-01 -1.794787347316741943e-01 2.177462279796600342e-01 1.844104081392288208e-01 -5.314074754714965820e-01 6.674527525901794434e-01 1.516720354557037354e-01 3.865611255168914795e-01 -3.928597271442413330e-02 2.245623171329498291e-01 4.643406569957733154e-01 3.804337978363037109e-01 -4.281847774982452393e-01 -7.318775057792663574e-01 2.342988699674606323e-01 -5.279076099395751953e-01 3.040232360363006592e-01 -2.567901611328125000e-01 2.716742157936096191e-01 5.287736058235168457e-01 -1.788251549005508423e-01 6.864547729492187500e-02 3.972860574722290039e-01 2.849436402320861816e-01 1.310322340577840805e-02 -6.094127297401428223e-01 2.801220118999481201e-01 -2.478941380977630615e-01 7.949739694595336914e-02 -4.399187266826629639e-01 1.964234262704849243e-01 -3.715954124927520752e-01 -8.795676380395889282e-02 -6.604599952697753906e-01 1.103273853659629822e-01 -1.931380182504653931e-01 1.969496309757232666e-01 -2.776297330856323242e-01 -3.923146054148674011e-02 -4.532023519277572632e-02 2.860572338104248047e-01 -3.823003172874450684e-01 6.465672254562377930e-01 9.313897788524627686e-02 -2.315784990787506104e-01 5.837050676345825195e-01 3.938480019569396973e-01 -2.381926327943801880e-01 -3.777709007263183594e-01 1.914021968841552734e-01 1.920423656702041626e-01 3.912995755672454834e-01 -6.260043978691101074e-01 2.718099057674407959e-01 4.763799309730529785e-01 -3.708952367305755615e-01 -2.803291380405426025e-01 -3.238632380962371826e-01 1.928416490554809570e-01 6.227040886878967285e-01 2.767602801322937012e-01 5.569988489151000977e-01 -3.563213348388671875e-02 5.536300539970397949e-01 -8.924049139022827148e-01 2.787447571754455566e-01 -5.694909393787384033e-02 2.314635515213012695e-01 -1.184567734599113464e-01 9.006759524345397949e-02 8.472578227519989014e-02 6.520450711250305176e-01 5.890079140663146973e-01 -2.041709609329700470e-02 -1.277219206094741821e-01 1.294528394937515259e-01 -5.466527491807937622e-02 3.749051392078399658e-01 3.014853894710540771e-01 1.719206571578979492e-01 5.085115507245063782e-02 -4.928500652313232422e-01 -1.550801694393157959e-01 -2.189254462718963623e-01 -2.199788093566894531e-01 -2.318896651268005371e-01 6.047326326370239258e-01 5.147795081138610840e-01 -1.928548216819763184e-01 2.594576217234134674e-02 1.674185097217559814e-01 -4.840553551912307739e-02 3.495447337627410889e-01 2.607505321502685547e-01 5.604376196861267090e-01 3.069356381893157959e-01 -5.640443041920661926e-02 1.838583201169967651e-01 -7.294144481420516968e-02 -5.785583257675170898e-01 -4.718580543994903564e-01 3.997094929218292236e-01 -1.855575442314147949e-01 -2.719714641571044922e-01 1.412319540977478027e-01 -1.172567307949066162e-01 -1.322783827781677246e-01 -9.449285268783569336e-02 1.903392076492309570e-01 -1.037024110555648804e-01 7.037150859832763672e-01 -5.789427161216735840e-01 -6.272759288549423218e-02 -6.834732741117477417e-02 4.765517264604568481e-02 3.192325830459594727e-01 5.166038125753402710e-02 6.872546076774597168e-01 1.963840723037719727e-01 4.656957685947418213e-01 -6.206227093935012817e-02 9.108369797468185425e-02 2.359230816364288330e-01 -4.100545048713684082e-01 -4.538632333278656006e-01 5.963877439498901367e-01 -4.455234855413436890e-02 -2.056185156106948853e-01 -9.513166546821594238e-02 3.027602285146713257e-02 -4.999290406703948975e-01 -1.077152863144874573e-01 1.331391185522079468e-01 -3.347043991088867188e-01 -1.773983836174011230e-01 1.914043426513671875e-01 -2.533148527145385742e-01 2.144297771155834198e-02 8.716875314712524414e-02 7.191523909568786621e-02 2.335703969001770020e-01 6.126718595623970032e-02 -2.804916501045227051e-01 -7.158867269754409790e-02 6.832336783409118652e-01 -4.413327574729919434e-02 1.542311608791351318e-01 -2.103458791971206665e-01 -1.112985834479331970e-01 2.955462038516998291e-01 3.237602114677429199e-01 3.620624244213104248e-01 -1.221153214573860168e-01 5.515175461769104004e-01 -1.640536263585090637e-02 7.704053819179534912e-02 7.029862999916076660e-01 2.774088382720947266e-01 -5.362102389335632324e-02 -5.416797399520874023e-01 3.752682507038116455e-01 -1.238710433244705200e-02 3.241976201534271240e-01 2.979642748832702637e-01 3.712444007396697998e-01 1.783374696969985962e-01 3.107279539108276367e-01 -4.034513533115386963e-01 1.991371810436248779e-01 -1.148881576955318451e-02 1.130661070346832275e-01 -8.384275436401367188e-02 4.162780344486236572e-01 3.531570434570312500e-01 -4.202364757657051086e-02 1.925666481256484985e-01 1.514253169298171997e-01 1.629518717527389526e-01 3.163312077522277832e-01 -4.764917194843292236e-01 2.390177547931671143e-01 1.213153302669525146e-01 2.538620829582214355e-01 -3.178467154502868652e-01 -1.404340416193008423e-01 2.497604042291641235e-01 -1.269170641899108887e-02 8.292779922485351562e-01 1.722170114517211914e-01 5.526831746101379395e-01 1.476310640573501587e-01 4.284213483333587646e-01 -6.986774802207946777e-01 2.045362144708633423e-01 -1.738249808549880981e-01 2.403050065040588379e-01 -3.889063000679016113e-01 -1.157694980502128601e-01 -1.619899868965148926e-01 -7.629979401826858521e-02 2.204014360904693604e-02 2.507803961634635925e-03 3.316767513751983643e-01 -5.186216831207275391e-01 -4.259235560894012451e-01 -3.923819214105606079e-02 1.460304111242294312e-01 4.540570378303527832e-01 -2.366928458213806152e-01 -9.270436167716979980e-01 2.895819544792175293e-01 3.012076914310455322e-01 -6.883074045181274414e-01 2.013426721096038818e-01 -9.333129227161407471e-02 -2.782349884510040283e-01 3.120592832565307617e-01 6.815935969352722168e-01 -7.427583634853363037e-02 -1.321674436330795288e-01 1.033345162868499756e-01 1.161510497331619263e-01 4.731777608394622803e-01 2.047123014926910400e-02 -5.314758419990539551e-01 3.379944562911987305e-01 1.765422374010086060e-01 2.221317887306213379e-01 -2.485212683677673340e-01 -1.337857916951179504e-03 3.433699607849121094e-01 -1.326566189527511597e-01 2.829889357089996338e-01 -2.398825734853744507e-01 2.143725752830505371e-01 -7.392208278179168701e-02 4.365303814411163330e-01 1.636991500854492188e-01 -2.414028644561767578e-01 4.215604662895202637e-01 3.156432509422302246e-02 8.955075591802597046e-02 -3.999248743057250977e-01 1.718048304319381714e-01 -2.023077569901943207e-02 -6.975597143173217773e-02 3.353064954280853271e-01 3.726152181625366211e-01 -4.608028382062911987e-02 -6.276285648345947266e-01 -1.695682704448699951e-01 1.363964974880218506e-01 1.419697701930999756e-01 -8.016489446163177490e-02 2.292263954877853394e-01 3.510382473468780518e-01 5.937617421150207520e-01 5.108383297920227051e-01 3.283890187740325928e-01 -3.209036588668823242e-02 -7.663862407207489014e-02 2.609351277351379395e-01 -2.800540924072265625e-01 -2.825559973716735840e-01 1.737472042441368103e-02 -3.321224451065063477e-01 -1.006152480840682983e-01 3.865786194801330566e-01 -3.403837680816650391e-01 -1.996608525514602661e-01 2.962298989295959473e-01 8.707542717456817627e-02 2.581707239151000977e-01 1.699161082506179810e-01 2.235121876001358032e-01 1.527409907430410385e-02 -2.548657655715942383e-01 -2.044267021119594574e-02 1.335758417844772339e-01 7.266565561294555664e-01 -2.943483591079711914e-01 2.504057884216308594e-01 3.112682104110717773e-01 -3.223018348217010498e-01 2.753684520721435547e-01 -4.763614386320114136e-03 2.055567502975463867e-01 7.210691571235656738e-01 -3.782078623771667480e-01 1.449536681175231934e-01 4.530490934848785400e-01 2.036173790693283081e-01 3.456160724163055420e-01 -6.689301878213882446e-02 4.984245821833610535e-02 -9.819266945123672485e-02 1.539493650197982788e-01 -2.369623333215713501e-01 8.861644566059112549e-02 -3.970246389508247375e-02 -3.938111662864685059e-01 -8.272952586412429810e-02 -5.022979378700256348e-01 2.422357201576232910e-01 5.285173058509826660e-01 3.718465864658355713e-01 3.489366173744201660e-01 3.599309027194976807e-01 -2.553460299968719482e-01 3.332187533378601074e-01 -1.802621185779571533e-01 -2.715637385845184326e-01 -7.506541907787322998e-03 5.485931634902954102e-01 6.118213757872581482e-02 2.519370317459106445e-01 1.109410524368286133e-01 -4.427481889724731445e-01 -1.536058336496353149e-01 6.478444337844848633e-01 4.253741204738616943e-01 2.301135808229446411e-01 -8.983352780342102051e-02 6.051811575889587402e-01 2.018980085849761963e-01 6.496863365173339844e-01 -9.990273714065551758e-01 -8.830908685922622681e-02 1.387133151292800903e-01 -5.142945647239685059e-01 -1.199058592319488525e-01 -3.902287483215332031e-01 -1.079731225967407227e+00 -3.634124398231506348e-01 2.205899506807327271e-01 4.818511754274368286e-02 3.450927734375000000e-01 -2.907055318355560303e-01 -2.720960378646850586e-01 -4.800103604793548584e-01 3.673961162567138672e-01 3.731861114501953125e-01 2.887650132179260254e-01 4.014536142349243164e-01 -5.532562136650085449e-01 3.836457133293151855e-01 -4.062689542770385742e-01 -5.199088156223297119e-02 -2.245607823133468628e-01 -3.856112062931060791e-01 -3.634353578090667725e-01 6.640468537807464600e-02 -1.698819845914840698e-01 -1.301172822713851929e-01 -1.864705234766006470e-01 3.373762965202331543e-01 1.547979116439819336e-01 -2.015507817268371582e-01 6.505714654922485352e-01 2.817863225936889648e-01 4.707851409912109375e-01 -3.687458112835884094e-02 -1.738824099302291870e-01 1.055970564484596252e-01 -3.520822525024414062e-01 1.427089422941207886e-01 -7.824720442295074463e-02 -3.439429402351379395e-01 5.985612794756889343e-02 -9.662385098636150360e-03 -3.974197059869766235e-02 -3.722639679908752441e-01 -2.867009118199348450e-02 9.477335959672927856e-02 2.839492559432983398e-01 3.308121562004089355e-01 8.766624331474304199e-02 -2.322006970643997192e-02 -6.497494131326675415e-02 -4.340415000915527344e-01 2.522391974925994873e-01 3.620373904705047607e-01 4.892770946025848389e-01 4.084507226943969727e-01 1.188088431954383850e-01 4.217602312564849854e-01 -1.153117567300796509e-01 -3.890258818864822388e-02 -8.111239075660705566e-01 -2.957983911037445068e-01 1.732700467109680176e-01 7.701243758201599121e-01 1.151161827147006989e-02 1.273138821125030518e-01 8.477916717529296875e-01 3.124015927314758301e-01 -3.117546141147613525e-01 5.647081136703491211e-02 -2.709910869598388672e-01 1.078950464725494385e-01 2.241256386041641235e-01 -1.319992691278457642e-01 1.733951866626739502e-01 -2.987361252307891846e-01 9.884835779666900635e-02 2.781016230583190918e-01 9.030390530824661255e-03 2.478269189596176147e-01 1.118543446063995361e-01 5.254766941070556641e-01 4.901952743530273438e-01 4.736964106559753418e-01 -3.616302460432052612e-02 -5.943983197212219238e-01 8.434963226318359375e-02 1.005287528038024902e+00 -1.063042879104614258e-02 5.035591721534729004e-01 4.021532833576202393e-01 3.807371556758880615e-01 -6.500365138053894043e-01 2.383921295404434204e-01 -5.547761917114257812e-01 -6.401380524039268494e-03 -1.050422638654708862e-01 -1.575666368007659912e-01 4.095171689987182617e-01 -7.120841741561889648e-01 -4.832664132118225098e-01 1.438574790954589844e-01 1.532550156116485596e-01 -7.429416775703430176e-01 1.163704246282577515e-01 -1.140755057334899902e+00 -1.419311165809631348e-01 -1.005885004997253418e-01 4.709299206733703613e-01 -2.110592275857925415e-01 3.947234526276588440e-02 1.234409362077713013e-01 3.657010495662689209e-01 4.871925339102745056e-03 -2.422570586204528809e-01 4.175890386104583740e-01 -1.073016524314880371e-01 8.031278848648071289e-02 3.467219471931457520e-01 7.958158850669860840e-02 3.258662521839141846e-01 -3.897376656532287598e-01 2.483706474304199219e-01 3.204821646213531494e-01 7.061785459518432617e-02 3.730227649211883545e-01 3.009030520915985107e-01 -2.441642284393310547e-01 3.808204531669616699e-01 2.365599423646926880e-01 7.794108241796493530e-02 1.926681399345397949e-01 -5.096347630023956299e-02 1.203285902738571167e-01 -1.013183474540710449e+00 1.382542848587036133e-01 5.296335741877555847e-02 5.268944054841995239e-02 -5.889589339494705200e-02 -3.268668800592422485e-02 3.084815144538879395e-01 -5.274955034255981445e-01 -5.951543450355529785e-01 -1.599382460117340088e-01 1.733336746692657471e-01 -1.357688903808593750e-01 4.373584985733032227e-01 -2.865656837821006775e-02 1.961231678724288940e-01 2.937662042677402496e-02 5.295840501785278320e-01 2.375232279300689697e-01 3.047297298908233643e-01 2.834063470363616943e-01 -2.789738178253173828e-01 -4.869116246700286865e-01 1.541406661272048950e-01 -2.765662074089050293e-01 -4.283337295055389404e-01 4.336914978921413422e-03 7.916975766420364380e-02 2.239713519811630249e-01 -2.515953965485095978e-04 -2.909473143517971039e-02 3.176082670688629150e-01 2.029327303171157837e-01 -2.155440896749496460e-01 -2.093072086572647095e-01 5.597862601280212402e-01 7.017045468091964722e-02 3.856741189956665039e-01 -7.066316604614257812e-01 4.485358949750661850e-04 -6.979824602603912354e-02 1.133258789777755737e-01 -2.254362553358078003e-01 -1.402315199375152588e-01 3.296474739909172058e-02 5.483371391892433167e-02 1.346010863780975342e-01 2.100577354431152344e-01 -3.227088749408721924e-01 3.227956965565681458e-02 1.515410095453262329e-01 6.492243409156799316e-01 -1.025591492652893066e+00 -3.845461308956146240e-01 1.388141363859176636e-01 -1.306484825909137726e-02 1.575239449739456177e-01 -5.089538693428039551e-01 -2.123853564262390137e-01 5.907509103417396545e-02 3.254821896553039551e-01 -6.657674312591552734e-01 1.940643936395645142e-01 1.279547810554504395e-01 9.331127256155014038e-02 3.094339668750762939e-01 -5.332188606262207031e-01 2.222277224063873291e-01 2.181774675846099854e-01 1.147111356258392334e-01 -2.262738794088363647e-01 1.333979368209838867e-01 -5.924966335296630859e-01 5.353330969810485840e-01 6.620506756007671356e-04 -2.062516510486602783e-01 -4.218562543392181396e-01 1.861750185489654541e-01 2.240140438079833984e-01 -5.117352604866027832e-01 -3.605803847312927246e-01 4.068962931632995605e-01 -2.649314999580383301e-01 1.287682056427001953e-01 3.734002411365509033e-01 -3.876801729202270508e-01 -5.532045662403106689e-02 4.783004820346832275e-01 -5.950064063072204590e-01 4.782941192388534546e-02 -4.600515365600585938e-01 -1.390925496816635132e-01 -8.671456575393676758e-02 1.723848581314086914e-01 4.149679541587829590e-01 -3.817809000611305237e-02 3.554406762123107910e-01 3.133495151996612549e-01 -4.420935809612274170e-01 5.635355412960052490e-02 -2.730876803398132324e-01 -2.519342601299285889e-01 -1.442830681800842285e+00 -6.681206822395324707e-01 1.720611006021499634e-02 -2.100373357534408569e-01
