0.0580383762717247
0.01505363080650568
0.001306095509789884
0.007815336808562279
-0.09138134866952896
0.05572430416941642
-0.0591486357152462
0.08694691956043243
-0.045075152069330215
0.020347597077488896
0.01909147202968597
0.04068461060523986
0.01790892332792282
-0.05500435829162598
-0.030459214001894
0.04968225583434105
-0.06445060670375824
-0.06068560481071472
0.042543619871139526
-0.035163842141628265
0.06096498668193817
0.11591329425573348
-0.03798253461718559
-0.06083781644701958
0.019182601943612095
0.04442966356873512
0.005041296128183603
-0.06198367848992348
0.03541802987456322
-0.03643317148089409
-0.04565931111574173
0.04082382842898369
0.14783607423305511
-0.027358364313840863
-0.014163780957460403
-0.05864269286394119
-0.05820755288004875
0.01829375885426998
-0.05334223061800003
0.0441928468644619
0.032090023159980774
0.028663285076618195
0.09708724915981293
0.08316849172115326
-0.024839026853442192
-0.03503449633717537
-0.03390159457921982
0.013369353488087654
0.010477344505488873
-0.08275412023067473
-0.0730321928858757
0.09361374378204344
0.05896969139575958
-0.018845897167921063
0.0545317679643631
-0.05977160856127738
-0.0365036278963089
0.035394087433815
0.011927366256713867
-0.03701770305633545
-0.043299876153469086
0.03221790865063667
0.08380357921123505
0.07435618340969084
0.0226066280156374
-0.04128556326031685
-0.11352797597646712
-0.07689060270786285
0.015817970037460327
-0.08515669405460356
0.005065164063125849
-0.044181939214468
-0.10711538791656494
0.06981909275054932
0.03928267583251
-0.13284337520599365
-0.029891904443502423
-0.006409947294741869
0.07024346292018889
-0.0664968192577362
0.11620194464921953
-0.013955455273389816
0.06955904513597488
0.022726321592926976
-0.038363374769687646
0.011589348316192625
-0.06729897856712341
0.032941825687885284
0.05165095254778863
0.009449109435081482
-0.015250258147716522
-0.028633173555135727
-0.06304725259542465
-0.129836305975914
0.05296720564365386
-0.07535000145435333
-0.008634738624095917
0.10593768954277039
0.045409005135297775
-0.06022164598107337
0.00804898329079151
-0.10166439414024352
0.02760735899209976
0.047084342688322074
-0.053780604153871536
0.01954994164407253
0.11012975126504898
-0.007309050764888525
0.011752616614103316
-0.020078299567103382
-0.07732746750116348
-0.014734363183379172
0.006085766479372977
-0.07575590908527374
-0.041757795959711075
0.04420437663793564
-0.03727619349956512
0.02706474438309669
-0.02268034778535366
0.0686614140868187
0.05278156325221062
-0.0043076728470623485
-0.021977895870804783
-0.01752416044473648
-0.0514301247894764
-0.009532647207379341
0.06445764750242233
0.030143018811941143
0.057610783725976944
0.11903711408376692
0.08764153718948364
-0.034033577889204025
-0.12096183747053146
-0.04427708312869072
-0.015789633616805077
0.07089151442050934
0.00334627041593194
0.02540052868425846
0.007919604890048502
-0.07114923000335693
0.08658626675605774
0.04449622705578804
-0.022730113938450813
-0.1267828792333603
-0.036062661558389664
0.08064471185207368
-0.022039504721760746
-0.009077860042452812
-0.006129771005362272
0.015144256874918936
-0.029060402885079384
0.013629501685500143
-0.003718707244843245
-0.05366421118378639
-0.029731145128607746
0.12162257730960845
0.0417015217244625
0.021269628778100014
-0.0888150781393051
-0.034315865486860275
-0.046385135501623154
0.012957144528627396
-0.017886139452457428
0.001949884346686304
-0.023024369031190872
0.025565855205059048
-0.0036610695533454414
-0.07276182621717453
-0.022118598222732544
-0.11436377465724944
-0.09900805354118349
-0.013014559634029864
-0.010493019595742224
0.03279062733054161
0.006524897646158934
0.04145932197570801
-0.03536419942975044
-0.0340157151222229
0.01353185810148716
-0.026479346677660946
-0.006995032075792551
0.02028504759073257
0.03950806334614754
0.044302016496658325
-0.03209046646952629
0.020191889256238937
-0.017342858016490936
0.09401474893093108
0.05159438401460648
-0.0106472447514534
0.013614285737276076
0.04966606199741364
-0.01374154444783926
0.03862116485834122
0.05822081863880157
-0.011532386764883997
0.038059283047914505
-0.019469695165753365
-0.05805046111345291
-0.03744104877114296
0.06266681849956512
0.011680860072374344
-0.0459049791097641
-0.06724100559949875
0.005969122517853975
0.03754406049847602
0.027122899889945984
-0.020688209682703015
0.009629256092011929
0.09470743685960768
0.10489965230226515
0.01154874637722969
0.048156272619962685
-0.07417292892932893
-0.08436915278434753
-0.011593868024647236
-0.006661070045083761
-0.11363475769758224
-0.0005604285979643464
0.008879505097866058
-0.0593775287270546
0.011030860245227812
6.67766435071826e-05
-0.025840949267148968
-0.04298988357186317
0.02373170480132103
0.10421562194824217
-0.03363093361258507
-0.114487387239933
-0.010902338661253452
-0.006047512870281936
-0.013784669339656828
-0.0043305973522365085
0.10152694582939148
-0.038326416164636605
-0.08154674619436264
-0.04082619771361351
0.045381926000118256
-0.08357708901166916
-0.03780392184853554
0.07330067455768585
-0.037925440818071365
-0.04697391763329506
-0.04648915305733681
-0.042384698987007134
0.03479285910725593
-0.05573439970612526
-0.09151357412338255
0.03015119209885597
0.04854528233408928
-0.0031832284294068813
0.10267137736082076
-0.03820391371846199
-0.09600525349378586
-0.030008703470230103
-0.056239958852529526
0.052102435380220406
-0.06236277893185616
-0.06790242344141006
-0.027465414255857468
-0.033633194863796234
0.031372331082820885
-0.002831852063536644
0.03923004120588303
0.03573820739984512
0.04495972022414208
0.11610303074121477
-0.07510752230882643
0.04239340871572495
-0.06326994299888611
-0.09190811961889267
0.025331277400255203
-0.05370131507515907
0.03557746857404709
0.035676199942827225
-0.06157117709517479
0.06236065551638603
-0.051139019429683685
-0.023230902850627896
0.026566416025161743
0.08681863546371461
0.043769147247076035
0.022740444168448448
-0.011761593632400036
-0.011734041385352612
-0.013015298172831535
-0.06299161911010742
0.07987163960933685
0.006094051990658045
-0.05440036579966545
0.02779659256339073
-0.02267521619796753
-0.013899654150009155
-0.012697122059762476
0.007625583093613385
0.023223174735903736
-0.014481600373983383
-0.0867072120308876
-0.04008562862873077
-0.0695575475692749
-0.06918990612030029
0.06018704921007156
-0.12306084483861925
-0.06725575029850006
-0.10039567947387695
0.023914607241749763
0.05251498892903328
-0.011733783408999445
-0.1114756166934967
-0.01968333870172501
0.018090948462486267
-0.05127416178584098
0.027451800182461735
0.0313747338950634
-0.06847678124904633
-0.0038515436463058
-0.11650812625885008
0.08888792246580125
0.019843365997076035
-0.012473347596824167
0.04350527003407478
0.07423157244920729
0.01310637593269348
0.0052665979601442805
-0.12213918566703796
0.04167833924293518
-0.016893748193979263
-0.02950996160507202
-0.058906015008687966
0.0019021913176402447
0.026273733004927635
0.002452550921589136
0.02913696691393852
0.0463862344622612
-0.08377611637115479
0.0017793293809518218
-0.07123366743326187
0.02083698846399784
0.04912776127457619
0.008292894810438156
-0.07896485924720764
-0.08459889888763428
0.1317121684551239
0.0032563055865466595
0.00319554703310132
0.018062708899378777
0.006814299616962671
0.030232513323426247
0.050832804292440414
0.11477258801460266
0.1182895228266716
0.022101892158389088
-0.007100071292370558
0.002339473459869623
0.05841724574565888
-0.12007074058055876
0.020702555775642395
0.04371089860796928
-0.014151525683701038
-0.01764977164566517
-0.07542999833822249
0.0016425525536760688
-0.0200607031583786
0.006659268867224455
-0.08076471090316771
-0.10004381090402605
-0.029766961932182312
0.06982080638408661
0.04048548638820648
-0.13378769159317017
0.07095927745103836
-0.12685206532478333
-0.08579665422439574
0.0515022985637188
-0.026302644982934
-0.06335395574569702
0.024562112987041477
-0.09683012962341309
0.05022300407290459
-0.0009665597463026642
0.12725548446178436
0.019823674112558365
0.1752150058746338
-0.04187190905213356
0.02836018241941929
-0.12171170115470886
0.029170880094170567
0.06762108206748961
0.16511721909046173
0.1350802630186081
-0.014699760824441908
0.07796128094196318
-0.07050618529319763
-0.06386081129312515
0.017670096829533577
-0.014395069330930708
-0.07767055928707123
0.0262669250369072
-0.0945206731557846
0.033229440450668335
-0.0026727146469056606
0.024724891409277916
-0.03624510392546654
-0.07927321642637251
-0.012666953727602959
0.02104971930384636
0.09101746976375581
0.0188610702753067
0.05889112502336502
-0.013554921373724936
-0.03317167982459068
0.024577032774686813
0.07064703106880188
-0.11713948845863342
-0.04437921941280365
0.13939256966114044
0.06319505721330643
0.12151306867599489
-0.01681111752986908
-0.02548860013484955
-0.027703939005732536
0.11390207707881927
-0.09629374742507935
0.04166601970791817
0.0313454270362854
0.05700729414820671
-0.026737961918115612
0.0910479575395584
0.003519697580486536
-0.04571549966931343
-0.0791231095790863
-0.012433568947017193
0.04359399154782295
0.10114123672246932
0.08794190734624863
-0.047313034534454346
0.11443371325731276
-0.019747065380215645
-0.0013603303814306855
-0.048947084695100784
-0.03403529152274132
0.01814655214548111
0.023493334650993347
0.03219060227274895
-0.022529371082782745
-0.009352834895253181
-0.05099482461810112
0.06152862682938576
0.013092249631881712
-0.09582644701004028
0.008295056410133839
-0.020344460383057594
0.13595600426197052
-0.093502476811409
-0.120841883122921
0.02826308086514473
-0.0217719916254282
-0.07672761380672455
0.006900148000568152
-0.03453177586197853
-0.08823399990797043
-0.04256410896778107
-0.09932470321655272
-0.1125531643629074
-0.11721455305814744
-0.009573208168148994
0.05668304115533829
-0.008078210987150669
0.055136822164058685
-0.12152186036109924
0.09754836559295654
0.09186808764934541
-0.03966489061713219
-0.05154195055365562
-0.11170996725559235
-0.005241814535111189
0.09194510430097583
0.09289672970771788
-0.050918523222208016
0.0029777125455439086
0.06117135286331177
-0.003418655600398779
-0.050452355295419686
-0.1199139580130577
-0.04628055542707443
0.016315478831529617
0.026854025200009343
-0.041648376733064645
-0.07495421171188353
-0.11960943043231964
-0.05579917505383492
-0.0452890545129776
-0.06919081509113312
-0.06933189928531647
0.058490078896284096
0.07266014069318771
0.01935971714556217
-0.03820804879069328
-0.02511831000447273
-0.06657388806343079
0.003526394721120596
-0.12160038948059082
0.02533333748579025
-0.02172768488526344
-0.020199676975607872
0.07588817924261093
0.054683789610862725
0.06383956968784332
-0.016192035749554634
0.05747492983937264
-0.013166958466172218
0.10795912146568298
-0.00877554714679718
0.06717683374881744
0.03172073885798454
0.05746428668498993
0.017709070816636086
0.04171393811702728
-0.08707292377948761
0.036091685295104974
0.011858396232128143
-0.049133416265249245
0.009728791192173954
-0.035314474254846566
-0.12035173922777176
-0.068424753844738
0.026714857667684555
0.042908776551485055
-0.02742054313421249
-0.003983588423579931
-0.08996124565601347
0.05104868486523628
0.01034305803477764
-0.034726448357105255
-0.01880253478884697
-0.0629747062921524
0.010605143383145332
0.09217651933431624
0.04592342302203178
0.03818860650062561
-0.006927845533937216
0.06286801397800446
0.08347320556640625
0.046380165964365005
-0.0023116949014365677
0.021952310577034954
-0.01891600340604782
0.06023829057812691
0.013066716492176056
0.022735800594091412
0.010575488209724426
-0.041504506021738045
-0.08723302930593489
0.057680752128362656
0.011626150459051132
-0.11536021530628204
-0.09795384109020232
-0.05609662458300591
-0.061437223106622696
0.0027795662172138687
0.07099812477827072
0.1495937556028366
0.1305360049009323
0.0044502979144454
-0.062442366033792496
0.04557230696082115
0.186009019613266
-0.03790752962231636
-0.0775248110294342
-0.03930262103676796
0.0008648944785818458
0.05633482709527016
0.11045625805854796
-0.03722210600972176
-0.04175872355699539
0.08368733525276184
-0.11150335520505904
-0.0897204354405403
-0.05802712589502335
-0.08062596619129182
-0.006191543769091368
-0.03001290746033192
-0.05094681680202484
0.11721425503492355
-0.09262876212596893
-0.033341094851493835
-0.11571310460567474
-0.05281975492835045
0.05397885665297508
0.0381307527422905
0.02427186816930771
0.023064352571964264
-0.10062310099601744
0.055660836398601525
0.08058364689350128
0.10068436712026596
-0.10366064310073853
0.012999137863516808
-0.033987052738666534
0.1147107481956482
-0.09729551523923874
0.038453791290521615
-0.06155821308493614
-0.10523112118244173
-0.060721959918737405
-0.05618639662861824
-0.008741512894630432
0.012407583184540272
-0.005805978085845709
-0.01460554264485836
-0.03227686882019043
0.0392397865653038
-0.03568188473582268
0.1308804154396057
-0.01689516007900238
-0.05079584941267967
0.060137789696455
-0.023784376680850983
0.03065822087228298
-0.08492283523082733
0.029655227437615395
-0.10592462122440338
0.031486716121435165
-0.0854339599609375
0.001802758197300136
-0.02910305932164192
0.052103161811828606
-0.029290374368429184
-0.02730612084269524
-0.03259221836924553
0.09665942192077635
0.010690443217754364
0.02849487215280533
0.014835674315690994
0.08356644213199614
-0.011160589754581451
-0.043978311121463776
0.06871600449085236
-0.02040554955601692
-0.0595906488597393
0.06825858354568481
-0.09874922037124632
0.005639337468892336
-0.11882056295871735
-0.11337500810623168
0.08388669788837434
-0.006661923136562109
0.06095068156719208
0.09967956691980362
0.015080269426107407
0.06556572020053864
0.13296188414096832
-0.001881484524346888
0.061378423124551766
0.08879099786281586
-0.008217722177505493
0.01167980581521988
-0.10677096247673035
-0.031265370547771454
0.02300172671675682
0.03434539586305618
-0.08744069933891296
-0.03675493225455284
0.010442503727972507
-0.07121659815311432
-0.0614815391600132
0.03693164139986038
0.017939357087016106
0.009505299851298332
0.012989968992769718
-0.11746580153703688
0.012403136119246483
-0.05175640061497688
-0.04985136166214943
-0.00513846380636096
-0.007205234374850988
0.13049344718456268
0.01944561302661896
-0.04472654312849045
0.07693667709827422
0.061428990215063095
-0.05091776326298714
-0.0006292365724220872
0.007910942658782005
-0.06718520820140839
-0.033863313496112823
-0.08472137153148651
0.019608469679951668
0.009667452424764631
0.11248628050088882
-0.03154436871409416
-0.02920771390199661
0.0007410015678033232
0.10337063670158386
0.032191481441259384
0.10584835708141326
-0.050535786896944046
-0.11160896718502045
0.047093339264392846
-0.053500156849622726
0.04013959690928459
-0.11919456720352171
0.059122633188962936
0.03266501799225807
-0.1100976914167404
0.028187515214085575
0.0657641813158989
0.015005949884653091
0.006638698745518923
0.002032991964370012
0.10611359775066376
-0.008336812257766724
0.08807193487882614
0.11618642508983612
-0.10446266829967497
-0.09854727983474733
-0.045362621545791626
0.00013167818542569876
0.006127974484115839
-0.1088518276810646
0.013882897794246672
-0.11243492364883421
-0.06214148178696632
0.04314854368567467
-0.043886523693799966
0.023125872015953064
0.013999624177813528
0.05152219533920288
0.03883972391486168
0.12097086012363432
0.09870617091655731
0.05021373182535172
-0.014525599777698517
0.04149012267589569
-0.0490514300763607
-0.051890410482883446
-0.008812947198748589
0.015662781894207
-0.09715989232063293
-0.06708511710166931
-0.09239408373832703
0.04349673166871071
0.008229965344071388
0.007650045212358237
-0.04074926301836968
-0.018352825194597244
-0.10309482365846633
-0.0538177601993084
0.030205136165022847
0.0365995354950428
0.06948288530111313
-0.09828201681375504
0.02788987010717392
0.0010642859851941466
0.014522550627589224
-0.0353044830262661
-0.030524481087923046
-0.11718375235795973
-0.04017845168709754
0.06644220650196075
-0.025054682046175003
-0.02227177284657955
0.012033682316541672
0.015310244634747503
0.02162536792457104
-0.0030919821001589294
-0.04400790482759476
-0.00867816526442766
-0.06881412863731384
-0.07659198343753815
0.030692653730511665
-0.041191596537828445
-0.037481319159269326
0.08184093981981277
-0.04490841180086136
-0.03299875184893608
-0.08255720883607864
0.02203677035868168
-0.108258455991745
0.02622295171022415
-0.02765002474188805
0.08986110240221022
-0.12526080012321472
0.00042972376104444265
-0.04215105623006821
0.032308295369148254
0.02319472283124924
0.07944212853908537
-0.07025493681430817
-0.09081079065799712
-0.11161665618419649
0.024267911911010746
-0.0600096806883812
-0.06767572462558745
-0.0043024360202252865
-0.10906650125980376
-0.02769852615892887
-0.08130168914794922
-0.00433094659820199
-0.08369629085063934
0.01791267655789852
-0.03254200890660285
0.025980837643146515
0.022868089377880096
0.110506072640419
-0.12026675045490264
-0.025244101881980896
-0.014306265860795975
0.01748790219426155
0.05945223569869995
0.08646391332149506
0.03261544927954674
-0.09180612862110138
0.09390950202941895
0.026139652356505397
0.07370468974113464
0.04735138639807701
0.04526495561003685
0.06308475881814957
0.05600365996360778
-0.03971755132079125
-0.01922778785228729
0.014448753558099268
0.05894127488136292
-0.03905337676405907
-0.062273580580949776
-0.08708896487951279
0.04439175128936768
-0.021945945918560028
-0.0241677351295948
0.06944902241230011
0.0291769914329052
0.0578717403113842
-0.03723617643117905
-0.06278257817029953
-0.06805315613746643
0.06168879196047783
-0.015558527782559395
-0.026384137570858
-0.04901501536369324
0.10530291497707366
0.006069364491850138
-0.11015042662620544
-0.06224598363041878
-0.09641293436288832
-0.08842206001281738
-0.11348885297775269
0.006329805124551058
0.0006255436455830932
0.027861714363098145
0.039485599845647805
0.0025101122446358204
-0.06369169056415558
0.031322576105594635
0.018274590373039246
-0.031588293612003326
0.05299167707562447
0.07505346834659576
0.16985829174518585
0.13276606798171997
-0.0021488680504262447
0.027288073673844337
0.0478675439953804
-0.011325472965836523
0.0338938944041729
0.021568169817328453
0.1058988869190216
-0.03475230932235718
-0.027135681360960007
-0.11445891857147215
0.015927333384752274
0.003965618554502726
0.007554683368653059
0.09384868294000624
-0.09154428541660307
-0.047174107283353806
-0.0336482860147953
0.045882977545261376
-0.04673681780695915
0.06490439176559448
0.03406249359250069
-0.03501394763588905
-0.072333887219429
-0.1142379492521286
0.03071016259491444
-0.11952431499958038
-0.003743903245776892
-0.11843984574079512
-0.02038489654660225
-0.027964018285274506
0.10335103422403336
-0.056175049394369125
0.0070948232896626
-0.07208344340324403
-0.07578951120376587
-0.011062679812312126
0.04584207385778427
-0.01841966062784195
0.00259640859439969
0.004746231716126204
-0.06289210915565491
-0.013490909710526466
-0.006121322046965361
-0.034620776772499084
0.08427519351243971
-0.09235519170761107
-0.003950637299567461
0.02307462692260742
-0.0491807647049427
0.02828899212181568
0.029039526358246803
0.0400044359266758
-0.10414526611566544
0.09739619493484496
0.05121934786438941
0.07224491238594054
0.02478751353919506
0.03792716190218925
0.009141914546489716
0.05370654165744781
0.050566334277391434
0.06963808834552765
-0.052469350397586816
-0.03286967054009437
0.0074373637326061726
0.0274407472461462
0.03206169977784157
-0.016138549894094467
-0.02096223086118698
0.02547609619796276
0.02985230088233948
-0.09477216750383376
-0.10868386924266817
-0.02574570849537849
-0.03915270045399666
-0.09105084091424942
0.003336359281092882
-0.004255095031112432
0.042604755610227585
-0.007288928609341384
0.018654553219676014
0.027964498847723007
0.009540941566228865
0.026142202317714688
0.001450981362722814
0.02647793665528297
-0.0670611560344696
-0.037065424025058746
-0.06321512907743454
-0.11158537119626998
-0.03530099615454674
0.0789552554488182
0.11398212611675262
-0.0864202082157135
-0.06302112340927124
-0.011598842218518255
-0.11730029433965682
0.14449329674243927
0.03633099421858788
0.05193577706813812
0.06995820999145508
0.053088005632162094
0.05426957458257675
-0.09151726961135864
0.0283907912671566
-0.023827321827411648
-0.04697703942656517
0.06948108971118927
-0.05950003489851952
0.041456427425146096
0.06358052045106888
0.005660212133079767
0.08061698824167252
0.031276337802410126
-0.05849916860461235
-0.0011635661358013747
-0.01662866398692131
0.10692745447158812
-0.016816439107060432
0.09496603161096573
-0.0711640939116478
-0.004534970503300428
0.07951249182224274
0.10458432137966156
-0.11851832270622252
0.15474598109722135
0.049279335886240005
-0.014119334518909454
-0.014895791187882423
-0.10524423420429228
-0.0102985892444849
0.0688820406794548
0.009481632150709629
-0.1264485269784927
0.02293599396944046
-0.036532748490571976
0.036831505596637726
-0.014423755928874016
-0.0005566008621826768
0.04880915954709053
0.04151185601949692
-0.008642440661787985
-0.07238136231899261
-0.07904497534036636
0.07459880411624908
-0.028235631063580516
0.024294152855873108
0.03657142445445061
0.0784446895122528
0.03867557644844055
-0.07561836391687393
0.009603628888726234
-0.0027124020271003246
-0.043869975954294205
-0.0506000630557537
-0.016979483887553215
-0.023994820192456245
-0.06040287390351296
0.03246620669960976
0.0037097134627401833
-0.07964368909597395
0.009125941433012484
-0.010349898599088192
-0.09297614544630049
-0.03273681551218033
0.016484824940562248
0.05290048569440842
0.07789462059736253
-0.12455274164676666
-0.04747825488448143
-0.1045110523700714
-0.033728454262018204
0.01485714130103588
0.04835227504372597
-0.08421455323696136
-0.022090833634138107
0.030379746109247208
-0.059690862894058234
-0.006693472620099783
-0.11664088815450668
0.08872447162866592
-0.008830305188894272
0.010633045807480812
-0.008864581584930422
0.08446966111660004
0.0409686453640461
0.02325136959552765
0.022010011598467823
0.05233384296298027
-0.04960963502526283
-0.019554492086172104
-0.04208594188094139
-0.0158584862947464
-0.031993065029382706
0.014435021206736565
-0.05677925795316696
-0.03073626011610031
0.10339156538248062
-0.0710604339838028
0.03378565236926079
0.10138428211212158
0.00739432731643319
0.0645391047000885
0.07246306538581848
0.003690697718411684
-0.024670632556080815
-0.017124246805906296
-0.018424566835165024
-0.06658244132995605
-0.047487128525972366
0.040299084037542336
-0.09656279534101486
-0.03337448462843895
-0.07986429333686829
0.017222225666046143
-0.0029890271835029125
0.020978540182113647
-0.0021699140779674053
0.003041681367903948
0.06986136734485626
-0.05913224443793297
0.05027582123875617
-0.04679938033223152
0.04826394468545914
0.06212394684553146
-0.08545082807540892
0.006014276761561632
0.0456366129219532
-0.08527769148349763
-0.04138094559311866
0.025590745732188225
0.09774861484766006
0.011326348409056664
0.03619060292840004
0.0658910796046257
0.05381019786000252
-0.005748703610152006
-0.020259851589798927
-0.06946180760860443
-0.004076232668012381
0.04435091093182564
-0.016533909365534782
0.0013749602949246764
-0.020736556500196457
0.010282568633556364
-0.09528374671936035
0.11907513439655304
0.02034043334424496
-0.0588068962097168
0.00952593144029379
-0.006124956998974085
0.004876189399510622
0.03013563901185989
0.060923703014850616
0.017772400751709938
0.09999535977840424
0.057035136967897415
-0.07560627162456512
-0.002218557056039572
-0.0635543018579483
0.08453024178743361
0.007474800106137992
0.145844966173172
0.04080619663000106
0.05920656025409698
0.08861074596643446
-0.04404639825224877
-0.03513207286596298
-0.013059118762612343
0.08833272010087968
-0.022051680833101273
-0.03895425796508789
-0.018951913341879845
-0.011582449078559875
0.022362817078828808
0.08804916590452194
-0.00942990370094776
-0.07791907340288162
-0.0002962086582556367
-0.11662235856056212
-0.07012894749641417
-0.005304883699864149
0.05831252783536911
-0.03117441013455391
-0.06817739456892014
0.020173903554677963
0.09675614535808563
0.04205833002924919
-0.02272011525928974
0.07285232841968536
0.000718905939720571
0.001607492915354669
-0.027540821582078934
-0.00452377600595355
0.038485057651996606
0.026899777352809903
-0.06416109949350357
0.061994362622499466
-0.00307210860773921
-0.11981450021266936
-0.07240810990333557
0.02899801358580589
0.06269122660160065
0.06187421455979347
0.0036525074392557135
-0.106951504945755
-0.05234651640057564
0.06487329304218292
0.02828243561089039
0.04480994865298271
0.07268816232681273
0.04411671683192253
0.02409110590815544
-0.04729568585753441
0.07431577146053314
-0.03816850855946541
0.03788240998983383
-0.07783186435699463
-0.02195695787668228
0.009700736962258816
-0.005955782253295183
-0.019982926547527317
-0.07719995826482771
0.0491829290986061
-0.057721473276615136
0.03236529603600502
-0.10380297899246216
-0.0500212199985981
0.03299468383193016
-0.03537470102310181
0.00526454346254468
0.06534714996814728
0.06764276325702667
0.05877155438065529
0.007931364700198174
0.029004372656345367
-0.12923133373260498
-0.008865946903824806
-0.06077975779771805
-0.06787136197090149
0.02807367965579033
0.024224437773227688
-0.05831192806363106
0.0286564975976944
0.03821144998073578
-0.007299392949789762
0.0074595981277525425
0.048322252929210656
0.03615575283765793
-0.059183765202760696
0.011166502721607683
-0.03851556032896042
0.02111672982573509
0.03848719224333763
-0.0134704802185297
0.008257160894572737
0.09103778004646301
0.08824750036001205
-0.09105972945690156
-0.09304544329643248
-0.029585551470518112
-0.1016499251127243
0.1033921167254448
-0.08205679804086685
0.06303717195987701
0.017165999859571457
-0.03288644179701805
-0.1048453226685524
-0.09809227287769315
0.07867811620235443
-0.02153310738503933
0.023694731295108795
-0.03706094622612
0.027295056730508804
-0.05764209851622581
-0.045474473387002945
0.06587748974561691
-0.03886546939611434
0.004458967130631208
-0.018601082265377045
-0.03246578946709633
-0.00011360889766365288
0.061675898730754845
0.0012622236972674727
-0.04600287601351737
0.003007157240062952
0.09034113585948944
0.019063582643866536
-0.0880396068096161
0.08650653809309004
0.07643663138151167
0.020605843514204025
0.02777689509093761
0.007297156844288111
-0.02834941074252129
0.0033620228059589863
-0.00786639004945755
0.045440416783094406
-0.02435782924294472
0.027117053046822548
-0.029621558263897892
-0.018947137519717216
-0.023333864286541935
-0.023032041266560555
0.0063958452083170405
0.0003970920806750655
-0.07375600934028625
-0.030406054109334946
-0.04796263575553895
-0.06375901401042938
0.05870576947927474
0.0016093034064397216
-0.1104724183678627
-0.09618011116981505
0.06196333095431328
-0.099275641143322
0.005769156385213137
0.04533248767256737
-0.0029483456164598465
-0.003594221081584692
0.013228699564933777
-0.009966082870960237
0.02613958530128002
-0.006257596891373396
-0.010966243222355843
0.06043585017323493
-0.04436115548014641
0.015085216611623764
-0.0969320237636566
-0.02458705753087997
0.10397587716579436
0.058135256171226495
0.12371271848678587
0.013091614469885826
-0.0135564636439085
-0.0584431029856205
-0.1173444464802742
0.031772956252098083
0.02027926594018936
-0.07911126315593718
0.005891016684472561
-0.041731465607881546
0.021800780668854717
-0.05852985009551048
-0.03959241136908531
0.02417617663741112
-0.1117098480463028
-0.11220855265855788
-0.028839739039540287
0.04738045856356621
0.023395705968141556
-0.11520799994468688
-0.0424775667488575
-0.04287809506058693
0.04011893644928932
-0.0038559115491807456
-0.05309436097741127
1.3844459317624567e-05
0.029588881880044937
-0.028829915449023247
-0.05784747004508972
0.06736357510089874
-0.03871009498834609
-0.03675410896539688
0.014445453882217407
0.01674620248377323
0.037628579884767525
0.014370354823768137
-0.09027271717786789
0.019754063338041306
0.025295276194810867
0.024643361568450928
-0.1204402521252632
-0.057330645620822906
-0.06138366088271141
-0.018905479460954663
-0.10753846168518066
0.004450671840459108
0.0008481045952066779
-0.030626505613327023
0.057374883443117135
-0.04948003962635993
-0.032446667551994324
-0.05572361871600151
0.09530901908874512
-0.03201687335968017
-0.02482801117002964
-0.12190406024456024
-0.009139588102698326
-0.009368665516376495
-0.019501592963933945
-0.005019390489906073
-0.04011828452348709
-0.11658785492181777
0.014241499826312063
-0.05330052226781845
-0.10701715946197508
0.00016530638094991443
-0.09055325388908386
-0.03425193950533867
-0.04618937894701958
-0.07171344757080078
0.03216781467199325
-0.033863525837659836
-0.09496651589870451
0.03443961963057518
-0.0735398232936859
0.01555882953107357
0.01439093891531229
-0.11725127696990965
-0.11876332759857176
0.04071616753935814
3.4610158763825893e-05
-0.02830672636628151
-0.11355679482221603
-0.005391505546867848
0.06841854006052017
-0.0011800943175330758
-0.014381112530827522
0.035061608999967575
-0.054200951009988785
-0.039976250380277634
0.04165139049291611
-0.03820554539561272
-0.03104574605822563
0.05407044664025307
0.007813360542058945
0.07457506656646729
0.031126271933317184
-0.02454696036875248
0.024159885942935944
-0.04713096842169762
-0.04393583536148071
-0.0723658800125122
-0.05461016669869423
0.02184746414422989
0.0550994835793972
-0.114361971616745
-0.012720972299575804
-0.033335234969854355
-0.016872894018888474
-0.07901559770107269
0.01950870454311371
-0.017557447776198387
-0.015536848455667496
-0.07638502120971678
-0.05345706269145012
0.029658624902367592
-0.08812837302684784
-0.031457539647817605
0.03460720553994179
0.038181673735380166
0.030699526891112328
-0.03489728271961212
-0.10163509845733643
-0.05810746178030968
0.036888118833303445
-0.03596886619925499
-0.0813273638486862
0.03534035012125969
-0.055963147431612015
0.04086791723966599
-0.03740333393216133
-0.1167709231376648
0.1268721967935562
-0.07436075806617738
0.04497739672660828
-0.004154704045504332
0.060321174561977386
-0.09456728398799896
-0.096454918384552
0.04094700142741203
-0.04725319519639015
0.08113437891006468
0.10931180417537688
-0.1207643747329712
0.06708315759897232
0.03928006067872048
-0.0706789493560791
-0.0966966301202774
0.038316790014505386
0.04038446396589279
-0.04502388462424278
-0.07051943242549896
-0.05305561795830727
0.04368533194065093
-0.04069856181740761
0.053963445127010345
-0.03865202888846397
-0.0874132588505745
-0.11707939207553864
-0.06431000679731369
0.051068447530269616
0.08392505347728729
0.02773253247141838
0.05776185914874077
-0.04866201803088188
0.005932899657636881
0.025825263932347298
-0.04394877329468727
-0.08958205580711363
-0.019586008042097088
-0.010814063251018524
0.1162760704755783
0.018183957785367966
-0.003669958095997572
-0.12678299844264984
0.02157570794224739
0.025986451655626297
-0.11930131912231444
0.11456416547298431
-0.011561940424144268
-0.007669718470424413
-0.0333847738802433
-0.026181550696492195
-0.028324633836746212
-0.06044371426105499
-0.0724838078022003
-0.006054901052266359
0.018334755674004555
-0.08027034997940062
0.030310133472085
-0.025483373552560806
0.06251586973667145
0.05607123672962189
-0.004647850524634122
-0.005110507365316153
-0.005655461456626654
-0.0555575005710125
0.07988622784614563
-0.10736117511987686
0.0250290222465992
-0.05653446540236473
-0.11498094350099564
0.02478184178471565
-0.11873230338096619
-0.0069637480191886425
-0.08672381192445755
0.054809313267469406
-0.04266628623008728
-0.04691127315163612
-0.055534727871418
0.03133716806769371
-0.05069565400481224
0.012241358868777752
0.03216910362243652
0.09373240917921066
0.007297864649444818
0.01471264474093914
-0.019527999684214592
0.00192459428217262
-0.1222078800201416
0.028830561786890026
-0.09001849591732025
-0.09561823308467865
-0.023641437292099
0.01839805766940117
-0.044312868267297745
0.03814242407679558
0.027784235775470734
-0.05197375267744064
-0.04524325206875801
0.006099207792431116
0.0047584292478859425
0.011174794286489487
0.028137393295764923
-0.11822905391454697
0.11119027435779572
0.05941738560795784
-0.11754359304904936
0.07010861486196518
-0.026933563873171806
-0.061127401888370514
-0.07497233152389526
-0.014529237523674963
0.05551835522055626
0.008430944755673409
0.003820959944278002
-0.08842195570468903
0.12420998513698576
0.03937503695487976
-0.10224582254886629
-0.12496127188205718
-0.023804062977433205
-0.039609219878911965
0.05736131593585014
-0.01623815670609474
0.028716685250401497
0.018629800528287888
-0.005926671903580427
0.012799770571291447
0.007527068722993135
-0.027543844655156132
0.06430792808532715
0.016845032572746277
-0.022874031215906143
-0.038243737071752555
-0.03824200481176376
-0.0883629322052002
0.014158099889755247
0.020468760281801224
-0.050482336431741714
-0.05621838942170143
-0.09546254575252533
0.0003063607728108764
-0.09827911853790285
-0.0013204446295276284
-0.04872317984700202
0.016752030700445175
-0.04086243361234665
0.014177213422954082
-0.035183135420084
-0.09181161969900131
-0.01593395695090294
0.04134014621376991
-0.032657943665981286
-0.022593596950173375
-0.047399144619703286
-0.016420969739556313
-0.023867595940828323
-0.0023147924803197384
0.084418885409832
0.028698790818452835
0.086721271276474
-0.05379331484436989
-0.03218650072813034
-0.04083700850605965
-0.06499277055263519
-0.1183137521147728
-0.1278032660484314
-0.06254535913467407
0.0295637771487236
-0.01841328851878643
0.06924107670783997
-0.03521639108657837
0.0018664043163880704
-0.014615561813116072
-0.015629876405000687
0.0021866164170205597
-0.010971689596772192
0.030990004539489743
-0.03148035332560539
-0.04020333662629128
-0.049169328063726425
-0.05617665126919746
-0.013231882825493813
-0.1023082211613655
-0.12867256999015808
0.015836017206311222
0.00042064522858709097
0.007657267618924379
-0.0783950388431549
0.014649895951151848
-0.10583680868148804
0.13390445709228516
-0.03858484700322151
-0.0830155909061432
-0.10405555367469788
0.06401076912879944
-0.054322756826877594
-0.1019790768623352
0.015633122995495796
-0.08547298610210417
-0.08749164640903474
-0.06026322022080421
-0.02952858619391918
0.02191605046391487
-0.06838482618331909
0.05276631936430931
-0.008164525032043457
-0.09383156895637512
-0.08361318707466125
0.05880681425333023
-0.05394654721021652
-0.005861285608261824
-0.06829558312892914
-0.039389245212078094
0.04182280227541924
-0.07010605931282043
-0.09700428694486618
-0.06460077315568924
-0.014562437310814856
0.07647068798542023
-0.0839255452156067
-0.04671331495046616
0.01843753457069397
0.06950755417346953
0.010429325513541698
0.05149579420685768
-0.03276481851935387
0.0015432931249961257
0.06915242969989777
0.01871095784008503
0.04025312513113022
-0.09042580425739288
-0.11810532957315444
0.007763751316815615
-0.07169930636882782
-0.05006006732583045
-0.03598963841795921
-0.001976568251848221
-0.06562652438879013
0.028679953888058662
-0.10554788261651991
0.12848617136478424
0.08536719530820847
0.029529891908168793
-0.03423375263810158
-0.09640948474407197
0.0015502612804993987
-0.12906379997730255
0.0641992837190628
0.021651329472661015
0.0951251983642578
0.07373768091201782
0.009481953456997871
0.0006917662685737014
-0.008722241967916489
-0.11844509840011597
-0.04091855511069298
0.0547746866941452
0.03872455656528473
-0.10624723136425018
-0.046259887516498566
-0.08039447665214537
-0.05974661186337471
-0.05172283574938774
-0.022162768989801407
0.02901893109083176
0.051279503852128976
-0.11959178745746613
-0.040215980261564255
-0.0899278447031975
0.09978063404560088
0.07221412658691406
-0.11614617705345152
0.06852994114160538
0.0044648353941738605
0.0019319982966408131
-0.049729976803064346
0.03194984421133995
-0.03081874549388885
0.04280124977231026
-0.04589315131306648
0.07785175740718842
-0.10967832803726196
-0.06407065689563751
-0.11895627528429031
0.037528600543737405
-0.016394291073083878
0.07487981021404265
-0.010410143062472343
-0.0360816977918148
-0.00010022392962127924
0.0007162973051890731
0.02249385416507721
0.047248054295778275
0.05616852268576623
-0.01418619230389595
-0.03993886336684226
0.08955353498458862
0.06602177768945694
0.004451549146324396
-0.0866013765335083
0.014445748180150984
-0.01431568618863821
0.01032974012196064
0.03662766516208649
-0.02861187607049942
-0.060020849108695984
0.002268406096845865
-0.01992117054760456
-0.100939080119133
0.011234905570745468
0.03376166149973869
-0.054339494556188576
0.07704570889472961
0.06988973915576935
0.020459856837987896
-0.024199094623327252
-0.0529831163585186
-0.10749253630638123
0.049527835100889206
0.07027748227119446
0.030163003131747242
0.04483425989747048
-0.04560280591249466
-0.07624388486146928
0.014687296003103256
0.027887728065252304
0.07824689149856566
-0.02208629250526428
-0.1111503392457962
0.04105786234140396
-0.009444719180464745
-0.05371862277388573
0.035189982503652566
-0.09728065878152849
-0.043121565133333206
0.21456587314605713
0.02529999241232872
0.018581733107566837
0.0056963921524584285
0.09996074438095091
-0.020392004400491714
0.031586438417434685
0.01839968934655189
0.06768724322319031
0.04271731898188591
-0.05856380239129066
-0.09223456680774687
0.039378296583890915
-0.0658106654882431
-0.008332098834216593
0.014176630415022371
0.11310522258281708
-0.06870374083518982
0.04170425236225128
0.04270308464765549
-0.005839634221047163
-0.01945849135518074
0.05606953427195549
0.02761565521359444
0.03161247819662094
0.021329497918486595
-0.036485765129327774
-0.0352826751768589
-0.017992325127124786
0.052848499268293374
0.0073376805521547794
-0.05238258466124535
0.02478605695068836
-0.03262639418244362
-0.040170643478631966
0.04667624831199645
-0.0454690046608448
-0.024679759517312046
-0.028577130287885662
0.051813516765832894
-0.11750566959381104
-0.10170257091522215
-0.11206533759832382
-0.10521382093429564
-0.02167587913572788
-0.011778810992836952
0.09432262182235715
0.00752319348976016
-0.012522943317890167
-0.1155024841427803
0.0006322640692815185
-0.02006988599896431
-0.017282553017139435
-0.04925988242030144
0.013943031430244444
-0.007016438525170088
-0.07829231768846512
-0.010888699442148209
-0.035882618278265
0.03600551560521126
0.02310192957520485
-0.07800723612308502
0.02624601125717163
-0.09267230331897736
-0.05330846086144447
0.029188506305217743
0.012046692892909048
-0.0020516435615718365
0.0421193391084671
-0.09582160413265228
-0.013278128579258919
0.10804102569818495
-0.060940857976675034
-0.03987453132867813
0.06092543900012969
-0.012838074937462807
-0.003454767633229494
-0.013115502893924711
-0.05305920913815498
0.032760389149188995
-0.014832187443971632
0.07008227705955505
-0.07791271060705185
-0.017456283792853355
-0.07305960357189177
0.050893861800432205
0.12023446708917616
-0.029758812859654423
0.020226871594786644
-0.08331239223480225
-0.10597339272499084
-0.024732615798711777
-0.05133954808115959
-0.0038906591944396496
-0.031034938991069797
0.0382358655333519
-0.02804182097315788
-0.0031970064155757427
-0.005829689558595418
-0.10513380169868468
-0.05430620536208153
-0.04020418226718903
0.08832950890064238
-0.016468094661831856
0.07855430245399475
0.030223704874515533
0.010216331109404564
-0.09130148589611053
0.030999887734651566
-0.10231752693653107
-0.04556245729327202
-0.017996031790971756
-0.11507987976074217
-0.004999780561774969
0.09597859531641006
-0.04596549272537232
-0.02042839489877224
-0.09126126021146774
-0.05922399088740349
0.00598664628341794
-0.04849138855934143
-0.1267575770616531
0.030573593452572823
0.04200612008571625
-0.08858748525381088
-0.09700261056423187
0.03942563384771347
-0.0007528063142672181
0.006363633554428816
0.11761306226253508
-0.021844971925020214
0.016331840306520462
-0.017105210572481155
-0.06999970972537993
0.07002276182174683
-0.12691591680049896
0.11230462789535522
-0.0609717033803463
-0.013408250175416468
0.056795097887516015
-0.0167817622423172
0.0415559895336628
0.06754618883132935
-0.0652957484126091
0.04798672720789909
0.033442117273807526
0.021980468183755875
-0.009453091770410536
0.022354435175657272
0.10853288322687148
0.035439085215330124
-0.010761395096778868
-0.012853015214204788
-0.014006651937961578
0.004328079055994749
-0.08936206996440886
-0.046872064471244805
0.10729333013296127
-0.06515476107597351
0.008891506120562553
0.037354018539190285
-0.019842579960823056
-0.029579024761915207
-0.004652867559343576
0.013251043856143951
-0.02508058026432991
-0.06254184246063232
-0.10909096896648406
-0.10010982304811476
-0.04681512713432312
0.06061631813645362
0.050725068897008896
-0.02382871508598328
-0.0581938810646534
-0.028212282806634903
0.11742200702428816
-0.07071450352668762
-0.09155678749084473
-0.06421887874603271
0.06850170344114304
0.011486461386084557
0.05592723563313484
-0.05815452337265015
-0.12080547213554382
-0.07988964766263962
-0.003276923205703497
-0.10664130747318268
-0.00888088997453451
-0.10633307695388793
0.08604313433170319
-0.0805271938443184
-0.03575796261429787
-0.05388772115111351
-0.05544260889291763
0.09154030680656432
-0.10178901255130768
0.05282117426395416
-0.0035772020928561687
-0.04700979217886925
0.0024163038469851017
0.02670080959796905
-0.08114729821681976
-0.1092703565955162
-0.017883874475955963
0.0380973182618618
0.005004900507628918
0.13284985721111295
-0.018094871193170547
-0.11393940448760986
-0.05965028703212737
0.002575515303760767
-0.030120525509119037
-0.020430736243724823
0.01663472317159176
-0.0521075427532196
-0.03281344100832939
-0.05908400937914848
-0.021484481170773503
-0.07219406217336655
-0.02909497916698456
0.030061036348342892
-0.034615110605955124
0.08539275825023651
0.13141725957393646
-0.06172221526503562
0.04222635552287102
-0.11921623349189758
0.010727187618613245
-0.06970102339982985
-0.04570239782333375
-0.03573484718799591
0.020011883229017258
0.013538380153477192
0.09412383288145064
-0.0884101390838623
0.04051749035716057
0.012660037726163864
0.038064248859882355
-0.017997588962316513
0.007993066683411598
0.06329739838838577
0.037501618266105645
-0.09573936462402344
0.055074620991945274
-0.12272435426712036
0.035933833569288254
-0.12026870250701904
0.07406622171401978
-0.07087283581495285
-0.044790502637624734
-0.004244580399245024
-0.06451071798801422
0.003175509627908468
0.016832495108246803
-0.008720196783542633
0.018290698528289795
0.05699184536933898
0.013197015970945358
0.0749668776988983
0.03427522256970405
0.04716517403721809
0.03288795053958893
-0.019608113914728165
0.0021762833930552006
0.002342494670301676
-0.0762372687458992
-0.03904778510332108
-0.10767395794391632
-0.08710404485464096
0.11150132119655608
0.021857447922229767
-0.0026037204079329967
0.0670471265912056
-0.07732935249805449
0.07402265816926956
-0.00399543298408389
-0.08981514722108841
-0.01987224444746971
-0.0677398219704628
-0.11959331482648848
0.11630895733833312
0.01843346282839775
0.0050985855050385
0.04238327220082283
-0.08293172717094421
-0.10393858700990675
-0.11711493879556656
-0.005784497130662202
0.048862162977457047
-0.0616883747279644
-0.0878724530339241
-0.09881538152694702
-0.0075019015930593005
0.009576570242643356
0.002376606222242117
0.07428243756294249
-0.039618905633687966
0.0031817848794162278
-0.11430447548627852
-0.10199804604053496
0.05949138104915618
0.13250476121902463
-0.006027385126799345
-0.042429324239492416
-0.07618667930364607
0.06101717427372933
0.053346309810876846
-0.042184118181467056
0.044488884508609765
0.032251741737127304
0.009386111050844193
0.016828786581754684
-0.06175437197089195
0.09078439325094224
0.06655802577733994
0.035079225897789
-0.05752519145607948
0.06099269911646842
-0.03607184812426567
-0.04468889907002449
0.02229759469628334
0.07933267951011658
-0.04028813168406487
-0.05194581672549248
0.007078762631863356
-0.05139349773526192
0.04558510705828667
-0.09020905196666716
-0.07922281324863434
-0.05105157569050789
-0.03836723789572716
-0.005122642498463392
-0.029246989637613297
-0.048459943383932114
0.0964164286851883
0.021603140980005264
-0.08991621434688568
-0.01677105575799942
-0.05011262372136116
0.011470433324575424
-0.02142162248492241
-0.031147085130214688
-0.04135975241661072
-0.1184406131505966
-0.01949932798743248
0.036445602774620056
-0.047839146107435226
0.015200112015008926
0.064521424472332
0.05628115311264992
0.003723998088389635
-0.05209304764866829
0.023874085396528244
-0.004315467085689305
0.032463472336530685
0.016537228599190712
-0.10224489867687224
-0.1145677864551544
0.009479230269789696
0.006306766532361507
-0.09360898286104202
-0.051261100918054574
0.09405751526355743
-0.012661891058087347
-0.04035499319434165
0.012196699157357216
0.019566189497709274
0.06485959142446518
-0.002587239723652601
-0.023917727172374725
0.03005323931574821
-0.11056307703256608
-0.09658513963222504
-0.0027750148437917233
0.027561135590076447
0.0901205837726593
0.06688780337572098
-0.03818395361304283
-0.07014286518096924
-0.01709138974547386
-0.0776575282216072
-0.03640320152044296
-0.07046124339103699
-0.10259108990430832
0.035905446857213974
-0.04506005719304085
-0.06624331325292587
-0.06642656773328781
0.14576414227485657
-0.06389141082763672
0.1030844897031784
-0.041453327983617776
-0.04773629829287529
-0.08082494139671324
0.07745085656642915
-0.07651292532682419
-0.02944931946694851
0.03228113800287247
-0.08550350368022919
0.021795403212308884
0.10897617787122726
-0.09617139399051666
-0.07099240273237228
-0.019937753677368164
0.023705920204520226
0.07702861726284027
-0.011648991145193577
-0.08106136322021484
-0.06290115416049957
-0.10847127437591551
-0.05459120869636536
-0.002418308053165674
-0.04639304056763649
0.05189677700400352
0.04330502822995186
-0.06208058819174767
0.053841106593608856
-0.04112046584486961
-0.07507508248090744
-0.04286138340830802
0.036104023456573486
0.06730711460113525
0.07507345825433731
-0.014007908292114735
0.06246748939156532
-0.023387208580970764
0.049825940281152725
-0.0027074939571321006
0.05869389697909355
-0.027896981686353683
-0.11099559813737868
-0.12150926887989044
-0.01967170462012291
0.12002812325954436
-0.1081455573439598
0.034403201192617416
0.08479809761047363
0.046200431883335114
0.0061837756074965
-0.02971905469894409
0.03167848289012909
-0.02087509632110596
-0.0837109237909317
-0.01749243587255478
0.013019891455769537
-0.04008607193827629
-0.041740771383047104
0.00536699453368783
0.13929665088653564
-0.060672305524349206
-0.07694569230079651
0.14606411755084991
-0.07038557529449463
0.027154963463544846
0.032721079885959625
0.1030484139919281
0.004080509766936302
0.013877354562282562
0.11525864899158476
-0.02582568861544132
0.04466229304671288
0.016413342207670212
-0.029789144173264503
-0.0012304425472393632
-0.010276762768626211
0.057281140238046646
-0.007137204986065625
-0.00197013420984149
0.014210609719157217
-0.03912677243351936
-0.12346325814723969
-0.032783571630716324
-0.04676087945699692
0.021432384848594666
0.014088781550526617
0.08487141132354736
-0.06367289274930954
-0.08343342691659926
0.06113916262984276
-0.0032966765575110912
-0.002965196501463652
-0.005566647741943598
-0.0420607328414917
0.04955506697297096
0.075699120759964
0.038507845252752304
0.02328256517648697
0.043589767068624496
-0.05455463007092476
-0.028686165809631348
0.061745502054691315
-0.0715377926826477
-0.03576115146279335
-0.09252257645130157
-0.03496396914124489
-3.040069714188576e-06
-0.020390227437019348
0.02839167043566704
0.10617267340421677
0.12323398888111115
0.01616278663277626
-0.022198978811502457
-0.10134766995906828
-0.06681106984615326
0.012572952546179295
-0.07036940753459929
-0.06393960863351822
0.043234445154666894
-0.08967442810535432
-0.050155725330114365
-0.00627067917957902
0.009608067572116852
-0.08532786369323729
0.021696301177144047
0.021465227007865902
-0.009861829690635203
-0.11593200266361237
-0.08130070567131041
0.03338318318128586
-0.04126417264342308
0.022627262398600575
-0.0067218909971416
-0.0030198725871741767
0.10326436161994934
0.0353383868932724
0.09724736213684082
-0.05118650570511818
-0.04579495266079903
-0.04020437970757485
-0.06430985033512115
0.013156900182366371
0.049313534051179886
-0.12694142758846283
-0.05478214845061302
0.009566986002027987
-0.02320191077888012
0.07295684516429901
-0.03435928001999855
0.039064407348632806
-0.0033006169833242893
-0.028722705319523808
-0.047970239073038094
0.04145849123597145
-0.04951307550072669
-0.10301198065280914
-0.052188728004693985
-0.013774522580206394
0.04142320901155472
-0.06966382265090942
0.040133435279130936
0.06551539152860641
0.07091090828180313
-0.050860293209552765
-0.016289368271827694
-0.05594724044203758
-0.03213101625442505
0.09506870061159134
-0.03692694008350372
-0.03043188527226448
-0.04931887239217758
0.12590563297271729
-0.07713402807712555
0.042519304901361465
0.06590916216373444
-0.01868554577231407
-0.09005071967840193
0.030059764161705967
0.02457996644079685
-0.055503856390714645
-0.12177249789237976
0.019957009702920917
0.03164983168244362
0.02995586395263672
0.08467981219291687
0.00033946463372558355
0.016808757558465004
-0.10173914581537245
-0.06084482744336128
-0.00913282297551632
0.04292634129524231
0.002326006535440684
-0.0545564591884613
-0.07891920208930969
-0.09796871244907379
-0.09310250729322432
-0.04554108902812004
0.01286501996219158
-0.024999091401696205
0.014602824114263056
-0.09903278946876524
0.06143530085682869
0.028425998985767365
-0.0359945185482502
0.013944288715720177
0.04024077579379082
-0.10727673768997192
0.005507720168679953
-0.01253751665353775
0.05368039384484291
-0.10444697737693787
-0.07795540988445283
0.006617080885916948
-0.07399220764636993
0.11420948058366776
0.0431549958884716
-0.01333022490143776
0.026646655052900314
0.02781566046178341
-0.030803728848695755
0.03463834896683693
-0.05458163097500801
-0.012857484631240368
-0.11766550689935684
0.038255173712968826
0.050317112356424325
-0.07981393486261366
0.1326754242181778
-0.02440662495791912
-0.03553150221705437
0.058998536318540566
0.07389517128467558
0.010840566828846931
-0.067973293364048
0.04306607320904732
-0.04356890544295311
-0.05210977047681808
-0.018242120742797848
-0.04019498452544212
-0.05048989504575729
-0.03447758033871651
0.020084567368030548
0.006518413778394461
-0.06461335718631744
-0.010525031015276907
0.016215158626437187
-0.04685014113783836
-0.020698554813861847
0.0413898341357708
0.02254186384379864
0.032155733555555344
0.09761197119951248
-0.003449851181358099
-0.020618148148059845
-0.03891809657216072
0.010034704580903052
-0.10052962601184844
-0.03046957030892372
0.013781990855932236
0.0932832658290863
-0.02323670126497745
-0.12083718925714491
-0.05197907984256744
0.011334438808262348
-0.078811451792717
0.020664025098085403
-0.014849709346890448
0.021210648119449612
-0.046026479452848434
-0.0479055680334568
0.035030242055654526
0.05786731094121933
0.041724808514118195
-0.019045595079660412
0.05759160965681076
0.06625813245773315
0.03340325877070427
0.0797860771417618
0.001795960939489305
0.004375821445137262
0.030840734019875526
-0.12056148052215576
0.002327101770788431
-0.03769794851541519
-0.06518304347991943
-0.03865403309464455
0.043176691979169846
-0.05281100794672967
0.038308288902044296
-0.0627230703830719
-0.059256214648485184
-0.008836200460791588
-0.06977938115596771
-0.0027353274635970592
-0.016133233904838562
-0.046729065477848046
-0.01643056608736515
-0.07140247523784637
0.018361184746026993
-0.03467182070016861
-0.05149533599615097
-0.1113058179616928
0.16420619189739227
0.033864282071590424
0.017858797684311867
0.027748661115765568
-0.03230538219213486
-0.05606544390320778
0.0032476731576025486
-0.02803353779017925
-0.0712510272860527
-0.07471142709255217
-0.04160149022936821
0.031971339136362076
-0.02546960301697254
0.023008693009614944
-0.0195795651525259
-0.005881040822714567
0.03148433193564415
-0.028154684230685238
-0.011423559859395027
-0.1130758598446846
0.015490422956645489
0.01903892308473587
-0.017539605498313904
0.020601168274879452
-0.10273505002260208
-0.009683419018983841
0.013425486162304878
0.022196365520358086
0.034012190997600555
0.04449872300028801
0.05036813020706177
-0.03222952410578728
-0.06629329919815063
0.024411670863628387
0.06579355895519257
-0.06961430609226227
0.12212543189525604
0.012242907658219336
0.07159614562988281
-0.0401158481836319
0.061423685401678085
-0.12244550883769988
0.05231397971510887
0.04072900488972664
0.025375049561262127
0.06123539432883263
-0.05373091623187065
0.056403759866952896
0.02508733980357647
-0.059385396540164954
0.11805644631385805
-0.07236174494028091
-0.053312111645936966
-0.067459836602211
0.006301157642155886
-0.02223041281104088
-0.0006379071855917573
-0.11332365870475768
0.010158127173781393
-0.0973374843597412
-0.08285123854875565
-0.09329345822334288
-0.08649705350399017
-0.11402119696140288
-0.02817147597670555
0.0641496554017067
-0.07726234942674637
0.02958684973418713
-0.011244614608585835
0.05714819207787514
-0.07365755736827849
0.07713629305362701
-0.013485655188560484
0.01964561641216278
0.06435924768447876
-0.08820950239896774
-0.02776380069553852
-0.030586447566747665
0.0002791903680190444
0.11037306487560272
0.026351403445005417
-0.057455830276012414
0.05093371868133545
-0.0730888694524765
-0.11635097861289978
0.033944256603717804
-0.008304432965815067
-0.017422977834939957
0.047911915928125375
0.008210567757487297
0.04557390511035919
-0.018932346254587173
-0.11172759532928465
0.00933312065899372
-0.016808778047561646
0.020132888108491898
0.09931436181068419
0.03617092594504356
0.08077142387628555
0.07891448587179184
0.06123657897114754
-0.03824427723884583
0.02131225354969501
-0.04338695108890533
0.043621715158224106
-0.028887994587421417
-0.03186025843024254
-0.08311082422733305
0.030230455100536343
0.044146139174699776
-0.08632708340883255
0.02807075530290604
-0.06935492157936096
-0.05416182056069374
-0.03425660356879234
0.04016943648457527
-0.049564722925424576
-0.11398445814847946
0.026184232905507088
-0.04553523287177086
-0.01860266923904419
0.07477036118507385
-0.0977836176753044
0.0002285767113789916
0.020373836159706116
-0.0670466348528862
-0.06565986573696136
-0.03734396770596504
-0.06092085689306259
-0.0476408414542675
-0.026355782523751255
0.040652241557836526
-0.07127148658037186
-0.005493552889674902
-0.07177560031414032
0.03856567665934563
0.0825372114777565
0.056711696088314056
0.04788744822144508
0.014992210082709788
0.005996161140501499
0.028569038957357407
-0.08956614136695862
0.03469936177134514
-0.08150484412908554
-0.12470684945583344
0.0076213707216084
0.02284560166299343
0.053373824805021286
-0.029438087716698647
-0.10945165157318117
-0.015623938292264938
0.030996132642030716
-0.021565921604633328
-0.004943266045302153
-0.12659712135791779
0.013052130118012428
-0.025644095614552494
0.02947698533535004
-0.10291411727666853
0.020851280540227887
-0.09387342631816864
-0.03418071195483208
0.00539053650572896
-0.03729185834527016
-0.08302868902683258
-0.03084338828921318
-0.0658593699336052
-0.03454246744513512
0.002493290696293116
-0.0004959391662850976
0.09251578152179718
-0.04157131165266037
-0.02456245571374893
0.10084480047225952
-0.03260034695267677
0.009724553674459456
0.007663697469979523
-0.008414831012487411
0.0010468180989846587
-0.04594086483120918
-0.05362958461046218
-0.05452590063214302
-0.05487443134188652
0.000287385075353086
0.02684821560978889
0.10043025016784668
-0.0708533450961113
-0.08897721022367477
0.05611152946949005
0.012922890484333038
0.06075764447450638
0.010708869434893131
-0.021433185786008835
0.052821453660726554
0.0012580681359395385
0.003003739286214113
-0.11640438437461852
-0.06253992766141891
-0.09918991476297377
0.08540356904268263
-0.061611581593751914
0.02983840554952621
-0.022073373198509216
-0.06525518000125885
-0.0033903694711625576
-0.007882649078965187
0.032969880849123
-0.0496845357120037
0.05286886915564537
0.020023729652166367
-0.05144920200109482
-0.10213628411293028
-0.015834245830774307
0.010867469944059849
0.0038360976614058018
-0.011534741148352621
-0.0356832779943943
-0.05771377310156822
0.006742802914232016
0.029448391869664192
-0.09538906812667847
0.008957702666521072
0.03423275798559189
-0.0854135975241661
-0.03975186124444008
-0.011145338416099548
-0.012338317930698395
0.023554338142275807
-0.038727696985006325
-0.10295262187719344
0.006567268632352352
-0.02377185598015785
-0.0764670893549919
-0.06864136457443237
0.07040877640247345
0.10886468738317488
-0.06506046652793884
0.03732486814260482
-0.02744841761887073
-0.006902941036969423
0.12173659354448318
0.021534761413931847
-0.008155501447618006
0.01328278798609972
0.110090434551239
-0.01915956661105156
-0.021497482433915135
-0.02601861022412777
-0.03683064877986908
-0.01932384818792343
-0.02181508019566536
0.020905863493680957
0.024375423789024356
0.02887812629342079
-0.030958648771047592
-0.04554770886898041
0.06017757207155228
0.049143239855766296
0.08339910954236984
0.06803488731384277
0.006215181667357683
-0.05771997198462486
0.08386902511119841
-0.07058125734329224
-0.0724181681871414
0.013158640824258327
0.03698153421282768
-0.006012450437992811
-0.0011162139708176255
-0.04980337992310524
0.06997646391391754
0.0439099557697773
-0.026590336114168167
-0.05395398661494255
0.01335928589105606
-0.01244792528450489
0.034837570041418076
0.001569377607665956
-0.05495494976639748
-0.05086253210902215
0.08523380011320114
-0.0023233178071677685
0.09425158798694609
-0.03205452114343643
-0.031332507729530334
-0.02298615127801895
0.019527053460478783
0.04644276946783066
-0.07586868852376938
0.021270273253321648
-0.038157016038894646
0.13129033148288727
-0.0013295222306624055
-0.04118387401103973
0.07707589864730835
0.055537667125463486
0.0637139081954956
-0.08961695432662964
0.0251877885311842
-0.03600842505693436
-0.022100524976849556
0.030717756599187847
-0.11320705711841585
-0.024947382509708405
0.09085345268249512
0.049195241183042526
-0.13483275473117828
0.035936687141656876
0.020732883363962173
0.05022848770022392
0.02022579498589039
-0.09673631191253662
0.049136783927679055
-0.046838134527206414
0.06092633679509162
-0.028432777151465412
-0.064845509827137
-0.11016806960105896
0.03151491656899452
-0.055470384657382965
0.07223714888095854
-0.11660080403089523
-0.11912716925144196
-0.08897259831428528
-0.00021798827219754455
-0.06410323083400726
-0.03362252190709114
-0.1198778748512268
-0.0032519656233489518
0.13932956755161283
-0.014610569924116135
0.08866465836763382
-0.12445737421512604
0.012165131047368048
-0.002111175563186407
0.10040535032749176
0.06854081153869629
-0.07139718532562256
0.05319586023688316
-0.10115481168031693
-0.043583694845438
-0.004869481083005667
-0.017232336103916168
-0.06253473460674286
0.05187205970287322
-0.03928251937031746
-0.020193777978420258
-0.11363948136568068
0.005152697209268808
-0.08908867835998534
-0.10022972524166109
0.01266118511557579
-0.06120012700557709
0.05175727978348732
-0.05824163183569908
0.014487469568848608
-0.11857816576957703
-0.031284455209970474
-0.11016540229320526
-0.007607699837535619
-0.03776310756802559
0.10977788269519805
-0.07511211186647414
-0.10523595660924911
0.030969711020588875
0.09093447774648665
-0.043769828975200646
-0.11690500378608704
-0.07421484589576721
0.03594842553138733
-0.041847415268421166
0.04353960603475571
0.12479980289936064
-0.10185319930315016
-0.018165076151490208
0.09721267968416213
0.03135726600885391
-0.06117197871208191
-0.018034877255558968
-0.1101270318031311
0.008826427161693573
0.030742723494768143
-0.012142719700932503
-0.09027925133705139
0.08839882165193556
-0.08334951102733613
-0.009208012372255325
0.048588450998067856
-0.09532846510410307
0.026437982916831967
0.08873513340950012
0.015390556305646896
0.035469088703393936
0.06141794845461845
0.08598489314317702
-0.10083841532468796
-0.0791679546236992
0.020410018041729927
-0.09682428836822508
-0.04050793126225472
-0.008889496326446533
0.0033374442718923088
-0.02172908186912537
0.011433107778429983
-0.002222387585788965
0.046099554747343056
-0.01343361847102642
-0.012375496327877045
-0.07511103153228758
-0.028606183826923367
0.015661258250474926
0.017661917954683304
0.08926448225975037
-0.05853703245520592
0.015986939892172813
-0.12178799510002136
-0.027210744097828865
-0.05946981906890869
-0.0372491367161274
-0.0018493091920390723
0.008058148436248302
0.039800014346838
-0.03301018849015236
-0.10461843758821487
-0.00028580205980688334
-0.03701639175415039
0.05669556185603142
-0.12252531200647354
-0.0006851122016087174
-0.03140458092093468
0.09646835923194884
-0.01714167930185795
0.014153921976685524
-0.06093904376029968
-0.038548070937395096
0.033897630870342255
-0.004806175362318753
0.006344736088067293
-0.038605883717536926
0.030353372916579247
-0.09962132573127745
-0.04694889485836029
-0.03590981289744377
0.020856473594903942
0.002536243293434381
0.09512297809123993
0.0077297152020037166
-0.02272112667560577
-0.13076987862586975
0.05479500070214272
-0.01961501315236092
-0.01576256193220615
-0.03888795897364616
0.044100139290094376
-0.011822907254099844
-0.017451010644435883
0.03058226779103279
0.035788122564554214
0.004518534522503614
-0.071773961186409
-0.11698000133037569
0.062071774154901505
0.14195328950881958
0.1496139019727707
-0.06827761232852936
0.07956546545028687
-0.08940364420413971
0.0626450777053833
-0.024584069848060608
-0.09619582444429395
-0.1185648962855339
0.053901053965091705
-0.1324840933084488
-0.07696320116519928
-0.0318705178797245
-0.004753067623823881
-0.06262187659740448
0.052964504808187485
0.010053107514977455
0.05543401092290878
-0.11978604644536972
-0.00037515873555094
-0.02239994704723358
0.13569636642932892
-0.09546895325183868
-0.030318714678287503
-0.07129255682229996
0.10937602818012236
0.042024895548820496
-0.10164067894220352
0.024799725040793415
-0.08022217452526093
0.03556231036782265
-0.02554671838879585
0.020689833909273148
-0.05436491966247559
-0.10468104481697083
-0.06259026378393173
0.011467201635241508
-0.11453653872013092
-0.03457962349057197
-0.03310093656182289
-0.04466135427355766
0.03879228234291077
0.06040504202246665
-0.0011987645411863923
-0.03753255680203438
-0.018415104597806927
0.014450348913669586
0.09202600270509721
-0.05953296646475792
-0.016383424401283264
-0.06614947319030762
-0.06426211446523665
0.05809690430760384
-0.012895802035927773
-0.019179115071892735
0.00027079263236373663
-0.004869952332228422
-0.08795023709535599
-0.1362638920545578
0.013412853702902792
0.017731038853526115
0.014760108664631844
-0.03501282259821892
-0.025268737226724625
0.015170173719525335
-0.11190495640039444
-0.007667639758437872
0.008308853954076769
0.0430745892226696
-0.07773497700691222
0.0758753791451454
0.01739812269806862
0.08970583975315094
-0.011394230648875237
0.0073003475554287425
0.036348827183246606
-0.0682370662689209
0.13075058162212372
0.0175082478672266
-0.10209733992815016
-0.11765523254871368
0.012752216309309004
0.02607339434325695
0.028367433696985245
0.01923800818622112
0.16695712506771088
-0.03459923714399338
-3.145646769553423e-05
0.028705986216664314
0.06040370464324951
-0.0039969137869775295
-0.02293686382472515
-0.04666326940059662
0.09943345189094543
-0.049924086779356
0.061862695962190635
0.055797044187784195
0.07218776643276215
0.0927024558186531
0.017190884798765182
-0.11484069377183914
-0.09395522624254225
0.03187783807516098
-0.04525565728545189
0.06821728497743607
-0.019963186234235764
-0.038367968052625656
0.008787032216787338
-0.015001682564616203
-0.0357486866414547
0.0315115787088871
-0.1228366494178772
0.016276506707072258
-0.03889452293515205
-0.11878225207328796
-0.007035463582724333
-0.02032449096441269
-0.09738888591527939
0.010666323825716972
0.06341821700334549
-0.005568610038608313
0.11316507309675217
0.0828646793961525
0.005795906763523817
0.04313838854432105
-0.03326713666319847
0.1283498257398605
0.17651046812534332
-0.0780823305249214
-0.04053918644785881
-0.011925628408789635
0.06236105412244797
-0.02048840932548046
-0.040321916341781616
0.0019887429662048817
0.12105339765548706
0.05160807445645332
-0.01720578595995903
-0.044770371168851845
-0.10316995531320572
0.009309249930083752
-0.031351376324892044
0.05049392208456993
0.058212660253047936
-0.0537535771727562
-0.02969027310609817
0.10882885754108428
0.1170606017112732
-0.0970158204436302
0.07429949939250946
0.03850104659795761
0.0544191375374794
-0.1199927031993866
-0.05287004634737968
-0.004230100195854902
-0.10345280170440672
0.02479285560548305
-0.0031776181422173977
0.0002111702924594283
0.040950898081064224
0.06367754191160202
-0.0026485198177397247
0.011637592688202856
0.067631796002388
-0.07056460529565811
-0.04536912217736244
0.037148289382457726
0.062048155814409256
-0.009408322162926195
-0.06356632709503174
-0.03212038800120354
-0.020831529051065445
0.018882118165493008
-0.055427487939596176
-0.0026093642227351665
-0.020003411918878555
0.009537260979413986
0.014409840106964111
-0.047222401946783066
-0.06651553511619568
0.00668397406116128
0.04780365154147148
-0.025604402646422383
-0.08175881206989288
0.0759570375084877
0.03573887422680855
0.049902215600013726
-0.1001291424036026
-0.03769240900874138
0.07448474317789076
0.07036617398262024
0.050721634179353714
0.02869988791644573
0.009038608521223068
-0.09159658104181288
-0.02881115674972534
-0.007198778446763754
0.005427367519587278
0.06818290054798126
-0.07783162593841551
-0.08065705001354218
-0.054238304495811455
-0.00664678355678916
-0.08007815480232239
-0.026618586853146557
0.013276755809783936
-0.013752691447734833
-0.08436970412731169
-0.02592484280467033
-0.017559440806508064
-0.05037618800997734
-0.016403300687670708
-0.07075627148151398
-0.013940021395683289
0.10609948635101318
-0.1212581843137741
-0.021402116864919662
-0.0013801796594634652
0.06161963567137718
0.10529719293117525
-0.055603284388780594
-0.0897144079208374
-0.037553466856479645
0.03607815131545066
0.07921542227268219
-0.11252336204051971
-0.002664694096893072
-0.04722538217902184
-0.09401723742485046
-0.09686064720153809
-0.06747310608625412
-0.007902343757450579
0.1449572741985321
-0.017957821488380432
-0.04722314700484276
0.06883624941110611
0.04475608095526695
0.026320422068238255
0.03379734978079796
-0.06018117442727089
-0.02616091258823872
0.029056310653686523
-0.11901423335075378
-0.03981701284646988
0.01898364722728729
-0.09989404678344727
0.001426681294105947
-0.11134853214025496
-0.07428781688213347
-0.08576376736164093
0.007827126421034336
-0.009364359080791472
0.03355767950415611
0.055290114134550095
-0.06660600006580353
-0.004073325544595718
0.030313685536384583
0.011456839740276337
-0.017498653382062912
0.023042500019073486
-0.06227574869990349
-0.11261510848999023
0.0005356114124879241
0.03332870453596115
-0.07856434583663939
0.07932715117931366
-0.05424491688609123
-0.021365873515605927
-0.04618491977453232
0.01809268072247505
0.10448135435581209
-0.09023740142583848
-0.03988704457879066
-0.0923730581998825
-0.028322383761405945
0.0010851839324459431
0.011944856494665144
-0.02248060703277588
0.10349123924970625
-0.025453370064496997
-0.02639392949640751
-0.048184748739004135
-0.004901024978607893
0.015927299857139587
-0.01160385087132454
0.00958011858165264
-0.07168595492839813
0.008081962354481219
-0.06602761149406433
-0.10466407239437105
0.03174735978245735
-0.0014620498986914752
-0.03597678616642952
-0.0009935401612892747
-0.04498837515711784
-0.12657734751701355
0.10672566294670104
-0.011006757616996763
-0.03583642095327377
-0.07568535208702086
-0.08158117532730103
-0.03151222690939903
-0.05069299414753914
0.0008543379371985793
0.008074488490819931
0.007541217375546695
0.003958911169320345
-0.09416495263576509
0.11485914140939713
0.05040771886706352
-0.04896394908428192
-0.06058411672711372
-0.11031487584114073
-0.03477093204855919
0.020518237724900246
-0.053832996636629105
0.025334561243653297
0.09831631183624269
0.043729055672883994
0.009613716974854468
0.027450088411569595
-0.023789379745721817
-0.061956007033586495
-0.02188284881412983
0.019316479563713077
-0.0991898477077484
0.003863404039293528
-0.126483216881752
-0.05579822883009911
-0.04840546473860741
0.12013839185237885
-0.03187558427453041
-0.038038220256567
-0.1022181212902069
0.02961297705769539
-0.07346082478761673
0.06742754578590393
-0.08272629231214523
-0.1194758415222168
-0.03370845690369606
-0.041393302381038666
-0.06269044429063797
-0.062057871371507645
0.1369765996932983
-0.02452857792377472
-0.08021373301744461
0.033181507140398026
-0.023249486461281776
0.010426893830299376
0.02512351237237453
-0.0010938268387690187
0.0013731824001297355
0.031025160104036328
-0.059468086808919914
-0.12725581228733063
0.03694251552224159
-0.08217530697584152
-0.043503861874341965
-0.04889272525906562
-0.0766957178711891
0.080502912402153
-0.06980283558368683
-0.04087145999073982
0.043368816375732415
0.018074333667755127
-0.08217062056064604
0.029708378016948696
-0.0619242750108242
0.0003155305748805404
0.06308237463235855
-0.008343443274497988
0.052617434412240975
-0.02784404717385769
-0.03564182296395302
0.027483981102705
0.0268701296299696
0.012288076803088188
-0.07175804674625397
-0.08854173123836517
-0.07401072978973389
-0.013558685779571531
0.0031135566532611847
-0.035016488283872604
0.003002346958965063
0.047759946435689926
-0.017771637067198753
0.051511913537979126
-0.09515927731990814
-0.0805143490433693
-0.02635326236486435
-0.02288949117064476
-0.07536858320236206
-0.06504829972982407
-0.08674051612615585
0.033347345888614655
-0.03301301226019859
-0.001308226608671248
-0.0849974602460861
0.022842001169919968
0.04602930322289466
-0.02837118878960609
0.038338858634233475
-0.07208968698978424
0.0027342741377651687
0.1673995703458786
-0.08395819365978241
-0.023849051445722576
-0.11930268257856368
0.043272919952869415
0.011028921231627464
0.08004763722419737
0.051277857273817055
-0.04814213886857033
-0.06145051494240761
-0.046050813049077995
-0.05403192341327667
-0.010275878012180328
-0.004331100266426802
-0.020395170897245407
0.011830745264887808
-0.08467939496040344
-0.02335920743644237
-0.07204558700323105
0.046119336038827896
0.04809756949543953
0.014192625880241394
0.025304283946752548
0.03248067572712898
-0.004242527298629284
-0.08619900047779083
0.03208303824067116
0.08794254064559937
-0.05537317693233489
0.01850007474422455
0.1365838348865509
0.06565828621387482
-0.09175952523946762
0.03075706586241722
0.02098871022462845
-0.03608351573348045
0.06360019743442535
0.044662177562713616
0.02709765173494816
0.0399080216884613
0.03163767606019974
-0.01629524864256382
0.042224038392305374
-0.10438975691795348
-0.03532608970999718
-0.09676575660705566
0.0335039421916008
-0.0583096481859684
-0.03286508843302727
0.00879815686494112
-0.06885741651058197
-0.0350155346095562
0.17055794596672058
0.04900600761175156
-0.027388930320739743
0.011372242122888563
-0.048347461968660355
0.036349594593048096
0.0570792444050312
-0.030594050884246823
-0.032144587486982346
0.005325427744537592
1.1905794963240623e-06
-0.052640650421381
-0.012807161547243597
-0.08235319703817366
-0.08416608721017836
0.03643755987286568
-0.07255131751298904
0.028132982552051544
-0.10047268867492676
-0.008294735103845596
-0.003489709924906492
-0.0693984255194664
-0.02806728705763817
-0.04554856568574905
0.01878574676811695
-0.06544055789709091
0.04955568537116051
0.05946577712893487
-0.10777150094509123
-0.04271511733531952
0.07889881730079651
-0.006439408287405968
0.14379312098026276
-0.1189340204000473
0.02193807251751423
-0.10905119031667708
-0.03894120827317238
-0.007508123759180307
-0.07109470665454865
-0.0589182786643505
0.06007381528615952
0.09476332366466522
-0.062296245247125626
-0.020386757329106327
-0.095097616314888
0.02431967481970787
0.007000130135565996
0.07317954301834105
0.017443325370550156
-0.04460837319493294
0.024813083931803703
-0.08999552577733994
-0.034198347479104996
-0.03816549852490425
-0.09088028967380525
0.0623425729572773
-0.10491599142551422
-0.04886970669031143
0.008292977698147297
-0.05949105694890022
-0.04225856810808182
-0.006373551674187183
-0.0836203396320343
0.032183077186346054
-0.007032222580164671
-0.013305789791047571
0.00500614894554019
-0.11946576088666916
0.15939977765083313
0.029436459764838215
-0.051818910986185074
-0.057654790580272675
-0.0001299750292673707
-0.11724905669689178
-0.02155730314552784
0.0357685349881649
-0.02003209851682186
-0.04865984246134757
0.13450609147548676
-0.12272001057863235
-0.030266333371400837
-0.02041458338499069
-0.03119256719946861
-0.07875147461891174
-0.04808442294597626
0.03263898938894272
0.0595470629632473
0.02625871263444424
-0.0831989049911499
0.025833481922745705
-0.01783619448542595
-0.026052378118038177
-0.09878117591142654
-0.0132918544113636
0.018696591258049008
0.02455494739115238
0.06961876153945923
0.016585733741521835
0.12319053709506989
0.09370151162147522
-0.007004102226346731
0.028870407491922375
0.006957890931516886
-0.04668360203504562
0.006498121190816164
-0.1100369393825531
-0.03178791329264641
0.06507688015699387
0.022699385881423954
-0.09642793983221054
0.012477817013859749
-0.02613242156803608
0.009686454199254513
-0.1064758002758026
-0.07387644797563551
-0.10792119055986404
0.06722646951675415
0.07052047550678253
0.007383608724921941
0.0893808901309967
0.10195782780647276
-0.0017324365908280015
0.019198901951313015
-0.048533566296100616
-0.04722921922802925
0.08060050010681152
-0.11713556945323944
-0.0013304833555594087
0.050364986062049866
-0.03689246252179146
-0.07917113602161406
-0.007112248335033655
0.029323900118470192
0.07205565273761749
-0.12682436406612396
0.0889531672000885
-0.01270865648984909
0.04748889058828354
-0.06326599419116974
-0.059253741055727005
-0.02975037880241871
-0.07727909088134764
0.0921175107359886
0.11155549436807632
0.048164553940296166
-0.015271101146936417
0.0693216621875763
0.0688086748123169
-0.05095741897821426
0.021825630217790604
-0.09195096790790556
-0.0391848124563694
0.08098581433296204
0.09273121505975725
0.027254510670900345
0.07131215929985046
0.02530219405889511
0.009412556886672974
-0.0709882527589798
0.10634313523769379
-0.11743821948766708
0.02657658979296684
-0.025531210005283356
0.04475555941462517
0.043333139270544045
0.007815346121788025
0.02343963831663132
-0.061161968857049935
0.08936311304569244
0.04565627500414848
0.09906347095966339
0.04778990522027016
-0.014241364784538744
-0.05275992676615715
-0.008252010680735111
-0.019153323024511337
0.04772051051259041
-0.012310074642300604
-0.04810319468379021
0.007044485304504633
-0.11629737913608552
-0.007454207632690669
0.00820284616202116
-0.11676612496376036
-0.10559909045696259
0.0065094255842268476
0.011657994240522385
0.007906237617135048
0.07560744881629942
0.04682840406894684
-0.1077551394701004
-0.09239661693572998
0.09693995863199234
0.042147990316152566
-0.028284514322876927
-0.09180235862731932
-0.08877704292535782
0.058144230395555496
-0.04810148850083351
-0.033528055995702744
-0.016837788745760918
0.021097879856824875
-0.013581904582679272
0.06395439803600311
-0.09293757379055025
0.09169691801071168
-0.07203903794288635
-0.06618419289588928
0.09927786886692049
-0.07215534895658493
-0.07620778679847717
-0.1086837649345398
0.00010291521903127432
0.008265504613518715
0.03760555014014244
0.049407169222831726
-0.1235649287700653
-0.06474326550960541
-0.120441235601902
0.05284421145915985
0.0006428997730836272
-0.10576249659061432
-0.10180269181728364
-0.034190308302640915
-0.07158474624156952
-0.10168462246656416
-0.10501743853092192
0.03845028579235077
-0.009241299703717232
0.029571764171123505
-0.03992798179388046
0.0759040117263794
0.07813340425491333
-0.06994064897298813
-0.07730798423290253
0.04078363999724388
0.01246492750942707
0.03444390371441841
0.02279524877667427
-0.038301315158605576
0.04108897224068642
0.018305156379938126
0.03561030700802803
-0.1319289356470108
0.12116846442222597
0.06205024942755699
-0.0230664424598217
0.12292230129241943
-0.04008255526423454
0.08666570484638214
-0.0013479586923494935
-0.014286769554018974
0.045589711517095566
-0.018399499356746677
-0.023201506584882736
0.05483639612793922
-0.047224435955286026
-0.036221664398908615
-0.01376248337328434
0.024799343198537823
0.045731570571661
-0.06626813113689423
-0.02026987820863724
-0.10299672186374664
-0.029591854661703106
-0.04287197068333626
0.03746575489640236
0.03985315188765526
-0.008031152188777924
-0.02126890793442726
0.006577600259333849
0.035839006304740906
0.07201842963695526
-0.002319175284355879
0.05847591534256935
-0.04031197354197502
0.08032699674367905
-0.04986945539712906
-0.10541895031929016
0.04038960114121437
-0.11628444492816924
0.017388463020324707
-0.0427815280854702
0.09623895585536957
0.00014548783656209707
-0.09170786291360856
-0.05068729817867279
0.09786619246006015
0.02712655067443848
0.038878124207258224
-0.005808582063764334
-0.012130949646234512
-0.09929528832435609
0.04001032933592796
0.0540996827185154
0.02465246617794037
-0.04107745736837387
-0.11136379092931747
0.11461075395345688
0.11665382236242294
0.014083262532949448
0.07817697525024414
-0.014770615845918655
-0.09469634294509888
-0.05681850388646126
-0.05997869372367858
-0.05201741307973862
-0.08048605918884277
0.021117515861988068
-0.08587844669818878
-0.028711894527077675
0.00828948337584734
-0.06534925103187561
0.017659027129411697
-0.010103175416588783
0.06441240012645721
0.0006401933496817945
-0.0018069070065394044
0.022714814171195034
0.04527010396122933
0.08191896229982376
-0.007942046038806438
-0.09181017428636552
0.02782716229557991
-0.052569031715393066
-0.09902138262987135
-0.11699078977108
0.03453127667307854
-0.08779758960008621
-0.05187514051795006
-0.0752735435962677
0.0019481036579236388
0.038178566843271255
-0.05449739471077919
-0.05269127711653709
-0.09014099836349489
0.03558162972331047
0.03623286634683609
0.028654154390096664
0.01214606501162052
-0.008027409203350544
0.042972300201654434
0.07074916362762451
0.012987133115530014
-0.07526922225952147
0.03361840173602104
-0.06630383431911469
0.06145239248871803
0.05019116029143333
-0.017722396180033684
0.044062342494726174
0.02899688854813576
-0.08802604675292967
-0.07540175318717955
-0.11313526332378387
0.0350828617811203
0.08119095116853715
-0.07194911688566208
-0.07603275775909424
0.09867218136787415
-0.01437104120850563
-0.03291815519332886
-0.014021465554833412
-0.0008418165380135177
-0.034809377044439316
0.019606396555900574
0.02946405857801437
-0.03707440569996834
0.013782840222120283
0.02690400183200836
0.07610785216093062
-0.053798675537109375
0.03716610744595528
-0.07163145393133163
-0.08406404405832289
0.03910684958100319
0.10425685346126556
0.0658428966999054
-0.003758940380066633
0.03388296812772751
0.06378699094057083
0.01792181096971035
-0.09351769834756851
0.014186665415763853
0.02388518303632736
0.02256825938820839
0.07726240903139113
-0.11934620887041092
0.006485268007963896
0.007639484014362096
0.03212304785847664
0.07037348300218582
0.0586857907474041
0.18150161206722257
0.008900519460439682
-0.0002617320278659463
-0.08580638468265533
-0.05127845704555512
-0.024641655385494232
-0.0483722947537899
-0.005852896254509688
-0.03786128386855125
0.003080618102103472
-0.03375789150595665
0.10621749609708786
0.04088548198342323
-0.08804641664028166
-0.09115786850452424
0.035612449049949646
0.0062116305343806735
0.02752942964434624
0.019486187025904652
-0.03870055451989174
0.05883174017071724
0.11390218138694765
0.1008319929242134
-0.0049547762610018245
0.005925793666392565
-0.06080920249223709
-0.026349104940891262
0.041374098509550095
-0.09580633789300919
0.03218325227499008
0.09616152942180632
-0.06533993780612946
-0.029338389635086056
0.04890319705009461
-0.09283273667097092
-0.011514421552419662
-0.06376650184392929
-0.10532200336456297
0.04279209300875664
-0.036191318184137344
-0.07941188663244246
0.07730555534362793
0.04345984384417534
-0.06121345609426498
0.005809387657791376
-0.04857264831662177
0.03247910365462303
-0.03391290083527565
-0.03806029632687569
-0.02400977350771427
-0.08648036420345305
-0.06921841204166412
-0.010622279718518255
0.028547048568725582
0.0292571485042572
-0.11005646735429764
-0.0033702305518090725
0.028264909982681274
-0.03319630026817322
0.06034876778721809
0.011162110604345798
-0.06626727432012558
0.11285749822854996
-0.09605634957551955
-0.00702783791348338
-0.0142858549952507
0.04307529702782631
-0.03282712399959564
-0.015710027888417244
-0.024058276787400246
-0.041387103497982025
-0.037249065935611725
0.05089346319437026
0.0024087592028081417
-0.03306295722723007
0.07621093094348907
-0.017053239047527313
-0.015304656699299812
0.02316608838737011
-0.01887081563472748
0.03078986331820488
0.03504617512226105
0.02835635095834732
0.011163074523210524
-0.02915824763476849
-0.033604346215724945
0.021109707653522488
-0.059637542814016335
-0.058084793388843536
0.04662609100341797
0.017330029979348183
-0.041863452643156045
-0.014131870120763779
-0.031593527644872665
0.11668848991394042
-0.03277859464287758
0.03962556272745133
-0.10848182439804076
-0.0013441654155030847
0.005782624240964651
-0.1179543361067772
-0.03469999507069588
-0.0026533729396760464
-0.0012937482679262755
0.047823544591665275
-0.019915163516998288
0.13129162788391113
0.0071875317953526965
-0.04404975473880768
0.0022340663708746438
0.02817390486598015
-0.08506540954113007
-0.0816742032766342
0.009734237566590307
0.0010381302563473582
-0.0458449013531208
-0.036476720124483115
-0.12555362284183502
0.06573344767093657
0.04286752268671989
0.03762159869074821
-0.01736191101372242
0.02693355828523636
-0.10721433162689208
0.042626745998859406
0.012029787525534628
-0.03210614249110222
0.09314926713705063
-0.11686091870069504
-0.020205235108733177
-0.12250662595033644
0.095585897564888
0.19222091138362885
0.028156347572803497
-0.09944973886013032
-0.009608962573111056
0.015373069792985916
-0.003503477666527033
-0.010783089324831963
-0.012232601642608643
0.002094194758683443
0.03613845631480217
0.10320527106523512
-0.09332095086574553
0.03286312147974968
-0.040560390800237656
0.043997045606374734
0.022096483036875725
0.04435531795024872
-0.01651366986334324
-0.010447189211845396
-0.06598196923732758
-0.01618859730660915
-0.034622564911842346
-0.04240692406892776
0.057564396411180496
0.02169927954673767
-0.0655624270439148
-0.03821956366300583
-0.03377372398972511
-0.03102818876504898
-0.022529171779751778
-0.037918463349342346
0.001994647551327944
-0.012094583362340929
0.002067102584987879
-0.10678258538246153
0.023843897506594654
-0.009314413182437422
-0.07992468774318695
-0.00723204156383872
-0.06486904621124268
0.0797923505306244
-0.014036687090992928
0.0004768533399328589
-0.11559103429317474
-0.09213297069072723
0.06179479509592056
0.10678358376026152
0.0302778035402298
0.06044740974903107
0.07265137135982513
0.0023547341115772724
0.0197172686457634
-0.007300713565200566
-0.0405358150601387
0.03260229155421257
-0.10123233497142792
-0.05345611274242401
-0.030864037573337555
-0.02627036720514297
-0.03198492154479027
0.06826653331518173
-0.02646130882203579
-0.11179965734481812
-0.031008798629045486
-0.09297284483909608
-0.09085449576377869
-0.0879790186882019
-0.004466970916837454
0.06253256648778915
0.03572237864136696
0.02593343146145344
0.09652459621429443
-0.06790846586227417
-0.044540006667375565
-0.027033377438783646
0.01874677650630474
0.01035650447010994
0.0051717874594032764
-0.08971498906612396
-0.06077582761645317
-0.08829176425933837
-0.07103682309389113
0.09998667240142822
0.06086172908544541
-0.029063507914543152
-0.10524450987577438
-0.001422461704351008
-0.0024038399569690228
-0.06608295440673828
-0.035045064985752106
-0.08508200943470001
-0.019446024671196938
0.09148734807968141
0.020751327276229855
-0.06417745351791382
-0.004821622278541327
-0.04934000596404076
-0.02790176309645176
-0.08196529746055603
-0.03894395753741264
0.03292480856180191
0.0018623488722369077
0.03260994330048561
0.03168646618723869
0.1111406311392784
-0.05164062976837158
0.05015669018030167
-0.05440876632928848
-0.12617850303649902
-0.06320811808109283
0.04779691994190216
-0.038508262485265725
0.05539534240961074
0.004271395970135927
0.0065199160017073154
-0.016761150211095806
-0.030686307698488235
-0.046796567738056176
-0.024304270744323727
-0.05488766357302666
0.0011040045646950603
0.009863130748271942
0.01205693371593952
0.01730426400899887
-0.01730312407016754
-0.08457861840724945
0.005603809375315905
-0.024879509583115578
-0.030751846730709076
-0.056964561343193054
-0.011772491037845612
0.05426003411412239
-0.002980745863169432
0.001087960205040872
0.07058949023485184
0.020248588174581528
0.028422344475984573
0.02579762786626816
0.010303536430001259
0.03646625578403473
-0.030243609100580212
0.06067400798201561
0.0038656224496662617
-0.0681445449590683
-0.11303811520338058
-0.03901373222470284
-0.07588224858045578
0.1206626296043396
-0.058191809803247445
-0.016192512586712837
-0.008789313025772572
0.06262329965829849
0.021327901631593704
-0.0001434959704056382
-0.10792795568704604
0.03217177093029022
0.033847611397504807
0.0559273436665535
0.009138798341155052
0.02978028729557991
-0.11326435953378676
0.05960272252559662
0.010562418028712273
-0.11744721978902815
-0.09481114149093631
0.11376731842756271
-0.0683838278055191
0.06030036136507988
0.04937390983104706
-0.1071210280060768
-0.11204800754785536
-0.037357870489358895
0.08169956505298615
0.05062922090291977
-0.04694373533129692
-0.021546147763729092
-0.024818459525704384
0.041488930583000176
0.004918575752526522
0.1188976913690567
-0.007321284618228675
0.037208888679742806
-0.07754481583833694
-0.05129445344209671
0.05773628130555153
-0.11852221190929411
-0.05142483487725258
0.04781388863921165
-0.057687103748321526
0.07320623099803923
0.1253911405801773
0.02584091015160084
0.025926390662789345
0.118279829621315
-0.002879402134567499
-0.022902019321918488
-0.08505715429782867
-0.012250102125108242
-0.015717217698693275
-0.1227482259273529
-0.013824868947267532
-0.02956114895641804
0.06436145305633545
-0.029355583712458607
0.015854565426707268
-0.05534089356660842
-0.07337407022714615
0.0463067851960659
-0.021126635372638702
0.00847049430012703
0.07851776480674742
-0.08250204473733902
0.004875604528933764
0.002600019332021475
-0.03998931124806404
0.0020508882589638238
-0.02800491265952587
-0.02731289342045784
0.03759145736694336
0.012633462436497211
-0.1181533932685852
-0.013882836326956747
0.029680225998163223
-0.10745862126350401
0.11589453369379044
-0.022155243903398517
-0.012458913028240204
0.043150644749403
-0.001639501773752272
-0.008729648776352406
0.038968294858932495
-0.036290418356657035
-0.01973763480782509
0.013458089902997015
-0.10643275082111359
0.02108636498451233
-0.05588237568736076
-0.023310283198952675
-0.09042416512966157
-0.00776370009407401
0.00700083514675498
-0.03468867018818855
0.0012561179464682937
-0.0028790817596018314
-0.1116146296262741
-0.02584628015756607
0.044372528791427605
-0.03369809314608574
-0.04971406236290932
-0.017899569123983383
-0.014835592359304428
0.03809882700443268
0.0753602087497711
-0.1084453836083412
0.04715701937675476
0.009788241237401962
-0.11707188934087752
-0.07908488810062408
0.020676415413618088
-0.06510020792484283
-0.017303382977843285
-0.0499693937599659
0.014362040907144547
0.023515846580266953
-0.12244793772697447
0.02741670422255993
0.025968749076128003
-0.016123857349157333
-0.052906177937984473
0.0016179889207705855
0.061674896627664566
-0.009378304705023764
0.02606627345085144
-0.01614980213344097
0.12821440398693085
-0.07800767570734024
-0.010773327201604843
-0.03980283811688423
0.10127361863851549
-0.05641365423798561
-0.0553445741534233
-3.551563713699579e-05
0.053652193397283554
-0.010873837396502495
-0.12395155429840088
0.031996261328458786
0.022038932889699932
-0.010597851127386091
-0.022779589518904683
0.04907909780740738
0.01691547781229019
-0.02966411039233208
-0.07443813234567642
0.0015745278215035796
-0.11971626430749892
0.02866087667644024
0.08912938833236694
-0.0095804613083601
-0.016579285264015194
0.05625464767217636
-0.0013903562212362883
0.02048922888934612
-0.07068896293640137
-0.059011708945035934
0.015170803293585776
-0.06025870516896248
-0.03630037978291512
0.13980667293071747
-0.0035827415995299816
-0.043244097381830215
-0.054622944444417953
0.02357356622815132
0.08669714629650117
-0.02117800898849964
0.0752222090959549
0.004228294361382722
-0.055662669241428375
-0.046327341347932816
-0.0014521001139655707
0.020096246153116223
0.0638827234506607
0.10926023870706558
0.022675879299640652
0.023190641775727272
-0.08277325332164764
0.02237621881067753
-0.031745072454214096
-0.021393509581685063
-0.10765279829502104
0.049964651465415955
0.05503236129879952
-0.02342766895890236
0.03095708414912224
-0.03297346457839012
0.06081074848771095
0.09506976604461669
0.03892575949430466
-0.05400432273745537
0.07172136008739471
0.07986944913864134
-0.09478627145290375
0.05827387794852257
-0.03478633984923363
0.10003425925970076
-0.010718956589698792
-0.04467790201306343
-0.07513873279094696
0.008225233294069769
-0.013542091473937035
-0.07866540551185608
0.04607373848557472
-0.005970791447907686
0.09759399294853209
0.08317234367132186
-0.026578325778245922
-0.05073390528559685
-0.048793960362672806
0.09620895981788637
0.03606580942869186
0.0733710452914238
-0.0004600175889208913
-0.006342941429466009
0.011314531788229942
0.06562351435422897
0.028430934995412823
-0.01732981950044632
-0.003504606429487467
-0.013773883692920208
0.06948668509721756
0.058540966361761086
0.02854986861348152
0.08711636811494827
0.015384379774332047
-0.04877831041812897
0.023204896599054337
0.018506906926631927
-0.04727670177817345
-0.04233456403017044
-0.05399060994386673
-0.05060042813420296
-0.03648754209280015
0.03508957102894783
0.008165067061781883
-0.06056679412722588
0.021305568516254425
0.05349424108862877
0.04610519483685493
-0.07995545864105225
-0.02520395815372467
0.010940544307231905
-0.02213146351277828
-0.008663171902298926
-0.0591563768684864
0.008261291310191153
0.02627616934478283
-0.08106289058923721
-0.06056082621216773
-0.11872438341379164
-0.03365793451666832
-0.028338003903627396
0.006864477414637804
0.0008348602568730712
0.06026091054081917
0.02885984070599079
0.02136325836181641
0.041679378598928445
-0.02373572811484337
0.030556229874491688
-0.009257996454834938
0.004608065355569124
-0.042432699352502816
0.07356926798820494
-0.05354857444763184
0.01986948400735855
0.00317550590261817
-0.07469037175178528
-0.01542999781668186
-0.05802739039063454
0.023231863975524902
0.055153090506792075
-0.07379697263240814
0.00938431266695261
-0.014812294393777847
-0.04936627298593521
-0.0070237177424132815
0.007697525899857282
0.06622767448425293
-0.09742286801338196
-0.12850110232830048
-0.10578103363513947
0.028602752834558487
-0.03543258085846901
0.04768581688404083
0.13674794137477875
-0.0696149691939354
0.05239588022232056
-0.040221121162176125
0.004159205127507448
-0.042064566165208817
-0.1085718348622322
-0.014013760723173618
-0.1239808052778244
-0.018025927245616913
0.06926470994949341
0.04042911157011986
-0.0662473663687706
0.016517700627446175
0.08193211257457733
0.03279753774404526
-0.02810206264257431
-0.0046295481733977795
-0.010104991495609283
0.04677807167172432
-0.014430494979023932
-0.006325266789644957
0.023599335923790928
-0.03780507296323776
0.053409334272146225
0.02101562917232513
-0.0564948208630085
-0.032042894512414925
0.03303909674286842
-0.004227485042065382
-0.08715987205505371
-0.07094049453735352
0.12562237679958344
-0.0681304782629013
-0.08435253798961638
-0.09878624975681305
-0.0733211413025856
0.08079556375741959
0.002180670853704214
0.09099926799535751
-0.06049488857388496
-0.047935023903846734
0.039327122271060944
-0.066396564245224
-0.05717233940958977
0.0352589376270771
-0.08890061080455779
-0.0549316480755806
-0.0034842598251998425
-0.06942937523126602
0.035468511283397675
0.047058027237653725
0.013060074299573898
-0.031201381236314774
-0.018522780388593677
-0.06342903524637222
-0.0914216861128807
0.022285737097263336
0.0034562242217361927
0.04310351982712746
-0.011208640411496162
-0.07503646612167358
0.032635897397994995
0.00401271739974618
-0.12006559967994689
-0.02534811943769455
0.02974102459847927
-0.040445778518915176
-0.1241689920425415
-0.10053767263889311
0.013605832122266293
0.17974135279655457
-0.11386425048112868
-0.05210655555129051
0.04563985019922256
0.041160427033901215
0.009305888786911964
0.14370758831501007
0.03724446892738342
-0.02612364664673805
0.0728091225028038
-0.007086629513651133
0.03307372331619263
0.07607969641685484
0.168892502784729
0.05334070697426796
-0.005483096931129694
-0.03301363065838814
-0.059293877333402634
-0.011520594358444212
0.0018753878539428117
-0.09809139370918274
0.018684178590774536
-0.09724336117506029
-0.01608056202530861
0.038763929158449166
-0.01777973584830761
0.03297378122806549
-0.09765645861625671
0.04902169853448868
-0.11345112323760986
-0.1092548593878746
0.027057070285081863
0.005116926971822977
0.04779956862330437
0.027238946408033368
0.0028079920448362827
-0.015860052779316902
0.002864374313503504
-0.05930590257048607
2.88838054984808e-06
-0.055115927010774605
0.05847250670194626
0.03404868021607399
-0.02475927583873272
-0.018928006291389465
-0.011396236717700958
0.004665475804358721
0.0007002562051638961
-0.07280428707599639
0.06144041568040848
0.09587204456329344
0.028105234727263447
-0.04237265512347221
0.04098513349890709
-0.08385169506072998
0.036718275398015976
-0.10881724953651428
0.054860953241586685
-0.01761772483587265
-0.06402762234210968
-0.0379168838262558
-0.06271892040967941
-0.061798740178346634
0.20345900952816007
0.014515029266476631
-0.05381556972861289
0.008604796603322029
0.0016922502545639873
-0.06421902775764465
-0.07490010559558867
0.04033426195383072
0.00026427616830915207
-0.041870374232530594
0.038816940039396286
-0.046323828399181366
0.047479648143053055
-0.02184966765344143
-0.06953953206539154
-0.041451070457696915
-0.0014669090742245317
-0.035736504942178726
0.07305746525526047
0.0034670080058276653
-0.03247224912047386
0.06314388662576675
0.018406447023153305
0.010162388905882835
-0.020149538293480877
-0.012081535533070564
0.06736699491739273
0.006697088945657015
-0.06408682465553284
0.058805014938116074
0.15635782480239868
-0.044073708355426795
0.08371067047119139
0.039631713181734085
-0.061530616134405136
-0.04634396731853485
-0.05520620569586754
0.046597260981798165
0.0493149347603321
-0.0662144124507904
-0.10721496492624281
0.014836058020591736
-0.028104552999138832
0.06080490723252296
-0.05850446596741676
0.07389765232801437
0.03504129871726036
-0.017429696395993233
0.007237472105771302
-0.012201108038425444
0.04569220542907714
0.006608047056943177
-0.008007269352674483
-0.022813819348812103
0.02873421274125576
-0.03269168734550476
-0.05826978012919425
-0.12270916253328323
-0.07762625068426131
-0.12246067821979521
-0.11343362927436829
0.08951038122177123
-0.08070000261068344
-0.010023864917457104
0.009543735533952711
0.04131195321679115
0.08349899202585219
-0.0367436520755291
0.022461839020252228
-0.03884347900748253
0.06128867343068122
-0.07801180332899092
0.1041187047958374
-0.04109962657094002
0.01700667291879654
-0.004206517245620489
0.06573085486888884
0.09867556393146515
0.05873119458556175
0.016208667308092117
-0.010790731757879255
0.04970237985253335
-0.0275601577013731
-0.04644498601555824
0.08039668202400206
0.0401981696486473
-0.09381869435310365
-0.013359639793634415
-0.007598344702273606
0.0066363499499857434
-0.01212626788765192
0.052337657660245895
-0.0562778040766716
-0.007982751354575157
0.023901108652353287
-0.015183812007308006
0.08089822530746461
-0.0659320130944252
-0.026765130460262295
0.03654145449399948
-0.0034826532937586308
0.10979272425174712
-0.0808963030576706
-0.026701901108026505
-0.08318187296390533
0.022667294368147847
-0.03840572386980057
0.051472932100296014
0.032004985958337784
0.013241972774267197
0.1131613403558731
0.04530863091349602
-0.11431360244750977
-0.024307230487465855
0.12250666320323944
-0.028141550719738007
0.015097275376319884
-0.008416693657636642
-0.04796091839671135
-0.03706204518675804
0.009278617799282074
0.06288173794746399
0.07505139708518982
-0.08506487309932707
-0.04707181826233864
0.013615353032946587
-0.028522975742816925
-0.02285128459334373
0.08720847964286803
-0.0361635722219944
5.692371632903814e-05
0.04220308735966682
-0.00962598156183958
0.0869981199502945
-0.016134247183799744
0.05142835155129433
-0.0052448417991399765
0.05057632178068161
-0.029923785477876663
-0.06695008277893065
-0.04622834175825119
0.04597904905676842
0.11765094846487044
0.01067841425538063
-0.04500932618975639
-0.09732867777347565
0.021640291437506676
0.0181034617125988
-0.01255667395889759
-0.04044068977236748
-0.013393208384513853
-0.01609048992395401
0.02226477861404419
-0.11847031116485596
-0.015137579292058945
0.05160734429955482
0.11498231440782548
-0.028578586876392365
-0.03827187791466713
-0.0133796576410532
-0.014674479141831398
0.02032142132520676
0.02404820919036865
0.09474715590476988
-0.024230701848864555
-0.048650506883859634
-0.05925245583057404
-0.06615637242794037
-0.012225499376654623
-0.1067972183227539
-0.0656784400343895
0.0341065488755703
0.008332868106663227
-0.07254521548748016
-0.06252241134643555
-0.07117553055286407
0.027334893122315407
-0.017714057117700577
-0.05776721611618996
-0.055630769580602646
-0.014247966930270197
-0.08155141770839691
-0.09815040230751036
-0.05227427557110786
0.028819177299737927
-0.03406136855483055
-0.010635395534336565
-0.007633123081177474
0.038664627820253365
-0.09643340110778809
-0.0007727384800091386
0.011359068565070627
-0.014599064365029337
-0.042436324059963226
-0.09188523143529893
-0.07869999110698701
-0.12181082367897032
0.03328908607363701
0.05131202191114426
0.018733205273747444
-0.08421152830123901
-0.07188333570957184
0.03929104655981064
-0.07637548446655273
0.018040483817458153
-0.04377485066652297
-0.1117882952094078
-0.015699947252869606
0.11706991493701933
0.026011791080236435
-0.05247592926025391
0.005042762029916048
0.027680490165948868
-0.05211729556322098
-0.010496356524527071
0.03776666894555092
0.0475611500442028
0.02438012883067131
0.0060592065565288076
-0.010618550702929497
0.07247626036405563
0.04224709421396256
-0.11720327287912367
0.1158357411623001
-0.054677713662385934
0.09555277228355408
0.04530152305960655
0.004086086060851812
0.01741778291761875
-0.07505594193935394
-0.045016054064035416
-0.07820542156696318
0.07062490284442902
-0.011047273874282835
-0.019684083759784695
0.01773737743496895
0.025320034474134445
0.011823650449514387
-0.005926742684096098
-0.018287602812051773
-0.11465011537075041
-0.05984797701239586
0.08783952891826628
0.035507041960954666
-0.11713583767414092
-0.052491120994091034
0.048403698951005936
0.06833270192146301
0.03338928893208504
-0.005796558689326048
0.015631679445505142
0.03350422903895378
-0.03635963425040245
0.039933744817972176
0.0023700804449617863
0.06429202854633331
0.07301296293735504
0.061984941363334656
-0.08038285374641417
-0.004321941640228033
0.002508938778191805
-0.10924472659826279
0.04562073573470116
-0.06870649009943008
-0.05589854344725609
-0.03429972380399704
-0.09949520230293274
-0.06929545849561691
0.016354210674762722
0.10315356403589249
0.12496443837881088
-0.052068118005990975
-0.07634741067886353
0.05170845612883568
0.1468730866909027
0.07602883875370026
-0.0955907702445984
0.014222051948308945
0.008783202618360518
-0.057474587112665176
-0.04030058160424232
0.16868777573108673
0.044168375432491296
-0.09368449449539185
-0.11063778400421143
-0.051544155925512314
0.0262516625225544
-0.00161734560970217
-0.04851742833852768
-0.11671756207942963
0.06601393222808838
0.0058729504235088825
0.025708232074975967
-0.03534925356507301
0.08571133017539978
-0.017317522317171097
-0.0008231006795540451
0.05209659412503242
-0.10828960686922072
-0.10970927774906158
-0.013003762811422348
-0.05360959097743034
-0.04909079521894455
-0.012801360338926315
-0.05489073321223258
0.02405446767807007
0.058452289551496506
-0.014057667925953863
0.06749313324689865
0.06394536793231964
0.06124766543507576
0.04481280595064163
-0.010889006778597832
0.04156481847167015
-0.111830472946167
-0.013630669564008713
-0.03557470440864563
-0.07151289284229279
-0.06683196127414703
-0.09312911331653595
-0.03629491850733757
-0.01223982498049736
0.06150025501847267
0.028904024511575695
-0.01617640070617199
-0.0875134691596031
0.039916150271892555
-0.09471481293439864
-0.09739892184734344
0.035880256444215775
0.08204086124897003
0.059626538306474686
-0.06324763596057892
-0.06034211814403534
-0.11154577136039732
0.047645702958106995
0.05192161723971367
-0.05455595254898071
0.03369792923331261
-0.0858447328209877
-0.0016322858864441514
-0.027408817782998085
0.07232725620269774
-0.017324792221188545
-0.02358202636241913
-0.11515368521213531
0.011781011708080769
0.017143765464425087
0.04608067497611046
-0.03668807074427605
-0.03648596256971359
0.06150173395872116
-0.08606939762830734
-0.026509426534175873
-0.09039536118507384
0.04553159326314926
-0.03173651546239853
0.08218805491924285
-0.1209760531783104
-0.08669459819793701
0.02760238945484161
-0.06972578912973404
-0.11304882913827896
-0.09734123945236206
-0.11148162186145782
-0.015953412279486656
0.030485315248370167
-0.042661357671022415
-0.05296437069773673
0.18584634363651276
-0.041595783084630966
0.06139948591589928
0.015321401879191399
-0.07864291965961456
-0.0006815098458901048
0.08176910877227782
-0.010015409439802168
-0.12162525951862337
0.033763784915208817
-0.07815416157245637
-0.008677417412400246
-0.01999052241444588
0.03668832033872604
-0.019529918208718296
-0.040757916867733
0.02115154638886452
-0.05970996245741844
-0.11217595636844636
-0.05164911597967148
0.034606244415044785
-0.06453100591897964
-0.021662576124072075
-0.07052680104970932
-0.0805182009935379
-0.025160666555166245
0.04706554859876633
0.08516373485326768
-0.05705439671874046
0.010386107489466667
-0.01169719360768795
0.01411038264632225
-0.09004194289445877
0.039221040904521935
0.026332659646868702
-0.004142313729971647
0.1183849722146988
-0.08271449059247969
0.030876446515321728
-0.0032029314897954464
-0.024444367736577988
0.0013951811706647277
-0.0430048443377018
-0.09591327607631683
-0.008002139627933502
0.021130524575710297
0.11471781879663467
-0.10988242924213408
-0.05444113537669182
-0.06571811437606812
0.09092465788125993
-0.006711996626108885
0.07061838358640671
-0.03782489150762557
-0.03598604723811149
-0.025613976642489437
-0.04063678532838821
-0.11458760499954224
0.14328376948833463
0.03489500656723976
0.05292380228638649
0.032231323421001434
0.1105642095208168
-0.023722440004348755
-0.12034113705158232
0.025582605972886086
0.015381675213575363
0.00511313835158944
-0.0777834728360176
0.05182517692446709
-0.0005233712727203965
0.04830050468444824
0.030724588781595234
0.09930058568716048
0.11066040396690369
-0.07372838258743286
-0.05884458869695664
-0.06627070903778076
-0.03316446766257286
0.029929911717772484
-0.026458006352186203
0.011402362026274204
0.048812512308359146
-0.1099010407924652
0.005217225756496191
0.02234203927218914
0.04669860005378723
-0.019840478897094727
0.04813827946782112
-0.0958777368068695
-0.006528846453875303
-0.0016539195785298944
0.041198790073394775
0.01809009537100792
0.07029925286769867
-0.1217537522315979
-0.04243356361985207
0.014972970820963383
-0.08748403191566467
-0.052488647401332855
0.0014473631745204327
-0.009256331250071524
-0.019756741821765896
0.03213865309953689
-0.02220203168690205
-0.08268377929925919
-0.029398363083601
-0.10455773770809172
-0.03107050061225891
0.04009252414107323
0.04995876923203468
0.017239876091480255
-0.009959964081645014
-0.057854339480400085
0.11337996274232864
-0.050488274544477456
0.011924646794795988
0.04489406198263168
-0.030615437775850296
-0.03425126150250435
-0.02236536704003811
0.12308432161808013
-0.008965088054537773
0.0005842543905600905
-0.12097103893756866
0.01837979629635811
-0.1026846170425415
0.022201947867870327
0.014915449544787405
-0.031471360474824905
0.03801953047513962
0.01269968505948782
0.00858567375689745
0.04268136993050575
0.04825083166360855
-0.009920045733451843
-0.10891534388065338
-0.023549754172563553
0.06575603038072586
-0.015537485480308533
-0.03813240304589272
-0.12171517312526701
-0.03605369105935097
0.11180755496025084
0.02272157371044159
-0.058626145124435425
0.006370118353515864
-0.03138165548443794
-0.11415545642375946
0.001395001425407827
0.02678127214312553
-0.0651882067322731
0.05396383628249168
-0.013263712637126444
0.030767664313316345
0.0016527766129001975
-0.054568249732255936
-0.011892957612872124
-0.012226054444909096
0.027131905779242516
0.02425568923354149
0.033773697912693024
-0.009961673058569431
0.03281646966934204
-0.11569125950336456
-0.033346060663461685
-0.05547605827450752
-0.03959990292787552
0.06159095466136932
-0.0929720029234886
0.016811765730381012
0.01803852617740631
0.030324015766382217
-0.058835189789533615
-0.05104900524020195
-0.0007198225939646363
-0.03804637119174004
-0.10165070742368698
0.033663004636764526
-0.11149431765079498
-0.11324118077754974
0.03167249262332916
-0.06945478171110153
-0.055849004536867135
-0.03644966706633568
-0.06463206559419632
0.09717099368572236
-0.07970044016838074
0.011924270540475844
0.025629745796322823
0.09119164198637009
0.05748303234577178
0.07858268171548843
0.10359665006399155
0.009617079980671404
0.028931813314557076
0.11955689638853072
0.03755394741892815
-0.07203790545463562
0.07526955753564833
-0.06309032440185547
0.015168918296694756
-0.01920006796717644
0.016526689752936363
0.0008367825066670774
-0.06212414428591728
0.04576079174876213
-0.11785893142223358
0.0018248282140120864
0.02686874568462372
0.08949389308691023
-0.0018033251399174328
0.019051332026720047
0.009814577177166937
-0.02999207377433777
-0.044392939656972885
0.042869236320257194
0.058659154921770096
-0.010035164654254912
0.036360081285238266
-0.05606777220964432
0.021254319697618484
0.015795718878507614
0.06956659257411957
0.13026763498783112
0.01989209651947021
-0.05928094312548637
-0.04123503714799881
-0.015751678496599197
0.03876154124736786
-0.06932415813207625
-0.010898583568632603
0.02068855240941048
-0.06090220436453819
-0.04436298459768295
0.09245747327804563
-0.03311258926987648
0.14063425362110135
0.0050933570601046085
-0.03927436843514442
-0.0929027646780014
-0.020139964297413823
0.06407812237739563
-0.04521949589252472
-0.04237250611186028
0.08937515318393707
-0.0684170201420784
0.12220235168933868
-0.05499640479683876
-0.03187882900238037
0.015000555664300919
-0.013292064890265465
-0.0608680471777916
-0.03210967406630516
-0.029403958469629288
0.025278605520725247
0.07668708264827728
0.0893741324543953
0.07750873267650604
-0.01234202552586794
0.05098753422498703
0.0034295408986508846
-0.0826435387134552
0.12507663667201996
-0.02761181816458702
-0.027114955708384517
0.018002375960350037
-0.0517403669655323
-0.02173657715320587
-0.01678441651165485
-0.000942669459618628
-0.01929471269249916
0.020438674837350845
0.05790581181645393
-0.0008523442083969712
-0.00667257746681571
0.03877376392483711
0.022320799529552456
0.017360303550958633
0.00878562219440937
-0.03361191228032112
0.05611208453774452
-0.11661452054977416
0.046072740107774734
-0.07327698171138763
0.05061527341604233
-0.015654390677809715
-0.11241238564252852
-0.10169054567813872
-0.09139399230480194
0.08128250390291214
0.03428731858730316
-0.08497191965579985
-0.08933016657829283
-0.08421788364648819
-0.04278113320469856
-0.10038502514362337
0.06096843257546425
-0.0715489536523819
-0.04282533749938011
0.05361123755574226
0.06040206924080849
-0.09455082565546036
-0.08012508600950241
0.010672491043806076
0.08533719927072525
-0.11780960857868195
0.04753253608942032
0.001973975915461778
0.020150085911154747
-0.014576639980077744
-0.016611721366643906
-0.132681742310524
-0.04391999170184136
-0.05265436694025993
-0.09180083870887756
-0.03773830831050873
0.08989644050598145
0.01674073375761509
0.0384095311164856
-0.07899820059537886
0.06354375183582306
-0.022819755598902702
-0.09779851138591766
0.0079692043364048
-0.11076791584491728
-0.06549288332462311
-0.09293487668037415
-0.0008691676193848252
0.018891364336013797
-0.029387619346380237
0.02637362852692604
0.08081667125225067
-0.013839351944625376
0.07677826285362244
-0.05057404935359954
0.07148376107215881
-0.03426089510321617
-0.09474911540746687
-0.09427519142627715
-0.023442812263965607
-0.008631791919469833
-0.04682844504714012
0.021728843450546265
-0.001089817495085299
-0.012590054422616959
0.06646399199962616
-0.04670807346701623
0.11942365765571594
0.04264390468597412
-0.05320470407605171
0.013514389283955095
0.0516730323433876
-0.016162358224391937
-0.023876167833805084
0.047383762896060944
0.02873056009411812
-0.03172660246491432
-0.04896821826696396
-0.06651683151721953
-0.000168116413988173
0.11685353517532349
-0.06555438786745071
-0.023641504347324368
0.01477658934891224
-0.09471943974494934
0.07378149032592773
-0.09690196067094803
0.042476300150156014
0.0708526149392128
-0.0023175408132374287
-0.060187745839357376
0.04790349304676056
0.03312344104051589
0.02610008418560028
0.03902564570307732
-0.08873752504587173
-0.032782677561044686
0.05140327289700508
0.0614190362393856
0.007175801787525416
0.1432746946811676
-0.02904491499066353
-0.014277149923145773
-0.07847021520137785
-0.0714019387960434
-0.02447069063782692
-0.022879287600517273
0.1024709865450859
-0.061832886189222336
0.10010629147291183
0.10082341730594636
0.024247288703918457
0.00750096933916211
0.00425461446866393
-0.02020598016679287
0.05434372648596764
0.03832649812102318
0.0782933384180069
-0.012457530945539474
0.009581360965967178
0.024357480928301808
-0.03127962723374367
-0.10630838572978972
0.013210546225309372
-0.010290220379829407
0.07224199175834654
0.035777755081653595
-0.02496423572301865
-0.016674939543008804
-0.07619325071573257
-0.053135577589273446
-0.044523965567350395
0.01975604705512524
-0.05625801533460617
-0.012568272650241852
0.005341543350368737
-0.027025729417800903
-0.017615176737308502
0.04280391708016396
0.08078742027282713
0.09861820936203003
-0.08093734085559845
0.07019707560539246
-0.11111138761043549
-0.008137245662510395
0.0688668042421341
0.020136332139372826
0.07192929834127426
-0.03337317705154419
0.022565366700291637
-0.026209278032183647
0.0283757746219635
-0.018113356083631516
-0.04859548434615135
0.05014145001769066
-0.11113375425338744
0.03216002136468887
-0.08057284355163574
0.053988229483366006
-0.057556696236133575
-0.015264131128787994
-0.03475052863359451
-0.04255181178450584
-0.08448407053947447
-0.09270732104778288
-0.05237876251339912
0.008090295828878878
-0.08438576757907867
0.022036360576748848
0.08055076748132706
-0.050848204642534256
-0.06537241488695145
-0.05753273889422417
0.03846805915236473
-0.007095680106431246
0.07677522301673889
0.011454063467681408
0.0093712555244565
-0.04273331537842751
0.02427108399569988
0.029834089800715446
-0.0677734911441803
-0.024250160902738568
0.11306314915418623
0.0008802948286756873
-0.08191431313753128
-0.010428281500935555
-0.011527782306075096
-0.07914195954799651
-0.003621488343924284
-0.02991773560643196
-0.07589200139045715
-0.029071375727653503
0.007686282973736525
0.0861806347966194
-0.03243984654545784
0.0205997247248888
-0.12233489751815796
0.026695771142840385
-0.02737004682421684
-0.06586329638957977
-0.002372035291045904
0.05625325068831444
-0.0022190758027136326
-0.032453831285238266
0.06810781359672545
0.026343550533056256
-0.08371461927890778
-0.09063985943794249
0.046613406389951706
0.009296769276261328
-0.017589103430509567
-0.04015470296144485
-0.0311524011194706
-0.06036361679434776
0.01057153195142746
0.02485182322561741
-0.0022143558599054813
0.06102139875292777
0.006929219234734774
-0.02695620991289616
-0.018674662336707115
0.07112494856119156
-0.02663970738649368
-0.031086500734090805
0.0867728292942047
0.01638906821608543
0.057431340217590325
0.08496947586536406
0.03825224190950394
0.010229291394352911
-0.020494531840085983
-0.10126423835754395
0.026338735595345497
0.005788904149085283
0.06955601274967194
0.048598024994134896
0.0899522677063942
0.1034388393163681
0.011850812472403048
-0.09116886556148528
0.013956697657704352
-0.06274141371250153
0.05055919662117958
-0.08453146368265152
-0.07988005131483078
0.05226263031363487
-0.032538242638111115
-0.04786531999707221
0.013538088649511336
-0.04926851764321327
-0.02663635276257992
-0.12469582259654997
-0.008454778231680393
0.023517601191997528
0.03949739038944244
0.06679511070251465
0.044105347245931625
-0.09115646779537201
0.03602290153503417
0.013894511386752129
0.02721445634961128
0.10409718006849288
-0.0001556981587782502
-0.11635302752256392
-0.013275908306241035
-0.012792817316949368
-0.043075162917375565
-0.10767742991447447
-0.02338237874209881
0.09743698686361311
-0.026117330417037007
0.04777691885828972
-0.06925275921821594
0.03516704589128494
0.058112114667892456
0.06357013434171677
-0.018145628273487088
0.009408760815858841
-0.026072129607200623
0.010015469044446943
-0.04408114030957221
-0.004265408031642437
-0.05864506587386131
0.04473361000418663
0.03515557199716568
-0.1202600747346878
0.08621707558631897
0.0067278859205544
-0.08554526418447495
-0.006300534587353468
0.038611769676208496
0.04364585131406784
-0.042574454098939896
-0.09779389947652815
-0.08810868114233017
0.1777959167957306
0.01693461835384369
-0.08426573127508163
0.06195986270904541
-0.004593476187437773
0.04435017332434654
0.10191840678453444
-0.06938964128494263
0.019055748358368877
0.044300612062215805
-0.028568267822265625
-0.030807528644800183
0.02752459049224853
-0.00774175813421607
0.08846122771501541
0.03051123395562172
0.03761611506342888
-0.07308904081583023
-0.052388593554496765
0.012513907626271248
-0.011209681630134583
-0.06815916299819946
0.02855577692389488
-0.10580776631832121
-0.09369322657585144
-0.0414719395339489
0.08994865417480467
0.07037904858589172
0.02050231024622917
-0.010982009582221508
0.03224880620837212
-0.021699458360672
0.04971622303128242
-0.03302306309342384
0.07809258252382278
0.07153379172086716
-0.042701851576566696
-0.04187145084142685
-0.08787650614976883
-0.00585223687812686
-0.06655418127775192
0.029445020481944084
-0.005729686003178358
0.03526679426431656
-0.04133867844939232
-0.014831762760877608
-0.11929957568645476
-0.01575876772403717
-0.09028675407171248
0.013391902670264244
-0.07627061754465102
-0.09180139750242232
0.007124993484467268
-0.003713653888553381
0.022816995158791546
0.003935521002858877
0.074668787419796
-0.017378298565745354
0.02035433053970337
0.007917131297290325
-0.11602166295051573
0.11294380575418472
0.04661580547690392
-0.10786683857440948
0.07666897028684616
-0.023882539942860603
-0.03858993574976921
0.11806659400463104
0.00782814435660839
0.020116733387112617
0.04850729927420616
-0.12604497373104095
-0.10052960366010665
-0.010517863556742668
0.02978856675326824
-0.10465963184833527
-0.052796173840761185
0.049622904509305954
0.04909900203347206
-0.04273125156760216
0.03325103968381882
-0.03717483952641487
0.07392434030771254
-0.07241415977478027
0.010090856812894344
-0.01971840299665928
-0.1226976290345192
0.08197758346796036
0.10734549164772032
-0.01564629189670086
0.05826429277658463
0.026581255719065663
-0.10183411091566084
-0.07406501471996307
0.02792084589600563
-0.03286102041602135
-0.03594210371375084
-0.024539805948734283
0.09718693047761917
-0.024390269070863724
-0.015583781525492668
0.13872088491916656
0.024776605889201164
0.03535924479365349
0.012617979198694227
-0.048846423625946045
-0.0507468655705452
-0.012576308101415634
-0.01299220323562622
0.009132849983870985
0.036855932325124734
0.010545117780566216
0.011217400431632996
-0.028205309063196186
-0.08054856210947037
0.03627704083919525
0.12022843211889266
-0.0970405489206314
-0.07320770621299742
0.0259971022605896
-0.12011729180812836
-0.05464361980557442
0.022396134212613102
-0.035705484449863434
0.03833572939038277
-0.044879697263240814
-0.03987528756260872
-0.10189932584762572
0.06021559610962868
-0.11980209499597548
0.08949404954910278
-0.08953849971294403
-0.034731220453977585
0.004032079596072435
0.09238901734352112
-0.033902820199728005
0.030406463891267776
-0.039000898599624634
-0.07066399604082108
-0.05295374616980553
0.06430868804454803
-0.04426143690943717
0.07721967995166777
0.01261418592184782
0.14956800639629364
-0.013523779809474943
-0.007684211712330579
-0.08058314770460127
-0.09453023225069046
-0.04227831587195397
-0.040365636348724365
0.009933046996593475
0.02956518530845642
-0.016402242705225945
-0.005116033833473921
-0.0161382257938385
-0.046142447739839554
0.02504928596317768
0.03645607829093933
0.08924654871225357
-0.12800925970077515
0.012352874502539635
0.07390420138835907
0.002149974461644888
0.03738400712609291
0.08803661912679672
0.05579107627272606
-0.044426068663597114
-0.11802520602941512
-0.07306258380413054
0.11870232224464417
0.02138916216790676
-0.04700830951333045
-0.10852769017219543
-0.07622481882572174
0.04971463605761528
-0.06402428448200226
-0.009413743391633032
-0.06794342398643494
-0.11177878826856612
-0.11541464179754256
-0.03905082121491432
-0.07646198570728302
-0.05441606417298317
-0.007760764565318822
-0.09207441657781601
0.03429887443780899
-0.11466778814792632
-0.0430901013314724
-0.001563578494824469
-0.03829282149672508
-0.11432690918445589
-0.07877497375011443
0.01707351580262184
-0.04229678586125374
-0.11247912794351576
-0.016615886241197586
0.005651817191392183
0.1137980967760086
-0.00935661606490612
0.14135624468326569
0.008508109487593174
0.02265146002173424
0.04088832810521126
0.014968258328735828
0.06187354400753975
-0.05834642052650452
-0.11092939972877502
-0.11727049201726912
0.07391950488090515
-0.021718505769968033
-0.06354618817567825
-0.06341386586427689
-0.057695265859365456
0.0513206422328949
-0.03562596067786217
-0.07812440395355225
0.008325474336743353
0.09350138902664185
0.002280954737216234
-0.013304299674928188
-0.02641388028860092
0.006511109415441752
0.01133318804204464
0.04346102848649025
-0.08335674554109573
-0.1108231171965599
-0.045675270259380334
0.004522495437413454
0.03844522684812546
0.02056979574263096
0.009674401953816412
0.061799399554729455
-0.021325029432773594
0.010786246508359907
0.008505567908287048
-0.10808612406253813
0.13007007539272308
0.018999025225639343
-0.064723439514637
0.060028143227100365
-0.07516878843307494
-0.02484235912561417
0.10085558891296385
0.024692708626389503
0.06239284947514533
0.07858159393072128
-0.04804610833525658
-0.028692511841654778
-0.03272311016917229
-0.09980583190917967
0.011919520795345306
-0.013915199786424637
-0.06633047759532928
0.0453234538435936
-0.11789563298225401
0.031461168080568314
0.09296880662441251
-0.022291045635938644
-0.0011428814614191651
-0.00014906248543411493
-0.01724386028945446
0.17064328491687775
0.022986583411693573
0.04142871871590614
0.002274930942803621
0.020065270364284515
0.03795984014868736
0.0887840688228607
-0.06840917468070984
-0.013786720111966131
-0.10817903280258177
-0.011501822620630264
0.04958394542336464
-0.02294638007879257
-0.04402058944106101
-0.010657720267772675
-0.026342786848545074
-0.12150189280509947
0.004807505290955305
-0.07459747791290283
-0.05991451069712639
0.06299648433923721
-0.027671311050653458
-0.09276073426008224
0.041685044765472405
0.011338811367750168
-0.018030952662229534
0.03934866189956665
0.008540930226445198
-0.004905263427644968
0.03137702122330665
-0.09064716100692749
0.0070838299579918385
-0.01674131490290165
-0.018502669408917427
0.05002640187740326
-0.051933545619249344
-0.015333769842982292
0.0012478496646508574
-0.04301090911030769
-0.07865598797798157
0.06424371898174286
0.13386528193950653
0.11983059346675871
-0.09471881389617921
0.051441818475723274
0.11955457180738448
-0.019900547340512276
0.0316137857735157
-0.00044375157449394464
0.077727772295475
-0.10910915583372116
-0.0009740848327055571
-0.03168300911784172
-0.04823930561542511
-0.07513215392827988
0.015866536647081375
0.035931430757045746
-0.054864589124917984
-0.028075482696294785
0.012835089117288588
-0.010227274149656296
0.0202324353158474
-0.03137389197945595
-0.03464305400848389
-0.0005954817170277238
0.004561464302241801
0.02841648459434509
-0.023031651973724365
0.05809135362505913
0.008894414640963078
-0.07840205729007721
-0.0016099024796858428
-0.1087079644203186
-0.0768667683005333
0.06547871232032776
-0.016004685312509537
-0.049366701394319534
-0.03209429234266281
0.084914967417717
-0.06059223785996437
0.05779581516981125
0.043334592133760445
-0.06870841234922409
-0.11435924470424652
0.024466693401336666
0.07186345010995865
0.009870437905192375
-0.060183987021446235
0.02962200716137886
0.008523307740688324
0.1162869781255722
-0.005445206072181463
0.014594367705285547
0.11831747740507124
0.01313699223101139
-0.10601978003978728
-0.05544399842619896
0.021546507254242897
-0.04552105441689491
-0.04642931744456291
0.02887711115181446
0.12774083018302915
0.05280810967087746
-0.03346790000796318
0.03358820453286171
0.12729397416114807
-0.03955714777112007
-0.11857728660106658
-0.012440415099263191
0.06722324341535568
-0.07401621341705322
-0.04521078243851662
-0.07369112968444824
-0.0915301889181137
0.05995699390769005
0.07185724377632141
-0.013559389859437943
0.016340648755431175
0.1220746338367462
0.02979557402431965
-0.04594823345541953
-0.03762589022517204
0.019246935844421383
0.038889408111572266
-0.07216046005487442
0.0047917780466377735
0.021401237696409225
0.0012958174338564277
0.04566764459013938
0.038367774337530136
-0.0058153425343334675
0.023364583030343052
-0.0128397848457098
0.06554052233695984
-0.12043855339288712
-0.02345769852399826
-0.025698397308588028
0.029151033610105515
0.0008405748521909117
0.03046497702598572
-0.05288895219564438
0.04755902290344238
0.0074365702457726
-0.05148366838693618
0.10113337635993956
0.002828309778124094
-0.0918288379907608
0.06526458263397217
-0.08235415816307069
-0.06556995958089828
0.0030831997282803054
0.01622955873608589
0.04284655675292015
0.13418631255626678
0.11141103506088255
0.09517061710357666
-0.11325271427631378
0.003643395844846964
-0.025561872869729996
0.032254386693239205
-0.09929769486188889
0.044116731733083725
-0.07112427055835724
-0.04566324129700661
0.0320289209485054
0.00837749894708395
-0.044133227318525314
-0.024558469653129578
0.008613367564976214
-0.10268642008304596
0.014379559084773064
-0.035146355628967285
0.026409344747662544
0.04932820424437522
-0.08660998940467833
-0.06865882873535156
-0.035370659083127975
-0.03101937845349312
0.022337226197123528
-0.03284424915909767
0.009729825891554356
0.01952528953552246
-0.035399433225393295
0.041474860161542886
-0.11646696925163268
-0.10400554537773132
-0.04808751121163368
0.07567158341407776
0.030846077948808674
0.05593624338507652
-0.08872606605291367
-0.07112926989793777
0.04069650545716286
-0.018495496362447735
-0.0094607500359416
-0.07215483486652374
-0.1150764301419258
-0.005971988197416067
0.079374760389328
0.008039185777306557
-0.03517478331923485
0.0503673292696476
-0.11883693933486938
-0.08701052516698837
0.013664163649082184
0.006227449048310518
0.04179593548178673
-0.004897845443338156
0.05520201101899147
-0.0538235642015934
-0.018586639314889908
0.01891925185918808
-0.13169138133525848
0.037270884960889816
0.03152796253561973
0.014004338532686232
0.11831959336996078
0.0311538390815258
0.12749405205249786
0.003537601325660944
-0.04366203397512436
0.04371440783143044
-0.11154393851757048
0.08900168538093568
0.024529859423637394
0.07384254038333891
0.07243360579013824
0.04308060556650162
-0.12007153034210204
-0.0411485992372036
-0.0584397092461586
0.06707673519849777
-0.0009359210962429642
0.15316163003444672
-0.04985334351658821
-0.028691468760371208
-0.08478499948978424
-0.004611446987837553
-0.04993665963411331
-0.07709671556949614
-0.04725950583815575
0.05018149688839912
-0.005560099612921476
-0.00794578343629837
-0.10218599438667296
-0.034174975007772446
0.07176101207733153
0.008207271806895731
-0.003739533014595509
-0.014002183452248572
-0.004930716473609209
-0.039686698466539376
0.14092399179935455
-0.055722709745168686
0.037602011114358895
-0.008852524682879448
-0.026251299306750298
-0.00221789488568902
0.037298787385225296
-0.01669365167617798
-0.09910626709461212
-0.0204910971224308
-0.11185696721076964
0.06750757992267609
0.07062621414661407
-0.06623134016990662
-0.040029074996709824
0.04616324603557587
0.04994101822376251
0.09788405895233153
0.024224346503615376
0.07237235456705093
0.06808371841907501
-0.02626641094684601
0.07324393093585968
-0.017854610458016396
0.06388266384601593
-0.011307397857308388
-0.08618466556072235
0.1021771878004074
-0.011713571846485136
-0.051120061427354806
0.005836450960487127
0.10158316045999526
0.010930875316262243
-0.0685630515217781
0.007463959511369466
-0.01816011406481266
-0.10680361092090607
-0.02053280919790268
-0.11050884425640106
-0.028233056887984276
0.020476754754781723
0.023550076410174366
-0.0321689136326313
-0.11543847620487212
0.07101933658123016
0.031358618289232254
-0.019901435822248455
-0.028888162225484848
-0.10231254994869232
0.11459693312644958
0.02890127897262573
0.015507232397794724
-0.06291013211011887
0.0422922782599926
-0.05642038211226463
-0.0069015217013657084
0.01106452103704214
-0.03730128705501556
0.011443173512816427
-0.10936138033866882
-0.004975884687155485
-0.04463651403784752
-0.019822698086500168
0.07807393372058867
-0.04868444055318832
0.06728686392307281
0.006395584437996149
-0.00969868153333664
0.014637224376201628
0.0897115170955658
-0.0585993230342865
-0.002621091902256012
0.008198851719498634
0.005412532482296228
-0.05872833356261253
0.014520063996315002
-0.03463992476463318
-0.0030060685239732265
-0.02489444427192211
0.012850072234869003
-0.003330380190163851
-0.0028803455643355846
0.0008047776063904166
0.0437120608985424
-0.0014245143393054605
-0.026488786563277245
0.006920671556144953
0.0805312693119049
0.011127980425953863
-0.0860220268368721
-0.05736272409558296
0.06431032717227936
-0.08935464918613434
0.026526615023612976
-0.09949962049722672
-0.0718996673822403
-0.05393438413739205
-0.060725416988134384
-0.029116561636328697
0.035206619650125504
-0.07636367529630661
0.05039634555578232
0.016372879967093468
0.04153092950582504
-0.08126050978899002
0.04132723435759544
0.06286291033029556
-0.02073785290122032
0.05231573805212975
-0.033854611217975616
-0.04549091681838036
0.13493135571479797
-0.055848315358161926
-0.016399972140789032
0.01766103506088257
-0.013662705197930336
-0.08122612535953522
-0.001915095024742186
0.02877544052898884
-0.08613532781600952
0.04190303385257721
-0.037271790206432336
-0.040868636220693595
0.019801165908575055
-0.11232949793338776
-0.049323506653308875
0.03480388596653938
-0.0016157437348738313
-0.05977333709597588
-0.038902685046195984
0.07862100750207901
-0.05044550076127052
-0.06504008919000626
-0.023915696889162064
0.06911128014326096
-0.07466682791709901
-0.05512691661715508
-0.11111829429864883
-0.08871664106845854
-0.11301356554031372
-0.011144313961267471
-0.033711228519678116
-0.0035413890145719047
0.11577747762203217
-0.059669699519872665
-0.008346610702574253
-0.0432053804397583
0.01747659593820572
0.0660596638917923
0.03503892198204994
0.09031668305397032
0.06891526281833649
-0.009757688269019127
-0.015865864232182503
0.025162976235151287
-0.057819079607725136
-0.05769685283303261
-0.10394211113452911
0.053170721977949136
-0.09921292960643768
-0.12416023015975952
-0.11286568641662596
-0.04193149507045746
-0.1087680459022522
0.013550548814237116
0.01951192691922188
0.06777648627758026
-0.09519861638545989
0.004009088966995478
-0.09925377368927002
-0.10569953918457033
-0.013598188757896423
-0.09154565632343292
-0.07607147097587585
0.06799197196960449
-0.09499336779117584
-0.04375306516885757
-0.056648243218660355
0.04565931111574173
-0.034929484128952026
-0.020943578332662582
0.03231259062886238
-0.07570860534906387
-0.016131216660141945
-0.09794070571660995
0.009215634316205978
0.026137560606002808
-0.0847763419151306
-0.09782347083091737
0.03618575632572174
-0.04605313390493393
0.09191672503948212
-0.020476002246141437
0.11455973982810974
0.011318868957459927
-0.033033598214387894
-0.0520925410091877
0.03605176880955696
-0.07756199687719345
-0.039817143231630325
-0.05903361365199089
-0.03194884583353996
-0.04116471484303474
-0.012090589851140976
-0.05494816228747368
-0.060274425894021995
-0.038332436233758926
-0.060574468225240714
-0.1034785509109497
-0.1132158562541008
-0.0464780367910862
0.067264124751091
0.05766081437468529
0.08500055223703384
-0.04723410308361053
0.023112475872039795
-0.03168219700455665
0.04004717245697975
0.03645196184515953
0.0781148225069046
0.023499872535467148
-0.08473272621631622
0.04898376390337944
0.07427328824996947
0.017520349472761154
0.028977736830711365
-0.07040882855653763
0.0497695617377758
0.028112372383475304
-0.024782076478004452
-0.010523511096835136
0.0038762991316616535
-0.03803246095776558
0.07691247761249542
0.1144397035241127
0.05966395512223244
-0.09455180168151855
-0.11440713703632353
-0.09418272227048874
-0.09607533365488051
-0.009254723787307741
-0.04778701439499855
-0.0030519231222569942
-0.09457973390817642
0.13040335476398468
-0.011076217517256737
0.012875506654381752
0.0359661839902401
-0.08379870653152467
0.038547653704881675
-0.0581134669482708
-0.08423686027526854
-0.048006907105445855
-0.05461028590798377
0.12157797813415527
-0.03692004829645157
0.0877956748008728
-0.013983510434627531
0.005964583717286587
-0.044187311083078384
-0.10021210461854935
-0.11421068012714385
0.029025740921497345
0.023676883429288864
-0.0212297048419714
0.021555576473474503
-0.07221023738384247
0.06655058264732361
-0.01032373309135437
-0.013882581144571304
0.028621014207601547
-0.017728464677929878
-0.07851314544677734
0.04560567811131477
0.012319047003984451
-0.07691706717014311
-0.025803862139582637
0.0291714072227478
-0.025134800001978878
0.011136235669255257
-0.0545201301574707
-0.1064876914024353
-0.06495870649814606
-0.06948384642601013
-0.01516234502196312
-0.04178030043840408
-0.07437171041965485
-0.12529052793979645
0.021746030077338215
-0.013958722352981567
0.1257997304201126
0.06956003606319427
-0.1185227558016777
0.00898182578384876
-0.11311288177967072
0.02066691219806671
-0.02676600590348244
0.02291802316904068
-0.01330438069999218
-0.0428786464035511
0.09322911500930786
-0.003674798645079136
0.06948623806238174
0.02285676635801792
0.009042832069098948
-0.12047056853771208
0.0201948843896389
0.03546500205993652
0.1594988703727722
-0.0016366482013836503
0.00623588589951396
0.04837052896618843
0.011641988530755045
-0.07305283844470978
-0.1089443564414978
0.024870797991752625
0.023225285112857815
-0.03004533424973488
0.0075586303137242785
0.12103860825300217
-0.019881315529346463
0.08926471322774887
0.06659075617790222
0.014326955191791056
-0.005024497862905264
0.11846257746219636
0.0316697470843792
-0.008142602629959582
-0.015318039804697037
0.0021271235309541225
-0.11539345979690552
-0.012177614495158195
0.003959622699767351
-0.0321742482483387
0.08806656301021576
-0.05082008987665176
0.08898429572582243
-0.08320041745901108
0.03703034296631813
-0.03883548453450202
0.056526556611061096
0.03100348263978958
0.01308825984597206
-0.013499334454536436
-0.010676134377717972
0.052694637328386314
0.06031275168061256
0.02411756291985512
-0.009906650520861149
-0.016191447153687477
-0.02758636139333248
-0.06748662889003754
-0.023457009345293045
-0.06024051085114479
-0.035804327577352524
-0.017236221581697464
-0.10047095268964767
-0.04208965227007866
-0.06040051952004433
0.047132890671491616
-0.02979421801865101
0.06642062962055206
-0.047947391867637634
0.04233880713582039
0.03161747381091118
-0.0314004011452198
0.06897716224193573
0.010922417044639587
0.04770492017269135
-0.04343234747648239
0.014800329692661762
0.06788548082113266
-0.09928075969219208
-0.02407000213861465
0.10177155584096909
-0.016482457518577576
0.09312406182289124
0.0435882844030857
0.04777391999959946
-0.007414817344397306
0.06616666913032532
-0.10530495643615723
-0.05650008469820023
0.001420878223143518
-0.11706411093473434
-0.10534973442554472
-0.10982362926006316
-0.10631024092435835
-0.08189669251441956
-0.0012730356538668275
-0.015035038813948631
0.012680171988904476
-0.06095646694302559
0.0031689214520156384
0.02012641727924347
-0.05288011580705643
-0.005801802035421133
0.015831803902983665
-0.00119085016194731
0.056576814502477646
0.02278321236371994
-0.013587085530161856
0.06344078481197357
-0.017831867560744286
-0.01868229731917381
-0.04736575111746788
0.041296742856502526
-0.00174106250051409
0.07046258449554443
0.00038809084799140686
-0.07131697237491608
0.03489824756979942
0.016705503687262535
-0.09737639129161833
-0.056066356599330895
-0.021088039502501488
-0.0023943674750626087
0.01222209446132183
-0.006326982751488686
-0.11959670484066008
0.017307672649621964
-0.008429387584328651
-0.03648321330547333
-0.005337091628462076
0.0419301874935627
-0.06430600583553314
-0.07598228007555008
0.004244018811732531
5.090550985187292e-05
-0.11889328807592392
0.00013534759636968374
0.04756893590092658
0.04217822477221489
-0.007480389904230834
-0.04153132066130638
-0.1095357984304428
0.001756050973199308
-0.07588955760002136
-0.021425232291221615
-0.021171465516090397
0.07229115068912506
-0.0048109455965459355
0.0008704204810783267
-0.01367630250751972
-0.025144577026367188
0.02618017792701721
0.080665722489357
-0.025909792631864548
0.07228504866361618
-0.0040647690184414395
0.07336431741714476
-0.12472636997699736
0.01500304229557514
0.11235918849706648
0.0042584664188325405
0.044441241770982735
0.04161467030644417
0.01903854124248028
-0.04079440236091614
-0.09918416291475296
0.04352434724569321
-0.008710639551281929
0.027785660699009892
-0.09938706457614897
0.06375278532505035
-0.09762740135192872
-0.06108181551098824
0.020599331706762317
-0.07905863225460051
-0.040761008858680725
-0.0716879665851593
-0.005821750033646822
-0.026922518387436863
-0.11435548961162569
0.03302091360092163
0.08216797560453416
0.030778557062149048
-0.12707935273647308
-0.04140644893050194
0.03261831030249596
-0.032691601663827896
-0.05582920089364052
0.02599870041012764
0.018048878759145737
-0.03854350000619888
-0.022581694647669792
0.053127072751522064
-0.08750265836715698
-0.10778779536485672
-0.0017002212116494775
0.015472696162760256
-0.045532796531915665
-0.07794731110334396
0.0552455373108387
-0.061221878975629807
-0.01887402310967445
-0.10669603943824768
-0.041218090802431114
0.054078854620456696
0.02414746768772602
-0.008856783621013165
0.03562653437256813
-0.0724203437566757
0.024447375908493996
-0.04075584933161736
-0.025578007102012634
0.003544171806424856
0.08099422603845596
-0.07684365659952164
0.05264823883771896
-0.017552193254232407
-0.0385190024971962
0.016293879598379135
-2.3608678020536896e-05
0.04841027408838272
0.04994148761034012
-0.09484414011240003
0.08997002989053726
0.0188011322170496
0.00289909215644002
0.02024822309613228
0.031713690608739846
0.0036342036910355087
0.07401256263256073
-0.02542185410857201
0.11046451330184937
-0.03709821403026581
-0.009788950905203821
0.10078219324350356
0.015381807461380959
-0.07813863456249237
0.0857633501291275
-0.07162998616695404
-0.030057542026042935
0.006338701117783785
0.04618142172694206
0.031232651323080063
0.005640082526952028
-0.07924553751945494
-0.033654894679784775
-0.0448981449007988
0.056140150874853134
0.04535413533449173
0.03514423221349716
0.09087783098220824
-0.08547656238079071
0.010535258799791336
-0.09095808863639832
-0.010443959385156631
-0.08496563136577606
0.0413084588944912
-0.10297812521457672
-0.02995831333100796
-0.10449789464473724
-0.0732249841094017
-0.013582978397607803
0.17592044174671173
-0.04207682982087135
-0.03033191338181496
-0.06216679885983467
0.0025701490230858326
0.018372435122728348
-0.10406694561243056
-0.0017962740967050195
0.08606316149234772
0.014955850318074226
-0.08025418221950531
-0.06130417063832283
-0.0719650387763977
0.06234662607312202
-0.018140975385904312
0.012280288152396677
0.040090885013341904
-0.03864078968763352
-0.03520706668496132
0.023555932566523552
-0.06266129016876221
-0.015647856518626213
-0.057776276022195816
0.025788422673940655
0.018688196316361427
0.1001451164484024
-0.11527462303638458
-0.03962822631001472
-0.026139281690120697
0.002801635768264532
-0.0017687088111415503
0.0014141428982838988
0.01125124841928482
-0.01816369220614433
-0.06125745177268982
-0.020942009985446926
-0.05751211568713188
-0.10625243932008745
-0.055918604135513306
-0.09627731889486314
-0.03622779622673988
0.0018979975720867517
0.04869747161865234
0.09145733714103697
-0.0607985146343708
0.003467015922069549
0.06907959282398224
0.05466950312256813
0.023298364132642743
-0.10809942334890364
-0.01682934537529945
-0.030112113803625103
-0.05488922074437141
0.01902969181537628
-0.027893252670764923
-0.1185726448893547
-0.09792357683181761
-0.1180734932422638
0.025374313816428185
-0.07623292505741118
-0.053076375275850296
-0.06262800097465515
-0.0065491111017763615
-0.07306263595819473
0.03764156624674797
0.0651421993970871
0.010007806122303007
0.06435038149356842
0.08465728163719177
-0.04686082527041435
-0.07690528035163878
0.0011609740322455764
-0.025188174098730087
0.03286042436957359
0.048771653324365616
-0.12685665488243103
-0.044841278344392776
0.03583980351686478
0.1469506472349167
0.05641724169254303
0.006068967748433352
-0.049358438700437546
-0.026514090597629547
0.05209578946232796
-0.01643618755042553
-0.09195047616958618
0.01627977192401886
-0.009304269216954706
-0.10626870393753052
-0.10749690234661102
0.010921720415353777
0.01827907934784889
0.005351692903786898
-0.012332853861153124
-0.07112103700637817
0.003101580310612917
-0.0377177894115448
0.003149854484945536
0.1037718802690506
-0.004359590355306864
0.08101184666156767
-0.0020228703506290913
0.016884708777070045
0.009422624483704569
0.002923851367086172
-0.02630198374390602
0.06789657473564148
-0.09413673728704451
0.019143635407090187
0.008227257989346981
-0.12060952186584473
-0.012135779485106468
0.0054793269373476505
0.01299100648611784
0.0036767930723726745
0.08257909119129182
0.016294967383146286
0.05787771567702293
0.014285280369222164
0.10080569982528687
-0.01975463703274727
0.0807667225599289
-0.0232565701007843
0.10676388442516326
0.07745434343814851
0.07862423360347748
0.09120961278676985
0.15246595442295074
0.013803992420434952
0.0988216996192932
-0.00768228294327855
0.09495119005441664
-0.009179241955280306
0.03321564942598343
0.018689731135964397
-0.03265220299363136
-0.047143962234258645
0.03485025092959404
0.04890912026166916
-0.06958356499671936
-0.08288756757974625
0.07572010159492493
0.008558910340070723
-0.06927654892206192
-0.02521025389432907
-0.00186423456761986
-0.0783725380897522
0.06584137678146361
0.0263909213244915
-0.11567561328411102
-0.035263050347566605
0.04152055457234383
0.035732824355363846
-0.02251237630844116
-0.04657897725701332
-0.0721079409122467
-0.05195719003677368
-0.030794765800237652
0.039806026965379715
-0.03809863701462746
-0.03700074180960655
0.1094486191868782
-0.04773906245827674
-0.060447026044130325
0.015637483447790142
-0.0009284155676141379
0.03283799067139625
0.017301520332694054
-0.009062217548489569
0.0430380217730999
-0.012286463752388954
-0.012853065505623816
-0.07393261045217514
-0.01099507324397564
-0.03897584602236748
-0.0190961305052042
0.04732754454016685
0.02284863777458668
-0.002023387234658003
-0.053555071353912354
0.02019670605659485
0.08305250108242035
0.0545240193605423
-0.09403494000434877
-0.07326495647430421
-0.10630233585834505
-0.04200649634003639
0.020458057522773743
-0.045672211796045296
0.0554351694881916
-0.06750787794589996
-0.10682779550552368
0.05372603610157967
-0.04617593437433242
0.05989540740847588
-0.053712323307991035
-0.06582112610340118
0.06990469992160797
-0.06719469279050827
-0.005039544310420752
-0.05496379733085632
0.060394737869501114
0.11909403651952744
0.014186818152666092
-0.04111983999609947
-0.022810714319348332
0.14937584102153778
-0.03558005765080452
0.0453498512506485
0.07588440924882887
-0.12151926010847092
0.04768094047904015
-0.03486606106162071
-0.049401838332414634
-0.11882013827562332
-0.0753418356180191
0.03549445793032646
0.11657162010669708
-0.030040085315704346
-0.11409720778465272
0.028427746146917343
0.018725764006376263
0.05249594151973724
-0.12047736346721648
-0.07141568511724472
-0.001435641781426966
-0.010857152752578259
0.04085398092865944
-0.1221572458744049
0.13882695138454437
0.06947728991508484
0.06814683973789215
-0.09049128741025923
0.061907853931188576
-0.007481418084353208
0.005756936501711607
0.1111585423350334
-0.07299079746007918
-0.06783640384674072
-0.01173572614789009
-0.012243246659636496
-0.0786542221903801
0.027803394943475723
-0.04409679397940636
0.009347636252641676
-0.08090438693761826
0.0006191994762048125
-0.015818830579519272
0.04881742969155312
0.010443085804581642
0.08367191255092621
-0.0053443009965121755
0.07426474988460541
0.030568517744541168
0.04690678045153618
-0.027792347595095634
-0.0174375269562006
0.0793420374393463
-0.11438463628292084
0.09688205271959306
-0.001850194879807532
0.02897514216601849
0.0815887451171875
0.031146995723247528
-0.05486547574400902
0.059562049806118005
0.02338258922100067
0.07313409447669984
-0.08858601748943327
-0.029998486861586567
-0.007022507023066281
-0.0036541926674544807
0.2233949601650238
0.06874597072601318
-0.04555711895227432
0.0034487158991396427
-0.028275154531002045
0.03857346996665001
0.09338471293449402
0.005372649524360895
0.0071350750513374805
-0.0717945545911789
0.04621760919690132
0.02346794679760933
0.003744298592209816
-0.07947206497192384
-0.10470077395439148
-0.03766733780503273
0.050652969628572464
-0.0063428268767893314
0.011109163984656332
-0.08709470182657242
-0.12413403391838072
0.008942332118749617
0.05282685533165932
-0.06156718358397484
-0.05513936653733253
-0.1104854792356491
0.008070770651102066
0.03902347758412361
-0.05848456546664237
-0.0460423044860363
0.011354242451488972
0.055447697639465325
-0.03573953360319137
-0.08761930465698242
0.00806894339621067
0.027702894061803814
0.0005409115692600608
0.024080842733383175
-0.016231823712587357
-0.07453025877475737
-0.01525045931339264
-0.0898042321205139
0.1041385307908058
0.036911237984895706
-0.02795951627194881
0.11502228677272797
0.02477419935166836
-0.07425224035978317
0.01496138609945774
-0.055953487753868096
-0.020346222445368767
-0.0005425369599834085
0.0012260893126949668
0.013410210609436035
-0.0749325007200241
-0.11736810952425004
0.010960357263684273
-0.013038810342550276
-0.018483391031622887
-0.13514505326747894
-0.046480994671583176
0.0008797053014859557
-0.08606795221567155
0.029557861387729645
0.0357845202088356
0.032334811985492706
0.08021126687526704
0.031047334894537926
-0.011874080635607243
-0.017589522525668144
0.011455757543444632
0.07734468579292297
-0.016622215509414673
-0.050688933581113815
0.007008695509284736
0.04101519659161568
0.051640167832374566
-0.06399627029895782
0.11314603686332703
0.033595457673072815
-0.021005831658840176
0.05784688144922256
0.01763322204351425
0.10701876878738403
0.02270648442208767
0.00010202487464994192
-0.09430287778377534
-0.032991427928209305
-0.09403607249259949
0.02974565140902996
-0.03990913927555084
-0.05375215038657189
0.10509318113327026
-0.10954408347606658
-0.016559356823563576
0.04477189108729362
-0.07738008350133894
-0.035168200731277466
-0.09739911556243896
0.02724708244204521
-0.028600279241800308
-0.08425794541835785
-0.0808165669441223
0.009753555990755558
-0.01575959287583828
-0.044676825404167175
-0.04044376686215401
0.03398654982447624
0.057193107903003686
0.053567036986351006
0.010896374471485615
-0.019268184900283813
-0.0281297080218792
0.015574243851006033
0.01042577251791954
0.07204551249742508
0.07189728319644928
0.07479552924633026
0.08609363436698914
0.02253680489957333
0.030713286250829697
0.021342080086469647
0.056470979005098336
0.03694649785757065
0.024007923901081085
-0.12247047573328018
0.1077791079878807
-0.028570059686899185
-0.015622897073626518
-0.050171609967947006
-0.03338981792330742
-0.009430905804038048
0.0009569454705342649
0.07124795019626617
-0.07450914382934569
-0.12409888207912444
-0.07594233751296997
-0.022834163159132004
-0.010375939309597015
0.08983176946640015
0.03294728696346283
-0.10548055171966551
0.0719645693898201
-0.03845571354031562
-0.04236423596739769
0.040193665772676475
-0.07894633710384368
-0.04581320658326149
0.0449342392385006
0.0017870444571599364
-0.054665956646204
0.02103530429303646
0.007093970198184252
0.037608373910188675
0.06264191120862961
-0.018536396324634552
-0.11839300394058228
0.06153748556971549
-0.06284356862306595
0.01881292648613453
0.02205420471727848
0.06500563025474548
-0.009771568700671198
0.1267344057559967
-0.015255969017744064
0.06558465957641602
-0.04359342157840729
0.12861670553684235
-0.036294493824243546
0.06290291249752045
-0.1102478951215744
-0.04163796082139015
-0.015504272654652596
0.024691250175237652
-0.11058220267295836
-0.0197940431535244
0.08721804618835449
0.025535849854350087
-0.04592983052134514
-0.05707881972193717
-0.03327944874763489
0.08577337861061096
0.02684863656759262
0.0248618982732296
0.0007211378542706369
-0.0011140793794766068
0.12995488941669464
-0.1097210943698883
-0.07599246501922606
-0.01269816607236862
-0.04396731033921242
-0.1298819929361343
-0.0439285971224308
0.011989815160632132
0.05125482752919197
-0.0012417720863595605
-0.1016971319913864
0.046134743839502335
0.013758273795247076
-0.0040069366805255404
-0.03429444506764412
0.13300679624080655
-0.02056698128581047
-0.053979378193616874
-0.05996178835630417
-0.07172481715679169
-0.08802343904972076
-0.08586054295301437
0.003146533388644457
-0.05698569118976593
0.015059368684887886
0.07032570242881775
-0.04698311164975166
-0.06192207708954811
0.036179065704345696
0.021681085228919983
-0.01957868784666061
-0.04215317592024803
0.026127941906452175
-0.05696042999625205
0.007301584351807832
0.02441735565662384
0.01862134784460068
0.05195758864283562
-0.08605094999074936
-0.032501306384801865
-0.02960815280675888
0.058338407427072525
-0.03131116181612015
-0.022317934781312943
-0.07165811955928801
-0.03931914642453194
0.10942158102989195
0.09718868136405946
-0.10328984260559082
0.04669811949133873
-0.09942066669464111
0.0073555191047489634
0.007812278810888528
-0.06298594176769257
-0.05707653239369392
0.042882513254880905
0.08592648804187775
0.03685475513339043
-0.0505230501294136
0.10325680673122406
-0.11174936592578888
0.024169225245714188
-0.09854614734649658
0.08723191171884535
-0.11270645260810852
-0.07348432391881943
0.014858311042189598
0.10285808145999908
0.03272330388426781
-0.11859151721000671
0.05836944282054901
0.07241201400756837
0.0125137809664011
0.028186749666929245
-0.06496962159872055
-0.015916086733341217
-0.02426045015454292
0.029977383092045784
-0.02590163424611092
-0.008858628571033476
0.01766531728208065
-0.009444909170269966
-0.009290361776947975
-0.11398500949144363
-0.017677828669548035
-0.06810703873634337
0.05190003290772439
-0.03892263397574425
0.09351865947246552
0.07483499497175217
-0.05762255564332008
-0.05744349956512451
-0.0745217129588127
-0.12462154030799864
-0.08328054100275038
0.0016351960366591811
-0.0048401537351310244
-0.050151631236076355
0.004123592283576727
-0.009567363187670708
-0.10764440149068832
-0.0067874058149755
-0.09672150015830992
-0.037347894161939614
0.0852552130818367
0.024116937071084976
0.013400418683886528
0.03664850071072578
-0.12640418112277985
0.09313686192035676
-0.05300020799040794
-0.055263020098209374
-0.09117867052555084
0.05404205620288849
0.018533397465944287
-0.08172267675399779
-0.04075023904442787
-0.037538286298513406
0.06482056528329849
0.05767760053277016
0.11262103915214539
-0.020857948809862137
-0.05692897364497185
0.04356848448514938
-0.02695886790752411
-0.024545008316636086
0.0943274199962616
-0.06707854568958281
-0.045196257531642914
-0.018164640292525288
0.015489986166357994
0.005909060593694448
0.049582038074731834
-0.01427242998033762
0.007570402231067419
-0.06777457892894745
0.05876268446445465
0.012565547600388525
-0.07982558757066727
0.05500142276287079
-0.07522982358932494
-0.004798701498657465
0.03659001737833023
0.08982093632221222
-0.004233471583575009
-0.02596367336809635
-0.049658086150884635
-0.07334528863430022
0.05524160340428352
0.05142294615507126
0.014871247112751009
0.033170513808727264
0.038734566420316696
-0.04854055121541023
0.06209559738636017
0.066077321767807
0.0046594287268817425
-0.06121620908379554
0.07370518147945405
-0.02173230051994324
-0.03920045867562295
-0.0399489663541317
0.04277046397328377
-0.0504172220826149
0.02827530540525913
0.027379393577575684
-0.07699004560708998
0.06746740639209747
0.020693300291895863
-0.0374121367931366
-0.012347002513706684
0.03710506483912468
-0.020501749590039253
-0.029594624415040016
-0.026812316849827766
0.009208841249346733
0.05764089897274971
-0.08929015696048737
0.05453409627079964
0.06886205077171326
0.02372489683330059
-0.00615516072139144
0.0351482518017292
0.04383686184883118
0.08719246834516525
0.09430929273366928
-0.02984168753027916
0.12510955333709717
-0.03624847158789635
-0.014258775860071182
-0.12068361788988112
-0.04407284781336784
0.07837517559528352
-0.016863467171788216
-0.05211374908685684
-0.07427731156349182
-0.03805110231041908
0.02914648689329624
0.0029156538657844062
-0.014716491103172302
-0.05184129253029823
0.000982871628366411
0.015073602087795734
-0.028018459677696228
-0.03196309134364128
-0.010315089486539364
-0.06419543921947479
-0.07987000793218611
0.0008137769764289261
0.052548106759786606
0.11452911794185638
-0.07058851420879364
0.07737275958061218
-0.06871095299720764
-0.07861120998859404
-0.07392014563083649
-0.1150389090180397
-0.07582315057516098
-0.029325678944587708
0.006426673848181962
-0.005377586465328932
0.1056084781885147
-0.07325369119644165
0.0043979170732200154
0.01855549030005932
-0.004218218848109244
0.05268062651157379
0.0033112443052232265
-0.011060011573135853
-0.005645277444273233
-0.07623061537742615
0.07071922719478607
0.05659130960702896
0.046511951833963394
0.11462734639644621
-0.01189756952226162
-0.014220397919416428
-0.05653756484389305
-0.013911286368966103
0.04187561199069023
-0.09510232508182524
-0.10027793049812316
0.0031298031099140644
-0.011912040412425993
-0.0462677888572216
-0.05787432566285133
0.018973445519804955
-0.0756331756711006
-0.02310408465564251
0.02005588263273239
0.03581458330154419
0.0011237090220674872
0.04718241840600968
0.023638345301151276
0.033472377806901925
0.09729479998350143
-0.05339121073484421
-0.10556060075759888
0.03801364079117775
-0.06773965060710907
0.009824669919908047
0.06291428208351135
-0.015166927129030228
0.023565912619233128
-0.0809106230735779
-0.03580233082175255
0.06738222390413284
0.026007499545812607
-0.0025563626550138
0.06317933648824692
0.021051630377769474
0.01121716946363449
-0.02186577208340168
-0.027515381574630737
-0.04597564786672592
-0.08917561173439027
0.018280796706676483
-0.042803458869457245
0.03284521773457527
-0.010116051882505415
0.024722378700971603
-0.1027555465698242
0.04677499458193778
0.00026374717708677053
-0.05862926319241524
-0.009836191311478615
0.03209485113620758
-0.042265892028808594
0.07046957314014435
-0.06502789258956909
0.0735127776861191
-0.1072615534067154
-0.0040374048985540876
0.0016547407722100616
-0.07979300618171693
-0.043615315109491355
0.018607439473271366
0.06805694103240967
0.0718940943479538
0.15899346768856049
-0.04000185057520866
-0.06959394365549088
0.026227436959743496
0.16060857474803925
-0.11592680215835573
0.027549095451831818
-0.11654132604599
-0.03946800157427788
0.0646948367357254
0.010641403496265411
0.10107636451721191
-0.008303778246045113
0.10798557847738265
-0.09354100376367569
-0.06552097946405411
0.06824691593647003
-0.03236076608300209
-0.03681503981351853
-0.13241855800151825
-0.049291808158159256
-0.10351046919822691
0.046208474785089486
0.06646974384784697
0.031085357069969177
0.00930001586675644
0.02456657961010933
0.021324681118130684
-0.0733542814850807
0.044224083423614495
-0.023196734488010406
0.03865290060639381
0.009851325303316115
0.039096467196941376
0.015586497262120245
0.01888718456029892
0.042763564735651016
-0.05172403156757355
-0.10461990535259245
-0.00028392637614160776
-0.12425588071346282
0.008555291220545769
0.04454058408737183
0.02155821584165096
-0.03922519087791442
-0.02149955183267593
-0.010554325766861439
-0.055031027644872665
-0.05351807549595833
-0.0043888664804399005
-0.008874006569385529
0.035837043076753616
-0.13162861764431
-0.09125211089849472
-0.042453572154045105
0.024840950965881348
-0.06467840820550919
-0.016190990805625916
-0.028524087741971012
-0.03457500413060188
-0.043888840824365616
0.1431313306093216
0.002259500790387392
-0.02057934738695621
-0.025058403611183167
0.02702458947896957
0.027432089671492577
0.0005544194718822837
0.09203848987817763
-0.01359153725206852
0.0277215912938118
0.04762246832251549
0.1745422929525375
0.010695607401430607
0.03548545017838478
-0.039154905825853355
0.03640071302652359
0.13186019659042358
0.08888188004493713
-0.0005458776140585542
-5.870650056749582e-05
0.005738126579672097
-0.030567392706871033
-0.08436884731054306
0.041376698762178414
0.00018560735043138263
0.049710828810930245
-0.06637322157621384
-0.08099503815174103
0.027470922097563744
0.03910773620009422
0.03297565132379532
-0.021050484851002693
0.005756790284067392
-0.016705375164747238
-0.0432436428964138
-0.04622634127736092
0.04615323618054389
-0.016568835824728012
0.04136943444609641
0.004639203194528817
-0.10310900956392288
0.0912707895040512
-0.007188610266894102
0.0012970532989129424
-0.09432783722877502
0.003998482134193182
0.08008800446987152
-0.03983157128095626
-0.04788920655846596
0.03900441899895668
0.1073177009820938
-0.03481542691588402
0.04940075799822807
-0.04369114711880684
0.06896503269672394
-0.001889083185233176
-0.04039748758077621
0.028892843052744865
0.09671944379806519
-0.11232189834117888
0.05164282023906708
-0.001844310318119824
-0.05227075889706612
-0.03002848103642464
0.166436105966568
0.07105374336242676
0.09182257950305937
-0.007145117502659559
-0.0009585643419995906
-0.006811878178268671
-0.05393821373581886
0.03409329801797867
0.015183344483375548
-0.055794361978769295
0.0001690274802967906
0.1769924908876419
-0.005944558884948492
-0.004140759352594614
0.0419921912252903
-0.09071962535381316
0.0057523963041603565
0.05322358384728432
-0.08429448306560515
0.03864743188023567
-0.09140480309724808
0.019897324964404103
-0.06975804269313812
-0.05647012591362
0.023252958431839943
-0.09784382581710815
-0.07493028789758682
0.03203931823372841
-0.11680755019187929
-0.09700658172369005
0.005981591064482927
0.05501468107104301
0.09770838916301729
-0.008907180279493334
0.007242415565997361
-0.0014068657765164971
0.048402901738882065
-0.05089117214083672
-0.03772544115781784
0.1111415922641754
-0.11776700615882872
-0.05882155150175095
0.07873429358005524
-0.05721243470907211
-0.03216978535056114
0.00656943628564477
-0.011942636221647263
0.05417770519852638
-0.05294030532240868
0.0083397775888443
-0.06521563231945038
-0.027015987783670425
-0.03829541802406311
0.0581059455871582
0.024369455873966217
0.0685209184885025
-0.09173491597175598
-0.026476297527551648
-0.031078319996595383
0.04115510359406471
-0.02740555070340633
-0.024821370840072632
0.0923919528722763
-0.03754239156842232
0.03379036486148834
-0.009808136150240898
-0.09504767507314682
-0.007919449359178543
0.074098140001297
-0.07408119738101958
0.05601247772574425
-0.004578063730150461
0.049409102648496635
0.009696811437606813
-0.0020966171287000175
-0.029727157205343246
-0.10914123803377151
0.04350479319691657
0.039691831916570657
-0.03287242352962494
0.06837768107652664
-0.03322327136993408
-0.04138263687491417
0.00802111066877842
0.10056965053081512
-0.03491707518696785
0.01013907603919506
0.059603456407785416
0.011307263746857645
0.10501693189144135
-0.035267625004053116
0.05655521526932716
0.010215997695922852
0.03725658729672432
0.057168450206518166
-0.04678432270884514
0.010418293997645378
-0.05273444578051567
-0.020615488290786743
0.044094555079936974
0.021021660417318344
0.005427971947938204
-0.04727644100785256
-0.03544760122895241
0.061403241008520126
-0.04301803559064865
0.016519682481884956
-0.13147807121276855
-0.07543680816888809
-0.12346576154232024
-0.13350258767604828
0.02464313432574272
0.01647920534014702
0.0081632724031806
0.07088693976402283
0.03660835698246956
-0.05387324467301369
-0.0034292903728783126
-0.02374362386763096
-0.08776541799306868
-0.045183639973402016
0.011326575651764868
-0.07216726243495941
0.005535537376999855
-0.04763294383883476
-0.0874393954873085
-0.06977145373821259
-0.016750263050198555
-0.04256718978285789
0.002228966448456049
0.06884613633155823
0.02547771483659744
-0.019173845648765564
-0.01382337138056755
-0.10771137475967409
-0.023625675588846207
0.050085175782442086
-0.03835317865014076
-0.09457187354564665
0.013389061205089092
0.025229938328266144
0.06077257171273232
-0.03677018359303474
0.029612671583890915
0.057121533900499344
-0.0471208430826664
-0.0004127934807911515
-0.06689388304948807
-0.11071033030748367
-0.0038559469394385806
0.004060154315084218
0.07434767484664917
-0.06100254878401756
-0.10826882719993591
-0.0881529301404953
0.00443980423733592
0.010963828302919865
-0.10945776104927062
0.027713607996702198
-0.029735449701547623
0.010161146521568298
0.07930949330329895
0.05519479140639305
0.02022641897201538
0.03435095399618149
0.03922916203737258
-0.08807279914617537
0.12253601849079132
0.0033265412785112858
-0.002624084707349539
-0.07522456347942352
-0.10545721650123596
0.006087481509894133
0.028102131560444832
0.08306217193603516
0.1062985062599182
0.015861390158534047
-0.056155946105718606
0.027558406814932823
-0.02970363572239876
0.02659908682107925
0.0007077123736962676
-0.05430489405989647
0.034545622766017914
0.027991782873868946
0.03159208968281746
-0.07895581424236298
0.014200236648321152
-0.04600337892770767
-0.11982964724302292
0.04232506081461906
-0.0826917067170143
-0.12394838035106658
-0.03566696867346764
0.07424739003181458
0.004429473076015711
0.0017585422610864043
-0.022108085453510284
-0.0054448763839900485
0.02894998714327812
0.04114272072911263
0.07914689928293228
0.048956841230392456
0.05288701876997948
-0.05406640470027924
-0.001304428675211966
0.12895996868610382
0.015876617282629013
-0.05631905421614647
0.012245263904333115
0.030501356348395348
-0.022094804793596268
0.030717482790350917
0.0005939047550782561
-0.039574015885591514
0.06276395171880722
0.033996213227510445
0.08145870268344878
-0.044066675007343285
-0.0014066925505176187
-0.07075522840023041
-0.0959714502096176
-0.11628779023885726
-0.06393742561340332
0.011857841163873672
0.05098029971122742
0.08568836003541945
0.05201878026127815
0.042146723717451096
0.02530764974653721
-0.05070196092128754
0.12007096409797668
-0.007519684266299009
-0.05677917972207069
0.054012332111597054
-0.010412869043648241
-0.06190632656216621
0.03220876678824425
0.09704704582691193
-0.11325107514858244
-0.06721529364585876
0.0184716172516346
0.1064269170165062
-0.07861339300870894
-0.04139490053057671
0.17056365311145782
-0.05256699025630951
-0.03178650140762329
0.04338091239333153
0.09147864580154419
0.015414579771459103
0.02399379014968872
-0.03071923181414604
-0.10929374396800993
-0.06957507133483887
0.08724524825811386
-0.10546348989009856
-0.06193630769848824
-0.06093013659119607
0.054851099848747246
-0.023605305701494217
-0.06129139289259911
0.05749289318919182
0.01463460735976696
0.05675162002444267
-0.09713326394557951
0.0026416690088808537
-0.09501256793737411
-0.06885480880737305
-0.06324014812707901
-0.12251228094100952
-0.05095811560750008
0.0010531054576858878
0.018549703061580654
-0.04290006682276726
0.02406979352235794
0.04369049146771431
-0.13012540340423584
0.08060162514448166
-0.09775802493095397
-0.0463767908513546
0.03136153519153595
-0.0617184229195118
0.11433636397123335
0.03589104115962982
0.019435090944170952
0.04229328781366348
0.17267705500125885
0.034493569284677505
0.01139828097075224
0.09366653859615326
-0.028749313205480572
-0.07393336296081544
-0.03624982759356499
0.0370001494884491
-0.002812356688082218
-0.02171775698661804
0.09851610660552977
0.1263398677110672
-0.07497297227382661
0.028187816962599754
-0.001998299267143011
-0.08793755620718001
-0.008296867832541466
-0.11310890316963196
0.060245100408792496
-0.029075341299176216
-0.12503422796726227
-0.06942791491746902
-0.08611415326595305
0.0028297449462115765
-0.03327576816082001
-0.11888164281845091
-0.05784944072365761
0.02509801648557186
-0.03834870085120201
-0.05853557214140892
0.11810705065727232
0.014448808506131172
0.05860322713851929
0.052362758666276925
0.013529552146792412
-0.10391520708799362
0.03673046454787254
0.04990989714860916
-0.05559893697500229
-0.02645271457731724
-0.02533920295536518
-0.06252538412809372
-0.03274135664105415
0.04927224293351173
-0.045731499791145325
0.008701765909790993
0.02908976934850216
-0.02589002624154091
0.03948336839675903
-0.01983891427516937
0.044095933437347405
-0.10662003606557846
-0.06732575595378876
0.014666579663753508
-0.017132144421339035
-0.04698131233453751
-0.0033449488691985607
-0.08621392399072646
0.12931346893310547
-0.06865205615758896
0.030623659491539
-0.09987039864063264
0.023102710023522377
0.011660588905215263
-0.04006427526473999
-0.021583616733551025
-0.017192639410495758
0.03494678810238838
-0.07095817476511002
0.05366386473178864
-0.12380896508693696
0.04367765411734581
0.026419863104820248
-0.08611646294593811
-0.020226048305630684
-0.021600039675831795
0.081048384308815
0.04015817120671272
0.04250511899590492
-0.06389880180358887
-0.014791248366236687
-0.014242921024560928
-0.04401268810033798
0.016628015786409378
-0.010218342766165732
0.011602986603975296
0.005590511951595545
-0.011590735986828804
-0.044056642800569534
-0.055027958005666726
-0.060120511800050735
0.0705183669924736
0.03595764562487602
0.050696950405836105
-0.037484072148799896
-0.028985409066081047
0.018600981682538983
-0.11683560162782668
0.06994366645812988
-0.07376092672348022
-0.06316135823726654
-0.0913274586200714
-0.05854269117116928
0.07390183210372925
0.02004910260438919
-0.07235321402549742
0.03175156190991402
-0.08062698692083359
0.1048481836915016
0.09855937957763673
-0.007961731404066086
-0.12376631796360016
-0.12174679338932036
0.05147081986069679
0.031895730644464486
0.020988205447793007
-0.006716358941048384
-0.054567743092775345
0.07595907151699066
0.0660361647605896
0.06040405482053757
0.018893340602517128
0.00802590325474739
-0.0778978168964386
0.009955083951354025
-0.03177987039089203
-0.008656393736600878
-0.10269749164581297
-0.03227971121668816
0.052734438329935074
-0.05368499457836151
-0.04175731912255287
0.1224406212568283
-0.02745596133172512
0.007533601019531488
0.03914244100451469
-0.01035204529762268
-0.02637026458978653
-0.1008511483669281
0.02109161950647831
-0.08537199348211288
0.0015646669780835507
0.022938858717679977
0.019063156098127365
0.08801934868097305
-0.028273638337850567
0.023633092641830444
-0.004538729321211576
0.12135948985815048
0.023938085883855816
-0.09013432264328003
-0.037416476756334305
0.028508460149168968
0.05890266224741936
0.02219236083328724
0.011193390935659409
0.030361082404851917
0.10585099458694458
0.16284503042697906
0.00974571332335472
0.01842864230275154
-0.022470772266387936
0.031592048704624176
-0.028505677357316017
0.005054561886936425
-0.06318341195583344
-0.07058338820934296
0.0410790629684925
0.01008477620780468
-0.04585415869951248
0.04467574879527092
0.003902047406882048
-0.09249512106180192
-0.08257578313350677
0.017732514068484306
-0.10518459975719452
0.06588675081729889
-0.028857044875621796
0.05652645230293274
0.0060741794295609
-0.06538614630699158
0.04755738750100136
0.021054284647107124
0.06761431694030762
-0.007780769374221563
-0.020496822893619537
0.06926429271697998
0.02715138718485832
0.030047498643398285
0.047661859542131424
-0.04010825976729393
0.02322379872202873
0.01689997687935829
-0.02155886404216289
0.015216376632452013
-0.04987778887152672
-0.09453894942998886
-0.034562334418296814
-0.052893277257680886
-0.0428783893585205
-0.021565152332186695
-0.0908949226140976
0.09699399024248125
-0.11068306118249892
-0.09956259280443192
-0.07594642788171768
-0.004085735883563757
0.06090157479047775
-0.05336830019950867
0.04807403311133385
-0.05473668500781059
-0.016000736504793167
0.031431231647729874
-0.01934436336159706
-0.1166114956140518
0.042413543909788125
0.026776429265737534
-0.008568616583943367
-0.11617399752140044
0.00973227061331272
-0.030039671808481216
-0.12366102635860445
0.028932072222232815
0.020927382633090016
0.050631083548069
-0.11591458320617676
-0.06205068901181221
0.009706538170576096
-0.028545068576931957
0.0397467203438282
-0.01530422642827034
-0.05210115388035774
0.09194870293140413
-0.03546832874417305
-0.04691734537482262
-0.04182906448841095
-0.09832812845706941
0.050146043300628655
0.09440152347087859
0.10272201895713806
-0.023874953389167786
-0.05161612480878829
-0.03202480822801589
0.0765165016055107
-0.05789078027009964
0.052452277392148965
-0.11388416588306428
0.010076548904180527
-0.008214768953621387
-0.08234096318483353
0.01986873522400856
-0.010821167379617693
0.12420917302370071
-0.0690518319606781
-0.003523475956171751
0.08150053024291992
0.008685544133186339
-0.0721951574087143
0.03634532913565636
0.11497440934181212
0.022044813260436055
0.10751131176948547
-0.013226877897977827
0.058757536113262177
-0.05079308524727821
0.036420922726392746
-0.013429198414087296
-0.03323319926857948
-0.10771612077951433
-0.06961676478385925
0.046775635331869125
-0.07288075238466263
0.08976967632770537
0.016393082216382027
0.08773411810398102
-0.1099739670753479
-0.005991607438772917
0.03295079991221428
0.026049245148897168
-0.036470778286457055
-0.07152859121561049
0.01223810575902462
-0.08356812596321107
0.06687424331903458
0.012204593047499657
-0.0490984283387661
0.037741269916296005
-0.008740303106606007
-0.03756445273756981
0.042227331548929214
-0.06761380285024643
0.038939256221055984
0.0185311995446682
-0.007555521558970213
-0.007378519047051667
-0.020648349076509476
0.07356362044811247
-0.06071840599179268
-0.07918664813041687
-0.037199154496192925
-0.05560356006026268
-0.05918511375784873
0.020613474771380424
0.014379731379449368
-0.06133999302983284
-0.03329193964600563
-0.10033145546913146
0.003592664841562509
-0.05243106558918953
0.13335199654102323
-0.02761619165539741
0.0923871397972107
0.05323387309908866
0.042850758880376816
0.12797255814075467
-0.0028967871330678463
0.04301373288035393
-0.07333864271640778
-0.05323589220643044
-0.022171339020133015
0.008835230022668839
0.059386789798736565
-0.10161563009023666
-0.08140349388122559
-0.02891111932694912
-0.08895809948444366
0.050134893506765366
-0.08969897031784058
-0.05185315012931824
0.02580930665135384
-0.10535034537315369
0.005581180099397898
-0.0649804174900055
-0.07538636028766632
0.050081554800271995
-0.11066292226314545
0.10462221503257751
-0.11451247334480284
0.04523889720439911
-0.028216877952218052
-0.04798774793744087
0.1069713458418846
0.04054049402475357
-0.004146035294979811
-0.043490931391716
-0.008212845772504807
-0.011654559522867203
0.0015280687948688865
-0.034712839871644974
-0.030993383377790448
0.04140216112136841
0.0207840409129858
-0.08882869780063629
-0.0442228801548481
-0.11192212253808977
-0.03581012785434723
0.08757683634757996
0.08045473694801329
-0.01461871899664402
0.0430622361600399
-0.06287930905818939
-0.02914315089583397
0.05268414691090584
0.05334683507680893
-0.05558241158723831
0.08584421873092651
-0.10634225606918334
-0.1260463297367096
0.038904748857021325
-0.03840191289782524
0.00048283708747476334
0.06040283665060997
0.05156519636511803
-0.023125547915697094
0.04362648352980614
-0.05084548518061638
-0.07402659952640533
-0.020237792283296585
-0.006292035337537527
0.05156770721077919
-0.0562078058719635
-0.025093492120504376
-0.029773375019431118
0.09301310777664185
0.0010583814000710845
0.07581742107868193
0.046011786907911294
-0.0024233884178102016
0.03833026438951492
-0.06521614640951157
0.0119100883603096
0.08930263668298721
-0.0512675754725933
-0.023186916485428807
0.02406901307404041
0.0008884336566552519
-0.03675759583711624
0.05013378709554672
0.12250229716300964
0.1454748511314392
-0.030093509703874588
-0.11482849717140196
-0.08021400868892668
0.03147729113698006
0.011059097945690157
-0.018415074795484543
0.11034245789051056
0.030333297327160835
-0.1139836311340332
-0.03592309728264809
0.09731924533843994
0.0317261666059494
-0.08782162517309187
0.04486089572310448
-0.08111485838890076
-0.031191270798444748
0.046799805015325546
-0.03636115789413452
0.028518650680780407
-0.09959086030721664
-0.00636263145133853
-0.006738818716257811
0.028936656191945076
-0.11486519128084181
-0.1046910136938095
-5.94571465626359e-05
0.060182828456163406
-0.09080049395561218
0.15514887869358063
0.044802796095609665
0.030333897098898888
0.0762881338596344
-0.027312634512782097
0.06864608824253082
-0.07315576076507568
-0.11071281135082243
-0.021230299025774
0.0427829846739769
0.035061147063970566
0.03088802471756935
0.008877519518136978
0.01971856877207756
0.11197204887866972
0.03971889987587929
-0.001074165222235024
-0.09094737470149994
0.07711026817560197
0.03163425251841545
0.017046133056282997
-0.11743082851171492
-0.10162517428398132
0.0476846806704998
0.07509390264749528
0.099454864859581
0.0899844616651535
-0.050388440489768975
-0.042238444089889526
-0.0019618640653789043
0.09252859652042389
-0.1234845221042633
0.06697368621826172
-0.03515908494591713
-0.05057921633124352
-0.00463572097942233
0.0861021801829338
-0.008150484412908554
0.07851725071668623
-0.04444669932126999
-0.08002018928527832
0.05320094898343086
-0.03660104051232337
0.05907900258898735
0.01759558543562889
-0.003005193080753088
0.03535737842321396
-0.09040863811969757
-0.059781935065984726
0.003205350134521723
0.0821339339017868
-0.04650027304887772
-0.10426521301269533
-0.022321693599224087
-0.06851786375045776
-0.06271521747112274
-0.09732583165168762
0.09322933107614516
-0.00789504311978817
-0.10692454129457472
-0.07458583265542984
0.08189703524112701
-0.11268511414527892
-0.04516971856355667
0.09628330916166304
-0.08440805971622467
0.19335173070430756
0.04757684841752052
0.007867468520998953
-0.05715162679553032
0.0548098124563694
0.026416387408971783
0.071727454662323
-0.04542986676096916
-0.0919416695833206
0.006165283266454935
0.08113589137792587
0.04679322615265846
0.029448725283145905
0.1005408987402916
0.011102108284831049
-0.037971381098032
-0.11355659365653992
0.013237444683909416
-0.025100890547037125
0.046322986483573914
-0.030931290239095688
-0.05848558619618416
0.050868812948465354
-0.022678760811686516
0.05714517831802368
-0.12962336838245392
0.15122449398040771
0.03908121958374977
-0.07774469256401062
-0.020728467032313343
-0.06862802803516388
0.062079627066850655
0.025932459160685536
0.05450987070798874
0.04669903591275215
0.011322399601340292
-0.07452205568552017
-0.0636858195066452
0.05861094594001769
-0.0005650079110637307
-0.09397340565919875
0.008630799129605293
0.015150211751461027
-0.013739652931690216
-0.022348280996084213
-0.08018149435520172
0.02804011106491089
-0.0413982830941677
-0.011939421296119688
0.015365087427198885
-0.09474392235279085
-0.017960986122488976
-0.009346485137939453
-0.01563936099410057
0.053801365196704865
-0.0177433043718338
0.0059771635569632045
-0.05131419748067856
0.10304883122444151
-0.05167265608906746
0.03779173269867897
0.003128593321889639
-0.08716493844985963
-0.02434852533042431
0.09596444666385649
-0.024719614535570145
-0.03342980891466141
-0.03611940145492554
0.008413400501012802
-0.07060891389846802
0.03541702777147293
0.015276729129254816
0.01660808175802231
0.059849202632904046
0.052622221410274506
-0.10290654003620148
-0.04971559718251228
0.05805449187755585
0.13407815992832184
-0.02076398767530918
-0.10738854855298996
-0.030861690640449524
-0.06415408104658127
-0.05672064423561096
-0.015398576855659485
0.02721470780670643
-0.07645774632692337
-0.0010380266467109323
-0.03552119806408882
0.020136646926403046
0.14306777715682983
-0.07081396877765656
0.09216330200433731
-0.056207600980997086
0.11750589311122894
-0.08482923358678818
-0.0610673688352108
-0.02000410296022892
-0.07348667830228804
-0.12040724605321884
-0.027759574353694916
-0.015932772308588028
-0.04195418953895569
-0.05214205011725426
0.026466138660907745
-0.009252837859094145
0.003558267373591661
-0.05089263245463371
-0.02453002706170082
-0.05780019611120224
0.05810937657952309
-0.09929841756820679
-0.06103089451789856
0.03974734246730805
-0.05155787989497185
-0.11123190820217133
-0.009281856939196585
0.0857994258403778
-0.07725083827972412
0.16792927682399747
-0.01045909896492958
0.10399038344621658
-0.031201299279928207
-0.004539647605270147
-0.02466440945863724
0.023448757827281952
0.08459223806858063
-0.03808727115392685
0.022438228130340576
-0.03947422653436661
-0.0511012114584446
-0.034384533762931824
0.06767907738685608
-0.030936449766159058
0.029437506571412086
0.031426288187503815
-0.05578359216451645
0.0658857449889183
-0.04519646614789962
-0.06135376915335655
0.04852236062288284
0.009218400344252586
-0.00030122383031994104
-0.012361949309706688
0.045654576271772385
-0.06611521542072296
0.056464392691850655
0.026084367185831066
-0.11460494995117188
0.017752954736351967
-0.06630223989486694
0.08005866408348083
-0.06681428104639053
0.062166359275579446
-0.036488644778728485
0.11344435811042784
-0.02482043579220772
-0.0027016079984605312
-0.03350595012307167
-0.01084279641509056
-0.05226914584636688
-0.11206551641225813
-0.0004871009150519967
-0.02052762731909752
-0.058999959379434586
-0.033814508467912674
0.02644465863704681
-0.07106766104698181
0.06416305899620056
0.07598777115345001
-0.09711137413978577
0.011201467365026474
0.011806834489107132
0.05694178119301796
-0.04500143602490425
0.033814962953329086
-0.06940864026546478
0.017160659655928612
0.02671961858868599
-0.0766083300113678
0.10874209553003313
-0.09307778626680374
-0.020388778299093246
-0.09481125324964525
0.009794931858778
-0.009876135736703873
-0.04900470748543739
-0.03895998001098633
0.05314160510897637
0.05649586021900177
-0.0011965051526203752
-0.06136010214686394
-0.018924674019217488
0.010512461885809898
-0.06145210936665535
-0.01661928743124008
0.06493604183197021
-0.11857613176107407
-0.06954462826251984
-0.11272875964641572
0.0034991358406841755
-0.06311968713998795
-0.01548594981431961
0.03187214210629463
-0.03163205832242966
-0.06160243228077888
-0.06081346794962882
0.0397799015045166
-0.052913881838321686
0.009651761502027512
0.013295931741595268
-0.015400398522615433
0.07137478142976761
-0.06676851212978363
0.024227404966950417
0.08993886411190033
-0.040136251598596566
-0.05620496720075607
-0.05922039225697517
-0.03624018654227257
0.03142892196774483
-0.07720154523849486
0.009426133707165718
-0.04306042194366455
0.026782313361763958
0.08581739664077759
-0.05311868712306023
-0.001078143366612494
0.06726643443107605
-0.0001602118136361241
0.06509998440742493
0.06556925922632217
-0.020196473225951195
0.057955767959356315
0.07489573955535889
-0.02508081123232841
-0.040263038128614426
-0.05631626024842262
0.027609951794147488
0.044488344341516495
0.0740276202559471
0.01206069067120552
0.035273801535367966
-0.0016827859217301011
-0.0783883035182953
0.0690399706363678
-0.018842337653040882
-0.024411937221884727
-0.027984255924820896
-0.04211651161313057
-0.11125244200229643
0.017946669831871986
0.044493597000837326
-0.04425064101815224
-0.056403227150440216
-0.08247184753417967
-0.016312748193740845
-0.06520139425992966
-0.01846616342663765
-0.009532206691801548
0.10453907400369644
0.07530211657285689
0.07383476197719574
-0.026980690658092495
-0.0033146715722978115
-0.033163901418447495
-0.05326874181628227
0.040872063487768166
-0.11885108053684235
0.04701202735304832
-0.09649524092674255
-0.010501859709620476
0.07965505123138428
-0.11657898128032684
0.023865567520260807
-0.04500811174511909
-0.08999599516391754
-0.03147859871387482
-0.09641262888908386
-0.03016763925552368
-0.09537934511899948
-0.04386422783136368
-0.09125421196222304
0.009019523859024048
-0.014468377456068993
-0.0188249796628952
0.02314738743007183
0.04491162300109863
0.0527496412396431
-0.06555791199207306
0.019884534180164337
-0.1311593800783157
0.016448942944407463
-0.04487169161438941
-0.01904431544244289
0.07119132578372955
0.008509558625519276
0.001966176088899374
0.03925551474094391
0.0010649714386090636
0.10030999034643172
0.019448978826403614
-0.08116818219423294
-0.0322616845369339
0.03017556667327881
0.03423673287034035
0.12643755972385406
0.08372248709201811
-0.0407218225300312
0.04432477429509162
0.0009486417984589934
-0.022931156679987907
-0.040932100266218185
0.02487211301922798
-0.05800550058484077
0.016561672091484066
-0.012379089370369911
-0.10668222606182098
0.00274875620380044
0.031371936202049255
0.03152676299214363
-0.03210633993148804
-0.05106153339147568
0.017122766003012657
-0.02403063327074051
-0.0631929337978363
0.100602887570858
0.1723055988550186
-0.03841196745634079
0.0500934012234211
-0.02932362630963325
-0.06050251796841621
-0.047299277037382126
0.0029969303868710995
-0.01678532175719738
0.09409710019826888
0.11635051667690276
-0.07006889581680298
0.09067272394895552
0.06265181303024292
-0.052030578255653374
0.10384593904018402
-0.09288396686315536
-0.09534233063459395
-0.03597886860370636
-0.08381643891334532
0.025960497558116913
0.0582055002450943
0.043453283607959754
0.015157882124185562
0.06672951579093933
-0.057150494307279594
-0.09256854653358461
0.09983470290899277
0.0197567380964756
-0.1196690797805786
-0.04593334719538689
0.09344355016946793
0.032372187823057175
0.024308640509843823
-0.011712221428751944
0.031001595780253407
-0.056833166629076
-0.009592027403414248
-0.115897037088871
0.032236248254776
-0.06132813170552254
0.002577465493232012
-0.011027908883988856
-0.0017010957235470414
-0.04395676776766777
-0.0028232089243829246
0.028550773859024048
-0.014105260372161863
-0.02292233519256115
-0.07498362660408019
-0.06501082330942154
0.027889007702469822
-0.04911634698510169
0.11091760545969008
0.024236861616373066
0.016544779762625694
-0.05266043171286583
0.009986333549022673
0.02729121223092079
-0.008025947958230972
-0.06578418612480164
-0.04119150713086128
0.017835959792137146
-0.007919331081211569
0.0024898056872189045
0.00904293917119503
-0.09890472143888472
-0.014564868062734604
-0.007654967252165078
-0.006575313396751881
0.0498359389603138
0.08020763099193573
0.047160938382148736
0.06931865215301514
-0.07313236594200134
-0.10358469188213348
-0.048242028802633286
-0.022449109703302383
0.0012218471383675933
-0.02917662262916565
-0.01750422455370426
0.01964464597404003
0.03547631949186325
0.013714107684791088
0.04052644595503807
-0.009043802507221697
0.04035607725381851
0.09446926414966585
0.02607051655650139
-0.016414988785982132
-0.05686197057366371
0.032521963119506836
-0.041845973581075675
-0.08421455323696136
0.015123517252504824
-0.018232781440019608
0.011450176127254961
-0.03995933756232262
-0.07049626111984253
0.04925405606627464
-0.08244134485721587
0.01326308026909828
-0.037585530430078506
-0.11310754716396332
0.035200752317905426
0.004570542369037867
0.034378986805677414
-0.026974672451615334
0.12552161514759064
0.057857804000377655
-0.11232517659664154
0.015395916067063808
-0.028525862842798237
-0.03376837819814682
0.01572679914534092
-0.0266030915081501
-0.06185584142804146
-0.01108403131365776
0.0013134548207744956
0.02241784520447254
-0.0006353060016408563
-0.11812811344861984
0.04001468420028687
0.08541358262300491
0.03287727013230324
0.030730606988072395
-0.10539643466472624
-0.05737454071640968
0.020439820364117622
0.010197950527071953
0.007856654003262518
-0.0020027528516948223
-0.01740683615207672
-0.020470207557082176
-0.008930932730436325
-0.048770353198051446
-0.05625312775373458
-0.021979404613375664
0.0837007462978363
-0.05909290164709091
-0.07416673749685286
-0.013923818245530128
0.028111811727285385
-0.013097373768687248
0.048153948038816445
-0.0407576858997345
0.08491271734237671
-0.004596140701323748
0.0020616394467651844
0.02574143558740616
0.10578049719333649
-0.05979466065764427
0.003257008735090494
0.0630016177892685
0.06088769808411598
-0.016536371782422062
-0.0636998862028122
0.08588731288909912
0.03636772930622101
-0.07063058018684387
-0.04762576147913933
0.0967736542224884
0.02683896012604237
0.021881280466914177
0.02205516397953033
0.08732379972934723
0.07662189006805421
0.06441482901573181
0.05664435774087906
0.032574523240327835
0.019685817882418633
-0.06504766643047333
0.026720622554421425
0.0009642787044867872
0.01663476973772049
-0.04380578547716141
-0.11466622352600096
0.06847283989191055
-0.08721572160720825
-0.02366551943123341
0.011266447603702543
-0.022526651620864868
-0.06447108834981918
-0.012322764843702316
-0.004724433179944754
0.010084083303809164
0.03564095124602318
-0.016884544864296913
0.04155635833740234
-0.06184156611561775
0.046782426536083214
-0.03377664461731911
0.06836582720279694
-0.011585092172026634
0.12904180586338043
-0.027250245213508602
-0.070166677236557
0.054200589656829834
-0.059326943010091775
0.04691287130117416
0.0027035181410610676
0.028266530483961105
-0.04784499108791351
0.03935568407177925
-0.05027547106146813
0.003657518420368433
-0.0020407200790941715
-0.08267592638731001
0.03927186504006386
-0.02062287181615829
-0.057853769510984414
-0.02062166109681129
0.018711687996983528
-0.03057698532938957
0.06386460363864899
0.05581584945321083
0.012154806405305862
-0.0008188063511624931
0.048833157867193215
-0.10876494646072388
-0.01893594674766064
-0.11631525307893752
0.03834419324994087
-0.008490420877933502
0.009161356836557388
-0.013857424259185793
-0.0887114629149437
-0.008819667622447014
-0.04072471708059311
0.02038709819316864
-0.04697713628411293
-0.03596148267388344
0.03665011003613472
0.07408539950847626
-0.05750691518187522
0.07615602761507033
-0.05526655539870262
-0.028649078682065007
-0.0692245364189148
0.00758603634312749
0.045441430062055595
0.016106341034173965
-0.003721071872860193
-0.026651527732610703
-0.019817400723695755
-0.0411701574921608
0.091507226228714
0.04903272911906242
0.03488362208008766
-0.08646737039089203
0.1313234120607376
0.06431738287210464
0.06311702728271484
0.03158723935484886
-0.048741791397333145
-0.08135280013084412
-0.03916449472308159
-0.09221807122230528
-0.018754396587610245
-0.03962088003754616
0.06679865717887878
0.0412140004336834
0.06377335637807846
-0.02133651077747345
0.04617692902684212
-0.1318393498659134
0.03278377279639244
-0.07070263475179672
-0.011624742299318312
0.0146330539137125
-0.032956767827272415
0.0032547847367823124
-0.062129322439432144
-0.013633119873702526
-0.09876518696546553
0.11820016801357268
-0.11490409076213837
-0.07730646431446075
-0.09166812896728516
0.0013322330778464675
0.042236454784870155
-0.09377102553844453
0.011991363018751144
0.09912671148777008
-0.019644884392619133
-0.035003144294023514
-0.09951689094305038
-0.002695851493626833
0.05287225916981697
0.06988470256328583
0.02467496320605278
0.036076445132493966
0.027009837329387665
-0.06839780509471893
-0.02615388855338097
0.08462955057621002
-0.03521056100726128
0.0033752010203897957
0.025514159351587292
-0.08482339978218079
0.05367569625377655
-0.01770610362291336
0.03788970783352852
0.07713676989078522
0.13639219105243683
-0.04153107479214668
0.01840744540095329
0.035673171281814575
0.0033676461316645145
-0.07472369819879533
-0.11251024156808852
0.04782992973923683
0.1164293885231018
0.019750230014324188
-0.003215930890291929
-0.06266588717699051
0.034778062254190445
0.10816293954849245
-0.01752646639943123
0.038601912558078766
0.03722121566534042
0.22326065599918363
0.05040642246603966
-0.021846262738108635
-0.09457305073738098
0.026315454393625256
0.11814600229263304
-0.06501710414886475
0.008194751106202602
-0.105404831469059
-5.075859371572733e-05
0.131509467959404
-0.022360041737556458
0.016558313742280006
0.11196872591972352
-0.10228729993104935
0.09683409333229065
0.04783432930707932
-0.12642379105091095
0.0014349384000524879
-0.014385608956217764
0.009424135088920592
0.09645214676856993
-0.058762501925230026
0.04969973489642143
-0.06756292283535004
-0.03246084973216057
0.04752379655838013
-0.07406971603631973
0.11022812128067017
0.07917506247758865
0.008440623059868813
0.0478491447865963
0.05931020528078079
0.07273904234170914
-0.011811818927526474
-0.10697098076343536
-0.06926798820495605
-0.038059081882238395
0.07108929753303528
0.05032510682940483
-0.01638449914753437
-0.03876132145524025
0.05932583659887314
-0.13061948120594025
-0.015882181003689762
-0.11642172932624816
-0.059982869774103165
0.03513507544994354
0.08102786540985107
0.030366722494363785
-0.05727025493979455
0.08755344152450562
-0.030710414052009583
0.05317565053701401
0.056568678468465805
0.045869115740060806
-0.018117157742381092
-0.11551975458860396
-0.03014044463634491
-0.06829175353050232
0.0761033147573471
-0.06458322703838348
0.06225467100739479
-0.05686222761869431
-0.1141173094511032
0.03928451612591744
0.020673934370279312
-0.00042780220974236727
-0.04069442301988602
-0.02126426994800568
-0.04138566926121712
0.01746750809252262
0.113584004342556
-0.03848995268344879
-0.009379721246659757
0.09344615042209624
0.007805801462382078
0.009783393703401089
-0.1304735392332077
0.021173054352402687
0.05762158706784248
0.03162664920091629
-0.11037449538707732
-0.08216773718595503
0.008673889562487602
-0.03404094651341438
0.04866890981793404
-0.05931529402732849
-0.11305088549852373
0.0008888322627171874
-0.06947701424360275
0.00839788094162941
0.11926347017288208
-0.11231327056884764
-0.018136102706193924
0.07395198941230774
-0.06918777525424957
-0.102665014564991
-0.015222961083054543
0.033779628574848175
-0.022459730505943295
-0.04190408810973168
0.04958432540297508
-0.03272822126746178
-0.05265766009688377
0.03606362268328667
0.03308418020606041
0.04035057872533798
-0.05371708422899246
-0.019653694704174995
0.1086198166012764
-0.015682386234402657
0.02461240440607071
0.019065324217081066
0.07897248864173889
0.044485121965408325
0.03846307471394538
-0.037844408303499215
0.10878565907478333
0.0670228898525238
-0.013989037834107876
-0.07792128622531891
-0.036903955042362206
-0.029156453907489777
-0.017552558332681656
0.05362226441502571
0.03572702407836914
-0.0032504196278750896
0.028966609388589856
0.03165420889854431
-0.06937416642904282
-0.052110735327005386
-0.09533717483282088
0.019779311493039128
0.08944906294345854
-0.02049881219863892
0.058679025620222085
0.021898601204156876
-0.004519410897046328
0.05391038954257965
0.08895226567983627
0.0710192620754242
0.01886099576950073
-0.016424216330051422
0.14326603710651395
-0.024219244718551636
0.09545934200286864
-0.057948686182498925
-0.07259681075811386
-0.04659447446465492
-0.04702774062752724
-0.07554150372743607
0.0374993272125721
0.009952636435627936
0.01749233342707157
0.02881941385567188
-0.05027839913964272
-0.039963286370038986
0.0432097464799881
-0.08537065982818604
-0.044505666941404336
-0.04376211762428284
-0.053285982459783554
-0.0134305153042078
-0.030231382697820663
-0.01340214256197214
0.005798321682959794
0.030289720743894577
-0.02651507779955864
-0.07609972357749939
0.007586671970784664
-0.004869030322879553
-0.07749603688716888
-0.0012280052760615945
-0.11948219686746596
-0.015367971733212473
0.06385655701160431
-0.0855061039328575
-0.0219255555421114
-0.0016217004740610719
0.06497485190629959
-0.022498702630400658
-0.02308826334774494
-0.04479824751615524
-0.0731292814016342
0.06961512565612793
-0.09399983286857605
-0.0796956866979599
-0.03917200863361359
-0.08035176247358322
-0.011709554120898247
-0.05477610230445862
0.011378390714526176
-0.11014410853385924
-0.011616930365562437
-0.023201722651720047
-0.07811757177114487
-0.09247812628746031
-0.027243692427873608
0.025302419438958168
-0.04970094561576843
0.041017454117536545
-0.06452155858278275
-0.06144646182656288
0.04165532812476158
-0.049261316657066345
0.012988697737455368
-0.06582905352115631
0.032413724809885025
-0.03515097498893738
0.02228681370615959
0.03785659000277519
0.030803751200437542
0.03350416570901871
-0.08654668182134627
0.014228137210011482
0.02115587890148163
0.02859753742814064
-0.01307375356554985
0.011580657213926315
0.05443146452307701
-0.006232081446796656
0.03380453214049339
0.013504346832633018
0.007715178187936544
-0.10033860802650452
-0.009889297187328337
-0.00048044288996607065
-0.06775522232055664
-0.07242879271507262
-0.07962009310722351
0.009527312591671944
0.049963198602199554
0.055761445313692086
-0.045779962092638016
-0.02862657606601715
0.01603858545422554
-0.034455589950084686
-0.025159962475299835
0.09705931693315506
-0.08716021478176117
0.073042593896389
-0.030718356370925903
-0.01895799301564693
-0.0021893861703574657
-0.05034081637859344
-0.054666783660650246
0.07454524934291838
0.057639531791210175
0.023781100288033485
0.07255674898624419
-0.007707222830504179
-0.04101485759019852
-0.016593066975474358
-0.12447597086429596
-0.10867103934288024
-0.006037065293639897
-0.08336623758077621
-0.005489957984536886
-0.073895663022995
0.016154784709215164
-0.056061241775751114
0.02316418848931789
0.05916410312056541
-0.08071172982454301
0.031938642263412476
-0.002659862395375967
0.028964441269636158
-0.0069594322703778735
0.012941256165504456
0.024866368621587757
-0.014692271128296852
0.11974196135997772
-0.022666098549962044
-0.02087625116109848
0.04108999669551849
0.132791206240654
-0.015023740008473396
-0.0810878276824951
0.047949586063623435
0.09539281576871873
0.010479647666215897
-0.01661551557481289
0.06646673381328583
0.030815156176686287
0.05286528542637825
-0.09983347356319427
-0.07551673799753189
-0.00450037932023406
-0.030354607850313183
-0.015412846580147743
-0.08347754180431366
-0.10771335661411284
-0.05270927771925926
-0.056023716926574714
-0.04180583730340004
0.013989536091685297
-0.022817835211753845
0.024520594626665115
-0.05494857951998711
0.0242919884622097
-0.08468779921531677
0.03927365690469742
-0.03512819483876228
-0.06593979895114899
0.03822645545005798
0.06306928396224976
-0.040943827480077744
-0.07724171876907347
0.016581449657678604
0.010700590908527374
-0.009144365787506104
-0.011121684685349464
-0.11475780606269836
-0.026820385828614235
0.038764819502830505
0.08817612379789352
-0.0859156921505928
-0.031810205429792404
-0.028371466323733326
0.0018273260211572049
-0.09012475609779358
-0.04590503126382828
-0.03430383279919624
0.04473422095179558
-0.03531358018517494
-0.07188214361667633
0.005339005496352911
-0.06220854446291924
-0.11623008549213408
-0.003853596281260252
0.0828384757041931
0.0947817713022232
0.055573884397745126
-0.0143529511988163
0.003860745113343
-0.08011536300182343
0.037290897220373154
-0.07281546294689177
-0.0781034007668495
0.004142346326261759
0.04062907025218009
0.0766732841730118
-0.04119425639510155
0.07247429341077805
-0.06327109038829803
0.04062291607260704
-0.11653010547161102
-0.04356356337666512
-0.0970258116722107
-0.11045867204666136
0.03622756153345108
0.00244909105822444
-0.013937456533312796
-0.033723846077919006
-0.09953793138265608
-0.01858215406537056
0.13064080476760864
-0.06472302228212357
0.07215999811887741
0.00836179405450821
0.02917500026524067
0.03363455832004547
0.099129319190979
0.11302649974822998
0.01326213963329792
-0.019898369908332825
-0.06733997911214828
-0.04569197818636894
0.04203636571764945
0.0784643217921257
-0.008196735754609108
-0.03183816000819206
-0.03756685182452202
0.1070895716547966
-0.04461890459060669
-0.07583083212375642
-0.046473253518342965
0.1255454421043396
-0.03226538375020027
-0.011058080941438673
-0.006640750449150801
-0.01487409695982933
0.061153341084718704
-0.03379570320248604
0.012114901095628738
0.02239622920751572
0.016635308042168617
-0.0947139710187912
0.022747498005628582
-0.0009710747981444
0.016024865210056305
-0.021017467603087425
-0.09893330931663512
-0.025449393317103382
0.05173107236623764
-0.08368350565433502
0.012798399664461613
-0.006962524261325598
-0.0290716253221035
-0.0993180051445961
-0.06914230436086655
0.12713788449764252
0.08552251756191252
0.012574601918458939
-0.01648567058146
-0.02976124919950962
-0.009030708111822605
-0.017810305580496788
0.11598488688468932
-0.024740213528275486
-0.01881367526948452
0.037882503122091286
-0.011380246840417383
0.11972253769636154
0.12268348038196564
-0.13013403117656708
0.005986109841614962
0.0008281212067231536
-0.02374049834907055
-0.04337858408689498
-0.007123001385480165
-0.11598092317581175
0.01385258138179779
0.0722280442714691
0.023327598348259922
-0.022717315703630447
0.00024376611690968275
0.02361689880490303
0.0021834750659763813
-0.08881823718547821
0.09544506669044495
0.12352921068668364
-0.10837164521217346
-0.05123638734221458
-0.06891421228647232
-0.01594741642475128
-0.06167133525013924
0.011641294695436954
0.1209716722369194
-0.034787248820066445
0.05067117512226105
0.021613083779811856
-0.10064973682165144
-0.006246506702154875
0.08091633021831512
-0.1263437122106552
0.02075488120317459
0.07258081436157225
-0.01044580526649952
0.07485295832157135
0.08863324671983719
0.016606712713837624
-0.008563000708818436
0.08206426352262497
-0.003249188419431448
-0.02514748647809029
0.0690433531999588
0.0027202428318560123
0.01995202712714672
0.04240959510207176
-0.06105871126055717
0.13253118097782135
0.037307199090719216
-0.025232840329408646
-0.075266033411026
0.029816312715411183
-0.020336255431175232
-0.031794879585504525
-0.01196489855647087
0.035964809358119965
-0.04826655611395836
-0.011741246096789835
-0.0504797138273716
-0.04065711423754692
-0.03725704923272133
0.08845785260200499
-0.05399924889206886
0.08638083934783934
0.1319512277841568
-0.03175061568617821
-0.11071522533893584
-9.264203254133464e-05
0.00792775396257639
0.028751995414495468
0.043296463787555695
0.06760904937982559
0.015537401661276816
-0.10411173850297928
-0.06850756704807281
0.07666631788015364
0.05100809410214424
0.025285784155130383
-0.12275430560112
-0.021559499204158783
-0.07749806344509123
-0.042037222534418106
0.022175388410687447
-0.07235479354858398
0.07785645872354507
0.1050429120659828
-0.0194363035261631
0.05632089078426361
-0.10309864580631256
0.07696022093296051
-0.05802348628640175
-0.008812511339783667
0.0016132750315591693
0.03240630030632019
0.02021193504333496
-0.017259608954191208
-0.0216613095253706
-0.10212276875972748
-0.04521817713975906
-0.04322734102606773
-0.0013499647611752152
-0.0780988335609436
-0.008240260183811188
-0.041807528585195534
0.06214591860771179
0.044685397297143936
-0.04862448200583458
-0.07525740563869475
0.04769475385546684
-0.05475671589374542
-0.0292550902813673
0.04368714615702629
-0.004270767327398062
0.024852942675352097
-0.03057484701275825
-0.07693557441234589
0.049407809972763055
-0.007925836369395256
-0.053458672016859055
0.006172232795506716
0.0781583786010742
0.09442654252052307
-0.08532224595546721
0.011056204326450825
-0.11434665322303772
-0.006843164097517729
0.041695836931467056
0.067507803440094
-0.03633501753211021
-0.04930173978209496
-0.12744006514549255
-0.09898501634597777
-0.09002320468425751
-0.02016964927315712
0.105443999171257
-0.04653340950608253
0.04068044573068618
0.011822443455457687
-0.05663745477795601
0.01453503966331482
-0.0677003487944603
-0.027643878012895584
0.016623741015791893
-0.01666595973074436
-0.03201119229197502
0.08092465251684189
0.01342207659035921
-0.02376270480453968
0.014975432306528091
-0.07440270483493806
0.044563185423612595
-0.06540511548519135
-0.05399102345108986
-0.00292833661660552
0.019047114998102188
0.08185909688472749
0.06009660288691521
0.0620846338570118
-0.004072984214872122
0.017532551661133766
-0.12051954120397568
-0.04340140894055367
0.09607679396867752
-0.044644273817539215
0.022266626358032223
-0.07842030376195908
0.03094481490552425
-0.1037561297416687
-0.1154128760099411
-0.01755085214972496
0.07538963109254837
0.021299244835972782
-0.025876984000205997
0.1436375081539154
-0.10005392134189604
-0.018621124327182766
-0.00909290462732315
-0.05877310410141945
-0.07979200780391693
-0.09008212387561798
0.03902722522616386
-0.08539944887161255
0.04708654433488846
-0.013462167233228683
0.029851946979761124
-0.015847526490688324
0.012990462593734264
0.12268581241369247
0.02309930697083473
-0.08941058069467545
-0.015577994287014008
0.042412396520376205
0.007579897064715622
-0.06723129004240036
0.02646122872829437
0.02554210089147091
-0.04756566137075424
1.801527105271816e-06
-0.033909935504198074
0.008416209369897842
-0.03283535689115524
-0.04925447329878807
0.037653490900993354
-0.013417821377515793
0.03652875497937202
0.11379363387823103
-0.11330556869506836
0.04578594863414765
-0.04776531085371971
-0.0813358798623085
0.07431963831186295
-0.051024455577135086
-0.017366865649819374
-0.004513343330472708
-0.09672138839960098
0.0300898440182209
-0.016811352223157883
0.03560125455260277
0.026463882997632023
0.033179357647895806
-0.010153762064874172
-0.061723683029413216
0.12021712958812712
-0.08104431629180908
-0.06076987087726593
-0.08000916987657547
-0.00685781380161643
0.018062720075249672
0.025518411770462986
0.029259303584694862
0.033041469752788544
-0.08652975410223006
-0.06066613644361496
-0.016464252024888992
-0.007696270477026703
0.05276813730597496
-0.009855077601969242
0.019383845850825306
-0.004447795916348696
0.037382952868938446
0.007792113814502954
-0.029346803203225132
-0.12020273506641388
0.057976942509412766
-0.04400509223341942
-0.006446102168411016
-0.03727517649531365
0.004802422132343054
-0.019827857613563538
0.05988751351833344
0.018110472708940503
0.03173382952809334
-0.08395527303218842
-0.032136380672454834
-0.13467510044574735
-0.0828518271446228
-0.05705950036644936
-0.020126737654209137
-0.10338227450847624
0.04250942543148994
-0.03451324626803398
0.00046533194836229086
0.07541243731975555
-0.10688840597867964
-0.09132111817598343
-0.1028270199894905
0.02091076783835888
0.021824436262249943
0.019935034215450287
-0.05973299965262413
0.03911610320210457
-0.06277070194482803
0.07050325721502304
-0.01757599227130413
-0.06302644312381744
0.029849525541067123
-0.013381799682974815
-0.038807447999715805
-0.12133247405290604
0.025330912321805957
0.0059874108992516994
0.044825717806816094
-0.03341856226325035
0.10061119496822356
0.14107222855091095
0.0025090887211263175
0.055015463382005685
0.03639042377471924
0.050286270678043365
-0.020359113812446598
0.040726907551288605
-0.10141818970441818
0.053797584027051926
-0.051829423755407326
0.001381595036946237
-0.1212158352136612
-0.1097838282585144
0.017185375094413757
-0.05305314436554909
0.07895223796367645
-0.022432060912251472
-0.006550460588186979
-0.0046824016608297825
0.012255348265171053
0.05435580760240554
-0.01105261780321598
0.04338504374027252
0.04411385953426361
-0.01932105608284473
0.04653076082468033
-0.00928332842886448
-0.02844701148569584
-0.08365824818611145
-0.0009479100117459891
-0.05131618678569794
-0.055847261101007455
0.10871922969818117
0.06428097188472748
-0.08803372085094453
0.07768428325653075
-0.010199908167123795
-0.017251724377274513
0.04327566176652908
-0.06124844029545784
-0.02171746641397476
-0.09295424818992615
-0.04986045882105827
-0.02205093018710613
-0.12379886209964752
-0.11995312571525572
-0.05924176052212715
-0.04270356521010399
-0.04636214300990105
0.029389921575784683
-0.00982355885207653
-0.10992266237735748
-0.0037513761781156063
-0.04115272685885429
-0.008228709921240807
-0.10010600090026855
-0.07886162400245665
0.06201932951807976
-0.030071303248405457
0.15891201794147491
-0.1005699634552002
0.06731325387954712
-0.013639885000884531
0.029987698420882225
0.01335485465824604
-0.10775777697563171
-0.09500103443861008
-0.0007520808139815927
0.046255044639110565
-0.0038509150035679345
-0.1107574850320816
-0.006694374140352011
0.09602594375610352
-0.04789851233363152
-0.02595749124884605
0.0659370943903923
0.07077200710773468
0.019310289993882176
-0.04771044105291367
-0.03521140292286873
0.10580617189407349
0.01200130395591259
-0.059118378907442086
-0.004334032069891691
-0.09941432625055312
-0.06702083349227905
-0.08528385311365126
-0.02659590169787407
0.026850253343582157
0.06854800134897232
-0.022654302418231964
-0.02248680219054222
0.06665744632482529
0.0014952289639040828
-0.1051015853881836
0.02600075677037239
0.04171505942940712
0.015465163625776768
0.07648380100727081
0.03593148663640022
-0.0440351627767086
-0.06454937905073166
-0.012051321566104887
0.00196830602362752
0.014365434646606444
0.053008046001195915
0.014860184863209724
-0.030555833131074905
-0.04609416797757149
-0.07753172516822816
0.0055985297076404095
-3.117474261671305e-05
0.018433498218655583
-0.08661267161369324
0.04382443055510521
0.09719257801771167
-0.02655370160937309
0.1007784679532051
0.011156084947288036
0.11578863859176636
-0.02802610956132412
-0.05917312204837799
-0.04553134739398956
-0.04991723224520683
0.02758343145251274
-0.024447709321975708
-0.03396108001470566
-0.057286422699689865
0.013436449691653252
0.019448835402727127
-0.10227040946483612
0.01686370186507702
-0.03588078543543816
-0.07963886857032774
-0.02601234428584576
0.083097442984581
0.09773452579975128
0.049559202045202255
0.049752775579690926
-0.02808171696960926
-0.09421300888061523
-0.016578590497374535
0.06937716156244278
0.04079412296414375
0.0720922574400902
-0.025867242366075516
0.024873126298189163
-0.02021435648202896
-0.006245534401386976
0.05102226510643959
-0.03361663594841957
0.0012401234125718474
0.0351158045232296
0.04303056001663208
0.1119127795100212
-0.0328054241836071
-0.04457232728600503
0.05405763164162636
-0.08933676779270172
0.032549720257520676
0.035882871598005295
0.08526092022657393
0.008502857759594917
-0.03174794465303421
-0.012169810011982916
-0.0033328211866319175
0.08816636353731155
-0.029513578861951828
0.020417939871549606
0.029422491788864132
0.04748821631073952
-0.005039526149630547
-0.01564815454185009
0.07909243553876877
-0.006640940438956022
-0.1139511615037918
-0.06124810874462128
-0.057608552277088165
-0.033870752900838845
0.08912135660648347
0.04595976322889328
-0.013493880629539488
0.027285605669021606
-0.011222694069147108
0.05251481011509895
-0.00973391905426979
0.07111917436122894
-0.017414525151252747
0.05735499784350395
-0.016283927485346794
-0.05159740522503853
0.06077616661787033
0.0014955367660149932
0.06345618516206741
-0.03995152935385704
-0.06476004421710968
-0.10327766835689545
-0.0964224487543106
-0.007595506962388756
-0.06664805114269257
-0.02650419808924198
-0.08323173224925993
-0.09190106391906738
0.03230775520205498
-0.029790662229061127
0.12435916066169737
-0.005309544038027525
0.03985532000660896
-0.03556414321064949
-0.12127040326595306
0.049123067408800125
-0.09460829943418503
0.0015156430890783668
0.056512195616960526
0.030739292502403256
0.09235765039920807
-0.03454653546214104
0.0037971329875290394
-0.018269378691911697
-0.12138460576534273
0.05768165364861488
0.011974189430475233
-0.05547346547245979
-0.06514938175678253
0.04141489788889885
0.11257600784301756
0.028272833675146103
-0.030772462487220764
-0.05773120000958443
-0.018137443810701367
0.006322916131466627
-0.03391757607460021
-0.09523403644561768
-0.07190998643636703
0.05946707725524902
0.015083195641636848
-0.08950531482696533
-0.07480340451002121
-0.042085710912942886
-0.06483504176139832
0.05693194270133972
0.015852047130465508
-0.09223344177007677
-0.0026238108985126014
-0.07050512731075287
-0.07198449969291687
0.029959034174680706
0.04049539938569069
0.050420965999364846
-0.03213143348693848
0.0335904024541378
0.04309878870844841
-0.021637264639139172
-0.10942237824201584
-0.08919104933738707
0.0641503781080246
-0.11511445045471191
-0.004916416015475988
-0.0001928402343764901
0.07920761406421661
0.00681224325671792
-0.06184743717312813
0.0782211646437645
0.00799792632460594
0.01791587844491005
0.06999710947275162
0.027557790279388428
0.013955096714198588
-0.06150979921221733
0.051143281161785126
0.03866073116660118
0.05818933621048927
-0.07379963994026184
-0.046362515538930886
0.032992344349622726
0.022620789706707
-0.05087941512465477
-0.04664436355233192
0.0038822242058813568
0.06240528076887131
-0.04133928194642066
0.01840529590845108
-0.0242333859205246
-0.0907241851091385
-0.052194353193044656
-0.03991635516285896
0.029903253540396687
0.12416853010654448
0.028681926429271695
-0.11292992532253264
-0.0685693770647049
-0.06979396194219589
-0.1200987473130226
-0.06714071333408356
-0.026129417121410366
-0.03464571386575699
-0.040032606571912766
0.04915234819054604
0.007578921504318713
-0.10015200078487396
0.026234572753310204
0.005825110245496035
-0.10592073202133177
-0.014892861247062685
-0.07637416571378708
0.06106911972165108
-0.00661217188462615
-0.01807963475584984
-0.005634033586829901
-0.03814622387290001
-0.00506669981405139
-0.006587614770978689
-0.10767066478729248
0.06638579070568085
-0.02863459289073944
0.0007909437408670782
0.05461034551262856
-9.245018009096384e-05
0.05667655169963837
-0.030813220888376236
0.008300727233290672
0.059688698500394814
-0.11291572451591492
-0.05827324464917183
-0.06677339226007462
-0.09977470338344574
-0.00810563936829567
-0.08383315801620483
0.08106108009815216
0.03380151465535164
0.007570993620902301
0.009237395599484445
-0.025340650230646133
-0.00021960365120321512
0.09488792717456816
-0.008150486275553702
-0.05210829898715019
-0.04114717617630959
-0.05748403817415237
-0.1119728460907936
-0.11770112067461012
0.14238731563091278
-0.00217682821676135
-0.07601536810398102
-0.11073935776948927
-0.08397864550352097
-0.10943983495235445
0.007772007957100867
0.050845693796873086
-0.009619380347430706
-0.014751207083463669
0.021870464086532593
-0.03793718293309212
0.07267830520868301
-0.02970832586288452
-0.05525413155555725
0.008991964161396025
0.0325816385447979
-0.016168054193258286
0.0286022424697876
-0.07043389976024628
0.04566695913672447
0.03441518172621727
0.05074508115649223
-0.06810045242309569
-0.039374742656946175
0.0075445850379765025
-0.02991093322634697
0.07711027562618254
-0.02611912041902542
-0.0570872500538826
-0.07524049282073975
0.05041391775012016
-0.011294450610876083
-0.02819443866610527
-0.005250378977507353
-0.11925415694713593
-0.1263437569141388
-0.002737166825681925
-0.11748652160167694
0.010856714099645615
-0.023210562765598297
-0.01866085268557072
0.004640788305550814
0.014618486166000366
0.018137879669666287
0.008938126266002655
0.024532495066523552
-0.0363815538585186
-0.10214639455080032
-0.00957714207470417
-0.021584413945674896
-0.002738298382610082
-0.059546176344156265
0.055924996733665466
-0.10792458802461624
0.009972056373953821
-0.0906984806060791
-0.05053272843360901
-0.060431819409132
-0.1263461261987686
0.04693194106221199
-0.06201959773898125
-0.0019699535332620144
0.022349055856466293
-0.04695207998156548
-0.03486908972263336
0.06960128247737885
-0.04797998443245888
-0.13226602971553802
0.0909818783402443
0.055872667580842965
0.010281480848789217
-0.04370515048503876
0.048740524798631675
-0.022532533854246136
0.012534251436591148
0.01612154394388199
0.053581032902002335
-0.055050384253263474
0.11099442094564436
0.0929010808467865
-0.06886433809995651
-0.0334402434527874
-0.00640784902498126
0.04929573461413384
0.07285871356725693
0.052484337240457535
-0.06745512783527374
-0.08429697155952452
-0.013104071840643883
-0.07662539184093475
0.000141874304972589
0.017140526324510574
-0.08186421543359756
0.02805938385426998
-0.08775968849658966
-0.06544382125139236
-0.041022080928087234
0.04773752018809319
-0.0747356042265892
0.03057432174682617
-0.014300724491477013
-0.09898416697978973
0.08192799240350723
-0.0068770195357501515
-0.10143224895000456
0.009136602282524109
0.01922494545578957
-0.028560630977153775
-0.03258121386170387
-0.10471955686807632
0.021220704540610317
-0.017250262200832367
0.0016581270610913634
-0.008914945647120476
-0.01097447983920574
0.11813810467720032
0.12930908799171448
0.014740264043211935
-0.12432120740413664
0.0682142972946167
0.07567153871059418
0.13493503630161283
-0.08399473130702972
0.0719853937625885
-0.07589459419250488
-0.11225539445877077
-0.03446982055902481
-0.08342443406581879
-0.03441088646650314
0.11221520602703094
-0.023658353835344315
-0.03426847979426384
-0.04889753833413124
-0.049521781504154205
0.09426207095384595
0.041624810546636574
0.012346278876066208
-0.05769389867782593
0.03719189390540122
-0.060970846563577645
-0.024820223450660706
-0.04435114562511444
-0.11717373877763748
-0.04717779532074928
0.03349194675683975
0.13044366240501404
-0.07607306540012358
0.03877211734652519
0.011749817058444025
0.025888698175549507
0.04286222904920577
0.11396968364715576
-0.041645489633083344
0.0506800040602684
0.04520596191287041
0.04780052602291107
-0.04393480718135834
-0.0982099398970604
-0.000585822039283812
-0.03036769852042198
0.012994449585676192
-0.044711869210004807
-0.0505085177719593
-0.006670294795185328
0.027065932750701904
-0.12809012830257416
-0.06826812028884888
-0.04159129783511162
-0.0076673985458910465
-0.018791941925883293
0.05855317786335945
-0.06132561340928078
0.04713026806712151
-0.02436981350183487
-0.044652175158262246
-0.10221561789512634
-0.037757422775030136
0.024139456450939175
0.031962424516677856
-0.04910062626004219
0.0009444117313250899
-0.12302105128765106
-0.05670273303985596
-0.005979228299111128
0.11229714006185532
-0.06444351375102997
-0.05492539331316948
-0.001624255091883242
-0.05366576462984085
-0.0016297843540087342
-0.02326256595551968
0.016845591366291046
-0.03081604838371277
-0.02717939019203186
-0.10881349444389345
-0.045986291021108634
-0.006992649752646685
-0.06348162889480591
0.037328876554965966
0.06794652342796326
0.1334180384874344
-0.033545296639204025
-0.09418438374996184
-0.017146222293376923
-0.019473543390631676
0.02798425406217575
-0.013175245374441147
-0.04237934574484825
-0.007836621254682541
0.05870741233229637
0.06738603860139847
0.08137059956789015
-0.05464604869484901
-0.03137955069541931
-0.011057307943701744
0.01645646244287491
0.06547781080007553
0.02188912965357304
-0.024376697838306427
-0.016059182584285736
0.00190277339424938
-0.10024657845497131
0.02032065019011497
0.043585103005170815
-0.06313621997833252
-0.0018071379745379088
0.04656604677438736
0.1169520318508148
0.01937199011445045
-7.878767792135477e-05
0.12493761628866196
-0.0782816559076309
0.0022208937443792816
0.046457380056381226
-0.0016649361932650208
0.04257318750023842
-0.05227043479681015
-0.02552304603159428
-0.029423337429761887
-0.028113871812820435
0.056763563305139535
-0.06580784171819687
-0.07066792994737625
-0.008538492023944855
-0.03676639124751091
-0.006450831424444914
0.052115496248006814
-0.07840550690889359
0.034329768270254135
-0.056669142097234726
0.09624789655208589
0.011293014511466026
-0.1061539277434349
0.014066165313124657
-0.010389082133769987
-0.0421721376478672
0.04534211382269859
0.09958197176456451
0.024368884041905403
-0.02508382871747017
0.010894445702433586
0.06291206181049347
-0.09177714586257935
0.03601010516285896
-0.044989902526140206
-0.05598253756761551
0.04340163990855217
0.06512969732284546
0.006036986131221056
-0.029864659532904625
-0.017130732536315914
0.019505217671394348
0.002750084269791841
0.03140522912144661
0.057524453848600395
0.07996198534965515
-0.04543617367744446
-0.0052383518777787685
0.04262959584593773
-0.06418010592460632
0.003965901676565409
0.0187105406075716
0.017747633159160614
0.02294970490038395
-0.06662236154079437
-0.02669042721390724
-0.09045380353927612
-0.027768850326538082
0.022609064355492592
0.043763753026723855
0.12129050493240356
0.1167505756020546
-0.04776959493756294
-0.08043043315410614
0.11752428114414216
-0.04122484475374222
-0.08412446826696397
-0.09210309386253358
-0.02922455593943596
0.07840356230735779
-0.08576519787311555
0.02580165304243565
0.07813049852848053
-0.002840956207364797
0.11729203164577484
0.08284445106983183
0.017747068777680397
0.05151214450597763
0.10137578845024107
0.03645901754498482
-0.03607408329844474
0.043488401919603355
0.0906924456357956
-0.04232974350452423
0.08573432266712189
-0.0030837836675345898
0.0981968343257904
-0.11518900096416472
-0.02730792388319969
-0.02385035902261734
0.01835997961461544
-0.06708990037441254
-0.0030018086545169358
-0.04560577869415283
0.10635079443454742
-0.030441150069236755
-0.01026291400194168
-0.07096230983734131
0.033721085637807846
0.056771907955408096
0.007947110570967197
0.06484979391098022
0.129187673330307
-0.06384773552417755
-0.026384972035884857
-0.04728783294558525
0.021586649119853973
0.06258625537157059
-0.031403798609972
-0.014220273122191427
-0.006389555986970663
-0.022820567712187767
0.019551798701286316
0.019426066428422928
-0.04215459898114205
0.01525374874472618
0.009007306769490242
-0.10114778578281403
0.014151509851217268
-0.07585875689983368
0.014514559879899023
0.07383736968040465
-0.0567757822573185
0.05067120119929314
0.015815645456314087
-0.08523148298263548
-0.010475100949406624
-0.018560901284217834
0.02718711458146572
-0.019418412819504734
-0.03741678223013878
0.031895752996206284
0.10243329405784606
0.04250141978263855
0.05830014124512672
-0.0105425538495183
0.010146272368729115
0.00876330491155386
0.016885513439774513
-0.00541077833622694
-0.05679486319422722
0.04544788971543312
-0.05653245374560356
-0.0611870214343071
0.022629540413618088
-0.07116976380348206
0.03124898299574852
0.09386073052883148
0.14996065199375153
0.051533788442611694
0.07046094536781311
-0.08214981853961945
0.07981467992067337
-0.07136658579111099
-0.031192872673273087
0.05644754692912102
0.010408312082290648
0.03013806045055389
-0.03942975029349327
-0.10233324766159056
-0.06685112416744232
-0.029384898021817207
0.04276944696903229
-0.031891193240880966
-0.04677726328372955
-0.015026312321424484
0.12866292893886566
-0.08605155348777771
-0.0003980934852734208
-0.027027225121855732
0.01693984493613243
0.040245149284601205
-0.10125905275344849
-0.0203268937766552
-0.042748190462589264
-0.04234436526894569
-0.042563337832689285
-0.05721242353320122
-0.0491437055170536
-0.09072303026914595
-0.0690394788980484
0.010530605912208555
-0.08276239782571793
-0.11871448159217834
-0.06618288904428482
0.02698029577732086
-0.10393378883600234
-0.037602175027132034
-0.012136798352003096
-0.0028893961571156974
0.009336914867162704
-0.11665347963571548
-0.06527145951986313
0.11965373158454896
-0.08367902040481566
-0.005281155463308096
-0.09622620046138765
-0.12770098447799683
-0.010595057159662247
-0.03159508481621742
-0.02758092433214188
0.007177178282290697
-0.03957277163863182
-0.027914240956306458
-0.03217407315969467
-0.015276907011866568
-0.009009744971990584
-0.022890420630574223
-0.05705220997333527
-0.025630710646510124
-0.0223360788077116
-0.004331471864134072
-0.09044514596462248
0.027702249586582184
0.0101388581097126
0.08367138355970383
-0.09979664534330368
-0.05250198394060135
0.013401822187006472
-0.11761261522769928
0.1130685955286026
0.09259103983640671
-0.09023633599281312
-0.11815565824508666
-3.810378257185221e-05
-0.10503235459327696
0.08574171364307404
-0.06555135548114777
-0.0340484194457531
0.23509420454502103
-0.04188597202301025
-0.07840069383382797
-0.004554105456918478
-0.034612663090229034
-0.02925475686788559
0.054674170911312096
-0.004348240327090025
-0.02145522087812424
-0.12660326063632965
-0.06383835524320601
0.06896305829286575
-0.0805349349975586
-0.02214781381189823
-0.10688835382461548
0.031118713319301605
0.05535292997956276
-0.04551392421126366
-0.1149882525205612
-0.02575867623090744
-0.00827069766819477
-0.02256450057029724
0.0547654964029789
0.12585264444351196
-0.009747274219989777
-0.11116036772727966
0.14563260972499847
-0.08400779217481613
-0.020873334258794785
-0.014161491766571999
-0.08038993179798126
-0.06279422342777252
0.03360402956604957
-0.045785080641508095
-0.07657653838396072
0.001102627138607204
-0.0013517361367121339
-0.06322053074836731
0.004593729507178068
-0.039326831698417664
0.010779811069369316
0.04256445914506912
0.10825327038764952
-0.05792878195643425
0.018726419657468796
-0.1043400764465332
-0.0897560864686966
0.0755874663591385
-0.005253002513200045
0.04902543500065804
-0.05005389824509621
0.07289604842662811
0.09287329018115997
-0.015562519431114197
-0.06573797017335892
-0.06252671778202057
-0.06601732969284058
0.0011973174987360835
-0.03230544924736023
0.005736623425036669
-0.1205894500017166
0.12103547155857086
0.009835336357355116
-0.06403069943189621
-0.04139371961355209
-0.01174897514283657
-0.04969688877463341
0.09066367149353027
0.0006700366502627729
-0.0007239790866151453
-0.0357622466981411
-0.0548909418284893
-0.01606707274913788
-0.10759495198726654
-0.04106587544083595
0.03754619881510735
-0.03773655369877815
0.07479405403137207
-0.03471693769097328
-0.017759377136826515
-0.03983410820364952
0.07848910987377167
0.018649660050868988
-0.02893001399934292
0.053301800042390816
0.02627498283982277
0.11364683508872984
0.1430186778306961
0.009756876155734062
-0.01858467422425747
0.03307550027966499
-0.07545219361782075
0.061706028878688805
0.02987989597022533
-0.011116527952253819
0.006754305679351091
-0.014367127791047096
-0.07010546326637268
-0.10520414263010024
0.027562107890844345
-0.017808375880122185
0.012703393585979939
0.07622046023607254
0.05087216570973396
0.02453630231320858
-0.06167614832520485
-0.03513086587190628
0.02999732829630375
-0.036007653921842575
-0.10606344044208527
-0.027216123417019844
0.005796582903712988
0.05276450887322426
0.05345359817147255
0.04429525136947632
-0.08984449505805969
0.005752690602093935
0.00764893414452672
0.056177068501710885
0.06810306757688521
-0.04774201661348343
0.0785330981016159
-0.10609705746173859
-0.08320587873458862
-0.021844368427991867
-0.03654705360531807
0.06982278823852539
-0.03581308200955391
-0.08003371953964233
-0.07292059063911438
0.06878601759672165
0.031271595507860184
0.00029991974588483567
-0.00045288505498319853
-0.047767899930477135
0.049649853259325034
-0.012614155188202856
0.09855373203754424
-0.047859404236078255
-0.07543061673641203
-0.12367790937423706
0.018873497843742367
-0.03434928134083748
0.001255991286598146
0.06584629416465759
-0.11994868516921996
-0.08453924953937529
0.044833730906248086
0.03869849815964698
0.034956466406583786
-0.04214344918727874
0.010522440075874329
-0.08509488403797148
-0.003821105230599642
0.059205066412687295
0.034482575953006744
-0.03944762423634529
0.061258550733327866
0.015902994200587273
0.00658149505034089
0.01767144352197647
-0.028693595901131626
-0.10632669925689696
-0.05305822938680649
0.011751777492463589
-0.03457432612776756
-0.006185213103890419
-0.0724819004535675
-0.03482896089553833
0.034428782761096954
-0.05491015315055847
0.0067053078673779964
0.0006297774380072951
-0.0143426526337862
0.004820783156901598
-0.008454505354166033
0.02097330428659916
0.019428079947829247
-0.07481752336025238
-0.11642442643642424
-0.024495156481862068
0.013637412339448929
-0.0495884008705616
-0.0538230873644352
-0.06105057150125504
0.057795148342847824
0.04973392561078072
0.0805756002664566
0.10407787561416625
0.0014063197886571288
0.04255550727248192
-0.11450199782848358
-0.03889993950724602
-5.3175026550889015e-06
0.11311373859643936
-0.05883059278130531
-0.10629703104496002
-0.08722694218158723
0.05101048573851585
-0.060767162591218955
-0.02381741441786289
-0.03448723629117012
-0.038017068058252335
-0.000980366603471339
0.004488975275307894
0.06873602420091629
0.021703746169805527
-0.05616046488285065
0.029564529657363888
-0.10165563225746153
0.01723950356245041
-0.007532696705311536
0.0053419996984303
0.050239291042089455
0.04469430074095727
-0.04490743577480316
0.06293942034244537
-0.004684715997427702
0.0021946602500975128
-0.03869288042187691
-0.10477246344089508
0.07997537404298782
-0.053105294704437256
-0.05943875387310982
-0.07214716821908951
-0.1023835465312004
0.006541418842971325
-0.104339562356472
-0.00833042897284031
-0.0013774052495136857
-0.07493036985397337
-0.07503849267959593
-0.014884097501635551
0.022058047354221344
-0.07138293981552124
-0.06561635434627533
0.05500395223498344
-0.12367939949035645
-0.06741595268249512
-0.09527927637100221
0.023974202573299408
0.0071267676539719105
0.07148352265357971
0.1503007858991623
-0.027690641582012177
-0.00140459428075701
0.012954214587807655
-0.09231294691562653
0.044549968093633645
-0.08036789298057555
0.07045860588550568
-0.10384914278984068
-0.013465678319334984
-0.026970939710736275
-0.08574806153774261
0.03132263571023941
-0.009515596553683281
0.06623217463493347
-0.08607541024684906
-0.07473771274089813
0.01980835571885109
0.053600065410137177
0.011333897709846497
-0.10887621343135832
-0.08369144797325134
-0.09795662760734558
0.058933492749929435
0.06055978313088417
-0.11294915527105331
-0.012772169895470142
0.009545568376779555
0.04498007893562317
-0.01386479940265417
0.018677569925785065
-0.07859288901090622
0.04929817095398903
-0.06679607927799225
0.1271987110376358
-3.934709820896387e-05
-0.07998041063547134
0.008966876193881033
-0.0014330778503790496
0.05039679631590843
-0.021065913140773773
0.06219346076250076
0.01094829011708498
0.009410273283720016
-0.04106534644961357
-0.07932008057832717
-0.08914977312088013
-0.032606761902570724
-0.023160595446825027
-0.019922038540244102
0.01889673247933388
-0.06610741466283798
-0.029322467744350437
0.04352306202054024
0.11135168373584747
-0.0033238991163671017
-0.05419081076979637
0.02865159511566162
0.006718613673001528
-0.1146167367696762
-0.011013725772500038
-0.03695489838719368
0.07537554949522017
-0.030182592570781708
0.10794614255428314
0.043640460819005966
-0.058070380240678794
-0.07796498388051985
-0.08607754111289978
-0.0705876350402832
0.02662315033376217
0.02878515236079693
-0.029946425929665565
0.07512080669403075
-0.012929726392030716
0.03641979768872261
-0.03726615384221077
-0.06228728964924812
-0.028898904100060463
-0.02210360951721668
-0.00646804878488183
-0.07469720393419266
-0.04119064658880234
-0.010532224550843239
0.10571991652250289
-0.10794831812381744
0.0526491142809391
-0.03287767991423607
-0.08351571857929228
-0.04025233909487724
-0.05530427768826485
0.0048858681693673125
0.04311804100871086
-0.001520767924375832
0.06660964339971542
0.022089971229434013
0.046270713210105896
0.05813185125589371
-0.034395571798086166
-0.07788535207509993
-0.06332072615623474
-0.0072617451660335055
0.05000094696879386
0.06008122116327286
-0.08487035334110259
0.03755145892500877
0.05871006473898888
-0.04109299555420876
-0.02626701071858406
-0.11623567342758177
-0.060466229915618896
-0.05175575986504554
-0.0014439147198572755
0.020511383190751076
0.026961669325828552
-0.03243712708353996
-0.06651195883750916
0.06269972026348114
-0.042177926748991006
-0.06990434229373932
0.1331091970205307
-0.09252222627401353
0.0659496933221817
0.04163193702697754
0.032903607934713364
-0.031249374151229855
-0.043318185955286026
-0.0400758795440197
0.03119121119379997
0.04601540043950081
-0.04272684082388878
-0.021189905703067776
-0.09499125182628632
0.06794121116399765
-0.10844580829143524
-0.10798045992851256
0.07967740297317503
0.05151103809475899
-0.13467435538768768
-0.0933188870549202
-0.00282449321821332
-0.10872015357017516
-0.06253355741500854
0.0086253322660923
0.0016531789442524312
0.01266217790544033
-0.05771341919898986
0.07576371729373933
0.0019012953853234649
-0.03966128826141357
0.09688228368759155
0.003234280738979578
0.007280461955815554
-0.06048814579844474
0.04483529180288314
-0.014071770012378693
0.07948331534862518
-0.009562445804476738
0.05274032428860664
0.04853497818112373
0.03147094324231148
-0.004679700825363398
0.055165801197290414
0.055903151631355286
-0.05093441531062126
0.023701049387454983
0.08478890359401703
-0.01763530820608139
-0.04718263447284698
0.0133877107873559
0.0012079369043931365
0.0018252491718158124
-0.018900826573371887
-0.029540125280618668
0.0612499974668026
0.020740311592817303
-0.1341361254453659
0.010132480412721632
-0.0576242171227932
0.01228012889623642
-0.035932060331106186
0.014873431995511053
0.04752451181411743
-0.0991615355014801
-0.02798624336719513
0.1192946285009384
-0.04578987136483192
0.05176627263426781
0.06827012449502945
-0.06301066279411316
-0.03394852951169013
-0.08872959762811661
0.006732104811817408
0.012331258505582808
0.017735663801431656
0.07014571130275726
0.02642732299864292
0.04259087517857552
0.050337053835392
0.0345783494412899
-0.0812588259577751
-0.003191330935806036
0.03150789067149162
-0.03883226588368416
-0.10797628760337828
0.011673927307128906
0.07428331673145294
-0.0983659252524376
-0.057680144906044006
-0.013914544135332108
0.03781301900744438
0.07082872092723846
-0.07508548349142073
-0.03772451356053352
0.08309213072061537
-0.08601193130016328
0.024975158274173737
-0.0346476286649704
-0.05870215222239494
-0.10801300406455992
-0.010210126638412476
-0.05617639794945717
-0.005172503646463156
-0.05319571867585182
0.01026874966919422
0.027705250307917595
0.060951806604862206
-0.0047767716459929934
-0.09609416872262953
-0.03184670954942703
-0.039275657385587685
-0.03338034823536873
0.0004851467674598098
-0.04459516331553459
-0.013892875984311104
-0.015921594575047493
0.10137750208377838
-0.008291633799672127
-0.04990863054990768
0.001862622215412557
-0.01967719756066799
0.0023941812105476856
0.01345691829919815
-0.08611799776554108
-0.009038500487804413
0.12194690108299255
-0.03076730668544769
0.16479264199733734
-0.08951544761657715
-0.00926235318183899
-0.05856861174106598
-0.07931963354349136
0.009023442864418028
0.06518833339214325
-0.03939405083656311
-0.037738751620054245
0.05195220932364464
-0.013295439071953297
-0.0288471095263958
-0.0705171525478363
-0.0438137911260128
-0.059207115322351456
-0.09497469663619997
-0.054383128881454475
-0.03431670740246773
0.03287048637866974
-0.0388164259493351
0.006525874603539704
0.04856749624013901
0.12306112051010132
0.010127605870366096
-0.00041920656803995365
0.027488673105835915
0.027145257219672203
0.022397207096219063
-0.03999154642224312
-0.02429651841521263
-0.027590196579694748
-0.02515924535691738
-0.0815364420413971
0.01943207159638405
-0.06105444580316544
-0.0014091223711147904
0.0041213794611394405
0.06545469164848328
0.09571221470832823
-0.05345912277698517
-0.078312449157238
-0.11799098551273345
-0.05802513286471367
0.099286749958992
0.029687426984310154
0.12430255115032196
0.07852718234062195
0.03591366484761238
-0.022771812975406647
-0.09898948669433592
-0.07140805572271347
0.0581822395324707
-0.044173453003168106
0.05718207359313965
0.04287880286574364
0.02305317111313343
-0.11139729619026184
0.08184273540973662
0.02620040252804756
-0.022496614605188366
0.059942979365587234
0.05020751431584358
0.008595669642090797
-0.06158292666077614
0.014025101438164713
-0.11247977614402772
0.019278232008218765
-0.025479519739747047
-0.03185110539197922
-0.05775110051035881
-0.0408184789121151
-0.07713813334703445
-0.031221363693475723
-0.05323971807956696
0.03020802140235901
0.041422251611948006
-0.007928455248475073
0.016563858836889267
-0.04484565183520317
-0.07023822516202927
-0.05008101835846901
0.024440748617053032
0.007671662140637635
-0.06123840808868408
0.03692860901355744
-0.02073056437075138
0.055604275315999985
0.020195133984088898
-0.07052360475063324
0.09295995533466339
0.010383924469351768
-0.07826294749975203
0.061595387756824486
-0.004952868912369013
0.0861721932888031
-0.0019276594975963237
0.029651129618287086
-0.05687866732478142
-0.11510104686021803
-0.1240892857313156
0.07974556088447571
0.007901636883616446
0.016729697585105896
0.011048052459955215
-0.02847040258347988
-0.033009715378284454
0.08818284422159195
-0.05130406096577644
-0.05304718390107154
0.020089115947484967
-0.11453575640916824
0.05606137216091156
0.04368202388286591
0.07757383584976195
-0.04996980726718903
-0.06183331832289696
-0.016482438892126083
-0.11343024671077728
0.027987141162157055
0.02639643847942352
0.0435200072824955
0.009784883819520472
-0.058288272470235825
0.03522571548819542
0.004338501486927271
0.0524665042757988
-0.01923181861639023
0.011184231378138064
0.010919628664851189
0.022621680051088333
-0.0748407244682312
-0.06724992394447327
0.10813720524311064
-0.10606874525547028
-0.08750201016664505
-0.05710501596331596
-0.0775395929813385
0.04929148033261299
0.07155534625053406
0.0033973981626331806
-0.06397759169340134
0.003005357924848795
-0.100156769156456
-0.08250922709703445
-0.09811217337846757
-0.05816936492919922
-0.09134342521429059
-0.022513404488563538
-0.06928515434265137
-0.0307561568915844
0.11480990797281264
0.18440283834934235
0.00017706712242215872
-0.040805276483297355
-0.028247009962797165
0.011969033628702164
-0.11270399391651152
0.022069344297051426
-0.04780859872698784
-0.01184224523603916
0.03476831689476967
0.0544758029282093
-0.058020029217004776
-0.04792886972427368
-0.0004661768907681108
-0.05718415603041649
0.02751207537949085
0.045451082289218896
-0.05951480567455292
0.04052674397826194
-0.014963649213314056
-0.04712175950407982
-0.05613366886973381
-0.07597100734710693
-0.037012167274951935
-0.03849268332123757
-0.05700705572962761
-0.11731821298599245
-0.005873105954378843
0.011188408359885216
-0.11643673479557036
-0.01221056282520294
0.09161897748708725
0.005099159199744463
-0.11961559951305388
0.0052394256927073
-0.0803767293691635
0.017883270978927612
-0.02346832677721977
-0.054910045117139816
0.035018447786569595
-0.030314605683088303
0.003278156276792288
-0.08057533949613571
0.02572488412261009
0.04057468101382256
0.0397532731294632
-0.04518521949648857
0.03738981112837792
-0.05119126662611961
-0.03377435728907585
0.04342697560787201
-0.07236984372138977
-0.07292786240577698
-0.0338306687772274
-0.03128565102815628
0.006817413028329611
0.13770225644111633
-0.03478584066033363
0.0422385148704052
-0.013531355187296867
-0.01732780598104
0.1178007572889328
0.11620180308818816
-0.11063463985919952
0.10880213230848312
0.06486903876066208
0.027900513261556625
-0.07531667500734329
0.01802683994174004
0.01694492995738983
0.03409981727600098
0.058777648955583565
0.016927035525441166
0.026350850239396092
-0.014139257371425629
0.005723616573959589
0.036567289382219315
-0.004505928140133619
0.07205620408058168
0.03452780097723007
-0.03766394779086113
-0.07450343668460846
0.04070638120174408
-0.0045244391076266766
0.05824394896626472
0.13635633885860443
-0.05976338312029839
-0.05625765398144721
-0.031006250530481335
0.04230671375989914
0.05453189834952354
-0.06935839354991913
0.03962280973792076
0.11597394943237305
-0.06380871683359146
0.002561361063271761
-0.06464502215385437
0.10363902151584624
-0.04936175793409348
0.09231561422348022
0.03563475236296654
-0.12045231461524963
-0.05791635066270828
0.05548467487096786
-0.030841942876577377
-0.06999392807483673
-0.029144421219825745
-0.00161950069013983
-0.01664062961935997
-0.11524870991706848
-0.025190746411681172
-0.011602662503719328
0.057050418108701706
-0.08917449414730072
-0.0067315842024981976
-0.028393264859914776
-0.04924461245536804
-0.028270110487937927
-0.02569472044706345
-0.013267448171973228
-0.06092957779765129
0.028895059600472447
-0.08888360112905502
-0.07813001424074174
0.03314582630991936
0.08630559593439102
0.03460033982992172
-0.017592759802937508
0.1002657264471054
-0.08827637135982513
0.026034869253635406
-0.0785335823893547
0.001515643554739654
-0.05753331258893013
0.03152377903461456
0.0704534575343132
0.011106950230896471
-0.04717563837766647
0.059633221477270126
-0.007874259725213049
-0.089103564620018
-0.03244582563638687
0.07451850920915604
-0.009112574160099028
-0.13330872356891632
-0.08727399259805678
-0.01772472821176052
0.02723625488579273
-0.005342576187103987
-0.06134510412812233
-0.04526710137724877
-0.03212830051779747
0.06486401706933975
0.0035174791701138015
-0.11852970719337463
-0.038096752017736435
0.03290199860930443
-0.10877786576747894
-0.03350256010890007
-0.05567654222249985
-0.021693745627999306
0.017561079934239388
-0.1167733520269394
0.009008025750517843
0.040497951209545135
0.0549306534230709
0.01941646449267864
-0.022937411442399025
-0.12510530650615692
0.03831733390688896
-0.03742286190390586
0.0675421729683876
0.06538499891757965
-0.046149712055921555
0.05985895916819573
-0.08654081821441649
0.02477835491299629
-0.07872217893600464
-0.00570481875911355
-0.06435073912143707
-0.0425538457930088
-0.0022863331250846386
-0.10912920534610748
0.006848410237580538
-0.05989234149456024
-0.05220366269350052
0.08789346367120743
0.010572733357548712
-0.018847629427909848
-0.023925090208649635
0.027673412114381794
-0.01134638674557209
-0.08205091953277588
-0.03459250554442406
0.08047965914011002
-0.01375667192041874
0.010675546713173388
0.07644860446453094
-0.1347292810678482
0.03271406888961792
0.010259395465254784
-0.08832790702581404
-0.011402046307921408
-0.049963939934968955
0.03014652617275715
0.021161682903766632
0.13307398557662964
0.01581292226910591
-0.024770364165306088
0.031518496572971344
-0.1165957972407341
-0.031668175011873245
-0.09350939095020294
0.029498323798179623
0.06522053480148315
0.006442839745432138
-0.12861759960651395
-0.03486937656998634
0.02700007706880569
-0.0002623094478622079
-0.04163244739174842
0.02389993518590927
-0.12150818854570387
0.02986145950853825
-0.08300557732582092
-0.03366825729608536
0.007816601544618607
-0.06277620047330856
0.00019543373491615057
-0.012552451342344284
-0.011805087327957152
-0.1140001118183136
-0.08608478307723999
-0.03888509050011634
0.07372841984033585
0.14193101227283475
0.008925879374146461
-0.10442318022251128
-0.035057518631219864
-0.032575540244579315
-0.006261812057346106
-0.12280648201704024
-0.0017680475721135736
-0.0014374196762219071
0.002056966070085764
0.012088009156286716
-0.012871849350631235
-0.002319514285773039
-0.08531362563371657
-0.049654796719551086
-0.04435430467128754
-0.009522309526801108
-0.1093045026063919
0.013777654618024826
0.04051165655255318
-0.005849970038980246
-0.004172110464423895
-0.043567322194576256
0.06165787950158119
0.07918766140937805
-0.014480460435152052
0.021153043955564495
-0.05264034494757652
-0.03359280526638031
0.07094299793243408
0.0763919949531555
0.0797899290919304
-0.04592161998152733
-0.04423918202519417
0.005245296750217676
0.04340782016515732
-0.06992864608764648
0.01269073225557804
-0.08967962861061096
0.013322656974196434
0.03722861781716347
0.054200313985347755
0.06145818158984184
-0.017699655145406723
0.09571889042854308
0.004325148183852433
-0.05508619546890258
0.05762784555554389
-0.07780078053474426
-0.002015815116465092
0.0034680496901273727
-0.041454222053289407
0.04474182054400444
-0.01734325848519802
-0.021575205028057095
0.02113225497305393
-0.026742516085505486
-0.02624901942908764
-0.0833960920572281
0.016087565571069717
0.07444684207439423
0.05757270380854607
-0.07787469029426575
-0.08509345352649687
-0.012103006243705748
-0.07704612612724304
-0.07831835746765135
0.023579206317663193
-0.03455600142478943
-0.09864115715026855
-0.0948411077260971
-0.11668212711811064
0.03352639079093933
-0.09911340475082397
-0.1304594725370407
-0.04223423823714256
-0.025096088647842407
-0.010399764403700829
0.0318937748670578
-0.00018626975361257792
0.09858521819114685
0.015461372211575508
0.035908427089452744
0.0989978089928627
0.0449196919798851
0.07938414812088013
0.0010490877320989966
0.032404325902462006
-0.027683209627866745
-0.1188335344195366
-0.03997880592942238
0.017367443069815636
-0.012848973274230955
-0.060434695333242416
0.07597698271274567
-0.04174761101603508
0.05800917744636536
-0.02217591553926468
0.01800580509006977
0.05397243425250053
-0.12221843749284744
-0.012675058096647263
-0.029037747532129288
-0.0013362575555220246
0.016354920342564583
-0.006782579701393843
-0.04766843467950821
0.024293987080454823
-0.11520512402057648
0.01697581261396408
0.048584502190351486
-0.03481832519173622
0.15119971334934235
0.021032262593507767
-0.08757632970809937
0.09384300559759139
-0.0010399861494079232
-0.033074583858251565
-0.004090172238647938
0.08230464160442352
-0.006016449537128209
0.0759681835770607
-0.06066793203353882
-0.1049089953303337
-0.03780890628695488
-0.030714254826307297
-0.06217664852738381
-0.050974737852811806
0.02732095494866371
0.058130253106355674
-0.12852227687835693
-0.05884001404047012
-0.045950267463922494
0.0015952674439176917
0.10241284221410751
0.016133675351738926
-0.023916441947221756
-0.061667580157518394
-0.0645720437169075
0.05596628412604332
-0.11388014256954192
-0.038514025509357445
-0.028440354391932487
-0.04404370114207268
0.0006231892621144652
0.003631647676229477
-0.09696152806282045
-0.11209183931350708
0.056054070591926575
-0.032143786549568176
-0.07400278002023696
0.028979664668440815
-0.07653753459453583
-0.05226551368832588
-0.08192312717437744
-0.006659825798124074
0.0032096584327518936
-0.0858405753970146
-0.06553281098604202
0.10980929434299468
0.1275848001241684
0.10476075112819672
-0.015080172568559647
0.049401246011257165
-0.11443816125392912
0.08910868316888809
-0.038350656628608704
-0.0068200803361833096
-0.003491097595542669
0.0074352147057652465
0.05518752709031105
-0.026533909142017365
-0.08210469037294388
0.04756371304392815
-0.056706327944993966
-0.05324209854006767
0.1583004742860794
-0.06143785640597344
0.07973961532115936
-0.07168123871088028
0.10596761852502821
0.007170246448367833
0.052659817039966576
0.025227146223187447
0.010041749104857445
0.06984101980924606
0.02020961605012417
-0.04539574310183525
0.08267104625701904
-0.0585617683827877
-0.010705016553401949
-0.01887311413884163
-0.033781930804252625
0.02178545482456684
-0.07407388091087341
0.016876794397830963
0.01586797833442688
-0.02907317876815796
0.061704214662313454
0.02793947421014309
-0.05293117836117744
0.12136439979076384
0.005856339354068041
-0.07568299770355225
-0.05531029403209686
0.07677948474884033
-0.03222757205367088
0.018098704516887665
-0.04759994521737099
-0.019204771146178246
-0.05576169118285179
0.011768633499741554
0.014736129902303219
0.023538868874311447
-0.09686541557312013
-0.07292590290307999
0.016485679894685745
-0.0035881227813661094
-0.047977808862924576
0.01102576870471239
0.04181743785738945
0.05988621339201927
-0.023118725046515465
-0.025197770446538925
0.10582739114761353
0.04345662519335746
0.08076460659503935
-0.05508587509393692
0.03745159506797791
0.04037966951727867
-0.031079761683940887
-0.007788639981299639
0.028387460857629776
0.008218150585889816
0.04594527557492256
0.028468025848269463
0.026068640872836113
-0.021332398056983948
-0.10851384699344636
0.09388064593076706
0.005563327576965094
0.035906832665205
-0.039144501090049744
0.08771327137947081
-0.013122657313942908
0.1078885868191719
-0.12143729627132416
-0.048796076327562325
-0.054400041699409485
-0.0214438047260046
-0.0864124298095703
-0.012512067332863808
0.01207752339541912
0.07701432704925537
0.015444286167621613
-0.10542388260364532
-0.06121954694390297
0.11687538027763365
0.030512655153870583
-0.11789025366306304
-0.0990600660443306
-0.0017229929799214003
-0.12608908116817474
-0.01178174652159214
-0.06684685498476028
-0.0665273517370224
0.044286612421274185
-0.047883793711662286
-0.09653460979461669
-0.0105814253911376
0.05058129504323006
-0.005240030121058226
-0.0990297645330429
-0.06218626722693443
0.08723084628582
-0.05223308503627777
0.048643939197063446
-0.02969631552696228
-0.036669570952653885
-0.03955990821123123
0.09731879830360413
-0.02670173719525337
-0.07314272224903105
0.02102350816130638
-0.04857251420617104
-0.0004909062990918756
0.1063605397939682
0.10265842080116272
-0.0748324990272522
-0.05016092956066132
-0.0427086167037487
-0.0476006492972374
-0.10882095992565156
-0.018278149887919422
-0.044582616537809365
-0.008115958422422409
0.012920262292027472
-0.025447903200984
-0.036890774965286255
-0.08065510541200636
-0.037418123334646225
-0.0736616626381874
0.058164972811937325
0.005263325292617083
0.04387876018881798
-0.10270090401172637
0.10873600840568542
-0.024837741628289223
-0.028423145413398743
0.05567220225930214
-0.06442497670650482
-0.017408115789294243
-0.014980461448431017
0.06428134441375732
0.00023959612008184197
0.02352936379611492
0.057397093623876565
0.06369055062532425
-0.10273842513561247
-0.05913420394062996
0.02080630138516426
0.00969003327190876
0.01772984117269516
-0.11750881373882292
0.04923873767256737
-0.06381061673164368
0.003532182890921831
0.04930241033434868
-0.010259229689836502
0.03721386194229125
-0.008237017318606377
0.07322672009468079
-0.0009581759804859756
-0.09188267588615416
-0.02149724401533604
-0.12524482607841492
0.01943673938512802
-0.051645975559949875
-0.09787004441022873
0.11281751096248625
-0.010202623903751372
0.04719588160514832
0.045622985810041435
0.004137697163969278
0.023384168744087216
-0.04354594275355339
0.03477856144309044
-0.08866386115550995
0.08964501321315765
0.04209332540631294
-0.1261360794305801
-0.016973266378045082
0.07071475684642792
-0.03496379405260086
0.06941790878772736
0.08444575220346451
0.03728081658482552
-0.07471797615289688
0.010878585278987885
0.030237760394811634
0.07756638526916504
-0.08557140082120894
0.029039474204182625
-0.06549155712127686
-0.06251606345176697
0.06251111626625061
0.14089547097682953
-0.03907883539795876
0.014107933267951012
0.002131218556314707
-0.04096121713519096
0.07606294751167297
-0.11627270281314848
0.0012716188794001937
0.03687471896409989
0.06120731681585312
-0.007462200243026017
-0.09072978794574736
0.04584972932934761
-0.0746336132287979
0.018713342025876045
0.003962258342653513
0.09283047914505005
0.10631322860717772
0.07592880725860596
-0.0045302039943635455
-0.006422566715627909
-0.07135432958602905
-0.061134923249483115
0.09734992682933807
0.1163247674703598
0.030977889895439148
0.01934719830751419
0.001358641660772264
0.006135593634098768
0.06323907524347305
0.006920365151017904
-0.06178421899676322
-0.09265296161174774
-0.12101693451404572
0.02317489869892597
0.056797713041305535
0.08036664128303526
0.111440472304821
0.020572951063513756
-0.009071646258234976
-0.008423129096627235
0.01216982863843441
-0.011064782738685608
0.023283850401639935
-0.02572190761566162
-0.014149751514196396
-0.12534761428833008
0.03656621649861336
0.027628047391772274
-0.09272588789463043
-0.11673886328935625
-0.03558652475476265
0.007801974657922982
0.02510709688067436
-0.055274222046136856
-0.12843935191631317
0.04710080474615097
-0.0764828696846962
0.006675135809928179
0.03137853741645813
0.0484921894967556
-0.0007925365353003144
0.002761150244623422
0.09018374234437943
0.10980886220932005
0.012194816023111343
-0.09959942102432251
-0.022469377145171165
-0.12442082166671752
-0.021543439477682117
0.13029322028160095
-0.01382283866405487
0.021488286554813385
0.029561441391706463
-0.04844466224312782
0.057494748383760445
-0.07199838757514954
0.0020664907060563564
0.019430078566074368
-0.06410904228687286
0.0389508418738842
-0.019107505679130558
0.005131207872182131
0.012039183638989924
-0.051973391324281686
-0.02195917256176472
-0.05087527260184288
-0.027902029454708096
-0.0073121017776429644
-0.004880239721387625
-0.05877814069390297
-0.033951301127672195
0.021371807903051376
0.07166817784309387
0.05186439678072929
0.10337764769792555
0.08643874526023863
-0.05244241282343864
0.018683098256587986
-0.1122833341360092
-0.10969556868076324
-0.08193383365869522
-0.040500421077013016
0.037225145846605294
-0.06395971775054932
0.11658501625061037
0.0301247239112854
-0.014874275773763657
0.0752098709344864
-0.03598010167479515
-0.01934579014778137
-0.06437454372644424
0.07992599904537201
0.046940840780735016
0.11880362033843994
-0.0812782198190689
0.005220160353928804
-0.025746041908860207
0.039830174297094345
-0.10260379314422607
-0.07514619082212448
-0.03234394267201424
-0.13528855144977567
-0.08927959203720093
0.07697384804487228
-0.08625400066375731
-0.1058870255947113
-0.07785973697900771
-0.08224837481975555
-0.002739371731877327
0.058945026248693466
-0.0036261421628296375
0.01965101808309555
0.06353897601366043
-0.0244976170361042
0.05772085115313529
-0.040581133216619485
0.12179414927959442
0.041870620101690285
0.025480076670646667
0.04841848090291023
0.0666222870349884
0.039704356342554085
0.0025853686966001987
0.013915736228227615
0.09976497292518616
-0.08906947821378708
0.031095623970031735
0.031021304428577423
-0.12347444891929626
0.0030066766776144505
0.07734976708889006
0.03392826020717621
0.11091776192188262
0.03804800286889076
-0.05333782732486725
0.11180280148983
-0.03710739687085152
0.14333383738994598
-0.0003384012961760164
-0.05499475821852684
0.11779303848743437
-0.08610057830810547
0.014363801106810568
-0.02115762233734131
-0.11009415239095688
0.08753274381160736
0.0886242538690567
0.10831059515476225
-0.07346042990684509
-0.0057782563380897045
-0.04503162950277328
-0.06177760288119316
-0.11548607051372528
0.01521356776356697
-0.03192951902747154
-0.05229542776942253
-0.03284857049584389
-0.12161804735660552
-0.03345875069499016
-0.002202257048338652
-0.05732813104987144
-0.02989932894706726
0.06882129609584808
0.0024210293777287006
0.0790795683860779
-0.11041083931922913
0.012211814522743223
-0.030535485595464703
-0.024952344596385956
-0.005841849371790886
-0.08562854677438736
0.05226379260420799
0.010798146948218344
-0.0607607439160347
-0.01745143160223961
-0.05261063948273658
0.11114989221096037
0.01368698664009571
0.012629561126232147
0.11679168045520782
0.0948735773563385
-0.09342554956674576
0.0002513396320864558
0.034760698676109314
-0.04542965814471245
-0.017900709062814713
-0.0045743645168840885
0.07131235301494598
-0.0885365903377533
0.014191644266247748
-0.07822468876838685
0.04159877821803093
0.050180260092020035
-0.036778539419174194
-0.005323983263224363
-0.06682358682155609
-0.05295785516500473
-0.08780550956726074
-0.07856772094964981
0.011029742658138275
-0.07804623246192931
-0.054589129984378815
-0.021502720192074772
-0.0606345534324646
0.01576732099056244
0.06623107194900513
-0.03531968221068382
-0.05729696899652481
-0.07541660964488982
0.13489066064357755
-0.06323906779289246
-0.023669304326176643
-0.056771282106637955
-0.001310139545239508
-0.11485779285430908
0.07357421517372131
-0.008565252646803856
0.013983492739498615
0.12852807343006134
0.038599099963903434
-0.03681929036974906
-0.049942582845687866
-0.03211171180009842
-0.06147636845707893
0.0801476538181305
0.1352132111787796
0.02382702380418777
0.1029970571398735
-0.006761808414012194
0.1043982356786728
0.03302241489291191
0.015890678390860558
-0.0752808600664139
0.06873686611652374
0.06481154263019562
0.08547078073024748
0.03295652195811272
-0.04546744003891945
-0.049079138785600655
-0.015505354851484299
0.039731141179800034
0.06153634190559387
0.002512855920940637
-0.002749166917055845
-0.039128582924604416
-0.001983002293854952
0.02689618617296219
0.021279968321323395
-0.10144487023353577
-0.05656107887625694
-0.007931265980005264
-0.01392298936843872
-0.0311233252286911
0.0042924280278384686
-0.04156741127371788
-0.0197212602943182
-0.01860499195754528
-0.013305097818374632
0.036294396966695786
-0.024763148277997967
0.013970287516713142
-0.1101141721010208
-0.08635719120502472
-0.0545366071164608
-0.016437409445643425
-0.04662233963608742
0.06349970400333405
0.06930813193321228
-0.07789985090494157
0.001109961769543588
-0.06349135935306549
-0.06886762380599976
0.0245097279548645
-0.0632634162902832
0.013048762455582619
0.04639897122979164
-0.03207863494753837
-0.024171482771635052
-0.04652186855673789
0.039337236434221275
-0.05029252916574478
-0.013805171474814413
-0.013140458613634108
0.08836598694324493
-0.0705828070640564
-0.03856711462140083
0.127271369099617
-0.01701562851667404
0.008577661588788033
0.02789288014173508
-0.02743571624159813
-0.03624685108661652
0.06112192943692207
-0.004567926283925772
-0.022534824907779694
-0.0027327421121299262
0.05278196185827255
-0.018287489190697667
-0.043240562081336975
0.005254602525383234
-0.021914433687925335
0.017213622108101845
-0.05214256420731544
0.07094405591487885
0.016706891357898712
-0.12302868068218233
0.034746985882520676
-0.017870571464300156
0.006334090139716864
-0.0834447965025902
0.04242866858839989
-0.024412536993622776
-0.04326065629720688
0.044987503439188
0.0440509095788002
0.027154657989740368
-0.03421536460518837
0.014436816796660423
-0.04005951061844826
0.002006473485380411
0.03558187186717987
-0.08530595898628233
-0.08977568149566649
0.030927646905183792
0.0679156556725502
0.010429687798023224
0.04887105152010918
0.0800035148859024
0.03939384967088699
0.08983109891414641
0.1191992610692978
0.06496128439903259
0.011599158868193626
-0.005104781594127417
0.12370528280735016
-0.10906171053647996
0.010423782281577589
-0.016172505915164948
-0.05239320173859596
0.029009977355599403
0.0669173151254654
0.10163107514381409
-0.01877436973154545
-0.04528990760445594
-0.012236196547746658
-0.11697353422641754
0.025791080668568608
0.12974946200847623
-0.0905992090702057
-0.04461636766791344
-0.055965397506952286
-0.005687927361577748
0.015936464071273804
0.00038213690277189016
-0.06717889755964279
0.010982642881572247
0.06430228799581528
-0.04789404943585396
-0.1168980449438095
-0.024254925549030304
-0.10024113953113556
-0.05546652898192406
0.011350595392286776
-0.04978524893522263
0.01806740276515484
-0.008588369004428385
0.08559216558933258
0.016048327088356018
-0.0689941868185997
-0.044345512986183167
0.014519907534122469
-0.03688294440507889
-0.026329560205340385
-0.08749476075172424
0.10396094620227812
-0.02467162348330021
0.07443318516016006
-0.06748553365468979
-0.10354644060134888
0.0017220213776454327
-0.032975926995277405
-0.048775237053632736
0.12525148689746857
-0.021526798605918884
-0.020152868703007695
-0.01003572717308998
0.02502889186143875
0.05329420417547225
0.024846833199262616
0.0538720153272152
-0.04436607286334038
-0.06706923246383667
0.004114556591957808
0.035166118294000626
0.008834591135382652
-0.038090940564870834
-0.07365404069423676
-0.12412862479686736
0.06433917582035065
-0.06993988156318665
0.07802408933639526
-0.10015217959880827
0.04084168002009392
-0.09709499031305312
-0.054282292723655694
-0.03538053110241889
0.03123735263943672
-0.11287472397089005
0.05390830338001251
0.06529883295297623
0.002209814731031656
-0.08585226535797118
0.06360450387001038
0.07112085819244385
0.003233998548239469
0.12809081375598907
-0.061130601912736886
-0.03797236457467079
-0.023112852126359936
-0.09341263025999069
-0.010573402047157288
0.027023546397686005
-0.0015870664501562715
0.06526555120944977
0.027041541412472725
-0.032962217926979065
-0.1027817651629448
-0.045316975563764565
-0.123768612742424
-0.05201620981097221
-0.12033681571483612
-0.037401221692562096
-0.05966873839497566
-0.06632561981678009
-0.02972419001162052
0.031586796045303345
-0.09919103980064392
-0.035384416580200195
0.08496853709220886
0.07790351659059523
0.03452922776341438
-0.13240356743335724
0.1712184101343155
-0.03563399985432625
0.02309521660208702
-0.005421977024525404
-0.056571636348962784
-0.0019635926000773902
0.06289728730916977
0.03397032991051674
0.12276484072208405
-0.08138841390609741
-0.04646897688508034
-0.06493145227432251
0.0063905962742865086
-0.08089026808738707
-0.06570552289485931
-0.008329637348651886
0.08096131682395935
-0.05180039629340172
-0.08202524483203888
0.03456391021609306
0.03529287502169609
-0.052520208060741425
0.015232235193252563
-0.10256891697645187
-0.08860677480697632
0.017690828070044518
-0.0754028409719467
0.028861545026302338
-0.06136069074273109
0.027551623061299324
-0.07407964766025542
-0.06034809350967407
-0.025167187675833706
-0.026747653260827065
-0.02069938369095325
-0.06550678610801697
0.04135387763381004
0.07703439891338348
0.115665003657341
0.1015576720237732
0.028060082346200943
0.07885362207889555
-0.0380740724503994
-0.02214094810187817
-0.02466995269060135
0.017311060801148415
0.13059167563915253
0.01885625720024109
-0.09004785120487213
-0.02463279291987419
-0.03421350196003914
0.055198665708303445
-0.04690537974238396
-0.06638641655445099
-0.03826527297496796
-0.06406013667583466
-0.05110500752925873
0.07848742604255676
-0.11669706553220748
-0.015854638069868088
-0.04448287189006805
-0.03311498463153839
-0.10801747441291808
-0.03033868595957756
-0.03092736378312111
-0.1135317012667656
-0.08714228868484497
-0.06671860814094543
0.01854661107063293
-0.02656594291329384
-0.09711462259292601
0.10695111006498335
0.005785684566944838
0.10318496823310852
0.02531112171709537
-0.00802735239267349
0.05146757140755653
0.1591077297925949
-0.0267160814255476
-0.06666535884141922
-0.049772638827562325
0.07261291891336441
-0.011604314669966696
0.029327105730772015
-0.0640934482216835
-0.03948812559247017
-0.029976652935147285
-0.08255933225154877
-0.05612258985638618
-0.02228008769452572
-0.07877004146575926
0.007672425825148819
-0.08173076808452606
0.04093114286661148
-0.08437512069940567
-0.07039524614810944
-0.1135801523923874
0.015023386105895042
0.013483239337801932
0.036457255482673645
0.03760042414069176
-0.041478052735328674
0.01594833843410015
-0.06897500157356262
-0.011496692895889282
0.0844092071056366
0.05936182662844658
-0.047820430248975754
0.041508711874485016
0.015171581879258156
-0.09207472205162048
-0.021514343097805977
-0.0571843646466732
-0.02694304659962654
0.0514012947678566
-0.004918981343507768
-0.03693031519651413
-0.10228333622217178
0.07192423939704895
-0.046295829117298126
0.018672132864594456
0.11208164691925047
0.012279005721211432
-0.021432343870401382
0.06383967399597168
0.1016589030623436
0.015928147360682487
-0.11545053124427795
0.023447025567293167
-0.042826127260923386
-0.014675784856081007
-0.02399182319641113
-0.05534233525395393
0.0029827426187694073
-0.013165738433599472
-0.014875100925564764
0.04839937016367912
-0.028626518324017525
0.04192259535193443
0.026843439787626263
-0.07562997937202452
0.07232597470283507
-0.023871842771768566
0.020973967388272285
-0.026835331693291664
0.021684877574443817
0.08443453907966612
0.0496821142733097
-0.021962260827422145
-0.035738054662942886
-0.017658840864896774
0.02490054816007614
-0.0845571756362915
0.1234600394964218
0.05879861116409302
-0.049220725893974304
-0.0789627656340599
0.01633688621222973
-0.06420287489891052
0.06213678419589996
-0.032311644405126565
-0.0028065559454262257
0.0125539880245924
0.09151294082403184
0.010836401022970676
-0.03417261317372322
-0.11455791443586348
0.0015374779468402267
-0.02303049527108669
0.03336391970515251
0.06640257686376572
0.10380931943655014
-0.08986438810825349
0.007221851963549852
-0.043782055377960205
0.036570537835359566
0.023326952010393143
-0.012536177411675451
-0.04978533461689949
0.08149437606334686
0.019626416265964508
0.0660981684923172
-0.058563459664583206
0.08629011362791061
-0.06471709907054901
0.07026799023151398
-0.053830791264772415
-0.06321373581886292
-0.0018392481142655013
0.05063867568969727
0.07703318446874617
0.02859855070710182
0.009981159120798113
-0.08624464273452759
-0.04689153283834457
0.025300700217485428
-0.10052241384983061
0.026222927495837208
0.04680406674742699
-0.005047747399657965
-0.016516331583261486
0.015584407374262808
0.06809650361537933
-0.05855638533830643
-0.0962064117193222
0.0001950211590155959
-0.09561920166015624
-0.12386868894100188
-0.11096797883510588
0.0654863268136978
0.03869655728340149
-0.08010098338127136
-0.05203639343380928
-0.004892992321401834
0.05334163084626198
-0.011029154062271118
-0.011835845187306404
-0.10266386717557908
-0.07807056605815886
0.07250618934631348
0.027685977518558506
-0.03238440304994583
-0.07343636453151703
-0.11946015059947968
-0.12077626585960388
0.04387577995657921
0.07722181081771849
-0.04356268048286437
0.047813277691602714
0.040163733065128326
-0.056271087378263474
-0.029085392132401463
0.026734735816717148
-0.026726214215159416
-0.08941687643527985
-0.12166409194469452
-0.0370158888399601
-0.00932239927351475
0.11135637760162352
-0.09445373713970184
0.12595507502555847
-0.03123633936047554
-0.11977734416723251
0.07115216553211212
-0.02667127549648285
0.077531561255455
-0.0447983331978321
-0.007971607148647308
0.02700094878673553
0.024553114548325535
0.0517125241458416
-0.01596423238515854
-0.011620091274380684
-0.04123321920633316
0.03159455955028534
0.006263040471822023
0.0392855741083622
0.06134344637393952
0.06313926726579666
0.03233538195490837
0.06585629284381865
0.012768055312335491
0.033195555210113525
0.008925553411245346
-0.01317022182047367
0.05481682345271111
0.03482882305979729
-0.0012453325325623155
-0.003161442000418901
0.03542393073439598
0.03828092664480209
-0.06301504373550415
0.08805891871452332
0.1043243259191513
-0.049060385674238205
-0.05620064586400986
0.008505947887897491
0.0121917687356472
-0.027601512148976323
0.04308671504259109
-0.1056135445833206
0.026524581015110012
0.03852038457989693
-0.007311386521905661
0.04963505640625954
-0.057157408446073525
0.042292993515729904
-0.015613704919815063
-0.11208929121494292
0.068707175552845
-0.01774853467941284
-0.03270746394991875
-0.1039748266339302
-0.08729034662246704
0.06660179793834686
0.1091293692588806
0.00809765048325062
-0.015722954645752907
-0.019235994666814804
-0.09995122998952864
-0.06911369413137436
-0.09876267611980438
0.02427107095718384
-0.012719636783003809
0.13214959204196927
0.01936362870037556
0.004689086694270372
0.04433683678507805
-0.08063261210918425
0.0007897302275523542
-0.0008401727536693214
-0.023415150120854374
-0.08426494896411894
-0.007069449406117201
-0.02169287577271461
-0.06303444504737854
-0.0068063088692724705
0.07543321698904037
0.0008159581338986753
-0.07628247141838074
-0.007214971352368593
-0.1153760477900505
0.036435116082429886
0.05456363409757614
0.04853849485516548
0.032195933163166046
0.03763685002923012
0.055881831794977195
-0.08997870981693268
-0.09461978077888487
0.03485625237226486
-0.05268063023686409
0.027974892407655716
-0.007728715892881155
-0.0332990325987339
-0.11019350588321684
0.048334334045648575
0.040391113609075546
-0.027929726988077164
-0.05341513082385063
0.03391312435269356
0.07546856999397276
-0.022326210513710972
0.06574004143476486
0.057908978313207626
-0.013212161138653755
-0.09015300869941711
-0.015524152666330336
0.03887953981757164
0.03359327092766762
-0.0050564431585371486
-0.034445054829120636
-0.02065178006887436
-0.018360838294029236
0.07237283885478973
-0.045946430414915085
-0.03413178771734238
-0.001036416389979422
-0.043458860367536545
0.03436540812253952
-0.11031565070152281
-0.02236422151327133
0.0016768354689702392
-0.06429289281368256
0.025683676823973652
-0.10641586780548096
-0.13069552183151245
0.001170427887700498
-0.020676456391811367
0.02614621073007584
0.083720862865448
0.04043124243617058
0.023542596027255055
-0.06975118815898895
-0.0028393357060849662
-0.08013515919446945
-0.01312288548797369
-0.12606243789196014
-0.06562988460063934
0.0805930644273758
-0.014498941600322723
0.018789188936352726
0.0277719721198082
-0.0667925626039505
0.025893196463584896
0.03082029521465301
0.009092825464904307
-0.040923375636339195
-0.11768926680088045
-0.06888790428638458
-0.06814301013946533
-0.10052192211151124
0.025981759652495384
-0.016529630869627
-0.02887711115181446
-0.04205061495304108
-0.02690177783370018
-0.061489995568990714
-0.01896444335579872
0.018270602449774746
0.0391894169151783
-0.06895329058170319
-0.011664483696222304
0.02310146763920784
0.06805479526519775
-0.11152631789445876
-0.021348411217331886
-0.015548674389719965
-0.04174839332699776
0.01680826023221016
-0.011150008998811243
-0.08164329826831818
0.07044674456119537
0.051483608782291405
0.05543989688158035
-0.006931414362043142
-0.05672498419880867
0.020019022747874256
0.04888272657990456
0.0419432707130909
-0.054385360330343246
0.05094369873404503
0.15279729664325714
0.04376786574721336
0.0344143770635128
-0.12246103584766388
0.10551118850708008
-0.08338486403226851
-0.04370342567563057
-0.1132635623216629
-0.03894909843802452
0.08988396078348158
-0.04427303001284599
0.00965213030576706
-0.007935279980301857
0.01281014271080494
-0.015693066641688347
-0.01939765363931656
0.014331337064504623
-0.04708702862262726
0.06292092800140381
0.0629802942276001
-0.07369567453861235
0.0111313471570611
0.05257120355963706
0.07857431471347807
-0.012211645022034643
-0.04387464001774788
0.03169916942715645
0.020799431949853897
0.0683230608701706
0.023771461099386212
0.030077476054430008
-0.04810197278857231
-0.07816890627145766
-0.04921543598175049
0.05877303332090378
-0.08875395357608795
0.021561402827501297
0.10631091892719267
-0.10115322470664978
-0.0026580737903714176
0.04261546209454536
0.003605405334383249
0.006103367079049349
-0.011464213021099567
-0.07525989413261412
-0.025334242731332775
0.008528999984264372
0.002819873858243227
-0.013419838622212408
-0.08942334353923796
-0.07922144234180449
0.05645882710814476
-0.010047745890915392
-0.0172981396317482
0.00014457141514867544
-0.004524413961917162
-0.08502534031867982
-0.025199485942721367
0.11666854470968246
-0.1032755970954895
-0.02066048234701157
0.01252949982881546
-0.06303182989358902
-0.010095205157995224
0.031354598701000214
0.0021688160486519337
-0.1059153899550438
0.007845882326364517
-0.06188691034913063
-0.014996353536844252
0.023693062365055084
0.15933658182621002
0.044465743005275726
0.11350253224372864
-0.0804857537150383
0.011506556533277035
-0.06296627223491669
0.13078375160694122
0.03721974417567253
-0.04558204114437103
0.0026286649517714977
0.03153079375624657
-0.06543336808681488
-0.01903357543051243
0.004208220634609461
-0.012919709086418152
-0.0721333920955658
-0.036165185272693634
0.07595524191856384
-0.029681075364351273
0.010034536942839622
-0.052406005561351776
0.044633645564317696
-0.08341817557811737
0.06873715668916702
-0.01190673280507326
0.01783381775021553
-0.07612063735723494
0.07088469713926315
-0.10757189989089964
0.04109520092606544
-0.059654232114553445
0.04674592241644859
0.043299537152051926
0.04066265746951103
0.05641150102019309
-0.10496345907449722
0.0063793263398110875
0.0120049687102437
0.013301238417625427
0.010562826879322529
-0.015962617471814156
-0.01526348665356636
-0.033632759004831314
-0.044395171105861664
-0.07101210951805115
-0.008075913414359091
-0.06006234884262085
-0.030847232788801197
-0.046962179243564606
-0.04289538040757179
0.039725940674543374
0.11410671472549438
-0.048483211547136314
0.06275742501020432
0.11201891303062438
0.03769027814269066
-0.05573750287294388
0.08284765481948851
-0.037234153598546975
0.04053769633173943
0.03757733479142189
-0.0680292621254921
-0.0765789896249771
-0.11903376877307892
-0.09373314678668976
0.012338283471763134
-0.08766410499811171
-0.030241545289754868
0.006751923356205225
-0.022449171170592308
-0.003310611937195062
-0.07578827440738678
0.043242167681455605
-0.02034956589341164
0.03746037185192108
0.01141001470386982
0.05831028521060944
-0.06231044605374336
0.04835253581404685
0.02254000678658485
-0.07149919122457504
-0.10222478955984116
0.02763345651328564
-0.09245833754539488
-0.04450888559222221
-0.04553612321615219
-0.05087367445230484
0.033157121390104294
0.11601264029741289
0.016321204602718353
-0.037896458059549325
0.17803595960140228
-0.025666493922472
-0.048945628106594086
0.06846389174461365
0.07075728476047516
0.02686209045350552
0.05051129683852196
0.04862896725535393
-0.01263376884162426
0.03822135552763938
-0.028248116374015808
0.02546631544828415
0.08434800058603287
-0.07167942821979523
0.020541446283459663
-0.06400103121995926
-0.03612172603607178
0.00556389382109046
-0.04613478109240532
-0.04631673917174339
-0.0494566336274147
-0.01815592125058174
-0.04854129627346992
-0.04340193793177605
-0.07440470159053801
-0.02096065878868103
0.10718117654323576
0.008996588177978992
-0.03182118013501167
0.002353966701775789
-0.10709401220083235
-0.03192512318491936
0.05481904372572898
-0.05818278715014458
-0.12019317597150803
0.027604687958955765
-0.0057935225777328014
0.07637809962034225
-0.02027248591184616
0.003952801693230867
0.04576188698410988
-0.06673810631036758
-0.031067576259374615
-0.06385406851768494
0.030096765607595444
0.10021491348743437
-0.00937953684478998
0.09629710018634796
-0.029502134770154956
0.01911889016628265
-0.07366907596588135
-0.04147305712103844
-0.05217677354812622
0.029896300286054608
0.017962180078029633
0.010835470631718636
-0.05512554571032524
0.018344011157751083
0.030196016654372212
-0.11285708844661713
-0.006606890354305506
0.09331294149160384
-0.09999588876962659
0.06588703393936157
0.04837224259972572
0.005495291668921709
0.008973844349384308
0.027380274608731266
-0.04964857175946236
-0.04466370865702629
0.036567624658346176
0.044971659779548645
0.07199005037546158
0.1141928657889366
0.033375952392816544
0.004437718074768782
-0.09070335328578949
-0.025678910315036774
-0.014778371900320051
0.08318309485912323
-0.03340933099389076
-0.12469217181205748
0.07004280388355255
0.0033315452747046947
-0.022137893363833427
0.0376252643764019
-0.09557139128446579
0.03710563480854034
-0.11726070940494536
-0.04101894423365593
-0.11489738523960112
-0.047554243355989456
0.08032654225826262
0.06345291435718536
0.008036356419324873
-0.03185679391026497
0.046063218265771866
0.0011225458001717925
-0.04874679818749428
0.04877612367272377
0.036810848861932755
-0.05365186557173729
-0.041251625865697854
0.08930904418230055
0.00882981438189745
0.12804146111011505
0.0005843791877850889
0.009318388067185879
0.03829182311892509
0.008138559758663177
0.022367548197507855
-0.03863763436675072
0.024364572018384933
-0.07276079058647156
-0.009598588570952415
0.08546048402786256
0.028620952740311623
-0.02809510752558708
-0.027939798310399052
-0.03838391974568367
-0.00931455474346876
-0.0800519585609436
-0.13202886283397675
-0.05048521980643272
-0.058740377426147454
-0.03867800906300545
-0.004265823867172003
-0.010935371741652489
0.005019679199904203
-0.01792912930250168
-0.05678451061248779
-0.07408459484577179
0.05996346473693848
-0.07046553492546082
0.017393723130226135
-0.051029104739427567
0.029531715437769886
0.12411148846149445
0.05333840474486351
-0.06511317938566208
-0.08977962285280228
-0.06543614715337753
-0.12233948707580566
0.07062453031539917
0.010557608678936958
0.037265565246343606
-0.07075469195842743
0.041656363755464554
-0.11964554339647292
0.03761800006031991
0.02131786197423935
0.07251248508691788
0.05235244706273079
-0.022632762789726257
0.04400549829006195
-0.04656001552939415
-0.11112448573112488
0.044288288801908486
0.05102582275867462
-0.019467467442154884
-0.013152526691555975
0.11606724560260771
0.03681960701942444
-0.04356185346841812
0.035981420427560806
-0.05998742952942848
-0.0057175117544829845
-0.09220843762159348
0.005858850199729204
-0.0036449017934501167
-0.05025992542505264
-0.056304369121789925
-0.13658751547336578
-0.007024287711828947
-0.01762724667787552
-0.02585213631391525
-0.11484648287296297
-0.1065840870141983
-0.05634257197380066
0.06827795505523682
-0.03388770669698715
0.02245674468576908
-0.09590096771717072
0.10118747502565384
0.029161736369132996
-0.03572287783026695
0.03453421965241432
0.06265870481729507
-0.03017929568886757
-0.003493709024041891
0.12616443634033203
-0.0053074746392667285
-0.08496249467134476
-0.00027728884015232325
-0.04153801500797272
0.05796347931027413
0.0043293354101479045
-0.05970321595668793
-0.007268636953085663
-0.01820581406354904
0.03971622139215469
0.11960625648498537
0.11033912003040312
-0.005845518317073584
0.019922880455851555
0.017970023676753044
-0.0077127269469201565
-0.04545539245009422
-0.11784922331571578
0.06013919413089752
0.06401167064905167
-0.04625767841935158
0.007507745642215013
-0.023203173652291294
-0.07865135371685027
-0.03721119090914726
-0.12706567347049713
-0.05173830315470696
-0.004672329407185316
0.004764613229781388
0.03838828578591347
-0.0742035061120987
0.06009418144822121
-0.057403817772865295
-0.004386566113680601
0.003673273604363203
-0.05616530030965805
-0.02038886398077011
-0.028050461784005165
-0.01562347449362278
-0.040199927985668175
-0.017422154545783997
0.06871967017650604
-0.08494838327169417
0.0028165117837488647
0.03471316769719124
-0.034601423889398575
0.021968349814414975
0.0478692501783371
0.07635869085788727
0.0939175635576248
0.05274104326963425
-0.024154990911483765
-0.022453321143984795
-0.07870314270257948
-0.008515492081642151
-0.08883578330278397
0.002551321405917406
0.02673131227493286
0.044073600322008126
0.0378679521381855
0.032770831137895584
-0.024360697716474533
-0.01708446443080902
0.038052234798669815
-0.11548619717359541
0.015002245083451273
-0.1081462875008583
-0.0736919492483139
0.07434190809726715
-0.05898180231451988
-0.028591565787792202
-0.002637437079101801
0.0009612966096028684
-0.0605219192802906
0.057017549872398376
0.025590647011995316
-0.001258022733964026
-0.006107627414166927
-0.017533546313643456
-0.09656396508216858
0.009070373140275478
0.03748437389731407
-0.03712733462452888
0.12252002954483032
-0.029336445033550262
0.07308177649974824
0.0668061301112175
0.07262693345546721
-0.014975834637880324
0.007806104142218829
-0.007252400275319815
-0.04444446787238121
0.05665436014533042
0.1421119123697281
-0.08115948736667633
0.026200225576758385
0.05833936855196953
0.056861881166696555
-0.055131442844867706
-0.025075573474168777
0.062376704066991806
-0.12168526649475096
0.03195968642830849
-0.1118604391813278
-0.004284148570150137
0.004831893835216761
-0.07399728894233702
0.05987447127699852
0.048398960381746285
0.05337553843855858
0.01834177039563656
0.011332874186336994
-0.06430861353874207
0.0031890389509499077
0.015417871996760368
0.0512017197906971
-0.024257324635982517
-0.035040177404880524
-0.07372618466615677
0.02633032575249672
-0.04967227205634117
-0.09122654050588608
-0.033639874309301376
0.01788267120718956
-0.005695815663784742
0.12669791281223297
-0.07560895383358002
0.09233838319778441
-0.08927277475595474
0.02685777097940445
-0.023147912696003917
-0.03508501127362251
0.06581558287143707
0.023614345118403435
-0.09561018645763396
0.03779134154319763
-0.12599231302738187
0.07081744074821472
0.06283159554004669
-0.00917048007249832
0.10329353809356688
-0.042138267308473594
-0.056056063622236245
-0.06357445567846298
0.06559514999389648
0.10753744840621948
3.947538789361715e-05
0.09055756032466888
-0.04713046178221703
0.04909525066614151
-0.07877795398235321
-0.00049695058260113
0.05218512937426567
-0.06001315638422967
-0.016866110265254974
-0.0008819611975923181
0.07301784306764601
0.060770299285650246
-0.02881434746086597
-0.025273893028497692
-0.04126906767487526
0.04279420897364616
0.017436806112527847
-0.07180602848529816
-0.011794855818152428
0.05059243366122246
-0.021898455917835236
-0.0496453233063221
-0.01855416223406792
-0.06498747318983078
0.006951534654945135
0.010546990670263767
-0.029501844197511673
0.022623136639595032
0.02124937810003757
-0.032192498445510864
-0.1090751588344574
-0.10647496581077576
-0.03725846484303474
0.004372306168079376
0.02336788550019264
-0.04977468028664589
-0.07800653576850891
0.07511093467473982
0.0862291008234024
-0.017693068832159042
-0.06006593257188797
0.050786089152097695
0.01299125887453556
-0.05164842307567597
0.030356096103787426
-0.017235329374670982
-0.0379415825009346
-0.06839275360107422
0.003657551016658545
0.00917865615338087
0.0747182220220566
0.014143381267786026
-0.02325358986854553
0.058255605399608605
-0.09581489861011504
-0.0017699726158753035
-0.1152689903974533
-0.014278574846684933
-0.09984434396028519
0.025409452617168423
0.019958510994911197
0.023519929498434063
-0.04111084714531898
-0.046623483300209045
0.13511529564857483
-0.0266142301261425
-0.021405633538961407
-0.018936708569526672
0.0035056513734161854
-0.02481277659535408
-0.022960856556892395
-0.012858513742685316
0.02962438389658928
0.10417227447032928
0.03307667747139931
-0.008385280147194862
-0.10407101362943648
0.03964833542704582
-0.13684338331222534
0.012679388746619225
-0.0019613490439951415
-0.06366050988435745
0.0023476625792682167
-0.0017079092795029283
0.04609281197190285
0.10160431265830992
0.033916864544153214
-0.06375311315059662
0.011118300259113312
-0.06425381451845169
0.027564655989408493
-0.003796699922531843
-0.0028450018726289272
-0.009307175874710083
0.15370096266269684
-0.031286124140024185
0.012414954602718352
-0.00181652104947716
-0.01590176858007908
0.02453146129846573
0.009345890954136848
-0.06111543998122215
-0.03397597372531891
0.10466249287128448
0.0621703416109085
0.03818900883197784
0.006613099481910467
0.031848084181547165
-0.018634140491485596
0.008352387696504591
-0.02939493767917156
-0.016368739306926727
0.13110648095607755
-0.12827150523662567
0.026209350675344467
-0.045086808502674096
-0.029614035040140152
0.038087934255599976
-0.04220092296600342
-0.1190010979771614
-0.015232047066092491
0.019149120897054672
0.024750771000981327
-0.0567181408405304
-0.00029426964465528727
-0.06014486774802208
-0.009776225313544272
-0.13735212385654447
0.13163761794567108
-0.10655172169208527
0.015222971327602863
-0.014653367921710014
-0.034178785979747765
-0.038736410439014435
-0.04716581106185913
-0.02740262635052204
-0.12590374052524567
-0.07329843193292618
0.03786960616707802
-0.03785007447004318
-0.03123630583286285
-0.023692375048995015
-0.03660643100738525
-0.04052535817027092
0.05992743745446205
0.00767104560509324
0.06041362881660461
-0.0889863520860672
-0.035364460200071335
0.02096487581729889
5.266664084047079e-05
0.12568823993206024
0.02956966683268547
-0.10068681836128233
-0.07023020833730698
-0.0061264769174158564
0.019205722957849503
0.06951306760311127
-0.03123249113559723
-0.06637099385261536
0.01842570304870605
0.15467028319835663
0.03406696394085884
-0.03433304280042648
0.05138707533478737
0.11634821444749832
0.02848033979535103
-0.08851715922355652
-0.05515657737851143
-0.01695871725678444
-0.044433612376451485
0.08708110451698302
-0.0727621018886566
-0.03157128393650055
-0.10312691330909728
-0.115128256380558
0.1125231236219406
-0.06703543663024902
-0.06093102321028709
-0.02758685871958733
-0.07652784883975983
0.10075680911540984
0.011728042736649512
0.04837501794099808
0.07535263150930403
0.008569671772420406
0.006843268405646086
-0.049996603280305855
0.013409660197794436
0.04830826818943024
-0.11966139078140257
-0.044113095849752426
-0.10312023013830184
-0.012756843119859695
0.025746893137693405
-0.0773874893784523
-0.07132677733898163
-0.0676124319434166
0.12931551039218903
0.0028307181783020496
-0.09953258931636809
-0.072281152009964
0.068753182888031
-0.037723567336797714
0.0255364254117012
0.0870111584663391
-0.07437277585268019
-0.015447635203599928
0.019157759845256805
0.056814718991518014
-0.0962231308221817
-0.017502905800938606
0.05826463550329208
0.022408749908208847
-0.002592391800135374
0.033685993403196335
-0.042270973324775696
-0.01702974922955036
0.033162884414196014
-0.018346048891544346
-0.03235224634408951
0.02306719496846199
-0.1306876391172409
0.116440512239933
-0.10966777801513672
0.016385409981012344
-0.02016762271523476
-0.07021775096654892
0.15222479403018951
0.11255634576082228
-0.05316921696066856
0.1321948617696762
0.02213730290532112
-0.03942728042602539
-0.12520091235637665
-0.04651538282632828
-0.008043849840760231
0.046845901757478714
0.09764039516448975
0.03397824242711067
-0.0032343086786568165
-0.014746762812137604
-0.0021908837370574474
-0.02506592683494091
-0.04483567923307418
0.020646199584007263
0.05164732411503792
0.029268521815538406
-0.09311340749263763
0.003521211910992861
0.1429334133863449
0.17032092809677124
-0.025957563892006878
-0.09902588278055192
0.038477189838886254
-0.01667669042944908
-0.04346337169408798
-0.07143162935972214
0.034617383033037186
0.03259819373488426
0.008722693659365177
-0.05597495660185814
-0.0184006467461586
0.009286763146519663
0.03150511160492897
0.012330982834100723
0.016368715092539787
-0.08124869316816331
-0.056264724582433694
0.03828470781445503
0.03189241141080856
0.012756736017763615
-0.04371383041143417
-0.06384018808603287
0.01584247313439846
0.0003921709721907973
-0.08729103952646254
0.027448397129774094
0.018236123025417328
0.0028734547086060047
-0.05599238350987434
0.0006490483647212386
-0.03556004911661148
0.00027001125272363424
-0.10342621058225632
0.03259767219424248
0.045842546969652176
0.09638240933418274
-0.09938545525074004
-0.07921240478754044
-0.022107772529125214
0.007826014421880245
-0.03552853688597679
0.02910351380705833
-0.08422700315713881
-0.11699707061052322
-0.10388139635324478
0.018749926239252087
0.15412454307079315
0.0824798345565796
0.053562622517347336
0.01706227846443653
0.026787739247083664
0.030206579715013504
0.004215953405946493
0.06268011778593063
0.037206660956144326
-0.03150712698698044
-0.029591366648674008
0.042576253414154046
-0.05145443603396416
0.10420184582471848
0.03523785248398781
-0.01828276365995407
-0.015527937561273575
0.0342593751847744
-0.08958186209201811
0.06461918354034424
-0.07288591563701628
-0.0899735540151596
0.0009690079605206848
-0.06635512411594391
-0.09280362725257872
0.06006650999188423
0.039538104087114334
-0.11569497734308241
0.022648606449365612
0.022909391671419144
-0.015003127977252007
-0.10400521010160446
-0.08382590860128401
-0.016131309792399406
-0.04841180518269538
0.05304063856601715
0.112040638923645
-0.00267640920355916
0.07839685678482054
0.02898380719125271
0.05553371831774712
-0.0359935499727726
-0.01612977311015129
0.09545455127954483
0.10967926681041716
-0.0026761130429804325
-0.031333841383457184
0.04151695594191551
0.04755984991788864
0.011191281490027905
0.00823202170431614
-0.05441493168473244
-0.02068674936890602
-0.031106237322092056
0.09299585968255997
-0.04324774071574211
0.0033955001272261143
-0.009582674130797386
-0.003474221099168062
0.0546136051416397
-0.10256263613700865
0.05751379579305649
-0.058809909969568246
-0.04947547987103462
0.023466436192393303
0.014739925973117352
0.0007899192860350013
-0.0023905294947326183
-0.10040142387151718
0.13506056368350983
0.0369991809129715
0.08942398428916931
-0.06550692021846771
-0.08151960372924803
0.015835033729672432
0.020400598645210263
-0.124839648604393
-0.09765510261058807
-0.08904088288545609
0.02331465482711792
0.08178723603487015
0.10217468440532684
-0.10457280278205872
-0.022520020604133602
0.013649534434080124
0.04277239367365837
0.03452339395880699
-0.011948879808187485
-0.006799991708248854
-0.03947640582919121
-0.012192284688353539
0.011777662672102451
-0.024171888828277588
-0.005079754162579775
0.06284224987030029
-0.03506115823984146
-0.08540336042642593
0.03877224028110504
-0.03722354024648666
-0.019791446626186367
-0.08536006510257721
-0.008167441934347153
-0.0057695857249200335
-0.05715157836675644
-0.007481067907065154
0.06395429372787476
0.0003875609254464507
-0.08680400997400285
-0.026833295822143555
0.11236140131950378
-0.03210711479187012
-0.06988590955734253
-0.006895435508340597
0.11613820493221282
0.03995177894830704
0.04061848670244217
0.005178197752684355
-0.01697073131799698
-0.07274163514375687
-0.04790925607085228
0.10875621438026428
-0.002685920801013708
0.05864321067929268
-0.11413191258907318
0.10810627043247222
0.015082659199833868
-0.04178345575928688
0.040994614362716675
-0.01082137506455183
0.01757350191473961
-0.04194136336445808
0.008125409483909609
-0.0571562685072422
-0.06198113039135933
0.039472971111536026
-0.0056025139056146145
0.03474712744355202
0.008810320869088175
0.010371355339884758
0.07882890105247498
-0.05912317708134651
0.06496617943048477
0.020001463592052456
-0.059245482087135315
-0.05595558881759644
0.1367017477750778
-0.022913748398423195
-0.03436661511659622
-0.058412738144397736
0.03294552117586136
0.04309254512190818
-0.031942594796419144
-0.050176650285720825
-0.036906950175762177
-0.05777614563703537
0.12131676077842712
0.00043770566117018467
-0.09712188690900801
0.08568408340215683
-0.1024709939956665
-0.07603420317173004
-0.10040774941444396
0.02711899951100349
-0.08330462872982025
-0.019145365804433823
-0.08436783403158189
0.02212984673678875
-0.010626070201396942
0.001139910309575498
-0.03031717613339424
-0.10576406866312026
0.01515462715178728
0.08660608530044556
0.04137813299894333
0.12613873183727264
0.0218169279396534
0.04254225268959999
0.10433772951364516
-0.04000337049365044
0.07970334589481354
-0.0981207489967346
-0.02462532371282577
-0.04149586707353592
0.04710092768073081
0.07518328726291656
-0.07042261958122253
-0.07579461485147475
-0.11405250430107115
-0.10209279507398604
0.0013682063436135648
-0.0032531688921153545
0.02373238280415535
0.062256410717964165
0.002454445231705904
-0.10079304873943327
0.030832625925540924
-0.0341835543513298
0.012848148122429848
-0.01708388142287731
-0.0758841335773468
-0.07649058103561401
-0.1061372458934784
0.0317176878452301
-0.019475167617201805
0.01765545830130577
-0.014807540923357008
0.03502711281180382
-0.08433429151773453
-0.031271547079086304
-0.08155322819948195
-0.06946264207363129
-0.04601668566465378
0.030608484521508217
-0.06212056055665016
0.03606151416897774
0.10114197432994843
-0.10583428293466568
0.007872717455029486
-0.1250610649585724
-0.04081391170620918
0.04253976047039032
0.04594849050045013
-0.049204040318727486
-0.026056343689560887
0.05810428038239479
-0.06595203280448914
-0.00541149964556098
0.005805171560496092
-0.048502128571271896
-0.055729079991579056
-0.051603492349386215
0.03241180256009102
-0.06466342508792877
-0.02744026854634285
-0.022263897582888603
-0.06180829182267189
0.03346365690231323
-0.06433583050966263
0.13486872613430023
-2.871232572942972e-05
-0.01600121147930622
0.07013925164937973
-0.02660849876701832
-0.002658069599419832
0.04955912008881569
-0.00438510114327073
0.01782295852899551
0.023937571793794632
-0.08032216131687164
0.06294039636850357
0.08439458161592484
-0.05348202958703041
-0.03727502003312111
-0.04400652274489402
0.2055169492959976
0.0201452299952507
-0.05230558291077614
-0.051782310009002686
-0.04752965644001961
-0.10168953239917757
0.06872452050447464
0.055266089737415314
-0.07544599473476411
-0.03965675085783005
0.02464730106294155
-0.036018673330545425
-0.021916063502430916
0.025261281058192253
0.04215613007545471
-0.05153727158904076
-0.1151524931192398
0.09893953800201416
0.017156450077891346
-0.0021579298190772533
0.0011421398958191276
0.03578554466366768
-0.043373823165893555
0.016982533037662506
0.022838409990072247
0.04476550221443176
0.01806796342134476
-0.09668067842721939
-0.023462608456611637
-0.007610342931002378
0.06220092996954918
-0.012077698484063148
-0.04079237952828407
0.017601216211915016
0.06776579469442368
-0.06482488662004471
0.014777559787034988
-0.012111277319490908
-0.025731630623340607
0.010355735197663307
0.14260470867156982
0.1524590104818344
-0.05071844905614853
0.015821779146790504
0.03155610337853432
-0.03506545349955559
0.08037543296813965
-0.04710594192147255
-0.03004453331232071
-0.04659149423241615
-0.04060015082359313
-0.045969348400831216
-0.015789661556482315
0.04561016336083412
0.011507414281368256
-0.12085872888565063
0.05537490919232368
-0.0052197366021573535
0.004232071805745363
0.0023794141598045826
-0.00012717454228550196
-0.10367413610219955
-0.02529026940464973
-0.00967641081660986
0.043306011706590646
0.12129177153110504
0.07259175181388856
0.0240655317902565
0.17988881468772888
-0.039749961346387856
0.0025630202144384384
-0.001872559660114348
-0.04307519644498825
-0.005403741728514433
0.02078764326870441
0.024950167164206505
-0.014654813334345816
-0.09025321900844574
0.07340019941329955
0.049471743404865265
0.004394125659018754
-0.05948270857334137
0.010082677006721497
-0.08452656120061873
0.007866491563618183
0.02691935747861862
0.06755159795284271
-0.05910695716738701
-0.0035168486647307873
-0.07322485744953156
0.011339008808135986
-0.07256770133972168
0.0842229574918747
-0.03671765699982643
0.08025284111499785
-0.08725833892822266
-0.08895554393529893
0.021210737526416775
-0.0197824202477932
-0.08310951292514801
-0.0008753553265705704
0.04301158338785172
0.007283244747668504
-0.014885559678077696
9.447103366255761e-07
-0.005365883465856314
-0.049797054380178445
0.028105417266488075
0.10193701088428496
-0.0936567410826683
0.02272487245500088
0.0028793555684387684
0.013366859406232832
-0.058008331805467606
-0.039348408579826355
0.03328435495495796
-0.05163104832172394
-0.03545118868350983
0.06067997589707375
0.06816153973340988
0.06994098424911499
-0.06821078807115555
0.048159543424844735
0.09417348355054855
-0.025250189006328583
-0.12189280986785889
0.09095588326454161
0.03032785840332508
-0.10357556492090224
-0.05804036930203438
0.011053536087274551
-0.0074235559441149235
-0.03237342834472656
0.051936592906713486
0.00021550466772168875
0.05876629054546356
-0.015161111950874329
0.018903985619544983
0.0009995739674195647
-0.10401100665330885
-0.06005574017763138
-0.058538757264614105
-0.1215844750404358
-0.05121948942542076
-0.07125680148601532
0.035720404237508774
0.07799258083105086
0.024396905675530437
0.05932275578379631
0.024942710995674133
0.05105746164917946
-0.005251665133982897
0.03825287520885468
0.01949247717857361
0.05718602985143661
-0.10021179914474489
-0.04265381768345833
-0.03668633475899696
0.04717613384127617
-0.10201483964920044
0.08938750624656677
0.04847252741456032
-0.07513353228569031
0.029845017939805984
-0.054446294903755195
0.07768212258815765
-0.04472345113754272
0.04330375418066978
0.015103854238986967
-0.05437828227877617
-0.008439427241683006
-0.08107082545757292
-0.11994071304798126
-0.05741779506206512
0.02049659937620163
0.017030853778123856
-0.021587472409009933
-0.03650734201073647
0.1480515748262405
-0.08082573115825653
-0.05969909951090813
0.08799174427986145
-0.12728522717952728
-0.030712988227605816
-0.08746878802776337
-0.08079807460308075
-0.0969678983092308
0.04069915786385536
0.0259539932012558
-0.002736716996878385
-0.09997887909412384
-0.06291130185127257
-0.09367105364799501
0.06573961675167084
0.04163462296128273
-0.0003989838296547532
-0.08051948994398117
0.014826470986008644
0.006303137633949518
-0.10269822180271149
-0.0442480742931366
-0.08431125432252885
0.0148470401763916
0.01764371246099472
0.016733402386307716
-0.03481272608041763
-0.0019519083434715867
0.03838477656245232
0.05436719208955765
0.087679922580719
0.057367593050003045
-0.0028377422131597996
-0.014329178258776665
0.07928856462240219
0.1481078416109085
0.08626596629619598
-0.006805881392210722
-0.014768505468964577
0.04226365685462952
0.024683311581611637
-0.00841010548174381
-0.0928950309753418
-0.09386132657527924
0.1028747707605362
-0.017354633659124374
-0.09467983245849608
-0.05282646790146828
-0.04819856956601143
0.007253806572407485
0.09221485257148743
-0.10123182088136672
0.06342972815036774
0.05313057824969292
-0.06396716833114624
-0.0073702423833310595
0.013310352340340614
-0.06055713072419167
-0.04781721159815788
-0.0017860295483842492
-0.0025731078349053855
0.17477883398532867
-0.07895430922508238
0.09565421938896179
-0.03372005745768547
0.04268896952271461
-0.05768518522381783
-0.10881175845861434
-0.08988253027200697
-0.022490335628390312
-0.0543469525873661
-0.06378571689128876
0.009051501750946047
-0.046049553900957114
0.057732313871383674
0.01098443754017353
0.0430162288248539
0.0013502876972779632
-0.108337864279747
-0.0558471754193306
0.06215770915150642
-0.06539060920476913
-0.03619232401251793
-0.057909321039915085
0.004656557459384202
-0.012706698849797249
-0.01787121221423149
0.15283723175525665
0.005999807734042406
-0.040186464786529534
0.01705602928996086
0.031181685626506805
-0.01547144167125225
0.02515530586242676
-0.0342026986181736
0.013352160342037676
0.011236853897571564
0.04706070199608802
0.01618841290473938
-0.009327751584351063
0.011946110054850578
-0.12377585470676422
-0.01644499972462654
0.03358680009841919
-0.10663877427577972
-0.06876131892204285
-0.0015702570090070367
-0.059457551687955856
0.01552833430469036
0.02714964933693409
-0.015266474336385725
-0.11509831249713896
-0.06850548833608627
0.05278647318482399
0.042147215455770486
-0.024453958496451374
-0.009858263656497
-0.02615400031208992
0.021554671227931976
-0.0810200646519661
0.017583340406417847
0.03508497774600983
0.05847836658358574
0.09671993553638458
0.015364665538072586
0.0728575810790062
0.07855301350355148
0.06090215593576431
-0.04747162386775017
-0.04014988988637924
-0.0962090790271759
-0.11136189103126524
-0.04182320088148117
0.018081622198224068
0.03907309845089912
0.023152455687522888
0.00506215775385499
-0.02319963090121746
-0.062170039862394326
0.02927464619278908
0.009528931230306624
-0.00040106254164129496
0.029188495129346848
0.01788019761443138
-0.08564882725477217
-0.07009732723236084
-0.02950206771492958
0.017586804926395416
-0.03129064291715621
0.014647415839135647
-0.06205357238650321
0.05458177253603935
0.06775300204753876
0.06312038749456406
0.06710225343704224
-0.09799131006002426
0.02827048487961292
0.0681484118103981
-0.05896935984492302
0.04086727276444435
-0.024724930524826046
0.06423500925302505
0.01865050941705704
-0.0821836441755295
-0.03848123922944069
-0.0026265881024301048
-0.053682658821344376
-0.07194434851408005
0.013241928070783617
-0.09094870835542679
-0.09734939783811568
0.02308457903563976
0.018207155168056488
-0.08960512280464172
0.019945718348026276
-0.08078112453222273
-0.024842953309416767
-0.0074941995553672305
0.009498186409473421
0.018349178135395047
0.09472627192735673
0.0429338663816452
0.011014217510819437
0.1340748518705368
0.028968818485736847
-0.08886707574129105
0.010481148958206177
-0.037561990320682526
-0.10518451780080797
-0.007669827435165643
0.07358153164386749
0.01940985769033432
-0.012443643063306808
-0.0665334090590477
0.12525565922260284
-0.04655037447810173
-0.109760120511055
0.05014903470873833
0.01182585209608078
-0.1127016544342041
0.09111669659614563
-0.025645844638347626
0.059359364211559296
0.06301231682300568
-0.1059686616063118
-0.04877472296357154
0.038645677268505096
0.0442478321492672
0.02100841887295246
-0.01678207516670227
-0.02198975719511509
-0.042030133306980126
-0.023741275072097775
-0.0013514865422621367
-0.06304889917373657
-0.10772711038589476
-0.02855992875993252
0.0028796163387596607
0.08062797039747238
-0.09882905334234236
0.06369403749704361
-0.0011542231077328324
0.08920463919639587
-0.028965070843696598
0.022110024467110637
0.04475660249590874
-0.06303032487630844
-0.07294828444719313
-0.06508206576108932
0.09638617932796478
-0.04473218694329262
0.005149184260517359
0.040743399411439896
-0.09919527173042296
-0.08034855127334593
-0.0014634426916018128
-0.027124755084514614
0.05275928229093552
0.022129848599433895
-0.028360953554511074
-0.03773007914423943
-0.062188450247049325
-0.0349494144320488
-0.10477903485298155
-0.013343345373868942
0.04556946828961372
-0.06185673549771309
0.017168963328003883
-0.12997165322303772
0.05061995983123779
-0.04983215779066086
0.009211212396621704
0.08888624608516693
-0.014571884647011755
-0.06149297580122948
-0.002221120055764913
0.004476782400161028
0.017339438199996948
-0.014042792841792107
-0.012541782110929487
0.07303881645202637
0.04060820117592812
-0.07671654969453812
0.053060900419950485
-0.00970291905105114
-0.09440080076456069
-0.0632738545536995
-0.06122491881251335
-0.05286863073706626
-0.03189176693558693
-0.01579306274652481
0.07525067031383513
-0.08162394165992735
0.013802330009639263
-0.06846330314874649
-0.0350729264318943
0.0112599553540349
0.005025158170610665
0.011329561471939085
-0.04923804476857185
-0.008402463048696518
0.009694695472717283
0.022748745977878567
-0.015097647905349731
0.02364886924624443
0.0018731359159573913
0.05802060291171074
-0.058697592467069626
0.02529691345989704
-0.0745028704404831
-0.04970430955290794
0.012412428855895996
0.046360153704881675
0.04118426144123077
0.028305722400546077
-0.02319861203432083
-0.06770088523626328
0.0023016282357275486
-0.011614104732871056
-0.07496582716703416
0.010608764365315436
-0.0163135826587677
0.028781693428754807
0.09024813771247864
0.0766945034265518
0.01140490546822548
0.09309232234954834
-0.0005910113686695695
-0.11814547330141068
0.1364277750253677
-0.028454499319195747
0.03400435298681259
-0.012418311089277267
-0.013212591409683228
-0.01340313907712698
-0.11230691522359848
0.02436116896569729
-0.08769882470369339
0.08164128661155699
-0.016180263832211494
-0.053036510944366455
-0.034064173698425286
0.0015704495599493384
-0.027703082188963887
-0.012170752510428429
0.02207214199006557
0.029849227517843246
-0.0016137954080477357
-0.030253812670707703
-0.06958778947591782
-0.09597475826740266
-0.021936407312750816
-0.03663234412670136
0.023789025843143463
0.03952612355351448
0.010766783729195595
-0.1175081580877304
0.008702973835170269
0.018522363156080243
-0.031141038984060287
0.008293293416500092
0.012302577495574951
0.0173037126660347
-0.0447520948946476
0.07054493576288223
-0.011206930503249168
0.0012769218301400542
0.028593644499778748
-0.0372844897210598
-0.05185001716017723
-0.019582558423280716
-0.004614601377397776
-0.0008800585055723785
-0.10641705989837646
-0.11341500282287596
0.014544691890478134
0.15355311334133148
-0.05695758387446404
0.041908074170351035
0.05015505850315093
-0.03935212641954421
0.05455644801259041
0.05851430818438529
-0.04155410081148148
-0.02908705361187458
-0.0058391052298247806
-0.046480711549520486
0.031550172716379166
0.05496511235833168
0.11829915642738342
-0.0032123150303959846
-0.02760467678308487
0.028279874473810196
0.03444498032331467
-0.006594381760805844
0.057123027741909034
-0.004494890104979277
-0.008936875499784946
0.01192269567400217
-0.05003484711050987
0.08182251453399658
0.018215108662843704
0.029883820563554764
-0.028331756591796875
-0.09076224267482755
-0.10790343582630156
-0.023340629413723946
0.045216426253318794
-0.010726207867264748
0.08412985503673553
0.03768498823046684
0.009567989036440848
-0.04734994098544121
-0.12517952919006348
-0.09668484330177309
-0.05223667994141579
-0.08964990079402924
0.0292840413749218
0.0598549135029316
0.05942867696285248
-0.08245153725147246
0.011747149750590324
-0.020694302394986153
-0.013266298919916151
-0.007581343408674002
0.012441958300769327
0.05009583756327629
0.03875889629125595
0.03776910901069641
-0.006981016602367163
0.05221067741513252
-0.025547802448272705
0.03760609030723572
-0.026529332622885704
0.014055538922548294
-0.12590178847312927
-0.03981681540608406
0.002999113406985998
0.016034670174121857
-0.01942797377705574
0.017987506464123722
0.06921567767858505
0.04607008025050163
-0.04712978750467301
-0.05361318960785866
-0.008554033935070038
0.028867900371551517
0.016116708517074585
0.010714776813983916
-0.02966789901256561
0.0912897139787674
0.0016943257069215178
0.04618031531572342
0.06593175232410431
0.08391693979501724
-0.027815736830234528
0.012647867202758787
0.025690060108900074
0.02616809494793415
0.03307655826210976
-0.05972130596637726
0.0579175241291523
-0.04359094426035881
-0.07411062717437744
0.040124204009771354
-0.06070040538907051
-0.04011913388967513
-0.07684917747974396
0.049140118062496185
-0.035413969308137894
0.05999059975147247
-0.054145090281963355
-0.06743504106998444
0.04131244868040085
-0.018349930644035336
0.020491972565650936
0.018166933208703995
-0.048755448311567307
-0.017856156453490257
0.06317619234323502
-0.039254721254110336
-0.06175504997372627
-0.014777332544326782
-0.043503668159246445
0.02097543701529503
-0.09672043472528456
-0.05153295770287514
0.004705857951194048
0.09653239697217939
0.053503483533859246
-0.027767997235059735
0.019176917150616642
-0.09435061365365982
0.040955085307359695
0.04442482441663742
-0.12052174657583235
0.05333079025149345
-0.001299492665566504
-0.027084469795227047
-0.03661301732063293
-0.025097075849771496
0.00043001433368772263
0.048772193491458886
-0.027394583448767666
0.023867446929216385
0.001871114945970476
0.0126491729170084
-0.04136403277516365
-0.09185747802257536
-0.03975652530789375
-0.040091861039400094
0.0642494186758995
0.006020896602421999
-0.05151248350739479
0.1305072158575058
-0.04837553575634956
-0.12744545936584473
-0.10333123803138732
-0.01793825998902321
-0.02543208748102188
-0.053923070430755615
-0.009816555306315422
-0.01742342859506607
-0.08295756578445433
0.031382620334625244
-0.03295591101050377
-0.022070791572332386
-0.04104845970869064
0.03496850281953812
0.01673952490091324
0.01858652010560036
0.096122108399868
0.055257920175790794
-0.06141202524304389
-0.08641532063484192
-0.06472862511873245
0.11797668039798737
-0.01933385618031025
0.026528989896178246
0.0641779899597168
-0.0008507916936650872
0.05302733927965164
-0.02461623027920723
-0.02154332399368286
-0.11796878278255463
-0.027882348746061325
-0.02004828490316868
0.10842427611351012
0.019200010225176808
-0.03380059823393822
0.05000130459666252
-0.05191626027226448
0.03708536922931671
0.07726775109767914
0.007686672266572714
-0.06033257767558098
-0.02126039937138557
0.06561664491891861
-0.05286851897835732
-0.10612431913614272
-0.06935707479715347
-0.0612783320248127
0.06494443863630295
-0.015221210196614264
-0.09736312180757521
0.06049293279647827
-0.06538573652505875
0.04485830292105675
-0.009263720363378525
-0.08253011852502823
-0.0004971023881807923
-0.07342422008514403
0.0330025851726532
0.014872382394969463
0.11373578757047652
-0.0025604483671486378
0.11959992349147797
-0.05070622637867928
-0.05601153895258904
0.0006826560711488128
0.008972620591521263
0.021931970492005348
-0.027059249579906464
0.09783454984426497
-0.002031512092798948
-0.10877799242734908
-0.023741984739899635
-0.06273315101861954
0.015553560107946396
0.006443988066166639
-0.06316320598125458
0.020387435331940647
0.04508055001497269
-0.04325643926858901
-0.06881978362798691
-0.03585682809352875
-0.07017676532268524
0.026246078312397003
-0.06386599689722061
-0.06252552568912506
-0.09856902062892912
-0.08172612637281418
0.038576249033212655
-0.08967898041009904
8.006615098565818e-05
-0.06671274453401566
0.00317600229755044
0.07097324728965759
0.010306283831596375
0.020578760653734207
-0.12010279297828674
-0.02489844337105751
-0.033373378217220306
-0.05439474061131477
0.01341099850833416
0.06691232323646545
-0.0642520934343338
-0.010542851872742176
0.004011091310530901
-0.10840965807437895
-0.08546913415193556
-0.11306071281433104
-0.013434210792183876
0.0819231867790222
0.05708486586809158
0.068609319627285
-0.09099128842353821
-0.02135251834988594
0.05766142904758453
0.044691968709230416
-0.07343505322933197
-0.0026673679240047927
-0.040560033172369
0.022015471011400223
-0.09758380055427553
-0.0870773196220398
0.01259295642375946
-0.12157440185546876
-0.051054101437330246
-0.022290553897619247
-0.07385892421007155
0.07774142920970915
-0.03941139951348305
-0.014447210356593132
-0.025772929191589355
-0.0009288402507081629
0.09769745171070099
-0.01399649865925312
0.02784613147377968
0.016398318111896515
0.08639080822467805
0.0006693418836221099
0.061517950147390366
-0.04818980395793914
0.016598867252469063
0.016873862594366074
-0.11103759706020357
0.05244908109307289
-0.06746169924736023
-0.03871191665530205
0.01427486352622509
-0.05460792407393456
-0.04141323268413544
-0.01769258640706539
-0.03486799821257591
0.012783583253622057
0.035104621201753616
-0.07082474231719971
0.02136213332414627
0.07319843024015425
0.0012357499217614532
0.10247178375720976
-0.02480039000511169
0.007913071662187576
0.07627389580011366
-0.027105819433927536
0.026413433253765103
-0.005008043255656958
0.02580534480512142
0.075271412730217
0.010310010984539984
-0.02457249164581299
-0.06769648939371109
0.001288332394324243
-0.03157610073685646
-0.08120240271091461
0.005309649277478456
0.007538304198533296
-0.044835571199655526
0.06813745945692062
0.0026298840530216694
0.11372581124305724
-0.1247422844171524
-0.05895781144499778
-0.11229947209358215
-0.06038640066981316
0.1140211671590805
0.03928713127970696
0.10473476350307465
0.022201500833034515
0.03790843859314919
-0.12180806696414948
-0.12036460638046265
0.0030432227067649364
0.013770669698715208
0.002746401820331812
-0.08004792034626007
-0.00275550177320838
-0.04929786920547485
-0.10319530963897704
0.05771784111857414
-0.09778613597154616
-0.0040723434649407855
0.03463258221745491
0.024015178903937336
0.1557525098323822
-0.05434173718094826
0.008392133750021458
0.06018965318799018
0.03907177597284317
-0.021778050810098648
-0.001769555849023163
0.042945459485054016
0.08960119634866713
-0.05942525342106819
0.012115380726754664
-0.029312847182154652
0.014833105728030205
-0.060087531805038445
-0.06237554922699928
-0.07088690996170044
0.04836295917630196
0.05474219098687172
0.011773023754358292
0.08390539884567261
-0.044311534613370895
-0.08290509134531021
-0.02235158532857895
-0.048978786915540695
0.05051298439502716
-0.0682840645313263
0.05528199672698975
-0.02037940919399261
0.07049566507339478
-0.04205077514052391
0.02753514237701893
-0.03821850940585136
-0.01217271201312542
0.0292215459048748
-0.030322790145874023
0.004557002801448107
0.017503229901194572
0.07370448112487793
0.05790122225880623
-0.04950713738799095
-0.013958575204014778
-0.04847871139645576
0.008185386657714844
-0.02241678349673748
0.0039309379644691935
-0.04341430589556695
-0.091690331697464
0.026044579222798347
0.018078092485666275
0.02111713215708733
0.021778002381324768
0.02513524144887924
-0.016903184354305267
0.03273051604628563
-0.024526327848434448
0.016133036464452744
0.02697116695344448
0.01778050884604454
-0.019113581627607346
-0.12055346369743349
0.0005648712394759058
0.09414875507354736
-0.09867626428604126
0.08752241730690001
-0.10373806953430176
-0.039693232625722885
-0.014634398743510246
0.004885845351964235
-0.014960385859012604
-0.11240366101264952
0.08552315831184387
-0.07042234390974045
0.08192086219787596
0.051031649112701416
0.10835982859134674
0.01331380382180214
-0.0846569687128067
0.07083727419376373
0.007618910167366265
-0.05382106453180313
0.0959801971912384
0.04650964215397834
0.04594789445400239
0.07920847088098526
0.04636218026280403
0.017629271373152733
-0.04935960471630096
0.01442056056112051
0.012562863528728483
0.12282804399728776
-0.08929981291294099
-0.08452470600605011
-0.07159345597028732
-0.03733140230178833
-0.03470059484243393
0.07178039848804474
0.008086453191936016
-0.008072898723185062
-0.04749539867043495
-0.08477954566478729
-0.03236747533082962
-0.10660357773303984
0.0104382811114192
-0.08492756634950636
0.055044036358594894
0.034541510045528405
-0.06856239587068558
-0.057175446301698685
-0.09795409440994263
0.009021934121847153
-0.003321219701319933
-0.02328624203801155
0.030547296628355976
0.0670183002948761
-0.06490778177976608
-0.022406037896871567
0.03186144307255745
-0.013487851247191427
-0.06012571230530738
-0.0022133602760732174
0.0003031570231541991
-0.057414811104536057
-0.05998608469963074
-0.010501760989427567
-0.10249766707420348
0.013276249170303345
-0.03362308070063591
0.02267339080572128
-0.05559263378381729
0.021693842485547062
-0.014234498143196104
-0.012318087741732596
-0.03414858505129814
0.02075648121535778
-0.02208741009235382
-0.02694402076303959
-0.0027200584299862385
-0.002715297508984804
-0.08024084568023682
0.022477902472019196
-0.10831892490386962
0.03277483955025673
-0.11459865421056747
-0.030111812055110928
-0.12033187597990036
0.02978749945759773
0.06704513728618622
-0.06133272126317024
0.08895240724086761
0.08095046877861024
0.028681347146630287
0.11429157853126524
0.019506052136421204
0.035884711891412735
0.049713890999555595
-0.0360964722931385
-0.0005451921606436372
-0.03919009491801262
0.09407809376716611
-0.055364631116390235
0.02247007191181183
0.05787727236747742
0.11458827555179596
-0.07327983528375626
0.03803215175867081
-0.03828923776745796
0.035973865538835526
0.04558464139699936
0.08999330550432205
-0.014895444735884666
-0.12022934854030608
0.0576096773147583
-0.0008062400156632066
0.037412818521261215
0.10584732145071028
0.04676280915737152
-0.07350558042526245
0.026157237589359283
0.10810062289237976
-0.034814681857824326
0.10198837518692017
-0.006697124335914849
0.03871224075555801
-0.05183857306838036
-0.0434744469821453
0.011824425309896467
-0.10375428199768066
-0.0847870409488678
0.05344964191317558
0.010015461593866348
-0.11002835631370544
-0.026132194325327877
0.03394187241792679
-0.06481027603149414
0.156708762049675
-0.023725412786006927
0.023947648704051968
0.02645929716527462
0.14141379296779633
0.04901846870779991
-0.0388256274163723
-0.08745566010475159
-0.12055400013923644
-0.05042218789458274
0.11366736888885498
0.052531685680150986
0.04923186078667641
0.007989496923983097
-0.08412336558103561
0.052748803049325936
0.053563110530376434
0.10896160453557968
-0.11579865217208862
0.02539699897170067
-0.006853466387838125
0.0054039345122873774
-0.07807309925556183
-0.08791770040988922
-0.06442813575267792
0.008879306726157665
0.02484514191746712
-0.09825603663921356
-0.05943448096513748
0.050898727029562
-0.05462143197655678
-0.0720735639333725
0.022854456678032875
-0.031028125435113903
-0.07770591974258423
0.012458164244890211
0.013111473061144352
-0.09236614406108856
-0.023315636441111565
0.05680032446980476
0.00802990049123764
-0.08332082629203795
0.006445554550737143
0.10346469283103941
0.02993886545300484
0.04890042915940285
-0.026263454928994175
0.06291206181049347
-0.05740160495042801
0.027062540873885155
-0.03568105772137642
-0.013383577577769756
-0.0010492909932509065
-0.11653670668601988
0.011372433975338936
-0.003394282888621092
-0.05736291781067848
-0.009423637762665747
-0.04445486888289452
0.059863489121198654
-0.014105400070548056
0.07593240588903427
-0.11470137536525726
-0.1218334510922432
0.062016047537326806
0.07308971881866455
-0.037859559059143066
0.04747215285897255
-0.03844334930181503
-0.009292684495449066
0.0012413457734510303
-0.045723989605903625
0.028198143467307087
-0.12191595137119292
-0.05354395508766174
-0.04279353097081184
0.0860467031598091
0.02356257475912571
0.011088799685239792
0.037148918956518166
-0.030471559613943097
-0.02105642855167389
0.05465524643659592
-0.04920729622244834
0.05707565322518349
-0.024501696228981015
-0.05510443449020386
-0.014558592811226845
-0.15116409957408905
0.037327248603105545
-0.06939289718866348
-0.12301231920719145
-0.041105207055807114
-0.06247025355696678
-0.07778093963861465
-0.06629475951194763
-0.07106196880340576
-0.007220757659524678
0.02714134939014912
-0.020679252222180367
-0.020257284864783287
0.023452678695321083
0.03555525466799736
0.07954570651054382
0.004385899286717176
0.03112878650426865
-0.07452879101037979
-0.0077257868833839885
0.046626400202512734
-0.021001338958740234
-0.0024528237991034985
-0.01625177077949047
0.004248045384883881
-0.01305725984275341
0.09367907047271729
-0.08820842206478119
0.006907669361680745
0.009003670886158943
-0.1083729863166809
0.06727421283721924
0.05402136966586113
0.03286426141858101
-0.003711260389536619
0.05422982946038246
-0.03418572247028351
0.0004635773366317153
-0.005003178026527166
-0.035156745463609695
-0.10714849084615707
0.021002149209380146
0.05854511633515357
0.08383390307426451
-0.06888141483068466
-0.04363851621747017
-0.07684741914272307
0.026285450905561447
0.038697924464941025
-0.04752315580844879
-0.10986235737800598
0.0022087604738771915
0.008823592215776443
-0.035131942480802536
0.06559035927057266
-0.05463821068406105
-0.06898058950901031
0.02349800243973732
-0.07182865589857101
-0.019630512222647663
-0.0628170520067215
-0.00092698831576854
0.016194231808185577
0.06124867871403694
-0.07028783857822418
-0.04557566717267037
0.08350226283073425
-0.016637787222862244
-0.002217566128820181
0.035818371921777725
-0.04841746389865875
0.128234401345253
-0.04414717480540276
-0.10041288286447524
0.06641805171966553
0.05118516832590103
-0.06009631976485252
-0.0501159094274044
0.055909425020217896
-0.11553055047988892
0.06170419231057167
0.05407013744115829
-0.007871994748711588
-0.07465818524360655
-0.0015960891032591462
-0.019685542210936543
-0.014549408107995985
0.04396392032504082
-0.008108539506793022
-0.10654541850090025
-0.050377335399389274
-0.01931566372513771
-0.09424585849046707
0.01036429777741432
-0.08410969376564026
0.07820015400648117
0.01920310221612453
0.04300088062882424
-0.03220643475651741
0.06512787938117981
-0.03270617499947548
-0.004687156993895769
0.06785449385643005
0.015243098139762878
-0.0042083971202373505
-0.04175015911459922
0.026280336081981655
-0.005474669393151999
-0.016715623438358307
0.031463623046875
0.058363068848848336
0.039014343172311776
-0.03241539001464844
-0.01686743274331093
-0.02390660159289837
0.038005441427230835
-0.03818373009562492
-0.048734672367572784
0.02364220283925533
0.04238858073949814
0.03040153533220291
-0.019535176455974575
0.036672089248895645
-0.011763092130422592
0.06823764741420746
0.01078679971396923
-0.059891797602176666
-0.07244078814983368
0.018070969730615612
-0.04070859029889106
0.021271411329507828
0.10051734745502472
0.02733654156327248
-0.029628004878759384
0.0540805533528328
-0.10138067603111268
0.013396251946687698
-0.049567539244890206
-0.11159342527389526
-0.0205250047147274
-0.02308339625597
0.02489851415157318
-0.082388237118721
-0.022361908107995983
0.0679398700594902
0.07750871777534483
-0.02871133759617805
-0.011803150177001951
0.05306029692292213
-0.05574646964669228
-0.006086821202188729
0.009916024282574654
-0.008509688079357147
0.04464012384414673
-0.07533257454633711
-0.005401053000241518
0.06677041202783585
0.021018076688051224
0.08643398433923721
-0.024745197966694832
-0.10960447788238524
0.07676767557859421
-0.05241608992218971
-0.06755617260932921
-0.06023678556084633
0.0651000514626503
-0.03607315942645073
0.0633520558476448
-0.08487780392169952
-0.03049231320619583
0.015870552510023117
0.12143972516059875
-0.045016314834356315
-0.0009333338821306824
0.08309102803468704
0.03965494781732559
-0.011339468881487846
0.010501874610781668
0.03807920962572098
-0.0026265024207532406
-0.045385267585515976
0.04502357169985771
0.022842800244688988
0.06856798380613327
0.005815145559608936
-0.04248907417058945
0.03957625851035118
0.07372778654098511
-0.009837089106440544
-0.06396790593862534
0.1795300394296646
0.01927380263805389
-0.019920010119676586
-0.042944159358739846
0.009076756425201891
-0.013886216096580029
0.05841944739222527
-0.08465266227722168
0.09596861898899078
0.016719158738851547
-0.05896589532494545
0.08390084654092787
0.06040879338979721
0.037223666906356805
0.09174629300832748
0.0458805225789547
0.04655047133564949
0.11240993440151215
0.057676900178194046
0.012641964480280876
0.11868023872375488
0.04025902226567268
-0.04683199897408485
-0.017075153067708015
0.045221235603094094
0.042319826781749725
-0.03951180353760719
0.01351432129740715
0.048603035509586334
-0.05965838208794594
0.003193747717887163
-0.0678311437368393
0.008826132863759993
-0.025966323912143707
-0.0502554327249527
0.006843282375484705
-0.01594269834458828
0.09150980412960051
0.04352833703160285
-0.019386533647775647
0.020604196935892105
-0.010341285727918148
-0.025083817541599277
-0.09690084308385849
0.013113681226968764
-0.04427243396639824
0.06156890094280242
0.03975354880094528
0.018939139321446415
0.06625709682703018
-0.025912042707204815
-0.029875395819544792
0.1299169808626175
-0.0034152003936469555
-0.07106108218431473
0.09948068857192992
-0.07049520313739777
-0.05517583712935448
0.05988891050219536
-0.0012093089753761888
-0.1136203408241272
-0.04483852162957192
-0.029159536585211757
0.01168590784072876
0.04642863944172859
-0.05939979106187821
0.015621133148670197
0.07908736169338225
-0.043378543108701706
-0.03759526088833809
-0.01916598156094551
0.011941812932491302
0.03078804537653923
-0.03138945251703262
0.027510400861501694
-0.05462292954325676
0.07527939230203629
-0.04908882826566696
0.022186528891325
-0.020758217200636864
0.010040337219834328
-0.04090061038732529
-0.013002000749111176
-0.016516823321580887
0.05870937183499336
0.13725899159908295
0.018035247921943665
-0.02126490324735641
-0.05776634439826012
-0.04183447733521461
-0.041056204587221146
-0.0637851431965828
-0.03153365105390549
0.06092064082622528
0.04283558577299119
0.012678751721978188
-0.01131812110543251
-0.09313602000474928
-0.0004470787243917584
0.013450652360916136
0.06261643022298813
-0.0951683670282364
0.07659769058227539
0.03102527745068073
-0.007572022732347251
-0.036374744027853005
-0.0234356876462698
-0.022653166204690933
0.05346312001347542
0.01659521460533142
-0.00478889001533389
0.0006463894387707113
0.0351509191095829
0.0765688493847847
-0.0604715459048748
-0.13066908717155457
-0.03585609421133995
-0.009277263656258585
-0.06403668969869614
-0.0382620207965374
-0.04515986517071724
-0.035978659987449646
0.06404367089271545
-0.02262936159968376
-0.05689923837780952
0.0511116050183773
0.015670377761125565
-0.01699485443532467
-0.09010640531778336
-0.03983376547694206
-0.001810677000321448
-0.08256462216377257
-0.02314942330121994
-0.045718006789684296
0.08522242307662964
0.02481633424758911
-0.051269754767417915
0.0003377575194463134
-0.06125510856509209
0.05475912615656853
-0.010500231757760048
-0.050529055297374725
0.1130005344748497
-0.11452990770339964
-0.12046122550964355
-0.033546727150678635
-0.009332508780062199
-0.015078283846378326
-0.06839947402477264
-0.03080526366829872
-0.04233824089169502
-0.02504414319992065
-0.08267319202423094
0.044677264988422394
0.13247977197170255
-0.09332831203937529
-0.03973199054598808
0.12155766785144805
0.042692217975854874
-0.07997459918260574
0.049042373895645135
0.028314920142292976
-0.10198905318975449
-0.06799609959125519
0.0021937047131359577
-0.06029404327273369
0.020527433604002
-0.028865838423371315
-0.11918365955352785
0.007034373003989457
-0.07023246586322784
0.011073330417275429
0.024763774126768112
0.004701726604253054
0.06622046232223511
0.020241536200046536
-0.008023824542760849
0.017721539363265038
0.06428452581167221
0.07507058233022691
0.02875092066824436
-0.06318600475788116
0.07776550948619841
0.08724285662174223
0.0078001306392252445
-0.09589064121246337
-3.870227374136448e-06
0.04642527177929878
-0.048898469656705856
-0.0062859239988029
0.05030196160078049
0.004501678515225649
-0.053503986448049545
0.017314288765192032
-0.02559315040707588
-0.05327671021223068
-0.01060379296541214
-0.027944715693593025
-0.06420531868934631
0.02580193057656288
-0.006950644310563803
0.03047863021492958
0.07993239909410477
0.059829019010066986
0.1189318597316742
-0.020726174116134644
0.02202782779932022
-0.040862787514925
0.03783778846263885
-0.12265653163194656
0.004287476185709238
-0.017753686755895615
0.03679020330309868
-0.13101027905941007
0.08980555832386015
0.022782418876886368
-0.06900569796562195
-0.05780452862381935
-0.013899983838200567
-0.06966675817966461
-0.11175288259983061
0.12671272456645963
0.022441722452640533
-0.06465274840593338
-0.08082692325115204
-0.01683182083070278
0.05968743562698364
-0.013722073286771774
0.0503009669482708
0.03509041294455528
-0.08403950184583664
0.11501285433769226
-0.06508228182792664
-0.005134237464517354
0.042442332953214645
-0.10508566349744795
0.02635814249515533
-0.01135016232728958
0.08538568019866942
0.042390219867229455
-0.06380809843540192
-0.05677052959799767
-0.02874500304460525
-0.03229367360472679
-0.039787862449884415
0.012621043249964714
-0.06855452060699463
-0.032226305454969406
-0.02642962895333767
-0.10746525228023528
-0.032597847282886505
0.043706271797418594
-0.023548226803541183
-0.05819239839911461
0.03134061023592949
0.005794648081064224
0.016771502792835236
-0.02994862198829651
0.09253695607185364
0.004644828382879496
0.000635229400359094
-0.0658765360713005
-0.054385919123888016
0.04453065991401672
0.02376471273601055
-0.04686140641570091
-0.053356774151325226
0.009017171338200567
-0.09426484256982803
-0.03601495549082756
0.11509568989276885
0.012321104295551775
-0.10825581103563307
-0.054838575422763824
-0.11750164628028868
-0.09994885325431824
0.002722692210227251
0.034012455493211746
-0.0020625186152756214
-0.11411034315824509
-0.035826779901981354
-0.08740254491567612
0.040396396070718765
0.032367002218961716
-0.09835840016603468
-0.0002700720215216279
0.06363990157842636
-0.011802592314779758
-0.009574891068041325
-0.08548750728368758
0.014853432774543762
0.024302516132593155
-0.05932043492794037
-0.03172377869486809
-0.07302889227867126
0.02946525067090988
-0.06002841517329216
0.022909127175807953
0.0238366462290287
0.08111062645912169
0.011278382502496243
0.010089579038321972
-0.01909665390849113
0.0550045557320118
-0.05368141829967498
0.04706763103604317
0.05378328263759613
-0.013169363141059875
-0.0167706198990345
0.02372492291033268
0.06845963001251221
-0.11144745349884032
-0.03352145478129387
-0.020878365263342857
0.04379205033183098
0.06932823359966278
-0.05351477116346359
-0.08733232319355011
0.055656865239143365
-0.11860466003417967
0.036107443273067474
-0.06890390813350677
0.07878053188323975
0.08333300799131393
-0.08302428573369981
-0.05679186061024666
-0.12737947702407837
0.07414674758911133
0.0746287703514099
0.04856037348508834
-0.10421160608530045
0.004963982384651899
0.0421014167368412
-0.0568288154900074
0.016462691128253937
-0.06866402179002762
0.017935987561941147
0.03902579098939896
-0.01814265362918377
-0.12171800434589385
-0.010863968171179295
-0.06508079171180725
-0.04354626312851906
-0.02417793497443199
0.0032752552069723606
-0.01220902893692255
0.037873361259698875
0.10910619050264359
-0.07006104290485382
0.09352654218673706
-0.10735957324504852
0.059182554483413696
0.06754547357559204
-0.07831555604934691
-0.021727917715907097
0.007149997632950544
0.0589786134660244
-0.0654900074005127
-0.04542927443981171
0.09126564860343933
0.0037885461933910847
0.1336594671010971
-0.015169110149145126
0.08343707770109177
0.03328367695212364
0.0016438396414741872
-0.03606889396905899
-0.02614470943808556
0.0009150583064183592
-0.019375674426555637
-0.005757120903581381
-0.05290346220135689
0.03652088716626167
-0.014800764620304108
-0.09650023281574248
0.06944239884614944
-0.10893045365810394
0.00897906720638275
-0.04755131527781487
0.0779711976647377
0.004438560921698809
-0.11177381873130798
-0.011180554516613483
0.10905038565397263
-0.03673123568296432
-0.07467151433229446
0.054146628826856606
0.006737790536135435
-0.10601718723773956
-0.056463006883859634
-0.05246732011437416
-0.09545576572418212
-0.03222322091460228
-0.04088867828249931
0.034549303352832794
0.014507640153169632
-0.06839776784181595
-0.07534896582365037
-0.049766942858695984
0.06299126893281937
-0.08710494637489319
0.021420463919639587
0.055159080773592
-0.023767113685607914
0.007356474641710518
-0.058834921568632126
-0.062428209930658334
0.05578317493200302
0.07878710329532622
0.033466603606939316
-0.09804070740938185
0.08818662166595459
0.031475979834795
-0.03416675701737404
0.013966602273285387
-0.0020110118202865124
-0.07551378756761552
-0.03204705193638801
-0.06204218044877052
-0.011142553761601448
0.02369375340640545
0.04227211326360703
-0.12417913973331451
-0.10434656590223312
-0.08149734884500502
-0.0339583195745945
0.004017279949039221
0.08134186267852782
-0.03663355484604836
0.041601087898015976
-0.021126899868249893
-0.04851840063929558
-0.002728105988353491
0.11367467790842056
-0.09528912603855133
-0.029188167303800583
0.1013168841600418
-0.09204553067684172
-0.03893400356173515
-0.028230508789420128
-0.10557790100574492
-0.03551585227251053
0.0214811097830534
-0.10196171700954436
0.0722357928752899
-0.019111121073365208
-0.08339811116456985
-0.005685710813850164
0.029240395873785015
0.08013904094696046
0.020089849829673767
0.06012600660324097
0.020484846085309982
-0.07552582025527954
-0.029621656984090805
-0.029398448765277863
-0.13077406585216522
-0.09184116870164873
0.02042311057448387
0.02738375961780548
-0.020410500466823574
0.020879026502370834
0.027243629097938538
-0.10896430909633636
-0.033471036702394485
0.07973610609769821
0.03098078817129135
-0.03386693075299263
0.03741032630205154
0.10486800968647005
-0.048581574112176895
-0.007885019294917582
0.031424496322870255
-0.023420773446559903
-0.016183549538254734
-0.07402944564819336
-0.030257195234298703
-0.0313635878264904
-0.009271729737520218
-0.0033372021280229087
-0.0367610901594162
-0.016997532919049263
-0.009226664900779724
0.03883363306522369
0.00745391333475709
0.003123864997178316
-0.05265535414218903
-0.07009515911340714
0.014657090418040752
-0.03938022628426552
-0.01613636501133442
0.015468966215848923
-0.00197863345965743
0.012016380205750464
-0.027994653210043907
0.07300438731908798
-0.11737877130508421
-0.004816852975636721
-0.09948411583900452
0.03324253112077713
-0.053415898233652115
-0.0959174633026123
-0.08046498894691467
0.05036140605807304
-0.055956754833459854
0.03926016017794609
-0.06478503346443176
-0.026945048943161964
0.13074876368045807
0.03302092105150223
0.03036537393927574
-2.9243179596960545e-05
0.017396848648786545
0.02946612425148487
0.03469191491603851
-0.06789474189281464
-0.11365999281406403
0.014072773978114128
-0.04998958483338356
0.0538349524140358
-0.09277382493019104
-0.02058759704232216
0.10987983644008636
0.02559199184179306
-0.07019858062267303
-0.1160796284675598
-0.04085351154208183
-0.046532183885574334
-0.10618185997009276
0.014052797108888626
0.014640752226114271
-0.027370978146791455
0.012580282986164091
-0.027901317924261093
0.03781988471746445
0.025562256574630737
-0.01940332166850567
-0.023402852937579155
-0.026048077270388603
-0.004040523897856474
-0.015491249039769173
0.02101023308932781
0.026751931756734848
-0.004400456789880991
-0.0589284785091877
-0.014600252732634544
-0.05008403584361076
0.02057083323597908
0.046236597001552575
0.005478391889482737
0.0006316950311884284
-0.005134995561093092
0.05162978917360306
-0.0651460662484169
-0.036709725856781006
-0.049040984362363815
-0.12103742361068724
-0.009087684564292433
-0.08204228430986403
-0.04835650324821472
-0.05307380110025406
-0.025818318128585812
-0.03060315176844597
-0.03403398022055626
0.018771225586533543
-0.0611305832862854
0.07498234510421753
-0.07457330822944641
-0.06608580797910689
0.08681195974349974
0.049596372991800315
0.014630477875471117
-0.004236528184264897
-0.04846802353858948
0.015399692580103874
0.021104473620653152
0.04231521114706993
-0.03859869763255119
0.015476523898541927
0.06623794883489609
8.771836291998623e-05
0.0009743127739056944
-0.0570751167833805
-0.05966753140091896
0.004556628409773111
-0.094954714179039
-0.030256763100624084
-0.059334151446819305
-0.03129717707633972
-0.03334959223866463
0.035790812224149704
0.06248833239078522
-0.0621412880718708
-0.10630120337009429
-0.04102342575788498
-0.10555115342140196
-0.03136551007628441
-0.028676338493824005
-0.062014464288949966
-0.04362047463655472
0.03834746778011321
0.05160025879740715
0.01625177264213562
0.08773450553417206
-0.019044678658246997
0.024494512006640438
0.08683330565690994
0.010961096733808516
0.012966878712177277
0.055144038051366806
0.035912960767745965
-0.02429509349167347
-0.00531694432720542
0.11549220979213715
0.008806748315691948
-0.11428569257259368
0.00506787421181798
-0.0319201685488224
-0.09903950989246368
-0.08230401575565338
-0.034484636038541794
-0.12434421479701996
0.10270848870277403
-0.0475335456430912
-0.04100773110985756
0.015148725360631943
-0.040433045476675034
0.014708400703966616
0.05514584854245186
-0.030910059809684757
-0.04621966928243637
0.009033779613673689
-0.008638346567749977
6.345694418996572e-05
-0.06436063349246979
-0.10544674843549728
0.015570355579257011
0.03863225877285004
-0.06613653898239136
0.12735314667224884
0.04347996041178703
-0.01351279765367508
-0.0006164411315694451
0.025266854092478752
-0.12219750136137009
-0.0421486496925354
0.03320322558283806
-0.01580427959561348
-0.11883145570755003
0.06476584076881409
0.031761933118104935
-0.05317926034331322
0.01382325030863285
0.010056015104055405
-0.07691441476345062
-0.034832585602998734
0.022963237017393112
-0.08289217948913574
0.059244904667139046
0.007367235142737627
-0.07184401154518127
0.08145706355571747
-0.035392943769693375
-0.07586567103862761
-0.06493927538394928
0.035869523882865906
-0.05253957957029343
-0.028058942407369614
-0.05078275129199028
-0.012771189212799072
-0.016949819400906563
0.03923275321722031
0.032758668065071106
-0.015085894614458084
-0.104015052318573
0.013108856976032255
-0.04112733900547028
-0.02872489392757416
0.05240685492753983
-0.08069206774234772
-0.11728490144014359
-0.0531231127679348
-0.052552733570337296
0.0131029412150383
0.029961012303829197
0.042450223118066795
0.04167938604950905
-0.0351400263607502
0.030088296160101887
-0.05955086648464202
0.06272032856941223
0.1013774275779724
-0.030495230108499527
-0.052345551550388336
-0.007627131883054971
-0.10766874253749847
-0.06814613938331604
-0.00510726822540164
0.03383767232298851
0.02868105098605156
0.03289349004626274
0.004524134565144776
-0.08233833312988281
-0.07079606503248215
0.021003996953368183
-0.04549236968159676
0.014960191212594507
-0.03367697447538376
0.08924125134944916
-0.06636807322502136
0.0005982698639854789
0.047331184148788445
0.04360506311058998
-0.09611688554286957
-0.07762788981199265
0.0772278755903244
-0.09223390370607376
-0.02831288240849972
-0.019417230039834976
0.11698295176029204
0.0552247017621994
0.03622746840119362
0.03809899836778641
-0.1241597831249237
-0.06264001876115799
-0.024242062121629715
0.002315856982022524
0.02693568728864193
-0.05673493072390556
-0.11024345457553864
0.0033892341889441013
0.005389282945543528
-0.08036684989929198
-0.0016754750395193696
0.008953776210546494
0.048523854464292526
0.02623763866722584
-0.011241826228797436
-0.03424453362822533
0.03555542603135109
0.11847540736198424
0.04146632552146912
0.00535442354157567
-0.08620893955230714
0.08523947000503539
-0.09120073914527892
0.03116561472415924
-0.030202817171812057
0.01479262299835682
0.11112789809703826
-0.07731859385967255
-0.0053158444352447995
0.004171405453234911
0.02186783216893673
-0.10458478331565856
0.035222146660089486
0.052470389753580086
0.02990097180008888
0.01753021962940693
0.051710084080696106
-0.1241081804037094
0.011244185268878937
-0.00942322239279747
-0.003227687906473875
0.017497556284070015
-0.01200868096202612
-0.07047586143016815
-0.11882425099611282
-0.08966632187366484
-0.04343735426664352
0.047857578843832016
0.04740838706493378
-0.021416412666440007
-0.04547245055437088
0.0939197689294815
-0.0024178042076528072
-0.02840494737029076
0.04839061573147774
-0.05697698518633842
0.004218545742332935
-0.011579236015677452
0.04117509350180626
-0.030166666954755783
0.10117346793413162
0.06643339991569519
0.08102759718894958
-0.08388590812683105
-0.03127135708928108
0.027548758313059807
-0.001080311951227486
0.049683671444654465
-0.025565560907125476
-0.0032255384139716625
-0.10304499417543413
-0.015601489692926407
-0.05741086974740028
-0.11635852605104446
0.04988699033856392
0.06527510285377502
-0.047676611691713326
-0.009295679628849028
-0.0293942391872406
0.02182217501103878
-0.04014685750007629
0.07970185577869414
-0.031829942017793655
0.03602127730846405
-0.05588552728295326
-0.036830499768257134
-0.021384898573160168
0.01606081612408161
-0.08087539672851561
-0.050267379730939865
0.0007648480823263526
0.07213465869426726
-0.02976879291236401
-0.03475123643875122
-0.03732891380786896
-0.06161421909928322
-0.025075234472751617
-0.005727506708353758
0.05399531498551369
-0.027607176452875137
0.04487241059541702
-0.04831251874566078
-0.0023191082291305065
-0.029086776077747345
-0.00398000655695796
0.030208704993128777
0.02211609110236168
0.00497026601806283
-0.1137566715478897
0.014585012570023537
0.04628597572445869
-0.0562625415623188
-0.02496032975614071
0.07382690906524658
-0.01127880811691284
-0.04691397771239281
-0.035002663731575005
-0.02960633113980293
-0.03319995477795601
-0.03333087265491485
0.04862035438418388
-0.007149181794375181
-0.010224374011158943
-0.006699285935610533
-0.033428870141506195
-0.015140077099204063
0.14588750898838043
-0.03994493559002876
-0.09562695026397704
-0.02717278152704239
-0.005261240992695093
0.01691230572760105
-0.0335024930536747
-0.06042135879397392
0.0815102308988571
-0.053238894790411
0.05829222872853279
-0.09083245694637297
-0.07118716090917587
-0.012884970754384995
0.013295114040374756
0.02413930743932724
0.03286196663975716
-0.018469601869583126
0.1187119111418724
0.1239718347787857
0.04035092517733574
-0.025192543864250183
0.004291218239814043
0.027558714151382446
-0.0655791163444519
0.013214726001024246
-0.042600926011800766
0.04016583412885666
0.04796180129051208
-0.10607578605413436
-0.0766723155975342
-0.05667579546570778
0.028800753876566887
0.034242019057273865
-0.00025932362768799067
-0.04763271659612656
0.19890430569648743
-0.05418706685304642
-0.022537210956215855
-0.043649598956108086
-0.03414585813879967
0.011272802017629147
0.11018183082342148
0.011408165097236632
-0.0076389643363654605
0.012030063197016716
-0.001463517197407782
0.04383757710456848
-0.07441622018814088
-0.044379349797964096
-0.09856082499027251
-0.014481052756309508
-0.08779329061508177
0.03060825541615486
0.016498299315571785
0.01483222097158432
-0.032729409635066986
-0.0181217547506094
-0.1041952073574066
-0.01596835069358349
0.07778921723365782
-0.08918447792530061
0.10590511560440063
0.0007337591378018259
0.0034168395213782787
0.0032606502063572407
-0.04582039639353752
0.03202205151319504
0.06599875539541245
0.022912070155143734
0.0032169255428016186
-0.11124537885189056
0.024061614647507668
0.09044085443019867
0.0057914131321012965
-0.017140641808509827
-0.02942565642297268
0.03810381516814232
-0.03728611394762993
0.053018998354673386
0.07180425524711609
0.0486329160630703
0.026476940140128132
0.11999062448740004
-0.05500513687729836
-0.061033401638269424
0.12796901166439056
-0.03286238759756088
0.08184190839529037
-0.0016256287926808
0.03705845773220062
0.022575970739126205
-0.03404897451400757
-0.012769553810358047
0.03648168593645096
-0.002117642667144537
-0.053988464176654816
0.025961466133594513
-0.0848478227853775
0.10879607498645782
0.0060823229141533375
-0.12776042520999908
-0.10034386813640594
0.09025295078754424
-0.11261695623397829
-0.03928158059716225
-0.1081959456205368
0.015227194875478745
-0.03041490912437439
0.016620056703686714
-0.0664333701133728
-0.04066717997193336
0.03304656222462654
0.008450765162706375
0.07188096642494202
-0.009840404614806175
0.0024523274041712284
0.08872144669294357
0.004658736754208803
-0.015169547870755196
0.04036835953593254
-0.03614302352070808
-0.05051332339644432
0.007163519505411386
-0.03581937775015831
-0.09428782761096953
-0.05065906420350074
-0.0235161017626524
-0.07864714413881302
-0.06207234039902687
-0.077726811170578
-0.0018202249193564055
-0.11005621403455734
0.013475645333528519
0.05220301076769829
0.06632497161626816
0.0699717104434967
-0.09643922746181488
-0.012206171639263628
0.12473079562187193
0.022707821801304817
-0.01655633375048637
0.09663468599319458
0.021919656544923782
-0.08276066184043884
0.009914171881973743
-0.011027276515960692
0.0017282929038628936
-0.10206324607133864
0.06858427822589874
0.07821057736873625
-0.033275604248046875
-0.06642872095108032
0.031195739284157753
0.0339428074657917
0.04586897417902946
0.009606988169252872
-0.05335162580013275
-0.0016935538733378053
0.030561251565814015
0.003791809547692537
-0.05629144608974457
-0.03976287692785263
0.05661775544285774
0.010967301204800604
0.019665485247969627
-0.04163159430027008
0.015996843576431274
0.023445406928658485
0.0038875048048794265
-0.020415799692273136
-0.005461220163851976
-0.04816056787967682
0.10793511569499968
0.014520625583827496
-0.010584419593214989
-0.05709635093808174
0.05129328370094299
-0.10660941898822784
-0.05388059839606285
0.00020507758017629385
0.0014210551744326947
-0.07110033184289932
0.08048669993877411
0.021643849089741703
-0.08062974363565445
0.003309496212750673
-0.03614810109138489
0.05487921461462975
0.04129179939627648
0.005549953784793615
0.029802745208144188
0.025425372645258904
0.05122482031583785
-0.00823310576379299
0.040181614458560944
0.035746973007917404
-0.029971586540341377
-0.04596089944243431
-0.056143913418054574
0.05921844020485877
-0.009304831735789776
-0.07861955463886261
-0.12010198831558228
-0.031529858708381646
-0.06498746573925017
0.0014537427341565488
0.02718348242342472
-0.006501123774796724
0.028232257813215252
-0.04194609448313713
-0.08093634992837907
0.004303403664380312
-0.015277834609150887
0.03357304260134697
-0.0531301349401474
0.013618885539472105
0.008412626571953297
0.015391277149319649
0.11118540167808531
0.0643027275800705
-0.015311226248741148
0.020899394527077675
0.09911105036735535
0.09145267307758333
0.03166675195097923
0.08424668759107588
0.10067549347877502
0.0315491147339344
-0.06726092845201492
-0.10269966721534728
0.015451319515705109
0.03197653964161873
-0.004609932657331228
0.06616541743278503
-0.05070344358682632
0.07265041768550874
-0.05576230213046074
-0.0637650191783905
0.06316276639699936
0.032204851508140564
0.04007525369524956
-0.027180278673768044
-0.11811339855194092
0.04036489501595497
-0.09150330722332
0.005599583964794873
0.02965767309069633
0.05655330047011376
-0.047970909625291824
-0.06661146879196167
0.10687018930912016
0.06753741949796677
0.00848008319735527
-0.03498947620391846
0.03530881181359291
-0.04963486641645432
-0.034661442041397095
-0.09348703920841216
0.12293717265129088
0.1615218073129654
-0.05951483175158501
0.07980489730834961
-0.03555762395262718
-0.07665722817182541
-0.01682714745402336
0.04393689334392548
0.1106000393629074
0.05329762399196625
0.0007768779760226606
-0.05548945441842079
0.03652096912264824
-0.06328951567411423
-0.07549984008073807
-0.02348151616752148
0.00017912813927978277
0.04218535497784615
-0.10288242250680923
0.024619111791253086
0.02313893847167492
-0.041830942034721375
-0.0361313633620739
-0.0145119559019804
-0.0843176320195198
0.12143334746360777
0.05109011009335518
0.035760130733251565
-0.046720024198293686
-0.06744939088821411
-0.07077965885400772
0.053308185189962394
-0.016799524426460266
-0.10010910034179688
-0.0822821706533432
-0.03410397842526436
-0.04135965183377266
0.03630353882908821
0.06808406114578247
0.1370806246995926
0.015268215909600256
-0.06402328610420227
-0.007235694210976361
0.05771496519446373
-0.06920512765645981
0.040314216166734695
-0.0695771872997284
0.0324145071208477
0.03242020308971405
0.09821276366710663
-0.08569012582302092
-0.06694847345352173
-0.0926276445388794
0.07415148615837097
0.04636009782552719
-0.018130989745259285
-0.0829920768737793
-0.03160536661744118
0.04265802726149559
0.1573723405599594
0.042662475258111954
-0.010225262492895126
0.0982649549841881
-0.09782660752534865
0.04833037778735161
-0.08230055123567581
-0.11547568440437316
0.0728621706366539
-0.014940632507205008
-0.06610018759965897
0.05802376195788384
-0.040186438709497445
0.017674004659056664
0.11505477875471117
0.0019491541897878049
0.05111664161086082
0.052066054195165634
0.06620637327432632
0.06491744518280029
-0.07845651358366013
0.011350751854479311
0.009524321183562279
-0.06945022940635681
-0.015235785394906996
-0.0034457514993846416
0.21779637038707733
-0.04514438658952713
0.0004093017196282744
0.013365672901272772
0.04523199424147606
-0.07762797176837921
0.06920360028743744
-0.0370044969022274
0.009738283231854439
-0.0029875007458031178
0.006055125501006842
0.03944259509444237
-0.07661706209182739
-0.09778635948896408
0.010704249143600464
-0.06728224456310272
0.07679107785224913
0.02789302542805672
-0.015286367386579512
0.16172760725021362
-0.06235582008957863
0.06313056498765945
0.07179960608482361
0.013378188014030457
-0.053748253732919686
-0.05353255942463874
-0.1004553735256195
-0.06976933777332306
-0.018649354577064518
-0.02331748604774475
-0.11107288300991058
-0.01276715099811554
-0.05196302756667137
-0.03690746799111366
-0.057173747569322586
0.02304069511592388
-0.005985300522297621
0.028893014416098595
-0.03392230346798897
0.037603531032800674
-0.02656292356550693
-0.10148904472589491
0.07116091251373291
0.0001087089767679572
0.034665439277887344
0.03325486183166504
-0.034005049616098404
-0.025272782891988754
-0.058320652693510056
0.016028013080358505
-0.018904391676187515
-0.1142318770289421
-0.09878063201904298
0.05360770225524902
-0.031287916004657745
-0.025020634755492207
-0.008718453347682953
0.03888461366295815
0.03938999027013779
0.03915538638830185
-0.14012321829795835
-0.029594810679554936
0.012138906866312025
0.01909790933132172
0.048775222152471535
-0.07158440351486206
0.06644175201654434
-0.06481338292360306
0.06938409805297852
0.06620274484157562
-0.025049665942788124
-0.06750266253948212
0.01474487129598856
-0.05097557231783866
-0.049051783978939056
-0.03750910237431526
-0.04693351686000824
0.02194705232977867
0.08222495019435881
-0.10429826378822327
0.06960847228765488
0.07421198487281798
-0.08317890763282774
0.008489038795232771
-0.02191119268536568
-0.0689859464764595
0.1376720815896988
0.07990077137947081
-0.01457912102341652
0.017798926681280136
0.0605703704059124
-0.04935792461037636
-0.0015229579294100404
0.028710905462503437
0.020363813266158104
0.08454463630914688
0.000986233237199485
0.051384326070547104
-0.06007375195622444
-0.049882128834724426
0.002369182649999857
-0.046516887843608856
-0.013466889970004559
0.01734117977321148
0.07708942890167235
-0.0916684865951538
-0.06201046332716942
-0.08152806013822556
-0.07017548382282257
-0.06454689055681229
-0.0016101874643936751
0.018471945077180862
0.039988040924072266
-0.03499234840273857
-0.013020660728216171
-0.060519669204950326
-0.03496427461504936
-0.002543001901358366
0.04924800992012024
0.016683679074048996
-0.10021961480379105
-0.06751962751150131
0.02447936125099659
0.017824357375502586
0.01925083994865417
-0.04559780657291412
0.10455488413572311
0.03409421071410179
-0.08352091908454895
0.053627993911504745
-0.09936253726482391
0.06153992190957069
0.013703107833862305
-0.009619491174817085
-0.03164399787783623
0.0574611984193325
-0.006196341942995787
-0.03349258005619049
-0.062318962067365646
-0.0787208303809166
0.05160258337855339
0.029382571578025814
-0.04079986363649368
-0.020718226209282875
-0.07051452994346619
-0.05422675982117653
0.00261401804164052
0.004568700212985277
0.12143943458795547
0.07624085992574692
-0.13516102731227875
-0.05677498877048493
-0.072271928191185
0.028905779123306274
-0.0032927356660366054
-0.00975350383669138
-0.018888544291257855
0.021969463676214215
0.11525724828243256
-0.04261490702629089
-0.03731876611709595
0.009108406491577624
0.053434163331985474
0.016871502622961995
0.01245017535984516
0.0749742314219475
0.0183422826230526
-0.051514562219381325
0.05790107324719429
-0.08868655562400819
-0.045376475900411606
-0.04760031029582024
-0.022742358967661858
0.001618896028958261
-0.04164963215589523
0.019477045163512226
0.07433685660362244
-0.011808935552835464
0.12115348875522612
-0.024416789412498478
-0.033852469176054
-0.09389628469944
0.01140189915895462
-0.00917712226510048
-0.07232224941253662
0.08324024081230164
0.021697640419006348
-0.06087636947631836
-0.004303401801735163
0.11381390690803528
-0.06293363124132156
-0.09893225133419037
-0.045447789132595055
-0.044840093702077866
0.04868953675031661
-0.02277425490319729
0.13106493651866913
-0.01953015476465225
-0.01465395838022232
-0.10307766497135162
-0.013760636560618876
-0.019510241225361824
-0.010616428218781948
-0.038265842944383614
-0.043552007526159286
-0.011521188542246819
0.017122957855463028
-0.01968076452612877
0.06787831336259842
0.04476095363497734
0.01858178526163101
0.006993420422077178
0.05193497613072395
0.08392956852912903
0.020313763990998268
-0.10311081260442732
-0.002869019750505686
-0.014078913256525992
-0.02190863899886608
-0.11017903685569765
0.01773461326956749
0.0190589502453804
0.07894059270620346
0.02837793715298176
0.06848645210266113
-0.06813810020685196
-0.0016135011101141572
0.04770275577902794
0.02420390211045742
-0.026449054479599
-0.05673055723309517
-0.10869108885526656
0.0046016466803848735
0.06599614024162292
-0.11172220855951308
-0.03952427580952644
0.013496414758265018
0.002371151465922594
-0.07598321884870529
-0.09174333512783049
0.03542744368314743
-0.03930613026022911
-0.10377362370491028
-0.007123216520994902
-0.0480508841574192
-0.0019899248145520687
0.004854038823395968
0.08669741451740266
-0.09689906984567642
-0.03908650204539299
0.04078030213713646
-0.04428311064839363
0.04920222982764244
-0.001966271083801985
0.09305310994386673
-0.06535577774047852
0.07636460661888121
0.07773348689079283
-0.01876439526677132
0.104184590280056
0.08961175382137297
0.0035545439459383488
0.11250720918178558
-0.06660154461860657
0.10663659870624542
-0.013036038726568222
-0.07524725794792174
0.028617316856980324
-0.030483413487672802
-0.09745337814092636
0.02571694925427437
-0.07472497224807739
-0.06067494302988052
-0.11226306855678558
0.0006674308096989989
-0.07583275437355042
-0.053924571722745895
-0.03649584949016571
0.030495544895529747
-0.005324515979737043
-0.08323021233081818
-0.003897593822330237
-0.02889488823711872
-0.08377084136009216
-0.0011221260065212844
-0.03447360172867775
-0.002358911093324423
0.11353757977485655
0.0933530181646347
0.04493455588817597
0.04322237521409989
0.00793861784040928
-0.06877189874649048
0.059205517172813416
-0.1174425333738327
0.042634282261133194
0.11076992750167847
-0.05863520875573158
-0.0704706683754921
0.043510254472494125
0.06590723991394043
0.07655940949916838
0.014754367992281912
0.10179280489683153
-0.12462161481380463
0.06348501145839691
0.08239943534135817
-0.05705584958195686
-0.11088138818740843
0.11379089951515196
0.050956021994352334
0.012918449938297272
-0.08486783504486085
0.014153062365949152
0.0292649008333683
-0.09040394425392151
0.1266377419233322
0.019631586968898773
-0.05960976704955101
0.10151411592960356
-0.0748980939388275
0.05137105658650398
0.0010915197199210525
-0.060131926089525216
-0.05285149812698364
0.03708471730351448
-0.009642988443374632
-0.0253694336861372
-0.0400187149643898
-0.04736294969916344
-0.05552234873175621
0.02418459765613079
0.10335490107536316
-0.027648368850350376
0.031492285430431366
0.016338322311639782
0.07626340538263321
-0.041433859616518014
0.03139558061957359
-0.047281306236982346
-0.015720725059509277
0.029965583235025402
0.05599095299839973
0.028715699911117557
0.015442853793501852
0.02578221261501312
0.023939181119203568
0.05000718310475349
-0.04079166427254677
0.08528049290180206
0.06993146240711212
-0.07861128449440001
-0.10413267463445663
-0.05012791976332664
-0.10985675454139708
0.03544936701655388
-0.12073113024234772
-0.011755021288990974
-0.05179029330611229
0.08668564260005952
0.09287429600954056
0.03839537501335144
-0.02450055070221424
0.04493729397654533
0.004842350725084543
-0.020214512944221497
-0.08318936824798584
-0.0807420089840889
0.06483045220375061
-0.00524157052859664
0.015965892001986504
0.03647728636860848
-0.001735917874611914
0.0002733193105086684
-0.0996762216091156
-0.06975798308849335
0.03342605382204056
-0.028891224414110184
0.06427140533924103
0.034087587147951126
0.017234085127711296
0.047797027975320816
0.06276091933250427
0.03849680721759796
-0.00040496478322893376
-0.02006523497402668
0.015591362491250038
0.1025993674993515
-0.061885904520750046
-0.10769644379615784
-0.0898599922657013
0.03852605819702149
-0.11025743931531906
0.05547403171658516
0.08622837811708449
0.041314825415611274
-0.0034215352497994895
-0.042113929986953735
-0.05317279323935509
0.05378605052828789
-0.08459442853927612
-0.1184820532798767
0.1199956089258194
0.01954652369022369
-0.034795772284269326
-0.06597071141004561
0.07280838489532471
0.00029594486113637686
0.054301880300045006
-0.02408828772604465
-0.07075057923793793
0.01407666690647602
0.05471650883555412
-0.05739428102970123
-0.024724954739212986
-0.08013604581356049
-0.013062043115496635
-0.06429634988307953
-0.0026582288555800915
-0.0019124444806948304
-0.02714359574019909
-0.09392683207988739
-0.09100244939327241
-0.012380380183458328
-0.055015679448843
0.04576490446925163
-0.05375127494335175
0.10255368798971176
0.03466189652681351
0.0008830627193674445
0.026382699608802795
0.02486785128712654
0.04554783180356026
0.02870311588048935
-0.040033731609582894
0.0004125613486394286
0.06524167209863663
0.08332977443933488
0.005877072457224131
-0.09774690866470337
0.05629995092749596
-0.10029751062393188
-0.12746889889240265
0.02634839713573456
-0.006829889956861734
0.0909070149064064
-0.09160728752613069
-0.014852743595838547
0.02481827139854431
-0.011303558945655823
0.05812437832355499
-0.04209158197045326
-0.12594491243362427
-0.07703724503517152
0.0224778912961483
0.00041935255285352474
0.08087527751922606
-0.05024901032447815
-0.07597532123327254
0.06602675467729568
0.024682512506842613
0.1395089477300644
0.09135203063488007
0.02304488979279995
-0.05422798916697502
0.08073715120553969
-0.04878167435526848
0.09049837291240691
-0.0013884293148294091
0.06634894758462906
0.018637202680110928
-0.09153912216424942
-0.08324390649795532
0.016367170959711075
-0.12006115168333052
0.07184014469385147
0.06619793176651001
-0.0766196697950363
-0.05738089606165886
-0.025261811912059784
-0.014293470419943333
-0.02016935497522354
0.0029660980217158794
-0.00930540170520544
0.026257168501615524
-0.020466368645429608
-0.03295509144663811
0.05940359085798264
-0.03207600489258766
-0.017270414158701897
-0.10776981711387634
-0.05930859968066216
-0.06874094903469086
0.019423160701990128
-0.09743937849998474
0.019606944173574448
-0.061897505074739456
-0.1016508862376213
-0.04814633727073669
0.015294168144464493
0.020823126658797264
-0.003992575686424971
-0.028656350448727608
0.05380964279174805
0.01394602097570896
-0.015934137627482414
0.0014114327495917676
-0.034007906913757324
-0.026303328573703762
-0.06596961617469788
0.01606944389641285
0.00464525306597352
0.058895047754049294
0.05750300362706184
0.039706062525510795
0.01982934772968292
-0.1075729727745056
0.0036081350408494473
-0.06835979223251343
-0.11358623951673508
0.11695177853107452
-0.04556414857506752
-0.045747339725494385
0.052873559296131134
-0.04799393936991692
0.0034192856401205063
0.08365719020366669
-0.0167183056473732
-0.04141829535365105
-0.037849679589271545
0.06873630732297897
0.001099693006835878
0.09478009492158888
0.010712303221225739
0.02851034887135029
-0.04996922239661217
-0.01311822421848774
0.028915537521243092
0.04952233284711838
-0.014467455446720123
-0.0555330216884613
-0.08741765469312669
-0.019458865746855732
0.01924389973282814
-0.027520094066858288
0.03710345923900604
-0.09312959015369417
-0.1123846024274826
-0.00952010042965412
-0.074839323759079
-0.049775410443544395
-0.04953213781118393
-0.01589084416627884
-0.09047175198793411
-0.02514680288732052
-0.017348002642393112
-0.09614236652851103
-0.08261428028345107
0.05230176076292992
0.011522223241627216
0.05900162085890769
-0.03546744212508201
-0.06606686115264893
0.13662569224834442
-0.010826552286744116
-0.05585727468132973
-0.07900039851665498
0.005584326107054949
-0.028893638402223587
-0.09720776975154877
-0.1088760495185852
-0.04359393939375877
0.0473116859793663
-0.11267244815826416
-0.016976043581962585
-0.0271564032882452
-0.05240488797426224
-0.03473458439111709
-0.04531821981072426
-0.028129758313298225
0.03581753745675087
-0.03835619240999222
0.04254407435655594
-0.05062786117196083
-0.03504333272576332
-0.09348343312740325
0.11228444427251816
0.01975487917661667
0.0807345062494278
0.0781077891588211
0.014985198155045508
-0.08838364481925964
-0.017978357151150703
-0.06122526898980141
-0.1192835345864296
0.11939503997564316
-0.0552808903157711
-0.027167961001396176
-0.04956981912255287
-0.11059300601482391
-0.07831083238124846
-0.11032931506633759
-0.03826665878295898
0.0016133392928168175
0.04754123091697693
-0.08659978210926056
-0.11981095373630524
0.028417572379112244
0.02521239034831524
0.031228896230459213
-0.05591798946261406
0.00018822157289832833
-0.004664661828428506
-0.006733954418450594
-0.009835402481257917
-0.11791951209306716
-0.016567688435316082
-0.00037311727646738285
0.006248159799724816
-0.04462936520576477
-0.0675148218870163
-0.11839230358600616
-0.1173022985458374
0.05839794129133224
-0.0272982195019722
-0.0863710045814514
0.03483378514647484
-0.04877815395593643
-0.05347947776317597
0.11819059401750565
0.03673848137259483
0.027704454958438877
-0.026247229427099228
-0.09815887361764909
-0.031046289950609207
0.03425636142492294
-0.06847012788057327
-0.028178151696920395
0.06808767467737198
-0.04224956408143044
-0.07570740580558778
-0.04551355168223381
-0.0353667214512825
-0.06293023377656937
-0.02672133594751358
0.0015301130479201674
-0.041105162352323525
0.03670760989189148
-0.016571668907999992
0.028880637139081955
-0.06928593665361404
-0.05173853412270545
-0.039794985204935074
0.06281642615795135
-0.1156671866774559
0.0038138083182275295
-0.0777318924665451
-0.002742744516581297
0.006188536528497934
0.019078556448221207
-0.035535942763090134
-0.08779539167881013
0.029657498002052307
-0.11600290238857268
-0.04267639294266701
-0.026145728304982185
-0.005940727423876524
0.06889615207910538
-0.09752120822668077
-0.042696338146924966
-0.04935238137841225
0.035525579005479806
-0.06795145571231842
0.0006919227307662368
0.08885717391967773
-0.07538691908121109
-0.05405576527118682
0.03549976646900177
0.02773882448673248
0.03372157737612724
0.0930218994617462
-0.0387224555015564
0.02988021820783615
-0.11804205924272536
0.05636275932192802
-0.03838036209344864
0.11068406701087952
0.04185359925031661
0.015397192910313606
-0.009700746275484562
0.011666608974337576
0.03461230546236038
-0.09009887278079985
0.03734606504440308
0.04268642887473106
-0.01106676273047924
-0.04822376742959023
0.06784147024154663
-0.06725305318832397
0.014096838422119616
0.10260575264692307
-0.014303090050816536
-0.04294584318995476
-0.06076404079794884
0.04841430112719536
-0.04634420201182365
-0.03586186096072197
-0.11697089672088624
0.022811222821474075
0.07522879540920258
-0.07220420241355896
-0.03620708361268044
0.022789154201745983
-0.020511750131845478
-0.03253381326794624
-0.07396125048398972
-0.08546793460845947
0.0012143546482548115
0.008422523736953734
-0.09466035664081571
0.001669269404374063
-0.1214701011776924
-0.04550085961818695
0.07139300554990768
-0.109305739402771
-0.027781523764133453
0.10173515975475313
0.004433390218764544
-0.08708542585372925
0.004192231688648462
0.013574562966823576
-0.03399034962058067
0.07551918178796768
0.03318881615996361
0.044076167047023766
-0.06026953086256981
-0.10951529443264008
0.03825336322188377
-0.08583009243011473
-0.008945247158408165
0.04996861517429352
0.026549521833658215
-0.0707549899816513
-0.0333225391805172
-0.08427615463733673
0.06098085641860962
0.08085717260837555
-0.12457938492298126
-0.10547652840614317
-0.017068522050976753
0.053342822939157486
0.00182435882743448
0.11860185861587524
0.03164481744170189
-0.01366785541176796
-0.003826578613370657
-0.022572986781597137
0.04088596254587173
0.021468371152877808
-0.022223627194762226
-0.07167252153158188
-0.12768898904323575
-0.0992809608578682
-0.01464148610830307
0.05222390964627266
-0.054534368216991425
-0.10079973936080933
-0.10878557711839676
0.01501306425780058
-0.04714372381567955
-0.09286798536777496
0.030838586390018463
0.10016221553087234
0.01600678451359272
-0.05984935536980629
-0.029965935274958607
0.022883888334035877
0.06454584002494812
-0.10948838293552399
0.020663438364863396
-0.08350111544132233
-0.0646914392709732
-0.019841596484184265
-0.024142544716596603
0.07838957756757736
-0.035832758992910385
-0.04355260357260704
0.011471621692180632
0.11839580535888672
0.009737313725054264
-0.050972972065210335
0.07353074848651886
0.07207605242729187
0.012844984419643877
-0.06287218630313873
0.006382400635629892
0.05898119881749153
0.09007541835308075
0.01935580372810364
-0.12212104350328444
0.13137130439281464
-0.051568444818258286
-0.1010487824678421
-0.00015139358583837748
-0.05656336247920989
0.04880893602967262
0.007831764407455921
0.03818301483988762
-0.012782998383045197
0.109771266579628
0.006896803621202707
0.020681263878941532
-0.08703038841485977
0.06071045622229576
-0.016657046973705292
-0.056090064346790314
0.02068953402340412
0.12339943647384644
0.033084478229284286
-0.040098849684000015
0.025909967720508572
0.06254902482032776
-0.03376719728112221
-0.047947973012924194
0.07248264551162718
-0.018751282244920727
-0.08601020276546478
-0.004909695591777563
0.021306438371539116
-0.0458764098584652
0.0056537208147346965
-0.05648194998502731
-0.022517709061503407
-0.02872097119688988
-0.03464679792523384
0.035286739468574524
0.016996409744024277
0.051118042320013046
-0.005993704777210951
-0.010633696801960468
0.12621895968914032
-0.0688614696264267
-0.0019907508976757526
-0.11628741770982742
0.0483873188495636
0.08789072930812836
0.058320317417383194
-0.006461308803409338
-0.013435430824756622
0.03305327892303467
0.07624024152755737
-0.005212887655943632
-0.016616977751255035
0.09349234402179718
-0.10721690952777863
0.029939766973257065
0.0177910216152668
-0.044218052178621285
0.07697094976902008
0.08393610268831253
0.12214833498001099
-0.03941640630364417
0.04906168580055237
0.03845617547631264
0.04435453936457633
0.016835173591971397
-0.040836993604898446
0.04975544288754463
-0.05497884377837181
-0.03015107288956642
0.05466554686427116
-0.09093709290027617
0.002112956251949072
-0.10969922691583632
0.10194671154022215
-0.05296897888183594
-0.03649483248591423
-0.01921885460615158
-0.0026612658984959126
-0.07567891478538513
-0.08537629246711731
-0.05199218913912773
0.043778859078884125
0.008634101599454878
0.03692220896482468
-0.017623543739318848
0.03255784884095192
-0.09134308993816376
0.10690320283174513
-0.05711273476481438
0.06906384229660034
0.05304967239499092
-0.026212466880679127
-0.07525371760129929
-0.11265821009874344
0.11390240490436553
-0.08968078345060349
0.03674378618597984
-0.014409303665161133
-0.05395813286304474
0.018499799072742466
-0.09730090200901031
-0.03471158817410469
-0.03701220080256462
0.018448855727910995
0.005272909998893738
0.09128026664257048
-0.07871028780937193
-0.07911871373653412
-0.022656589746475216
-0.002614294644445181
-0.0130611564964056
0.041801031678915024
-0.0534120611846447
0.008475475013256073
0.0854317843914032
-0.0353652760386467
0.03171638399362564
0.02325660176575184
0.06223526224493981
-0.0912523567676544
0.01643462665379047
-0.05037594959139824
0.060697410255670554
0.06694845110177994
-0.10546094179153442
-0.020440602675080296
0.1023326888680458
0.12612219154834747
-0.021070878952741623
-0.050622932612895966
-0.023354556411504745
0.01670127548277378
0.06691135466098785
-0.05936005711555481
-0.12434719502925871
0.007043006364256144
0.03177342191338539
0.09209907799959183
-0.016262535005807877
0.041177432984113686
-0.014116848818957804
-0.09408719837665555
-0.07756060361862183
0.053674980998039246
0.043118204921483994
0.04309365153312683
0.003321435768157244
-0.09632200002670288
-0.06607754528522491
-0.017600249499082565
-0.04226303473114967
-0.015363205224275587
-0.05635396391153336
0.020855538547039032
-0.006561312358826399
0.043705690652132034
0.02871701866388321
-0.010917067527770996
0.09523259103298189
-0.05072709545493126
0.08178851753473283
-0.07410015165805817
0.029991745948791504
-0.07300719618797302
-0.09551575779914857
-0.02503308840095997
-0.0162143986672163
0.03057790920138359
-0.04372212663292885
-0.07147790491580963
0.07262963801622391
0.15269246697425842
0.04644153639674187
-0.056082814931869514
0.026677802205085754
0.024905534461140633
-0.02640639431774616
0.0398036204278469
0.03931409120559692
-0.024268217384815216
0.012939464300870895
-0.03841044753789902
0.10167945921421052
-0.005267390515655279
0.010512465611100197
-0.025625159963965412
-0.055090215057134635
0.0830957293510437
-0.06847747415304184
0.0765439048409462
-0.044127266854047775
0.1289503127336502
-0.012046942487359045
-0.03398020192980766
-0.011981955729424952
-0.07173687219619751
-0.10847894847393036
-0.04555435851216316
-0.0022649518214166164
-0.07705342769622801
0.0014902189141139388
0.06648100912570953
-0.047135695815086365
0.018874049186706543
0.0587664172053337
0.09998089075088501
-0.009076237678527832
0.015092190355062485
0.04373190551996231
-0.07827833294868469
0.04920021817088127
-0.05632694065570831
0.01610531657934189
0.08231396973133086
0.03647986426949501
0.10370327532291412
0.017049377784132957
-0.013099882751703262
-0.08438878506422041
-0.029524855315685272
0.11603005230426788
-0.06918080151081085
0.055009718984365456
0.017334051430225372
-0.043801527470350266
0.05277597531676293
0.006885823328047991
0.0015945922350510955
-0.07887504249811171
0.0024494989775121208
0.034453775733709335
0.04455890133976936
-0.006952350493520497
-0.08910623192787169
0.03102174215018749
0.016451407223939896
0.0001546296989545226
-0.08814543485641478
-0.03573603555560112
-0.01706109754741192
0.02362630143761635
-0.07179564237594604
-0.0076642478816211215
0.018030662089586254
-0.008965615183115005
-0.026276359334588047
-0.04632018506526947
-0.07697878777980803
-0.0749376192688942
-0.12645860016345975
0.015237435698509216
-0.010567381978034971
0.024797536432743073
-0.11752378940582275
0.05490628629922866
-0.050686538219451904
-0.07861105352640152
-0.013455202803015707
-0.09506689757108688
0.12905769050121307
0.011376146227121351
-0.06024032458662986
0.06745434552431107
0.048866339027881615
-0.054472099989652634
-0.0569613054394722
-0.006341576110571623
0.05893339216709137
-0.028457136824727055
0.05387279018759728
-0.008228405378758907
-0.10029813647270203
0.04553954675793648
0.02004978619515896
0.04625094309449196
0.13003501296043396
-0.03877883404493332
-0.007793321739882231
-0.10155174136161804
-0.05299534276127815
-0.038574479520320885
-0.11884015053510665
-0.04883586242794991
0.05748956277966499
-0.013191189616918564
-0.042299199849367135
-0.06797987222671509
-0.014467915520071983
0.009881677106022833
-0.08417680859565735
0.03668688237667084
0.1315915882587433
0.09087495505809785
-0.05347691848874092
-0.02729788050055504
-0.038911763578653336
0.0049458970315754405
-0.09151156246662141
-0.06613174080848694
-0.026272963732481
0.005209010560065508
-0.03287982568144798
-0.07307095080614091
-0.003550527151674032
-0.007958270609378815
0.05620216205716133
0.0248684324324131
0.04318222776055336
-0.11066781729459763
-0.09264518320560455
-0.056885827332735055
0.05343708023428917
-0.01351403258740902
-0.04629981890320778
-0.01915255561470985
0.09582892060279846
-0.013321357779204844
-0.0297979898750782
-0.07455543428659439
-0.01246222387999296
-0.1199878379702568
0.02044030837714672
0.013016591779887676
0.02943069487810135
-0.011328274384140968
0.06632116436958313
0.08013707399368286
-0.033505067229270935
-0.05491766333580017
0.04776329174637794
-0.05516213178634644
0.08831571042537689
-0.11932647228240965
0.020584009587764737
-0.11272372305393218
0.02505121380090713
-0.030096638947725296
-0.045652054250240326
-0.08195430785417555
0.026943629607558247
0.04207935556769371
0.033880099654197686
0.017772696912288662
-0.07831526547670364
-0.0913969874382019
-0.09277056157588959
-0.036777187138795846
-0.0040375893004238605
0.048707496374845505
0.06125379353761673
0.003842295613139868
-0.07751931250095366
-0.03816671296954154
-0.04812828451395034
0.050261884927749634
0.01459585316479206
0.057123016566038125
-0.1175258457660675
-0.03412303701043129
0.04294345900416374
0.11202834546566008
0.001088420278392732
-0.0015837099635973573
-0.03203711286187172
0.0939762145280838
0.03646568953990936
0.03956195339560509
0.007671596948057413
-0.06476331502199173
-0.11918725073337554
0.08322003483772278
0.06691761314868927
0.07295858860015869
-0.07463615387678145
0.023032216355204586
-0.04654647782444954
0.06678423285484314
0.04468479007482529
-0.10748983919620513
-0.11228018999099731
-0.008552432991564276
0.04724431782960892
0.12661093473434448
0.12198288738727568
-0.037637490779161446
0.021775713190436363
0.049746721982955926
-0.07346405088901518
-0.0961991399526596
-0.04077092558145523
-0.0649435818195343
0.013249876908957958
0.07080370932817459
-0.13039954006671903
0.01223747245967388
0.01796252280473709
0.05000969395041466
0.11461079120635986
-0.014084191992878912
0.0013117253547534347
-0.0963006392121315
-0.03032683208584785
-0.004899998661130667
0.11819294840097427
-0.03533151000738144
0.006946003530174494
0.0639355406165123
-0.05046894401311874
0.04997458681464195
-0.11609357595443724
-0.0663706362247467
-0.06354773044586182
0.008220857009291649
-0.07624575495719908
-0.05098184570670128
-0.04922304302453994
-0.002911743242293596
-0.08809292316436766
-0.056322116404771805
0.048522450029850006
0.0680232048034668
-0.0912146344780922
-0.013566753827035429
-0.06196803227066994
0.02151120826601982
0.0009698563953861593
-0.02633030526340008
0.018503654748201367
0.10991036146879196
0.028725210577249527
0.06170634925365448
-0.03079060837626457
0.0925660729408264
0.06903015822172165
0.051090851426124566
-0.01194840669631958
0.04853890463709831
-0.04433554783463478
-0.06756143271923065
0.056612014770507806
0.08006081730127335
0.0003807916073128581
0.037896182388067245
-0.06409503519535065
0.013331059366464613
-0.09878119826316832
-0.005211272742599249
-0.02003476209938526
-0.004482998047024012
-0.011047210544347765
0.04313412308692932
0.027794910594820976
0.0722338557243347
-0.04014514759182929
0.08902515470981598
-0.01747188530862331
-0.09110371768474579
-0.0033811829052865505
-0.05915174260735512
-0.016397206112742424
-0.04091305658221245
0.021902289241552353
0.040252763777971275
0.03902167454361916
-0.052834562957286835
-0.01110115461051464
-0.055027566850185394
0.004971637390553951
-0.06922918558120728
0.1449645459651947
-0.0634128749370575
0.0080221276730299
0.05055081471800804
-0.07156191766262054
-0.011062411591410635
-0.009081270545721054
-0.04846515506505966
-0.008558003231883049
-0.022831521928310394
0.011071737855672836
-0.06596899032592773
0.029265087097883224
0.056311894208192825
-0.11318661272525787
-0.036819014698266976
-0.02028738707304001
0.04458652436733246
-0.04861462488770485
-0.003205386456102133
0.01900855451822281
-0.09226252883672714
0.01966364309191704
0.00908804964274168
0.09578718245029448
0.0572534017264843
0.03907217085361481
0.04991164058446884
0.0245043970644474
0.07837852835655212
0.011313144117593764
0.0074029932729899875
-0.07520946860313414
-0.039794068783521645
-0.10155701637268066
0.01737077720463276
-0.09347845613956451
0.015296798199415205
-0.009039376862347126
-0.04060238227248192
-0.0694168359041214
0.007700561080127954
-0.09834209084510803
0.004440607968717813
0.030912386253476143
-0.0427648164331913
-0.07629099488258362
0.09975174069404602
0.02367967367172241
-0.09636531025171281
0.10998015850782394
0.04461425915360451
-0.007375439163297415
-0.08277101814746857
0.039096150547266006
-0.04149361327290535
0.03004150092601776
0.006221653427928686
0.016708428040146828
0.07102109491825104
0.009470604360103607
-0.08416507393121718
-0.0651511698961258
0.02512195333838463
0.02921126969158649
-0.01768539473414421
-0.026547288522124287
0.07796325534582138
0.07337071746587753
-0.03336626663804054
0.11327827721834181
-0.048642899841070175
-0.03610658273100853
-0.03805958107113838
-0.08831313997507094
-0.0015036171535030007
-0.07389620691537857
-0.04304158687591553
-0.02266575768589973
0.01218883879482746
0.07487110793590546
0.07159753143787384
0.04181696102023125
0.04725141450762749
0.07967507094144821
0.019724752753973007
0.0452844500541687
-0.026848258450627327
-0.08793696016073227
-0.03179074451327324
0.019844170659780502
-0.07063911855220795
-0.032456230372190475
-0.10120338201522829
0.020338792353868484
-0.06802019476890564
-0.0014113836223259568
0.03221545368432999
0.04445342347025871
0.060233656316995614
-0.019291933625936508
-0.0756521224975586
-0.057933658361434937
0.013849059119820595
-0.03733856603503227
-0.02769295498728752
-0.06818314641714096
0.00971002597361803
-0.05459322780370712
-0.05068881809711456
-0.07889972627162933
-0.05803436413407326
0.031013067811727524
-0.030656728893518448
-0.0010323409223929048
-0.12599968910217285
-0.06610207259654999
-0.11294853687286376
0.07511347532272339
-0.021974936127662655
0.13081960380077362
-0.028378019109368324
-0.11000427603721619
0.005840209778398275
-0.03815905004739761
0.04395135119557381
-0.0213630385696888
-0.07577775418758392
0.019633885473012924
-0.04377913102507591
0.042326077818870544
-0.08899508416652678
0.015542156063020228
0.09368674457073213
-0.026211660355329517
-0.03721465170383453
0.10773181915283205
-0.05723454430699349
0.04628516361117362
0.03852801769971848
-0.0055229258723557
0.003484408836811781
-0.0399220697581768
-0.028916670009493828
0.0418112501502037
0.015873705968260765
0.03442271053791046
0.00817408598959446
-0.02665035612881184
-0.0361175648868084
-0.123385913670063
-0.05714820697903633
0.07620569318532942
0.04530366882681847
0.01934179291129112
0.09932721406221388
0.12036024034023284
-0.011320396326482296
-0.101136177778244
0.008970770984888077
-0.008251847699284554
-0.028471533209085464
-0.01650874689221382
-0.0808081328868866
-0.058321140706539154
0.205549880862236
0.090834379196167
0.06581860780715942
0.011507242918014526
0.028162170201539997
-0.054534465074539185
-0.0473119467496872
0.07730934023857117
-0.027288433164358136
-0.10581675171852112
-0.09405417740345
0.11510641872882844
-0.034508246928453445
0.023811366409063336
-0.012691464275121689
0.1297220140695572
-0.04575927183032036
0.04505939781665801
0.046996790915727615
-0.016040993854403496
0.07005523145198822
-0.029869195073843
0.012994972988963127
-0.013410295359790323
-0.005651680286973715
0.0025165085680782795
0.021531008183956143
0.08427361398935318
-0.0024318727664649487
-0.09902843832969664
-0.06648467481136322
-0.02620927430689335
0.050832886248826974
0.07165464013814926
0.03907635435461997
0.04563402757048607
-0.006984537001699209
-0.014703528955578804
0.013070004992187023
-0.04793456569314002
-0.0485675260424614
-0.004903709050267935
0.0072082546539604655
-0.09486714005470276
-0.028051750734448433
-0.12069965898990632
0.024930292740464207
-0.05260058119893073
-0.02349739335477352
0.01799548603594303
0.015905924141407013
-0.07517758011817932
0.07366858422756195
0.01861593499779701
-0.02147439122200012
-0.018399029970169067
-0.02891973964869976
0.11525027453899384
0.009906531311571598
0.07329994440078734
-0.11062056571245192
0.03725634142756462
0.02374410256743431
0.012005500495433807
0.047068271785974496
-0.04206664487719536
0.011096727102994919
-0.0396859087049961
0.06449989229440689
-0.10562348365783691
0.030501633882522583
-0.00024253095034509897
0.04075809568166733
0.05076676234602928
-0.0103027056902647
-0.09994306415319441
-0.01118226908147335
-0.02512598969042301
0.005239757243543863
-0.04839487746357918
0.06407353281974792
-0.05973711237311363
0.005564498249441384
-0.05440379306674004
0.024417662993073463
-0.06365683674812317
-0.03214825317263603
-0.1092584803700447
-0.025804035365581512
-0.01426437683403492
-0.011522923596203327
-0.005701450165361166
-0.004447947721928358
0.04533170163631439
-0.04838180541992188
-0.017949165776371956
0.042125724256038666
-0.0222159456461668
-0.04468990862369537
0.024362631142139435
-0.09977085143327712
-0.10798493772745132
0.029929284006357193
0.056371595710515976
-0.005336336325854063
-0.12467102706432343
-0.06353786587715149
0.00897408742457628
-0.03558676689863205
0.02435104921460152
-0.01503981463611126
0.014888711273670197
-0.062650665640831
-0.11162427812814713
-0.013116629794239996
-0.04944010451436042
-0.003667523618787527
0.026768116280436516
-0.030423123389482495
0.006610893178731203
-0.00597459776327014
-0.03253307566046715
0.04212888702750205
-0.0630030483007431
-0.05081258341670036
0.05489994958043098
-0.0844586044549942
0.0030221645720303054
-0.011161934584379196
-0.027650771662592888
0.000631131581030786
-0.062187280505895615
-0.00869329087436199
0.0168363805860281
0.05976902320981026
0.13654309511184692
-0.018926382064819332
0.10435324907302856
-0.044710706919431686
0.07106973230838776
-0.03929679840803146
-0.013316942378878592
-0.06447857618331909
-0.020031463354825974
-0.020480599254369732
0.009346626698970793
0.055976569652557366
-0.005187172908335924
-0.08935844898223877
0.04271663352847099
-0.013973726890981196
-0.07654261589050293
-0.03840973973274231
0.019340259954333305
0.011611288413405418
0.031177615746855732
-0.07587006688117982
-0.010118432343006134
-0.05341950431466103
-0.05723409354686737
0.049713362008333206
0.058826543390750885
0.07005232572555542
-0.10581355541944504
0.0339018888771534
0.04847913235425949
0.02966008521616459
0.003929149825125933
0.03678667917847633
0.04759092256426811
0.07559113949537277
0.05165262520313263
-0.12301906943321228
-0.09571105241775511
-0.06264516711235046
-0.05274239555001258
-0.04683005437254906
-0.012260396033525465
0.0008727092063054441
-0.04146892949938774
-0.11915141344070435
-0.10109780728816986
0.04684076085686684
0.019642828032374385
0.1171187236905098
-0.0055859959684312335
0.044382959604263306
-0.11218081414699554
-0.06141139939427376
-0.0005993678933009505
-0.01168813370168209
-0.017523339018225666
-0.004103927407413721
-0.005682398099452257
0.03864840418100357
-0.03716642037034035
0.0312408059835434
-0.06376425176858902
-0.060211647301912315
0.03441734239459038
0.05282504484057426
0.03188740462064743
-0.037058237940073006
-0.076030895113945
0.11932839453220367
-0.013644991442561148
0.016459429636597633
-0.028595931828022003
-0.03713225573301315
-0.059425782412290566
-0.0052660307846963406
-0.007849877700209618
-0.031928058713674545
-0.01126965694129467
-0.026279957965016365
-0.07150209695100784
-0.041014384478330605
-0.025004547089338303
-0.012421324849128723
-0.10714951902627944
0.04936370253562927
-0.14548723399639127
0.009545106440782547
-0.035842593759298325
0.12284918874502182
-0.10339923202991484
-0.05389494076371193
-0.022642832249403
-0.066290482878685
0.01420693565160036
-0.01949676126241684
0.014711210504174232
0.04511872306466103
-0.046235375106334686
-0.09356921911239624
0.05316532775759697
0.017874684184789658
0.010516360402107239
-0.0671248510479927
0.01749386452138424
-0.00819459371268749
-0.09505066275596617
-0.1112361028790474
-0.005045141093432903
-0.07168596237897873
0.016160454601049423
0.0020497222431004047
0.008342465385794638
0.09199762344360352
-0.017921151593327522
-0.01322356518357992
0.06852227449417114
-0.08770261704921721
-0.0507659874856472
-0.043393641710281365
-0.024101965129375454
-0.10854941606521606
-0.05044693872332573
-0.08315398544073103
0.11664986610412596
0.04845555871725082
-0.011902250349521635
-0.09124380350112915
-0.004788387101143599
0.17894817888736725
-0.03910154104232788
-0.01529957726597786
-0.005536004435271025
-0.08609670400619507
0.011725213378667831
0.04701819643378258
-0.07916335016489029
-0.008596409112215042
-0.030831366777420044
0.11691169440746307
-0.069969043135643
-0.08396639674901962
-0.0005603391909971833
-0.007049111183732748
-0.05902371555566788
-0.07149559259414673
-0.04903797432780266
0.05381808429956436
-0.040182914584875114
0.0049937418662011615
-0.043790899217128754
-0.08473208546638487
0.044259119778871536
-0.11420578509569168
-0.0752362608909607
-0.11306019127368928
-0.01278633065521717
0.003445941489189863
-0.04155181348323823
0.028036462143063545
0.09092118591070177
-0.07446570694446564
-0.00945347361266613
0.06660552322864532
-0.05632886290550232
-0.06212333217263222
-0.03173903748393059
0.0884607285261154
-0.044851820915937424
-0.10524859279394148
-0.0026211314834654327
-0.01512235216796398
-0.009959434159100056
0.012181797996163368
0.08244533836841582
0.007542008999735119
0.036704421043396
-0.08335778862237929
0.06385372579097748
0.1280813217163086
-0.08962133526802064
0.08405007421970366
-0.10163782536983489
-0.025541318580508232
0.009624190628528595
0.040486715734004974
-0.07730385661125182
-0.09269838035106659
-0.04950622841715813
-0.07736610621213913
0.051616672426462167
0.02246211841702461
-0.009912841022014618
0.014067225158214567
0.1140436753630638
-0.09024575352668762
-0.09983718395233153
-0.03271571919322014
0.010899812914431097
-0.038217693567276
-0.007956949993968012
0.06148440763354301
0.028667645528912544
-0.022537291049957275
-0.08673554658889769
-0.01565716043114662
0.08730759471654893
-0.015543598681688309
0.09200991690158847
-0.08227790147066115
-0.011324934661388395
-0.02666693180799484
-0.07755813747644424
-0.02293035201728344
-0.08656297624111174
0.0576111376285553
0.0035694581456482406
-0.011261232197284698
-0.005841734819114208
0.0329132042825222
-0.1170026808977127
0.05112521722912788
0.06413647532463074
-0.0873468443751335
0.0194045715034008
0.05098627507686615
-0.08166570961475372
-0.07245375216007233
0.0473259799182415
-0.04365760087966919
0.03069647774100304
-0.040067721158266074
-0.004339528735727072
-0.10111387073993681
-0.09289298206567763
0.08239684998989105
0.01726265624165535
-0.04350151866674423
-0.09439601004123688
-0.014200150966644289
0.11320223659276962
-0.09591615200042723
0.05513892695307732
-0.056729350239038474
-0.07672953605651854
-0.05287931486964226
-0.01621786504983902
-0.07444347441196442
-0.054438222199678414
-0.039149712771177285
-0.10087747126817705
-0.01845480129122734
0.01261993497610092
0.11656983196735382
0.009417615830898287
0.10869012773036955
0.03432271257042885
-0.034085988998413086
0.07734766602516174
-0.043822452425956726
0.03840678557753562
0.08065126836299896
-0.07066769897937775
0.02086269110441208
-0.00552371283993125
-0.02660373225808144
-0.07336459308862686
0.00236010318621993
-0.08192546665668486
0.09769243001937866
-0.04573780298233032
0.01467007491737604
-0.05861972644925117
-0.060156162828207016
-0.024921607226133343
-0.0001257389085367322
-0.006566922646015882
0.03106706775724888
-0.0583730973303318
0.0389324389398098
0.005708111915737391
-0.01856832578778267
0.02777315117418766
0.06069932505488396
-0.019581640139222145
0.06842856854200363
-0.07397566735744476
-0.030687518417835236
0.12452724575996398
0.02839638851583004
-0.09296256303787231
-0.04241830855607986
0.03090331144630909
-0.1016254723072052
0.06671717017889023
-0.10218804329633711
-0.04027112200856209
0.020281746983528137
0.09769711643457411
-0.007997088134288788
-0.06110067293047905
-0.10478520393371582
0.0667123943567276
-0.09834473580121994
0.05470457300543785
-0.11680253595113754
-0.049935832619667046
-0.01380482129752636
-0.03442855551838875
-0.023460637778043743
0.011557957157492636
-0.09689556062221528
0.018018562346696854
0.03373847156763077
0.002806880045682192
-0.007837587036192417
-0.02519729174673557
0.018569080159068108
-0.12389342486858368
0.00185847410466522
-0.017734376713633537
0.017024368047714233
0.15897269546985626
-0.09544020891189577
-0.08719906210899353
0.07058701664209366
-0.021652009338140488
-0.026937989518046376
-0.0944564938545227
0.0771840363740921
-0.034302327781915665
-0.02508608624339104
0.05037940293550491
0.03506101295351982
0.005790399853140116
0.021699249744415283
0.023265251889824867
0.03956028819084168
0.0746137946844101
-0.07210986316204071
-0.11760143935680388
0.0379907451570034
0.049652427434921265
-0.031074985861778256
-0.014986177906394005
0.05690059438347816
0.05090036615729332
0.01697930321097374
0.04416250810027122
0.049100566655397415
-0.09278848767280577
-0.004852829035371542
-0.000802108203060925
-0.07604750245809555
-0.045720946043729775
-0.018533675000071526
-0.02179950289428234
0.02261585742235184
-0.04599476978182793
0.007396942470222711
-0.0015272047603502867
-0.14188893139362335
-0.07859838753938675
-0.031448084861040115
-0.04143818840384483
0.006229551043361425
0.06220468506217002
0.07443943619728088
-0.009953005239367485
-0.022480197250843048
-0.05488891527056695
0.1427730023860931
0.0050202119164168835
-0.07450316846370697
-0.05829035863280296
0.0436021201312542
0.14182591438293457
-0.0627814382314682
-0.0898432284593582
0.09417722374200821
-0.037064023315906525
-0.055024128407239914
0.02791851758956909
0.0237908698618412
0.022533778101205822
-0.02257321588695049
0.018971752375364304
0.037260625511407845
0.028524780645966526
-0.02560935541987419
-0.031771499663591385
-0.004736376460641623
0.05694884806871414
-0.042022287845611565
-0.06857355684041977
-0.02876899763941765
-0.019691202789545056
-0.06400211900472641
-0.0049909125082194805
0.05019183084368706
-0.024603597819805145
-0.018090168014168736
-0.00033113325480371714
0.11094725131988524
0.026690851897001263
0.03697030618786812
-0.007097713183611631
-0.042116787284612656
-0.014817500486969948
0.12936426699161527
0.0015902373706921935
-0.05676737055182457
-0.08643002808094025
-0.013706006109714508
-0.007720417808741331
-0.01901654526591301
-0.05655701085925102
0.04720805585384369
-0.06507169455289841
0.041665006428956985
-0.07270720601081848
-0.024399450048804283
-0.04492809996008873
-0.004300966393202543
0.005185703281313181
0.03619040176272392
-0.04216057434678078
-0.08029504120349885
0.019673045724630356
-0.015005555003881454
-0.010704724118113516
-0.02484247833490372
0.01027550920844078
0.08491823077201843
0.025793755427002903
0.07101175934076309
0.024388728663325306
-0.05417647957801818
-0.0196993425488472
0.02532704547047615
-0.03329754620790481
0.02090197429060936
0.04670054465532303
0.024313291534781453
-0.011464694514870644
-0.04292260110378265
-0.046442881226539605
-0.02521533705294132
-0.1024969294667244
0.008094698190689089
0.09215697646141052
0.025113075971603397
-0.1256031095981598
-0.0001997273648157716
-0.016405953094363213
-0.03897552564740181
-0.08256776630878448
-0.07472208142280577
-0.012732692062854767
-0.12628354132175443
-0.094571515917778
-0.1271807849407196
0.016191933304071426
0.04432215541601181
-0.09262859821319581
0.06724682450294495
0.0679050087928772
0.012238990515470505
-0.08051161468029022
-0.07458639144897461
-0.09223666787147522
0.051762886345386505
-0.11790937185287476
-0.0474005751311779
0.05363665893673897
-0.003439537715166807
0.09993175417184828
0.010372599586844444
-0.007013203110545874
0.006734020542353392
0.06419043242931366
0.0868716388940811
-0.04546816274523735
0.0164396483451128
0.053716961294412606
0.0031220768578350544
-0.04410870745778084
-0.0738992393016815
0.10822100937366484
-0.0728583037853241
0.018546441569924355
-0.04611201584339142
0.008126877248287201
-0.0284749548882246
0.04061856493353844
0.04071615636348724
0.04881267249584197
-0.031751710921525955
0.05297637730836868
0.03040740266442299
0.0016694212099537251
0.022508341819047928
-0.07740008831024171
0.04695728421211243
-0.085451602935791
0.09915432333946227
0.019308248534798626
0.04089945182204247
0.042666271328926086
-0.03495278209447861
-0.027302857488393784
-0.06513616442680359
0.04792408272624016
-0.00587706221267581
0.08207687735557555
-0.01883256807923317
0.04057300090789794
-0.10093367099761962
0.007548014167696237
-0.04935259371995926
0.011253047734498976
-0.01594253070652485
0.07942935079336166
0.04915598407387733
0.03678836300969124
-0.07640942186117171
-0.02087198197841644
-0.05153039842844009
-0.015117712318897247
-0.1143767163157463
0.007711908314377069
-0.08195656538009644
-0.08382217586040495
-0.01648218184709549
0.0012890439247712493
0.014528848230838776
-0.010219480842351912
0.007968278601765633
0.03366297855973244
-0.07900889217853546
0.029287561774253845
-0.01940317451953888
-0.015124741941690443
-0.07235794514417648
-0.0008080663392320275
-0.07522106170654298
0.10414858162403107
-0.03032860532402992
0.07686428725719453
-0.003969208803027868
-0.035351142287254333
0.01221969723701477
0.011668788269162178
-0.10321615636348724
-0.0013923427322879431
0.0070306030102074155
0.052767857909202576
-0.0012671301374211907
-0.014780892059206963
-0.021765507757663727
-0.06969157606363297
0.09977532923221587
0.011794716119766235
-0.05008804425597191
0.06079086661338806
0.07237042486667633
-0.05242709442973137
-0.0521116815507412
-0.022531073540449142
0.0609203316271305
0.02265753038227558
-0.0016083844238892195
-0.0024293321184813976
-0.0770665854215622
0.024383936077356335
0.04026340320706368
0.1282103955745697
0.0250701941549778
0.10580234974622726
-0.02585260942578316
-0.04953717440366745
0.037603821605443954
-0.03034092113375664
0.07347040623426437
0.014192830771207808
-0.07236705720424653
0.04240261018276215
0.027762349694967266
-0.05759086087346077
-0.02762433886528015
0.02177365869283676
-0.031834281980991364
-0.05508772283792496
-0.02656758949160576
0.06220527738332749
0.04805007204413415
-0.031705986708402634
0.01911611296236515
-0.05705970153212547
0.1109846532344818
-0.039945881813764565
-0.08714063465595245
-0.028356265276670452
-0.036031167954206474
0.02057764306664467
0.03719338402152061
-0.0840045064687729
0.03400498256087303
-0.050321858376264565
0.04442114755511284
0.027059782296419144
-0.06634533405303955
-0.04390708729624748
-0.07500240951776505
-0.09100604802370071
-0.09081077575683592
-0.07675982266664505
0.05637436732649803
0.013425283133983612
0.05538902431726456
0.030898313969373703
-0.008046075701713562
-0.11784284561872482
0.04708646982908249
-0.03554670512676239
0.041319794952869415
-0.0134760495275259
-0.09927755594253539
-0.009239157661795616
0.02118758298456669
-0.009039245545864103
0.04370185360312462
-0.046903949230909354
-0.005699943285435438
-0.00735895475372672
0.04891060292720795
-0.04406050965189934
-0.018654054030776024
0.05347771570086479
-0.022268984466791153
0.014193002134561539
0.01872219890356064
-0.06369996070861816
0.048589471727609634
0.028666608035564423
0.02765815705060959
0.1204504519701004
-0.08971597254276276
0.05977508053183556
-0.1066589131951332
0.11491628736257552
0.10927142947912216
-0.057630840688943856
0.00016820558812469244
-0.01118190586566925
0.11384333670139311
0.08529464155435562
-0.007737941574305296
-0.11465512216091156
-0.04696518555283546
0.03721245005726814
-0.06863594800233841
0.05450839921832085
-0.06343650072813034
-0.07112818956375122
-0.11124097555875778
-0.03240518644452095
0.00018260476645082235
0.010349606163799763
0.03813670575618744
-0.02775521390140057
-0.01599554345011711
-0.09038283675909041
0.013127209618687628
-0.016923250630497932
-0.0521661713719368
-0.1089765727519989
0.045533839613199234
0.07239181548357011
0.0032966532744467254
-0.01664735935628414
0.004741617012768984
-0.017231058329343796
0.048479732125997536
-0.049049321562051766
-0.05317347124218941
-0.08533719182014465
-0.0060307267121970645
-0.11319906264543532
-0.020568327978253365
0.03409392014145851
0.04842245951294898
-0.033259037882089615
-0.009947465732693672
-0.02550475299358368
-0.0123263169080019
0.04143841564655304
0.07533568888902664
-0.043659161776304245
-0.09665095806121826
0.007035393733531237
-0.1308954358100891
0.03877050802111626
0.004097997676581144
-0.10622519999742508
-0.023720497265458104
-0.08430089056491853
-0.10640379786491394
-0.014970066025853155
-0.11538975685834885
-0.02531501837074757
-0.07471147179603577
0.05207330361008644
0.002543365117162466
-0.06058284267783165
0.10421456396579742
0.12739787995815277
-0.03815193846821785
-0.046168193221092224
0.03522312268614769
-0.10227105021476744
0.05427163839340209
-0.07390762865543365
0.03520118072628975
-0.012294510379433632
-0.06418706476688385
-0.1231810301542282
-0.01636844128370285
0.07147444784641266
0.03685131669044495
0.04966608807444573
0.009136355482041838
-0.01436031237244606
0.07298947125673294
0.07732502371072769
-0.024517018347978592
0.09585769474506378
0.0005937725072726607
-0.040224414318799966
-0.040692277252674096
0.05805560573935509
0.01265520229935646
0.0416327379643917
-0.0027363696135580535
0.037112008780241006
-0.0495808832347393
0.011772358790040016
-0.020935330539941788
0.007932893931865692
-0.04802446067333221
-0.02154064178466797
0.09965165704488754
-0.06238747760653496
-0.007523635867983103
0.02332441881299019
0.05383240059018135
-0.06442447751760483
-0.02268020063638687
-0.046573538333177567
-0.10970740020275116
-0.007122100796550512
-0.021040908992290497
-0.1221914142370224
-0.04501443728804588
0.003170542884618044
-0.03597070276737213
-0.034602027386426926
-0.12603133916854858
-0.020452553406357765
-0.014801442623138428
-0.008212309330701828
-0.08171574026346207
-0.02357042022049427
0.017218098044395447
-0.04510251805186272
-0.07510611414909361
0.04118837043642998
0.019967937842011448
-0.06127845123410225
-0.002961179707199335
0.0009928758954629302
-0.027578962966799736
-0.06440797448158264
0.055056724697351456
0.032084524631500244
0.09441908448934556
0.0340023897588253
0.04071478173136711
0.03251207247376441
-0.026385586708784103
-0.10336615145206451
-0.03590078279376029
0.07034969329833984
-0.0010864936048164964
-0.07793280482292174
-0.03991544991731644
0.03630659729242325
-0.04663577675819397
0.020866660401225087
-0.10787944495677948
0.07789466530084611
-0.020624335855245594
-0.0008156631374731661
-0.019300382584333416
0.03534534573554993
-0.04890527203679085
-0.029912618920207024
-0.029668223112821576
-0.04886438325047493
0.013621953316032887
-0.025556467473506927
0.06889917701482773
-0.05951386317610741
0.008741077035665512
-0.06913639605045319
0.02849961444735527
0.0795847624540329
0.002557875122874975
0.036344952881336205
0.007575713563710451
-0.01872432045638561
0.14356130361557007
-0.03904394432902336
0.01544346660375595
0.04561201855540276
0.1076672226190567
0.033035341650247574
0.030406963080167767
-0.1173667162656784
-0.006866590585559607
0.057865042239427567
-0.06647083163261414
-0.10366444289684296
-0.0223847609013319
0.05184946581721306
0.017069313675165176
0.010329674929380415
0.02986900508403778
0.021630382165312767
0.02769521810114384
-0.0743245780467987
-0.04074044153094292
0.025741009041666985
-0.060034256428480155
0.037994738668203354
0.0356333926320076
0.11181744188070296
0.07454040646553038
-0.0112592289224267
-0.01837434992194176
-0.08179801702499388
0.02391720563173294
0.022051066160202023
-0.013171845115721224
-0.11229196935892104
-0.004725610371679068
-0.08771145343780516
0.10538136959075928
-0.018400290980935097
0.023970117792487144
0.05557942390441895
-0.07893753051757811
-0.011408066377043724
0.011797772720456123
-0.10851791501045228
0.024057265371084213
0.05510073155164719
0.003860889468342066
-0.03828394412994385
-0.05450839176774025
-0.04024847224354744
-0.004672463517636061
-0.08476156741380692
0.046236127614974976
0.022681489586830136
-0.12101376056671143
-0.03823025897145271
0.04191930964589119
0.04252118989825249
0.16176392138004303
0.0904037058353424
-0.049071233719587326
-0.016229460015892982
-0.08224914968013763
-0.04166053608059883
-0.09345197677612305
0.04454547166824341
0.005347686354070902
-0.03353831544518471
0.06463223695755005
-0.00797769520431757
-0.05022302642464638
-0.10899187624454498
0.018855296075344086
0.036716151982545846
-0.04107305780053139
0.011715061031281948
-0.024984320625662804
0.09090629965066908
0.04845800623297691
-0.05557440593838692
0.0578506775200367
0.058227859437465675
-0.03539807349443436
-0.028923839330673214
-0.02378826215863228
-0.04735170677304268
0.031195292249321938
-0.09002307802438736
-0.07930611073970793
0.06074998900294304
-0.0857764482498169
-0.04775769263505936
0.0379294641315937
0.05723989754915237
-0.05368777737021446
0.04767518863081932
0.03217209875583649
0.03900481015443802
0.11250542849302292
0.023625915870070457
0.05381019786000252
-0.10694538801908492
0.06419552862644196
0.07468146085739134
-0.035253219306468964
-0.08043546974658966
0.06029215082526207
-0.055182307958602905
0.06863214075565338
-0.04723121598362923
-0.05131367594003677
-0.0428905300796032
0.0805731862783432
-0.008024411275982857
-0.010240859352052212
0.036957625299692154
-0.04949703440070152
0.10438518971204756
0.039741180837154395
0.05156349018216133
-0.04346315935254097
0.05268258228898048
-0.04284057021141052
-0.002120144199579954
-0.09027803689241408
-0.015916546806693077
-0.09948432445526124
-0.09035644680261615
0.054801445454359055
0.09994548559188841
-0.09931960701942445
0.0034596831537783146
-0.0018143370980396865
-0.024560142308473587
-0.11162356287240982
-0.07441432774066925
-0.022684175521135327
0.06366100162267685
-0.01732214353978634
-0.017231013625860214
-0.03023802489042282
0.1189662367105484
0.10642604529857635
-0.01002681255340576
-0.06268274784088135
-0.012523309327661993
0.04783928021788597
-0.042297188192605965
-0.011618969030678272
-0.03785170987248421
-0.09959683567285536
0.029524413868784904
0.05232394114136696
-0.09513949602842331
0.052248597145080566
0.02199839800596237
0.13433164358139038
0.10423341393470764
-0.01809718646109104
-0.004298328887671232
-0.04344835504889488
0.08271875977516174
-0.08685846626758574
0.030402576550841328
0.05819184705615044
-0.04120006039738655
-0.10282159596681593
0.007179756183177233
-0.059683483093976974
-0.028747454285621643
-0.10290601849555968
-0.02386635169386864
-0.08806665241718291
0.0418410412967205
-0.0462728627026081
-0.06607212126255035
0.0059632635675370685
-0.1017039269208908
0.006412065122276545
-0.07019169628620148
0.007245120126754045
0.004089633468538523
0.010692110285162924
-0.015344606712460516
0.06199137493968009
0.003428152296692133
0.0452628992497921
-0.0403895266354084
0.02845408208668232
-0.12125767022371292
-0.08061675727367401
-0.05608667433261871
0.005692596081644297
-0.014613036066293716
-0.10511282831430437
0.07348524779081345
0.04816226661205292
-0.0017801147187128663
0.062070444226264954
0.03817169368267059
0.05560199916362762
-0.00378101272508502
0.03884825482964516
-0.047234062105417245
-0.03723374754190445
0.014085957780480385
-0.05733301118016242
-0.05706246197223663
-0.008534241467714308
-0.024248089641332623
0.006306972820311785
-0.03287569433450699
-0.025382453575730324
-0.03973795846104622
0.06533075869083405
-0.062010060995817184
-0.024985650554299355
0.0029047797434031963
-0.08501266688108444
-0.031042125076055527
0.019246909767389297
0.037791412323713296
0.021505404263734818
0.08015917986631393
0.02197673171758652
0.0906737819314003
0.03945734724402428
-0.03368598595261574
0.04818316549062729
0.02276128903031349
0.01674039475619793
0.03997661173343658
-0.01724606193602085
-0.05008234828710556
-0.11499612778425217
0.03491365164518356
0.017403975129127502
0.03351350501179695
0.07075425982475281
0.06607639789581299
0.06869248300790787
-0.06060759723186493
-0.0018217364558950064
0.0023039975203573704
0.04024697467684746
0.0014827701961621642
0.017731621861457825
0.10855110734701157
-0.009989608079195023
0.05883318558335304
-0.024515897035598755
-0.021963022649288177
0.10885334014892578
0.015486451797187328
0.09739451855421066
-0.00048402289394289255
-0.03528820723295212
-0.0509498119354248
-0.01030120626091957
0.006985627580434084
-0.11060859262943268
0.012530427426099775
0.097519651055336
0.013923510909080504
-0.027349550276994705
-0.09889090061187744
0.02226788364350796
0.06251358240842819
0.0042521203868091115
-0.02591187134385109
-0.0327809676527977
-0.039226893335580826
-0.02982962876558304
-0.04949858039617538
0.004133856389671564
-0.0666075199842453
-0.02145766094326973
0.003110012505203485
-0.054022889584302895
-0.0773666203022003
0.022145645692944527
-0.0095959585160017
0.0749540776014328
-0.015027524903416632
0.030477929860353466
-0.0831315815448761
0.06415808945894241
-0.06668942421674728
0.05189723894000053
0.054830651730299
-0.006175858434289694
-0.03179581090807915
-0.06937073171138763
-0.041077468544244766
0.0030500371940433975
0.0481429100036621
-0.03343752399086952
0.07130353152751923
0.07064950466156006
-0.022649180144071576
0.08500019460916518
-0.06490388512611389
0.015104208141565321
0.007192916702479124
-0.0054919193498790255
-0.03237870708107948
0.03139016777276993
-0.06371068954467773
0.02792307734489441
-0.02391351945698261
-0.059725821018218994
0.044336538761854165
0.005534396506845951
-0.003327918704599142
0.011118208989501
-0.09935656189918518
0.06469916552305222
-0.013813588768243788
0.0920550599694252
-0.023869818076491356
0.025850258767604828
-0.01408316008746624
-0.008188311010599136
0.03203238919377327
-0.09779553860425949
-0.037047628313302994
-0.04011902585625648
-0.03473756089806557
-0.05616939812898636
-0.03186768293380737
-0.00941161811351776
-0.07394063472747801
-0.026058901101350784
0.02472574636340141
0.09128904342651369
0.062223952263593674
0.002052478026598692
-0.07346825301647186
0.0101120974868536
0.05569839105010033
-0.01420699432492256
-0.03733166679739952
0.1548752337694168
0.008114837110042572
-0.02752518840134144
0.13321737945079803
-0.03824734315276146
-0.0010772530222311616
0.0026451819576323032
0.043089378625154495
0.008376972749829292
-0.029695786535739895
0.01828399114310741
0.038142118602991104
-0.03344842419028282
0.06232215836644173
-0.030968826264142994
-0.002697160001844168
-0.004497823771089315
-0.056003253906965256
-0.011466242372989655
-0.07614423334598541
-0.03091639652848244
0.10237333923578262
-0.024978887289762497
-0.08313628286123276
-0.0671742707490921
-0.06871240586042404
-0.04440389201045036
0.06217290088534355
-0.06547559797763824
-0.04838500916957855
0.09565457701683043
0.011424857191741467
0.1251753717660904
-0.03668834269046784
-0.008318024687469006
0.020612176507711407
-0.025553107261657715
-0.03161029890179634
-0.10006720572710036
-0.013966273516416548
-0.06806892156600952
-0.07791009545326233
0.08530473709106445
-0.01457454077899456
0.00338567653670907
-0.004452650900930166
-0.02265750616788864
-0.010240779258310795
-0.04354326799511909
0.007428706157952547
-0.09523174166679382
-0.08975085616111755
0.0509464256465435
0.0360066331923008
-0.007720832247287035
-0.0778515487909317
0.06092767044901848
-0.052612785249948495
0.0574924424290657
0.12677527964115143
-0.06172611191868783
-0.02605658397078514
0.059083931148052216
-0.10378418862819672
-0.07401138544082642
-0.0477612018585205
-0.04508770629763603
0.13399070501327515
0.04496503621339797
-0.04555103927850723
-0.01271689496934414
0.0015662297373637557
-0.023927347734570503
-0.10247206687927246
-0.007632273714989422
-0.07184843719005585
-0.12649807333946228
0.014498303644359112
-0.031981565058231354
0.011793859302997587
0.022585876286029812
0.12740109860897064
-0.08412988483905792
-0.026083733886480328
-0.07229948043823242
0.09225685894489288
-0.04613799974322319
0.0018733966862782836
0.083720862865448
0.007553788367658853
0.010536354035139084
-0.11040227115154266
0.03153008222579956
-0.02322936989367008
0.003582790959626436
0.005429011303931475
0.004243097733706236
-0.05927030369639397
0.04052483290433884
-0.10032015293836592
-0.0023227795027196407
-0.01829417049884796
-0.01740861125290394
0.02660354226827621
0.05432610586285591
-0.03496726602315903
-0.06655455380678177
-0.08863775432109831
-0.08669850230216981
-0.08420196920633315
0.14068061113357544
-0.011998017318546772
0.09319159388542177
0.04466991499066353
-0.034958500415086746
0.03137078508734703
-0.07913811504840851
-0.045692965388298035
0.07492350786924362
-0.010960571467876434
-0.05638815462589264
0.08738307654857635
0.022244509309530255
-0.09150341898202896
0.05020039156079292
0.0336800180375576
-0.01716472953557968
0.032048437744379044
-0.06793090701103209
0.07975803315639494
0.05162900686264038
-0.08211928606033325
0.03649095818400383
-0.09185961633920668
0.0025833104737102985
0.054250266402959824
-0.025133900344371796
0.06239941343665122
0.02880094945430756
-0.09501926600933075
-0.07208089530467987
-0.11943896114826202
-0.029509933665394783
-0.03144493326544762
-0.011265803128480911
-0.11645714938640594
0.007963927462697029
0.006379386875778437
0.013372279703617096
-0.10977118462324142
0.005322006996721028
0.06878386437892914
-0.03582005575299263
-0.021523367613554
0.03781551495194435
0.1429617553949356
0.02189222350716591
-0.005651885177940129
0.02709364891052246
-0.02014080435037613
0.044683225452899926
0.05052493512630463
-0.03691193833947182
0.05696897208690643
0.03425218537449837
-0.01564408093690872
-0.07672351598739624
-0.10494549572467804
0.03278283029794693
0.06732256710529327
-0.004241607617586851
0.03758705779910088
0.06940421462059021
0.06317661702632904
0.04267388954758644
-0.018377386033535004
-0.0644339770078659
-0.038570333272218704
0.06646087020635605
0.04863844811916351
-0.08438213169574738
-0.06353309005498886
0.0038518537767231456
-0.041687797755002975
-0.06977799534797668
0.04392392560839653
-0.026210391893982887
-0.1028538793325424
-0.017654258757829666
-0.04825931414961815
-0.05350629612803459
0.01001926138997078
0.08241853863000868
0.11123178899288176
-0.0031720935367047782
0.007656701374799013
0.009561365470290184
-0.030708830803632736
-0.03986942395567893
0.05553973838686943
-0.005815223325043917
-0.022016379982233047
-0.11217816174030304
0.062471970915794366
0.005646341014653444
0.04465006664395332
0.016043733805418015
0.0227009579539299
-0.02291100285947323
-0.03690219670534134
-0.055597104132175446
-0.017045006155967712
-0.056582491844892495
-0.03470072522759437
0.05489807203412056
0.07215110957622528
-0.007118194829672575
0.004646823275834322
0.07710828632116316
0.004293602891266346
0.0858485996723175
0.005044924560934305
-0.07586216926574707
0.07064902037382126
0.04525522142648697
-0.0019635087810456753
0.08329830318689345
0.1685556322336197
-0.03877679631114007
0.011022355407476423
-0.00688784709200263
-0.031201276928186417
0.08638200163841246
0.08203934878110884
0.016541162505745888
0.02464686334133148
-0.08272668719291687
-0.027656871825456616
0.035382334142923355
-0.0697830319404602
0.0492427833378315
0.030670810490846637
-0.006223323754966259
-0.016512442380189896
-0.11718519777059556
0.04317997395992279
-0.07297800481319427
0.06686383485794067
-0.038104988634586334
0.0026252912357449527
-0.05110837891697884
-0.007300108205527067
0.014586868695914744
0.023138333112001416
-0.024443663656711575
0.04680223762989044
0.003193377051502466
0.06846076250076294
-0.015049720183014868
0.06439375877380371
-0.12041963636875153
0.05575261637568474
-0.02988685108721256
0.08684197813272476
0.005580482073128224
0.010693836957216263
-0.01658688858151436
-0.05077515169978142
-0.02073413133621216
0.012027980759739876
-0.0032813241705298424
-0.027875619009137157
0.0607374794781208
-0.05930693075060845
0.030805930495262143
-0.016048705205321312
-0.06486503779888153
-0.0731244832277298
-0.00912262499332428
0.009445847943425177
0.09817154705524445
-0.02591913007199764
0.00595818879082799
-0.1145872324705124
-0.09906366467475891
-0.022952161729335785
0.06871829926967621
-0.002463890239596367
0.04273969307541847
0.012249652296304703
0.032675351947546005
0.0026733838021755214
-0.05506967008113861
-0.01732465624809265
0.08462098240852357
-0.06699420511722565
0.08984772861003876
0.0032264557667076588
-0.01921232044696808
-0.018546070903539658
-0.08681602776050566
0.02938782051205635
0.009585738182067873
0.026636101305484768
-0.058132387697696686
-0.051977790892124176
0.05451767146587372
-0.0772685557603836
-0.033800918608903885
-0.017676685005426407
0.003242593724280596
0.021064644679427143
-0.058677911758422845
-0.04744086042046546
0.056588027626276016
0.0629589706659317
0.03989922255277634
-0.024044325575232502
-0.014800576493144035
-0.04451621323823929
0.054737892001867294
0.08241274207830429
-0.03133952617645264
-0.06513306498527527
-0.06849917769432068
-0.028925351798534397
-0.05212809517979622
-0.12035265564918518
-0.011500224471092224
-0.02756654843688011
0.11482764780521391
-0.004300437401980162
0.04188605397939681
-0.06927378475666046
-0.04356880113482475
-0.0005748994881287217
0.07265207171440125
0.027195267379283905
0.008786113001406193
-0.1045486107468605
-0.01898471638560295
0.02404615841805935
0.04287205263972282
0.06424666941165924
-0.00726243620738387
-0.06005951389670372
-0.05699136480689049
0.06698373705148697
-0.006577510852366686
0.010193880647420883
-0.010426742956042288
-0.07144294679164886
-0.07233062386512755
0.04353165626525879
-0.06316407769918442
0.11462563276290892
0.004230644088238478
0.0577440820634365
0.014778747223317623
-0.004363209009170532
-0.014332355931401253
0.07140976190567017
0.0997144728899002
0.002841152716428041
-0.10707482695579527
-0.039727579802274704
-0.1176133155822754
0.05091900005936623
-0.008674243465065954
-0.0914713442325592
0.03916733339428902
0.023805603384971615
0.033729467540979385
-0.05766562744975089
-0.03946303948760033
0.08874797075986862
-0.02347524091601372
-0.10625115036964417
-0.09292829036712646
0.017588172107934952
-0.06988203525543213
-0.013076135888695717
-0.06094718724489212
0.06954056024551392
0.0018206372624263167
-0.12642808258533475
-5.601870361715555e-05
-0.06844495981931686
0.08024843037128448
-0.017382167279720306
0.06905314326286316
-0.024249425157904625
0.04468703269958496
-0.025232927873730656
0.020465647801756855
-0.11631593108177184
-0.03782505169510841
-0.0218470711261034
0.05143096670508385
0.036125481128692634
-0.016330841928720474
-0.0061066816560924045
-0.08539854735136032
-0.07623881101608275
-0.09065607935190202
-0.025915794074535366
-0.10128739476203918
-0.06846030056476593
0.09847168624401091
-0.005365119781345129
0.028579536825418472
0.04323186352849007
0.1342065930366516
0.041326940059661865
-0.02699463814496994
0.11873182654380798
0.010231038555502892
-0.0010106522822752595
0.01792738400399685
0.043022628873586655
0.03772823140025138
0.06388847529888153
0.02261390909552574
0.10130248963832857
0.06788598001003265
-0.04989979043602944
-0.08115842193365097
-0.09602886438369752
0.0008531048661097885
0.0016020465409383176
-0.0005393397295847535
0.005198643077164888
0.036364108324050896
-0.09258495271205902
-0.006929546128958464
0.05760787054896355
-0.046829942613840096
-0.04311393201351166
-0.02828695997595787
-0.056773263961076736
0.061258040368556976
0.02148646488785744
0.014456890523433684
-0.04061528667807579
-0.10742677748203276
-0.027254659682512283
-0.0029868329875171185
-0.05933689698576927
-0.1151505261659622
0.028968973085284237
0.00038968061562627554
-0.03629625588655472
-0.09752148389816284
-0.0897577777504921
-0.05370701849460602
-0.10101097822189332
0.052281618118286126
-0.06772567331790924
0.020580194890499115
0.0926363244652748
0.02022857591509819
0.035928066819906235
0.013283399865031242
-0.0699731633067131
0.08117222040891646
-0.10637851804494856
-0.08501814305782318
-0.014701658859848976
-0.10201047360897064
0.031255804002285004
0.10788866877555849
-0.03697162121534348
-0.016901902854442596
0.0195479653775692
-0.08941397815942764
-0.004708967637270689
0.09689251333475113
-0.10228017717599867
-0.10865652561187744
0.03760397434234619
0.025718297809362408
-0.08524908870458603
-0.08135272562503815
-0.015341123566031456
0.09285089373588562
-0.03248625621199608
-0.005432096775621176
-0.07141974568367004
-0.01519637182354927
-0.07066408544778824
-0.047365866601467126
0.05459011346101761
0.017173035070300102
-0.048436056822538376
-0.05610007047653198
-0.115399032831192
-0.11288364231586456
0.05954298004508018
0.02498611062765121
0.012244065292179585
-0.011327940970659256
-0.04477040842175484
-0.0655001848936081
-0.03428058698773384
-0.010473527014255524
0.04705069214105606
-0.07293882966041566
-0.059570889919996255
0.006308248732239008
0.05525489524006844
0.032127473503351205
0.07544078677892686
0.019844723865389824
0.02092712745070457
-0.02012007124722004
-0.07330784201622009
-0.00034808053169399494
0.05507155880331993
-0.0331229493021965
-0.10936507582664488
-0.02335044182837009
0.024479828774929047
0.031146511435508728
-0.02597229927778244
-0.1021679788827896
0.05878688022494316
0.058280456811189645
-0.02747965045273304
0.03429051861166954
-0.10278240591287612
-0.04367128759622574
0.029255151748657223
-0.0537550263106823
-0.0511958934366703
0.0968160480260849
-0.011900672689080238
0.1117253229022026
0.021385012194514275
-0.0025516129098832607
-0.010728842578828335
-0.09197771549224851
-0.004021152388304472
0.08994284272193907
-0.06209369376301765
-0.028211234137415882
-0.0004913076991215348
-0.0059082438237965116
-0.11762185394763947
0.0162686537951231
0.04078694805502892
0.08359146118164062
-0.05884400755167008
0.07124986499547958
-0.04918013885617256
-0.10663331300020217
0.09520015120506287
0.02537582255899906
-0.02794692665338516
0.06345248222351074
-0.02713596820831299
-0.0844002068042755
0.012634579092264175
0.03823043033480644
-0.03574307635426521
-0.05229831859469414
0.15564087033271787
-0.10362719744443892
-0.10708098113536833
0.012331075966358185
-0.133289635181427
0.12846194207668304
0.0309967752546072
-0.07237164676189423
0.005273161921650171
0.07446780055761337
0.100735142827034
0.02858436107635498
-0.03392473980784416
-0.11595506221055984
-0.09386502951383591
0.04781190678477287
-0.03126730024814606
-0.03172225132584572
-0.037631124258041375
0.0026057600043714046
-0.01070951484143734
0.04089311137795448
0.029304569587111477
-0.045746538788080215
-0.030596472322940823
-0.10877031087875366
0.02716313675045967
-0.04330573230981826
0.017884643748402596
0.05983337387442589
-0.04717400297522545
0.05082989111542702
-0.05632876604795456
0.1257900893688202
-0.10752224177122116
-0.04605130478739738
0.0627000480890274
-0.02145076915621757
-0.03906573727726936
-0.029312901198863983
0.04606520757079125
0.10331380367279051
0.00419645244255662
0.029694974422454837
0.007745225448161364
-0.03553109988570213
-0.03230676054954529
0.03614339977502823
0.0026023653335869312
-0.010779250413179396
-0.02481899969279766
-0.04255307838320732
0.001017708680592477
-0.04150598123669624
-0.05487755313515663
0.0629260465502739
-0.06091918051242828
0.08837649971246718
0.011434331536293028
0.09157105535268784
-0.09935829788446425
-0.04457751661539078
-0.033160220831632614
-0.03696342185139656
-0.02521446719765663
0.015705959871411324
-0.05954139679670334
0.06216710805892944
0.01953260786831379
-0.04307464882731438
0.026467628777027127
0.018728323280811306
0.00728903478011489
-0.12514515221118927
-0.10498368740081788
0.14935722947120667
0.06166992709040642
-0.0296253003180027
-0.020519493147730827
-0.011279238387942314
0.0167140681296587
-0.06373295187950134
-0.009665140882134436
0.025497261434793472
-0.0407465174794197
-0.04230780154466629
0.07146426290273665
0.010784494690597056
0.08560533821582794
0.029658667743206024
0.0964146926999092
-0.1139986515045166
0.06829667091369629
0.05818587914109231
-0.11740585416555405
0.005940307397395372
-0.0018895595567300916
0.07537354528903961
0.021219903603196144
-0.0505191795527935
0.07598815858364105
0.00196881452575326
-0.01191641204059124
0.015869319438934326
-0.048183705657720566
0.045508477836847305
0.025812985375523567
0.011578775011003016
0.013860531151294708
-0.005028886254876852
-0.07195894420146942
-0.05349664390087128
-0.05041108280420303
-0.06522685289382935
0.06903816759586334
-0.0614270307123661
0.045910831540822976
-0.004945735912770033
-0.09141952544450761
-0.024148721247911453
-0.09113646298646928
-0.0441516786813736
0.12486348301172256
0.029312381520867348
-0.05495982244610786
-0.067873015999794
0.056360911577939994
0.10421971231698988
-0.02657228335738182
-0.04250944033265114
-0.032273925840854645
0.010009980760514736
0.1028711125254631
-0.10283226519823074
-0.05638686567544937
-0.02074949070811272
0.03613932803273201
-0.06848002970218657
-0.02549689821898937
0.018959173932671543
-0.0792279839515686
-0.02594612166285515
0.09692395478487015
-0.005328220780938864
-0.05180587619543076
0.014604941010475159
0.014049365185201168
-0.0321732796728611
0.033610254526138306
0.049283914268016815
0.06511060148477553
-0.0429428331553936
-0.0022204932756721973
0.007351962383836507
0.07630634307861328
0.08662338554859161
-0.04428013786673546
0.0010442262282595038
-0.05563890933990479
0.048286683857440955
-0.017514817416667938
0.05539121106266976
-0.07470980286598204
0.02199367433786392
0.002469307277351618
-0.0017613969976082444
-0.096188485622406
0.04598060995340347
0.021030418574810028
-0.0009855605894699693
0.00386720011010766
0.04393250122666359
0.06052954867482185
-0.03531258925795555
0.01789873093366623
-0.02867285907268524
-0.08823857456445694
0.002600975800305605
0.09150487184524536
0.07788021117448807
0.022510303184390068
-0.08534291386604309
-0.029265528544783592
-0.03277377039194107
-0.027911543846130368
0.023857567459344864
-0.05706954002380371
0.07581552863121031
0.019368838518857956
0.0016942698275670407
0.06706322729587555
0.24162375926971436
-0.020427946001291275
-0.019569337368011475
0.027472812682390213
0.018010364845395088
-0.031227339059114456
0.10826845467090607
-0.06614732742309569
0.08771674335002899
0.0633191168308258
-0.046660855412483215
0.00841156393289566
-0.08948037028312683
0.03236570954322815
-0.02890467271208763
-0.011940238997340202
0.03477288782596588
0.006632810924202204
0.0016315843677148223
-0.001109024160541594
-0.039063114672899246
0.05826111137866974
0.06848587095737457
0.07721300423145294
0.06191479787230492
-0.06049453094601631
0.0031606187112629414
-0.008401522412896156
0.07987985014915465
-0.01666705310344696
0.11806145310401917
0.00562024163082242
0.014850476756691933
0.09885841608047485
0.009081024676561357
-0.048224616795778275
-0.11101013422012328
0.02804096415638924
-0.053273756057024
-0.06541764736175537
0.056167740374803536
-0.012337686493992804
-0.062171492725610726
0.008605439215898514
-0.11791111528873444
-0.01022210158407688
-0.08909300714731216
0.06295132637023926
0.010861527174711227
-0.11708758771419524
0.02455434389412403
-0.08599376678466797
0.025388525798916817
0.034965697675943375
-0.045569930225610726
0.045984901487827294
-0.02034228853881359
0.02589201740920544
-0.044910456985235214
0.003973952028900385
0.0345580168068409
-0.10419219732284545
-0.03588110953569412
-0.0860501080751419
0.13862758874893188
-0.0438760444521904
-0.01391762588173151
-0.06315736472606659
-0.07906246930360794
0.06491823494434357
0.018769245594739917
0.11761771142482756
0.07534757256507874
0.009756667539477347
-0.07703696191310881
-0.12263298034667967
0.017189811915159225
0.06701218336820601
-0.009059300646185875
0.03706687316298485
-0.08594520390033723
0.032194901257753365
-0.1247820109128952
0.0028273393400013447
-0.05342607945203781
-0.072353295981884
-0.0834573656320572
-0.012010622769594193
-0.11517490446567535
-0.029431529343128204
0.05001741647720337
0.008370930328965187
-0.0023117926903069015
-0.02441980130970478
-0.0008682344341650605
0.01160980388522148
0.07615135610103606
0.021505050361156464
0.006142946425825357
0.04497778043150902
-0.0581459179520607
0.031677622348070145
-0.08062627911567688
-0.001330775790847838
0.0029309955425560474
0.02948350645601749
-0.03241483494639397
0.02113126404583454
-0.045521121472120285
0.04969919845461845
0.11758114397525787
-0.11650748550891876
-0.015285462141036987
-0.012340012937784193
-0.04033130034804344
0.0010620619868859649
-0.059239644557237625
0.07464753091335297
-0.015603119507431984
-0.035748451948165894
0.015755431726574894
0.02085990458726883
0.04624036327004433
-0.023817185312509537
-0.10870829969644547
-0.10001516342163085
-0.07925467938184738
0.023544758558273315
0.022561233490705487
-0.041556801646947854
0.040827855467796326
-0.031652092933654785
0.13938654959201813
-0.11913467943668364
0.020142650231719017
0.015518097206950188
0.03014643862843513
0.015090921893715858
0.022815652191638943
-0.007811943534761667
0.03875778615474701
-0.03161781653761864
0.1269470900297165
0.04530133679509162
0.07898315787315369
-0.026076357811689377
-0.06619197875261307
0.13370075821876523
-0.019703930243849754
-0.1181102991104126
0.04887356236577033
-0.04451315477490425
-0.03308522328734398
0.0021312939934432502
-0.008576244115829468
-0.04619309306144714
-0.008971772156655788
-0.025456674396991726
0.07168243825435638
0.04741844907402992
0.015259046107530592
0.029182452708482742
-0.09906225651502608
0.03468504548072815
0.00481410464271903
0.021128345280885696
-0.11973568797111513
-0.02312151715159416
0.06116722896695137
-0.013733649626374245
-0.10947154462337493
-0.02416149713099003
-0.11627128720283508
0.046578537672758095
0.0742713063955307
-0.07581965625286102
-0.027146339416503903
0.06728751212358475
0.00944919977337122
-0.025784431025385857
-0.04831762239336968
0.003815137315541506
-0.08916774392127991
-0.011667529121041296
-0.07898873090744017
-0.018925616517663
-0.025386935099959373
-0.10915575176477432
-0.08138823509216307
-0.07081835716962814
0.039290212094783776
0.027007954195141792
0.04719704762101173
0.04486378282308578
0.04444221779704094
-0.05221564695239067
0.09115369617938995
-0.05519310012459754
-0.07256878912448883
-0.053707253187894814
0.07041941583156586
0.013537454418838024
-0.028028555214405056
0.04661513864994049
-0.0544283464550972
-0.006686393637210131
0.0011350311106070876
0.03317110612988472
-0.008059651590883732
0.007886895909905434
0.016271822154521942
-0.03491874411702156
-0.09462064504623412
0.04882727935910225
-0.10641874372959136
-0.026703527197241783
-0.04300985857844353
-0.03075694665312767
0.000449536251835525
-0.06856879591941833
-0.005456657614558935
-0.11241686344146729
0.08568248897790909
-0.04177282378077507
0.008113211020827293
0.015983927994966507
-0.034625131636857986
-0.07759315520524977
-0.019664309918880463
0.09001083672046661
0.029187578707933422
-0.045802850276231766
0.03424987196922302
-0.1181049719452858
-0.0284474678337574
-0.088253453373909
0.04070737585425377
0.09049896895885469
-0.07297944277524947
0.08570601046085356
0.0423622727394104
-0.08782554417848587
-0.1215883493423462
0.01745188981294632
0.03382539004087448
0.07373142987489699
0.04567861184477806
0.026276461780071255
0.01419474184513092
-0.07240043580532075
-0.003449311014264822
-0.018010424450039864
-0.005270713474601507
0.004427830222994089
-0.09061364829540253
-0.012210331857204436
-0.07140439748764038
-0.04346970096230506
-0.00800059363245964
-0.0797508805990219
-0.09811422228813171
0.020555980503559113
-0.04524850472807884
0.009162405505776404
0.016052542254328728
-0.0036769225262105456
-0.038960427045822144
-0.04311760142445564
-0.03235988691449165
0.018440257757902145
0.1480085849761963
0.06803335249423981
-0.0533435232937336
-0.0925610065460205
-0.08274025470018387
-0.09120039641857149
0.05726923421025276
0.059228286147117615
-0.041327320039272315
0.0007538701174780726
0.04664841666817665
0.056552689522504807
-0.008104503154754639
-0.019853269681334492
0.1563943177461624
-0.054022543132305145
0.06826159358024597
-0.028386866673827168
0.06565144658088684
-0.0748603343963623
-0.03311680629849434
-0.0011964446166530252
-0.0281010027974844
-0.0259773600846529
0.03061039187014103
0.01836591213941574
-0.06257584691047668
0.08820577710866928
0.03906767442822456
-0.03212491795420647
-0.036101333796978
0.02159260585904121
-0.030066598206758496
-0.012378044426441193
-0.03227757290005684
0.12457898259162901
0.011843771673738956
0.016829028725624084
-0.009022532030940058
-0.04077544063329697
0.0403146855533123
0.09058573842048644
-0.05005060881376266
-0.09543290734291075
0.09509000182151793
-0.08080525696277617
0.04709240421652794
-0.08479572832584381
-0.019756071269512177
-0.0046701780520379535
-0.009215813130140305
-0.05585559457540512
-0.004125562962144612
0.02680814079940319
-0.03171053528785705
0.033862125128507614
-0.00017903477419167757
0.06406982243061066
-0.036430131644010544
-0.059508491307497025
-0.03517722710967064
-0.0108517836779356
-0.021548174321651455
-0.0286417119204998
-0.003552838694304228
-0.00238226680085063
0.04826321825385094
-0.02824757806956768
0.025601234287023544
-0.00326937111094594
0.016989830881357193
-0.05284399166703224
0.0241168849170208
-0.0335269570350647
0.006408796180039644
-0.028168158605694767
-0.12071840465068816
0.002021592576056719
0.04917385801672936
-0.037777289748191833
0.0157547015696764
-0.07471244037151337
-0.1022184044122696
-0.06439208984375
-0.039946425706148155
0.004527598153799772
-0.02381020039319992
-0.012506562285125256
0.013509266078472136
-0.03901239857077599
0.0651814341545105
-0.11230720579624176
0.061337441205978394
-0.04613431915640831
0.1108492836356163
-0.05730074271559715
-0.11310219019651412
0.1453942507505417
-0.019983137026429176
0.10767688602209093
-0.060489151626825326
-0.03671029955148697
-0.09123685210943222
0.04944384470582008
-0.08714166283607483
-0.0236686896532774
0.0018990611424669623
-0.11257568746805192
0.014025992713868618
0.025738224387168884
-0.039497103542089455
0.023523004725575447
-0.06572967767715454
-0.04098312184214592
-0.02986682206392288
0.03676647320389748
0.01104128174483776
-0.0010088157141581176
0.004325479734688996
0.030599903315305706
-0.020966678857803345
0.061123427003622055
-0.07168788462877274
-0.024086762219667435
0.0621943436563015
-0.04514816030859947
-0.10239846259355544
-0.008171974681317806
0.09109006822109222
0.09742937982082368
-0.026577377691864967
0.012021992355585098
0.004692270886152984
0.009669880382716656
-0.08016461133956909
-0.012524325400590897
-0.10500622540712357
-0.10205233842134476
-0.08146591484546661
-0.10459505766630171
0.1074518710374832
-0.0035285814665257926
0.012519432231783865
0.04349566996097565
-0.07881021499633789
0.003559819888323545
-0.03429611772298813
-0.046243086457252496
0.03376885876059532
-0.031219366937875748
0.029155705124139782
-0.03132709488272667
-0.07840375602245331
-0.05754710361361504
0.11375516653060912
-0.004053629469126463
0.016140155494213104
0.026211466640233997
-0.10475304722785948
-0.026993516832590103
0.03587029129266739
0.038641955703496926
-0.033141471445560455
0.04445738345384598
0.12212422490119934
-0.02102314680814743
-0.032268647104501724
0.1037951409816742
-0.11397046595811844
-0.03382555767893791
-0.00889497995376587
-0.05525397509336472
0.01778479292988777
0.05636640265583992
0.09635910391807555
0.04009632021188736
-0.07226784527301788
-0.011461783200502396
-0.08694950491189955
-0.08023697137832642
-0.007213167380541563
-0.001549024716950953
-0.09398422390222547
-0.06561457365751265
0.03710496425628662
0.030244849622249603
0.05094193294644356
-0.02198782190680504
0.08289690315723419
-0.02472540736198425
-0.017709020525217056
0.010682176798582075
0.043953776359558105
0.05227521061897278
0.08677006512880325
-0.08499473333358765
-0.006286270450800656
0.11359184980392456
-0.05613188073039055
0.04637127742171288
-0.01899890229105949
-0.0011821422958746552
0.039738338440656655
-0.05999262258410454
-0.007163118105381727
-0.11245042830705641
-0.011294677853584288
-0.027418348938226696
-0.0047676428221166125
-0.08895045518875122
-0.04897530004382133
0.06768901646137238
0.009327180683612823
0.1284297406673431
0.01319671794772148
0.016457505524158474
-0.05785010755062103
-0.09381122142076492
-0.06449635326862335
-0.0819922536611557
0.04278770461678505
-0.02630246430635452
-0.012180658988654612
0.0428282655775547
0.13243423402309415
-0.07366910576820372
0.033437129110097885
-0.06895250082015991
0.0034801852889359
0.051022760570049286
0.01745115965604782
-0.09446193277835845
0.04622895643115044
0.050630249083042145
0.04819582775235176
0.05080429837107658
-0.023672364652156826
-0.054740335792303085
-0.002293629106134176
-0.10771430283784866
0.029907554388046265
0.009959877468645571
-0.053766351193189614
-0.010563837364315987
-0.054322075098752975
-0.10690555721521376
-0.11599603295326232
-0.11694543063640594
-0.11472539603710175
0.013086896389722824
0.07245037704706192
-0.005068592261523008
-0.01201646402478218
-0.05457200482487679
-0.024129485711455345
0.08019538968801497
-0.02869698964059353
-0.008703460916876793
-0.006698524113744496
0.03193063288927078
-0.027449302375316616
0.08828543871641159
0.0017138387775048611
0.007168498355895281
-0.05517062544822693
-0.06724163889884949
0.08046218752861024
-0.02491643838584423
-0.05863378942012786
0.09468065202236176
-0.06611946225166321
-0.03126172348856925
0.01839546486735344
-0.01923016272485256
0.033078212291002274
-0.056364886462688446
0.04139837995171546
-0.003160189371556044
0.04091465473175049
0.0019218683009967208
-0.05064254254102706
0.05106312409043312
-0.08161295205354689
-0.07647594064474106
-0.07576712965965272
-0.06551077961921692
0.011987488716840744
0.0744374692440033
-0.00233260914683342
-0.012135036289691923
0.009220257401466368
0.08433450758457184
0.03928619250655174
0.07249925285577774
0.11127299815416336
0.02108905091881752
-0.03788448870182037
-0.030953239649534225
0.04604838415980339
-0.04510262981057167
-0.018541812896728516
-0.0024505830369889736
-0.024946436285972595
0.004370411392301321
-0.11805424094200134
-0.06997822970151901
0.0022056293673813343
0.03645265474915504
-0.02177499607205391
0.09276607632637025
0.09445106238126753
-0.016986150294542313
-0.13744057714939115
-0.1146216168999672
0.016779247671365734
0.03391513600945473
0.04174739494919777
-0.02223174273967743
0.014244544319808485
-0.011851228773593903
0.004267173353582621
0.03978211060166359
0.08637101948261262
0.035903092473745346
0.05873406305909157
-0.07757049798965454
-0.06531359255313873
0.10351143777370451
-0.04158800467848778
0.04425670206546784
0.07224687933921814
-0.045016605406999595
0.04110255837440491
0.06390365958213806
0.10807371139526369
0.07002231478691101
-0.004580908920615912
0.06536466628313065
0.019608626142144203
0.025007423013448715
-0.011384881101548672
0.04227253422141075
0.020825050771236416
-0.04744741693139076
0.06608220189809799
0.03258589282631874
-0.05109164118766785
0.06940832734107971
0.01808958314359188
0.08504675328731535
0.013514895923435688
-0.0625772625207901
-0.043398667126894
-0.1170283630490303
-0.0947570353746414
-0.030588533729314804
0.0007168337469920516
-0.06536506116390228
0.009340413846075537
-0.0394100695848465
-0.09846062958240509
0.12196723371744156
0.0012591317063197491
-0.027185268700122837
-0.034082844853401184
0.0053111896850168705
0.001920553273521364
-0.04955519363284111
0.0692853257060051
0.08277799189090727
0.015897952020168304
-0.06952668726444244
-0.02623402699828148
0.14179085195064545
-0.09335381537675856
0.002670536050572992
0.00563564384356141
-0.01442468911409378
0.012808097526431084
-0.06990955024957657
-0.052035145461559296
0.02139133960008621
0.00842302106320858
-0.02678951248526573
-0.009907083585858343
0.12319141626358032
0.007253081072121858
-0.026319105178117752
-6.999040488153696e-05
-0.09246253222227097
-0.031758662313222885
-0.03788852319121361
-0.07000886648893356
0.09510649740695952
0.005203932989388704
0.004386455286294222
0.015968365594744682
0.029806738719344136
-0.08281151205301283
0.01166385132819414
0.1700521856546402
0.06549528986215591
0.08310964703559875
0.024312008172273636
0.07825060188770294
0.0159341711550951
0.00629635201767087
-0.03235254064202309
0.05840260908007622
0.019840557128190998
-0.11102353781461716
-0.015988603234291077
-0.0351160503923893
-0.049735698848962784
-0.07288785278797148
0.041464556008577354
0.06062222644686698
0.10834086686372756
-0.06287965178489685
-0.06271961331367493
0.002384623046964407
-0.10360467433929443
-0.04930086806416512
-0.017036132514476776
0.010760245844721794
0.04966068640351296
-0.10568414628505705
0.011195749044418333
-0.07966344058513641
0.011663759127259254
-0.008179489523172377
-0.023937545716762543
-0.05870867893099785
0.04325758665800095
-0.017733437940478325
-0.08425772190093994
-0.06202933564782143
0.07386517524719238
0.1164247915148735
-0.10697175562381744
-0.03265376761555672
0.02752596139907837
-0.006804786156862974
-0.02218711003661156
0.08098655939102173
-0.039946768432855606
0.04704920202493668
-0.005646721925586462
0.03220672905445099
0.014108389616012572
-0.04366796463727951
-0.04905189201235771
-0.12454409897327424
-0.027544640004634857
0.015981808304786682
-0.042517587542533875
-0.01865010522305965
0.024996638298034668
-0.06329619884490967
-0.02931545302271843
0.005445769522339106
0.03856753930449486
-0.10834555327892303
0.004791430663317442
0.04956203699111938
0.13433650135993955
0.1315961480140686
-0.033665407449007034
-0.036165397614240646
9.452400263398883e-05
-0.09198960661888121
-0.029216893017292023
-0.018551575019955635
-0.03706095367670059
0.059011887758970254
-0.039554301649332047
-0.04407637566328049
-0.08609676361083984
-0.09889575839042664
-0.01687254011631012
0.0883607268333435
0.001597274444065988
-0.005933846812695265
0.0051754494197666645
-0.011294875293970108
-0.06720484793186188
-0.03815944120287895
-0.01990125887095928
-0.03654100000858306
-0.02226692624390125
-0.05445513501763344
-0.05723659321665764
0.05466268956661224
-0.048708118498325355
0.03209645301103592
-0.057403478771448135
0.00022773665841668844
0.03838970139622688
0.0027121840976178646
0.08329799026250838
-0.0610666461288929
-0.010762285441160202
0.07931887358427046
0.02346843853592873
-0.041623573750257485
0.1291315108537674
-0.03465920686721802
0.014336587861180304
-0.010623490437865256
0.014666834846138954
0.06275472790002823
0.042291391640901566
-0.03654937446117401
-0.10797561705112456
-0.06278130412101746
-0.009587246924638748
-0.04116402193903923
0.028392229229211807
-0.0577281191945076
-0.051237527281045914
0.01915763132274151
0.06417643278837204
0.01899155788123608
0.005908855702728033
-0.03804181888699532
0.006370146293193102
-0.04319833591580391
-0.08465875685214995
0.13935287296772003
0.013434486463665962
0.05310516059398651
0.02727489732205868
0.035770233720541
0.012405496090650558
-0.06832614541053772
-0.11670482903718948
0.050354160368442535
0.10397284477949142
0.008657857775688171
-0.03765060007572174
-0.06181461736559868
0.00014405732508748767
-0.004064699169248343
-0.0871194452047348
0.05622011795639992
0.05909162759780884
0.003271468449383974
0.05445332080125809
0.03668679296970368
-0.06413082033395767
-0.017017222940921783
0.07294978201389311
-0.008957982063293457
-0.061518896371126175
-0.03552507981657982
0.00026332063134759665
-0.08296556770801544
-0.007899060845375061
-0.022912893444299694
-0.1156277284026146
0.03372051566839218
-0.017220649868249893
-0.092244453728199
0.04252108559012413
0.054783236235380166
-0.045882146805524826
-0.0016295757377520204
-0.013652531430125237
0.01152758114039898
0.07388320565223692
-0.034765277057886124
-0.10047979652881622
0.012728461995720863
0.02912870980799198
-0.08470207452774048
-0.11636100709438324
-0.03874347731471062
0.07677637040615082
-0.002435056958347559
0.1113617867231369
0.08033566921949385
-0.10289728641510008
-0.09989435970783232
-0.02384423278272152
-0.05818815901875496
-0.00726350164040923
0.005654313135892153
0.10354828089475632
0.10648348927497864
0.009803096763789652
-0.1128227487206459
-0.013143961317837238
-0.12833167612552643
-0.09459850192070007
-0.10349074751138689
0.03603478521108627
-0.11102491617202757
0.025763098150491714
0.03027774766087532
0.0693902000784874
0.08106985688209532
-0.001706288778223097
-0.04587160423398018
-0.0979008376598358
0.001134405727498233
0.0042831706814467916
0.03293886408209801
0.03725672513246536
0.03005385026335716
-0.02585689350962639
0.0495285801589489
0.024522118270397183
-0.0353647954761982
-0.015713006258010864
0.003280462231487036
0.027031185105443
0.11229893565177916
-0.07036541402339935
0.03331100568175316
0.043497636914253235
-0.001155743026174605
-0.027540458366274837
-0.03228222206234932
0.05759163945913314
-0.09238270670175552
-0.01741430163383484
-0.025843743234872815
-0.02765982039272785
-0.06716398894786835
0.09077464789152144
-0.003813069779425859
-0.05952103808522224
0.002650121692568064
0.06291992217302321
0.012450295500457287
0.061419516801834106
0.0030110287480056286
0.08884866535663603
0.0053345379419624805
0.047564081847667694
-0.042234361171722405
0.056092940270900726
0.03820837661623954
0.07306820154190062
-0.040921889245510094
-0.06903915852308273
-0.02540476806461811
-0.045136872678995126
0.0009881065925583246
0.030265074223279956
0.02983633242547512
-0.07847678661346436
0.013483643531799316
0.07002705335617065
-0.0560641698539257
-0.039717841893434525
0.051723659038543694
0.004693512339144945
-0.10621277987957
-0.0769312083721161
-0.021716998890042305
0.056405600160360336
-0.012889671139419079
-0.10058176517486572
-0.11339077353477478
0.09288222342729568
0.04950721934437752
-0.07793290913105011
0.0638103112578392
-0.02535984478890896
0.019935790449380875
-0.08097459375858307
0.17028377950191495
-0.05038820579648018
0.04832765832543373
-0.056947171688079834
0.003624869976192713
0.07074930518865585
0.013468410819768904
-0.05890299752354622
-0.0746060460805893
0.05316431447863578
-0.03715677186846733
-0.033019255846738815
0.12469705939292908
-0.1072639673948288
-0.007297735195606947
0.12193924188613892
0.13591063022613523
0.12552674114704132
0.026441194117069244
0.1192130371928215
0.029493827372789383
0.12864507734775543
0.0019140917574986811
-0.012957756407558918
-0.04357508942484856
0.05543777346611023
0.011718913912773132
0.03504897654056549
-0.02606711909174919
0.012218767777085304
0.02372436039149761
-0.05565140396356583
-0.05955597013235092
0.02873481251299381
0.060611650347709656
0.045456405729055405
-0.12318551540374756
-0.05836724862456322
-0.015608223155140877
0.11154986172914504
-0.03212127834558487
0.0215945765376091
0.016409480944275856
-0.04928982630372048
0.04984566569328308
0.1496627181768417
-0.015005610883235931
-0.05769458040595055
0.07364780455827713
-0.07903364300727843
0.1628800481557846
0.049912210553884506
0.04175744578242302
0.09943215548992158
0.004327202681452036
-0.08931823074817657
0.04069691523909569
-0.04390361532568932
-0.0218391977250576
0.03447238728404045
0.03831714019179344
-0.017462406307458878
-0.017241619527339935
-0.041955120861530304
0.10197466611862183
0.013628909364342688
-0.08417396992444992
-0.09952232241630554
-0.028375977650284767
0.10840652883052825
0.01207143533974886
0.07032887637615204
0.0313374362885952
0.020479198545217518
0.03066679462790489
0.003395488951355219
-0.027363814413547516
0.006302514113485813
-0.037620373070240014
0.037481125444173806
-0.08379299938678741
0.05432462692260742
0.020475439727306362
-0.05479026213288307
0.16847984492778778
0.00477393763139844
-0.04310529306530952
0.08461725711822508
-0.05586552247405052
-0.05137548223137856
-0.04655655100941657
0.04756944999098778
0.0638967901468277
0.03175925835967064
0.10440220683813096
0.07320932298898698
0.05067275837063789
0.04480772837996482
-0.03980642184615135
-0.06420974433422089
0.023566562682390213
-0.11234257370233536
0.005542944651097059
-0.04028883576393128
-0.10801510512828826
-0.07089719921350479
-0.05492162331938744
-0.07742829620838165
0.00954999029636383
-0.08007399737834929
-0.0286959744989872
-0.044849697500467293
0.03569332882761955
-0.05350937694311141
-0.009828319773077965
-0.008835049346089363
0.0013724485179409385
-0.013456512242555618
-0.02563049644231796
0.06062478199601173
0.020861754193902012
-0.04552115499973297
0.0102271381765604
-0.05798644199967384
-0.0225407388061285
0.01770089566707611
0.015006588771939276
-0.08380214869976044
0.021333960816264153
-0.07798056304454803
0.018363799899816517
0.05420730262994766
0.002831473480910063
0.03962477669119834
0.04984426870942116
0.005457752849906682
-0.10246811807155608
0.08234870433807373
-0.035856816917657845
-0.05210959538817406
-0.07687671482563017
-0.02392672747373581
-0.07895847409963606
-0.027072997763752937
-0.008611535653471945
0.0002895205980166793
-0.05083627998828888
-0.002777591813355684
0.09369242191314696
-0.04594649374485016
-0.03451746702194214
0.0231698639690876
-0.01715797930955887
-0.043174885213375085
0.05456111952662468
-0.052090391516685486
-0.0848178118467331
0.030539449304342266
0.02195494435727596
-0.008829688653349875
-0.05081906542181969
-0.014298992231488228
-0.0620366670191288
-0.03549551963806152
-0.005872918758541346
-0.012119635939598083
-0.06775975227355957
0.06009477004408836
0.06000833585858345
-0.03121066465973854
-0.019737770780920982
-0.05965173617005348
-0.006720773410052061
0.022220628336071968
0.026180822402238842
-0.0054678781889379025
-0.002328572329133749
0.031143292784690857
-0.10160938650369644
-0.038485847413539886
-0.03939741477370262
-0.05233025178313255
-0.05697071179747581
-0.06611175835132599
0.10399767756462096
0.13137950003147125
0.0721980482339859
0.005411821417510509
0.02328873798251152
-0.08337397873401642
0.02677922509610653
-0.027045186609029766
-0.013316184282302856
-0.1253444254398346
-0.024772770702838898
-0.04522312805056572
0.04097062349319457
-0.06181539222598076
0.027465933933854103
0.01004473865032196
0.11421479284763336
-0.046108134090900414
-0.07286112010478973
-0.022353267297148705
-0.0022168098948895927
-0.0809471309185028
0.03364444524049759
0.08225544542074203
-0.027506738901138306
0.037135664373636246
0.0002896053483709693
0.03917570784687996
-0.019364733248949047
-0.07169154286384583
-0.051544252783060074
-0.07484252750873564
-0.07761645317077635
-0.04055440053343773
0.02321297489106655
-0.011377922259271145
-0.09795589745044707
-0.09576889872550963
0.026595897972583767
-0.10622107982635498
0.05679253116250038
-0.06763400137424469
0.03911212459206581
-0.05031764134764671
-0.033866871148347855
0.03476882725954056
-0.07414363324642181
-0.06837747991085052
-0.04756132885813713
-0.06040613725781441
-0.036073151975870126
-0.07966341078281401
0.01815370842814445
0.023452449589967728
-0.07758404314517975
-0.020799059420824047
-0.0029117646627128124
-0.08134665340185165
-0.010760379955172539
-0.02813455462455749
-0.029344625771045685
0.021344952285289764
-0.12319578975439072
-0.009440426714718338
0.058225572109222405
-0.0991399437189102
0.025866897776722908
0.1406451314687729
0.09518273919820784
0.0035309349186718464
0.019314164295792576
0.10628388822078703
0.09186338633298874
0.037999410182237625
-0.03522050380706787
-0.006566300522536039
0.053957171738147736
0.007292617578059434
-0.08666034042835236
-0.07209683209657669
-0.07585006207227707
-0.02303661778569221
-0.010913331061601639
0.0018527762731537225
0.062114089727401726
-0.017591260373592377
-0.021018559113144875
-0.04683161154389381
-0.07755085080862045
0.10703247040510176
-0.07678262889385222
0.03577224910259247
0.01358114182949066
0.04818280413746834
0.009240638464689255
0.02263576909899712
-0.015805324539542198
-0.09812617301940917
-0.07891746610403061
-0.06066055968403816
0.03428008779883385
0.03430147096514702
-0.11369414627552032
-0.019911134615540504
-0.09249185025691986
-0.07787915319204329
-0.06395531445741653
-0.0505022406578064
-0.02016943320631981
-0.02048774622380733
0.003119157161563635
-0.1155399978160858
0.04550663381814957
0.12533594667911527
0.01943292841315269
-0.043341752141714096
0.09618119895458221
0.05793636664748192
-0.0795668810606003
0.005924968514591456
0.019205816090106964
-0.030480656772851944
-0.09963401407003401
-0.03099794313311577
-0.02034622803330421
0.061636198312044144
-0.08011802285909651
0.022802047431468964
-0.09622848033905027
-0.015777379274368286
0.09090562164783475
0.1559639424085617
-0.011877146549522877
-0.0381711982190609
0.034085702151060104
-0.0783652663230896
-0.026246419176459312
-0.09900256991386412
-0.013125749304890633
-0.028203869238495823
0.07427327334880829
-0.031178656965494156
-0.056086290627717965
0.029182465746998783
-0.1126422882080078
-0.001071812235750258
0.03673837706446648
-0.10814772546291351
0.01591944321990013
0.02821335941553116
-0.1138451099395752
-0.0826297476887703
0.03176485002040863
0.01275116205215454
0.0421999879181385
-0.07207319885492323
-0.04429574310779572
-0.0201837420463562
0.05059424415230751
0.04066357761621475
0.023829257115721703
0.03267132118344307
0.03104999102652073
0.003269854467362165
-0.03355077654123306
0.005992366466671228
-0.06118026003241539
-0.06984858959913254
0.06419414281845093
-0.06382840126752853
-0.08788411319255827
0.0013654030626639724
-0.02572714909911156
-0.05273470655083656
-0.03432658687233925
-0.10883800685405733
0.08389942348003387
-0.0022170483134686943
-0.01829765550792217
0.07638812810182571
-0.06758095324039459
0.011329425498843191
-0.0009772764751687646
-0.024073196575045586
0.015158973634243011
-0.1242191344499588
0.04177043959498405
-0.09832617640495299
-0.07768319547176361
-0.04139840975403786
-0.06290951371192932
0.051015157252550125
0.05904126539826393
0.04902683198451996
-0.012211754918098448
0.019661709666252136
0.022618684917688366
0.002778036054223776
0.002312134485691786
-0.04401592537760735
-0.01638183556497097
-0.02559852972626686
-0.06187653169035912
-0.12304028123617172
-0.0994485095143318
-0.09455233812332152
0.0004760086303576827
-0.006959998514503241
0.007741948124021291
0.05759668722748757
0.039934225380420685
0.1258956789970398
-0.08205835521221162
0.008336258120834827
-0.09702761471271514
-0.019900860264897343
-0.00950358621776104
0.003665462601929903
-0.038733895868062966
0.013834916986525059
-0.08343593031167984
0.03788890317082405
-0.12012245506048203
-0.026930220425128937
0.0212956964969635
-0.06479505449533463
-0.10201035439968108
0.02194834500551224
0.07277540117502211
0.04655208811163902
0.0344938226044178
-0.08558099716901779
-0.08875571191310881
0.07953180372714995
0.03326648473739624
0.0857309028506279
-0.008912114426493645
0.04784746095538139
0.02737399563193321
0.02899370528757572
0.004719555843621492
-0.020888932049274445
-0.07751547545194627
0.04091532155871391
-0.036984879523515694
0.0881001800298691
0.04963308945298194
0.023107469081878666
-0.09194254875183104
0.061209265142679214
0.03206967189908028
-0.0986618995666504
0.030955791473388672
0.05809112265706062
-0.008075566962361334
0.01008794829249382
-0.12080922722816469
0.043585650622844696
-0.07764707505702972
-0.06162656471133232
-0.09134426712989809
0.04902821406722069
-0.09497636556625366
-0.03973802924156189
0.05399858206510544
0.018621297553181648
-0.039404630661010735
0.10445852577686308
0.04896217957139015
0.0018585160141810773
-0.0937652587890625
-0.003125126007944345
-0.02702781930565834
0.04208958521485329
-0.025913110002875328
0.006035229656845331
0.05079719796776772
-0.116690032184124
-0.11477798968553544
0.09241122007369997
-0.00639887386932969
0.05767524614930153
0.09480915963649747
-0.04457679390907288
-0.04962688311934471
-0.08201999217271805
0.002782797440886497
-0.07888025045394897
0.05712908133864402
-0.035030517727136605
-0.08231426775455475
-0.045627769082784646
-0.047604937106370926
-0.10171016305685043
-0.0011801269138231871
0.009957555681467056
0.055994700640439994
-0.09111023694276808
-0.017124222591519356
0.004477143753319979
-0.061428431421518326
0.014016872271895409
-0.020800560712814328
0.03524336963891983
-0.004946866538375616
0.08749805390834808
0.00676541542634368
0.08949232101440428
0.05008867010474205
-0.02214224264025688
-0.030705008655786514
-0.0035447594709694386
0.05610800161957741
-0.016163643449544907
-0.123012974858284
-0.0622226856648922
-0.008766215294599533
0.12365677952766418
0.11797648668289185
-0.0814722403883934
-0.013750722631812096
0.014518471434712408
-0.08601075410842894
0.0670274943113327
0.03789987787604332
-0.037097401916980736
0.013438021764159203
0.03363385424017906
0.05989906191825867
0.013439591974020004
0.016365528106689453
0.020074576139450077
-0.05995767563581467
0.08628632873296738
0.04638802632689476
0.06054186448454857
0.028737615793943405
0.06715777516365051
-0.08686482906341551
-0.028544027358293533
-0.012699406594038008
0.013635791838169096
0.04471761360764504
0.07497827708721162
-0.10843420028686523
-0.1253465861082077
0.04734718054533005
0.004710665438324213
-0.0033250483684241767
-0.07321748137474061
-0.012653270736336708
0.1249917447566986
0.023474510759115216
0.05639059841632843
-0.003101600334048271
-0.03364880755543709
-0.043154437094926834
0.026388574391603466
0.02721787244081497
-0.05277344584465026
-0.11300334334373474
-0.07482127100229262
0.07557487487792967
-0.07185141742229462
-0.017605796456336975
0.01600736565887928
0.017820607870817184
0.024700801819562912
0.045009955763816833
0.03582075610756874
0.03809072449803352
-0.00917997770011425
-0.006780372466892004
-0.06538546085357666
0.016550572589039803
-0.003922184463590384
-0.03202609345316887
-0.011687604710459707
0.023307619616389275
0.004456812981516123
0.06131819635629654
-0.09271244704723358
0.03965369984507561
-0.09502543509006499
-0.0016217489028349519
0.007680148351937532
-0.10021528601646423
0.09941901266574861
-0.012919789180159569
-0.04808842018246651
0.07791915535926819
-0.013994668610394
0.03220406174659729
0.02964952029287815
0.021914718672633168
0.0034290426410734653
-0.006043241824954748
-0.08275794237852097
0.07595178484916687
-0.08074773848056793
0.003583806101232767
-0.08360902220010757
0.013579584658145905
-0.004238890018314123
-0.07608649134635925
-0.09185387194156647
-0.09127704799175262
0.02033674716949463
0.0642932876944542
0.0010506178950890899
-0.06437063217163086
-0.11374075710773468
0.03133624047040939
-0.012734477408230305
-0.009604359045624735
0.0035907407291233535
0.01277291402220726
-0.051517091691493995
-0.021829819306731224
0.03994572535157204
-0.061347413808107376
0.06260472536087036
-0.06099211052060127
-0.016413750126957893
0.00825095921754837
-0.05685170367360115
0.1307663470506668
0.15185649693012235
-0.11250659823417664
0.1260554790496826
-0.0277731828391552
0.05572674795985222
0.04472298547625542
-0.04969277977943421
0.009629797190427778
-0.05366044119000434
-0.11846277117729188
-0.07224044203758238
-0.06962282955646515
0.024683481082320213
-0.05605829879641533
0.10309189558029173
0.0435219444334507
-0.023968689143657684
-0.037586513906717293
-0.0577903613448143
-0.0582822784781456
0.018037064000964165
-0.08664511889219283
0.012178953737020493
-0.04470965638756752
-0.053067725151777274
-0.041170597076416016
-0.037900056689977646
-0.1162806823849678
0.05109015479683876
-0.08473199605941772
-0.027742598205804825
-0.0396038331091404
0.020616976544260975
0.04149011895060539
0.03966356813907623
-0.024925788864493367
0.018601492047309875
-0.0013587899738922715
-0.01725729368627071
-0.03361998870968819
-0.05767892301082611
-0.007718313019722701
-0.07223263382911682
0.09069529920816419
-0.006860274355858564
-0.04812980443239212
-0.0219329446554184
-0.01955518126487732
-0.013992376625537872
-0.08183996379375458
-0.0850677639245987
-0.004452196415513754
0.06389325112104416
0.025289453566074368
0.0012444000458344815
-0.007343591656535862
-0.10909760743379592
0.026833437383174896
0.000846302486024797
-0.09565974026918413
0.09099927544593811
-0.023124743252992633
-0.0668284147977829
-0.022672979161143303
-0.05653920397162437
0.01868385635316372
-0.037052009254693985
0.08835630118846893
-0.06224352493882179
-0.032328274101018906
-0.07571536302566528
0.024189529940485954
0.004040744621306658
0.01904783770442009
-0.060752961784601205
-0.13611549139022827
-0.033217333257198334
-0.06533382833003998
0.008742921054363249
-0.01083410158753395
-0.03483890742063522
0.05559423193335533
-0.02401337400078773
0.04139203950762749
0.0661981999874115
0.01947471499443054
-0.05608401075005531
-0.11800159513950348
-0.006489794235676527
-0.10561481118202208
-0.06862504780292511
-0.06425425410270691
-0.05007026717066765
0.02683039382100105
-0.022795880213379856
0.08616717159748077
0.06371969729661942
-0.09951837360858916
0.1343088150024414
0.017796913161873817
0.03404726833105087
-0.10519730299711227
0.022782940417528152
1.6239355318248272e-05
0.01530281826853752
0.07054269313812256
0.00939169619232416
0.02916663140058517
0.023538852110505104
-0.06120438873767853
-0.08410751074552536
-0.007742609363049267
-0.002544147428125143
0.05284168943762779
-0.0481359027326107
0.12724940478801727
-0.11782793700695036
0.007738898042589425
0.02333064191043377
0.09322088956832883
0.05461993813514709
-0.05534256249666213
0.012248849496245384
0.06051915884017944
0.058661691844463355
0.04509981349110603
-0.022716883569955822
-0.04692193493247032
-0.02716536819934845
-0.075526662170887
-0.051891695708036416
-0.06392169743776321
-0.03123658522963524
0.05123545229434967
0.04850699380040169
0.03326234221458435
0.0667840987443924
-0.08232834935188293
0.07263456284999846
-0.06660427153110504
0.03690028190612793
-0.05037489905953407
0.0237516425549984
-0.02699175849556923
-0.006132398266345263
-0.02661420777440071
0.06548417359590529
-0.1126149445772171
0.013667510822415352
0.10963602364063262
0.09194704145193103
-0.05569705739617348
-0.05013001337647439
0.03855197504162788
-0.055349793285131454
-0.07575553655624388
-0.04652214422821999
0.02580021694302559
-0.0779864490032196
-0.056473396718502045
0.014718624763190746
-0.11407922208309172
0.10804418474435806
0.0135582834482193
-0.08935396373271942
-0.11291640996932983
-0.05679900199174881
-0.034008465707302094
0.030970050022006035
-0.07030685245990753
0.05622601881623268
-0.07713325321674347
0.037919532507658
0.09385927021503448
-0.031189598143100735
0.08298681676387785
0.0002401325618848205
-0.03092081472277641
0.07246827334165573
-0.10264834761619568
0.016575869172811508
-0.0037638559006154537
8.898915257304905e-05
-0.00557937053963542
0.04282600805163384
-0.02741454727947712
-0.01339316926896572
0.04868106544017792
0.11400766670703888
-0.0014757212484255433
0.06062405183911324
-0.0445118322968483
-0.0009279443183913827
0.01176599133759737
-0.06625063717365265
0.06706446409225464
0.06459544599056244
-0.016691144555807114
-0.01963622495532036
0.01679457165300846
-0.06640973687171936
-0.06041745096445084
0.06093381717801094
0.08279907703399658
0.10189177095890044
-0.11973066627979279
-0.02766791731119156
-0.003548029344528913
-0.00874418020248413
0.011659410782158375
-0.012868702411651611
-0.03927137702703476
-0.09926714748144147
0.0738585591316223
-0.04336996376514434
-0.03507722541689873
-0.01431123912334442
-0.10855677723884583
-0.02036553062498569
-0.023901619017124176
-0.11846102774143218
-0.0366932675242424
0.04767663404345512
-0.10410529375076293
0.01223870739340782
-0.04305831715464592
0.07338695973157881
0.03847031295299529
-0.02891584113240242
-0.037685208022594445
-0.003392008598893881
-0.04888679459691048
-0.01921909675002098
-0.03931368514895439
0.007781993132084608
-0.014823099598288536
0.04059092327952385
-0.09983576089143752
-0.11502671241760253
0.05864855274558067
-0.03810350224375725
-0.07045017182826996
-0.026063360273838043
0.03360217437148094
0.02215897850692272
-0.006333484780043364
0.0880531147122383
-0.10287191718816756
0.09468181431293488
-0.060402531176805496
-0.015690695494413376
-0.027125211432576176
0.0484263114631176
0.03944911435246468
0.11414489150047302
0.02542328089475632
0.005422547459602356
-0.05603141710162162
0.0416986458003521
-0.018489608541131016
-0.1150544136762619
0.07059428095817566
-0.07843589037656784
-0.0712929517030716
-0.009038375690579414
0.05873101577162743
-0.0170755498111248
0.06319747865200043
-0.08630058169364929
-0.1137683093547821
-0.022800879552960396
0.01477888599038124
-0.05901528522372246
0.04646995663642883
0.028653617948293682
0.0386248156428337
-0.007089178543537855
0.01685355417430401
-0.03182850033044815
-0.031043868511915207
-0.03517589345574379
0.004001681227236985
-0.03665423020720482
-0.030572388321161274
-0.026901500299572945
0.004379649180918932
0.0663653016090393
-0.013364294543862343
0.057332243770360954
0.017200982198119164
0.018004782497882843
-0.02242150157690048
0.05302530154585838
0.021097742021083832
-0.00527143431827426
-0.051880545914173126
-0.010492511093616484
-0.07258604466915129
0.12527914345264435
0.021516887471079823
-0.04288646951317787
0.009208321571350096
0.0120419654995203
0.0022215177305042744
-0.029016632586717606
-0.059749927371740334
0.045011699199676514
-0.08632272481918336
-0.04756704345345497
0.062315959483385086
-0.001128017553128302
0.0537700168788433
0.01334724947810173
-0.10216440260410307
-0.008538045920431614
-0.07347396761178969
-0.045652419328689575
-0.05575347691774368
0.051935236901044846
-0.022021809592843052
-0.020649081096053123
-0.007629604544490574
0.004140078555792569
0.020755209028720852
0.031029079109430317
0.053954754024744034
0.015928760170936584
0.022933851927518845
0.08173088729381561
-0.02324844896793365
-0.03639142587780952
0.05697755515575409
-0.0005546972388401628
0.0050090248696506015
0.09697996824979782
0.0317988358438015
-0.10969974845647812
0.011877987533807755
0.04521371051669121
-0.10463076084852219
0.05732092633843422
0.006704510655254126
0.05582362785935402
0.015693090856075287
0.04032684862613677
-0.005210240837186575
0.05339124426245689
-0.12378998100757597
-0.04218306392431259
0.05670122057199478
0.027831342071294785
0.05025019124150276
0.054798614233732224
-0.038764026015996926
-0.06796972453594208
0.0416611023247242
-0.09370680153369904
0.013055875897407532
-0.052217144519090646
-0.02050992287695408
-0.07080520689487457
-0.0573015883564949
-0.11804407835006712
0.011492900550365448
0.049240972846746445
0.030000656843185425
-0.06042426452040672
0.0803261250257492
-0.09618277102708817
-0.04945717379450799
-0.026302184909582135
0.02164047211408615
-0.118986114859581
0.09172213077545166
-0.09668262302875519
0.0033153570257127285
-0.025008805096149445
0.0038696336559951305
0.03746538609266281
-0.11566342413425444
-0.015317704528570175
-0.051779463887214654
0.05694868415594101
-0.06202349439263344
-0.03960898891091347
-0.08618535101413728
0.07341746985912323
-0.06387921422719955
0.00436306232586503
0.04305090755224228
0.04507036879658699
-0.011965107172727585
0.10151921212673189
0.011886555701494215
0.03085816279053688
0.0223945826292038
-0.021400677040219303
0.03929836302995682
-0.058842215687036514
0.07962378114461897
-0.055476028472185135
-0.019158504903316494
-0.04142266139388085
-0.06033140048384666
-0.02022632583975792
-0.05927998200058937
-0.09549424797296525
-0.08717434108257292
-0.07826701551675795
-0.11982242763042449
-0.06190183386206626
-0.1201259270310402
-0.1229117065668106
0.0009645730024203658
0.05364971235394478
-0.060644324868917465
-0.013604393228888512
-0.020976126194000244
0.09567279368638992
-0.024404780939221386
0.019616525620222088
0.0032228906638920307
-0.03002094477415085
-0.04783202335238457
-0.04950869828462601
-0.0063952296040952206
-0.02069320157170296
0.04187696799635887
0.10437577962875366
0.017949417233467102
-0.05182629078626633
-0.01411270536482334
0.15751732885837555
-0.10562606155872344
0.07964202761650085
-0.06174843385815621
0.12980690598487854
-0.08958497643470764
-0.1343402713537216
0.04972622916102409
0.06691063195466995
-0.08492311835289001
0.017020931467413902
-0.010331813246011734
-0.03111781924962997
-0.021720079705119133
-0.06060072407126427
-0.04583097249269485
0.1074981540441513
0.062198396772146225
-0.03765391930937767
0.1024891808629036
-0.0006891560042276977
-0.03614072874188423
-0.0687149316072464
0.0130845345556736
-0.061577711254358285
0.03805245831608772
0.03791237249970436
-0.024328235536813732
0.02409859374165535
-0.05352594330906868
-0.00409783562645316
0.006508808117359877
-0.032174158841371536
0.006121233571320772
0.029523756355047222
0.02023238688707352
-0.11326123028993607
-0.01094859465956688
-0.09956102073192595
0.010076876729726791
-0.06088542938232422
0.06387820094823837
0.006939465645700693
-0.03093576431274414
0.10510224103927612
-0.10661104321479796
0.12306851148605347
0.07410335540771484
0.11603729426860808
-0.08506191521883011
-0.04624753445386887
0.12765870988368988
0.022970460355281826
-0.05606715753674507
0.042472708970308304
-0.04631044715642929
0.05131480470299721
-0.12343570590019226
0.006452031899243593
-0.07933829724788666
-0.0385240726172924
0.08081209659576416
0.0588405542075634
0.01544035878032446
-0.0687606930732727
-0.05931078270077705
-0.10553967207670212
-0.0293282400816679
-0.06747816503047943
-0.037356827408075326
0.05755114182829857
-0.05891873314976692
0.030381914228200912
0.04468784853816032
0.14775079488754272
0.017954204231500626
-0.07093274593353271
0.056343983858823776
0.010697640478610992
-0.013845151290297508
-0.11081780493259429
-0.06900984793901443
0.08019158244132996
0.02753935009241104
-0.05964204668998718
-0.01980631612241268
0.052551642060279846
-0.03246677666902542
-0.007634714711457491
0.02141747623682022
-0.03675513714551926
-0.09056705236434937
-0.03475473448634148
-0.02190453000366688
-0.057163123041391366
0.02676428109407425
-0.008771691471338272
0.012002522125840189
-0.008596550673246382
-0.0019827554933726788
-0.013089356943964958
-0.018180895596742633
-0.04668565467000008
-0.04688564687967301
-0.016725465655326843
-0.04803980514407158
-0.04084523394703865
0.046045467257499695
-0.06096789613366127
0.06771422922611237
0.018119150772690773
0.007651233579963445
0.03266846016049385
-0.07572463154792786
-0.11123043298721312
-0.11917117238044737
-0.12973959743976593
0.022441435605287552
0.0028495904989540577
-0.03858066350221634
-0.02566838264465332
-0.012106740847229956
0.06518266350030899
-0.04938795045018196
0.03673992678523064
-0.03828088939189911
-0.03103236854076385
-0.007803208660334349
-0.021265564486384392
0.0917859748005867
-0.11274416744709014
-0.03635789826512337
-0.01118781603872776
0.026042433455586437
-0.08255687355995178
0.038737379014492035
-0.01402338407933712
0.0008345063542947173
-0.02902244962751865
-0.06669116765260696
-0.023694671690464016
0.01775377430021763
-0.018057068809866905
-0.0355893038213253
0.09580299258232115
0.02354251593351364
-0.09023024886846542
-0.045965444296598434
-0.02987735718488693
0.002353676129132509
-0.06205654516816139
0.012774620205163956
-0.05323179438710213
-0.07641953974962233
-0.04990773275494576
0.030443670228123665
-0.0303325429558754
0.016890306025743484
-0.0024699992500245567
-0.061858955770730965
-0.03886269778013229
0.04954245314002037
-0.009586147964000702
-0.026420172303915024
-0.052950341254472726
-0.06147299334406853
0.036073260009288795
0.041910890489816666
-0.020591462031006813
0.13107582926750183
-0.02190657705068588
0.04270917549729347
-0.017002297565340996
0.014381272718310356
-0.05202039703726768
0.05493724718689919
-0.122865229845047
-0.03858687356114388
0.14989246428012848
-0.00600311579182744
0.03678078576922417
0.015159792266786098
-0.028419293463230133
-0.04665130004286767
-0.02330406568944454
0.0029896968044340606
0.012059699743986128
-0.005327205639332533
-0.07831266522407532
0.038671661168336875
0.04087528958916664
0.0076676434837281695
0.07014094293117523
-0.0013615727657452224
-0.009998384863138199
0.07190410792827606
0.04881132021546364
-0.008918213658034801
0.03612742945551872
0.09046740084886552
0.08692252635955809
0.007383168209344147
0.0365847609937191
0.1471579670906067
0.04966450110077857
-0.021518439054489132
0.10736627131700516
0.15086929500102997
0.10567163676023485
0.12066628038883208
-0.10685645043849944
0.02069476991891861
-0.045170966535806656
0.12326647341251372
-0.03220490738749504
-0.08209007978439331
-0.055169384926557534
-0.0433114804327488
0.04123310744762421
-0.0056502032093703755
-0.06641393899917603
0.015995560213923454
-0.024936838075518608
-0.05400574207305908
-0.08760002255439758
0.0062505085952579975
-0.10944840312004088
0.02427762560546398
-0.08690337091684341
-0.0925564393401146
0.05421632528305054
0.02504610829055309
0.006518986541777849
-0.06108887866139412
0.035893142223358154
-0.0867636501789093
0.07423511147499084
-0.028112623840570446
0.005011413712054491
-0.016730230301618576
-0.04078516736626625
-0.02392048202455044
0.03527260199189186
-0.04871668666601181
0.04777708649635314
-0.010300134308636189
0.02900981716811657
0.0945143848657608
-0.0024323458783328533
0.07915788143873215
-0.020405910909175873
-0.15126918256282806
-0.1092248260974884
0.019235048443078995
-0.1096026450395584
0.11910443007946014
0.06460931897163391
0.00959244929254055
0.015612811781466007
-0.01952817104756832
-0.000251039513386786
0.026666294783353806
0.05628541484475136
0.13273172080516815
-0.1124756932258606
-0.032135851681232445
0.034152302891016006
0.017839426174759865
0.08327451348304749
0.01777685433626175
0.028262926265597343
-0.08063846826553343
-0.011571110226213932
0.07739454507827759
-0.10781154781579971
0.0947895348072052
-0.1136789694428444
0.016402993351221085
0.015546170063316822
0.07036619633436203
-0.00771993538364768
-0.06074727699160576
0.021754905581474304
0.05370905250310898
-0.004615945275872946
0.10526320338249207
0.03502793610095978
0.040397424250841134
-0.0408303439617157
0.039897292852401726
-0.020500967279076576
-0.045204348862171166
-0.0014641914749518037
0.01751265861093998
-0.04012525454163551
-0.0044353618286550045
0.054403483867645264
-0.0023559974506497383
0.028315575793385506
0.08050556480884552
-0.11844973266124724
0.024999517947435376
0.038578283041715615
-0.002184560988098383
0.004355255980044603
0.09311136603355408
-0.11109159886837004
-0.0663440153002739
0.005234962794929743
-0.006346187088638544
-0.005848876666277647
0.004896145779639482
-0.06445598602294922
0.009622085839509966
0.010613800957798956
-0.11381571739912032
0.029225945472717285
-0.09027612954378128
0.06435935199260712
0.08386804908514023
-0.015435317531228064
0.013166773132979868
-0.06743923574686049
-0.023809023201465607
-0.05400435626506805
-0.01742125302553177
0.05375049263238906
-0.05607721582055092
-0.055107112973928445
-0.042487632483243935
0.041374657303094864
-0.014204593375325201
-0.009523067623376846
-0.07445856928825377
-0.0543365404009819
0.042145658284425735
6.65358966216445e-05
-0.0582549162209034
-0.062245626002550125
-0.00440734950825572
0.08356007933616638
0.0024170042015612125
-0.010590771213173866
0.051788877695798874
-0.10368598997592926
-0.03134630993008613
0.005688872653990984
-0.07608649879693985
-0.015307016670703888
-0.03048146143555641
0.02375554852187633
0.017507340759038925
0.0707119032740593
-0.05970340222120285
-0.05647335574030876
0.10342662781476974
0.004472401458770037
-0.005941697861999272
-0.11516791582107544
-0.038416724652051926
0.021669410169124603
-0.12097227573394775
0.07571438699960707
-0.07768581062555313
0.03897225484251976
-0.06737621128559113
-0.10113803297281264
0.03705330565571785
-0.1151919811964035
0.03938331082463264
-0.056339900940656655
-0.0444256104528904
-0.08918311446905136
-0.013318751007318497
-0.08933266252279282
0.02412560023367405
-0.10801161080598833
-0.08988365530967712
-0.00608831038698554
0.033395860344171524
-0.08506311476230621
0.029000587761402127
-0.011643476784229279
0.11741578578948975
-0.02150546945631504
0.004086381290107965
0.09236615896224976
0.003236438613384962
0.0155540332198143
-0.0015326678985729811
-0.10765977948904036
0.0373683013021946
0.004827270749956369
-0.013430366292595863
0.08765482157468796
-0.003492038231343031
-0.09031995385885239
-0.07009783387184143
0.020218644291162487
-0.07542422413825987
0.03777780756354332
-0.007345533464103938
-0.1319732964038849
-0.05138961225748062
-0.08062469214200972
0.028269872069358826
-0.0105227492749691
0.011806461960077284
-0.05754818394780159
-0.00968928076326847
-0.09858374297618866
-0.042605217546224594
0.014727490954101084
-0.0475190319120884
-0.08319850265979767
0.08847624063491821
0.047974307090044015
0.05606387928128242
0.035526253283023834
0.03126923739910126
0.03796439245343208
-0.042147837579250336
0.0664890855550766
0.019283248111605644
-0.016894593834877014
0.01608804240822792
-0.018547581508755684
-0.052040230482816696
-0.026987645775079727
-0.02770856395363808
-0.06534542143344879
0.124080091714859
-0.01586913876235485
-0.0789651870727539
-0.04581332579255104
0.02610592544078827
-0.009168021380901337
0.005812765564769506
-0.0032190163619816303
-0.04156271740794182
-0.10905687510967255
-0.017578912898898125
0.023928890004754063
-0.0668896809220314
0.04835256189107895
0.028962094336748123
0.007752906996756792
-0.07151125371456146
0.02834541350603104
-0.04728621616959572
-0.08228965103626251
0.0549810416996479
-0.04491670429706573
0.08311368525028227
-0.0328373983502388
-0.03583915904164314
0.08381815999746321
-0.09523097425699234
-0.0017725020879879592
-0.0633934810757637
-0.04085521772503853
0.00742276245728135
0.16641069948673248
-0.08119340240955351
0.06763605028390884
0.06598614156246185
-0.04728422686457633
0.14037545025348663
0.004449218045920134
0.046420950442552567
-0.12233264744281767
-0.008329308591783047
0.04603965952992439
-0.051513731479644775
-0.05780454725027084
0.014118063263595104
0.0332406647503376
-0.10509239137172698
0.02877836674451828
-0.10380084067583084
-0.030630905181169506
-0.000940734171308577
0.017528709024190903
0.07076039910316467
-0.12596029043197632
-0.03708648309111595
0.009509555995464325
0.01494933757930994
-0.02542339637875557
-0.10036689788103104
0.045404825359582894
0.00655291648581624
-0.04780794680118561
-0.008470747619867325
-0.018805157393217087
-0.11897578835487364
-0.04641994833946228
-0.016179997473955154
-0.11822109669446944
0.04304733499884605
0.012959370389580727
-0.09437501430511473
-0.12042726576328276
0.0786997079849243
-0.049617484211921685
0.09913194924592973
0.016045624390244484
-0.039159350097179406
-0.09109359234571457
0.005136738996952772
0.059470981359481805
-0.09632530808448792
0.026989515870809555
0.05766226723790169
-0.102414533495903
0.06447461247444153
-0.021162703633308407
0.10836230963468552
-0.011287486180663109
-0.0431949757039547
0.05886830762028694
-0.08063861727714537
0.017818858847022057
0.03265802934765816
-0.08622382581233978
0.02230840548872948
-0.11586722731590272
0.03584325686097145
-0.052030712366104126
0.02568955533206463
-0.05659160390496253
-0.036874543875455856
0.05472522601485252
0.050201881676912315
-0.0954010933637619
0.008733351714909075
-0.07818800210952759
-0.02060667797923088
-0.0689372569322586
0.010351074859499931
-0.033315397799015045
-0.013671942055225372
0.03662357106804848
-0.054721731692552567
-0.12766866385936737
0.05420345440506935
0.03264748677611351
0.01940302178263664
0.01854896545410156
-0.01985163800418377
0.037748098373413086
-0.04345785081386566
-0.053444590419530875
-0.09448648989200592
0.0031936843879520893
0.026705494150519368
0.01328626461327076
-0.07949762791395187
0.04861699417233467
0.0037592598237097263
0.008669544942677021
-0.05966824293136597
0.049590948969125755
0.009812265634536743
0.029346756637096405
-0.08315034210681915
-0.10858996957540512
0.008465038612484932
0.0315922275185585
0.035653505474328995
-0.08234278857707977
0.026283934712409973
-0.01127897761762142
-0.07626935839653014
-0.061275452375411994
0.06942594051361084
0.14592115581035614
0.006454227026551962
-0.0036159935407340527
0.03969230130314826
0.10778267681598663
-0.002649040427058935
-0.004566715564578772
0.053867660462856286
0.054636556655168526
0.02833675965666771
0.009884720668196678
-0.09421967715024947
-0.03179818391799927
0.035735711455345154
-0.04543526098132133
0.12799517810344696
-0.05599064752459526
-0.016652386635541916
0.03718361631035805
-0.014154648408293724
-0.030364084988832477
0.0013447891687974332
-0.09933983534574509
0.024299301207065582
0.10178360342979433
0.004952001851052046
-0.05578341335058212
0.05607634410262108
0.05245164409279823
0.002052210737019777
-0.041193775832653046
-0.024200789630413052
0.05318275839090347
-0.020122844725847244
0.04018143936991692
-0.1121944785118103
-0.027847521007061005
0.04162703454494476
-0.021605616435408592
-0.029098037630319595
0.06239420548081399
-0.04252221807837486
-0.011646504513919352
0.08012384176254272
0.04468542709946632
0.04617166519165039
-0.06392714381217957
0.07102838158607483
0.028349123895168304
-0.10500408709049223
0.04006131365895271
0.049377694725990295
-0.013892545364797115
-0.031039360910654068
0.002465529832988977
-0.08017779886722563
0.02467665821313858
0.0520046092569828
0.07052814960479736
-0.0246469397097826
-0.051745157688856125
0.03274665027856827
-0.07326368987560272
-0.049032721668481834
0.02123824134469032
0.11808054149150848
-0.05604613572359085
0.021858926862478256
0.026229865849018097
-0.035256195813417435
-0.09888193756341934
0.014156654477119444
-0.011960618197917938
0.018715832382440567
-0.10004138946533205
0.031598154455423355
-0.018707044422626492
0.032038744539022446
-0.02948882430791855
-0.024634897708892822
0.02073940448462963
-0.050343919545412064
-0.09013653546571732
0.012839429080486296
-0.01486971229314804
0.03505043312907219
-0.047027993947267525
-0.0004079468781128526
-0.015955356881022453
-0.02868669480085373
0.05017419159412384
0.009568620473146439
-0.013213328085839748
0.007964537478983402
-0.034418486058712006
0.01278598327189684
0.12265649437904357
-0.028622156009078022
-0.01882821135222912
-0.06687991321086884
-0.021536823362112045
-0.026700394228100777
-0.049070637673139565
0.07511103153228758
-0.06765634566545486
-0.012801256030797958
0.026101650670170784
-0.06141358986496925
0.07418977469205856
-0.05049211159348488
-0.09291009604930876
-0.048568233847618096
-0.11537286639213562
-0.056487973779439926
0.02031265944242477
-0.08370067924261093
0.029788099229335785
-0.03433018550276756
0.031879376620054245
0.03615263104438782
-0.06172215566039085
0.055316638201475136
0.03182058036327362
0.03456544503569603
0.08849389851093292
0.013722933828830717
-0.05528515204787254
0.029355622828006744
0.04154609516263008
-0.023536672815680504
0.03896359726786613
-0.025583952665328976
-0.022623974829912186
-0.10964225977659224
-0.03052433952689171
0.06006186828017234
-0.0964849144220352
0.09632062166929246
-0.09664973616600035
0.005579235497862101
-0.028466252610087395
0.007378023583441971
-0.029437864199280735
-0.010629162192344664
0.05212338641285896
-0.00719546666368842
0.01137133315205574
0.004030505660921335
-0.06415405869483948
-0.024447424337267876
-0.07179134339094162
-0.015359854325652122
-0.03520111367106438
-0.035591453313827515
0.010720586404204369
-0.06214852258563042
0.01636948622763157
0.032497961074113846
-0.057587124407291405
-0.1057850867509842
-0.02339259348809719
-0.022971764206886288
0.06473462283611298
0.09590710699558258
0.003103369381278753
0.0007131550228223205
0.01924110017716885
-0.03377519175410271
-0.01111004315316677
-0.06323318928480148
0.019170552492141724
0.024054318666458126
0.04994267597794533
-0.08283194899559022
-0.10611923784017561
0.04109102115035057
-0.023568350821733475
-0.08362212777137756
0.012491615489125252
-0.011711858212947844
-0.057304840534925454
-0.024828530848026276
-0.06942041218280792
0.0030552414245903488
0.021705191582441326
0.022328104823827744
-0.038026709109544754
0.026883676648139957
-0.04342547431588173
-0.04319528862833977
0.012585372664034367
-0.09505766630172728
0.05946389958262444
-0.0015938278520479798
-0.005761315114796162
-0.05860610678792
-0.04777644202113152
-0.048070210963487625
-0.08442386239767073
-0.017514802515506744
-0.031231235712766647
0.03769886866211891
0.04982307925820351
-0.04665202274918556
0.07096326351165771
-0.12431944906711578
-0.06349194794893265
0.03993475064635277
0.0241653174161911
0.14828552305698395
-0.0028242398984730244
-0.0384593941271305
0.09023994952440259
-0.043049585074186325
-0.039561141282320016
-0.04844166710972785
0.0032147043384611607
-0.05215014144778252
0.023394566029310223
0.004382679704576731
-0.04967329278588295
-0.028842100873589516
0.088024765253067
-0.0733160227537155
-0.012363709509372711
0.04411878064274788
0.041631128638982766
-0.016768263652920723
0.05983224138617516
0.03625572845339775
0.06896115839481354
-0.01573307439684868
-0.05383498966693878
-0.02491798810660839
0.049467910081148155
0.030944833531975743
-0.03669092804193497
-0.028220841661095616
-0.04196159914135933
0.013323084451258183
0.02293928526341915
-0.04679817706346512
-0.11105664074420928
-0.007742851506918669
0.0026749228127300735
0.03454235568642616
-0.11270885914564133
-0.09803915023803712
-0.05937016010284424
-0.056391768157482154
-0.023168848827481266
0.04985959455370903
6.837060209363699e-05
-0.03050658479332924
0.07200649380683899
-0.0014724867651239035
-0.09485496580600737
0.07812323421239854
-0.06501694023609161
0.02591535076498985
-0.06993980705738068
-0.015454720705747604
-0.07033766806125641
-0.07497654110193251
-0.017283454537391663
0.013571465387940407
-0.0991247519850731
-0.004710034932941198
-0.027145493775606155
-0.04011747613549232
-0.06779089570045471
0.12478552758693696
-0.03513379767537117
-0.07337309420108795
0.051753580570220954
-0.002247209195047617
0.02205268293619156
-0.0925220251083374
-0.084299236536026
-0.08818483352661133
-0.019157933071255684
0.0806889533996582
0.1488698571920395
-0.00942378118634224
0.057702697813510895
0.0693342387676239
-0.005320927128195763
0.03804695978760719
-0.022630153223872185
-0.09572224318981169
0.004207256715744734
-0.01952258124947548
-0.04990551248192787
-0.0012235265458002687
-0.1185128092765808
-0.05872936919331551
0.06630796939134598
0.03167707845568657
0.037248197942972176
-0.11124791204929352
0.038079734891653054
-0.01976037584245205
0.06592530012130737
0.021433919668197632
0.08279609680175781
-0.014014388434588907
0.05509166046977043
-0.01815810613334179
-0.014132959768176079
-0.06777934730052948
0.05501004680991173
-0.09430436789989471
0.022046780213713642
0.006958256009966135
-0.00920435693114996
0.040618140250444405
-0.033973462879657745
0.06670524924993515
-6.389676127582788e-05
-0.05890022218227386
-0.022757140919566154
0.05350853130221367
-0.11263346672058104
0.11284392327070236
0.0102405808866024
-0.07650231570005418
0.04131563380360603
-0.05736912414431572
0.05153270065784454
0.07764509320259094
-0.09506233036518097
0.14722011983394623
-0.024656634777784348
-0.05728007107973098
-0.0013468560064211488
-0.030594658106565475
-0.06879247725009918
0.0011079608229920268
-0.0146440751850605
0.04946019500494003
0.061404142528772354
-0.08453008532524109
-0.05018667504191399
0.017670875415205956
0.014799976721405981
0.11005790531635284
-0.008922465145587921
0.03786144405603409
0.011264955624938011
0.04863177612423897
0.05347592756152153
-0.01450832188129425
0.12608395516872406
-0.037567492574453354
0.024635199457407
-0.017532439902424812
0.007640421856194735
-0.04708496853709221
-0.009061776101589203
0.015789927914738655
-0.014585206285119057
0.09137776494026184
-0.010030703619122503
0.002712580841034651
0.05061043426394463
-0.04408503696322441
0.011736853048205376
-0.028208332136273384
0.006625280249863863
0.03749090433120728
0.04243013635277748
-0.046599127352237694
-0.0620945580303669
-0.10405647754669188
0.04102517291903496
0.001789896166883409
-0.0074430196546018115
-0.022455984726548195
-0.01060209795832634
0.012965457513928412
-0.0656033307313919
-0.03549469634890556
-0.05941704660654068
-0.014902137219905852
-0.027508752420544624
-0.018302278593182564
0.020740725100040436
-0.04274394363164902
-0.01064591109752655
0.0006113763665780425
-0.017056051641702652
0.03252271190285683
0.024214059114456177
-0.10811877250671385
-0.047832366079092026
0.08792312443256378
0.000824164948426187
-0.08270858228206633
0.017332598567008972
0.043487034738063805
0.009736452251672745
0.06252416223287582
0.07571218162775038
-0.025582432746887207
-0.01872316375374794
-0.04334978759288788
0.008805252611637115
0.059767846018075936
0.03860996291041374
-0.0014568507904186845
-0.04245207831263542
0.0290803536772728
-0.01033382210880518
0.05753529444336891
0.031055305153131485
-0.07749755680561066
-0.020708426833152768
-0.0876307561993599
-0.11529146879911421
-0.03833286091685295
-0.024466415867209435
-0.097701795399189
0.03670675307512283
-0.1003563478589058
0.005338857416063547
-0.003734680358320474
-0.10946916788816452
-0.026219157502055168
-0.003948052879422903
0.07528809458017349
0.03844822943210602
-0.04880229011178017
0.01798282563686371
0.03729329630732536
-0.05809739604592323
-0.09904038161039352
-0.026963625103235245
0.04074778780341148
-0.027418285608291623
0.09454724192619325
0.11637742817401885
-0.006193685811012983
-0.07424119859933853
0.06884945929050446
-0.008979840204119682
0.03808872401714325
-0.01934218034148216
-0.020455256104469296
0.02648194693028927
0.016289900988340374
0.04615552350878716
-0.00993196666240692
-0.041432794183492654
0.07058527320623398
-0.016316715627908707
-0.021991215646266937
-0.06425058096647263
-0.04244926944375038
0.03840846195816994
0.0570305623114109
0.08514373004436494
0.05147601664066315
0.04514933004975319
0.1124834418296814
-0.030415304005146023
0.008055342361330986
0.02520599216222763
0.028451755642890927
0.018204478546977043
-0.03962745144963264
0.00014982593711465597
-0.0015485767507925627
0.014341865666210651
-0.018117344006896016
0.03776293247938156
0.01031551882624626
-0.01410955749452114
0.026265613734722137
-0.015381749719381332
-0.09220772981643677
-0.032990504056215286
-0.030355084687471386
0.004373693373054266
0.027110563591122627
-0.008004475384950636
0.005310869310051203
0.07730252295732498
0.06270641833543777
-0.011236320249736307
-0.016388673335313797
-0.10120344907045364
-0.1192438080906868
-0.09950768947601318
0.029792914167046543
-0.05576796829700469
-0.0032413750886917114
-0.015503730624914168
0.07229763269424438
-0.03711690381169319
0.11361632496118544
0.06342429667711258
0.04581580311059952
-0.015026170760393143
0.0864536315202713
-0.05366865545511246
0.025528226047754288
0.009575124830007551
0.02055066078901291
0.03255164995789528
0.06007492169737816
0.04469488933682442
0.006539642345160246
0.16684724390506744
-0.10533291101455688
-0.008737998083233833
0.04924113303422928
0.025526443496346477
0.06443870067596436
-0.01567182131111622
-0.0817275121808052
-0.007110813166946173
0.0027341903187334538
-0.02298732101917267
0.06132631376385689
0.010369263589382172
-0.0343284048140049
0.01614098809659481
-0.011144807562232016
-0.06293313950300217
0.08346557617187501
-0.0027586747892200942
-0.0599430613219738
-0.09989246726036072
-0.03607867658138275
0.11919206380844116
0.009928920306265354
0.04047068953514099
-0.06526265293359756
0.03601585701107979
-0.07138003408908844
0.03981184586882591
0.00011888600420206784
0.038366425782442086
-0.02319282852113247
0.00781276635825634
0.05898437276482582
0.07301098108291627
-0.04723983630537986
-0.03308588266372681
0.014863934367895126
-0.06679295003414154
0.04717521741986275
-0.051079835742712014
0.04961664229631424
0.04476425796747208
0.012592959217727184
-0.11452396214008333
-0.0010866612428799272
0.015958301723003387
-0.012190580368041992
0.09920649975538252
-0.0927801877260208
0.05741525441408157
-0.004603227134793997
-0.013362486846745014
-0.09687615931034088
-0.0481703095138073
-0.01625988632440567
0.08289793133735655
-0.06935805082321167
0.0031044972129166126
-0.09056928753852844
-0.10053861141204833
0.052652303129434586
-0.01633225940167904
-0.12828050553798676
0.026638546958565712
0.04630466178059578
0.06906051933765411
-0.018906567245721817
-0.080086350440979
0.07983562350273132
0.0453203059732914
-0.024411063641309735
-0.09566292166709903
-0.05469970777630805
-0.06891590356826782
-0.039300922304391854
-0.07215072214603424
-0.07174383848905563
0.03255509585142136
-0.09975602477788925
-0.06946395337581635
-0.01845694705843925
0.008254244923591612
0.010063307359814644
-0.04247966781258583
-0.03282150253653526
-0.07693798094987869
0.053166687488555915
0.03187497332692146
0.012305123731493948
0.046627383679151535
0.004414486233144999
-0.07248087972402573
-0.02788260392844677
0.02747415751218796
-0.022428516298532482
-0.010768823325634003
0.17393134534358978
0.0068440535105764875
-0.02423256263136864
0.0928615927696228
-0.02588174119591713
-0.059132833033800125
0.03682000190019608
0.00711410166695714
0.015394791029393671
-0.07737768441438675
-0.011354371905326843
0.16083966195583344
-0.09656208753585815
-0.06130119040608406
-0.07977540791034697
0.008230471983551979
0.04114029183983802
0.107516348361969
0.031096834689378735
0.0031869192607700825
0.04630007222294808
-0.0892152413725853
0.06030210107564926
0.02825523167848587
0.0008230734383687378
0.02123623713850975
0.059412125498056405
0.04040015488862991
-0.05900497362017632
0.020357027649879452
0.059151973575353615
0.06380976736545563
0.06834258884191513
0.09703311324119568
-0.03609266132116318
-0.06098434329032897
-0.04977241531014442
-0.0093911811709404
-0.013194181956350803
-0.019961677491664886
0.0377548262476921
0.02505074627697468
0.01279224455356598
-0.05410708114504814
-0.11765095591545104
0.041190978139638894
0.025933198630809784
0.033401522785425186
-0.0008600583532825112
0.1001247614622116
-0.03852004930377007
0.02731681801378727
0.026240747421979904
0.07399178296327592
-0.06950642913579941
-0.015565628185868263
0.03733170032501221
0.06056135147809982
0.08438949286937714
-0.10873760282993317
-0.011899393051862717
0.05842418223619461
-0.015187421813607216
0.09825133532285689
-0.03223563730716705
-0.013048743829131126
0.016915207728743553
0.010195325128734112
-0.038062602281570435
-0.028206106275320053
0.07468467205762862
0.010272763669490814
-0.07743652909994125
0.035333529114723206
-0.04756036028265953
0.01329910196363926
0.10922315716743468
0.0018412474310025568
-0.08971691131591795
-0.046528309583663933
-0.03281780704855919
0.06283348798751831
-0.011334475129842758
-0.08863839507102966
0.005178951192647219
-0.01421620976179838
-0.045866020023822784
-0.03914180770516396
-0.001873101689852774
0.007787678856402636
-0.010849522426724432
0.01441868022084236
0.023140922188758847
0.000688335276208818
-0.036914240568876266
-0.012746701017022131
-0.04511866346001625
-0.057394988834857934
-0.0033992170356214046
-0.08377409726381302
-0.05427997931838036
0.03439488261938095
0.07004083693027496
-0.060581423342227936
-0.11070915311574936
-0.01175861805677414
-0.004491493571549654
0.048581819981336594
-0.01944712735712528
0.011218570172786713
-0.017369244247674942
-0.01510837860405445
-0.0016321731964126227
0.039545740932226174
-0.04494068771600723
-0.03502383083105087
0.09555335342884064
0.07398673146963118
-0.02177396230399609
0.012523150071501732
0.01048372872173786
0.07293425500392915
-0.07884487509727478
-0.00025813712272793055
0.03294123709201813
-0.04618721827864647
-0.12185721844434738
-0.055868737399578094
-0.024325177073478695
-0.06337825208902359
0.018501155078411102
-0.052790597081184394
0.14326994121074677
-0.10884148627519608
0.03937763348221778
-0.037417322397232056
-0.12665164470672607
-0.028517667204141617
-0.031981278210878365
-0.030679527670145035
-0.04112331569194794
-0.013355455361306667
-0.06329488009214401
0.017296968027949333
-0.11297523975372314
-0.015981636941432953
-0.07663638889789581
0.019285913556814197
-0.03319653123617172
-0.05570872500538825
-0.07893362641334532
-0.043878939002752304
0.051414437592029565
-0.051085662096738815
0.04678871855139732
-0.005965189542621374
-0.017945431172847748
0.0010381744941696525
-0.010849974118173122
-0.026447100564837452
-0.09859608113765715
-0.01813140884041786
-0.008385000750422476
-0.12146124243736268
0.0010908829281106591
0.06676480174064636
-0.017173822969198227
0.0703306645154953
-0.007773533929139375
-0.11756080389022829
-0.07498865574598312
-0.05904605612158775
0.05876168981194496
0.09203837066888808
-0.02134537138044834
-0.12080001831054688
0.0606299564242363
0.0425543375313282
0.1042475178837776
-0.0016058475011959672
-0.03308949992060661
0.1218745708465576
0.05804223194718361
-0.058780409395694726
0.0117602851241827
-0.03467104211449623
-0.009845737367868423
0.024820182472467422
-0.00040519202593714
0.0015954080736264586
0.0014032054459676147
-0.03487097844481468
-0.06697076559066772
-0.09193217009305954
0.07753961533308029
-0.07861819863319397
-0.03211392089724541
-0.0327632799744606
0.07311644405126572
0.07366104423999785
0.045841772109270096
0.05781600996851921
0.10264039784669876
0.06555241346359253
-0.07940688729286195
0.01845765858888626
0.0421052984893322
0.000590177602134645
0.00811659451574087
0.11095377802848816
-0.05334151163697243
-0.08227888494729996
-0.035119812935590744
-0.012631799094378948
0.03982478380203247
-0.014502227306365967
0.04027795046567917
-0.1128433495759964
0.062401007860898965
0.15860967338085175
-0.04523362219333649
-0.09754439443349838
-0.054082505404949195
-0.12445822358131409
0.021313548088073727
0.02453453652560711
-0.04585971683263779
-0.05907830223441124
-0.041314322501420975
0.017174145206809044
-0.09272244572639464
0.009976668283343315
-0.024897186085581776
-0.05318628624081612
-0.015590474009513853
0.008589969016611576
-0.020957313477993008
0.012124091386795044
-0.01232508849352598
0.0768294259905815
0.04832357540726662
0.050587985664606094
-0.026652108877897263
-0.0552208386361599
0.040415406227111816
0.06126077100634575
0.08964227885007858
-0.07098374515771866
-0.015925345942378044
-0.06884324550628662
-0.03809979185461997
-0.05003701150417328
0.010966901667416096
0.03957723826169968
0.014188136905431747
-0.0820222944021225
0.008415874093770979
0.03178760036826134
0.06277647614479065
-0.056142475455999374
0.06353840976953505
0.03593813255429268
0.029716532677412037
-0.06256619840860367
0.010763656347990036
-0.10029270499944686
0.044192634522914886
0.01709761656820774
-0.06994529068470001
-0.05616071820259094
0.07534945756196974
0.022963490337133408
-0.04879102110862732
0.002929870504885912
-0.044755689799785614
0.06780024617910385
-0.07462000846862793
0.0008972942596301436
-0.005615837406367064
-0.011519797146320345
-0.05960475653409958
0.024750448763370517
-0.006088668014854193
0.002488786820322275
0.05283929780125617
-0.06606137752532959
-0.0610734261572361
-0.004317849408835173
0.05240410193800926
0.009704285301268099
0.0071137589402496815
-0.018306337296962735
-0.12295994907617568
-0.029923085123300552
-0.06457574665546417
0.09155203402042389
0.022229816764593124
0.029417732730507847
0.04020323231816292
-0.0021879482083022594
0.01670799031853676
0.014968140982091427
0.041465900838375085
0.018180912360548973
-0.05314683169126511
-0.023066492751240727
0.025253530591726303
0.045861314982175834
0.013277504593133926
0.10995791107416152
0.07184898108243942
-0.12387116253376008
-0.0411708913743496
0.09953033924102785
-0.020068509504199028
-0.03827564418315888
-0.026169348508119583
-0.07765446603298187
0.02982666715979576
0.009360430762171744
-0.05499561876058578
-0.016574494540691376
-0.11934350430965424
-0.03273382410407066
0.05950387939810753
-0.0018032590160146356
-0.033244069665670395
-0.09472337365150452
-0.04110228642821312
-0.027507826685905457
0.15702073276042938
0.050995100289583206
0.08667516708374022
-0.05207178369164466
0.006626826245337725
-0.009749455377459526
-0.0362553596496582
0.05064825341105461
-0.054428230971097946
-0.1196579337120056
-0.1176040694117546
0.03394247591495514
0.08445367962121964
0.05364685878157616
0.13492663204669952
0.060091190040111535
-0.07745565474033356
-0.006864206399768591
-0.07415337115526198
-0.023125886917114254
-0.09902511537075041
-0.12112751603126524
0.06363014131784439
0.01818551495671272
0.03482796624302864
0.02814177982509136
0.010890306904911993
0.02685016207396984
-0.07540445029735565
-0.06459809839725494
0.1345418244600296
0.0033283797092735767
-0.004035733174532652
0.014466790482401848
-0.03634203597903252
0.024822659790515896
-0.01737811788916588
0.005471839103847742
-0.03682352975010872
-0.03316010907292366
0.05385492369532585
0.09758295863866806
0.06964237242937088
-0.1184534877538681
-0.06929181516170502
-0.06814418733119965
-0.07466682791709901
0.029323024675250053
0.017737615853548046
-0.06553608179092407
-0.10502088069915771
-0.08724946528673173
-0.09974628686904909
0.05309775099158287
0.0021553621627390385
0.013505470007658005
0.04093177244067192
-0.0007639989489689469
0.07707849144935608
-0.03198462724685669
0.0618060790002346
-0.016702601686120033
0.029691938310861588
-0.07198555022478104
0.0663660317659378
0.041077014058828354
-0.03748264908790588
-0.0012247698614373803
0.0611928328871727
-0.05079227313399314
0.09437955915927888
-0.012290440499782562
-0.057409968227148056
-0.061012174934148795
0.028094250708818436
0.013155578635632992
-0.005445805843919516
-0.020506363362073895
-0.11157493293285368
0.11434153467416765
0.06800104677677155
0.07158912718296051
-0.042753499001264565
0.009611116722226145
0.0749088153243065
0.004547299351543188
0.05656267330050469
-0.08973553031682968
0.1090155690908432
0.008397337049245834
-0.004913156386464833
-0.07583099603652954
0.07566137611865997
0.03560598939657211
-0.032890073955059045
0.015642201527953148
-0.008294695056974886
0.012084795162081718
-0.08508762717247009
-0.017771581187844276
0.12472458183765411
-0.0002373229945078492
0.0576263703405857
-0.07619912177324295
-0.026699844747781757
-0.10977288335561752
0.002567159477621317
-0.06272298097610474
0.02476297691464424
0.073762908577919
0.025606194511055943
0.007455421146005392
0.046436507254838943
-0.07126456499099731
-0.022067628800868988
-0.003468360286206007
-0.00926937721669674
-0.10002118349075316
0.0071038249880075455
0.037408497184515
0.015147097408771513
-0.120228111743927
0.022726261988282204
-0.10339923202991484
-0.02001487836241722
-0.1248290091753006
-0.00011788459960371256
-0.05261021479964256
-0.0804455131292343
0.033672433346509933
-0.017694102600216866
-0.00034518877509981394
0.05163184925913811
-0.11990662664175032
0.034102316945791245
-0.02913254126906395
0.04015811160206795
-0.02047780342400074
-0.033400554209947586
-0.0949629098176956
0.04084644839167594
0.049688618630170815
0.021004969254136086
0.03823748603463173
-0.05448571220040321
-0.05254156515002251
-0.05206570029258728
-0.013593214564025402
0.03738425299525261
0.00595084810629487
0.0389762744307518
-0.055778864771127694
-0.030022984370589256
-0.028838921338319775
0.008923469111323357
-0.04507127031683922
0.07466582953929901
-0.09649775922298431
0.09369212388992307
0.11552522331476212
-0.07209257781505583
0.0005396496271714568
-0.014622580260038376
-0.08805745095014572
0.05892537161707878
0.0596725158393383
0.04665532335639
0.003409686964005232
-0.04272761568427086
0.024260245263576508
-0.0653848648071289
-0.04031982272863388
0.04117749631404877
-0.0648837462067604
-0.061032988131046295
0.06746897101402283
-0.0031250561587512493
-0.08087654411792755
0.03744660690426826
0.0031814821995794773
0.07448895275592805
-0.0208706334233284
0.02365110814571381
0.07103347778320312
0.11323769390583038
0.04357500746846199
-0.010565364733338356
0.10322211682796478
-0.056664247065782554
-0.06676547229290009
0.09562633931636809
0.01769181899726391
-0.058772046118974686
0.09456964582204817
-0.016950272023677822
-0.11893217265605927
0.01801225170493126
0.08475787937641142
0.04420323669910431
-0.08708184212446211
0.04551324248313904
0.06723295152187347
0.05636179819703102
0.06198589131236076
0.005096786189824344
-0.06678840517997742
0.013603434897959232
-0.057489227503538125
0.059434857219457626
-0.09589381515979767
0.0591186173260212
-0.11868655681610107
-0.061116773635149
-0.03024502471089363
0.013713784515857697
-0.10083156824111938
0.03302206471562385
-0.00021136330906301737
0.05593349412083626
0.041728850454092026
0.012598619796335695
0.05341358855366706
0.002500907052308321
0.04861294850707054
-0.053137216717004776
-0.05043415352702141
0.007748075295239688
0.09251113981008528
0.05434087291359901
0.025816773995757103
0.08684246242046355
0.058539073914289474
-0.07034315168857574
0.048167798668146126
-0.06635033339262009
-0.08625254034996031
-0.028314165771007534
-0.11218272149562836
-0.03925814107060432
-0.08517207205295561
-0.006218477617949247
-0.08938421308994293
-0.11104843020439148
-0.04973441734910011
0.019517386332154277
-0.008918472565710545
0.05516110360622407
-0.05483459308743477
-0.0371754914522171
-0.02715010941028595
0.037320751696825034
-0.043522875756025314
0.014233332127332687
-0.07450534403324126
-0.05437616258859634
0.18113835155963895
-0.08735501766204835
-0.06913887709379196
0.02949859574437141
0.036185633391141885
-0.0788145139813423
-0.06282664090394974
0.027493359521031376
0.04222948849201202
-0.0017272602999582887
-0.02596620470285416
-0.011456022039055824
-0.12750877439975739
0.025091441348195076
0.08481468260288239
0.11599661409854888
-0.0849594697356224
0.020277403295040127
-0.12663519382476807
-0.02587496116757393
-0.09815177321434021
0.0020804316736757755
0.028431538492441177
0.11180014908313753
0.08818653225898743
-0.05855853855609894
0.018354021012783047
0.005987942684441805
-0.03621671721339226
-0.03636733442544937
0.10356034338474272
0.08097581565380096
0.04966013133525848
-0.04543003812432289
-0.03026747331023216
0.0869346112012863
0.015849420800805092
0.0699836015701294
-0.10859553515911102
-0.01378137059509754
0.1018545776605606
0.09452280402183533
0.06901852041482925
0.03690764680504799
-0.06252102553844452
0.07331409305334091
-0.06088339164853096
0.003283098805695772
-0.008834758773446083
0.05646653100848198
0.04348337650299072
-0.0568138062953949
-0.05673552677035332
-0.07164448499679565
0.024472692981362343
-0.03364507853984833
0.08673655986785889
-0.12632852792739868
-0.004930782597512008
0.09943599998950958
-0.02079767547547817
0.10143579542636871
-0.0028014271520078182
-0.053106609731912606
0.02059862390160561
-0.08688369393348694
-0.09573882818222045
0.08175045251846313
0.0277998112142086
0.05625759437680245
-0.08201584219932556
0.02596186473965645
-0.11687829345464706
-0.10859893262386322
-0.029430538415908813
-0.031904906034469604
0.11867601424455641
-0.05512389168143272
0.03375595435500145
-0.09703436493873596
-0.041442126035690315
0.029887724667787552
-0.03480735793709755
-0.004365271423012017
-0.0038550668396055694
0.06875532865524292
-0.014160382561385632
-0.0015853174263611436
0.07934156060218811
-0.12113569676876068
0.010027704760432243
0.014651624485850334
-0.047065529972314835
0.10099534690380096
0.03776705265045167
0.022914743050932884
0.0034826486371457577
0.0067515429109334954
-0.024067509919404984
-0.018806738778948784
0.061428368091583245
0.03543521836400032
-0.0017464390257373452
-0.08368026465177536
0.03951647505164146
-0.09678678214550017
-0.08760984241962431
-0.011702502146363258
0.053437490016222
-0.024144262075424194
-0.02142353355884552
-0.07912233471870422
-0.11212459951639175
0.0912618488073349
-0.008366195484995844
0.05481158569455146
-0.054065246134996414
0.03308185935020447
-0.04897570610046387
0.03164109215140343
0.018495932221412655
0.04179757460951805
0.06280305981636047
0.0694413110613823
0.003101990092545748
-0.02660999074578285
0.0316191241145134
0.1000714972615242
-0.0005534623051062225
-0.12575297057628632
0.005694697145372629
0.003100323025137186
-0.050394315272569656
0.09579903632402419
0.006770710926502943
-0.004717202391475439
-0.00484249135479331
0.14754348993301392
0.02279779314994812
-0.013559238985180855
0.007619383279234171
0.04652411118149757
-0.010816271416842936
0.037189736962318413
0.05757381021976471
-0.023408371955156326
-0.10446113348007202
-0.07319252192974089
-0.13298408687114716
-0.10079995542764664
0.015143987722694872
0.03473248705267906
-0.10280778259038924
-0.0987798273563385
0.016298379749059677
-0.04802608862519264
0.06445780396461487
-0.036802083253860474
-0.0485675223171711
0.00029972789343446493
-0.05824906751513481
0.05574830621480942
-0.0794551819562912
0.05556686967611313
0.06892731040716171
-0.11070847511291504
0.0669284462928772
0.040341880172491074
0.01834004931151867
0.0035427329130470753
0.09167049825191498
0.03842421993613243
0.08208295702934265
-0.02495664171874523
-0.10527727007865904
-0.028127400204539296
-0.1191873699426651
-0.07596705108880995
-0.11341387033462524
0.02700651437044144
0.009612094610929487
0.03838106617331505
-0.00158552557695657
0.10907204449176788
-0.01971257105469704
0.024671467021107677
0.03828999027609825
-0.012119468301534653
-0.010677418671548367
-0.037531692534685135
-0.08760005235671997
0.019528741016983982
-0.003196056466549635
-0.05057993903756142
0.021677885204553604
-0.01393994502723217
-0.10836607217788696
-0.05185054987668991
0.021314848214387894
-0.04273993521928787
0.0060240370221436015
-0.05546360835433006
-0.07979589700698851
0.008491214364767073
0.047276172786951065
0.029115105047822
-0.07648448646068574
-0.10873147845268248
0.11115343123674391
-0.05178489163517952
-0.120740607380867
-0.05630133673548698
0.01637323945760727
-0.05353657528758049
-0.06683595478534697
-0.04353062435984612
0.02120073698461056
0.026319067925214767
-0.002726965118199587
0.02723805420100689
-0.01879860833287239
-0.06796033680438995
-0.11543172597885132
0.04500762373209
-0.025273187085986137
-0.015035655349493027
-0.006490956526249647
0.007410803344100714
0.03302241489291191
0.025118738412857052
-0.031415197998285294
-0.032739873975515366
0.15516166388988495
-0.07982808351516724
-0.03949498012661934
0.038553595542907715
-0.11197730898857115
-0.1002417504787445
0.1040339544415474
0.04386786743998528
0.008683847263455393
0.002596254926174879
-0.03830656036734581
-0.08294776827096939
-0.0971275717020035
0.06102142855525017
0.09377959370613098
0.11888718605041504
-0.05348671600222588
0.04182860627770424
0.09385210275650024
0.050822120159864426
0.12816858291625977
0.03208482265472412
-0.023715628311038017
-0.06693758070468903
0.03397743031382561
0.025383522734045982
-0.11128348857164382
-0.0934266597032547
0.046785451471805566
-0.07932569086551666
0.0003213308518752456
-0.03157055005431175
-0.08690884709358214
-0.02952439524233341
0.09244486689567566
0.034379493445158005
-0.025133587419986725
-0.03638685867190361
-0.031828593462705605
0.03367974981665611
0.040481604635715485
0.12413940578699112
-0.06963740289211273
0.08949185162782669
-0.05319637432694435
-0.0005883403355255723
-0.08734937012195587
0.04716322198510169
-0.08544037491083145
0.09695225954055786
-0.06744171679019928
-0.10221652686595915
-0.04148892313241959
-0.06039569526910782
-0.0040280562825500965
-0.005613760557025671
-0.027499007061123848
-0.1114121600985527
-0.09632685780525208
0.054391618818044656
-0.02602257765829563
-0.09832426905632019
-0.027819640934467316
-0.0705280750989914
-0.03949955105781555
-0.033797383308410645
-0.03423525020480156
0.03547852858901024
0.07802409678697586
-0.06526405364274979
-0.11593961715698242
0.015387374907732008
0.05651555955410004
0.10955870151519775
-0.0076921903528273106
0.06567684561014175
0.040711697190999985
0.06700819730758667
-0.10150013118982316
0.01059684995561838
0.009121071547269821
0.00593586778268218
-0.05962391570210457
0.06809955835342407
-0.041473794728517525
-0.05116667225956917
0.010108321905136108
-0.05299353227019309
-0.00952522363513708
0.05605827271938324
-0.003036439884454012
-0.018204685300588608
-0.05686934292316437
0.003020265605300665
0.029281731694936752
-0.05472606047987938
0.05027687922120094
0.04778518155217171
-0.06452027708292007
0.04214531183242798
-0.011254317127168179
-0.03878349438309669
0.10303833335638046
-0.018355071544647217
-0.02185685187578201
0.011997925117611883
0.06042700633406639
-0.05206667259335518
0.040198441594839096
-0.11212489008903503
-0.033149946480989456
-0.05259406939148903
-0.044074568897485726
-0.018581900745630264
-0.01778212934732437
0.008317220956087112
-0.010432852432131767
0.12372705340385436
0.03977810218930245
0.045024052262306206
-0.044516947120428085
-0.0005640477174893022
0.0037180655635893345
-0.05855508893728256
0.016525378450751305
-0.07814712822437286
0.1527554839849472
-0.05187901854515076
0.1211121529340744
-0.025210419669747353
0.03248899430036545
-0.011642102152109146
0.006443405989557505
0.03457524999976158
-0.007467958610504866
-0.006617871578782797
0.17462287843227386
-0.02175483852624893
0.15663890540599823
0.14600376784801483
0.03416008874773979
-0.012330537661910055
0.04062424972653389
-0.07424046844244003
-0.11387757956981658
-0.038904819637537
-0.1183844655752182
0.09717191755771637
-0.07491981238126753
-0.06305503845214844
0.04979529604315758
0.03649303317070007
0.050850775092840195
0.06739187240600586
-0.01635189726948738
0.06894717365503311
-0.04865726456046104
0.05071859434247017
0.1451825052499771
0.029438184574246407
0.059797871857881546
-0.03586071729660034
-0.07718652486801147
0.013901972211897371
-0.0049008759669959545
-0.015476446598768234
-0.0420260839164257
0.011194882914423943
-0.07861550897359848
-0.11274301260709763
0.08617950230836867
0.008303873240947723
-0.03871089592576026
-0.022086692973971367
0.03554004058241844
-0.028244495391845703
-0.10946640372276306
-0.04700766876339912
-0.014777209609746931
-0.028598843142390248
-0.0010713167721405623
-0.05466738715767861
-0.055938959121704095
0.005760389845818281
0.0825316309928894
-0.07372674345970154
-0.10388967394828796
0.012236429378390312
-0.020453367382287976
-0.09843829274177553
-0.07328271120786665
0.05009150505065917
0.09124565124511719
0.01833303272724152
-0.06890197098255157
-0.010766785591840744
0.1051456555724144
-0.014309162274003027
-0.0022090612910687923
-0.009843744337558746
-0.0043612453155219555
-0.08173081278800963
-0.053367055952548974
-0.025896670296788212
0.006824801210314035
0.02845325879752636
0.0646248534321785
-0.08886068314313889
-0.06305234134197235
0.019214438274502758
-0.028225447982549667
0.008542942814528942
-0.04067244008183479
0.07215484976768492
-0.09155207872390748
0.02495132014155388
-0.05544587597250938
-0.003179560881108045
-0.04481721296906471
-0.033434849232435226
-0.09866300225257872
0.04227740317583084
-0.02336946874856949
0.021879516541957852
-0.12302624434232712
0.019047433510422703
-0.12511341273784635
-0.026631955057382584
0.011022744700312614
0.008541595190763474
0.0051901345141232005
0.010256350971758364
-0.03591183200478554
-0.06055059656500816
-0.015266908332705496
0.05471163615584373
-0.08551713079214096
0.03875578194856644
0.07811804115772246
-0.06204560026526451
0.02037454955279827
-0.013258901424705982
-0.04748769849538803
-0.09388289600610733
0.040900524705648415
0.0473833940923214
0.02141193300485611
-0.09356571733951569
-0.016969092190265656
0.04135311022400856
-0.05120847001671791
-0.0772043541073799
-0.039150454103946686
-0.01578129455447197
0.03821878507733345
-0.03942115604877472
-0.08367778360843657
0.003329650033265352
0.09378378838300705
-0.008442336693406105
0.045104417949914925
-0.09225304424762723
-0.08118056505918503
0.08424622565507887
-0.017631037160754204
0.011573904193937778
-0.016566868871450424
0.06168338283896446
0.04512874409556389
0.04119211807847023
0.03331495448946953
-0.028908807784318924
-0.007245411630719901
-0.024294169619679448
-0.0003244556719437241
0.006768935825675726
-0.09859435260295871
-0.054289937019348145
0.037424106150865555
0.04964067414402962
-0.0306052528321743
-0.019856680184602737
-0.05382250994443893
0.09298893809318542
-0.1026817113161087
-0.008704572916030884
-0.020526450127363205
0.09747742861509325
-0.07599896192550659
-0.054068248718976974
-0.05530567839741706
0.037043895572423935
-0.008936053141951561
0.0212726965546608
-0.1102662831544876
0.02713469788432121
-0.007337117101997138
0.08097416162490845
-0.07572070509195326
-0.1317893862724304
0.027584504336118695
0.012637913227081299
0.06193766742944717
-0.08203364908695221
0.02774753049015999
-0.0571308434009552
0.007999054156243801
0.0812032073736191
0.01901750825345516
0.0802919715642929
0.059213850647211075
-0.021063081920146946
0.03683723136782646
-0.01473909243941307
-0.015849636867642403
-0.008127741515636444
-0.029588419944047928
0.08051456511020659
-0.017291737720370293
-0.01141786016523838
0.033278197050094604
-0.047040652483701706
0.13799503445625305
0.07861530780792236
0.11001686751842497
-0.048959601670503616
0.07152373343706131
-0.07909812033176422
0.0180403646081686
0.005955657456070185
0.01855768077075481
0.02055705338716507
0.027913384139537808
-0.019593924283981323
-0.09486666321754456
0.04816724732518196
0.044116634875535965
0.1258147805929184
0.00987537205219269
-0.011203072965145113
-0.05334603786468506
-0.1250789612531662
-0.06114938482642174
-0.05214124545454978
0.06077342107892037
0.032180652022361755
-0.020263394340872765
0.023728843778371807
-0.020922547206282612
-0.029921796172857285
0.057011600583791726
-0.0068078371696174145
0.016456464305520058
-0.005017819814383984
-0.09751456975936888
-0.02327040582895279
0.18075287342071533
-0.04691857844591141
0.08499612659215926
0.11615931987762453
-0.014461154118180273
0.07853490859270096
0.05352899804711342
0.018613550812006
-0.06796705722808838
-0.07928632199764252
0.0900593250989914
0.026961550116539
0.08140775561332703
-0.0614459402859211
-0.047272633761167526
0.028881344944238663
0.07612122595310211
0.02625236846506596
-0.049621503800153725
-0.035186849534511566
0.015189588069915771
-0.021787861362099648
0.0617220550775528
-0.023080434650182724
-0.04590805992484093
-0.00741482013836503
0.04842914268374443
-0.05032019689679146
0.015494488179683684
-0.09339100122451782
-0.004889802541583776
0.0641111508011818
-0.005434738006442784
-0.01936565153300762
-0.001908149220980704
-0.07321412861347198
0.017546389251947403
-0.05977451428771018
-0.03151959553360939
-0.10138535499572753
-0.05215378850698471
0.06433503329753876
-0.09137967228889464
-0.009611466899514198
0.032067809253931046
0.06933947652578354
-0.09311223030090333
-0.006882676389068365
0.059292696416378014
-0.08440697938203812
0.026133025065064434
0.03969702497124672
-0.021637026220560077
-0.09788843244314192
-0.0009924132609739902
-0.10385671257972716
0.03127540647983551
0.08516121655702592
-0.029138846322894096
0.022784095257520676
0.02403943240642548
0.019042542204260823
-0.006564391311258078
-0.006467801984399557
0.008085653185844421
0.019196437671780583
-0.021820709109306332
-0.06335388123989105
-0.09799039363861087
0.012089680880308151
0.007073984015733004
0.11634767055511475
0.0001312963431701064
-0.08788810670375824
0.04848792776465416
-0.08362419903278352
0.09920272976160048
0.0021590334363281727
-0.07729998230934143
0.11390620470046996
-0.05535683408379554
0.10403130948543549
0.07201936095952988
-0.09563204646110535
0.007710136938840151
-0.09272097051143646
0.005403643939644097
0.09555639326572418
-0.10151754319667816
-0.09348154067993165
0.003903786186128855
-0.11007891595363616
-0.02620294503867626
0.014316100627183914
-0.015891278162598606
-0.08873433619737625
-0.015574943274259567
0.06256192922592163
-0.0898982509970665
-0.0585034005343914
0.025967085734009743
0.07010482251644135
-0.015228431671857832
-0.025187209248542786
-0.015865197405219078
0.059011295437812805
-0.01666058413684368
0.06457129865884781
-0.008790697902441025
0.0066351029090583324
-0.06604930758476257
0.026405001059174538
0.07269060611724852
-0.012192961759865284
0.126548171043396
0.012033114209771156
0.060826491564512246
0.08538077771663666
0.10088437795639038
-0.024968089535832405
0.0483778826892376
-0.03227074816823006
0.045011892914772034
0.008580129593610764
0.13834473490715027
-0.09154948592185974
-0.11506019532680511
0.12935730814933777
-0.09373429417610168
-0.024030130356550217
-0.028207726776599884
-0.05088460072875023
0.08574768900871277
0.06034903600811958
-0.061061736196279526
0.049661416560411446
0.020138753578066822
0.03131398186087608
-0.017691029235720634
-0.046405792236328125
-0.1038120910525322
-0.019461898133158684
0.10553394258022308
0.07387031614780426
-0.024984240531921383
-0.05226028338074684
0.014599383808672428
0.06227655336260796
0.0736272931098938
0.036012262105941766
0.08939769864082336
-0.1155788004398346
-0.03029553964734077
0.04948180168867111
0.03963025286793709
-0.11041562259197236
0.10630705952644348
-0.007439104374498128
-0.010037332773208618
-0.04519692063331604
0.08276271820068358
-0.04217657819390297
-0.05729317665100098
-0.03059544786810875
0.05631642043590546
-0.027566708624362946
-0.03685667365789413
0.09040740132331848
-0.01608443073928356
-0.0976065918803215
-0.11290222406387328
0.1155271902680397
-0.014969360083341599
-0.0559326708316803
0.047335784882307046
0.06035241857171059
-0.0002951897913590073
0.001888489699922502
-0.014034558087587357
0.03172202408313751
-0.03821844980120658
0.02741159498691559
0.0002717770403251052
0.02706938423216343
0.02145540714263916
0.04211309924721718
-0.09620501846075058
0.015482688322663307
0.02426629140973091
-0.06264997273683548
-0.09496844559907912
0.007353509310632944
-0.014217353425920008
-0.0793774351477623
0.061280250549316406
0.025243893265724186
0.02321244776248932
0.10215083509683608
0.041317138820886605
-0.003227811772376299
0.04589172825217247
-0.07582855969667433
-0.0640423595905304
-0.03849364444613457
-0.07009001821279526
0.013952100649476051
-0.0552845261991024
0.06110363081097602
-0.051174890249967575
0.09547625482082368
-0.03967650607228279
0.04103030636906624
0.01593203842639923
0.17546048760414124
-0.06633281707763672
0.0013793878024443984
-0.1082179769873619
0.08926185965538026
-0.1279762089252472
-0.004069752525538206
-0.1130031794309616
0.019089439883828163
0.019518915563821793
0.09018299728631972
0.0015075098490342496
-0.020657096058130264
0.019513655453920364
0.012743838131427763
0.01980833150446415
-0.05919601395726204
-0.016103560104966164
0.007772082928568125
-0.020273230969905853
-0.004132754635065794
-0.08296598494052888
-0.08086754381656647
-0.1056790053844452
0.02612404152750969
-0.11211948841810226
-0.08103594183921814
-0.030802428722381592
-0.10228945314884184
-0.04017663374543191
0.034054823219776154
-0.018559753894805908
-0.04589276015758514
-0.037841375917196274
0.0009049571817740798
-0.051486272364854806
-0.03509626165032387
-0.0063568628393113604
0.10329595208168028
-0.034585997462272644
-0.004272883292287588
-0.026293676346540448
-0.014589721336960793
-0.059207674115896225
0.019673690199851986
0.07182784378528595
-0.09380508214235304
-0.06598987430334091
0.012642893940210342
0.0014671537792310119
0.07177438586950302
-0.07007981091737747
-0.00577804958447814
0.03209766000509262
-0.07941776514053343
-0.051096078008413315
-0.03581375256180763
-0.06746870279312134
-0.0684419497847557
0.1593852937221527
0.07051330804824829
-0.016829222440719604
-0.05456873029470444
0.01464325562119484
0.057658955454826355
-0.033076975494623184
-0.10780240595340727
-0.0024158633314073086
-0.08257827162742615
0.03389761969447136
-0.05608077719807625
0.04300597310066223
0.017708489671349525
-0.08651496469974518
0.10850143432617188
-0.01440729573369026
0.022378571331501007
-0.09464748203754424
-0.029840171337127686
0.03293165937066078
0.012389279901981352
-0.041007015854120255
0.011954500339925287
0.016548873856663704
-0.03205778822302818
-0.040590595453977585
0.03231468051671982
-0.003976547624915838
-0.000671123736537993
0.03907928988337517
0.04626423493027687
0.031174842268228527
0.05963141843676567
0.1361638605594635
-0.005511106457561255
-0.042691633105278015
0.03997261077165604
-0.011510804295539856
0.00787770003080368
0.019054207950830456
-0.03727125748991966
-0.04385614022612572
0.030124610289931297
-0.019999872893095016
0.0942063182592392
-0.014722008258104324
0.02784908376634121
-0.11833856254816057
-0.04655767604708672
-0.08092877268791199
-0.060476090759038925
0.0687650814652443
-0.01415970642119646
0.01048868428915739
-0.08392949402332307
0.010983383283019064
-0.024637725204229355
0.040311269462108605
0.049066536128520966
0.03134705871343613
-0.012643964029848576
0.09572944045066832
0.03798958286643028
-0.027089059352874756
-0.03579127416014671
-0.09108989685773848
-0.006194835063070059
-0.027117572724819183
-0.08357995748519897
-0.07361239939928055
0.02962888963520527
-0.026519061997532845
-0.09342239052057266
0.06045345962047577
0.027551302686333656
-0.07872304320335388
0.06137222796678543
-0.07970907539129257
-0.004784307908266784
0.11441597342491149
0.06665430217981339
0.06505895406007767
-0.10155553370714188
0.04749235883355141
0.07696555554866791
-0.09280965477228163
0.0677320659160614
-0.06068314239382744
-0.010439972393214703
0.03899170085787773
0.06157984957098961
0.0865183174610138
0.015535950660705566
0.11483459919691084
-0.10700952261686324
-0.034739453345537186
-0.05451888218522072
-0.06974425166845322
-0.016313105821609497
-0.10813158750534056
-0.047182779759168625
0.01101221889257431
-0.004144660662859678
-0.009983960539102554
0.07142380625009537
-0.01510518416762352
-0.10802777856588364
0.048557747155427926
-0.048258285969495766
0.06738092750310898
-0.0674462765455246
-0.07577961683273315
0.031222451478242878
0.0030721141956746574
0.011598397977650164
-0.1261819154024124
-0.018222242593765255
-0.07348088920116425
-0.057765968143939965
0.0263077225536108
-0.0771995261311531
-0.021303337067365646
-0.05648386105895042
-0.03339673951268196
0.01805911399424076
-0.06822343170642853
-0.07185953110456467
-0.034473445266485214
-0.009591815993189812
0.08608198165893553
-0.029006738215684887
0.05143149942159653
-0.035221803933382034
0.04829290881752968
-0.11932305991649628
-0.001606298261322081
-0.098709374666214
0.0215277336537838
0.002823550719767809
-0.031247075647115707
0.03549793362617493
0.03258837014436722
-0.04056409373879433
-0.0317358635365963
-0.11004124581813812
0.011827630922198296
-0.05249546840786934
0.03172597289085388
0.01877487823367119
0.011870884336531162
-0.085213303565979
-0.02957116439938545
-0.004003578331321478
-0.011343447491526604
0.019825484603643417
0.1061943992972374
-0.01950271800160408
0.011251304298639296
0.02095402404665947
-0.0750574842095375
-0.10276081413030624
0.02489291131496429
0.11658940464258193
-0.045541536062955856
0.042019832879304886
-0.0297724399715662
-0.01767973229289055
-0.0704493597149849
0.12030520290136336
0.08162277936935423
-0.017752792686223984
-0.0058476622216403484
0.06964997947216034
-0.09763216972351074
-0.0017931308830156922
0.07875621318817137
0.046040501445531845
0.023816192522645
0.11789885908365248
0.032965026795864105
-0.05884852260351181
-0.0673755556344986
0.1231572777032852
-0.005483383778482676
-0.002594799268990755
-0.0116829052567482
-0.02332664653658867
-0.07296349108219145
0.042237866669893265
-0.10824625194072723
0.02437390759587288
0.006851373706012964
0.02705451287329197
-0.0231923833489418
0.04094178974628448
-0.03582724556326866
-0.05257417634129524
-0.08135132491588593
-0.011037180200219154
-0.01591174118220806
-0.05950216948986053
0.04299609735608101
-0.03377294912934303
-0.03908758610486984
0.0177950207144022
-0.01153450645506382
0.09446264803409576
-0.06882618367671967
-0.003747416194528341
0.050437577068805695
0.03633587807416916
-0.019205832853913307
-0.0838950499892235
-0.056888360530138016
-0.053834643214941025
0.033061038702726364
-0.05417919531464577
-0.01760825701057911
0.06970211118459702
-0.07562030851840974
-0.09194298088550568
0.06055574491620064
-0.07465499639511107
-0.08449700474739073
-0.0064607630483806125
-0.015629565343260765
0.04944678768515586
-0.012540627270936964
-0.080502450466156
0.08553851395845413
-0.10738177597522736
-0.070314422249794
0.06118648126721382
0.07201255112886429
0.015379011631011961
0.08328202366828918
0.031365036964416504
0.05720713734626769
0.013986177742481232
0.035333674401044846
-0.04853173717856407
-0.06604999303817749
-0.048493575304746635
-0.027553049847483635
0.025524521246552467
0.02084062807261944
-0.06084494665265083
0.023655157536268238
-0.05489401146769524
0.02124954015016556
0.016274845227599144
0.1306818127632141
-0.004129061475396156
-0.03125803545117378
0.010752813890576363
0.0010484628146514297
-0.0962775945663452
-0.12135259807109831
-0.0355830155313015
0.04575159400701522
0.06113697960972785
0.06989317387342453
-0.03757781535387039
-0.04814242199063301
0.0026406212709844112
-0.02703154645860195
0.09129835665225983
-0.10188257694244383
-0.10365787148475646
-0.02017294988036156
-0.037160903215408325
-0.06187045946717262
-0.05421682074666023
-0.03129042312502861
0.06849885731935501
-0.04924795776605606
-0.0013711765641346572
0.009912107139825823
-0.12612275779247284
-0.06833066791296005
0.11107165366411208
-0.022000471130013462
0.05581212416291237
-0.05416659638285637
-0.12333332747220992
0.018107932060956955
-0.07374819368124008
0.09823665022850035
-0.02909509278833866
-0.0067665367387235165
0.03669438883662224
-0.03379680588841438
0.05713416263461113
0.047606255859136574
-0.02123258262872696
-0.07097727805376053
0.004312484059482813
-0.10091608762741087
-0.00483781797811389
0.025460537523031235
0.017207127064466476
0.09668796509504318
-0.035266365855932236
-0.04562417045235634
-0.01361890323460102
-0.07037948071956635
-0.023952428251504895
-0.040435366332530975
0.02126597613096237
0.012172347865998743
-0.0337303951382637
0.02994152158498764
-0.06236620619893073
0.05107444152235985
0.0032366453669965267
0.08172911405563353
-0.11404529213905334
0.09204128384590149
0.01379815861582756
0.05556360259652138
0.03900762274861336
-0.014155803248286247
-0.06170117482542992
-0.03295978903770447
0.0016439094906672835
-0.02917652018368244
0.0893325060606003
0.11732669174671172
-0.01341851893812418
0.021211344748735428
0.07693292945623398
0.01358046755194664
0.022683393210172653
0.09990924596786499
-0.043246816843748086
-0.011906364932656288
-0.03227829933166504
-0.05569644644856453
0.01597684435546398
-0.07097983360290527
-0.06508893519639969
-0.020166104659438133
-0.04284542426466942
-0.008804737590253353
0.10277117788791656
0.11265711486339568
-0.0013421863550320268
0.012515004724264143
-0.017831338569521904
-0.009642887860536575
-0.12770353257656095
0.03330790251493453
0.095701664686203
0.01768925040960312
0.02337217330932617
-0.02133864536881447
0.07031193375587463
0.06453877687454224
-0.11276564002037048
0.046442348510026925
0.07654415816068649
-0.04249177500605583
-0.018165607005357742
0.11113345623016356
-0.07980503886938095
-0.11869117617607115
-0.034504979848861694
0.09627889096736911
0.07744073122739792
-0.002446827944368124
0.037172574549913406
-0.07185909152030945
-0.02401322871446609
-0.07222600281238557
0.04423295706510544
-0.0783466100692749
0.1487394422292709
0.07440130412578583
-0.010978196747601032
0.0504850409924984
-0.05090626701712608
-0.08458007872104643
-0.031187962740659717
-0.05407017841935158
0.04539938271045685
0.11968004703521729
-0.04381781071424484
-0.010732838883996008
0.05552490428090096
0.07723450660705566
0.014976030215620995
-0.0421377457678318
0.03370850905776024
-0.023451779037714005
-0.016617625951766968
-0.05938389524817467
-0.04078834876418114
0.01194864511489868
-0.014858659356832504
-0.04090319946408272
0.08805812895298003
-0.0668235719203949
-0.013485427014529703
-0.11785094439983368
-0.1197703704237938
-0.03344613313674927
-0.04194500669836997
0.018393395468592644
-0.016179297119379044
-0.0138334846124053
-0.013342319056391716
-0.05019381269812584
-0.053037874400615685
0.14226296544075012
0.05595315992832184
-0.05491281300783157
0.059417832642793655
0.006965282838791609
0.007759513799101113
0.10348108410835266
-0.07106125354766846
0.0165389496833086
-0.031801026314496994
-0.025513701140880585
-0.11308207362890244
-0.09747886657714845
-0.01721767708659172
0.14112673699855804
-0.11609086394309996
-0.01928386464715004
-0.018606131896376606
0.02412061393260956
-0.03979024663567543
0.023024320602416992
0.08980478346347807
-0.037108514457941055
0.00040195544715970755
0.013337180018424988
0.16591422259807587
-0.08066146075725555
-0.04258695244789124
-0.10113115608692168
-0.10222344100475313
-0.0036729867570102206
-0.05779406800866127
0.02948155626654625
0.019923511892557144
0.0017134001245722175
-0.015745341777801514
0.0076867849566042415
0.07028326392173767
0.013209708966314793
-0.017263256013393402
-0.08995231986045837
-0.08999519050121307
0.05314778164029121
0.07000498473644257
-0.03323134407401085
0.09783153980970383
-0.07131300866603851
-0.04243040829896927
0.11088525503873824
0.0034033437259495254
0.05669621005654335
-0.04554243013262749
-0.05477087572216988
-0.12832807004451752
-0.03686217218637466
0.12954013049602509
0.09593365341424942
-0.02434246428310871
0.061343207955360406
0.06484730541706085
0.1170213147997856
-0.03258490934967995
-0.09987674653530122
-0.08271902054548262
0.11207807064056396
0.0010548963909968732
-0.07608872652053833
-0.049099761992692954
-0.05518979579210281
-0.1010354608297348
-0.07080842554569244
0.04471981897950173
-0.0019383603939786556
-0.07102567702531815
0.03706621751189232
-0.08671999722719193
-0.03626513853669167
-0.08279354870319366
-0.022464361041784286
-0.02004631608724594
-0.008229114115238188
0.03499064967036247
-0.02738909423351288
0.02312050573527813
-0.10934481024742126
0.004284129943698645
-0.11530439555644988
-0.0005276628071442246
0.06572321802377701
-0.08722075074911116
0.02629400789737701
-0.021480726078152657
-0.12524881958961487
0.0721411108970642
-0.02037020213901997
0.004232718609273434
-0.05158426985144615
-0.10262534767389296
0.0015173725550994277
0.0763283520936966
-0.03343812003731728
-0.05116572231054305
0.01979199983179569
-0.009873051196336746
-0.0550222285091877
0.029726782813668248
-0.1150079146027565
0.003929912112653256
0.03404257446527481
0.0237417034804821
-0.10720784962177277
-0.09404705464839937
-0.017123548313975334
-0.0767795592546463
-0.12093427777290344
0.026552725583314892
-0.06187858805060387
-0.12292377650737762
-0.002928653266280889
-0.033031828701496124
0.01743473671376705
-0.02404913678765297
0.055387336760759354
-0.062375497072935104
-0.024303007870912552
-0.059021573513746255
-0.05465253069996834
-0.07362352311611174
-0.06538373231887817
0.057156600058078766
-0.03570633754134178
0.003592256922274828
-0.02779950015246868
-0.04063254967331886
-0.06532768905162811
0.06747017800807953
0.08024019002914429
-0.046361442655324936
0.027475193142890927
0.10535120218992232
0.04531139135360718
-0.05640695244073868
0.1167495995759964
-0.04412264749407768
0.004886523354798555
-0.014308519661426544
0.04594144225120544
0.0427374541759491
-0.00018900597933679816
0.034417059272527695
-0.03156718984246253
0.011497680097818375
-0.05470331013202667
-0.11801404505968092
0.04450955614447594
-0.05241822823882103
0.04481476917862892
-0.027228936553001404
0.009615199640393255
0.056978315114974976
0.09854058921337128
0.03847706317901611
0.04502806439995766
0.011678917333483696
0.011131092905998228
0.09146705269813536
0.04143644496798515
0.019142553210258484
0.046482164412736886
0.03182456269860268
-0.016580849885940552
0.005708436015993357
-0.065814308822155
-0.04603951051831245
0.021337255835533146
0.03881998732686042
0.04954775795340537
-0.0315655842423439
-0.025831958279013637
-0.028751710429787636
-0.019118361175060272
0.04204196110367775
-0.006366317626088858
0.042234119027853005
0.0495595596730709
0.10954496264457703
-0.06631641089916229
0.10176973044872284
0.004800552036613226
-0.020262427628040317
-0.0913228839635849
0.031295791268348694
-0.013822303153574467
-0.03836207464337349
0.06893772631883621
-0.025622226297855377
-0.01730804704129696
-0.04506069049239159
-0.02178805135190487
-0.028205065056681636
-0.06643235683441162
-0.03772685304284096
0.09786346554756163
0.09102258831262589
-0.09002940356731415
-0.014891786500811577
0.008223524317145348
0.08527319878339766
0.173409566283226
0.05620083585381508
0.10375792533159256
-0.02520708367228508
-0.112697072327137
0.00432666065171361
0.0360541008412838
-0.015101006254553795
-0.11452005803585052
0.03930842503905296
-0.039623960852622986
0.10294193029403687
0.06042668595910072
-0.05922015011310577
-0.10307925939559937
0.021050967276096344
-0.0980922058224678
-0.00760278245434165
0.017299234867095947
-0.07115108519792557
0.08037985116243361
0.05697140097618103
-0.04736458510160446
0.019152848049998283
-0.04170549660921097
-0.04347046837210655
-0.11243117600679396
-0.036652114242315285
-0.07527401298284529
0.03777172043919563
-0.003850703127682209
-0.12041780352592468
-0.062492091208696365
0.031843796372413635
0.07476159185171126
0.04554463550448418
-0.042879268527030945
0.1096951887011528
0.09207651764154434
-0.030502017587423325
0.04061154276132584
-0.06508436799049377
-0.08611885458230972
0.032221075147390366
0.10300326347351074
-0.03921541944146156
0.025561545044183728
-0.050160616636276245
0.041411016136407845
-0.014222405850887299
-0.02148425206542015
0.06953199952840805
-0.0609041154384613
0.04529142752289772
-0.06428952515125275
-0.08636152744293213
-0.12115877121686935
-0.08698076009750366
-0.07022996246814728
0.003755975980311632
-0.03049631044268608
0.0042354543693363675
0.0022885012440383434
-0.06590232998132706
0.05361642315983772
-0.03962499275803565
-0.045684311538934715
0.025309348478913307
0.021768594160676
0.08871705830097198
-0.02417321503162384
0.1113572046160698
-0.01017066091299057
0.038964591920375824
-0.04742905125021935
0.016062410548329353
0.028062533587217327
-0.04321994259953498
0.04665147140622138
0.01370640192180872
-0.05852163955569267
0.05632596090435982
-0.09060679376125336
0.02832913398742676
0.03266574814915657
-0.05645370855927467
-0.004753318149596453
-0.04511963203549385
0.14642666280269623
-0.09609080106019971
-0.06056446954607964
-0.014766551554203032
0.009314222261309624
0.09927785396575928
0.052726160734891885
0.20521877706050873
0.02320488542318344
-0.0716235414147377
-0.030204918235540393
0.0003878189017996192
-0.09645940363407136
0.060671065002679825
-0.00812116451561451
0.08563952893018721
0.05158219113945961
-0.027468202635645863
0.031282633543014526
0.04557310789823532
-0.115217924118042
0.025824371725320816
-0.024404479190707207
-0.04198630526661873
0.006069366354495287
-0.009320433251559734
-0.0356118343770504
-0.03182138875126839
-0.06160581484436989
-0.050078634172677994
0.01775227300822735
-0.00822000578045845
0.02053393051028252
0.010690763592720032
0.06912842392921448
0.022024314850568768
-0.12137363106012344
-0.010993806645274162
-0.04463990777730942
-0.020525481551885605
0.029104921966791153
0.007239718455821275
0.08274044841527939
-0.00171683041844517
-0.021633589640259743
-0.0014924589777365327
-0.046256233006715775
-0.10822311788797379
0.009326752275228499
0.046958934515714645
0.0280936099588871
0.048212680965662
-0.06025851890444756
-0.059631992131471634
0.04259062185883521
-0.0627959817647934
-0.11987722665071487
0.1223212108016014
-0.0038239834830164905
-0.04400916397571564
0.01905240304768085
0.06019777059555054
-0.12725567817687988
0.046867765486240394
0.012482684105634688
-0.01954727992415428
-0.01021476835012436
0.03642890602350234
0.06528181582689285
-0.04752112179994583
0.0046157012693583965
-0.019444186240434647
-0.03521738573908806
0.04877391830086708
-0.0851430669426918
0.034184303134679794
-0.08488501608371735
0.06112898513674736
-0.027505543082952496
-0.030744899064302444
-0.061315510421991355
0.0315692164003849
-0.010661013424396513
0.035490412265062325
0.02941746637225151
0.0454511009156704
-0.022560754790902134
-0.032007146626710885
-0.12647627294063568
0.07747799903154373
-0.03693783655762672
-0.010928573086857796
-0.05836652219295502
0.055729862302541726
0.028300508856773376
-0.02280443534255028
-0.03756238147616386
0.027093525975942608
0.024098580703139305
-0.0013360247248783708
-0.05860990285873413
-0.02467942237854004
0.02355070225894451
-0.03147665038704872
-0.040792930871248245
-0.07357674837112425
-0.03970210999250412
-0.08633024990558624
-0.02480397373437881
0.028483964502811432
0.057133954018354416
0.058746084570884705
0.017862264066934586
-0.005034822504967451
0.027883835136890408
0.010331686586141586
0.028416283428668972
-0.0428425632417202
-0.08268266916275024
0.08299059420824051
-0.08978773653507233
0.04902675002813339
-0.07311287522315979
0.0372651033103466
-0.0873778387904167
0.08892592787742615
-0.06013701483607292
-0.05075922980904579
0.0022598062641918655
-0.04789063706994057
-0.02576708234846592
-0.0628887265920639
-0.09293005615472792
-0.010604118928313255
-0.09330952912569046
0.06318097561597824
0.04399627819657326
0.006689656991511583
0.0034659286029636856
-0.03843279555439949
0.005018045660108328
-0.036996427923440926
0.010810988955199718
-0.04937710985541344
-0.03806685283780097
0.0675392895936966
-0.010516355745494364
-0.10726761817932128
0.013355225324630736
0.008983667939901352
0.04606151580810546
0.03663539886474609
0.04486929997801781
0.00888444110751152
0.07082974910736084
0.04323795810341835
0.020822048187255856
-0.09559712558984755
-0.09427621960639952
-0.013138119131326675
0.016224270686507225
0.02558388188481331
0.09005282819271086
0.1116178184747696
-0.0001624781871214509
0.030613698065280914
0.015919163823127747
0.026907237246632573
-0.018976058810949326
-0.022616434842348095
0.04788649454712868
-0.012103807181119919
-0.07483024150133134
0.0019185332348570228
-0.04485202580690384
0.008897442370653152
0.055763963609933846
0.008761297911405563
-0.03330669179558753
-0.039149560034275055
0.0022508199326694007
0.036830279976129525
0.09212283790111539
0.06683095544576645
-0.0035737636499106884
-0.006287581752985716
0.11152061820030212
0.029975321143865585
0.041938718408346176
-0.00566713185980916
0.05689609050750733
-0.02570757642388344
-0.10486914217472076
0.08910907804965973
0.028837984427809715
-0.0644826889038086
-0.08683156967163086
-0.05210744962096214
0.010293485596776009
-0.020881228148937225
0.10220137238502502
-0.09262466430664062
0.0011771362042054532
0.13429610431194303
0.080567866563797
-0.022968078032135963
-0.051959607750177376
0.0110746081918478
0.018398206681013107
0.048323940485715866
0.1007598042488098
-0.024964554235339165
0.0466521643102169
-0.039710741490125656
0.02865262702107429
0.05357814207673073
-0.07904110848903656
0.023027896881103516
0.030070550739765167
0.00044421514030545945
0.05374046042561531
0.041831433773040765
-0.10080604255199432
-0.06005346775054932
0.03600570186972618
-0.09226848185062408
-0.021270455792546272
0.011955440044403076
-0.04068863391876221
-0.06284153461456299
-0.0037684137932956214
0.05037817731499672
0.13277511298656464
0.0017496304353699088
-0.019644703716039658
-0.09038984775543213
-0.06251747161149979
0.08090353012084961
0.005481148604303598
-0.05258526280522346
-0.1262223869562149
0.013873938471078873
0.004016340244561434
0.07769013941287993
0.09403146803379059
-0.016958048567175865
0.026479598134756088
0.017123769968748093
-0.02732971683144569
-0.03848226740956306
-0.050826922059059136
0.012284766882658005
-0.07102043926715851
-0.03232574835419655
-0.0864018052816391
0.009816039353609085
-0.015803838148713112
-0.04371963068842888
-0.0555596761405468
-0.08313779532909393
-0.10835231095552444
0.02216784469783306
0.01645647920668125
0.011545449495315552
-0.044677309691905975
-0.0325467623770237
0.004676562268286944
-0.09482374042272568
0.04545366019010544
-0.010280869901180267
-0.05376408621668816
0.1508941501379013
0.04278429597616196
0.060309749096632
0.05331847816705704
0.020307375118136402
0.006716020870953798
0.020076435059309002
-0.046607617288827896
-0.05541097372770309
0.04039718583226204
-0.02958787232637405
-0.012566248886287212
0.03732880204916
0.06451214849948883
0.02091134339570999
0.11529593169689178
-0.023854294791817665
-0.0747060254216194
-0.10937853902578352
-0.06392345577478409
-0.045352894812822335
-0.05745140090584754
0.0017071928596124053
0.053741533309221275
0.07032592594623566
0.06386854499578476
-0.06893585622310638
0.01853100582957268
0.004730140324681996
-0.0598563514649868
0.05073109641671181
-0.037505850195884705
0.006753429304808377
-0.1180049180984497
0.10099640488624571
0.015871096402406693
-0.0036024111323058605
-0.09033662080764769
0.06401301920413971
-0.07293617725372313
-0.12837205827236176
-0.012071470730006695
-0.013075151480734348
-0.03981386497616768
0.05485380440950394
0.09253278374671936
0.046764686703681946
-0.034905806183815
0.026453927159309387
0.11474495381116868
-0.06458403915166855
0.0310065858066082
0.052648227661848075
-0.03956525400280952
-0.013886301778256891
0.009113544598221779
-0.03606033697724342
-0.12141523510217667
-0.03711077943444252
0.07152813673019409
-0.06528732180595398
-0.03410927951335907
-0.00929089728742838
-0.014606542885303496
0.04551682248711585
0.041044611483812325
-0.009841570630669594
0.028237018734216687
-0.03984476998448372
-0.02300113998353481
-0.12410493195056917
-0.06050663813948631
-0.048850744962692254
0.037075001746416085
0.013939939439296722
0.06938653439283371
-0.01097334176301956
-0.010284669697284698
0.03135334327816963
0.05686542019248009
0.08592966198921204
0.007484153378754854
-0.013133682310581207
0.008550756610929966
-0.07232680916786195
0.055596429854631424
-0.04245936870574951
0.043885435909032815
-0.02760374546051025
0.04290471225976944
0.075059175491333
0.0472911074757576
-0.055789228528738015
-0.006767378654330969
-0.11837104707956314
-0.00018262455705553293
-0.1072590798139572
-0.07093510031700134
0.0032630828209221363
0.06154831498861313
0.04940756037831306
0.024301527068018917
0.04572819918394089
-0.1187988743185997
-0.10274525731801985
0.07161951810121536
0.10949806869029997
0.10808247327804564
-0.10015976428985596
-0.03771769627928734
-0.0390399806201458
0.05699409916996956
0.03629206866025925
0.0022201952524483204
0.048583075404167175
-0.06530585885047913
0.0038490393199026576
0.008285108953714369
-0.11292596906423567
0.016918910667300224
0.00768789043650031
-0.022959833964705467
0.024453990161418915
0.06072122976183891
-0.02228245139122009
0.16464272141456604
-0.026378780603408813
-0.011299322359263895
-0.024125531315803528
-0.0026799733750522137
0.020607147365808487
-0.029623486101627346
0.11103414744138716
-0.0026398072950541973
-0.1015656366944313
0.07898092269897461
-0.04494653642177582
-0.031756993383169174
-0.03283166512846947
0.03463786095380783
0.037812769412994385
0.028132095932960514
-0.08672384172677994
-0.011312773451209068
-0.07764384150505067
0.05901958048343658
0.008519001305103302
-0.03266306594014168
-0.05594631657004356
-0.029430031776428223
-0.04905631393194199
-0.053044389933347695
-0.09720999747514723
-0.0393855944275856
-0.024252863600850105
-0.09092332422733305
-0.003368744160979986
-0.02323966473340988
0.011690594255924225
-0.0873280018568039
0.04322440549731255
0.01311713084578514
0.10779647529125212
0.041078954935073846
0.004611799959093332
-0.10849073529243468
0.036989107728004456
0.05418434366583824
0.017134692519903183
0.13436393439769745
-0.034655194729566574
0.11144600063562392
0.026841383427381516
-0.03610558807849884
0.021314997225999832
0.04634247347712517
-0.0049522812478244305
-0.09245741367340089
-0.018563825637102127
-0.0003810819471254945
0.0578790046274662
0.027340631932020187
-0.09564083814620973
-0.0515901856124401
-0.009955249726772307
0.017233725637197495
0.011452168226242064
0.01873086020350456
-0.120070181787014
-0.07147568464279175
0.00929280184209347
0.04020735248923302
-0.042070694267749786
-0.013201473280787468
0.11632025241851807
0.035889122635126114
-0.029035553336143494
-0.03626717254519463
0.11869469285011292
-0.07425093650817871
0.023889295756816864
-0.06572063267230988
0.032411497086286545
0.07340581715106963
0.06986045837402344
0.03315299004316329
0.0315764918923378
-0.02417939342558384
-0.04615023359656334
0.025347303599119183
-0.1282673329114914
-0.026485998183488842
0.03960339352488518
0.03634454682469368
0.018873032182455063
-0.04292668774724007
0.02755642309784889
0.022627275437116623
-0.04055489972233772
0.00025941000785678625
-0.016675084829330444
-0.0899013802409172
0.025765039026737213
0.008412834256887438
0.022318717092275616
-0.0931157171726227
-0.02643253281712532
0.04901241883635521
-0.04564390704035759
0.047720856964588165
0.02492549642920494
0.03163894638419151
-0.06616672873497009
-0.026766380295157433
-0.08019347488880157
-0.05248779058456421
0.02052198350429535
0.05998830497264862
0.029584335163235664
-0.06393285095691681
-0.09511324763298033
0.03763053938746452
-0.003105086740106344
-0.0029274779371917248
0.002770994324237108
0.059119213372468955
0.0098586305975914
0.00793658196926117
0.03274255990982056
0.020285218954086304
0.09593641757965088
-0.014281601645052431
-0.007972081191837788
-0.03741013258695602
-0.009952452965080738
0.04179078340530396
-0.0009515542769804597
0.039666350930929184
-0.0008944716537371277
0.06937776505947113
0.09348910301923753
0.023044891655445095
-0.06727036833763123
-0.035346996039152145
0.03313492611050606
-0.002354423981159925
-0.05780450999736786
-0.005105643998831511
0.02451647073030472
0.019226647913455963
0.028413817286491398
-0.08785831928253174
-0.013911288231611252
-0.07884706556797028
-0.1182173267006874
0.038592036813497536
0.0426366813480854
-0.03618459776043892
0.05149813368916512
-0.021976927295327183
-0.04671509936451912
-0.04101981595158577
-0.09558232128620148
0.03156662732362747
0.019591907039284703
-0.021715858951210972
-0.03286220505833626
-0.043431755155324936
0.022118065506219864
0.03980416432023048
0.07735757529735565
-0.025277137756347656
-0.02499685809016228
-0.033273931592702866
-0.03234417736530304
-0.0814478099346161
-0.116843082010746
-0.0661480650305748
-0.057741578668355935
-0.09745172411203384
-0.060818079859018326
-0.03407234698534012
-0.09825438261032104
0.042967312037944794
0.00035673973616212606
-0.08653874695301056
0.0120793916285038
-0.05133772268891335
-0.03500633686780929
0.007009629625827073
-0.024170979857444763
0.004790653008967638
0.006130431313067675
-0.026386115700006485
-0.06600536406040192
0.0044937864877283564
-0.09709659963846207
0.04433256015181541
0.008305612020194529
0.03555441275238991
0.008957687765359879
0.05476759001612663
0.08288955688476561
-0.07047732174396515
0.07141752541065216
-0.12880085408687592
0.09479928016662595
0.031279440969228745
0.011172950267791748
-0.007325034122914077
0.035539425909519196
0.19312097132205963
0.07089580595493317
-0.07775872945785521
0.05896870419383049
-0.005243300925940275
-0.041698213666677475
-0.01629209890961647
0.10896703600883484
0.03308238461613655
-0.014453426003456116
0.0617455393075943
-0.016981353983283043
-0.008901257999241352
0.02287479117512703
0.05782592669129372
-0.025024136528372765
0.051905140280723565
0.05700262635946274
-0.03611340746283531
-0.03102532774209976
-0.08745193481445312
0.06780394911766052
0.08881215751171112
0.03277280554175377
-0.101783886551857
0.03102710470557213
-0.06750407814979553
0.08610616624355315
0.01048232614994049
0.014124512672424316
-0.030741199851036072
0.008469833061099052
-0.0044893319718539715
-0.05784380808472633
-0.08880020678043365
-0.051605485379695885
0.00806377362459898
-0.023855319246649746
-0.03197746351361275
0.009393908083438872
-0.03701610490679741
0.002729938831180334
-0.018324982374906536
-0.0144119244068861
-0.12352436035871504
-0.05072756484150887
0.053961779922246926
-0.1206412762403488
-0.07470105588436127
-0.06355993449687958
-0.018141537904739376
0.05277557671070098
-0.059179287403821945
-0.02174466662108898
0.04237277433276176
-0.10027668625116348
-0.03428804501891136
0.07087729871273041
-0.01648297905921936
-0.10526950657367706
-0.0958068072795868
0.013465596362948416
0.03594113513827324
0.047830790281295776
0.01813417859375477
0.03748641163110733
0.07280353456735611
0.04768747463822365
-0.033793892711400986
0.020863624289631844
-0.02117674052715301
0.03996596112847328
-0.016905134543776512
0.04237037897109985
-0.028615450486540794
-0.009417520835995674
0.10234523564577103
-0.0876229628920555
-0.08021721243858337
-0.04659952595829964
0.047847930341959
-0.07398538291454315
0.09644311666488647
-0.030918847769498825
0.004168130923062562
0.06553275883197784
-0.034722309559583664
0.011607809923589228
-0.06322638690471649
-0.06380840390920639
-0.002857768442481756
-0.06146785244345665
-0.08509667217731476
-0.0789554864168167
0.012507842853665352
-0.03770874440670013
-0.07624173164367676
-0.044655561447143555
-0.018542788922786713
-0.024199910461902615
0.01770714484155178
-0.005795239936560392
0.003730959724634886
0.08825494349002838
0.02610889635980129
0.1508314460515976
-0.11419099569320677
0.022539028897881508
-0.04531856253743172
0.08417076617479324
-0.06597071886062622
-0.04254063218832016
0.024046042934060097
0.010151208378374577
-0.023769080638885495
0.059867676347494125
0.031230922788381577
0.04315190017223358
-0.012846466153860092
0.08361705392599107
0.1018281728029251
0.02822994440793991
0.07252805680036543
0.024716991931200027
-0.015174344182014464
0.008235109969973564
0.05033938959240913
-0.0753960981965065
-0.033983390778303146
-0.026460174471139908
-0.028949476778507233
-0.0689111277461052
-0.1336362212896347
0.056025933474302285
0.08965851366519928
0.08961062133312225
-0.10491973906755447
0.1280301064252853
-0.0490397997200489
-0.04811014607548714
0.11298644542694092
-0.03054626658558845
-0.12520810961723328
-0.02425309084355831
-0.011217406019568443
-0.005318762268871069
-0.11615040153265
0.04639232158660889
0.04119042307138442
-0.0476112961769104
-0.10421669483184814
0.008667737245559692
-0.008417587727308273
0.06399352848529816
-0.03902098163962364
-0.11320668458938599
0.0617155022919178
-0.1267673522233963
0.040923986583948135
-0.020558696240186688
-0.08482295274734497
-0.046619173139333725
-0.07788698375225067
-0.04007474333047866
-0.02071382477879524
0.031238250434398648
0.032586466521024704
-0.03307497873902321
-0.03872175887227058
0.11212863028049468
-0.08122460544109344
-0.015443384647369385
-0.09782904386520384
-0.0056003774516284474
-0.02396389283239841
-0.11763609200716019
-0.1019650176167488
0.04377813264727592
-0.08174856752157211
0.06286794692277908
0.05950438231229782
-0.04716699942946433
0.07023896276950836
-0.02703665569424629
0.09065604209899902
-0.06816128641366959
0.06797854602336884
0.011823280714452267
0.0757412388920784
0.045459065586328506
-0.05602326616644859
0.019344661384820935
0.004445454571396112
-0.036854300647974014
0.027367994189262394
0.021340370178222656
-0.0002156622940674424
-0.02975941263139248
-0.015034306794404984
-0.06868986785411835
0.029690342023968697
0.06285547465085983
0.10830721259117126
-0.013565434142947195
-0.07182915508747101
0.06598278135061264
0.0034302682615816598
0.024289852008223534
-0.07066918909549713
0.025229705497622486
-0.013396083377301691
0.036778084933757775
-0.025493826717138287
0.0073531013913452625
-0.008436951786279678
0.057807844132184975
0.011972138658165932
-0.02297576703131199
-0.12491320073604584
-0.047001909464597695
-0.10262798517942429
-0.025870656594634056
-0.006092244293540716
-0.027066031470894814
0.07147054374217987
0.02765568159520626
0.02076355740427971
0.050812795758247375
0.013662399724125862
-0.11011051386594772
-0.10852253437042236
0.01567545346915722
-0.039245720952749245
-0.024663835763931274
-0.07683248072862625
-0.012602290138602257
0.039461009204387665
0.03803763538599014
0.006751705426722765
-0.08009326457977296
-0.08200706541538239
-0.07329331338405609
-0.039076443761587136
-0.005648770835250616
-0.006559934001415968
-0.005560853984206914
0.0567188486456871
0.025528084486722943
-0.09072235226631165
0.045660894364118576
-0.0577600821852684
-0.017030784860253334
-0.01718195155262947
0.06335417181253433
-0.04324719309806824
-0.055185969918966286
0.0928656980395317
-0.0422251969575882
0.07990221679210663
-0.034380439668893814
-0.08347613364458083
0.11382488161325453
-0.12366341054439545
-0.01338062435388565
-0.09623508155345917
-0.019465202465653416
-0.04229392483830452
0.019400723278522488
-0.027757104486227036
-0.03587111458182335
0.033981602638959885
-0.09103411436080931
0.05571347102522849
-0.05490030720829964
-0.03455929458141327
0.010490337386727331
-0.013073200359940527
0.025586387142539024
0.04239343479275704
0.005826699081808329
-0.054693501442670815
0.015109685249626637
-0.015362147241830824
-0.01388956606388092
0.07666236162185669
0.09835008531808852
-0.01786337047815323
-0.08057893812656401
-0.002063875552266836
0.007829194888472557
0.07433986663818358
0.009270694106817245
0.023794466629624367
0.05774549022316933
0.016634855419397354
-0.007620956283062696
0.02231747657060623
-0.10109179466962814
-0.10242661088705061
-0.07140924781560898
-0.04521452635526657
-0.019874287769198418
0.029342103749513623
-0.07772631943225859
-0.058840226382017136
-0.06629142165184021
0.057392410933971405
0.00856852252036333
-0.035678569227457047
0.04607901722192764
0.042629975825548165
0.010620860382914543
-0.02668903023004532
0.07723157107830046
-0.024607496336102486
0.05304070562124252
-0.06248507276177406
-0.0006750976899638772
-0.08706820756196974
0.01832020841538906
0.08097974956035614
-0.08477890491485596
0.11155543476343154
-0.059205200523138046
0.00931824930012226
0.012637738138437273
0.006406438071280718
0.027242498472332954
0.04223756864666938
-0.055202435702085495
0.06836512684822083
0.001648570760153234
-0.04624627158045769
0.041038315743207925
-0.00745220435783267
0.04202655330300331
-0.0854802131652832
-0.06770773231983185
-0.07615858316421507
-0.06132294610142708
0.025976344943046566
-0.037928186357021325
-0.06002109125256538
-0.010986173525452612
0.018387477844953537
-0.07864722609519958
-0.06725338101387024
0.015728438273072243
-0.02432955615222454
0.1339096873998642
-0.07537288963794707
-0.048469971865415566
0.0745045393705368
-0.003991428297013044
0.04100748896598816
0.004693031776696444
-0.012840050272643566
-0.024619089439511296
-0.060261208564043045
-0.009600558318197727
-0.003899808507412672
0.08331711590290068
-0.0006818227702751756
-0.09204605221748352
-0.02993263863027096
0.12458128482103348
0.0475344955921173
0.002296163234859705
-0.06009247526526451
0.023296907544136047
-0.05845254659652709
-0.03045465424656868
-0.07004941999912262
0.04522861540317536
0.16634128987789154
-0.10235872864723204
-0.06485207378864288
0.01887594349682331
-0.041045792400836945
-0.009297015145421026
-0.11211758852005003
0.030761610716581345
0.10831281542778017
-0.011228748597204683
0.0026603429578244686
-0.003207131754606962
0.07693469524383545
0.034056905657052994
0.007052850443869829
-0.05868721380829811
0.013371411710977554
-0.049555692821741104
-0.0212625190615654
-0.023259608075022697
0.07436311244964598
0.03792570903897285
0.02925904467701912
-0.04309390112757682
0.12104423344135284
-0.03521314635872841
0.032578419893980026
0.02554399520158768
-0.08751291036605835
0.04883718863129616
0.006677463185042143
0.01957085356116295
-0.03213631734251976
-0.12254685163497923
-0.04258013516664505
-0.05232662335038185
0.04987917840480805
0.058463554829359055
-0.061918843537569046
-0.002421086188405752
0.05461232364177704
0.0051118433475494385
0.015541069209575651
-0.013538968749344347
0.0014120418345555663
-0.05768721178174018
-0.051361974328756325
-0.05533450096845626
0.029149580746889114
0.021821700036525726
0.11010754108428956
0.05259950459003448
-0.042152084410190575
-0.07572800666093825
0.03264974057674408
0.06975819915533066
-0.014076143503189085
0.13031832873821259
0.015410924330353735
-0.10232095420360564
-0.027401247993111607
-0.06191137805581093
0.02866402082145214
-0.09661035984754561
-0.059732601046562195
-0.0909363776445389
0.15236531198024747
-0.018007265403866768
0.027976499870419506
0.044934600591659546
0.024012912064790726
-0.028260741382837292
0.00447416165843606
0.019182946532964703
-0.0156182162463665
-0.012588814832270144
-0.07244431972503662
0.09052978456020355
0.00695482874289155
-0.04932555928826332
0.052268348634243005
-0.016473645344376564
-0.06773915141820908
-0.04495391622185707
-0.022314768284559246
0.009874100796878336
0.005015192087739705
-0.005844858940690756
0.04783204197883605
-0.010699529200792313
-0.06706684827804565
0.12885701656341553
0.13407135009765625
0.0777255892753601
-0.07334482669830322
0.022777698934078217
0.02939079143106937
0.04745667055249214
-0.11100603640079498
-0.016745448112487793
0.006218810100108385
-0.05146285891532897
0.09659691154956816
0.09736527502536771
-0.07262368500232697
0.018810220062732697
-0.04566464200615882
0.02645094506442547
0.06947394460439682
-0.08880914747714995
0.06584122776985168
-0.01827601715922356
-0.07055667042732239
0.007131062913686037
-0.03263761103153229
0.12730363011360168
-0.08125439286231993
-0.09908567368984222
0.016572533175349236
-0.04435503110289574
-0.027100050821900368
-0.0042158584110438815
-0.02477417886257172
-0.04354199394583702
-0.08503344655036926
0.03476673737168312
-0.048094671219587326
-0.0548371858894825
0.10559232532978056
-0.12160706520080566
-0.0383099727332592
0.022351250052452087
-0.05952771380543709
-0.018677374348044395
0.016790173947811127
0.008110958151519297
0.01846717298030853
-0.026502493768930435
0.003434448037296533
-0.021863501518964767
0.04637265205383301
-0.046397149562835686
-0.012288974598050116
-0.018387477844953537
-0.04964683577418327
0.022973353043198586
-0.02732050232589245
0.00798177532851696
0.0515739843249321
-0.07633376866579054
-0.11710420995950697
-0.10312478989362717
-0.00940532609820366
0.030407382175326347
0.012406407855451109
-0.025995187461376194
-0.004269941244274378
-0.020692501217126846
-0.0009339783573523165
0.14597643911838531
0.09529245644807816
0.02532842382788658
-0.029920950531959534
-0.007491581607609987
-0.05515988171100616
0.0758572593331337
0.014976349659264088
0.07263378798961638
-0.011218398809432983
-0.06540529429912567
0.0272471085190773
0.008117151446640491
0.03808502480387688
-0.019499810412526127
-0.07360954582691193
-0.0004183385754004121
-0.005461296532303095
0.009030412882566452
0.02656112238764763
-0.009378038346767424
0.026916841045022007
0.005141633097082376
0.08725017309188841
0.06770288944244385
-0.02447802387177944
0.07061547785997391
0.054039821028709405
-0.010019168257713316
-0.015780096873641014
-0.03712065517902374
0.011145984753966331
-0.019287655130028725
0.018224742263555527
0.1370568722486496
0.05503236129879952
-0.06793659925460815
-0.07577756792306899
0.021617230027914047
0.01499933749437332
-0.09942838549613953
-0.06777569651603699
-0.03314032778143883
-0.009145245887339117
-0.044195786118507385
0.01647389680147171
0.10382118821144104
0.09475328028202058
-0.03214929997920989
-0.13545148074626923
-0.0641409233212471
0.12745772302150726
-0.06946039944887161
-0.002895922865718603
-0.12635661661624908
0.02181493118405342
-0.04580514505505562
0.025209944695234295
0.005385586526244879
0.08094649016857147
-0.02632912620902061
-0.013383837416768074
-0.03033512085676193
0.016017545014619827
-0.03340328484773636
0.0511745847761631
-0.08930297195911406
-0.12130574882030488
0.07434210926294327
0.0018517173593863845
-0.01667538285255432
-0.01582643762230873
0.10853341221809389
-0.022140564396977425
-0.004285094793885945
-0.048760149627923965
-0.015734629705548286
0.013949014246463776
-0.024653932079672813
-0.12618960440158844
-0.019012395292520523
-0.0385000966489315
-0.04951822757720947
-0.05637011677026749
-0.04011328518390656
0.017736205831170082
-0.009126290678977966
-0.09360422194004057
-0.035466015338897705
0.06457239389419556
-0.003337936010211706
0.011843550950288773
-0.03822692111134529
-0.06519618630409241
-0.03596549108624458
-0.02996644750237465
0.08258882164955139
0.09298869967460632
-0.022743530571460724
0.02980523370206356
0.1018843799829483
0.11926521360874176
-0.1026121824979782
-0.01576104573905468
-0.02668476104736328
-0.10980156064033508
-0.036204442381858826
-0.018889298662543297
-0.062355656176805496
0.05407017469406128
-0.12097980827093124
-0.0053621013648808
0.03739672899246216
0.007283201906830072
-0.08133449405431747
0.017053302377462387
-0.050153598189353936
-0.003673348110169172
0.02159860171377659
-0.11338542401790618
0.0036746659316122528
-0.036469843238592155
-0.0379866324365139
-0.08673863112926483
0.009934365749359129
-0.08073297142982483
-0.058326497673988335
-0.02326111681759357
-0.007545401807874442
-0.016029808670282364
0.047495637089014046
0.09853772073984146
-0.02340181171894073
-0.07598558068275452
-0.033716831356287
-0.016124539077281952
-0.053800519555807114
0.02493864856660366
-0.06183389201760292
-0.07281088829040526
0.06510059535503387
-0.09506432712078094
0.07913382351398467
-0.08503203839063644
-0.05286037549376488
0.049893885850906365
-0.0692189410328865
-0.11634130775928496
-0.017645038664340973
-0.03726645931601524
-0.0788460448384285
-0.029954366385936737
0.027919113636016846
0.022251758724451065
-0.050593782216310494
-0.030723433941602703
0.06241625174880028
0.033099036663770676
-0.017475750297307968
0.0015937410062178967
-0.06756402552127838
-0.041318830102682114
0.02056144550442696
0.026234969496726986
0.07500967383384705
-0.07646501064300537
0.07373268157243729
-0.05593887344002724
-0.04349571093916893
-0.1189713031053543
-0.01014493778347969
-0.05780274048447609
0.03788786008954048
-0.03974458575248718
-0.10784554481506348
0.0008288699900731443
0.10605563223361968
0.0024421992711722846
-0.014057835564017296
0.06590805947780609
-0.11265943199396132
0.08132679015398026
0.0018607325619086623
-0.010210925713181496
-0.0690460354089737
-0.008646446280181408
-0.034088779240846634
-0.0023952662013471127
0.0392245464026928
-0.06650519371032715
0.11016849428415298
-0.1122903823852539
0.05904482677578926
-0.02330726571381092
0.017056331038475037
0.006141642574220896
0.03311489149928093
0.10249071568250656
0.03809260949492455
0.07372118532657622
-0.01303519494831562
0.03509843721985817
0.037075776606798165
0.018025679513812065
0.02404871955513954
-0.1195911020040512
-0.005983864422887564
0.029179440811276436
-0.015576176345348358
-0.03480185940861701
-0.010974366217851639
-0.10932616889476776
0.14419902861118317
0.004022328648716211
-0.042406756430864334
0.02100885845720768
-0.05866372957825661
-0.10123194754123688
-0.11762723326683044
-0.008104406297206879
0.01134961936622858
0.1187549978494644
-0.06212830916047096
0.10417141765356064
-0.1004105359315872
-0.05264037474989891
-0.08812317252159119
0.03599657118320465
0.04448485374450684
0.04162181541323662
-0.06153568997979164
-0.04197517409920693
-0.07042323052883148
0.0068143983371555805
0.09716909378767011
-0.06685030460357666
0.09024956822395325
-0.02082301303744316
-0.019110849127173424
-0.05290120095014572
0.07121792435646057
0.015964025631546974
0.09184350073337555
-0.015303574502468107
-0.028627099469304085
0.01670919358730316
0.056514766067266464
-0.013211499899625778
-0.06563958525657654
-0.05820059403777122
0.015354556962847708
-0.08576112985610963
-0.0511336587369442
0.0870283916592598
-0.08474856615066528
-0.026477716863155365
-0.001997943501919508
0.06840883940458298
-0.0499507375061512
0.019206156954169277
0.04173577204346657
0.13829469680786133
0.02864786982536316
0.1015542224049568
-0.09825344383716585
0.031112186610698696
-0.11713358014822006
0.044303786009550095
0.055075932294130325
-0.08366921544075011
-0.03520828485488892
0.033070169389247894
-0.10565599799156188
-0.06800013035535812
0.06357952952384949
0.02183983102440834
-0.009708639234304428
-0.0842319056391716
0.014463083818554878
0.06275992095470428
-0.015100080519914629
0.019008697941899296
0.08760510385036467
-0.008550094440579414
-0.036677781492471695
0.05993897095322609
-0.05696290731430054
0.05467357113957405
-0.07800275087356566
-0.03289107605814934
-0.02870967984199524
0.028927886858582497
-0.13919652998447418
0.004909051116555929
-0.06002623960375786
-0.022897183895111084
0.035883840173482895
0.01124797575175762
-0.10727390646934508
-0.050764184445142746
0.024896962568163872
-0.05151472985744476
-0.025974290445446968
0.05819644406437874
-0.1086723580956459
-0.012363487854599953
0.08297015726566313
-0.07347013056278227
-0.03570328652858734
0.03577450290322304
-0.04113646224141121
-0.015587147325277328
0.0012083858018741012
0.04581225290894508
-0.03317725285887718
0.04919930920004845
-0.009405378252267838
0.007769747171550989
0.028763260692358017
-0.025080736726522446
0.018045576289296154
0.02914568781852722
-0.04465964064002037
-0.1052415743470192
-0.03388061746954918
-0.061884123831987374
0.05705098435282707
0.03104654513299465
-0.0405069924890995
0.016238441690802574
-0.05916038155555725
0.09438796341419221
-0.0225883424282074
0.05851704627275466
-0.0006769594037905337
-0.08389621973037718
-0.01475483551621437
0.0671844556927681
0.06605479121208191
-0.12870673835277557
-0.03799964860081673
0.002131341490894556
-0.05989819020032883
-0.12048812210559844
0.02956325188279152
0.06282883137464523
-0.04702575132250786
0.052765831351280205
0.025309182703495026
-0.02332947589457035
0.0003735426580533385
-0.03444598987698555
-0.0006668731803074479
-0.11861393600702284
0.010605864226818085
0.10324257612228392
-0.0724622756242752
-0.05106804892420769
-0.10098868608474731
-0.0036643422208726406
0.024346923455595967
-0.022480595856904984
-0.014457903802394865
-0.06067619845271111
0.0058146207593381405
-0.00873691216111183
-0.04875403270125389
-0.030250173062086105
-0.04066671803593636
-0.0284211877733469
-0.06721515953540802
0.07830147445201874
0.02773128822445869
-0.017116300761699677
0.031715504825115204
-0.06567604839801788
-0.07538428157567979
-0.03980670124292374
-0.03735087439417839
-0.001072410144843161
-0.08893539011478424
0.04330456629395485
-0.005212362390011549
0.02077567018568516
0.051020760089159005
-0.027781073004007336
-0.05868435651063919
-0.1261739432811737
-0.062436532229185104
-0.012238752096891403
-0.0003503166371956468
0.11613398790359496
0.07243499159812926
-0.07378259301185608
0.017700454220175743
-0.040682140737771995
-0.11104273796081542
-0.07607309520244598
-0.05476969853043556
0.00810798816382885
-0.07588471472263336
-0.08399843424558638
-0.00013806449715048075
-0.08341111242771149
0.02933336980640888
-0.07521356642246246
0.08788358420133591
0.053948994725942605
0.05496406182646752
0.024601820856332775
-0.10454744845628738
0.0783129334449768
-0.04943661391735077
-0.02284294180572033
-0.07060998678207397
0.026595626026391983
-0.0650738924741745
-0.0010437235468998551
-0.04029493778944016
-0.013671016320586205
0.06487171351909637
-0.07672309875488281
-0.020307254046201702
0.0016382228350266814
0.11353466659784316
-0.00446368521079421
-0.12239618599414824
-0.08170823007822035
-0.02020082250237465
-0.022444866597652435
-0.0414089672267437
0.03582198545336723
0.09795526415109633
-0.045569214969873435
0.0738721191883087
-0.05131896212697029
-0.03973200544714928
0.006198896560817957
-0.02412495203316212
-0.017600001767277718
-0.06762774288654327
-0.06962113082408905
-0.09376422315835951
0.06006580591201782
0.029070086777210236
0.057958412915468216
-0.12033575773239136
-0.05451609566807746
0.06326532363891602
0.10282623022794724
0.0032482040114700794
-0.04356895014643669
-0.052558012306690216
-0.012075535953044891
-0.05788080021739007
-0.11175663769245148
-0.053321823477745056
0.07458505034446716
0.06981524825096129
-0.05693288147449493
0.04732667282223701
-0.0451473705470562
0.0031156078912317753
0.04740934446454048
0.08138859272003174
-0.014276068657636642
-0.006194123532623053
0.04354524984955788
-0.056155819445848465
0.00035725894849747414
0.0754304975271225
0.028958668932318687
-0.027902379631996155
0.0008959233528003095
-0.09769810736179353
-0.05406156554818153
0.01974741369485855
-0.10556591302156448
0.02190783619880676
0.008497973904013634
0.002672665286809206
-0.03877866640686989
0.08016726374626158
-0.025922687724232677
-0.03409330174326897
-0.05671801045536994
-0.10048896819353104
-0.09051434695720673
-0.006680700462311505
0.06186948716640472
-0.008837040513753891
-0.03198036178946495
0.09514412283897401
0.01946856081485748
-0.09874628484249115
0.016225285828113556
0.00522197550162673
0.04301011934876441
0.01722371205687523
-0.05550120398402215
-0.008177096024155617
0.043906059116125114
0.023626452311873436
-0.018070504069328308
0.022789645940065384
0.04933420196175575
-0.11653977632522584
-0.06314502656459808
0.03513917326927185
-0.00108177971560508
-0.0013496825704351068
0.028053807094693184
-0.12372633814811707
0.020338278263807297
-0.08276282250881195
0.04023034870624542
-0.021669235080480572
0.09000459313392638
-0.0010810490930452943
0.023208279162645336
-0.044797953218221664
-0.005040936637669802
-0.008246706798672674
0.03753647208213806
-0.10954905301332472
-0.059584878385066986
0.06719142198562622
-0.10473696887493132
-0.08520597219467163
-0.055879075080156326
0.023233357816934586
-0.1055435836315155
0.019840836524963375
-0.00382751552388072
0.02445896342396736
0.09053867310285568
-0.035674680024385445
-0.0006537061417475343
0.020021047443151477
-0.055262219160795205
0.03383627533912659
0.09142965823411939
-0.11538340151309968
0.07817282527685165
-0.12949740886688232
-0.005393299739807844
0.08082336932420729
0.0025817151181399822
0.16179706156253815
-0.020298255607485768
0.0816834419965744
0.0721978098154068
-0.11035514622926712
-0.009994620457291603
-0.13214904069900513
-0.04267669096589088
-0.05243448540568352
0.024222552776336666
0.09124931693077087
-0.006344978231936693
0.0803529769182205
0.01341053657233715
-0.07240420579910278
-0.07953664660453795
-0.012476783245801924
0.0285620279610157
0.037995386868715286
-0.03728661313652992
-0.061895329505205154
-0.037040490657091134
0.024885378777980804
-0.09161363542079923
-0.0024355659261345863
0.0037551191635429855
0.01476159319281578
-0.05546918138861656
0.014344869181513786
-0.015168629586696625
-0.03805287927389145
-0.0002121782163158059
0.012232341803610325
-0.06757199764251709
-0.08127637207508086
-0.055806126445531845
-0.03998035565018654
-0.052093736827373505
0.09721915423870087
-0.08338814973831175
-0.02924665994942188
-0.026748808100819588
-0.014117477461695673
0.10908537358045578
0.03980351611971855
0.036123931407928474
-0.01561523787677288
0.0011212847894057631
-0.019370453432202336
0.0068900384940207005
-0.08252428472042084
0.026915544643998143
-0.06205752119421959
-0.01545489765703678
-0.10082756727933884
-0.059125281870365136
-0.05959540605545044
0.011898640543222427
0.03721344098448753
-0.0036195847205817695
-0.010867942124605179
-0.09886312484741211
-0.10356564074754714
0.00737767992541194
0.1087089329957962
-0.01728779822587967
-0.019606363028287888
-0.026646172627806664
0.08568087965250014
0.003993792925029993
-0.031052347272634503
0.022941775619983677
-0.022757841274142265
-0.11436302959918976
-0.06580313295125961
-0.11911388486623764
0.032721828669309616
0.02914124354720116
-0.005516025237739086
-0.05201356112957001
-0.10416389256715775
0.0029147346504032608
-0.04649261757731438
-0.008529206737875938
0.0057767038233578205
0.03266255557537079
-0.0644015371799469
0.0127250449731946
0.006557867396622896
-0.07947684079408644
-0.06523704528808594
0.04852387681603432
-0.12091074883937836
-0.020421970635652546
0.11624016612768172
-0.09371380507946014
0.06037212535738945
-0.014769468456506727
0.047612905502319336
-0.1239132285118103
0.09013361483812332
-0.03617760166525841
0.04224143549799919
-0.04029128327965736
-0.07795999944210051
0.09326177835464476
-0.017604241147637367
0.05623336136341095
0.04704355448484421
0.058693934231996536
-0.04746711254119873
-0.03779987618327141
-0.029032446444034576
-0.07423362880945204
0.00403870502486825
-0.028236068785190582
0.059740547090768814
0.058441128581762314
0.1104217916727066
-0.0790841355919838
-0.12769785523414612
-0.05215787515044212
-0.029403679072856903
-0.013379951938986778
-0.07395073026418686
0.06980989873409271
0.025610540062189106
0.0638047382235527
0.12170714139938354
0.022894186899065968
-0.08658844232559203
0.053626224398612976
-0.053687181323766715
-0.05273329094052314
0.01351986452937126
0.0677095353603363
-0.03297105059027672
-0.0047404239885509005
0.10743601620197296
-0.01773981563746929
-0.039948206394910805
0.05497286096215248
0.07048367708921432
0.1689036339521408
-0.006392928306013346
0.07557686418294905
0.031283795833587646
-0.01983770355582237
-0.09327930212020874
-0.10451401025056838
-0.06264808773994446
0.1413506418466568
-0.0763775557279587
-0.063783660531044
0.09010370820760728
-0.020245719701051712
-0.018322233110666275
0.02922959253191948
-0.09014125168323517
-0.04909766092896461
-0.05754335597157478
-0.01745235174894333
-0.055115703493356705
-0.06725080311298369
0.0872465968132019
0.0185781829059124
0.04063558951020241
-0.015101857483386992
-0.013362335041165352
0.06429353356361389
0.09445982426404952
-0.003974044229835272
0.032621752470731735
0.0421575903892517
0.02563190087676048
0.07749879360198975
-0.05361327901482582
-0.018049959093332287
-0.02655166760087013
-0.014897439628839493
-0.08529554307460785
0.004561264533549547
-0.0389874279499054
-0.0923149436712265
0.09826634079217911
-0.006150863599032164
0.0709463432431221
-0.0077851335518062115
-0.08994705975055695
0.030409585684537888
0.03797774016857147
-0.10826162248849867
-0.060320936143398285
-0.06391049921512604
0.022809313610196117
0.006088442169129848
0.06689047068357468
-0.018233690410852432
-0.06448206305503845
-0.014395270496606827
-0.0013137530768290162
0.06456076353788376
0.019755259156227112
0.024278244003653526
0.07258027791976927
0.045926533639431
-0.024383146315813065
0.007619251031428575
-0.047946806997060776
0.013579200953245161
-0.09387047588825226
-0.10323500633239746
0.0464622899889946
-0.11640149354934692
-0.04743759706616402
0.03956904634833336
0.041296783834695816
-0.05531527101993561
0.003357962239533663
-0.015464477241039276
-0.009243745356798174
0.03025180473923683
0.04655558243393897
-0.07009600102901459
-0.1019158661365509
-0.05456111207604408
-0.05644579231739044
-0.019083568826317787
-0.03856993839144707
-0.014015428721904755
0.0014462139224633574
-0.09117107838392256
0.03298765420913696
0.03744028136134148
0.09202945977449416
-0.013818330131471155
0.03583572432398796
-0.03537645936012268
-0.039264827966690063
-0.0008756226161494851
0.03546283021569252
-0.055534716695547104
-0.003350708167999983
0.0543723963201046
-0.06395219266414641
-0.13174480199813843
-0.036128811538219445
-0.06512342393398285
-0.011865852400660515
-0.02904839441180229
0.03941196575760841
-0.0015745415585115552
0.1259848028421402
-0.009435191750526428
-0.018868962302803997
-0.006128303240984678
-0.09522995352745056
0.03949525207281113
-0.02623581513762474
0.033322278410196304
-0.05068999156355858
-0.02622423693537712
-0.06186496838927269
-0.054280441254377365
0.1085585206747055
-0.0695633739233017
0.08423736691474913
-0.01776532083749771
-0.02987551689147949
0.009088167920708656
-0.02782406657934189
0.03956632316112518
0.0468558706343174
-0.01522166095674038
-0.10077881813049316
0.03636084869503975
-0.03475167974829674
-0.10245351493358612
0.10906729847192764
-0.06862909346818924
0.04569275304675102
0.075130395591259
0.05974425375461578
-0.0472351610660553
0.020208876579999924
0.055784165859222405
-0.1264014095067978
-0.00943700596690178
-0.04730871692299842
0.0321524515748024
-0.09447092562913895
0.021292792633175846
-0.04940737038850784
-0.05780024453997612
-0.020637400448322296
-0.04476524516940117
0.07591776549816132
-0.066792331635952
0.11962924897670744
0.03835893794894218
-0.054393112659454346
-0.05809016525745392
-0.03671753779053688
-0.03076861798763275
-0.025153404101729396
0.04440877586603165
-0.00834791362285614
-0.10741735994815826
-0.02207841724157333
-0.013757193461060524
-0.032357584685087204
-0.09826277196407318
0.013432247564196587
-0.08128356188535689
0.047064121812582016
-0.01835343800485134
-0.033980898559093475
-0.017240216955542564
0.012189628556370735
-0.07504015415906906
-0.07206618040800095
0.06723663210868835
-0.09680702537298201
0.027750380337238312
0.03873356059193611
0.00479980418458581
-0.07697993516921997
-0.05033698305487633
-0.04212825372815132
-0.07418588548898698
0.017923742532730103
0.05799644067883492
0.12217488884925842
0.010175987146794796
-0.1019037440419197
-0.028200019150972366
-0.01739075966179371
0.03276006504893303
-0.029512397944927212
-0.05225760862231255
0.06822747737169266
-0.10764410346746443
0.014659710228443144
0.017982713878154755
0.043640445917844765
-0.024447862058877945
0.03900083899497986
0.06340893357992172
-0.07336495816707611
-0.02437913417816162
-0.006431975867599249
-0.035066023468971246
0.04910235479474068
0.008009674027562141
0.002306172158569097
0.008113063871860504
0.1189488172531128
0.009739331901073456
-0.016280215233564377
0.014975314959883688
-0.03390061482787132
-0.02580489218235016
-0.01686663180589676
-0.07185600697994232
-0.11165904253721236
-0.023053478449583054
0.010741930454969406
-0.06384821981191635
-0.004989860113710165
-0.08026936650276184
0.04142605140805245
0.057594109326601035
0.05004701390862465
0.02168356254696846
-0.1076078489422798
0.046305540949106216
-0.07515991479158401
0.033603359013795846
-0.05462651327252388
0.002574740443378687
-0.027687432244420048
-0.02460099384188652
0.016915399581193924
0.0018777394434437156
-0.038176115602254874
0.05134833976626396
0.11388732492923737
-0.0230138935148716
0.0075076562352478496
0.021205879747867584
0.004163988400250672
0.06648136675357819
0.05627978965640068
-0.009958447888493538
-0.1167825236916542
-0.06564955413341522
-0.08832438290119171
-0.07610090076923369
-0.035140667110681534
0.005731920246034861
0.07197849452495575
-0.003650151658803225
0.08195338398218155
0.059055697172880166
0.007836688309907913
0.0035529932938516136
-0.06830260157585144
-0.06992751359939575
-0.1168237328529358
-0.035559698939323425
-0.12227316200733183
-0.06455380469560623
-0.07145164161920547
-0.02816386893391609
0.012956069782376288
-0.03979146108031273
-0.1099930554628372
-0.10527332127094267
-0.0843089073896408
0.044312793761491776
0.05540342628955841
-0.09707172960042952
0.05637437477707863
0.013637136667966843
-0.11426426470279692
0.059626523405313485
-0.02676127105951309
0.08008359372615814
-0.05105958506464958
0.05378809943795204
0.029717456549406048
0.06947202980518341
-0.0594651736319065
-0.029647214338183403
-0.03446035459637642
-0.0007404737407341598
0.0420108288526535
0.06595256924629211
0.01096409559249878
-0.04413606226444244
-0.015544798225164412
0.038225051015615456
0.08622343093156815
-0.019400443881750103
0.004451409447938204
-0.043204918503761285
0.039929814636707306
0.008587442338466643
0.04175763949751854
-0.03854983672499657
-0.06364139914512634
0.01583150029182434
-0.03415993973612785
-0.09498012810945511
0.020958980545401573
-0.03993271663784981
0.10886187851428984
-0.037534907460212714
0.06434927880764008
0.10298876464366911
-0.006771333049982785
-0.05390768498182297
-0.052003953605890274
-0.09350019693374632
-0.030357196927070618
0.07573571801185608
-0.10923864692449568
-0.05632692947983742
0.033749770373106
-0.051939625293016434
-0.014572631567716599
-0.060932982712984085
0.03889157250523567
-0.007022235076874495
0.017642999067902565
0.007478041108697651
-0.05641735717654228
0.04689710959792137
0.01407087594270706
0.1267162263393402
0.022805340588092804
-0.12437061965465544
-0.0027920962311327457
-0.11368273198604584
-0.029055967926979065
-0.06789285689592361
0.07257528603076935
-0.05254906788468361
-0.02710627391934395
-0.07875767350196838
0.015822401270270348
-0.11628147959709167
0.026877582073211666
0.02418692037463188
-0.016393020749092102
0.013059052638709543
-0.041333388537168496
-0.1301656812429428
0.032303471118211746
-0.05423278734087944
-0.05432811751961708
-0.007945084944367409
-0.06637534499168396
-0.03425408527255058
0.061397850513458245
-0.0371268205344677
0.03043379820883274
-0.07587377727031708
-0.07712835818529129
0.034811727702617645
-0.12802289426326752
-0.1058896705508232
-0.02222136966884136
0.00943599361926317
0.0190889872610569
-0.049204614013433456
-0.00609722500666976
-0.110698364675045
0.07142665982246399
-0.020434930920600888
-0.11625835299491882
0.006585740949958562
0.03242417797446251
0.04157382994890213
0.02543544955551624
-0.035673663020133965
-0.027665285393595692
-0.08261487632989883
0.0035595209337770935
0.013433463871479034
-0.005177726503461599
-0.008003814145922659
-0.07600949704647064
-0.03963161259889603
0.04399523511528969
0.09881173074245453
-0.101789191365242
-0.01910547912120819
-0.10306571424007416
0.011822693049907684
0.018737873062491417
0.0008001573150977491
0.11115168035030364
-0.025686943903565407
0.12832139432430267
-0.0005346048856154084
0.04709147289395332
0.02627149596810341
0.018870528787374496
0.07249706238508224
-0.04249848797917367
-0.02944594621658325
0.08663241565227507
-0.04380105808377266
-0.015502963215112686
-0.0338672548532486
-0.11853197962045668
0.103058323264122
0.025051986798644062
0.02749204635620117
-0.020237896591424945
-0.12726078927516937
0.004672293085604905
-0.02070917561650276
-0.05696150287985802
0.0068526645191013804
0.07994836568832397
-0.012303497642278671
-0.029407400637865063
-0.004388520959764719
-0.009924869984388351
0.13929985463619232
0.027976971119642258
0.08455487340688705
0.13675467669963837
0.08251615613698958
0.04834544658660889
-0.05812529101967812
-0.09958222508430481
0.011991520412266254
0.04230985045433045
0.04638401418924332
0.05677933990955353
0.10391388833522797
-0.03450581803917885
-0.0585089735686779
0.024289345368742943
-0.01449589431285858
-0.018771447241306305
0.01189456321299076
-0.016100209206342697
-0.04921108111739159
-0.05011758580803871
0.07755319774150848
0.015970351174473763
0.006388165522366761
-0.014575911685824394
0.0950118824839592
0.040952567011117935
-0.10491710901260376
-0.006241328548640013
0.011067124083638191
-0.11113511770963667
0.07865583896636963
-0.06822685897350311
-0.011796875856816769
-0.011466657742857931
-0.0669344961643219
-0.05201059579849243
0.07009875774383545
0.020242568105459213
0.04711686074733734
-0.0396091490983963
0.08777613192796707
-0.01914537139236927
-0.015617260709404944
-0.10259363055229188
0.12443512678146362
-0.05484012886881828
0.06421467661857605
0.012441184371709824
0.04359311982989311
0.06626944988965988
0.002613541204482317
-0.08630424737930298
0.07868003845214844
0.03741482272744178
-0.0585414245724678
0.01217193715274334
-0.04734466969966888
-0.06694439053535461
0.0012585766380652783
-0.04871350154280663
-0.013665279373526571
-0.02131928317248821
0.04023363068699837
0.053555943071842194
0.06554210186004639
-0.017575904726982117
-0.09045515954494476
-0.02585226483643055
0.0595502220094204
0.00784660130739212
-0.06783884763717651
0.02590940333902836
-0.05613125860691071
-0.11179351806640624
-0.030263390392065048
-0.06537537276744843
0.043701041489839554
0.06603939831256865
-0.018146742135286328
0.0017986850580200553
0.028923042118549343
-0.017308898270130157
0.03283023461699486
-0.08209096640348433
-0.06510362029075623
0.007851172238588333
-0.05052989348769188
-0.08958029747009277
0.007726841140538454
-0.02314292825758457
-0.05409175530076026
-0.13553042709827423
-0.017755426466464996
0.02030063048005104
-0.09624721109867097
-0.025200998410582542
0.04925066977739334
0.04510335996747017
-0.016365522518754005
-0.06448046863079071
0.1252613216638565
-0.05819610878825188
-0.06314612179994583
0.010061677545309067
0.18118883669376373
0.033899299800395966
0.09497296810150145
-0.1229511946439743
-0.032653357833623886
-0.11324024200439452
0.00015222688671201468
-0.08127454668283463
0.0927923396229744
0.11792519688606262
0.03928409889340401
-0.0663294792175293
0.06961935758590698
-0.04724414274096489
-0.050630126148462296
0.07498951256275177
0.04203936085104942
-0.07033582031726837
0.04136507958173752
-0.06911531090736389
-0.002939420286566019
0.045388828963041306
0.017902176827192307
0.03388676419854164
-0.02415369637310505
-0.08464601635932921
0.09045495837926865
-0.12129607796669006
-0.05802605673670769
-0.08183014392852782
-0.0033921473659574986
-0.007959682494401932
-0.06667470932006836
0.004709347616881132
0.05303096771240234
-0.06425067037343979
-0.05403165146708488
0.03988879546523094
-0.07913671433925629
-0.030137546360492703
0.010227443650364876
-0.06137700751423836
-0.03246556594967842
0.10802129656076433
0.0297539122402668
0.002491400111466646
-0.09278474003076552
0.013511928729712965
0.15980419516563416
0.02626207284629345
-0.045881737023592
-0.04935764893889427
-0.041501376777887344
-0.011209314689040184
0.004184788558632135
0.03558086231350899
-0.05592110380530357
-0.08786765486001968
-0.03305422142148018
0.0678642988204956
-0.01614009030163288
-0.03129135072231293
-0.08910636603832243
0.05043381825089455
-0.010532759130001068
-0.0688333660364151
-0.08080276846885681
-0.01893741078674793
0.03940927609801293
-0.05625155195593834
0.05914554372429848
0.03341430053114891
0.0157360453158617
0.022120581939816475
0.01513165421783924
-0.0700821503996849
0.03308141976594925
-0.0967915654182434
-0.04286811873316765
-0.07441652566194534
-0.0629219263792038
-0.08248095959424973
-0.00635483069345355
-0.05956504866480827
0.012055082246661186
0.14326851069927216
-0.057925526052713394
-0.06943812221288681
0.054745886474847794
0.01276279240846634
0.026788340881466866
-0.051364194601774216
-0.010996785014867783
-0.0435958057641983
-0.0017358582699671388
0.0019178068032488225
0.15409539639949799
-0.033372662961483
-0.04135933518409729
0.07602903991937637
-0.09011479467153549
-0.019905067980289456
-0.02818951569497585
-0.02630174718797207
0.01210908405482769
0.036656908690929406
-0.12215203046798706
-0.05848897621035576
-0.07871206104755402
0.04111364483833313
-0.009498756378889086
-0.008722409605979918
0.01875253953039646
0.0070380778051912785
0.07273432612419128
-0.09309515357017517
-0.09997517615556718
0.04049847647547722
0.11210341751575469
-0.006419856566935778
-0.019533902406692505
0.04234694316983223
-0.03806841745972633
0.06222391128540039
0.003021659795194864
-0.050848450511693954
0.02747470326721668
-0.01862257532775402
-0.04646352306008338
0.0174882635474205
0.04693781957030296
-0.028157155960798264
-0.03889280930161476
0.002985187340527773
0.04183229058980942
-0.1241912692785263
-0.06479929387569427
-0.08797825127840042
-0.05238871276378632
0.0545007586479187
-0.09957924485206605
-0.012886700220406055
-0.023586751893162727
-0.008590346202254294
-0.11709927767515182
-0.04349890351295471
-0.07630980014801025
-0.00202580401673913
0.005625583697110415
0.03785019740462303
0.04191309586167336
0.01557296048849821
-0.05705109238624573
0.023552449420094487
0.0036247340030968185
-0.03209969773888588
-0.10834989696741104
-0.11180504411458968
0.060355331748723984
-0.013043012470006943
-0.07380524277687071
-0.04473117366433144
-0.10309424996376036
-0.049538183957338326
0.06677506119012833
-0.03437180817127228
0.0009855063399299981
0.06245735660195351
0.042280491441488266
-0.017545098438858982
0.08772818744182585
-0.04513885453343392
0.1567724198102951
0.0583537295460701
-0.043032001703977585
0.1122082844376564
-0.06959788501262665
-0.06620101630687714
-0.01682024449110031
-0.018800776451826092
-0.02823120355606079
-0.1175556629896164
0.058858953416347504
0.08439070731401443
0.06734389066696167
-0.029237492009997368
-0.048036765307188034
-0.11556874215602873
-0.015807298943400383
-0.10684050619602203
-0.03359753265976906
0.0029875594191253185
-0.07446444034576416
-0.11235624551773073
-0.03416787460446358
-0.09223127365112305
0.10792206972837448
-0.06261979043483734
0.11974651366472244
0.03819407895207405
-0.05378858745098113
-0.039636589586734765
-0.014160901308059692
-0.04846014454960823
-0.058493223041296005
-0.10183528065681456
-0.016731157898902893
-0.02860032021999359
-0.11114481836557388
-0.03486020863056183
-0.0442853569984436
-0.0873764008283615
-0.06410965323448181
-0.04058678075671196
0.016874874010682106
0.013166053220629692
0.07430904358625413
-0.0031754071824252605
-0.10203619301319122
0.10115762054920197
-0.03919754177331925
-0.09380830079317092
0.022030573338270187
0.03669426962733269
0.0005900509422644973
0.12236081808805464
-0.01419217139482498
0.036489419639110565
-0.03893476724624634
-0.06758391112089157
0.02996497601270676
0.017772722989320755
0.08502258360385895
-0.002245379146188497
-0.03729519620537758
0.03131655231118202
0.07445314526557921
-0.12064360082149504
-0.013355915434658527
-0.008162563666701315
-0.086507186293602
0.020494358614087105
0.015066977590322495
-0.003614476416260004
0.023195628076791763
0.014907614327967165
-0.005547798704355955
0.07053180783987045
-0.04816899076104164
-0.0186466071754694
0.0295857097953558
-0.07616816461086273
0.027436913922429085
-0.06652021408081055
0.09869892150163649
-0.06161373481154442
0.05686364322900772
-0.018285514786839485
0.06063802912831306
-0.02852324396371841
-0.06084291264414787
-0.01899375766515732
0.028475016355514526
0.0329376719892025
-0.018894780427217484
-0.12819908559322357
0.06749361753463745
0.09704862534999847
0.016255797818303108
0.04775673896074295
-0.05884633958339691
0.05663226544857025
-0.04111525043845177
0.05593695119023323
-0.010869485326111317
-0.05722394958138466
-0.04273587465286255
-0.0623738132417202
-0.012036031112074852
0.01729997806251049
0.017940273508429527
-0.02822566777467728
0.042504627257585526
-0.0812794640660286
0.16245074570178983
-0.08349226415157318
-0.021590936928987503
-0.026603011414408684
0.08488691598176956
0.027661070227622982
-0.03776535019278526
-0.0731571838259697
0.008461711928248405
0.06440214067697525
0.0329318530857563
-0.02394294925034046
0.04762094840407372
0.013577270321547983
0.041644372045993805
0.022122854366898537
0.06760934740304947
-0.017306474968791008
0.027669344097375866
-0.0807230621576309
-0.013372521847486496
-0.06460808217525482
-0.02101758122444153
-0.06219031289219856
0.01621779426932335
-0.07946859300136566
0.10473809391260148
-0.02408134192228317
0.10189510881900787
0.1334794908761978
-0.0932876616716385
0.03215552866458893
0.046129729598760605
0.05800168216228485
0.05026056990027428
0.03471067547798157
-0.02108289673924446
0.0653979629278183
0.0034811128862202168
-0.07765111327171324
0.0674789547920227
-0.005617793183773756
-0.00744894566014409
-0.056512158364057534
-0.005295983515679836
-0.023280357941985127
0.005946323275566101
-0.06383462250232697
-0.06949353218078613
-0.04490822181105614
0.01788989268243313
0.06070941314101219
0.04185983166098595
-0.05849272012710571
-0.08302673697471617
-0.014492982998490332
0.007656416390091181
-0.021316980943083763
-0.05491835623979568
-0.005981634836643934
0.041327327489852905
0.01863479055464268
-0.03445473685860634
0.026961274445056915
0.04979066550731658
-0.009409070014953613
-0.0764724463224411
0.018493268638849255
-0.11527642607688904
-0.031503066420555115
-0.016673186793923375
-0.02025801315903664
-0.09012945741415024
-0.009398365393280985
0.05063209310173988
0.1033126786351204
0.02090171165764332
-0.0035345465876162048
0.094954714179039
-0.023609548807144165
-0.03761666640639305
0.00099939142819494
0.04750227928161621
0.0783727392554283
-0.048736810684204095
-0.06194375827908516
0.12364830076694489
-0.08607062697410582
-0.060030993074178696
0.0626731812953949
-0.04787475988268852
0.008064312860369682
-0.10440616309642792
-0.07240720093250273
0.0590050034224987
0.08710364997386931
0.11385433375835417
-0.003748140763491392
0.05106611549854279
-0.111166775226593
-0.034617599099874496
0.005900560412555933
-0.10953070223331451
-0.02727671153843403
0.102975957095623
0.06614483147859573
0.007201123517006636
-0.02554302662611008
-0.04090607538819313
0.03604057803750038
0.052161630243062966
-0.012987991794943808
-0.056968241930007935
0.07890012860298157
-0.0310654491186142
-0.0935070663690567
-0.07483292371034622
-0.01748187094926834
0.03593045845627785
0.1043277084827423
0.06955324113368988
0.11114662885665892
0.11391502618789671
-0.05306294187903404
-0.10983577370643616
0.040634285658597946
-0.01860956661403179
0.022555980831384655
-0.03889021649956703
-0.04285499826073647
-0.03489631414413452
-0.04243975132703781
0.031093409284949303
-0.10017292201519012
-0.10592564195394516
-0.11755962669849396
0.021312430500984192
0.04376288503408432
0.0694994106888771
0.06937973201274872
-0.0045994329266250125
0.05082720145583153
0.0046597784385085115
0.03127600625157356
-0.024620987474918365
0.03685160353779793
0.03199424222111701
0.09682482481002808
-0.06513110548257828
-0.04244203492999077
-0.06235926225781441
-0.06088811531662941
-0.009256033226847649
-0.06565076112747192
0.0774032175540924
-0.008920859545469284
-0.03566892072558403
0.05883540958166122
0.10841935873031616
-0.003915064502507448
-0.09721378237009048
0.013823753222823145
0.005808827001601458
0.04872651770710945
0.0033718165941536422
-0.034597210586071014
0.021851709112524983
0.012030135840177536
-0.005339100491255522
-0.007739994209259748
0.04954318702220917
-0.026234105229377743
-0.08763572573661804
0.16694597899913788
-0.05429895967245102
0.039946187287569046
-0.01139233075082302
0.0590595193207264
-0.11341068893671036
-0.05899499729275704
-0.0648917704820633
-0.0017875299090519547
-0.06750311702489853
-0.06337262690067291
0.04706988483667374
-0.02859275415539741
-0.026702716946601868
-0.10141408443450928
-0.05573742464184761
0.0007357982685789467
0.07266516983509062
-0.04869557172060013
-0.045551206916570657
-0.08008762449026108
0.047753211110830314
-0.014922643080353735
-0.0012330958852544427
0.017760805785655975
-0.07517550885677338
0.055965963751077645
0.12860180437564847
0.07431335747241974
-0.04755227640271186
-0.04161312058568001
0.00886509194970131
-0.025702496990561485
0.005325860809534788
-0.06564091145992279
-0.03694552928209305
-0.09332114458084105
-0.01720854826271534
0.05258358269929886
0.0696495845913887
-0.08812849968671799
0.023720022290945053
-0.045430634170770645
0.08566087484359741
0.044678907841444016
0.0477331168949604
0.03962032124400138
0.01616976410150528
0.03775259852409362
0.03665591031312943
0.0038996520452201366
0.028257053345441815
0.041321590542793274
0.02011805772781372
-0.08200965821743011
0.023475211113691326
0.06743729859590529
0.04795217886567116
-0.06535924226045609
-0.018326276913285252
0.028854012489318848
-0.016874954104423523
0.0015442365547642112
0.02950362116098404
-0.011290041729807852
-0.01920943148434162
0.00036388949956744904
-0.03019729256629944
-0.04785074666142464
-0.07943444699048997
0.04032700881361961
0.048043403774499886
0.09166906028985976
0.12265896797180176
0.00521089555695653
-0.036186773329973214
0.015100818127393723
-0.023298345506191254
0.10744201391935349
-0.04692321270704269
-0.04149986058473587
0.007704081479460002
-0.0715397521853447
-0.06205269321799278
0.051127061247825616
-0.018709877505898476
-0.01526828482747078
0.060367804020643234
-0.015957580879330635
-0.03112293779850006
0.07428012043237686
0.01976221054792404
0.012358336709439754
-0.0493176244199276
-0.0011924380669370291
0.01122213527560234
-0.058024685829877846
0.04122240096330643
-0.03562319278717041
-0.0679648220539093
0.030955422669649124
0.003737083170562983
0.041063595563173294
-0.10090257227420805
-0.10101883113384245
-0.05136529728770256
0.0978875383734703
-0.1346019059419632
-0.08224859833717346
-0.06600484251976013
0.05521443486213684
0.05552655085921288
0.04597337916493416
0.05568012967705727
-0.03233702853322029
0.050952479243278496
0.025089453905820847
-0.11439236253499983
-0.021739201620221135
0.01387185975909233
-0.00897243246436119
-0.00784182921051979
0.016727834939956665
0.0026797023601830006
-0.010670923627912998
0.016500357538461685
-0.008426589891314505
0.195102334022522
-0.06899051368236542
0.01262320764362812
0.06703747808933258
-0.042587507516145706
-0.048957817256450646
-0.029312890022993088
-0.052983175963163376
-0.0249407347291708
0.05396640300750733
0.01582665741443634
-0.10627256333827972
-0.05193055421113968
0.0626501739025116
-0.05055219307541847
-0.06247926130890846
-0.006266563665121794
-0.021346077322959896
-0.0351586751639843
0.0785473957657814
-0.007240879815071821
-0.10219496488571166
-0.1021026223897934
-0.06835944950580597
-0.07530103623867035
-0.039825864136219025
-0.11896412074565887
-0.0007686732569709421
0.07707902044057846
-0.02047104015946388
0.033920492976903915
0.04275043681263924
0.07242169231176376
0.0131825041025877
-0.03243161737918854
0.02543641626834869
-0.04148169234395027
0.001201708219014108
0.0018309172010049224
-0.03125070780515671
-0.030514288693666455
0.027776483446359634
-0.12642234563827515
-0.06712014973163605
-0.07103422284126282
0.0033626831136643887
0.01731683500111103
-0.05641709640622138
0.02480568364262581
-0.03512335568666458
-0.05621188133955002
-0.01201782003045082
-0.0942411869764328
0.022785652428865433
0.062227800488471985
-0.04207067564129829
-0.03365389257669449
0.02426343970000744
-0.035198017954826355
-0.09018948674201965
-0.014413001015782356
-0.03601815924048424
-0.09282962977886201
0.0023585637100040913
0.0009509999072179198
-0.009433632716536522
0.0403059646487236
0.13476571440696716
0.08682420849800108
-0.05302771925926208
0.017397256568074226
-0.02958886884152889
0.032894011586904526
-0.022705404087901115
-0.12622500956058502
-0.07974961400032043
-0.005249610636383295
0.023975305259227753
0.05147861316800117
0.003749503288418055
-0.02193978428840637
-0.027767401188611984
0.010174673050642012
0.018907561898231503
-0.12958629429340363
-0.04708915576338768
-0.11714930832386015
-0.11072038114070892
0.10587936639785767
-0.011721532791852953
-0.012350104749202728
-0.03125092014670372
0.050286661833524704
-0.025045525282621384
0.05017784610390663
0.08879032731056213
0.012179458513855934
-0.022841632366180416
0.03730859234929085
0.02223900519311428
-0.11767941713333128
-0.11032059788703918
0.005443858448415995
0.022205781191587448
0.05644129216670989
-0.03108939900994301
0.020045774057507515
-0.029934437945485115
0.05904966965317726
0.04892094433307648
-0.04048079624772072
-0.0848599299788475
-0.08728350698947905
0.02218644693493843
-0.03231414780020714
-0.014155829325318336
0.011594296433031557
0.06972643733024597
-0.08048063516616821
-0.051838770508766174
0.06492256373167038
-0.0626855418086052
0.01915952563285828
-0.03631279990077019
-0.05811257287859917
0.12388288974761962
-0.043818529695272446
0.06030208244919777
-0.031779732555150986
0.02455581910908222
0.060241129249334335
-0.01974066719412804
0.07192806899547577
-0.0002576905535534024
0.052555251866579056
-0.020907573401927948
-0.09184074401855469
-0.04553961008787155
-0.05866290256381034
-0.04405144974589348
0.031365763396024704
0.048633117228746414
0.019326478242874146
-0.053383175283670425
-0.010354826226830482
0.066800557076931
-0.05920391157269478
-0.0025872974656522274
-0.03604580834507942
-0.027886008843779564
-0.09691375494003296
-0.061198152601718896
-0.06178871914744377
-0.02900535613298416
0.07816363871097565
0.0024770316667854786
-0.05049831047654152
-0.0750095397233963
-0.03710528090596199
-0.06383740156888962
0.02727043628692627
-0.0922262966632843
-0.0058790030889213085
0.005937513429671526
-0.008769173175096512
0.03613116592168808
-0.020172517746686932
0.01408441923558712
-0.02990955859422684
-0.042755886912345886
0.049562998116016395
-0.006939503829926252
0.006549454759806395
0.001212884089909494
-0.05584358796477318
-0.11514976620674132
-0.12139198929071426
0.047966655343770974
6.076914723962545e-05
-0.06853915750980377
0.06210993975400925
-0.03226621076464653
0.003765020053833723
-0.029837219044566154
-0.07520619779825209
-0.12202005088329317
-0.003086845856159925
0.07651079446077347
0.03012849204242229
0.04217938706278801
-0.12048830837011336
-0.0070448420010507115
-0.12024758011102676
-0.023839669302105904
-0.02055596373975277
-0.00807761214673519
-0.001858460367657244
0.05630341172218322
-0.002017561811953783
-0.004421657416969538
0.029247537255287167
0.039610568434000015
-0.0334104597568512
0.025605052709579468
-0.055208280682563775
0.031272273510694504
-0.08508174121379852
0.07562191039323807
-0.018721980974078175
0.1345851570367813
0.21730412542819977
0.07346051186323165
0.06480735540390015
0.012646002694964407
-0.044210266321897514
-0.017531033605337143
-0.01575198955833912
-0.057108934968709946
-0.036427829414606094
0.10518901795148848
-0.118514746427536
0.03288281336426735
-0.08627171814441681
6.754358764737844e-05
0.049296561628580086
-0.04614769294857978
0.08414999395608902
0.05882435664534569
0.07163219153881073
-0.09657725691795348
0.04005942866206169
-0.05840238928794861
-0.12186184525489809
0.022924847900867466
0.05672841519117355
-0.036963388323783875
0.11461538076400755
-0.011719451285898684
0.01066773384809494
-0.04689236730337143
-0.07511346787214278
0.025996049866080284
-0.07612718641757965
-0.0009410731727257371
0.0035828244872391224
-0.07185730338096619
-0.02189460210502148
-0.0450303740799427
0.07539919763803482
-0.01967819966375828
-0.11210012435913085
-0.1179119199514389
0.0035265483893454075
-0.007797405589371919
-0.03389982506632805
-0.05330384150147439
-0.029033368453383442
-0.02823163568973541
0.03177089244127273
0.005758149083703756
-0.05377156659960746
0.0904543399810791
-0.015489296987652779
-0.06830737739801407
-0.10758805274963378
-0.0379474088549614
0.0086337486281991
-0.015237880870699883
-0.03446625545620918
-0.03403759375214577
-0.07288781553506851
-0.015062132850289345
0.033033587038517
0.02865242399275303
-0.10384593904018402
0.1500946134328842
-0.11008261144161224
-0.02786070853471756
-0.08276589214801788
-0.019040092825889587
0.055476006120443344
-0.011607298627495764
0.04494075104594231
-0.052199836820364
0.03153575584292412
0.047457121312618256
0.057337068021297455
-0.1084003448486328
-0.08305925130844115
-0.03274787217378616
0.007241809740662575
0.006868342403322457
0.03195645660161972
-0.0006288677686825395
-0.0423462837934494
0.0192969162017107
0.017225001007318497
-0.023826304823160168
-0.03570683673024177
0.008819552138447762
0.013529061339795588
-0.09220696985721587
0.1123233139514923
0.048716802150011056
-0.11659273505210876
-0.012002616189420223
0.0006126113003119825
0.01819206029176712
0.016224952414631844
0.004521469119936228
-0.004517449531704187
0.052120048552751534
0.035586755722761154
0.07357008010149002
0.035154327750205994
-0.05418560281395912
0.015678782016038895
-0.04193558171391487
0.013589195907115936
-0.04100243002176285
-0.011439519003033638
0.10027392208576202
0.0500103235244751
-0.0758182853460312
0.05289884656667709
-0.0063199736177921295
0.024739213287830353
-0.045538552105426795
-0.12224494665861128
-0.01081598363816738
-0.018006859347224236
0.019930511713027958
0.07656415551900862
-0.01029094122350216
0.05067725479602814
0.06957487016916275
-0.1278698593378067
0.012961641885340212
-0.08281964808702467
0.029976444318890568
-0.03495703265070915
-0.030979588627815247
0.06923159956932068
-0.055374477058649056
0.016900669783353806
0.008010970428586006
0.19215147197246552
-0.07672832161188124
0.02761748805642128
0.06385783106088638
-0.037016388028860085
-0.10641031712293623
-0.06284672766923904
-0.06896458566188812
-0.048036765307188034
0.0032983883284032345
0.031164456158876416
-0.04219712316989899
-0.08227001875638962
0.09907934814691544
0.04636207595467568
-0.1267327219247818
0.06595296412706375
0.12653328478336334
0.026111025363206863
-0.10058440268039703
-0.04606645926833153
-0.028456663712859157
0.07607244700193405
0.00020018627401441333
-0.08353864401578902
0.021361244842410088
0.012625206261873244
-0.02450963668525219
-0.053633030503988266
0.015609018504619598
-0.09878645837306976
0.06322645395994185
-0.003545325249433517
0.0535416267812252
0.07766953110694885
-0.10444962978363036
-0.03560680523514748
0.0013090738793835044
-0.07436337321996687
-0.053989019244909286
0.0026844688691198826
0.05600493773818016
-0.014473047107458115
0.08762185275554657
-0.0504864938557148
-0.08616891503334045
0.06901885569095612
0.055858414620161057
-0.008335188962519169
-0.00673964386805892
0.13411729037761688
0.03713788837194442
-0.057363878935575485
-0.0035996683873236175
-0.04193581640720368
-0.01997203752398491
-0.0925348922610283
-0.022798895835876465
-0.09325688332319261
-0.00976535305380821
-0.002603172790259123
-0.00687255011871457
-0.11680442839860916
0.054190725088119514
0.02714211866259575
-0.02675943821668625
0.0438779853284359
0.02443867176771164
-0.08604688942432404
-0.09730377793312071
-0.007972203195095062
0.08826567977666855
0.06506648659706116
-0.08121269941329955
0.010325152426958084
-0.10119997709989548
0.023719999939203262
0.1173831596970558
-0.0017543506110087035
0.008620868436992168
-0.12092527002096176
-0.007158856373280287
0.03573625162243843
0.03245876356959343
-0.08349364250898361
-0.005404745694249868
0.0030149570666253567
-0.04645611718297005
0.0433809757232666
0.015681564807891846
0.045894969254732125
-0.02859341725707054
-0.06939513981342316
-0.05116532742977142
0.00017884222324937582
-0.03926825150847434
0.031133148819208145
-0.05260762199759483
-0.11368672549724577
0.025922145694494247
-0.06078049913048744
0.033767733722925186
0.0504506230354309
0.010946562513709068
0.019169868901371956
-0.03971739858388901
0.07370788604021072
0.0014524984871968627
-0.021056281402707096
-0.0007239790866151453
0.04674478620290756
-0.0004840191686525941
0.024430150166153908
-0.029641820117831234
-0.010284995660185812
0.05421876534819602
-0.04569289460778236
-0.0422208197414875
-0.026417233049869537
-0.018429385498166084
0.0074225147254765025
0.07691702991724014
-0.05893327668309212
-0.07306545972824097
0.039487577974796295
0.05797553434967995
-0.04320308193564415
0.036478500813245766
-0.02313559502363205
-0.027183668687939644
-0.11601386964321136
-0.044594723731279366
-0.027090704068541527
0.02394145168364048
-0.007400877308100463
-0.056590598076581955
-0.03699649870395661
-0.0008404558757320046
0.06289821118116379
0.040005605667829514
-0.1235414445400238
-0.08342849463224411
0.0682927742600441
0.08324431627988814
-0.04012260213494301
-0.03316451609134674
-0.02020383812487125
-0.0005653687985613942
-0.026118358597159386
-0.006710532587021588
-0.02523110620677471
-0.04521983116865158
-0.03269499912858009
0.04154666140675545
-0.08670918643474579
0.019479816779494286
-0.09478487819433212
-0.05296406894922256
-0.00846235454082489
0.02829427644610405
-0.025217328220605847
0.0029510878957808018
-0.00021535030100494623
0.015863580629229546
-0.09073345363140106
0.017787545919418335
0.044765934348106384
0.04309729859232903
0.02440011501312256
-0.03395773842930794
-0.06510137766599655
-0.0008063256973400712
0.11573846638202669
-0.05462765321135521
-0.11027150601148604
-0.08964589983224867
0.0965040847659111
0.051006268709898
0.07611487060785292
0.03716084733605385
0.11561289429664612
-0.12813082337379456
0.00468332739546895
0.02462327480316162
0.0651925653219223
0.016514452174305916
-0.06108790263533592
0.004063306841999292
0.08518986403942108
0.016088034957647324
-0.055213090032339096
-0.014634974300861359
-0.08446804434061049
0.002061207313090563
-0.10663659870624542
-0.021831268444657322
-0.03994668647646904
-0.035626914352178574
-0.09018117934465408
0.03418593853712082
0.014406255446374416
-0.020732702687382695
-0.03415706008672714
-0.008274316787719727
0.00951682683080435
0.06744562089443207
-0.06800869107246399
0.0696621835231781
-0.0030081435106694694
0.10355368256568909
0.013902937993407248
0.07075187563896179
-0.08865526318550108
0.0037927743978798394
-0.0317302830517292
-0.01216618437319994
0.028744602575898167
-0.013798927888274193
-0.06180151179432869
0.04240622743964195
0.023614682257175446
-0.009539246559143066
-0.0687459260225296
0.022776756435632706
-0.022866850718855854
-0.07496994733810426
-0.02429153397679329
-0.05792936310172081
-0.05262850597500801
-0.06819674372673035
-0.08228348195552827
0.05614232271909714
-0.0859794020652771
0.029248815029859543
0.01687067188322544
0.01300031691789627
-0.07329317182302475
0.05115024745464325
-0.08963660895824432
-0.08449701219797134
0.009632283821702003
-0.0744877979159355
-0.05523953586816788
0.03954531624913216
0.06547272950410843
-0.03301003575325012
-0.018080465495586395
-0.06916815042495728
0.08381189405918121
0.04208878427743912
0.2080187350511551
-0.00359022943302989
-0.025008007884025574
-0.08814711868762971
0.01953054964542389
-0.0571674071252346
-0.026344673708081245
-0.04507045075297356
-0.07254573702812195
-0.0250954981893301
-0.07214687764644624
-0.06296264380216599
0.02481691539287567
0.05558578297495841
-0.08110207319259644
-0.07039038836956024
0.05075428262352944
-0.10572385787963869
-0.056660935282707214
0.02618023008108139
0.0403795912861824
-0.005276513751596212
0.00811496563255787
-0.006302629131823777
-0.06431463360786438
-0.09718226641416547
-0.008364864625036716
0.13034291565418243
0.014550184831023216
0.04001476988196373
-0.06455587595701218
0.1338990181684494
0.1323440819978714
0.06490246951580048
-0.0408986322581768
-0.004362504463642836
-0.019427884370088577
0.09868048131465913
0.1757068783044815
0.019638987258076668
-0.05628843232989311
-0.10832785069942474
0.14030422270298004
-0.047442615032196045
0.03649834915995598
-0.1253029853105545
0.013929851353168488
-0.027600798755884167
0.03938832506537437
0.02882291004061699
-0.02339228242635727
0.05732168629765511
0.09014303982257843
0.08163721859455107
-0.02834939956665039
-0.023144789040088654
0.034195903688669205
-0.07016033679246902
-0.005716504063457251
0.010471467860043049
-0.04075432568788528
0.003986726049333811
-0.062096256762743
-0.007791632320731878
-0.01824132353067398
-0.07040734589099884
0.03054124675691128
0.03474617004394531
-0.05981356278061866
-0.11042597889900208
-0.07476397603750227
-0.05052017048001289
-0.034060366451740265
0.019887212663888928
0.04384373873472214
0.005533341784030199
-0.014191029593348505
0.12770111858844757
-0.11532723903656004
0.054247673600912094
-0.021498700603842732
0.07448690384626387
0.07877145707607269
0.02395319193601608
0.06026875972747803
0.04241320863366127
0.04556658491492272
-0.02244981005787849
0.008539451286196707
-0.02997073158621788
-0.04348178580403328
0.12412112951278687
-0.07362158596515654
0.02357332222163677
0.033269625157117844
0.029424190521240234
0.0005877533694729209
-0.0031250589527189727
0.09512112289667128
0.03968989849090576
0.016683438792824745
0.010459052398800848
0.07014024257659912
-0.0030844942666590214
0.032176658511161804
0.03200310096144676
0.011209117248654364
-0.040376760065555566
0.054178386926651
0.04098548367619514
-0.02929163724184036
-0.0469915084540844
0.03861188888549805
-0.04505179449915886
-0.04543234035372734
0.04225573688745499
0.09539122879505155
-0.01704392209649086
-0.00020590389613062143
0.023497238755226132
0.008194119669497013
0.03423646464943886
0.03635627403855324
0.0831175148487091
-0.013290345668792725
0.017870046198368073
-0.05729908496141434
-0.03495486453175545
0.007125618401914834
-0.09258060902357101
-0.04309900850057602
-0.03097870573401451
0.02082747593522072
0.07977455854415892
0.019031517207622528
0.017011674121022224
-0.1191459372639656
0.017206203192472454
0.07339654862880705
0.01886977255344391
-0.07803526520729065
-0.05498557910323143
-0.02108560875058174
-0.0020910478197038174
-0.011295136064291
-0.12095645815134048
-0.06863411515951157
-0.003165749367326498
-0.09668845683336258
0.07611620426177977
0.007519444916397333
-0.0098139401525259
0.0015098660951480267
0.05043036118149757
-0.003940214868634939
0.035567451268434525
0.02968890592455864
-0.004982552956789732
-0.10480369627475739
0.12985827028751373
-0.035154230892658234
-0.05697306618094444
-0.04276508465409279
-0.0336853601038456
-0.018981430679559708
-0.03903110325336456
0.07844628393650056
-0.07441391795873643
-0.02225879393517971
0.076766237616539
0.02797842212021351
-0.005827163811773062
-0.027876732870936397
-0.0323406495153904
-0.001931875594891608
0.014773290604352953
-0.05485745891928673
-0.048249084502458565
-0.014792032539844511
-0.11176963150501253
0.13005885481834412
-0.05395564064383506
-0.010292092338204384
-0.08848663419485091
-0.0036700568161904808
0.1076538935303688
-0.03042327240109444
-0.0043871584348380566
-0.07858100533485411
-0.011664357036352156
-0.04243383929133415
0.04822184517979622
0.05805874988436698
-0.10090958327054976
0.02432427369058132
-0.11648360639810562
0.14888758957386017
-0.09763292968273161
-0.10725364089012146
0.01653853803873062
-0.05944343656301498
-0.00584727106615901
0.03245435655117035
-0.041321024298667915
-0.06139929220080376
0.03359721601009369
0.03302457556128502
0.02239648997783661
-0.06200883910059929
-0.09456278383731842
-0.06599289178848267
0.013464469462633131
-0.028444463387131688
0.005667060147970914
0.07200787961483002
-0.10404595732688904
-0.014631425961852072
-0.03520120307803153
0.0037723365239799023
-0.02116199769079685
-0.005993811413645744
0.03378644958138466
0.027540192008018494
0.14186237752437592
0.10739775002002716
-0.11715851724147797
-0.0036762128584086895
-0.11240851134061812
0.1179169714450836
-0.03982456773519516
-0.05991978570818901
-0.08094575256109236
-0.036737143993377686
-0.10826453566551208
-0.034627530723810196
0.07986741513013838
0.09094792604446413
0.0709470584988594
-0.011287130415439604
-0.038058344274759286
-0.07965992391109465
-0.05513907596468925
-0.004729788284748793
0.03210348263382912
-0.020364226773381237
-0.08188185095787048
0.06011684238910675
-0.020127393305301663
-0.05589195713400841
-0.04879229143261909
0.044389259070158
0.10713550448417664
-0.015556700527668
-0.10961823165416716
0.00889696553349495
0.007657939102500677
-0.027715109288692474
0.12108448147773743
-0.011725446209311484
0.09213188290596008
-0.03287447988986969
-0.0059585622511804095
0.052774645388126366
0.01105142757296562
0.04223326966166496
-0.0022463775239884853
0.09369931370019911
-0.05139755457639694
0.044530298560857766
0.00807795487344265
0.046206217259168625
-0.027761656790971756
0.02140515297651291
0.027499284595251083
-0.11540659517049788
-0.022820580750703808
0.07759168744087219
-0.058817610144615166
0.11813088506460188
-0.032583218067884445
0.058510828763246536
0.02148056775331497
0.041623864322900765
0.037020359188318246
0.06759053468704224
-0.02605101838707924
-0.04871552065014839
0.10556121170520782
-0.09737490117549896
-0.03950192406773567
-0.022901140153408047
0.08157020807266235
0.07770095765590668
-0.08267232775688171
0.022829322144389153
-0.11156906932592392
0.047363299876451485
0.005246427375823259
0.06243536248803139
0.03533129766583443
-0.0133063867688179
-0.02759139612317085
-0.007238028105348349
-0.02335498481988907
-0.034344714134931564
0.002064117696136236
-0.03646021708846092
0.06171927973628044
0.016439447179436684
-0.01513230800628662
-0.040143638849258416
-0.044485315680503845
-0.056990932673215866
0.01737885549664497
-0.039567478001117706
0.04291217401623726
0.02924945577979088
0.10254721343517303
-0.10656569153070448
0.08551721274852753
-0.016206832602620125
0.015931496396660805
0.02353166788816452
-0.10252796858549118
-0.03177771344780922
-0.07636436820030211
-0.07784554362297058
0.03693594411015511
0.031310521066188805
-0.06571435928344727
-0.0634460300207138
0.033447060734033585
-0.01800931803882122
-0.06573525071144104
0.013588353060185908
0.05119839683175087
0.09526915848255155
0.04194013774394989
0.013624396175146101
0.162127748131752
-0.06818947196006775
0.015503974631428719
0.03312521055340767
0.014953703619539736
-0.04459341987967491
-0.10267461091279984
0.001873158267699182
-0.025746764615178108
0.03419598564505577
0.12364127486944199
-0.007084366399794817
-0.010910386219620705
-0.022284710779786106
-0.07047708332538605
0.051427457481622696
-0.08532801270484924
-0.11966978013515472
-0.038799066096544266
-0.003969512414187193
-0.06760857254266739
0.0008337761973962187
0.013823524117469788
-0.013593319803476332
-0.011215608566999435
-0.02083980478346348
-0.06073126196861267
0.05583526939153671
0.12386856973171234
-0.09494371712207794
-0.024763502180576324
-0.07041773200035095
-0.04199692234396935
0.014209955930709839
-0.07005994021892548
0.03054165467619896
0.03403867408633232
-0.016780227422714233
-0.09841447323560713
-0.06988073140382767
0.043481491506099694
-0.028357321396470066
-0.013404130935668944
0.12558524310588837
-0.005173611920326948
-0.05214540287852287
-0.03819839283823967
-0.07645964622497559
-0.06444339454174042
0.023014992475509644
-0.0008620951557531952
0.04400814697146416
-0.04672297090291977
0.03343503549695015
0.03618805110454559
0.060616783797740936
0.09604966640472412
0.11061544716358183
-0.11219637840986252
0.053836781531572335
0.003297198098152876
0.07787621021270752
0.03583459183573723
-0.07863077521324156
0.10452282428741456
-0.09997278451919556
-0.030427653342485428
-0.07108569145202637
-0.04703424498438835
-0.03448200970888138
-0.005116916727274656
0.1433318555355072
0.03272392600774765
-0.07632640004158019
-0.061509158462286
0.003013343084603548
-0.024213721975684162
0.009064694866538048
-0.11069541424512865
0.01796143315732479
0.058560147881507874
0.006274547893553972
0.032248444855213165
-0.04225693270564079
0.017726439982652664
0.06357275694608688
0.0051046968437731275
-0.02734367549419403
-0.00806957483291626
-0.06586577743291855
-0.09077122062444688
-0.056649725884199136
0.03446811065077782
-0.08457306027412415
0.007332864683121442
0.05767024680972099
0.07725778222084045
0.03183902055025101
0.020276281982660294
0.020461637526750565
-0.1213686317205429
0.10421144962310792
-0.01575406827032566
0.009424840100109575
0.021574368700385094
0.00968051701784134
-0.04006383940577507
-0.03893322125077248
-0.10235330462455748
0.07332024723291397
-0.04948166012763977
0.01411727536469698
-0.07208503037691116
-0.057617608457803726
0.02862938120961189
-0.03352890536189079
-0.005497794132679701
-0.05343569815158844
0.05086459964513779
0.03157302364706993
0.06288836896419525
-0.11385215073823927
-0.08082599937915802
-0.03927787020802498
0.04992331191897392
0.05073290690779685
0.04090048372745514
0.07161178439855576
0.043245911598205566
0.09084335714578627
-0.0343385674059391
0.009230876341462135
-0.05304577574133873
-0.07294814288616179
0.06438816338777542
-0.011519033461809158
-0.07772146165370941
0.001061909249983728
0.04932776093482971
-0.02974001318216324
0.05245804414153099
0.001414805999957025
-0.10430612415075302
0.06259772926568985
-0.12744297087192535
0.10013489425182343
-0.03318658098578453
-0.10732023417949677
0.05802455171942711
-0.026737663894891735
0.012588913552463055
-0.0815482586622238
0.17305926978588104
0.006323350127786398
0.1306566447019577
-0.05808976292610168
-0.04019202664494514
-0.01763492450118065
0.03606443852186203
-0.010809883475303648
0.0013870488619431851
-0.0008898150408640503
0.1201154887676239
-0.11756326258182524
0.042130235582590096
0.06719415634870529
0.018781844526529312
-0.005036040674895048
-0.09569543600082397
0.022666200995445248
-0.009173514321446417
0.0931662619113922
-0.057805057615041726
0.07348039001226425
-0.046076949685812
0.0025523179210722446
-0.03771321848034859
0.039337720721960075
0.08474794030189514
-0.0801217034459114
-0.056521836668252945
-0.11547785997390748
-0.083781398832798
-0.12161290645599364
0.053494442254304886
-0.03306342288851737
-0.019855927675962448
-0.08542449772357939
-0.056633863598108285
0.02661236375570297
-0.09923756867647171
-0.032745540142059326
0.024258220568299294
-0.10876229405403136
0.014456095173954964
0.11290709674358368
-0.03153065964579582
-0.04364744201302528
-0.09273344278335571
-0.02124728076159954
0.047581955790519714
-0.08810958266258238
0.09726807475090025
0.06850405037403107
-0.05346481129527092
0.018512340262532238
-0.009125681594014168
0.012714902870357037
-0.0701199471950531
0.015291012823581696
-0.0660594180226326
-0.05323122814297676
-0.04369940236210823
0.09839764237403868
-0.09565366804599762
0.007839951664209366
0.025064231827855114
0.12492609024047852
-0.027898604050278664
-0.11182387173175812
-0.0158049575984478
-0.06517503410577774
0.014689123257994652
-0.07344591617584227
-0.03599459305405617
0.10562257468700408
-0.056580815464258194
0.003916130866855383
0.035128720104694366
-0.06517593562602997
-0.020851902663707733
-0.024771172553300858
0.10386240482330322
-0.012629079632461073
-0.06713660806417465
-0.11293958127498625
-0.06750241667032242
-0.11029356718063354
-0.07751689851284027
-0.08900383114814758
-0.05236346647143364
0.018516503274440765
0.03944438695907593
-0.11770279705524445
0.07246720045804977
-0.09508296847343443
0.034946732223033905
-0.09495989978313446
-0.009619113057851791
-0.02180183306336403
-0.05097977444529533
0.02365678921341896
-0.05223161354660988
-0.055665936321020126
0.02655453234910965
-0.08250107616186142
0.009329643100500105
0.004756386857479811
0.004124465864151716
0.08179400116205214
-0.03371201083064079
-0.05074090138077736
0.11225441098213196
0.07936900854110716
0.04511591047048569
-2.5119283236563202e-05
0.07702866196632385
0.028310906141996384
-0.10513292998075484
-0.028386157006025314
0.07488603144884108
0.12910886108875275
0.04473843425512314
0.04934782162308693
0.06553661823272705
0.008584261871874332
-0.0492204837501049
-0.02428638190031052
-0.014785381034016607
-0.038950759917497635
-0.06628453731536865
0.012519579380750656
-0.07182761281728745
0.01418662630021572
0.03585560992360115
0.001976606901735068
0.05604996904730797
0.05281557887792587
0.03999486938118935
0.03675501421093941
0.030236627906560894
0.05994689464569092
-0.05934811756014824
-0.10135190188884736
0.10089140385389328
-0.06886398792266846
-0.06115880236029625
0.032438818365335464
-0.09545838832855225
-0.006576751358807087
-0.0729689672589302
-0.10999234020709991
-0.10555993020534515
-0.06871424615383148
0.0017872065072879195
0.016413088887929916
-0.03847460076212882
-0.0018337933579459784
0.03173503279685974
-0.05926540121436119
-0.08330653607845305
0.012707123532891272
0.010408349335193634
-0.05666198208928108
0.017258131876587868
0.006291649769991636
0.030735569074749943
0.09304696321487425
0.02841898426413536
-0.01921512186527252
-0.013022572733461857
-0.05007871612906456
-0.04473640024662018
0.003370403312146664
-0.10888463258743286
0.007102733943611384
0.06265318393707275
-0.05847815796732903
0.059632208198308945
-0.10570182651281355
-0.11408942937850952
0.06762053072452545
-0.028780549764633175
-0.027966197580099102
0.016092650592327114
0.054677125066518784
-0.015273954719305038
0.010911239311099052
0.03696876391768456
0.01100322976708412
-0.04818105697631836
0.024013541638851162
0.034939445555210114
-0.055821675807237625
-0.04289785400032997
-0.001683156588114798
-0.08973481506109236
0.07674890011548997
-0.09206809103488922
0.0340525321662426
-0.027519419789314273
-0.09428355097770691
0.05609827488660812
0.14841769635677335
0.1302918642759323
0.00837845169007778
0.026175128296017647
0.017788445577025414
-0.11434758454561232
0.013444939628243446
-0.07161599397659302
0.0034872316755354404
0.12492324411869048
0.040651772171258926
0.013895846903324127
-0.1088295727968216
-0.03180338814854622
-0.05149419978260993
0.04404253885149956
0.00611302861943841
0.014258943498134611
0.03790586069226265
-0.029553659260272976
0.09457018971443176
0.07954093813896179
-0.039123691618442535
0.043364781886339195
-0.07869581133127213
-0.10523027926683425
-0.1151553690433502
-0.027472322806715965
-0.06882226467132568
0.034453604370355606
0.06874503195285797
0.10992215573787688
-0.01458175852894783
-0.10407932847738265
-0.05569123849272728
0.010641498491168022
-0.007789093535393476
-0.03603256866335869
0.13023245334625244
-0.06448535621166229
0.017149565741419792
-0.04072725400328636
-0.002962033730000257
-0.048708751797676086
-0.021701036021113396
-0.016674445942044258
0.022562608122825623
0.07161222398281097
-0.11830109357833862
-0.013242388144135475
0.11780865490436553
0.013784524984657764
0.06575256586074829
0.0281661469489336
0.07654859125614166
0.039588447660207755
-0.05166025087237358
-0.11815182864665984
0.04505111649632454
-0.024487935006618496
0.05282091721892357
-0.007997107692062855
0.02985585853457451
0.00023871881421655416
0.09485393762588501
-0.030586566776037216
-0.07738438248634337
-0.041941195726394646
-0.08400992304086685
-0.06114577874541283
0.008749411441385746
-0.02002028189599514
0.063514843583107
-0.05569544434547424
-0.06633715331554413
-0.043752994388341904
0.03297113627195358
0.005478861276060343
-0.06785497814416885
-0.015141017735004423
-0.06097390130162239
-0.10176776349544524
-0.051803581416606896
0.0005488496972247958
0.10211159288883208
0.02439304441213608
-0.06149107590317726
0.016993951052427292
0.009792349301278591
-0.11640942841768263
-0.03391089662909508
0.02618421241641045
-0.10465853661298752
-0.11764824390411376
0.025410732254385948
-0.09556816518306732
0.02346658334136009
-0.03772810101509094
-0.1085171177983284
-0.015111558139324188
-0.022517599165439606
0.027213331311941143
-0.022537097334861755
0.02664005011320114
-0.05580404028296471
0.07817842811346054
-0.004844087641686201
0.1010751500725746
-0.07687398791313171
-0.04413561150431633
-0.1128360703587532
-0.04432903230190277
-0.02290508709847927
-0.06490185111761093
0.06511259078979492
0.056213300675153725
0.0029880465008318424
-0.10817403346300124
-0.07752285897731781
0.0520569421350956
0.07667906582355499
-0.03200550749897957
-0.04395348206162453
-0.0488399863243103
-0.0051881386898458
0.06992751359939575
0.11546003073453905
0.061520107090473175
0.10239443182945251
0.0363503061234951
0.02676834166049957
0.014431996271014212
0.13152097165584564
-0.011770842596888542
-0.08136053383350371
-0.10052555799484252
0.010024280287325382
0.046435434371232986
-0.04856903105974197
-0.05089781433343887
-0.0586380809545517
-0.027189383283257484
0.043335746973752975
-0.019490338861942288
-0.02445549704134464
0.06174606457352638
0.004381098318845034
-0.09213055670261384
-0.008690977469086647
-0.10629532486200333
-0.09716590493917464
-0.04768014699220657
0.03325338289141655
0.041359279304742806
-0.0628613531589508
-0.07671578228473662
-0.029539640992879868
-0.04088578745722771
-0.019634883850812912
-0.0616302601993084
0.01041349209845066
0.015194670297205448
-0.02337602525949478
-0.06675402820110321
0.01646416448056698
-0.02475005388259888
-0.05183127894997597
-0.001171245821751654
0.007659968454390765
-0.01775074377655983
-0.11808454990386962
-0.02503605745732784
0.13457599282264707
-0.010560076683759688
-0.014164881780743597
-0.036521870642900474
0.020510055124759678
-0.02104267105460167
0.0013014291180297732
-0.0681513175368309
-0.07149025052785873
-0.07308923453092575
-0.010969093069434164
0.09629560261964798
0.02969115227460861
-0.1239934265613556
-0.017907463014125824
-0.048381276428699486
0.0627354234457016
0.047860220074653625
0.0393066480755806
-0.0030542868189513683
0.001537401578389108
-0.007311939727514982
-0.030182380229234692
-0.05792464315891266
0.015485716983675957
-0.03635605797171593
-0.02255982346832752
0.009093886241316797
0.010786530561745167
-0.0608585886657238
0.08851084113121031
0.06602621078491211
0.015872273594141006
-0.07009243965148926
-0.03187870234251022
0.0029074526391923428
0.051562000066041946
0.02157449349761009
0.08723996579647064
0.0249677449464798
0.017370890825986862
-0.05350138619542122
-0.047973070293664925
0.05149254947900772
0.12818913161754608
-0.03519108891487121
-0.07258179783821107
0.025838401168584824
-0.019924931228160855
0.03858482837677001
0.07527192682027815
-0.04381689801812172
0.019805992022156715
0.01948293298482895
-0.04441731050610542
-0.06180385872721672
-0.11020909249782562
-0.11522096395492552
-0.029687289148569107
-0.02078207954764366
-0.1091885268688202
0.02822854369878769
0.015248673036694527
-0.043565813452005386
-0.017588140442967415
0.10709753632545473
-0.015382222831249235
-0.06461162865161896
0.07127998024225235
-0.00013203697744756937
-0.03905809298157692
0.020734811201691628
-0.0029924740083515644
0.10282990336418152
0.0230126716196537
0.01191452145576477
-0.10003792494535446
0.05015626922249793
0.06003817170858383
0.08496806025505067
-0.06125561520457268
0.09437082707881927
-0.06454985588788986
0.10340282320976256
0.10943812131881712
-0.07354656606912613
0.06114662811160088
0.07447338104248048
0.008493762463331223
0.008820081129670143
0.01896059326827526
-0.001806803629733622
-0.018344514071941372
-0.08087918162345886
0.051258862018585205
0.0687619000673294
0.020267026498913765
-0.11412181705236434
0.0563100092113018
0.09523575007915498
0.08691058307886124
-0.07002827525138855
-0.017494503408670425
-0.07367888092994691
-0.11126981675624847
0.023639954626560208
0.03390432894229889
0.017543962225317955
-0.11867430061101912
0.03775019943714142
-0.04315600171685218
-0.05370096489787102
-0.0031476165167987342
0.006789684761315584
0.03696095570921898
-0.009977472014725208
-0.03276139870285988
0.02017330564558506
0.09334552288055423
-0.07592242211103438
-0.014095230028033257
0.05713644996285439
0.03927087038755417
-0.08208909630775452
-0.05977170914411545
0.04718974605202674
-0.047086551785469055
-0.11562876403331757
-0.06957590579986572
-0.02853676304221153
-0.06369156390428543
0.08007882535457611
-0.013103379867970943
0.0005832937313243747
-0.007724562194198371
-0.06042413040995598
-0.04842328280210495
0.046695541590452194
-0.034018807113170624
0.059495657682418816
0.03277082368731499
0.0800173282623291
-0.014821667224168776
-0.0821351259946823
-0.05118277296423912
0.02662627398967743
0.016971303150057793
-0.08644622564315795
-0.004323733504861592
-0.03197980299592018
0.021526560187339783
0.0002744965022429824
0.08530405908823013
-0.015812670812010765
0.052003201097249985
-0.054746199399232864
-0.07385025918483734
-0.06160033866763114
-0.09759772568941116
-0.10638115555047988
-0.00403768802061677
0.028166625648736957
-0.06206497177481651
0.035947270691394806
-0.0719912052154541
0.014531902968883514
-0.013406744226813316
-0.11331455409526824
-0.021739553660154343
-0.016088753938674927
-0.09528373181819917
0.004438170697540045
-0.06185181811451912
0.05547880008816719
0.0034241960383951664
-0.05739146843552589
0.02374032139778137
0.016839798539876934
-0.07660411298274995
0.0339847095310688
0.022714737802743912
-0.03899770230054855
-0.02230198308825493
-0.07245935499668121
-0.009385873563587664
-0.12248614430427553
0.04607511311769485
0.018269360065460205
-0.05664981156587601
-0.04542267695069313
-0.04667721316218376
-0.13477753102779388
0.01129988394677639
-0.036787811666727066
-0.01726154237985611
-0.09203731268644333
0.024790246039628983
-0.018355764448642727
-0.10639857500791548
-0.033633701503276825
-0.05208207294344903
0.028495801612734795
0.04700509086251258
-0.05387928709387779
0.03632815554738045
0.0154988095164299
0.08942274004220961
-0.048707116395235055
-0.006749244872480631
-0.026508286595344543
0.11776144802570344
0.03472679853439331
-0.0692184716463089
0.09452778100967409
0.016968969255685806
-0.03010331839323044
0.05612568557262421
-0.00010742864105850458
0.11523511260747908
-0.07021450996398926
-0.062283504754304886
-0.0008602567249909043
-0.0017960668774321675
-0.027751125395298004
0.020061932504177094
0.08137349784374237
-0.03680664673447609
-0.03443237394094467
0.0642852932214737
-0.011531006544828413
-0.007736045401543379
0.023127757012844086
0.1721210926771164
-0.0011576708639040587
-0.1261839121580124
-0.09077310562133789
0.05589968338608742
0.06181279942393303
-0.07174640148878098
-0.10447695106267928
0.03228322044014931
-0.06895387172698975
-0.017345702275633812
0.016222048550844193
0.0014035621425136924
-0.034404490143060684
0.11393623799085616
-0.03451134264469147
-0.06177318468689919
0.010707784444093704
-0.05721213668584824
-0.0318165123462677
0.029200267046689987
-0.08676448464393614
0.06521759927272797
0.03858970105648041
0.05829737707972527
0.05689569190144538
-0.09429260343313216
0.07797723263502121
-0.09284935891628264
0.08008570969104768
-0.04613395035266876
-0.007645700592547654
-0.05841654166579247
-0.05562933534383774
-0.007765056099742651
-0.00048406573478132486
0.020418401807546612
-0.0004394490970298648
0.0654805451631546
-0.1243683099746704
0.003630098421126604
0.02341128885746002
-0.06890422105789185
-0.11168580502271652
-0.053732331842184074
0.0008475774666294454
-0.006365047302097081
-0.014052746817469597
0.00736611196771264
0.05328778550028801
-0.030952673405408856
0.05004345253109932
0.02305617183446884
0.08117469400167465
-0.13547183573246002
0.005116276908665896
-0.058102067559957504
-0.026463938876986504
-0.001302570686675608
0.07088298350572586
-0.010069265961647032
0.01394747756421566
-0.09538759291172029
0.03739643096923828
-0.01959262602031231
0.05047231167554855
0.04083464294672012
-0.0774141252040863
-0.047980036586523056
-0.0626593679189682
0.007199613843113184
-0.027176573872566223
-0.11593574285507202
-0.02157390490174293
-0.0827522948384285
0.06949888169765472
-0.0769614428281784
-0.016995497047901154
-0.03227973356842995
-0.06427685916423798
-0.05823717638850212
-0.04621337354183197
-0.0024783252738416195
0.03857184574007988
0.002130695153027773
0.010573947802186012
0.04718492925167084
0.03882241621613503
0.07993969321250916
0.02272030338644981
-0.09890875220298768
-0.05085036903619766
0.16210295259952545
-0.007075493689626455
-0.09699402004480362
0.03335404768586159
-0.1125860810279846
0.1661015897989273
-0.05033108219504356
-0.0017025225097313523
0.003957849461585283
-0.08366537094116211
-0.009146882221102713
0.013966254889965056
0.06441088020801544
-0.020247898995876312
-0.029923288151621815
-0.04811784997582436
0.0011209131916984916
0.029376955702900887
0.0034238887019455433
0.07219740748405457
-0.020072847604751583
-0.07101377844810486
0.02507402002811432
-0.03506015986204147
0.021862337365746495
0.04695117101073265
-0.10526825487613677
0.08491019904613495
-0.05138204991817474
-0.07577864825725555
0.029673438519239426
-0.06699783354997635
0.0858822613954544
0.03385167196393013
-0.08667354285717009
0.0729914754629135
-0.017457157373428345
-0.023268867284059525
-0.03148821368813515
-0.03079116716980934
0.08529106527566908
-0.002971579786390066
-0.02558176964521408
-0.0043078153394162655
0.012738064862787724
-0.12148493528366087
0.035611078143119805
0.03278980776667595
0.036195620894432075
0.04847920313477516
-0.0316481739282608
0.033321212977170944
0.004312066826969385
-0.11323414742946623
-0.07776103913784027
-0.0689823180437088
0.067746601998806
0.05915285646915436
-0.0708153173327446
-0.022301068529486656
-0.04118633270263672
0.02760164998471737
0.03373251482844353
-0.010293319821357729
-0.040319480001926415
0.01919567584991455
-0.12420447170734404
-0.06004014611244202
-0.0074723190627992144
0.014622407965362072
-0.010580467991530895
0.0332011915743351
0.04616940394043922
-0.020414078608155247
0.009480143897235392
-0.0718674436211586
-0.03832012787461281
0.005347638390958309
0.13240870833396912
0.011556069366633892
-0.09081877768039703
0.010017933323979376
-0.010296786203980444
0.009533574804663658
-0.04634834825992584
-0.011292122304439545
0.02820049040019512
-0.04717102274298668
-0.017054015770554543
-0.03772681951522827
-0.002415292430669069
-0.023703023791313168
0.04706013202667236
-0.012233059853315352
-0.03012106195092201
0.06978672742843628
0.035082925111055374
-0.013201967813074589
-0.03718507662415504
0.023927265778183937
0.04328778758645058
-0.05046506971120834
-0.07558827847242355
0.03243380784988403
0.01802103221416473
0.06184563785791397
-0.027638666331768036
0.14048264920711517
0.0412398986518383
-0.039165042340755456
-0.0037829182110726833
-0.10015319287776948
-0.05179626494646072
-0.07147432863712311
0.09674213826656339
0.00664350064471364
0.01583699882030487
0.009271190501749517
-0.021186623722314835
-0.01927872560918331
-0.014220306649804115
-0.03552922606468201
-0.055545933544635766
-0.02696678787469864
-0.10208238661289216
-0.04482332244515419
-0.09693118184804915
-0.02809111215174198
0.017468830570578575
-0.1296737641096115
-0.06419815868139267
-0.038095135241746896
0.06940121203660965
0.055537234991788864
0.05831996351480484
-0.08869464695453644
0.09474015980958937
0.025456402450799945
0.018845068290829655
0.04424427077174187
0.002525082323700189
0.005087309051305056
-0.04396625980734825
0.0891134738922119
0.03772616386413574
-0.07182812690734863
-0.11045248806476592
-0.1326395273208618
-0.10198660939931868
-0.03358771279454231
-0.05956386402249336
-0.09404129534959792
0.012244395911693571
0.0213933065533638
-0.041620440781116486
-0.0218144915997982
0.01542624458670616
-0.010681012645363808
0.0547407902777195
-0.0283745676279068
-0.08049435168504715
-0.02550970017910004
-0.09667371958494185
-0.06262797117233276
0.006376365665346384
-0.06675326079130173
0.0886797308921814
0.05813625082373619
0.05503739789128304
-0.04715052619576454
-0.05719171091914177
0.03861300647258759
-0.1252606362104416
0.04049104452133179
-0.11872418224811553
-0.0385964959859848
-0.025224771350622177
-0.049959730356931686
0.016859380528330803
0.013120537623763084
-0.016337864100933075
0.003053802531212568
0.02045533061027527
-0.08665305376052856
0.061991125345230096
0.010522276163101196
-0.11984340101480484
-0.05917022004723549
0.08329074084758759
0.11696580052375792
-0.06855295598506927
-0.002572632860392332
-0.02174658142030239
-0.010773917660117148
0.014079375192523003
0.12400318682193756
-0.06768611073493958
-0.05666026473045349
-0.01502305082976818
0.05543885380029678
0.03990849480032921
-0.09430781751871108
0.11202844977378844
-0.1140485033392906
-0.027477607131004333
-0.11828303337097168
0.0315423309803009
0.00484919873997569
-0.047916606068611145
-0.10273123532533644
-0.08910473436117171
-0.051594991236925125
-0.0071600242517888555
0.07750917971134186
-0.12319371104240416
0.0660744160413742
-0.01857086829841137
0.05881770327687264
-0.12303896248340607
0.08477249741554259
0.0064606512896716595
-0.06335020810365677
-0.03281032666563988
-0.04581452161073685
-0.003892885986715555
-0.01787327602505684
0.010036306455731392
-0.05174712836742401
-0.07357938587665558
0.019624751061201092
0.044887755066156394
0.0033626039512455463
-0.039918962866067886
0.0021635564044117928
0.07596327364444733
0.007699385751038789
-0.04626890271902084
-0.06247121468186378
0.009866341948509216
0.005917693022638559
-0.00768641335889697
0.11880484223365784
-0.018802275881171223
-0.11614525318145752
-0.0938388779759407
0.029157618060708042
-0.03588247671723366
-0.055888108909130096
-0.048426330089569085
-0.04360748454928398
-0.002670082729309797
-0.03791463002562522
-0.07586352527141571
0.022305095568299294
-0.0698578953742981
0.01889639347791672
-0.06766467541456223
-0.01604485511779785
-0.1129522919654846
-0.1053408831357956
0.05761167034506798
-0.04762062430381775
-0.10752575099468233
0.027399327605962757
-0.05470634624361992
-0.010424535721540453
-0.0503132902085781
-0.00579793332144618
-0.042596358805894845
-0.03500617668032646
-0.03708548098802567
-0.02190244011580944
-0.049932211637496955
-0.07614412903785706
-0.08247475326061247
0.07759855687618254
0.016942579299211502
-0.04642481356859207
-0.03607841208577156
-0.05590098351240158
-0.03362957015633583
0.0781007707118988
0.03213060274720192
0.045038808137178414
0.07392812520265579
0.022678010165691372
-0.131399929523468
0.06733902543783188
0.011021284386515616
0.03987299278378487
-0.008610352873802185
0.036916472017765045
-0.051068931818008416
-0.07089228183031082
0.005726620089262724
-0.03193917125463486
0.030324434861540794
0.08455070108175276
-0.09326209127902985
-0.027324832975864407
-0.05887861922383309
0.07737192511558531
0.02908729389309883
-0.009206142276525496
0.06535295397043228
0.009899432770907879
0.07864342629909515
0.1191643476486206
0.00171485950704664
0.07957068830728531
0.02463471330702305
-0.014545841142535208
0.0415794812142849
-0.01721061021089554
-0.0799940899014473
0.004563369322568177
0.07502731680870056
0.09452284872531891
-0.019477542489767075
-0.014425288885831831
-0.09341875463724136
-0.12127189338207243
-0.10229643434286116
-0.11309362947940826
-0.0030520739965140815
-0.04504380747675896
-0.02344643324613571
-0.0915425717830658
-0.07117828726768494
0.0067008971236646175
-0.019896050915122032
0.06540819257497787
0.11162792146205902
-0.0740116387605667
-0.062348011881113045
-0.05345209315419197
-0.023476617410779
0.01988138072192669
0.009172523394227028
0.08968968689441681
-0.10345759987831116
0.041932374238967896
0.042091991752386086
-0.02367795258760452
0.04817020520567893
0.009117089211940765
-0.11459305137395857
0.0826665461063385
0.006127923261374235
0.07787405699491501
-0.06826231628656387
-0.0459442101418972
-0.0232490673661232
0.12219499051570892
-0.032946474850177765
-0.11523233354091644
-0.0013233075151219964
-0.050058286637067795
-0.033149249851703644
-0.08358071744441986
0.03261974826455116
-0.08446972072124481
0.06727859377861023
-0.017531195655465126
-0.052398458123207085
0.07695536315441132
-0.03406446799635887
-0.004271165002137423
0.14835597574710843
0.0009631844004616141
0.06482350826263428
0.06302640587091446
-0.0981977880001068
0.0286262147128582
-0.01984797604382038
-0.01453406736254692
-0.06821488589048386
-0.0621529258787632
-0.06237606331706047
-0.11293790489435196
0.023991353809833527
0.08855524659156798
0.016141638159751892
-0.012400741688907146
0.03286899253726005
0.03947948291897774
-0.002160476054996252
0.011206647381186484
0.01329929567873478
-0.00791698507964611
-0.010691521689295769
0.02654867246747017
0.04919390752911568
-0.05735523626208305
-0.011301571503281592
0.007117102388292551
-0.09092279523611069
-0.007867598906159401
-0.03299100697040558
0.05867927148938179
0.05277131870388985
-0.052223730832338326
-0.07274292409420013
0.053012557327747345
-0.003102175425738096
-0.06711211055517197
0.0858980119228363
0.02139336243271828
-0.042544730007648475
-0.04211823642253876
0.06546099483966827
-0.10504747927188872
0.124187633395195
-0.040655385702848434
-0.09637490659952164
0.006129477638751268
0.02407045476138592
-0.060814689844846725
-0.03668467327952385
-0.12144961953163146
-0.05626671388745308
-0.0861598253250122
0.0012234052410349248
0.10902655124664307
-0.11969461292028429
0.08444169908761978
0.07745284587144852
0.04114697501063346
0.009712319821119308
-0.034984346479177475
0.0336955264210701
-0.13016778230667114
-0.04133418574929237
-0.07672984898090361
-0.047661479562520974
0.004089812282472849
0.09654487669467926
-0.11384515464305876
0.021084593608975407
-0.061666611582040794
0.04391799494624138
-0.08933238685131073
-0.031174693256616592
0.00016268377657979727
-0.04116282984614372
-0.08284454792737962
-0.11075783520936965
-0.09677620977163315
0.09609106183052064
-0.055813726037740714
-0.005247033666819334
-0.07816063612699507
-0.11319142580032349
0.007865943014621735
-0.001711545162834227
0.0692720115184784
-0.02873927913606167
-0.01757991313934326
0.035644885152578354
-0.03460468724370003
0.041554372757673264
0.0334542877972126
0.03908827528357506
-0.06645353883504868
0.016770431771874428
-0.09726010262966157
0.03200667351484299
-0.00023822730872780085
0.012960059568285942
0.02287457324564457
-0.007248758804053069
-0.062436152249574654
0.050548218190670006
0.02943949773907661
-0.05702359229326248
0.047944162040948875
-0.06937275826931
-0.04926040768623352
0.06814442574977875
-0.035233717411756516
0.009409646503627299
-0.06067385897040367
-0.0703069418668747
0.006268477998673916
-0.03987084701657295
0.0009126219665631651
-0.020938094705343246
0.025727538391947743
0.012505502440035343
0.014340125955641268
-0.02926543727517128
-0.06542140990495682
0.046481430530548096
-0.06741616874933243
-0.056757144629955285
0.20579190552234647
-0.005594943184405564
-0.04899083822965621
0.03108854591846466
-0.0179657693952322
-0.002608084585517645
-0.01810084283351898
-0.11475038528442381
-0.0687006488442421
0.011588150635361671
0.061617910861968994
-0.001516971387900412
-0.023412002250552177
0.043217673897743225
-0.007241915445774794
-0.002662175800651312
-0.0244300477206707
-0.035215530544519424
-0.05222495272755623
-0.030400618910789486
-0.06309258937835693
-0.019177205860614777
-0.003414468374103308
-0.11569802463054656
-0.037233661860227585
-0.030603226274251934
0.013166500255465508
-0.012507637962698936
-0.07247779518365861
0.028795924037694928
-0.029598206281661987
-0.0037789880298078064
0.004802314098924398
-0.02154344692826271
0.03168175742030144
-0.056086461991071694
0.08632804453372955
-0.039359051734209054
0.0895240306854248
0.008901955559849739
-0.007414562162011863
-0.03577103465795517
0.03675156459212303
0.04572733119130135
0.0364423617720604
0.043773408979177475
0.08549503237009048
0.1525486707687378
-0.05101395770907401
0.002361979801207781
-0.02269630692899227
0.021347971633076668
0.039095807820558555
-0.05747899040579796
-0.07180074602365494
0.029485408216714856
0.04055548831820488
0.02532688900828361
0.046456921845674515
0.07065369188785553
0.010522851720452309
0.13946892321109772
0.027855852618813515
-0.05517009273171425
-0.004562897142022848
0.09575617313385008
0.02804215997457504
0.045420873910188675
-0.04015635326504707
0.053421739488840096
-0.040981348603963845
-0.05831523984670639
0.025956913828849792
-0.101816788315773
-0.0872914120554924
-0.02749143913388252
-0.040163803845644
0.0009215272730216386
-0.06751817464828491
-0.027969764545559883
0.013884969055652618
0.007072462234646082
-0.012942776083946228
-0.05031794309616089
0.0017928186571225524
-0.06986796855926514
0.051498930901288986
0.0585651583969593
0.04061056300997734
-0.061213139444589615
0.07638084888458253
-0.009274506010115145
-0.014135051518678663
0.02642619982361793
0.04961878061294556
0.06745868921279907
-0.0829218178987503
-0.10001557320356368
0.021732151508331295
0.027477089315652847
0.003602136392146349
0.0018405582522973416
-0.05077578499913216
-0.016519805416464806
-0.026472579687833783
0.0570468120276928
0.09639257937669754
0.035894621163606644
-0.022486818954348564
-0.05486602708697319
0.01393413171172142
-0.10132142156362532
0.009340055286884308
0.01479033101350069
-0.03285238519310951
0.0608457587659359
-0.025550395250320435
0.050202153623104095
0.06722884625196457
-0.04865227267146111
0.11621686816215517
0.020549124106764797
-0.11340691149234772
-0.07072792947292328
0.04088303446769714
0.00326648959890008
0.04764656722545624
-0.01876131445169449
0.08353707939386366
-0.007403902243822813
0.016394559293985367
-0.04587964341044425
-0.10392141342163085
0.06873612850904465
0.004327189642935991
-0.11436744034290312
0.06462828814983368
0.04308530315756798
-0.03758849948644638
-0.03087521716952324
-0.004481469746679068
-0.01879967749118805
-0.0437907874584198
-0.01932626962661743
-0.1099354475736618
-0.0006674887845292689
0.06285471469163895
0.026913829147815704
0.009849293157458304
-0.08290021121501921
-0.06915229558944702
0.05517013743519783
0.04971678927540779
-0.04727596417069435
-0.13052913546562195
0.022732190787792202
0.12679000198841095
0.057011019438505166
-0.01744629628956318
-0.12270651757717133
0.03528280556201935
0.15773670375347135
0.13139374554157257
0.02913098968565464
0.008895304054021835
-0.0011023987317457795
0.049224432557821274
0.028688348829746246
0.0653388500213623
-0.06901305168867111
0.03228002414107323
0.017968833446502686
-0.07785448431968689
-0.030506614595651623
0.005494170356541872
0.011606330052018164
0.07314598560333253
0.03999410942196847
-0.036830957978963845
0.0027438211254775524
-0.004410343710333109
-0.03841082379221916
-0.057893622666597366
0.1083426997065544
-0.025551110506057736
0.13602526485919952
0.041808824986219406
-0.11577330529689787
-0.04875754192471504
-0.05653308704495429
0.001016447669826448
-0.031133573502302166
-0.023172102868556976
-0.03461741283535957
0.0066733905114233485
0.008189970627427101
-0.03630252555012703
-0.03680367395281792
0.03455859795212746
0.03803323581814766
-0.03101736679673195
0.04050961509346961
0.15571880340576172
0.008565973490476608
-0.04835285618901253
0.008921847678720951
0.03672041743993759
0.05465176329016685
0.10659967362880705
0.0038723913021385674
-0.03131651878356933
0.03662950173020362
0.020576033741235733
0.07488410174846649
-0.12200751900672913
0.0156443789601326
-0.05687841400504112
0.0927266925573349
-0.09359776973724365
-0.035393644124269485
0.01155664585530758
-0.035532210022211075
-0.12389184534549712
-0.025024354457855225
-0.04418615996837616
0.025940554216504097
0.0547347404062748
0.02603495866060257
-0.042267195880413055
0.013231148943305016
0.09893624484539033
-0.028139034286141396
-0.07024955004453659
-0.04792768135666847
-0.06779175996780396
0.10467010736465454
-0.03575814142823219
-0.09770359098911283
0.07475258409976958
-0.04916950687766075
0.0509250946342945
-0.05293419212102889
0.04888521507382393
0.004964792635291815
-0.06818828731775284
0.07780531048774718
-0.015275895595550535
0.06951343268156052
0.04736163839697838
0.06916017830371857
-0.08599620312452316
0.06687519699335098
0.11235564202070236
-0.05118735879659653
-0.04462077468633652
-0.02038552612066269
-0.018891928717494007
0.10609070956707
-0.021275725215673447
0.033805891871452325
-0.003681214060634375
-0.07185360789299011
-0.015683645382523537
-0.030075725167989727
0.1316133439540863
-0.0006312761688604951
-0.0126187764108181
-0.07941340655088425
0.041745979338884354
0.0029384647496044636
-0.11557187885046004
-0.03168110176920891
0.03506435081362724
-0.06925418227910995
-0.12146449089050292
-0.03922811523079872
0.01603437028825283
0.02883795648813248
-0.05296671763062477
-0.10344711691141129
-0.0270121730864048
-0.12211009860038756
-0.0018340867245569823
-0.018496448174118996
-0.039573632180690765
-0.019594378769397732
-0.11910974234342576
0.026678111404180527
-0.03884829208254814
-0.0186885055154562
-0.018518235534429554
-0.06258943676948547
-0.0581996776163578
-0.012954656034708025
0.05377071350812912
-0.04078198969364166
0.047055520117282874
0.10448578000068665
0.02722015604376793
-0.004206323530524969
0.06302885711193085
0.002123701851814985
0.039910778403282166
0.054136648774147034
0.0113668255507946
0.012415982782840729
0.05544277653098106
0.018228020519018173
0.0466047041118145
0.09323973953723907
0.025609649717807766
0.01238428708165884
-0.04772557690739632
-0.022997833788394928
-0.10591304302215576
0.02312873676419258
0.04327115789055824
0.14234963059425354
-0.03788221627473831
0.023953555151820183
-0.03711025044322014
0.04840743914246559
-0.04312597215175629
-0.03011101856827736
-0.12337254732847212
-0.014833975583314896
0.0021928888745605946
0.022461675107479092
-0.03592953830957413
0.003987983334809542
-0.08877681195735931
-0.05576421320438385
0.01813844218850136
0.11972984671592712
-0.01807427406311035
0.03610052913427353
-0.06502688676118851
0.017984619364142414
0.07696928083896638
0.020953327417373657
0.07946350425481795
-0.06043838709592819
-0.0018547276267781852
-0.11865113675594328
-0.04875283688306808
-0.0473875105381012
0.047518465667963035
0.005418476182967424
-0.01315520517528057
0.06477980315685272
-0.019660137593746185
-0.07735222578048706
0.0646742433309555
0.01544838398694992
-0.08658173680305481
-0.034966208040714264
0.06783109903335571
-0.01743088848888874
-0.06386008113622665
0.08759763091802597
-0.051197972148656845
-0.09212216734886168
0.018432050943374637
0.02269506454467773
0.01719796285033226
-0.05169673264026642
-0.05335499346256256
0.032132215797901154
0.06466790288686752
0.03057696856558323
-0.04090239480137825
-0.03792241215705872
0.02815674245357513
-0.06595402956008911
-0.08103089034557343
0.09688815474510191
-0.048182785511016846
-0.004918219055980444
0.050384771078825
-0.003396094311028719
0.013453172519803047
0.01936795748770237
-0.0282062403857708
0.004783621523529291
0.013859923928976057
0.013800848275423048
-0.0013326365733519197
-0.1129944920539856
0.03027805685997009
-0.060274802148342126
-0.10654785484075546
-0.03026830032467842
0.056977465748786926
0.03060926683247089
0.018430354073643684
0.03310394659638405
-0.05216780304908752
0.03984743729233742
-0.037191998213529594
0.0959845706820488
-0.07881930470466612
0.0391325019299984
-0.09771379083395004
0.013639996759593487
0.014510625973343847
0.003765471745282412
-0.029448056593537327
-0.1150619089603424
-0.09531576931476592
0.016591552644968033
-0.009567733854055405
-0.03480961546301842
-0.04301226139068604
-0.07299377024173737
-0.044182933866977685
-0.12041565775871275
0.1315096765756607
-0.07940067350864409
-0.00817539170384407
-0.015990955755114555
0.08051405847072601
0.020597416907548904
0.04057539626955985
-0.01477673463523388
0.010470504872500896
-0.06196092441678047
-0.056742586195468896
0.05647364631295204
0.018416836857795715
0.07751362025737761
-0.08662305027246475
-0.015575595200061798
-0.023158950731158257
-0.036705609411001205
0.02430270239710808
0.041743580251932144
-0.02948537655174732
0.07284131646156311
0.051935911178588874
0.008054111152887344
0.0017941392725333571
-0.10155481100082396
0.06755317747592926
0.04768658056855202
-0.09533004462718964
-0.005298758391290903
-0.01571883261203766
-0.009104251861572264
0.01146751269698143
0.0456882081925869
-0.10831587016582488
-0.04961251839995384
0.0604122206568718
-0.0526033528149128
0.07095085829496384
0.15195722877979279
-0.09299715608358385
0.04240315407514572
0.08404806256294249
-0.04388865828514099
-0.027085814625024796
0.01569952443242073
0.0012253749882802367
-0.06132341548800469
0.023842308670282364
0.063534215092659
0.07772742956876753
-0.009527491405606268
0.04062506183981896
-0.04857434332370758
0.030525200068950653
-0.028935743495821953
0.031954195350408554
-0.00666657043620944
0.02563095837831497
-0.03280201926827431
0.011511629447340964
-0.03476591408252716
-0.027074074372649193
-0.11246896535158156
-0.10618723928928377
0.04776598885655403
0.046078797429800034
-0.027339600026607517
-0.08744081854820251
-0.10110241174697876
-0.012695228680968285
0.010023704729974268
-0.05087986588478088
0.12627746164798737
-0.06124359741806984
-0.09624073654413225
-0.05827106162905693
0.0933566689491272
-0.01681359112262726
-0.05597984418272972
0.0500505231320858
0.04377501830458641
0.10525104403495789
0.06087616458535194
-0.08196289092302321
0.03107820823788643
-0.05064249411225319
0.02330569550395012
-0.03999491408467293
0.025883715599775314
-0.03492406755685806
-0.02284889109432697
-0.057156067341566086
0.04387214034795761
-0.04696262255311012
-0.11187817901372908
-0.004113705363124609
0.061763230711221695
-0.02148596942424774
0.03707465156912804
-0.04531954601407051
-0.0477323904633522
0.031766969710588455
-0.011962422169744968
0.04556580260396004
0.08926215767860413
0.018643125891685482
0.01842186599969864
-0.10466374456882475
0.03209390118718147
-0.07012300193309784
-0.0897362604737282
-0.055348459631204605
-0.02501735463738441
0.04844057932496071
0.07442293316125868
-0.004095915239304304
-0.0389060378074646
0.01185163017362356
0.020548623055219647
0.009964007884263992
-0.06893737614154816
-0.1030178815126419
0.008389879018068314
-0.02113898657262325
-0.03322663530707359
-0.08211524784564973
-0.03079665079712868
-0.08839993178844453
-0.09709712862968445
0.02216709218919277
-0.09443472325801848
0.042695946991443634
0.051052149385213845
-0.027004787698388096
0.06670080125331879
-0.1239514797925949
-0.06619387865066528
0.06560081243515015
0.04540255665779114
-0.02721864730119705
-0.11171916872262953
-0.06343011558055878
0.053456030786037445
-0.007395693566650152
0.03533050790429115
-0.05871876701712608
-0.017236851155757904
0.007666088175028562
0.045593418180942535
-0.0695047602057457
-0.07283872365951538
0.12899813055992126
-0.020622462034225464
-0.0004002094501629472
0.040621109306812286
0.08583259582519531
-0.0053964764811098576
0.08610089123249054
0.014473382383584976
0.0007647707825526595
0.02685817144811153
0.028253415599465367
-0.008210303261876106
-0.010354163125157356
0.04079381749033928
0.06798103451728821
-0.10493665188550948
-0.09725005179643632
0.08410270512104033
0.036542858928442
-0.019798772409558296
0.06645255535840988
0.054561059921979904
0.04213288798928261
0.032001130282878876
-0.0732758492231369
0.016959853470325467
-0.060363028198480606
0.05999016016721725
0.03778764232993126
0.032587092369794846
-0.0032088295556604862
-0.04103628173470497
-0.059639696031808846
0.08595350384712219
-0.0004911549622192979
0.05093717947602272
-0.06687106937170029
0.05562739446759224
-0.08955173194408415
-0.08745206892490387
-0.0748670995235443
-0.02937933430075645
0.010882258415222168
0.019610613584518433
-0.004606350790709257
-0.025953706353902817
-0.02769498899579048
0.007255360949784516
0.08137210458517073
-0.00826312880963087
-0.10317157208919524
0.11088348925113677
0.026670850813388824
0.02334650605916977
-0.005797758232802153
0.08882080018520355
0.06771613657474518
-0.0633496418595314
-0.06679865717887878
-0.007654917892068624
0.058777857571840286
-0.10373984277248383
-0.11341547966003417
0.07396495342254639
0.0045818681828677646
-0.09243060648441313
-0.05536917969584465
-0.025758661329746246
-0.10801129043102264
-0.05345800891518593
-0.01174455229192972
0.027496207505464557
-0.0383206270635128
-0.0021595112048089504
-0.019929733127355572
0.025565756484866142
0.04512231796979904
-0.015595693141222
-0.06404870003461838
0.1038101613521576
-0.10096547007560729
0.008571015670895576
-0.0693577229976654
-0.010296940803527832
-0.09433214366436003
0.004447071347385645
-0.11136265099048615
0.012524917721748352
0.11301854252815247
0.05460403487086296
0.013979548588395119
0.03352141007781029
0.0361676812171936
0.0027682115323841567
-0.10796757042407988
0.14427818357944489
0.02853268384933472
-0.042266830801963806
0.011173232458531857
0.01968233659863472
0.016780218109488487
0.045583393424749374
-0.09021933376789092
0.10557067394256592
0.0034669009037315845
-0.046884045004844666
-0.04660462960600853
-0.08551827818155287
-0.1121874451637268
-0.028797456994652748
0.005818127188831568
0.10198355466127396
-0.0006982419872656465
0.03706763684749603
-0.08521922677755357
0.057363759726285934
-0.02849867939949036
0.03964792564511299
-0.043639667332172394
0.04247569665312767
0.026348646730184555
0.029998717829585075
0.02791844680905342
-0.015631599351763725
0.01896633207798004
0.06640665233135223
-0.062077563256025314
0.06127581372857094
0.028611451387405396
-0.02657481655478477
-0.015841640532016754
-0.05401492491364479
0.0005729323020204902
-0.02308998443186283
0.05749134346842766
-0.07006941735744476
0.02477471530437469
0.01634419895708561
0.05243384838104248
-0.12481677532196044
0.12772615253925323
0.08522173762321472
0.050699256360530846
-0.000643098377622664
-0.014732755720615385
0.02509860321879387
-0.07101190090179443
0.000798607594333589
-0.03135793283581734
-0.008646694011986254
-0.037954192608594894
-0.0625724196434021
0.025253996253013607
0.021473854780197144
-0.04991086944937705
0.05164280533790588
-0.05540981516242027
-0.006819817703217268
-0.012067267671227455
0.028728399425745007
0.08003928512334822
0.000778524554334581
0.04216758906841278
0.028112202882766724
0.006714444141834974
-0.043308813124895096
0.05266222357749938
-0.11084457486867905
-0.06674021482467651
-0.1109669953584671
0.09091737866401672
0.038204941898584366
0.04508705809712409
0.013012431561946867
-0.025329200550913807
-0.01700165867805481
-0.01655460335314274
0.03828860819339752
0.009573640301823616
-0.11792807281017303
0.005073599051684141
0.08351654559373854
-0.02034006454050541
-0.05696040019392967
-0.02264675125479698
0.1143842115998268
0.06575507670640945
-0.066593237221241
-0.05478714406490326
0.10839609801769257
-0.09001970291137694
0.008564865216612816
0.06483152508735657
0.013011659495532513
0.016574108973145485
-0.02581757120788097
-0.10204383730888365
0.009124811738729477
-0.08085843920707703
0.004743725527077912
0.13965557515621185
0.060492131859064095
0.11758221685886384
-0.06883411109447479
0.1323020905256271
0.08090498298406601
-0.022611482068896294
-0.04537492245435715
-0.00549891171976924
-0.05650313198566437
0.12688744068145752
-0.020922984927892685
-0.033528804779052734
-0.052506696432828896
-0.06667867302894592
0.05503137037158012
-0.014150863513350487
-0.0024064755998551846
0.07900151610374449
0.06173491850495338
-0.08904968202114105
-0.08984564244747162
0.02336243167519569
-0.0064735705964267245
-0.07257207483053206
-0.023909952491521835
-0.05366957932710648
-0.10565836727619173
-0.06982070952653885
0.025434628129005432
-0.008587995544075964
-0.009522194042801857
0.1156340315937996
0.0515969879925251
0.1376648098230362
0.05482865497469903
-0.09257720410823822
-0.11483882367610931
-0.05306069925427437
-0.008959440514445305
0.09794954955577849
-0.11172947287559508
-0.008166471496224403
0.06466740369796753
-0.018176054581999775
0.008166402578353882
-0.04299123212695122
0.12182556092739104
-0.014477631077170372
-0.07511783391237259
0.1262720823287964
0.053836237639188766
0.05368662253022194
0.0009853740921244023
0.028431342914700508
-0.056868765503168106
-0.05737918987870216
0.10535743832588196
-0.04279448091983795
0.07023992389440536
0.10238876938819884
0.03655748441815376
-0.03290110826492309
-0.022482736036181446
-0.08223315328359604
-0.025068258866667747
-0.06860402226448059
-0.0029627769254148006
-0.022406429052352905
-0.054471977055072784
0.09351825714111328
0.02958846464753151
-0.0312790684401989
0.008259397000074385
-0.060089480131864555
-0.07538145780563353
0.049617897719144814
-0.03936222940683365
0.060055270791053765
-0.017286155372858047
-0.1008688509464264
-0.07502296566963197
0.002870845142751932
-0.10712536424398422
-0.11585082113742828
0.13626311719417572
0.023948386311531063
-0.020110996440052983
-0.002432470675557852
-0.08362708240747452
-0.0683106929063797
-0.007759628351777792
0.033988021314144135
-0.07784003764390945
0.0406404621899128
-0.09511782228946684
-0.05868792161345482
0.0703723281621933
-0.10967083275318144
-0.011309662833809853
-0.00766510097309947
0.0240411963313818
-0.0574028193950653
0.012998322024941444
-0.09453287720680237
0.012368430383503435
-0.04893096908926964
-0.03695886209607124
0.026081083342432972
0.12273620814085005
-0.07642678916454315
0.11816004663705824
-0.01557708904147148
-0.06327193975448608
0.07823158800601958
0.017625760287046432
-0.020605746656656265
-0.014891095459461212
-0.05182722583413124
0.0254047941416502
0.012637622654438019
-0.12060888856649397
-0.015164589509367943
0.0063765463419258595
-0.017040656879544258
-0.03488030657172203
-0.011102891527116299
-0.048103850334882736
0.007122681010514498
-0.013107609003782272
-0.09983873367309569
-0.10560542345046996
0.11442968249320984
-0.03133231773972511
0.01691192388534546
-0.09794937074184416
-0.04976302757859231
-0.02829348295927048
0.04268570616841316
-0.0468975305557251
-0.058341383934021
0.040690962225198746
0.08867885172367096
0.04538499936461449
0.003765473607927561
0.014913075603544712
-0.04738402366638184
-0.022052014246582985
-0.03714887797832489
0.07438959926366806
0.031022382900118828
-0.06025416776537895
0.08095377683639526
0.07209638506174086
-0.041900634765625
0.005261539947241545
-0.05970211327075958
-0.12080584466457366
0.11235339939594267
0.0105094313621521
-0.003581699449568987
-0.06556829810142517
0.046714246273040765
0.04731428995728493
0.014591552317142487
0.0005844406550750136
0.08846794068813325
-0.06153954938054085
0.06904151290655136
0.06418406963348389
0.06650795042514801
0.07706236839294434
-0.07038985192775726
-0.05778550356626511
-0.023526525124907494
0.03751180320978165
-0.030633147805929184
-0.10175761580467224
-0.0017556255916133523
-0.024430669844150543
-0.04824225232005119
-0.10112123936414719
-0.11939597129821776
0.09914040565490721
-0.03252191096544266
-0.06435837596654892
0.04059932753443717
0.06701694428920746
-0.05236237868666649
0.029064595699310303
0.01057401578873396
0.0025208950974047184
-0.02134880423545837
-0.13348817825317383
-0.03822738304734231
0.06347401440143585
0.03794395551085472
0.021017851307988167
-0.09086810052394867
-0.04869392141699791
-0.08181278407573701
-0.12010928988456726
0.06470181047916412
-0.07025928050279617
0.13459788262844083
-0.10973797738552092
0.052011359483003616
-0.019633919000625607
-0.11659210920333862
0.04413187876343727
-0.022022288292646408
0.0031356667168438435
0.03879361972212792
0.014356780797243118
-0.03326017037034035
0.012492582201957703
0.008649015799164772
0.015420286916196346
-0.006218428257852793
0.053335826843976974
0.04362400621175765
0.07341448962688446
0.06027808040380478
-0.09563684463500977
0.046253006905317307
-0.0383034348487854
0.005012205336242913
-0.018322795629501343
0.011741167865693567
-0.05595615878701209
0.030240999534726143
-0.05225063487887383
-0.007893971167504787
-0.09998790919780733
0.11443212628364562
-0.07767800241708755
-0.03263743221759796
0.1033751517534256
0.04932491481304169
-0.09118139743804932
-0.02877187728881836
-0.10313356667757034
0.027515366673469543
-0.07304015755653381
0.00873064436018467
0.07679139822721481
-0.09774073958396912
-0.022741928696632385
0.12613750994205475
0.1263512223958969
0.06430208683013916
0.0630955770611763
0.07156883180141449
-0.11871930211782455
-0.03735419362783432
-0.009235085919499396
0.007433153223246336
-0.06210358813405037
0.048182204365730286
-0.11817298829555511
-0.06495504081249237
-0.03282105550169945
0.07826380431652069
0.04028422012925148
0.022357968613505363
-0.10257239639759064
0.0392565093934536
0.12886206805706024
0.07834547758102417
-0.01565754786133766
0.04078257083892822
-0.03963623940944672
0.046117156744003296
0.0890730172395706
0.029892973601818085
0.024670992046594616
-0.12625297904014587
-0.04380697384476662
-0.03682667389512062
0.1216875836253166
0.03351249918341637
-0.019780701026320457
-0.11646321415901184
-0.05938603729009628
-0.051907174289226525
-0.08989951014518738
0.020186446607112885
-0.041059460490942
0.08871611207723618
-0.09535529464483261
-0.0551917776465416
0.04239951446652413
0.02897074446082115
-0.01309812255203724
-0.04605996981263161
0.032422225922346115
0.13288161158561707
0.002281718421727419
0.04355502873659134
0.036723844707012177
0.008152989670634268
0.05064699798822402
-0.04156264290213585
0.03283269330859184
-0.0431627593934536
-0.03248041123151779
-0.07088667154312134
-0.0696355402469635
-0.01219996064901352
-0.04591332376003265
-0.0004823763156309724
-0.08271305263042451
-0.011832207441329956
0.0012660775100812316
0.0321226492524147
0.07108952105045319
0.12750031054019928
-0.04917306080460549
-0.03381941094994545
0.03605083003640175
0.03330951929092407
0.04884570464491844
-0.12907569110393524
0.02468518540263176
0.00164600124116987
-0.0068448795937001705
-0.04345923289656639
0.032770831137895584
0.12581899762153623
-0.03454327955842018
-0.07215104997158049
-0.03821203485131264
-0.0951370149850845
0.008363530039787292
0.03112337365746498
0.034213464707136154
-0.04594393074512482
0.03135738894343376
0.017665280029177666
-0.07815775275230406
0.07344488054513931
0.0030992780812084675
0.003188683185726404
0.06109381467103958
0.04250938817858696
0.013857364654541016
0.04720141366124153
-0.11987359821796416
0.09065194427967072
-0.04657724127173424
0.029449215158820152
-0.07193867862224579
-0.05117100849747658
-0.06468433141708374
-0.02209705114364624
-0.021006446331739426
-0.03835498169064522
0.044792816042900085
-0.011692900210618973
-0.003989821765571833
-0.025626644492149356
0.04168304428458214
-0.05381815135478973
-0.009490558877587318
0.025863319635391235
0.04602978378534317
0.03689407929778099
0.02675575204193592
-0.030502874404191967
0.05254290625452995
0.0007189124589785932
0.040039323270320885
0.02881951816380024
0.01655535027384758
-0.004280158784240484
-0.02123894914984703
-0.03409680351614952
-0.024463456124067303
-0.05633316189050674
-0.06074678525328636
0.10237058997154236
-0.015333259478211401
-0.04719382524490357
0.06681898981332779
0.0008262995397672057
0.037257391959428794
-0.11792539060115814
0.0023043588735163207
-0.09793927520513535
-0.03530179336667061
0.020888514816761017
-0.04148783907294273
0.04325135052204132
0.0056056794710457325
-0.04776900261640549
-0.012847849167883396
0.1177648976445198
-0.06804073601961136
-0.009863140061497688
0.06125815212726593
0.05125020816922188
-0.05680387094616889
-0.015201540663838387
0.009312143549323082
0.12172040343284606
-0.07202380895614624
-0.0324786938726902
0.10062334686517715
0.06180071830749512
-0.026165310293436047
-0.08143087476491928
-0.13025428354740143
-0.022732719779014587
-0.02866527810692787
-0.05559292808175087
-0.06395135819911957
-0.11509983241558074
0.045251157134771354
-0.022912954911589622
0.06438436359167099
0.04241346567869186
-0.007939269766211508
-0.006190887186676264
0.016175534576177597
0.015717603266239166
-0.057524636387825005
-0.0751189887523651
-0.01152900606393814
-0.05594819039106369
0.0017200413858518004
0.1068471074104309
0.02801157906651497
-0.012471530586481094
-0.07533411681652069
0.04909851029515266
-0.004918891470879316
-0.10456130653619766
0.0018588382517918944
-0.0545564703643322
0.12083598226308823
-0.011962713673710825
-0.07395296543836594
-0.07282243669033049
-0.002121168188750744
0.015765242278575897
-0.0017529331380501387
0.04241963103413582
-0.09031154960393904
-0.04227041825652122
-0.04557985067367554
-0.08395606279373169
-0.00599673530086875
-0.06566783785820007
-0.05244308337569237
0.033658698201179504
0.10446901619434357
-0.015441024675965307
-0.08513329178094864
-0.020270138978958126
0.04972674697637557
0.044373296201229095
0.10746745020151138
0.10100194811820984
0.07607096433639526
-0.07227416336536406
0.008788283914327621
0.1007230281829834
0.02602977305650711
0.009235957637429236
-0.04682445898652077
-0.02800268493592739
0.014906955882906912
-0.01813409850001335
-0.08032888174057008
0.004618998151272535
0.08977120369672774
-0.042057815939188
0.06408996134996414
0.01611500419676304
0.046017035841941833
0.09562587738037107
-0.027531545609235764
0.012043586000800133
-0.015183951705694199
-0.0713907778263092
0.08087506890296936
0.011370652355253696
0.01310185994952917
-0.0095975324511528
0.07819500565528868
0.020383600145578384
-0.11956997215747832
0.008773167617619038
0.08106413483619691
-0.05021172016859055
-0.016841163858771324
-0.016965720802545547
0.013169674202799795
0.04130516573786736
0.04693404585123062
-0.11183390021324156
-0.0655459314584732
0.06273003667593001
-0.07379684597253798
0.0005391169106587768
-0.073874294757843
-0.0050576101057231435
0.02862698957324028
-0.029064670205116272
-0.020428737625479695
-0.11711788922548294
-0.0625179260969162
-0.01708030328154564
-0.12246342003345488
0.028574779629707336
0.0503690280020237
0.032011888921260834
-0.08929505199193953
0.021163806319236755
0.016878586262464523
0.10704369843006134
-0.03439987823367119
-0.022668203338980675
-0.0299516785889864
-0.006241404917091131
0.045027848333120346
-0.0665619820356369
-0.032089296728372574
-0.047482553869485855
-0.058992493897676475
-0.07928482443094252
-0.0033520939759910102
-0.06798058748245239
-0.012507397681474684
-0.0035885865800082684
-0.014925336465239525
0.0202789306640625
0.039821404963731766
0.07857543230056761
-0.020864227786660194
0.012115851044654846
0.01666925475001335
-0.12713211774826047
-0.020265672355890278
0.07509586215019226
-0.1117737963795662
0.027622906491160393
-0.1169900819659233
0.04062029346823692
-0.09090545028448106
-0.033401865512132645
0.02010072022676468
-0.007846899330615997
-0.06432557851076126
-0.000593974837101996
0.04584472253918648
-0.07038339972496033
-0.04050156846642494
-0.007815569639205933
-0.02720992267131805
-0.09092874079942705
0.06539840996265411
-0.09925881773233411
-0.04033243656158447
-0.025266034528613087
0.015256499871611595
0.02060987241566181
0.010764077305793762
0.054740969091653824
-0.04329162463545799
-0.06866734474897385
-0.04473056271672249
0.022514697164297104
0.15930107235908508
-0.11708764731884003
-0.04402017965912818
-0.05944414064288139
0.03493508696556091
-0.05748471617698669
-0.12686605751514435
-0.06313107907772064
0.07262146472930908
-0.025463534519076347
0.05072290077805519
0.09679164737462995
-0.013264574110507963
-0.04876771569252014
-0.10130264610052107
-0.037942763417959206
-0.0764419287443161
-0.053313594311475754
-0.0284354854375124
-0.09905855357646942
-0.010843316093087196
-0.039037805050611496
-0.11644569039344788
-0.03105201944708824
0.045074012130498886
0.056698936969041824
-0.023863404989242557
-0.042076844722032554
0.14969806373119354
0.014177456498146055
-0.0467270202934742
-0.06384354084730148
-0.045368965715169914
0.008373393677175045
-0.007346566300839186
0.13127653300762177
-0.12028168141841888
-0.11193259805440901
0.016743093729019165
-0.04004504159092903
0.07570859789848326
0.03549494594335556
-0.01900727674365044
-0.07050234079360962
-0.003862216603010893
-0.10432681441307068
-0.01854882948100567
0.11031150817871092
0.036877725273370736
0.057012449949979775
-0.11935368180274963
-0.017257537692785263
-0.016190387308597565
0.023750863969326016
0.05000253021717072
0.0977737158536911
0.037570733577013016
-0.05973644554615021
0.03213854879140854
0.031013665720820423
0.0585096850991249
-0.08887389302253723
0.004163712728768587
-0.06847117841243744
-0.03175845369696617
-0.11511009931564332
-0.033988118171691895
-0.05359172821044922
0.056118372827768326
-0.03966571018099785
-0.08917920291423796
0.0827108547091484
-0.08507995307445526
0.03749631345272064
0.004311137367039919
-0.07801329344511032
-0.07879690825939177
-0.05054839327931404
0.011654015630483627
-0.10387817770242692
-0.06799064576625824
-0.026712883263826367
-0.07628399133682251
-0.11434688419103622
0.0008246697252616286
0.06855450570583344
0.02838055044412613
-0.03455456718802452
0.002524158451706171
0.027521558105945587
0.024535005912184715
-0.062303509563207626
-0.06179354712367058
-0.11644598841667177
0.010491708293557169
-0.03666969388723373
0.018289517611265182
-0.011159323155879974
-0.012083463370800018
0.037685271352529526
-0.03800659999251366
-0.04932497069239616
-0.009834018535912035
-0.0038944850675761695
0.07242882251739502
-0.09859614074230194
0.0016149146249517798
-0.04903541877865791
0.04211939126253128
-0.08554593473672867
-0.0616784431040287
-0.0032310313545167446
-0.07744918018579483
-0.04556680470705032
-0.009291937574744225
0.005260629113763571
-0.022798474878072735
0.04670117795467377
-0.12096097320318222
-0.11533565819263458
0.03172864392399788
-0.03133196756243706
-0.057535018771886826
-0.10489630699157713
0.00521959038451314
-0.024083215743303295
-0.08806359767913817
0.015308644622564316
0.040517862886190414
-0.04960559681057929
-0.04146650061011314
-0.1000455617904663
-0.06721181422472
-0.04254300519824028
-0.0335870087146759
0.02239840850234032
-0.036044765263795846
-0.05342726781964302
-0.10241391509771348
-0.05924930423498154
0.059990022331476205
0.12777498364448547
-0.07337140291929246
-0.01666603609919548
0.036315519362688065
-0.03548751398921013
-0.031856730580329895
-0.11156052350997923
-0.037532251328229904
0.07483026385307312
-0.05582413449883461
0.0110270194709301
0.030873771756887436
0.034127507358789444
-0.08486233651638031
-0.036471329629421234
0.01852824538946152
0.0887375771999359
0.019200868904590607
-0.013323391787707804
0.004913460928946733
-0.054818186908960335
-0.07551431655883789
0.013731218874454498
-0.027580019086599347
0.058138258755207055
0.01568423956632614
0.05824590101838112
0.03603632748126984
-0.06282974779605865
-0.02579980157315731
0.010264700278639792
0.0021714833565056324
-0.012925892136991024
-0.04755697771906853
-0.007074241992086172
0.04058088734745979
0.01527970004826784
0.04731341823935509
-0.0898124650120735
0.10158606618642808
0.03592555597424507
-0.013999449089169502
0.00911107659339905
0.002452768851071596
-0.061159368604421616
0.011459961533546448
0.01897675171494484
0.01753503829240799
0.009836514480412006
0.01308659091591835
0.023848187178373337
0.06080636009573936
0.045379769057035446
-0.07804977893829346
0.021720465272665024
-0.06570735573768616
0.012610506266355515
0.0013388883089646697
0.0012639876222237945
0.04700981825590134
0.06035233661532401
0.04214784130454064
0.055052243173122406
0.03779341652989388
0.05606946721673012
-0.11986114084720612
0.08558331429958342
-0.007119824644178152
0.001982938963919878
-0.03940846398472785
0.06286706030368805
0.16436095535755155
0.027048524469137192
0.030694566667079926
-0.010502133518457413
-0.07405515760183334
-0.05222383886575698
0.002975970972329378
0.005542166996747255
-0.024253593757748604
0.03073276951909065
-0.0525321327149868
-0.019510537385940552
0.04291795566678047
0.1087302193045616
0.014491532929241656
0.02443947270512581
0.05890043452382088
-0.036994725465774536
0.057578891515731805
-0.0185176283121109
0.010660848580300808
0.04171048104763031
-0.024863505735993385
0.09868080168962479
0.0018744984408840537
-0.0376148633658886
-0.04569484665989876
-0.11213481426239012
-0.008855991065502167
-0.0062133027240633965
-0.01540675200521946
0.009727759286761284
-0.02619156800210476
0.07324786484241484
0.09964902698993683
-0.018058769404888157
-0.01322232000529766
-0.051031820476055145
-0.08279285579919815
0.037956688553094864
-0.0018521953606978057
-0.019260305911302567
-0.04889936000108719
-0.07947711646556854
0.05803780630230904
-0.04929358139634132
-0.062192101031541824
-0.12181046605110168
-0.06950605660676956
0.02395980432629585
-0.03698356822133064
-0.017615642398595806
-0.0295784454792738
-0.09077396988868712
-0.0944969654083252
0.018019184470176697
0.00397030683234334
0.02770014107227325
-0.05774347856640816
-0.023648947477340695
0.09029909223318101
-0.04748626425862312
-0.017955534160137177
0.08535030484199525
-0.04892225190997124
-0.05450936779379845
-0.039215650409460075
-0.08749192953109741
-0.007447609212249517
0.008476108312606812
0.053927913308143616
0.0768202468752861
0.05201494693756104
-0.10630490630865096
0.08860732614994049
0.1223037913441658
-0.054144691675901406
-0.09027517586946487
0.010717676952481268
0.01565496437251568
0.06386816501617432
0.06285496801137924
0.03779048845171928
0.07385505735874176
-0.022626874968409535
0.06921640783548355
-0.0626298040151596
-0.02253548987209797
-0.014730665832757948
0.08701121807098387
0.05197026953101158
-0.0006683428073301911
0.015402166172862051
0.06338201463222504
-0.056357994675636285
-0.02849321998655796
-0.08165690302848816
0.0002790879225358367
0.05517435073852539
-0.03294937312602997
0.012807367369532583
0.0223613940179348
0.04043063148856163
-0.0315990075469017
0.015507838688790798
0.06263083219528198
0.03716883808374405
0.06568977236747742
0.10826368629932404
-0.021703986451029778
0.09108925610780719
-0.0560394786298275
0.09551379084587096
0.011367985047399996
-0.03236859664320946
0.02863846719264984
-0.00559980096295476
0.02487240359187126
0.06988493353128433
-0.004637633915990591
-0.0656030997633934
-0.03382590413093567
-0.010492302477359772
-0.01680716499686241
-0.06273511052131653
0.10839670896530151
-0.01454811915755272
0.021046383306384087
0.03904180601239205
-0.02600065991282463
0.07730129361152649
0.08384196460247038
0.04427704587578773
-0.0717993974685669
-0.03733278810977936
-0.04110703617334366
0.013851216062903404
-0.02568095549941063
-0.08027418702840805
-0.087657630443573
-0.030494119971990585
-0.0068525089882314205
0.09334688633680344
0.1028669774532318
-0.005816820543259382
-0.06684549152851105
-0.0777362585067749
0.020409759134054184
0.04694417119026184
0.07951947301626205
-0.08271456509828566
0.010735468007624148
0.1112561747431755
-0.06722968816757202
-0.12180209904909133
-0.0384601354598999
-0.03664478287100792
0.05492103472352028
0.04982680082321167
-0.020835990086197853
-0.02659515105187893
-0.03783448785543442
0.030613470822572708
-0.029773704707622528
0.0182893630117178
-0.08694131672382353
-0.07210320234298706
-0.10264423489570616
0.06784462183713913
-0.027442308142781258
0.12985765933990479
-0.09504947066307069
0.021447531878948208
-0.09228573739528656
0.11866050958633421
0.08073250204324722
0.0879742354154587
-0.02629032731056213
0.1052602082490921
-0.045595292001962655
0.05088774859905242
-0.0032622511498630047
-0.00564876152202487
-0.0042304289527237415
0.027546092867851257
0.052671898156404495
-0.013891877606511116
0.01598167233169079
0.05910472944378853
-0.0917464643716812
-0.016812128946185112
0.031740982085466385
-0.046835359185934074
-0.029099883511662483
0.14677228033542633
-0.039737273007631295
-0.08180737495422363
0.0589006207883358
-0.029378654435276985
-0.006272419821470976
-0.07840719074010849
-0.05945146083831787
0.04951468482613564
-0.10416190326213837
-0.0220071692019701
-0.02306659333407879
0.0042766439728438846
-0.013417411595582962
-0.03667249903082848
-0.10131320357322691
-0.07283217459917068
-0.06267763674259186
-0.05711540952324867
0.01782608963549137
0.0479782409965992
-0.0228838175535202
0.05378100275993347
-0.10178588330745696
-0.003372065257281065
-0.03858662024140357
-0.02190883830189705
-0.06675342470407486
0.024943575263023376
-0.04028430581092834
0.014422453939914703
0.010496536269783972
0.028045307844877243
-0.08040372282266618
0.05448433384299278
0.00983767118304968
0.0017584044253453612
-0.08679954707622528
-0.02084110677242279
-0.002806981559842825
0.00806561950594187
0.06653687357902527
-0.1134938895702362
0.0499311089515686
-0.03831928595900536
0.0021684919483959675
0.006955391261726618
-0.07456432282924653
-0.12132985889911652
0.1363991945981979
0.11512725055217742
0.04425735399127007
0.07272664457559586
0.1005215048789978
-0.01518592983484268
-0.05666413530707359
-0.018015017732977867
0.11550241708755492
0.015250038355588911
-0.09953014552593233
-0.04201864823698997
0.06261245161294937
0.016289468854665756
0.0367932915687561
-0.01666154712438583
-0.101056307554245
0.045724738389253616
0.07621431350708006
0.0022330940701067448
0.02805843949317932
0.04404565319418907
0.06602929532527924
0.016527460888028145
0.01887470111250877
-0.033031534403562546
-0.051820717751979835
0.03639059513807297
-0.06101914122700691
-0.02030985988676548
0.08300280570983887
-0.01182282343506813
-0.05226730182766914
-0.0036454261280596256
-0.11437807977199554
0.046577874571084976
0.11738580465316772
-0.08544109761714934
-0.10377921909093855
-0.12138204276561736
-0.1111404150724411
-0.005690980236977339
-0.002739239018410444
-0.07132458686828613
0.007628143299371005
0.121824249625206
-0.06910041719675064
0.11015543341636656
0.003253248054534197
-0.07629316300153731
0.009834641590714455
0.12764905393123627
-0.052349042147398
-0.009642403572797775
0.014494093134999275
-0.11581643670797348
0.001974191050976515
0.19873909652233124
-0.10070150345563889
-0.11211954057216644
-0.0443054586648941
-0.08913065493106842
-0.03523346409201622
-0.016323162242770195
0.05404112115502357
-0.07051755487918854
0.0013616051292046905
-0.0576963908970356
-0.017945827916264534
-0.029920242726802822
0.04133614897727966
-0.04514907673001289
0.008023127913475037
-0.0331454835832119
0.11343586444854736
-0.10856810212135314
0.027067335322499275
-0.05421203002333641
0.01618463173508644
-0.02760547772049904
-0.01001358777284622
-0.017330244183540344
-0.10333713889122008
0.04258553311228752
0.04067051038146018
-0.08414949476718903
-0.0031660455279052258
0.027863418683409687
0.11383954435586928
-0.020847870036959648
-0.02596352621912956
-0.028061214834451675
-0.09856393188238145
-0.02822126448154449
0.04800013080239296
0.07140719890594481
0.05290718004107475
0.0031875544227659702
0.0592900887131691
0.025984022766351696
0.09089168906211853
0.010740184225142002
-0.11828862130641936
-0.05731910839676857
0.0094991996884346
0.07378232479095459
0.14228902757167816
-0.027168007567524907
-0.06397310644388199
-0.11826440691947936
-0.07980753481388093
0.007113343570381402
-0.03563123196363449
-0.015498187392950056
0.08222484588623047
-0.04401710256934165
-0.06589587777853012
0.013343434780836104
0.0648341029882431
-0.05120839923620224
0.024044396355748177
0.000332318595610559
-0.06361357122659683
-0.1141122430562973
0.021780187264084813
-0.024282604455947876
-0.05671606585383415
0.06550546735525131
0.05030855163931847
-0.018058912828564644
0.010514009743928908
0.0027549196965992446
0.048187848180532455
-0.015946848317980766
-0.03632945567369461
0.017272012308239937
-0.09378755837678909
0.007344251964241265
0.019863735884428024
-0.03273172304034233
0.10716069489717484
0.055874533951282494
-0.0428844653069973
0.09941896796226499
-0.0959680527448654
0.05156419798731804
0.04312855377793312
0.0027419258840382095
-0.06746989488601685
0.06854221224784851
0.011684974655508997
0.02113085053861141
-0.007765588816255331
-0.03557147458195686
-0.03662966564297676
0.06839729100465775
-0.011959072202444077
0.14655201137065887
0.01893824338912964
0.06364508718252182
-0.02351038157939911
-0.009515417739748953
-0.07038436830043793
-0.10193727910518646
-0.10382315516471861
0.032262958586215966
0.02349940687417984
0.057672828435897834
0.02147732488811016
-0.021391566842794415
0.01669437251985073
-0.102959007024765
-0.025298586115241047
-0.11077380180358885
0.0591159276664257
0.008035802282392977
-0.04422244802117348
0.028254617005586624
-0.04646981135010719
-0.07464373111724852
-0.01520046591758728
-0.031086921691894528
0.06793572008609772
0.04833419993519783
-0.04152624681591988
0.015895500779151917
0.031470179557800286
-0.05606493353843689
0.000961542478762567
-0.0831104964017868
-0.0001659138360992074
-0.07030567526817322
-0.028728459030389782
-0.06733439862728119
-0.014815852046012878
-0.04529644548892975
-0.015510627999901772
-0.06306175142526627
0.0011820237850770354
0.08374570310115814
0.12797826528549194
-0.03618969768285751
-0.108669213950634
0.08821956813335417
0.03100118041038513
-0.0970952808856964
-0.12216998636722563
-0.036826711148023605
-0.06838274002075195
0.0038168695755302906
-0.10519864410161972
0.02232152968645096
-0.02571704611182213
-0.06311751902103424
-0.04971028491854668
0.033662859350442886
-0.04001413658261299
-0.09066687524318696
0.003176883328706026
0.04806473106145858
-0.07652947306632996
-0.05332174897193909
-0.05594488605856896
-0.011844173073768616
0.031755998730659485
-0.13651445508003235
-0.009978877380490305
-0.0007563043618574737
0.013706224039196968
0.08715187013149261
0.03076697140932083
0.0628175139427185
-0.10169856250286102
0.09395605325698851
0.040709078311920166
-0.058805257081985474
-0.051122572273015976
-0.0832599103450775
0.005539721343666315
-0.06043124943971634
0.03831921145319939
0.02478728257119656
0.020716192200779915
-0.0018242947990074756
0.014198929071426392
0.04349391907453537
-0.09156792610883711
0.01588679291307926
0.04940624162554741
-0.0220273956656456
0.03975175693631172
0.09254653751850128
0.007361021358519792
-0.07983756810426712
0.10542105138301848
0.03756377473473549
-0.039173949509859085
0.03222966566681862
0.03791091963648796
0.04479790851473808
0.05020787194371224
0.0018792547052726147
-0.055050723254680634
-0.04117628931999207
-0.050896316766738885
0.01642063446342945
0.039534684270620346
-0.03144112229347229
0.0054224603809416285
0.008618118241429329
0.1167546659708023
0.01305990107357502
0.07238359749317169
-0.07347243279218674
0.03345317393541336
0.01083669066429138
-0.003182606305927038
0.017909178510308266
0.013783161528408527
-0.006411281879991293
0.033047456294298165
-0.011566328816115856
-0.016609296202659607
-0.07780444622039795
0.026841044425964355
-0.024106992408633232
-0.0013930086279287934
-0.0027889576740562916
-0.04267860576510429
0.0119060343131423
0.03819302469491959
-0.1099204570055008
0.08302626013755798
0.005496211815625429
0.10145073384046555
-0.044744256883859634
-0.03341799974441528
-0.0012451648944988847
0.032833728939294815
-0.0450790710747242
-0.07802680879831314
0.00404001260176301
0.016638081520795822
-0.012390552088618279
-0.019171772524714466
-0.0347234345972538
-0.09531915187835693
0.01172888558357954
-0.059238869696855545
-0.00043957273010164494
-0.0004175450885668397
-0.01972821913659573
-0.029108028858900074
-0.0640014037489891
-0.019878404214978215
-0.038338791579008095
0.04434752091765404
0.01882222667336464
-0.03599962219595909
0.1046094000339508
-0.09873785823583603
0.03309003636240959
-0.0229138657450676
0.024978939443826675
-0.03517715260386467
-0.11343859136104584
0.03037221357226372
-0.007148612756282091
-0.1037776917219162
-0.013088718056678772
0.01610535942018032
0.06718623638153076
-0.03727595880627632
0.05567106977105141
0.07032585889101028
0.06196776404976845
-0.09545230120420457
-0.0759156048297882
0.040024902671575546
-0.009638816118240355
-0.052740320563316345
0.034713320434093475
-0.054794538766145706
-0.1286206692457199
-0.0397234633564949
-0.06751377135515213
0.013713664375245571
0.019096098840236664
0.0254763625562191
0.05153445899486542
0.037777788937091834
-0.01230885274708271
-0.11349126696586607
0.06141816824674606
0.05695160105824471
0.06506050378084183
0.06463930010795593
0.0004613440250977874
-0.04683146998286247
0.03646382316946983
-0.07073340564966202
-0.005453418474644423
0.08578141778707504
-0.0857987105846405
-0.02885758690536022
-0.013280935585498808
0.044004857540130615
-0.011555349454283714
0.011969288811087608
0.0515374056994915
0.07779480516910553
-0.04627067595720291
-0.04593459889292717
0.018224686384201046
0.010657060891389847
0.07855948805809022
-0.03220964968204498
-0.11430464684963226
-0.049815643578767776
0.04173503816127777
-0.06458291411399841
-0.048362690955400474
0.014393135905265808
-0.08263695240020752
0.005422499030828476
-0.031502511352300644
-0.06094798818230629
0.03015339747071266
-0.008520273491740225
-0.04561929032206535
0.07831661403179167
-0.06324590742588043
0.019956208765506744
-0.06059258058667183
-0.03938467800617217
-0.0497596152126789
0.08061470836400986
0.015702154487371445
0.0095860892906785
0.008548755198717117
0.02007176354527473
0.015980474650859833
0.039637330919504166
-0.1126151606440544
0.03534644842147827
-0.03178286924958229
-0.01342463493347168
-0.04518310353159904
-0.007101261522620916
0.07958969473838806
0.007896232418715956
-0.030582953244447708
0.10131905972957612
0.033621083945035934
-0.03633955121040344
-0.09011433273553848
0.13237768411636353
-0.08100421726703644
-0.03130871430039406
0.06602886319160461
-0.01004679687321186
0.020374294370412823
0.0390096977353096
0.01701587811112404
0.05326411500573158
-0.03912869468331337
-0.06363646686077118
0.03413504734635353
0.03992398828268051
0.04841699078679085
0.011394133791327477
-0.0059117539785802364
-0.0439009852707386
-0.008030064404010771
-0.08322715014219283
-0.014527827501296995
0.04390772059559822
-0.13089127838611603
0.021647039800882336
0.09209257364273073
0.0019225127762183547
0.07179321348667145
-0.04737377539277077
-0.0031702923588454723
0.003901960793882608
-0.023314040154218677
0.09157538414001466
0.033853091299533844
-0.03625723347067833
-0.05422841012477874
-0.01714940182864666
0.15941695868968964
0.02574083395302296
0.09248299896717072
0.02068927884101868
-0.027298664674162865
-0.05778827890753745
-0.11573411524295805
0.021502980962395668
0.02865605056285858
0.041535180062055595
0.01595708355307579
0.10401277244091033
-0.024236105382442474
-0.024485658854246136
-0.056949179619550705
-0.06560242921113968
0.01449313759803772
0.013239020481705664
0.021072212606668472
0.12181246280670166
0.08613520860671997
-0.06215441599488258
-0.03869162127375603
-0.018737668171525
-0.0021761036477983
0.01685141772031784
0.07840763032436371
-0.0173804871737957
0.02690676227211952
-0.0989014655351639
0.08281530439853667
0.05531205609440804
-0.11599597334861755
-0.02051238901913166
-0.13140378892421722
-0.03135295584797859
-0.07887539267539978
-0.0018161513144150376
-0.07448558509349824
-0.027524681761860847
-0.11908172070980072
0.03167586401104927
-1.4882185496389864e-05
-0.08598289638757706
0.06332621723413467
0.07336746156215668
0.024369776248931885
-0.10416104644536972
0.02043360285460949
-0.032360393553972244
0.12036316096782684
-0.057006534188985825
0.03675658628344536
0.06149838119745255
0.11870732903480528
-0.11438755691051485
-0.05821526795625687
-0.03299297019839287
-0.1187414973974228
0.01960033178329468
0.06465422362089157
-0.024639485403895375
-0.08808128535747528
-0.05741522461175919
-0.027527859434485435
-0.0390520915389061
-0.02533985674381256
-0.08612044155597687
0.10761072486639021
-0.08434852957725525
-0.02164030075073242
-0.0072998604737222195
-0.02991405501961708
0.03713672235608101
-0.09894870966672896
-0.05394338443875313
-0.0473087765276432
-0.11278698593378068
-0.11243378371000289
-0.04669571295380592
0.01695914939045906
0.025141675025224686
-0.11863434314727785
0.0635768249630928
-0.0010870356345549224
-0.10083848237991332
-0.07586944103240967
-0.025639904662966728
-0.11677850782871246
0.03020548447966576
0.09926433861255644
0.11785553395748138
0.0347968228161335
-0.005462015513330698
0.02331412211060524
0.004068031441420317
-0.01028958149254322
0.04408007487654685
-0.09103590250015257
0.02414814382791519
0.06731829047203064
-0.02557019516825676
-0.11339098215103148
0.08556830137968062
-0.0766402930021286
0.010771747678518295
-0.0017567878821864724
0.030599622055888172
-0.12563355267047882
0.03473103046417236
0.1605997532606125
-0.03387238085269928
0.04762614518404007
-0.033975549042224884
-0.05613761767745017
-0.09437183290719986
-0.008576605468988417
-0.05723543837666512
0.014789110980927944
-0.05627124384045601
-0.06760331988334656
0.06998284161090851
0.04917915537953377
-0.03279929980635643
-0.09943274408578873
0.10983434319496153
-0.03490479290485382
0.03649483248591423
-0.005676622968167067
0.03403555601835251
0.04301567003130913
-0.029924198985099792
-0.013405509293079376
-0.06592850387096405
-0.03088695928454399
-0.04753556475043297
-0.12472324073314665
-0.0780678316950798
-0.02162972651422024
-0.0437864176928997
-0.030501019209623337
-0.03030537813901901
-0.07929123193025589
-0.10813011974096298
0.06178879365324974
-0.015764273703098297
-0.01315862126648426
-0.019549867138266563
0.03304080665111542
-0.024817526340484616
0.12063488364219664
0.01999897137284279
-0.04230690747499466
-0.10759714990854265
-0.06749917566776276
0.01641533337533474
0.06193472072482109
-0.03082086518406868
0.04432494193315505
-0.01741090789437294
0.05136445164680481
-0.10538651049137115
-0.03949832543730736
0.005037718918174504
0.029602322727441788
0.06717626750469208
-0.053589481860399246
0.025344785302877423
0.07251988351345062
0.007747882511466741
-0.021825304254889488
-0.08020418137311934
-0.03570300713181496
0.018090568482875824
-0.06789340823888779
-0.029930062592029568
-0.02875799871981144
0.009475937113165855
0.027930604293942448
0.00892025977373123
-0.07781056314706801
-0.04725294932723045
0.014205035753548144
-0.02146901562809944
-0.09816013276576996
-0.083638533949852
-0.11513540893793106
0.08314761519432068
0.10202118009328842
0.04041445255279541
0.0002074552467092872
0.02684389054775238
0.023537881672382355
0.01940736174583435
0.11596304923295973
0.014575449749827383
-0.0109389154240489
-0.07756286859512329
0.07687163352966307
-0.021893527358770367
-0.024803161621093753
-0.08223695307970048
0.0887431427836418
0.058269020169973366
-0.08645543456077574
-0.1233917251229286
0.12346218526363371
0.06360014528036118
0.14735904335975647
-0.028864068910479546
-0.04196993634104729
-0.11061492562294006
0.03319372609257698
-0.04960542917251586
0.16094268858432767
-0.11685319989919662
0.03729867190122604
-0.02490304224193096
-0.010228820145130156
0.027107302099466324
-0.1274069845676422
0.015113692730665205
0.03506137803196907
0.01918124407529831
-0.04317731037735939
-0.03066609427332878
-0.06816982477903366
0.03388569504022598
0.0062433090060949326
0.033265482634305954
0.048023950308561325
0.0050972928293049335
0.023895375430583957
-0.010828480124473572
-0.11277485638856888
0.06240697205066681
0.024749768897891045
-0.006269394885748625
0.0006408815970644355
-0.03011440113186836
0.028445450589060783
-0.0805957615375519
-0.06130309030413628
-0.015057552605867384
0.040781263262033456
0.10067301988601685
0.031852331012487405
-0.03368702530860901
0.01243351399898529
0.023868318647146225
0.019556021317839622
-0.06929484009742737
-0.03768610581755638
-0.0541769377887249
0.03441397100687027
0.02166170999407768
-0.02276059985160828
0.0721367821097374
-0.0018473934615030885
0.020631544291973117
-0.031529761850833886
0.05744434148073197
0.030636632815003395
0.09378419816493987
0.10066106170415878
0.019306136295199398
0.06386856734752655
0.0575055368244648
-0.08068160712718964
-0.11550596356391905
0.03248581662774085
0.03335506096482277
-0.06509749591350555
-0.006344373803585768
-0.016683822497725487
0.0029015676118433475
0.059504430741071694
-0.03567150980234146
-0.03993186727166176
0.048839177936315536
-0.04774061962962151
-0.0110305268317461
-0.0408472903072834
0.01710035651922226
-0.1208907961845398
-0.03310566022992134
0.04747296869754791
-0.10106931626796722
-0.045251060277223594
-0.0067780441604554644
-0.011433386243879797
-0.05909696966409683
-0.1171826347708702
0.07098716497421265
-0.0652054101228714
0.0348694883286953
-0.008357414975762367
0.036814291030168526
-0.03171047195792198
-0.03006361424922943
0.026799453422427177
0.004249690566211938
-0.043193820863962167
0.06966344267129898
0.05031384900212288
0.0019363105529919265
-0.0038323146291077137
-0.01366487517952919
0.051620963960886
-0.06275627762079239
-0.05886927992105484
0.07216929644346237
-0.0015612744027748704
0.01706615835428238
-0.09894132614135742
-0.09698250889778136
0.07110168784856796
-0.11191578209400176
-0.05594796314835549
0.039917539805173874
0.07395553588867188
-0.02394179068505764
0.04114848002791405
0.0009663033997640013
0.046485062688589096
0.09628655016422272
-0.015313874930143356
0.0008905254071578382
-0.05109682306647301
0.03882503136992455
-0.0225207693874836
-0.0260878037661314
-0.04767046496272087
-0.05177104845643044
0.0688764899969101
0.05649224296212196
-0.07285024970769882
-0.04115287959575653
-0.06479928642511368
0.11206956207752228
0.0986139178276062
-0.02520715072751045
0.043002735823392875
-0.049070198088884354
0.051096536219120026
-0.11003454029560088
-0.039367835968732834
-0.08029203861951827
0.015482192859053612
-0.04187781363725662
-0.10236261039972304
0.04196467995643616
0.006967032793909311
0.020330812782049176
0.026025300845503807
0.07443544268608093
0.0020074811764061447
0.001233805320225656
0.043455157428979874
-0.06544498354196548
-0.04911882057785988
0.09744986891746521
-0.020231828093528748
-0.04283832386136055
0.0687393993139267
0.06748900562524796
-0.04194791242480279
0.08238115906715393
-0.023983584716916084
-0.05361400917172432
0.03378139063715935
0.0818367451429367
-0.029167011380195618
-0.06936822831630707
-0.11526031792163847
0.04154369980096817
0.11980154365301132
-0.07460199296474455
0.009125748649239538
-0.12592947483062744
-0.05708039179444313
-0.04025761783123016
0.0554923377931118
0.00496539194136858
-0.08513356745243073
-0.0037208287976682186
-0.004651224706321955
-0.04074999690055847
-0.09625573456287384
0.008901268243789673
-0.07972528040409088
-0.0721493661403656
0.015397603623569012
-0.008671309798955917
-0.04001991823315621
-0.05999638885259628
0.0005249673267826438
-0.032427627593278885
-0.035803716629743576
-0.08615984767675398
0.018828956410288807
-0.10229464620351791
-0.004397300537675619
0.02217845991253853
-0.01597396656870842
0.04249617829918861
0.010701626539230347
0.012469181790947914
0.1643616408109665
-0.059569086879491806
-0.0530419535934925
-0.10925456881523132
-0.055976662784814835
-0.05367469787597656
0.05366244167089462
0.019648171961307526
0.1170743703842163
-0.0571073293685913
-0.010595192201435564
0.03598558530211449
-0.014832392334938048
0.02160578593611717
0.008341367356479168
-2.542103175073862e-05
0.07322540879249571
-0.09473828971385956
0.018294434994459152
-0.07941420376300812
-0.018869373947381973
-0.03874101489782333
-0.056680116802454
-0.00464985566213727
-0.04823889955878258
0.06077836826443672
0.05256793648004532
-0.09661509096622467
-0.014545656740665436
0.008538728579878807
0.04730101302266121
-0.06992919743061066
-0.06587430834770203
0.04172050952911377
-0.008823992684483528
-0.03301208093762398
0.008266950026154518
-0.08507016301155089
-0.01087365671992302
0.11423945426940917
0.07658988982439041
-0.10915968567132948
-0.027575766667723652
0.04905032739043236
0.12636320292949677
0.0025765099562704563
-0.03424429893493652
0.0392758809030056
0.007804255466908216
-0.0959022119641304
0.08966650068759918
0.05576012656092644
0.021728431805968285
-0.06858763843774796
0.01099228486418724
0.02827987819910049
0.007882535457611084
-0.08814746141433716
0.06582251191139221
0.06677048653364182
0.04395893588662148
0.05753380060195922
-0.033656451851129525
-0.12167529761791228
0.10092341899871826
-0.09751188009977341
0.08762632310390472
-0.02713477797806263
0.10212690383195876
0.09829296171665192
-0.047381002455949776
-0.08286918699741364
0.06359437853097916
-0.016707768663764
0.05579075589776039
-0.023822586983442303
0.054698463529348366
0.02436959370970726
-0.04075126722455025
0.01405186764895916
-0.02051684446632862
-0.029082633554935452
-0.06271156668663025
-0.08491690456867218
0.06488437950611115
0.11085318028926848
-0.03730726987123489
-0.01846393756568432
0.039704397320747375
-0.022276245057582852
-0.04849879816174507
0.02720452658832073
-0.0761517286300659
0.03263397887349129
0.033526185899972916
-0.01500067114830017
-0.04742911830544472
-0.03603001311421394
0.08239470422267914
0.06859052926301956
0.05674508586525917
0.04410018399357796
0.11288125067949296
-0.01653985120356083
-0.0542365163564682
-0.10561249405145644
0.013409581035375597
-0.008373597636818886
0.16267086565494537
0.010731371119618416
0.08853906393051147
-0.001699495711363852
-0.026148466393351555
-0.033800046890974045
-0.010424811393022535
0.026453694328665733
-0.07447977364063264
-0.10807444155216216
-0.07880285382270814
0.06501070410013199
0.044657569378614426
0.030314408242702484
-0.004416781011968851
-0.01266186498105526
0.0258471742272377
0.00854581221938133
-0.05153424292802811
-0.021069157868623734
-0.05882210284471512
-0.021245986223220825
0.1022963374853134
0.015267262235283852
-0.09469878673553465
0.019104879349470135
-0.002283838111907244
-0.09144271910190582
0.1517428606748581
-0.07072791457176208
0.03503430262207985
0.021426394581794735
-0.05087459832429886
-0.11715560406446456
0.08914271742105485
0.01116802543401718
-0.07703886181116104
-0.003027347382158041
-0.1283215880393982
0.006901576649397612
-0.05057121440768242
-0.03454016149044037
0.021473154425621033
-0.08244317024946211
-0.0022834981791675086
-0.015425983816385267
-0.06801816076040268
-0.11126399040222168
0.01706257089972496
-0.05093752220273018
0.07484488189220428
-0.05019275471568108
0.04710947349667549
0.033169768750667565
0.05514701455831528
-0.05650208517909049
-0.06278075277805328
-0.01865657605230808
0.019115049391984936
0.013155091553926468
-0.0493658259510994
-0.03487898036837578
-0.07740388810634613
-0.015508683398365974
0.09103889763355257
-0.020373908802866932
-0.08615479618310928
0.021562622860074043
0.07236136496067046
-0.006195847410708666
-2.0052888430655e-05
0.010110022500157356
0.08922781050205231
0.004569193813949823
-0.037718240171670914
0.08527451753616333
0.023513568565249443
-0.06864851713180542
0.012726621702313423
0.06621377170085907
0.007623196113854647
-0.0017927639419212935
0.003509982023388148
-0.03075699135661125
-0.05673296004533768
0.01191867422312498
0.013793854042887688
-0.01203172653913498
0.008136432617902756
-0.12197297811508177
-0.012901126407086847
-0.02250967174768448
-0.07447382807731628
0.008798738941550257
0.040500152856111526
-0.0003693221369758248
0.04116008058190346
-0.11713830381631853
-0.03760603442788124
0.017942164093255997
0.01985212415456772
0.11898781359195708
0.04856278747320175
0.025904837995767597
-0.01820014975965023
0.06396308541297913
0.0725841149687767
-0.08276672661304474
-0.0766751319169998
-0.04490387812256813
0.004732611123472452
0.06046831980347633
-0.02662231214344501
0.09260741621255873
-0.024883173406124115
0.06145695224404335
-0.05192517489194869
0.032388631254434586
0.036974113434553146
-0.02889697253704071
-0.05489038303494453
0.108312651515007
-0.025087758898735046
0.01784483715891838
-0.02962001599371433
-0.007655981462448835
0.05327441543340682
0.031622279435396194
0.05705172196030617
-0.040774863213300705
0.07177133858203888
0.018910404294729233
-0.08151938021183014
0.004455122631043196
0.02367537282407284
-0.01790435239672661
-0.05730820819735527
-0.017635611817240715
0.016796397045254707
-0.04366732016205788
0.02160158194601536
0.010417453944683073
-0.012751638889312744
-0.0007821131730452181
-0.11003310978412628
0.1437610238790512
-0.046698156744241714
0.04026281461119652
-0.10057182610034943
0.08524022251367569
0.00784631259739399
-0.07193761318922043
-0.04684938862919808
-0.010169699788093565
0.012480787001550196
0.032970402389764786
-0.02171415463089943
0.02230273932218552
0.02881044149398804
0.0464380756020546
0.08315639942884445
-0.014162900857627392
-0.01981768198311329
0.11184138059616087
0.10182319581508636
0.0744364634156227
0.07785876095294952
-0.06439246237277985
0.03604954853653908
0.006116245407611132
0.04606807604432105
-0.06165150180459023
-0.014598682522773743
0.060208383947610855
0.008116615936160086
-0.0460323803126812
-0.022136308252811432
0.0821586474776268
0.03740094229578972
0.052664168179035194
-0.09443174302577971
-0.0481523871421814
0.02692830748856068
-0.02304776944220066
-0.03248828276991844
-0.05744180455803871
-0.019812900573015213
0.032307084649801254
-0.0058811595663428315
0.05551470071077346
-0.02317783050239086
0.05915489047765732
-0.1006639301776886
0.0053679668344557285
0.01907549425959587
-0.11524815112352373
0.0261650662869215
-0.025964226573705677
-0.034800074994564056
0.09404587000608444
-0.07513388991355896
0.06381207704544067
-0.0784837007522583
0.06157899647951126
-0.09146499633789062
0.025119747966527935
0.019656218588352203
-0.10174182057380676
-0.08680307865142822
0.0596153736114502
-0.05867798998951912
0.04185477271676064
-0.05893645063042641
0.031817156821489334
0.07623535394668579
0.03181811049580574
-0.017603425309062004
0.04417667165398598
-0.09191632270812988
-0.08466887474060057
0.02506525442004204
-0.05226132273674011
-0.05316663160920143
-0.0574021153151989
-0.11601398885250092
-0.11672365665435792
-0.05497737228870392
-0.03003591857850552
-0.032900258898735046
-0.009146690368652344
-0.039252478629350655
-0.06466987729072571
-0.005586983170360327
-0.02676621079444885
-0.051480550318956375
0.03426634892821312
0.02151603251695633
-0.040049340575933456
0.039261385798454285
0.11003060638904572
-0.06956203281879425
-0.09036196768283845
-0.013605337589979172
-0.10676852613687517
0.015582092106342316
0.03584868833422661
0.013918107375502586
-0.043314244598150246
0.07767293602228163
-0.07529085129499435
-0.07757699489593507
-0.06839700788259506
0.09849387407302856
-0.07829199731349945
0.12045690417289732
-0.0830453410744667
-0.07846276462078094
0.05043349415063857
0.0710735023021698
-0.007740653585642576
0.03492861986160278
-0.008121872320771217
0.08407683670520782
-0.07506740838289261
-0.0016068477416411042
-0.031134072691202164
-0.04146571084856987
0.04165926203131676
0.010849962010979652
-0.10739262402057648
0.0715613067150116
0.0066940137185156345
-0.019127966836094856
-0.11098328232765196
-0.010225839912891388
0.05065305158495903
-0.03892844915390015
-0.1246446818113327
0.06761911511421204
0.009096927940845488
-0.009176863357424736
-0.12129810452461243
-0.03937893733382225
-0.0019598319195210934
-0.028831323608756065
-0.08310554176568985
-0.015769293531775475
0.08513596653938293
-0.04995304346084595
-0.11088810861110689
0.018254049122333527
-0.006114817690104246
-0.05665220692753792
0.0207703597843647
-0.02395734004676342
0.0403095968067646
-0.1140165776014328
-0.072693832218647
-0.04189090058207512
0.004051265772432089
0.112373486161232
0.07272349298000334
-0.0276171900331974
-0.049140430986881256
-0.09014469385147095
0.07822006195783614
0.02064068801701069
-0.04739711433649063
-0.07439592480659485
-0.03125443309545517
-0.006681334692984819
0.039921801537275314
-0.04074658453464508
-0.1145896017551422
-0.058165941387414925
-0.03378285467624664
0.09396231174468994
0.0535285584628582
0.06623506546020508
-0.017595600336790085
0.07945407927036285
-0.0388498529791832
0.006731568370014429
-0.022835714742541317
-0.0009433903032913805
0.10443676263093948
-0.030473433434963223
0.011567234992980955
0.04395279660820961
0.009388560429215431
-0.08782872557640076
0.1110761910676956
-0.11903978884220125
0.06553518772125244
0.005152708385139704
0.0214419886469841
-0.02596732228994369
0.01819444075226784
0.010118150152266024
-0.008252705447375774
0.03586423397064209
0.01753176935017109
0.01260668598115444
-0.004049844574183226
-0.04998163506388664
0.005731828976422548
-0.03666133433580399
-0.09766516089439392
0.11414171010255812
0.055838771164417274
-0.025911232456564903
-0.017625361680984497
-0.018895557150244713
0.020061403512954712
0.03401733189821243
0.03264198452234268
-0.0331769622862339
0.017768599092960358
0.10961706936359404
0.14212545752525327
0.08318681269884108
-0.05675441771745682
0.06892839074134827
0.0177899356931448
-0.03329046070575714
0.014088854193687437
0.13928253948688507
-0.0877542346715927
0.04603063687682152
-0.010191441513597964
-0.00797603651881218
0.10253237187862396
0.029977949336171154
-0.09476847201585768
-0.0359225757420063
0.03080606833100319
-0.046532079577445984
-0.07452252507209779
-0.008426262997090816
0.018665498122572895
-0.08497184514999388
0.016266366466879845
0.010714288800954819
0.10412579029798508
0.1328139752149582
0.021784648299217224
-0.02769092842936516
-0.04955465346574783
0.13096974790096283
-0.014372318983078001
-0.03569827973842621
-0.11325950920581816
0.03681845590472221
0.05401306971907616
0.057889100164175034
-0.07160729169845581
-0.03660127148032189
-0.012414531782269476
-0.11570289731025696
-0.055498387664556496
0.04222217574715614
-0.031070239841938015
-0.008529276587069033
-0.059845130890607834
-0.04730072245001793
-0.00852975435554981
0.10120562463998795
0.04475166648626328
-0.006653785239905119
0.05536135286092758
-0.04098422452807426
-0.004234875086694956
0.011785937473177908
-0.02009634114801884
-0.07815171778202058
-0.009111329913139343
0.021653154864907265
0.06267420947551727
0.1500828117132187
0.010821463540196419
0.05386753752827644
-0.05134310945868492
0.025307241827249527
-0.024448905140161514
0.0491630733013153
-0.08784247934818269
0.013420342467725275
-0.029817670583724972
0.043341446667909615
0.04564427956938744
-0.055420823395252235
-0.005730175878852606
-0.0545695461332798
0.013711994513869284
-0.03299781680107117
-0.03067006543278694
-0.014761509373784064
0.10029895603656767
-0.105367511510849
0.02435789629817009
-0.033330682665109634
0.042063139379024506
-0.09813376516103745
-0.09417252987623215
0.0022603576071560383
-0.07808381319046019
-0.1037810891866684
-0.03389621526002884
-0.0004548915894702077
0.005387124139815569
-0.0008136533433571459
-0.041528098285198205
-0.02206317707896233
-0.017742812633514404
-0.11844022572040556
0.026294585317373276
0.021303385496139526
0.0082032298669219
-0.010522939264774323
0.03103296644985676
-0.024468339979648594
0.027313951402902603
-0.01682688668370247
0.023870283737778664
-0.13338889181613922
0.012652617879211903
0.1592777520418167
-0.07293858379125595
0.026989705860614777
0.009800741448998451
0.07836050540208817
0.0705050379037857
0.052362080663442605
0.0039664474315941325
0.10256044566631316
-0.023713571950793263
0.07492513209581374
0.0017401803052052855
-0.016306724399328232
0.06372444331645966
-0.01123058795928955
0.03957834467291832
0.03774192556738853
-0.09914936125278474
-0.07988208532333374
0.01627275161445141
-0.09435687959194183
-0.03812719136476517
0.0033799191005527973
-0.00016368331853300333
0.08666875958442688
-0.04765557870268822
-0.03584379702806473
0.03963001444935799
0.01891535520553589
-0.0008205572376027702
-0.11988598108291625
-0.07781797647476195
-0.07423645257949829
-0.03107745200395584
0.017854750156402588
-0.04336067661643028
0.004856132436543703
-0.025494301691651344
-0.02352769672870636
-0.017153751105070114
0.028427302837371823
-0.03883520141243935
0.012727733701467514
-0.027225907891988754
-0.015765612944960594
0.0110167870298028
-0.048488907516002655
-0.03829089924693108
-0.008850394748151302
-0.11737015843391418
-0.014564728364348412
0.026974987238645557
-0.03160842880606651
-0.10814963281154633
-0.10328641533851624
0.007724958006292581
-0.021104248240590092
-0.04052143543958664
-0.1311357170343399
-0.024773498997092247
0.03848420828580856
-0.011912377551198004
-0.07698573917150497
-0.0695907473564148
-0.040535349398851395
0.08010906726121902
-0.06393364816904068
0.04775840416550636
-0.004845724906772375
-0.022818075492978096
0.03726918622851372
-0.1037001609802246
0.07060405611991881
-0.021189088001847267
0.0573602132499218
-0.04667733982205391
-0.061063382774591446
0.008236266672611235
-0.06788520514965057
-0.03208412602543831
-0.06673914939165115
0.036162521690130234
0.009160961955785751
-0.023049071431159973
-0.006966597866266966
-0.007098287809640169
-0.015141230076551436
-0.04615035280585289
0.05443450808525085
-0.020510371774435043
0.07520990818738937
-0.04599722102284432
0.004073157440871
0.0238858126103878
0.005864160601049662
-0.0561799518764019
0.12708204984664917
0.04667707905173302
0.010441708378493784
0.030090486630797383
0.0773426443338394
-0.009225461632013321
-0.018201991915702816
0.01755228079855442
-0.08854806423187254
-0.029517076909542084
-0.01610596664249897
0.0237310528755188
-0.037531569600105286
-0.03631353750824928
-0.02797999046742916
-0.06493046134710312
0.024518482387065887
-0.02951614372432232
0.02015300653874874
-0.01784142293035984
-0.12208816409111022
0.032010972499847405
0.019051726907491684
0.10811175405979156
-0.12254957854747772
0.035045791417360306
0.1144612580537796
-0.015404699370265009
0.0371408648788929
-0.02436412312090397
0.1025947481393814
0.025079511106014248
0.05470224097371101
-0.07006541639566422
0.06051614135503769
0.0277647078037262
-0.06426790356636047
-0.05412332341074944
0.021776977926492688
0.07531827688217163
-0.0016623582923784852
0.08651694655418397
-0.07064322382211685
-0.05793304368853569
0.062296755611896515
0.004874360281974077
-0.04203012213110924
0.0907554179430008
-0.018532067537307736
-0.009664300829172134
-0.03399817645549774
0.03919672220945358
-0.08189730346202849
-0.010638212785124779
0.08007795363664627
-0.08574183285236359
0.04523425921797752
0.025824006646871567
0.07522335648536682
0.00707985507324338
-0.06920655071735382
-0.1225910633802414
0.05765815824270248
-0.031109925359487534
0.035589948296546936
-0.12466131150722504
0.03702609613537788
0.06454755365848541
-0.022505218163132668
0.07091911137104033
0.015605881810188292
0.026469631120562557
0.05321535468101501
0.0016429614042863248
0.0677558034658432
-0.01274086721241474
-0.04994814842939377
-0.09295012801885603
-0.03761258721351624
-0.029871007427573204
0.008872730657458305
0.040435545146465295
-0.030230913311243057
-0.06784045696258545
0.0111103318631649
0.047425739467144006
0.08718732744455338
-0.059848666191101074
0.009929615072906016
-0.018719214946031567
0.031328797340393066
-0.049403101205825806
0.06042563542723656
-0.00209610303863883
-0.09158280491828918
0.00808253139257431
-0.10811682045459747
-0.006674237083643674
-0.007912902161478995
0.02809836156666279
0.0850120261311531
-0.11786673963069916
0.0045211343094706535
0.04737148806452751
0.10331779718399048
0.009815461933612823
0.024099271744489666
-0.012681206688284872
0.012948939576745032
-0.008428951725363731
0.0028880271129310127
-0.03008020296692848
0.015011996030807497
0.007717023137956858
-0.051053762435913086
-0.0694274827837944
0.08008025586605072
-0.026876168325543404
-0.04430141672492027
-0.07855008542537689
-0.08424253761768341
0.07648225128650665
-0.08477197587490082
-0.03299893066287041
-0.0059800720773637295
-0.03369702026247978
0.06913697719573975
0.08098676055669785
-0.034898791462183
0.056276995688676834
-0.09977681189775467
-0.033319111913442605
-0.1168021410703659
0.01914691738784313
-0.10940035432577132
-0.07303930819034576
-0.014758307486772535
0.03718632832169533
0.01329284068197012
-0.027991073206067085
0.025378353893756863
-0.011099308729171751
-0.0761965960264206
-0.07237297296524048
0.06664236634969711
-0.011378100141882896
-0.07313805818557739
-0.058256778866052635
0.011235078796744347
-0.0713392123579979
-0.033126313239336014
-0.01901402696967125
0.04423495754599571
0.07226637005805969
0.15240302681922913
-0.03492991253733635
-0.0058808657340705395
0.04275457188487053
0.02773690596222877
-0.05150696262717247
0.029910076409578323
0.033490173518657684
-0.005132253747433424
-0.018350698053836823
0.06117747351527215
-0.0227250661700964
-0.046189259737730026
-0.014555001631379128
-0.07236118614673615
0.1377918571233749
-0.06319373846054077
-0.0048421951942145824
-0.007282666396349667
0.03256100043654442
-0.009591348469257353
-0.0017406936967745423
0.009014304727315903
0.010976551100611687
-0.02749987319111824
-0.08624745905399321
0.04733934253454208
-0.04196494072675705
0.08167695999145508
-0.006652540992945433
0.01289160456508398
-0.007530485745519399
-0.008400531485676765
0.018216436728835102
0.039083778858184814
0.009220699779689314
-0.005653546657413244
0.016935691237449646
-0.015868205577135086
-0.10349775850772856
-0.046030063182115555
0.04008349776268005
0.08056077361106873
0.1601206660270691
-0.09922564029693604
-0.03081689402461052
-0.007301693316549063
-0.11335977911949156
-0.03115448728203773
0.03902167454361916
-0.02185185253620148
0.01580292545258999
0.06241539493203163
0.10561883449554443
0.006018864456564188
0.027322750538587567
0.115217387676239
0.02234889194369316
-0.10725925862789154
0.05822836607694626
0.012241562828421593
0.022520869970321652
-0.05085862055420876
-0.019498061388731
-0.06270638853311539
0.06259801238775253
0.010945513844490051
0.01378294453024864
-0.1073690876364708
-0.03190164640545845
-0.08528380095958708
-0.0593046061694622
0.01629086397588253
-0.034630950540304184
-0.06857097893953323
0.10668429732322691
0.023499023169279095
0.05394288152456284
0.07342725992202759
-0.057840224355459206
-0.03379986807703972
-0.04649610817432404
-0.05133258178830146
-0.0858248695731163
0.004811311606317759
-0.09107128530740738
-0.013070113956928251
-0.07310869544744492
-0.0069438512437045566
0.12374744564294816
-0.05848102644085884
0.1913490742444992
-0.04342134669423103
-0.032865528017282486
-0.056131761521101
-0.04814605787396431
-0.048842456191778176
0.06803084164857864
0.1068631038069725
-0.002018446568399668
0.01945787668228149
-0.05186488106846809
0.05323247238993645
0.03417425975203514
0.0633879080414772
0.09369873255491255
0.08754431456327438
-0.011868614703416824
0.06599867343902588
-0.0013699206756427884
0.04091070964932442
-0.01207653433084488
-0.0507284291088581
0.018565181642770767
-0.026963157579302788
0.009864702820777891
-0.07785236835479736
-0.10216781497001648
0.03975128009915352
0.011713286861777304
-0.014441095292568207
0.014225145801901816
-0.06237785890698433
-0.004453897010535002
0.016947396099567413
-0.00574929965659976
0.10549467056989668
-0.07158596813678741
0.00671272212639451
0.02681855484843254
-0.10339204221963882
-0.01567825861275196
-0.11987826228141785
0.05866074934601784
0.005890937987715006
-0.10038286447525024
-0.037506461143493645
-0.04559233412146568
-0.02872330881655216
0.03399711847305298
0.08574190735816956
0.015741650015115734
0.032151222229003906
0.031577955931425095
-0.0508701391518116
-0.09438090026378632
-0.09466765075922012
0.07461622357368469
-0.10982364416122437
0.003342181909829378
-0.024663526564836506
0.06918427348136902
-0.01254352182149887
-0.016890166327357292
-0.02136662229895592
-0.031377706676721566
-0.050578851252794266
-0.03087404742836952
-0.07611498981714249
-0.11045335233211516
-0.02768524549901485
-0.038264945149421685
0.0362979881465435
0.007794771809130907
-0.002670352812856436
-0.00466160336509347
-0.07075503468513489
0.105705589056015
-0.04612568020820618
0.051595538854599
-0.05822654440999031
0.03503783419728279
-0.10073199868202208
0.018686428666114807
0.10992859303951263
0.013550389558076859
-0.04098901525139809
0.050649892538785934
0.05995912849903107
-0.01861651800572872
-0.10063444823026656
-0.02629872225224972
0.03383877873420715
-0.03320213034749031
-0.03410875424742699
-0.05578485131263733
-0.03510969877243041
0.266305148601532
-0.10928568243980408
0.03417261689901352
0.05690796300768852
-0.1079873964190483
0.035090576857328415
-0.05518219992518425
-0.03331852704286575
-0.0427822470664978
0.02670818381011486
-0.04267533868551254
0.19687774777412412
0.023537132889032364
-0.12102261185646056
-0.07276839017868043
-0.10575131326913832
-0.0683043971657753
0.0860690101981163
0.032991956919431686
-0.05677521601319313
-0.003044500481337309
0.002799943555146456
-0.06251312792301178
-0.01012573204934597
0.07061436772346497
-0.06301750242710114
-0.08610343188047409
0.062252823263406754
0.05421733483672143
0.06021388620138168
0.015391670167446136
0.018596578389406204
-0.02421200089156628
0.05879462510347366
-0.0474405363202095
-0.12664593756198883
0.03389627113938332
0.04191822186112404
0.027851477265357968
-0.10378789901733398
0.011587278917431831
-0.019958678632974625
-0.09320387244224547
-0.01742410659790039
-0.08882775157690048
-0.04476123675704002
-0.02990008518099785
-0.024841457605361935
-0.09877796471118928
-0.017973756417632103
-0.04330048710107803
-0.0613069124519825
-0.011775894090533257
-0.08541425317525862
0.0889517664909363
0.03813135251402855
-0.09417548775672913
0.0690203607082367
0.009835745207965374
0.1246626079082489
-0.020846793428063393
-0.011689387261867523
-0.06611434370279312
-0.05513020977377892
-0.025883203372359276
-0.11146818101406096
-0.024500228464603424
-0.032590437680482864
0.02957729622721672
-0.11425982415676116
0.048330638557672494
0.0092852134257555
0.02529545873403549
-0.005842185113579035
0.0036213169805705543
-0.05393991246819496
-0.003003115300089121
-0.06906628608703613
0.02605881169438362
-0.03612076118588448
-0.0023512565530836582
0.034535445272922516
-0.12165679037570952
0.02856631949543953
0.02376805618405342
-0.046808432787656784
-0.10953560471534728
0.009695474058389664
0.02797269821166992
0.010713744908571243
-0.07931455224752426
0.010064059868454931
0.04771341383457184
0.06732511520385742
-0.1094694435596466
-0.003017615992575884
-0.023739920929074287
-0.04447668418288231
0.04811027273535728
0.11607824265956879
-0.05298864468932152
0.09158810973167421
-0.05455253645777702
0.0264033954590559
0.0246935710310936
0.01887673512101173
0.06510066986083984
-0.04380665346980095
-0.058787867426872246
0.04170429334044456
-0.1000550389289856
-0.032467477023601525
-0.08481888473033905
-0.08633791655302046
0.005238779354840517
0.0028452188707888126
-0.0839637964963913
-0.0024339254014194007
-0.004537835251539946
0.03530865162611008
-0.0380869098007679
0.035932790488004684
0.055115144699811935
0.010897522792220116
0.00923999585211277
-0.07516323029994963
-0.07533532381057739
-0.09419597685337065
0.06272321194410324
-0.0009134724969044328
0.041264865547418594
0.13975639641284943
-0.10876964032649993
-0.021529834717512127
-0.07583876699209213
0.01979108341038227
0.030640991404652596
0.01483124867081642
-0.03976232931017876
0.02388709969818592
-0.10318973660469057
-0.03706569597125053
-0.053062546998262405
-0.04560033604502678
0.10836626589298248
0.051674481481313705
-0.05532852187752724
0.01399190817028284
0.021436041221022602
0.013087442144751549
-0.1333899348974228
0.027778353542089462
0.07442171871662141
-0.034801919013261795
-0.05130212381482124
0.0592719092965126
0.061131436377763755
0.07200662046670914
-0.04462973400950432
-0.05588801577687264
-0.008179782889783382
-0.097584567964077
0.048184901475906365
0.07944403588771821
0.013791924342513084
-0.11797507107257844
-0.06167847290635109
0.04432456940412521
0.04568669572472572
-0.022857259958982468
-0.036259043961763375
0.022467564791440964
-0.11633703112602232
-0.006894465070217848
0.07713985443115233
-0.0006444376194849609
0.010775689035654068
-0.0037209200672805305
-0.027205225080251694
-0.11548522114753725
-0.02683388255536556
-0.02429540641605854
-0.10209761559963226
0.03508404642343521
-0.01921589486300945
-0.07951715588569641
-0.05021930858492851
-0.008182873949408531
0.020544517785310745
0.09372475743293762
0.04948901757597923
-0.042762216180562966
-0.09686590731143951
-0.045297130942344666
-0.11834779381752014
0.003293727058917284
-0.00237286975607276
0.037864115089178085
-0.02346105501055717
-0.07504460215568542
0.04282480478286743
-0.06709182262420654
-0.03508414328098297
0.016986947506666183
-0.05451529473066329
-0.06494466215372086
0.0730205327272415
-0.027137391269207
-0.04947691038250923
-0.019208045676350597
-0.024526078253984448
-0.04752131924033165
-0.01649675890803337
0.04407457262277603
0.01835932955145836
-0.03776584938168526
0.008059676736593246
0.01016348786652088
-0.055242929607629776
-0.08403901755809784
-0.08080184459686278
0.04149056598544121
0.026989672333002087
0.006924191024154425
-0.005686297547072172
0.051766082644462585
0.005898124072700738
0.02618011832237244
-0.11372769623994829
0.02937046065926552
0.1118822619318962
-0.015068110078573225
0.033057015389204025
-0.07852996140718461
-0.009358319453895092
-0.07247108221054077
-0.0035799085162580013
0.016824623569846153
-0.03804077580571175
0.07650578767061234
0.03589550033211708
-0.020762087777256966
-0.014027372002601624
0.022959094494581223
-0.07168329507112503
0.0291498638689518
-0.04033074900507927
0.04799530282616615
-0.015648338943719864
0.04492832347750664
0.026560399681329727
-0.02179960533976555
-0.05961443111300469
-0.08555851131677628
0.016761576756834984
-0.053068820387125015
-0.014980530366301537
-0.07129710912704468
-0.059997960925102234
-0.05769126117229462
-0.10919039696455
0.005303800571709871
-0.1006774455308914
-0.03583928197622299
0.010408069938421248
0.0429123230278492
-0.1128283441066742
-0.07302453368902206
0.07259342074394226
-0.008824787102639675
-0.037718884646892555
-0.05160826817154884
-0.002534521277993917
-0.04265245422720909
-0.01978790573775768
-0.057214278727769845
0.06817774474620819
0.0036716670729219913
-0.09370976686477661
0.018946824595332146
-0.079898901283741
-0.04470638930797577
0.046855978667736047
0.050694812089204795
0.01864033937454224
0.021065080538392063
0.12828470766544342
-0.12111483514308928
0.01972932182252407
-0.026938762515783306
0.03065984323620796
-0.06582193076610565
0.013603397645056248
0.03565787523984909
-0.002232090104371309
0.02057701162993908
-0.011860938742756844
0.07530519366264342
0.09647199511528017
-0.01325245015323162
-0.031721826642751694
0.06610036641359329
0.05240889266133309
0.0801904946565628
-0.02367191761732101
-0.06955114006996155
-0.0044718473218381405
-0.06792278587818146
-0.009059728123247623
-0.05244774743914604
-0.024449432268738743
0.09467549622058867
-0.07802973687648773
0.043427519500255585
0.06277516484260559
-0.11789243668317793
0.0681302547454834
0.0181644968688488
0.017194263637065887
-0.014576850458979607
0.06435814499855042
-0.08558787405490875
0.1725151091814041
0.05228900909423828
-0.0499311313033104
0.05932661518454552
-0.04022463783621788
-0.07261261343955994
-0.009921127930283546
-0.0746355876326561
0.0006853978848084807
-0.08049560338258742
-0.10117405652999877
-0.0036180489696562286
0.05632144585251808
-0.06372776627540588
-0.06574719399213791
-0.10243561118841173
0.027632541954517365
-0.024730611592531204
-0.007244074251502752
0.08536657691001891
0.02950391173362732
-0.07698458433151245
-0.07007154077291489
-0.006202620919793844
0.007825398817658424
-0.10545603930950163
-0.09206155687570573
-0.013322042301297188
-0.05376260355114937
0.047158133238554
-0.09294291585683823
-0.09315008670091629
0.062419168651103966
-0.022665776312351223
-0.04471709579229354
0.0035901558585464954
0.07950972765684128
0.02764176577329636
0.05848458409309387
-0.04930905252695084
-0.04591745510697365
-0.0915304571390152
-0.046075604856014245
-0.01629538461565971
0.07378473877906798
0.044562704861164086
-0.03740111365914345
0.08938692510128021
0.011461109854280949
0.08292065560817719
-0.008839431218802929
-0.03943435102701187
0.00403571454808116
-0.09677907824516296
0.01688794605433941
0.0077568902634084225
0.006617414765059948
-0.06763079762458801
0.11325974762439728
-0.02334636077284813
0.0009674889734014868
0.015485920011997221
-0.008333327248692513
-0.016765695065259933
0.019650690257549282
-0.005870509427040815
-0.08477214723825455
0.0037205242551863194
-0.05758174136281013
-0.0787934437394142
0.02676650509238243
0.01578092947602272
-0.08340801298618317
-0.06381702423095703
-0.00449021952226758
-0.0161772184073925
0.08470003306865692
0.02775466814637184
-0.033959705382585526
-0.002717796247452497
-0.022747222334146496
0.0427994467318058
0.0010977279162034392
0.035528670996427536
-0.0499773696064949
-0.0022343224845826626
0.020631093531847
-0.002774153370410204
-0.058409839868545525
-0.005773529410362244
0.1138533502817154
-0.046528518199920654
0.04848454147577286
-0.125242218375206
-0.022859467193484303
-0.058910779654979706
0.07983829081058502
0.005879259202629328
0.018040349707007408
0.04728993400931358
-0.0217306949198246
-0.13489913940429688
0.006944839376956224
0.0077880476601421824
0.010752355679869652
0.07588550448417662
0.002014219295233488
-0.011952068656682968
-0.02005062624812126
0.025175901129841805
0.017228249460458755
0.017271557822823524
0.02773097902536392
-0.026495950296521183
0.04636133089661598
-0.039333637803792953
-0.03897939994931221
0.08054137974977493
0.126152902841568
-0.059080541133880615
0.08360286802053452
-0.012850277125835419
-0.01617066189646721
0.056845370680093765
0.01219447050243616
-0.11955954879522324
0.00536780571565032
-0.008060202933847904
0.0711432546377182
-0.03086445853114128
0.029412681236863136
0.08764071017503737
-0.026587437838315964
0.03603723272681236
-0.07016879320144653
-0.028514275327324867
0.0017421211814507842
-0.04246382042765617
0.0145689956843853
0.03356446698307991
-0.02622881904244423
0.08435118198394774
0.03688127174973488
0.01613295078277588
0.15420354902744293
0.07195040583610535
-0.0745697095990181
-0.056670159101486206
-0.031218130141496655
-0.038816969841718674
0.05015606433153152
-0.10155493021011353
-0.03832092508673668
-0.08111201971769331
0.047400686889886856
-0.05354339629411697
0.07863155752420425
-0.04705428704619408
0.04731463268399239
0.02463634498417377
0.015220488421618938
0.07112812250852585
0.06790965795516968
-0.02742740884423256
0.03464576229453087
-0.04646527394652367
0.008268388919532299
0.042100634425878525
0.026895239949226376
-0.11053012311458588
0.07123438268899918
0.002928996924310922
-0.007353013847023248
-0.05375441163778305
0.012359410524368286
-0.09952671825885773
0.027747752144932743
-0.08870866894721983
0.07075677812099457
-0.047144312411546714
-0.05978916585445404
-0.006623623427003622
0.12002643197774888
0.0153058972209692
0.00782591663300991
0.04954689368605614
0.10180285573005676
-0.024919982999563217
-0.0603206343948841
-0.03922678530216217
-0.051316823810338974
-0.0795023962855339
0.0041185650043189526
0.011788781732320784
0.002179490868002176
-0.013544363901019096
-0.08974380791187286
0.019943226128816605
0.017033562064170837
-0.056305062025785446
-0.025372378528118134
-0.04157276824116706
-0.024375541135668755
-0.021765731275081635
-0.028263458982110023
-0.10855796188116072
0.038139123469591134
-0.09024111181497571
-0.030105564743280407
0.02169511839747429
0.06574399024248123
-0.02135867439210415
-0.027141533792018887
0.01332665141671896
0.04737850651144981
-0.030130770057439804
0.027792466804385185
0.006314774509519339
0.016383405774831772
0.06418462842702866
0.1433844119310379
-0.021956225857138637
-0.05007791519165039
-0.016157494857907295
-0.06242750957608223
-0.09969912469387054
-0.04005347564816474
0.04296783730387688
-0.12251375615596773
0.11998818069696426
-0.12269258499145508
-0.052653271704912186
0.02423497661948204
-0.09927365928888321
-0.005356662906706333
0.1309596598148346
-0.031622666865587234
-0.04356859251856804
-0.040076177567243576
0.08598141372203827
0.07210493087768553
0.0170787014067173
-0.047201570123434074
-0.09668389707803726
-0.04511718824505805
-0.07765455543994902
-0.08282554149627684
-0.054381951689720154
0.02513379603624344
0.030980199575424194
0.05921925231814384
0.09236539900302888
-0.10302129387855528
0.025947833433747288
-0.035788316279649734
-0.01239899918437004
0.03984113410115241
-0.1038852110505104
-0.07020555436611176
-0.07759002596139908
-0.1029740124940872
0.06502377986907959
0.02128314971923828
0.02619319222867489
-0.030463259667158127
0.05393623933196068
-0.015414308756589888
0.04911515489220619
0.004596386570483446
-0.013652043417096138
-0.11643415689468384
0.07580512017011641
-0.028965841978788372
-0.021964142099022865
0.0900408998131752
0.04887478426098824
0.050293534994125366
-0.03707536682486534
0.07335536926984787
-0.06469583511352539
-0.016636310145258904
-0.02300832793116569
-0.04778756946325302
-0.09961514174938202
-0.054816927760839455
0.04755140841007233
-0.09823150187730788
0.00011245755013078453
-0.008887067437171936
-0.08986039459705351
0.0036479425616562366
-0.0851263776421547
-0.08598895370960236
-0.020742421969771385
-0.05163018405437469
0.0407223217189312
0.0594073049724102
-0.030049629509449005
0.0529465451836586
-0.06310772150754929
-0.03471484035253525
0.09000468999147414
0.01638060063123703
-0.10150422155857086
0.04250023886561394
0.03156701475381851
0.09000682085752486
0.018039088696241375
0.03254037722945213
0.001299985102377832
-0.05479654297232628
0.03085044212639332
-0.03606059774756432
0.01791936717927456
-0.10813239216804504
0.04915376752614975
-0.03605291619896889
0.03685196861624718
-0.02333094552159309
-0.07743871212005614
-0.0788094475865364
0.003936272580176592
-0.05631992593407631
0.07429545372724533
0.03265213966369629
-0.017596535384655
0.056386832147836685
0.03446543589234352
-0.00530180661007762
-0.04718272015452385
-0.07066409289836884
0.022760808467864994
0.009759323671460152
-0.027490757405757904
0.009226266294717789
0.0036497958935797215
-0.06023817136883736
-0.020275026559829712
-0.106608510017395
-0.12202930450439452
0.0105493925511837
0.0345090888440609
0.0025878609158098698
-0.07335025072097777
-0.07754506170749664
-0.05874131247401237
0.05146287754178047
0.125013068318367
-0.06729044765233994
0.026572220027446743
0.011093374341726305
0.03736776858568192
-0.06404515355825424
0.08495686948299408
-0.0773981437087059
0.007440548855811357
0.012194070965051653
0.018393235281109806
0.04689661040902138
0.052280254662036896
-0.036935344338417046
-0.009250076487660408
0.06401820480823517
-0.13331875205039978
0.009150905534625053
0.12846159934997559
0.024197721853852272
-0.009616892784833906
0.03622645512223244
-0.11084165424108504
0.018993560224771496
0.015219666995108128
0.09688272327184676
-0.06848962604999542
-0.07207253575325011
0.02230890654027462
-0.02218539267778397
0.0438404493033886
0.02247086353600025
-0.005258826073259115
-0.08503045886754988
0.030462078750133514
-0.09313847124576569
0.02813231758773327
-0.057562846690416336
-0.0003523636842146516
-0.033936209976673126
0.1505446583032608
-0.04764137789607048
-0.05805547535419464
0.0786348357796669
-0.036947812885046005
-0.025427926331758496
-0.02073154784739017
-0.019583556801080704
-0.059274762868881226
0.023214034736156464
0.01720188930630684
-0.07533472031354904
0.013982072472572327
0.08216097205877304
-0.002849640790373087
0.09459190815687181
-0.06828270852565765
0.003311664331704378
0.09099872410297392
-0.00823963340371847
0.13458876311779022
-0.006282079499214888
0.0541401132941246
0.029759759083390236
0.0072123524732887745
-0.03283119574189186
0.07078428566455841
-0.05650947242975234
-0.013686483725905418
-0.03225697949528694
-0.038027148693799966
-0.01076432690024376
-0.0404382012784481
-0.019734814763069153
0.08838357031345366
-0.11763042211532591
-0.007267655339092016
-0.008187662810087204
-0.03630052134394646
0.07297785580158234
-0.03198999911546707
-0.0320337750017643
0.04036341607570648
0.06651917099952698
0.008040640503168106
-0.0343850813806057
0.00718111963942647
-0.0242933239787817
-0.034540589898824685
-0.05760249122977257
0.015962880104780197
0.08130568265914917
0.060627270489931114
-0.0033014300279319286
0.002441548276692629
0.12122769653797148
-0.11559821665287016
0.016824860125780106
0.020443564280867577
-0.05241773650050163
-0.009559094905853271
-0.07282437384128569
0.043020192533731454
0.019228145480155945
0.1273428052663803
-0.06815201044082642
-0.0382014773786068
-0.0032916697673499584
-0.09499319642782211
-0.03177576884627342
-0.044131916016340256
0.05604897812008858
-0.010289017111063004
0.07860702276229857
-0.056021783500909805
0.02922729589045048
0.01721905544400215
-0.11385592073202132
-0.06286844611167908
0.07111059129238129
-0.03691491857171059
-0.0676022619009018
0.024264249950647358
0.026449471712112423
0.004743693862110376
0.005496684927493334
0.029316946864128113
-0.03427604213356972
-0.0556977353990078
-0.0457523874938488
0.10559480637311935
0.05080440640449524
-0.10159476101398468
0.09734675288200377
-0.08943836390972137
0.0144109595566988
-0.10964938253164291
0.004033636767417192
-0.047540780156850815
-0.1125323474407196
-0.02168244682252407
-0.036094781011343
-0.08986842632293701
0.013991151005029678
-0.03888476639986038
-0.058413658291101456
0.03554189205169678
0.01345469057559967
-0.04789302125573158
-0.001757067278958857
-0.018466923385858532
0.023959919810295105
0.15414555370807648
-0.020973689854145047
-0.015383308753371239
-0.0048003834672272205
-0.11076527833938599
0.0153170395642519
0.04859858006238937
-0.010040638968348505
-0.07204746454954147
-0.06554215401411057
-0.07837384939193724
-0.007913271896541119
-0.11162428557872772
-0.10559348762035368
0.07221299409866333
0.03799069672822952
0.025453511625528332
-0.06619217991828918
-0.04617196321487426
0.043105442076921456
-0.03424157202243805
0.015795130282640457
-0.013002569787204264
-0.06922904402017593
-0.0019048290560022
0.046691134572029114
-0.04885556921362877
0.1053657904267311
-0.024650152772665024
0.03142351284623146
-0.03146994858980179
-0.011697443202137949
-0.014917850494384764
-0.012307648546993732
0.034902654588222504
-0.06765282899141312
0.0411878265440464
0.01626836508512497
-0.011260084807872772
-0.004304961767047644
0.0034020231105387207
-0.0810645818710327
-0.03686060011386871
0.0257356371730566
-0.024948284029960632
-0.05310845375061035
0.03420533612370491
-0.0027559977024793625
-0.033044420182704926
0.0021994016133248806
0.027701951563358303
-0.12260792404413225
-0.04440278559923172
-0.05925676971673965
-0.024799903854727745
-0.05585879459977149
0.053950656205415726
0.023088883608579636
0.01616084761917591
0.009575019590556622
0.04262613877654076
-0.09029656648635864
0.025228261947631836
0.042668864130973816
0.05497029796242714
0.057724323123693466
0.024350086227059364
-0.07547277212142944
-0.008585395291447638
0.04280615597963333
-0.004983700346201657
0.01888450048863888
0.014110669493675232
-0.09575428813695908
-0.0500943548977375
-0.06479674577713013
0.023958427831530568
-0.00787542015314102
-0.04160855710506439
-0.008346490561962126
-0.003017888870090246
-0.008904924616217613
-0.024401592090725895
-0.001999001484364271
0.06221972778439522
-0.04131000861525536
-0.07286523282527924
0.10405084490776062
-0.03902385011315346
-0.010059759020805357
-0.0838380977511406
0.03800490871071816
-0.06723634153604507
-0.06035838648676872
0.1480762809514999
0.05096089467406273
0.137333944439888
0.13549305498600006
-0.052532460540533066
0.0474177859723568
0.012172913178801537
-0.1046185716986656
0.0401550829410553
-0.019067009910941124
0.04544258862733841
-0.12464848160743712
0.015934573486447334
-0.05231253430247306
-0.03453415632247925
-0.003346631769090891
-0.05063554272055626
0.005067909602075815
-0.02163437381386757
0.03512384369969368
0.008161915466189384
0.0895039886236191
-0.06886923313140869
0.05900437012314797
-0.10087145119905472
-0.010298369452357292
0.03059152513742447
0.07948066294193268
0.049702513962984085
-0.027890572324395176
0.08152087032794952
-0.01438919361680746
0.00019165349658578637
0.022893641144037247
0.0015892343362793326
-0.04066110402345657
0.03153468295931816
-0.055552322417497635
0.04295503720641136
-0.01936296373605728
0.03782502561807632
0.040773432701826096
0.05013542994856834
-0.12139803171157836
0.03324237838387489
-0.022954611107707024
0.03729846701025962
-0.017766691744327545
0.008451752364635468
-0.06745988875627518
-0.11903761327266692
-0.005030172411352396
-0.1113063246011734
-0.11798895895481108
-0.013852117583155632
0.06182048097252846
0.02339057065546513
-0.018279412761330605
0.046022657305002206
-0.04612106084823608
0.0389837808907032
0.00417956942692399
0.03690973296761513
0.03759725019335746
0.006315280217677355
-0.026947466656565663
-0.021940292790532112
0.0038196281529963017
0.015340914018452168
0.03896903991699218
0.08191394805908203
-0.03148491308093071
0.12159647047519684
0.011324822902679443
0.03999384120106697
0.008842906914651396
0.03689350187778473
0.012778962031006811
-0.08181992173194885
-0.03235659748315811
-0.006728035863488913
0.010639202781021597
0.039275750517845154
-0.09744368493556976
-0.042366836220026016
0.0378778986632824
-0.01336652785539627
0.016943659633398056
-0.010902268812060356
-0.052958961576223366
-0.07495159655809401
0.053428258746862405
0.0931852012872696
-0.13240645825862885
0.01995721459388733
-0.046130795031785965
0.025644579902291294
-0.07702577114105225
-0.05087972059845924
-0.12029324471950532
-0.007178931962698697
-0.09878414869308472
-0.03737543895840645
-0.057037655264139175
0.02970484644174576
-0.009583424776792526
0.08228935301303862
-0.07565661519765852
-0.04308600351214409
-0.009500456973910333
-0.010955944657325745
0.02021205611526966
0.06572153419256209
0.10629385709762572
0.08272510766983032
-0.03837372735142708
0.03629546985030174
-0.08438640832901001
0.03945302590727806
0.034171272069215775
-0.007915658876299858
0.05609797313809394
0.03134290501475334
0.016108645126223564
-0.007638693321496248
-0.1092936098575592
0.010292625054717064
0.021951843053102493
-0.007701849099248647
-0.08407731354236601
-0.03443397581577301
-0.05702654644846916
0.027211092412471768
-0.012855561450123785
-0.1033852994441986
-0.014347339048981667
0.05741983652114868
-0.13301576673984528
0.009977383539080622
0.0641075074672699
-0.10417896509170532
-0.03736623376607895
0.0015963133191689849
0.055406663566827774
0.07470868527889252
0.02299577370285988
-0.020834624767303463
0.060849227011203766
0.01626943051815033
-0.09731081128120422
0.02510055899620056
-0.01572159305214882
0.008970119990408419
0.08838436007499696
0.0579594112932682
0.004380793776363134
0.02964765764772892
-0.09765632450580597
0.05341142788529396
0.052028823643922806
0.10764801502227785
0.07284150272607803
0.03070118650794029
-0.10286258161067963
-0.07097849994897841
-0.0377374142408371
-0.03553100302815437
-0.010716134682297707
0.10918581485748292
-0.11182926595211028
-0.0068343537859618655
-0.05778295546770096
0.08748389780521391
-0.07709097862243651
-0.02194119244813919
-0.027671165764331818
0.0018666150281205771
0.016388380900025368
0.041783619672060006
-0.06657619774341583
-0.04646691307425498
0.01602821610867977
-0.013713308610022068
-0.09910629689693451
0.04989318922162056
0.107440784573555
-0.01336099486798048
-0.04471936449408531
0.09383308887481688
-0.10923820734024048
-0.026411160826683044
-0.06392736732959747
0.08330190181732178
0.003611320164054632
0.05235694721341133
0.006308170966804028
0.04212617874145508
-0.06378383934497833
0.1263115108013153
-0.06354757398366928
0.031491659581661224
0.11261790990829468
-0.023217014968395237
0.0750577300786972
-0.023431129753589634
-0.05815966799855232
-0.02954958751797676
0.09133281558752063
-0.0298855509608984
-0.01974112167954445
0.00493989372625947
0.021389083936810493
-0.059060338884592056
-0.1296236217021942
-0.06741466373205185
-0.0916840136051178
0.009516475722193716
-0.027884662151336666
-0.007164615672081709
-0.014919867739081383
0.1866316646337509
-0.0045218500308692455
0.03266214579343796
0.04417939856648445
-0.008550111204385757
0.07730361074209213
0.01625550165772438
0.013707131147384644
0.036320023238658905
-0.05851737782359123
-0.046054136008024216
-0.10761546343564989
-0.006908440496772528
0.05685123801231384
0.008579961955547331
0.017853986471891403
-0.073127381503582
-0.024521728977561
-0.031612202525138855
-0.03248707577586174
0.017939995974302292
-0.040926042944192886
0.003878673072904348
0.05625075846910477
-0.023370590060949326
-0.10040286183357237
0.0004925731336697936
-0.05373344197869301
0.010749921202659605
0.013194702565670012
-0.11798404157161713
-0.0511937327682972
-0.07648232579231262
0.0035284836776554585
0.09411066770553587
0.06192387267947197
0.12548217177391052
-0.08495404571294785
0.024906206876039505
0.08563707768917084
0.01581907644867897
0.08476583659648894
0.06993404775857925
-0.03863577544689178
-0.011530498042702675
-0.00655021658167243
-0.03735765814781189
0.06454776972532272
-0.042183149605989456
-0.11671917140483856
0.04852532222867012
0.07435166835784912
-0.029270295053720478
-0.0010550242150202391
-0.003603543620556593
-0.038976360112428665
0.03588590770959854
0.04747341200709343
-0.06265601515769958
-0.044407688081264496
-0.017897669225931168
0.022867839783430096
0.010380804538726807
0.05288127437233925
-0.009406885132193565
0.0010650347685441375
-0.08995777368545532
-0.035119261592626565
0.010106831789016724
0.020054798573255535
0.005923914257436992
-0.10770635306835175
-0.030258361250162125
0.009977148845791817
-0.02493357844650745
-0.10490315407514572
-0.030337166041135788
-0.028556825593113896
-0.05543503537774085
-0.0005229987436905503
-0.12372414022684096
0.006815513130277395
-0.051655739545822144
-0.02754545770585537
0.05115364864468575
0.02885672077536583
-0.08589176833629608
-0.016054585576057434
-0.005478002596646547
-0.05329837650060654
0.03802582621574402
0.13170360028743744
-0.04603869095444679
-0.040626857429742806
-0.048525121062994
0.03222713991999626
-0.003525275271385908
-0.042829476296901696
-0.05494777485728264
-0.043760035187006
0.004740588832646608
-0.11461186408996582
-0.017550576478242874
-0.01127498596906662
-0.05238211527466773
-0.05075117573142052
-0.01868919096887112
-0.01932239904999733
0.017063602805137634
0.017692316323518753
0.14071078598499298
-0.020978661254048347
0.1379018872976303
0.024600692093372345
0.06357413530349731
-0.11112995445728302
0.023280454799532887
-0.01965620554983616
-0.10891398787498474
0.08580268919467926
0.0646120011806488
-0.052442271262407296
-0.12124457955360413
0.11653150618076324
0.013120759278535841
0.008791989646852016
0.027945382520556446
0.0016168024158105254
0.07524625957012177
-0.009688971564173698
-0.011146605014801024
0.018450666218996048
0.013348836451768877
-0.06823709607124329
-0.013039171695709229
-0.07780888676643372
-0.1072010099887848
0.08789195120334625
-0.12046734988689423
0.004251368809491396
-0.022054161876440048
-0.010547487065196036
0.06769631057977676
0.08429698646068574
-0.04790303483605385
-0.09582248330116273
0.06116892024874687
0.041450973600149155
0.06795148551464081
0.02565992623567581
-0.05317548289895058
0.009921391494572161
0.02399536222219467
0.03231680765748024
-0.0047175553627312175
-0.007044288795441389
0.004756396170705557
0.05064646527171135
-0.022162212058901783
0.00391549663618207
0.020169638097286224
-0.011076252907514572
-0.05402621254324913
-0.11526957154273985
0.05454796925187111
0.009505426511168482
0.02837312594056129
-0.09185719490051267
0.047225307673215866
0.05168421193957329
0.036357689648866647
-0.027190240100026127
-0.031117312610149384
-0.029041022062301636
0.013704052194952965
-0.0038756257854402074
-0.022675776854157448
0.04320564121007919
-0.043036602437496185
-0.0747191309928894
-0.010712056420743464
-0.04423182085156441
-0.004444481339305639
0.007796940859407186
-0.06281421333551407
-0.04809258133172989
0.0677628219127655
0.004301295150071383
-0.0828528180718422
0.07774239778518675
-0.0630657896399498
-0.0013766564661636949
-0.03959248960018157
0.037409886717796326
0.0006581208435818553
0.05953911319375038
-0.025863103568553925
-0.001826223568059504
0.017995554953813553
0.0154709592461586
-0.0028130668215453625
-0.008989788591861725
0.002373610157519579
0.007901632227003574
-0.03570352867245674
-0.005434616934508084
0.054198313504457474
-0.01976329460740089
0.03615674749016762
-0.06442577391862869
-0.014122307300567625
0.10019220411777496
0.06992924213409424
-0.0485764667391777
-0.04016699269413948
0.04125432297587395
-0.09354488551616669
0.027145655825734135
0.0007079079514369369
0.11456719040870667
0.016133492812514305
0.03854283317923546
-0.09191321581602097
-0.019147254526615143
-0.07925637066364288
0.05020477250218392
0.008755501359701155
0.0832793191075325
-0.008224807679653166
0.07511924207210541
-0.05559223517775536
-0.1116347312927246
-0.01923185959458351
0.08858297765254974
-0.08444081991910934
-0.07077597826719284
0.014652479439973831
0.05580908805131912
0.08580943942070006
0.0137658454477787
0.05842176079750061
-0.08921321481466293
0.05087805539369583
-0.11295293271541595
-0.00794851966202259
-0.013813165947794914
0.07262698560953139
-0.05110691860318184
0.06041323393583298
0.059791259467601776
0.010754100047051907
-0.017366886138916016
-0.05218059569597244
-0.019922224804759026
0.08364596217870712
0.07212065160274506
0.018960691988468167
0.02396465837955475
2.0517385564744473e-05
0.04174207895994186
0.0019410982495173808
-0.03670712932944298
0.13059623539447784
0.015984073281288147
0.08919659256935118
0.048135731369256966
0.0462714433670044
0.037723857909440994
-0.07878871262073517
0.06895313411951065
-0.1055959016084671
-0.025544524192810055
0.06326460093259811
-0.05762290582060814
-0.07474078238010406
-0.02914375625550747
-0.034117702394723885
0.09588733315467833
-0.09913616627454755
-0.03627887740731239
-0.05317389592528343
-0.09191203117370605
-0.033019814640283585
-0.03886730968952178
0.050114896148443215
-0.12302737683057784
0.08800224214792252
-0.00946618802845478
-0.07503972947597502
0.027633022516965863
0.10408404469490053
0.05158093944191933
-0.09715519845485689
-0.06294259428977966
-0.04846414178609848
-0.002596454229205847
0.04044674336910248
0.06010298058390617
-0.01971806213259697
0.04854037240147591
0.03370126336812973
-0.09452584385871889
-0.010038880631327627
0.09652414172887802
0.09652037918567656
0.005967405159026384
-0.0348249226808548
-0.05131877586245537
-0.05179824680089951
-0.04459752142429352
0.08037854731082915
0.04645515978336334
0.030242132022976875
-0.007304060738533734
0.031490568071603775
-0.010105840861797333
-0.012847296893596647
-0.06341112405061722
-0.02037827670574188
0.009893945418298243
0.04070759192109108
-0.08887809514999388
0.026257831603288647
-0.0880872532725334
-0.12134864926338196
0.02824005112051964
-0.02868827432394028
-0.022027883678674694
0.02557486295700073
-0.0402030311524868
-0.010636505670845509
-0.07562236487865448
-0.029140159487724304
0.008924575522542
0.0025793523527681828
-0.012338561937212944
0.029378598555922508
-0.0572543703019619
-0.0435216948390007
0.015041964128613472
0.09841600805521011
-0.1291530877351761
-0.08369291573762892
-0.09881949424743651
-0.052914123982191086
-0.05349333584308624
-0.04666905477643013
0.0683279037475586
-0.02288122102618217
-0.05868036672472954
0.0455101765692234
-0.027769589796662327
-0.04076876491308212
-0.08197537809610368
-0.038822200149297714
-0.025571515783667564
-0.11695880442857742
-0.020862657576799393
-0.08612658083438873
-0.034475136548280716
-0.09126953780651091
0.00829579681158066
-0.068714439868927
-0.03535902127623558
-0.0019459674367681143
-0.10481469333171844
-0.015120690688490868
-0.05844956263899803
-0.07907913625240326
0.03369737416505813
0.0746815949678421
-0.024265622720122337
-0.002378994133323431
0.12948681414127347
-0.022210951894521717
0.015089969150722027
-0.07195484638214111
-0.08872988820075987
-0.10360457748174667
-0.1192813366651535
0.0335664339363575
-0.06783124804496765
0.019604358822107315
-0.03668998926877976
-0.06402017176151276
-0.017929786816239357
-0.08163857460021971
-0.006250330712646246
0.020096350461244583
-0.018017068505287167
-0.08836644887924193
-0.037143785506486886
-0.12177981436252593
-0.021236229687929157
0.06225117668509483
0.05452288314700127
0.05415107309818268
-0.07743848860263824
-0.060585927218198776
-0.07190071046352385
-0.04591738060116768
-0.06196003034710884
-0.06068077310919762
0.021979816257953644
0.029027674347162247
-0.05554528906941414
0.04324106127023697
-0.005583498161286116
0.030573656782507896
-0.07620233297348022
0.0367092452943325
-0.012203233316540718
0.04215115308761597
-0.061156276613473885
-0.08948049694299699
0.06145606935024261
-0.03410954400897026
-0.024206543341279026
-0.022879887372255325
-0.07829228043556213
0.06402712315320969
0.002403386402875185
-0.026836063712835312
0.022747907787561417
-0.0863562524318695
0.11658543348312377
0.015784142538905144
0.08016052097082138
-0.11381386220455168
-0.035127829760313034
-0.0833355635404587
0.06650024652481079
0.10420550405979156
-0.01045049913227558
0.045645318925380714
-0.09797768294811247
-0.07439301908016205
-0.011188148520886898
-0.02357003279030323
0.14868827164173126
0.014515114948153496
-0.0797387808561325
-0.03837290033698081
0.10045888274908064
-0.10374891757965088
0.12438444793224333
-0.01096789352595806
0.016487065702676773
0.13761313259601593
-8.163938764482737e-05
-0.002746326383203268
0.029936838895082477
-0.043271377682685845
0.005862108897417784
-0.008586839772760866
-0.04233740270137786
-0.013992350548505785
0.03658997267484665
-0.06153630092740058
-0.045115459710359566
-0.04545401409268379
0.021299045532941815
-0.00887569785118103
0.06415043026208878
-0.0763091668486595
0.05179113894701004
0.016783185303211212
-0.1069706380367279
0.03276743367314339
-0.09239110350608824
0.008583218790590763
0.02313343808054924
0.0648178905248642
-0.003926125820726156
-0.014647958800196648
-0.08542662858963011
-0.009754937142133713
0.03545881807804108
0.05411796644330025
0.01207822747528553
-0.01842445880174637
-0.06331897526979446
0.08153313398361206
-0.001904048607684672
0.08323801308870316
-0.02576451189815998
0.01923399791121483
-0.050359591841697686
0.044400930404663086
-0.09611435234546659
0.007353979628533125
-0.02366841398179531
-0.06507201492786407
0.10520893335342409
-0.08214448392391203
-0.09912405908107756
-0.040063265711069114
0.10917332023382186
0.0032650413922965527
0.054010044783353806
-0.03366593644022941
-0.03786567226052284
0.048089880496263504
0.0964100956916809
0.008649206720292568
0.08898957073688507
-0.10905683040618896
0.0648919939994812
0.01763266697525978
0.047426898032426834
0.06946743279695511
-0.08571387082338333
-0.112115278840065
0.0078392019495368
-0.03616991266608238
-0.04571045562624931
0.045414999127388
-0.016594840213656425
0.0515725240111351
-0.016039706766605377
0.0675419420003891
-0.06916128098964691
-0.1063733771443367
-0.06855223327875137
0.0489751361310482
0.050347503274679184
-0.03390122577548027
0.056908097118139274
-0.012558475136756895
-0.01937412098050117
-0.0013821396278217435
0.0789339393377304
-0.0056441049091517925
0.008774233981966972
-0.03838439658284187
-0.10853393375873564
-0.016420062631368637
0.010234396904706953
-0.015440266579389572
0.02097661979496479
0.04143407940864562
-0.027992848306894302
-0.005464441608637571
0.10657700151205061
0.007090464700013399
-0.0358135923743248
-0.018992163240909576
-0.011437151581048964
0.03292931616306305
0.08049403876066208
-0.09330412745475768
0.05124061182141304
-0.052887175232172005
-0.06236111745238304
0.04304764792323112
0.05905912443995476
-0.12337063252925871
-0.10273349285125732
-0.08512757718563078
-0.10485227406024931
0.05355129018425941
0.015566030517220495
0.02666991949081421
0.06547737866640091
-0.1285456269979477
-0.09481366723775864
-0.06322634220123291
0.13630707561969757
0.05365020036697388
-0.13150633871555328
0.0002538481494411826
0.011365054175257683
-0.05156736075878143
0.015579795464873312
-0.031227126717567444
-0.0124703049659729
-0.08257682621479033
-0.011924412101507185
0.043579652905464165
0.08828704059123993
-0.00158107525203377
-0.01234437059611082
-0.10688235610723495
-0.08465997129678726
0.05324016138911247
0.04503048583865166
-0.050227392464876175
-0.08373770862817763
0.02499496936798096
-0.02311219833791256
-0.04990460351109505
-0.03625192120671272
-0.1222519278526306
-0.012904314324259758
-0.06503988802433014
-0.022112861275672913
-0.030105177313089367
0.09174242615699768
-0.1006866991519928
-0.016859915107488632
0.02137228101491928
-0.049776408821344376
-0.011586951091885567
0.08377302438020706
0.042841773480176926
0.02013641968369484
-0.12750127911567688
-0.03651290014386177
0.009033672511577606
0.06753888726234436
0.032471928745508194
-0.10975924134254456
-0.0455218069255352
-0.033232562243938446
-0.04034681245684624
-0.09869351983070371
-0.009182849898934364
0.0019342576852068305
0.04264653101563454
0.09154634922742845
-0.07006322592496872
0.01723303087055683
0.058136504143476486
-0.017842691391706467
0.002166253048926592
0.012254715897142889
0.017903350293636322
0.023372584953904152
0.015371021814644337
0.0695044994354248
-0.032399922609329224
-0.10302793979644775
0.116121344268322
-0.03167787194252014
0.12326280772686005
0.07833211123943327
0.10642196238040924
0.010794103145599363
-0.12521737813949585
0.008754239417612553
0.06524480879306793
0.026874219998717308
-0.008035882376134396
0.05388922244310379
-0.030692875385284424
-0.05005379393696785
-0.09638334065675735
-0.0542209930717945
0.04606427624821663
0.00867241621017456
-0.08164723217487334
-0.002393237315118313
-0.07262256741523743
-0.02708372287452221
0.0008127804612740873
0.05754991993308067
-0.07185661792755127
0.022040903568267822
-0.020515069365501404
-0.08502025902271271
0.06489687412977219
-0.02690821513533592
0.07232587039470673
-0.056074824184179306
-0.04937035217881203
0.03902040794491768
0.057502765208482735
-0.0954289436340332
0.048097442835569375
-0.06854146718978882
-0.018025625497102737
0.08362169563770294
-0.0647888034582138
-0.00510339392349124
0.01225488819181919
0.02620319835841656
0.08651146292686462
-0.021444346755743023
0.10054582357406616
-0.027186864987015724
-0.12443405389785767
0.008996954187750816
-0.031129412353038788
0.030519763007760048
-0.04873183742165565
-0.022865140810608864
0.030884772539138797
-0.08978927135467529
0.022759711369872093
0.12300187349319458
-0.0013455330627039075
0.017681270837783813
-0.029946075752377514
-0.052158959209918976
-0.06581089645624161
-0.01735745184123516
0.09262560307979584
-0.018980300053954124
-0.010400213301181791
0.02022314071655273
-0.01497616060078144
-0.026071166619658474
0.03618205711245537
-0.03721739724278449
-0.050897214561700814
-0.02941683493554592
-0.1217011734843254
-0.06507192552089691
-0.029701190069317818
-0.058290772140026086
-0.001260837190784514
-0.020133214071393013
0.002063919324427843
-0.032393526285886765
-0.10895314812660216
0.05634692311286926
-0.028051896020770073
-0.021344006061553955
0.06264077126979828
0.01554279401898384
-0.11288705468177795
0.010064451955258846
-0.01722072809934616
-0.04927849397063255
-0.04179331287741661
-0.05089316889643669
-0.03590554744005203
0.01724866032600403
-0.10625571012496948
-0.06453537940979004
0.02110585942864418
0.055081970989704125
0.03755731508135796
-0.12809236347675323
0.01848112046718597
-0.015726648271083832
0.040709402412176125
-0.05187124386429787
0.024307437241077423
-0.0526764877140522
0.05230282619595528
-0.040500517934560776
0.05241743102669716
0.0378028117120266
-0.11293892562389372
-0.04484384134411812
0.08736024051904678
-0.059865895658731454
0.019870948046445847
-0.031076449900865555
-0.0072469660080969325
0.011677522212266922
0.0023671132512390614
-0.013518247753381727
0.14788007736206055
0.020889088511466977
0.07498504966497421
0.16707755625247955
0.0013270884519442916
-0.06275007873773575
-0.05946505442261696
-0.08156947046518326
-0.03159942477941513
0.0296336617320776
0.1258302927017212
0.053373035043478005
-0.024592140689492226
-0.03332171216607094
-0.02021750621497631
0.01964464224874973
-0.04735724255442619
-0.05668378993868828
0.032729409635066986
0.04947061464190483
-0.04279584810137749
-0.08249967545270918
-0.12620739638805387
-0.0658624991774559
0.08301376551389694
0.05473792180418968
-0.0035382132045924664
-0.05976070463657379
0.013915712013840675
-0.06561621278524399
0.041187871247529984
-0.061773691326379776
-0.0025888564996421337
0.08317459374666214
0.04951904341578484
-0.009477431885898112
-0.07038137316703796
-0.07188095152378082
-0.06948629766702652
-0.0643547847867012
0.05186391249299049
0.06982828676700592
-0.10792244970798492
0.018212568014860157
-0.13265040516853333
0.025815458968281742
-0.04755877330899239
-0.12104564905166625
-0.045531772077083595
-0.014454830437898636
0.01429762039333582
0.088383749127388
-0.04468458890914917
-0.015794387087225914
-0.032464031130075455
-0.043306879699230194
-0.06828182935714722
-0.08649239689111708
0.07375489920377731
-0.054901722818613045
0.016546206548810005
0.03697190061211585
-0.08564013242721556
-0.014609597623348236
-0.12360419332981108
-0.016212213784456253
-0.1048651337623596
-0.10398722440004347
0.021492157131433487
-0.07221274822950363
0.006014097947627306
0.000822067609988153
0.08373194932937622
-0.05659278109669685
-0.017842784523963928
-0.024070255458354946
-0.11079123616218566
0.00742967752739787
-0.005437640938907862
-0.03164185956120491
-0.02216245234012604
0.09619534760713576
-0.10765276849269866
-0.06415612995624542
0.11257851123809814
-0.014171279966831207
-0.020706236362457275
-0.03053344413638115
0.06662555783987045
-0.0871085673570633
0.0312810055911541
-0.12771736085414886
-0.04963343963027
0.07892535626888275
-0.05109529569745064
-0.017669901251792908
-0.058034781366586685
-0.10414281487464903
-0.07437244802713394
-0.1080784872174263
-0.13612602651119232
-0.04682561755180359
0.005317036528140306
-0.030114382505416874
-0.003894852008670568
-0.01746206544339657
-0.013245842419564724
0.0665440708398819
-0.04767990857362747
-0.08619790524244307
0.05748215690255165
0.04535088688135147
-0.07247737795114517
0.01937321573495865
0.019076831638813015
-0.03485358878970146
-0.021596426144242287
0.09850195050239563
0.07109976559877396
-0.03802519664168358
-0.04075676575303078
0.01529138721525669
0.023222148418426517
0.032164398580789566
0.08151420950889587
-0.040764093399047845
-0.1122048795223236
0.07451221346855164
0.007388502825051545
-0.02482599765062332
0.07531031221151352
-0.006076843943446875
0.019460825249552727
-0.006630490999668837
-0.04603337123990058
0.0778472051024437
0.06665179878473282
0.03768007829785346
0.07547107338905334
0.004094908945262432
0.05037200823426247
-0.07415066659450531
-0.03512725979089737
-0.031122006475925446
-0.02668130397796631
0.01151512749493122
-0.06819920241832733
-0.04432203248143196
-0.019243771210312843
-0.07397618889808655
-0.04434061050415039
-0.019772643223404884
0.0398176871240139
0.031195443123579025
0.020786955952644348
-0.04623392596840858
-0.05687425285577775
0.07183295488357544
0.014347446151077747
0.0014474972849711776
0.00011409108992666006
-0.05932353809475899
-0.014440683647990227
0.12157395482063292
-0.07931010425090788
-0.014235720038414
-0.029434965923428532
-0.0612838976085186
0.013852518051862717
0.010452425107359886
0.1582686752080917
0.033786483108997345
-0.008700607344508171
-0.05380633100867272
0.0045644803903996944
0.1268906444311142
-0.01156819425523281
-0.1063988283276558
-0.060727044939994805
-0.06390157341957092
-0.009075131267309187
-0.06042933464050293
-0.002291092183440924
-0.0026162113063037395
0.03456830233335495
0.08764614164829254
-0.04148532450199127
-0.0739683136343956
0.13469688594341278
0.019162310287356377
-0.059774115681648254
0.02522129751741886
-0.08949105441570283
-0.005567011889070272
-0.02979701198637485
-0.10271310061216354
0.024679748341441154
-0.058690212666988366
0.09023579955101012
-0.11537814885377884
0.04981787502765656
0.0003807231551036239
0.10816042125225069
-0.01338469423353672
-0.04491265118122101
-0.02727793157100677
0.16532601416110992
0.01957784965634346
-0.12212157249450684
-0.10066817700862885
0.06090591847896576
-0.03709274530410767
-0.0611153207719326
-0.017928944900631905
-0.09057173877954483
0.02126338332891464
0.004508707206696272
0.05089596286416054
0.002799742389470339
-0.11857344210147856
-0.0984695926308632
-0.12124670296907424
-0.01161156129091978
0.04929874464869499
-0.003785751294344664
-0.04054676368832588
-0.020520010963082317
-0.0626184493303299
0.045060500502586365
-0.053252283483743675
-0.00412862142547965
0.011654088273644447
-0.028180407360196117
-0.00597250135615468
0.0568593330681324
-0.07476746290922165
0.032244130969047546
0.05676492676138878
0.042906057089567184
0.07166675478219986
-0.05742130428552628
0.036322403699159615
0.08437102288007736
0.062960185110569
-0.0389983244240284
-0.030722998082637783
-0.0454251505434513
0.0924302339553833
0.003810007590800524
0.06841421127319336
-0.0348738506436348
-0.001906566903926432
-0.11598295718431471
-0.0039021777920424934
0.0050440398044884205
0.03722646459937096
0.03735782578587532
-0.08291129767894746
0.00558357173576951
-0.00039971212390810246
-0.0023429100401699543
0.013306131586432455
-0.118379607796669
-0.010803697630763052
-0.0021828138269484043
-0.026204802095890045
-0.04233551770448685
0.03571125492453575
0.003776565194129944
0.0006378035759553313
-0.029327832162380215
-0.049970880150794976
0.044283177703619
0.05805334448814392
-0.02014730684459209
-0.0020722555927932262
-0.09289544075727463
0.001284262747503817
-0.02585386112332344
-0.00867200642824173
0.038522161543369286
0.010906302370131016
-0.07462988048791885
-0.05301287397742272
0.003491238225251436
0.03948508948087692
-0.09203273057937622
-0.02996220998466015
-0.05001625046133995
0.08269453793764113
0.06470008194446564
-0.10290593653917313
0.0409025065600872
0.027226559817790985
-0.01467648334801197
-0.015570880845189095
-0.06951659917831421
0.06984562426805496
0.005697351414710283
0.09804877638816832
-0.05399653315544128
-0.07980115711688995
0.01480752881616354
-0.02497040666639805
0.01345868781208992
0.17228716611862183
-0.11078818142414092
-0.0110311359167099
-0.09946715831756592
-0.0224769227206707
-0.12917952239513397
0.09905581921339036
-0.059607397764921195
-0.04538243636488914
0.0721251592040062
-0.04598398134112358
0.06747981905937195
0.004874496255069971
-0.017043450847268105
0.012044897302985191
-0.03930359333753586
-0.03770001232624053
-0.018997859209775925
0.002521973568946123
-0.0399782620370388
-0.016912102699279785
0.06268229335546494
0.03231996670365333
-0.07606677711009979
0.06901119649410248
0.032566145062446594
0.130055233836174
-0.03624085709452629
-0.03340760245919228
-0.03733128681778908
-0.012813609093427658
-0.0742182284593582
0.0044705034233629695
-0.10468561947345732
0.030696785077452656
-0.049362659454345696
-0.021895803511142727
-0.06280005723237991
0.02689905278384685
-0.051126405596733086
-0.050420384854078286
-0.01288803480565548
0.049116332083940506
0.01295752078294754
-0.11702991276979446
0.002595729660242796
0.011048363521695135
-0.008997965604066849
-0.06394026428461075
-0.07117664813995361
0.025759600102901455
-0.07579149305820465
-0.06542252004146576
0.056453060358762734
0.046121660619974136
0.1468767374753952
-0.0656631737947464
0.014000183902680872
-0.03194377198815346
0.03968403488397598
0.05069011077284813
-0.006351822521537542
-0.007504566106945277
2.4268752895295617e-05
0.05367613583803177
-0.051629919558763504
-0.011275364086031912
-0.026597782969474792
-0.03823665902018547
0.10340549051761629
0.003027093131095171
0.02031851559877396
-0.0016878783935680983
0.056794822216033936
0.11149091273546217
-0.11627107113599776
0.013359412550926208
0.003001817036420107
-0.0075761438347399235
-0.02121446281671524
0.02417137660086155
0.036140378564596176
0.037818621844053275
-0.02303740754723549
-0.07843717187643051
0.0041252714581787595
-0.053653452545404434
0.07411779463291168
-0.10961037129163742
-0.04542107507586479
-0.01147470250725746
-0.024241887032985687
-0.11990495026111601
-0.02624925598502159
0.014714665710926056
-0.0019262103596702216
-0.120358869433403
0.08348524570465088
0.05998341366648673
0.012535962276160715
-0.10618769377470016
-0.014558205381035805
-0.002501752693206072
0.0002034384524449706
-0.02438319101929665
-0.05944656953215599
0.020878689363598824
0.029210258275270466
-0.09874288737773897
0.04819855466485024
0.0368952676653862
0.005995315033942461
-0.09816528111696243
-0.0362452045083046
0.0409974567592144
0.02785717323422432
-0.12782500684261322
-0.006534135434776545
-0.02445565164089203
0.05390753224492073
-0.014524951577186584
0.03408917412161827
-0.053515274077653885
-0.1317249834537506
0.019123632460832596
-0.01064528152346611
-0.06932816654443741
0.012281566858291624
-0.08099684119224547
-0.06342703104019165
0.04531460627913475
0.002122377511113882
0.06728031486272812
0.02974153496325016
0.020314034074544903
-0.08008739352226257
-0.07488942891359329
0.0028324988670647144
-0.10742729902267456
0.01359484065324068
0.04880613461136818
-0.04232948645949364
-0.04569339007139206
0.0107255931943655
-0.03541352227330208
0.04933555796742439
-0.014807365834712982
-0.028949297964572903
-0.020292669534683228
-0.03803764656186104
-0.039144597947597504
0.11604836583137512
0.1608249694108963
0.10390004515647888
0.053753260523080826
0.09346739947795871
-0.02173420041799545
-0.021758530288934708
-0.10778892040252684
0.05931673943996429
0.024789536371827126
0.05454936996102333
0.007097911555320024
-0.06224365159869193
-0.07393325865268707
-0.058512743562459946
-0.01123380661010742
0.06069483980536461
0.017559664323925972
-0.005769021343439817
0.1061878502368927
0.02573968470096588
0.05831785872578621
-0.0366496779024601
0.006017917301505804
0.0593726672232151
0.01326723489910364
-0.03754883632063866
0.10440526902675629
-0.12474510073661804
-0.03199587017297745
-0.10008783638477324
0.004640812519937754
0.028974425047636032
0.029191231355071068
0.02958202175796032
0.00815901905298233
-0.0994493290781975
0.013598259538412094
0.055416133254766464
-0.0343896858394146
-0.08519866317510605
0.1263372004032135
-0.05288059636950493
-0.06749535351991653
0.0546889342367649
-0.04776091128587722
0.03181866928935051
0.008856894448399542
-0.0800214558839798
0.057907480746507645
-0.07110576331615448
-0.043571081012487405
-0.09144736081361769
-0.015500174835324287
-0.10486629605293273
0.03755849227309226
0.1541997492313385
0.050510093569755554
-0.0017575282836332915
-0.05054793134331703
-0.03852501139044762
-0.011843981221318243
-0.0593637265264988
0.01015494391322136
-0.0009891098598018289
-0.011930665001273155
-0.0010059043997898696
0.04954178631305695
-0.04263453185558319
-0.06704376637935638
-0.03160179406404495
0.02303807809948921
-0.1125284731388092
-0.053805183619260795
0.042946193367242806
0.03497780114412308
0.06830446422100067
-0.08246545493602753
-0.07230287045240402
0.05326163768768311
-0.06363152712583542
0.1612653285264969
0.01225091889500618
-0.06595498323440552
0.1109236627817154
0.010015357285737991
-0.04057130590081215
-0.01656690239906311
-0.10856902599334715
0.006505620200186968
0.0014906305586919188
-0.06671622395515442
-0.03500928357243538
-0.1136481761932373
-0.03398759663105011
-0.06833475828170776
-0.054045740514993675
0.013374899514019488
0.07914790511131287
-0.03705475851893425
0.09734009951353072
-0.00014577677939087152
-0.09241036325693129
0.03156738355755805
-0.07588387280702592
-0.1151762008666992
-0.03475700691342354
0.09428133070468903
0.03951289877295494
0.016755079850554466
0.010519215837121008
0.007722869981080293
-0.12172223627567293
-0.038382817059755325
-0.058809958398342126
0.035656221210956573
0.06112929061055184
-0.007709015626460314
-0.06306711584329605
-0.009832912124693392
-0.0720023587346077
-0.034365203231573105
-0.12260632961988448
0.02929920144379139
0.05144789814949036
-0.013392061926424503
-0.03642687574028969
-0.02827353402972221
-0.007541148457676173
-0.01603875495493412
-0.022133979946374893
0.06349343806505203
0.03118364885449409
0.03129737079143524
-0.024906367063522335
0.010748958215117455
0.021605923771858212
0.03846216946840286
0.02536945417523384
-0.028934624046087265
-0.005275697913020849
-0.0591401644051075
-0.015725228935480114
-0.10106755793094636
-0.03828244283795357
-0.07462609559297562
0.02196655608713627
-0.07224491983652115
-0.014237575232982635
0.011073368601500988
0.029040321707725525
-0.08854071795940398
-0.03062652423977852
-0.09659972786903379
-0.05263450369238853
-0.03260403499007225
0.022922318428754807
-0.08221659809350966
-0.0006946442881599069
-0.009179004468023775
-0.07938520610332489
-0.1165400743484497
0.08228428661823271
0.05733255296945572
-0.054108325392007835
-0.04999639466404914
-0.02735358849167824
-0.0061632092110812655
0.055687930434942245
-0.09071921557188034
-0.004868422634899616
-0.049133297055959695
-0.04332682862877846
0.021777788177132607
-0.015690762549638748
-0.014359724707901476
-0.08124147355556488
-0.051900096237659454
-0.08756577968597411
-0.0881568193435669
-0.05865049734711647
0.10011033713817596
-0.07987011969089507
0.13602872192859647
-0.07778295874595642
-0.03310900181531906
0.0014327320968732236
0.002087286207824945
-0.03317118063569069
0.0398552231490612
0.019419521093368527
-0.018894540145993233
0.009372437372803688
0.04838678613305092
-0.055946923792362206
-0.0804212987422943
-0.08956285566091537
-0.06684991717338562
0.016123222187161446
0.04187528416514397
0.044427476823329926
0.013761188834905624
-0.007766985800117254
-0.10233727097511292
-0.0278687346726656
0.02545924298465252
0.055061768740415566
-0.056951675564050674
0.02145213261246681
-0.08554582297801971
0.05583864822983742
-0.047951269894838326
-0.10714855790138245
0.11486625671386717
-0.05445831641554832
-0.10772041976451872
0.09193622320890425
-0.03684096410870552
-0.029761655256152156
-0.0358758345246315
0.1521589159965515
-0.06531447172164917
-0.046721216291189194
0.0003149233525618911
-0.012739725410938261
-0.028287794440984722
0.004100367892533541
-0.026323705911636353
0.02742668986320496
-0.000495567568577826
0.047097347676754
-0.0005299045005813241
0.05075476691126824
0.02271971106529236
0.0784226804971695
0.10269661992788313
0.006537257228046656
-0.003165784757584333
-0.04993277043104172
-0.00633590342476964
0.027011774480342865
0.09801582992076872
-0.048709027469158166
-0.01687651127576828
-0.0031053605489432807
-0.027445515617728237
0.02081552520394325
0.11600303649902344
-0.11235725879669188
0.034904882311820984
-0.00826419796794653
-0.05437328666448593
0.044963210821151726
-0.08790957182645796
-0.06414201855659485
-0.10690729320049285
-0.012203825637698172
0.07393956929445265
-0.020800944417715073
0.024324828758835793
-0.03674762323498726
-0.04410646110773087
-0.05622730031609535
0.034828297793865204
0.01775246486067772
-0.012102057226002216
-0.04053732380270958
0.022161800414323807
-0.035592664033174515
0.13025018572807312
-0.06381134688854218
-0.031917337328195565
0.04066808149218559
0.02683955803513527
-0.02554205246269703
0.015342772006988524
-0.039789140224456794
0.029683411121368408
-0.03211133927106857
-0.0814521312713623
0.14830933511257172
-0.09407390654087065
-0.074039988219738
-0.040884774178266525
0.011401866562664509
0.04450888559222221
0.04192217066884041
-0.019623233005404472
-0.0005869382293894887
-0.048448141664266586
-0.02343357354402542
-0.028756875544786453
0.010373443365097044
0.11567357927560806
0.0915236547589302
0.05930401757359505
-0.0016023177886381743
-0.05241810530424119
0.08383554220199585
0.14218534529209137
-0.03766913712024689
0.0034719151444733143
-0.027520041912794117
0.092396542429924
0.09449189901351927
0.03965412825345993
0.00821390561759472
-0.08624409884214401
0.090451642870903
-0.05011242628097534
0.03860366716980934
0.0577729158103466
0.008702043443918226
0.042847178876399994
-0.047788940370082855
-0.05427023768424988
0.009876249358057976
-0.058327384293079376
-0.08401842415332794
-0.02269596792757511
0.06335856020450592
-0.0888931155204773
2.470647450536489e-05
0.05774317309260368
-0.009396348148584364
0.05047934874892234
-0.039187107235193246
-0.07962293922901154
0.033589813858270645
0.020600633695721623
0.09065894782543182
0.09690219163894653
-0.09788163006305695
-0.039940323680639274
0.013325199484825134
-0.12239476293325424
-0.018408669158816338
0.02701518312096596
-0.13224275410175323
-0.033476751297712326
-0.06416817009449005
0.042518943548202515
-0.020032871514558792
-0.0644732266664505
0.0198461189866066
-0.09595155715942384
-0.11596396565437316
0.11440387368202208
0.0963061898946762
-0.003127356525510549
-0.08246250450611113
-0.024323763325810432
0.09308061748743056
0.10969691723585127
0.03963890299201012
0.047310005873441696
0.052341986447572715
-0.0024198885075747967
-0.09068062156438829
-0.014776917174458504
-0.07143298536539078
0.07106174528598785
-0.01687873713672161
-0.08958595991134644
-0.010712943971157072
0.037078585475683205
-0.12432466447353364
0.042812928557395935
-0.02447153627872467
-0.0028128051199018955
0.03566897287964821
0.040751706808805466
-0.05831201374530792
-0.07983200252056122
0.11429671943187712
0.05423811450600624
-0.09403295814990995
-0.0037638605572283272
0.004410636145621537
0.11777569353580473
0.060121823102235794
-0.06516161561012268
-0.05021055042743682
0.050692781805992126
-0.0659400224685669
-0.09375151991844176
-0.03865792602300644
-0.09749174118041992
0.02097084559500217
0.12184730172157288
-0.0023518358357250686
0.007228931877762078
0.14158673584461212
0.021982062608003616
-0.0031536961905658245
0.14949160814285278
-0.013854913413524628
0.02381906285881996
-0.12428542971611022
0.011909208260476587
-0.024880424141883847
0.030684098601341248
-0.09667252004146577
0.005410235840827227
-0.0313977412879467
0.027184857055544853
0.04847569391131401
0.08638157695531845
-0.13547305762767792
-0.04879121482372284
0.00199161795899272
0.0058477879501879215
-0.0604085735976696
0.03735285997390747
0.06794646382331848
0.07417173683643341
0.00836110208183527
-0.008572833612561226
-0.0751688927412033
-0.12173503637313841
0.0898352414369583
0.03523886576294899
0.03458215668797493
0.01888039708137512
-0.032442767173051834
0.008340902626514435
0.0931867957115173
0.028148688375949856
-0.01699570007622242
0.08466290682554245
0.04559475183486938
0.0025532585568726063
-0.044256359338760376
0.10979076474905014
-0.11146783828735352
-0.03378435969352722
0.10272927582263947
-0.07463325560092926
0.016830328851938248
0.03740828111767769
0.1136605590581894
-0.10087759792804718
-0.01124670822173357
-0.05360246077179909
-0.004141017328947783
-0.09171861410140993
-0.04019465669989586
0.04734696820378304
-0.007674993481487035
-0.003032695036381483
0.03569207340478897
0.06712784618139267
0.010303318500518799
0.0875178724527359
-0.07265402376651765
-0.0007667249301448464
0.09777115285396577
0.030857909470796585
-0.0054616895504295835
0.10751561820507048
0.007292496506124736
0.025298157706856728
0.08465246856212616
-0.0013007965171709657
0.11253120005130768
-0.03706527501344681
-0.011525064706802368
0.055266410112380975
0.09296759217977524
-0.05477792024612426
-0.114423967897892
0.06577607244253159
0.0435158833861351
0.02420926094055176
-0.08293674141168593
-0.03487278148531914
0.008859406225383282
0.06199870258569717
0.03165128454566002
-0.03076918423175812
-0.1135050058364868
0.033217303454875946
0.07331687957048416
0.08601294457912445
-0.12363617867231368
-0.09487143158912657
-0.008754720911383629
0.007291698362678289
-0.11864086240530014
-0.0717989057302475
-0.06747093796730042
-0.04600346460938454
-0.08047649264335632
0.04606856778264046
0.02536642737686634
0.05062189325690269
-0.002952452283352613
0.004081042483448982
0.06342823803424835
-0.02912663295865059
-0.07503041625022888
0.022195216268301007
-0.08845205605030061
-0.005386348348110913
0.07240318506956099
0.0458102710545063
0.033426616340875626
0.0161188505589962
-0.10624411702156066
-0.05357633903622627
0.036683544516563416
0.013910658657550812
0.004314326215535401
-0.05019511282444
0.008078128099441528
-0.069527767598629
-0.02761005610227585
-0.001959532964974642
0.026863254606723785
-0.02541110850870609
-0.010790534317493439
-0.06102508679032326
0.04615248367190361
0.0057063144631683835
-0.08613985776901245
-0.07158412039279938
0.0931272953748703
0.007770382333546879
-0.07037477195262909
-0.03073475882411003
-0.026226624846458435
-0.07471065223217009
0.04956050217151642
0.009411501698195934
0.02020081505179405
-0.05604534968733788
0.0235150083899498
0.0007635563379153609
-0.06295648217201233
0.03724251687526703
-0.04191937670111656
-0.1046209931373596
0.0025313575752079487
0.0536571741104126
-0.01028653047978878
0.08402388542890547
-0.11761942505836485
-0.075811505317688
0.10004401952028275
0.004462119657546282
-0.10998113453388214
-0.11120784282684326
-0.02536828257143497
-0.0738116055727005
0.03494253009557724
-0.09190261363983153
-0.04266556724905968
0.014676016755402088
-0.1130966544151306
-0.07408000528812408
-0.00400899862870574
-0.011484075337648392
0.02771909348666668
0.11266013234853745
0.003674450796097517
0.022315528243780136
-0.053412605077028275
0.025640636682510373
0.019891278818249702
0.040858615189790726
-0.057736944407224655
-0.02667580358684063
0.041445698589086526
-0.0015425157034769654
-0.09877464920282365
-0.08389506489038467
0.020154351368546482
-0.024661965668201447
0.019237257540225983
-0.04858103394508362
0.046304162591695786
0.13015078008174896
0.02157200127840042
0.0021561277098953724
-0.0754965767264366
0.0009861517464742064
-0.010258152149617672
-0.11829429864883421
-0.09764093160629272
-0.014872226864099503
-0.04523206502199173
-0.02926069870591164
0.10795246064662932
-0.016821591183543205
-0.08409400284290314
-0.0449390821158886
-0.08406082540750502
-0.05074263736605644
-0.04777941480278969
-0.04435137659311295
-0.0935056656599045
-0.08474322408437727
-0.004410540219396353
-0.005619950126856565
0.05766858533024788
0.12709270417690277
0.08297669887542723
-0.03930816426873207
0.03509277477860451
-0.024462947621941566
0.1637040227651596
0.020431403070688248
-0.01871710643172264
-0.00621708994731307
-0.002472535241395235
-0.020967518910765648
-0.001038852729834616
0.0034437295980751514
-0.01709834672510624
-0.04810589551925659
-0.04018693044781685
0.028367552906274796
0.0047021270729601375
-0.0032400204800069328
0.044931724667549126
0.007434038911014795
-0.09884561598300931
0.06683020293712616
-0.0464690439403057
-0.10212742537260056
-0.05341146141290665
-0.11323596537113188
-0.032765015959739685
-0.049620311707258224
0.08949330449104309
-0.03666066750884056
0.009075582027435303
0.08419758081436157
-0.020397223532199856
-0.10990384221076964
0.010477758944034576
0.09805646538734435
-0.0613822378218174
-0.08073942363262177
0.0580180324614048
-0.0025239461101591587
-0.03887801989912986
0.09243837743997571
0.13844867050647736
-0.055839352309703834
-0.08097751438617705
0.005912233609706163
0.07371940463781357
-0.13075609505176544
-0.014033321291208267
-0.1084265559911728
-0.021758634597063065
0.008704083040356636
0.04636456444859505
0.008328936994075775
-0.02343393862247467
0.0012903310125693679
0.1317978203296661
-0.017957093194127083
0.04862635582685471
-0.08767975866794586
0.0021801618859171867
-0.028641065582633015
0.042478743940591805
0.015914909541606903
0.0025640348903834815
-0.10553579032421112
-0.021238641813397408
0.03992772847414017
-0.022267824038863186
0.023865891620516777
-0.059455987066030495
0.16961434483528137
-0.09879571199417114
0.008855555206537247
0.07498906552791595
-0.014420371502637863
0.02797647565603256
-0.00044205377344042063
0.03374066576361656
-0.07162559777498245
-0.04188271239399909
-0.02603255957365036
0.015001767314970492
-0.04214786365628242
0.15603892505168915
0.10539239645004272
0.02265598066151142
-0.04223255068063736
-0.04427612945437431
-0.0025255861692130566
-0.06220503523945808
0.006864072289317846
-0.07935461401939392
0.014538857154548168
-0.1242534965276718
-0.08851857483386993
0.048438437283039086
-0.04286131635308266
-0.048818718641996384
0.003418200183659792
-0.009348882362246512
-0.03163823485374451
-0.07789885997772215
-0.011121535673737524
0.10751712322235107
0.105670765042305
-0.012714114040136336
0.0324813574552536
-0.08424142748117447
-0.04678663238883018
-0.018612829968333244
-0.11631682515144348
0.117698073387146
-0.008126300759613516
0.045801091939210885
-0.035486701875925064
0.008389519527554512
-0.04814157262444496
0.025542642921209332
-0.0029332726262509823
0.06921118497848511
0.011239037849009035
0.052237074822187424
-0.056553684175014496
0.008542424067854881
-0.10102395713329317
0.08858312666416168
0.03335922583937645
-0.056330189108848565
-0.08362239599227905
0.01282930001616478
0.022801809012889866
0.09451737999916077
0.005641037132591009
0.05056296661496162
0.04016244038939476
0.0225637461990118
-0.016147129237651825
0.01732823997735977
0.17362859845161435
-0.035372182726860046
0.01793685369193554
0.0037582707591354847
-0.10792771726846694
0.014597449451684952
0.008455430157482624
-0.009209959767758846
-0.09683877229690552
-0.008487239480018614
-0.026330344378948208
-0.015352007001638412
-0.0365024171769619
0.02349931187927723
-0.03739098459482193
0.026619814336299896
0.02444363385438919
-0.030851580202579495
-0.021348152309656143
-0.06335757672786713
0.015677921473979946
0.000644111423753202
-0.04497715830802917
-0.07115913927555084
0.03471573814749718
-0.00034832081291824574
-0.09714706242084505
-0.01630779542028904
-0.03106472641229629
-0.0005633194232359529
0.14032109081745148
-0.009751715697348114
0.0899115651845932
0.02260007336735725
-0.0661696046590805
0.06346169859170914
-0.04927085712552071
0.0067564197815954685
0.0728384330868721
-0.02383701130747795
0.1306488811969757
-0.03715941682457924
0.06770358234643936
-0.07012537866830826
0.10174578428268433
-0.006042249035090208
-0.09443554282188416
0.08242984116077422
0.038977302610874176
0.08997197449207307
-0.043120190501213074
-0.014690801501274107
-0.03236265107989311
0.02811291813850403
-0.04517117515206337
-0.11616050451993942
-0.01523754745721817
0.03654291480779648
-0.07346028089523315
-0.06319506466388702
0.07621537148952483
-0.015417553484439848
-0.0457855761051178
0.04968385025858879
-0.03197269141674042
0.06379401683807373
0.004409168381243944
0.014225654304027556
-0.11292599141597748
-0.04402375966310501
-0.03649728372693062
-0.12042450904846191
0.0034255501814186573
0.12556833028793335
0.00021951494272798297
0.05445949733257294
-0.11813034862279892
0.08807052671909331
-0.01789429411292076
-0.10155488550662994
0.010994195938110352
-0.06327910721302032
0.03249739482998848
0.014325080439448357
0.011981063522398472
0.07208150625228883
-0.028137395158410072
0.03793977200984954
0.0372045524418354
0.0008794510504230858
0.025741007179021835
0.015264074318110943
-0.008366327732801437
-0.07699558138847351
0.034667838364839554
0.060453034937381744
0.027562614530324932
0.019363056868314743
0.010002431459724905
0.09187749028205872
-0.014295169152319431
0.02164255455136299
0.02379222773015499
-0.04151996597647666
-0.02282402105629444
0.021020079031586647
0.04438394308090209
-0.009409207850694656
-0.05658699944615364
0.018540946766734123
-0.022980742156505585
0.005160909611731768
0.03595341742038727
0.06261841952800751
-0.10495604574680328
-0.1308521032333374
-0.01395772397518158
-0.027712637558579445
-0.032826345413923264
0.04258434101939201
-0.11059986054897308
-0.06333096325397491
0.0007072634762153028
0.044594336301088326
-0.029633013531565663
-0.010979877784848211
0.06244843080639839
0.03249060735106468
0.021558441221714016
0.0056608677841722965
0.012820541858673096
0.011175448074936867
-0.06697198003530502
-0.06887634843587875
0.03759355470538139
0.004141193348914385
0.06150322034955025
0.013233907520771027
-0.11365224421024323
0.053553428500890725
-0.04464973509311676
-0.11570482701063156
-0.057198818773031235
-0.0866665095090866
0.011809243820607662
-0.0029107648879289627
0.04957407340407372
0.03724312037229537
-0.02066327631473541
-0.016731182113289833
-0.06580068171024323
0.09695195406675337
-0.06114478409290314
-0.03923095017671585
0.005263802129775286
0.01866692677140236
-0.12609805166721344
-0.02217412181198597
-0.06774508208036423
0.021098885685205456
0.1701906770467758
0.06829847395420073
-0.0689321756362915
-0.10608714818954468
0.04351087287068367
-0.0027315556071698666
0.03994708135724068
-0.046841394156217575
0.014293033629655838
0.009207262657582762
-0.020246876403689384
0.033217787742614746
0.051933955401182175
0.02004587650299072
0.10556132346391676
0.03214193880558014
0.019954008981585503
-0.010006982833147047
-0.1184631809592247
-0.059111852198839195
0.015619908459484575
-0.060323160141706474
-0.038720060139894485
0.0903102532029152
0.004111879039555788
-0.030928239226341248
-0.036224864423274994
0.05704789608716965
0.013621708378195763
-0.037923216819763184
-0.009253265336155891
-0.054951775819063194
0.08985942602157591
-0.13166500627994537
-0.04389487579464912
-0.0988255813717842
0.09777839481830597
0.0730981230735779
0.09795965254306792
0.09366063773632048
-0.05549979582428932
-0.07959476113319397
0.04251493141055107
0.010497411713004112
-0.006963457446545362
-0.0153624527156353
0.02399587258696556
0.019161207601428032
0.022237481549382206
0.003514424432069063
-0.06918302178382874
-0.057069968432188034
-0.05241432413458824
0.053779661655426025
-0.10113397240638732
0.16502147912979123
-0.1225331425666809
-0.08396902680397034
-0.02635734900832176
0.06777311861515045
-0.08310858905315398
-0.04241043329238892
0.12657451629638672
-0.05361848697066307
0.06591647863388062
0.03613772988319397
0.041668783873319626
0.064853735268116
-0.022790001705288887
-0.12539084255695343
-0.028198756277561188
0.07518254220485686
-0.009867394343018532
0.0024655354209244247
0.0885261595249176
-0.002630168106406927
0.006789554376155138
0.014195350930094717
0.010870561003684996
-0.03702246397733688
0.031859733164310455
-0.09080378711223601
-0.03657388314604759
-0.03331282362341881
0.11909851431846619
0.08701331168413162
-0.08320152759552003
-0.06391717493534088
-0.047708574682474136
0.022235795855522156
-0.08757624030113219
-0.05789312720298767
0.03187739849090576
-0.09658318012952803
-0.009384837932884691
0.007787563372403382
0.0016641517868265507
0.07913422584533691
-0.10853901505470276
-0.03894457966089249
-0.022004660218954086
-0.01244211569428444
-0.027359822764992717
-0.009630672633647919
-0.11102692782878876
-0.034375227987766266
0.03969493135809898
0.05917985364794731
-0.07773281633853912
0.0019419010495767
-0.03343470022082329
0.0070307780988514415
-0.042289841920137405
0.0630074292421341
-0.05140021070837975
-0.07346833497285843
0.0006366543238982558
-0.09224565327167512
-0.08948159217834473
0.06759315729141235
-0.08647076785564423
-0.046394821256399155
-0.11471688747406004
0.02771405130624771
-0.03234368562698364
0.021783612668514248
0.07516848295927046
0.04109298065304756
-0.020356155931949612
0.1016652137041092
0.0022472897544503208
0.018847983330488205
0.12562499940395355
-0.127280592918396
0.0538736879825592
-0.10794433951377869
-0.04358645156025887
0.04303978756070137
-0.10219141840934752
0.08535400032997131
0.021238287910819054
-0.06889387965202332
0.061654966324567795
-0.0680597722530365
-0.118629589676857
-0.08584628999233244
0.0023011351004242897
0.009961158037185669
-0.04076707735657692
-0.018149567767977715
-0.08687799423933029
0.049220915883779526
-0.002317554783076048
0.03415510430932045
-0.08960488438606262
-0.007549291010946035
-0.08137257397174835
0.054207470268011086
0.10056647658348083
-0.01683695800602436
-0.059434179216623306
-0.03381663560867309
-0.016449186950922012
-0.0920574516057968
-0.10449383407831192
-0.05359321460127831
-0.04302014410495758
0.07982832938432693
0.08477215468883513
-0.09342655539512634
-0.07040110230445862
-0.02156255766749382
0.04531754553318024
-0.09196950495243073
0.051793832331895835
0.05137771740555763
0.05959631875157356
0.03249147906899452
-0.051121830940246575
-0.06971046328544617
-0.037502385675907135
-0.009940426796674728
-0.06648135185241699
-0.06744456291198729
0.13136963546276093
0.017103886231780052
0.03956642001867294
0.014226309955120087
0.08048795908689499
-0.05856777727603912
0.03149985522031784
0.1469089835882187
0.01038037985563278
0.012853398919105528
0.04994238540530205
0.02494167536497116
-0.023657698184251785
0.05054684355854988
-0.06979532539844513
-0.07393602281808853
0.05563332512974739
0.02809395268559456
0.08037976920604707
0.03726109117269516
-0.010628879070281982
-0.030995909124612808
-0.08229902386665344
-0.08812718838453293
-0.05023782700300217
0.09254769235849379
0.0390821248292923
0.016106316819787025
0.023408731445670128
-0.07913358509540556
-0.0676763579249382
-0.11861471086740492
-0.018357019871473312
0.010157469660043716
-0.04866611585021018
0.04427479580044746
0.07663485407829283
-0.09666498005390169
-0.11602626740932465
-0.03005724959075451
-0.02576034516096115
0.07159176468849182
0.08396050333976746
0.03449532762169837
-0.0381891056895256
0.06895072013139725
0.02549450844526291
0.08068056404590607
-0.06998921930789948
-0.03108104318380356
0.04050770774483681
0.04149552807211876
0.015051615424454212
-0.07957243174314499
-0.10042029619216918
0.020624609664082527
-0.04399319738149642
0.06942401826381683
0.02608794905245304
0.0249659214168787
0.0009194336598739029
-0.09929223358631134
0.017322974279522896
-0.007534762378782035
-0.06234883889555931
0.005671095568686724
-0.0008901614928618073
-0.05006454512476921
0.04120336100459098
0.12698443233966827
-0.014518477022647856
0.02224608324468136
-0.035267606377601624
0.00820271950215101
-0.058523837476968765
-0.08481869101524353
-0.0571003220975399
-0.0700010433793068
-0.11998972296714781
-0.04008403047919273
0.00922488421201706
0.016226503998041153
-0.13079525530338287
-0.11170673370361328
-0.05798688903450966
0.005995347164571284
-0.09972830861806867
0.03179370611906052
0.017475465312600136
0.04413320869207382
-0.08696794509887694
-0.004264010582119226
0.0922406166791916
-0.016809135675430294
0.07730717957019806
-0.045383386313915246
0.01459480170160532
-0.020486541092395782
-0.08314428478479385
-0.05437852442264557
-0.08139616996049881
-0.07968013733625413
0.061175819486379616
-0.05001528561115265
-0.043183065950870514
-0.05215924605727196
0.0006600398337468505
-0.014680076390504835
-0.014560442417860033
0.08070889115333557
-0.04857415333390236
-0.01417209766805172
-0.019779734313488007
-0.06176433339715004
0.08338993787765504
-0.08283152431249617
-0.041780967265367515
-0.08558353781700134
-0.012312287464737892
0.021049514412879944
0.0052594426088035115
-0.11523955315351486
0.02530991099774837
-0.04640090093016624
0.09944102168083192
-0.12389151751995087
0.013115160167217255
0.08660583198070526
-0.05217394605278969
-0.040040124207735055
-0.011021148413419724
-0.025824751704931256
-0.0496974028646946
0.09478910267353056
0.0006727812578901649
0.04698208346962929
-0.027693733572959896
-0.00681714853271842
0.005888207349926232
0.051816347986459725
0.07427062839269638
-0.04587126523256302
-0.11623023450374605
0.12867654860019684
0.05607990548014641
-0.03834444656968117
0.007062988821417092
0.0366770476102829
0.027797507122159004
-0.024694185703992844
-0.05202484875917435
-0.001992234494537115
-0.06296496093273163
-0.0163919348269701
-0.004958339501172304
-0.057809945195913315
0.009808715432882309
0.01961199939250946
0.060528066009283066
-0.025895562022924423
0.02651594579219818
-0.005432184785604477
0.034307487308979034
0.02454710751771927
-0.05114498361945152
-0.044119942933321
-0.01452019065618515
-0.05239706486463546
-0.019016668200492855
-0.07628428936004639
-0.047588299959898
0.030816946178674694
0.06898467987775803
0.011252474039793015
-0.03887329623103142
0.003287513274699449
-0.012118677608668804
0.05166942998766899
0.024943657219409943
-0.056114308536052704
-0.029865525662899017
-0.03147502988576889
-0.1179591715335846
-0.12860426306724548
0.049656856805086136
0.12644720077514648
0.024192260578274727
-0.03758127987384796
-0.04396981745958328
-0.08693812042474745
0.01098828949034214
-0.06967310607433319
0.0015565952053293584
-0.08457001298666
0.13468621671199799
0.01874269172549248
-0.10107003897428513
-0.07309525460004807
0.062450166791677475
-0.06634657084941864
-0.03497720882296562
-0.04457243159413338
0.027411561459302906
-0.03633946925401688
0.04230839759111405
0.020322764292359352
0.022715482860803604
-0.1152176484465599
0.0196040328592062
0.05172197893261909
0.027931518852710724
-0.009654294699430464
-0.10956659913063048
-0.06511638313531876
-0.022434134036302567
0.03577246889472008
0.019222838804125782
0.014767099171876907
0.05209298059344292
0.08706910908222198
0.05187060311436653
-0.02950701862573624
0.007250758353620767
0.10708597302436829
0.06303972005844116
0.0007021244382485747
-0.08908380568027496
-0.020425464957952496
0.05135146901011466
-0.09085919708013535
0.0027173240669071674
-0.12381285429000854
0.04830511286854744
-0.04348907619714737
0.10694216191768646
-0.07022713124752045
0.03934181109070778
0.07735737413167953
0.06098246574401856
0.0430096797645092
-0.03786659240722656
0.014285631477832794
-0.027403879910707477
-0.11130237579345705
-0.0874151736497879
-0.004815586376935244
0.01815222203731537
-0.03937395662069321
0.02349324896931648
0.015296421945095062
0.03055991977453232
-0.006703339051455259
0.10185173153877258
0.049851618707180016
0.015786709263920784
0.013758059591054916
0.08796026557683943
0.10028384625911713
0.049602318555116647
0.0718081146478653
-0.03610585257411003
0.0018423547735437753
-0.007065765094012022
-0.1169297695159912
0.08486779034137724
0.03149158135056496
0.0012122917687520385
0.12162137776613235
0.023014741018414497
0.021500829607248303
0.12841375172138214
-0.044653620570898056
-0.0020556882955133915
0.0019028353272005916
-0.05521586164832115
-0.01261351816356182
-0.032039474695920944
-0.02653447911143303
-0.12323777377605438
-0.007242615800350904
0.04726133123040199
-0.0041970969177782536
-0.09225022792816162
-0.020146906375885006
-0.021453058347105976
0.0122965220361948
0.1162816509604454
-0.08867377042770386
-0.017055237665772438
-0.024517901241779327
-0.0077096703462302685
-0.07760467380285263
-0.035990308970212936
-0.022991314530372616
-0.06548481434583664
0.02449973300099373
-0.02298644930124283
0.00434761168435216
0.034195978194475174
0.009374676272273064
-0.04444688931107521
-0.07913595438003539
-0.03784924000501633
-0.052312228828668594
-0.04276636615395545
-0.08186899125576019
-0.07641823589801788
0.01716499961912632
-0.08505679666996002
0.08325612545013428
-0.05776290223002434
-0.00021609908435493708
0.022956922650337216
-0.058644987642765045
-0.06635526567697525
0.11951953172683716
0.008563000708818436
-0.016988882794976234
0.04068422690033913
-0.07947589457035063
-0.06722705066204071
-0.035798750817775726
-0.03342024609446525
0.043864618986845016
0.06453628838062286
0.016945354640483856
0.01032000221312046
0.042521338909864426
-0.014385735616087912
0.07281269133090974
-0.049563802778720856
-0.021987900137901303
0.05891433730721474
-0.10655689984560011
0.05313171073794365
0.07431682199239731
-0.0074821277521550655
-0.10417141020298004
-0.0465427003800869
-0.05911437794566154
0.08416087925434113
0.06172273680567741
0.006728848908096552
-0.0882933586835861
0.009422092698514462
0.06944882869720459
-0.04477131366729736
0.0008254986023530365
0.0044730757363140574
0.00017097441013902423
-0.05428376421332359
0.031280726194381714
0.017446979880332947
-0.004131715279072523
0.008546838536858559
0.02658884041011333
0.09298229217529295
-0.11658805608749388
-0.11339931190013884
0.010933038778603075
0.042056642472743995
0.011201344430446625
-0.10082163661718369
-0.01368389558047056
-0.08037573099136353
-0.010976815596222876
-0.06945707648992537
-0.006177949253469706
-0.032570648938417435
0.035846609622240067
-0.004595392849296331
-0.09246315062046051
-0.03472762927412987
0.031737912446260445
-0.03273577615618706
-0.06575721502304077
-0.045893628150224686
-0.019150862470269203
0.12458759546279909
-0.030286345630884167
0.04191417247056961
0.029762547463178635
-0.09618575870990752
-0.06605666875839233
-0.007112737279385328
0.019419506192207336
-0.03469250723719597
0.02725623734295368
0.04867091029882431
0.04365478456020355
0.046316321939229965
-0.05846147611737251
-0.004373361822217703
-0.023671889677643772
-0.028813345357775688
0.011751474812626839
-0.02620002813637257
0.04480589553713799
-0.06927553564310074
-0.08581776916980742
0.04455043748021126
-0.02646462433040142
-0.03859266266226768
0.0606612004339695
0.017691463232040405
0.010012898594141006
0.11748389154672623
-0.013473790138959885
-0.052300635725259774
-0.017190776765346527
0.06002358719706535
0.045055150985717766
-0.12231697142124176
0.031196372583508488
-0.05632923170924187
-0.041865162551403046
-0.07663640379905699
-0.0006771673215553164
0.029478855431079865
-0.11213158816099165
0.051333308219909675
-0.059431910514831536
0.13562126457691193
0.02000965178012848
-0.05717306211590767
-0.1121671348810196
-0.020596338436007496
-0.12236261367797852
-0.1269538253545761
0.01211291179060936
0.023447159677743912
-0.005808042827993631
-0.04376630857586861
-0.02255545184016228
-0.057756979018449776
-0.030053766444325447
0.0325242318212986
0.07433050870895386
0.0924941748380661
-0.034828606992959976
0.03568344935774803
0.03748906031250954
0.1001339927315712
-0.07406488060951233
0.021345607936382294
0.002126665320247412
-0.023641055449843407
0.023829173296689987
-0.06000395491719246
-0.05943658575415611
0.0359683595597744
-0.04247112199664116
-0.08165478706359862
-0.09015199542045592
-0.05814129859209061
0.016231868416070938
0.01548979803919792
-0.004944347310811281
0.00626389728859067
0.06160115823149681
-0.023192366585135456
0.02154253050684929
-0.04524102061986923
-0.019703775644302368
0.03197052329778671
0.10977986454963684
-0.09313203394412993
-0.02429148554801941
0.006802178453654051
0.04819880798459053
0.016929039731621742
-0.029160590842366215
-0.03163774311542511
-8.836912456899881e-05
0.018243473023176197
-0.03082534670829773
-0.11319677531719208
0.03151392191648483
-0.04676684364676476
-0.00801408477127552
-0.05969328060746193
0.044217973947525024
-0.044338729232549674
-0.01393788866698742
-0.029299193993210793
0.00043464207556098694
0.021156765520572662
-0.01100511848926544
0.05701914802193642
0.0882786214351654
0.0313744880259037
-0.11138662695884705
0.06796149164438248
-0.06494814157485962
-0.01160271279513836
0.029142912477254868
-0.008124301210045815
-0.06720606982707977
-0.0809420272707939
0.045701708644628525
-0.03464902192354202
0.0276204664260149
0.03789588063955307
-0.0706833228468895
0.04070305451750755
-0.09408308565616608
0.016560148447752
-0.0322713628411293
0.06230451166629791
-0.04818783700466156
0.06929697096347809
-0.009558157064020632
-0.11491789668798447
-0.02287091128528118
-0.0029973969794809814
-0.1105462610721588
-0.027304530143737793
0.07538633048534393
0.02873055264353752
-0.031820617616176605
0.029433969408273697
-0.026684641838073727
0.02981667593121529
0.04183795675635338
0.01746750995516777
-0.07414131611585617
-0.04695989936590195
-0.10855314135551453
0.02385799214243889
0.009759352542459965
0.025239815935492516
0.038431473076343536
-0.01690973713994026
-0.04071381315588951
0.09299208223819731
0.024415621533989903
0.0026850667782127857
-0.018754946067929268
0.02594003453850746
-0.009170643985271452
0.0483662374317646
-0.0004958432400599122
-0.10177774727344512
-0.061253253370523446
0.13986732065677643
-0.05531143024563789
0.011477256193757055
-0.02758922055363655
0.013164148665964603
0.04165436327457428
-0.10866055637598036
-0.038514956831932075
-0.055043574422597885
-0.02973035909235477
0.10924836248159409
0.020600266754627228
-0.10741547495126724
-0.002161129843443632
0.0187885332852602
-0.04347509890794753
0.02154343575239181
0.03372511267662048
0.010966919362545012
-0.1217767372727394
-0.033780138939619064
-0.002823615912348032
-0.07921388745307921
-0.10084497183561324
-0.09922488778829575
0.01638261415064335
-0.02538248896598816
0.04263001307845116
0.08398525416851044
0.033309340476989746
-0.042793992906808846
-0.00846167467534542
0.06961309909820557
0.11929843574762344
0.02021435461938381
0.07106111943721771
0.01946559175848961
-0.11238883435726164
-0.011381898075342178
-0.018764887005090717
-0.12951664626598358
0.005935683846473694
-0.0946461111307144
-0.01234406791627407
-0.11601509153842926
-0.07300624996423721
-0.03490348160266876
0.013994183391332626
-0.02366151101887226
-0.09449978172779085
-0.032604143023490906
-0.020009398460388184
-0.11741285026073456
0.016657939180731773
0.05036912485957146
-0.045773684978485114
-0.0465930737555027
-0.1276024430990219
0.004994735587388277
-0.08977250754833221
-0.02742313779890537
-0.049965690821409225
-0.005339329596608877
0.035311806946992874
-0.06678063422441483
0.041663553565740585
-0.04803558811545372
-0.07300474494695662
-0.11303202807903288
0.057284772396087646
-0.053492698818445206
0.02363389544188976
0.018526336178183556
0.040637243539094925
0.04426265880465508
0.044494163244962685
-0.11610560119152068
0.04316202923655509
-0.02336415648460388
0.04618695750832558
0.06472279131412506
-0.01651185005903244
-0.04981426522135735
0.014280367642641068
-0.09870675951242448
-0.10498034954071044
0.013679001480340956
0.04914185777306557
-0.06585408747196198
0.07330588996410371
-0.06814964860677719
0.01919872313737869
-0.014070549979805946
0.103543721139431
0.046809785068035126
0.10222192108631134
-0.08704682439565657
-0.0916597843170166
0.052878957241773605
0.053803808987140656
-0.11190001666545868
0.022651996463537216
-0.05260815471410751
-0.06788380444049835
0.010392302647233008
-0.0029060388915240765
0.04813907295465469
-0.016462096944451332
0.03376707062125205
-0.05989962443709373
-0.11735047399997713
0.029662391170859337
0.0067932442761957645
-0.08505582809448242
-0.006384389009326696
-0.023081146180629727
-0.04813328757882118
-0.01765536144375801
0.025536414235830307
0.018198758363723755
-0.056139152497053146
0.004689710680395365
0.08312442898750305
0.0841175466775894
0.056419491767883294
-0.04261264577507973
-0.08887099474668503
0.005007362458854914
0.02938798256218433
0.01760079711675644
-0.026032688096165657
-0.05728483572602272
0.1212530732154846
0.017344564199447632
-0.05445976182818413
0.03811028227210045
-0.009323474019765852
0.043428905308246606
0.007740603759884833
-0.13051871955394745
0.02745359018445015
-0.11069979518651962
-0.07817451655864716
-0.036042004823684685
-0.03732037916779518
0.03882504254579544
-0.01521221175789833
0.003980886656790972
0.03016846068203449
-0.13068668544292447
-0.01891948655247688
0.03917680308222771
-0.035624902695417404
-0.07478074729442595
0.04095342755317688
0.055875204503536224
0.0090340469032526
-0.05688604712486267
0.04043036699295044
0.04755574092268944
-0.09364550560712814
0.05769376084208488
-0.10414281487464903
-0.07576887309551239
-0.06827916204929352
0.08712532371282578
-0.012209578417241572
-0.012032940983772276
-0.06278263032436371
-0.03344304487109184
-0.021197374910116196
0.05388122424483299
-0.002826572861522436
-0.015075694769620895
0.0017352834111079571
0.011915323324501514
-0.01458745077252388
-0.03666866943240166
-0.07079611718654633
-0.11464761197566986
0.07121962308883667
-0.0028146388940513134
0.08031793683767319
-0.03183314949274063
-0.03848975896835327
0.05638483539223671
-0.003985162358731032
-0.005644487217068672
0.09410104155540465
0.05381376668810845
-0.034557461738586426
-0.1011878103017807
0.012275505810976028
0.00406917417421937
0.08412888646125793
-0.039456874132156365
-0.004637537058442831
-0.010314427316188812
-0.11538483947515488
-0.08393546938896179
0.12255637347698212
-0.11703163385391235
0.07018839567899704
0.01396302320063114
0.005299244541674852
-0.011491503566503525
0.005539276171475649
0.030819926410913467
0.029709286987781525
0.028339672833681103
-0.04992852732539177
-0.10377854108810423
-0.02626791410148144
-0.11092852056026457
-0.03901670128107071
-0.07950782030820847
-0.009480590000748634
-0.0035236659459769726
0.029912758618593212
-0.06362494826316833
-0.08833017200231552
-0.06937388330698013
-0.1223439797759056
0.05579673126339912
-0.1072643995285034
-0.05320907011628151
0.00012422760482877493
0.0585365928709507
-0.08417606353759764
0.055535983294248574
-0.0742596685886383
0.0066510275937616825
0.049257375299930566
0.05641727522015572
0.017833083868026733
-0.0452464371919632
-0.008402157574892044
0.04058617725968361
0.019037622958421707
-0.0058586099185049525
-0.021482849493622776
0.06317637115716934
-0.11414376646280287
-0.04787791892886162
-0.05138548091053963
0.07532966136932373
-0.006485429126769304
-0.1132136583328247
0.01084226742386818
-0.12224672734737396
-0.0011701096082106233
0.021626193076372143
-0.0875284969806671
-0.012349225580692291
0.110835924744606
0.0061696586199104795
0.027710184454917908
0.028121637180447575
0.016425106674432755
-0.021657977253198624
0.07776381075382233
0.01984156668186188
0.027945952489972115
0.08481688797473907
-0.018572147935628888
-0.06095634773373604
-0.07060129940509796
0.008909964933991432
0.031215650960803032
0.001939961104653776
-0.11117970943450928
-0.07360827922821045
0.025556903332471848
0.03622720018029213
-0.024139057844877243
-0.0945688709616661
0.03278145939111709
-0.07940854132175444
-0.01702633500099182
0.01280420273542404
-0.05945492908358574
-0.04732197895646095
0.02416718006134033
0.11420146375894547
0.05806641653180122
-0.04154100641608238
0.015108693391084673
0.02424163185060024
-0.046115096658468246
-0.003322418313473463
-0.09058019518852234
0.0810130089521408
-0.08140135556459427
-0.01462913304567337
-0.0933458134531975
0.08494634926319121
-0.026778362691402435
-0.11285685002803802
-0.05112360045313835
-0.019358597695827484
0.04889830574393272
-0.10465995967388152
0.012460676953196524
-0.030690807849168777
-0.06006430834531784
0.014995758421719074
0.024309394881129265
-0.047068964689970016
0.01854030042886734
0.027030644938349724
0.07140651345252991
-0.04257945343852043
-0.11855320632457732
-0.0681232139468193
0.057261068373918526
0.059790290892124176
-0.025645211338996887
-0.06451584398746489
-0.11241333186626434
0.05030999332666397
-0.0038072564639151096
-0.06508871167898178
0.027597056701779366
-0.018615921959280968
-0.08549739420413971
-0.09420238435268402
-0.1280411332845688
-0.057127777487039566
0.09616561979055405
-0.11364239454269408
0.027605824172496796
-0.10164300352334976
-0.005958697758615017
0.005170144606381656
-0.058327239006757736
-0.06351137906312944
0.03205491602420807
0.028957322239875797
-0.12341187894344328
-0.004790691193193196
0.0069672144018113604
0.02625338546931744
-0.0990997701883316
0.07484128326177597
0.019234083592891693
-0.02927241101861
0.07429751753807069
-0.026729898527264595
0.022773671895265576
-0.038509901612997055
0.06411246955394745
0.02415431849658489
0.081657275557518
0.011951878666877747
-0.004135788884013891
0.012479977682232857
-0.03342394903302193
-0.05524759367108345
-0.00033779500517994165
0.05339374765753745
-0.009616144001483917
0.08751454949378966
-0.026372987776994705
-0.006155891809612513
0.009561179205775263
-0.11979810893535614
-0.1108998656272888
-0.009034086018800735
-0.0618513859808445
-0.07559098303318022
-0.036747056990861886
0.11831848323345184
0.0013853296404704452
-0.013231744989752768
-0.10083980858325958
-0.03844724968075752
0.021161876618862152
-0.0822378769516945
0.05772912874817848
-0.053370866924524314
0.013224221765995024
-0.013761044479906557
0.07513487339019774
-0.03253479674458504
0.014738256111741064
-0.09914801269769667
-0.01449032500386238
0.10701115429401396
0.028982939198613167
0.10452701151371002
0.08410263061523436
-0.09847503155469894
-0.049869388341903687
0.018039900809526443
-0.00373509107157588
-0.1284268349409103
3.5059056244790554e-05
0.05274604633450508
0.011492418125271795
0.04299432039260864
0.00035742146428674454
-0.03264473006129265
0.01639614626765251
0.007404468487948179
-0.019450750201940536
-0.03010084852576256
-0.040638595819473274
-0.005847677122801542
-0.09029057621955872
-0.04080063477158546
-0.03337838128209114
0.043524198234081275
-0.04302635416388512
-0.00996951386332512
-0.046518180519342416
-0.060273844748735435
0.026073934510350227
0.033306315541267395
0.05928843840956688
0.007075079251080752
0.1163344383239746
-0.014440976083278656
-0.03961307555437088
-0.05352737382054329
-0.04497852548956871
0.04818025603890419
0.04445428028702736
0.11148792505264282
0.09692841023206711
0.02544009685516357
-0.12155956029891968
0.016428876668214795
-0.10648031532764433
0.0016787912463769317
-0.03932111337780952
0.04289579018950462
-0.01847064681351185
-0.0016623378032818437
-0.020473243668675423
-0.03013019636273384
0.04518982395529747
-0.0001760903978720307
0.07198165357112885
-0.014529280364513395
0.05909550189971924
0.14711476862430573
-0.10994359105825424
-0.0726465731859207
-0.04883379861712456
0.09493985772132872
-0.0989094153046608
-0.0824732333421707
0.10395470261573792
-0.01484588161110878
-0.05872933194041252
0.02214408852159977
0.142459437251091
0.005235542077571154
-0.021847518160939217
-0.00903317891061306
-0.0005250979447737336
-0.09491712599992752
0.016021233052015305
-0.019785473123192787
0.03697352111339569
-0.013664722442626951
-0.10868573933839797
-0.02325484901666641
-0.011982088908553123
-0.029098285362124443
-0.03818606957793236
0.002776831854134798
0.0355815552175045
0.02284458838403225
0.09140341728925705
0.0448194332420826
0.04814331978559495
0.07232437282800673
-0.07147113978862761
-0.045338064432144165
0.1305631846189499
-0.02984894812107086
-0.030495185405015945
-0.031001340597867966
0.0006512425607070327
-0.0054318527691066265
0.0121155409142375
-0.04831792786717415
-0.034236837178468704
0.0660872831940651
0.02565307170152664
0.012591205537319183
0.03233214467763901
0.022843554615974423
0.04929286614060402
-0.06267817318439484
0.05848858132958412
0.08609981834888458
0.03772086277604103
0.0803578570485115
-0.05433911457657815
0.1007847711443901
-0.020725315436720848
-0.04823066666722298
-0.0424225740134716
0.027898970991373066
-0.015917470678687096
-0.03224160149693489
0.10243000090122222
-0.009150927886366844
0.04542194679379463
-0.043459463864564896
0.13491903245449066
-0.08164368569850922
0.02214810624718666
0.09777888655662537
-0.05188863351941109
-0.04528789967298508
0.04776212945580482
0.029674977064132687
-0.0008382849628105759
0.007635725196450947
0.054540589451789856
0.05136990174651146
0.022423852235078808
-0.11946327239274979
-0.1120658740401268
0.03179202973842621
0.12219804525375366
-0.09556740522384644
-0.06642354279756546
-0.014714321121573448
-0.0015806664014235139
-0.11128584295511244
0.003821995574980974
-0.004120626021176577
0.014162028208374975
-0.01273476704955101
0.0012801591074094176
-0.008259223774075506
-0.0938662737607956
-0.04304004088044167
0.057796631008386605
0.04432471469044685
-0.05574128776788712
-0.07799127697944641
-0.007623802404850721
-0.069670170545578
-0.029825866222381592
0.02375331148505211
-0.031132817268371586
0.051214564591646194
-0.0386936143040657
-0.009076345711946487
-0.04523999616503716
-0.025837313383817673
-0.02849509008228779
0.05324289947748184
0.039816588163375854
-0.052304115146398544
0.0857025235891342
-0.05554552748799324
0.015412349253892899
0.10759037733078002
-0.020405299961566925
-0.06427338719367981
0.01869075559079647
-0.042252883315086365
0.05060070380568504
-0.046389389783144
0.048529759049415595
0.06789809465408325
-0.04572245851159096
0.05970104411244392
-0.08293326199054718
-0.02750941179692745
-0.08430469781160353
0.04014348238706589
0.051422841846942895
-0.06533124297857285
-0.004520484711974859
0.052438799291849136
0.02395312860608101
0.028648227453231808
-0.07278747856616972
-0.007282240781933069
0.01811022870242596
-0.12173827737569808
-0.07718639075756073
-0.022759621962904927
0.13186250627040863
-0.05037514492869377
-0.016959769651293755
-0.051243707537651055
-0.07573352754116057
0.0032829106785357
0.029721636325120922
-0.023326270282268524
-0.031152036041021347
-0.015342570841312408
-0.0005473276833072305
0.046924546360969537
0.03236794471740723
0.04392534866929054
-0.020331915467977524
0.035950612276792526
-0.0904003605246544
-0.11634550243616104
-0.0053943987004458896
-0.007760764565318822
0.040773529559373856
-0.09948384761810303
0.05442005023360252
0.08880513161420822
0.09135922789573667
0.09074676036834717
-0.03592594712972641
-0.05251416191458702
-0.08766508102416992
0.13125647604465485
0.022076861932873722
-0.04891480132937431
-0.12789763510227203
-0.05139514431357384
-0.10889764130115508
-0.04074877873063088
0.008945859037339686
0.043969165533781045
0.10317248106002808
0.08506777882575987
0.007062996271997689
0.007727802265435457
-0.041673678904771805
0.10653327405452728
-0.03029891476035118
-0.04302799329161644
-0.0727008804678917
-0.06713934987783432
-0.09202811121940611
0.07356663048267363
0.022132541984319687
-0.08758860826492308
-0.03412121906876564
-0.020546291023492813
-0.09157034754753111
0.10172530263662338
-0.028433233499526978
-0.001982690300792456
-0.002535832580178976
0.10201406478881836
0.062336333096027374
-0.05952904000878335
0.06430123746395111
0.015229081735014915
0.014110345393419264
-0.11114587634801865
-0.12047377228736876
0.06269922107458115
-0.11248454451560974
0.009860105812549593
-0.0823565423488617
-0.09004891663789749
-0.04305084049701691
-0.02203054539859295
-0.08773422986268997
0.06945967674255371
0.026627149432897568
-0.019566163420677185
-0.0940161794424057
0.025332476943731308
0.016292056068778038
0.027005774900317192
-0.023286709561944008
-0.12005075067281724
0.04217798635363578
-0.042298153042793274
0.03631643950939178
0.0644446462392807
0.019194668158888817
-0.010671624913811684
-0.11779470741748808
0.0049538747407495975
-0.009693529456853865
0.0936729684472084
-0.03327355161309242
0.02077161893248558
-0.018090900033712387
-0.07959651201963425
0.06260348856449127
-0.02754157967865467
-0.06595879793167114
0.0496949814260006
0.010787606239318848
-0.02262903563678265
-0.0017316952580586076
0.00041234528180211777
0.05864737555384636
0.038915123790502555
0.06339455395936966
-0.016477007418870922
-0.10875731706619261
-0.04560593515634537
-0.04511716589331626
0.08322142064571379
0.05801575258374214
0.07466749846935272
0.02682916447520256
0.01885829120874405
-0.11434416472911833
0.028506031259894368
0.07765626907348634
0.02035054564476013
-0.027926713228225708
0.2095870524644852
-0.0004890278214588761
0.007108050864189863
-0.07892595231533049
0.03968561068177223
-0.047642383724451065
-0.00426040543243289
-0.05903834477066994
-0.039162233471870415
-0.000843744375742972
0.042419593781232834
-0.09860655665397645
0.031231608241796494
-0.005595398601144552
-0.0503290370106697
-0.008426052518188953
0.007313187699764968
0.001698823063634336
-0.11251799762248992
0.026403207331895828
-0.08238981664180756
0.043337251991033554
-0.10436026751995087
-0.0004595048958435655
0.11530231684446333
0.00288756238296628
0.0009108887752518058
-0.11464755237102509
-0.06672865152359009
-0.0433068685233593
0.03831801563501359
0.03577646240592003
-0.04828117415308952
0.07573522627353667
0.020693520084023476
-0.11661910265684128
0.021569041535258293
-0.07131879031658173
-0.06073768064379692
0.02197633683681488
-0.01032897550612688
-0.052187729626894
0.011505817994475365
-0.10908818244934082
0.06668536365032196
-0.10314834862947464
0.012645486742258072
-0.002443329896777868
-0.010177437216043472
-0.09931721538305281
0.07729246467351913
0.006664909888058901
-0.042143356055021286
0.022218629717826843
0.04792821779847145
-0.08899051696062088
0.05301907286047936
-0.08476025611162186
-0.07552316039800645
0.06457716971635817
0.06343287974596024
-0.05821185931563377
0.11083614081144331
0.08880683034658432
-0.06936327368021011
0.007027724292129278
0.045053765177726746
-0.10231081396341324
-0.01525520347058773
-0.1156112402677536
-0.005402644630521536
-0.10635387897491456
0.03554900363087654
-0.03145674243569374
-0.022684546187520027
0.08470739424228668
0.007587604690343141
0.0770607441663742
-0.04384671524167061
-0.055286113172769547
0.029921606183052063
-0.05017305538058281
-0.01541277766227722
-0.037942327558994286
-0.023237165063619614
0.055241268128156655
0.05118808150291442
-0.08880789577960968
0.01145558338612318
0.10077463090419768
-0.09472209215164185
0.03533012047410011
0.04556594789028168
0.04582297056913376
-0.03069373592734337
-0.05365315452218056
-0.069941446185112
0.02602606266736984
0.11078451573848724
-0.019154701381921768
0.022667046636343
-0.009950121864676477
0.0023941961117088795
0.03992040827870369
-0.01133299060165882
-0.0646485686302185
-0.04714042320847511
-0.09270263463258745
-0.11035018414258956
-0.013351760804653168
0.031189503148198128
-0.057553257793188095
-0.03440287336707115
0.025634586811065677
-0.1247570514678955
-0.042782951146364205
-0.04799278825521469
-0.005532854702323675
-0.025919590145349503
0.033327877521514886
-0.07832321524620056
0.08413130044937132
-0.11762671172618865
0.02526328712701797
-0.10716437548398972
0.058424048125743866
-0.09108597040176392
0.019590394571423527
0.03726397454738617
-0.031743939965963364
0.012141759507358074
-0.07773051410913467
0.03316708654165268
-0.04320180043578148
-0.028469547629356384
0.09683689475059508
-0.01482885144650936
0.05698387324810028
0.0320681668817997
0.033672284334897995
-0.11638347059488297
0.04789523780345917
0.03831915929913521
-0.03155142813920975
-0.018211461603641513
-0.008661139756441116
0.022021863609552383
0.04837609827518463
-0.05021071434020996
-0.01051405631005764
0.034864261746406555
0.05313517898321152
-0.021264590322971344
-0.09205581247806548
0.05302910879254341
0.02865571156144142
0.026662757620215412
0.0756653994321823
0.023547403514385223
0.06087261065840721
0.04248175397515297
0.047142621129751205
-0.025518471375107765
-0.01407325267791748
-0.06255368143320084
0.1113610565662384
-0.04212663322687149
-0.1210118755698204
0.054745916277170174
-0.096298947930336
-0.025209175422787663
0.10517291724681854
-0.08060888946056366
-0.004974875133484602
0.07645608484745026
-0.07006665319204329
-0.048160720616579056
-0.04871397837996482
-0.039680056273937225
0.07537585496902467
0.003106954041868448
-0.06437726318836212
-0.09411747753620148
-0.04982212558388711
-0.06658776104450226
0.021505236625671383
0.047575995326042175
0.011194394901394844
0.005850865039974451
-0.053741790354251855
-0.05360862612724304
-0.012188894674181938
0.08889602869749069
-0.07727838307619095
0.09705249220132829
-0.017762992531061172
-0.032008066773414605
-0.04075737297534943
0.010801498778164387
0.04297600314021111
-0.003644525539129973
-0.001415413455106318
0.052666191011667245
-0.014721762388944624
-0.0171721912920475
0.02595273219048977
-0.03330312296748161
0.09600953012704848
0.020889628678560257
0.01105495635420084
0.04437033459544182
-0.08831708133220673
0.04393436014652252
0.024806449189782143
-0.0031687445007264614
0.11770543456077576
-0.02908850088715553
0.16508670151233673
-0.06638859212398529
-0.0728895664215088
-0.014190182089805605
0.020020676776766777
-0.03000611439347267
-0.0258806087076664
-0.00047207123134285206
0.00033941527362912893
0.0023543587885797024
0.015600000508129597
-0.061855081468820565
-0.08016999810934065
-0.025485457852482796
0.03272586688399315
0.12376295030117034
-0.027779130265116688
-0.016250278800725937
-0.06113694980740547
-0.10848267376422882
0.023493530228734016
-0.08705602586269377
-0.03418268635869026
-0.11452654749155045
0.1058276891708374
0.015322600491344929
-0.016966138035058975
0.0030452744103968143
0.016003040596842762
0.017038730904459953
-0.07174627482891083
-0.08779285848140717
0.09214995801448822
0.008736543357372284
-0.01182425394654274
-0.0061057559214532375
0.1331840306520462
0.019035480916500088
-0.04564891383051872
0.015637271106243134
0.04444602504372597
0.021818915382027623
-0.058403182774782174
0.019028685986995697
-0.036503616720438
-0.05293271690607071
-0.07023398578166962
-0.041718866676092155
-0.07702352851629257
0.05966724827885628
-0.012817677110433578
-0.05605504289269447
-0.1007908433675766
-0.06663589179515839
0.001616251072846353
0.025610361248254776
-0.05970754474401473
-0.01482522115111351
-0.00945642963051796
-0.006496287416666745
0.037323448807001114
0.036773789674043655
0.08478242158889769
0.08060692250728606
-0.010254446417093275
-0.06642898917198181
-0.08924382179975508
0.10249759256839752
0.0003934357082471251
-0.0815160796046257
-0.08327025175094604
-0.003315932583063841
-0.004066260065883398
0.005496651399880648
0.0004604546120390296
0.023392437025904652
0.04365912079811096
-0.01891349069774151
0.0389743410050869
-0.05210254713892937
-0.1166047602891922
-0.012882147915661333
0.030090313404798508
0.04822341725230217
-0.12325523048639296
-0.06425357609987259
-0.03198995068669319
-0.04462553933262825
-0.04769212752580643
-0.058071721345186234
0.08330763876438141
0.03213122487068176
0.06397990882396698
-0.11593539267778397
0.018286904320120808
0.054744001477956765
-0.022035278379917145
-0.01722823455929756
-0.009942272678017616
0.0029935059137642384
0.03526722639799118
0.005966905038803816
0.008366668596863745
0.06685891002416611
-0.009071597829461096
0.03785742446780205
-0.07198452949523926
0.02553962916135788
-0.11747704446315764
0.07573246955871582
0.020619662478566166
0.07837440073490144
0.029931703582406044
0.02944859117269516
0.07610133290290833
0.10757051408290864
0.012654377147555351
0.004451322834938765
0.06221933662891388
-0.08347246795892715
-0.015695709735155106
-0.10483539104461669
0.024989686906337735
0.011484239250421524
0.10844692587852478
0.008229873143136501
-0.010824887081980704
0.050297390669584274
0.020183600485324856
-0.014675583690404892
0.04000214114785194
0.10548271238803864
0.03505076467990875
-0.010293081402778624
0.08994071930646896
0.09701216965913773
-0.03756951168179512
0.11302638053894042
0.014277097769081593
-0.027434496209025383
-0.002459086012095213
0.015429746359586716
-0.04341217502951623
-0.03991645202040672
0.030176108703017235
-0.006143513601273297
-0.043492887169122696
-0.060069892555475235
0.046690147370100014
0.11055529117584229
-0.13979031145572662
-0.006843929644674064
0.09152600169181824
0.019813191145658493
-0.020162560045719143
-0.03026566654443741
0.041964557021856315
-0.05976798757910728
0.0613887757062912
0.04094626381993294
-0.01289212517440319
-0.021841341629624367
-0.07429514080286026
-0.11313940584659576
0.05488347634673119
-0.04104283824563026
0.06211297959089279
0.01634426601231098
-0.06387609243392944
0.03293180838227272
-0.026214879006147385
0.012364656664431097
0.044531747698783875
-0.0031100078485906124
-0.028377261012792587
0.005466825794428586
-0.08200465887784956
-0.0652582123875618
-0.07968638092279434
-0.010973626747727394
-0.0221627913415432
-0.04066244140267372
0.14653660356998444
-0.05358833447098732
0.024776693433523175
-0.015038589015603064
0.008415128104388714
-0.04281070455908775
-0.00973933096975088
-0.043737180531024926
-0.08585571497678755
-0.08866026997566222
0.07654628902673721
0.044478874653577805
0.13904617726802823
-0.0751059502363205
0.03843024373054504
-0.016760380938649178
-0.000730037339963019
0.12233861535787582
0.107603520154953
-0.06592665612697601
-0.04285047948360443
-0.02323453687131405
-0.02030258812010288
-0.0168010201305151
-0.09149063378572465
-0.10031051933765411
0.051913537085056305
-0.10402745008468628
-0.039887037128210075
0.0242866724729538
-0.09505072236061096
-0.04240244999527931
-0.04216125980019569
0.0757896900177002
-0.03067353367805481
0.043059669435024255
0.0842420607805252
0.02986102923750877
0.06601319462060928
0.10351979732513428
0.0722520500421524
0.07765816152095793
-0.10940881073474884
-0.03608622401952744
0.0471511073410511
0.08935696631669998
-0.07220859825611113
-0.019839869812130928
-0.02855808101594448
0.02425197325646877
0.06493741273880005
-0.09896279126405717
-0.0253252387046814
-0.012000728398561476
-0.016049541532993317
-0.02301642671227455
0.0569441020488739
0.016752583906054497
0.03233654797077179
-0.03497765585780144
-0.012720698490738869
0.08374917507171632
0.003036678303033113
0.008965484797954558
0.025796461850404736
-0.1006600335240364
-0.0360930934548378
-0.10610109567642212
-0.042881440371274955
0.038270853459835046
0.06486578285694121
0.05333083868026733
-0.03269120678305626
-0.04146766662597656
-0.039029192179441445
-0.070745550096035
-0.023373985663056374
0.02450069785118103
-0.08413107693195343
-0.030523706227540966
-0.07167994230985641
-0.03734027594327927
-0.023791629821062088
0.09528347849845886
-0.01957946829497814
-0.07640185952186584
0.16974672675132751
0.015211500227451324
0.04154229909181594
0.042478274554014206
0.03531671687960625
0.026301084086298943
0.020774252712726596
0.07143991440534592
-0.010936453938484192
-0.02578013390302658
-0.004547457676380873
0.112709179520607
-0.07421141862869263
-0.02234116941690445
-0.011291006579995155
-0.02590886503458023
0.033954668790102005
-0.03441553935408592
-0.04411743953824043
0.033697042614221566
0.03213692083954811
-0.03749756887555122
0.11387985944747923
-0.0005018037045374513
-0.0029847840778529644
-0.06974408775568008
0.021077007055282593
0.03588959202170372
-0.06925277411937714
-8.642079774290323e-05
0.06500117480754852
-0.07002890855073929
-0.013000543229281902
-0.028559453785419464
0.07592137157917023
0.06062407419085503
2.6659457944333557e-05
-0.0028344499878585334
0.00849262624979019
0.017853466793894768
0.04062702879309654
-0.033645372837781906
0.01014021411538124
-0.11299985647201538
-0.03711632266640663
-0.024965513497591015
-0.025668444111943245
-0.07631268352270126
0.05345314368605614
0.12647025287151337
0.044755812734365456
0.025457836687564846
-0.10399581491947174
-0.0538768507540226
-0.0055608334951102725
-0.02034264430403709
0.0318545401096344
0.02220040187239647
-0.10302186012268066
0.024038247764110565
-0.0626876950263977
-0.04744314029812813
0.06650473177433014
0.012493956834077837
-0.032374229282140725
0.04742090404033661
-0.07045358419418335
-0.0823717787861824
-0.09068856388330461
0.050291452556848526
-0.027470016852021217
-0.01463080570101738
-0.06201166287064552
-0.019668754190206528
0.025916285812854767
0.033305201679468155
0.05293385311961175
-0.07382286339998245
-0.09202578663825987
-0.0068929106928408155
-0.040406305342912674
-0.046297185122966766
-0.0024848501197993755
0.11921343207359313
0.033243268728256226
0.004916256759315729
-0.0557037815451622
-0.0799093022942543
-0.06708681583404541
0.008100833743810652
-0.021309209987521168
-0.009931256994605064
-0.11542516201734541
0.03620662167668343
0.05348481610417367
0.002141906414180994
-0.04313450679183006
0.08292749524116515
0.03377126157283783
0.03163740411400795
0.027952201664447784
0.03638372197747231
-0.07018879055976868
0.000670206150971353
-0.10134010761976242
-0.05070089176297188
0.0037106373347342014
-0.03322470188140869
-0.04673604294657707
0.006357901263982058
-0.052526552230119705
0.08620664477348326
-0.024277418851852417
-0.10027383267879486
-0.06199922040104865
-0.04814300313591957
-0.008013971149921417
0.03705672547221184
0.02985827997326851
-0.014917869120836256
-0.06397375464439392
0.0265798382461071
0.0026215533725917335
-0.07100534439086914
-0.05857931822538376
0.0056159314699471
-0.06531289964914322
0.020696006715297696
-0.00762407248839736
-0.040971770882606506
-0.10936032980680464
-0.016545940190553665
-0.017631465569138527
0.012601476162672043
-0.08126915991306305
0.12595073878765106
-0.008665444329380989
0.05390167608857154
-0.049495648592710495
0.002051249146461487
-0.07054056227207184
0.026383787393569943
-0.027539875358343124
0.006775334943085909
0.009799525141716003
0.02738613821566105
0.01051654666662216
0.036841314285993576
-0.02928056567907333
0.07789231836795808
-0.1254613697528839
-0.033915746957063675
-0.043825555592775345
0.01666148379445076
-0.03815214708447456
-0.08876627683639526
0.088859923183918
-0.11071809381246565
0.14738208055496216
-0.10054212808609007
0.02639187313616276
-0.06466661393642426
-0.06160873547196388
0.061969831585884094
-0.08073621988296509
-0.05903850123286247
0.021205848082900047
0.03657811507582664
0.03762347996234894
-0.0513157956302166
-0.07171009480953217
0.007808778900653123
-0.007995923981070518
0.013880154117941856
-0.009622395038604736
-0.04529155418276786
-0.05266965925693512
-0.026957755908370015
0.007354384753853082
-0.11093661934137344
-0.0740024521946907
-0.005855179857462645
-0.09087346494197843
-0.03664711490273476
0.03923818841576576
0.03840502724051476
-0.016562066972255707
0.08291496336460114
0.0392867736518383
-0.08343465626239777
-0.11932797729969025
0.027860669419169422
-0.007999109104275702
0.0893234834074974
-0.04848235473036767
-0.12402690947055817
-0.06915101408958435
0.061540476977825165
-0.0533224381506443
0.03181440383195877
-0.11866406351327896
0.04930203780531883
0.05659008026123047
-0.017202839255332947
0.034887228161096566
0.0772358626127243
0.007171223405748606
0.01951976493000984
-0.09200510382652281
-0.13886600732803345
0.0437258817255497
-0.013724513351917267
0.015584988519549368
-0.03094756230711937
0.08269767463207245
0.010359982028603552
-0.10899608582258224
-0.05195547640323639
0.02950400859117508
-0.0418422631919384
-0.036156922578811646
0.00335439620539546
0.046881616115570075
-0.1128646284341812
-0.03409811854362488
-0.046075314283370965
0.014276000671088696
-0.07693449407815933
-0.11723425239324568
-0.008720187470316889
-0.003422033507376909
-0.10475444793701172
-0.031855642795562744
-0.038725774735212326
-0.07105779647827148
0.0767800435423851
0.09346914291381839
-0.004680814687162638
-0.023643227294087407
0.017539428547024727
-0.060190897434949875
-0.0860641673207283
0.05611077696084976
-0.0502098985016346
-0.08409397304058075
0.011670897714793682
-0.06845419108867645
0.026628315448760983
-0.05911664292216301
-0.029182136058807373
-0.020451473072171208
0.032030776143074036
-0.022955313324928284
0.00969095900654793
0.023616138845682144
0.04336505010724068
0.06626658886671066
0.07275025546550751
-0.04192602261900902
0.03586973994970322
0.01835783943533897
0.057037290185689926
-0.06828656792640686
0.011647995561361313
-0.022777974605560303
-0.1271673887968063
0.031993310898542404
-0.0698789581656456
-0.011270267888903616
-0.024006204679608345
-9.934010449796915e-05
-0.08983522653579712
-0.04372303560376167
-0.08248227089643478
0.06015009805560112
-0.016087012365460396
0.01997798308730125
-0.010337294079363346
0.0026663201861083508
-0.04844633117318153
0.004780819173902273
0.06450388580560684
-0.003135239239782095
0.0056674019433558
-0.060919184237718575
-0.1011395752429962
-0.025229774415493008
0.003348452504724264
0.03769196942448616
-0.042513810098171234
-0.02351699024438858
0.0057147578336298474
0.08159762620925902
0.0965721607208252
0.061397876590490334
-0.012726737186312675
0.030110705643892288
0.043799001723527915
0.08352287113666534
-0.04569218307733536
0.03101799637079239
-0.0034104916267097
-0.007831726223230364
0.07260271161794662
-0.02652798779308796
0.0203293152153492
-0.02108500339090824
-0.047669246792793274
0.12381628155708312
-0.09138765931129456
-0.0021098661236464977
-0.12532640993595123
0.016735823825001717
-0.04925024136900902
-0.01069109421223402
-0.0004537670174613595
0.004116554278880358
-0.01415124163031578
-0.12059998512268066
0.07700855284929276
-0.06844973564147949
-0.12102267146110535
-0.10163047909736632
-0.10232459008693696
0.0036868732422590256
0.05404100567102432
-0.05213861912488937
0.11107242107391356
0.015605516731739044
-0.10271717607975006
0.028469970449805256
-0.015218917280435562
0.02532357722520828
0.10934808850288393
0.045522790402174
0.08072935044765472
-0.004844680894166231
0.0303005650639534
0.05806979164481163
-0.01872779615223408
0.06310876458883286
0.05804093927145004
0.009630454704165457
-0.09785101562738417
-0.02105039171874523
-0.04698869213461876
-0.04305368289351463
0.11596651375293732
-0.05427588894963264
-0.039124537259340286
0.04869323596358299
-0.05360654741525649
-0.05141549929976463
-0.12548062205314636
0.05793774873018265
0.03102326393127441
0.11645696312189102
-0.09414839744567872
-0.014165783300995827
0.01408814452588558
-0.04202250763773918
0.008520282804965973
0.03374349698424339
-0.11434622108936308
0.0006950333481654525
-0.04212188720703125
-0.019386939704418182
0.039547208696603775
-0.07251416891813278
0.009544654749333857
-0.029799748212099075
0.031372960656881325
-0.010648160241544247
-0.010972963646054268
0.03203331306576729
0.014772471040487288
0.02347593940794468
0.02250443212687969
-0.03983170166611672
-0.11850287765264512
-0.04059794545173645
0.02242126315832138
0.006072978023439646
-0.06319695711135864
0.005428394768387079
0.022677838802337646
0.02268915064632893
-0.02539292350411415
-0.015120210126042366
0.024042334407567974
0.07700864970684052
-0.05278696492314339
-0.02412549778819084
0.009084507822990416
-0.012016784399747849
-0.018786784261465073
-0.010582780465483664
-0.08709260076284409
-0.04711193218827248
0.12293576449155807
-0.0070445328019559375
-0.03032532706856728
0.029697870835661888
-0.06944520026445389
-0.00377944391220808
0.02463744394481182
-0.013756072148680685
-0.04641106724739075
-0.04794899001717568
-0.024089366197586056
-0.05476216226816177
0.09331238269805907
-0.11699697375297546
-0.12229351699352264
-0.012036092579364777
0.0917242020368576
0.008450502529740334
-0.06840547919273376
0.015049004927277563
-0.0179672259837389
0.009470465593039988
0.003335059154778719
-0.05030269548296928
-0.00230873329564929
0.108871191740036
-0.05974337086081505
-0.005434886086732149
-0.019946800544857975
-0.08994053304195405
-0.033164490014314645
0.11896710097789764
0.10626567900180817
0.0029052612371742725
-0.008913343772292137
-0.04495930299162865
-0.06327824294567108
-0.020793894305825237
-0.056434933096170425
-0.054358340799808495
-0.07908573746681213
0.13785481452941895
-0.03916532546281815
-0.10027091205120087
0.07650049775838853
-0.04226046055555344
0.14415264129638672
0.025407586246728897
0.01335320807993412
-0.016947709023952484
-0.05498819425702095
0.012403668835759161
-0.06551861017942429
-0.0173941683024168
-0.0869019404053688
-0.039905961602926254
-0.05286972597241402
-0.044606421142816544
0.013585757464170456
-0.08319909125566481
-0.05763117969036102
-0.06993299722671509
-0.030912093818187717
-0.04104002937674522
-0.05246474966406822
0.003297641407698393
-0.11047539860010148
0.042291935533285134
0.005186055321246386
0.0047630579210817805
-0.05294353887438774
0.08876976370811462
-0.023365002125501633
-0.11256758868694304
-0.009282462298870087
0.03501289337873459
0.01608499139547348
-0.049049582332372665
-0.016194254159927368
0.049307871609926224
-0.11005545407533644
-0.03623954579234123
0.06324401497840881
-0.00013881514314562082
-0.0905182808637619
-0.01126351859420538
-0.12836593389511108
-0.02456404268741608
0.01912270113825798
0.021683067083358765
0.023905929177999496
-0.009351475164294243
-0.0099504217505455
0.05389786139130592
0.046444974839687354
-0.07356266677379608
-0.09532716870307921
0.043600495904684074
0.00027853099163621664
0.043187420815229416
-0.07749465107917786
-0.07764765620231628
-0.058143619447946555
0.03132418915629387
-0.06166210398077965
-0.011731544509530067
0.004904582630842924
0.01925751194357872
0.012081922963261604
-0.006288984324783087
-0.019400121644139286
-0.034606363624334335
-0.09254413098096848
0.009890411049127577
0.059077609330415726
0.05723758414387703
-0.07255963981151581
0.015293829143047333
-0.03589189425110817
-0.12145233899354935
0.00036877987440675497
0.049992017447948456
0.07799645513296126
-0.04295032098889351
0.10191230475902556
-0.017920132726430893
-0.08196008205413817
0.010670641437172888
0.03109242580831051
0.005124529357999563
-0.06432050466537476
0.024121005088090897
0.1339641660451889
0.003416941035538912
0.030126703903079033
-0.054405733942985535
-0.047274451702833176
0.0717649906873703
0.0009452145313844084
0.12438532710075378
-0.061329979449510574
0.13748227059841156
-0.07170910388231277
0.01500893011689186
0.01824718341231346
-0.02105535939335823
0.025795957073569294
0.01164480112493038
0.033778879791498184
0.07533092051744461
-0.034761734306812286
0.15195046365261075
0.004862853791564703
-0.0055421325378119946
-0.02921265736222267
-0.11170335859060287
0.014835954643785952
-0.007779340725392102
0.008432176895439625
-0.1291288286447525
-0.01256515458226204
-0.0727485865354538
-0.12415146827697753
0.05138412117958069
0.058009698987007134
-0.05481575429439545
0.02203764021396637
-0.11043232679367064
0.03385898843407631
-0.07426290214061737
-0.02123374491930008
-0.05882265791296959
-0.10066153109073638
-0.01581912487745285
-0.022326815873384476
0.0986250340938568
-0.008179649710655212
-0.05587485060095787
0.041806068271398544
-0.06314289569854736
-0.011030485853552818
0.016573982313275337
0.04539572075009345
-0.10216972976922988
-0.1313849240541458
-0.01845494471490383
-0.06265947967767715
0.07272548973560333
0.05583589151501656
0.07812315970659256
0.020350899547338486
0.05423292517662048
0.15463466942310333
-0.033260643482208245
-0.03452419489622116
-0.10842427611351012
-0.11199519783258438
0.14620469510555267
0.03806469216942787
-0.02620984613895416
0.058626670390367515
0.05750340223312378
0.004126338753849268
-0.06286740303039551
0.062419168651103966
-0.007936760783195494
0.015955111011862755
-0.0026783109642565246
0.030398059636354446
0.005844971630722284
-0.018077559769153595
-0.05773342400789261
-0.10370236635208128
0.011889207176864147
0.10254713147878645
0.043439287692308426
-0.023554394021630287
-0.04627419635653496
0.021863665431737896
0.07499782741069794
-0.007147954311221838
0.014786090701818466
-0.008643349632620811
-0.015942681580781937
0.053468700498342514
-0.06694555282592773
0.009021293371915816
0.059079155325889594
-0.08875509351491928
-0.020916229113936424
0.02123144641518593
-0.030158262699842453
-0.03125728666782379
-0.10930295288562775
0.01174183189868927
-0.03972029313445091
0.01717010699212551
0.028888598084449768
0.02097174897789955
-0.05522757396101952
-0.06583823263645172
-0.014150952920317648
0.08248168975114822
0.020226264372467995
-0.1025792583823204
0.04583560302853584
-0.06888851523399353
0.05305596068501472
-0.025939231738448143
0.04347911104559898
-0.008987654000520706
-0.06046166643500328
-0.010061368346214294
-0.06330832839012146
0.028045684099197388
-0.02357965521514416
-0.014520516619086264
-0.04512143507599831
0.13434714078903198
-0.05939130112528801
0.08131749927997589
0.04991070926189423
0.05684897676110268
-0.02496284246444702
-0.03156007081270218
0.0693230852484703
0.07537154853343964
0.10504589974880219
0.03431976959109306
-0.05213310569524765
-0.056490786373615265
0.03306860104203224
0.06645495444536209
-0.030427899211645126
-0.02002289891242981
-0.01253466121852398
-0.06690466403961182
-0.05078136920928955
-0.014554973691701887
-0.0027464027516543865
-0.07745113968849182
0.06259369850158691
0.02329608052968979
-0.042442686855793
-0.0216539166867733
-0.05637631192803383
-0.019172046333551407
-0.07654805481433868
-0.016716573387384415
-0.11028550565242767
0.09976466000080109
-0.008384688757359982
-0.027831368148326877
-0.11248380690813065
0.04642728343605995
-0.03567938506603241
-0.08085857331752777
-0.062263119965791695
-0.08619704842567444
0.02876726910471916
0.007709261495620013
0.05543049424886704
0.024662841111421585
0.0379534289240837
0.0139352660626173
0.113230362534523
0.02703455090522766
-0.06269784271717072
-0.09535311162471773
-0.007891189306974411
-0.03471919149160385
-0.013402706943452358
0.057802941650152206
0.02569369599223137
0.11993495374917984
0.004425270017236471
0.01280125230550766
-0.062044966965913766
-0.009344724938273426
-0.028366681188344955
-0.004055756609886885
-0.06899561733007431
-0.027526492252945896
-0.04088085517287254
-0.109681636095047
-0.09793271124362944
-0.031547557562589645
-0.06472693383693695
-0.07197016477584839
-0.122564360499382
-0.1070028617978096
-0.016073239967226982
-0.07337477803230284
-0.011129288002848623
-0.1133558303117752
-0.10659734159708024
-0.04944537952542305
0.008625522255897524
0.13281722366809845
0.0928124189376831
-0.039818834513425834
0.19744317233562467
0.08279018849134445
-0.006437699776142836
0.03767910227179527
-0.0890744924545288
0.019758891314268112
0.032655831426382065
0.04124416783452033
-0.1035005748271942
0.04521467164158821
0.08889293670654298
-0.01162851508706808
-0.1037730798125267
0.04348684474825859
0.130941703915596
-0.05103670060634613
0.01598999835550785
0.05736514180898666
-0.05847305804491043
0.01088352594524622
0.16188162565231323
-0.002061109524220228
-0.10603711009025572
0.07954479753971101
0.08295692503452301
-0.1187809333205223
-0.03644072636961937
-0.12013380229473114
0.017293987795710564
-0.10301079601049425
0.0012722316896542907
-0.014299058355391024
-0.12821868062019348
-0.061636302620172494
0.07586432993412019
-0.016165481880307198
-0.021264130249619484
0.01802202872931957
0.060495465993881226
-0.06615784764289856
-0.09161476790904999
0.015467581339180468
-0.012370596639811993
0.08614780008792877
0.044923219829797745
0.040428765118122094
0.08546818047761917
0.06043301150202751
-0.12238186597824097
0.034728635102510445
0.008205808699131012
-0.00834692269563675
0.05916531756520271
0.010910196229815485
-0.10316424071788788
0.11151123046875
0.002682231832295656
-0.006150211673229933
0.11224273592233656
-0.002583099063485861
-0.07712461054325102
-0.07538113743066788
-0.10004830360412596
-0.024159949272871017
0.044777210801839835
0.0168895423412323
0.09601283073425294
0.03034653887152672
0.03693680465221405
-0.014954421669244766
-0.030381031334400177
-0.01860455609858036
-0.002456456888467073
-0.006648860406130552
0.027824638411402702
-0.10531798005104064
-0.11270897835493088
-0.027118179947137833
0.12221594154834747
-0.010556183755397797
-0.12365892529487608
-0.08100308477878569
-0.0007024403894320129
-0.022744279354810715
-0.005350154358893633
0.07766550779342651
-0.008969398215413094
0.016371306031942368
-0.017530720680952072
0.047729458659887314
0.03478917106986046
0.0876186192035675
-0.06046079471707344
-0.11748646199703217
0.034900352358818054
0.01540832594037056
-0.0056918407790362835
-0.08919663727283476
-0.046321310102939606
-0.013311418704688547
-0.05045704171061516
-0.07565084844827653
0.051294561475515366
0.09777432680130003
0.07880351692438124
-0.04295685514807701
-0.11718688905239104
-0.04529942572116852
0.04293622449040413
0.02694055810570717
-0.06338387727737427
-0.06875587999820709
0.04791037365794182
-0.033056434243917465
0.001138238119892776
0.0268884040415287
0.05851769819855689
-0.11658959090709686
-0.003059078473597765
-0.09372849762439728
-0.09269240498542784
-0.057580005377531045
0.031406983733177185
0.039918456226587296
0.03739455714821816
-0.0376911424100399
0.1300484985113144
-0.053761254996061325
-0.05790401995182037
0.0015091024106368423
-0.016362931579351425
-0.02827894315123558
0.03635871410369873
-0.02153688110411167
0.07422588020563124
-0.007271408569067715
-0.09173771739006041
-0.05057091265916824
-0.10075347870588303
-0.0847126767039299
-0.012947442010045052
0.060472678393125534
-0.009175013750791548
-0.011742380447685719
0.08798705041408537
0.058989107608795166
-0.04731883481144905
0.01496755424886942
-0.037772912532091134
0.010989280417561533
-0.09576033055782318
0.04434837400913239
0.016374224796891212
0.03443833813071251
-0.002657025586813688
-0.1125565767288208
0.048148494213819504
-0.019161876291036602
-0.09065897762775421
0.04842295870184898
-0.07700935006141663
-0.09706621617078781
-0.027443416416645047
-0.1028524786233902
0.11041834950447083
-0.02183842472732067
0.07802025228738783
0.07895727455615997
0.06134064868092537
0.11531205475330351
0.06148386374115944
0.016034958884119987
0.00142558419611305
-0.0543956346809864
0.01646440662443638
-0.0011848114663735032
-0.007638730574399232
0.09652893245220184
0.008311634883284569
0.08934371173381805
0.0350152812898159
-0.08850528299808502
0.03307681903243065
0.040715772658586495
-0.0005313843721523881
-0.08277010917663574
0.007751133758574723
-0.04075946286320686
-0.053488925099372864
0.081610769033432
0.025320585817098618
0.0558459609746933
-0.011472374200820923
0.010354180820286272
0.054010577499866486
0.009879052639007568
-0.02051718719303608
-0.007884975522756577
0.005754987243562937
0.050230108201503754
-0.1030912846326828
-0.017561089247465134
-0.11072053015232086
-0.09571091830730438
0.03896403685212135
0.04853307083249092
-0.12151163816452026
0.10832221806049346
-0.122873455286026
-0.004861782770603895
0.014471629634499548
0.05942489206790924
0.03477807343006134
0.03110330179333687
-0.037133000791072845
0.02536059357225895
0.010611716657876968
0.0489683635532856
0.005071544554084539
-0.013016315177083015
0.021711718291044235
-0.057216826826334
0.003029962535947561
0.041838891804218285
-0.055568218231201165
0.1282398551702499
-0.041632089763879776
0.04057285189628601
-0.0027502938173711296
0.020242374390363693
-0.03660853207111359
0.04095272347331047
-0.06439797580242157
-0.061003707349300385
-0.04837791994214058
0.05079944804310799
-0.10182181000709532
0.041843630373477936
-0.12124423682689665
-0.03937811031937599
0.006926810834556818
-0.05872316285967826
0.04563211277127266
-0.021382881328463554
-0.040913306176662445
-0.019054381176829335
-0.032817427068948746
0.10747000575065611
0.08807934820652008
-0.09832125902175903
-0.11180564761161804
-0.046565886586904526
-0.1151636242866516
-0.041835550218820565
0.0042640273459255695
-0.0035978346131742
0.057908203452825546
-0.08129666745662689
0.009465383365750313
-0.04558336362242699
-0.04783452674746513
-0.05873717740178108
0.0045308577828109264
-0.04600490257143974
-0.07126261293888092
-0.05885588005185127
-0.03096337988972664
0.04659201204776764
0.058481957763433456
0.0959278643131256
0.05785955861210823
-0.09018396586179732
0.04663827270269394
-0.037550508975982666
0.004555715713649988
-0.0626547634601593
-0.03499317169189453
-0.03557557612657547
-0.10613256692886353
-0.11603814363479614
0.008976640179753302
0.04789415001869202
0.021779339760541916
0.0006024636095389724
0.08179938793182373
-0.039256256073713296
0.029424076899886128
-0.04767490550875664
-0.016515005379915237
0.031705424189567566
-0.002656941767781973
0.027150940150022503
0.06509418785572052
-0.0477147214114666
-0.06071180477738381
0.17942970991134644
-0.09005015343427658
-0.023072965443134308
-0.0481024645268917
-0.04383876919746399
0.03188713267445564
-0.014563243836164474
-0.039661068469285965
0.004229957703500985
0.11740924417972563
-0.009289862588047981
0.04651482030749321
0.011722683906555176
-0.007026666309684514
-0.03755095601081848
0.0039540003053843975
0.03884326294064522
0.06768302619457245
-0.08513173460960387
-0.022935139015316963
0.04508816823363304
0.004160693380981684
0.022398415952920917
0.0552111379802227
-0.01770929805934429
0.048532117158174515
0.025661883875727654
-0.014942992478609083
0.0035636951215565205
0.08006710559129715
0.07156935334205627
-0.08243097364902496
-0.01210326701402664
-0.05764322727918625
0.04436118900775909
-0.0998418778181076
-0.04679657891392708
0.028046965599060055
-0.031266357749700546
-0.11233095824718475
-0.0626649484038353
0.08154762536287308
-0.07258865982294081
-0.04601588472723961
-0.05251946672797203
0.0594293475151062
-0.09622952342033386
-0.03734026476740837
0.007767656352370977
0.01595389097929001
-0.03533279523253441
0.0165142435580492
-0.112720787525177
-0.040804211050271995
-0.009396463632583618
-0.019034031778573986
-0.0040824697352945805
0.03031871281564236
-0.13023626804351807
0.03248829394578934
-0.007851107977330685
-0.09027853608131409
-0.02062904462218285
0.08417203277349472
-0.06342578679323196
-0.06971783190965652
0.019141541793942448
-0.05183415114879608
0.10486554354429244
-0.04238063469529152
0.03809614107012749
-0.0229521244764328
-0.10385721176862717
0.039480734616518014
0.005025670398026705
0.02498801611363888
-0.03617564216256142
-0.007785506080836058
0.07469883561134337
0.005460199434310198
0.04292337223887444
-0.058282345533370965
-0.043736714869737625
0.06591125577688217
-0.05934521183371544
-0.045213624835014336
-0.023895958438515663
0.011725902557373045
-0.010715711861848831
0.01678858883678913
-0.013351710513234138
0.055095992982387536
-0.006862969603389502
0.0553307794034481
-0.011013129726052284
-0.0730128139257431
-0.04987483099102974
-0.1093757078051567
-0.023575657978653908
-0.04620733484625816
-0.0823705643415451
0.03215436264872551
0.013873672112822533
8.640845771878956e-05
0.07936474680900572
0.028229128569364548
-0.0423797033727169
0.0042436434887349606
0.0296074952930212
0.011740040034055708
0.07946087419986723
-0.030319202691316605
0.061372511088848114
0.058084461838006966
-0.10346889495849608
-0.03460102155804634
-0.0041454038582742206
0.020108211785554882
-0.018640361726284027
-0.07314625382423402
0.02310276031494141
-0.004306841641664505
0.02869213186204433
-0.02177424542605877
-0.06342968344688416
0.13278301060199735
-0.1117735207080841
-0.06747408956289291
0.025271013379096985
0.04811625555157661
0.027081165462732315
-0.025559160858392715
-0.03779916837811471
0.000516763306222856
0.029272103682160378
-0.006032969336956739
0.0020674332045018673
-0.03054744377732277
0.021430324763059616
-0.08643613755702972
-0.11967420578002928
-0.04278955981135368
-0.0341363251209259
0.08048423379659651
-0.04328210279345512
-0.05041411146521568
-0.10578015446662901
-0.03810660168528557
0.1311950534582138
0.009766170755028723
0.031107736751437187
-0.05049145966768265
-0.01683664321899414
-0.018620565533638
0.07154573500156403
-0.03883751109242439
0.030232980847358704
0.0005419509252533317
-0.025804851204156876
-0.01871287263929844
-0.06964615732431412
-0.08739330619573593
0.011895738542079924
0.022088658064603806
0.03844323754310608
-0.03966434672474861
0.12539176642894745
-0.0002921965206041932
0.050856906920671456
0.015869462862610817
-3.6116340197622776e-05
0.011599580757319927
0.01831832528114319
0.05064637213945389
-0.08395558595657347
0.04799101129174232
0.025080507621169087
-0.03992068022489548
0.004189048428088427
-0.06318743526935577
-0.103106290102005
0.005838835146278143
0.08460889756679536
-0.03993276134133338
0.05189327523112297
-0.11281922459602356
-0.005019704345613718
0.07551796734333038
-0.039925158023834235
-0.03581380099058151
-0.06819276511669159
-0.029484817758202553
0.04322520270943642
-0.09251165390014648
-0.0034939167089760303
0.15446223318576813
0.016212407499551773
-0.0005010009044781327
0.10436701029539108
-0.12323269248008728
0.03961799666285514
0.102753184735775
0.053307797759771354
-0.05345406755805016
0.023867832496762276
-0.060752443969249725
-0.023662272840738297
-0.005695577245205641
0.016393419355154037
-0.019727740436792374
0.05510656908154488
0.01638321578502655
-0.09604416042566301
-0.022397592663764957
-0.004072186071425676
-0.035383615642786026
-0.03271889314055443
-0.029746634885668755
-0.12216199934482574
0.03709438815712929
0.10206873714923859
0.0385153703391552
0.011917481198906898
0.06717736274003983
0.018583865836262703
0.028727002441883087
-0.06860250234603882
-0.020650669932365417
-0.09061469137668608
-0.07469308376312256
0.004213022533804177
0.011392856016755104
-0.05697844550013542
-0.02233647182583809
0.15748985111713407
-0.026166561990976334
0.16478560864925385
-0.06760518997907639
-0.1174635663628578
-0.01150451134890318
-0.06001606211066247
0.03954636678099632
0.07109384983778
-0.011157399043440819
-0.1105409562587738
-0.014248374849557877
0.00022038572933524847
-0.08879441767930984
0.000497933360747993
-0.045516613870859146
0.04932307079434394
-0.017153816297650337
-0.0811447724699974
0.010042309761047363
-0.05375252291560173
-0.06153598800301552
0.009171130135655405
-0.08612938970327377
-0.0015769765013828871
0.04097896441817284
0.003432175610214472
0.01807025261223316
0.014100652188062668
-0.04376176372170448
-0.02952034957706928
0.04410979524254799
-0.04238677397370338
-0.009085850790143011
0.01615256443619728
0.19719339907169345
0.004983595106750728
0.16302622854709625
0.02067548595368862
-0.0347975492477417
-0.10726933926343916
-0.06952919065952301
0.08708228170871735
0.023750972002744675
-0.04015352204442024
-0.1036909893155098
0.017176838591694832
0.019209688529372212
0.09381065517663956
-0.015816321596503254
0.05390287190675736
-0.08302469551563264
-0.06506603956222534
-0.06878761947154999
-0.04566941037774085
-0.0020822728984057903
0.057857926934957504
-0.04950016364455223
0.059201303869485855
0.001910430728457868
-0.007539458107203245
-0.03221556544303894
0.06295685470104218
-0.1135955974459648
-0.003365405835211277
-0.00206478638574481
0.02421864867210388
0.002074828837066889
0.06761695444583893
0.000864893547259271
0.04394761100411415
0.0023079202510416508
-0.04891638830304146
0.017477095127105713
-0.04208553954958916
0.0009186792885884642
-0.017033718526363373
0.06245284155011177
0.05824169889092445
0.04805103689432144
0.029408104717731476
0.034627947956323624
0.05145035684108734
0.10090455412864684
0.09417074918746947
-0.0231400728225708
0.07135409116744995
0.08741930872201918
-0.07426755875349043
-0.08450816571712493
0.05236969515681266
-0.06118261441588402
-0.05034897476434708
-0.09431584924459456
-0.05080159381031991
0.02634909749031067
0.01568916067481041
0.04404450207948685
0.0181465707719326
0.05082256719470024
-0.026865191757678986
-0.014648066833615305
-0.027810756117105484
-0.013494716957211494
-0.05112897604703903
-0.07370288670063017
0.02673317492008209
0.025930466130375866
-0.11364591866731644
0.04201774299144745
-0.0007280312711372972
-0.06116753444075584
-0.05003734305500984
-0.01366034522652626
-0.010672418400645256
-0.005824949126690625
-0.01651585102081299
0.07381220906972885
-0.05847223475575447
-0.017100602388381958
-0.0008979520061984657
-0.017439022660255432
-0.02690398879349232
0.06639599800109863
-0.031243152916431427
0.02168654091656208
-0.10170593857765196
0.02915314957499504
-0.04833441972732544
0.02421986684203148
0.014038659632205963
-0.03433303162455559
0.03986027091741562
-0.03228546679019928
0.05341889709234238
-0.04942048713564873
-0.08498433232307434
0.044309843331575394
0.03002713620662689
-0.10521113872528076
0.02403634786605835
-0.0003617812180891633
0.07816980034112929
-0.03148337081074715
0.04154284670948982
-0.04284655675292015
-0.022348441183567047
-0.03420764580368996
-0.07423217594623564
0.07059923559427261
0.08462459594011305
-0.09066467732191084
0.02393675595521927
0.07197566330432892
-0.007249166723340749
-0.08065669238567352
0.11917367577552795
-0.08021561801433563
-0.07004007697105408
-0.011391505599021912
0.0412219725549221
-0.021939801052212715
-0.002426146063953638
-0.050350215286016464
0.04794488847255706
-0.01272562239319086
0.02026364207267761
0.02372586354613304
0.048552226275205605
0.08202748745679854
-0.015355292707681656
0.13368076086044312
-0.09596250951290129
-0.04615275189280509
0.08975203335285185
0.11247240006923676
0.011027852073311804
0.022695604711771008
0.03736001253128052
-0.040529388934373856
0.01519035268574953
0.04789132252335549
0.13110846281051636
-0.025043472647666928
-0.07476194202899933
0.03702668473124504
0.06660988926887512
-0.0800657421350479
-0.09407196193933488
0.061894390732049935
0.056240089237689965
0.028961047530174252
-0.04393019899725913
0.02110648527741432
0.009399252012372017
-0.048031266778707504
-0.050419364124536514
0.0382302664220333
0.0002678887685760856
-0.07331858575344084
-0.10176171362400054
0.06491248309612274
0.0407252199947834
0.03695966675877571
-0.006049679592251778
0.0049103316850960255
0.01342825312167406
-0.054619487375020974
-0.057865265756845474
-0.0586729422211647
-0.10171613097190856
-0.02466876618564129
-0.017695939168334007
-0.03203804045915604
0.006490994710475206
0.017818549647927284
0.09912221133708954
-0.0914069414138794
-0.1038684993982315
-0.1001988649368286
-0.01928526908159256
0.03894936293363571
0.0241343267261982
-0.00954191107302904
-0.025467097759246823
0.003214885015040636
0.03415131196379661
-0.0295733530074358
-0.012044055387377737
-0.02821984887123108
0.047342944890260696
0.030457407236099243
0.030140036717057228
0.05239436402916908
0.07100951671600342
0.033627767115831375
-0.03759386017918587
0.05365169048309326
-0.05868590623140335
-0.03758528456091881
-0.007001933176070452
-0.05561227723956108
0.02477176114916801
0.02033667452633381
0.015155505388975143
-0.04631518945097923
-0.02018705382943153
0.11844532191753387
0.018725752830505368
-0.008397325873374939
0.013228662312030792
-0.06184055283665657
-0.06357057392597198
-0.10053666681051254
-0.036100760102272034
0.021561095491051677
0.013395983725786207
-0.011138908565044405
0.026910189539194107
0.03319545462727547
0.06591678410768509
0.012827491387724876
0.024574637413024902
0.06170736253261566
0.03149811550974846
-0.0747632011771202
0.023423135280609127
0.03094392269849777
-0.009661227464675903
-0.1033441051840782
-0.014075458981096745
0.04608601331710816
0.07135598361492157
-0.008969787508249283
-0.02136348560452461
-0.010235901921987532
0.010849910788238049
-0.027374012395739555
-0.09722650051116943
0.08458293974399567
-0.08566145598888397
0.16433487832546234
-0.0916941463947296
0.007163653615862131
0.0608026199042797
-0.055114421993494034
0.03266483172774315
-0.08449234068393707
-0.025503769516944885
-0.10776499658823012
-0.09292055666446684
-0.08301115781068803
-0.014379508793354034
0.03365347534418106
0.028644312173128128
0.0059347073547542095
-0.021377036347985268
-0.024222034960985184
0.11201187223196028
0.01741046272218227
-0.027137005701661106
-0.10206369310617446
-0.010158196091651917
0.03391126170754433
-0.06476831436157227
0.029637655243277546
0.06980244815349579
-0.07563760876655577
-0.06330585479736328
-0.009929927065968512
-0.006693513598293066
0.001974970567971468
-0.018902422860264775
-0.022420734167099
0.007407114375382663
0.04669303074479103
0.03405478969216347
-0.0277426578104496
0.08710055053234099
-0.015847301110625267
-0.05802924931049346
0.027832083404064175
-0.045140940696001046
-0.11253350228071211
-0.06419789046049118
0.005644409451633692
-0.005926053505390882
0.03623784333467484
-0.03157138451933861
0.06164690479636192
-0.006928747054189444
0.1345844268798828
-0.031039942055940628
0.0018897954141721127
0.042577039450407035
-0.0017075651558116078
0.014195103198289871
-0.0003139484906569123
-0.04351047426462173
-0.0469408854842186
0.133487269282341
0.0749128982424736
0.01815495640039444
0.058079909533262246
0.1033957302570343
0.12282892316579817
-0.06487029790878296
-0.0671776831150055
-0.008940054103732109
-0.01667223498225212
-0.01785382814705372
0.032542794942855835
-0.06265439838171005
0.0186564102768898
-0.06598126888275145
-0.07678429782390593
0.005116980057209729
-0.000927105196751654
0.017089232802391052
0.02736496925354004
-0.11173170804977416
-0.10942068696022032
-0.04580050334334373
0.019096188247203823
-0.036532506346702576
-0.0682457983493805
0.017868340015411377
0.08888204395771025
0.06117099896073341
-0.0922299325466156
0.00038313155528157944
-0.013805238530039787
0.0422096811234951
-0.10442614555358885
0.0681271180510521
0.014867272228002548
-0.0113581120967865
0.14341837167739868
-0.1224880963563919
0.024934234097599983
-0.0016597580397501588
0.03137661889195442
-0.015015572309494019
0.03938251361250877
-0.11844389140605927
0.015665052458643913
-0.050718005746603005
-0.11998604983091354
-0.11526867747306824
0.024065667763352398
0.09709282219409943
0.1542375236749649
0.025444705039262768
-0.050374235957860954
-0.013644606806337832
0.027695022523403168
-0.0006364748114719987
-0.11313432455062866
-0.0405987910926342
0.014087917283177376
-0.07369501888751982
-0.11135323345661163
-0.018868643790483475
-0.09995432198047637
-0.01978948339819908
-0.005462162662297487
0.04216102138161659
0.024170372635126117
0.029281476512551308
-0.04313682019710541
0.06689824163913727
0.05668306723237038
-0.09117524325847624
-0.013140956871211529
0.0062862266786396495
-0.07092982530593872
-0.04873229935765266
0.1026829183101654
-0.007352932821959258
-0.017330363392829895
0.04094778373837471
0.1336318999528885
0.006151189561933279
0.0017159640556201339
-0.08417730033397673
0.031701873987913125
-0.035486940294504166
0.008691325783729553
-0.02604665793478489
0.031562671065330505
-0.10332304239273073
0.05075010284781456
0.005872624460607767
0.008983212523162367
0.041627801954746246
0.0782179608941078
-0.006651933770626783
0.03930435702204704
0.061244674026966095
-0.012737110257148743
0.009530290961265566
-0.029934436082839962
-0.007083419244736433
0.06752768158912659
-0.04204123467206954
-0.002482969779521227
0.0528249479830265
-0.0929325670003891
0.03947807848453522
-0.11326004564762115
-0.04438840225338936
-0.017558131366968155
0.10244283080101012
-0.06465980410575867
-0.05579440668225288
0.006574893835932016
-0.030355874449014664
-0.01792740263044834
-0.08488212525844574
-0.012917496263980864
0.009148536249995232
0.03444421663880348
-0.05168446525931358
0.04730832576751709
0.03550172597169876
-0.0682283490896225
0.005879655946046114
0.0041310680098831645
0.019645892083644863
0.06755951792001724
0.06878733634948729
0.10832014679908752
0.009487003087997437
0.029247719794511795
-0.0034850710071623325
0.0026931171305477615
-0.12276957184076308
0.005282626021653414
-0.022967837750911713
0.010447941720485687
0.05861066281795502
0.07091027498245239
-0.10738591104745863
-0.06846240907907486
-0.0834723487496376
0.008056413382291796
0.07265748083591461
-0.07820559293031693
-0.13550217449665067
-0.022755127400159836
-0.02234090305864811
0.040798839181661606
-0.03556958958506584
0.09529142081737518
-0.023300059139728543
0.03506870195269585
-0.11653071641921996
0.001975175458937884
0.021760886535048485
-0.1126454621553421
-0.005126848351210356
-0.07400476932525633
0.007020158227533102
-0.0969185084104538
-0.060882892459630966
-0.003521971870213747
-0.11658795177936553
-0.016088051721453667
-0.12598274648189545
-0.08117175847291945
0.01518553402274847
0.046386051923036575
-0.10896819829940796
0.0013410452520474792
0.019545249640941616
-0.03718392923474312
0.039780180901288986
-0.059232700616121285
0.009833794087171553
0.055182721465826035
-0.09501608461141585
0.052330788224935525
0.011673678644001484
-0.04547229781746864
-0.03608868643641472
-0.020747585222125053
-0.03633185103535652
-0.011184658855199812
-0.005942358169704676
-0.049827102571725845
0.012568695470690727
-0.030641935765743252
0.0634826049208641
0.012691383250057696
0.02651933580636978
0.09028764814138412
-0.046723689883947365
0.05185866355895996
-0.11814138293266296
0.06385156512260437
0.010718803852796555
0.004669712856411934
-0.023460013791918755
0.06672485917806625
-0.07717651128768922
-0.02905788831412792
0.056274790316820145
-0.03145521506667137
0.04203088209033012
-0.065009206533432
-0.01061326265335083
-0.08798730373382568
-0.009681486524641514
0.021703647449612617
-0.04038195684552193
0.08582311123609543
0.04075933620333672
-0.011208942160010336
-0.010007919743657112
-0.011063503101468086
-0.08568528294563293
-0.08405134826898576
-0.05691267177462578
0.06354508548974991
-0.10360054671764372
0.010651820339262484
-0.06555423140525818
-0.03220018744468689
0.08557159453630446
-0.040348947048187256
-0.005385161843150854
-0.02274413965642452
-0.11170965433120728
-0.11348631978034972
-0.08309630304574966
-0.024477336555719372
0.08192490041255952
-0.08256164938211441
0.008749384433031082
-0.12441547214984892
-0.07376030087471008
0.09122982621192931
-0.029409725219011303
0.016518782824277874
0.0344935841858387
0.08957330137491226
-0.06444865465164185
0.04084252193570137
0.010311169549822807
0.02433113008737564
-0.030284617096185684
-0.09957784414291379
-0.003970659803599119
-0.00733774760738015
0.06999730318784714
-0.03095392882823944
-0.05156657099723816
0.06411943584680557
0.01128862239420414
0.01213470473885536
-0.04523149877786636
-0.036773234605789185
-0.056097891181707375
0.016944061964750286
-0.056429829448461526
0.04640877619385719
0.011632884852588177
-0.0946355164051056
0.03598961606621742
-0.08273028582334518
-0.015008274465799332
-0.03695092722773552
0.034296587109565735
-0.09139779210090637
0.005065745208412409
0.013207942247390749
-0.02847203612327576
0.025492534041404724
-0.01851410791277885
0.019672423601150513
0.035989910364151
-0.06517317146062851
-0.02516787499189377
0.014595587737858295
0.022343616932630535
0.0313883014023304
0.0006941765313968062
-0.06656110286712646
-0.06819687783718109
0.06737922132015228
-0.02513835579156876
-0.014909777790307999
-0.08660198748111725
0.006496202666312456
0.12873311340808868
-0.02145995944738388
-0.10005758702754974
0.05500836670398712
-0.028074471279978752
-0.03085312619805336
-0.09475523233413696
-0.05591922998428345
-0.04077216610312462
-0.06667739897966385
-0.05075397714972496
-0.08248019218444824
-0.038020722568035126
0.01588851399719715
0.03351876512169837
0.02096211165189743
-0.01619177684187889
0.030591072514653202
-0.06974568963050842
-0.1012619212269783
-0.08350260555744171
0.0011140197748318315
0.011030038818717001
0.028088003396987915
0.0011894948547706008
-0.04670749232172967
-0.011966174468398094
-0.008865728974342346
-0.07115298509597777
0.018431320786476132
-0.0641913041472435
-0.03828072175383568
0.018249321728944775
0.02577298134565353
-0.03354858234524727
-0.062169130891561515
0.03317699953913689
0.08587023615837097
0.01849546283483505
-0.07347416877746582
0.0005703087663277984
0.02419210597872734
-0.046753834933042526
0.06332936137914658
0.11205479502677916
-0.039942260831594474
0.06859228760004044
-0.019638951867818832
-0.0679207518696785
-0.03349897265434265
0.0854121446609497
-0.015523148700594902
-0.03586242347955704
-0.028368113562464718
-0.021247364580631256
0.006889064330607653
-0.07728876918554306
-0.07757218182086945
0.1100502610206604
-0.07960483431816101
0.017704207450151443
-0.04856574907898903
-0.028007691726088524
-0.08445173501968382
0.14070163667201996
0.00248019490391016
0.03852077201008797
0.01936700753867626
0.029050106182694435
-0.003889113198965788
-0.03962810710072517
0.07866766303777695
-0.05370752140879631
-0.02259344421327114
-0.009248591959476473
0.052121326327323914
0.12325063347816469
0.03407192602753639
-0.11787150800228118
0.10292375087738036
0.06867913901805878
0.09545650333166121
-0.004524273332208395
0.03472750261425972
-0.05021655932068825
-0.028520006686449047
0.00035988574381917715
-0.08065127581357957
-0.035058099776506424
-0.10810423642396925
-0.06610798835754395
-0.07408309727907181
0.0001607363810762763
-0.0574483834207058
0.0017311576521024108
-0.007806365843862294
0.04532841965556145
-0.02252795733511448
-0.05944376811385155
0.02877603843808174
-0.0411885529756546
-0.07660696655511856
-0.07471140474081038
-0.03467826545238495
-0.02776356413960457
0.03548309579491615
0.025201790034770966
-0.0936354398727417
-0.1042434275150299
0.027580132707953453
0.008554267697036266
-0.09272803366184233
0.03696548566222191
0.0059401192702353
-0.05096834152936936
0.03043702058494091
-0.07823777198791504
0.11297166347503662
-0.04072714224457741
-0.0467473603785038
0.04868828877806664
-0.017008835449814796
0.01199287176132202
-0.05384955927729607
0.023712124675512317
0.1202624812722206
0.02614697441458702
0.0140007846057415
0.03529733791947365
0.019235923886299133
-0.032474953681230545
0.05180859938263893
-0.0018286999547854064
0.007951554842293262
-0.062978595495224
-0.12275454401969908
-0.08518026769161224
-0.013850594870746136
-0.016605010256171227
0.08660469204187393
0.06387418508529663
-0.007450824137777089
0.08148078620433806
0.003489827271550894
0.015040664002299309
-0.032037559896707535
0.04318736866116524
-0.1176675483584404
0.026342527940869328
0.025111235678195957
-0.08112568408250807
0.05262836441397666
0.08164244145154953
-0.013957927003502844
-0.06333667039871216
0.086605966091156
-0.05822991952300072
-0.027366746217012405
-0.09788066148757935
0.009171770885586737
0.05532882735133171
0.09254775941371916
0.03663402423262596
-0.004030411597341299
0.05539733916521072
-0.028056303039193157
0.05611160025000572
-0.06248631700873375
-0.009817320853471758
0.035209402441978455
-0.052644722163677216
-0.026782535016536713
-0.04182519391179085
-0.008642755448818207
-0.08883780241012573
-0.008845778182148933
-0.11110949516296385
0.042734023183584206
0.048238392919301994
-0.037269596010446555
0.013740599155426024
0.01492343470454216
-0.014318719506263731
-0.006358427461236715
0.042051587253808975
-0.0028120013885200024
-0.050809282809495926
0.0950583964586258
0.006381273735314608
-0.05626928806304932
0.07744728028774261
-0.0459483340382576
-0.03955751284956932
-0.0034508253447711468
-0.010418757796287537
-0.002327620517462492
0.017507245764136314
-0.016186147928237915
0.06040140613913536
-0.020231084898114204
0.035750120878219604
-0.030961669981479645
-0.07109709084033966
-5.932513158768416e-05
-0.042482998222112656
-0.08486109972000122
-0.026721104979515076
-0.008200626820325851
0.038687083870172494
-0.012218395248055458
0.03231862187385559
0.002165514510124922
-0.05372974649071693
-0.017557917162775993
0.07308902591466902
-0.031003985553979877
0.09046457707881927
-0.08032035827636719
-0.055725086480379105
0.06514732539653778
0.057801451534032815
-0.01089636981487274
-0.06175257638096809
0.0015615358715876937
0.03995927050709725
0.04628521949052811
-0.003862699028104544
0.013974200934171677
-0.06987442821264267
-0.02662615478038788
-0.07790178805589677
-0.09837470203638077
0.04766620695590973
-0.06438308954238892
-0.03701065853238106
0.127937451004982
0.16347165405750275
-0.01686396449804306
0.0047301952727139
-0.030161742120981216
0.07933624833822249
0.02484636753797531
-0.09517839550971983
-0.037270143628120415
0.012746162712574003
-0.03945346549153328
0.015384210273623466
-0.0027904189191758633
0.1251075267791748
-0.0624624602496624
0.0647539049386978
-0.039003562182188034
-0.07575538009405136
-0.020651148632168766
-0.02632497251033783
0.12539488077163696
-0.03027965500950813
0.032426804304122925
-0.07850094139575958
0.007794023025780915
-0.025368371978402134
-0.09391857683658601
-0.124861940741539
-0.04665486142039299
0.029217649251222607
-0.028645435348153114
-0.0485943891108036
0.044093720614910126
0.003304033074527979
0.14530353248119354
-0.07171624898910521
-0.0509253554046154
-0.1085025370121002
0.021326012909412384
-0.12747114896774292
-0.037121810019016266
-0.010084474459290504
-0.0017889068694785235
0.0153308417648077
0.0611395575106144
-0.11554855108261108
0.021813673898577687
-0.0025038267485797405
0.03722042962908745
0.007754929829388858
-0.12685567140579224
-0.0657062977552414
0.08945609629154205
-0.004456433933228254
-0.0898294448852539
0.05064610019326209
-0.0008300576591864227
0.0016162245301529763
0.02108405530452728
-0.0972217097878456
-0.032807838171720505
0.09529585391283037
0.08634567260742188
-0.04288870841264725
-0.07977420091629027
-0.004855762701481581
0.009378302842378616
-0.006023611407727003
0.0516866073012352
0.0032404693774878974
0.0632634088397026
-0.002355953212827444
0.012748347595334051
0.005131363403052092
-0.004758667666465044
-0.04907975718379021
0.028272023424506187
-0.0777161493897438
-0.07078879326581955
-0.07786042988300323
-0.011222798377275465
-0.023604722693562508
-0.05765629932284355
0.027259189635515213
-0.01484033465385437
0.02056603878736496
-0.0301431342959404
0.025680983439087868
0.06772655248641968
-0.07297680526971817
-0.003898689523339272
-0.04960973188281059
0.008759502321481705
-0.015933364629745483
-0.024762924760580063
-0.01579519361257553
0.0001729264622554183
-0.044017259031534195
-0.058133769780397415
0.008405243046581745
0.01138494350016117
-0.004328946117311716
0.13225577771663663
0.06720423698425293
-0.097213476896286
0.031934019178152084
-0.0979573577642441
-0.02648557908833027
-0.011814175173640251
0.05260474979877472
-0.035126276314258575
-0.08916659653186798
-0.017502576112747192
-0.0028469949029386044
-0.012489333748817444
0.024400020018219948
0.0033929827623069286
-0.06822334229946136
-0.08836010843515395
-0.026587428525090218
0.061095114797353745
-0.09312344342470168
-0.051400188356637955
-0.04925346001982689
-0.04970918968319893
-0.05020742490887642
-0.11051692068576811
-0.038602765649557114
-0.08343090116977692
0.014256404712796211
-0.07554398477077484
-0.025945454835891724
-0.05234865471720696
-0.04326196014881135
-0.07028079032897949
0.09652414172887802
0.11718057096004486
0.07114425301551819
0.12440650165081024
-0.012352907098829746
-0.047885578125715256
0.022103447467088696
-0.036746066063642495
-0.010809689760208128
-0.06516383588314056
-0.014244552701711655
0.033662524074316025
0.06167950853705406
0.06426841020584105
-0.04325315728783608
-0.07389825582504272
0.07441645860671997
0.02193642407655716
-0.08552617579698561
0.11243421584367752
0.0889071598649025
-0.06926608085632324
0.04961846023797989
0.03957027569413185
0.03411249443888664
0.03078680485486984
-0.06935161352157593
-0.009075373411178589
-0.10992339998483656
-0.04616175591945648
0.018201377242803574
-0.07941776514053343
0.04916029050946236
-0.0007863413775339722
-0.11416366696357728
0.018973650410771366
-0.05261366441845894
-0.07007405161857605
0.034486476331949234
-0.06837858259677887
-0.030059214681386948
0.000404374091885984
0.06783360242843628
-0.03549400717020035
-0.03239690139889717
0.07856009155511856
-0.03907573968172073
-0.05628852173686028
-0.09637635201215744
-0.054143700748682015
-0.05437548831105232
-0.05515408143401146
0.0033746478147804737
0.08961132913827896
0.01067674346268177
-0.037631254643201835
-0.04763823375105858
-0.0472201518714428
0.017584461718797684
-0.032051555812358856
-0.006555651780217886
-0.033532056957483285
-0.04972868412733079
0.03464498743414879
0.09522318840026855
-0.007588516455143689
0.04723895713686943
0.01936313882470131
-0.13525378704071045
-0.09911981225013733
-0.10990097373723984
0.04676490277051926
0.08903428167104721
0.022737439721822735
0.027150314301252365
0.06653320044279099
-0.026278011500835415
0.09831032156944275
-0.005620202049612999
0.025564502924680706
0.054043646901845925
-0.007191825192421675
0.05909818410873413
-0.032322946935892105
0.0025480412878096104
0.02492422051727772
-0.04932843148708344
-0.0994046330451965
-0.007097033318132161
0.007922325283288956
0.005151717457920313
0.024723980575799945
-0.031748589128255844
-0.03197101131081581
-0.06373536586761475
0.04229908809065818
0.029225682839751244
0.02041362226009369
0.059978749603033066
-0.010298939421772957
-0.02944590151309967
-0.036673601716756814
-0.0962282419204712
0.02882012724876404
-0.06245461478829384
0.04019801691174507
0.018090318888425827
0.0003961663460358977
-0.01225103996694088
-0.09393762052059171
-0.08106712996959686
0.009370621293783188
-0.11163023859262466
-0.011745061725378036
-0.0011700150789692996
0.018863057717680928
-0.001213213545270264
0.09205293655395508
-0.034544799476861954
-0.008590584620833397
-0.04726304113864899
0.02215161919593811
0.055940061807632446
0.04764440283179283
-0.014683481305837631
0.01195383444428444
0.013233805075287817
0.024804960936307907
-0.12081120908260344
-0.08064179122447966
-0.02538199722766876
-0.1171848177909851
-0.031225334852933884
-0.09084345400333405
-0.02261960692703724
-0.025875153020024296
-0.003534340765327215
0.00448058033362031
-0.03889205679297447
0.06535530835390091
0.07041709870100021
0.0061421976424753675
0.06275534629821777
-0.11896926909685133
-0.06102599203586578
0.07221567630767822
0.007033161353319883
-0.0844867080450058
-0.05344755575060845
0.031769029796123505
0.036056604236364365
0.018945977091789246
-0.040231604129076
-0.010827315971255302
-0.0011432260507717729
-0.001611450337804854
0.005020593758672476
-0.06211211159825325
-0.06156777963042259
0.03350551426410675
0.026811733841896057
-0.012354951351881027
-0.1053168699145317
-0.05076223239302635
-0.017621148377656937
0.008981058374047278
-0.0038697640411555767
-0.02455299347639084
0.009256711229681969
-0.05410445854067802
-0.025115814059972763
-0.030811503529548645
-0.11508408188819884
-0.02233169600367546
0.14171014726161957
0.007497717160731554
-0.02526703104376793
-0.05001283064484596
-0.04781053587794304
0.003779277671128512
-0.01043473370373249
0.002199228387326002
0.037328090518713
0.06365055590867996
0.06767915189266205
-0.0969511941075325
0.05040377005934715
-0.11201032251119612
-0.011237273924052715
0.031648166477680206
0.10526184737682343
0.015936922281980515
0.037963274866342545
-0.015326853841543196
0.07478405535221101
0.019576922059059143
-0.016989983618259426
0.07311252504587173
-0.03982425108551979
-0.026152390986680984
-0.0006241813534870744
-0.002996295224875212
-0.09215810894966125
0.027045046910643578
0.018468478694558144
-0.053466975688934326
0.024347664788365364
0.10712486505508421
0.021746398881077766
-0.02236279100179672
-0.01190054416656494
0.049622181802988045
-0.07767117768526077
-0.0292237251996994
-0.017000366002321243
-0.062044057995080955
-0.06215066090226173
-0.043756429105997086
-0.018966488540172577
-0.08552995324134825
0.04325718805193901
-0.03152588009834289
0.0038466942496597767
-0.0004035454476252198
0.016651753336191177
-0.02217276766896248
0.05071405321359634
0.03346921131014824
-0.0454363152384758
0.004179044160991907
0.01979716867208481
-0.03077739104628563
0.044489677995443344
-0.017859540879726406
0.003104392904788256
0.08121798187494278
-0.09388324618339537
-0.010111060924828053
0.004800061229616404
-0.01794726401567459
-0.0997084230184555
0.0733315199613571
-0.05570023134350777
0.18027788400650024
-0.11601664125919342
0.036375291645526886
-0.052712302654981606
-0.01973944529891014
-0.01338378805667162
0.050432220101356506
-0.11448142677545547
-0.07659543305635452
-0.009561799466609955
-0.04418183863162994
0.07011163234710693
-0.06584499031305313
-0.029854491353034973
0.01914491504430771
-0.09793028235435484
-0.11525509506464005
-0.05216899886727333
0.07970081269741057
0.037650953978300095
-0.024729378521442413
0.03227626159787178
-0.10926394164562224
0.020494373515248295
-0.11537012457847597
-0.012730199843645096
0.07925306260585785
-0.0037384270690381527
-0.08638878166675566
-0.12030762434005736
0.008922832086682318
-0.1142132580280304
0.057161185890436166
-0.0028791860677301884
-0.03690813481807709
0.0044463989324867725
0.06767496466636658
-0.05526617541909218
0.060545634478330605
0.08025766909122467
0.004129317123442888
0.03863055631518364
0.04805738851428032
0.06255785375833511
-0.11849564313888548
0.039799764752388
-0.06861758232116699
0.1075647622346878
0.13195379078388214
-0.10602451115846633
-0.04634113609790801
-0.009497705847024916
-0.07409676909446716
-0.11496197432279585
0.0052195400930941105
0.0019594551995396614
-0.0007470980053767563
-0.1080903559923172
-0.03306794539093971
-0.05923102796077728
-0.12244755029678343
-0.05910543352365494
-0.0491601899266243
0.05801362171769142
-0.08004192262887953
0.10909463465213776
0.033934757113456726
0.08422515541315079
0.02546585723757744
-0.013358715921640396
-0.01621515117585659
-0.06009143590927124
0.055573198944330215
-0.015433914959430695
0.012387208640575407
-0.04335775598883629
-0.03850918635725975
-0.04287267103791237
0.06403011828660965
0.01254385896027088
-0.026184462010860443
-0.07499997317790985
-0.05965232849121094
-0.08032677322626115
-0.03103338554501533
0.059575404971838
-0.01327190175652504
-0.038345128297805786
0.11712294816970824
0.05372198671102524
0.03700922057032585
-0.014578454196453094
0.013281883671879768
0.02278510481119156
-0.08020884543657303
0.027207866311073303
0.04887520149350166
-0.08634253591299057
-0.02291468903422356
-0.10833391547203064
0.04649421945214272
0.018476717174053192
0.0754183530807495
-0.02272489108145237
0.04326241463422775
-0.050223205238580704
0.0037295171059668064
0.0964665114879608
0.05332692712545394
-0.04533746466040611
0.005950633902102709
-0.0028829178772866726
0.0029451646842062478
-0.028330443426966667
-0.11348535865545271
-0.107164666056633
0.0014235492562875152
0.09120756387710573
-0.0574495904147625
0.0042707971297204494
0.06753212958574295
0.08774726092815398
0.020717887207865715
0.05136958882212639
-0.038145065307617194
0.04656682536005974
0.1343277245759964
-0.08953443169593811
0.027892548590898517
0.02378656528890133
0.02894499897956848
-0.09295810759067535
-0.011107824742794037
0.00971752032637596
0.05087269470095634
-0.04893539100885391
0.08776067942380905
-0.1211843341588974
0.023072952404618263
0.1282328814268112
-0.05425319820642471
0.016333678737282753
-0.12693814933300018
-0.00998598150908947
0.010624541901051998
0.0606396310031414
0.11005324125289916
-0.05126563087105751
0.03412441909313202
-0.03725998103618622
0.003348535392433405
-0.10119270533323288
-0.05431494861841202
-0.05801451951265335
-0.09399087727069855
0.09685814380645753
-0.007480252068489791
-0.000844576978124678
-0.01345979794859886
0.014898665249347687
0.08673986792564392
-0.10605056583881378
-0.04283512756228447
0.09895560145378111
0.047509592026472085
0.07808926701545715
0.034541141241788864
0.014422586187720299
-0.0007949058199301362
-0.02864200621843338
0.008075890131294726
0.007496445905417205
-0.09888265281915665
0.01731226220726967
0.0670647993683815
-0.030766475945711132
0.03464486077427864
0.07315759360790253
0.09911237657070161
0.02156917564570904
0.02847795933485031
-0.06977516412734985
-0.022353146225214005
0.0015634413575753567
-0.02351325564086437
0.05205618217587471
0.01743326708674431
-0.09744884073734285
-0.001342301839031279
-0.03258294239640236
0.04560859128832817
-0.02689210698008537
-0.10420425236225128
-0.04131632670760155
-0.030577868223190308
0.09860599786043169
-0.07988400757312775
-0.007473930250853299
-0.01738232746720314
-0.11909502744674683
0.0013911555288359523
0.0460694208741188
0.02358383499085903
-0.055631957948207855
-0.025628261268138885
-0.025618325918912888
0.04963665828108788
0.0719979852437973
-0.06609132885932921
0.07392586767673491
-0.12056195735931396
0.06267079710960388
-0.030806828290224075
-0.028533795848488808
-0.0595516599714756
-0.07690059393644333
-0.04240130633115768
0.04014361649751663
0.003416284453123808
-0.007244180422276258
0.020078353583812717
0.008572565391659737
-0.0706423968076706
-0.002350063528865576
-0.06160042062401772
-0.09378133714199066
0.019499002024531364
0.02028430439531803
-0.020434055477380753
0.016181364655494686
-0.007369085680693389
-0.05120428279042244
0.0224017184227705
-0.05775801464915276
0.07751986384391785
0.007714471314102411
0.05969473347067833
-0.07674765586853027
0.04344526305794716
0.03928858041763306
0.06995300948619843
0.0023961379192769527
-0.04523999616503716
0.03891194611787796
0.10883539915084837
-0.05885019525885581
-0.1027143746614456
-0.013534463942050932
-0.02063080295920372
-0.025414828211069107
-0.05746222659945488
-0.005414994899183512
0.03212319687008858
0.06028523668646813
-0.013298217207193375
-0.06279442459344864
-0.08135001361370087
-0.01241448801010847
-0.06785331666469574
-0.03487217053771019
0.04119149222970009
0.0041539897210896015
-0.01875222474336624
-0.029677879065275192
0.09490149468183517
-0.11091456562280654
0.11253806203603745
0.08049125969409943
-0.024636581540107727
0.0209883451461792
-0.03598780930042267
0.10925868898630142
-0.022686082869768143
0.05097890272736549
-0.07020429521799088
-0.06346451491117477
-0.004688733257353306
0.1418868750333786
-0.0011829218128696084
0.0012955808779224751
-0.04717458412051201
-0.0828687995672226
-0.04972568526864052
-0.03612187504768372
-0.06852325797080994
-0.002780764829367399
0.028553172945976257
0.0061609060503542415
0.019212570041418076
0.02290673553943634
-0.03125446289777756
-0.03967487812042236
-0.0819539427757263
-0.0679585263133049
0.06805908679962158
-0.11406198143959044
0.018417909741401672
0.013498324900865555
-0.057554911822080605
0.016412295401096344
0.12050959467887878
0.04772961512207985
0.06814640760421753
0.07175988703966141
0.05321292206645012
0.02902170643210411
-0.07626163214445114
0.09859010577201843
-0.06985808163881302
0.07139097154140472
0.06738754361867905
-0.06842155754566193
0.025075923651456833
-0.0633556991815567
0.06590402126312256
-0.006860684137791395
0.13216170668601987
-0.03824317827820778
-0.017743660137057304
-0.0706128180027008
0.06338182091712952
0.05574559792876244
0.03094419464468956
-0.018134683370590206
-0.013924114406108856
-0.04545754194259644
0.10304231196641922
-0.09554344415664671
0.030192039906978607
-0.00922706164419651
0.05604371428489685
-0.06767809391021729
-0.0908612236380577
0.012958716601133347
0.013164034113287924
-0.03715158998966217
0.05991517379879952
-0.05468957871198654
0.01277719996869564
-0.019857948645949364
-0.06756453216075897
0.003796602133661509
-0.01845826953649521
0.04153849184513092
-0.07196223735809326
0.02328386716544628
-0.004123128484934568
0.05094429478049278
-0.10344198346138
0.06512226164340973
0.023387489840388295
-0.03624575585126877
0.04350088909268379
0.031423237174749374
0.0012145700166001916
-0.09953397512435912
0.02186671644449234
0.03626798093318939
0.011213375255465508
-0.02847232110798359
-0.10308961570262908
0.11820170283317565
0.032719966024160385
-0.03419389948248863
-0.0873541384935379
-0.028425853699445724
-0.007520162034779787
-0.07498398423194885
0.1341438591480255
0.027204357087612152
0.09800677001476288
-0.04789711534976959
0.07451581954956055
0.029381526634097096
0.0043173269368708125
0.0024955146946012974
-0.056939747184515
0.043698448687791824
-0.0063883806578814975
-0.035843439400196075
0.057685311883687966
-0.031856611371040344
-0.06353914737701416
-0.09508290141820909
-0.0976741462945938
-0.11718419194221497
-0.1139366626739502
-0.09423217177391052
-0.07282361388206483
-0.1217627376317978
-0.10281461477279664
0.07068433612585068
0.017529411241412163
0.031357165426015854
-0.03594000265002251
-0.0366903655230999
0.009479247033596039
-0.061559397727251046
-0.04543893784284592
0.06585385650396347
-0.008116770535707474
0.0414215624332428
0.0325872078537941
-0.00866546481847763
0.11363867670297623
0.006285403389483689
0.07616133242845534
0.0003254249459132552
-0.044221080839633935
-0.08714564144611359
-0.06496274471282959
-0.04307625070214272
-0.03928228840231896
-0.123293936252594
0.07224112749099731
-0.018091032281517982
0.15766359865665436
-0.06242993846535683
-0.0403396300971508
-0.00276361545547843
0.07605474442243576
-0.011416323482990263
-0.059931129217147834
0.011095821857452393
0.0310971774160862
0.03739377483725548
-0.021855279803276065
0.02504247799515724
-0.015401374548673628
0.011123016476631165
-0.030327133834362033
-0.07899448275566101
-0.07680475711822508
-0.07908719778060913
-0.05146471783518791
0.08473580330610275
-0.04011997953057289
0.05247468501329421
0.012132724747061728
-0.005162232089787722
-0.07640532404184341
0.05625609308481216
0.023928431794047356
0.042994890362024314
-0.03111970797181129
-0.04755901172757149
0.009811147116124628
0.03576311096549034
-0.11577439308166504
-0.11782244592905045
-0.11670708656311037
-0.013798605650663376
-0.0555238053202629
-0.09787566959857939
-0.03843511268496513
0.04285567253828049
-0.03348841145634651
0.032354798167943954
0.008333288133144377
0.030855488032102585
-0.07071688771247864
0.011745982803404331
0.05289982259273529
-0.032115135341882706
-0.07957284152507782
-0.016090407967567444
0.02995637618005276
-0.004754073452204466
0.05760378018021584
-0.0705442726612091
-0.08609299361705779
-0.019676994532346725
-0.0272915493696928
-0.0741092562675476
0.015387192368507384
0.0803312435746193
-0.06961485743522644
0.0028250333853065968
-0.11332206428050993
-0.058535609394311905
-0.03557347133755684
-0.04770269617438316
-0.04491708800196648
-0.059863027185201645
-0.04039629176259041
0.04458101466298103
0.02725136466324329
-0.03077687695622444
0.08722945302724838
-0.02985437586903572
-0.007527304347604513
-0.031288594007492065
-0.029472539201378822
-0.05537452548742294
0.05085888877511024
0.03621058538556098
-0.012742523103952408
-0.06015169247984886
-0.036381147801876075
-0.1011732593178749
-0.08926518261432646
-0.02483648806810379
0.055120479315519326
0.014196282252669334
0.010831911116838455
-0.004682302009314299
0.03900556638836861
0.048601679503917694
-0.03138260170817375
-0.07307973504066467
-0.03530162572860718
-0.09378089010715485
0.0737038403749466
-0.0948323905467987
0.005143793765455484
-0.08095593750476837
-0.004866052884608507
0.12279094755649567
0.028465142473578453
-0.13346152007579803
-0.028225215151906013
0.021797575056552887
-0.041173264384269714
0.07809284329414366
-0.029102973639965057
-0.02622758597135544
-0.11511437594890594
-0.07580284029245377
0.02830985002219677
0.041080273687839515
0.008527085185050963
-0.0056099812500178805
0.040493793785572045
-0.028719320893287655
-0.07857879996299742
0.030694203451275826
0.01859675161540508
-0.03336711972951889
0.06498530507087708
-0.07376337051391602
0.08644279837608337
0.030346520245075222
0.07300870865583421
-0.10161267966032028
-0.02309900522232056
-0.13469426333904266
-0.02163853868842125
-0.0097179701551795
-0.01900028623640537
-0.07960918545722961
0.03539523109793663
-0.02640942484140396
0.0411282554268837
-0.041746173053979874
-0.046058949083089835
-0.0513550229370594
-0.021856039762496948
0.047940801829099655
-0.015822982415556908
-0.015321163460612295
-0.04461461305618286
-0.0006836574757471681
-0.0015084013575688004
0.12264224886894226
0.048722043633461
-0.02959631569683552
-0.0786302238702774
-0.06769639998674393
0.03456207737326622
0.04265522584319115
-0.12138931453227995
0.03487453609704971
0.06116076186299324
-0.048242934048175805
0.053223691880702965
0.07886849343776704
0.06103963777422905
0.033376943320035934
0.025492738932371136
0.03429117426276207
0.04760313779115677
-0.07009222358465195
-0.09421673417091368
-0.03645190596580505
0.03938938304781914
-0.05134106799960136
-0.02733449079096317
0.0026286370120942593
0.025848466902971268
-0.03249645605683327
-0.07494876533746718
0.010769203305244444
-0.02200579643249512
-0.009417432360351086
-0.0500413216650486
-0.06580820679664612
0.06841406971216202
-0.051963318139314645
-0.07545095682144165
-0.1001514121890068
0.027186376973986626
-0.05387084558606148
-0.03383677452802658
0.10383456945419312
-0.09798042476177216
-0.05521074682474136
-0.02362104877829552
0.055492326617240906
0.0479818731546402
0.07938861846923827
-0.08269752562046051
-0.004933276679366827
-0.06477685272693634
-0.016208289191126823
-0.04767367988824844
-0.050663411617279046
-0.0038963365368545055
0.007832691073417662
-0.04416393116116524
-0.04016799479722977
-0.1040201336145401
0.11651777476072311
0.04062851518392562
0.15036658942699432
0.0003985952353104949
-0.021241649985313412
-0.03158413991332054
-0.0019510915735736487
0.055930372327566154
-0.11344879865646362
-0.011613311246037483
0.0315859317779541
0.06759972870349884
-0.02829550020396709
-0.10984299331903456
-0.03258476406335831
-0.019304819405078888
-0.04954625666141511
0.002579242456704378
0.040922831743955605
-0.03720250353217125
-0.07159878313541412
-0.07306327670812608
0.04598017409443855
0.01158679649233818
-0.11654461920261384
-0.04074234887957573
-0.007115636486560105
-0.08144856244325638
-0.06537140160799025
-0.053673427551984794
0.06636157631874084
0.0017977425595745444
0.057465549558401115
0.1142011508345604
0.009460707195103168
-0.08620469272136688
-0.03391591086983681
0.006099094171077013
0.010329934768378735
-0.08252265304327011
-0.0969562903046608
0.01695321686565876
-0.031004663556814197
-0.0022836527787148952
0.030281197279691696
-0.11779439449310301
-0.058351244777441025
0.09701280295848846
0.004493570420891047
0.02047322876751423
0.07850205898284912
-0.0662284567952156
-0.0448230542242527
-0.02345571480691433
0.028747620061039925
0.08678784966468811
-0.012351729907095432
0.025884268805384636
0.042605087161064155
-0.02632343955338001
0.04779336228966713
-0.024653567001223564
-0.11364528536796568
0.0077984356321394435
0.017665233463048935
0.019327489659190174
-0.09645181894302368
0.06923246383666992
0.003710373770445585
-0.042103301733732224
-0.06528899073600769
-0.02450525388121605
0.027059968560934063
0.0165912713855505
0.06014713644981384
-0.05276300758123398
-0.09954316169023512
-0.08785932511091232
-0.04447229579091072
-0.01781340315937996
-0.03339177742600441
0.023077988997101784
0.025442875921726223
0.05293309316039085
0.10435567796230316
0.001197220175527036
0.10047733783721924
0.07271040976047517
-0.13336241245269775
0.019740208983421326
-0.006995236035436392
-0.013242432847619057
-0.0741230398416519
0.05227252095937729
-0.04588506370782852
-0.07703378796577452
0.004070809576660395
0.051810894161462784
-0.00016304629389196634
-0.02980792708694935
-0.06382204592227936
-0.04198794811964035
0.02533419243991375
0.0538121722638607
-0.03556576743721961
0.16508696973323822
-0.11239519715309144
0.01227707415819168
-0.008595221675932406
0.034588735550642014
0.004195901099592447
0.03486965224146843
0.03821952268481255
-0.01281767152249813
0.02511297538876533
0.03386359289288521
0.10218577086925507
-0.08689291030168533
-0.015085896477103232
-0.08288413286209105
-0.0418960377573967
0.028750592842698097
0.007529614027589559
0.022289536893367767
0.006223892327398062
-0.04917943850159645
0.0816681832075119
-0.02317562699317932
0.04652168974280357
-0.028906952589750286
-0.006429481785744429
0.08310495316982269
0.06485679745674133
-0.07554398477077484
0.02787042409181595
-0.10582854598760603
-0.07276175916194916
0.11922475695610046
0.09473396092653273
-0.04911952465772629
0.06429576873779297
-0.08061549067497253
0.03558020666241646
-0.01840396225452423
-0.057318221777677536
0.034370534121990204
0.030974728986620903
-0.1017884537577629
-0.06852790713310242
-0.0023510721512138844
0.03373795375227928
-0.12029652297496796
-0.001375210122205317
0.04073892161250114
-0.0549924336373806
0.036499325186014175
0.01292071398347616
-0.05142728611826897
0.0261408481746912
-0.11040249466896056
0.04926823452115058
-0.019727647304534912
-0.008281977847218513
0.043099556118249886
-0.07269684970378876
0.02728542312979698
-0.0399320162832737
0.057200614362955086
0.064276322722435
-0.01659594103693962
-0.009109388105571268
0.02617737650871277
-0.02755945175886154
-0.017842542380094528
0.05825628712773323
-0.11811001598834991
0.019577711820602417
-0.08338700979948045
-0.11863379925489424
-0.030983399599790573
-0.095489040017128
0.024571683257818226
0.014228885993361471
-0.015836307778954502
-0.001424701535142958
-0.07832559943199156
0.049807611852884286
-0.0031995545141398902
0.013166993856430052
-0.045613642781972885
0.09151963889598846
-0.0109051913022995
-0.0442955493927002
-0.016768332570791245
0.037329696118831635
-0.04544004425406456
-0.004571772646158934
0.14611400663852692
-0.022596221417188644
0.008722246624529362
0.017047297209501266
-0.010138657875359058
-0.028724418953061104
-0.07321609556674957
-0.02505599707365036
-0.05062929913401604
0.01710730977356434
-0.07638126611709593
-0.052969250828027725
-0.024892382323741913
-0.02537420764565468
-0.019869614392519
-0.07478561997413635
0.01663791388273239
0.06557998061180115
0.01987745240330696
0.08549752831459045
-0.016480054706335068
0.07132261246442795
0.008267410099506378
0.07880771160125731
0.007160593289881945
0.06439118087291718
-0.06145245209336281
-0.11452622711658476
0.09582718461751936
0.02816858142614365
0.04591103270649909
-0.0796566754579544
0.032587651163339615
0.04011594131588936
-0.03164327144622803
0.003272471483796835
0.022165704518556595
-0.09793311357498169
0.09838414937257767
-0.03219173103570938
0.05576126277446746
0.03956618532538415
0.004381727892905474
0.02213285490870476
-0.005474533420056105
-0.05243872478604317
0.04044385626912117
-0.03769579902291298
-0.046102125197649
0.023564465343952175
-0.02587676793336868
0.04981556907296181
-0.05033836886286736
-0.037049110978841775
0.010061496868729591
-0.08196577429771422
-0.051049921661615365
-0.004810656886547804
-0.049532722681760795
-0.06499969959259033
-0.07828325033187866
-0.05064118281006813
-0.05286557227373123
0.013973129913210869
-0.02340596169233322
-0.10238877683877944
-0.01708236150443554
-0.01594816707074642
-0.03506702929735184
-0.04836029931902885
0.02285175397992134
-0.07243844121694563
-0.005228008609265089
-0.006798355374485254
0.10217159241437912
-0.09678092598915101
-0.08395687490701675
0.054719053208827965
0.03860638663172722
-0.01508604735136032
-0.08345440030097961
0.005150849465280771
-0.01678151823580265
-0.0788954272866249
-0.061047550290822976
-0.023164812475442886
0.01188579387962818
-0.0790225937962532
-0.09767548739910124
0.052714750170707696
0.080018050968647
0.016904223710298538
0.031708117574453354
0.045754343271255486
-0.04042250290513039
-0.045749638229608536
0.01695101335644722
0.09787149727344513
-0.1057557463645935
0.01885596290230751
0.05876782909035683
-0.047275613993406296
-0.009113151580095293
0.08646252006292342
-0.03585128486156464
-0.048329658806324005
-0.049919504672288895
-0.05185505375266075
-0.015983089804649353
0.033266376703977585
-0.006278935354202986
0.0741679146885872
0.07610885053873062
0.031552720814943314
-0.103936105966568
-0.0693170577287674
-0.1055757999420166
-0.009963538497686386
-0.0462331660091877
0.039719726890325546
0.04362821206450462
-0.07512940466403961
0.11162400245666504
-0.08190770447254181
0.013989726081490517
-0.10112816840410233
0.02538749761879444
0.024481086060404778
0.05097561702132225
-0.07314807176589964
-0.057094074785709374
0.02191835269331932
-0.03059515729546547
-0.06518075615167618
0.05346391722559929
-0.04816950485110282
-0.05162570998072624
0.059666406363248825
-0.10939853638410568
0.09372369945049283
0.0017654880648478863
-0.03358880430459976
-0.02124054543673992
-0.01527326926589012
0.07577381283044815
0.10385852307081223
-0.0443495400249958
0.11324815452098846
-0.0280042327940464
-0.06304538995027542
0.033878933638334274
0.04889163002371788
-0.028386592864990234
0.050691809505224235
0.04498793184757233
0.04714274033904076
0.0027392697520554066
-0.07801914215087889
0.021713633090257645
-0.06385520845651627
-0.1169881522655487
-0.006741636898368597
0.04058150202035904
0.011244526132941246
0.06361903995275497
0.05015832558274269
0.0574643649160862
-0.02675310708582401
-0.0428396575152874
-0.018713857978582386
-0.05450768023729324
-0.033270228654146194
0.09764710068702696
-0.014026127755641936
-0.05095230415463448
0.04407984390854836
-0.075188048183918
-0.008976558223366737
0.007367622572928667
0.0007547022541984916
-0.1072055697441101
0.022041868418455124
0.015535375103354454
0.0814516395330429
-0.030097343027591705
-0.08314221352338791
0.1263572722673416
0.1014588549733162
0.006356477271765471
0.03746376186609268
-0.09621325135231018
-0.019515514373779297
-0.06613913178443909
-0.1062423288822174
-0.024367492645978928
0.052394561469554894
0.0035961163230240345
0.033232856541872025
0.0147901251912117
-0.0005468936869874597
-0.021634895354509357
-0.07721201330423355
0.02812306210398674
0.06789040565490723
-0.02642754092812538
0.020164355635643005
-0.030895117670297623
-0.057716671377420425
-0.014372515492141247
0.05473577231168746
-0.08106116950511932
0.10986214876174925
0.0032441350631415844
-0.050417426973581314
-0.04905697703361511
-0.015714146196842194
-0.10050392895936965
0.017526106908917427
0.06518933176994324
-0.01850638724863529
-0.028856033459305763
0.009054682217538355
0.008735762909054754
0.022464506328105927
-0.04724137857556343
-0.08751815557479857
0.07608527690172195
0.03299494832754135
-0.021899228915572166
0.031882237643003464
0.0340147502720356
0.029171172529459
-0.009348554536700249
0.10771280527114868
-0.10712381452322006
-0.09450910985469818
-0.05421268567442893
0.02759821154177189
-0.018508993089199063
-0.02096661552786827
-0.003112287726253271
-0.05173880234360695
0.048092827200889594
-0.020729638636112213
0.15283504128456116
0.0207326952368021
-0.02718190290033817
-0.035341553390026086
-0.07901442050933837
0.014386925846338272
0.0011335894232615829
-0.06607232242822647
-0.10288971662521362
0.02386426366865635
0.022545617073774334
-0.04047446697950363
-0.0303410105407238
-0.07563603669404982
0.07825979590415953
-0.05630477890372276
-0.08152343332767487
-0.03196766972541809
-0.04603992775082588
0.09557013213634491
0.07499425858259201
-0.05133878812193871
-0.02554192766547203
0.033893462270498276
-0.05803471058607101
0.00041434390004724253
-0.010055655613541605
-0.002057911362498998
-0.026299338787794117
0.12757153809070587
-0.014713203534483908
0.12770429253578186
-0.06150775775313377
0.010557211935520172
-0.020424410700798035
0.09799279272556305
-0.059425104409456246
0.035675786435604095
0.021551461890339848
0.037752822041511536
0.06409695744514465
-0.08985384553670883
-0.03800500556826592
-0.039974700659513474
0.15190304815769196
0.03474639728665352
-0.054073721170425415
-0.015040570870041847
0.04165352135896683
0.02548670396208763
0.06634689867496489
0.028722556307911873
0.09646636247634888
0.08156582713127136
0.028436483815312386
-0.03212719410657883
0.13470162451267242
-0.10727535188198088
-0.0744444727897644
-0.04212793335318565
-0.017466414719820023
0.10011900961399078
-0.11941666901111601
-0.008609111420810223
-0.08046511560678482
0.011379214935004711
0.011920689605176449
0.08713775128126144
-0.053504403680562966
-0.052015841007232666
-0.05898294597864151
0.03730013594031334
0.037443917244672775
-0.05041708052158356
0.0278434120118618
-0.07291558384895325
0.11348835378885268
0.09300844371318816
0.00028701068367809057
-0.03978554904460906
-0.10880984365940093
-0.05528466403484344
-0.09194578230381013
0.029603242874145508
-0.025997165590524677
0.08989310264587401
-0.03399794921278953
0.04266364499926567
-0.04747214168310165
0.07899154722690582
-0.08785238862037657
0.027751993387937542
0.07151766121387482
0.02029203251004219
-0.06737259775400162
-0.03337379917502403
-0.02666268870234489
-0.02365399897098541
-0.041166901588439934
-0.012101585045456886
0.016974013298749924
0.04011068120598793
0.0891503095626831
0.08706303685903549
-0.08622578531503677
-0.11783601343631744
0.03251773864030838
-0.010770630091428757
-0.07238325476646422
-0.10304298996925354
-0.10454057902097702
-0.009839806705713272
0.04351288452744484
0.005777839571237564
0.08074530959129332
-0.002578921150416136
-0.1038304418325424
-0.1281594485044479
0.036175135523080826
0.004426699597388506
0.010067781433463097
0.004729209002107382
0.10568700730800629
-0.07871625572443008
0.013874455355107784
-0.028178907930850983
-0.020281068980693817
-0.04250245913863182
0.03519778326153755
-0.045485712587833405
0.007893580943346022
-0.014288771897554396
-0.014354728162288664
0.01722998544573784
-0.05119871720671654
0.021955475211143494
0.08497405797243118
0.025008225813508037
-0.07194114476442337
-0.0022091041319072247
0.0020633828826248646
-0.08194849640130995
0.03335833176970482
-0.0067156259901821605
0.0013877408346161246
-0.03288688138127327
-0.018262658268213272
-0.03730161115527153
0.06832054257392883
-0.09562985599040984
-0.032887186855077744
0.020151706412434574
-0.0009685299592092632
0.03894880041480064
0.012875243090093136
-0.11659365892410278
-0.013006267137825487
0.01684137061238289
-0.05344778671860695
-0.03870846703648567
0.0052527473308146
0.040341999381780624
0.06014054641127586
0.014216946437954903
-0.07364025712013245
0.021430268883705136
-0.012627553194761276
0.08341225981712341
-0.03964313492178917
0.05149807408452033
-0.09399585425853728
-0.10881438106298447
0.10841041803359984
0.0036617415025830265
-0.01002778485417366
0.012791916728019714
-0.022057840600609776
-0.06476277112960815
-0.006545206066221
0.03328397497534752
-0.09950838238000867
0.09401624649763107
0.03697012737393379
0.02963842824101448
-0.11914192140102386
-0.04059051722288132
0.04079116508364677
-0.06547946482896805
0.054562028497457504
-0.12339249998331069
0.002247252035886049
0.007423835340887309
-0.11446993052959442
-0.03868843615055084
0.0730414167046547
-0.1202992796897888
-0.02238060161471367
0.042227737605571754
0.021041858941316605
0.008129763416945934
-0.004015653859823942
0.008524694480001926
-0.07829739153385161
-0.01690187305212021
0.06066873297095298
0.07322586327791214
0.05559901893138885
-0.0031633260659873486
0.020329996943473812
-0.04399310424923897
-0.0345139279961586
-0.023798672482371327
0.1968081295490265
-0.11880512535572052
0.04137580469250679
0.02451344765722752
-0.06020934507250786
0.1092868149280548
-0.05543441697955132
0.07638712227344513
-0.04149211570620537
-0.021658971905708313
-0.016371985897421837
0.1141163408756256
0.011726750060915945
-0.11478635668754576
0.010308217257261276
0.11623385548591612
0.08485932648181915
0.0934755653142929
0.08883017301559448
-0.04610353708267212
0.008510494604706764
0.050107765942811966
0.020784972235560417
0.03062082640826702
0.04608088731765747
0.04332597926259041
-0.12346624583005904
0.03280858695507049
0.0218704491853714
-0.04783659800887108
-0.013983845710754395
-0.038602299988269806
-0.1028260588645935
-0.03216421976685524
0.05207682773470879
0.04369547963142395
0.07925129681825638
0.057284917682409286
-0.0807439386844635
-0.07488282024860382
-0.05228088051080704
0.04692107066512108
-0.01492779329419136
0.0805375725030899
-0.11207997798919676
0.04562580585479736
0.01935231685638428
0.0049689956940710545
0.06035154312849045
0.03335721418261528
0.036254707723855965
-0.037142910063266754
0.020932313054800037
-0.010581700131297112
0.0670420378446579
-0.06357529759407043
0.025833066552877423
0.025717148557305336
0.10875067114830016
-0.033603649586439126
0.0883757248520851
0.09927869588136673
-0.0189058780670166
-0.06085798516869545
-0.031188655644655228
-0.05941002443432808
0.1300893276929855
-0.04713112115859985
-0.08024800568819046
-0.051516253501176834
-0.05183530226349831
-0.0686509758234024
0.032137740403413766
0.05163463205099106
-0.02187967300415039
0.06911272555589676
-0.019443845376372337
-0.010310117155313492
0.013019799254834652
-0.10707321017980576
-0.04730084910988808
-0.08014006912708281
-0.11152645200490952
0.027616659179329872
-0.02248951978981495
0.01897810399532318
-0.011225734837353228
-0.03666668757796288
-0.00946609303355217
-0.009968094527721405
-0.11077458411455154
-0.052633848041296005
0.08306136727333069
-0.0017979192780330775
0.1367315649986267
0.05926230922341347
0.008684657514095306
-0.05632127448916435
-0.05528129637241364
-0.0004783902550116181
-0.0294943992048502
0.03893518075346947
-0.003724896814674139
-0.0839284285902977
-0.03393800929188728
0.03664986416697502
-0.08893851935863495
-0.005303399171680212
-0.06207248941063881
-0.04635735601186752
0.0033359755761921406
-4.99264569953084e-05
0.14754600822925568
0.04557265713810921
0.04745027795433998
-0.08203127980232239
-0.1044267565011978
0.060817621648311615
-0.04381348565220833
0.11424124240875244
-0.04869942367076874
0.010873451828956604
-0.020957794040441517
0.009155793115496637
-0.04052996262907982
0.016176333650946617
-0.006249507423490286
-0.03858136758208274
-0.036657825112342834
0.020592736080288887
-0.059145595878362656
0.011837771162390707
0.0015954974805936215
-0.022987488657236096
-0.07572928071022034
0.04421282932162285
-0.06288039684295654
-0.003061684314161539
-0.02334548160433769
-0.00884447433054447
-0.0011297609889879823
0.0600341223180294
0.04830323904752731
-0.06485499441623688
-0.02225122787058353
-0.010869711637496948
-0.11471936106681824
0.06939201056957245
-0.06501887738704681
-0.06716039031744003
-0.061308007687330246
0.09503425657749176
0.010300830006599426
-0.059570204466581345
-0.030439797788858414
-0.011744137853384016
-0.015220016241073608
-0.04003581777215004
0.02490371838212013
-0.036875981837511056
-0.010189572349190712
0.012401068583130836
-0.004457759205251932
0.04150215536355972
-0.07738048583269118
-0.0717712938785553
-0.014130664989352226
0.058147791773080826
-0.053963031619787216
0.01955072581768036
-0.10179176926612854
-0.007418690714985133
-0.03098658472299576
0.10164417326450348
-0.04823931306600571
0.04542331025004386
0.05620266497135162
-0.05108433216810226
-0.05666698142886162
0.034293737262487405
-0.028825990855693817
-0.09952284395694733
-0.04169474914669991
-0.02415596880018711
-0.06575900316238403
0.10944108664989471
-0.022567832842469212
-0.11285042762756348
-0.04218323528766632
0.12268555164337158
0.03961661458015442
0.017281675711274147
0.012789192609488964
-0.10492544621229172
-0.001657875836826861
0.005676096770912409
-0.03556833043694496
0.036089345812797546
-0.104392908513546
-0.07533492892980574
-0.01405520923435688
-0.0918196216225624
0.011187671683728693
0.01760941930115223
-0.11926036328077316
0.11411207169294356
0.0404955968260765
-0.013284090906381609
0.029744084924459457
0.03018816187977791
-0.024264149367809292
-0.07085497677326201
0.07108640670776367
0.08669783920049667
-0.020816322416067123
0.001846142462454736
0.05354935675859451
0.004295277874916792
-0.07245285809040068
-0.026881366968154907
0.029924020171165463
-0.11521722376346588
-0.06473839282989502
0.04573356360197067
-0.1163402497768402
-0.004416329320520163
-0.004144383128732442
0.0542815774679184
0.12810124456882477
0.01606856100261211
-0.03147466853260993
-0.07195517420768738
-0.11111211031675337
0.040622759610414505
-0.0034655663184821606
0.007043178658932448
-0.004517593886703253
0.07094459235668182
0.02179130166769028
-0.0034929332323372364
-0.033335719257593155
-0.041227474808692925
0.057706061750650406
0.08142165839672089
-0.017778001725673676
-0.1489792168140411
0.03268326818943024
-0.026950804516673088
-0.048392713069915765
-0.004250874277204275
0.008029391057789324
-0.013264680281281471
0.016695572063326836
-0.009349007159471514
-0.11446484923362732
-0.051839046180248254
-0.08086261153221129
-0.011106446385383604
-0.003923911135643721
0.027882477268576625
0.012958966195583344
-0.06981084495782852
0.05956346169114113
-0.05191519483923912
0.09748978912830351
0.08486970514059065
0.012787656858563423
-0.04361706227064133
-0.00016915949527174234
0.0586891733109951
-0.08116052299737929
0.050201624631881714
0.047264464199543
-0.028998384252190586
0.029225934296846386
-0.006301262881606816
0.07364728301763535
-0.07391154021024704
0.1347213238477707
0.003949311096221209
-0.0695333257317543
0.03539614379405975
0.09160374104976654
0.050632983446121216
-0.02031245455145836
0.10575785487890244
-0.004585863556712866
-0.01608801633119583
0.025354618206620216
-0.022237062454223633
-0.0016971296863630414
-0.10844221711158752
0.029662510380148888
0.0684780552983284
-0.06342197954654694
0.04872024431824684
-0.01935092359781265
-0.014265662059187887
-0.013257190585136412
-0.09381676465272903
-0.0967339277267456
0.09088899940252304
0.10328806191682816
0.019799642264842987
-0.07309768348932266
0.08154134452342987
0.08625330030918121
-0.12656052410602567
0.1647348552942276
-0.07954011112451553
0.08929062634706497
0.06121404469013214
-0.021988632157444957
-0.02560621127486229
0.08748558163642883
-0.03612425178289413
-0.035982824862003326
-0.047319844365119934
-0.11926333606243132
-0.07234248518943785
0.14532910287380219
-0.016542475670576096
-0.03664290532469749
-0.11246091872453688
-0.03299275413155556
0.01612657867372036
0.03864916041493416
0.049032818526029594
-0.007529762107878923
0.09976330399513245
-0.10177637636661528
-0.01648254506289959
-0.003840660210698843
-0.10573747754096983
0.043220505118370056
0.06423453241586685
-0.03162717446684837
-0.07648678123950958
-0.08550803363323212
-0.04489319026470184
-0.07454988360404968
-0.039594225585460656
0.07752353698015213
0.06684619933366776
0.028009129688143727
-0.10589154809713364
0.0003897160058841109
0.02608386054635048
0.09985976666212082
-0.05829806998372078
-0.029557501897215843
-0.025128964334726334
0.1063743233680725
1.9290833733975887e-05
-0.006535996682941914
0.03306119516491889
-0.039101991802454
-0.08093364536762236
-0.05334939807653427
-0.057620380073785775
0.015960276126861572
-0.02813955768942833
-0.07347082346677779
0.008432431146502497
-0.01985662430524826
-0.08272129297256468
-3.2213167287409306e-05
-0.0019554118625819683
-0.035255108028650284
-0.034193556755781174
-0.02494076080620289
-0.005959730129688977
-0.12085340917110445
-0.005723324604332447
-0.05473453924059868
0.008907289244234564
0.02718951553106308
-0.03720434010028839
-0.000895789940841496
0.02462830580770969
0.006889874581247568
-0.012297535315155981
0.10037708282470705
0.02925247885286808
0.05470713600516319
0.005785222630947828
-0.05682845786213874
-0.006297084037214518
-0.035711996257305145
-0.05768312141299248
0.011365974321961401
-0.02370479889214039
0.1335534155368805
0.012708136811852455
-0.12267572432756424
0.04720528051257133
0.04996708407998085
-0.07005924731492996
-0.01237080618739128
0.11688801646232604
0.03765955567359924
-0.1162065342068672
0.04213882610201836
0.1059289574623108
0.02436197735369205
-0.12307791411876678
-0.026719955727458
-0.01129960361868143
0.031991925090551376
0.01213156059384346
0.07215674221515654
-0.005582890473306179
-0.07564952224493025
0.013833893463015556
-0.029653370380401608
0.08787517249584198
-0.07623186707496643
-0.08183199167251587
0.04645301029086113
0.043220121413469315
-0.060081407427787774
-0.11969976127147675
-0.0066738524474203595
0.1068715527653694
-0.027104001492261887
-0.050679296255111694
0.023228397592902184
-0.009712554514408112
-0.046559665352106094
-0.04862308129668236
0.008424147963523865
0.004759828094393015
-0.0823822095990181
-0.01538902334868908
0.03822153061628342
-0.020883210003376007
-0.04960937798023224
0.02441975846886635
0.09955258667469025
0.0005293641006574035
0.02241647243499756
0.002025777939707041
-0.055623896420001984
0.006351269315928221
-0.06363846361637115
0.022121939808130264
0.13267603516578674
0.009194271638989449
0.00031856668647378683
-0.018682464957237244
-0.010622734203934668
-0.004175954964011908
0.0705777257680893
0.05656246468424797
-0.011989358812570572
-0.043886709958314896
-0.050710756331682205
-0.0478125773370266
-0.03044686838984489
-0.055640146136283875
0.044006023555994034
0.049363475292921066
-0.003919264767318964
0.07288959622383116
0.15416274964809415
-0.10623037815093994
-0.08694297820329666
0.009315529838204384
-0.04572279378771782
-0.06543989479541779
0.06773646175861359
-0.01810361444950104
-0.048860561102628715
-0.052282370626926415
-0.03661156818270683
0.04103514179587364
0.016341574490070343
-0.09384327381849289
0.06502118706703186
-0.0804712474346161
-0.03857243061065674
0.015170341357588768
0.14102433621883392
0.01755969412624836
0.10170739889144896
0.09348919987678528
-0.056217152625322335
0.024775784462690357
-0.004418290685862303
-0.07424022257328033
0.04337842017412186
-0.06142197176814079
0.03706157580018044
-0.05048270151019096
-0.0806390643119812
0.02841385081410408
0.009957151487469671
-0.005326205398887396
-0.0783839076757431
-0.03945259377360344
-0.0339520126581192
-0.08000856637954712
0.09008768200874329
0.09976658225059508
0.06026322767138481
0.01743222400546074
0.01281106285750866
0.014055028557777405
-0.004311142023652792
-0.04783152788877487
-0.036715440452098846
0.15784159302711487
0.05377582460641861
-0.11786051839590073
0.05122466012835503
0.05122565850615501
0.043845463544130325
-0.11503445357084274
0.04122534021735191
-0.11314935982227324
-0.07201173901557921
0.004095697309821844
0.03132044896483421
0.03414422646164894
0.11452949047088624
-0.11879695951938628
0.12621930241584775
-0.08178000152111053
-0.09543180465698242
0.06643742322921753
-0.08910681307315825
-0.015955675393342972
-0.0003311900654807687
-0.005100668873637915
0.042660441249608994
0.03581097349524497
-0.04332121089100838
0.06282083690166473
-0.034408461302518845
-0.06264173984527588
-0.048239566385746
-0.0926727056503296
0.015166535973548887
-0.06273484975099564
-0.10824804008007048
-0.043559323996305466
-0.06097911670804024
-0.04960823431611061
0.012559089809656143
0.03384803608059883
0.1197516918182373
0.15177226066589355
0.0060016498900949955
-0.0415191762149334
0.10370481759309769
0.0128798671066761
0.015594784170389175
-0.04555627703666687
0.060978014022111886
0.04615391045808792
0.05489538609981537
-0.05089564248919487
-0.01799491047859192
-0.07599523663520814
0.025373425334692
-0.039577540010213845
0.10139945894479752
-0.11114060878753662
-0.057243023067712784
-0.07343125343322755
-0.07097548991441727
0.0329173244535923
0.0187335591763258
-0.05422666296362877
-0.08428062498569489
-0.04709797725081444
-0.002391309943050146
0.04720625281333923
-0.08345790207386015
0.055401112884283066
0.05555824190378189
0.1134134754538536
0.06584428250789641
-0.06319199502468109
0.010559355840086935
0.03824535384774208
0.01535947062075138
-0.03602573648095131
0.027162633836269375
-0.04497618973255157
-0.055725254118442535
0.04990395531058312
0.03992808610200881
-0.058769289404153824
-0.11179777234792708
-0.04841143637895584
-0.07302233576774597
-0.022966582328081128
-0.05911625549197197
-0.059730164706707
-0.06966717541217804
0.03213748335838318
-0.024172665551304817
-0.09457796812057497
-0.03208291158080101
-0.001608647988177836
0.052032437175512314
0.024423494935035706
0.05453122407197952
-0.01078561134636402
-0.1255713552236557
-0.050960063934326165
-0.011366311460733412
-0.09741824120283127
-0.13328324258327484
-0.0399094745516777
0.0330655612051487
-0.05018783360719681
-0.061892133206129074
-0.07077968120574951
0.058006718754768365
-0.03794677183032036
-0.042177651077508926
-0.023583039641380314
-0.09304443001747133
0.07192383706569672
-0.0446389764547348
0.06745192408561707
0.02180367335677147
-0.019373785704374317
0.06438376009464264
-0.02594980224967003
0.037359345704317086
0.008713038638234137
-0.02655859477818012
-0.000414628186263144
0.011881502345204352
-0.06250394880771637
0.021491011604666706
0.026135558262467384
-0.009762002155184744
0.03136792778968811
-0.11110819876194
-0.0473293662071228
0.03668954595923424
0.018930610269308087
-0.054674461483955376
-0.011972088366746902
-0.007292080204933882
-0.07915173470973969
0.035892706364393234
-0.00046244368422776466
0.06989063322544098
-0.01069606840610504
0.11995546519756316
-0.026262126863002777
0.10048285871744156
0.01825355365872383
0.003363968338817358
0.00630679726600647
0.006409587804228067
0.0026269149966537952
-0.016239935532212257
-0.05741795152425765
0.05252138897776604
-0.0735054537653923
-0.05175194516777992
0.021027320995926857
0.03932659700512887
-0.10562369972467422
-0.002001316752284765
-0.043492790311574936
-0.03780072554945946
-0.10419461876153945
-0.0654841810464859
-0.10005439817905426
-0.073684498667717
-0.022663187235593796
0.08783102035522462
0.001164859510026872
-0.0354650504887104
0.08677896857261658
-0.06183256581425666
-0.015262916684150696
-0.08531192690134048
-0.011374210007488728
-0.007473147939890622
-0.04181298986077309
0.01293179765343666
0.03462526947259903
0.07417467981576918
-0.0424644909799099
0.026570212095975876
-0.12798039615154266
-0.06561286747455597
0.05631871148943901
0.04833710566163063
-0.05452004447579384
-0.03803818300366402
0.031237542629241943
-0.10313579440116882
0.05693213269114494
-0.06720581650733948
0.03337235376238823
-0.008814716711640358
-0.017778560519218445
0.0178363136947155
0.022803641855716705
0.04009045287966728
0.021465700119733807
0.08499010652303694
0.025186592712998394
0.007840193808078764
-0.11199761927127838
-0.11564569175243376
-0.04016949608922005
0.004713079426437616
0.026070084422826767
-0.12075892090797424
-0.03481482341885567
0.033750906586647034
-0.04924026131629944
0.08459109812974931
0.027017664164304733
0.0036841598339378834
-0.021779883652925488
0.030021509155631065
-0.084489107131958
-0.07579663395881651
-0.05797140672802925
-0.027056282386183735
0.026017909869551655
0.010035420767962933
-0.034021373838186264
0.012158372439444063
-0.10144409537315369
-0.04561521112918854
-0.045131217688322074
0.025874061509966847
0.025332584977149963
0.017174163833260536
0.027060585096478466
0.03173311427235603
-0.07427251338958739
-0.025554334744811055
-0.04059869050979614
0.004929997492581606
-0.02261626347899437
-0.012089531868696213
0.017688265070319176
0.03588162735104561
-0.02751262299716473
-0.05821974202990532
0.033117782324552536
-0.02865603193640709
0.006339739542454481
-0.09395961463451384
-0.03845490887761116
-0.00029340258333832026
-0.042930889874696725
-0.030012287199497223
-0.08475718647241592
0.08517152816057205
-0.08703716844320297
-0.04411491006612778
-0.012938378378748892
-0.03774076700210571
0.029462646692991257
0.03672682121396065
-0.07621406018733978
0.07690279185771942
-0.040611408650875085
0.02026638574898243
-0.011218763887882233
-0.04547790810465813
-0.08971546590328217
-0.019896786659955975
-0.03583551198244095
0.07692320644855499
0.03133361414074898
-0.0157638993114233
0.02728438004851341
0.029015488922595974
-0.01443183422088623
-0.05921976640820503
-0.04916667938232422
-0.009829120710492134
-0.0522841326892376
-0.02166900783777237
0.00530014419928193
-0.02955656498670578
0.0833415612578392
0.04743043333292008
-0.036009836941957474
-0.08733075857162476
-0.026793882250785828
-0.06286386400461197
0.029158886522054672
0.1447601020336151
-0.06427425146102905
0.02079601027071476
-0.07549650967121123
-0.017917970195412636
-0.00037716666702181106
0.08359620720148087
0.1348596066236496
-0.097485713660717
-0.027693163603544235
-0.06966838240623474
0.07974377274513245
-0.007845998741686344
-0.04673049971461296
-0.03035883232951164
-0.024934150278568268
0.08714605867862701
0.01474412716925144
-0.03876881673932076
0.06214794516563416
-0.013074994087219238
-0.026010753586888317
0.05297258868813515
-0.012763148173689842
-0.046386592090129845
-0.010044257156550884
-0.02969977632164955
-0.06932595372200012
0.05481329187750816
-0.018295135349035263
-0.014759782701730728
0.05473129823803902
0.06424543261528015
-0.05089601501822472
-0.06095080077648162
0.06919985264539719
-0.07849563658237457
-0.02719084359705448
-0.01971748098731041
-0.0807817354798317
0.11676198244094849
0.026421207934618
0.15853966772556305
0.08064569532871246
-0.011132940649986269
0.015114706009626389
0.06593608856201172
0.05244753137230873
0.10416190326213837
0.030144950374960896
0.09149795770645139
-0.1304785907268524
0.017214998602867126
-0.06449776142835617
-0.05753981694579125
0.0698927640914917
-0.036919713020324714
-0.040688347071409225
0.003745812457054853
-0.06500010192394257
-0.041558463126420975
-0.04048202931880951
-0.03165821731090546
-0.06549069285392761
-0.06813840568065643
-0.11457697302103043
0.06686733663082123
-0.03421010449528694
-0.0778689980506897
-0.06592151522636414
0.01210428774356842
-0.10182036459445952
-0.0018442865693941712
-0.032983031123876565
0.028870256617665287
-0.01930413581430912
0.03650401905179024
-0.08256228268146515
-0.011184452101588247
0.012545223347842692
-0.015913041308522224
0.03380556404590607
0.035232771188020706
-0.037250906229019165
-0.06098805740475655
0.06099171191453934
-0.032104413956403725
0.026407804340124127
-0.10876379907131196
-0.03189514204859733
0.038874302059412
-0.11445139348506927
-0.08775195479393005
0.03945231810212135
-0.06929509341716766
-0.06196967139840127
0.02487972006201744
0.004021045286208391
-0.07746735215187071
0.008296226151287556
-0.041080404072999954
0.01429805252701044
0.005459683481603861
-0.02946688421070576
-0.03533406928181648
-0.05493972450494766
0.0112819941714406
-0.08586424589157104
-0.00021424482110887763
-0.12045515328645706
-0.1130167245864868
-0.052976008504629135
-0.04151685908436775
0.08917702734470366
0.05050280317664146
0.01210680976510048
0.020169492810964584
0.04807798564434052
0.08027230203151703
-0.11604277789592742
-0.016813915222883224
-0.09168665111064912
0.048165228217840195
-0.09684023261070253
0.0919397622346878
0.007146083284169436
-0.05258793756365776
-0.04387082159519196
0.16908659040927887
0.0360061414539814
-0.013790830969810484
0.04783385619521141
-0.032986033707857125
-0.07534649223089218
-0.09124957770109177
0.01886298507452011
0.09330088645219801
0.04024794325232506
0.08416908979415892
-0.08513610064983368
0.013890637084841728
-0.02117019891738892
-0.07248614728450774
0.021932825446128845
0.06939046829938889
-0.073195181787014
0.04948678240180016
0.010719330050051212
0.014917721971869469
-0.013682915829122066
-0.07023300230503082
0.010117242112755775
-0.04423356428742409
0.13728047907352448
0.1608763486146927
-0.01997533068060875
0.04044775664806365
-0.04467557743191719
-0.0021982421167194843
-0.07036857306957245
-0.012209748849272728
-0.04797462746500969
-0.025446355342864994
-0.1070951372385025
-0.0095866359770298
0.10509268939495087
0.036893781274557114
0.03389032557606697
-0.004144505131989717
-0.039801381528377526
0.055261846631765366
-0.03977259621024132
-0.011892147362232208
-0.01057184673845768
0.09419476240873335
0.015304727479815485
0.07213278114795683
0.0014511331683024764
-0.03889086470007896
-0.08873926848173141
-0.029283367097377777
-0.07062456756830215
0.03574834391474724
0.08763357996940611
0.04392803460359573
-0.043832190334796906
-0.04812312498688698
0.05137191340327263
0.0484497956931591
-0.11923696100711823
0.05980158969759941
0.031213492155075077
-0.09294282644987105
-0.01537623256444931
-0.1210796609520912
0.07170680165290833
-0.018883895128965374
-0.006067400332540274
-0.03103705495595932
-0.0321795679628849
0.07476344704627991
-0.10377371311187744
-0.06375104188919067
0.022082451730966568
-0.0055944318883121005
-0.10502149909734725
-0.03703035786747933
-0.11106424778699873
0.02364903315901756
-0.019310425966978077
0.1037086546421051
-0.09903708100318909
-0.119998499751091
-0.008921340107917786
-0.0022551645524799824
0.05265451595187187
0.06166315823793411
-0.08987465500831603
0.010396244004368782
-0.019286395981907845
-0.1266154497861862
-0.0381666012108326
-0.09266463667154312
0.07570597529411317
0.07322445511817932
0.085929736495018
-0.01868215389549732
0.026100341230630875
-0.08582622557878494
-0.012237614952027796
0.051284056156873696
-0.03091330826282501
0.04816801846027374
-0.04792271554470062
0.06417238712310791
0.07029151171445847
0.00407606502994895
-0.0052718142978847035
-0.008113598451018333
0.07954680174589157
-0.09142037481069565
-0.11222024261951447
-0.0660528838634491
0.09957441687583923
-0.026019541546702385
-0.03150061517953873
0.004408333916217089
0.03849492594599724
0.07015052437782288
-0.006435254123061895
0.04493032768368721
-0.03497576713562012
-0.026723964139819145
-0.007583714555948973
0.03883779421448708
-0.06978847086429596
0.04787936806678772
-0.0020908224396407604
0.014813896268606184
-0.1077512353658676
-0.024255778640508648
0.02678818814456463
-0.0002779249334707856
0.006152993533760309
-0.12769675254821777
0.021345760673284527
-0.046285223215818405
-0.09270575642585753
-0.0476892851293087
-0.03579537943005562
0.02143526077270508
-0.09606391191482545
-0.07206806540489197
-0.08777821809053421
0.05536982044577599
0.07018749415874481
-0.05185726284980774
0.026943365111947056
-0.04971281811594963
-0.10892033576965332
0.07004941999912262
0.1378033310174942
0.01771932654082775
0.06504948437213898
0.09341371059417725
0.06718817353248596
-0.005864481907337904
-0.013845054432749748
0.0412134975194931
0.045962389558553696
0.05674896016716957
0.017616987228393555
-0.041877474635839455
0.002567826304584741
0.07232907414436339
0.07175975292921066
0.041461173444986336
0.010161258280277252
0.0638674646615982
-0.04916992783546448
-0.07365621626377106
-0.0363515131175518
-0.08211877942085266
0.06343090534210205
0.016114884987473488
0.028502570465207096
-0.02338254638016224
0.00483280373737216
0.0037449803203344345
0.0031047877855598927
0.09011469036340712
0.11444561928510665
0.0009053001413121821
-0.10751021653413773
-0.05914784595370293
-0.0629650205373764
-0.09253573417663574
0.12013275921344756
-0.035115797072649
0.03265691176056862
0.036330733448266976
-0.020532531663775444
0.011461146175861359
0.0014023877447471023
-0.10688924044370653
-0.04826727136969566
0.006914034020155668
-0.045495189726352685
0.011325830593705176
0.02294427156448364
-0.05474143847823143
-0.001816588104702532
-0.014329193159937859
0.09309124946594238
0.05451666936278343
0.08074238896369934
-0.10064709186553956
-0.05511928349733353
-0.1017162799835205
0.04011547192931175
0.0397980622947216
0.064297616481781
0.0017527550226077435
0.04264793172478676
-0.016342539340257645
-0.01084846444427967
0.059001509100198746
0.0006119537865743041
-0.05873597040772439
-0.03605840727686881
0.06456218659877777
0.014406800270080566
0.025554684922099117
-0.0362100824713707
0.005643869284540415
0.020342173054814335
-0.00572854420170188
-0.016273528337478638
-0.05379699543118477
0.08974501490592957
0.008097577840089798
0.01364956609904766
-0.12446768581867218
0.0015774689381942153
-0.08878280967473982
0.03292844817042351
0.02398237958550453
0.029984015971422195
0.04596870765089989
0.04334620386362076
0.05436806008219719
0.037563614547252655
0.02228616178035736
-0.0047921608202159405
0.03121716529130936
-0.06675048172473907
0.05859164521098137
0.05811670795083045
-0.042341448366642
0.03966136649250984
-0.12273447960615158
-0.10214902460575104
-0.05915678665041924
0.0012452643131837249
0.042808916419744485
-0.0220775343477726
0.0501820184290409
-0.03706550225615501
0.006718142423778772
-0.09965240210294724
-0.0860337018966675
0.03719795122742653
-0.018871724605560303
-0.04321298748254776
-0.07504795491695405
0.018594335764646527
0.04697532206773758
-0.1188475266098976
-0.012437010183930395
-0.022289577871561047
0.015742583200335503
0.043156716972589486
-0.040674876421689994
-0.03375844284892082
-0.012872077524662016
-0.06931993365287781
-0.017101993784308434
0.015018587000668049
0.053916018456220634
-0.04176532104611397
0.037563927471637726
-0.016184916719794273
0.10426893085241316
0.0023119845427572727
0.02433955669403076
0.05485817044973373
-0.08082079887390135
-0.025614675134420395
0.016331668943166733
-0.01784124970436096
-0.012232659384608269
0.018249079585075375
0.07589299976825714
0.002904642838984728
-0.04991606250405312
-0.040342900902032845
-0.055653490126132965
-0.03609688207507133
-0.021158989518880844
0.015914572402834892
-0.021530350670218468
0.024391036480665207
-0.002947323489934206
0.03460380807518959
-0.015017222613096235
0.027010414749383926
0.09589000046253203
0.06416480243206024
0.09162110090255736
-0.07996468245983124
-0.03466854989528656
0.0543462447822094
0.04502149298787117
-0.11087480187416077
-0.07159394025802612
-0.06036997586488724
-0.04974990338087082
-0.005342790391296148
-0.0404014028608799
-0.09071549773216248
-0.02625231258571148
-0.015143083408474922
-0.003091550897806883
-0.03287201747298241
0.10692543536424635
0.036102328449487686
0.015119967050850391
-0.04205279424786568
0.16902706027030945
-0.03961825743317604
0.01145484670996666
-0.011121386662125587
0.044349510222673416
-0.019834619015455243
-0.021979615092277527
0.14122281968593595
1.9328435882925987e-06
0.09442141652107239
-0.028752418234944344
0.028675265610218048
-0.07950351387262344
-0.02736036106944084
-0.048254504799842834
-0.050300166010856635
-0.0006584409857168794
-0.09137798100709917
0.010963169857859612
-0.09803837537765504
-0.03088584542274475
-0.1234392523765564
-0.01004820317029953
-0.016553077846765518
0.02196945622563362
0.042393941432237625
0.0017721730982884765
-0.01007070019841194
-0.003492732997983694
0.01821090839803219
-0.06005153059959412
-0.06919009983539581
0.03609169647097588
-0.0004578229272738099
0.07878351211547852
-0.033568765968084335
0.10863123089075089
-0.005666497629135847
-0.10187417268753052
-0.123451367020607
0.0721495747566223
0.07230831682682037
-0.0005742475623264909
-0.07286249101161955
-0.0015823092544451356
0.04935703054070473
0.02574719116091728
0.02282595820724964
-0.05366960167884827
0.062432736158370965
-0.08487877994775773
-0.05538672208786011
0.016582636162638664
0.008868709206581116
0.05507161468267441
0.0021976460702717304
-0.08863177895545958
-0.07114796340465546
0.05034444108605385
-0.04273670911788941
0.023165503516793248
0.0010483491932973263
-0.11699596792459488
-0.00934745464473963
0.010693593882024288
0.02082909643650055
0.033727366477251046
0.05287086591124535
-0.04183584824204445
0.011515852995216846
-0.0891910418868065
-0.0543353445827961
0.05788853019475937
-0.10620686411857604
0.01715184934437275
0.0552540048956871
0.01274011004716158
-0.04163027182221413
0.024945892393589016
-0.06394930183887482
-0.06046641990542412
0.08597691357135773
-0.036825451999902725
0.04668672010302544
-0.0744859278202057
0.11361600458621977
0.09734141826629639
-0.11704467236995696
0.04479856789112091
0.06950715184211731
0.0990065559744835
0.04250748828053474
0.0641547292470932
0.0519416332244873
0.0076503963209688655
0.09493410587310792
-0.05949470028281212
-0.08620157837867738
0.07362326234579086
-0.030591603368520737
0.010722368024289608
-0.032079268246889114
0.10354603826999664
0.02494912035763264
0.017541805282235146
-0.08200955390930174
-0.027424808591604233
-0.04908373579382896
-0.01585647463798523
0.10896328836679459
0.08199729025363922
-0.034298144280910485
0.10361471772193909
-0.002315036486834288
-0.09911595284938812
-0.02638503722846508
-0.01006491295993328
-0.05078009516000748
-0.05965525656938553
0.0674842894077301
-0.004321686457842588
0.07946996390819548
-0.064833864569664
0.03616703301668167
0.0304533876478672
-0.008562533184885977
0.08443406969308853
-0.018796840682625767
0.03626501187682152
0.04374400526285172
-0.10040819644927979
-0.11591710895299911
0.0627359002828598
-0.0609808936715126
-0.0018677847692742944
0.018895749002695084
-0.025757718831300732
0.04328981414437295
0.00783520843833685
-0.05354583635926247
0.13192319869995117
0.00492055295035243
-0.11446095257997511
-0.001035723485983908
-0.09992615878582
-0.0022319755516946316
-0.03670474514365196
0.009953880682587624
0.06644745916128159
0.020151998847723007
-0.005369487684220076
-0.028843775391578674
0.12201789766550064
-0.04543489217758179
-0.07738128304481505
0.004036309663206338
0.0595274493098259
-0.061152864247560494
-0.05274753645062447
0.02557966858148575
0.048679906874895096
0.012310698628425598
0.020542770624160767
-0.02956684678792953
-0.034448061138391495
-0.08965793251991272
-0.01595926657319069
0.04128553345799446
0.03611399978399277
-0.024654731154441837
-0.015043625608086586
0.0407334677875042
-0.0960247814655304
0.06133430823683739
-0.06799942255020142
-0.08497522771358491
-0.011604852974414824
0.043080646544694894
-0.012383384630084036
-0.09837885946035384
-0.03959882631897926
-0.008228938095271587
-0.09484542906284332
0.0972464680671692
0.09024589508771896
0.04683490842580795
-0.01697601191699505
0.009670041501522064
0.039023768156766885
-0.1345165967941284
-0.0009903559694066644
-0.025592368096113205
0.006080467719584704
0.009567428380250929
0.10456369817256927
-0.002498690504580736
-0.0005136035615578294
0.02024327591061592
-0.051576737314462655
0.03731847181916237
-0.12012399733066557
-0.007044402416795492
0.02112714760005474
-0.11999343335628508
0.0057234992273151875
-0.03043214976787567
0.053454603999853134
0.0301399789750576
-0.06433579325675964
-0.02877406775951385
-0.03266110643744469
-0.0025549675337970257
-0.059812724590301514
-0.060450151562690735
-0.08377046138048173
-0.054812688380479806
0.05868356302380562
0.07669626921415329
-0.014718670397996902
0.03382309898734093
0.12460331618785858
-0.05212083086371422
-0.04578140377998352
-0.09525481611490248
0.03841978684067726
-0.009434685111045837
0.057647109031677246
0.017680024728178974
0.01555875688791275
-0.004460069816559553
-0.10651062428951263
0.04776761680841446
-0.045403890311717994
0.02340486273169517
-0.06811488419771193
-0.05530163645744324
0.037973549216985696
0.07267605513334274
-0.016724243760108948
-0.012067606672644615
0.051948782056570046
0.08015283942222595
0.017705783247947693
-0.10164950042963028
0.09174655377864835
0.05362362414598465
-0.007348853629082441
-0.05943356081843376
-0.021405519917607307
0.06274040043354033
0.07236251235008238
0.015325404703617096
0.03136413171887398
-0.04030061513185501
0.02751653268933296
0.03588198125362396
-0.02358563430607319
0.06792096793651581
-0.07889819145202637
0.007476140279322863
-0.03410332649946213
-0.10924575477838516
-0.04544440284371376
0.020525675266981125
-0.05258527770638466
-0.07121288776397705
0.008622526191174984
-0.016061389818787575
-0.044760216027498245
-0.03529604151844978
-0.062364768236875534
-0.020066589117050167
-0.003295954782515764
-0.04277495667338371
0.02881192602217197
0.008378691971302032
-0.04581959918141365
0.015739355236291885
-0.007897894829511642
-0.08720260113477707
0.10750135034322739
0.003684998024255037
0.004546788986772299
0.007002269383519888
0.030230198055505753
-0.028826683759689328
-0.005031339358538389
0.01575983315706253
0.07047853618860245
0.030712008476257324
0.02745194360613823
-0.01096530631184578
-0.09634073078632353
-0.05609233304858208
-0.04520248249173164
0.023211952298879623
-0.07177425175905228
0.09953369945287704
-0.009979285299777985
0.12222521007061005
0.07404595613479614
-0.08505381643772125
-0.11675868928432465
-0.06137283518910408
-0.08261199295520782
0.014523645862936972
0.053561493754386895
0.03810770437121391
-0.09503310173749924
-0.11612145602703094
0.09556530416011809
-0.0833045244216919
0.011462355032563208
-0.056934550404548645
0.00544755207374692
0.04238766059279442
-0.02060862258076668
-0.032421428710222244
0.03503637015819549
0.09725816547870639
0.043828412890434265
-0.02933542244136333
-0.11438202857971191
0.05849895998835564
-0.03504837676882744
-0.007959824055433273
0.02511540614068508
0.050187721848487854
-0.11000315845012663
0.05039866641163825
-0.04309720173478127
-0.03329911828041077
0.0459040068089962
0.04134633392095566
0.13659442961215973
0.030498716980218887
-0.01165485382080078
-0.09026879072189331
0.013758623972535132
0.021386932581663128
0.0956762880086899
-0.015166472643613815
-0.08157688379287718
0.012216083705425262
0.03182953596115112
-0.01571756973862648
-0.033808596432209015
0.021227814257144928
-0.058843623846769326
0.061407603323459625
-0.061991576105356216
0.03884079679846764
0.03124771639704704
-0.04286675900220871
-0.029873546212911602
-0.06612151116132736
-0.03813473135232925
0.0449163056910038
-0.0727936178445816
-0.040067236870527274
-0.02120238170027733
-0.04386001452803612
-0.04076862335205078
-0.004046642687171698
0.00958479195833206
0.029894333332777023
0.12452606856822968
0.06750868260860443
-0.06265745311975479
-0.03134557604789734
-0.0004654150689020753
-0.032257094979286194
-0.06865936517715454
0.04166775941848754
0.04611055925488472
-0.09083278477191924
-0.11047297716140748
-0.014882415533065796
0.015641404315829277
0.010068804025650024
-0.005807024892419577
-0.06250885874032974
0.07840458303689955
-0.10523267090320589
0.058099687099456794
0.010859270580112934
0.0011849686270579696
-0.0986160933971405
-0.11657746136188508
-0.012618791311979292
-0.007739705499261618
-0.031107965856790543
-0.002998329233378172
0.03191211447119713
0.0005872066831216216
-0.011659329757094383
-0.009363858960568905
0.025165416300296783
0.025577276945114132
-0.11062953621149064
0.053282950073480606
0.12117158621549606
0.07901003956794737
-0.005214590113610029
-0.07299134135246275
0.00701397517696023
-0.08624280989170073
0.025659203529357914
0.06831405311822891
-0.00892226118594408
0.027493581175804135
-0.0860719382762909
-0.10847663134336472
-0.004234901163727045
0.12394198030233385
-0.01958147622644901
0.04441729560494423
-0.028600646182894703
0.017594659700989723
0.05517277121543884
-0.020483816042542458
0.034390367567539215
-0.007616001646965742
-0.000981606193818152
0.09692328423261641
-0.13755697011947632
-0.03371388837695122
0.05824285745620728
0.15689997375011444
-0.0629902109503746
0.041079532355070114
0.04939475655555725
-0.01848004199564457
-0.023160260170698162
0.015752054750919342
0.002536066807806492
0.0038385433144867425
-0.011101016774773596
-0.009767094627022743
-0.01684906706213951
-0.05705020949244499
-0.04441676661372185
-0.05537799373269081
-0.11616614460945128
0.05885918438434601
-0.03393276408314705
-0.08080799132585524
-0.09062717854976654
0.07211928814649582
-0.07601108402013777
0.03762686997652054
0.05646694824099541
-0.009248713031411171
-0.12190067768096924
-0.08066172897815704
-0.04773366078734398
-0.0057451012544333935
-0.05744266137480736
0.028202518820762634
-0.03601810708642006
0.018927047029137608
-0.08691244572401047
0.025891661643981934
-0.016603555530309677
-0.0519368015229702
0.025047896429896355
-0.049534939229488366
-0.10124805569648743
0.02892316877841949
0.051696907728910446
-0.1071503609418869
-0.058390986174345016
-0.015963537618517876
-0.025510288774967197
0.09015271067619325
-0.03288921341300011
0.07646845281124115
0.026617906987667084
-0.01999473571777344
0.0766906887292862
-0.0720648318529129
0.038787707686424255
-0.0500187911093235
-0.043550636619329446
0.057798635214567184
-0.0941811054944992
-0.08789622783660889
0.09141787141561507
-0.04234830662608147
0.0025589331053197384
0.0317489430308342
-0.10925907641649246
0.01217830181121826
0.00685247080400586
-0.07598701864480972
-0.056848227977752686
0.06014324352145195
-0.05026313289999962
-0.01907648891210556
0.13320906460285187
0.020312510430812836
-0.10607306659221648
0.003349021542817354
0.012890683487057684
0.07296212017536163
0.010392899625003336
0.013858472928404808
-0.042233679443597794
-0.11976658552885056
0.03674617037177086
0.003729768097400665
0.02894455008208752
0.05243615806102753
-0.03531688079237938
-0.08000440895557404
0.04363272711634636
-0.0809900164604187
0.09130945801734924
0.02694793790578842
-0.09613433480262755
-0.00969204306602478
0.01505507342517376
-0.014727085828781128
-0.09174250811338425
0.13889379799365997
0.00998335424810648
0.005135101731866598
0.11394103616476058
-0.03121668472886085
-0.11249800026416779
0.025345318019390103
-0.006843990180641413
-0.015733197331428528
-0.058685433119535446
-0.07129540294408798
-0.06508098542690277
0.13572923839092255
0.05253316834568977
-0.06058819964528084
0.05510864779353142
-0.07028107345104218
-0.12816022336483
0.1134531870484352
-0.03725327178835869
-0.04116671904921532
-0.005281649064272641
-0.002282015513628721
0.0037185424007475376
-0.03697683662176132
0.01817352883517742
-0.09563083946704865
-0.03129607439041138
0.020001415163278576
-0.05801452323794365
-0.1138939782977104
-0.04921894893050194
-0.047189969569444656
-0.05536196008324623
-0.021031498908996586
-0.07808774709701538
-0.009981580078601837
0.05546997860074043
0.08443290740251541
0.00979645550251007
-0.007672639098018406
0.026921557262539864
-0.07647900283336638
0.07020912319421768
-0.11484302580356597
0.021764744073152546
-0.07371553778648376
-0.10625052452087402
-0.1054324060678482
-0.04319370537996292
-0.032441124320030205
0.11300357431173325
0.06599274277687073
0.16718776524066925
-0.02424918487668037
-0.012300558388233185
-0.08370131254196168
-0.02951350808143616
0.07483395934104918
-0.017130449414253235
-0.11441634595394135
0.056314539164304726
-0.030710779130458832
0.03067788854241371
-0.07723328471183775
0.08917440474033356
-0.04874936118721961
-0.06236447021365166
-0.062099996954202645
-0.024383513256907463
0.027837693691253666
-0.03517837077379227
-0.017444010823965073
0.04094315692782401
0.06909926235675812
-0.0842096358537674
0.021394483745098117
0.003672581631690264
0.10144902020692824
-0.11366282403469084
-0.0842583179473877
-0.08641916513442993
0.05088769271969795
0.015155320055782793
0.033263806253671646
-0.019435083493590355
0.026076611131429672
-0.034820862114429474
-0.03347505256533623
0.031144184991717335
-0.030671998858451843
0.0687328428030014
-0.04235512763261795
-0.006706660147756337
-0.015459431335330008
-0.08097270131111145
-0.0649164468050003
-0.07180159538984299
0.0013175647472962737
-0.10755541920661926
0.011286746710538864
0.006855966988950968
-0.03456485643982887
-0.06847833096981049
-0.051407426595687866
0.011649230495095251
-0.02794205397367477
0.09361073374748229
0.046608109027147286
-0.013844887726008892
0.0056951106525957584
-0.11676546931266785
-0.04241866245865822
0.02517123892903328
-0.020126190036535263
-0.04565669596195221
-0.02451815642416477
-0.06935954093933105
0.02599193155765533
0.07130114734172821
-0.0047975326888263226
0.015036994591355324
0.04579944908618927
0.0032936581410467625
-0.04123435541987419
-0.02044973894953728
-0.023333650082349777
-0.08257678896188736
-0.1284549385309219
-0.013754911720752716
-0.07175691425800323
0.0644230991601944
0.05766783282160759
-0.09794853627681731
0.1104036122560501
-0.11635209619998932
-0.009858159348368643
0.0207169521600008
0.018285023048520088
-0.04112991318106651
0.062162768095731735
0.05924520269036293
0.14505083858966827
-0.02051401883363724
-0.03527471050620079
-0.008627079427242279
0.02999923378229141
0.02465030550956726
-0.05494201183319092
-0.0365498960018158
0.03782014176249504
-0.007006618659943342
0.04646513611078262
0.13076704740524292
-0.016037216410040855
-0.03462555631995201
-0.02198933437466621
-0.09406524896621704
0.01822362281382084
0.01990112103521824
-0.12104948610067368
-0.06953676044940948
-0.009361910633742808
-0.06874740868806839
0.058016549795866006
0.009924070909619331
0.021394725888967518
-0.08662778139114381
0.03917339071631432
-0.0488167479634285
0.026649974286556244
0.11125171929597855
0.054956268519163125
0.0553104542195797
0.007412976119667291
-0.03995442017912865
0.07033198326826096
-0.10594674944877625
0.032951012253761285
0.03312765806913376
-0.018469875678420063
-0.05997781828045845
-0.01186821050941944
-0.05986564978957176
0.0017710471292957664
0.015149235725402832
0.005958094727247953
0.007035462651401758
0.000979462987743318
-0.0776190459728241
-0.017430873587727547
-0.042898703366518014
-0.04659244045615196
-0.01202215813100338
0.009169248864054682
-0.019320199266076088
0.11787596344947814
-0.1169576272368431
0.03834841772913933
0.08231676369905472
-0.09934676438570023
0.0055422717705369
-0.10254353284835815
0.12256951630115508
-0.10842923820018768
-0.049560606479644775
-0.1142500564455986
0.006804557051509619
-0.011713736690580843
0.0614805556833744
-0.013113565742969511
-0.06227118149399757
0.0643010288476944
-0.02670157328248024
0.02945170924067497
-0.08709728717803955
-0.06130537018179893
0.04538439214229584
0.03763453289866448
0.025919217616319656
0.06701672077178955
0.035983633249998086
-0.012073457241058348
-0.11725665628910063
0.06397560238838196
-0.01629643142223358
-0.021884208545088768
-0.07997020334005357
-0.02058759331703186
0.16912119090557098
-0.016900496557354927
0.05649853125214577
0.06386395543813705
-0.07385517656803131
0.010288462974131107
-0.05437510460615158
-0.013138899579644203
0.0186307355761528
-0.00026677141431719065
0.02712338976562023
0.015351646579802036
0.04687540978193283
-0.03781753405928612
0.013956851325929163
-0.08923497051000595
-0.015548139810562132
0.016998296603560448
-0.06699731945991516
0.03336195647716522
-0.08346600085496902
0.05143166705965996
-0.0444871224462986
-0.0358903594315052
0.04034127295017242
-0.04151002317667008
0.10268643498420715
-0.11478948593139648
0.006093088071793318
-0.021829903125762936
-0.12361866235733032
-0.05386125668883324
0.012458601966500282
0.06307295709848404
-0.05614649876952171
0.08943443745374678
-0.11245715618133544
-0.02475232258439064
-0.03469305858016014
-0.026830101385712624
-0.03768866881728172
-0.0848248302936554
0.09029576927423476
-0.10453496873378752
-0.0038088406436145306
-0.043683815747499466
-0.01856639422476292
-0.11312219500541688
-0.028479047119617466
0.04566929861903191
0.04249268397688866
-0.11217787861824036
0.09829334914684296
-0.0748787522315979
-0.08882386982440947
0.05409559607505798
-0.028427978977561
0.02002238854765892
0.025013348087668415
0.054691147059202194
0.020694324746727943
0.011005783453583716
0.021031660959124565
-0.036423925310373306
0.05986335128545761
-0.034963518381118774
-0.042770475149154656
-0.08745656162500381
-0.12808988988399503
0.03171924874186516
0.07694293558597565
-0.08397562801837921
-0.07422782480716705
0.02264401316642761
-0.09571141004562378
0.020381601527333256
-0.06798283010721207
-0.05771840736269951
0.022971410304307938
0.006205643061548472
0.04276576638221741
-0.03550316020846367
-0.014730961993336676
-0.013771715573966503
-0.06804303824901581
-0.004019222687929869
-0.06848715245723724
-0.0832386389374733
-0.07202599197626114
0.02478360570967197
0.0215619970113039
-0.03409489989280701
0.028026258572936055
-0.01645253598690033
0.04804861918091773
-0.1071897968649864
0.016653146594762802
0.11925175786018372
0.141812726855278
0.005886639002710581
-0.0379413403570652
-0.035972010344266885
0.0312981978058815
-0.03189995512366295
0.019244924187660217
-0.07059024274349213
-0.11887349933385848
0.05903656780719757
-0.06626743078231812
0.03775688633322716
-0.07902868092060089
-0.032039519399404526
-0.07632431387901306
-0.0480220653116703
0.10836713016033173
0.032009344547986984
-0.10552707314491272
0.034724365919828415
-0.046585991978645325
-0.06807376444339752
0.04950409010052681
-0.046958547085523605
0.06524410098791121
0.0028184005059301853
0.03814256936311722
-0.019441360607743263
0.033990442752838135
-0.08112999796867369
-0.03950326144695281
0.08205789327621461
0.06639578193426132
0.009431373327970505
-0.09731812030076979
0.029487676918506622
-0.12387995421886444
0.03580733761191368
-0.03944286704063416
-0.03419509530067444
0.019138738512992855
0.05525785312056541
-0.047850333154201515
0.06384257972240448
-0.019450364634394646
0.02424326352775097
-0.08120495080947877
0.00692209554836154
0.0241597518324852
-0.046575408428907394
-0.004770541097968817
0.025324383750557896
0.023703930899500847
0.10071824491024016
0.004252877552062273
0.01640431210398674
0.13483549654483795
-0.10592871904373168
-0.011529216542840004
-0.007918419316411018
0.0415678545832634
-0.029194172471761703
-0.1213477998971939
-0.052218172699213035
-0.10251061618328094
0.08106633275747299
0.05158944055438042
0.04301855340600014
0.03720075637102127
-0.0625985637307167
0.02105166390538216
0.0466027557849884
0.014545319601893423
0.020629094913601875
-0.07556807994842529
0.03813811019062996
-0.08201920986175537
0.0023013777099549766
0.044576048851013184
0.028826458379626278
0.03416844829916954
-0.005949222017079592
-0.024710893630981445
-0.05524988099932671
0.004701979923993349
-0.0065002101473510265
-0.015252403914928436
-0.01060944888740778
-0.015621088445186613
0.04233701154589653
-0.08888576924800874
0.009138545952737331
-0.05745919793844223
0.008566787466406822
-0.04480856284499168
-0.06526458263397217
0.0478052906692028
-0.015252135694026949
-0.07983352243900299
-0.09805601835250854
0.09166324138641357
-0.004130502697080374
0.0796545073390007
-0.03411739692091942
-0.11164811253547668
-0.004411283414810896
-0.04074620082974434
-0.0015319079393520951
-0.09888529032468797
-0.017240289598703384
-0.006100845057517289
-0.056857652962207794
0.021907776594161987
0.004631312098354101
-0.06024988368153572
0.13349509239196777
-0.055277902632951736
-0.03825310990214348
-0.03559306636452675
0.005009533371776342
-0.07988619804382323
0.09715403616428377
-0.11920416355133057
0.008910425007343292
-0.10606153309345244
0.08458444476127625
-0.032276321202516556
-0.02979584597051144
0.03678016737103462
-0.01682419888675213
0.10564962029457092
-0.041692819446325295
0.009887456893920898
0.03603242337703705
-0.05116187036037445
0.046560898423194885
-0.024361301213502884
-0.03181358054280281
-0.09769843518733978
-0.03255051001906395
0.055909495800733566
0.12007461488246916
-0.04796463251113892
0.0600566603243351
0.020722948014736172
-0.04609662666916847
0.03105668723583221
0.10008542239665984
0.019231349229812626
-0.06807998567819595
0.1446961015462875
-0.0102381631731987
0.049188252538442605
-0.015278715640306473
-0.033565383404493325
0.01227096188813448
0.024713817983865734
0.050564512610435486
-0.03321586921811104
0.018953604623675343
-0.025188662111759182
-0.038574859499931335
-0.018032986670732495
0.06957876682281494
-0.007291952613741159
-0.0048177908174693584
-0.03325438126921654
-0.1034892201423645
-0.01975962519645691
0.016810663044452667
-0.07949469238519667
0.1126573085784912
0.02921848557889461
-0.04300675168633461
-0.056817639619112015
-0.10365071892738342
-0.06417518854141235
-0.03849539160728455
0.04034395143389702
-0.027696909382939335
0.02936344966292381
-0.06679214537143707
0.08918109536170958
-0.05784736946225166
0.04945782199501991
-0.01560315303504467
-0.03188508376479149
-0.048914041370153434
-0.05632162466645241
0.09072668850421904
-0.04542720690369607
0.013353762216866016
-0.05527852848172188
0.017961420118808746
0.08350035548210144
-0.022847188636660572
0.016153709962964054
-0.0351138599216938
0.021961603313684464
-0.041746847331523895
-0.029157815501093864
-0.05896459892392159
-0.04330990090966225
-0.020142192021012303
-0.06874166429042816
-0.04698341712355614
0.007547043729573488
-0.0079038692638278
-0.031238596886396408
-0.09370846301317216
-0.0021410020999610424
-0.1051347404718399
0.04286482557654381
-0.0338689349591732
0.03453388065099716
0.00416784780099988
-0.03986943140625954
0.015862859785556793
-0.061684731394052505
-0.016934921965003014
-0.0024294271133840084
0.18579082190990448
-0.014788517728447914
-0.02637368440628052
-0.04747718945145607
0.06162972748279572
-0.12133917957544325
0.002694942522794008
-0.0503900982439518
-0.042793486267328255
-0.05195313319563866
-0.011226505972445011
-0.0034362352453172207
0.02449942752718925
0.014826994389295578
0.029474427923560143
0.054168187081813805
-0.0005285801598802209
0.08737218379974365
-0.11412855982780457
0.06653296202421188
0.03201095387339592
0.017589518800377842
-0.009590119123458862
-0.08949320018291473
-0.02750574052333832
0.06443523615598679
0.017629271373152733
-0.1210903525352478
-0.00651659769937396
0.02884405851364136
0.017848847433924675
-0.0008850205922499299
-0.046383608132600784
-0.018942842260003086
0.024169720709323883
0.05637232586741448
-0.015511181205511091
0.003170220647007227
-0.0107845701277256
0.14339037239551544
0.018509624525904652
-0.10500237345695496
-0.1085418313741684
0.04152804240584373
-0.04513933137059212
-0.03215460479259491
-0.023128816857934
-0.05024170503020287
-0.056311409920454025
0.011652521789073944
-0.003507626708596945
-0.0978412479162216
-0.01260219980031252
0.02670609578490257
0.027277644723653797
-0.13270749151706696
0.08951108902692793
-0.12009578198194504
0.019358839839696884
0.08246575295925139
-0.017966939136385918
0.06662939488887787
-0.07720478624105453
-0.1234387457370758
-0.009769691154360771
-0.04185098409652709
-0.0027571120299398895
0.01863209158182144
0.0026886542327702045
-0.05108622461557388
0.06871487200260161
0.04549325630068778
-0.1250615417957306
-0.08143103867769241
-0.03401310369372368
-0.060108717530965805
0.08054666221141814
-0.013846918940544128
-0.05249757692217826
-0.1304119974374771
-0.018073890358209607
-0.008654787205159664
0.03428848832845688
-0.01809152774512768
-0.08401983976364134
0.055212032049894326
-0.1100284457206726
0.08093103766441345
0.055149592459201806
-0.011874519288539886
0.10462678968906403
-0.08919625729322433
-0.10043646395206451
-0.005350514780730009
-0.11572210490703581
0.04594572260975838
0.015300160273909569
-0.0027487087063491344
-0.0053612287156283855
-0.0764296054840088
0.055552907288074486
-0.019689034670591354
0.046628694981336594
-0.02248959243297577
-0.014692544937133787
0.13422824442386627
-0.10980251431465148
-0.02727496810257435
-0.04899564757943153
-0.1104932352900505
-0.06864670664072037
0.04121099039912224
-0.06558746099472046
-0.05519678443670273
0.025370948016643524
0.025900622829794884
0.05595648288726807
0.06882290542125702
-0.08972601592540741
0.022994743660092357
0.07780075073242188
-0.005391023121774197
-0.07796254754066467
-0.08479477465152739
0.031497761607170105
-0.026804450899362564
-0.04775246605277061
0.030883587896823883
0.06772216409444809
-0.028273802250623703
0.08419736474752426
0.034090492874383926
0.08927220106124878
-0.012845827266573904
-0.07867234945297241
0.05229301750659943
-0.047452721744775765
0.11172528564929962
0.01469329185783863
-0.09304476529359816
-0.013199789449572563
0.037380032241344445
-0.11980612576007844
-0.014462573453783987
0.011386532336473463
0.037133436650037766
0.1432204693555832
-0.02867138758301735
0.02452671527862549
0.02041823603212833
-0.03323163837194443
-0.05544229596853256
-0.04419520124793053
-0.08457875996828078
0.1098310574889183
-0.03269357979297638
-0.017903607338666916
-0.0034416704438626766
0.06140289083123207
0.025843676179647446
0.05549255758523941
-0.0862303376197815
-0.08064281940460205
0.027425058186054226
-0.08214065432548523
-0.08602742105722427
0.02575857937335968
-0.06879611313343048
0.02841021865606308
-0.02228190749883652
-0.04667812958359718
-0.04282621294260025
0.04383840039372444
0.00942245777696371
0.11200442910194396
-0.007743706461042165
0.036105379462242126
0.1323518007993698
-0.07568242400884627
0.007565367501229046
-0.018757857382297516
-0.09410937130451201
0.025263596326112747
-0.1371529996395111
0.011889751069247723
-0.01799953170120716
-0.0013317024568095803
-0.08364422619342805
0.08373892307281494
0.05467969551682472
0.07304352521896361
-0.0046179876662790775
-0.05580718442797661
-0.055978242307901376
-0.09327594935894012
-0.05106600373983383
-0.01352745946496725
0.08951817452907562
-0.1123889535665512
-0.06052345782518386
-0.003754157107323408
-0.07152101397514343
0.040831416845321655
0.0036867898888885966
-0.018902085721492767
0.021942486986517903
0.008887250907719134
0.07466001808643341
0.08949112147092819
0.01629609614610672
-0.024452250450849533
0.06858615577220917
-0.05299760028719903
0.10100583732128143
-0.05980992689728737
-0.05737954005599022
0.0405816026031971
-0.03087472543120384
0.0219538789242506
-0.0711507499217987
-0.08211360871791838
-0.008056513965129852
-0.01919287070631981
0.0004932064330205321
-0.00231415731832385
0.03268742933869362
-0.04267367720603943
0.03673025220632553
-0.02539065293967724
-0.07911325991153717
-0.05055394396185874
-0.07602176070213318
0.058817069977521896
0.05814928933978081
-0.024984378367662426
0.09258180856704713
-0.03265540301799774
-0.08341141045093536
-0.018699275329709053
0.019250495359301567
-0.04332384839653969
-0.015000397339463232
-0.08587681502103804
0.05768733099102974
-0.09734848141670227
0.00847885385155678
-0.009261798113584518
-0.10793990641832352
-0.06810915470123291
0.015201321803033352
0.04356753453612328
0.03999038040637969
0.04872744530439377
4.587636794894934e-05
0.02408178523182869
-0.10128574073314665
0.002395807299762964
0.09495053440332413
0.06129337102174759
0.01946612447500229
-0.016110235825181007
0.14241550862789154
-0.09382438659667967
-0.010354558005928991
-0.041841167956590646
0.04006310179829597
0.02654922753572464
0.08711919188499449
0.04576071724295616
0.024696141481399536
0.058256249874830246
-0.047326017171144485
0.05599893629550934
-0.03872797265648842
0.028901513665914532
-0.008812461048364638
-0.0400528572499752
-0.09400637447834016
0.03605346381664276
-0.002601511310786009
-0.05885894224047661
-0.01065481174737215
-0.028890421614050865
0.00333521468564868
0.0632501095533371
0.04910697042942047
-0.1277252584695816
-0.09462199360132216
0.0643727257847786
0.015993138775229454
-0.041908595710992806
0.025970561429858208
0.038759421557188034
0.0120772086083889
0.06454430520534515
0.007099483627825976
-0.01845382899045944
0.10728106647729872
0.09625345468521118
-0.04239999502897263
-0.0010725684696808455
-0.040677860379219055
0.014402305707335472
-0.03197818621993065
0.05918817222118378
0.05315440520644188
0.009467240422964096
-0.03637378290295601
-0.020109860226511955
-0.0313355028629303
0.03626493737101554
-0.08077266812324525
-0.117699533700943
0.0318482331931591
-0.04730525240302086
-0.004709889646619558
-0.04763751104474068
0.09247596561908722
-0.04619230702519417
-0.03525991365313529
-0.032118793576955795
-0.1167328804731369
-0.04770924896001816
-0.02280193194746971
0.07890357822179793
0.050498127937316895
-0.018939968198537823
0.023532047867774963
0.02145365998148918
-0.04599977657198906
0.00536970654502511
-0.1029193252325058
0.0075814095325767985
0.0010230768239125607
-0.05012286826968193
-0.04377651587128639
0.0509941503405571
0.04237375780940056
0.10882430523633956
0.13663668930530548
0.04444115608930588
-0.028123140335083008
0.06858298182487488
0.046411748975515366
0.12600383162498474
0.05857132747769356
-0.08254523575305937
-0.04490311816334725
0.05366053059697151
-0.06733706593513489
-0.024730660021305084
0.07395929098129272
-0.014041870832443236
-0.024292556568980217
0.024494804441928864
-0.055139143019914634
-0.09034620225429536
-0.07934853434562683
-0.07934431731700897
0.007612078916281461
-0.03496261313557625
-0.001546815619803965
-0.03273499757051468
-0.01107741706073284
-0.08691788464784622
0.003094874788075685
0.05078886076807976
-0.06040460988879204
-0.08707337826490402
-0.041927274316549294
0.13561512529850006
0.05048956349492073
-0.02994368225336075
-0.04531944915652275
-0.0003740094834938645
-0.11394567042589188
-0.021426396444439888
-0.009789397940039633
-0.0050506475381553164
-0.04430220648646355
0.0026352214626967903
-0.06791829317808151
0.00980006717145443
-0.04435450956225395
-0.12142643332481384
-0.0581749752163887
0.003030406776815653
-0.0035333014093339443
0.06025322899222373
0.002972316462546587
0.020023796707391735
0.0786517634987831
-0.024170022457838055
-0.02995577827095985
-0.040832806378602975
0.005097598303109408
0.027572570368647572
0.019155079498887066
0.1259802281856537
-0.02212052047252655
-0.0026327031664550304
-0.12619830667972565
-0.1066809520125389
0.009793183766305447
0.02765661291778088
0.017952019348740578
0.09065087139606477
-0.08326069265604019
0.011374846100807188
0.04278552159667015
0.01389047596603632
0.04927941039204597
0.0324113667011261
-0.08931870758533476
-0.02404642105102539
-0.07239344716072081
0.018544536083936688
-0.11338640749454498
-0.00019080250058323145
-0.05830113217234612
-0.09191317111253737
-0.026228800415992737
-0.01243746280670166
-0.03253154084086418
0.009641824290156364
0.062344912439584725
-0.05323836579918861
0.1162903532385826
0.037104252725839615
-0.06897123903036118
0.06322959065437317
0.011229926720261572
-0.12567566335201263
-0.04405677691102028
0.09504105150699615
-0.014258595183491707
-0.0244535468518734
0.020521540194749832
-0.07618555426597595
-0.03677283599972725
-0.031726617366075516
-0.057682964950799935
0.026991102844476696
0.1244402527809143
0.016007516533136368
-0.009889064356684685
0.004607117269188166
0.05293658748269081
0.07554660737514496
0.06825621426105499
-0.07086181640625
-0.07351692020893097
0.13718140125274658
-0.06485722959041595
-0.12216158211231232
0.019775986671447757
-0.06441251933574677
0.04517836868762969
0.07970811426639555
0.07392631471157075
-0.07047780603170395
0.03728460147976875
0.020878531038761135
0.020822841674089432
-0.11417184770107268
-0.05527921766042709
-0.07202396541833878
-0.021739492192864415
-0.08472774922847748
-0.006061471533030272
-0.09309802949428558
0.026330459862947464
-0.0566270649433136
0.02156833186745644
-0.04582946747541428
-0.011185517534613608
-0.08471916615962982
-0.05125584453344345
0.09627010673284529
0.016168761998414993
-0.03919924423098564
-0.05995063111186028
-0.11683475971221924
-0.03971549496054649
-0.061389196664094925
-0.04212179407477378
-0.03514077886939049
0.005511818919330835
-0.07068811357021332
-0.022576164454221725
0.04852059856057167
-0.0553380511701107
0.019545026123523712
-0.0077533326111733905
-0.008612414821982382
0.06301698833703995
0.057675134390592575
0.02813323587179184
-0.10433966666460036
-0.10276875644922256
-0.06343916803598404
-0.05175964534282684
-0.0418633371591568
-0.08357971906661987
-0.04375052824616432
-0.04725824296474457
0.04579124227166176
0.023442625999450684
-0.07088485360145569
-0.0680733472108841
-0.0534430555999279
0.1808752417564392
0.003439077641814947
0.10787072777748108
-0.023101637139916417
0.11772307008504868
-0.00773520255461335
-0.05102694779634476
-0.01557803712785244
-0.06173130497336388
-0.01830507628619671
0.032193440943956375
-0.06426483392715454
0.009103713557124138
0.027967736124992367
0.08941432833671571
-0.02596821077167988
0.03211984783411026
0.005172331351786852
-0.08112182468175888
-0.09851878881454468
-0.07941004633903502
0.018474282696843147
-0.10110429674386978
0.06580130755901337
0.07775886356830597
-0.06494434177875519
0.10321351140737532
0.07480958104133606
-0.08284910023212431
-0.05867451801896095
0.02935231104493141
-0.0029904250986874104
-0.010973893105983734
-0.06710219383239746
-0.06344015896320343
-0.05334220081567764
-0.09292202442884445
0.03331116959452629
-0.036376457661390305
0.01968002319335937
-0.0377163365483284
-0.04481259360909461
0.08562242984771729
0.009841354563832285
0.014087602496147156
0.09117081016302109
0.010464197024703024
0.018252622336149212
0.061379238963127136
-0.1173410415649414
-0.11527758091688156
-0.09070109575986862
0.022109523415565487
-0.009905686601996418
0.03747497871518135
-0.04072847217321396
-0.11415392905473708
-0.04202360287308693
0.06496815383434296
0.03633539006114007
-0.07636763155460356
0.01592293009161949
-0.042115312069654465
0.006341513711959124
0.04419754073023796
-0.08634071052074432
0.03520318493247032
-0.03330658748745918
0.026036787778139114
0.02465558052062988
-0.054414041340351105
0.074860543012619
-0.013895395211875439
0.06815403699874878
-0.005053746979683638
0.006904261652380228
-0.04681340977549553
0.006486044730991125
-0.11480148881673811
-0.02215641736984253
-0.02325122430920601
0.03242377191781998
0.09074553847312929
0.02585825510323048
-0.09018972516059875
-0.06110421940684319
-0.06273217499256134
-0.06142010912299156
0.01265332568436861
-0.07942119240760803
-0.06647275388240814
-0.10959833860397337
0.015742462128400803
0.023583080619573597
0.048970676958560944
-0.08804797381162643
-0.036920089274644845
-0.10018758475780488
0.09636482596397401
-0.03008699044585228
0.07479747384786604
0.05549779906868935
-0.12244999408721924
0.0030890437774360176
-0.09348320215940477
0.01059261430054903
0.00023580191191285849
0.08562995493412019
-0.08030687272548676
-0.0853116363286972
-0.07006552815437317
-0.021904567256569862
0.021097511053085327
-0.1194467544555664
-0.09231022745370863
0.0896216779947281
-0.02196136675775051
-0.04487001523375511
-0.028443291783332825
-0.07829803228378295
-0.04364932700991631
-0.03223315253853798
-0.016202157363295555
-0.029237430542707443
0.08932786434888838
-0.0722868964076042
0.02798942103981972
0.08242538571357727
0.0182016845792532
-0.0964137688279152
-0.017908083274960514
0.03222081437706947
-0.014164714142680168
-0.03987370431423187
-0.03126158192753792
0.05155067518353462
0.0792139321565628
0.03696227446198464
0.008286351338028908
0.02758845686912537
0.026397170498967167
-0.014059361070394516
0.03427838534116745
-0.0352218858897686
-0.11697033047676086
0.019846059381961823
-0.009475210681557655
-0.06705054640769958
0.04245996102690697
0.03774542734026909
-0.07485402375459671
-0.07622885704040526
-0.13141565024852753
-0.025097727775573727
0.16090859472751615
-0.07404862344264984
-0.08632422983646394
0.013624652288854122
0.004291330929845572
-0.02703801542520523
-0.053826827555894845
-0.05098693445324898
-0.016938436776399612
0.008581439033150673
0.010923834517598152
-0.047122791409492486
0.00840887427330017
-0.009557106532156467
-0.044053222984075546
0.0031699691899120808
-0.0867331326007843
-0.06143615022301674
-0.010038498789072037
0.017860623076558113
-0.03711187466979026
-0.06744089722633362
0.030717819929122925
-0.02222686819732189
0.10047917813062668
-0.022536857053637505
0.02869298681616783
0.0004262722795829177
-0.08039050549268721
0.06698089838027954
-0.005109501536935568
0.05436940118670464
0.01138775423169136
0.051824171096086495
0.1178920641541481
0.003459620755165816
-0.006017410662025212
0.024792905896902084
-0.08389709889888763
0.1536855250597
0.0008809719001874327
0.02734709903597832
0.01231703534722328
0.09196782112121582
-0.04806642234325409
-0.05374901369214058
-0.03042395412921905
-0.05116986855864525
-0.07537098228931427
-0.039550360292196274
0.04931878671050072
-0.07488380372524261
-0.054053012281656265
-0.06140762194991112
-0.013655213639140127
-0.056358683854341514
0.04521360620856285
-0.1010170578956604
0.059666574001312256
0.10054755210876463
-0.047215785831213
-0.050916682928800576
-0.04759623482823372
0.002583086956292391
-0.10263599455356597
-0.011038394644856451
-0.08733789622783661
-0.06296537816524506
-0.07857748866081236
-0.01300995983183384
0.08102196455001831
-0.1092107892036438
0.0461687259376049
0.006490784231573343
0.050327282398939126
0.0254557766020298
-0.034249197691679
-0.03299682214856148
-0.02765383571386337
-0.09553777426481248
-0.06678230315446854
0.014854846522212029
0.0374104231595993
-0.03861052170395851
-0.07806578278541566
0.04917418584227561
-0.08307395130395889
-0.12647271156311035
-0.059783220291137695
0.029277630150318142
-0.04395461082458496
0.10212190449237823
-0.09843386709690094
0.024369664490222927
0.03076284006237984
-0.04614086076617241
-0.07103530317544937
-0.044643990695476525
-0.06524953246116638
-0.029367920011281967
0.06482002884149551
0.05273783579468727
-0.04892406240105629
-0.11094780266284943
-0.03604304417967796
0.06803909689188004
0.0611003041267395
-0.029976375401020047
-0.10886909812688828
-0.040063053369522095
-0.08789158612489699
-0.05678263306617737
-0.05844173952937126
-0.0150996632874012
-0.1106543093919754
-0.04866287484765053
0.07358091324567795
-0.07537411153316499
-0.03422437980771065
-0.024831114336848256
0.08933155983686446
0.022476866841316223
0.13710598647594452
0.022560240700840953
0.05630042031407356
0.04454661905765533
-0.09380461275577544
-0.024178458377718925
0.045847732573747635
0.11707726120948792
-0.023728489875793457
0.048577193170785904
-0.06466135382652283
-0.013883285224437712
-0.010247411206364632
-0.04110697284340858
-0.0772271454334259
-0.117031991481781
0.007224715314805507
-0.08069443702697755
0.026509076356887817
-0.0035027102567255497
-0.04662984982132912
0.03548980876803398
0.02111578360199928
-0.014651978388428688
0.001570377848111093
0.07937966287136076
-0.0180037971585989
-0.038459375500679016
0.046991955488920205
0.018854113295674324
-0.002130003646016121
-0.09957456588745117
-0.024222679436206818
-0.049145307391881936
-0.0371832586824894
0.015033071860671043
-0.03271449729800224
-0.027275415137410164
0.1181218922138214
-0.03831613808870316
-0.007148388307541609
0.06137710064649582
0.009524587541818617
-0.04185610264539719
-0.02453533560037613
-0.04140528663992882
0.03524024784564972
-0.08388064801692961
-0.09154565632343292
-0.03294792398810387
0.02576567232608795
-0.009020950645208359
-0.04169762134552001
-0.034546155482530594
0.0013799670850858092
0.04014335200190544
-0.11492100358009338
0.006929818075150251
-0.09038074314594269
-0.025220490992069244
0.07477688789367676
0.0828564465045929
0.036069326102733605
0.03150644153356552
-0.05578568950295448
-0.06095297262072563
0.0584460087120533
0.011902539059519768
-0.08681349456310272
-0.03580551594495773
0.01589500717818737
-0.09407368302345277
-0.060707781463861465
-0.007391493301838636
-0.020827915519475937
-0.020708562806248665
0.04213538020849228
-0.03501302748918533
-0.04722731187939644
0.008785792626440525
-0.012473953887820244
0.003298172261565924
-0.001665429794229567
0.0005652516847476363
0.025532741099596024
-0.03393751010298729
-0.02940707094967365
-0.02467208169400692
-0.08289244025945662
0.08300085365772246
0.05800971761345863
-0.02949627116322517
-0.040580231696367264
-0.07787273824214934
0.004798185080289841
0.04863522946834564
0.08943059295415878
0.11262318491935729
-0.010456148535013199
-0.0019175108755007384
0.06599557399749756
-0.13121290504932404
0.04171226546168327
-0.06618811190128326
-0.024255296215415
0.12523755431175232
0.03826727345585823
-0.006940179970115423
-0.11984086036682128
0.1063086688518524
0.06507638841867447
-0.10927219688892365
-0.07727704942226411
0.050358392298221595
0.009536752477288246
0.04331650957465172
0.0619560182094574
-0.03677303344011306
-0.021146146580576897
-0.0707002654671669
0.005262526217848063
0.0025989380665123463
-0.07539124041795729
-0.005797613877803087
-0.12258206307888032
-0.055788975208997726
0.05255599692463874
-0.010989751666784286
-0.07479047030210496
0.028260692954063412
-0.02446923032402992
0.016244281083345413
-0.10504954308271408
0.028230533003807068
0.06482545286417007
0.03288859501481056
0.06341437995433807
-0.05844221636652946
-0.00380241172388196
-0.08045404404401779
-0.013402574695646763
-0.09574127942323683
-0.05905360355973244
-0.0026455181650817394
-0.10622896254062653
-0.036007273942232125
0.04272064194083214
0.0815291330218315
-0.014617124572396278
0.03809060901403427
-0.13175974786281583
-0.10481683909893036
0.03260419890284538
-0.02928981557488441
0.00777783477678895
0.11065999418497084
-0.04081663116812705
-0.03745100274682045
0.015331658534705637
-0.009299112483859062
0.034222908318042755
-0.06868711113929749
-0.021085258573293682
-0.04037885740399361
0.0665254145860672
-0.0308159813284874
-0.028302825987339016
-0.010541608557105064
-0.11488684266805647
0.06301752477884293
-0.013612855225801468
-0.03853300213813782
-0.0317830927670002
-0.0014265697682276368
0.01839258708059788
0.03347085416316986
0.05530136451125145
-0.12193036079406738
0.039982542395591736
0.04656300321221352
-0.04672069102525711
-0.06993387639522552
-0.08668185770511627
-0.028757933527231216
-0.02758742682635784
-0.02785947546362877
-0.0439581386744976
-0.11352333426475524
-0.02579249441623688
0.0005068884929642081
0.020274650305509567
0.0380755178630352
0.12744739651679993
0.02991989627480507
0.05233771726489067
0.005969224963337183
-0.015300286933779716
-0.020809700712561607
-0.0685061365365982
-0.0057540307752788076
0.04887278005480766
0.05663961172103882
-0.09475778043270112
0.011158537119626997
-0.0419287346303463
-0.002793715801090002
-0.0375324934720993
0.0015316413482651114
-0.03567085042595863
0.049098920077085495
0.08872920274734497
0.08363808691501617
0.08467823266983032
-0.052220389246940606
0.03809330612421036
0.015009211376309395
0.050628382712602615
-0.019046243280172348
-0.03673270344734192
-0.03953428938984871
-0.08308486640453337
0.012463446706533432
-0.011764079332351685
-0.020903538912534717
0.007205745670944452
-0.0008277554297819733
0.035771366208791726
0.04180825129151344
-0.02804536558687687
-0.011235333979129791
-0.0959782302379608
0.08019310981035233
-0.02209244295954704
0.06757110357284546
-0.03758371248841286
-0.024414027109742165
0.0143054137006402
0.05783844739198685
-0.03801615536212921
-0.06582283973693848
0.09637914597988129
-0.07361944764852525
-0.04686038568615913
0.04070141538977623
-0.0015899218851700423
-0.03693018853664398
-0.03908365219831467
-0.009769299067556858
0.10143473744392396
0.02894192934036255
0.06304936110973358
0.12518560886383057
-0.11431259661912918
-0.12090787291526794
-0.005289908032864332
-0.0521140955388546
0.1104276105761528
0.013982513919472694
0.007641043048352003
-0.04928398132324218
-0.02398929372429848
-0.06617891788482666
-0.010232452303171156
-0.004654770251363516
0.006692857015877961
0.1641228049993515
-0.1146608516573906
-0.10974916070699692
0.039179857820272446
0.005303815472871065
0.0006824567681178451
0.07816694676876067
-0.035417474806308746
0.13826186954975128
-0.04172767326235771
0.013205023482441902
-0.011918354779481888
0.04529651626944542
0.122846782207489
-0.018998537212610245
-0.023665413260459896
0.049445662647485726
0.07620274275541306
-0.075750432908535
-0.0009705141419544816
0.021317139267921448
0.007836462929844856
-0.03880937024950981
0.03709999844431877
0.05149896815419197
0.009584581479430199
0.03379584848880768
0.13916617631912231
0.054221633821725845
-0.02368788793683052
-0.0011517904931679368
0.06594691425561905
0.01420179195702076
0.03180491924285889
0.0032894513569772243
0.011298635974526404
0.13015948235988617
0.04714806750416756
0.016446035355329514
0.008832816034555435
-0.042942319065332406
-0.07501246035099028
0.10128653794527052
-0.05857796594500542
-0.09814427793025969
0.009538425132632256
-0.004162234719842672
0.10356748104095458
-0.0423022098839283
-0.01098076719790697
0.07632316648960114
0.003467441070824861
0.00908824894577265
-0.0879141092300415
-0.03422657027840614
0.05839785560965537
0.08990295976400374
-0.0002932321513071656
-0.01590856909751892
-0.09932664781808852
0.07578323036432266
0.040743205696344376
0.0285500381141901
0.017956454306840897
0.038568016141653054
-0.12533219158649445
-0.007988298311829569
-0.03872936591506004
7.756834384053946e-05
-0.008425841107964516
0.016618618741631508
0.08671015501022339
0.029194463044404984
-0.08134566247463225
0.07750053703784943
-0.0776909813284874
0.005248830188065767
0.07291043549776077
0.07868997007608412
-0.00303134461864829
0.03416791930794716
0.08757100254297256
-0.0689118430018425
0.005489796865731478
-0.017183873802423477
0.07831519842147827
0.0003640841459855437
-0.01769140735268593
0.03776611015200615
0.052520181983709335
-0.00718490919098258
-0.005841014441102743
0.014151963405311108
-0.04143597558140755
-0.08151148259639741
0.0505698211491108
-0.10865521430969238
-0.06281274557113647
-0.12157365679740904
0.03755348920822144
-0.08892013132572174
-0.0825839191675186
0.11901456117630003
0.017951656132936478
0.0044012656435370445
-0.1239093393087387
0.027480963617563248
-0.07447761297225952
-0.05728205293416977
-0.019882172346115112
-0.002241882961243391
-0.0954798310995102
0.005271479953080416
-0.02631484344601631
-0.01543312892317772
-0.02427811361849308
0.019924128428101536
-0.034241143614053726
0.002711744513362646
0.06930021941661835
0.05944433063268661
-0.10394456982612608
-0.041489604860544205
-0.09436547756195068
0.014308814890682696
-0.12676893174648285
-0.03785376623272896
0.004631988704204559
-0.09331439435482024
0.06116161867976189
-0.07527972012758255
-0.06391741335391998
0.03022390976548195
-0.04883817583322525
0.018212413415312767
0.060069072991609566
-0.06766864657402039
-0.06038064509630203
0.10827864706516264
0.002893476281315088
-0.006644831504672766
0.037075839936733246
0.026763074100017548
-0.0924338474869728
-0.06589018553495407
-0.028143418952822685
-0.05146264284849167
0.020731179043650627
-0.03697302937507629
-0.08743952214717865
-0.09767606109380722
-0.0772542804479599
0.033354423940181725
0.07377370446920394
0.07790303975343704
-0.09827405959367752
0.054072145372629166
0.015787798911333084
0.1238359585404396
0.008297447115182877
-0.09285040199756622
-0.0884866565465927
-0.019430160522460938
-0.015379291027784348
0.09292198717594145
-0.07001195847988129
0.010887932032346724
0.06127019599080086
0.0390336699783802
-0.07956054061651228
-0.05531145632266998
-0.03280485421419144
-0.09719537198543549
-0.004808684345334768
0.04744628816843033
0.07579907774925232
-0.03557739779353142
-0.07449249923229218
0.006600381340831518
-0.0018147282535210247
0.07433034479618073
0.10726091265678404
0.031115811318159103
0.02268554456532001
-0.11699485033750534
-0.03073929622769356
0.0011894184863194823
0.04542122781276703
-0.008875995874404907
0.06623153388500214
0.027196487411856648
0.043796230107545846
-0.046269100159406655
0.006449864711612463
-0.06719519197940825
0.03075572475790977
0.04874280467629433
0.009625609964132309
0.007411730010062456
-0.1001552864909172
-0.052533235400915146
0.036536332219839096
-0.0966612696647644
-0.1153564676642418
0.08690717071294785
-0.01704993285238743
0.028901608660817143
-0.06884460151195526
-0.07034662365913391
-0.009044136852025984
-0.08630839735269545
-0.023065028712153435
0.08246708661317825
-0.07830414175987244
0.024000160396099087
0.05785752832889557
0.00720536382868886
-0.009382423013448717
0.071113221347332
-0.08106476068496704
-0.06185280159115791
0.047124002128839486
-0.06561882048845291
-0.01470544934272766
-0.030287522822618484
-0.11674916744232176
-0.11449037492275238
0.008265290409326553
-0.11413440108299255
-0.015531403943896292
0.0403507687151432
0.017447620630264282
-0.05867131426930428
0.08457566797733305
-0.08429261296987532
0.07539263367652893
0.0303790420293808
-0.12439937889575958
-0.007508687209337949
0.004592117387801409
0.1298075169324875
0.03281828388571739
0.05258900299668312
-0.09509775042533873
0.11392672359943389
-0.12969946861267087
-0.05061928927898407
0.11658667027950285
-0.08078892529010771
-0.014633212238550186
0.07886125147342682
0.03368818387389183
-0.09132700413465501
0.10919684171676636
-0.09260472655296323
-0.0004402619088068605
-0.06582005321979523
0.08744500577449799
0.09287889301776885
0.11867063492536543
0.00647230539470911
-0.011774527840316296
0.0202929861843586
-0.08893649280071257
-0.016627531498670578
-0.08351007103919984
-0.06633985042572021
-0.050023239105939865
-0.006857655476778746
0.001287768012844026
-0.011848477646708488
-0.006452770438045263
-0.1159709095954895
-0.1181107610464096
-0.05245941877365112
0.030859727412462234
0.17827098071575165
0.047315899282693856
0.0364929772913456
0.012295488268136978
0.049633879214525216
-0.021505076438188553
-0.09884516149759293
-0.001348613412119448
-0.01194383669644594
-0.01731652393937111
-0.08904978632926942
0.010017856024205685
-0.005733858328312635
0.021932048723101612
-0.07083340734243393
-0.05392398312687874
0.038927096873521805
-0.10315081477165222
-0.028597185388207436
0.04102976992726325
-0.02185763791203499
-0.06697263568639755
0.05412055179476737
0.0063381106592714795
-0.04870383068919182
0.03959186002612113
-0.015863630920648575
-0.04623566940426826
0.04066639393568039
0.09087522327899933
-0.001386157819069922
-0.04338870570063591
0.0044122044928371915
-0.016858141869306564
0.02274320647120476
0.02936200052499771
0.03627121075987816
-0.061074983328580856
-0.05905080959200859
0.1008974313735962
-0.08665103465318678
-0.03456173464655876
-0.007151206489652395
-0.02791581302881241
-0.046475771814584725
-0.024174323305487633
-0.06876412779092789
-0.0045393104664981365
-0.0030677444301545616
-0.013878989964723589
-0.03220662102103233
-0.016669200733304024
0.04727155715227127
-0.0032617780379951
0.031873516738414764
-0.12150027602910995
0.004536935593932867
0.0009715020423755048
0.025095995515584946
-0.12631769478321075
0.057957645505666726
0.07376755774021149
0.0894898846745491
-0.10813520103693008
-0.10207325965166092
-0.0131422383710742
0.017253967002034187
0.01700076274573803
-0.09974765777587889
0.015546107664704323
0.10076779127120972
-0.04551743716001511
-0.02097810991108417
-0.006228962447494268
-0.01563946157693863
0.04261894896626472
-0.06179771199822426
0.032159194350242615
0.020484950393438336
0.024428576231002808
-0.08526454865932465
-0.022365661337971687
0.003924489486962557
0.02318034321069717
0.051849152892827995
0.05770272389054298
0.0760597288608551
0.023950248956680294
0.07874666154384613
-0.12823505699634552
-0.06690207123756409
0.020312273874878883
-0.07998827099800108
-0.10682009160518646
0.00675186375156045
0.03684396669268608
-0.09001792967319489
-0.05022384598851204
-0.03651914373040199
-0.07065314799547195
-0.11705315113067626
-0.04311288893222809
-0.07075370848178864
0.06631755083799362
-0.002061228733509779
0.01496249996125698
-0.06044494733214378
0.06297395378351212
-0.011544326320290564
-0.10209748148918152
-0.044727277010679245
0.043147418648004525
-0.07463350892066956
-0.036553200334310525
0.05821194499731064
-0.028293672949075695
-0.016334209591150284
0.02655892074108124
-0.06456375122070312
0.015825247392058372
-0.008974017575383186
0.029794307425618168
-0.10350924730300903
-0.02704523876309395
0.14767183363437653
0.023170782253146168
-0.017141632735729218
0.03947146981954575
0.13114087283611295
-0.016685165464878082
-0.038326393812894814
-0.00022311473730951548
0.011071771383285522
-0.08467482030391693
0.007118798326700926
-0.05029900744557381
-0.0039024539291858673
-0.033226009458303445
-0.021721612662076954
-0.0262790247797966
-0.01369868591427803
0.031963422894477844
-0.019930412992835045
-0.04719115048646927
0.00856952928006649
-0.06839845329523087
-0.0219975970685482
0.06523195654153824
-0.032475195825099945
-0.050010986626148224
-0.030204832553863525
-0.06404151022434235
-0.06215301528573036
-0.08418360352516174
0.004513285122811793
0.03959628567099571
-0.0028032413683831687
-0.031735118478536606
0.09241580218076706
-0.012543924152851105
0.028538791462779045
-0.023474019020795826
-0.02748239040374756
-0.057547081261873245
-0.03435352072119713
-0.06475016474723816
0.020698579028248783
-0.035062145441770554
0.01290629431605339
0.07079515606164932
0.033843692392110825
-0.010372644290328024
-0.038472048938274384
-0.10878897458314896
-0.07611097395420073
-0.02557015419006348
-0.024907028302550316
-0.10145801305770874
0.06356064230203629
-0.021151792258024212
0.009898671880364418
-0.06360241770744324
-0.07989851385354996
0.048098884522914886
0.0007138982182368636
0.08318824321031569
-0.07189799100160599
0.018451470881700516
0.04935190454125404
0.015023552812635899
0.06330197304487228
0.014576155692338943
-0.03761543706059456
-0.05725957080721855
0.0434047169983387
0.02843075059354305
0.012267623096704485
0.00353865697979927
0.028993930667638775
-0.006120617967098951
0.018433954566717148
0.09989546984434128
0.0645405650138855
-0.05595650151371956
0.10285951942205428
0.07074232399463654
-0.054594829678535454
-0.08848194777965546
0.023428689688444138
0.07399094104766844
-0.06361065059900284
-0.00702808005735278
0.02949785441160202
-0.10877980291843414
-0.011662771925330162
0.0685277059674263
-0.10795702040195464
-0.08469422161579133
0.0014174490934237836
-0.07696378976106644
0.0210866741836071
0.08358702063560486
0.05012192577123641
-0.08714081346988678
0.001141269109211862
0.006450224202126265
-0.07519449293613434
-0.03230855613946915
-0.0159095898270607
-0.0775192156434059
-0.039271846413612366
-0.03333965688943863
0.007350775878876447
-0.007295182440429927
-0.06625688821077347
-0.005003019701689482
-0.04840211570262909
0.0008870981400832535
-0.02407322824001312
-0.04426578059792519
0.013571218587458132
0.005273316521197557
0.011830806732177734
-0.0647035539150238
-0.033353786915540695
0.0026130634360015392
-0.11896689236164092
-0.03438784182071686
0.02784754708409309
-0.08405377715826033
-0.023614089936017994
0.11868258565664291
0.06574486941099167
-0.007030050735920668
0.013203224167227743
0.00624871114268899
-0.04741058126091957
0.017843211069703102
-0.013958703726530077
-0.05946078151464462
0.03956514224410057
-0.08656083047389984
-0.07797965407371521
0.09836205840110777
0.04071170091629028
-0.05676904320716858
0.022763105109333992
-0.08798408508300781
0.048956606537103646
0.031493715941905975
-0.06632993370294571
0.0779699832201004
0.08729206025600433
-0.011308297514915466
0.03585293143987656
0.11910724639892578
0.04335476830601692
0.02722783014178276
0.02752838283777237
-0.050826795399189
0.12892203032970428
-0.05714665353298187
-0.11788594722747801
-0.049590889364480965
-0.04414898529648781
0.009004201740026476
0.0763198509812355
-0.02070219255983829
-0.058785580098629
-0.013245780020952225
0.05079358443617821
-0.0712425708770752
0.05067753791809081
0.05617092549800873
0.062344375997781754
-0.0012743022525683043
-0.042777311056852334
-0.05159977450966835
0.006062894593924284
-0.05789963155984879
-0.013984661549329756
0.001965672243386507
0.004644461441785097
-0.06248143687844277
-0.05140431970357895
-0.012861574068665504
0.01613888330757618
-0.022181449458003044
0.05446451157331467
-0.008586608804762363
0.03599202632904053
0.07483170181512833
-0.040340527892112725
0.060146678239107125
0.030624249950051308
0.02698307856917381
0.03198167309165001
0.0013584563275799155
-0.016924530267715454
0.02965131215751171
-0.00907188281416893
-0.011810800060629845
0.17371752858161926
-0.04010242223739624
0.001481683342717588
0.13420802354812622
-0.0705140233039856
0.11780429631471633
-0.0031051314435899258
-0.024670712649822235
-0.05928783118724823
0.017090946435928345
-0.06727182120084763
-0.043644603341817856
-0.09086796641349792
0.02673852257430553
-0.05779584497213364
-0.07849036157131195
-0.022879641503095623
0.0857505276799202
0.002624912653118372
-0.03242870420217514
0.017864078283309937
0.027022581547498703
-0.003379026893526316
0.006715519819408655
-0.05394641682505608
-0.09159480035305025
0.039487436413764954
0.02494044415652752
0.00989973172545433
-0.02173124998807907
0.0206065196543932
-0.01971075125038624
-0.01320790871977806
0.022378578782081604
-0.041808370500802994
-0.11681534349918364
0.030117539688944817
0.06836996227502823
-0.044589553028345115
-0.003023479599505663
-0.03536073490977287
0.10957136750221252
-0.0412602573633194
0.05470583215355873
-0.09550209343433379
-0.08436124771833421
0.029316229745745655
-0.024382628500461575
-0.0226940643042326
0.08631942421197891
0.024643905460834503
0.07533988356590272
0.04680136963725089
-0.00435118330642581
0.043609388172626495
-0.08160126209259033
-0.020023031160235405
0.00014698912855237722
0.05463841184973717
0.004582312423735857
-0.07190737128257751
0.034180399030447006
-0.07025722414255142
-0.02936908416450024
-0.007396535482257603
0.04116632416844368
-0.012848197482526302
-0.0826197862625122
0.007252498995512725
-0.05328524112701416
-0.018512338399887085
-0.050049468874931335
0.10793700814247131
0.03398782387375832
0.06718715280294417
0.1165986955165863
0.008925620466470718
0.10019411146640776
-0.09594061970710753
-0.01022321730852127
-0.0459061861038208
0.008239040151238441
-0.011764433234930038
-0.039782118052244186
0.011678224429488182
0.029205933213233948
0.21533203125
-0.005710064899176359
0.007606350351125003
0.0504332073032856
0.07756941020488739
0.06638947129249573
-0.11774910986423492
0.03652632236480713
-0.004713375587016344
0.011364741250872612
0.04508486390113831
-0.10640928149223328
0.05350228399038314
0.004643187392503023
0.0411350280046463
-0.03587277978658676
-0.0008879496017470957
0.020666334778070446
0.012745588086545467
-0.11959032714366911
-0.07670163363218307
0.11869247257709505
0.02740931510925293
-0.03721614927053452
-0.01464349403977394
-0.012853474356234072
-0.11576350778341292
0.1077638640999794
0.07131212949752808
0.023514796048402783
-0.01333559677004814
-0.024615824222564697
0.06806208938360214
0.08826954662799835
-0.08380608260631561
0.004599399399012327
-0.00027199333999305964
0.010436052456498146
0.037686437368392944
-0.09903749078512192
-0.03400862216949463
-0.12348031997680664
-0.00962489377707243
0.021904719993472096
-0.01317467913031578
0.08252216875553131
-0.0451594814658165
-0.05544816330075264
0.045409541577100754
-0.0069438586942851535
-0.04782316461205482
-0.06820564717054367
0.11316148936748505
0.023656122386455532
-0.04664785787463188
7.680372800678015e-05
-0.013896891847252844
-0.08079352974891663
-0.03473139926791191
0.03011756762862205
-0.052277132868766785
-0.09417927265167235
-0.06162558123469353
-0.008576235733926296
-0.016792215406894684
-0.011305487714707851
0.12107542902231216
-0.09743939340114592
0.004629565868526697
0.003926622681319714
0.006392164621502161
-0.07168947905302048
0.12164200842380524
0.036190647631883614
-0.01327832881361246
0.03742048144340515
-0.024716252461075783
-0.037510085850954056
-0.013491326943039894
0.019327886402606964
-0.017239656299352642
-0.00794137269258499
-0.02281295880675316
-0.08360952138900755
0.03913264349102974
-0.008364836685359478
-0.05356355383992195
-0.04099898785352706
0.1402164250612259
-0.04320414736866951
0.05931472405791283
-0.08049176633358002
-0.05537315458059311
-0.07100371271371841
-0.026325168088078495
-0.047480989247560494
0.03295993432402611
0.0421590618789196
0.061198417097330086
0.01387755572795868
-0.04365649446845055
-0.10844868421554564
0.04957276210188866
-0.09073079377412797
0.0133114755153656
-0.010239135473966599
0.0799039974808693
-0.09471094608306883
0.002874360885471105
-0.012398026883602142
0.008942115120589733
-0.07093994319438934
0.007183429319411516
0.023425661027431488
-0.05845541879534721
0.11661614477634429
-0.02241956442594528
0.02077192440629005
-0.011220796033740044
0.10463522374629974
0.02079544961452484
-0.032316070050001144
-0.0745494067668915
0.04256994649767876
-0.018645882606506348
-0.02120163105428219
-0.12996910512447357
0.021782837808132168
-0.0358930341899395
-0.07860824465751648
-0.022133674472570416
0.0629696324467659
-0.027425073087215424
0.07724101841449738
-0.07950066030025482
0.019806645810604092
0.054366473108530045
0.037710618227720254
0.03749842569231987
-0.06515112519264221
-0.08733874559402467
0.07027049362659454
0.003522803541272878
-0.07764948159456253
-0.09893921017646787
0.1137285828590393
0.013256069272756577
-0.01117689162492752
0.1188826635479927
-0.051566991955041885
0.032284315675497055
0.1000641882419586
0.05568693950772285
0.1534014791250229
-0.03406024351716041
0.14060281217098236
-0.0666733905673027
0.03667890653014183
-0.0770975351333618
-0.018554884940385815
0.03776813670992851
-0.06232054904103279
-0.04558798670768738
0.07687042653560638
-0.0023484514094889164
-0.13772867619991302
0.1014292985200882
-0.09634360671043397
-0.03647388145327568
0.03316442295908928
0.09492671489715576
-0.0532766692340374
0.06237030029296875
0.1009918749332428
0.0547444261610508
0.011479144915938376
0.08148710429668425
0.05858560651540756
0.0958864986896515
-0.08374534547328949
-0.07569266855716705
-0.12487821280956268
0.05161678791046143
0.015265127643942831
-0.08504782617092131
-0.0023383419029414654
0.03229536488652229
0.04700419679284096
-0.048911526799201965
-0.10618169605731964
-0.0812138170003891
-0.07475155591964722
0.1133165806531906
-0.008313325233757494
0.08412458002567291
0.05674662813544273
-0.0042024138383567325
0.022469619289040565
0.03678981587290764
-0.07240761071443556
-0.01909307576715946
-0.13417723774909973
-0.06402125954627991
-0.04030526056885719
0.0570865124464035
0.038825150579214096
0.04657524824142456
-0.02207070402801037
-0.1125403344631195
-0.08577780425548553
-0.12387557327747344
-0.0707039088010788
0.02681276388466358
0.09412238001823424
0.16263405978679657
0.05225205793976784
0.021065359935164448
-0.10146870464086533
0.05570053681731224
0.03328101336956024
0.004007804673165082
-0.010213607922196388
0.05809222906827927
-0.056086655706167214
0.0007631074404343962
-0.011795505881309508
-0.06454600393772125
-0.07610712945461273
-0.047490134835243225
0.018082698807120323
0.0771929994225502
-0.04174337536096573
0.02527439408004284
0.02057952620089054
-0.001100813620723784
0.1588529795408249
-0.10308624804019928
0.0453549362719059
0.055607452988624566
-0.04597443714737892
0.032372891902923584
-0.07902324944734573
0.0735430121421814
-0.06367743760347366
-0.04066580906510353
-0.08751478791236877
0.029399583116173744
-0.018731458112597466
-0.02392628416419029
0.012393679469823836
-0.02298743650317192
-0.06905174255371094
0.06064958870410919
0.03765198215842247
-0.014021400362253187
0.015411389991641045
-0.0794905349612236
0.07838417589664459
0.04856330528855324
-0.004354264121502638
0.022207677364349365
0.04023044183850288
-0.034206390380859375
-0.05958689376711845
0.04862021282315254
-0.010577968321740627
0.0027964827604591846
0.008735907264053822
-0.01432696171104908
-0.03558190166950226
0.03634301945567131
-0.04714210331439972
-0.04552385583519936
0.02339659072458744
-0.06276015937328339
0.012980712577700613
-0.0038428935222327705
0.03727097436785698
-0.03932370245456696
-0.026426101103425022
0.0539647713303566
0.06164383888244629
0.0020613200031220913
-0.08421666920185089
-0.021665712818503376
-0.027732206508517265
0.060850970447063446
0.008388807065784931
-0.08841338008642195
0.009688631631433966
-0.013769226148724556
0.005866467487066984
-0.0027306950651109214
-0.023038575425744057
-0.022519564256072044
-0.02775420434772968
-0.01331840083003044
-0.016700074076652527
0.06593933701515198
0.015883872285485268
-0.10675039887428284
-0.08351589739322662
-0.08721832185983658
0.020222917199134823
0.004151396919041872
-0.047758925706148155
0.014487626031041144
-0.06267520040273665
0.025218777358531952
-0.019479170441627502
-0.07023891806602478
0.08522959798574446
0.07289606332778929
0.10969311743974684
-0.05425615236163139
-0.027426686137914658
1.4322227798402308e-05
-0.04644569382071495
-0.03750352934002876
0.050300154834985726
-0.04107524827122688
-0.04088237136602402
0.06010759249329567
0.03342486172914505
-0.12379340082406996
0.057927202433347695
-0.0838901549577713
0.003182884771376848
-0.0827246382832527
0.024519212543964383
0.1258312463760376
-0.002025583293288946
0.035785846412181854
0.16631239652633667
0.03923870250582695
0.05008912459015846
-0.013704562559723854
0.012482590973377228
-0.09902106970548627
0.0076863099820911876
-0.0688246563076973
-0.013332538306713104
0.09402580559253693
-0.06468681991100311
-0.0015522247413173316
0.029756180942058563
0.02295404113829136
0.04288290441036224
0.06545819342136383
-0.006739902775734663
-0.004645391833037138
-0.10866740345954896
-0.008136624470353127
-0.069671131670475
-0.017869314178824425
-0.10442294180393218
0.05699889734387398
-0.0043267454020679
0.03638220578432083
0.0076705110259354115
-0.00701735122129321
-0.059651192277669914
0.11743819713592528
-0.07368221133947372
-0.0043241046369075775
-0.0028424314223229885
0.07633894681930542
0.007917480543255806
0.14231283962726593
0.16253601014614105
0.009337658062577248
0.01727628894150257
0.02307199314236641
-0.029494013637304303
-0.03172386437654495
-0.0066669839434325695
0.1076974645256996
0.06703013926744461
-0.05984845757484436
-0.11434569209814072
-0.11318092048168182
0.014865409582853316
-0.019641917198896408
0.052906837314367294
-0.05642468109726906
0.029985234141349792
-0.01304384134709835
-0.017007552087306976
0.02713295817375183
-0.02748656645417213
-0.01853344962000847
0.15338687598705292
-0.029931381344795227
0.09457238763570784
0.10622498393058775
0.0381692536175251
-0.08161809295415878
-0.10437576472759245
-0.033976029604673386
-0.042175907641649246
-0.024966180324554443
-0.04619288071990013
0.038046844303607934
0.017507819458842278
-0.04362357407808304
-0.05888653546571732
-0.09676163643598557
-0.008769402280449867
0.044767383486032486
0.05627905204892159
0.015843654051423073
0.0077783172018826
0.06080284342169762
0.1306503266096115
0.01932183653116226
0.0013094398891553283
-0.0637291818857193
0.011152924969792366
-0.0326775386929512
0.04451409727334976
-0.10790702700614928
-0.027633037418127056
-0.03694454208016396
-0.05599472671747208
-0.0522022619843483
-0.0234034676104784
0.04463640972971916
-0.07742267102003098
0.009416204877197742
-0.00810280442237854
0.02652924880385399
0.16136756539344788
-0.05483035370707512
0.04590196907520294
0.02060103043913841
0.04884183779358864
-0.007188718300312757
-0.12696391344070435
-0.0037008672952651978
-0.03384010121226311
-0.11651623994112013
-0.0725320428609848
-0.07587180286645889
0.03089338541030884
-0.01974174752831459
0.00019419880118221045
-0.1021713763475418
0.02811956964433193
0.003939372021704912
-0.021227940917015076
-0.02635139226913452
0.07338827848434448
0.08922094851732254
-0.06823451817035675
-0.08540230244398117
-0.011864552274346352
-0.03819740191102028
0.005958402995020151
-0.037865795195102685
0.06770596653223038
-0.006179631222039461
0.02731139212846756
0.026262836530804638
0.023715481162071228
0.057378780096769326
0.025359828025102612
0.053013019263744354
0.0029950980097055435
-0.004761552903801203
-0.012100419029593468
0.015147831290960312
-0.12973402440547943
-0.09690506011247635
-0.04751799255609512
-0.04751191288232803
0.01113959029316902
-0.053398758172988885
-0.09193563461303712
-0.12938068807125092
-0.028182074427604675
-0.08248452842235565
0.12211014330387115
-0.09158360958099364
0.0397699773311615
0.025121379643678665
-0.0715518519282341
-0.020631281659007072
-0.0370321199297905
-0.015079300850629807
0.030114924535155296
0.020202405750751492
-0.07944214344024658
0.0708172470331192
-0.12201593816280364
0.009918970055878162
0.14023654162883759
0.025441668927669525
0.020000647753477097
-0.08094769716262817
0.0181040782481432
-0.1105317324399948
-0.07142668962478638
0.01961028762161732
0.02333097904920578
-0.0067231948487460605
0.10445699095726012
-0.006474628578871489
0.05295044556260109
0.008800334297120571
-0.12869469821453094
-0.10445716977119444
-0.05202560126781464
0.1287415772676468
-0.10934571921825408
-0.011299403384327888
0.05040009319782257
0.04214965552091599
-0.12391261756420135
0.034523431211709976
-0.008996469900012016
0.0067920018918812275
-0.04958169162273407
-0.05273130163550377
0.010599558241665363
0.009546986781060696
-0.10273222625255583
-0.07789096236228944
-0.11842698603868484
-0.0678301602602005
0.00713562173768878
-0.015750952064990997
-0.04264632239937782
-0.001635821652598679
-0.08134596049785614
0.027886644005775448
-0.08060987293720245
-0.007358394097536801
0.021303193643689156
0.061276569962501526
0.039497997611761086
0.01117069087922573
-0.006838870700448752
0.04794995859265328
0.18719950318336487
-0.04975703358650208
0.07967232167720793
-0.05745283886790276
-0.062171202152967446
-0.056973811239004135
0.01498559396713972
-0.1023186668753624
-0.01740609109401703
-0.05450327321887016
0.02188684791326523
-0.11952634155750275
0.013554781675338743
-0.01996934600174427
0.06460562348365784
0.011872267350554466
-0.047646451741456985
-0.088494673371315
-0.04291605204343796
0.012342620640993118
-0.0017293427372351289
-0.1127522885799408
-0.06636710464954376
0.04408624395728111
-0.047856569290161126
-0.017040150240063667
0.013378182426095009
0.02268335036933422
-0.06299738585948944
-0.007767499890178442
-0.051554664969444275
-0.05405685678124428
-0.07049605250358582
-0.12023203074932098
0.0009671173756942154
-0.029518650844693184
0.02696682885289192
0.03823024407029152
-0.059611108154058456
0.09558922052383424
-0.010153267532587051
-0.10458631813526152
-0.11153120547533037
0.1110401302576065
-0.04591251537203789
-0.03245334327220917
0.054088186472654336
-0.12796901166439056
-0.09312324970960616
0.007149219047278166
-0.014821518212556837
-0.0005098093533888459
0.010332066565752028
0.14670835435390472
0.027505058795213696
-0.08716432750225067
0.0713803619146347
0.03277193009853363
-0.08284905552864073
0.015731081366539
-0.06280086189508438
-0.04727067053318024
-0.010884501039981842
-0.022338896989822388
0.06919954717159271
0.0361657440662384
0.14839579164981842
0.014940258115530014
0.04297136515378952
0.028736276552081108
-0.07099510729312897
-0.09626126289367677
0.03771166503429413
0.018971867859363556
-0.03422941267490387
0.0028047212399542327
-0.0019028490642085671
0.011665218509733675
0.11246390640735626
-0.09072159975767136
-0.10502628982067108
-0.042489636689424515
-0.03275666758418083
0.01374439150094986
0.046935033053159714
-0.00926848128437996
0.025232693180441856
-0.013872349634766579
-0.03915562853217125
-0.027615081518888477
0.03678984194993973
0.025571927428245544
0.011883582919836044
-0.12208887934684752
-0.04366225749254227
-0.0603046528995037
0.02581709623336792
-0.052892301231622696
0.015615951269865036
0.14567707479000092
0.02353741228580475
-0.03194987028837204
0.02825767919421196
-0.04653171822428703
0.007358925882726907
0.12308667600154875
0.038565956056118005
0.04903947934508324
0.002552431542426348
0.07144422829151154
0.02781894616782665
0.02379878237843513
0.0762949213385582
-0.02884664013981819
0.018475744873285294
2.6415800675749775e-06
0.006156602408736944
-0.009229776449501514
0.05046852305531502
0.03999436274170876
0.07547815144062042
-0.02845080010592937
-0.09600707143545151
0.018081657588481903
-0.07739955931901932
-0.07456088066101074
0.11861044913530348
-0.09310330450534819
-0.0783216506242752
0.016704397276043892
0.03868087753653526
-0.04248180612921714
-0.048674538731575005
0.037660334259271615
-0.045470867305994034
-0.013103455305099487
-0.0851757824420929
-0.005414762068539858
-0.03760477900505066
-0.02015170454978943
-0.0033271438442170616
-0.06818224489688873
-0.09442447125911713
0.036734964698553085
-0.01620519906282425
0.05064622312784194
-0.011076850816607475
-0.12681730091571808
-0.007594795431941747
-0.11717964708805084
-0.06505484133958817
0.08652541786432266
0.014524797908961771
-0.09011925756931305
-0.04811392724514008
-0.05033497139811516
-0.01742086187005043
0.01728665456175804
-0.008037466555833817
0.00873025506734848
-0.0023395237512886524
0.061735134571790695
-0.01607002504169941
-0.043369099497795105
0.0258279163390398
0.10040688514709473
-0.052334532141685486
-0.01876560598611832
-0.06579965353012085
0.013891395181417463
-0.07127158343791962
-0.051921263337135315
-0.12906163930892944
-0.028984680771827694
-0.050160374492406845
-0.07878754287958145
-0.04524536803364754
-0.001879738294519484
0.0529496967792511
0.06636660546064377
0.03580387309193611
0.00879683345556259
-0.028411902487277985
0.044891618192195885
0.050990961492061615
-0.07840694487094878
-0.07152201980352402
0.0853010043501854
-0.0545455738902092
-0.10413163155317307
-0.11474114656448364
-0.09648282080888748
-0.08831534534692764
-0.10874036699533463
0.020169986411929127
0.05764107406139374
0.022497573867440224
-0.11938415467739104
0.05024436488747597
-0.04054016247391701
-0.004525504540652037
-0.04560735821723937
0.055715110152959824
-0.09065700322389601
0.05004386603832245
0.012938807718455791
-0.022534221410751343
-0.024019276723265648
-0.048562541604042046
-0.06037024036049842
0.12886445224285123
0.03266862407326698
-0.07370047271251678
0.014227597042918204
-0.05387614294886589
0.03398766368627548
0.027644600719213486
0.015547162853181362
0.08101840317249298
0.060426760464906686
-0.1012136861681938
0.0028075161390006542
-0.0083804689347744
-0.017483791336417198
0.06379609555006027
0.044973623007535934
-0.0019240208202973008
0.023130709305405617
0.13738559186458588
-0.10113368183374404
-0.11630956083536148
0.04603441432118416
-0.08889629691839218
0.006234224420040846
0.09726865589618681
-0.01897784508764744
-0.1301048994064331
-0.028219435364007946
-0.0031625512056052685
0.013528482988476752
0.03085857070982456
0.02173885144293308
0.005252659786492585
-0.10418863594532012
0.09759773313999176
-0.021159563213586807
-0.08802571147680281
0.046478141099214554
0.0026963637210428715
0.03624014556407928
0.08881574869155884
0.010175112634897232
-0.06182290241122246
0.1321342885494232
-0.03927505388855934
-0.009305826388299463
-0.06490137428045273
0.012523343786597252
0.07532798498868942
-0.038085386157035835
-0.12421093881130219
-0.06388765573501587
-0.11726387590169907
-0.127793088555336
-0.08270120620727539
0.10967275500297546
-0.002332639414817095
-0.030376005917787552
-0.0029021850787103176
0.04694931581616402
-0.025135699659585953
0.04031151905655861
-0.08746154606342316
-0.026715021580457687
0.03427429124712944
-0.042463984340429306
-0.016258925199508667
-0.11706826090812684
0.0007528177229687572
0.020160917192697525
0.02655666694045067
0.03427349030971527
-0.004256039392203093
0.04779975116252899
-0.0796804204583168
0.00932580977678299
-0.022063864395022392
0.04755019024014473
0.05413314700126648
-0.030900005251169205
0.02190461009740829
0.00470718601718545
-0.004534380044788121
0.07784565538167953
0.05335723981261253
0.07992342859506607
0.053794775158166885
-0.1349516659975052
0.0347653329372406
-0.06193757429718971
0.02187452465295792
-0.07360019534826279
-0.016005748882889748
0.005841576028615236
-0.014823365956544876
-0.028198836371302605
0.01754612661898136
-0.03995423391461372
0.020486038178205487
-0.05165759101510048
-0.0016238974640145896
0.023541368544101715
-0.10136941075325012
-0.03344225510954857
0.005954686552286148
-0.010958240367472172
-0.050650741904973984
-0.08956319093704222
0.14239472150802612
-0.03358030691742897
-0.05819100514054298
0.003121754620224237
0.04615125060081482
0.03442913666367531
-0.01721532642841339
-0.008383678272366524
0.020658792927861214
-0.02296406216919422
0.002828946337103844
-0.010983905754983423
0.0035210992209613323
0.026701562106609344
0.030395338311791417
-0.01669313013553619
-0.03822789341211319
-0.018719766288995743
0.07367897033691406
0.07176821678876877
-0.09456556290388109
0.02831433340907097
0.03091556578874588
0.01795867644250393
-0.0019816975109279156
-0.08611796796321869
-0.058827415108680725
0.035076215863227844
0.0262412428855896
0.054862093180418015
-0.027183432132005688
0.004983631428331137
-0.12193995714187622
-0.027863193303346637
0.03704006597399712
-0.00558627350255847
-0.07671396434307097
-0.06345541030168533
-0.030761215835809708
-0.08949707448482513
0.0295282993465662
-0.0351504422724247
0.07203994691371918
0.02467733062803745
0.0006062932079657912
0.022143334150314328
-0.0632050409913063
-0.04662387818098068
0.0023587369360029697
-0.07690207660198212
-0.028554927557706833
-0.020086210221052166
-0.03033160790801048
-0.04694763198494911
-0.022546328604221344
-0.022651048377156258
0.13244959712028503
0.020760517567396164
0.061330195516347885
-0.09193721413612364
-0.03200754150748253
-0.08639618754386902
0.03013423644006252
-0.018976304680109024
-0.04040343314409256
0.10744403302669524
-0.088544562458992
0.058515165001153946
0.08506618440151215
-0.02749286219477653
-0.11383081972599028
0.01788654923439026
-0.050287876278162
-0.07564367353916168
0.015338110737502573
-0.00802075956016779
-0.10676810145378111
0.042335133999586105
0.025279201567173004
-0.03612206503748894
0.004826657008379698
0.00854645296931267
-0.005799013655632734
0.008316702209413052
0.023048691451549527
-0.0691993460059166
0.04044437035918236
0.07224608957767487
0.08330950140953064
0.05703534185886383
-0.014843638986349104
0.08990837633609772
0.1262369304895401
-0.10214661806821825
0.016990680247545242
-0.046603381633758545
-0.028894374147057533
-0.04571526125073433
-0.04890327528119087
0.040122911334037774
-0.10659089684486388
-0.0642361268401146
-0.0566062368452549
-0.0003346443409100175
-0.07949425280094145
-0.03645322471857071
-0.06889569759368896
0.05527318641543388
0.05103260278701782
-0.10197844356298447
-0.08537616580724716
-0.04704911261796951
0.0178665928542614
-0.016423307359218597
-0.017765171825885773
0.0632438212633133
0.07068371027708054
0.14563114941120148
-0.006841327529400587
-0.006819942500442266
-0.05423441901803017
-0.010179772973060608
-0.07756324112415314
-0.05453380569815636
-0.04416004195809364
0.032529015094041824
-0.0662057101726532
-0.018417585641145703
-0.06601382791996002
-0.06479845941066742
0.05129345878958702
-0.0385383665561676
0.01685517653822899
0.09169168770313264
0.005167489405721426
-0.07513312995433806
0.015788573771715164
-0.012899111956357956
0.058014865964651115
-0.03706610575318336
-0.09727120399475096
-0.05070788413286209
0.06857522577047348
0.05571606755256653
0.004405754152685404
0.018817942589521408
-0.05376315116882324
-0.01643276959657669
0.04362436383962631
-0.002099375706166029
-0.0016983799869194627
0.0294734425842762
0.024915907531976696
0.003142430912703276
-0.0035134735517203808
0.05716073885560036
0.09124027192592621
0.06392845511436462
-0.01911427639424801
-0.06341294944286345
0.017893796786665916
-0.043017711490392685
-0.00460673449561
-0.07105594128370285
0.0964590385556221
0.003249067347496748
-0.016469372436404228
-0.0047286939807236195
-0.028462309390306473
0.003157817292958498
0.010782916098833084
0.045597657561302185
-0.13365520536899567
0.02604718692600727
-0.07454542815685272
0.04178810492157936
-0.05247469618916512
-0.007850703783333302
0.0039057717658579354
-0.009673101827502249
0.04396004602313042
0.019944574683904648
0.012077602557837965
0.048301983624696725
0.028422635048627853
-0.00824473425745964
-0.04775015637278557
-0.040522713214159005
-0.012182889506220816
0.07313807308673857
-0.07274739444255827
-0.10147911310195921
0.03112300857901573
0.004104028921574353
0.047843411564826965
-0.006598981563001871
0.05023912712931633
0.09602519124746321
0.005997019354254007
-0.04548202455043793
0.10968963801860808
0.08717450499534608
0.10402337461709976
0.08754445612430573
0.026238707825541496
-0.015116993337869644
-0.01955999433994293
0.0037875180132687087
0.09497275948524476
-0.04495127871632576
-0.03906488046050072
-0.08417536318302153
-0.02315120957791805
-0.0669025331735611
-0.00021597242448478937
-0.026662055402994156
0.006927229929715394
0.0331110954284668
-0.0014888752484694123
0.11280179768800735
0.02768811956048012
-0.0015834547812119126
-0.11914652585983276
0.029028145596385
-0.009985413402318953
0.1133303940296173
0.02272827550768852
0.07866643369197845
-0.054776649922132485
0.016515366733074188
0.01019417867064476
-0.024547897279262543
0.10674461722373962
0.03333723172545433
-0.03719726949930191
-0.009923070669174194
0.04072375223040581
0.056104574352502816
-0.008041201159358025
0.04549628868699074
0.015726031735539436
-0.11220526695251463
-0.0818289890885353
-0.022091237828135487
-0.02039606310427189
0.05836700275540352
-0.058866150677204125
-0.11048109084367752
-0.009477416053414345
-0.06656922399997711
0.048497632145881646
0.02730964496731758
-0.0031133550219237804
0.043841835111379616
0.03684400022029877
-0.019191818311810493
-0.05956552550196648
-0.11333317309617996
-0.05109139904379845
0.03264154866337776
-0.1316215842962265
-0.023563021793961525
0.028038879856467247
-0.06285662949085236
-0.09115098416805267
-0.034620244055986404
0.04704343155026436
-0.05913868919014931
0.03384088724851608
0.012132607400417328
-0.05964020267128944
0.10113462805747984
0.017092444002628326
-0.030877109616994854
0.04874086752533913
-0.07756718248128891
-0.10512557625770567
-0.04007131233811378
-0.06010643020272255
0.019056469202041623
0.1463141292333603
0.06059456244111061
-0.0005972624057903886
-0.05428197607398033
0.011505737900733948
0.006139612291008234
-0.052938066422939294
-0.004235608968883753
0.04269072413444519
-0.043009407818317406
-0.04901852831244469
0.057737145572900765
0.07061125338077545
0.023887358605861664
0.02790362387895584
0.02139199152588844
0.03938058763742447
-0.002996209543198347
0.0413619689643383
0.017326097935438156
-0.043127816170454025
0.027809603139758114
-0.048431538045406335
-0.07578919082880019
-0.09862563014030457
0.09220251441001891
-0.007834723219275473
0.05091653391718864
0.12584049999713895
-0.04288559034466744
-0.10020526498556136
0.013997741043567656
0.012268412858247755
0.0002254232531413436
-0.04808090254664421
0.029477298259735107
-0.06459548324346542
0.028546832501888275
-0.05502462387084961
0.023020271211862564
-0.03889204189181328
-0.025040712207555767
0.03471873328089714
-0.10411125421524048
0.0723123699426651
-0.06901705265045166
-0.1196749210357666
-0.057256225496530526
0.1364135593175888
0.004204877186566591
-0.025546155869960785
0.04343518614768982
-0.0689399242401123
-0.002384533639997244
0.030340004712343212
0.11982578784227373
0.05243033915758133
0.011257195845246317
0.004286353010684252
-0.06770459562540054
0.08889304101467133
-0.05043582990765572
-0.044402558356523514
-0.06553777307271957
0.0007132155587896705
-0.009934719651937485
0.010281096212565897
0.014441266655921936
-0.04056940600275993
-0.08148269355297089
-0.04651502147316933
0.06333839148283005
0.01794264279305935
0.030159035697579384
0.02737351134419441
-0.13607452809810638
-0.033242885023355484
-0.04049284383654594
0.0016522038495168088
0.01944359019398689
0.01891934871673584
-0.09783326089382173
-0.036388102918863297
0.0845397412776947
-0.04215343669056892
0.03748247772455216
-0.026186734437942505
0.028529034927487373
-0.07293282449245453
-0.08907714486122131
0.1132100075483322
-0.12167342752218246
-0.008559100329875946
0.08370180428028105
-0.04480273649096489
-0.023557957261800763
-0.11307033151388168
0.00962916389107704
0.059396956115961075
0.01762405037879944
-0.008826753124594688
-0.06351234018802643
-0.07126208394765854
0.011467909440398216
-0.0769423246383667
-0.12745782732963562
0.0035138172097504135
-0.038341525942087167
-0.0520726554095745
-0.04235800355672836
0.01731106825172901
0.03147587552666664
-0.002329401206225157
-0.12218810617923737
0.027256153523921967
-0.05580198019742966
0.032131444662809365
0.0060329162515699855
-0.04350540414452553
0.09834872186183928
-0.013568195514380932
-0.04824415221810341
-0.04945889860391617
-0.00326291611418128
-0.006792354863137008
0.05715392529964447
-0.013466546311974524
-0.01187232695519924
0.028674036264419556
-0.11928772181272505
-0.08891016989946365
0.08607571572065353
-0.058280918747186654
-0.03748243674635887
0.026986751705408096
-0.00846312381327152
0.08636234700679779
0.0004530589794740081
-0.05345207080245017
0.03424646332859993
-0.03889462724328041
-0.09421569854021072
0.027704164385795597
-0.02746085077524185
-0.03666535764932632
-0.010383956134319304
0.022506305947899815
0.0014659560984000564
-0.02151859924197197
-0.06325516104698181
-0.02267001941800117
0.00399073725566268
0.07518503814935683
0.06794843822717667
0.04213771224021912
0.009482720866799353
-0.04282301291823387
-0.0716828852891922
-0.026546306908130642
0.03681695833802223
0.07149972021579742
0.06294833868741989
0.027442678809165955
0.09283781796693802
-0.04053225740790367
-0.06740005314350128
-0.07380623370409012
-0.07052783668041229
-0.05169033259153366
-0.04085612669587135
-0.03671865165233612
-0.04548890516161919
-0.046686246991157525
-0.08994553983211517
0.04526437446475029
-0.031120877712965008
-0.015676159411668777
-0.0057009044103324405
-0.09448236227035521
-0.050836116075515754
-0.0206418689340353
0.0585685595870018
0.006436335388571024
-0.07615486532449722
0.048213012516498566
-0.11593632400035858
-0.0592191219329834
-0.0408647395670414
-0.013383537530899048
0.07163602113723755
-0.013241436332464218
-0.021335020661354065
-0.028052479028701786
-0.06452334672212601
-0.014008576050400732
-0.0718536525964737
0.0702931135892868
0.019728537648916245
-0.008668892085552214
-0.03677814081311226
0.05854517593979836
-0.04401942715048789
-0.020035238936543465
0.03464875370264053
-0.008336151950061321
-0.05926861613988876
0.06985680758953094
0.01657857373356819
0.011440581642091274
0.04630693793296813
0.08245114982128142
0.003819276578724384
0.01888744533061981
-0.1264631748199463
-0.024971261620521545
0.006987213622778654
0.007668045349419119
-0.011230036616325378
0.020499071106314656
-0.11687808483839036
0.03947429358959197
-0.004743824247270823
0.020894650369882584
-0.01263364404439926
0.007486127782613038
0.011925006285309792
-0.06249849125742912
0.006946080829948186
0.015553831122815607
0.029423002153635025
0.1126396432518959
0.024297863245010373
0.10238447040319441
-0.11156506836414336
0.041076235473155975
-0.03741821274161338
0.012114910408854485
-0.07281176745891571
0.05156894773244858
0.07236004620790482
-0.03720495104789734
-0.08066891133785248
-0.0024329102598130703
0.005587852094322443
0.021168045699596405
0.012124299071729183
0.05455907806754112
0.03983110561966896
-0.0922040045261383
-0.051878053694963455
0.07709404826164244
0.030920751392841336
-0.05615413561463356
-0.0706629678606987
-0.11801847070455553
-0.10050530731678008
-0.024317655712366104
-0.12556263804435727
-0.07938054203987122
0.009384131990373135
-0.018236152827739716
0.012210723012685776
-0.04550829157233238
-0.08238132297992705
0.07411049306392668
-0.008440675213932991
-0.083261638879776
0.02939906343817711
-0.05319339781999588
0.00342389615252614
-0.10198798775672913
0.0888906642794609
0.0640045553445816
0.08660481870174408
0.06327851116657257
-0.026562878862023357
0.06386067718267441
-0.0023043793626129627
0.02061315439641476
0.06293246150016785
0.1000806540250778
0.01044571679085493
-0.039615526795387275
-0.03572399914264679
-0.05540034174919128
-0.04183482006192207
-0.049613151699304574
0.03803889825940132
0.0012838843977078795
-0.02456938661634922
0.09925673156976701
-0.08796636760234831
-0.03876287117600441
-0.10725024342536926
0.05333303287625313
-0.10335150361061096
-0.05907861515879631
0.010018153116106989
-0.1143924966454506
0.007955892942845821
-0.053467698395252235
0.06125923991203308
0.03119233250617981
-0.07908025383949278
-0.00822041742503643
-0.04864281788468361
-0.0254884734749794
0.000917710713110864
-0.04548154771327973
-0.036926168948411935
-0.10939939320087431
-0.09838695824146271
0.01899060979485512
0.03321876749396324
-0.05609536170959473
0.0835457295179367
-0.00851905345916748
-0.03265863284468651
0.04077908024191856
-0.05086236819624901
-0.03550766780972481
0.1159796118736267
-0.02945379726588726
-0.0032750177197158337
0.04349670559167862
0.06587947905063629
-0.059379760175943375
0.1180846393108368
-0.0976961925625801
-0.10048970580101012
-0.09656594693660736
0.006104872096329928
-0.08556713163852692
-0.016872666776180267
0.020615901798009872
-0.0700405016541481
-0.0832970142364502
0.030380550771951675
0.011718889698386192
-0.009492539800703524
-0.048272047191858285
-0.10461267828941344
-0.030275803059339523
-0.10489362478256224
-0.11850400269031525
-0.007367124315351246
0.04815956205129624
0.0147723201662302
0.07166677713394165
-0.03345121443271637
-0.10953616350889205
-0.01431070826947689
-0.02809827029705048
-0.07650099694728851
0.08230839669704437
-0.01338243018835783
0.040103871375322335
-0.04105451330542564
-0.036503829061985016
-0.051430944353342056
-0.01893329434096813
-0.11738880723714828
-0.05255451425909996
-0.01183111034333706
-0.11943889409303664
-0.040948379784822464
7.174850907176733e-05
0.017001662403345108
-0.005561004858464003
0.02344956621527672
-0.011978687718510628
0.007783036213368177
0.10001453757286072
-0.13426624238491058
0.005976556334644556
-0.022232647985219955
-0.09969443082809448
0.04992586746811866
-0.10977150499820708
-0.06405362486839294
-0.04999828711152077
-0.01826920174062252
-0.030986662954092022
0.04346691071987152
-0.0661718100309372
0.10284056514501572
0.0393059141933918
-0.005705653224140406
-0.04314183071255684
-0.042390871793031686
0.041043560951948166
-0.040032047778368
0.026002053171396252
-0.0524304136633873
0.06281962990760803
0.05854902043938637
-0.07568748295307158
-0.1132398173213005
0.06355411559343338
-0.02608250081539154
-0.010219857096672058
0.03395232930779457
-0.05749990418553352
-0.003846654202789068
0.05265265330672264
-0.026541080325841904
-0.05137024447321892
-0.026375181972980496
0.004954961594194174
0.07232798635959625
0.1439109593629837
0.13105382025241852
-0.04868641123175621
-0.03684788569808006
0.0135541632771492
-0.09969717264175416
-0.08730994164943695
-0.11925582587718964
0.05601010099053383
0.06816563010215759
-0.006633864250034094
-0.03552805259823799
-0.11225171387195589
-0.04700559377670288
-0.01140175014734268
-0.05766130238771439
-0.019504718482494358
-0.09170308709144592
-0.0457771010696888
-0.02515093982219696
-0.08329251408576965
-0.037989381700754166
0.05820559337735176
0.10264815390110016
0.012305044569075108
0.07768799364566803
0.06818244606256485
0.06566335260868073
-0.0004921868676319718
0.04163971915841103
-0.06448908150196075
0.004766895901411772
-0.12950173020362854
-0.032953724265098565
0.015528224408626556
0.07734042406082153
0.017064295709133148
0.042119555175304406
-0.003784190397709608
0.04023569449782372
-0.05112013220787048
0.06589725613594055
0.09359341859817503
0.10478997975587843
0.009222039021551607
-0.04251576960086823
0.017876144498586655
-0.05242538079619408
-0.0006236225599423051
-0.045449148863554
0.059129711240530014
-0.0744447335600853
-0.015217915177345276
0.049266990274190896
0.008929097093641758
-0.06898343563079834
-0.04849252104759216
0.04216837510466576
-0.005302735138684511
-0.07690310478210449
0.05984273925423622
0.08795530349016188
-0.05845441296696663
-0.06135961785912514
0.03108025155961513
0.0027257935144007206
0.04617822542786598
0.12867446243762967
-0.04136888310313225
0.05826602131128311
0.035114239901304245
0.029779735952615734
-0.040317412465810776
0.012218929827213287
-0.018465980887413025
-0.03232436254620552
0.03612587973475456
-0.03927680850028992
0.06591261178255081
-0.007629382889717817
0.002026733476668596
-0.035594627261161804
0.0346708782017231
0.08773597329854965
-0.004167507868260145
-0.027813334017992016
-0.025997668504714962
-0.04767774790525437
-0.01817023195326328
0.011097613722085953
-0.03663273528218269
-0.08366403728723526
0.04532647132873535
-0.014013081789016724
-0.0182090662419796
0.047492556273937225
0.053830619901418686
-0.113705113530159
0.01535358279943466
-0.0625046119093895
0.028780817985534668
0.112554594874382
-0.028070800006389614
0.017567824572324753
0.045927274972200394
0.05406050011515617
-0.011021593585610388
0.037573229521512985
-0.007319496478885411
0.13625825941562653
-0.015127496793866156
0.009920272044837475
0.047950156033039086
0.024730753153562542
0.027299875393509865
0.10367439687252045
0.06899677217006683
-0.05568557232618332
-0.03697966784238815
0.02803087420761585
0.013558083213865755
-0.11808016151189804
0.03907938674092293
-0.05575622245669365
-0.07997070252895355
0.022736020386219025
0.09480132162570952
0.01925764232873917
-0.0012356584193184972
-0.03971736878156661
0.028807967901229855
0.11597532033920288
-0.0010152735048905015
0.0135812321677804
0.07051797956228256
-0.10006976127624512
0.10889321565628052
0.051293965429067605
0.03499288856983185
-0.041072797030210495
-0.0246816910803318
0.004413187969475985
0.047486793249845505
0.028548840433359143
0.016066940501332283
-0.03404546156525612
0.05846747383475304
-0.02576114609837532
-0.022361524403095245
-0.10147862136363985
-0.019341086968779564
-0.08599217236042023
-0.0022113951854407787
0.08963748812675475
-0.011805737391114233
-0.05106953904032707
-0.1246170699596405
0.04910901561379433
-0.015027301385998724
-0.06253614276647568
0.0746547132730484
-0.08543859422206879
0.046389710158109665
0.04170932248234749
-0.002479985821992159
0.048398517072200775
0.030201684683561325
0.0019856723956763744
-0.11422444880008696
0.050565049052238464
-0.10713693499565125
-0.0287728663533926
-0.05923807993531227
0.04121160507202149
-0.05164257436990738
-0.0777837634086609
-0.04524678364396095
0.04807905852794647
-0.10303908586502077
-0.06851144134998322
-0.03275841102004051
-0.0726860910654068
0.04893757030367851
-0.0013573166215792298
-0.031614162027835846
0.05874783918261528
0.017701467499136925
-0.058359872549772256
-0.1132298707962036
-0.021114138886332512
-0.03984709084033966
-0.04005266353487968
-0.016581784933805466
0.009428720921278
0.009527253918349745
0.04037537798285484
-0.08784773200750352
0.006713674869388342
0.08847722411155699
0.06395164132118225
-0.05170236900448799
0.019143082201480865
-0.04255487769842148
0.0287652350962162
0.000304845510981977
-0.03861911222338677
0.060110438615083694
-0.03859627991914749
0.005333390552550553
0.0477081723511219
-0.04133297502994537
-0.014823615550994871
-0.0017515026265755296
-0.0606643408536911
0.015940997749567032
0.05681971833109856
0.0727071762084961
0.04057227447628975
0.08319476246833801
0.017141666263341904
-0.01873967237770557
-0.11673738062381744
-0.021736470982432365
-0.06803534924983978
-0.13165044784545898
0.1379442811012268
-0.007272401358932256
-0.005383705254644156
0.01996682584285736
-0.06332889944314957
0.01707272417843342
0.0006182197248563169
0.0674886628985405
-0.09937061369419098
-0.08276727795600891
0.007929908111691475
-0.02687377668917179
0.023107919842004776
0.1300991326570511
0.005431040655821562
-0.05689531192183495
-0.1293762773275375
-0.015744641423225403
-0.05428220331668854
-0.1184605211019516
-0.03168627247214317
-0.07659327983856201
0.07757642120122908
0.04923166334629058
-0.04189865663647652
0.08275149762630463
-0.07318983972072601
0.146783247590065
-0.08377505838871002
0.08926139771938325
0.024051062762737278
-0.033097755163908005
0.020986132323741913
-0.014055009931325912
-0.05802186205983162
-0.027217786759138107
-0.010863185860216616
-0.08718085289001466
0.07883311808109283
0.03468376025557518
0.014929505065083504
0.04881114140152931
0.004042754415422678
-0.005507425870746374
0.02085498534142971
-0.017765656113624573
0.11939195543527605
-0.008417997509241104
0.06577030569314957
0.0905478298664093
-0.11276312172412872
-0.08422550559043884
0.08187149465084077
-0.09909138828516006
0.05049025639891624
0.008670973591506481
0.0834292471408844
0.02666015364229679
0.03361748903989792
-0.017274798825383186
-0.06395488977432251
-0.03593726456165314
-0.11710236966609953
0.04603129997849464
0.07205364108085632
-0.029463559389114376
0.06505539268255234
0.012130655348300932
0.11014410108327864
0.029244940727949142
0.04271510988473892
0.0008879689266905187
-0.01626870036125183
-0.025377633050084118
-0.07805994898080826
0.006403547246009112
0.0449739247560501
0.11635920405387878
0.03189642354846001
-0.058318089693784714
-0.02444475889205933
0.10067860782146452
-0.11896343529224396
0.05958607047796249
-0.05675022676587105
-0.09985476732254028
-0.02915939688682556
-0.013849712908267975
-0.024455953389406204
-0.043430626392364495
-0.04039971902966499
-0.10489340871572495
-0.02484431862831116
0.03218723833560944
-0.0073701622895896435
-0.0211760438978672
-0.0847363770008087
-0.02557012438774109
-0.058104973286390305
0.13835757970809937
-0.024465158581733704
-0.0015046481275931
0.0206974633038044
-0.07585167884826659
0.06239819154143333
-0.01816285215318203
0.0716160237789154
0.08135230839252472
0.02408885024487972
0.04990741237998009
-0.04826800897717476
0.08073763549327849
0.049343887716531754
0.03941568732261658
-0.04891692474484444
-9.509141091257331e-05
0.03567512705922127
0.06287553906440735
-0.01625845581293106
-0.005628285463899374
-0.07171793282032013
-0.029667235910892487
-0.04679328203201294
-0.006253364961594343
0.0868830755352974
-0.014497004449367523
-0.1202677935361862
-0.09874173998832703
0.04389688372612
0.06577421724796295
-0.054819028824567795
-0.06897979974746704
-0.074435293674469
0.06545520573854446
-0.005201397929340601
0.081440232694149
-0.040833905339241035
-0.04237060993909836
-0.06667032092809677
0.11436647921800612
-0.032643016427755356
0.07176591455936432
0.017414532601833344
-0.00023127521853893995
0.03092985413968563
-0.07808630913496017
0.02819698303937912
-0.0851990208029747
-0.10936592519283295
-0.009454434737563133
-0.10503824055194853
0.00322819035500288
-0.004295341204851866
-0.09044872224330902
-0.046418722718954086
-0.09068670123815536
0.026682348921895027
-0.010249621234834194
0.05694042146205902
-0.03924362361431122
0.012558464892208576
0.1348743587732315
0.10989262163639069
-0.06160904839634895
-0.10522355884313583
0.022410415112972256
-0.02648252621293068
-0.03894428908824921
-0.001845651888288557
-0.013395670801401138
0.015098641626536846
-0.041655171662569046
-0.12344853579998016
-0.08733285963535309
-0.11834049224853516
0.020620260387659073
-0.029941245913505558
-0.0471656322479248
0.00907328724861145
0.023562662303447723
-0.0520317517220974
0.06501354277133942
-0.0041512507013976565
-0.009420442394912243
-0.010949928313493729
0.14038509130477905
-0.06322227418422699
0.018825029954314232
0.03888474777340889
0.02030928619205952
-0.03806149587035179
-0.05476236715912818
-0.015772037208080292
0.03790930286049842
0.06142251566052437
-0.013401602394878864
-0.00884336419403553
-0.007052413653582335
-0.02766932174563408
0.0994623452425003
0.06533291935920715
-0.02635692059993744
-0.04053368046879768
0.02230318821966648
0.009583061560988426
-0.04687272012233734
-0.03415404632687569
0.019363097846508023
-0.021628506481647488
-0.09061469137668608
-0.09624420851469041
-0.0368904247879982
-0.028964199125766758
0.20303018391132355
-0.0240856409072876
-0.006258231122046709
-0.03756188601255417
0.05283183231949806
-0.017350181937217712
-0.03749048337340354
0.07208031415939331
-0.05167889967560768
-0.053949061781167984
-0.001988545525819063
-0.07210905849933624
0.12121520191431044
0.023100655525922772
0.017218999564647675
-0.003955300431698561
-0.0646120011806488
0.03414691612124443
0.13914133608341217
-0.03486831486225128
-0.06473131477832794
0.01769884116947651
0.04941128194332122
0.0003818444674834609
0.06809478998184204
-0.02361538633704185
-0.04872127249836922
0.009706541895866394
-0.055976830422878265
-0.006560012232512236
0.12445829063653945
0.03413013741374016
0.11169831454753876
0.08471183478832243
-0.00022048654500395057
0.0074152578599750996
-0.026833616197109222
-0.02747897244989872
-0.06660953164100647
-0.09044035524129869
-0.015150554478168488
-0.04246415570378304
-0.07522548735141754
-0.09943780303001405
-0.04762159660458565
-0.04133441299200057
0.09667855501174927
-0.07282847911119461
-0.04925457015633583
-0.113812655210495
-0.005540365818887949
0.06054665520787239
0.06175056472420693
-0.08746080100536345
-0.06982430070638657
-0.020367272198200222
0.03129098564386368
-0.005149379838258028
-0.019313381984829903
-0.09613680839538574
-0.045171741396188736
0.05299978703260422
-0.006983214523643255
0.103520467877388
-0.11938834190368652
-0.02670074626803398
-0.08111739903688431
0.03167039901018143
-0.002862469758838415
-0.01255866140127182
-0.01030286680907011
0.09545144438743591
0.03325163945555687
0.015821009874343872
-0.05379367247223854
-0.010544251650571825
0.05777039751410484
0.027718933299183846
-0.011793570592999458
-0.005473035853356122
-0.0145452581346035
-0.05652976781129837
-0.10615546256303789
-0.03174706548452377
-0.019754907116293907
-0.06950882822275162
-0.036422140896320336
0.042041707783937454
0.07448288798332214
-0.10482845455408096
0.038051854819059365
0.051219392567873
-0.100828155875206
0.005086249206215143
0.13929300010204315
-0.047044944018125534
-0.02999872714281082
-0.03379357233643532
0.09272341430187224
0.025546710938215252
0.06534635275602341
-0.008372338488698004
0.020893625915050503
-0.0617123581469059
0.010630294680595396
-0.08163009583950041
-0.061915744096040726
-0.033447884023189545
-0.0773368701338768
0.016028936952352524
-0.06448299437761307
-0.07574933022260666
0.057005874812603
-0.07024044543504715
-0.04023912176489831
0.03831136971712112
-0.09101009368896483
-0.057536929845809937
0.0854979008436203
0.0214693583548069
-0.06577125191688538
-0.046192947775125504
-0.057135004550218575
0.05018424987792969
-0.06267347931861877
0.12094108760356904
0.03508773073554039
0.04098904505372048
0.0503196083009243
0.0731097087264061
-0.05534193292260169
-0.014632511883974075
0.04022910073399544
0.042442284524440765
-0.06673140823841095
-0.12550076842308044
-0.027743006125092503
-0.04259145632386208
0.003929012920707464
0.03954735025763512
0.07745026051998137
0.04619013518095016
-0.09321197867393491
-0.02012677490711212
0.048685558140277856
-0.05044352635741234
-0.023193325847387317
0.025740981101989743
0.03928245976567268
0.0586337186396122
-0.09862137585878371
0.06643503159284592
-0.047399338334798806
0.0833740308880806
0.0027399822138249874
-0.09170275926589964
0.00958932563662529
0.011143374256789684
-0.028987323865294456
-0.1016665995121002
-0.02066431380808353
-0.007837225683033466
-0.06680070608854294
0.03360245004296303
-0.04897527769207954
0.050789985805749886
-0.05404970422387123
0.03290808945894241
-0.021905314177274704
0.06296877562999725
0.010197134688496588
-0.004674873780459166
-0.04234249889850616
0.1418456882238388
0.09870623052120207
-0.07953609526157379
0.02570020779967308
-0.02594025991857052
-0.05153736844658852
0.041020825505256646
-0.04661276564002037
0.02554948255419731
0.05051303282380104
0.00021983718033879995
0.09469012171030045
0.004398912657052279
0.04753902927041054
0.06916303187608719
-0.07949675619602203
0.026236277073621746
0.03651796653866768
-0.08143040537834166
0.1275937408208847
0.05258313566446304
-0.01304456777870655
-0.02837502956390381
0.11793742328882216
-0.0367211289703846
-0.08271566033363342
-0.030900921672582623
0.014656241983175276
0.05107950791716576
-0.06083938479423522
-0.12076230347156525
-0.03872448578476906
0.025072846561670303
0.0329940989613533
0.04637044668197632
-0.0011966783786192536
-0.023486295714974403
-0.032191026955842965
-0.03592054918408394
0.01353219337761402
-0.008387787267565727
-0.017601963132619854
-0.0428183414041996
0.04920167103409767
-0.025068264454603195
-0.09016877412796019
-0.06327801942825317
-0.038963567465543754
-0.0731537789106369
-0.07537903636693953
0.02603253163397312
0.05552486702799797
0.04687542468309402
-0.11938600242137908
-0.08870892226696014
-0.021083490923047062
0.04785267636179924
-0.12433651089668273
-0.10761431604623795
-0.09212864935398099
-0.03959077224135399
0.007308975327759981
0.028179835528135296
-0.033404331654310226
0.020773626863956448
-0.12315978854894638
-0.08849236369132996
0.03310282155871391
-0.08268307894468307
-0.008257400244474411
0.04271302744746208
-0.037897184491157525
-0.07485169172286987
0.10063841938972472
0.040430154651403434
0.08205904066562653
0.0138009712100029
0.017707455903291702
0.007214216981083154
0.0026311599649488926
0.039087049663066864
0.04547273367643356
-0.057757556438446045
0.01153991650789976
0.008241587318480017
0.00166971271391958
0.002853770274668932
0.05951778590679169
-0.010824812576174736
-0.08321218192577362
-0.11882530152797698
0.03304651007056236
-0.02831719256937504
0.04262137785553932
-0.035403814166784286
0.054081615060567856
-0.09893339872360227
0.06262423843145369
-0.02475199103355408
-0.08129811286926268
-0.01061577908694744
-0.11547309905290604
0.020258277654647827
0.06232653558254242
-0.042018331587314606
0.03774617612361908
0.005029377993196249
-0.07308775186538696
-0.0797545313835144
0.061582919210195534
0.0022223382256925106
-0.06347886472940445
-0.055978748947381966
0.03055568039417267
-0.0011302955681458116
-0.010207707062363625
-0.020095847547054287
0.020197929814457893
0.023229064419865608
0.03942587599158287
-0.06851039081811905
-0.04142028838396072
-0.038764212280511856
-0.04751324281096458
-0.023191455751657482
-0.0155143141746521
-0.07731201499700546
-0.04758374765515328
0.007139847148209809
-0.08755981177091599
0.028843613341450688
-0.04383957386016846
-0.01866629719734192
0.017991146072745323
-0.08083515614271165
-0.07191511243581772
0.05422021076083183
-0.12738987803459167
0.0022498839534819126
0.029067784547805783
0.08732345700263977
-0.09881984442472458
-0.011930880136787891
0.1400901824235916
-0.0048336763866245755
0.10681113600730896
0.00863863807171583
-0.07959998399019241
0.07084764540195465
-0.020779648795723915
-0.059603560715913766
0.0641106441617012
0.030619908124208447
-0.06672832369804382
-0.0549875795841217
-0.047373268753290176
0.06200002506375313
0.054129090160131454
-0.04749546945095062
-0.013478454202413557
0.038692701607942574
-0.03319673612713814
-0.06689459085464478
0.022394239902496334
-0.09024021029472352
0.07444928586483002
0.046620685607194894
0.05133473128080368
-0.016370408236980438
-0.05210190638899803
-0.004461023956537248
-0.09275752305984496
0.020740784704685208
-0.1101200059056282
0.1192047968506813
-0.05859554558992386
0.09250563383102417
0.019980788230896
0.0069830226711928844
-0.11452152580022812
0.047517400234937675
-0.06074622645974159
0.05876936390995979
-0.07685894519090652
0.016757575795054436
0.052333462983369834
0.015028977766633032
-0.0029788087122142315
-0.022438084706664085
-0.11119652539491652
0.03604772314429283
0.03374260291457176
0.12161149829626083
-0.06304915249347687
-0.04856646433472633
0.013702625408768652
-0.12324970960617064
-0.09660595655441283
0.022917987778782845
-0.05130114406347274
0.03862819820642471
-0.049407105892896645
-0.007979664951562881
0.027022007852792736
-0.04999746754765511
-0.10600329935550688
0.02895081788301468
-0.00018409232143312687
0.024224694818258286
0.09767403453588483
-0.032278429716825485
0.053690213710069656
-0.05952411517500877
0.08755648881196974
0.044800598174333565
0.007878802716732025
-0.015214554965496063
-0.05152394622564316
-0.0013402436161413789
0.012798666954040527
-0.07758694887161255
0.07716718316078186
0.02659739181399345
0.07643647491931915
-0.0289421770721674
0.05145695433020592
-0.019619490951299667
0.07333039492368698
0.07026663422584534
-0.011777745559811592
0.06976652890443802
-0.04789901152253151
-0.13020168244838715
0.05517261102795601
-0.0653253048658371
0.008213955909013746
0.02207830920815468
0.01689046248793602
0.09376490116119383
-0.052184123545885086
-0.002995650749653578
0.05261771008372306
0.05154266580939293
-0.12357637286186218
-0.01618388667702675
0.08254502713680267
-0.033712539821863174
-0.031179185956716537
-0.04301620274782181
0.02094803750514984
0.044324208050966256
-0.06614002585411072
-0.0030505931936204438
0.03321131691336632
-0.01494792103767395
0.012113338336348532
-0.027485990896821026
0.03669216111302376
-0.00270262872800231
-0.039818305522203445
-0.06277605146169662
-0.12048256397247314
-0.022307168692350388
-0.009474288672208786
0.01633306033909321
0.008598323911428452
-0.01658755354583263
-0.02249167114496231
0.0057052955962717524
-0.07522153854370117
0.04980219155550003
-0.006079911720007658
0.1304554045200348
-0.05064181610941887
-0.005260361824184656
-0.012456675991415976
-0.06600578129291534
0.008524030447006226
-0.04859646782279015
0.00434141093865037
-0.029056111350655556
-0.04061367735266685
0.005546305794268847
0.021736886352300644
0.0300578847527504
0.053946275264024734
-0.03167618438601494
0.018676117062568665
0.035523302853107445
0.07732719928026198
-0.1183215007185936
-0.0003116164589300752
-0.03441927582025528
-0.0994340404868126
-0.0618816576898098
0.10916689783334732
-0.06396611034870148
-0.07947386801242828
0.08942109346389769
0.013769948855042456
-0.06269234418869019
-0.1015687733888626
-0.09930480271577836
-0.01808415912091732
0.004117513541132212
0.04230185970664024
-0.05210711807012557
-0.01481047086417675
-0.0030694245360791683
-0.11033421754837036
-0.0644821897149086
-0.053029853850603104
0.07386718690395355
0.023326003924012184
0.033977098762989044
0.01567091234028339
-0.09699619561433792
0.043029077351093285
0.032100073993206024
-0.01756896637380123
-0.05926218628883362
0.014221546240150928
0.10191620886325836
-0.0009159181499853729
-0.07378023862838745
-0.05087709426879882
-0.05917210504412651
-0.06524252146482468
0.12367698550224304
-0.0323064848780632
0.08161991834640504
0.01112481951713562
-0.04711885005235672
0.12350917607545853
-0.016649313271045685
-0.10364875197410583
-0.000319309183396399
0.03598355874419212
-0.10439196228981018
-0.00585688604041934
0.030319832265377045
0.031155429780483242
-0.018581554293632507
0.00776024768128991
0.0330217219889164
-0.0007524999091401696
-0.053979262709617615
0.0403490886092186
-0.04197936877608299
-0.024342633783817288
0.006725077051669359
0.006220721174031496
0.05164322257041931
0.03890271857380867
0.02896131202578545
-0.012817081063985825
0.02741636522114277
-0.05388255789875984
-0.049178626388311386
-0.08120515197515486
-0.013800392858684061
0.11132851243019104
0.0881361812353134
-0.05259059742093086
-0.02559975534677505
-0.11214162409305573
-0.060752633959054954
-0.05553209036588669
-0.005976319778710604
-0.02248292602598667
0.006671939510852098
0.05689847469329833
-0.01604919508099556
-0.030726443976163864
-0.01221458986401558
-0.02550862729549408
-0.024109466001391407
-0.07060705870389937
-0.0048895846121013165
-0.11224761605262756
0.06575573980808258
-0.07430680096149443
0.12700243294239044
-0.1265551000833511
-0.04812563583254814
0.033559512346982956
-0.021274030208587646
-0.0630875900387764
-0.034185390919446945
-0.00782276876270771
-0.06731566041707993
-0.049259085208177567
0.03812013939023018
0.010259218513965607
-0.025336056947708126
0.012226966209709644
0.03521084412932396
0.06711557507514954
-0.057481054216623306
-0.017965383827686306
0.01702043041586876
-0.08917858451604843
-0.03475216031074524
-0.03266576677560806
0.03456747904419899
0.0664517879486084
0.1132582351565361
-0.028273796662688252
-0.03464711830019951
-0.09163200855255128
-0.12938718497753143
-0.038573913276195526
-0.00985701382160187
-0.07466018199920654
0.03983179852366448
-0.10666856169700623
-0.01875949651002884
-0.07382826507091522
-0.02883174642920494
0.10873289406299592
-0.014837676659226416
0.1284082680940628
0.05694097280502319
0.020820666104555127
-0.1151733472943306
-0.014658445492386816
-0.06514798104763031
-0.033658698201179504
0.03883745148777962
-0.02945289202034473
-0.07332100719213484
0.043309010565280914
-0.05426224693655968
-0.08950060606002806
-0.0015989845851436255
-0.02492396160960197
0.0278661772608757
0.0005031715845689178
-0.06690408289432526
-0.06250066310167313
0.03934989869594573
-0.0706964060664177
-0.07307252287864685
-0.04341011866927146
-0.07573622465133667
0.02032632939517498
0.030377937480807304
-0.05414687469601631
-0.07055194675922394
0.08367954194545747
0.004822742659598589
-0.06566588580608368
0.022776052355766296
-0.022308439016342163
-0.0691913589835167
0.08094111829996109
0.023697594180703163
0.024721840396523476
-0.05881695449352264
-0.0532989390194416
-0.08498518168926239
-0.09314827620983124
0.002024151850491762
-0.040676392614841454
0.10621994733810423
-0.021580139175057408
0.020447703078389168
-0.07977764308452606
-0.08025589585304259
-0.026287900283932682
0.040239695459604256
0.018645398318767548
0.07463353872299193
-0.11838528513908386
-0.06516195833683014
-0.04446696862578392
0.08681707084178925
0.04456363245844841
-0.10717255622148512
0.03427521884441376
-0.03708304837346077
0.031133621931076046
0.020190581679344177
-0.11201917380094528
0.10224043577909468
0.08419014513492584
0.06080350279808045
0.06198082119226456
-0.10721927881240843
-0.07396512478590012
0.025960650295019146
0.03267248719930649
0.07361507415771484
-0.008946259506046772
-0.04476098716259003
-0.025275753811001778
-0.012096749618649483
-0.02232246659696102
-0.044503405690193176
0.025527413934469223
-0.02681022696197033
-0.011751755140721796
-0.08348287642002106
0.08254583179950714
0.016807489097118378
-0.03179347142577171
-0.06860964745283127
0.03089834749698639
-0.04648635908961296
-0.0039420505054295054
0.13585056364536283
-0.06996369361877441
-0.0868089273571968
-0.05949597433209419
-0.035270195454359055
-0.08137028664350508
-0.022459227591753003
0.06451407819986343
0.02726818434894085
-0.05664395540952682
0.09633859992027281
-0.07865093648433685
0.010013939812779427
0.08855606615543365
-0.008598674088716507
0.02259376086294651
0.09709489345550536
0.03253510221838951
-0.06554710865020752
0.012649249285459518
-0.0021584718488156796
-0.1146700382232666
-0.007149640936404467
-0.062486764043569565
0.038415394723415375
0.00569665664806962
0.09671190381050108
-0.0292104072868824
0.01655617356300354
-0.06790964305400848
-0.07483962923288345
0.04245579615235329
-0.031615663319826126
-0.12344917654991149
-0.00015676498878747225
-0.110633447766304
-0.03651081398129463
0.016930684447288513
-0.08311643451452254
-0.05070457980036736
-0.053196612745523446
0.016929680481553078
-0.03006324917078018
-0.045470532029867165
-0.05385078489780425
0.02258090302348137
-0.020912339910864833
0.0194768775254488
-0.014132002368569374
0.01601162739098072
0.10026929527521132
-0.05015888065099716
-0.0790080279111862
0.101502925157547
0.02424740418791771
0.0349418967962265
0.025866540148854252
0.133390411734581
-0.05433443933725357
0.04908287152647972
-0.024751698598265648
-0.0032178289256989956
0.02762778289616108
-0.012482164427638052
0.14465565979480743
-0.11395218968391418
-0.048820506781339645
-0.05398884788155556
-0.1203084886074066
0.04142415151000023
-0.003947931807488203
-0.12837423384189603
-0.04623989388346672
0.018610473722219467
-0.0743812620639801
-0.0596761591732502
0.011315718293190002
-0.050717778503894806
-0.068580761551857
-0.03814009949564934
-0.0011319952318444848
-0.06428554654121399
-0.02906910888850689
-0.04174717515707016
0.004039407707750796
-0.06584703922271729
-0.0075458199717104435
-0.1114652007818222
0.0037834816612303257
0.020980488508939743
0.029518067836761475
0.02104959450662136
-0.01271184254437685
-0.00540239131078124
-0.0005081050330772996
0.033232543617486954
-0.007300902623683214
-0.005582182668149471
-0.05084194988012314
-0.11554615199565887
-0.11988203227519988
0.16033132374286652
0.046618569642305374
-0.09178726375102995
0.12150385975837708
-0.0357833132147789
0.06157043948769569
-0.0333777479827404
0.02165958285331726
-0.02605064213275909
0.015637028962373734
0.0156409852206707
-0.00028813595417886967
-0.02328110858798027
-0.05714447051286697
-0.025220815092325207
-0.0740882009267807
-0.08344858884811401
0.07927267253398894
-0.03567775338888168
-0.09961546957492828
0.020512735471129417
0.04346796497702599
-0.025784209370613095
-0.023230625316500664
0.08447578549385072
-0.0069231255911290646
0.043183650821447365
-0.004407194908708334
0.08218754827976227
0.08245834708213806
0.009220933541655539
-0.001564760343171656
-0.11639903485774993
0.04549748823046684
-0.07803922146558762
0.03760991245508193
0.06353534013032913
-0.0738804191350937
-0.005803998094052076
-0.025839414447546005
0.033680517226457596
0.05991987511515617
0.07874532043933868
0.003076339606195688
0.08939115703105927
-0.050524163991212845
0.01353016961365938
-0.03883758559823036
-0.018391497433185577
-0.049977134913206094
-0.028292156755924225
-0.02099427208304405
0.013153327628970146
-0.07741728425025941
-0.06014878675341606
-0.0896441638469696
0.03715220466256142
-0.11158892512321472
-0.06517234444618225
-0.06851546466350555
-0.003307459410279989
0.05277306213974953
0.06749026477336884
0.020971208810806274
0.05550064519047737
0.007148415315896273
-0.09825608879327774
0.0500517264008522
0.02206028252840042
0.006944133434444666
-0.06988123804330826
-0.05743297562003136
0.05176055058836937
0.0051542953588068485
-0.01723676174879074
0.0586852952837944
0.004865013528615236
-0.054450836032629006
0.01366615667939186
-0.013162145391106604
0.06482347100973129
-0.11729492992162704
0.05592992156744003
0.0824476033449173
-0.046905916184186935
0.05566416308283806
0.07572077214717865
0.033520180732011795
0.017591798678040504
-0.07354959845542908
-0.0682150274515152
0.03782603889703751
-0.03848499804735184
0.01743241772055626
0.006407357286661863
0.07136233150959015
-0.04490197077393532
0.01788151077926159
-0.02782360464334488
-0.011636804789304732
0.0530475489795208
-0.0895003005862236
-0.0007785443449392914
-0.09363599866628647
-0.07848364114761353
0.006732412148267032
-0.04293953254818916
-0.04836319759488106
0.03979988768696785
-0.041987549513578415
-0.033655330538749695
0.06854371726512909
0.048021916300058365
0.04864571988582611
-0.027326244860887527
0.07428070902824403
0.02982594817876816
-0.10400696843862532
-0.05085070058703423
-0.10071435570716857
0.035694751888513565
0.0017171654617413878
0.0013337176060304044
-0.0690590888261795
0.08330754935741425
0.06495888531208038
-0.06445994973182678
-0.04283616319298744
-0.020293613895773888
-0.04360334947705269
0.08746238052845001
-0.057037901133298874
-0.06859093904495239
-0.02877782471477985
-0.09283357113599776
0.10402547568082808
-0.036437693983316415
0.00465744873508811
0.03902062028646469
0.06995277106761932
0.02196863666176796
-0.0059908549301326275
0.13358306884765625
-0.10315462201833724
-0.03942473232746124
0.0776824802160263
-0.12266039103269576
-0.02035122737288475
-0.025640381500124928
0.06649158895015717
0.04445898905396461
-0.09985426068305968
0.0357445552945137
0.1225094050168991
-0.12170705199241638
-0.031420934945344925
0.04415828362107277
-0.1253356784582138
-0.08737568557262419
0.11001371592283248
-0.0167448241263628
0.006657686550170183
0.024277854710817337
0.0004810228710994125
-0.08974891901016235
-0.029490133747458454
0.03498241677880287
-0.12132476270198822
0.10709482431411745
0.002624387387186289
0.011461146175861359
-0.08537758886814117
-0.02439246140420437
0.0065887994132936
0.013789184391498564
-0.12293002009391785
0.041447583585977554
-0.0629129558801651
-0.002870929893106222
0.0848088264465332
-0.09596841037273408
-0.05304525420069695
-0.007814129814505577
-0.06857720017433168
0.041964061558246606
-0.012602682225406168
-0.028703033924102783
0.1079893335700035
-0.06939880549907684
0.0005302097415551543
0.05829297378659248
-0.04304749891161919
-0.005217790137976408
-0.02251015603542328
-0.0018439252162352204
-0.041714344173669815
0.03534733131527901
-0.04594293236732482
-0.031808894127607346
-0.04245718941092491
0.01206795498728752
-0.003095290157943964
0.09777546674013136
-0.00415922561660409
-0.0009977581212297082
-0.06878545135259628
0.006278799381107092
0.08159955590963364
-0.006685799453407526
0.0667506754398346
-0.02195907570421696
-0.06367309391498566
-0.01941046305000782
-0.057242501527071
-0.0831538885831833
-0.0842364728450775
-0.049523815512657166
-0.0488516204059124
-0.07374821603298187
0.02850938029587269
-0.048214960843324654
-0.05847065150737762
0.023070095106959343
0.008922105655074118
-0.03079255297780037
-0.06757185608148575
0.02085920050740242
-0.05715980380773544
0.020822130143642426
0.02377350628376007
-0.04630827531218529
0.05127518251538277
-0.024685295298695564
-0.011094424873590468
-0.05712692067027092
-0.049184974282979965
-0.04382605105638504
-0.10477922856807707
0.001707735820673406
-0.09020254015922545
-0.06944581866264343
0.0820123702287674
0.06860193610191345
0.06200015172362328
-0.022890452295541763
-0.11021117866039276
-0.03359147161245346
0.03355395793914795
-0.04395927861332893
0.0053528291173279285
-0.08665831387042998
0.10550297796726225
-0.04850839450955391
-0.05497437343001366
0.08509964495897293
-0.036854770034551614
-0.005502068903297186
0.017618130892515182
0.057054419070482254
-0.06360819935798645
0.03467271104454994
0.04243667796254159
-0.019599273800849915
0.02299649827182293
0.03472310304641724
-0.025404315441846848
0.055818039923906326
-0.06992582976818085
-0.011803284287452696
-0.10952334105968475
-0.0501399002969265
-0.04240045696496964
0.004228046629577875
-0.02428533509373665
0.020633626729249958
0.08253951370716096
0.01448414009064436
0.06606006622314453
-0.026430025696754452
0.05714860185980797
0.1280231326818466
0.004279781598597765
-0.00583249656483531
-0.03291696682572365
-0.06800398975610733
-0.07395439594984055
-0.06704680621623993
-0.08962731063365936
-0.007146352436393499
-0.025371078401803967
-0.06132803484797478
0.006796079222112894
0.055424001067876816
-0.04501914978027344
-0.05151035264134407
0.08425769209861755
-0.05911162123084068
0.09747779369354248
-0.09239812940359117
0.015686247497797012
0.03891851380467415
-0.05821230635046959
-0.046954695135355
0.0008158277487382292
-0.016530476510524746
0.009936056099832058
0.02642866596579552
-0.024581540375947952
0.03568100556731224
-0.04911341890692711
0.07850928604602812
-0.04276144504547119
-0.024008646607398983
-0.043775416910648346
-0.009865892119705677
0.0477929525077343
0.06555158644914627
-0.013420263305306435
0.038928359746932976
-0.012234799563884737
-0.051389969885349274
0.016086220741271973
0.009977951645851135
-0.09535425156354904
-0.07869337499141693
0.07302334904670715
0.001167672104202211
-0.08095556497573853
-0.023315811529755592
0.006194320041686296
-0.029834453016519543
-0.09558908641338348
-0.00647072633728385
-0.09029859304428099
0.1572527438402176
-0.11893381923437119
-0.07105095684528351
-0.024878976866602898
-0.03968377038836479
0.07136210799217224
0.041436899453401566
-0.02250921539962292
0.044299978762865067
0.026594284921884537
-0.07660745084285736
-0.08437405526638031
-0.03156651556491852
0.08159413933753966
-0.03721251711249352
-0.038840025663375854
-0.130117729306221
-0.10227332264184952
0.08372413367033005
0.03321400284767151
0.008771670050919056
-0.022014079615473747
0.0009001794969663024
-0.006164861377328633
-0.03528115153312683
-0.08488215506076813
-0.08771485090255737
-0.011617583222687244
-0.07407543808221817
0.035620756447315216
0.00980190932750702
0.019939508289098736
-0.06373204290866852
0.01453886367380619
-0.06844675540924072
0.030611701309680935
0.014232099056243896
0.07620036602020262
0.008145897649228573
-0.013093771412968636
-0.039049696177244186
-0.019785497337579727
0.04975740984082221
-0.013111435808241367
-0.05467242002487183
-0.020804179832339287
0.04131639376282692
0.06344691663980484
-0.026162512600421906
0.04256829991936684
-0.021670129150152206
-0.03383544459939003
0.07829522341489792
-0.034106746315956116
0.024439096450805664
0.11754039674997328
0.01253809966146946
-0.04082326591014862
-0.03276536986231804
-0.10935012996196745
-0.031082678586244583
-0.03911007195711136
0.06436897069215775
0.03740713372826576
0.037219416350126266
0.00984562560915947
0.03152064606547356
0.01246843859553337
0.07390780746936798
0.07775020599365233
-0.034038033336400986
-0.11610864102840424
0.06814819574356079
-0.09531980752944946
-0.03430264070630073
-0.02407235838472843
0.041147958487272256
0.04688355699181557
-0.08798351883888243
-0.06465430557727814
-0.12431631982326508
0.00941316969692707
-0.029244717210531235
0.01806381344795227
0.016427243128418922
-0.04894520714879036
-0.10407601296901701
-0.040040016174316406
-0.0324002280831337
0.10875479131937026
0.031072940677404404
0.008346645161509514
0.009051328524947166
0.0332673005759716
-0.003573841881006956
-0.03566281870007515
0.007862893864512444
-0.01551881805062294
-0.023473475128412247
-0.05573761835694313
-0.05686623975634575
-0.11164367944002151
-0.0024855970405042167
-0.06059197708964348
-0.034107811748981476
0.012243101373314856
0.027195369824767113
0.034073326736688614
-0.034456737339496606
0.03773931786417961
0.010391674935817719
-0.051626283675432205
-0.039520662277936935
-0.034820713102817535
0.00834790803492069
0.01726766675710678
-0.020130282267928123
0.03141537681221961
0.049194451421499245
0.03275926038622856
-0.01938210800290108
-0.07991378009319305
-0.011474240571260452
0.002593568060547113
0.014035438187420368
0.04819555208086968
0.013232583180069923
-0.006964347790926695
-0.07474998384714127
0.1048891395330429
0.04248878732323647
-0.0007210370386019349
0.08617937564849852
-0.0886930078268051
0.03943287953734398
0.04091743752360344
-0.045796941965818405
0.0032122270204126835
-0.014950957149267197
-0.024768732488155365
0.0019696610979735847
0.12313514947891235
0.058745641261339195
-0.023423751816153526
0.006689772475510836
0.03762313351035118
0.048337385058403015
-0.04874678328633309
0.05759995803236961
-0.0026588807813823223
-0.009136036038398743
-0.06099535152316093
-0.03312712535262108
-0.09394970536231993
-0.04039507359266281
-0.09988169372081757
-0.022026110440492633
0.05626172572374344
-0.03564209118485451
0.17418600618839264
-0.05118576064705849
-0.05367161333560944
-0.019897270947694775
0.035303354263305664
0.058386508375406265
-0.09583008289337158
0.0188727043569088
-8.541683200746775e-05
-0.10582276433706284
-0.029404597356915477
0.007228912319988013
-0.021576814353466037
0.15393273532390594
-0.08799555152654646
0.004790788982063532
0.037696346640586846
-0.02726525254547596
0.009569790214300157
-0.0653434544801712
-0.1080365478992462
0.003028185106813908
-0.02050291374325752
0.00761645706370473
0.02313241735100746
-0.010111557319760323
0.06648997962474823
-0.017647476866841316
0.03189989551901817
-0.09438196569681168
-0.003593511413782835
0.00013564375694841146
-0.012200391851365566
-0.03919589146971703
-0.11156714707612991
0.06424079090356827
-0.08550268411636353
-0.03808037936687469
0.036023739725351334
0.10398948937654497
0.010518921539187431
0.042179230600595474
0.03151096776127815
-0.0044690282084047794
-0.0650544986128807
-0.1053364649415016
0.005501866806298494
0.051212530583143234
0.0021937177516520023
0.00045494025107473135
-0.005084990058094263
0.044099759310483926
-0.01621747389435768
0.04620501026511192
0.04858574271202088
-0.0477636344730854
-0.13120590150356293
0.0521303117275238
0.001573361805640161
0.07096090912818909
0.015622492879629137
0.02262815088033676
0.04088393971323967
-0.030871603637933728
0.015240104869008064
-0.0554852969944477
0.06291913241147995
-0.11491750180721282
0.0015561593463644383
0.02196680754423141
0.0519685372710228
0.015285847708582878
-0.0002842234680429101
-0.10133273899555206
-0.03936387225985527
-0.003346375655382872
-0.05815206468105316
0.011359132826328276
0.04187242314219474
-0.02331864833831787
0.11938613653182983
0.018157666549086567
0.04900665581226349
-0.02024523355066776
-0.031421296298503876
-0.11621375381946564
0.10292336344718932
0.0043395431712269774
0.008350146934390068
0.021777868270874023
0.053466115146875375
0.07787741720676422
-0.059127122163772576
0.021801641210913655
-0.05657659471035004
-0.09503035247325896
0.07626537233591078
-0.07977366447448729
-0.03399794548749924
0.0985528603196144
0.04008553922176361
-0.03710322082042694
-0.08084590733051299
-0.09328246861696243
-0.02114071696996689
-0.04163463786244392
0.009545011445879936
0.06860269606113434
0.07500880956649779
-0.1159386858344078
0.005307106766849756
0.03371082991361618
0.02022447623312473
-0.06122962012887001
0.1010703593492508
-0.05146670714020729
0.028624605387449265
-0.07093961536884308
-0.06368379294872284
0.07374674081802368
-0.1231672465801239
0.03374054655432701
0.04156025499105453
0.02693496271967888
-0.030536595731973648
-0.002202838193625212
-0.031552337110042565
0.029900852590799328
-0.05152709782123566
0.05769721791148186
0.04355715587735176
0.006969899404793978
-0.04930964857339859
-0.003207544796168804
-0.06860663741827011
-0.008392909541726112
0.044165007770061486
-0.0099432822316885
-0.07919594645500182
0.01446259394288063
-0.042669694870710366
-0.10451482236385344
0.04603643715381622
-0.11479772627353668
0.04758419468998909
0.06364239007234573
-0.08344939351081848
-0.028508113697171208
0.08083257079124449
-0.026325147598981857
0.01802239939570427
0.023271160200238228
-0.020467979833483693
-0.04109735414385796
-0.01394006796181202
-0.048675071448087685
-0.05937212333083153
0.021805208176374435
-0.06838537752628326
-0.03165201097726822
-0.07166704535484314
-0.04480946436524391
0.001343867159448564
0.0646352618932724
-0.0565095916390419
0.13058160245418549
0.0015146530931815505
-0.03143877908587456
-0.0734902024269104
-0.020681545138359066
0.01601295731961727
-0.005461135413497686
0.07437931001186371
0.004179725889116526
0.011334558948874472
-0.11386243999004364
0.04235969856381416
0.02376593090593815
-0.0704847127199173
0.04736107587814331
-0.0658203512430191
-0.037686243653297424
0.025235354900360107
-0.11021424084901808
-0.06310796737670897
0.012288648635149002
0.08135728538036345
0.013321544043719769
-0.05428927019238472
0.030184939503669735
0.011466329917311668
-0.009489757940173149
-0.03597100451588631
0.04582506790757179
-0.00243615498766303
0.012183470651507376
0.01014375314116478
-0.023196248337626457
-0.06669318675994873
0.15423761308193207
-0.10197685658931732
-0.10585343092679976
0.019764628261327744
0.04170830547809601
0.049184679985046394
-0.05274975672364234
0.017791997641324997
0.03035418502986431
0.005142251495271921
-0.052665092051029205
-0.011164873838424683
0.007994148880243301
-0.02449735999107361
0.09459870308637619
-0.045666731894016266
-0.02644387818872929
0.00699711823835969
0.06006613746285439
-0.07301284372806549
0.06648042798042297
0.12122228741645812
0.004847554955631495
0.021976625546813008
0.05387882515788078
0.054815862327814095
0.05457756295800209
0.11071313172578812
0.06725891679525375
0.08982964605093001
0.1595303565263748
0.03776885196566582
0.048577893525362015
-0.08042672276496886
-0.08019150793552399
0.035971228033304214
0.06708851456642151
0.09620508551597597
0.03179474547505379
0.05269428342580795
-0.1331765502691269
-0.02765585109591484
0.030024273321032524
-0.0810205861926079
-0.006945140194147824
0.01969117298722267
-0.0010061186039820311
-0.12345556914806365
-0.02942347340285778
0.004332742188125849
-0.0018136739963665605
-0.1050226241350174
0.02002180740237236
-0.06070569157600402
-0.012013407424092293
-0.003777832258492708
0.0468873456120491
-0.0882265493273735
-0.0021034139208495617
0.054386556148529046
0.023742148652672768
0.06976139545440674
0.17258724570274353
-0.006811012979596852
0.04179473593831062
0.06392481923103333
0.10317479074001312
0.021518457680940628
-0.08136701583862305
-0.08391667157411574
-0.060298275202512734
-0.126344233751297
-0.04142151400446892
-0.01386467833071947
-0.0090604480355978
-0.08581507205963135
-0.11813943833112717
-0.0024582711048424244
-0.06815511733293533
-0.11586886644363403
-0.06806370615959167
-0.054992705583572395
0.07733957469463347
0.01121902372688055
-0.032678727060556405
0.02278761751949787
0.021153479814529415
-0.09092715382575987
-0.06092074140906334
0.01852186396718025
0.019865043461322784
0.0015210363781079648
-0.09343981742858887
0.06659825146198273
-0.0003984632203355432
0.05314487591385841
0.004987285006791353
-0.0232049822807312
-0.07679891586303712
0.005096663255244493
-0.1040547266602516
-0.038307417184114456
0.0013981343945488332
0.04346201568841934
0.02391108125448227
0.036892760545015335
-0.011033590883016586
0.10756256431341173
-0.0887221097946167
-0.011137796565890312
0.013468640856444836
-0.03073786571621895
0.031685955822467804
-0.030712340027093887
0.0790138393640518
0.01585400104522705
0.08323252201080322
0.01702672615647316
0.03261755406856537
-0.05989151075482368
-0.009484975598752497
-0.024262255057692528
0.03920168057084084
-0.02161496877670288
0.010285362601280212
0.06944891810417175
0.04615699872374535
0.05529577657580376
-0.011447452008724213
-0.034253064543008804
-0.003451279830187559
-0.020678970962762833
-0.012988331727683544
-0.03922877088189125
-0.0312785729765892
0.04822573810815811
-0.0012166533851996064
0.06644824892282486
0.0476546473801136
0.08072854578495026
-0.029285894706845284
0.002753110136836767
-0.04791274294257164
-0.03897101804614067
-0.045837994664907455
-0.11676977574825285
-0.08255741000175475
-0.01769915409386158
-0.06940605491399765
-0.03205383941531181
0.08371774852275848
-0.059769492596387856
0.029565175995230675
-0.01120301615446806
0.018433406949043277
0.06561952829360962
0.0046202470548450955
-0.10693389177322388
0.033016454428434365
0.04649319127202033
-0.01797712594270706
-0.05176185443997383
-0.03516339138150215
-0.07908813655376433
0.007716788444668055
-0.045442301779985435
-0.026409456506371495
-0.10596194863319396
0.013461476191878319
0.08578440546989441
-0.0190820824354887
-0.02112744189798832
0.017266571521759033
0.03296098113059997
-0.03390483558177948
-0.023799357935786247
0.03453778848052025
0.04985320195555687
-0.057415757328271866
-0.03538099676370621
0.10226602107286452
-0.11815505474805832
-0.12887291610240936
0.00039395724888890976
0.005155178252607584
-0.044153157621622086
-0.03992744162678719
-0.04454189538955688
-0.050076182931661606
-0.10591260343790054
-0.12766587734222412
0.02052514813840389
-0.07088987529277802
-0.020842863246798515
0.04997796192765236
0.03773761913180351
0.08712467551231384
0.03795244172215462
0.03346008434891701
0.008925766684114933
-0.061975698918104165
0.014874450862407684
-0.013868732377886772
0.015906376764178276
0.08120182156562805
-0.03209340199828148
0.024897197261452675
-0.0008661436149850487
-0.010908516123890877
0.04144774749875069
0.09209456294775008
-0.04294726625084877
0.10417260229587554
-0.05877915397286415
-0.05819672718644142
-0.11857952177524567
-0.030111875385046005
-0.007480253931134939
0.07513101398944855
0.004411196801811457
-0.11470533907413483
-0.05870842188596725
0.0130365751683712
-0.03067031875252724
-0.12271495908498764
0.04666251316666603
0.036746636033058167
-0.03807966411113739
-0.02018158510327339
-0.02188156172633171
0.06711039692163467
-0.07275891304016113
0.016152339056134224
-0.08466513454914093
0.03781188651919365
-0.0215115025639534
-0.013669554144144058
0.014761880040168762
-0.05512950196862221
0.055691152811050415
-0.012272719293832777
0.006153149995952845
-0.014024693518877028
-0.008229156956076622
-0.027644716203212735
0.009991168975830078
0.004266141448169947
0.008428602479398249
-0.027374520897865292
-0.03390045091509819
0.05023511126637458
-0.019917391240596768
-0.002165773417800665
-0.12053784728050232
-0.06729161739349365
-0.012250336818397043
-0.0284084714949131
0.029159115627408028
0.020432941615581512
-0.06174171343445778
0.042683515697717674
-0.08790689706802368
0.015319048427045344
-0.0516117550432682
-0.02108055539429188
0.0701209008693695
-0.015066834166646004
0.013424601405858992
0.0375899113714695
0.08824847638607025
-0.057921681553125375
-0.05247948691248894
-0.005704144481569529
-0.08804591000080109
-0.018185472115874287
0.02911916747689247
0.01206112653017044
0.08683773130178452
-0.038484003394842155
-0.00905080698430538
-0.007876609452068804
-0.0379219688475132
0.08016689121723175
0.015502812340855598
0.04966183751821518
-0.10539580881595612
0.007727271877229213
0.002399275545030832
0.05549409613013268
-0.11704194545745848
0.032177794724702835
0.05268537625670433
0.056013014167547226
0.007852773182094097
-0.07797364145517349
-0.00018875824753195047
0.005279970355331898
0.05632544681429863
-0.09054846316576003
0.1193110942840576
0.05042751133441925
0.01926072686910629
0.019494967535138127
-0.02348997071385384
-0.06491567194461823
-0.09137240052223203
0.140251025557518
-0.12533673644065857
0.0029222569428384304
0.02114775218069553
0.05374794825911522
0.11119759827852248
-0.13658681511878967
0.064376100897789
-0.05236882343888282
-0.05799012631177902
-0.09531812369823456
0.003237502183765173
-0.08971503376960753
-0.004397652577608824
-0.007117388304322958
-0.0985955074429512
0.08146537840366364
-0.003274403978139162
-0.07668236643075944
0.0653376504778862
-0.05493738129734993
-0.053881775587797165
-0.11589665710926056
0.02261100336909294
-0.05200643464922905
-0.02995632216334343
-0.03667481616139412
0.0003082867478951812
0.049075718969106674
0.06935189664363861
0.051872700452804565
-0.05109911784529685
-0.03178628906607628
-0.013580495491623878
-0.02612707391381264
0.06542375683784485
0.033109266310930245
0.034687772393226624
0.043485820293426514
0.049371179193258286
0.05334709957242012
0.05931636318564415
0.0016418196028098464
-0.04089504852890968
0.014523928984999657
0.0025196583010256286
0.07969816029071808
-0.013921219855546951
-0.07109792530536652
0.14394959807395935
0.013957063667476175
-0.05727490410208702
-0.06423016637563705
-0.0646735355257988
0.006659282837063073
-0.005384897347539663
0.018350472673773766
-0.0036249174736440177
-0.09268985688686371
0.00898784026503563
-0.12029547989368437
0.017920030280947685
0.05751345679163933
0.0567045696079731
-0.05375633761286736
-0.024664605036377903
-0.02215423248708248
0.04784541204571724
-0.07406968623399734
0.049847356975078576
0.040862437337636955
-0.049533873796463006
-0.02290266565978527
0.006090159993618728
-0.05526348575949669
-0.028964124619960785
0.07758663594722749
-0.07094824314117432
0.09928025305271149
-0.029444878920912743
0.023048648610711098
0.017992008477449417
-0.04134772345423698
0.02184049226343632
0.06048442423343658
-0.04761503264307976
0.004492385778576136
-0.12200952321290968
-0.037387467920780175
-0.09533058106899261
-0.025606529787182808
-0.00653343228623271
0.03813736513257027
-0.08893718570470811
0.07340580970048904
-0.014753559604287148
0.010460136458277702
0.03147999197244644
0.03793799504637718
-0.06467412412166595
0.04664461687207221
-0.01437137834727764
-0.09277968108654022
0.06247122958302498
0.07050354778766632
0.1172298789024353
-0.020152119919657707
-0.053963050246238715
0.030418233945965767
-0.02578815445303917
0.06996968388557434
-0.07110195606946945
-0.020440353080630302
-0.002158814575523138
-0.10111520439386368
-0.004372974392026663
-0.02367975935339928
0.06955108046531677
-0.09516814351081848
0.008584797382354736
-0.018928157165646557
0.054624345153570175
0.01756181567907333
-0.023936476558446884
-0.03169254586100578
0.09052255004644394
0.05259595811367034
-0.11897242069244383
-0.001859782845713198
-0.026747323572635647
-0.06601302325725555
0.015244297683238983
-0.0018410567427054048
-0.11580411344766615
-0.10229649394750596
0.01868501305580139
-0.0852290540933609
0.029127381742000576
0.00397362420335412
-0.11697299033403397
-0.029907437041401863
0.09341406822204588
-0.05558555945754051
0.055812254548072815
-0.006342323031276464
0.0018414001679047944
-0.10003629326820372
0.08340556174516678
-0.11414825171232224
-0.00944861490279436
0.04298905283212662
-0.10629524290561676
-0.035061199218034744
-0.06587180495262146
0.039678003638982766
-0.0023327670060098167
-0.08084102720022202
0.0054095140658319
0.009144531562924383
-0.011867758817970753
-0.012900492176413536
0.10024605691432951
-0.06580332666635513
0.01644919067621231
0.08069941401481628
-0.11024249345064165
-0.0012705620611086488
0.003314067143946886
-0.00296529708430171
-0.02201472409069538
-0.03335360810160637
0.0572064183652401
0.0311494804918766
0.004030515905469656
0.05302191153168678
0.06628794968128204
0.024680865928530693
0.05466533824801445
0.009878850542008877
0.06191786751151085
0.023323930799961087
0.07520242035388945
0.039785537868738174
-0.10422989726066588
-0.08616804331541061
-0.07979997992515565
0.018150094896554943
-0.01362297311425209
-0.03613469004631042
0.004956353921443224
-0.05252370610833168
-0.0029831896536052227
0.09071603417396544
0.07157132029533386
0.07735686004161833
0.06261079013347626
0.0434032641351223
-0.09268216788768768
0.00862721912562847
0.09183071553707123
0.04168454930186272
-0.0647440105676651
0.04421019181609154
0.03230926766991615
0.0387866236269474
0.03411541506648064
-0.038204554468393326
-0.0011742409551516175
0.005327962804585695
0.03344189375638962
0.01516691967844963
-0.10590241849422453
-0.059048239141702645
-0.04461965709924698
-0.07204237580299377
-0.05234624445438385
0.0819336026906967
0.07737240940332413
-0.020295152440667152
0.03560035303235054
0.0023132585920393463
0.010250408202409744
-0.018090909346938133
-0.09148897975683212
0.05757836997509003
0.03776754811406136
0.042219128459692
-0.0582701712846756
-0.021738819777965546
-0.021960381418466568
-0.002189427148550749
0.09179633855819702
-0.08489227294921875
-0.11731649935245513
0.08275137841701508
0.014508996158838272
0.004894230980426073
0.049100663512945175
0.04137797653675079
-0.010619735345244408
-0.03310779109597206
0.0489131398499012
0.007174732629209757
-0.031913947314023965
-0.002697467338293791
-0.0215340293943882
-0.12368104606866837
0.027962688356637955
-0.0876266360282898
-0.00848386064171791
0.05531070753931999
-0.025770412757992744
0.01478645857423544
0.05852799490094185
-0.021310407668352127
0.12744984030723572
0.07647377252578734
0.04383944347500801
-0.02032181248068809
0.07126988470554352
0.03248603269457817
0.00694192061200738
-0.11833438277244568
-0.10104288160800932
0.03748058155179024
0.054665815085172646
-0.02161223255097866
-0.1244988590478897
0.028103897348046303
0.00818745978176594
-0.11760642379522324
0.025418898090720177
-0.03928749635815621
-0.07095246016979218
0.09052505344152449
-0.0628589540719986
0.12556703388690948
-0.01315638143569231
0.005093542858958244
0.041108902543783195
-0.024300415068864822
-0.1096709296107292
-0.0893450528383255
-0.11600351333618164
-0.06405222415924072
-0.044002734124660485
0.0641784518957138
-0.003938691224902868
0.11751414835453032
0.10051912069320677
-0.06059481203556061
-0.02975664660334587
-0.10542447865009308
-0.010616272687911987
0.056303199380636215
0.06511655449867249
0.0900268480181694
-0.03385934606194496
-0.04588573798537254
-0.07050356268882751
-0.05208266898989677
0.06026801839470863
0.10619903355836868
-0.10560370236635208
0.019389886409044262
0.024111505597829815
-0.007680078502744435
-0.04815187305212021
-0.024642687290906903
-0.09256121516227722
-0.01421610452234745
0.007690886501222848
-0.07153801620006561
-0.031727198511362076
0.0444437451660633
-0.09774849563837053
-0.1166778653860092
-0.004596273880451918
-0.031099818646907806
-0.006575107108801603
0.016657421365380287
-0.04734067246317864
0.049190860241651535
-0.06991873681545258
-0.011615305207669733
-0.024122286587953568
-0.03533891588449478
0.09053750336170195
0.07820623368024826
0.001825027517043054
-0.11275507509708405
0.03832476586103439
0.033872928470373154
-0.014287952333688736
-0.007104441057890654
0.11572260409593582
0.03445978090167045
-0.0019311137730255723
0.06044343113899231
-0.0017282586777582765
0.006673038471490145
-0.041332032531499856
-0.077633798122406
0.05610841885209084
-0.02412114664912224
-0.04575295746326447
-0.105161152780056
-0.01633542776107788
-0.025716695934534073
-0.009029256179928781
-0.002383170183748007
-0.03342108055949211
-0.03037765994668007
0.010251278057694437
-0.1067712754011154
0.012880915775895119
0.09592571854591368
-0.03279278799891472
-0.02797446958720684
-0.03545401245355606
-0.019108328968286514
0.027373267337679863
-0.0799276903271675
-0.08459691703319548
0.02457991801202297
0.061767544597387314
0.05443387106060982
0.09897783398628233
0.034412603825330734
0.021483417600393292
0.009236747398972511
0.04606824740767479
-0.038872342556715005
0.018573654815554615
-0.045987840741872794
-0.1243862360715866
0.02219128608703613
-0.05474356934428215
-0.05601576343178749
0.006533649284392595
0.018688917160034176
-0.005440062377601862
0.08555807918310165
-0.09247114509344101
-0.07118568569421768
-0.010063350200653076
0.07281816005706787
0.016476742923259735
-0.1079106256365776
-0.05312428995966911
-0.04130859300494193
0.021625928580760956
-0.0889483392238617
-0.11986548453569412
0.01787121407687664
0.09361711144447327
0.03478230535984039
-0.01864717900753021
-0.0265264380723238
0.0746401846408844
0.054206255823373795
0.1018807739019394
-0.12143413722515106
-0.0912979543209076
0.03393717482686043
-0.09781195223331453
-0.015038838610053062
-0.04160011187195778
0.03502663224935532
-0.024038616567850113
-0.0674794465303421
-0.08652699738740921
0.03179730847477913
0.01007904764264822
0.06934081763029099
-0.02395416051149368
0.0036382046528160568
0.004532900173217057
0.04427514597773552
0.0124345812946558
0.04043450951576233
-0.01499302126467228
0.02049887925386429
0.01404449064284563
0.07931697368621826
-0.005733306985348463
-0.02920421585440636
0.10073982179164886
0.03270528092980385
-0.009928284212946894
0.0069473995827138415
-0.08439183235168457
0.009543076157569885
0.06936538219451904
-0.06142864003777504
-0.04646627977490425
0.12611185014247894
-0.10634621232748032
0.01894604042172432
-0.04686402156949043
0.06986857205629349
0.0049323574639856815
0.015866268426179882
-0.09391379356384275
0.07806649059057236
-0.08396713435649872
-0.05648508667945862
0.08021240681409837
0.012882502749562263
-0.0017220653826370835
0.07765673100948332
0.04408062994480133
0.011717740446329117
0.008644243702292442
0.032873962074518204
0.0949614718556404
-0.10022367537021636
0.042137254029512405
0.004636515397578478
0.041347552090883255
-0.013124572113156319
0.10162767022848128
-0.07739326357841492
-0.048738639801740646
-0.05106709524989128
0.011423832736909388
0.022825337946414948
-0.08981250971555708
0.019917113706469532
0.052613548934459686
0.013875516131520271
0.025778545066714287
-0.0018660273635759948
0.03050319291651249
0.013519537635147572
0.04492795467376709
-0.07601765543222427
0.05253283306956291
0.015135403722524641
0.0984995737671852
0.10700345784425735
0.028322290629148483
-0.06435549259185791
-0.006446360144764185
-0.023377727717161175
-0.05244412645697594
0.11417946219444274
-0.0035304413177073
-0.01818773522973061
0.0997718796133995
0.0007569532608613373
0.1141187697649002
-0.028758078813552856
0.06296629458665848
-0.0998583883047104
0.02135006338357925
0.043055459856987
-0.0035764179192483425
0.03537021577358246
0.004710227716714144
-0.02393195405602455
-0.10374199599027632
-0.08859958499670029
-0.08213987946510315
-0.02098415419459343
-0.10881130397319792
-0.10327761620283125
-0.09355708956718445
-0.04950178787112236
-0.03151625022292137
-0.06773465126752853
-0.022962629795074463
-0.014856671914458275
0.03416276350617409
0.15299628674983978
0.03270658478140831
-0.007535358425229789
0.08127799630165101
0.044005293399095535
-0.11455142498016356
-0.0012081932509317994
0.017881479114294052
0.03875721991062164
0.03837960213422775
0.03844508156180382
-0.010496478527784348
-0.03552476689219475
0.02728595957159996
0.003865531180053949
0.004595224279910326
-0.0893944650888443
0.05241185426712036
-0.07683292031288147
-0.06792888045310974
0.16514436900615692
-0.03850018233060837
-0.013740146532654762
-0.0748070701956749
0.07255633175373077
0.035393290221691125
0.11189110577106476
0.01453560311347246
-0.0028782146982848644
-0.06307214498519897
-0.11705680936574936
-0.05308110639452934
-0.06515201926231384
-0.03342366963624954
0.010576002299785614
0.0610632561147213
-0.05512770637869834
-0.005666935816407204
-0.005367485340684652
0.018799463286995888
-0.021862639114260677
0.020878966897726055
0.04735828936100006
-0.07227222621440886
0.017552919685840607
-0.08328305929899214
-0.014303987845778464
-0.08048153668642045
-0.046479109674692154
0.009171832352876663
-0.06277672946453094
-0.007718106266111135
0.05146769806742668
0.07750702649354935
0.031435541808605194
0.03725380450487137
0.01589823141694069
-0.034907110035419464
-0.051975548267364495
-0.043462030589580536
-0.09640432894229889
-0.07479268312454222
-0.08222014456987381
0.017859794199466705
-0.09406536817550659
0.06653495132923126
-0.05078001320362091
0.03839758783578873
-0.04215868562459946
-0.028523992747068405
-0.0897391438484192
0.03864696249365807
-0.05577729642391205
-0.031869154423475266
-0.06170230731368065
-0.0033394969068467617
0.048119097948074334
-0.010341711342334747
0.0415007509291172
-0.024126971140503883
0.06699135154485703
0.030892886221408844
0.1897699385881424
0.11454640328884123
0.002457129303365946
-0.020226556807756424
0.025336824357509613
-0.05196522921323776
0.025861239060759544
0.05870161205530167
0.057346560060977936
-0.04022747278213501
0.13462625443935394
-0.13062115013599396
-0.017220843583345413
-0.003889450337737799
-0.017802013084292412
0.0381632074713707
0.008567498996853827
-0.024413796141743657
-0.018127569928765297
0.09574791043996811
-0.10475830733776093
0.04532924294471741
-0.032448139041662216
-0.07552576810121536
-0.07397773116827011
-0.04140842333436012
0.07247874140739441
0.0034194118343293663
0.1047121286392212
-0.06172959879040718
0.06671670824289322
0.1045004278421402
-0.000835986458696425
-0.025243664160370823
0.13888192176818848
-0.09454468637704848
0.0853511244058609
0.0013399015879258511
0.00401286268606782
0.05316481739282608
-0.10193729400634764
0.08913799375295639
0.054358452558517456
-0.021121276542544365
0.09101088345050813
0.03404771536588669
0.005311412271112204
-0.09239256381988525
0.1103607714176178
-0.003105440642684698
-0.007537903729826213
0.016139062121510506
-0.04606794193387032
0.08144187927246092
-0.015406444668769836
0.00951736606657505
-0.024335406720638275
0.001282919547520578
-0.041286002844572074
0.010218512266874312
-0.01795770786702633
0.054298438131809235
-0.015145961195230484
-0.02544340491294861
0.07126264274120331
0.06786224991083145
-0.08312489092350006
-0.020369237288832664
0.08095130324363708
-0.05789009854197502
-0.0015164805809035895
-0.06643255054950714
0.07471244037151337
0.0339677557349205
-0.08893310278654097
0.016301849856972694
-0.07644985616207123
0.0740595832467079
-0.11765988171100616
0.05083360895514488
-0.022379595786333084
-0.016806134954094887
-0.007823999971151352
0.04894034191966057
-0.016787391155958176
0.03401811420917511
0.016675474122166634
0.03647240623831749
0.007218232844024896
-0.07059447467327118
0.027101447805762287
0.0006278197979554534
0.00484567554667592
-0.03946363553404808
-0.06077904999256135
0.04489089548587799
-0.013224491849541664
-0.013605077750980854
0.047950390726327896
0.02363124676048756
0.09018146991729736
-0.0349416546523571
-0.038183029741048806
0.0014592803781852126
0.0646088570356369
-0.033724915236234665
0.003613755572587252
-0.004472316708415747
0.02817698195576668
0.0656951516866684
-0.05073807016015053
-0.030656494200229645
0.0397062636911869
-0.07942070066928862
0.09446959942579267
0.15333394706249237
-0.03935045376420021
-0.04869403690099716
-0.08918961137533188
-0.01231202483177185
0.001736700884066522
0.13954170048236847
-0.06191296502947807
0.012589458376169205
0.015942798927426338
0.05280924215912818
0.09449212998151779
-0.07235056161880493
-0.03580296412110329
-0.09478067606687544
0.05220798030495644
-0.09219904989004137
0.10057324916124344
-0.05130666121840477
-0.05718213692307472
-0.07515510916709901
-0.03805048763751984
-0.059291258454322815
0.017115609720349312
-0.007526702713221311
0.05692332610487938
0.04449290782213211
-0.0758305713534355
-0.05408637970685959
0.01105809211730957
-0.12433515489101409
0.039543826133012765
0.002371900249272585
-0.04992842674255371
0.04212125763297081
-0.07575058192014694
0.0038691037334501743
0.030165776610374447
0.032874733209609985
-0.026362083852291107
-0.09409126639366149
-0.04789792001247407
-0.08706536889076233
-0.059319581836462014
-0.03783138096332551
-0.04948488622903824
0.04430120438337327
-0.000790263176895678
-0.02554263360798359
0.020415063947439197
0.05210811644792557
0.05274304375052452
0.028656968846917152
-0.023735027760267258
0.11285746097564696
-0.06375475972890854
-0.02123252861201763
-0.03752507269382477
-0.05863424018025398
0.045071788132190704
0.04994535818696023
-0.06528553366661072
0.0021406360901892185
0.08800619840621948
-0.005288285668939352
0.0050435555167496204
0.0038512893952429295
0.04767750576138496
0.05073399469256401
0.032225266098976135
-0.1004260405898094
-0.05097120627760887
0.0739026889204979
-0.03582518920302391
-0.062623530626297
0.01128971017897129
0.11734962463378906
-0.03488760441541672
0.01362096332013607
-0.09308792650699615
-0.07865860313177107
-0.0823739767074585
-0.06620258092880249
-0.0026846067048609257
0.007242965046316385
-0.10094498842954636
-0.08851199597120285
0.009541400708258152
-0.017747309058904648
0.09340857714414595
0.018171656876802444
-0.036113541573286057
0.05666642636060715
0.04510511830449104
-0.10377907752990723
-0.06792876124382019
0.02252832427620888
0.10692605376243591
0.005922077689319849
0.030173392966389656
0.08754439651966096
-0.1121797263622284
0.04950763657689095
0.00012922880705446005
0.12285413593053816
-0.06312872469425201
-0.0013728189514949916
0.013141777366399763
-0.0564517080783844
0.02083231136202812
0.018626932054758072
0.06416875123977661
0.06735726445913315
0.043853674083948135
-0.03128256276249885
0.03967298939824104
-0.08350709080696107
-0.03452206775546074
-0.06431154906749725
0.02983693592250347
-0.05306157097220421
-0.0733458548784256
0.1092737317085266
-0.04131817817687988
-0.0035430542193353176
0.02416650950908661
0.0636214017868042
0.013634380884468555
-0.02411267161369324
0.04121782630681992
0.1210489273071289
0.052724976092576974
-0.010666406713426111
0.0017182439332827924
0.038338568061590195
0.01061167288571596
0.04034629836678505
-0.03650934621691704
-0.039302948862314224
-0.04169925674796104
0.05952522158622742
-0.0202130563557148
-0.024464480578899384
-0.022640878334641457
0.107867032289505
-0.025840679183602333
-0.027937715873122212
0.15163366496562955
-0.042956776916980736
-0.026005469262599945
0.009826513007283209
-0.11457396298646925
-0.10242856293916702
-0.09079102426767348
0.04854141548275948
-0.019630838185548782
0.05878891423344612
-0.12840211391448975
-0.06477751582860947
-0.08840791881084442
-0.06892774999141693
0.016497932374477386
0.1134815514087677
0.042721640318632126
-0.12061336636543273
-0.003727726172655821
-0.1048188954591751
0.017864009365439415
-0.07343150675296782
0.010822288691997528
0.0717654824256897
-0.06890188157558441
0.03578467667102814
0.09027528762817383
-0.0135410875082016
-0.06980721652507782
0.02162783034145832
0.07735536992549896
-0.004594971891492605
0.012089123949408531
0.06280991435050964
0.047092709690332406
0.11766815930604935
0.04856356978416442
-0.007384543772786855
-0.0748579353094101
-0.11971104890108109
-0.022098567336797718
-0.020284198224544525
-0.0212134663015604
0.033294811844825745
-0.09222622215747832
-0.04477306082844734
0.08324266970157622
-0.006847710814327002
-0.09348747879266739
0.04714811220765114
-0.026767564937472343
-0.11312419176101685
0.07473131269216537
-0.002437853720039129
-0.09639437496662141
-0.02039041370153427
-0.017062095925211906
0.020431701093912125
0.017002861946821213
-0.04930630326271057
0.05464225634932519
-0.11304117739200592
0.0516342967748642
0.01878977380692959
0.054922424256801605
-0.011470673605799673
0.017542779445648193
0.05036334320902824
0.007131681311875582
-0.021577950567007065
-0.04935743287205696
-0.006121484097093344
0.05809619650244713
-0.03968126326799393
0.0322534404695034
0.02538345754146576
-0.0022397576831281185
-0.007687947247177362
-0.03325098752975464
0.058631770312786095
-0.029983211308717728
0.028039170429110527
-0.08298896998167038
-0.1269848346710205
-0.11368307471275328
-0.02273260429501533
0.004066225606948136
0.02293764427304268
0.03409380465745926
-0.007320777978748083
-0.033278461545705795
0.1492742151021957
-0.04867108538746834
0.06711561232805252
-0.09040375053882599
0.08359588682651518
-0.0828469842672348
0.006767714861780405
-0.04713078215718269
-0.0015041526639834046
0.037393923848867416
-0.005754996556788682
-0.043299570679664605
0.053394366055727005
0.07795020192861557
0.03238508105278015
-0.02409226819872856
-0.016174988821148872
0.048517156392335885
-0.07764433324337004
-0.08291442692279814
0.02678719535470009
-0.08487439900636673
-0.052036136388778687
0.07894948869943617
-0.0552566684782505
-0.045874778181314475
0.02612345851957798
-0.10347285866737364
0.014979412779211996
-0.11771824955940247
0.0433139018714428
-0.07375647127628326
-0.022384971380233765
-0.046090323477983475
-0.006786012556403875
0.04475424066185951
0.004288364667445421
0.03421560302376747
-0.02071886509656906
0.07926885783672333
-0.03638048097491264
0.01837552711367607
0.045805316418409354
-0.03220996633172035
-0.08977971971035004
-0.08555765450000763
0.07407819479703902
0.07080981135368347
-0.0799701064825058
-0.02615116909146309
-0.014831718057394028
0.013051606714725494
0.038293041288852685
-0.11445812135934828
-0.07295890152454376
0.052872229367494576
0.007171638775616884
-0.01447170041501522
-0.00869845598936081
-0.09897363930940627
0.040805693715810776
0.20392741262912753
0.028417138382792473
0.1204627975821495
-0.10977418720722198
0.07336294651031494
0.1423462480306625
0.007351558189839123
-0.0063245571218431
0.05714403837919235
-0.02359025552868843
-0.048897720873355865
0.0006080263992771505
0.0011174798710271716
-0.02121356129646301
0.02313699759542942
0.1261816769838333
-0.004726764280349016
0.018830325454473492
0.04564863443374634
-0.047048170119524
0.023667717352509495
0.03796085715293884
0.06862606108188629
-0.014965755864977837
-0.003652840387076139
0.0474124550819397
0.01039329171180725
0.10183899104595184
0.04056211933493614
0.05503538995981216
-0.03810619562864304
-0.022636303678154945
0.027256160974502563
0.1220795288681984
-0.04105829074978829
-0.0815722346305847
-0.0009049620712175965
-0.10695424675941469
-0.07325385510921478
0.014801036566495895
-0.017993327230215073
0.08558265119791031
-0.1000104397535324
0.061258606612682336
0.016804931685328484
0.038632798939943314
-0.09176750481128691
0.05802750214934349
-0.0826156884431839
-0.07187642902135849
0.09120282530784608
-0.04982969537377357
-0.06481203436851501
-0.09169201552867888
-0.1250771731138229
0.11730538308620451
0.018856933340430256
-0.01585441641509533
0.026435136795043945
0.011009378358721731
0.07334957271814345
0.0546468012034893
-0.037999480962753296
0.0620560459792614
-0.02525727078318596
-0.04541440680623055
-0.03543844446539879
0.011321870610117912
0.04595329985022545
0.10830353200435638
-0.10268473625183104
-0.007368627469986677
0.07240699976682664
-0.018957134336233136
0.06901226192712784
-0.034960124641656876
0.08968202769756317
-0.061334419995546334
-0.10781148076057434
0.0044747148640453815
0.0565536729991436
0.04204731807112694
0.007782299537211656
-0.032505694776773446
0.043990153819322586
-0.04048370942473412
0.013859506696462631
-0.022635189816355705
-0.06696844100952148
-0.1170538067817688
0.018051810562610623
-0.01898626796901226
0.11635345965623856
-0.07511340081691742
-0.023594865575432777
-0.04553094878792762
0.031862210482358926
-0.04017521813511848
-0.08405264467000961
-0.04258794337511063
0.08526737242937088
-0.1084088385105133
-0.0603223480284214
-0.03488961607217789
-0.04467173293232918
-0.09005963802337646
0.0491861067712307
-0.020168581977486607
-0.1207309439778328
-0.06456895917654037
-0.09957145154476163
-0.013043850660324097
-0.006308600772172213
-0.07238168269395827
-0.005834995303303003
-0.023003041744232178
0.06514635682106018
-0.10578344762325285
0.08073851466178894
0.012280164286494257
-0.12757161259651184
0.09874925017356873
0.05770224332809448
-0.07473515719175337
-0.0558246225118637
-0.11519452929496764
0.03856492787599564
0.009389683604240416
0.006789358798414469
0.10708868503570557
-0.023742146790027615
-0.03407130762934685
-0.10121652483940125
0.023737626150250435
0.062406931072473526
-0.007442824076861142
0.03106441721320152
-0.051067132502794266
-0.055416550487279885
0.020386595278978348
0.016085384413599968
-0.07667092978954315
-0.11560183763504028
0.004276647698134184
0.030222088098526
-0.022999528795480728
0.007623244542628527
0.004427153617143631
-0.022806901484727856
0.06655203551054001
0.03938940539956093
0.03602064773440361
0.11465131491422652
0.09666232764720915
0.06684563308954239
0.031686387956142426
-0.04789097607135773
-0.042450208216905594
-0.025303959846496586
0.08397898823022841
0.039758965373039246
-0.0912894457578659
-0.07456321269273758
-0.0594809465110302
-0.041128683835268014
0.02538187056779861
0.0009946826612576842
-0.021070033311843872
-0.029081517830491063
0.04213089868426322
0.01582387275993824
-0.05895990133285522
-0.013473179191350935
0.034987788647413254
0.059447359293699265
0.0067305793054401875
0.01327821146696806
-0.06618575006723404
-0.07373601198196411
0.008219581097364426
-0.08792278170585632
0.09852054715156557
-0.06739706546068192
0.013283387757837772
-0.072403222322464
0.008611278608441353
-0.1125245988368988
0.028085133060812954
0.05512422323226929
-0.07964353263378142
0.0630655437707901
0.04522494599223137
0.017264410853385925
0.022472925484180447
0.029401762410998344
0.03984767198562622
0.036386117339134216
-0.010406214743852615
0.09823016822338104
0.035611968487501144
0.04615306481719017
-0.04012684151530266
-0.09361325204372406
-0.017575431615114212
0.08938841521739958
0.06708322465419769
-0.008239135146141052
-0.006098855752497912
0.029603904113173485
0.013509195297956467
-0.10883883386850356
0.04734497889876366
0.07090849429368973
-0.04638715460896492
-0.009722870774567127
0.11952397972345352
-0.010696826502680779
-0.042011167854070657
0.009579857811331749
-0.013030266389250755
0.010842550545930862
-0.12266159802675249
-0.021705597639083862
-0.04268803820014
-0.09747811406850816
-0.0031080408953130245
0.07402502745389937
0.003595649730414152
-0.015480255708098412
0.001292004599235952
0.06752301752567291
0.005670719314366579
-0.13072539865970612
0.06189658120274544
-0.12149176001548768
0.005867860745638609
0.0790829211473465
0.005654783453792334
0.04633821919560432
-0.0021940167061984535
-0.052587125450372696
-0.03066359087824821
-0.009776212275028227
-0.10496427863836288
0.06352750211954117
-0.05030912533402442
-0.0018609069520607593
0.06580208986997604
0.061622850596904755
-0.0019788886420428753
-0.05082275345921517
0.029121384024620056
-0.046601176261901855
-0.07713744044303894
-0.07814297080039978
-0.09985961765050888
0.02262561395764351
-0.05284935235977173
-0.034285206347703934
-0.03176547959446907
0.009225067682564257
0.03938427194952965
0.05857233703136444
0.053031507879495614
-0.05624863877892494
-0.0013198346132412553
-0.01683317869901657
-0.022854652255773544
0.01731828600168228
0.021662302315235134
0.02021799050271511
-0.07886411249637604
-0.051177173852920525
0.033598776906728745
-0.04565943405032158
-0.11207668483257292
-0.03587392345070839
-0.015084084123373032
0.013031108304858208
-0.10642161220312119
-0.029359251260757446
-0.07788993418216705
0.02652578800916672
0.02414066344499588
0.03900629654526711
0.05107678100466728
-0.11705657839775084
-0.004843038972467184
0.03753115236759186
-0.10839048773050308
-0.06118683144450188
0.00842694379389286
-0.055753745138645165
-0.009129595011472702
0.017448075115680695
-0.10551255941390993
-0.0020632608793675895
-0.007484076078981162
-0.020063921809196472
-0.058573100715875626
0.012734267860651016
-0.03682635724544525
-0.04062221571803093
0.002689465414732694
-0.03812704235315322
0.043968021869659424
-0.09786126017570496
0.0184612050652504
0.02434741705656052
0.012869732454419136
-0.0789695605635643
-0.03617097809910774
-0.06047327443957329
-0.04133822396397591
0.03270072489976883
0.0267177727073431
0.03500792756676674
0.006912854965776205
0.006349575240164995
-0.04076534137129784
-0.004766283091157675
0.019808102399110798
-0.017819741740822792
-0.021415814757347103
-0.09042745828628541
0.07149958610534668
0.0060853338800370685
0.08530370891094206
0.07641752064228058
0.005963210482150316
-0.007880387827754019
0.02880370989441872
0.019260622560977932
0.057136669754982
-0.02014614455401897
-0.02989668026566505
-0.06496018916368484
-0.04658193513751029
0.05672385916113853
-0.08743545413017273
0.007193074095994233
0.007468560244888067
0.020077122375369072
0.07004748284816742
-0.06938149034976959
-0.006104954984039068
0.12148959189653397
0.015624715015292168
0.07348163425922394
0.016278529539704323
0.020528517663478848
0.020501341670751568
-0.025004185736179352
0.05806631967425346
-0.00030852074269205326
0.09839319437742232
0.055898938328027725
-0.05878449603915215
-0.027578402310609818
-0.03182246536016464
0.03264929726719856
0.015469925478100777
0.007943633012473583
0.007208833936601877
-0.09493251144886015
-0.07086093723773956
-0.11903560161590576
-0.07772883772850035
0.04797617346048355
-0.03215192258358002
-0.05528473109006882
-0.017321355640888214
0.05099070444703102
0.08263197541236877
0.04359089210629463
0.024019317701458927
-0.07215955853462219
-0.103025883436203
-0.06460189819335938
-0.02310614287853241
-0.05915134027600288
0.002934381365776062
-0.040150199085474014
0.02296920120716095
-0.02758329175412655
-0.04670950397849082
0.09908322244882584
-0.09373446553945539
-0.009442441165447235
-0.04530902951955795
-0.008951509371399878
0.028501372784376144
0.03926049172878265
-0.04527450352907181
0.011070223525166512
0.010250478982925417
0.02291356399655342
0.05686164647340775
-0.05606994405388832
-0.11329025030136108
-0.08261269330978394
-0.05601227656006813
0.056682590395212167
0.016104035079479218
0.031936801970005035
0.02284431084990501
0.08218632638454437
0.020954180508852005
0.04421031475067139
-0.10566460341215132
0.03853018209338188
0.014553554356098177
-0.026449058204889297
0.06996671855449677
-0.011437050066888332
-0.05829378217458725
0.09297143667936324
0.15098975598812103
0.035668451339006424
0.04632583633065224
0.1224486082792282
-0.002001869957894087
0.04671381786465645
-0.11239604651927948
-0.051866915076971054
0.04435623437166213
-0.027774669229984283
-0.11199907958507536
-0.037880882620811455
-0.06686323881149292
0.07153073698282242
-0.09544494003057481
0.0612196959555149
0.08337099850177764
-0.03471215441823006
-0.010564856231212616
-0.013452230021357536
-0.09721915423870087
-0.02359180338680744
0.0217354279011488
0.0357283428311348
0.031540095806121826
-0.027167767286300656
-0.11060942709445952
0.0003707896685227752
-0.07578566670417786
-0.12275636196136475
-0.10801972448825836
-0.065024733543396
0.012883983552455902
0.04243944957852364
0.04884225875139237
0.00938091054558754
-0.025264231488108635
-0.0366566963493824
0.0189965944737196
-0.05493035539984703
0.008973289281129837
-0.06545156240463257
0.043660737574100494
-0.052603136748075485
0.07383877038955688
-0.007018101867288351
0.025854796171188354
-0.03888620808720589
-0.11458472907543182
-0.02321292646229267
0.08242636919021606
0.019382324069738388
0.04362913593649864
-0.0422821007668972
-0.060728255659341805
-0.07171432673931122
0.005398042965680361
-0.0637173056602478
0.017566923052072525
0.030423346906900402
0.039544310420751565
0.0692538470029831
0.03194938227534294
0.1342715173959732
0.01000835094600916
0.0893823653459549
-0.10959139466285704
-0.023425135761499405
-0.10771578550338744
-0.03041277825832367
-0.05862358585000038
0.043798621743917465
0.0035767494700849056
0.04963638260960578
0.0354016087949276
0.08432193100452422
0.029006406664848328
-0.0034527680836617942
-0.012640565633773804
-0.05051696300506592
-0.14105428755283356
0.0323922336101532
0.046043451875448234
0.03821994364261627
0.034859608858823776
-0.04930271580815315
-0.11272495985031128
-0.0034945160150527954
-0.06728097796440125
0.0522942878305912
-0.0567782074213028
0.036562271416187286
-0.1168268546462059
0.055204283446073525
0.0411544144153595
0.011904003098607063
-0.10711608082056044
0.0006913602119311689
-0.057627085596323006
-0.03131701424717903
-0.011588433757424355
-0.09472295641899107
-0.08751916885375977
0.0025918586179614067
0.02806692197918892
0.014478443190455437
0.07747534662485121
-0.0319674089550972
0.003457421902567148
-0.07802920788526535
0.04176213964819908
-0.017933828756213188
-0.022565681487321854
-0.06765876710414886
-0.1215132474899292
-0.02711435034871101
-0.05442608520388603
0.02515785582363605
-0.08186619728803633
-0.01082986406981945
-0.0340179018676281
0.02430928871035576
-0.0030354941263794895
0.013295782729983328
-0.027421671897172928
0.05977609008550644
-0.11134581267833708
-0.08370740711688995
-0.026506002992391583
-0.1214294135570526
-0.048852231353521354
-0.10830649733543396
-0.04334433749318122
0.0014717321610078216
0.024933818727731705
-0.006266708951443434
-0.04017890244722366
0.10733581334352492
-0.04028218612074852
-0.012881428934633732
0.015545835718512537
0.027690649032592773
-0.1073327660560608
-0.014724889770150185
-0.04294997453689575
0.0023925756104290485
-0.03150710090994835
-0.11197403818368912
-0.0518498457968235
-0.04652499780058861
-0.06893111765384674
-0.03011251613497734
-0.03410094231367111
0.08061132580041885
0.01133836805820465
0.042966000735759735
-0.01970359683036804
-0.11518904566764832
0.02151698246598244
-0.024290939792990685
0.06685333698987961
-0.019775191321969032
0.04963349550962448
0.02720053121447563
0.0178418792784214
-0.07885599881410599
0.038655925542116165
0.013788674026727676
-0.016564419493079185
-0.013245604932308195
-0.015246942639350893
-0.1145120933651924
0.09385966509580611
-0.038722272962331765
-0.047205869108438485
-0.09523983299732208
-0.0032492843456566334
0.012014059349894524
-0.07450567185878754
0.020296204835176468
0.035320866852998734
-0.012435251846909525
-0.008115156553685665
-0.006121515762060881
0.03259219229221344
0.028619214892387394
0.00907963328063488
-0.06645048409700394
-0.10293590277433395
0.013867080211639404
-0.07697133719921112
0.09479559957981107
0.0408315509557724
0.10542397201061247
0.03973904252052307
-0.08538590371608734
0.0332983024418354
-0.05411380156874657
-0.040249817073345184
-0.05052920430898666
0.051666390150785446
-0.07977626472711563
-0.08282462507486342
-0.003224111627787352
-0.03486429527401924
0.004328930284827948
0.010274644941091536
-0.0510140098631382
0.030342936515808105
0.04597855359315872
-0.08124358206987381
-0.002162578981369734
-0.07613053172826768
-0.035259488970041275
-0.05835666880011559
-0.056456644088029855
-0.028550604358315468
-0.08881960809230803
0.021105252206325528
0.1152687892317772
0.07603339850902557
-0.04534345492720604
-0.07878057658672333
-0.00113189744297415
-0.03689444437623024
-0.044618405401706696
-0.10939998924732208
0.017569929361343384
0.01525887381285429
0.03713471814990044
-0.07140693068504332
-0.01358578447252512
0.0495147667825222
-0.02151913195848465
0.022774361073970795
-0.01599433645606041
0.07787790149450302
-0.03204617276787758
-0.04801700636744499
-0.08233919739723204
0.014144613407552242
-0.07602302730083466
-0.12453103065490723
-0.03517704829573631
-0.0663214921951294
-0.00516304699704051
0.0008146952604874969
-0.05656230077147484
-0.04606426134705544
-0.0033772275783121586
-0.03930991515517234
-0.11001764237880705
-0.04562009498476982
-0.12192051112651824
0.0033476403914391994
-0.017757074907422062
0.03419269248843193
0.0920480415225029
0.09310072660446168
-0.04531330615282059
0.07045483589172363
-0.053812775760889046
0.03907542675733566
0.10116887837648392
0.08067105710506438
0.0035241195000708103
0.009384365752339363
-0.03213940188288689
-0.00969216972589493
-0.0302857868373394
0.08908639848232269
-0.08688375353813171
-0.025308528915047646
0.0460161417722702
0.03742672875523567
-0.0456940196454525
0.07844284176826477
-0.09247535467147827
0.009909788146615027
-0.04408622160553932
-0.11549825966358183
-0.07863653451204301
0.01654018834233284
-0.030557792633771896
0.019313620403409004
-0.002453021239489317
-0.028015615418553352
-0.0020965668372809887
-0.08074318617582321
-0.07154026627540588
0.023882772773504257
0.02119830995798111
-0.0016878467286005616
-0.08501487970352173
0.016458097845315933
-0.05199340730905533
-0.005737361963838338
-0.04716460779309273
0.003276582341641188
-0.11176466941833496
0.021136315539479252
-0.07437335699796675
0.03652992472052574
-0.11102108657360076
-0.027445256710052487
0.02724970132112503
-0.0178578682243824
-0.05788028612732887
0.006749841850250959
-0.02516290359199047
0.07868955284357072
-0.009623445570468903
0.021225051954388615
-0.03222927451133728
-0.01350068300962448
-0.005667875055223703
-0.0826214849948883
-0.09682226181030272
0.008401559665799141
-0.06124885007739067
0.0954788327217102
0.12493333220481873
0.030264317989349365
0.011707751080393791
0.0351250134408474
0.10161563754081726
0.025835713371634483
-0.015128608793020248
0.03614130988717079
-0.0012166412780061364
-0.008317355066537857
-0.003432861063629389
0.012550406157970428
0.00988068338483572
-0.03762117400765419
-0.07260315120220184
0.11222458630800249
0.05077454075217247
0.015701979398727417
0.05350404605269432
-0.03521288558840752
-0.07737722247838974
-0.03748771175742149
0.08939694613218307
-0.030958130955696102
-0.0154926348477602
0.06499426066875458
0.05620433017611504
0.015081764198839664
-0.09971804916858672
0.06607173383235931
-0.08803670853376387
0.16562926769256592
-0.1090935692191124
0.04357533156871796
-0.0758679062128067
-0.06728951632976532
-0.06853711605072021
-0.017442213371396065
-0.020755385980010033
-0.024738829582929608
0.07808983325958253
0.01359531283378601
-0.07570391893386842
-0.08023390173912048
-0.028068559244275093
-0.07263859361410142
-0.10710562765598296
0.014056611806154253
-0.04786548390984535
-0.11531489342451096
0.05536709353327751
-0.02747761644423008
0.00761773670092225
-0.027899548411369324
-0.005268245469778776
0.08759520202875137
-0.1269075721502304
0.03840119019150733
0.0448770560324192
0.017110401764512062
-0.0913545712828636
-0.021306848153471943
-0.06310905516147614
0.02713365852832794
-0.1222078949213028
-0.060724347829818726
-0.06390488892793655
-0.011716753244400024
-0.01922682113945484
-0.023645194247365
-0.013243570923805237
-0.0667109489440918
0.08959598839282988
-0.0037883329205214977
-0.041082870215177536
0.02577369101345539
0.040406141430139535
0.07938025891780853
-0.04829828068614007
0.04252354800701141
-0.03723568096756935
0.1255848258733749
-0.006860682275146246
-0.0442391075193882
-0.08820049464702606
-0.04402277246117592
-0.00952206552028656
0.008790168911218643
-0.09354867041110992
-0.07361477613449097
-0.12098114192485808
0.03786829859018326
0.015523410402238367
0.006742586847394705
-0.06930063664913177
-0.018835170194506645
0.03882966563105583
0.05317789688706399
0.05250191316008568
-0.0940110981464386
0.05864435061812401
-0.00015787372831255195
0.02937121503055096
0.010159355588257313
-0.018212541937828064
-0.034360457211732864
-0.06256367266178131
-0.004534746985882521
0.09074652194976807
-0.12677250802516937
0.0386732816696167
0.05291999131441116
-0.07814830541610716
-0.03850586339831352
-0.07828624546527863
0.08130922913551329
0.05403243377804756
-0.08264295756816864
-0.021051008254289627
0.063541479408741
-0.0430564358830452
-0.055142614990472794
-0.06010008975863457
0.06914347410202025
0.03444906696677208
0.055617455393075936
0.04337229579687119
0.04537832364439964
-0.06907853484153748
0.021723086014389992
-0.04368424043059349
-0.10618102550506592
-0.05790318548679352
0.05092744901776314
0.03649977222084999
-0.06458008289337158
-0.0669369250535965
0.07788848876953125
0.047082968056201935
-0.015387244522571564
-0.052913140505552285
-0.12157988548278809
-0.031038518995046612
0.11474132537841795
0.06570473313331604
0.024254025891423225
0.02627742849290371
0.03516696020960808
0.04591765254735947
0.014463983476161957
-0.1164916306734085
-0.10892959684133528
0.047155294567346566
0.018504843115806576
-0.0988461822271347
0.06512420624494553
0.0424279160797596
0.1001868098974228
-0.03175177797675133
0.060457997024059296
0.024384070187807083
-0.032931119203567505
0.037535738199949265
-0.02242279425263405
-0.111308716237545
-0.11149408668279648
-0.04255305975675583
0.04424271360039711
0.006572690326720476
0.025216296315193176
-0.007310436572879552
-0.02485198341310024
0.0339570976793766
-0.09227762371301651
-0.02490570396184921
0.06506240367889404
0.006586820352822542
-0.02302798628807068
-0.03187425062060356
0.021847454831004143
-0.07331301271915436
0.06319218873977661
-0.09302986413240431
-0.028081512078642845
-0.08636938035488129
0.004163388628512621
-0.1071166843175888
-0.12337568402290344
0.021674709394574165
-0.022157084196805957
0.007849227637052536
-0.020976178348064423
-0.003550903405994177
-0.029521755874156952
-0.046305228024721146
-0.0117283146828413
-0.07724282145500182
-0.01796342059969902
0.04040602222084999
0.01757979951798916
0.021978408098220825
0.003255786839872598
-0.036563459783792496
-0.00034364277962595224
0.09114844352006912
-0.03175085037946701
0.03212400898337364
0.03280512988567352
-0.04787630960345268
-0.00017384591046720743
0.010994784533977509
-0.030801992863416672
-0.03897271305322647
0.01970695704221725
0.055638689547777176
-0.10794031620025633
-0.04976075142621993
-0.013573087751865385
-0.06206249073147774
0.010006150230765343
0.11818263679742812
-0.1093737855553627
-0.11406819522380827
-0.12410086393356325
0.014893297106027603
0.02303643152117729
-0.0722733587026596
-0.03817851096391678
-0.0559888668358326
-0.04091982170939445
-0.097788006067276
0.0038483128882944575
-0.027218980714678764
0.015696365386247635
0.016996150836348534
-0.015296872705221176
-0.011542165651917456
-0.04806085303425789
-0.06994730234146118
-0.06523954123258591
0.09875259548425673
-0.04689037054777145
-0.009018007665872572
-0.050672680139541626
-0.055022113025188446
0.030109882354736328
0.05949743464589119
-0.014600178226828575
-0.029597764834761616
0.022095415741205212
-0.034688226878643036
-0.04981587082147598
-0.01538766361773014
-0.012244494631886482
0.00489394273608923
0.017574669793248177
-0.014740603044629095
0.095499649643898
0.028877617791295048
0.04729551449418068
0.02523187920451164
-0.0444895401597023
-0.06749521195888519
-0.09975012391805647
-0.08140681684017181
-0.10357078164815901
-0.007036806549876928
0.00684446608647704
0.051079075783491135
-0.05689980462193489
0.02395431324839592
-0.12411443889141081
0.015064446255564688
-0.05397307500243186
-0.046920571476221085
0.011603835970163344
-0.047997914254665375
0.07209065556526184
-0.02249715104699135
0.05160700902342796
-0.040186464786529534
0.0397355817258358
-0.0033759097568690777
0.02827184461057186
0.014244651421904564
-0.0034093293361365795
0.050054248422384255
0.05985400453209877
0.05142999067902565
-0.06787563860416412
0.06936922669410706
-0.05161631852388381
-0.03149768337607384
-0.08676053583621977
0.011413942091166971
-0.016631972044706345
-0.014665758237242699
-0.05942323803901672
-0.11644496023654936
-0.0013848148519173265
0.0509234182536602
-0.009527632966637613
-0.04464242979884148
-0.0033040721900761127
-0.004465328995138408
-0.00966978259384632
-0.0269619170576334
0.06624965369701385
0.07654038071632385
0.07517188787460326
0.03742782399058341
0.017948463559150696
-0.004948384594172239
0.028489436954259872
0.07208754122257233
-0.08479706943035124
0.0818178504705429
-0.13517634570598602
-0.10265320539474489
0.12417104840278624
0.053567126393318176
-0.01727444864809513
-0.0024237441830337048
-0.0797176882624626
0.02637036330997944
-0.01619214005768299
0.026497330516576767
0.010959586128592491
0.023302275687456128
-0.009979507885873316
-0.018766673281788823
0.06895971298217773
0.03503352776169777
0.011373849585652351
0.07013166695833206
0.0038197529502213
0.023447889834642407
-0.034000132232904434
-0.11759065091609953
0.02117013372480869
-0.09255748987197877
0.07043511420488358
0.024645857512950897
-0.1250372529029846
0.02335026487708092
-0.1311499774456024
0.043885957449674606
0.03136979788541794
0.1181221604347229
0.0220085084438324
0.04948847740888596
0.03240284323692322
0.05019143223762512
0.06576819717884064
0.04587240889668465
0.05831178277730942
-0.07736875861883163
0.006390746217221022
0.05328834429383278
-0.026097612455487248
-0.08227416872978209
-0.02061846479773521
-0.02802597545087337
0.0505160503089428
-0.05939389765262604
-0.027127088978886604
-0.07558813691139221
-0.09054729342460632
-0.08100265264511107
0.01011860929429531
0.09864208847284317
-0.1103268265724182
-0.05549903586506844
-0.042136587202548974
0.030648294836282727
0.03470108285546303
-0.04480772837996482
-0.04099785536527634
-0.01831736601889133
-0.09313904494047166
0.09275827556848526
-0.05887458100914955
0.02325674518942833
-0.11810313165187836
-0.01220649480819702
0.04135335236787796
0.04036276414990425
-0.030775751918554303
0.05260967090725899
0.06200362369418144
0.018230959773063656
0.03250398114323616
-0.06499259918928145
-0.020375832915306088
-0.08721777796745299
-0.10542342811822893
0.07598969340324403
-0.1228296011686325
0.03736313059926033
0.029744861647486687
0.13130101561546323
0.06067294254899025
0.001696681953035295
0.04077733680605888
0.013678155839443207
0.059863805770874016
0.007269419264048339
0.01001078262925148
-0.05734379217028618
0.026557719334959984
0.05014793947339058
-0.04332629218697548
0.0245455838739872
-0.05240686610341072
0.0241159088909626
0.0014208861393854022
0.028068777173757557
0.025987964123487473
-0.09234377741813661
-0.0650508776307106
0.07919402420520782
0.010570714250206947
-0.04016706719994545
0.018318038433790207
0.014171653427183628
0.031516265124082565
-0.07772877812385559
-0.09689833968877792
-0.1152936965227127
-0.03887736052274704
0.12916460633277893
-0.02662050910294056
-0.009247791022062302
-0.039398565888404846
-0.055710215121507645
-0.07615025341510771
0.03104749694466591
-0.006220064591616392
-0.09592454135417938
0.11636766791343688
-0.0002840986708179116
-0.023979855701327324
0.030065603554248806
0.01565512642264366
-0.04841941222548485
0.025626307353377346
0.013599880039691923
-0.020586468279361725
-0.008277169428765772
0.018382903188467022
0.07748987525701523
-0.10368822515010832
0.06476537138223648
0.0496365949511528
0.0017261732136830688
-0.0191970057785511
-0.05071597918868065
-0.09915018826723097
0.030889954417943954
0.013243872672319412
0.08276685327291489
-0.047277122735977166
-0.04173451662063599
-0.038507577031850815
-0.017426669597625732
0.04554477706551552
0.05927122011780738
-0.12100514769554138
0.13429981470108032
0.017759930342435837
0.010207708925008772
-0.0362836979329586
0.06423847377300262
0.05684388428926468
0.05784687027335167
0.0914001613855362
0.008170967921614649
-0.03322209045290947
-0.015925267711281776
-0.05197325348854065
0.03520803153514862
-0.0095819141715765
0.07074818015098572
0.092001274228096
-0.1024634912610054
0.05054021254181862
-0.05349362641572952
0.046863775700330734
0.13263708353042603
-0.03381440415978432
-0.07297413051128387
-0.012878650799393652
-0.0012189425760880113
-0.060831326991319656
0.02842983044683933
-0.03975356370210648
-0.10091003775596619
-0.03718273714184761
0.014796990901231764
0.01386065036058426
-0.07440561801195145
0.095557764172554
-0.0748104304075241
0.04920202121138573
0.0125723909586668
-0.07078300416469574
-0.009454530663788319
0.0037830485962331295
0.09619536995887756
0.015967726707458496
-0.00992332212626934
-0.1361200362443924
-0.07705159485340118
0.0034251250326633453
0.01804380305111408
0.01995823346078396
-0.05481104552745819
-0.11297139525413512
0.0862400084733963
-0.029575007036328316
0.00042021123226732016
-0.021751781925559044
-0.08221353590488435
-0.022038469091057777
-0.0252816379070282
-0.12354224175214767
-0.11572639644145964
-0.00968533381819725
-0.012956026941537855
-0.07107313722372055
-0.0349915511906147
-0.0027639525942504406
0.06943896412849426
0.043685320764780045
0.030689563602209088
0.057306088507175446
0.047087442129850395
-0.002319678198546171
-0.015336997807025908
0.08419403433799742
-0.07922789454460144
0.02689889818429947
-0.11225999146699904
0.03827689588069916
-0.08532604575157164
-0.05214220657944679
0.03961291909217834
0.024849463254213333
-0.008531059138476849
-0.033225420862436295
-0.12671408057212827
0.10019496083259583
-0.1172480285167694
0.07766875624656677
-0.03808484971523285
-0.12028165906667708
-0.12311355769634245
-0.09263453632593155
-0.031866345554590225
0.07233899831771849
0.02265041135251522
0.06964924931526184
-0.07019564509391785
-0.11686822026968002
-0.05579592287540436
-0.0423848070204258
-0.06195231154561042
-0.03008440136909485
-0.002242784947156906
0.13279224932193756
0.03856180608272552
0.12319341301918028
-0.031197909265756607
0.09278792887926099
-0.032466862350702286
-0.09197852015495299
-0.07333791255950926
-0.04030441865324974
-0.07916028052568436
0.012196637690067291
0.01775284670293331
-0.10656065493822096
-0.06104008108377457
0.028425853699445724
-0.06776314973831177
-0.009918835014104845
-0.0802370011806488
-0.022318135946989056
-0.009174735285341741
-0.042766835540533066
0.0131625235080719
-0.008930192328989506
0.06329892575740814
-0.0609724223613739
0.028000712394714355
-0.049460798501968384
0.00666748033836484
0.013608133420348167
-0.07270821183919905
0.05967795476317406
-0.02073449268937111
0.10619859397411346
-0.022350436076521877
-0.1227034479379654
0.0911979079246521
-0.050691381096839905
-0.022053861990571026
0.0371314100921154
-0.07037468254566193
-0.00437812926247716
0.03663336485624313
0.05355940759181976
0.020722754299640652
0.10132007300853728
0.1302676647901535
0.02275370806455612
-0.06983065605163574
-0.011468995362520216
0.013419730588793755
-0.03639491274952888
-0.0056766453199088565
0.03489581122994423
0.024181479588150975
0.012261921539902689
0.029422033578157425
0.043889284133911126
-0.014674317091703413
0.12758439779281616
0.05533330887556076
0.014157314784824848
0.03386998549103737
-0.0012895619729533792
-0.04198624566197395
0.11764650046825408
0.009490682743489742
-0.09897840023040771
0.08650249242782591
-0.015119314193725584
0.03770633414387703
-0.03349114954471588
-0.03644635155797005
-0.03862178698182105
-0.08352763950824738
-0.02561000175774097
0.11721281707286833
-0.09929645061492921
-0.0004705131286755204
0.02971071749925613
-0.0686674490571022
-0.02142994478344917
0.03518914803862572
-0.08636760711669923
-0.05119846388697624
-0.06469955295324326
-0.06156112626194954
-0.0639687329530716
0.09774169325828552
-0.0578099600970745
0.10601988434791564
-0.010243318974971771
-0.048856429755687714
-0.0013415018329396844
-0.09512056410312653
0.016207637265324593
0.05705745518207551
0.012675200589001179
0.031182287260890007
0.025281419977545735
0.05000614002346992
0.0739281326532364
-0.030237283557653427
-0.005738179665058851
-0.0509844534099102
-0.06854599714279175
-0.04012889787554741
-0.05252426862716674
0.053164489567279816
0.00805581733584404
-0.10467249900102615
-0.06022929772734641
0.09224368631839752
0.061501026153564446
-0.030285775661468502
0.049320925027132034
-0.09253978729248048
0.025713412091135975
-0.008304663002490997
-0.029467422515153885
0.0633711889386177
-0.019780747592449188
-0.014550281688570976
0.04140164330601692
-0.1034690886735916
0.0008276704465970398
0.02073017321527004
0.05298616737127304
0.08140014857053757
0.1772104650735855
0.016230851411819458
-0.013602329418063164
-0.006088996771723032
-0.03961867466568946
0.0923585444688797
-0.09218017756938934
-0.09087621420621873
-0.007016600575298071
0.06050162762403488
0.02294490113854408
0.01955495961010456
0.01936795562505722
0.03233475983142853
0.010004924610257149
-0.02347104251384735
-0.016667693853378296
0.06483292579650879
0.015458565205335615
0.06431424617767334
0.016210289672017097
0.10076474398374556
-0.051913339644670486
0.003938661888241768
0.09551637619733809
0.0794255882501602
-0.07722724974155426
0.021771086379885677
0.03398752957582474
-0.05910477787256241
0.057402316480875015
-0.011111414059996603
-0.01244785264134407
-0.009942682459950449
-0.08270474523305893
-0.06800442934036255
-0.003454472403973341
-0.05348687991499901
0.022179827094078064
-0.023898271843791008
-0.0057082693092525005
-0.03192567825317383
0.048074591904878616
-0.056545760482549674
-0.12025070935487749
0.10479474067687988
-0.04179557412862778
0.14528490602970123
-0.02908950485289097
-0.07249177992343903
0.05080294609069824
0.028437359258532524
-0.01812178641557693
0.12977342307567596
0.05757118389010429
-0.0612979419529438
-0.017748015001416206
0.09442918002605438
0.03318242356181145
-0.0046787871979177
-0.018639724701642994
0.06565024703741074
0.011716127395629883
-0.04557869583368301
0.07627656310796738
0.0837046131491661
0.020126245915889737
0.002934164833277464
-0.007602571975439787
0.01339876279234886
0.06519390642642975
-0.0028876238502562046
0.06334984302520752
0.0047102607786655435
-0.05544430390000343
-0.05277196690440178
0.0948166698217392
0.016034426167607307
-0.02969580888748169
-0.023505957797169685
0.1630805879831314
-0.011302590370178223
0.06482964754104614
0.045413095504045486
0.02487936057150364
-0.02745185233652592
-0.0033941883593797684
0.04884878918528557
-0.06526201963424683
-0.03788662329316139
-0.00869037862867117
-0.06189699843525887
0.017430204898118973
-0.05483837053179741
0.02896483615040779
-0.05563503876328468
0.03834541514515877
-0.021851886063814163
-0.061468455940485
0.006979805883020163
0.04754341021180153
0.14540712535381317
0.0607447437942028
-0.07288150489330292
0.10589420795440672
0.054995931684970856
0.031355731189250946
-0.08046593517065048
0.03608426079154015
-0.0036422214470803738
-0.10468525439500807
-0.003898161929100752
-0.05079047754406929
0.04405168816447257
-0.04987698048353195
0.113920159637928
-0.08582467585802078
0.13729526102542877
-0.0887870118021965
0.03785471245646477
0.11008247733116149
0.1000516414642334
-0.04046868532896042
0.08163291215896606
0.05910331755876541
0.026289269328117367
0.050862185657024384
-0.0741499662399292
0.017861802130937576
-0.032621659338474274
0.02814221940934658
-0.010197682306170464
-0.05269394814968109
-0.09826153516769408
0.0270922277122736
0.021799329668283463
0.06483354419469833
-0.006971776019781828
-0.05684829503297806
-0.04305315762758255
-0.02273554913699627
-0.014708667993545532
-0.00577010540291667
-0.04209532961249352
0.03326137363910675
0.0384797491133213
-0.04320204630494118
0.007877328433096409
-0.047012172639369965
-0.02471586689352989
-0.13642464578151703
0.035279616713523865
0.028828635811805725
-0.08789464831352234
-0.03807302191853523
-0.1204610913991928
0.021661300212144848
-0.048006508499383926
0.03727953135967255
-0.04295745491981506
-0.012690997682511806
0.027990562841296196
0.009519461542367935
-0.08766566216945648
0.035630181431770325
-0.1227217987179756
0.05095541477203369
0.028209075331687927
-0.08857916295528413
-0.05198163539171218
0.06478965282440186
-0.015509638935327528
-0.004746231716126204
-0.03509538248181343
0.02469933219254017
0.03022222407162189
-0.11214593052864073
-0.04491882398724556
-0.044249799102544785
-0.09662173688411713
0.04518310353159904
0.019271761178970337
0.041331037878990166
-0.030548010021448132
0.09220625460147856
0.1168653666973114
0.014065828174352644
-0.10235412418842316
-0.004163427744060755
-0.06378139555454254
-0.12500883638858795
-0.017205966636538506
0.09576402604579923
-0.0029347264207899566
-0.11008322983980177
-0.03596111759543419
-0.1068587303161621
0.005727290641516447
0.06256269663572311
0.07476280629634857
-0.08623833954334259
-0.06598781049251556
-0.06889691203832625
0.12017317861318588
0.05569402128458023
-0.01711653172969818
0.10483968257904051
-0.036004699766635895
0.023078842088580128
-0.061002004891633994
0.05106702074408531
-0.01721168681979179
-0.029365718364715576
0.10821524262428284
-0.009537661448121073
-0.08860903978347777
0.09707695245742796
-0.09588873386383057
-0.02319841459393501
0.01275770366191864
-0.04950801655650138
0.0778045803308487
0.003976582083851099
-0.00856265053153038
0.024329107254743576
-0.0674256831407547
-0.1076655313372612
-0.015507292002439497
-0.04413488879799842
-0.04243092238903046
0.014073044061660767
-0.00011965411249548195
-0.001942543894983828
-0.019119720906019207
0.022030379623174667
-0.10218608379364012
-0.013073857873678207
-0.05546968430280685
0.013637959957122803
0.10660604387521744
-0.07877647876739502
-0.0011120043927803636
-0.01080053299665451
-0.09061984717845917
0.03800952807068825
0.0053348843939602375
0.04007776454091072
0.0105588361620903
-0.004201489966362715
0.02540441416203976
-0.031082767993211743
0.03410689905285835
-0.09360221028327939
-0.01287393644452095
0.046814177185297005
0.04364556446671486
-0.07266812026500702
-0.03965306654572487
0.0887158066034317
-0.0031449026428163047
0.0015436582034453747
-0.038445454090833664
-0.015932032838463783
-0.03371289744973183
0.007711116690188646
-0.08546058833599089
-0.1297033280134201
-0.039853159338235855
-0.0644143745303154
-0.04837412387132645
0.002124073449522257
-0.06205138936638832
0.08605531603097916
-0.024300770834088326
0.0540408119559288
-0.09231478720903395
-0.04865518212318421
-0.011004622094333172
0.04404114931821823
0.08724802732467651
-0.07860589027404785
-0.029605165123939518
0.03399302065372467
-0.01805214770138264
0.030719392001628876
0.06124097481369972
-0.04708310589194298
0.0644964650273323
0.05202954262495041
0.14659424126148224
-0.003669113852083683
-0.01174890249967575
-0.06089436635375023
-0.02468981966376305
0.023969197645783424
-0.0641072615981102
-0.03203556314110756
0.02955208159983158
-0.09199681133031844
0.023164357990026477
0.08364956825971603
0.03216361999511719
0.11180585622787476
0.08435848355293275
-0.031506020575761795
0.03012195974588394
-0.07964500784873961
-0.06110185384750366
0.09849338978528976
-0.04376021400094032
-0.061705444008111954
0.029755502939224243
-0.0363813154399395
0.0488932803273201
-0.06615673750638962
-0.10114184021949768
-0.11098451167345048
-0.10767532140016556
-0.11863578855991364
-0.003621456678956747
0.026036012917757034
-0.0008386276895180343
0.008461031131446362
0.020855631679296494
0.02991932071745396
-0.048713091760873795
0.0057075428776443005
0.04064702987670898
-0.010617723688483238
0.02023542113602161
0.07272529602050781
-0.011168307624757288
0.02327048033475876
0.009843463078141212
0.03707670420408249
0.06312333047389984
0.112374410033226
-0.1155128851532936
-0.12380728125572205
0.05379406735301018
0.006082619074732065
0.10262562334537506
0.004873514641076326
0.001132046221755445
-0.04327952116727829
0.06728127598762512
0.0860767289996147
-0.06116402894258499
0.028376422822475437
-0.014745734632015228
-0.09408016502857208
-0.06274132430553436
-0.03355284407734871
-0.0482545793056488
-0.01072145625948906
-0.07876598834991455
0.050634782761335366
-0.0022163535468280315
-0.03229818865656853
-0.036095533519983285
-0.052651070058345795
-0.1134081408381462
-0.06699389219284058
-0.057122532278299325
-0.029110902920365334
-0.03623858094215393
0.04236841574311256
-0.09356649219989777
-0.006490114610642195
-0.014577362686395643
0.03100497834384441
-0.025104911997914314
0.03754958137869834
-0.058583009988069534
0.04872031882405281
-0.04816534742712975
-0.02060062624514103
-0.04077798873186112
0.042521242052316666
-0.013239338994026184
-0.037723619490861886
-0.03498118743300438
0.022124167531728745
-0.010907853953540323
0.03167149052023888
-0.05504319444298744
0.0020466563291847706
0.02390039712190628
0.07389461994171143
0.03982989117503166
-0.05394903570413589
-0.0219074971973896
0.051453929394483566
-0.08192621916532515
-0.002767269965261221
-0.08529788255691528
-0.06205409392714501
-9.127205703407526e-05
-0.1109011173248291
0.1012190133333206
-0.0001179232494905591
0.02417202480137348
-0.037966158241033554
-0.04556814581155777
-0.09401611238718031
-0.06690531969070435
-0.0032162717543542385
-0.0007154276827350259
-0.02980743534862995
-0.03359639272093773
0.015980171039700508
0.04010770097374916
0.018044928088784214
0.06077151373028755
0.011350898072123528
-0.07090898603200912
0.07256824523210524
0.013197546824812887
-0.10460910201072691
-0.030116979032754895
-0.010596230626106262
0.059850383549928665
-0.055140852928161614
-0.0670468881726265
-0.1198618933558464
-0.031851161271333694
-0.08440175652503966
0.011804105713963509
0.009512651711702345
0.08309438824653625
-0.10250811278820036
0.1162859946489334
-0.03027043491601944
0.021661702543497086
0.0216916985809803
-0.0365716926753521
0.010657254606485367
0.00020242889877408743
-0.01140577346086502
0.02312610298395157
0.05624094977974892
-0.01835663989186287
-0.03756780549883842
0.044882774353027344
-0.007537189405411482
0.05311850830912591
0.015620749443769453
0.0610872358083725
0.03246290236711502
-0.048288393765687936
-0.06422147899866104
-0.01830778270959854
0.015141280367970467
-0.06182834878563881
-0.051615897566080086
0.011937081813812256
-0.0003108192468062043
0.09885865449905396
-0.007672652136534452
-0.004742391873151064
-0.06636378914117813
0.03658170625567436
-0.05660439655184746
-0.0627090260386467
-0.0784640684723854
-0.014936855062842367
-0.04996350035071373
0.03184804320335388
-0.032087914645671844
0.011981692165136336
-0.04643833264708519
-0.002178376074880361
0.06089389696717262
0.07263334095478058
-0.029178692027926445
0.02244848757982254
-0.10496744513511656
-0.022862380370497704
-0.013345154002308844
-0.02184605598449707
0.0991976410150528
-0.029175089672207832
-0.09919214993715286
-0.02714833989739418
-0.02678561210632324
-0.04949140176177025
-0.0807831585407257
-0.05880036577582359
-0.0502541922032833
0.12458939105272292
0.023083649575710297
0.09494113177061081
0.0030228234827518463
-0.016344966366887093
0.061872389167547226
0.040947612375020974
0.06374751031398773
-0.00418878672644496
0.03739700838923454
-0.004025253001600504
-0.020611766725778576
0.0157188531011343
-0.029001742601394653
0.05573097988963127
0.04216684773564339
-0.03402596339583397
0.019652435556054115
0.0039908275939524165
-0.04960285499691963
0.0038312091492116447
0.00401312904432416
-0.02864200063049793
0.11458003520965576
0.003635462839156389
-0.01683514378964901
0.014906216412782667
-0.10839680582284927
0.10727472603321075
0.02386920899152756
-0.04514088109135628
-0.08834319561719894
-0.0011254918063059447
0.013584014028310776
-0.0038824523799121376
0.03998412191867828
-0.11347154527902605
0.19458839297294617
0.06249576061964035
-0.025703921914100647
-0.08074396848678589
-0.03937304392457008
0.005260165315121412
0.027343155816197395
-0.11036440730094908
-0.010300800204277039
0.003425118047744036
0.009944329038262367
-0.0035753711126744747
-0.11061916500329971
-0.06075232103466988
-0.0644829273223877
0.06229044869542122
-0.0371931679546833
-0.0063553391955792895
-0.10573021322488783
-0.051918711513280875
0.006040226202458143
-0.004882467444986105
0.08612312376499176
-0.042894747108221054
-0.019430972635746
-0.0415915735065937
-0.06112882867455482
0.03416763246059418
-0.06550239771604538
-0.02356148511171341
-0.0902964174747467
0.09577159583568574
-0.0008996237302199006
-0.11197359859943389
-0.032806430011987686
0.0392967201769352
-0.03303203359246253
0.02023201435804367
-0.12080074101686476
-0.03942261263728142
0.06948043406009674
-0.03530437871813774
0.01443682424724102
-0.10465611517429352
-0.002215766813606024
-0.037631049752235406
-0.02417238242924213
-0.005466300528496504
-0.11370515823364256
0.03560386225581169
0.02343597635626793
0.047452200204133994
0.1237904503941536
0.005679154302924872
0.05777600407600402
0.028110707178711888
0.0013774273684248328
-0.07289712131023408
-0.0008666022913530469
0.010362036526203156
0.00600144499912858
0.11310714483261108
-0.01769694685935974
-0.08343492448329924
-0.04148508235812187
0.002359515521675348
0.03304983302950859
-0.06083967909216881
0.0338188111782074
0.0352565161883831
-0.041846301406621926
0.004234655294567347
-0.02831577137112617
-0.061861801892519
-0.06532866507768631
0.009689560160040855
-0.09237495064735411
-0.05775125697255135
-0.00722005171701312
-0.11347447335720062
-0.04126538336277008
-0.12173976749181747
-0.06858959794044495
0.020275291055440903
-0.07425267994403838
-0.06247549131512642
-0.12177267670631409
-0.028968559578061104
0.0924200564622879
0.07563050091266632
0.04502638801932335
-0.006323432549834251
-0.033850427716970444
0.06368616223335266
0.12965668737888336
0.10142330080270769
0.036557827144861214
0.05211498588323593
-0.0054053845815360555
-0.11214077472686768
0.0005923280259594321
-0.004396688658744097
0.03626765310764313
-0.061103377491235726
0.02840607985854149
0.05218921601772308
-0.02106389589607716
0.015313385985791683
0.018124327063560482
0.03633138537406921
0.025977961719036102
-0.12595011293888092
-0.02064140699803829
0.11012392491102219
-0.012714928016066551
-0.03481367602944374
0.010572735220193861
0.021077685058116913
-0.008662528358399868
-0.12474456429481506
0.01804444007575512
-0.018862375989556313
-0.035188209265470505
-0.02594064548611641
0.001234144321642816
-0.0003263220423832536
0.021302618086338043
0.028056036680936813
0.04866148903965951
0.09251825511455536
0.030587073415517807
0.0025754855014383793
0.02176623046398163
0.052889879792928696
0.0282917320728302
0.04606482014060021
0.004165681544691324
-0.0580967515707016
-0.04801908507943153
-0.05568036064505577
-0.11272932589054108
-0.05522030219435692
0.0383404828608036
0.0395735576748848
0.10117066651582717
-0.04421805590391159
0.05725403130054474
-0.0653323233127594
0.08769531548023222
-0.05663255229592323
-0.047056395560503006
-0.048947516828775406
0.006346256006509066
-0.04206773638725281
0.11131706833839417
0.02071431651711464
-0.08302590250968933
0.06828934699296951
0.052031837403774255
-0.024623824283480644
-0.006043718662112951
0.056579891592264175
0.014232972636818884
-0.019585004076361656
0.008149705827236174
0.07616517692804337
0.005439522210508585
0.0263474564999342
0.07073098421096802
0.03449643775820732
0.101588673889637
0.013761751353740692
-0.013437043875455856
-0.05918661132454872
-0.0585671029984951
-0.04671191051602364
-0.012712273746728895
0.07147620618343353
0.05608003214001656
0.03718072548508644
0.02285044640302658
-0.036091677844524384
-0.015063900500535963
0.026139285415410995
0.01986131817102432
-0.039993617683649056
-0.01992856711149216
-0.02616676688194275
-0.03886975720524788
0.11569029092788696
-0.048522483557462685
-0.10168477147817612
-0.09150970727205276
0.07141634076833725
-0.038982395082712167
0.030480666086077687
0.019147252663969997
0.009814731776714325
-0.035131990909576416
0.020058341324329376
0.048886287957429886
-0.04020876809954643
-0.03525591269135475
-0.030109718441963196
-0.02108764834702015
-0.004574071150273085
0.009145170450210573
-0.10230886936187744
0.04480681195855141
0.03461524099111557
0.05833513289690018
-0.10709172487258913
-0.051390502601861954
-0.08875395357608795
-0.05871105194091797
0.03798983618617058
0.04654088243842125
0.06428127735853195
0.05501995235681534
-0.05370097607374191
0.06858526915311813
-0.024025317281484604
0.014333990402519701
-0.07281772792339326
0.004183968994766474
-0.06541857868432999
0.05647546052932739
-0.03161568567156792
0.04373492673039436
-0.09582550823688508
-0.10304637253284454
0.026421859860420227
-0.06605469435453415
-0.030149530619382855
-0.0008625165792182087
0.14518313109874725
-0.07351878285408019
-0.07735618948936462
-0.016516845673322678
0.07271884381771086
-0.02179349213838577
0.06493774056434631
0.019757915288209915
0.02474017813801765
0.04717055708169937
0.0714438185095787
0.04277754947543144
0.03660676628351212
-0.004427066538482904
-0.11006709933280943
-0.020318102091550827
-0.02221289277076721
0.02487502247095108
0.08177085965871811
-0.030194062739610672
-0.07141473144292831
0.10978781431913376
-0.021818935871124268
0.07256991416215897
0.06211863830685616
-0.08814413100481033
0.053767237812280655
-0.08260778337717056
0.02903950586915016
0.0030264486558735366
0.0014326967066153884
0.008555315434932707
-0.0352010615170002
0.050211697816848755
-0.052133534103631966
0.05546662583947182
0.03118342347443104
0.017427871003746986
-0.020789097994565964
-0.036216113716363914
0.05481864884495735
-0.01961561292409897
-0.012180753052234648
-0.043811842799186713
0.012787850573658943
0.027166122570633888
-0.0446905829012394
0.10566972196102142
-0.026672648265957832
0.0072949291206896305
0.0007773194229230285
0.04071640595793724
-0.11464490741491316
0.033782172948122025
-0.03600321337580681
0.019734669476747513
0.020897796377539635
-0.04340817406773567
-0.1082283854484558
-0.06748742610216141
-0.08930028229951857
-0.10057258605957033
0.058980543166399
-0.024943914264440536
-0.017963824793696404
0.015211417339742184
-0.039921216666698456
0.03123248182237148
0.008485155180096626
0.08294442296028137
-0.03045535460114479
-0.03938726335763931
0.042957063764333725
-0.03160268813371658
-0.06428351253271103
-0.06311047822237015
0.07824968546628952
0.07210342586040495
0.024862654507160183
-0.11737212538719176
0.11351155489683153
-0.1262855678796768
-0.032923322170972824
-0.11460290104150772
-0.04521581903100014
0.09348975867033005
-0.08084058016538621
0.043014757335186
0.018458373844623566
0.05901547521352768
0.010270927101373672
0.08465653657913208
-0.055142953991889954
-0.007703116629272699
0.029303763061761856
0.0032766838558018208
-0.10837161540985107
-0.03783707320690155
-0.0298648402094841
-0.0907050371170044
0.008353630080819132
-0.008482800796627998
-0.02712327055633068
-0.0723448172211647
-0.018528521060943604
0.033226728439331055
-0.11209866404533386
0.04698530212044716
-0.020091168582439423
0.047203410416841514
0.007350290659815074
0.01521439105272293
-0.07493127882480621
0.026834169402718544
0.03952222689986229
-0.04877353087067604
-0.09229560196399687
-0.07634791731834412
-0.06219373270869255
-0.016348393633961678
0.11315806955099104
-0.028364170342683792
-0.07116004824638367
0.025212859734892845
0.0005395462503656745
-0.09360767900943757
-0.03689287602901459
0.1373239904642105
-0.0018923111492767928
5.4013333283364766e-05
-0.09752966463565825
-0.003892872016876936
0.03831367194652557
-0.1268616020679474
-0.09949426352977753
-0.08841121196746826
0.05777810141444206
0.007794738281518223
-0.040718745440244675
0.040193308144807816
-0.038856543600559235
0.020868873223662376
0.012132983654737473
-0.038061637431383126
-0.053381752222776406
-0.021429695188999176
0.02766248397529125
-0.029723424464464188
0.010463649407029152
-0.1296709030866623
-0.04261316731572151
-0.01313554123044014
-0.012274254113435744
0.017430134117603302
-0.037257004529237754
-0.0570799857378006
-0.007876516319811344
0.0737723782658577
0.045512955635786057
-0.001083043054677546
0.002218706998974085
0.0286516547203064
-0.025586625561118122
0.08477088809013367
-0.061365071684122086
-0.013171288184821604
-0.008188625797629356
0.01849423348903656
-0.1103752925992012
0.05923867225646973
0.029004892334342
-0.07220330834388734
0.07278716564178465
-0.029636282473802567
0.025457847863435745
0.03977577388286591
0.028600446879863736
-0.12019825726747511
-0.007270369213074445
0.09734261780977248
-0.03079625219106674
0.023300381377339363
0.046916935592889786
-0.05126117542386055
-0.024607913568615917
0.011603102087974548
0.01768401265144348
0.010803008452057838
-0.10217277705669404
0.08858691155910493
0.007737024221569299
0.06104246899485588
-0.0010012161219492555
-0.02561814710497856
-0.05323189124464989
-0.047088108956813805
-0.023663539439439774
0.005779291037470102
0.06995779275894165
-0.0978248044848442
-0.08664039522409439
-0.0004179399693384767
0.02721387520432472
0.04072396457195281
0.014413516037166119
-0.07234545052051544
0.013329227454960346
0.04387058690190315
-0.01890771836042404
0.015781685709953308
-0.06661979109048843
-0.005137084517627954
-0.03546450287103653
0.0003337770467624068
-0.002638745587319136
-0.004930091556161641
-0.06847957521677017
-0.08247575163841246
-0.042306728661060326
-0.0014422234380617736
-0.05601095780730248
-0.04928974807262421
-0.1182226687669754
-0.06324595212936401
-0.026578137651085854
0.010671146214008331
-0.07411922514438629
-0.022980697453022003
-0.007059338968247175
0.02023927494883537
0.009837402030825617
-0.1275874525308609
0.035556353628635406
0.044031944125890725
0.07793957740068436
-0.05418417602777481
0.02071477845311165
-0.02070777863264084
0.032077137380838394
0.006088079418987036
-0.007682911586016416
0.02922076918184757
-0.015461249276995657
0.0456637367606163
-0.056115705519914634
-0.05659304186701775
-0.06485173106193542
-0.024925643578171727
-0.018652385100722313
0.02844362147152424
0.0015360288089141247
-0.08405417203903198
0.15091614425182343
-0.03987140953540801
0.01771930418908596
-0.05784760043025017
-0.003393405582755804
0.041237644851207726
0.04301287606358528
-0.008110784925520418
0.03611036017537117
0.05495426431298256
-0.06944995373487473
-0.026672327890992165
-0.02736903354525566
-0.04017134383320808
0.06508533656597137
0.011265190318226814
-0.0021992898546159267
-0.017412275075912476
-0.12412495911121368
-0.13648054003715515
0.09485742449760436
0.005316407885402441
0.09108947217464448
0.02559223771095276
-0.05663584172725677
-0.016727669164538383
0.02173055149614811
-0.030894428491592407
-0.07875169068574905
-0.009778239764273167
-0.05661129206418991
0.015500836074352264
-0.025846449658274647
-0.05710775777697563
0.06026866286993027
-0.10880377888679504
0.03167303651571274
-0.019206367433071136
-0.052820425480604165
0.06326556950807571
-0.09375189244747162
0.016626255586743355
0.041014183312654495
-5.769194103777409e-06
-0.11682237684726716
-0.05337713286280632
-0.00940173864364624
0.11127112805843352
0.14907191693782806
0.04234537109732628
0.020445764064788815
-0.002368342597037554
0.019933117553591728
-0.06590840965509415
-0.14430662989616394
-0.031051281839609143
-0.08026879280805588
-0.08571401983499528
0.010472959838807583
-0.08395665884017944
-0.05349161103367805
0.0783437043428421
0.0009384121512994169
0.07913943380117416
-0.020793279632925987
0.020551545545458797
-0.03835335746407509
0.07006575167179108
-0.010133691132068634
0.048983566462993615
0.08941304683685303
0.030614731833338737
-0.03289960697293281
0.11312641203403472
0.0012701222440227866
0.013185827061533928
0.08809047937393187
-0.01726112700998783
-0.12460079789161682
-0.013894645497202871
0.044163379818201065
-0.02694191597402096
0.008366234600543974
-0.04477987810969353
-0.07784920930862425
0.10037965327501296
-0.01624692790210247
0.031388893723487854
0.08547627180814743
-0.10304389894008636
-0.03083004057407379
0.02316412329673767
-0.018173094838857647
-0.010670104995369911
-0.010045794770121574
0.0004260143032297492
-0.03221653774380684
0.053624633699655526
0.04127344116568565
-0.0655832514166832
0.04110638052225113
0.13473692536354065
-0.0330437570810318
-0.01778310537338257
0.04161670431494713
0.059874065220355994
-0.0366663634777069
-0.04555714130401611
-0.09457382559776306
-0.04137043282389641
0.01618419773876667
-0.0021996456198394294
-0.06585926562547684
-0.051095880568027496
0.009606635197997091
0.027644697576761246
0.05108746513724327
-0.0005776673788204789
0.05246546491980553
-0.05126126483082771
0.020240411162376404
0.019348330795764923
-0.01652778685092926
0.08930867910385133
0.01468653604388237
-0.01759343594312668
-0.04750225692987441
-0.03642895445227623
0.04436855390667915
0.02388816513121128
-0.02943121828138828
0.04649662971496583
0.03228459879755974
0.1006844937801361
0.12888787686824799
-0.0382872149348259
0.021821998059749603
-0.004616458434611559
0.08577115833759309
-0.0986342206597328
0.05349249765276909
-0.0155568178743124
0.004252506885677576
0.031857509166002274
0.019933147355914116
-0.10387622565031052
0.013182222843170166
-0.08856690675020218
-0.004387435968965292
0.03402319923043251
0.025858066976070404
0.012578014284372328
-0.11917316913604736
-0.04679503291845322
-0.05402698740363121
0.02722513675689697
0.05813050642609596
-0.07109296321868896
0.002989017404615879
-0.002395224291831255
-0.1122591495513916
0.02863346040248871
0.0924474075436592
0.026213932782411572
-0.0633159726858139
0.023018658161163327
0.010762996040284632
-0.08304320275783539
0.0011058406671509147
-0.04256578162312508
-0.017038363963365555
0.023121021687984463
0.08922731876373291
-0.07043237984180449
0.0930476188659668
-0.09821996837854384
0.1112234741449356
-0.09831272065639497
0.0537349171936512
0.03663786873221397
0.0635148137807846
-0.0821302980184555
-0.05718652904033661
0.03537881374359131
0.02196985855698585
0.02323458157479763
0.012355544604361056
0.053466714918613434
-0.0864240825176239
0.07449419051408766
0.008465543389320374
-0.04348631575703621
-0.05673863366246224
-0.10825517773628233
0.08553893864154814
0.0643392950296402
-0.03581709787249565
0.034962814301252365
-0.004204160999506712
0.07617412507534027
-0.004233387764543295
0.04487353935837746
-0.01511896587908268
-0.04807492718100548
0.012099280953407288
-0.013661626726388931
0.03632882609963417
-0.0008393438765779138
0.026058943942189217
0.05608992651104927
0.016418391838669777
-0.08262520283460617
-0.0037314514629542823
0.11211168020963667
-0.1002228632569313
-0.05570236593484879
-0.08394497632980345
0.052256550639867776
0.05564480647444725
-0.0024525378830730915
-0.10758779942989348
-0.05022157728672028
-0.019346980378031727
-0.009671302512288094
-0.10108719766139984
-0.02685492113232613
-0.030252184718847275
0.1532430797815323
0.021446093916893005
0.05255929753184319
-0.008385179564356804
-0.010737108066678047
0.0751733183860779
-0.02578555792570114
-0.024237878620624546
-0.0650433823466301
-0.03734287992119789
-0.10536716878414154
0.03754865750670433
0.08680900931358337
0.13138633966445923
0.012226414866745472
0.031029190868139263
0.009563878178596497
0.010840639472007751
-0.051277536898851395
-0.034417252987623215
0.036367941647768014
-0.04685535281896591
-0.03237280249595642
-0.06883065402507782
0.02820858545601368
0.0021445159800350666
0.04011867567896842
-0.10142813622951508
-0.044068854302167886
-0.01830729842185974
-0.11068734526634216
-0.07617340981960297
-0.09438271820545197
0.09844489395618439
0.023582167923450467
-0.05117045342922211
0.033358585089445114
0.025223221629858017
-0.0008166589541360736
0.002192735206335783
0.09320976585149764
0.046213004738092416
-0.01302086655050516
0.015603546053171156
0.030193055048584935
-0.11228174716234209
-0.027466407045722008
0.03010917827486992
0.03879555687308312
-0.08552527427673341
-0.0831226110458374
-0.010231941938400269
-0.010248097591102123
0.046152476221323006
-0.022076949477195736
0.11917395144701004
-0.12403139472007751
0.016397209838032722
0.07009634375572205
-0.10236245393753052
-0.05819692462682724
0.03908033296465874
-0.1313852220773697
-0.0030612903647124767
0.06295331567525864
-0.05816474184393882
0.008626027032732964
0.013545792549848557
-0.08877753466367722
0.009435959160327911
-0.036874916404485696
-0.027291879057884216
0.09287451207637785
-0.033685728907585144
-0.03470369428396225
-0.0815144032239914
-0.026082150638103485
0.020638369023799896
0.03307728469371796
0.02207939513027668
0.007148053962737322
0.04535419121384621
0.12435520440340042
-0.09140381217002867
0.0432882122695446
0.050019219517707825
0.013183006085455416
-0.07978489995002745
-0.04722833260893822
-0.07071749866008759
-0.10958486050367355
-0.0638512447476387
-0.02736320532858372
-0.057516898959875114
0.05123620107769966
0.11761385202407836
-0.03523414582014084
-0.10488877445459364
0.012525633908808231
-0.09430630505084991
0.04777169600129128
0.006496945861726999
-0.001691745244897902
0.032348308712244034
-0.04402383044362068
-0.113320991396904
-0.05867244675755501
0.018342819064855572
0.0017640612786635756
0.02089010365307331
0.044790323823690414
-0.026905149221420288
-0.055940184742212296
0.012371744960546492
0.05166080966591835
0.018943609669804573
-0.038096990436315536
0.08596143126487733
-0.04279015585780144
-0.040322039276361465
0.051656231284141534
0.0011858012294396758
-0.010105108842253683
-0.08904445171356201
-0.0953523963689804
-0.1131710410118103
-0.04593745246529579
0.055780209600925446
0.004881341475993394
0.06182943284511566
-0.008948408067226412
0.00369509169831872
-0.1014762967824936
-0.0655246302485466
-0.00885012373328209
0.038521483540534966
0.06992208957672119
-0.10750328004360198
0.04755731299519538
-0.06622707843780518
0.0279509536921978
-0.025808779522776604
-0.09229452162981032
-0.01844172924757004
0.07609306275844574
-0.08901876956224442
-0.02800757624208927
0.012383019551634789
0.024599287658929825
-0.04045822098851204
-0.06864168494939804
0.055638987571001046
0.007797134574502706
-0.03990628570318223
-0.06843589246273041
-0.0009594630682840944
-0.10134816914796828
-0.09512729942798615
-0.02307094074785709
-0.01522969827055931
0.033379096537828445
0.10680405795574188
-0.0639781504869461
-0.041524488478899
-0.0018849537009373307
0.029118869453668594
0.026302373036742207
-0.012954751029610632
0.013424532487988472
0.06930816918611526
0.09372030943632124
0.0007866512751206756
-0.07033133506774902
-0.05146636068820953
-0.034569151699543
-0.022813329473137852
-0.04541832581162453
-0.029195617884397503
-0.04069093987345696
0.07867796719074249
0.032469313591718674
-0.08398352563381195
-0.04105725511908531
-0.037317909300327294
-0.029031081125140194
-0.03392349183559418
-0.10212935507297516
0.07681824266910553
0.008200660347938538
-0.11432117223739624
0.048450965434312813
0.05330998823046684
0.013074461370706558
-0.09057778865098952
-0.03280185163021088
0.022943183779716488
0.06603744626045227
-0.10784407705068588
0.0686074048280716
-0.029412271454930305
-0.034929633140563965
0.12227975577116013
0.023765990510582924
-0.09025390446186064
-0.06401517987251282
-0.02117232419550419
0.07334010303020477
-0.06386417150497437
0.07583374530076979
-0.07715620100498198
-0.0888432562351227
-0.05528448149561881
-0.04460182413458824
-0.11739415675401688
-0.02206390351057053
-0.0023960485123097897
0.05050836130976677
-0.006577195134013891
-0.06387966871261597
-0.035000111907720566
0.08205762505531311
-0.11449898779392242
0.04530078917741776
-0.01714641973376274
-0.0038312184624373913
-0.009731024503707884
-0.0007695403182879089
-0.006636583711951971
-0.024597566574811932
0.011366740800440311
-0.10336199402809144
-0.07070357352495193
-0.07975648343563078
-0.11896073818206788
-0.12297581136226654
0.004215756896883248
0.03965050727128983
-0.058199848979711526
-0.023310085758566856
-0.04833484813570976
0.026780268177390095
-0.0397685132920742
-0.03746870160102844
0.04108915477991104
0.02258232980966568
-0.09093877673149107
0.06865207850933075
0.0007086315890774131
0.1004057228565216
-0.048317056149244315
-0.027391724288463593
-0.08300382643938065
0.06400890648365021
0.032131340354681015
-0.05855856090784073
-0.02258154004812241
-0.12723420560359955
-0.11541225016117096
0.017710339277982712
0.035729605704545975
0.06367774307727814
0.015473848208785055
0.032829634845256805
0.048882603645324714
-0.021590780466794968
0.0013333227252587676
-0.03005289100110531
-0.023978462442755696
0.09644107520580292
-0.016683893278241158
0.05059152469038963
0.017406227067112923
-0.06342332065105438
-0.08961346000432968
-0.02461962588131428
0.04258080199360848
-0.019140563905239105
-0.015086743980646132
-0.046810369938611984
0.026575263589620594
0.009789765812456608
-0.045562222599983215
-0.07461933046579361
-0.013073448091745377
-0.09048796445131299
0.0037955143488943577
-0.011812606826424599
-0.08485422283411026
-0.07192058861255646
-0.001025297329761088
-0.043882567435503006
0.043706178665161126
0.010531842708587646
0.06355232000350952
-0.05373970046639442
-0.05424639955163001
0.1302327662706375
-0.09796600043773651
0.03439195081591606
0.04629115387797356
-0.05962371826171875
0.0234853308647871
-0.003239752259105444
-0.01839770376682281
0.09242065250873564
0.033631376922130585
0.015958834439516068
-0.0009556092554703354
-0.019516482949256897
-0.021308641880750656
0.04943932220339775
-0.059670958667993546
0.06132436916232109
-0.006073144730180502
0.0042608496733009815
-0.013468874618411064
-0.011311005800962448
-0.04309956356883049
0.0006809945916756988
0.002288524527102709
-0.026472199708223343
-0.046457361429929726
-0.0690537542104721
-0.055450282990932465
0.013869054615497587
-0.039110396057367325
0.029472511261701584
0.04241551831364632
-0.025654997676610943
0.04225372895598412
-0.023544512689113617
0.04901725798845291
-0.008949871174991129
-0.013373478315770626
0.001762628904543817
-0.07082400470972061
-0.003019607160240412
0.018499994650483128
-0.004180773627012968
-0.0539938360452652
-0.029205698519945145
-0.01894269324839115
-0.08458906412124634
-0.057223092764616006
0.029537150636315342
-0.05975473299622536
0.022871341556310654
-0.05656725913286209
0.03446311876177788
0.056816477328538895
-0.031821638345718384
0.006320540327578783
0.0359145849943161
0.061362113803625114
0.05748936533927917
-0.02139301784336567
-0.09029886126518248
-0.008796943351626396
0.04530084878206253
-0.07703597843647003
0.05433372780680656
0.10244572162628172
0.011668412014842032
0.03082243353128433
0.048479635268449776
-0.08326300978660582
-0.11350440979003906
-0.08195790648460387
0.073925644159317
0.01019239705055952
-0.07002328336238861
-0.02649841830134392
-0.11182357370853424
-0.11113940924406052
0.14497891068458557
-0.07829036563634872
0.17818255722522736
0.04306242987513542
-0.02823523059487343
-0.028343250975012776
0.08184096217155457
0.08039984107017517
-0.010015880689024923
-0.12427596747875212
-0.05711505189538001
-0.08719413727521896
0.021635863929986957
0.03189222887158394
0.08866276592016221
-0.03746497631072999
-0.08913418650627136
0.075095996260643
-0.06617812067270279
0.07819597423076628
0.027935970574617382
0.05043715983629227
-0.0024908496998250484
0.005487610120326281
-0.0560590960085392
-0.00954643916338682
-0.06245287135243416
-0.11604360491037367
-0.09132924675941469
-0.040403906255960464
-0.03943971171975136
0.003497995901852846
-0.05347774550318717
-0.019859470427036285
-0.07586699724197388
-0.11500269174575804
-0.01280989684164524
-0.026818333193659782
0.01024462841451168
-0.03865319862961769
-0.11635658890008926
-0.046826303005218506
-0.013690942898392676
-0.03764225542545319
0.09078360348939896
-0.03288627788424492
-0.1199563518166542
-0.0071330773644149295
0.05152958258986473
0.13554717600345612
0.024626722559332848
-0.04356591403484344
-0.007483601104468107
-0.005848609376698732
0.008536766283214092
0.0072412402369081965
-0.022368058562278748
0.04661392420530319
0.00418695481494069
0.033555421978235245
0.016063688322901722
-0.06432944536209105
-0.1196869909763336
-0.04882338270545006
-0.0716429203748703
0.13805155456066132
0.03281210735440254
-0.0506637804210186
-0.046133179217576974
-0.06763437390327454
0.1140921264886856
-0.04055223986506462
0.14164604246616364
0.021850470453500748
-0.0003561970079317689
0.02907183393836021
0.012443643063306808
-0.12198800593614578
0.010005559772253036
-0.0007105140248313545
0.1358889490365982
-0.013451708480715752
0.10320012271404266
0.025335704907774925
-0.01692400872707367
-0.04778109490871429
0.0887417048215866
0.016769830137491226
-0.01072196289896965
0.06147381663322449
-0.034276995807886124
0.005306345876306295
0.0008663259213790298
0.04280000552535057
-0.08357721567153929
0.012200593017041683
0.13231104612350464
0.031736500561237335
0.03963065519928932
0.013432863168418407
0.10381362587213516
0.02234111726284027
0.08109539747238158
-0.03996362537145615
-0.006350409705191851
-0.11792978644371031
-0.10913893580436707
0.004443089943379164
0.0286165364086628
0.05366948992013931
0.03396597132086754
0.022808343172073364
-0.02123771607875824
-0.027406515553593636
-0.03851190209388733
0.04091333597898483
0.015107936225831509
0.08416530489921571
-0.02157781831920147
0.06223766878247261
-0.116621196269989
-0.06886091828346252
0.02384773828089237
0.12139143794775008
-0.011571835726499556
0.046761762350797646
0.021904705092310905
-0.08090557157993315
-0.10506647825241087
0.1009327545762062
-0.04740458354353905
-0.051123347133398056
-0.126098170876503
0.02772011235356331
0.02296864613890648
-0.09664396196603776
-0.019936759024858475
0.06423496454954147
0.027032654732465744
-0.004186186473816633
-0.017627380788326263
-0.08069844543933868
0.07543174177408217
0.062838613986969
0.05297495424747467
0.036259550601243966
0.01591408438980579
-0.05372171849012375
-0.047854743897914886
-0.06343412399291992
0.013847618363797665
0.03957228735089302
0.143989697098732
0.06342855840921402
-0.05372158065438271
0.09935567528009415
-0.02008288167417049
-0.005762554239481688
0.03121219575405121
0.12558865547180176
0.02907512336969376
0.06776867061853409
0.054365452378988266
-0.052744928747415536
-0.07063264399766922
0.027072425931692123
0.03708877041935921
-0.09360717236995696
-0.08314259350299835
-0.030466351658105847
0.03907904401421546
-0.0034198896028101444
0.06410287320613861
-0.11581040918827055
0.030274393036961555
-0.09538662433624269
0.0921165645122528
-0.07317953556776047
0.03842772915959358
-0.02558808960020542
-0.08827169984579086
0.02776151522994041
0.04462379589676857
0.01871366798877716
-0.0023416080512106414
0.052552346140146255
0.016980351880192757
0.04162205383181572
0.03742676973342896
-0.09533727914094926
0.0003096837317571044
-0.013559885323047636
-0.07099509239196777
-0.055537149310112
0.03738493099808693
-0.02526439167559147
-0.014256684109568596
0.06744234263896942
0.03591914102435112
-0.044073019176721566
0.032450515776872635
-0.010120781138539314
-0.0028565353713929653
-0.07201354205608368
0.031519535928964615
-0.08918790519237518
-0.039589036256074905
0.07497200369834901
-0.13273382186889648
-0.015736019238829613
-0.10189567506313324
0.014867870137095451
-0.08670923113822937
0.004969030153006315
-0.06739280372858047
0.004915965255349874
-0.011082647368311882
0.028433699160814285
0.00991411879658699
-0.11419680714607237
-0.05359737575054169
-0.02446386218070984
0.047300439327955246
-0.0414343886077404
-0.012986306101083755
0.10375960916280746
-0.09211403876543044
-0.013113645836710928
-0.04057430103421211
0.006576888728886843
0.02393263950943947
0.1441456526517868
0.06794095039367676
-0.0039999489672482005
-0.04527539387345313
-0.03399522602558136
-0.03298763558268547
-0.07359902560710907
-0.016939565539360046
-0.007233507465571165
0.022203175351023677
0.02006809413433075
-0.09547229111194609
-0.06182609871029854
0.09057413041591644
-0.009111570194363594
-0.019837429746985435
0.02974426746368408
-0.04753873869776726
-0.0424327589571476
0.0774758905172348
0.04187704995274544
-0.010833533480763435
-0.007786344271153212
0.014236768707633018
-0.11404979228973389
-0.03101212903857231
-0.04063177108764648
0.12262295186519621
0.03355555608868599
0.007523047272115946
-0.006100102793425322
0.08681868016719818
-0.046497583389282234
0.08462095260620117
-0.04823283851146697
-0.03501475974917412
-0.08849145472049713
-0.015590682625770569
-0.0423084832727909
0.014421820640563965
0.04789728298783302
0.01233864575624466
0.001730890362523496
0.013751232996582983
-0.021469758823513985
0.0063498797826468945
0.013429454527795315
-0.07080359011888504
0.07011778652667999
-0.08829762786626814
-0.0323767252266407
0.010517800226807594
0.024618590250611305
0.0864255353808403
-0.03452305868268013
-0.08210401982069014
-0.10506188124418259
-0.08381086587905884
-0.07609253376722336
-0.002926215995103121
0.012425602413713932
0.03436672315001488
-0.056332767009735114
-0.07399845123291014
0.00713534327223897
-0.06904993951320648
0.03369152918457985
0.10697734355926512
-0.0099384356290102
-0.04240453615784645
-0.02326024509966373
0.04723979905247688
-0.009454268962144852
-0.0031112092547118664
0.007527655456215142
-0.07834170758724211
0.004502702970057726
-0.010945379734039307
0.1497393399477005
0.04829187318682671
-0.06305263191461563
0.022672416642308235
0.016091790050268173
0.05107218399643897
-0.1117587387561798
-0.03910012915730476
-0.08079760521650313
0.05549649521708488
0.0019089713459834456
0.0026149568147957325
0.01956011727452278
-0.05823770165443421
-0.015492444857954977
0.1085558831691742
0.0028480836190283294
-0.037942886352539056
-0.044132087379693985
-0.11609536409378052
0.04402483627200127
0.03188033401966095
-0.04245282337069512
-0.003965660464018583
-0.004856870975345373
-0.0996456891298294
-0.008841099217534065
0.05907874554395676
0.05155987665057182
-0.05361660569906235
-0.00696721812710166
0.046668458729982376
0.04392726719379425
-0.01054602488875389
-0.01910644769668579
0.11064231395721436
0.16208867728710175
-0.039373066276311874
-0.009018435142934322
0.0962376669049263
0.00965467095375061
0.044915180653333664
-0.015997499227523804
0.035255707800388336
0.08641782402992249
-0.03782137855887413
0.1623934656381607
-0.120076023042202
0.06930437684059143
-0.007068020757287741
0.06454455852508545
-0.0486694872379303
-0.019655203446745872
0.025869637727737423
0.0450790710747242
-0.06616689264774323
0.06566692143678665
-0.09730364382266998
0.032239336520433426
0.07509081065654753
-0.0985141545534134
-0.04798812791705132
-0.08264303207397461
-0.0019788066856563087
0.0035749473609030247
-0.06492257118225098
-0.0019518412882462144
-0.076187402009964
-0.01549609750509262
-0.037715870887041085
0.007157385814934969
-0.07186111062765121
-0.04557587578892708
-0.008482269011437893
-0.051767703145742416
-0.07308962941169737
0.01459665596485138
-0.06613340973854065
0.018581813201308247
-0.07704992592334747
-0.1022949069738388
-0.07370401918888093
-0.054573658853769295
0.024550102651119232
-0.1137031614780426
-0.045890901237726205
-0.04951514676213264
-0.0038584950380027294
-0.029232237488031387
-0.07075449079275131
-0.033386681228876114
0.11163211613893508
-0.08987665176391602
-0.029427181929349896
-0.001909840502776205
-0.1112501546740532
0.03312795236706734
-0.044167861342430115
0.029745440930128098
-0.02975451573729515
-0.06041303649544716
0.021516377106308937
0.05323006585240364
0.020689247176051136
0.08148157596588135
0.034456104040145874
-0.024464497342705727
-0.001527430140413344
0.17165379226207733
-0.1288832575082779
0.07893496006727217
-0.01320174802094698
-0.11304815858602524
-0.06233740970492362
-0.13002482056617737
-0.05823482945561409
-0.007819255813956259
-0.06354112923145294
0.046657245606184006
0.04648687317967415
-0.0028870576061308384
-0.0021160631440579887
-0.052162859588861465
-0.08733849972486496
-0.0727398693561554
0.06167984008789063
-0.07920825481414795
-0.022005012258887287
-0.04896957054734231
-0.05604666844010353
-0.11889053136110304
-0.044142942875623696
0.02795109525322914
-0.024001743644475937
-0.10517747700214385
-0.08271870017051695
0.010261526331305504
0.1327693909406662
0.0055956756696105
0.04292907193303108
0.023087158799171448
-0.025431253015995026
0.013393476605415344
0.0229802206158638
-0.10583655536174774
-0.039293598383665085
0.17069925367832184
0.03616005927324295
-0.06460388004779816
-0.07040877640247345
0.04578518494963646
-0.0626862645149231
-0.06603457033634186
0.053961295634508126
0.08954937011003494
-0.022051457315683365
-0.05568057671189308
-0.110470712184906
0.10574090480804443
-0.09830175340175629
-0.02878669649362564
0.09164911508560179
-0.016857489943504333
-0.05857103317975998
-0.08656422793865204
-0.048665702342987054
0.07605352997779846
0.052582673728466034
-0.008905872702598572
-0.12135042250156403
-0.016288727521896362
-0.047402601689100266
0.11381401866674425
0.006086679641157389
-0.07033790647983551
-0.07701129466295241
0.11172612756490707
0.005193394143134356
-0.006663379725068808
-0.03987999260425568
0.032049771398305886
-0.03179632127285004
0.016502162441611287
-0.020139716565608975
-0.08089464902877806
-0.01855020597577095
-0.02577292174100876
-0.09441964328289033
-0.03424160182476044
0.04252816736698151
0.006214566994458437
-0.005015962291508913
-0.06481830775737761
0.09392696619033811
0.1122547462582588
0.018500136211514473
-0.08540970832109451
-0.0631403774023056
0.010682406835258009
0.00038396136369556183
-0.002059607300907373
-0.015781769528985023
-0.04334641620516777
0.06291246414184569
-0.02859504334628582
-0.027633775025606155
-0.024261526763439175
7.272872608155011e-05
0.009037161245942116
-0.01739615574479103
0.055243413895368576
0.0013303871965035796
-0.06820811331272125
-0.018925352022051808
-0.12087809294462204
-0.05851295217871665
-0.08060657232999802
0.024851232767105103
-0.026966674253344532
-0.007071893196552992
-0.10704442858695984
-0.03219520300626755
-0.03730947896838188
-0.005575063172727823
0.0013094715541228652
0.022676484659314156
-0.02852007746696472
0.01526704616844654
-0.06315185129642487
0.03906436637043953
0.07844631373882292
0.007063189987093209
-0.02027178928256035
0.14602890610694885
0.02991097792983055
-0.09041213989257811
0.1170760467648506
0.05252380296587944
0.01674055866897106
-0.11281505972146988
0.032920729368925095
-0.07162154465913773
0.04395577684044837
-0.03417295590043068
0.04426167532801628
-0.0018406609306111927
-0.12037836760282516
0.014650097116827965
0.06893123686313629
-0.013882438652217388
0.11664378643035889
-0.0026622633449733257
-0.008941331878304482
-0.04725369438529015
0.015130562707781792
-0.10103914886713028
0.015412142500281332
0.10573460906744005
-0.01995435729622841
-0.026498947292566296
-0.09312620013952257
-0.1139714866876602
-0.04539994522929192
0.027693795040249825
0.0813843533396721
0.016161996871232986
-0.005717964377254248
-0.030976276844739917
0.01540842279791832
-0.03143730387091637
-0.011570079252123833
-0.027873894199728962
0.03556808456778526
-0.019195742905139923
-0.013417771086096764
-0.017383845522999763
0.014225880615413187
0.000513098551891744
-0.012990877032279968
0.07629960030317305
-0.0024614171124994755
-0.053526084870100014
-0.0177313219755888
-0.0015592077979817986
-0.08792833983898163
0.10514795780181883
-0.07454686611890794
0.04295714944601058
-0.0017057281220331788
-0.013996524736285208
-0.06968140602111816
-0.060694117099046714
-0.038100697100162506
-0.03805585950613022
-0.11568133533000946
-0.018788691610097885
-0.006450902204960585
-0.1353519111871719
0.03838702663779259
-0.10745875537395476
0.007947826758027075
-0.040741566568613045
-0.06375667452812195
0.03442932665348053
0.049180615693330765
-0.06662634015083313
0.006027324590831995
-0.11519286036491394
0.018522534519433972
0.050346340984106064
0.0805865228176117
-0.1198410987854004
0.006422007922083139
-0.02642490901052952
0.029189355671405792
-0.0003428641939535737
-0.035059403628110886
0.09302370995283127
-0.014077261090278624
-0.023573318496346477
-0.03033124655485153
-0.07100200653076172
-0.02961128763854504
-0.04856164380908012
0.06109332293272018
0.05251176282763481
-0.04139331355690956
0.02146335504949093
-0.01674290746450424
-0.014103404246270657
-0.013118163682520388
0.005675716791301966
0.039989322423934937
-0.07078514993190765
-0.0023755179718136787
0.04549320414662361
0.043818686157464974
-0.002505179028958082
-0.015416072681546211
-0.07453324645757675
0.047364842146635056
-0.11232474446296692
-0.013214610517024992
0.005880738142877817
0.02297830581665039
-0.005174965132027864
-0.10665056109428404
0.008826095610857012
0.026155319064855572
-0.050079558044672005
-0.03467719256877899
0.031634051352739334
-0.02543412148952484
0.014708830043673515
-0.08544319868087769
-0.030487507581710812
-0.0074004889465868464
-0.05982901155948639
-0.00736549822613597
-0.03300420567393303
0.0016342116286978123
-0.064548060297966
-0.09828570485115053
0.01547175459563732
-0.05728056654334068
-0.010254420340061188
-0.02721313573420048
0.06160309538245201
-0.026275375857949257
0.010643788613379
0.05165645480155945
0.02534739300608635
-0.0022020940668880935
-0.020314183086156845
0.01901014894247055
-0.004133399110287428
0.07741904258728027
-0.10898929834365843
0.0068173189647495755
-0.08563829958438873
0.07171474397182465
-0.06167551502585411
0.07637100666761398
0.004367260728031397
-0.0004711464280262589
-0.088083952665329
0.07361620664596556
0.15211763978004456
-0.038370009511709206
0.04279652610421181
-0.12293969839811324
-0.00048588367644697433
-0.011371158063411713
-0.015058940276503561
0.0746655762195587
-0.03526441007852554
-0.11096160113811492
0.07089966535568237
0.0006585739320144057
0.01027817279100418
-0.07612597942352296
-0.04294348880648613
-0.06310819834470749
0.006281160283833742
-0.0411440059542656
-0.01489122025668621
-0.06516176462173462
-0.00027477520052343607
-0.047412924468517297
0.08318533003330231
0.046475235372781754
-0.10046054422855376
-0.000576673890464008
0.011130591854453087
0.05452286824584007
-0.11089994013309477
-0.04448001459240913
-0.07657860964536665
0.05094999819993973
-0.11564821749925612
-0.04988187551498413
-0.025519179180264473
-0.040880512446165085
-0.035207901149988174
0.056764062494039536
-0.008160606026649475
-0.0754600316286087
-0.004270268138498068
0.08176682889461517
0.04846489056944847
0.016848092898726463
0.06005380302667618
0.02395700477063656
-0.05846310406923294
-0.07207214832305907
-0.09092208743095397
0.04073719307780266
-0.07853063195943832
0.04174945876002312
-0.046085096895694726
-0.05591332539916039
0.01151290349662304
0.12332697957754137
-0.11565526574850082
0.004395251628011465
0.07403438538312912
0.01928134635090828
-0.01692218147218227
0.07818844914436339
-0.08101335167884825
-0.09653031080961229
0.09673420339822768
0.017317529767751694
0.07319255918264389
-0.1138082668185234
0.00928028766065836
-0.03447612002491951
0.028692672029137608
-0.01019207015633583
-0.03565279766917229
-0.004597411956638098
-0.04333064332604408
-0.054115336388349526
-0.05856811627745628
-0.03050330281257629
-0.02484947443008423
-0.04623816534876824
0.012866167351603508
0.015965208411216736
-0.06601116061210632
-0.0902976542711258
0.03667036443948746
-0.006634680088609457
0.07051481306552887
0.039452467113733285
-0.023120423778891563
-0.01000748760998249
-0.04326507821679115
0.007716883439570665
-0.04546113684773445
0.04371549189090729
-0.010018423199653624
-0.04210337623953819
-0.03496941179037094
-0.08293081074953078
0.16153617203235626
0.03980879113078117
0.02640113979578018
0.007179195526987313
-0.09064421802759169
0.09714190661907197
-0.026631442829966545
-0.0043533570133149615
0.015140584670007229
-0.10781265795230864
-0.0029637510888278484
0.01988246850669384
0.06776981055736542
-0.07418972253799438
0.026178091764450077
0.00336010055616498
-0.043363220989704125
0.013770053163170815
-0.011976344510912895
-0.0817667543888092
0.009506885893642902
-0.12108082324266432
-0.02925621531903744
-0.04173560068011284
0.014252956956624985
-0.040687862783670425
0.056181542575359344
0.03884241357445717
-0.054013077169656754
-0.07280699908733368
-0.017256641760468483
-0.03174522891640663
-0.05687052011489868
0.013352375477552412
-0.06174682453274727
0.05765325948596001
0.020401563495397568
-0.0018239064374938607
0.0721515417098999
-0.0054253232665359965
0.004471377935260534
-0.05757473781704903
-0.0919361412525177
-0.023596175014972687
-0.03416786715388298
-0.02508302964270115
0.06664468348026276
0.033647432923316956
0.026265192776918408
0.0240156315267086
0.09388960897922516
-0.07818293571472168
-0.04606683179736137
-0.0255039855837822
-0.08281446993350983
-0.04979854822158813
0.04096315428614616
-0.05007251724600792
0.07454925775527954
0.012937132269144058
-0.07442259788513182
0.053532063961029046
0.056704744696617126
-0.11587674915790556
0.13984966278076172
0.07430646568536758
0.05326062813401222
0.13450464606285095
0.04601481929421425
-0.04784291237592697
0.08482382446527481
-0.07223464548587799
-0.1023850068449974
-0.08271623402833937
-0.029675738885998722
-0.05988516658544541
0.10750482976436614
-0.033677998930215836
-0.1064399629831314
0.014482547529041769
0.023536475375294685
-0.12174533307552336
0.10054478794336318
-0.045748282223939896
0.10946392267942429
0.01770864799618721
0.1038208156824112
-0.0066354419104754925
0.03844759613275528
-0.07163599133491516
0.011400626972317696
-0.05409177765250205
0.012211726978421211
-0.08070483058691023
-0.03929566964507103
-0.027807872742414474
-0.008476784452795982
0.04720401391386986
0.043062563985586166
-0.04369344562292098
0.026909077540040016
0.03256755694746971
-0.06905974447727203
0.052112679928541183
-0.054039627313613885
-0.08198964595794676
0.042475637048482895
0.03845176473259926
0.0596703477203846
0.03948390856385231
-0.10937333106994628
-0.015758171677589417
0.040278639644384384
-0.024955779314041138
0.01744990423321724
0.009503956884145737
-0.00817275792360306
-0.009399123489856722
-0.08644145727157591
-0.03467700257897377
-0.04151245951652527
0.08047205209732054
-0.010836783796548843
0.019528284668922424
0.017096176743507385
-0.11290860176086424
0.01674145460128784
0.07469965517520905
-0.06654906272888184
-0.037851743400096886
0.06743119657039641
0.06739303469657898
0.06746476143598557
-0.045828618109226234
0.005408321041613817
0.04984627664089202
0.07491871714591981
0.02348603121936321
0.008311172947287558
-0.025245480239391327
0.06438323855400085
-0.03520702198147774
-0.11675520986318588
0.04664356261491776
0.15127201378345487
-0.043818321079015725
0.09731550514698029
0.02044449374079704
-0.007674632128328085
-0.04773985967040061
0.014828898012638092
-0.10674849152565002
-0.11001532524824142
-0.013165824115276337
-0.10068579018115996
0.03555988892912865
-0.06244466826319695
0.00938744843006134
-0.0833849161863327
-0.07079706341028214
-0.0458390899002552
-0.01037581730633974
-0.024710556492209435
0.03342149034142494
0.09598015993833539
-0.059333890676498406
0.08978419750928879
0.039425283670425415
0.1139094829559326
-0.10579742491245268
0.05686710029840469
0.028901990503072735
-0.058714911341667175
0.00024027691688388583
0.009150589816272257
0.01943079382181168
0.029984373599290848
0.14697526395320892
-0.1206025183200836
-0.09586549550294877
-0.10237643122673035
-0.09558936208486557
-0.06696475297212601
-0.0571574755012989
-0.0723983347415924
-0.007320560049265622
-0.08144865930080412
0.032553780823946
-0.013714082539081572
0.01965029165148735
-0.00038571807090193033
-0.1160932183265686
0.06182084605097771
0.05498503148555756
-0.09129215776920319
0.1216478869318962
-0.05561130866408348
-0.07331632077693939
0.056793320924043655
-0.05027320608496665
0.013278165832161903
-0.033759284764528275
0.03875316306948662
0.05991330370306969
0.09793481230735779
-0.028401337563991543
0.06100854277610778
-0.06313681602478027
-0.028136687353253365
-0.11009025573730467
-0.03281349688768387
0.02100728265941143
-0.12843409180641174
0.06424036622047424
-0.023047583177685738
0.030607812106609344
0.10663171112537384
-0.1101437211036682
-0.1093938797712326
-0.005979692097753286
0.0021066521294415
-0.006899816449731588
-0.045176591724157326
0.044257182627916336
0.00017415906768292189
0.10099586099386217
-0.06535477936267853
-0.007266342174261808
0.0072272890247404575
0.04983088746666908
0.026798341423273087
0.06599049270153046
-0.03145476803183556
0.15020938217639923
0.10604291409254074
-0.034625064581632614
-0.0845610871911049
-0.061690885573625565
0.14380522072315216
0.048552412539720535
-0.032433200627565384
0.00953852944076061
0.048429690301418304
0.029175445437431332
0.015690073370933533
0.04937354102730751
0.002419923897832632
-0.01631196402013302
-0.042672842741012566
0.06200847029685974
0.1281563490629196
-0.04476039484143257
0.05088571459054946
0.00969685334712267
-0.029103033244609833
0.040841344743967056
0.04023102670907974
0.012550165876746176
0.016319500282406807
-0.06074750050902367
-0.02156386710703373
0.15180815756320953
-0.09760992228984831
-0.03356192633509636
0.03050491213798523
-0.025409119203686718
-0.01079863216727972
0.06501810997724533
-0.0956253707408905
-0.03969943895936012
0.006572190206497908
0.0073286560364067554
-0.06432764232158661
-0.02134446613490581
-0.08402852714061737
-0.08635774254798889
-0.018989322707057
-0.039247024804353714
-0.006857472937554121
-0.07889723777770995
-0.05599015578627586
0.12499497830867767
-0.06521297246217728
-0.04510750249028206
0.08616571128368378
0.0040791709907352924
-0.0269165113568306
-0.036138232797384255
-0.012621788308024406
0.0255696102976799
0.06506955623626709
-0.08743676543235779
0.10535486042499542
-0.011195247992873192
-0.03067164495587349
-0.07825690507888795
0.04719325527548789
0.10985709726810455
0.011102985590696335
0.001035021967254579
0.027578381821513172
0.10928837954998016
-0.059561099857091904
-0.08174344152212144
-0.05296478420495986
0.11084043979644775
0.07084282487630844
0.022928735241293907
-0.1206039786338806
0.016817666590213776
-0.01213623397052288
0.007343501318246126
-0.10994250327348708
-0.11952891945838928
-0.08562411367893219
-0.02501269243657589
0.08928932249546051
-0.12618441879749298
-0.0002735421294346452
0.01513657160103321
-0.04896413534879685
0.027274776250123978
-0.009147768840193747
-0.09775754064321518
0.009468631818890573
0.0010263997828587888
-0.03153304010629654
-0.0756881907582283
-0.014478415250778198
-0.013627427630126476
-0.0012307126307860017
-0.021543938666582108
-0.08810631185770033
0.027943531051278114
0.05873531475663185
0.02401300333440304
-0.0055474904365837565
0.0688762441277504
-0.0633898675441742
-0.11458277702331542
-0.006151992361992598
-0.04571175202727318
0.030314894393086437
0.04733913019299507
-0.021113932132720947
0.03079105913639069
-0.012087495066225529
-0.04144791513681412
0.05024372413754463
-0.07867657393217087
-0.02307639271020889
-0.0008110959315672516
0.060638349503278725
0.020240532234311104
-0.008448137901723385
0.014569207094609736
0.07716565579175949
-0.02934684045612812
0.02180800586938858
0.08310084044933319
0.028339918702840805
0.03632829338312149
-0.01923798955976963
0.050142090767622
-0.117591992020607
0.06747807562351227
0.08737935870885849
-0.09016761183738707
0.04609340056777
-0.11499065160751341
0.015146572142839432
0.01571749895811081
-0.03203163668513298
0.05573688074946404
0.028119761496782303
-0.1077381446957588
0.044248294085264206
-0.0008747192332521082
-0.06079879775643349
-0.011559518054127691
-0.05959491804242134
-0.031911615282297134
-0.02538185194134712
0.0017701279139146209
0.0714445561170578
0.038177751004695885
-0.04514437541365624
0.04390082135796546
0.01251111552119255
-0.09531484544277193
-0.024727988988161087
-0.07763286679983139
-0.05190984904766082
-0.015018258243799208
0.0472114272415638
0.00856531225144863
-0.004834385123103857
-0.005182344000786543
-0.0295786876231432
0.1127185970544815
-0.008193034678697586
0.07604343444108963
-0.1179400235414505
0.06288275867700577
0.03960664197802544
0.05773989111185074
0.025220202282071117
0.014501910656690596
0.0905422568321228
-0.09112717211246489
-0.06788484007120132
-0.11106902360916136
-0.04174589738249778
-0.003011835273355245
-0.012522084638476372
-0.07815374433994293
0.03299325332045555
-0.008925260975956915
0.006262582261115313
0.039927560836076736
-0.03544845059514046
-0.011720802634954453
0.023187406361103054
-0.032243333756923676
0.04362638294696808
-0.012663209810853004
0.014690237119793892
-0.07941259443759918
0.027748581022024155
-0.06200691685080528
-0.0035654627718031406
0.010767036117613316
-0.03935990110039711
0.00545417657122016
0.0077898637391626835
0.0858970135450363
-0.02227983996272087
0.038476437330245965
0.009868174791336061
-0.06415291875600815
-0.0760454386472702
-0.04101773723959922
0.0544949471950531
0.05241414532065392
-0.0016274560475721955
-0.036713097244501114
-0.018969736993312836
0.006747514475136995
0.024544402956962585
-0.020461654290556908
-0.023174362257122997
0.07345430552959442
-0.08271385729312895
-0.059790406376123435
-0.0655430257320404
0.017047202214598656
0.05158473923802376
-0.06253798305988312
0.14202283322811127
-0.03735600784420967
-0.033265307545661926
0.04820171371102333
-0.05970100685954094
0.06899170577526093
0.034348007291555405
-0.012396860867738724
0.005964494775980711
0.013242527842521667
0.013663059100508688
-0.0433770976960659
-0.042847052216529846
0.006022116634994744
0.04839904606342316
0.03212827444076538
0.05576067417860031
-0.0021746573038399215
-0.11059854924678802
0.02290976978838444
-0.08898161351680756
-0.0002389565343037248
0.0920419991016388
-0.06888428330421448
0.10773387551307678
0.16628508269786835
0.04457472264766693
-0.07681557536125182
0.09001991152763367
0.04382842034101486
-0.10011868178844452
-0.01301247626543045
-0.11564067006111144
0.0009730834281072019
-0.028022881597280502
-0.02750031650066376
-0.03750349208712578
0.05909354239702225
0.05717965215444565
0.0030290079303085804
-0.026939211413264275
0.09664969146251678
-0.0766524076461792
0.08782605826854707
-0.0037895240820944314
-0.08436719328165054
-0.03441627323627472
0.010090138763189316
0.01885362342000008
-0.05963316187262535
-0.015461031347513199
0.037944208830595016
-0.08278308808803558
-0.02926374971866608
-0.022596053779125214
-0.06463898718357086
0.00309488782659173
-0.010333452373743056
0.03402314335107803
0.07292973995208739
-0.11738400161266326
-0.06866344809532166
-0.011624648235738276
-0.0017457032809033988
-0.033466536551713943
-0.04024364426732063
0.018572449684143063
0.04538758471608162
0.08815285563468933
-0.13306470215320587
0.06459706276655197
-0.028305694460868835
0.009085750207304953
0.060758426785469055
-0.023260772228240967
0.038758981972932816
0.07378486543893814
0.0636129155755043
0.015088389627635477
-0.033834248781204224
-0.08187134563922882
0.00739457318559289
0.04908736422657967
-0.10888551920652388
-0.10131500661373138
-0.08988489210605621
0.052867814898490906
-0.09584563970565795
0.062108393758535385
0.006090017966926098
0.013254303485155104
-0.05361099913716316
-0.021339990198612213
-0.01466081477701664
0.04528320953249931
-0.0323803685605526
-0.007185276132076979
0.04459172859787941
-0.04378125071525574
-0.10451115667819975
-0.011488822288811207
0.0036261179484426975
-0.014233684167265892
-0.07347565144300461
-0.057672042399644845
-0.01919518783688545
0.09311029314994813
-0.0021489853970706463
-0.04167262092232704
-0.07932630181312561
-0.10140959918498992
0.0560310073196888
-0.039856847375631325
-0.04073340818285942
-0.06095889955759048
0.008333789184689522
0.08394035696983337
-0.048238638788461685
-0.04457478225231171
0.07946329563856125
-0.09277140349149705
-0.045856744050979614
0.15580050647258759
0.04505163058638573
-0.004192441236227751
-0.06570994853973389
0.07774057984352112
0.05976339802145958
-0.04667745530605316
0.180979922413826
-0.005252785515040159
-0.11455239355564116
-0.005600490141659975
0.14703069627285004
-0.11114577949047089
0.06823031604290009
0.06920528411865233
0.01627863198518753
-0.05073686316609383
-0.10390392690896988
-0.06809885799884796
0.11351972818374632
0.05632274970412254
-0.028803184628486637
-0.0050510107539594165
0.09678415954113007
-0.0426177866756916
0.014518354088068008
-0.003604419063776731
-0.0006195321911945939
-0.05738270655274391
9.02184983715415e-05
-0.12459665536880492
-0.047869086265563965
0.06494861096143723
-0.041528582572937005
0.020130960270762444
-0.10521669685840607
-0.01025697775185108
-0.10431177914142609
0.06806741654872894
-0.056179020553827286
0.04094668850302696
0.06885062903165817
0.004826212767511606
0.015363255515694618
-0.008153371512889862
-0.05388119071722031
-0.08244536072015761
-0.06954165548086166
0.06558261811733246
0.0036708232946693897
-0.08985787630081175
-0.11965112388134003
0.10703746229410172
0.005829224828630686
-0.006059696432203054
-0.017874859273433685
-0.028108831495046612
-0.004526547621935606
0.05396324768662453
0.03266514837741852
0.08587248623371123
-0.028174519538879395
0.005191281903535128
-0.09410493075847624
0.055003780871629715
-0.03672875091433525
-0.057856213301420205
-0.020216464996337887
-0.08735071122646332
0.0920167863368988
-0.011303825303912163
0.020676568150520325
0.09659861773252489
-0.0748017430305481
0.02115226164460182
-0.0770219713449478
-0.059234116226434715
-0.011624233797192572
0.005719962064176798
-0.09034442156553267
-0.06119262054562569
-0.05447111651301384
0.07710295915603636
-0.1142505332827568
0.0546407662332058
-0.06215900555253029
0.03739739954471588
0.07769392430782318
0.1347130835056305
0.05268183723092079
0.004167463164776564
-0.017407525330781937
-0.04206878691911697
-0.11494532972574234
-0.06306876242160797
0.04187202826142311
0.035030629485845566
-0.02041230723261833
0.009909349493682384
-0.02586088329553604
-0.06774493306875229
-0.055114679038524635
0.10732030868530272
-0.07737822085618973
-0.007848411798477171
0.010412743315100668
0.023694284260272976
-0.040094684809446335
5.753559526056051e-05
0.001625343575142324
0.011015145108103752
0.0038604964502155776
-0.10619395226240158
-0.06401155889034271
-0.05587489902973175
-0.0028130128048360348
0.04842955991625786
-0.006006871815770864
0.09550970792770384
0.0051937405951321125
-0.016503460705280304
-0.003182783257216215
0.02521362900733948
0.04932009428739548
0.027482857927680012
0.05648384615778923
0.006556402426213025
-0.01247694343328476
0.03723269701004028
-0.03481139615178108
-0.10295677185058592
-0.05320438370108605
-0.06502179801464081
-0.05626950040459633
0.03204944729804993
-0.039744701236486435
0.0035065156407654285
0.0031958795152604576
-0.03733634576201439
0.07954835891723631
0.02376258000731468
0.01867942325770855
-0.08333960175514221
-0.06811603903770447
-0.1295619159936905
0.0455363392829895
-0.060910288244485855
0.027464454993605614
-0.04962623491883278
0.042206410318613045
0.009398319758474825
-0.05936956778168678
0.004161421675235033
0.1130337417125702
-0.0037164161913096896
-0.033690374344587326
-0.03654379770159721
0.0299161858856678
0.13010866940021515
-0.029097169637680054
0.036528196185827255
0.0012575279688462615
-0.019866941496729847
-0.07155520468950272
-0.11180014908313753
0.04381439089775085
0.06084476783871651
0.0773487538099289
-0.08272768557071684
0.00109016930218786
0.026967762038111687
-0.10346893966197968
-0.0255967415869236
-0.12028118222951888
0.05124099180102348
0.054259464144706726
0.09043718129396439
0.04728854447603226
-0.025337854400277134
-0.03236749768257141
-0.06553635746240616
0.02712830528616905
0.04103127494454384
0.13349132239818573
0.05007075518369675
-0.053685177117586136
0.0020829220302402973
-0.08355013281106947
0.001757741323672235
0.10286630690097807
0.0015866108005866408
-0.036708250641822815
-0.019280022010207176
0.03677956387400627
0.05226510763168335
-0.04074352607131004
-0.08936016261577606
-0.1098468154668808
0.009572815150022505
0.01627092994749546
0.06651007384061813
-0.07593183219432832
-0.021100731566548347
0.019148970022797585
-0.025518260896205906
-0.05365181341767311
-0.09829865396022797
-0.04470070078969002
-0.025817465037107468
0.008760146796703337
-0.10155335068702696
-0.015225537121295927
-0.086204394698143
0.11586995422840118
0.06160444766283035
-0.016393251717090607
0.005442677531391382
0.028115443885326385
-0.041724514216184616
-0.0246184840798378
0.04091374948620796
-0.11889240145683289
-0.12968389689922333
-0.034654028713703156
0.05566806718707085
0.01050389464944601
0.005745445843786001
-0.014409637078642843
-0.021145682781934735
-0.05685094743967056
0.025051545351743695
0.020344924181699753
-0.008503301069140434
-0.016714511439204216
-0.062022384256124496
-0.061187569051980965
0.09252841770648956
0.0018423575675114987
-0.002418610733002424
0.10551166534423828
-0.11757907271385191
0.10671640187501907
0.0832434818148613
0.034516174346208565
0.01734793744981289
0.01300699170678854
0.15320385992527008
0.017841076478362083
0.08104871213436127
0.055016431957483285
-0.059401985257864
0.037511926144361496
-0.08005087822675705
-0.02725793235003948
0.07065245509147644
-0.07146939635276793
-0.0034526749514043327
-0.012704040855169296
-0.0031562168151140213
0.03589512035250664
-0.04932980239391327
-0.015316072851419449
-0.042001191526651376
-0.07865062355995178
-0.018147241324186325
0.0412309505045414
-0.0282002966850996
-0.07205622643232346
-0.02991354279220104
0.05325167253613472
0.015925586223602295
0.03066395968198776
-0.024828365072607998
-0.009118463844060896
-0.0071595865301787845
0.03157348558306694
0.04511401429772377
-0.11998065561056136
-0.0015814114594832063
0.03964368626475334
0.01144467294216156
-0.09085252881050108
-0.0441913940012455
-0.0448865182697773
0.0074707348830997935
0.03186304122209549
-0.01982901245355606
-0.03442494198679924
0.03321845829486847
-0.04663883522152901
-0.09244012087583539
0.03864917159080505
0.010679900646209717
0.010913915932178496
-0.025169983506202694
-0.006493918132036924
-0.045305516570806496
0.046625647693872445
-0.03893359377980232
-0.0038200332783162594
0.06343422085046768
0.004686685744673014
0.04071279987692833
0.019897399470210075
-0.10461654514074324
0.07761192321777342
-0.0593639574944973
0.0478910207748413
-0.05668353289365768
-0.05585594102740288
-0.061969999223947525
-0.047797951847314835
-0.007473915349692105
-0.012685932219028471
-0.0008396763587370515
0.054558295756578445
0.016123712062835693
0.005347492638975382
-0.003094280138611793
-0.0030286419205367565
0.039900604635477066
-0.042752522975206375
-0.0665765330195427
0.03278759494423866
-0.0841977521777153
-0.07090862095355988
-0.050288889557123184
0.11213001608848572
0.08184400200843811
0.08488987386226654
-0.06311565637588501
-0.05529585853219032
0.1293541043996811
0.03466150537133217
-0.040799424052238464
0.06752835214138031
0.024576846510171887
-0.01052117720246315
0.05256601795554161
0.059667114168405526
0.0520954318344593
0.08628816902637482
-0.015060514211654665
0.026494774967432026
-0.09080220758914948
0.07302932441234589
0.012942911125719547
0.09378464519977568
-0.06019172072410584
0.07146289944648743
-0.03377993404865265
-0.0190076045691967
-0.009528307244181633
-0.04475993290543556
0.03201713413000107
0.08923732489347459
-0.030730534344911572
0.02052075043320656
0.06721045076847076
0.012718018144369124
-0.06903277337551117
0.06039463356137276
0.06370457261800766
0.012919601052999496
0.0794835090637207
-0.019431425258517265
-0.06491457670927048
-0.10251310467720032
0.0280253142118454
0.0308366734534502
-0.05588996037840843
0.10701514780521391
0.010951566509902476
-0.11216510832309722
-0.04282026737928391
0.06502450257539749
-0.02706285566091537
0.0180511437356472
-0.010084185749292372
-0.006965009029954672
0.12887215614318848
0.04001515731215477
-0.06126770377159119
0.0009134527062997221
0.043221615254879
-0.045464213937520974
0.0255376398563385
-0.023053793236613277
0.007550160866230726
0.08545172959566115
-0.09841994941234589
0.04145480692386627
-0.026200853288173676
-0.056452225893735886
-0.1039404198527336
-0.10657735168933868
0.024383671581745148
-0.06730031967163086
-0.0048464606516063205
-0.07120269536972046
-0.02029990963637829
-0.05244849249720573
-0.016362182796001434
-0.06119547784328461
-0.0737544968724251
0.033067185431718826
0.03215836733579636
-0.020884647965431213
0.07584008574485779
-0.06054704263806343
-0.03252263367176056
0.031065184623003003
0.016722898930311203
-0.02131248079240322
-0.0785374790430069
0.01832873746752739
-0.010266769677400587
-0.06103142350912094
0.05287497118115425
-0.11386829614639282
-0.07945959270000458
0.09419120848178864
-0.014961373060941696
-0.03664420917630196
-0.02163610979914665
-0.08265778422355652
-0.06323693692684174
0.07847221195697784
0.009298383258283138
-0.02053798735141754
0.002216045279055834
-0.04468168690800666
-0.005063371267169714
-0.009779511019587517
0.13311289250850675
0.03359837457537651
-0.08327657729387283
0.02716170996427536
-0.02079714648425579
-0.03453287109732628
-0.029493048787117004
0.037401802837848656
-0.023725783452391624
-0.05905016139149666
-0.016120625659823418
0.11607957631349564
0.03172283247113228
-0.11291255056858061
0.044463127851486206
0.06779369711875916
-0.017608363181352615
-0.031620804220438004
0.012366102077066898
0.14082087576389313
0.09404580295085907
-0.0036081387661397457
0.06257955729961395
-0.035322483628988266
-0.010848053731024264
0.03828069195151329
-0.013589968904852869
0.013221746310591696
-0.017344985157251358
0.014627527445554732
-0.0013273298973217607
0.04475196078419685
-0.09418784081935881
-0.08723604679107666
0.10265032947063446
-0.027519864961504936
0.056547146290540695
0.07457056641578673
-0.04301206022500992
0.04504714533686638
0.016363415867090225
-0.04520495235919952
0.0002169952495023608
0.06208350509405136
0.043746717274189
-0.054686207324266434
-0.08342624455690384
-0.01815108954906464
-0.038744356483221054
-0.0009752638870850204
-0.04994648322463036
-0.005798261146992445
-0.0023888773284852505
0.044844314455986016
-0.014752211049199104
0.012135190889239311
-0.050227206200361245
-0.019170891493558884
-0.013892017304897308
0.06726401299238205
-0.01290968246757984
0.05934567004442215
-0.08420430123805998
0.040037769824266434
-0.006942845415323973
0.05542556568980217
0.09533873200416565
-0.09845121204853056
0.03014379180967808
0.016028976067900658
-0.02792036533355713
0.001836550305597484
0.1424734741449356
-0.027999062091112137
0.01601067930459976
0.04816113784909248
-0.08843955397605896
-0.07551978528499603
0.012100866064429283
0.010822657495737076
0.005796894896775484
0.004692789632827044
-0.06974056363105774
0.006338548380881548
-0.010956183075904846
0.18875710666179657
0.07325844466686247
-0.009805018082261086
0.17054647207260132
-0.11891211569309235
0.004225693643093109
0.01305953785777092
0.003425594884902239
-0.03470047935843468
0.11149092018604279
0.053311418741941445
-0.013876480050384998
0.07822953909635542
-0.09992454946041107
-0.04690803214907646
0.0950452983379364
-0.007129866164177656
-0.03584183007478713
0.03641821816563606
0.017318718135356903
0.05156038329005241
0.017529278993606567
-0.029270365834236145
-0.02602924406528473
-0.09105575829744339
-0.038634296506643295
0.02047328650951385
-0.04036423936486244
-0.01932872273027897
-0.08334758877754211
-0.10092665255069733
0.10437284409999847
-0.06598992645740509
-0.06535101681947708
0.02044222503900528
-0.021097835153341293
0.03254042565822601
0.004721303936094046
-0.02068321779370308
-0.0668279230594635
0.039509117603302
-0.028595255687832832
0.050914034247398376
-0.10902389883995056
0.02734668180346489
-2.6874360628426075e-05
-0.06528842449188232
-0.08568491041660307
-0.03253518417477608
0.08303885161876678
0.011056115850806236
-0.036526944488286965
0.021593306213617325
0.06025708839297295
-0.04875609651207924
0.016208263114094734
-0.015382824465632439
-0.07929366827011107
0.0126480208709836
0.03618507459759712
0.05362305417656898
-0.06080561503767967
0.013062111102044582
-0.00856952369213104
0.09993301331996915
-0.05360965803265572
-0.002664178144186735
-0.04616693779826164
0.020018668845295903
0.011902623809874056
0.0004601537948474288
-0.07613497227430342
-0.00027988816145807505
-0.04346515610814095
-0.024395393207669255
-0.06254852563142776
0.05159523710608482
-0.05449360981583595
-0.043608568608760834
-0.09044250845909119
0.09457921981811523
-0.12938255071640015
-0.02927277237176895
-0.0014546705642715096
0.034841082990169525
0.09143228828907013
0.0451037771999836
0.0040888157673180095
0.11834610998630524
0.007266499567776918
-0.08349485695362091
-0.005091959144920112
-0.03069625422358513
-0.10627785325050354
0.03078410774469376
0.04676629602909088
0.004468815866857767
-0.016158655285835266
-0.06506004929542542
-0.026066627353429794
-0.021614624187350277
-0.04934259131550789
-0.08414117991924285
0.01372591033577919
0.06675548851490021
0.04007234796881676
-0.009297370910644531
0.09063377976417539
0.03418094292283058
0.058834180235862725
-0.002321248408406973
-0.036891460418701165
-0.015521023422479628
0.16918867826461792
0.041863307356834405
0.025546520948410038
0.029608212411403656
0.05303225293755531
-0.022057704627513885
-0.10302288830280304
-0.09995982050895691
0.11906802654266356
-0.08468870818614958
-0.0403650663793087
-0.04833988472819328
0.09451642632484435
0.07296086847782135
0.0009867133339866996
0.014181196689605711
0.03605979681015015
-0.015815645456314087
0.08450420200824738
-0.001907070749439299
0.006043695379048586
-0.03972041606903076
0.0673007220029831
0.13884882628917694
-0.04462738707661629
0.0781777873635292
-0.04211266338825226
0.005618589464575052
0.06668438017368317
-0.01846073940396309
-0.10688315331935883
0.136901393532753
0.0425553061068058
0.0645899623632431
-0.07010605931282043
-0.032684531062841415
0.008856646716594696
-0.04565109312534332
0.016155892983078957
0.02679621614515781
-0.033300068229436874
-0.019900275394320488
-0.025505835190415382
-0.01875992864370346
-0.047146275639534
-0.034077275544404984
0.07973634451627731
0.021529922261834145
-0.004189966712146997
0.05155739560723305
-0.004901119973510504
-0.008860453963279724
0.003572031389921904
0.0013070203131064773
-0.015929311513900757
0.004970938432961702
0.09117153286933899
-0.02939360029995441
-0.039661806076765053
-0.053892575204372406
-0.015047164633870125
-0.05332107096910477
0.05945516005158424
-0.04943305626511574
0.07044060528278351
-0.041016902774572365
-0.05327018722891808
-0.0966048315167427
0.004484614823013544
-0.01923144049942493
0.017766376957297325
0.02563009411096573
-0.01659735105931759
0.07972775399684906
0.0107217812910676
-0.029638510197401047
0.012104696594178677
-0.07838664203882217
0.027465727180242535
0.058809321373701096
-0.026748960837721825
-0.02667253464460373
0.1109057292342186
-0.09907575696706772
-0.06088201701641082
-0.06425458937883377
0.03213869035243988
-0.03060346469283104
0.05322377756237984
-0.05551913380622864
-0.026115626096725464
0.031315941363573074
-0.013433054089546204
-0.06270211189985275
-0.01131988875567913
-0.11973021924495696
-0.12041616439819336
0.04346546530723572
-0.02136916294693947
-0.08235345780849455
0.08845721185207368
-0.02394375205039978
-0.008410666137933731
-0.02039942890405655
0.047433480620384216
0.04306939244270325
0.05507858842611313
-0.029571011662483212
0.027260079979896545
-0.08768668770790099
0.038570065051317215
-0.11275068670511244
0.05496377870440483
0.037036847323179245
0.0011242743348702788
0.04749839380383492
0.0550910122692585
-0.021102098748087883
-0.051344163715839386
-0.04849901422858238
0.020830783993005753
-0.008735445328056812
-0.04778535291552544
-0.026828000321984288
0.17263926565647125
-0.06185063347220421
-0.015820549800992012
-0.06608763337135315
-0.04300859943032265
0.0336882509291172
0.09037449210882186
0.009362120181322096
0.0014395186444744468
-0.012066120281815527
0.06442856788635254
0.040457408875226974
-0.016585303470492363
0.03899143263697624
-0.10070636123418808
0.05161271616816521
0.07762064039707184
0.04644448310136795
0.000916984281502664
-0.06571266055107117
0.04063417389988899
0.05556221306324005
-0.022129958495497704
-0.03096978366374969
-0.01578156091272831
0.04109361395239831
0.0015795364743098617
-0.08477009832859038
-0.028622113168239597
-0.06625030189752579
0.013609330169856548
0.015851056203246117
-0.041427355259656906
-0.00966632179915905
-0.030334483832120892
-0.016258811578154564
-0.03492308408021927
0.0135114174336195
-0.04633214697241783
0.06509825587272644
0.10139928758144379
-0.07367992401123047
0.03823360800743103
-0.1091347485780716
-0.04206295311450958
-0.0444607101380825
-0.01718282699584961
0.0062840161845088005
-0.047691147774457925
-0.08690658956766129
0.1281365305185318
0.1129443272948265
-0.08254282176494598
-0.11690588295459747
0.019896769896149635
-0.028997989371418953
0.05115192383527756
-0.05646392703056336
-0.0040053422562778
0.009770376607775688
-0.046113397926092155
0.1168425753712654
0.008368348702788353
0.03152100369334221
-0.008401155471801756
-0.001593422726728022
0.03209733963012695
-0.024137206375598907
-0.1066501885652542
-0.03392677381634712
0.12349791079759596
-0.11444209516048431
0.14692939817905426
0.13104109466075897
0.003411354031413793
-0.12189659476280212
-0.12126867473125456
-0.1003340557217598
-0.09224557876586914
-0.045233704149723046
-0.052448466420173645
-0.031657177954912186
-0.05838516727089882
-0.056922592222690575
0.054231975227594376
-0.03730713203549385
0.0011271707480773328
-0.006612080615013838
0.0651310607790947
0.012823856435716152
-0.0762096717953682
0.014018017798662184
-0.030026283115148544
-0.05109111964702606
-0.025741903111338612
-0.12056442350149155
-0.02537628822028637
0.044420402497053146
-0.004843242000788449
0.01979607343673706
0.007182794157415628
-0.02439405955374241
0.02534507401287556
-0.07622465491294861
-0.10732824355363844
0.062092985957860954
-0.013139236718416212
0.023745931684970852
-0.052616875618696206
-0.04739932343363762
-0.05788208916783333
0.019679998978972435
0.03491303697228432
-0.04878449812531471
-0.009651832282543182
-0.1143084168434143
0.013611914590001106
0.08236946165561677
0.04436822235584259
-0.09291144460439682
-0.0078013106249272815
0.017443101853132248
0.012286853045225143
-0.07759843766689299
0.0528426170349121
0.04378702118992805
0.011779682710766792
-0.07641191035509108
-0.11301906406879424
0.006516649853438138
-0.02067386358976364
0.0017377281328663228
-0.10273998230695724
-0.012650895863771439
-0.08206649869680403
-0.016531638801097866
0.0542486198246479
0.01426689140498638
0.0249589029699564
-0.05293619632720947
0.053192894905805595
0.009062422439455986
-0.026242289692163467
-0.057037129998207085
-0.02019903063774109
0.03631160780787468
-0.039726030081510544
-0.027731856331229206
-0.03132553771138191
-0.020995719358325005
0.09489790350198744
0.028510604053735733
-0.037701651453971856
-0.01838949881494045
0.018235597759485245
-0.0029211430810391903
-0.015713557600975037
0.031227752566337585
-0.011262882500886915
-0.02306801825761795
0.0328545868396759
-0.04122911021113396
0.030504409223794937
-0.09430903941392897
-0.04212334379553794
0.008810281753540039
0.0674673393368721
0.10808467119932175
-0.12488900125026701
-0.002840351779013872
-0.11647477000951766
0.058071013540029526
-0.06555340439081192
0.03511826694011688
-0.03913877531886101
0.052179038524627686
-0.0387105755507946
0.08043916523456573
-0.0031549599952995777
0.0869096964597702
-0.07385493814945221
-0.007879721000790596
-0.02827225811779499
0.03456893935799599
-0.09062226116657256
0.0303603820502758
0.04457157477736473
0.02207286842167377
-0.050239741802215576
0.006321587134152651
-0.028936658054590225
-0.10208342224359512
0.05839421972632408
-0.025718104094266888
0.014391790144145489
-0.1167665719985962
-0.1261012852191925
0.028857525438070297
-0.03925411030650138
0.07694978266954422
-0.037313833832740784
0.03247484192252159
0.011175464838743208
-0.06736940890550613
0.02012791857123375
-0.0721800848841667
0.07153014093637465
-0.04813876375555992
0.0957074388861656
0.014183681458234785
0.036355171352624886
-0.042387980967760086
-0.01755075342953205
0.04747943580150604
0.04294650629162788
0.01468219980597496
0.02625841647386551
0.10695263743400572
0.06100675836205482
0.06190316379070281
0.023218760266900063
0.023734992370009422
0.05184323713183403
-0.12981721758842468
-0.02735055051743984
0.07923271507024765
0.10000000894069672
0.02751093357801437
-0.10857167840003969
0.0043264650739729404
-0.07643366605043411
0.013966202735900877
0.03482922539114952
0.017335575073957443
4.353595431894064e-05
0.008082719519734383
0.009745661169290543
-0.03996292874217033
-0.06708881258964539
0.12220080941915512
0.07582913339138031
-0.05670063570141792
-0.019374046474695206
-0.09062031656503677
-0.007980295456945896
-0.002120580989867449
0.05209540948271752
0.05623489990830421
-0.024178456515073776
-0.01902939938008785
0.0667697936296463
0.04138907417654991
-0.12178261578083038
0.031769365072250366
0.056708015501499176
-0.007872041314840317
0.05417841300368309
-0.022153088822960854
0.055290985852479935
-0.01575150340795517
0.0729711651802063
-0.0605403259396553
-0.07270547747611998
0.02038250863552093
-0.09687957912683488
-0.03496169298887253
0.0015151150291785596
-0.028421264141798016
0.025352824479341503
0.11097561568021774
0.022060107439756397
-0.08630738407373427
-0.004679497797042131
0.03718188032507896
-0.05015574023127556
0.07292886078357697
0.020421728491783146
-0.002642660867422819
-0.05809015780687332
-0.06747306883335114
0.1052422672510147
-0.016071252524852753
0.050057969987392426
0.010981947183609009
-0.01531565561890602
0.003957072738558054
0.11518359184265135
-0.004780720453709364
-0.11595501005649567
0.08197975903749467
-0.029419755563139915
0.004801395814865828
0.03015784360468388
-0.0493108443915844
-0.06955672055482864
0.062264692038297646
0.1005530133843422
-0.0482633039355278
0.019868243485689163
-0.05724262818694115
0.022040922194719315
-0.06326839327812195
0.09260031580924989
0.030762135982513428
-0.028142789378762245
0.07182596623897552
0.010200153104960918
0.028879579156637192
-0.01732717454433441
-0.06932386010885239
-0.041605550795793526
0.06322114169597626
-0.04872315376996993
0.06402941048145294
0.04592214897274971
-0.0643688440322876
-0.0667487382888794
-0.08055679500102995
-0.031748946756124496
0.08213429898023605
-0.053645726293325424
0.048837292939424515
0.040614016354084015
-0.05747879669070244
0.0326283760368824
0.00443355506286025
0.003629080485552549
-0.004278427455574273
0.04584576189517975
0.062060851603746414
0.1143077164888382
0.04545743390917777
-0.0798286646604538
0.05307900160551071
0.02256805449724197
0.01654774136841297
0.07040554285049438
-0.0907862111926079
-0.06504394114017487
-0.05445099622011185
0.06582222878932953
0.0704549103975296
-0.009779840707778929
-0.023589966818690297
-0.10276412963867188
0.02905922383069992
-0.029807720333337784
-0.04669462144374848
0.061349958181381226
-0.12220758944749832
-0.05575575307011604
-0.013441085815429688
-0.10476377606391905
-0.11655571311712264
-0.061056312173604965
-0.047870442271232605
0.025657635182142258
-0.037662439048290246
0.04001191258430481
0.02127467654645443
-0.05167937278747559
0.025380458682775497
0.04497966915369034
-0.08792106807231903
-0.009290218353271484
0.0473971962928772
0.13049818575382233
-0.09942063689231873
0.03387019410729408
-0.06124245002865791
-0.007076986599713564
-0.08680758625268936
0.012191133573651312
0.013088194653391838
-0.010525822639465332
-0.018046535551548004
-0.05808399990200996
-0.0909714624285698
-0.020577181130647656
-0.015029026195406912
-0.007130709011107683
-0.03350565955042839
0.05532096326351166
-0.00019026233348995447
0.015199050307273865
-0.00745595758780837
-0.018298022449016568
0.08163274824619293
0.06313960254192352
-0.049245793372392654
-0.009179528802633284
0.026006087660789486
-0.04899197444319725
0.06911483407020569
-0.11397545039653778
-0.04962512478232384
0.08859843015670776
0.07126937061548233
-0.1124838888645172
-0.02956804633140564
0.06334750354290009
0.011335566639900208
-0.07941780239343643
-0.007928436622023582
0.04176650568842888
-0.0005238294834271073
-0.10620073974132536
-0.08977261930704115
0.061410993337631226
0.04814882203936577
0.007285682950168848
-0.03631210699677467
-0.030571717768907547
0.021603375673294067
-0.07901839911937714
-0.00023835303727537396
-0.019251085817813877
-0.042884185910224915
0.06269125640392303
-0.08561607450246811
0.023954788222908974
0.03395438939332962
-0.0048897345550358295
0.01305466890335083
-0.07549701631069182
-0.03653129190206528
0.11009984463453291
0.03477700427174568
-0.07379220426082611
0.01307753100991249
-0.048254404217004776
-0.05329924449324608
0.0026117083616554737
0.011332232505083084
-0.01531706005334854
-0.0018721908563748
-0.0343383327126503
-0.03169696405529976
0.029897829517722126
0.039361376315355294
-0.042124617844820016
-0.0781823992729187
0.043574180454015725
-0.07927390187978745
-0.006510335486382246
-0.00988652929663658
0.026241131126880642
-0.048429228365421295
0.04132003337144852
0.006069506052881479
-0.061627764254808426
0.0023881406523287296
0.0002101178979501128
0.01831411011517048
0.036864250898361206
0.002432530280202627
-0.04587840661406517
0.0360674113035202
0.06455574929714203
0.0016542564844712615
0.016333915293216705
-0.12675334513187408
0.03467634692788124
-0.03210429847240448
-0.03687514737248421
0.0909995511174202
-0.03786403313279152
0.0313262902200222
0.04563486948609352
0.06511460989713669
0.030657224357128143
-0.114019975066185
-0.05178844928741455
-0.020413050428032875
0.09074873477220537
-0.10333970189094543
-0.06616900861263275
0.031285982578992844
0.06873228400945663
0.06274362653493881
0.04973660781979561
-0.08338607102632521
0.0215054489672184
-0.015834150835871696
-0.023331476375460625
-0.113759808242321
-0.00818234495818615
-0.04623920470476151
-0.04525082930922508
0.027969054877758023
0.005333226639777422
-0.024738118052482605
0.01771399937570095
0.05733645334839821
-0.031137362122535706
0.05457114428281784
0.02515927702188492
0.06567546725273132
-0.03819787502288818
-0.015063943341374396
0.018459130078554157
0.04518049210309982
0.07295419275760649
-0.05894389376044273
-0.02512340620160103
-0.07992669939994813
-0.07590293884277342
-0.07214080542325972
0.04507860168814659
-0.06680566817522049
0.00039070693310350174
-0.04294545203447342
-0.08653463423252106
-0.05512918904423714
0.020525958389043808
-0.08260849118232727
0.0671050101518631
0.09543807804584505
-0.11573211103677748
0.08100575208663939
0.05380793660879135
0.00643766252323985
0.0018720146035775544
-0.014314694330096245
-0.02015943080186844
0.07315257191658019
-0.07842814922332764
0.002821568865329027
-0.04999514296650887
0.03930320963263512
-0.08308219164609909
0.027570821344852448
0.009055190719664097
0.05125844106078148
0.01337500847876072
0.05507341027259827
-0.05900401994585991
-0.07736650109291075
0.027397939935326576
-0.11231413483619689
-0.013883352279663084
0.02441399917006493
0.06550256907939911
0.009694851003587246
-0.05283941701054573
-0.04212420806288719
-0.07636996358633041
-0.09769292175769806
-0.046767786145210266
0.034780967980623245
0.05813659355044365
-0.04807861521840096
0.02363157458603382
-0.048791296780109406
0.06406798958778381
0.1188664436340332
0.07097221910953522
0.03473731875419617
-0.09062191843986513
-0.035767942667007446
-0.06001684442162514
-0.01590038649737835
0.12728022038936615
0.02131248079240322
0.03469623997807503
0.023441988974809647
0.05603331327438354
0.07888337969779968
-0.02691425010561943
-0.012051764875650404
0.08722170442342758
0.05193762853741646
-0.09020355343818665
0.016685552895069122
-0.0047449576668441296
-0.044885531067848206
-0.019414909183979034
-0.0574643649160862
0.006309262942522764
-0.09996132552623747
-0.04323527589440346
-0.05281518027186394
0.017481422051787376
-0.1218678057193756
0.02286415547132492
-0.06384621560573578
0.0036355783231556416
-0.06804680824279785
-0.05909969285130501
-0.03616268187761306
0.0701269656419754
-0.02376548573374748
0.0004934169119223952
-0.03457864746451378
-0.07565358281135559
-0.050350353121757514
-0.056546017527580254
-0.008777442388236521
-0.002798893954604864
0.02813659980893135
0.1117323487997055
-0.01659843511879444
0.07379092276096344
0.09111099690198897
0.03937052562832832
0.04143943265080452
0.02139081060886383
-0.0241082776337862
0.016527382656931877
-0.0474395863711834
0.029624838382005688
-0.01427343674004078
0.0395420640707016
-0.11705675721168518
0.016614828258752823
0.1302928477525711
0.02535212785005569
-0.036122653633356094
-0.007718417327851058
0.07007119804620743
0.05419682338833809
-0.10018125176429749
0.02132729440927505
-0.01944943889975548
0.010625489056110382
-0.08965342491865158
-0.025349525734782215
0.0030278307385742664
-0.0523751899600029
-0.000908312969841063
-0.010036905296146868
-0.039138540625572205
-0.03409312665462494
-0.027179202064871788
0.03242845460772514
-0.009494714438915251
0.0183686763048172
0.030221760272979736
-0.058473702520132065
0.004624424036592245
-0.017703667283058167
0.08871602267026901
0.05462932959198952
0.007042661774903536
-0.06193328276276589
0.0228225477039814
-0.06616929918527603
-0.02595904655754566
-0.04383739456534386
-0.029151119291782376
-0.0004895549500361085
-0.022603949531912804
0.11120630055665968
-0.08938340842723846
-0.09763598442077635
-0.06171832606196404
-0.08492046594619752
0.06106358394026756
0.09339118003845216
-0.12297995388507844
-0.11062686145305632
-0.046095099300146096
0.06592056900262833
0.04597572982311249
0.10582591593265532
-0.1149475872516632
0.04593922570347785
0.007109649013727903
0.09709494560956955
0.06273622065782547
-0.033014364540576935
0.10223899036645888
-0.05794372037053108
0.04162921383976936
-0.09887468814849852
-0.030623499304056168
0.07704200595617294
0.03944533690810204
-0.04024360328912735
-0.037350025027990334
-0.0023347288370132446
-0.08666525781154633
0.03185847029089928
-0.09582886844873427
0.02314405143260956
0.0383637472987175
0.1492740362882614
-0.056277092546224594
0.002092514187097549
0.024545716121792797
-0.1035819724202156
0.025406260043382645
0.03799153491854668
-0.04987326636910439
0.01765182614326477
-0.05019555985927582
-0.0326782763004303
0.004886373411864041
-0.006783250253647566
-0.01014786586165428
-0.006807688158005476
0.14565680921077728
0.04268840700387955
-0.032338645309209824
0.08880522847175598
-0.014795567840337752
0.13456617295742035
0.028548959642648697
-0.0204947292804718
-0.02373342588543892
0.0196569487452507
-0.013554205186665058
-0.06254339218139648
0.02592526376247406
0.05113814026117325
-0.0238747913390398
-0.05530119687318802
0.03744371980428696
-0.002696748357266188
0.026652855798602104
-0.022383190691471096
0.015286033041775227
0.02218154072761536
0.05588919669389725
0.12734045088291168
-0.08067221194505692
-0.08959849923849107
0.0922153815627098
-0.06784892082214355
0.03611243143677712
-0.0298415832221508
-0.11378318071365356
-0.1061839610338211
-0.05610528215765953
-0.021827105432748795
-0.010580993257462978
0.04997633025050163
0.10360187292099
-0.13321286439895627
0.03142409771680832
-0.015958264470100403
-0.03642668202519417
0.04925474151968956
-0.043960995972156525
-0.10942322015762328
-0.023355528712272644
-0.06677372753620148
-0.0047988141886889935
0.09475144743919373
-0.032016027718782425
0.006315956357866526
-0.019572302699089047
0.07123057544231415
-0.005730919074267149
0.03329405561089516
-0.10565532743930817
-0.02234671264886856
0.03969673439860344
0.010026643984019756
0.007572260219603778
-0.06710916012525558
-0.019044553861021996
-0.022691929712891575
0.034755665808916085
-0.044535208493471146
-0.011944800615310667
-0.12051352113485336
-0.026901466771960255
-0.05938095971941948
-0.02997222915291786
-0.0252484567463398
0.04065282642841339
-0.001392844715155661
-0.06525842845439911
-0.032425493001937866
-0.06692603975534439
0.07194425910711288
-0.053950224071741104
0.11960745602846144
0.019887808710336685
0.0252334326505661
-0.08826044201850891
0.04295897111296654
0.023045262321829796
-0.014009177684783936
0.04536738991737366
0.025698155164718628
0.0042755291797220716
-0.049137670546770096
0.04638143256306648
-0.04930637404322624
-0.03006235882639885
0.010881626978516579
-0.04919324442744255
-0.06361456215381622
-0.05078168585896492
-0.07161246985197067
-0.024354755878448486
-0.06562290340662003
-0.02660476788878441
-0.06909570097923279
-0.09177173674106597
-0.024734213948249817
-0.048632632941007614
-0.12078785896301268
-0.12445555627346037
0.07935573160648347
-0.03331476077437401
-0.10983587801456451
-0.035988952964544296
-0.0260970126837492
-0.048163916915655136
-0.043993212282657616
0.08377420902252197
0.06992645561695099
-0.0038429885171353817
0.05858508124947548
0.042001135647296906
-0.023593319579958916
-0.03140579536557197
0.04431808367371559
0.10898434370756148
-0.0025763842277228832
-0.11705392599105834
0.003784288186579943
-0.05956851318478584
0.12625691294670105
-0.06585890054702759
-0.08757983893156052
0.03841089457273483
0.02752969041466713
-0.11358296126127244
0.012917863205075264
-0.017691105604171753
-0.02010326646268368
-0.05267547443509102
0.062369704246521
0.14029088616371155
-0.03400500491261482
-0.049187254160642624
-0.03785039111971855
0.07777157425880432
-0.03961408510804176
0.0375196561217308
-0.011127002537250519
-0.0021102777682244778
0.0008030127501115203
-0.09964853525161745
0.05133919417858124
0.03053893521428108
0.05328192189335823
0.09067291021347043
0.0466674342751503
-0.008169982582330702
-0.007119694259017706
0.02631684206426144
3.778457175940275e-05
0.06456166505813599
-0.08950130641460417
-0.023946622386574745
0.0715937465429306
-0.09143201261758803
-0.08216676115989685
0.015929801389575005
0.09424445033073424
0.04560891911387444
0.020881980657577515
-0.03789067640900612
0.03914890810847282
-0.09475128352642061
-0.0815688818693161
0.024201637133955956
-0.05827174708247185
-0.0353989377617836
0.0815988853573799
0.04917394742369652
0.13261522352695465
0.02800440788269043
-0.07601507008075714
0.012238424271345139
0.043709464371204376
-0.038712169975042336
-0.036584131419658654
-0.03958825021982193
-0.07774415612220764
-0.09195846319198608
-0.05787033960223198
0.09892103075981139
-0.021272415295243263
-0.043189875781536095
0.030554890632629395
0.04331764951348305
0.02899053692817688
0.07025957107543945
0.04111534357070922
0.02271517552435398
-0.011507796123623848
-0.006280917208641768
0.08421215415000916
0.025551859289407727
0.028720779344439503
0.12828944623470306
0.09071649610996246
-0.018093936145305637
0.0268806591629982
-0.03983907029032707
-0.003794982563704252
-0.08116579055786131
0.0361674390733242
0.006610422395169735
0.03141728788614273
0.0019247032469138503
-0.08531074225902557
0.007889686152338982
0.01139538176357746
-0.038448434323072433
-0.11784123629331587
-0.039902787655591965
0.008700856007635593
0.00800898764282465
0.01352482009679079
0.023909837007522583
-0.013235842809081076
-0.03356216102838516
0.00912206619977951
-0.12312214821577072
-0.04340489581227303
0.013471940532326698
-0.029830131679773327
-0.017993047833442688
-0.0648527592420578
0.07022513449192047
0.0011004101252183318
-0.022707268595695492
-0.09668879210948944
-0.018436454236507412
-0.013479326851665972
-0.05445206537842751
0.02629738301038742
-0.023277856409549717
-0.023831548169255257
0.010953536257147787
-0.021749647334218025
-0.0016924651572480796
0.05300534144043922
0.022438801825046536
-0.011582043021917343
-0.05091595649719238
0.029341114684939384
0.004807811696082354
-0.04611986503005028
0.06490214914083481
0.01976621523499489
-0.03801162913441657
0.0026227408088743687
-0.003638902213424444
-0.017896218225359917
0.00031439110171049833
-0.09659840166568755
-0.01195291057229042
-0.0006024768808856606
-0.09235606342554092
0.022736430168151852
0.0019994075410068035
-0.02692729420959949
0.027926299721002575
-0.001337615423835814
-0.015607338398694992
-0.1132933422923088
0.057739268988370895
-0.0026921345852315426
0.018130794167518612
0.026953015476465225
0.001685615978203714
-0.09687525033950803
0.025353332981467247
0.0499432347714901
-0.11241926252841948
0.07530783861875534
-0.07286876440048218
0.0163444597274065
0.010589038021862507
-0.011517833918333052
0.0029900469817221165
-0.09979199618101121
0.00441470043733716
-0.08272311091423033
0.003515257034450769
0.020267000421881676
0.09701971709728241
-0.03899222239851952
0.033522460609674454
0.01344637293368578
-0.04676670953631401
-0.11175622045993804
-0.1093524619936943
-0.10555315017700195
-0.02732989192008972
-0.03462482616305351
-0.11264888942241667
-0.0880564898252487
0.11231084167957305
-0.00859999470412731
-0.04165661334991455
0.04399804398417473
0.004533466417342424
0.09672601521015169
0.03945808857679367
0.09070766717195511
0.105248361825943
0.036735910922288895
-0.06337036192417145
-0.01965350471436977
-0.006721048150211573
-0.01706383191049099
-0.07527779042720793
0.0023205750621855255
0.02537824772298336
0.04166459664702416
0.04458778724074364
-0.017765583470463753
0.04509496688842773
0.05494789406657218
0.06221712380647659
-0.08172418177127838
0.016597360372543335
-0.08501560986042023
-0.02352378144860268
0.0361659936606884
-0.10333871096372604
-0.02039803378283977
-0.11225807666778564
-0.05821293219923973
0.03086674213409424
-0.08369651436805725
0.04079698026180267
-0.08046481013298033
-0.007447024341672659
0.02512182667851448
-0.0329139418900013
-0.00290011428296566
-0.04733625054359436
0.007721962872892617
-0.0372191034257412
0.04528409615159035
-0.013775444589555264
0.05397462472319602
0.08725072443485261
-0.10002806037664412
0.03089551627635956
0.02707761526107788
0.13514173030853271
0.017792539671063423
-0.054269935935735696
-0.05887361615896225
0.07960786670446397
-0.0764303207397461
-0.02534495480358601
-0.039333440363407135
-0.01784989796578884
0.008469548076391218
-0.04279389977455139
0.06438875198364258
0.011590770445764065
-0.09148306399583817
0.02761804312467575
0.054694727063179016
-0.04942995309829712
0.030399875715374943
0.036680638790130615
0.017437763512134552
-0.11386644095182417
-0.062111038714647286
-0.003112084697932005
-0.031030353158712387
0.012335138395428656
-0.03750983998179436
0.0552213080227375
-0.04440489411354065
-0.03636400401592255
0.07480312138795853
-0.10300730168819427
-0.0408836007118225
0.00557332718744874
0.03002654388546944
-0.0018563579069450495
0.01590125449001789
0.1115068942308426
0.09247910976409912
0.12098551541566847
0.1003655344247818
-0.04016750678420066
-0.06473743915557861
-0.02245796285569668
-0.01032210886478424
0.045436959713697433
-0.05798957124352455
-0.05543046444654465
0.04737324640154839
-0.06289815157651901
0.0221782810986042
0.07131323963403702
-0.006429893430322409
-0.01731208711862564
-0.11843021214008333
-0.01810525916516781
0.06943801045417786
-0.04810500517487526
-0.1071358323097229
0.10213129967451096
-0.11497703194618224
0.020391019061207768
0.01442066580057144
0.010506615042686462
0.09315209090709686
-0.030521415174007412
-0.00459064682945609
0.005033806432038546
-0.10156700015068054
-0.09948355704545975
-0.029835756868124008
-0.059282664209604256
0.08426178991794586
-0.010167578235268593
0.013425179757177828
-0.02323579043149948
-0.03672489151358605
0.01230660080909729
-0.11354756355285645
-0.07838460803031921
-0.05123868212103844
0.026036586612463
0.02987299114465713
0.10024675726890564
0.08510261029005049
0.006962771061807871
-0.05167093873023986
0.03135864436626434
-0.05027682706713677
-0.11686331778764723
0.014628700911998749
0.10755767673254012
0.0686899721622467
-0.07358211278915405
-0.007705408614128829
-0.08868943154811859
0.1153540015220642
0.006549625191837549
-0.01260530948638916
0.016782566905021667
-0.002882813569158316
-0.025945838540792465
-0.00032041745726019144
-0.05031197145581245
-0.011271236464381216
-0.10447869449853896
0.08577259629964828
-0.0437278226017952
-0.01134080532938242
-0.0541888102889061
0.05205788090825081
0.048319458961486816
0.05091999098658562
0.04677299782633781
-0.10336807370185852
0.025110140442848206
-0.012122495099902151
0.0619741789996624
-0.05628831684589385
0.054797541350126266
0.05277607217431069
-0.03005797415971756
-0.07539120316505432
0.01093381829559803
0.10236957669258116
-0.01803142949938774
-0.11674440652132034
-0.0517631433904171
-0.032000742852687836
0.11198143661022186
0.002309596631675958
0.007345483172684909
0.05490240454673767
-0.029020288959145542
-0.04887662455439568
0.028622074052691456
0.0642436146736145
-0.023879818618297577
0.03856528922915459
-0.039639204740524285
-0.003935585264116526
-0.020039273425936695
-0.023144260048866272
0.05424641072750092
0.08702872693538666
0.030463356524705887
-0.04114933684468269
-0.029464641585946083
-0.04898666217923164
0.01119410153478384
-0.013472553342580795
0.0314948745071888
0.05125905200839043
0.03045635670423508
-0.04166042432188988
-0.08350279927253723
-0.05383015051484108
-0.07338565587997437
0.03191147744655609
0.1230655238032341
-0.016735553741455078
-0.03996160253882408
0.0413808673620224
0.008052863180637358
0.007551771122962236
-0.032664548605680466
0.0026386235840618606
-0.007798700127750635
0.06379100680351257
-0.06926208734512329
0.09242584556341171
-0.00865115225315094
-0.0014054261846467853
0.04404258355498314
-0.0978529006242752
0.05876846984028816
-0.0804746225476265
0.0066098603419959545
-0.11413705348968504
-0.04823631793260574
-0.12897168099880219
-0.1020769476890564
0.1154605597257614
0.03228963911533356
-0.013805784285068512
0.016259904950857162
-0.12928014993667603
0.07180031388998032
0.01643768511712551
0.008453390561044216
-0.04282444342970848
0.05652003362774849
0.09020418673753737
0.027914416044950485
0.036946263164281845
-0.008404552936553955
-0.012151815928518772
-0.03468712419271469
0.033946357667446136
0.0010989870643243191
-0.011889330111443996
-0.01793278381228447
-0.06096332147717476
-0.07074160873889923
-0.004342365544289351
-0.07096104323863983
-0.030648916959762573
-0.010154183022677898
0.06818106770515442
-0.043732702732086175
0.04440174996852874
0.04077674821019173
0.09496140480041505
0.054504815489053726
-0.020059827715158463
0.023959532380104065
0.01840857043862343
-0.01742656901478767
0.04112466797232628
-0.0066203135065734395
-0.06813603639602661
-0.006745705846697092
0.14280813932418823
-0.05804234370589256
0.08635348081588745
-0.08176978677511214
-0.09464408457279203
-0.10663206875324248
0.016401423141360283
-0.0254273135215044
-0.10041143000125884
0.09314434230327606
-0.058718401938676834
-0.021845204755663872
-0.06656655669212341
0.0113793620839715
0.034051988273859024
0.06362131983041763
0.058133434504270554
0.00866650976240635
0.10105210542678832
0.09753289818763733
-0.01869591139256954
0.07923145592212677
-0.09495507180690765
-0.06798509508371353
0.002315590623766184
0.10752297192811965
-0.07258397340774536
0.0740632712841034
-0.08728262782096863
0.04527645930647849
-0.10076533257961272
0.02325689233839512
0.05735060572624207
0.08546160161495207
-0.0052199005149304875
-0.06261353939771652
-0.02755073830485344
-0.05501151457428932
-0.034382063895463943
-0.07102081179618835
-0.0412340946495533
0.003894877154380083
-0.014323695562779903
-0.01541215181350708
-0.026085302233695984
0.054748047143220895
0.003271209541708231
-0.01877428591251373
0.013571839779615402
0.11964961886405943
-0.04972268268465996
-0.13003024458885193
-0.007504960056394338
-0.07059096544981003
0.016673196107149124
-0.11529594659805296
0.016968918964266777
-0.0036445995792746544
0.04853750392794609
-0.012282384559512138
0.0099763423204422
0.055230904370546334
-0.03733494132757186
0.08125277608633041
0.01987484283745289
0.05601576343178749
0.1291731745004654
0.02889282628893852
-0.04845932498574257
0.01825778000056744
-0.04575643315911293
0.08269722759723662
-0.07556970417499542
-0.0615755058825016
-0.02824465185403824
-0.1166754364967346
0.028275467455387115
-0.046519841998815536
-0.01445220410823822
-0.027764273807406425
-0.004481276031583548
-0.04559046030044556
0.04425431415438652
-0.008460672572255135
0.011052479967474936
-0.06556349992752075
-0.05557684227824211
0.03256681188941002
0.008152193389832973
-0.10690397769212721
-0.026210417971014977
-0.06830459088087082
-0.06431218981742859
-0.027138836681842804
0.08010039478540419
0.0681040808558464
-0.0030414476059377198
0.04357730969786644
-0.05757690593600273
0.04347079619765282
0.03225354850292206
0.037717681378126144
-0.06353583931922913
-0.002647518645972013
0.03044368326663971
-0.008865918964147566
-0.028510805219411847
0.01737898588180542
0.08641591668128966
0.09865788370370863
0.04692539572715759
0.01455051638185978
0.053653612732887275
0.05535503849387169
-0.05560608208179474
0.03231937810778618
-0.00772827072069049
0.005524889100342989
0.015203218907117844
0.05560177192091942
0.01398469228297472
0.1017277017235756
0.043216362595558167
-0.05401359498500824
-0.04280784353613853
0.012183135375380516
-0.06177808716893196
-0.11093593388795853
0.01621565781533718
0.11330190300941469
-0.03169022127985954
-0.019278449937701225
-0.05755603685975074
0.0049971905536949635
-0.024721302092075348
0.008223492652177809
-0.1076456904411316
0.009756716899573803
0.0545535385608673
0.01213252916932106
0.032225508242845535
-0.025599250569939613
-0.037446457892656326
0.014437772333621979
-0.027799420058727264
-0.10363312810659409
-0.1278386265039444
0.035418253391981125
0.001704246154986322
0.05134784802794456
-0.0016627759905532002
-0.0012462452286854386
-0.06443074345588684
-0.03295953944325447
-0.02615702524781227
0.010638412088155746
0.023526281118392944
-0.08581830561161041
0.08290566504001617
0.02062136121094227
-0.03826377913355827
-0.0356418751180172
0.026328474283218384
-0.09751902520656584
-0.0247582383453846
-0.06355634331703186
0.010905500501394272
-0.08582627773284912
-0.01850834488868713
0.05050154775381088
0.0012419637059792876
0.041297178715467446
0.07082191109657288
-0.1028556078672409
0.04030622914433479
0.015563202090561388
0.14692901074886322
-0.09248173236846925
0.04648059606552124
0.013297067023813725
-0.07620731741189955
0.01933186315000057
-0.00821277778595686
0.10186977684497832
-0.006191063206642865
-0.11238422989845276
0.09386958181858063
-0.04587984830141068
0.04396882280707359
0.010752035304903984
0.0069421776570379725
-0.045533481985330575
0.06745707988739014
0.10641101002693176
0.01803547516465187
0.026500176638364792
0.015954669564962387
0.02633067220449448
0.02195928245782852
0.0388786606490612
-0.000517923035658896
-0.12558616697788239
0.03928904607892037
-0.0761014074087143
0.04638480767607689
-0.08820375055074692
0.0038775508292019367
0.05991768464446068
-0.05985207483172417
-0.048699852079153054
0.004959069658070803
-0.0011409517610445619
-0.005164311733096838
0.0013733579544350505
-0.11001554876565932
-0.0006468418287113309
0.09460290521383283
0.10301496088504793
0.0016406018985435367
-0.033924005925655365
0.027605563402175903
0.0077995494939386845
-0.007042258512228727
-0.015674009919166565
-0.018587365746498108
0.08230821788311005
-0.03492174297571182
0.08677911758422852
-0.0075794379226863376
-0.02200381085276604
0.03977051004767418
-0.11032111942768096
0.07499922066926956
0.037617169320583344
-0.029171448200941082
0.0005523733561858535
-0.07735748589038847
0.02622285299003124
-0.008701570332050323
0.09928528964519501
-0.12267148494720458
-0.04896434396505356
0.00842379778623581
-0.06097378954291344
0.12478812038898468
0.03681921586394309
-0.07378694415092467
0.005139855202287436
-0.06780334562063217
-0.00637350557371974
-0.053867515176534646
-0.0182598028331995
-0.09915085881948472
-0.08036129921674728
0.047996290028095245
-0.12452270090579987
0.015161503106355669
0.11847364157438278
0.006249287631362677
-0.09088612347841264
0.011687800288200378
-0.020932635292410847
-0.010920235887169836
-0.009442297741770744
0.03609396889805794
0.13295988738536835
-0.0296058002859354
-0.014036320149898527
-0.034079648554325104
0.11459708213806152
-0.04330803453922272
0.00448471587151289
-0.029624303802847866
-0.01223558373749256
0.07784782350063325
0.11930719017982482
-0.0021080519072711468
-0.07042241841554642
-0.06726092100143433
-0.0345267690718174
0.0194797795265913
0.00856908969581127
-0.1089700013399124
-0.03112749382853508
0.04156588390469551
-0.09036186337471008
-0.030259795486927032
0.02141685038805008
-0.021173542365431786
0.027751676738262177
0.058402769267559045
-0.049145735800266266
-0.042576614767313
-0.014462506398558617
0.008045512251555918
-0.1110079288482666
-0.12723533809185028
-0.0149794053286314
-0.09074749052524567
0.010162657126784325
0.03755044937133789
-0.11965078860521317
-0.04836470261216164
-0.1296755075454712
0.0014162830775603652
-0.0016844837227836251
-0.0536736287176609
-0.040456753224134445
0.06821156293153763
-0.06640812754631041
-0.025884266942739487
0.062080223113298416
-0.017975397408008575
0.08749545365571974
-0.04835245013237
0.005417186301201582
-0.035946790128946304
-0.0015942953759804368
-0.07507066428661345
-0.11851344257593154
-0.07876462489366531
-0.1083577424287796
-0.0003577169263735413
-0.09230554848909378
0.08538188040256499
-0.013644026592373848
0.042645305395126336
-0.06150198355317116
0.014211476780474184
-0.020340634509921077
-0.02030595578253269
-0.03694839030504227
0.044000159949064255
0.042506299912929535
-0.00398485129699111
0.06922675669193268
0.17380596697330475
-0.003871345426887274
0.022625382989645004
-0.045816969126462936
-0.012349862605333328
0.031856078654527664
-0.049257859587669366
0.1189085617661476
0.10259220749139784
-0.048454005271196365
-0.018983583897352215
-0.1167200207710266
0.01799822971224785
0.0009857587283477187
0.013891838490962982
-0.04369917884469032
0.06255100667476654
-0.10285162925720213
-0.07969780266284943
-0.0390515960752964
-0.1235264465212822
0.10050411522388458
-0.11556454002857208
0.0231108833104372
-0.10264404863119124
-0.07077887654304504
-0.034005653113126755
-0.11618325114250184
0.03736204653978348
-0.032573286443948746
0.016228776425123215
0.06131311133503914
0.05918705090880393
0.0014193825190886855
0.1202150285243988
-0.056537508964538574
-0.024827374145388603
-0.020665861666202545
0.009545670822262766
-0.0196931604295969
-0.11486883461475372
0.032695572823286057
0.04102158173918724
0.04095993936061859
0.039490845054388046
0.016591254621744156
-0.008388722315430641
0.01849442720413208
-0.09910887479782104
-0.012345500290393828
-0.024289304390549656
-0.009410252794623377
-0.012593535706400871
0.03344203904271126
-0.0743621587753296
0.18291258811950684
-0.015086591243743896
-0.05293950065970421
-0.012080110609531403
-0.11908992379903792
-0.12153076380491255
-0.03209688141942024
-0.019241169095039368
0.06527172029018402
0.0360938124358654
0.10188136249780654
0.061685003340244286
-0.08913068473339082
-0.020359823480248448
0.01264483481645584
-0.1154041439294815
0.06590640544891357
-0.07074403762817383
0.0053027947433292874
0.034995932132005685
-0.09451468288898467
0.022542094811797145
0.03846854716539383
0.040471646934747696
0.15089614689350128
-0.0753295421600342
-0.10490231215953826
0.07008489221334457
0.005859850440174341
-0.08350954949855804
-0.10836810618638992
-0.02407492324709892
-0.06436620652675629
-0.015347972512245178
0.0086088627576828
0.03506189212203026
0.15023426711559296
0.057040181010961526
-0.033591970801353455
-0.014088638126850128
-0.025332150980830193
-0.005117451772093773
0.03386995568871498
-0.08401250839233398
0.034851979464292526
-0.09063595533370973
-0.0068192328326404095
-0.023505214601755146
-0.027159152552485463
-0.004444268997758626
-0.008777313865721226
-0.05757955089211464
0.004826955031603576
-0.059443529695272446
-0.04260742291808128
-0.05952560901641846
0.11497783660888672
0.05101585760712624
-0.055097348988056176
0.05007920041680336
-0.05231089517474175
0.0267168153077364
0.08573351800441742
-0.007397399749606846
0.03193081542849541
-0.00994900893419981
0.00420204410329461
0.03278735652565956
-0.0190654881298542
0.0156759861856699
-0.06279037892818451
-0.10599181056022644
-0.003344142343848944
0.018580852076411247
0.1239894852042198
0.0735291987657547
0.0111981350928545
0.05977660045027733
0.01735774427652359
-0.03843027353286743
0.04005391523241997
-0.010146981105208395
-0.025307735428214077
-0.0056003364734351635
-0.002013261895626784
0.06263966113328934
0.12232781201601028
0.008232224732637405
0.026588866487145424
0.0967915430665016
0.03961845114827156
-0.12778340280056
0.09084726870059968
-0.057691875845193856
0.05081957206130028
-0.01774632558226585
-0.00450781499966979
-0.038329776376485825
-0.013958733528852463
0.06405722349882126
0.027132388204336166
-0.008597677573561667
-0.11405954509973526
0.009346654638648031
0.04691213741898537
-0.10451918840408324
-0.026353199034929276
0.011368557810783386
-0.045939676463603966
-0.000567659386433661
-0.07238949835300444
-0.015525929629802704
0.04334979876875877
0.01883715018630028
0.006251018960028887
0.026196774095296856
0.02258996292948723
-0.10051824152469636
-0.028942884877324104
-0.08773108571767807
-0.10773452371358871
-0.0517340749502182
0.006872436497360468
-0.06440569460391998
-0.04579849913716316
0.0288701206445694
0.11419849097728728
-0.04019768163561821
-0.03680494800209999
0.01707131415605545
-0.032921697944402695
0.021072538569569588
-0.07106896489858627
-0.049197401851415634
-0.0002576087135821581
-0.09066549688577653
-0.01457774080336094
-0.11811310052871704
-0.004864243324846028
-0.01939128339290619
-0.024638906121253967
0.008288006298243998
0.11543337255716324
-0.04472031444311141
0.02542687766253948
-0.10916307568550108
0.0603565126657486
-0.06375062465667725
0.05664236843585968
0.011382501572370527
-0.12062905728816986
0.09925113618373872
0.004436422139406204
0.0973837673664093
0.017171062529087067
-0.058506790548563
-0.004916740115731955
0.04494817927479744
0.040095575153827674
-0.06569096446037292
0.033224426209926605
-0.07887163758277893
0.021152554079890248
0.04946444183588028
-0.09600080549716947
-0.09507158398628233
0.08099919557571411
-0.06949736177921295
-0.034698892384767525
0.08309505879878998
-0.050079364329576485
0.06425222754478455
0.14152900874614716
-0.027555692940950397
-0.013408798724412918
0.018632929772138596
0.04064052551984786
-0.09203100949525832
0.04467952996492386
-0.013005178421735764
0.03993962332606316
-0.08801552653312683
0.043438319116830826
0.016898406669497486
0.002206773031502962
0.01129154860973358
0.07471842318773268
0.0010790902888402343
0.1675867885351181
0.05570096895098686
-0.02031278796494007
-0.0784110203385353
0.07916540652513504
-0.0823734402656555
0.07678791880607605
-0.007946092635393143
0.08976097404956818
-0.1237259954214096
0.02934909611940384
0.035502854734659195
-0.009039081633090975
0.1034162938594818
-0.11088143289089201
0.030837792903184887
-0.12678916752338407
-0.05102425441145897
-0.02018658071756363
0.029153361916542053
0.028256645426154137
0.06941967457532883
0.0998770594596863
0.007914068177342417
0.1003389060497284
0.031049031764268875
-0.05524091795086861
-0.009647775441408157
-0.016376961022615433
-0.05542847141623497
0.02761752717196941
-0.05764554813504219
0.014598248526453972
-0.016525575891137123
-0.08916249871253966
0.083430215716362
0.030661849305033684
-0.018422096967697144
0.07430543005466461
-0.12092398107051848
0.017146270722150803
-0.06094935908913612
-0.015637552365660667
0.02633583731949329
-0.009065637364983559
0.024708084762096405
0.12564405798912048
-0.08062483370304108
-0.04006796330213546
-0.06228247657418251
-0.04483432695269585
0.10633089393377304
-0.025398973375558853
0.04768037050962448
0.03264198079705238
0.049809161573648446
-0.0261156652122736
0.1322835236787796
0.02915094047784805
-0.012635434046387672
-0.1254206150770187
0.010222652927041052
-0.06904970109462738
-0.08144646883010864
0.07770526409149171
0.10314607620239256
-0.07662871479988098
0.008862122893333435
-0.011777006089687347
-0.04189657792448997
-0.02183322235941887
-0.0750395655632019
-0.019019488245248795
0.06806918233633041
0.0648936852812767
-0.036459557712078094
0.019442170858383175
0.06912845373153687
-0.11388202756643297
0.08408781886100769
0.05286813527345657
0.01079055108129978
0.018166542053222656
0.05203380063176155
-0.05003610998392105
-0.04642941430211067
-0.0650477483868599
-0.02073337882757187
-0.021778369322419167
0.03736966103315353
0.11457006633281708
0.008934056386351585
-0.08426205813884734
-0.1177891492843628
0.04362014308571816
0.03531073406338692
0.08849174529314041
-0.08446036279201508
-0.014330580830574036
0.11019577085971832
-0.06330247968435287
0.004285725299268961
-0.09560537338256837
-0.025166332721710205
0.00180646067019552
-0.0304473377764225
0.02715570107102394
-0.06136789545416832
-0.09178918600082397
-0.1183457374572754
-0.03687703981995583
-0.012729886919260023
-0.058211784809827805
-0.06269565224647522
-0.11057741940021514
0.0050918390043079844
-0.004280491266399622
-0.07603730261325836
0.06561840325593948
0.06631815433502197
-0.0022194641642272472
-0.057226911187171936
0.0021209176629781723
0.014142761938273907
-0.0055765840224921695
-0.041526596993207925
0.06125262752175331
0.019775331020355225
0.08882597833871841
-0.07987742125988007
-0.008678803220391273
-0.027211476117372513
-0.02733244560658932
0.019973287358880043
-0.036319658160209656
0.03344063088297844
-0.004715371411293745
-0.03362784534692764
0.005563648883253336
0.025436908006668087
0.03189846873283386
-0.079056978225708
-0.06011808291077614
-0.108880914747715
-0.026274211704730988
-0.001260214135982096
0.11368093639612196
0.05059695616364479
-0.04674080014228821
0.004884465131908655
0.01916821487247944
0.00911097973585129
0.004055746365338564
0.0011155720567330718
-0.015984341502189636
-0.015532366931438446
-0.10787782073020936
-0.11162389069795609
0.05582498386502266
-0.03543117269873619
-0.015629980713129044
-0.021328233182430267
-0.009071405977010729
0.08356361091136931
-0.07647933065891267
0.02044706791639328
-0.009456049650907516
0.014090457931160927
-0.02132648788392544
-0.002771689090877772
-0.048846535384655
-0.0729920044541359
-0.06239436939358711
-0.02907852455973625
0.11256702244281767
0.015408238396048544
-0.02859502658247948
-0.009464731439948082
-0.056187555193901055
-0.049137774854898446
-0.016041988506913185
-0.060352224856615067
0.07911306619644165
0.02259770967066288
-0.003428394440561533
0.028764257207512852
-0.022579506039619442
-0.028734315186738968
0.001680536544881761
-0.044182110577821725
0.028793787583708763
-0.1054389476776123
-0.06471100449562073
-0.04567427560687065
-0.12197217345237732
-0.05395812541246414
-0.006865836214274168
-0.07227290421724318
-0.014925356954336166
-0.039553586393594735
0.010282889008522032
0.05974587053060532
-0.06371239572763443
0.09272319078445433
-0.029604293406009678
-0.05693228915333748
0.15025673806667328
-0.03873155638575554
0.03121430240571499
0.05361340194940567
-0.09047352522611618
-0.03900749608874321
-0.12384811043739317
0.1132313534617424
0.04096435755491257
-0.05135577172040939
0.02580590546131134
0.053568702191114426
-0.0385977141559124
-0.01060555689036846
-0.008620990440249443
-0.015874704346060753
0.06187477335333824
-0.00747726997360587
-0.05517012253403664
-0.05420206487178802
-0.04059959948062897
-0.029583442956209183
-0.015045687556266785
-0.010095844976603985
0.04503641650080681
-0.05763208493590354
0.028048310428857803
-0.043968793004751205
-0.001962099689990282
-0.11500756442546844
-0.021891728043556213
-0.0235698726028204
-0.04471658915281296
0.015680016949772835
0.005811956245452166
0.019909899681806564
-0.020060550421476364
-0.07338725030422209
0.017345178872346878
0.06014316156506538
0.05916182324290276
-0.09403835982084274
0.05160459503531456
-0.039740346372127526
0.06957514584064484
0.043524455279111855
0.05201760679483414
-0.00457083759829402
-0.0009220471838489175
0.029088003560900688
0.04303421452641487
-0.09342049807310104
-0.002411625813692808
-0.04575319588184357
-0.0663771778345108
0.019665613770484924
-0.0012767330044880507
-0.04327400401234626
0.02204097807407379
0.008312324061989784
0.006558265537023544
-0.0834015905857086
0.06056550145149231
-0.05425072461366653
-0.016586726531386375
-0.055848229676485055
0.014364344999194143
0.07088235020637512
-0.07855930924415587
0.04201767593622208
0.029564768075942997
0.01987278461456299
0.1068803071975708
0.023470006883144375
-0.0016225796425715089
0.022198770195245743
-0.04402853921055794
0.04112733528017998
-0.059437185525894165
-0.08590029180049896
-0.04594339057803153
0.0179245974868536
0.07732956111431123
0.026866091415286064
0.08740600943565369
0.011272884905338287
0.06658618152141571
0.09661890566349027
0.05637872964143753
-0.11173807084560394
0.003224581014364958
0.03421759977936745
-0.0036154142580926414
-0.06586137413978577
0.09137826412916183
-0.034613046795129776
0.06160537153482437
-0.03550590202212334
-0.0343477688729763
-0.02498547732830048
-0.05949022993445397
0.006509922910481691
-0.022171571850776672
0.02925340086221695
0.0023893476463854313
-0.09882193803787231
-0.048632536083459854
-0.01964606717228889
-0.09521789103746414
0.013915501534938812
-0.104017473757267
-0.051672372967004776
0.004125565756112337
-0.08590438961982727
-0.023078957572579384
-0.08391862362623215
-0.047695357352495193
-0.10752518475055695
0.005528745707124472
-0.04702237993478775
-0.012472678907215595
-0.09403076767921448
0.17773710191249847
0.03717772290110588
-0.02290233224630356
0.09347857534885406
0.06519616395235062
-0.020431987941265103
-0.08443053066730499
-0.03942357003688812
0.03996645659208298
0.049224000424146645
0.06496548652648926
-0.10546545684337616
0.005485716741532087
-0.056056316941976554
-0.06760896742343903
-0.02267756499350071
0.025619272142648697
0.1067081019282341
-0.09698077291250227
0.014628457836806774
-0.06213586404919624
0.011512807570397852
-0.009837399236857891
0.011540895327925682
0.021451663225889202
-0.026283446699380875
-0.1008775681257248
-0.016139870509505272
-0.020249906927347183
-0.01595240831375122
-0.08718687295913696
0.055879183113574975
-0.12357765436172484
-0.048975080251693726
0.045682135969400406
0.04555073380470276
0.001758467755280435
-0.02209782786667347
-0.007560317870229482
-0.06097852811217308
-0.03622834011912346
0.0017464294796809554
0.10033284872770308
0.027732539921998978
0.0012165181105956435
-0.006152936723083258
0.010508746840059755
-0.06545776128768921
-0.04364755004644394
0.1414300352334976
-0.09536994248628616
0.15039171278476715
0.007029272150248289
-0.11134365946054459
0.012852763757109642
0.03859434276819229
-0.06598538160324097
0.0863627940416336
0.11586737632751463
0.04300902411341667
-0.016899146139621735
-0.048396248370409005
-0.014151256531476974
-0.09028966724872589
-0.014715980738401411
0.04383337125182152
0.15011419355869293
-0.04603364318609238
0.0034422208555042744
-0.0570797510445118
-0.017300773411989212
0.045434262603521354
0.07065507769584656
0.04154016450047493
0.03665328398346901
-0.019188037142157555
0.08673959970474243
0.1080438643693924
-0.05382268503308296
0.051084183156490326
0.00797764491289854
0.10789065062999724
0.02194275893270969
0.04795131459832192
-0.05531242489814758
0.11433234810829163
-0.008018741384148596
-0.05198023095726967
-0.12232135981321333
0.004669598303735256
-0.06437915563583374
-0.12120095640420912
0.03971726074814797
0.044490400701761246
0.0924917459487915
0.022684715688228607
0.02980094589293003
0.0068007963709533215
0.0031929058022797108
-0.08112819492816925
-0.03983732685446739
-0.04566426202654839
0.11679892987012865
-0.07200935482978821
0.10516092926263808
-0.09035351872444154
0.011688293889164925
0.02847948670387268
-0.034513603895902634
0.022329155355691906
-0.0452888123691082
-0.06262371689081192
-0.037179727107286446
0.13843420147895813
-0.026806853711605072
-0.11647871881723404
0.039240363985300064
-0.03876418992877007
0.05971528962254524
0.040567796677351
-0.014850074425339699
-0.05453180149197578
-0.04408621415495872
0.05711014196276665
-0.000203855917789042
-0.01840129867196083
0.08704125881195068
0.09128830581903456
-0.08199193328619003
-0.05663367360830307
-0.001942982547916472
0.032142218202352524
0.024238113313913345
-0.011976374313235281
0.034061942249536514
-0.1180175244808197
0.017786631360650063
-0.1216200441122055
0.0693533644080162
-0.03508228808641434
-0.13435812294483185
-0.082413449883461
0.059877928346395486
-0.030866988003253937
0.04299017414450645
-0.027593599632382393
0.08756659179925919
0.02560394816100597
0.10075878351926804
-0.0670027807354927
-0.072399765253067
-0.019582372158765793
-0.017748715355992317
0.10395673662424088
0.088576540350914
0.036165107041597366
-0.01455806940793991
0.03436403349041939
-0.007243714760988951
-0.02814754284918308
-0.060647591948509216
0.013449440710246561
0.05670943483710289
0.12457308918237686
-0.039597038179636
-0.03848918899893761
0.0374588705599308
-0.01467670127749443
-0.009886706247925758
0.030865587294101715
-0.09932032227516174
0.009651798754930496
0.09386208653450012
-0.07614852488040925
0.01813414692878723
-0.050544876605272286
0.04249197989702225
-0.08300734311342238
-0.09086574614048003
0.0026262779720127583
0.08482697606086731
-0.09344087541103363
-0.024792755022645
0.03998640552163124
0.05401065573096275
0.06471684575080872
0.054810818284749985
0.047575559467077255
-0.09607548266649246
0.08449062705039978
0.0749765858054161
0.009220959618687628
-0.0380726270377636
0.03107882849872112
-0.0539330169558525
0.05328874289989472
-0.03740858286619186
0.02475564368069172
0.09438316524028778
0.05730259791016579
0.1017959788441658
0.08890700340270995
-0.0903663784265518
-0.01971130445599556
-0.02683834731578827
0.049739312380552285
0.010649412870407104
0.05649209767580032
-0.0745740681886673
0.054877646267414086
0.05587267875671387
-0.01683671958744526
-0.021417519077658653
-0.037294194102287286
-0.04033777490258217
0.09250995516777039
0.10548140853643416
-0.05857931450009345
0.0027585919015109535
-0.08521150052547456
-0.03183211386203766
-0.03732401505112648
-0.0545092187821865
0.04584798216819763
-0.03980546072125434
-0.05444464460015297
0.00489486800506711
0.01368838921189308
0.03002048470079899
-0.07115030288696289
0.04286352172493935
-0.007521286141127349
0.0058424766175448895
-0.049060922116041183
-0.020575588569045063
-0.10514486581087112
0.0879429280757904
0.13975170254707336
9.305158164352177e-05
0.009748127311468124
-0.04835231602191925
-0.009520804509520529
-0.07660554349422455
-0.04543823003768921
-0.04837128520011902
-0.00610206788405776
-0.07623536139726639
-0.00018565042410045865
0.0504719465970993
-0.016405899077653885
-0.02877327799797058
0.09105347096920013
-0.07331023365259169
-0.11674536764621735
0.047422122210264206
0.01315082050859928
-0.035062745213508606
0.0009258309146389363
0.06090076267719269
-0.005145189817994833
-0.10261200368404388
-0.0465797446668148
-0.048255342990159995
-0.08310143649578094
0.015586644411087036
-0.021986607462167736
-0.1059056594967842
-0.06856650114059448
-0.08193595707416534
-0.08486548066139221
0.03237544372677803
-0.006464818026870489
0.0848657488822937
0.08725550770759583
-0.006567246746271849
-0.11210034042596816
-0.09282315522432329
-0.0046020555309951305
-0.06988830119371414
-0.07420191168785094
-0.06385141611099243
-0.017406675964593887
-0.0005925778532400727
0.09937176108360289
0.12147057056427
-0.08942140638828276
0.02826797403395176
0.03145433962345123
-0.0450139157474041
-0.10934900492429732
-0.032119739800691605
-0.02721340954303741
0.06514356285333633
0.08776599168777466
-0.13091617822647095
0.027294620871543884
0.05143895745277405
-0.04866127297282218
-0.05781818553805351
-0.016556905582547188
-0.028313372284173965
0.0658009946346283
-0.0630355104804039
-0.04503345862030983
-0.09814040362834929
0.0075482469983398914
-0.006438154261559248
-0.06658171117305756
-0.04117456078529358
-0.02763727679848671
-0.0057638841681182384
0.06216024979948997
-0.010494142770767212
0.12595190107822418
0.07934142649173737
-0.092380054295063
0.0004573737969622016
-0.05240069329738617
0.00019574572797864676
-0.11907286942005156
-0.009277260862290861
0.052831299602985375
-0.09769392013549805
0.03149954229593277
0.015534738078713415
0.021506093442440033
0.03271877393126488
-0.025733113288879395
0.04425182566046714
-0.042188461869955056
-0.022192271426320076
-0.121252104640007
-0.1080956906080246
-0.018986232578754425
-0.035075340420007706
0.037229057401418686
-0.11752304434776306
0.013597543351352215
-0.09273555874824527
0.008896773681044577
-0.06157911196351051
0.0018339924281463027
-0.01368010975420475
0.06999503076076508
-0.00034876319114118814
0.005905925296247005
0.03459055349230766
0.022831806913018223
-0.068778395652771
-0.06460980325937271
-0.06815102696418762
-0.014640700072050095
0.04347226023674011
0.04490792751312256
0.009291227906942368
0.08271047472953795
-0.10935829579830168
0.00407549599185586
0.005920159164816141
0.06414226442575455
0.07493877410888672
-0.0189579539000988
-0.08347722887992857
0.04563957080245017
-0.00496509438380599
0.019802290946245197
0.04630444198846817
0.015940876677632332
0.10147950053215025
0.09216902405023575
0.12741516530513763
-0.07430641353130339
-0.06638973206281662
-0.032336000353097916
0.035367276519536965
-0.034840960055589676
-0.05949944257736206
-0.10912546515464781
0.09922975301742552
0.021745402365922928
0.041369378566741936
-0.024880606681108475
-0.007269041147083043
0.08581936359405516
-0.07040168344974518
0.028759680688381195
-0.04335077852010727
0.01423097774386406
-0.09729710221290588
-0.023561839014291763
0.07570245862007141
-0.08950333297252655
-0.05903475359082221
-0.03795137628912926
-0.006119816098362208
-0.016741855069994926
0.08682670444250105
0.07894797623157501
-0.0974290892481804
-0.023423619568347927
0.007418353576213121
-0.0992000475525856
0.04412263259291649
0.04304086789488792
0.005703097674995661
0.04075756296515465
0.07740471512079239
0.021815162152051926
0.012575386092066765
-0.03145696222782135
0.12826323509216309
-0.11118462681770323
0.012120276689529417
-0.004639204125851393
-0.018344733864068985
-0.09997665882110596
0.12809917330741882
-0.009849687106907368
0.06379945576190948
0.043556928634643555
0.0081148911267519
-0.02476806193590164
-0.021144824102520943
0.0730452761054039
-0.09141723066568375
-0.016396712511777874
-0.07263445854187012
0.014765544794499874
-0.0005886700237169862
0.02703915163874626
0.02859482169151306
-0.07820096611976622
0.056553903967142105
-0.06941898167133331
-0.02865473926067352
-0.05940187722444534
-0.09871725738048552
0.08151227235794067
0.0369955189526081
-0.019456807523965836
0.07612497359514236
0.06894852966070175
0.00815090537071228
-0.0024006045423448086
0.03733248263597488
0.0486622266471386
-0.04947939142584801
0.006068552378565073
-0.06780381500720978
0.048851165920495994
-0.04905715584754944
0.005125053692609072
0.058004096150398254
-0.1318015605211258
-0.06973875313997269
0.02748720534145832
0.001875772490166128
0.005227914545685053
-0.05399401485919952
0.06161759793758392
-0.08445829898118973
-0.04446162283420563
-0.054073486477136605
0.03418006747961044
0.131814643740654
-0.0343390591442585
0.1082470566034317
-0.02289038337767124
0.023958511650562286
0.049835920333862305
0.05139920860528946
0.07087214291095734
-0.10388492792844772
0.06540380418300629
-0.054402608424425125
0.00010167283471673728
-0.04837600886821746
0.0014409109717234967
-0.061940025538206094
0.08822153508663177
0.01980445720255375
-0.027576100081205368
0.035316016525030136
-0.022806474938988686
-0.011502347886562347
0.06716811656951904
0.03395529091358185
0.030713733285665512
0.00813462398946285
-0.03478062525391579
0.06159779429435729
0.05879722908139229
-0.10411742329597472
-0.11976197361946105
-0.02847691625356674
0.04258299991488457
0.02662871778011322
-0.029557639732956886
-0.07462602853775024
-0.0031662038527429104
-0.047580353915691376
0.0680665671825409
-0.009582227095961569
-0.10224472731351852
0.05803327634930611
-0.01614299044013023
0.031118344515562057
0.016176341101527214
-0.010284826159477232
0.09587809443473817
0.041784968227148056
-0.01311640627682209
-0.025522053241729736
0.10408943891525269
0.09764206409454344
0.05061998590826988
-0.10259706526994704
0.0016773551469668744
-0.006461509969085455
0.05793330818414688
0.059686202555894845
-0.0816142037510872
-0.042668718844652176
-0.0747588500380516
0.05418141186237335
0.05085047706961632
0.04906902834773064
-0.10390152037143709
-0.10844674706459044
0.05119968578219414
-0.030095510184764866
0.10183501988649368
0.11339487880468369
-0.007633084896951914
-0.03424225002527237
-0.12768779695034027
0.010480586439371107
0.04529717564582825
-0.06917312741279602
-0.022927686572074887
-0.09400355815887453
-0.04790640622377396
0.06262467056512833
0.022279471158981323
-0.0834488794207573
0.007527217734605075
0.010730918496847153
-0.01844224520027637
-0.08722931891679764
-0.05824742466211319
0.13373844325542447
0.04786266013979912
-0.07981495559215546
0.03528348729014397
-0.05814502760767937
-0.05327461287379265
-0.0077026463113725185
0.024912279099226
0.05399032682180405
-0.04920653253793717
0.11077192425727844
0.017693866044282913
0.06616110354661942
-0.06824839115142822
0.03867943584918976
-0.02430306375026703
-0.00407233415171504
-0.11903844028711318
0.04607188329100609
-0.03167124837636948
-0.03363892063498497
-0.018981367349624637
0.017141733318567276
0.13812224566936493
-0.06295279413461685
0.06467108428478241
0.06967391818761826
0.005072258878499269
0.05453404039144516
0.0012398682301864028
-0.08134915679693222
-0.0510510616004467
-0.056882310658693314
0.018264414742589
0.053823236376047134
0.02005675248801708
0.01023473497480154
-0.08759449422359465
0.11048123240470886
-0.0344439335167408
-0.010310924611985683
-0.10499683022499084
-0.027722302824258804
-0.05701088905334473
-0.01645853742957115
0.0579092726111412
-0.01266404241323471
0.12320516258478165
-0.04890172928571701
0.08782818913459779
0.06349622458219528
0.08590742945671082
0.08710569888353348
-0.0663447231054306
-0.05472867563366889
0.10001355409622192
-0.027849746868014332
-0.0029215719550848007
0.014033161103725432
-0.12884652614593503
-0.05433935299515724
0.041004884988069534
0.050041340291500085
0.013989966362714767
-0.09465077519416808
-0.0414474792778492
-0.02035488560795784
0.028380921110510823
0.052063249051570885
0.05003304779529572
0.1314237415790558
-0.03847796842455864
-0.020919829607009888
0.04867026582360268
0.001779532409273088
-0.011959156952798367
0.06862635910511017
0.12640337646007535
-0.07894173264503479
-0.1000661253929138
-0.03176698088645935
-0.12041404843330385
-0.02235979586839676
-0.07358379662036894
0.08099935948848723
0.07581253349781036
0.12855775654315948
0.11528923362493516
-0.08051282167434691
-0.050055667757987976
-0.049897968769073486
-0.04571559652686119
-0.019527364522218704
-0.11073798686265944
-0.04204462841153145
-0.042716313153505325
-0.06665241718292236
0.08652736991643906
-0.04728571698069573
-0.00514083681628108
-0.06431638449430466
-0.01903356984257698
-0.032191269099712365
-0.006111891474574804
0.05363165959715843
0.04948301613330841
-0.037161823362112045
-0.051453955471515656
0.014472074806690216
0.07667995244264601
0.05236286297440529
0.031202251091599464
-0.06466098874807358
-0.09071075171232224
-0.04011804983019829
-0.02999897301197052
-0.007005664985626936
0.018483873456716537
-0.005204203072935343
-0.12213245034217834
0.02479059435427189
-0.01917010359466076
-0.056123454123735435
-0.013492790982127188
-0.016152136027812954
-0.008319740183651446
0.046771425753831856
0.027724284678697583
-0.011211475357413292
-0.04694833979010581
0.004520359914749861
-0.08215084671974182
0.03913071006536484
-0.06353961676359177
-0.013963332399725914
-0.11918865144252776
-0.0880526751279831
0.0497961863875389
-0.01167980581521988
-0.10681773722171783
0.04952392354607582
0.009658621624112127
0.11030420660972597
-0.024242598563432693
0.048621486872434616
-0.00036879593972116714
-0.11901015043258666
0.12762415409088135
0.10489268600940704
0.01461196318268776
-0.05781031399965286
-0.008201170712709427
-0.0899529978632927
-0.11264429241418839
-0.06061598286032677
-0.028074651956558228
0.08113487809896469
-0.05525849014520645
-0.011930074542760847
-0.05024540051817893
-0.0532340481877327
-0.009679097682237623
0.049601294100284576
-0.0629609227180481
-0.06871448457241057
-0.014161078259348868
-0.01724572665989399
-0.028542041778564453
0.042069628834724426
-0.01222665887326002
-0.05266697332262993
0.04276855289936066
-0.016279976814985275
0.04026370868086815
0.012227639555931091
0.009304892271757122
-0.04744875803589821
0.07755212485790253
-0.12037275731563568
-0.06362082064151764
-0.05293067544698715
-0.04700281843543053
0.02910745330154896
0.018948379904031757
-0.003312594722956419
0.019689423963427544
-0.09889221936464307
-0.01592346280813217
0.024643372744321823
-0.08339811861515045
-0.08802102506160736
-0.010194521397352219
0.07040977478027344
-0.09788984060287476
-0.010218411684036253
0.017577093094587326
0.01286656968295574
-0.09678098559379576
0.051386188715696335
-0.01982213370501995
-0.0022476906888186927
0.025459859520196915
0.04937092587351799
0.07969437539577484
-0.051399927586317055
0.006714788731187582
-0.07934653759002684
0.028341922909021378
-0.08667207509279251
0.0632958635687828
0.019629351794719696
-0.08908697217702866
-0.05992943048477173
0.03954943269491196
0.123288556933403
0.045688286423683167
-0.05065390467643738
-0.029201773926615715
0.059167258441448205
0.013033349066972733
0.09724234044551848
-0.04605444148182869
0.0028777164407074447
-0.06882543116807938
0.09882728010416032
0.1109061688184738
-0.03162427991628647
0.0253354087471962
-0.11722564697265624
0.020124260336160656
0.007000200916081666
0.02742982655763626
-0.003120094072073698
-0.08366478979587555
0.035709600895643234
0.033205222338438034
-0.07371824979782104
-0.013707991689443588
-0.09916245192289352
-0.007209375035017728
0.09874008595943451
0.018702518194913864
-0.02406315319240093
0.0007840035250410436
-0.0387834794819355
0.07599668204784393
-0.0871220976114273
0.011167384684085844
-0.12370141595602036
-0.02425233274698257
0.09435492008924483
0.04469848051667213
0.05108009651303291
0.010953949764370918
0.07638639211654663
0.06968196481466293
0.05660009756684303
0.0038470816798508167
0.06923419237136841
-0.13412590324878693
0.16338346898555756
0.040799982845783234
-0.0070268712006509295
-0.0038649034686386585
-0.07307648658752441
0.015187458135187624
-0.00878569483757019
-0.05345514044165611
-0.1076742261648178
0.0625944584608078
-0.10398627817630768
0.02626165002584457
-0.005635000299662352
-0.005949580576270819
0.11125804483890532
-0.028203163295984268
0.002695841249078512
-0.10248848050832748
-0.03364144265651703
-0.06315107643604279
-0.046117503196001046
-0.01939019560813904
-0.02964246831834316
-0.10714896768331528
0.030746206641197205
-0.02547552064061165
-0.043442152440547936
0.07122747600078583
-0.024882055819034576
-0.12470391392707823
-0.019846122711896896
0.0016995932674035428
0.0034048897214233875
0.11703313887119292
0.006856995169073343
0.00591073976829648
0.008178029209375381
-0.03457860648632049
-0.05331669375300408
0.020399464294314384
0.018366996198892597
0.011474786326289175
0.06432154774665833
-0.008879741653800009
0.053160939365625375
-0.06133006885647774
0.012050876393914223
0.046397723257541656
0.02740265615284443
-0.006527687888592482
0.03481272608041763
-0.061339590698480606
-0.012640740722417831
-0.043795648962259286
0.09106049686670303
0.013871250674128532
0.06359948962926865
0.11470534652471542
-0.04624224081635475
0.00675286492332816
-0.028752291575074196
-0.009938854724168776
0.025745416060090065
-0.07125505059957504
0.0033786683343350887
0.09978100657463072
0.019045539200305935
-0.017911743372678757
-0.08977189660072327
0.0393371470272541
-0.0093228742480278
-0.11821582913398743
-0.06753111630678177
0.12736953794956207
-0.03942997753620148
0.043545044958591454
-0.02343755029141903
-0.09232205152511597
0.025152010843157768
-0.034675825387239456
-0.12811578810214996
-0.031326550990343094
-0.012343693524599075
-0.03600701689720154
-0.07101459056138992
-0.08708420395851134
-0.11432548612356185
-0.03439542278647423
0.01061542984098196
-0.1061570793390274
-0.0015757527435198426
-0.008121103048324585
-0.027676019817590717
-0.10419358313083649
0.06551400572061539
-0.002009884919971228
-0.06049101427197456
0.001623771502636373
-0.1064704954624176
0.027774203568696972
-0.04067852720618248
0.037906967103481286
0.06811948120594025
-0.049197141081094735
0.029568854719400402
-0.02701123245060444
-0.05997804924845696
0.1011354774236679
-0.017323624342679977
-0.01684527099132538
-0.10610413551330566
-0.03586050495505333
-0.055320590734481805
-0.0055736913345754155
-0.06257284432649612
0.009699241258203983
-0.011491648852825165
-0.0015756689244881272
-0.08961525559425354
-0.03496040403842926
-0.11375463008880617
0.02409474365413189
-0.004793878644704819
-0.04896921291947365
-0.1270936280488968
-0.008897864259779453
-0.05054755508899689
0.008598169311881065
0.024007573723793026
-0.03770687058568001
-0.0931658148765564
-0.0368286706507206
0.042895644903182976
-0.07196380943059921
-0.09693107008934021
0.06628156453371048
-0.08071059733629225
-0.11301521956920624
0.06332337856292725
0.06805122643709183
0.028272487223148342
0.12919111549854279
-0.1015246883034706
-0.11231198161840437
0.026297973468899727
0.04704901948571205
-0.07127566635608673
0.0911957249045372
0.04627946764230728
-0.00472417613491416
0.0004912674194201827
-0.017754260450601574
0.053709518164396286
0.011518139392137527
0.07029470056295395
-0.02788880653679371
0.05208129808306695
0.006345341447740793
0.03070148266851902
-0.0368010550737381
-0.02303967624902725
-0.03336707130074501
-0.04164442047476768
0.09611426293849944
-0.09260411560535432
0.10630758851766586
-0.004197375383228064
0.10873244702816008
-0.1188780963420868
0.10371291637420654
0.03678867593407631
-0.07981404662132262
-0.04205615445971489
-0.03337275609374046
0.0415562316775322
0.06218363717198372
-0.016058512032032013
0.05758223682641983
0.017635997384786602
-0.04236811399459839
-0.04619186744093895
0.02341856434941292
-0.042915675789117806
0.06454604864120483
-0.0642382949590683
-0.05778586491942406
-0.021042730659246445
-0.0024781296961009502
0.09714105725288393
0.14701293408870697
0.07943156361579895
-0.02929864451289177
-0.09108294546604156
0.0017163524171337483
0.05579009279608727
0.006929424125701189
-0.010055882856249808
0.033742547035217285
0.06580595672130585
0.09267617762088776
-0.019538581371307373
0.06411027908325195
-0.06042274832725525
-0.03654239699244499
0.0015930853551253676
-0.037271086126565926
-0.00655601778998971
0.09101739525794984
-0.06461407989263535
-0.010301774367690086
0.04466881603002548
-0.07319525629281996
-0.01793769560754299
0.18309703469276428
0.08344116806983948
-0.09023157507181168
0.13751870393753052
0.004591690842062234
-0.05377338454127312
0.0877368226647377
-0.05461367219686508
-0.0627986490726471
-0.009619489312171936
-0.034190643578767776
-0.05725916102528572
-0.0065068299882113925
-0.026505667716264725
0.057436082512140274
0.013079499825835228
-0.02764631807804108
0.0043830000795423985
-0.010072244331240652
0.03225185722112656
0.13948063552379608
0.05169228091835976
-0.04150398075580597
0.0525006428360939
-0.03938053175806999
0.05040362849831581
-0.02405029721558094
0.0028839842416346077
-0.029885781928896904
-0.01101548783481121
0.044915791600942605
0.0109019223600626
0.035001453012228005
0.0023182672448456287
0.013758527114987372
0.011661920696496964
0.07018595933914185
-0.03331194445490837
-0.05298896506428719
-0.06614333391189575
-0.020843612030148503
-0.019294690340757367
-0.0005529966438189149
0.02887831814587116
-0.03147048503160477
-0.11330576241016388
-0.001969849225133657
-0.03873507305979729
-0.0010319609427824616
-0.01265465933829546
-0.025705803185701367
0.14080911874771118
-0.10368821024894714
-0.040031187236309045
-0.059487521648406975
0.1535608023405075
0.036706965416669846
-0.0382426418364048
-0.0048300581984221935
0.0044465032406151295
0.014375457540154455
0.04191068932414055
-0.05199442058801651
-0.07106553018093109
0.03957625105977058
-0.09607327729463576
0.1279701143503189
-0.06557146459817886
-0.04462965950369834
0.008729811757802963
0.0599597729742527
0.05772015079855919
0.046336982399225235
-0.08064236491918564
0.0304657444357872
0.05303261801600456
0.0243183933198452
-0.07360436022281647
0.009527258574962618
-0.0015089089283719659
0.04149467125535011
-0.045535046607255936
-0.04022861644625664
-0.030791588127613068
-0.015318643301725388
-0.06695113331079483
0.11233735829591752
-0.044433753937482834
-0.017677489668130875
0.00982723757624626
-0.009269451722502707
-0.0093102790415287
0.08621160686016081
-0.011843688786029816
0.0635644793510437
-0.09529191255569458
0.003982155118137598
0.009693814441561699
-0.08244197815656662
-0.08496324717998505
-0.005962593015283345
