0.18752571940422055
0.16030126810073853
0.19264912605285645
0.1975234150886536
0.23765429854393005
0.1977218687534332
0.2075802385807037
0.18823200464248657
0.19517284631729123
0.18853193521499637
0.2093434631824493
0.1828003525733948
0.17176383733749387
0.16699525713920593
0.2095637023448944
0.20772704482078552
0.1881491541862488
0.22822830080986023
0.2284742295742035
0.20443049073219297
0.20587289333343503
0.23785629868507385
0.17223572731018066
0.2308444976806641
0.20331948995590207
0.18937310576438904
0.18631404638290405
0.16873660683631897
0.15682056546211243
0.15847954154014587
0.1861214637756348
0.21151423454284668
0.1655556559562683
0.23537954688072205
0.1916521787643433
0.1626076102256775
0.16442859172821045
0.19873201847076416
0.2197335660457611
0.20165875554084775
0.19308608770370483
0.2129201591014862
0.19349616765975952
0.18446832895278928
0.2182137370109558
0.21989768743515012
0.20608505606651303
0.18568167090415957
0.14096671342849731
0.22430104017257688
0.17972013354301453
0.201372891664505
0.2135619521141052
0.17771419882774353
0.1807907521724701
0.23679909110069275
0.2039107382297516
0.23216277360916135
0.15800046920776367
0.17895999550819397
0.2014451324939728
0.1709006428718567
0.1687546074390411
0.17249110341072083
0.19033461809158325
0.1964605748653412
0.21188947558403012
0.18397051095962524
0.18871530890464783
0.2160693407058716
0.15465018153190613
0.19008603692054749
0.1968161761760712
0.16761475801467896
0.19657573103904724
0.22392204403877256
0.17519664764404297
0.16976463794708252
0.23996093869209287
0.20757606625556943
0.16287818551063535
0.1818675398826599
0.17477482557296753
0.18871212005615237
0.1793951392173767
0.21076425909996033
0.17136359214782715
0.22399845719337463
0.1696248948574066
0.2203747928142548
0.17701834440231323
0.20658054947853088
0.1817519962787628
0.2052350342273712
0.19956225156784055
0.17738452553749084
0.16491732001304626
0.18367472290992737
0.16395437717437744
0.21665078401565552
0.2005983889102936
0.20585444569587708
0.15844315290451047
0.1748373806476593
0.1930820047855377
0.19970273971557617
0.1802591383457184
0.19350445270538327
0.22460755705833435
0.20409551262855527
0.19434118270874023
0.26647940278053284
0.16631248593330383
0.2071147859096527
0.17623400688171387
0.15579688549041748
0.19390925765037537
0.13911303877830505
0.20845848321914673
0.17027133703231812
0.21189692616462708
0.1504521667957306
0.2007039189338684
0.16448575258255005
0.1710686981678009
0.1921318471431732
0.2097478806972504
0.21002238988876343
0.17679020762443542
0.15451541543006897
0.24358883500099185
0.243268758058548
0.21061283349990845
0.17175716161727905
0.15969187021255493
0.18203812837600708
0.16659286618232727
0.19163239002227783
0.15990695357322693
0.1402190327644348
0.19175171852111816
0.2174731194972992
0.1852058172225952
0.2164005637168884
0.1673598289489746
0.18740275502204892
0.17560186982154846
0.21207544207572937
0.1518881618976593
0.22270229458808896
0.17583557963371277
0.1756860911846161
0.14761137962341309
0.19597074389457703
0.20433530211448667
0.15923604369163513
0.18945556879043576
0.16252845525741577
0.2483297884464264
0.18830838799476624
0.1897008121013641
0.1791929006576538
0.18294066190719604
0.21261414885520932
0.1475219428539276
0.2234472632408142
0.20476442575454712
0.2043122351169586
0.14470252394676208
0.219325453042984
0.19326707720756528
0.15857282280921936
0.23348742723464963
0.20388188958168027
0.14047884941101074
0.17646741867065427
0.24570751190185544
0.15539127588272095
0.21783483028411865
0.1915826201438904
0.190037339925766
0.21434304118156436
0.1580323576927185
0.1750229299068451
0.20693179965019223
0.18284595012664795
0.2169518768787384
0.24000331759452817
0.2067794501781464
0.23589345812797544
0.1824863851070404
0.17459207773208618
0.14736229181289673
0.21389055252075195
0.19143787026405332
0.19559034705162048
0.237778514623642
0.1860972344875336
0.18822103738784793
0.23791950941085813
0.2005542516708374
0.18948635458946228
0.1212780550122261
0.1799200177192688
0.18215188384056089
0.18097546696662903
0.18818825483322144
0.20574751496315
0.12518902122974396
0.1913519501686096
0.1826936900615692
0.1935460269451141
0.17777609825134277
0.16130906343460083
0.18766725063323972
0.1406184583902359
0.22577756643295288
0.2089668810367584
0.1953940987586975
0.1713033616542816
0.17848503589630127
0.18574613332748413
0.1729331016540527
0.18614345788955688
0.17432910203933716
0.194216787815094
0.2228456437587738
0.21018740534782407
0.2082640528678894
0.2482819557189941
0.1981463134288788
0.1984542906284332
0.1803153157234192
0.207275390625
0.17367878556251523
0.17753946781158447
0.20969587564468384
0.2124403417110443
0.19786804914474487
0.19352334737777707
0.15470123291015625
0.21359664201736447
0.20132711529731753
0.19783815741539
0.17897182703018188
0.219175398349762
0.15739288926124573
0.20148044824600217
0.1413257122039795
0.18014538288116452
0.20510941743850708
0.1643198728561401
0.21864426136016843
0.19546836614608765
0.19374465942382807
0.2097703516483307
0.2249285578727722
0.2424189746379852
0.2505784332752228
0.18563383817672727
0.22217324376106265
0.1757475733757019
0.1747945249080658
0.15316694974899292
0.2207670509815216
0.1823107004165649
0.2018379271030426
0.1883384585380554
0.12805688381195068
0.15938147902488708
0.20123037695884705
0.1791464388370514
0.21067237854003903
0.20812845230102536
0.1693655252456665
0.14787626266479492
0.19406503438949585
0.18252867460250852
0.19599252939224243
0.13162556290626523
0.16643100976943967
0.17602801322937012
0.16755613684654236
0.16364699602127075
0.1732359230518341
0.1869080066680908
0.2353694438934326
0.14548717439174652
0.17466092109680176
0.16238489747047424
0.17689919471740723
0.13803529739379883
0.1745387613773346
0.15524697303771973
0.22450730204582212
0.16779300570487976
0.16918182373046875
0.20513659715652463
0.16651353240013123
0.2153540253639221
0.2666549384593964
0.14186081290245056
0.22259995341300964
0.1704898178577423
0.20658376812934875
0.19352230429649356
0.1904599368572235
0.19470819830894473
0.20075193047523496
0.20061415433883664
0.1660172343254089
0.18106117844581604
0.18446528911590576
0.14090585708618164
0.1909315586090088
0.15650147199630737
0.20895180106163025
0.17537203431129456
0.14994031190872192
0.20874935388565063
0.1847863793373108
0.17874032258987427
0.21617645025253293
0.17447993159294128
0.20098078250885007
0.17212340235710144
0.20516347885131836
0.1606580913066864
0.17820623517036435
0.1287425309419632
0.17891424894332883
0.1831471621990204
0.1880638897418976
0.15224754810333252
0.25076684355735773
0.1996586620807648
0.19363701343536377
0.188930869102478
0.13648034632205963
0.17656025290489197
0.16767242550849915
0.22523263096809387
0.21593287587165833
0.15660175681114197
0.23864027857780457
0.2106705605983734
0.15910616517066956
0.21464505791664124
0.19349586963653564
0.15821120142936707
0.16525480151176453
0.17685750126838684
0.19826495647430417
0.19447267055511477
0.209583580493927
0.22840493917465207
0.2068762183189392
0.1770198345184326
0.23883590102195737
0.21147942543029785
0.1701853573322296
0.18853819370269773
0.2177436649799347
0.20833116769790647
0.1635778844356537
0.18918052315711972
0.17721864581108093
0.15802475810050964
0.17115044593811035
0.22110646963119504
0.15065523982048035
0.22750461101531985
0.19028005003929135
0.21280494332313535
0.16592997312545776
0.17641934752464294
0.16762295365333557
0.1885153949260712
0.221964567899704
0.138618066906929
0.2103162109851837
0.19437357783317563
0.19564795494079587
0.1650372743606567
0.17655876278877258
0.2026715576648712
0.16416913270950317
0.1683405637741089
0.19466933608055115
0.16694989800453186
0.16044911742210388
0.17077180743217468
0.24774396419525144
0.20453009009361267
0.19752022624015808
0.2026676535606384
0.18362724781036377
0.195061594247818
0.18736234307289124
0.16046780347824097
0.14591547846794128
0.17237219214439392
0.18697842955589292
0.15938302874565125
0.15897658467292783
0.18188339471817017
0.17441922426223755
0.2333025336265564
0.20108866691589355
0.19829288125038144
0.22837933897972104
0.20671287178993225
0.17940622568130493
0.20145586133003235
0.2067270874977112
0.1845897436141968
0.1517144739627838
0.15451881289482117
0.18851700425148007
0.14151129126548767
0.20968401432037356
0.16618990898132324
0.18538722395896912
0.17222067713737488
0.18714901804924008
0.2126504182815552
0.21718469262123108
0.2343207001686096
0.18034642934799197
0.22215953469276428
0.18687772750854487
0.22477856278419492
0.19997626543045044
0.2144223749637604
0.1810740828514099
0.1645948588848114
0.19660016894340515
0.14970219135284424
0.17266657948493955
0.20221704244613647
0.20816367864608765
0.17554849386215207
0.1888686418533325
0.22444617748260495
0.2336856424808502
0.19509482383728027
0.21672117710113523
0.17101457715034485
0.2597377300262451
0.18694117665290833
0.18045157194137573
0.20297792553901672
0.18912741541862488
0.25234830379486084
0.22475922107696533
0.22270259261131287
0.2145155370235443
0.21418040990829468
0.2009059190750122
0.16011637449264526
0.18792518973350525
0.17379438877105713
0.19807234406471247
0.2165549397468567
0.216965526342392
0.22571250796318051
0.2061760127544403
0.15463748574256897
0.2283799648284912
0.22987431287765503
0.20803406834602356
0.16850298643112183
0.13347388803958893
0.20806944370269773
0.21731919050216675
0.183296799659729
0.21503046154975888
0.19186580181121823
0.19298186898231504
0.14245793223381042
0.19445285201072687
0.13813430070877075
0.1843929886817932
0.2251809239387512
0.176198810338974
0.15761378407478333
0.1754915714263916
0.2067391276359558
0.17619821429252625
0.2335815131664276
0.19217601418495175
0.14986959099769592
0.23032128810882568
0.18904253840446472
0.2072744071483612
0.25116002559661865
0.19409132003784177
0.17126241326332092
0.12102925032377244
0.19661515951156616
0.20727580785751343
0.213523268699646
0.19562482833862305
0.16647848486900327
0.18245407938957212
0.23688337206840515
0.228545755147934
0.20581915974617004
0.17001852393150327
0.17243826389312744
0.11892933398485184
0.1757223010063171
0.1614803671836853
0.23442706465721128
0.18459677696228027
0.189399778842926
0.14528748393058777
0.1513889729976654
0.18495622277259824
0.14146417379379272
0.14273732900619507
0.20805856585502625
0.21508005261421204
0.1924282014369965
0.20803001523017883
0.17080554366111755
0.171507328748703
0.172026127576828
0.24988585710525513
0.16060423851013184
0.2363094985485077
0.1868942677974701
0.19273757934570312
0.2245979607105255
0.19152238965034485
0.16290214657783508
0.18509817123413083
0.17175856232643127
0.2182507216930389
0.18621808290481567
0.21281000971794128
0.1919918656349182
0.1963133215904236
0.17420783638954163
0.20210570096969604
0.1856019496917725
0.1891925632953644
0.14669734239578247
0.21831086277961728
0.1906203925609589
0.2359232306480408
0.13683447241783142
0.165153831243515
0.22794294357299805
0.1492103636264801
0.2052297294139862
0.21092286705970764
0.1944960057735443
0.1632971465587616
0.19181635975837708
0.17603468894958496
0.17051252722740173
0.20041951537132263
0.17617222666740415
0.21907332539558408
0.2132072746753693
0.19101896882057187
0.1800727546215057
0.1842386424541473
0.12108554691076279
0.185442179441452
0.20786941051483157
0.19189980626106265
0.16621169447898865
0.23808491230010984
0.19858667254447937
0.21358785033226013
0.20724421739578247
0.21161213517189023
0.22429582476615903
0.15709614753723145
0.14321064949035645
0.17619407176971436
0.20870703458786008
0.19729727506637573
0.17670387029647827
0.21118783950805664
0.17279717326164243
0.1831189692020416
0.19270476698875427
0.15849655866622925
0.20048996806144717
0.18912965059280396
0.20221844315528867
0.20170459151268005
0.15414986014366147
0.20097544789314273
0.18607255816459653
0.19094762206077573
0.1580696403980255
0.1727473735809326
0.1725674271583557
0.20294034481048584
0.20034334063529968
0.20165085792541504
0.19540524482727048
0.18717381358146667
0.18711265921592712
0.16137877106666565
0.1890656650066376
0.18939220905303955
0.16785752773284912
0.23055240511894223
0.17068615555763245
0.18848258256912231
0.23188847303390503
0.16482529044151306
0.1883096396923065
0.186194121837616
0.23402190208435056
0.1761672794818878
0.19824057817459104
0.185986191034317
0.18278071284294128
0.18441087007522583
0.22484517097473145
0.24410036206245425
0.1528932750225067
0.21349546313285828
0.22727099061012268
0.1883088946342468
0.15520471334457395
0.2097938060760498
0.19954854249954224
0.16544508934020996
0.25866594910621643
0.21036741137504575
0.12187925726175308
0.18087083101272583
0.2179860472679138
0.21122542023658752
0.19155240058898923
0.2233731150627136
0.2363641858100891
0.2273750007152557
0.12703827023506165
0.23610663414001465
0.1520293354988098
0.19851863384246823
0.1552678346633911
0.1620867550373077
0.23270353674888608
0.20896840095520017
0.17516854405403137
0.21180081367492676
0.18704530596733093
0.16227275133132935
0.217698872089386
0.1985187530517578
0.17456382513046265
0.15637183189392087
0.20325124263763428
0.22218453884124756
0.2003476321697235
0.20643690228462216
0.19180661439895627
0.1806536316871643
0.14879995584487915
0.2095329463481903
0.20474943518638608
0.202847957611084
0.16517505049705505
0.19697925448417664
0.17104634642601013
0.2038487792015076
0.17141857743263245
0.14546051621437073
0.1660928726196289
0.2270148694515228
0.1674528419971466
0.17530864477157593
0.19040617346763608
0.19429197907447812
0.15737271308898923
0.17019546031951904
0.22520244121551516
0.23277240991592407
0.1958236992359161
0.17420902848243713
0.16709065437316895
0.20420342683792117
0.2547175884246826
0.20695230364799497
0.154167503118515
0.1806909739971161
0.17886242270469663
0.17133021354675293
0.20509546995162964
0.19243916869163516
0.23429808020591733
0.20429283380508423
0.20436137914657593
0.20973435044288635
0.20211911201477048
0.20153978466987607
0.2078658640384674
0.2146514058113098
0.24225646257400513
0.17854347825050354
0.15272551774978635
0.21040579676628113
0.16663667559623718
0.2260562777519226
0.2432284653186798
0.20502513647079468
0.21295595169067383
0.1904162168502808
0.1740821897983551
0.16719016432762146
0.21016302704811096
0.22531113028526303
0.21049296855926516
0.1809042692184448
0.2002775073051453
0.16185757517814636
0.16167333722114563
0.1831616461277008
0.15045654773712158
0.223601907491684
0.17742329835891724
0.17072632908821103
0.19225677847862244
0.17260926961898804
0.18956962227821353
0.18206083774566648
0.20611816644668576
0.16757884621620178
0.16810384392738342
0.20314013957977292
0.1588301658630371
0.22858092188835144
0.2012341022491455
0.19725301861763
0.1973692774772644
0.18642014265060425
0.1692783236503601
0.19903606176376343
0.2165258228778839
0.19555747509002683
0.18164214491844177
0.2180796563625336
0.19828948378562927
0.21704033017158508
0.19626906514167783
0.16684705018997192
0.20156642794609067
0.19621899724006647
0.2163950800895691
0.15378689765930176
0.1701456308364868
0.20097738504409793
0.2322748899459839
0.17426306009292603
0.1943642497062683
0.1661677062511444
0.14252585172653198
0.18609595298767087
0.2286092638969421
0.2448558807373047
0.1866948902606964
0.14162421226501465
0.1659245491027832
0.16357871890068054
0.1772332787513733
0.1755515933036804
0.13166567683219907
0.17381983995437622
0.15371474623680115
0.20780003070831296
0.16033947467803955
0.1688942015171051
0.153128981590271
0.18445152044296265
0.1868644952774048
0.14001768827438354
0.1947314739227295
0.13177073001861572
0.19811061024665833
0.187790721654892
0.2123536169528961
0.2073743045330048
0.20974597334861755
0.17926400899887085
0.2192063629627228
0.15660953521728516
0.1941620111465454
0.162424236536026
0.1929645836353302
0.22633075714111328
0.1963323652744293
0.24779334664344788
0.17498964071273804
0.15924254059791565
0.2129080593585968
0.19379979372024536
0.2118024230003357
0.203962117433548
0.1930560767650604
0.2011583745479584
0.2005338966846466
0.19706773757934568
0.19134005904197687
0.20445567369461057
0.1832982897758484
0.20256105065345764
0.21136558055877683
0.1537531018257141
0.15673866868019104
0.21677026152610776
0.14045295119285583
0.17987632751464844
0.17054006457328796
0.20911860466003415
0.16230884194374084
0.17591726779937744
0.21752074360847476
0.2133837938308716
0.173280268907547
0.17888155579566956
0.14421314001083374
0.1905097663402557
0.15441802144050598
0.20096141099929807
0.21854692697525024
0.2645138502120972
0.17935556173324585
0.16379189491271973
0.20517697930336
0.20132800936698916
0.2661210596561432
0.2023757696151733
0.15594151616096497
0.20496797561645508
0.24100443720817563
0.1869011223316193
0.17482084035873413
0.21401196718215945
0.1833342015743256
0.2716415822505951
0.18518567085266116
0.1522619128227234
0.2269584536552429
0.18930575251579285
0.2646755576133728
0.1325227916240692
0.22268489003181455
0.1575264036655426
0.1858694553375244
0.16511434316635132
0.18150392174720764
0.22081258893013
0.1592119336128235
0.17610672116279602
0.19168227910995483
0.20427221059799197
0.21877360343933103
0.1553417146205902
0.19996419548988345
0.2359483242034912
0.19834768772125244
0.16483694314956665
0.19042536616325376
0.19926154613494876
0.2139524519443512
0.19387945532798767
0.26903659105300903
0.18785288929939273
0.16819524765014648
0.22518163919448847
0.1694486141204834
0.18714371323585513
0.2122020721435547
0.20724314451217649
0.2167225480079651
0.17135336995124817
0.2302822470664978
0.15297088027000427
0.20830944180488584
0.1415724903345108
0.20629608631134036
0.18948635458946228
0.17610284686088562
0.1756279170513153
0.1689702868461609
0.21049249172210693
0.19397228956222531
0.194175124168396
0.2494782507419586
0.24221244454383847
0.15401577949523923
0.19025659561157224
0.21621450781822205
0.15454277396202087
0.24406251311302185
0.17051944136619568
0.2093147337436676
0.17806535959243774
0.1835064888000488
0.157197505235672
0.21608355641365048
0.22139617800712583
0.21632659435272217
0.20592746138572687
0.19260555505752563
0.19003528356552124
0.15032967925071716
0.15906399488449097
0.1576184034347534
0.20886728167533877
0.15323922038078308
0.2168521285057068
0.1777682900428772
0.20449030399322507
0.12518738210201263
0.14035168290138245
0.15950921177864075
0.226670116186142
0.13653701543807983
0.18708956241607663
0.2002512216567993
0.20176362991333008
0.2014152705669403
0.21403709053993225
0.18152493238449097
0.20995742082595825
0.1923733353614807
0.22356095910072327
0.19909834861755368
0.1661957800388336
0.15171915292739868
0.16334006190299988
0.15867042541503906
0.14160646498203275
0.16160660982131958
0.1818088591098785
0.1951313018798828
0.18624258041381836
0.25144463777542114
0.15733972191810608
0.19424960017204285
0.1780242025852203
0.17706480622291565
0.16164621710777283
0.18447273969650269
0.17255082726478577
0.17014965415000916
0.23206236958503723
0.11735912412405014
0.14684849977493286
0.14469273388385773
0.20424449443817136
0.1851615011692047
0.19650658965110776
0.20041537284851077
0.17883837223052979
0.1796005666255951
0.19775733351707456
0.17854934930801392
0.1767738163471222
0.19344833493232727
0.16849049925804138
0.1631717085838318
0.1848716735839844
0.2144474983215332
0.1623179316520691
0.1853877007961273
0.18511226773262024
0.15345612168312073
0.17810934782028198
0.22031831741333008
0.2375032901763916
0.1933280825614929
0.19155558943748477
0.15041181445121765
0.21292814612388608
0.14951089024543762
0.16318899393081665
0.20647829771041873
0.17824083566665647
0.2161693572998047
0.20357781648635864
0.22619765996932983
0.21849733591079712
0.21933361887931824
0.13456735014915466
0.21108338236808777
0.208720326423645
0.17653530836105347
0.2026747167110443
0.19427627325057983
0.18721532821655276
0.1823533773422241
0.17884495854377747
0.20607733726501465
0.16481512784957883
0.1377509832382202
0.18471121788024905
0.12249458581209181
0.1785610020160675
0.1914082467556
0.22074842453002927
0.18337714672088623
0.18888661265373227
0.21824577450752256
0.19622948765754697
0.15056654810905457
0.2186288833618164
0.17879998683929443
0.1933478116989136
0.1978381872177124
0.20233425498008728
0.19131475687026975
0.20185092091560364
0.2002626359462738
0.19793111085891724
0.16290739178657532
0.18005427718162537
0.2055450975894928
0.1991197764873505
0.17925700545310974
0.20304706692695615
0.18617871403694153
0.17412152886390686
0.1722513735294342
0.16359329223632812
0.2149368226528168
0.1447981297969818
0.22484108805656436
0.15812066197395325
0.20807814598083496
0.22052901983261108
0.2150035500526428
0.1805168688297272
0.1920778453350067
0.16912817955017087
0.15072914958000183
0.16999930143356323
0.22788509726524356
0.2030969560146332
0.15889835357666016
0.19401803612709043
0.20953840017318723
0.18051800131797793
0.2242693901062012
0.1253933608531952
0.1834980547428131
0.20198339223861692
0.1910174787044525
0.2009785771369934
0.256843239068985
0.21972528100013727
0.1762143075466156
0.17267391085624695
0.20798617601394653
0.15236493945121765
0.180603951215744
0.18475112318992612
0.1890453100204468
0.21010261774063113
0.20881271362304688
0.18420961499214167
0.21063491702079767
0.17990940809249875
0.1714114546775818
0.19768550992012024
0.1554957926273346
0.20083725452423093
0.15723416209220886
0.23506337404251096
0.205085963010788
0.18866142630577087
0.17597192525863647
0.19150158762931824
0.1913701891899109
0.17438960075378415
0.19622254371643064
0.1529565453529358
0.19819965958595276
0.2288090288639069
0.18988001346588132
0.19463300704956052
0.16131791472434995
0.1351434886455536
0.20970171689987183
0.1829094886779785
0.20453098416328433
0.26992031931877136
0.18101507425308228
0.15101429820060727
0.15271872282028198
0.18321463465690607
0.2102047502994537
0.19065183401107788
0.21812000870704648
0.1636507213115692
0.1949569880962372
0.16126632690429688
0.189516544342041
0.2302543520927429
0.19621422886848447
0.18683305382728577
0.10308904200792313
0.16292664408683777
0.19520992040634155
0.16160735487937927
0.1609344184398651
0.22200098633766172
0.19978675246238708
0.20159605145454407
0.23466518521308896
0.19042405486106873
0.1880859732627869
0.12596964836120603
0.14343273639678955
0.1513451337814331
0.162611722946167
0.15231910347938535
0.20055800676345825
0.16840285062789917
0.19248035550117487
0.16939163208007812
0.2221776247024536
0.17072284221649167
0.1948232352733612
0.18554899096488953
0.20448309183120728
0.19052609801292417
0.17038390040397644
0.19661882519721985
0.2125166356563568
0.19920507073402405
0.1857227087020874
0.1984213590621948
0.19373703002929688
0.1934572458267212
0.16097316145896912
0.1815572679042816
0.17162692546844482
0.15980267524719238
0.16089853644371033
0.16212335228919983
0.17813611030578613
0.27444475889205927
0.16126194596290588
0.16042080521583557
0.1857651174068451
0.24489787220954892
0.22337138652801516
0.1583522856235504
0.20531052350997925
0.21554771065711972
0.21738952398300168
0.14005267620086667
0.16354119777679443
0.17220738530158997
0.20138490200042725
0.1864502727985382
0.16195139288902283
0.17309626936912537
0.22854053974151609
0.13775894045829773
0.16481885313987732
0.13375118374824524
0.20678529143333435
0.15622478723526
0.21679413318634036
0.13451604545116425
0.2578500509262085
0.13304713368415833
0.1927549242973328
0.19800123572349548
0.16410773992538452
0.1643068790435791
0.19760334491729736
0.16103434562683103
0.1746319830417633
0.20681548118591309
0.17341434955596924
0.16316452622413635
0.16270464658737183
0.14022687077522275
0.21288928389549253
0.15546998381614685
0.18417364358901975
0.18534183502197263
0.1818656027317047
0.21020597219467163
0.1681742966175079
0.223397433757782
0.17691853642463684
0.1864353120326996
0.168551504611969
0.20825403928756717
0.15504440665245056
0.17210340499877927
0.21141552925109863
0.1711454689502716
0.17746204137802124
0.17866128683090207
0.1932984292507172
0.18167865276336667
0.2321021556854248
0.2081700563430786
0.2064557075500488
0.2095153629779816
0.2084369957447052
0.20471704006195068
0.18265140056610107
0.18709421157836917
0.1966167390346527
0.14445088803768155
0.19301170110702515
0.2166588008403778
0.18879055976867676
0.18533587455749512
0.15820258855819702
0.21810883283615112
0.19858792424201965
0.1888233721256256
0.20013752579689023
0.2001022398471832
0.15657049417495728
0.20345062017440796
0.18967247009277344
0.2006476819515228
0.185674786567688
0.19792217016220087
0.15838640928268433
0.20149007439613345
0.1911224722862244
0.14501279592514038
0.21492764353752136
0.22780135273933408
0.20870888233184812
0.19003805518150327
0.18390268087387085
0.17586341500282288
0.13913246989250183
0.2017647325992584
0.19129040837287903
0.17741641402244568
0.14719009399414062
0.16104063391685483
0.17320731282234192
0.21769922971725464
0.20118427276611328
0.1654582917690277
0.1693284511566162
0.19620639085769653
0.2390646934509277
0.19492521882057187
0.19476756453514096
0.19801571965217593
0.2118500769138336
0.19438740611076355
0.19503381848335263
0.1746845543384552
0.2534862160682678
0.17637246847152707
0.1678948700428009
0.1929164826869965
0.19185981154441836
0.1934445798397064
0.202576607465744
0.19341549277305603
0.20869010686874387
0.23874580860137937
0.1643144190311432
0.17466875910758972
0.14335307478904724
0.16743582487106323
0.1882188320159912
0.20116877555847168
0.19478237628936768
0.22265124320983887
0.23456797003746033
0.17582392692565915
0.19543322920799253
0.1791125237941742
0.20733508467674253
0.1968448758125305
0.15055504441261292
0.14657676219940183
0.18958738446235657
0.19746279716491696
0.23041245341300964
0.21579551696777344
0.20554718375205996
0.1955413520336151
0.16371405124664307
0.17718413472175598
0.18957182765007016
0.21128311753273007
0.17566552758216855
0.1829504370689392
0.20860096812248227
0.21110066771507263
0.2009032368659973
0.21608057618141172
0.2032470703125
0.1780797839164734
0.20483604073524475
0.2405740916728973
0.20903611183166504
0.19869598746299744
0.18257543444633484
0.20005014538764956
0.20394086837768555
0.1614420115947723
0.1799870729446411
0.18463394045829767
0.19848620891571045
0.19257980585098264
0.22337910532951355
0.18218585848808289
0.20133426785469052
0.1649039387702942
0.16766473650932312
0.18496826291084287
0.17355459928512573
0.14621882140636444
0.1619756519794464
0.207947701215744
0.2372896671295166
0.19401362538337708
0.1809898018836975
0.25536808371543884
0.14998409152030945
0.187536746263504
0.171999990940094
0.1861768662929535
0.20610231161117556
0.17557799816131592
0.1695687174797058
0.1471661925315857
0.14674511551856995
0.18268615007400513
0.22344696521759036
0.17667818069458008
0.2319318652153015
0.15620127320289612
0.20479059219360352
0.1917336881160736
0.2093521952629089
0.2101050019264221
0.16979816555976868
0.24550259113311768
0.1970534920692444
0.19473040103912356
0.23323911428451535
0.16035479307174683
0.17394304275512695
0.1628669500350952
0.18019983172416687
0.19755712151527405
0.17929190397262573
0.17335590720176697
0.20327141880989075
0.17574268579483032
0.2027125060558319
0.20409852266311643
0.17123129963874817
0.2097614407539368
0.20935681462287903
0.20448240637779236
0.20754423737525937
0.1612206995487213
0.22724673151969907
0.15170729160308835
0.21447283029556277
0.26283082365989685
0.20774364471435544
0.1842534840106964
0.2650832533836365
0.1720067858695984
0.16155880689620972
0.15596047043800354
0.18451854586601257
0.21470010280609128
0.17692452669143677
0.17049574851989746
0.18354785442352292
0.16507592797279355
0.22727480530738833
0.18074747920036316
0.1647703647613525
0.16539680957794187
0.20260584354400635
0.15536227822303772
0.17827957868576047
0.13910140097141263
0.17549648880958557
0.13652458786964417
0.18806734681129453
0.1939590573310852
0.2081836462020874
0.15537968277931213
0.14296962320804596
0.21057605743408203
0.19842484593391416
0.18910571932792664
0.1706889569759369
0.19934406876564023
0.20440891385078433
0.1904182732105255
0.2164140343666077
0.20642071962356567
0.19345274567604065
0.18370631337165833
0.21187391877174375
0.2297220230102539
0.20328640937805173
0.2149306535720825
0.20791715383529663
0.15863358974456787
0.19669947028160092
0.1523820459842682
0.19747528433799744
0.16399815678596497
0.18704110383987424
0.2327961027622223
0.21833258867263797
0.193452388048172
0.21414488554000852
0.20822250843048093
0.19899815320968628
0.21011552214622495
0.20597872138023376
0.1879823207855225
0.20599487423896787
0.17186281085014343
0.19141915440559387
0.22383746504783633
0.18300724029541013
0.180803656578064
0.20084035396575928
0.16896021366119385
0.14842087030410767
0.23779961466789243
0.18658718466758728
0.17045444250106812
0.18101218342781064
0.19623616337776184
0.18068861961364743
0.21450844407081604
0.18584942817687988
0.1999273896217346
0.21747201681137085
0.1529850661754608
0.138795405626297
0.19897738099098203
0.1726803481578827
0.21279644966125488
0.13336829841136932
0.20124980807304385
0.200808584690094
0.20244669914245603
0.20293775200843808
0.1393631100654602
0.20805540680885315
0.16491159796714783
0.20694553852081296
0.18912923336029047
0.15269511938095093
0.1818557679653168
0.17137780785560608
0.15702414512634277
0.2180622220039368
0.1843765676021576
0.18793681263923645
0.1775015890598297
0.20747375488281247
0.2069681286811829
0.22675779461860657
0.2053605318069458
0.19027605652809143
0.1892896592617035
0.16431623697280884
0.234829843044281
0.15809449553489685
0.1912637650966644
0.20993700623512268
0.14693933725357056
0.20564070343971247
0.13954657316207883
0.19873195886611936
0.13345900177955627
0.1857035458087921
0.2085457146167755
0.16815173625946045
0.17098167538642883
0.1694713830947876
0.1733199954032898
0.1843455731868744
0.1780109405517578
0.161763995885849
0.17655426263809204
0.20808351039886477
0.13903403282165527
0.19273763895034793
0.14089110493659973
0.20041775703430173
0.16104748845100403
0.23382195830345157
0.19459831714630127
0.1690410077571869
0.15405249595642087
0.19905278086662287
0.19774118065834043
0.2152693271636963
0.17884793877601624
0.16613000631332395
0.23579987883567807
0.17931988835334775
0.20315653085708615
0.14349935948848724
0.2142218351364136
0.2051783800125122
0.16640740633010864
0.21451556682586667
0.12499470263719557
0.1558683216571808
0.23027539253234863
0.1992246508598328
0.19933128356933597
0.19415500760078433
0.18926781415939328
0.2172013223171234
0.20055019855499268
0.18514168262481687
0.20229902863502505
0.1968535482883453
0.21333736181259155
0.1440613716840744
0.1661224067211151
0.15260246396064758
0.1570853292942047
0.2068447172641754
0.23159226775169367
0.17076438665390015
0.21972712874412537
0.2034719288349152
0.1790473461151123
0.16975384950637817
0.1504574716091156
0.19603696465492249
0.1986839175224304
0.22202384471893313
0.1677686870098114
0.17875340580940247
0.15030395984649658
0.21922549605369568
0.17557528614997864
0.1495707631111145
0.21131831407547
0.1927785575389862
0.1717283725738525
0.21897611021995544
0.22625494003295896
0.16956451535224915
0.15422263741493225
0.1976706683635712
0.18433639407157895
0.1797330677509308
0.20892709493637085
0.14883537590503693
0.1675482392311096
0.2205413579940796
0.2080983519554138
0.1763848066329956
0.16190901398658752
0.18389049172401428
0.17706376314163208
0.1734088957309723
0.20110580325126648
0.1891995668411255
0.19204333424568176
0.17533349990844727
0.2067010998725891
0.20653271675109863
0.16701558232307434
0.1937767863273621
0.17306461930274963
0.1421389281749725
0.1443235874176025
0.1709466278553009
0.19754475355148315
0.20861017704010007
0.19971370697021484
0.2161927819252014
0.195745587348938
0.21948602795600888
0.16955259442329407
0.15333586931228635
0.18023383617401123
0.19747623801231384
0.2006468176841736
0.21859240531921384
0.1424817442893982
0.16204437613487244
0.16317978501319885
0.18644645810127256
0.19367113709449768
0.19858336448669436
0.14622369408607483
0.19633242487907407
0.2013261318206787
0.20648515224456787
0.19492062926292417
0.1588788628578186
0.19914555549621585
0.15831592679023743
0.19533503055572507
0.19096207618713376
0.19337046146392825
0.17753359675407407
0.20347627997398376
0.17247086763381958
0.19812226295471191
0.13471990823745728
0.19095394015312195
0.1791612207889557
0.18096914887428284
0.20325344800949097
0.19271987676620483
0.19807353615760803
0.16408705711364746
0.1852960288524628
0.1874773800373077
0.20127245783805847
0.18219310045242307
0.2008974850177765
0.21671295166015625
0.20307803153991696
0.18154168128967285
0.23648545145988464
0.14837780594825745
0.24663209915161127
0.1944203078746796
0.18029484152793884
0.1643400490283966
0.16068223118782043
0.17585542798042297
0.1507653295993805
0.18817773461341855
0.19481250643730164
0.16555726528167725
0.1814889907836914
0.2304860353469849
0.1581343710422516
0.17275294661521912
0.19016957283020017
0.13183808326721191
0.19735500216484067
0.1865709125995636
0.18499040603637693
0.18615195155143735
0.1458090990781784
0.1745146811008453
0.1721253991127014
0.22401636838912964
0.18916109204292297
0.17551282048225403
0.14943140745162964
0.20572927594184875
0.20551079511642456
0.16157636046409607
0.20447707176208496
0.20936197042465207
0.14662835001945496
0.23479720950126648
0.1865564286708832
0.18953180313110352
0.16997334361076355
0.1776495575904846
0.20731291174888608
0.1807553470134735
0.24265578389167783
0.16399413347244263
0.15162381529808044
0.1944310963153839
0.1907804012298584
0.17253321409225464
0.18654614686965945
0.18728718161582944
0.20625409483909607
0.1823934316635132
0.19685217738151553
0.1793130338191986
0.20476034283638
0.2050646543502808
0.1552661955356598
0.17961689829826355
0.21321403980255127
0.17887249588966367
0.20783075690269473
0.2148988246917725
0.20650750398635864
0.17844828963279724
0.24784526228904724
0.2109616994857788
0.2023363411426544
0.1773153245449066
0.1930015981197357
0.14487403631210327
0.1403491497039795
0.21390283107757568
0.1751740276813507
0.19267046451568604
0.14795929193496704
0.18115553259849548
0.18995741009712216
0.2224633097648621
0.20867809653282163
0.21557074785232544
0.18567642569541928
0.1938283443450928
0.18380406498909
0.17730438709259033
0.17800864577293396
0.1777060627937317
0.20694962143898007
0.19233268499374387
0.16405686736106873
0.20239627361297607
0.16854771971702576
0.17569589614868164
0.16755089163780212
0.1818721890449524
0.21760427951812744
0.16121423244476318
0.20538994669914243
0.1426181197166443
0.200863778591156
0.2018740475177765
0.20228442549705505
0.1960456669330597
0.21409961581230164
0.19534876942634585
0.2433877885341644
0.18674606084823608
0.12394841760396956
0.20644298195838928
0.20287072658538816
0.21033653616905207
0.204488068819046
0.1867752969264984
0.1814797520637512
0.13076186180114746
0.14916439354419708
0.20562279224395752
0.22633615136146543
0.1299765259027481
0.19999268651008603
0.18185934424400327
0.17245516180992126
0.1812551021575928
0.18476444482803345
0.2154655158519745
0.1832922995090485
0.19442784786224365
0.19802838563919067
0.23065131902694705
0.18067398667335513
0.14325399696826935
0.15732517838478088
0.19033223390579224
0.19282209873199463
0.2159152328968048
0.22669556736946103
0.1799411177635193
0.2177010476589203
0.17719140648841855
0.10387363284826279
0.19323685765266416
0.21096548438072205
0.13421840965747833
0.19308507442474365
0.19994586706161496
0.1939939856529236
0.2053009569644928
0.16261056065559387
0.20546510815620425
0.17926481366157532
0.17872339487075803
0.19372785091400144
0.1755717396736145
0.181619793176651
0.21339893341064453
0.19320586323738095
0.2319890856742859
0.19896522164344788
0.18615660071372983
0.2315565049648285
0.15449917316436768
0.15708327293395996
0.1639789640903473
0.19456335902214048
0.2058658599853516
0.2067941129207611
0.20413738489151
0.19494754076004028
0.17748498916625977
0.20022314786911008
0.18896448612213132
0.21640285849571228
0.22055795788764956
0.205038845539093
0.2031545341014862
0.2112272381782532
0.201072096824646
0.16916826367378235
0.21357974410057068
0.1696743667125702
0.17717328667640686
0.20221710205078125
0.1963050067424774
0.15533354878425598
0.1959302723407745
0.196429580450058
0.21442729234695437
0.2139737904071808
0.15682125091552734
0.1606847643852234
0.19442430138587952
0.21159449219703677
0.1825270652770996
0.21747341752052307
0.18851178884506223
0.19717824459075928
0.1606813669204712
0.21290844678878784
0.15164008736610413
0.14098158478736875
0.18668696284294128
0.17678362131118774
0.2160816788673401
0.17410880327224731
0.18076130747795105
0.21518030762672424
0.16389024257659912
0.2120821177959442
0.1336965262889862
0.2180244326591492
0.1540693640708923
0.19950082898139956
0.14958202838897705
0.25335726141929626
0.20768585801124567
0.1900768280029297
0.17672312259674072
0.2038728892803192
0.23243671655654907
0.22326621413230896
0.1646275520324707
0.1480552852153778
0.23821258544921875
0.1433962434530258
0.20144152641296384
0.15844130516052246
0.18392109870910645
0.2063671052455902
0.18411162495613095
0.1631283164024353
0.15382450819015503
0.21660932898521423
0.17393943667411804
0.2467597723007202
0.16367939114570615
0.1639334261417389
0.2178323864936829
0.17084771394729614
0.1675852537155151
0.24856695532798767
0.20017573237419128
0.16462746262550354
0.20057290792465207
0.21640720963478088
0.16245079040527344
0.18685394525527957
0.20733386278152463
0.19634020328521729
0.19009530544281003
0.16756609082221985
0.227425217628479
0.17077460885047913
0.214437872171402
0.18818598985672
0.19776287674903867
0.22030621767044067
0.1673299670219421
0.1546638309955597
0.16442662477493286
0.19663625955581665
0.22380754351615903
0.2104325294494629
0.21849265694618225
0.18411970138549805
0.17622819542884827
0.16653379797935483
0.1847647130489349
0.17869681119918823
0.16865327954292297
0.17667347192764282
0.18170589208602905
0.17102614045143127
0.19148704409599304
0.2288825809955597
0.17266976833343503
0.1926741003990173
0.166815847158432
0.2811183035373688
0.2075147032737732
0.18142008781433103
0.1531699299812317
0.16948449611663818
0.2044214904308319
0.21499329805374143
0.2003879547119141
0.17319649457931519
0.19117736816406247
0.20882913470268247
0.2143627107143402
0.2071349322795868
0.1999889612197876
0.19226863980293277
0.1918391585350037
0.16913592815399167
0.17707806825637817
0.17734715342521667
0.17828169465065002
0.26963475346565247
0.19838029146194455
0.2253747880458832
0.1729597449302673
0.23664334416389465
0.20605713129043576
0.2041901648044586
0.19617643952369687
0.2311525046825409
0.17050293087959287
0.1641804277896881
0.18946564197540283
0.17638564109802246
0.18828248977661127
0.2069423794746399
0.18701449036598203
0.1685568392276764
0.25896820425987244
0.18190783262252808
0.18254131078720087
0.22883296012878415
0.17007052898406982
0.1927376687526703
0.1824663281440735
0.14407452940940857
0.16886594891548157
0.20404064655303955
0.1549375355243683
0.1608808934688568
0.20316070318222043
0.22649893164634705
0.1724749207496643
0.18216213583946228
0.15920355916023254
0.20853328704833984
0.22711682319641116
0.18997105956077573
0.1744493544101715
0.18723601102828977
0.19319593906402588
0.2107540667057037
0.1291300654411316
0.2232171297073364
0.19712436199188232
0.20102396607398984
0.18417102098464963
0.2145861089229584
0.2153019309043884
0.21381863951683044
0.18180394172668457
0.24123722314834595
0.1677231788635254
0.20217218995094297
0.20751839876174927
0.20506608486175537
0.2196587026119232
0.21439647674560544
0.21161168813705444
0.1816561818122864
0.1802971065044403
0.20572662353515625
0.22291347384452817
0.20810255408287048
0.2579220235347748
0.2013549506664276
0.17573410272598267
0.20398488640785217
0.14761874079704285
0.1696796417236328
0.210966557264328
0.1684035360813141
0.2018093168735504
0.2411234080791473
0.12627428770065308
0.1593557894229889
0.20003232359886167
0.19733193516731265
0.21045169234275815
0.15564307570457458
0.16921040415763855
0.19155380129814148
0.17351683974266052
0.23760461807250977
0.18640476465225217
0.15795883536338806
0.2084372639656067
0.19291615486145017
0.15797951817512512
0.18807095289230344
0.13222825527191162
0.13959714770317075
0.21931564807891843
0.1513361930847168
0.1809621751308441
0.20921632647514343
0.1731550097465515
0.20502635836601257
0.2017114460468292
0.18542686104774475
0.20612689852714536
0.1326260268688202
0.1696961522102356
0.2381983697414398
0.2033281624317169
0.2118229269981384
0.16551566123962402
0.20727133750915527
0.15482190251350403
0.18304416537284848
0.19747447967529297
0.24135312438011167
0.21340253949165344
0.19955870509147644
0.1989173889160156
0.19451358914375305
0.19002985954284668
0.22341144084930417
0.20718422532081604
0.18391522765159607
0.14381203055381775
0.19164994359016416
0.22137615084648127
0.26797619462013245
0.20965239405632016
0.2146199643611908
0.23542606830596924
0.1710042655467987
0.18962180614471436
0.19426029920578
0.1536833941936493
0.2064986228942871
0.19482979178428647
0.15950223803520203
0.175607830286026
0.20158803462982175
0.19055023789405823
0.22359713912010193
0.16729795932769775
0.17097505927085876
0.1826594769954681
0.17703622579574585
0.16769349575042725
0.1883274614810944
0.1757587492465973
0.139569953083992
0.1806572675704956
0.1987663805484772
0.233070969581604
0.18408191204071045
0.20029193162918088
0.2265567183494568
0.2163143754005432
0.16747745871543884
0.15648865699768066
0.18351179361343384
0.20096120238304135
0.16003373265266418
0.17417582869529724
0.23525303602218628
0.22495317459106445
0.17919984459877014
0.20731738209724423
0.18900564312934875
0.1709865629673004
0.2435399889945984
0.17497247457504272
0.1868114471435547
0.16999396681785583
0.23434260487556455
0.19390398263931277
0.18355226516723633
0.19715595245361328
0.20584267377853396
0.21184390783309937
0.20339587330818176
0.20044368505477905
0.18163940310478208
0.18205639719963077
0.2098088264465332
0.18708941340446472
0.1730169653892517
0.17015999555587769
0.17722943425178528
0.170354425907135
0.16514083743095395
0.2017429769039154
0.18044084310531616
0.17671537399291992
0.18432682752609247
0.20490583777427676
0.25844988226890564
0.16946041584014893
0.20846375823020932
0.20756950974464417
0.13974569737911224
0.20023661851882932
0.18413871526718137
0.2610723376274109
0.1967601776123047
0.13833607733249664
0.19522666931152344
0.212169885635376
0.18439820408821103
0.24133580923080444
0.18399691581726077
0.17762568593025208
0.1672806441783905
0.1926455795764923
0.17676115036010742
0.24479079246521
0.23699304461479187
0.19203057885169983
0.24139174818992612
0.1912799775600433
0.20516175031661987
0.1612989604473114
0.18103152513504028
0.15795829892158508
0.1863518059253693
0.2164786159992218
0.21225836873054504
0.16173905134201047
0.20968168973922727
0.18378254771232605
0.17232725024223328
0.19258615374565125
0.1620708405971527
0.20574551820755005
0.19439834356307983
0.2029167711734772
0.2278183400630951
0.19555965065956116
0.18204089999198916
0.17999061942100525
0.21564382314682007
0.1815771460533142
0.1754654049873352
0.18805545568466184
0.16129103302955627
0.18638047575950625
0.1809226870536804
0.14370885491371155
0.22221243381500244
0.20521527528762817
0.2104458212852478
0.18779134750366208
0.18905097246170044
0.20115762948989868
0.20629706978797913
0.21830847859382627
0.21207329630851743
0.1855302453041077
0.2082423269748688
0.19718381762504575
0.17712995409965515
0.199374794960022
0.1629830300807953
0.1991942524909973
0.1908891201019287
0.17282378673553467
0.17747265100479123
0.15559008717536926
0.1711823046207428
0.18288046121597287
0.21540239453315732
0.2090468406677246
0.21913379430770877
0.20422643423080444
0.18501198291778564
0.13966479897499084
0.1803682446479797
0.1351049840450287
0.20067137479782104
0.18586796522140503
0.22015079855918884
0.15934234857559204
0.13314127922058103
0.20129528641700745
0.1727980077266693
0.2087230086326599
0.16343748569488523
0.18765631318092343
0.1877022683620453
0.2111948728561401
0.17234650254249573
0.18938404321670527
0.13006487488746643
0.15579858422279355
0.2254662811756134
0.16903576254844663
0.20099538564682007
0.21021354198455808
0.18651124835014343
0.2233850657939911
0.1829756796360016
0.1624302864074707
0.20500850677490237
0.2077751457691193
0.1444042921066284
0.17705300450325012
0.15689343214035034
0.19469940662384036
0.15619423985481262
0.17840221524238586
0.172931969165802
0.16274237632751465
0.20936256647109985
0.206818163394928
0.20010694861412048
0.1479540169239044
0.2140673995018005
0.19882905483245847
0.19417563080787656
0.1396937221288681
0.16068774461746216
0.185722291469574
0.1862609386444092
0.18387633562088007
0.129763662815094
0.1842537224292755
0.19999197125434875
0.17860344052314758
0.1752648651599884
0.24207627773284912
0.20675566792488095
0.16814997792243955
0.18799304962158203
0.2204005718231201
0.19826075434684756
0.19458159804344177
0.1648837924003601
0.20953005552291873
0.198523223400116
0.23654627799987793
0.2120714485645294
0.18348067998886108
0.2203462719917297
0.16605877876281738
0.1411724090576172
0.2145987153053284
0.27797895669937134
0.19308483600616452
0.18236511945724487
0.13820838928222656
0.23044541478157043
0.23218655586242676
0.2349018752574921
0.1535302102565765
0.2028297781944275
0.21011868119239807
0.228762686252594
0.21653175354003903
0.23416844010353088
0.24274200201034543
0.235308051109314
0.16829821467399597
0.2140059471130371
0.19161671400070193
0.19399741291999817
0.19273796677589417
0.16715902090072632
0.2492956221103668
0.2007978856563568
0.20252230763435364
0.17738807201385498
0.1812725067138672
0.2117629051208496
0.19251611828804016
0.15950283408164978
0.08872023969888686
0.14909377694129944
0.18213620781898496
0.22065258026123047
0.18158048391342163
0.19864949584007263
0.19452282786369324
0.20955133438110352
0.17028650641441345
0.20225831866264343
0.2304830551147461
0.1876104474067688
0.1514049470424652
0.19046673178672793
0.20920011401176447
0.17897793650627136
0.18643584847450256
0.21196693181991577
0.21432125568389887
0.23110079765319824
0.20035275816917417
0.1771372556686401
0.15407022833824155
0.14978626370429993
0.19449651241302487
0.19661629199981687
0.18440479040145877
0.15420252084732056
0.15186089277267456
0.17617440223693848
0.17199239134788513
0.1975969076156616
0.2026879191398621
0.194085955619812
0.22265771031379697
0.2349456548690796
0.19089993834495544
0.1660292148590088
0.2035604417324066
0.2078743875026703
0.2180583477020264
0.2213280498981476
0.1814914643764496
0.12718039751052856
0.22066161036491397
0.19095173478126523
0.14239823818206787
0.2016019821166992
0.19146987795829767
0.1905198097229004
0.2198684811592102
0.24321031570434568
0.19277957081794736
0.1765535473823547
0.20227089524269104
0.1564417779445648
0.1677388846874237
0.18547746539115903
0.16755440831184387
0.17842340469360352
0.19556334614753723
0.20371171832084653
0.18271148204803464
0.13897782564163208
0.21447640657424927
0.2582967281341553
0.16783499717712402
0.1443907916545868
0.2184966206550598
0.2169032990932465
0.14848732948303223
0.21422645449638367
0.19648519158363345
0.17813915014266968
0.20900118350982663
0.18406882882118225
0.18265488743782043
0.1826442778110504
0.18615001440048215
0.13878983259201047
0.14527571201324463
0.1717456579208374
0.18589091300964355
0.17069843411445615
0.14452743530273435
0.13104060292243955
0.13487279415130615
0.17379674315452576
0.176901638507843
0.1915551126003265
0.1685979962348938
0.17252808809280396
0.1413201093673706
0.16133356094360352
0.2020502984523773
0.15695911645889282
0.20240697264671323
0.18146076798439023
0.24805790185928345
0.2010546326637268
0.1847575604915619
0.21003302931785583
0.21260991692543027
0.20474809408187863
0.2159394323825836
0.1727217435836792
0.2114005386829376
0.19098317623138428
0.2415761947631836
0.15896248817443848
0.19349431991577148
0.24871855974197388
0.14826670289039612
0.17713600397109985
0.1976974308490753
0.209172785282135
0.20439657568931577
0.2444823384284973
0.1877439916133881
0.23315832018852237
0.2015798091888428
0.15092098712921143
0.21021798253059387
0.21097856760025024
0.2278065383434296
0.18375045061111447
0.22167128324508664
0.1674639880657196
0.19130438566207883
0.20788562297821045
0.17593473196029663
0.19381102919578552
0.20221948623657224
0.1576954424381256
0.21282070875167847
0.1651274561882019
0.20990428328514096
0.1552586853504181
0.19576728343963623
0.19790390133857727
0.20378947257995603
0.1550104022026062
0.2400833368301392
0.1764392852783203
0.17240944504737854
0.19149723649024963
0.15041720867156982
0.1563052535057068
0.2150061726570129
0.19299077987670896
0.16305413842201233
0.17930635809898376
0.19083628058433527
0.22254556417465207
0.22971004247665405
0.15092790126800537
0.23861491680145264
0.1394672691822052
0.13700422644615173
0.2144696414470673
0.22774499654769895
0.1921221613883972
0.2123817205429077
0.19933536648750305
0.1951420605182648
0.1611765623092651
0.16782125830650327
0.17635288834571838
0.20807766914367676
0.16965699195861816
0.17806589603424072
0.17327210307121277
0.23136448860168457
0.17693156003952026
0.15039566159248352
0.2225898802280426
0.17987006902694702
0.1882813274860382
0.186077743768692
0.153049498796463
0.20870175957679749
0.213001549243927
0.20097693800926208
0.1778467297554016
0.21242260932922363
0.19433918595314023
0.182670533657074
0.20600605010986328
0.1626785695552826
0.17896848917007446
0.1818149983882904
0.16328293085098267
0.201357364654541
0.1996365189552307
0.16438829898834229
0.1762541830539703
0.17002585530281067
0.2120172381401062
0.2107577621936798
0.18701958656311035
0.18302169442176816
0.2034737467765808
0.20347625017166135
0.2091470956802368
0.22191059589385984
0.1818743348121643
0.1775035858154297
0.16366940736770627
0.15435421466827393
0.2093698084354401
0.2148891389369965
0.2270702123641968
0.2047109305858612
0.1811968386173248
0.2019541561603546
0.20248305797576904
0.21192777156829837
0.20679304003715515
0.21034088730812073
0.1879921853542328
0.24404260516166687
0.1858947575092316
0.22260811924934387
0.17223903536796567
0.2033805549144745
0.21994709968566892
0.1738884150981903
0.13452544808387756
0.18140748143196103
0.21001634001731873
0.21118465065956116
0.19752499461174008
0.2094756066799164
0.1373954713344574
0.19518047571182248
0.19648399949073792
0.21280086040496823
0.18505039811134336
0.192902147769928
0.1514838933944702
0.17828094959259033
0.18816518783569333
0.1991293430328369
0.1656627058982849
0.17695745825767517
0.18651366233825684
0.28474229574203486
0.19051703810691836
0.20533528923988345
0.20390543341636655
0.20028311014175412
0.20062056183815
0.15927842259407043
0.15883362293243408
0.2118879556655884
0.16582894325256348
0.13538654148578644
0.21965211629867556
0.1734641194343567
0.21421080827713007
0.200007438659668
0.17312321066856384
0.23300969600677487
0.13937512040138245
0.1336562931537628
0.17303958535194397
0.26711860299110407
0.18430325388908383
0.2283661365509033
0.18529164791107175
0.19379299879074097
0.1814461052417755
0.18778985738754272
0.15422597527503967
0.1974022686481476
0.19683620333671567
0.18752297759056089
0.17565149068832395
0.2577220201492309
0.20174440741539
0.22987857460975647
0.12064167112112044
0.19791314005851743
0.22959026694297793
0.19283050298690796
0.21998924016952515
0.17289376258850095
0.1651603877544403
0.21416810154914853
0.1858820617198944
0.20478370785713196
0.13882604241371155
0.1890520751476288
0.19177299737930295
0.21177053451538083
0.23239776492118835
0.15971824526786804
0.17498955130577087
0.1246395781636238
0.19736286997795105
0.21070826053619385
0.22201663255691528
0.18181705474853516
0.1746830642223358
0.1807747185230255
0.21557411551475525
0.1879453659057617
0.16029998660087583
0.20560255646705627
0.22211530804634091
0.15753081440925598
0.1676006317138672
0.19274652004241943
0.18568128347396848
0.16411101818084717
0.16199851036071777
0.18467000126838684
0.16089928150177
0.1883952021598816
0.18860965967178345
0.18009445071220395
0.1952645182609558
0.1881132423877716
0.17296519875526428
0.14413151144981384
0.2066085636615753
0.1861712336540222
0.2121941149234772
0.18564546108245847
0.18032455444335935
0.181995153427124
0.16228753328323364
0.17376655340194702
0.25568658113479614
0.12317687273025511
0.19843706488609317
0.18687352538108823
0.20058551430702207
0.21764025092124936
0.18646472692489624
0.18157234787940976
0.15809050202369687
0.22370874881744385
0.23945748805999756
0.16819503903388977
0.18699306249618527
0.19674199819564817
0.1977884471416473
0.1653016209602356
0.1852892637252808
0.2200013697147369
0.16437029838562012
0.2076130211353302
0.22285211086273196
0.16203898191452026
0.1249326840043068
0.20780751109123227
0.1949065923690796
0.16992145776748657
0.1902465224266052
0.18563807010650635
0.2124684453010559
0.19426643848419187
0.1743393242359161
0.18829467892646787
0.1864536702632904
0.17692652344703674
0.1938732862472534
0.21248796582221985
0.18860360980033877
0.20157548785209653
0.12948264181613922
0.19875600934028623
0.20821723341941836
0.16310459375381467
0.16935580968856812
0.14723366498947144
0.19788241386413571
0.1923382580280304
0.12084227800369261
0.18277055025100708
0.16815197467803955
0.2109278440475464
0.1631466448307037
0.19517964124679563
0.19118762016296384
0.19512373208999637
0.14154605567455292
0.16648194193840027
0.18151491880416873
0.1493861973285675
0.17927351593971252
0.2223831117153168
0.1628361940383911
0.13829684257507324
0.1629420220851898
0.1751084327697754
0.21834728121757507
0.18926751613616943
0.17925190925598145
0.17022579908370972
0.18556249141693115
0.17773932218551636
0.1915391981601715
0.16621768474578855
0.17433634400367737
0.14604157209396362
0.20162898302078247
0.20572131872177124
0.2149559855461121
0.1687273383140564
0.17168185114860535
0.20407184958457944
0.12976370751857755
0.1621181070804596
0.1946604549884796
0.2511462867259979
0.16271427273750305
0.20225852727890012
0.15243437886238098
0.14869356155395508
0.20107191801071167
0.2491377890110016
0.20911499857902527
0.18205928802490237
0.20348650217056277
0.22263324260711667
0.22413888573646543
0.21878090500831604
0.15395855903625488
0.14850613474845886
0.21961477398872373
0.1888819932937622
0.19048672914505005
0.1680376827716827
0.19841444492340088
0.20970633625984192
0.20151054859161377
0.20711764693260193
0.19465801119804385
0.13713595271110535
0.2112939953804016
0.17183271050453186
0.20203107595443723
0.23982033133506772
0.22918227314949036
0.183569461107254
0.22110506892204285
0.20351478457450864
0.17285090684890747
0.17416802048683167
0.17280185222625732
0.2088055908679962
0.21133118867874143
0.16682711243629456
0.1980878114700317
0.142286479473114
0.1653170883655548
0.2005794048309326
0.17646774649620056
0.23922607302665713
0.21776676177978516
0.21702665090560916
0.21702876687049863
0.1851487755775452
0.13198991119861603
0.16849523782730103
0.20114225149154663
0.2179314494132996
0.2410517632961273
0.15427663922309875
0.18702736496925357
0.1803753972053528
0.23337727785110476
0.22379672527313232
0.21244549751281736
0.195391058921814
0.14570006728172302
0.1725713014602661
0.1271360218524933
0.2125118374824524
0.194757342338562
0.1749120056629181
0.200762003660202
0.20983436703681943
0.21140664815902707
0.18100094795227048
0.22337087988853452
0.2151383459568024
0.16533038020133972
0.19296917319297793
0.19608262181282043
0.1942792236804962
0.18018624186515808
0.13968852162361145
0.19977411627769473
0.21839299798011777
0.205737829208374
0.19711619615554807
0.2110596299171448
0.23091408610343933
0.20765876770019528
0.17179778218269348
0.23684176802635193
0.21774595975875852
0.17511498928070068
0.20059823989868164
0.15449005365371704
0.20713430643081665
0.20183774828910828
0.1892065405845642
0.21328160166740415
0.19686046242713928
0.19648078083992004
0.19771939516067505
0.26187366247177124
0.22477084398269653
0.22926294803619385
0.17680120468139648
0.2039722204208374
0.1970186531543732
0.1876424551010132
0.1759704351425171
0.20082867145538327
0.1852329075336456
0.14105495810508728
0.18253797292709353
0.21663525700569153
0.17519736289978027
0.18578219413757324
0.15949946641921997
0.1537141501903534
0.20074930787086487
0.2109189331531525
0.18410053849220276
0.21360909938812253
0.2028469443321228
0.1858694553375244
0.1682976186275482
0.21130192279815677
0.2227151989936829
0.2014140784740448
0.21899911761283877
0.18683674931526184
0.18237957358360288
0.20617330074310303
0.18500646948814392
0.17908623814582825
0.21828567981719968
0.16822168231010437
0.15021222829818723
0.2651653289794922
0.14466127753257751
0.175012469291687
0.20256552100181577
0.17968690395355225
0.21803149580955505
0.1799403727054596
0.16359582543373108
0.1858171224594116
0.18563976883888245
0.1601586639881134
0.1760362684726715
0.22840955853462216
0.20578673481941223
0.1734773814678192
0.20346257090568545
0.23281773924827573
0.2167719602584839
0.16913637518882751
0.26339009404182434
0.2069874405860901
0.22368115186691284
0.17701846361160278
0.21645626425743103
0.17540243268013
0.1445503830909729
0.21624144911766047
0.2127632200717926
0.21417695283889768
0.2408231198787689
0.19373410940170288
0.24047410488128665
0.1959165334701538
0.15915969014167783
0.17905563116073608
0.2089599967002869
0.1679900884628296
0.21729430556297305
0.23536962270736692
0.17484810948371887
0.19510480761528012
0.1755281388759613
0.20956748723983765
0.15203428268432617
0.19222223758697507
0.2016342580318451
0.13774418830871582
0.20431846380233765
0.18197754025459287
0.23350903391838077
0.20002517104148865
0.21739140152931213
0.16960880160331726
0.16155749559402463
0.1798098087310791
0.1945800185203552
0.1896374225616455
0.23761588335037231
0.16609057784080505
0.179176926612854
0.2102659046649933
0.1611838936805725
0.17442035675048828
0.17804455757141113
0.20524099469184875
0.20171573758125305
0.18260493874549863
0.2117091119289398
0.16421782970428467
0.1971064507961273
0.2257536351680756
0.15425154566764832
0.17208093404769895
0.15602657198905945
0.20198819041252136
0.17216697335243225
0.18695679306983948
0.2048473954200745
0.1785721778869629
0.1952242851257324
0.21535354852676392
0.23909205198287964
0.15688571333885193
0.20543506741523743
0.2027877867221832
0.18503621220588684
0.19319525361061096
0.1634877324104309
0.14942577481269836
0.21036678552627563
0.18627727031707764
0.17356348037719727
0.1722639501094818
0.1578698754310608
0.16702055931091309
0.1853027641773224
0.178550124168396
0.15554577112197876
0.15427657961845395
0.1921561062335968
0.2312477231025696
0.1557745337486267
0.18232205510139465
0.1866464614868164
0.21788275241851807
0.18775066733360288
0.18225231766700745
0.1775255799293518
0.19546610116958615
0.19154798984527588
0.20625987648963928
0.15536031126976013
0.21661272644996643
0.20986685156822205
0.18663349747657773
0.1699583530426025
0.16852280497550964
0.20833569765090945
0.14797109365463257
0.1445969045162201
0.15350061655044556
0.21860000491142273
0.2238863110542297
0.15855315327644348
0.16915994882583618
0.22925341129302976
0.1434921622276306
0.15135470032691956
0.23294949531555173
0.17881274223327637
0.1579151153564453
0.19422876834869385
0.20675143599510193
0.20521631836891172
0.16555160284042358
0.17097026109695435
0.15739119052886963
0.13251611590385437
0.18281602859497073
0.18809846043586728
0.17622536420822144
0.18702793121337888
0.21145668625831604
0.21939656138420105
0.14757190644741058
0.19775187969207764
0.1632583439350128
0.1913228631019592
0.20566460490226743
0.16498368978500366
0.18594592809677124
0.19942829012870789
0.19966721534729004
0.2141472399234772
0.18140158057212827
0.22595000267028809
0.1691208183765411
0.17335408926010132
0.17103275656700134
0.1988564729690552
0.18286165595054624
0.14267182350158691
0.2603449523448944
0.21677902340888977
0.2040737271308899
0.18525969982147217
0.2011001706123352
0.20174089074134824
0.19715285301208496
0.2112175822257996
0.1463865041732788
0.19417256116867063
0.21300220489501956
0.1565694510936737
0.21325188875198364
0.19599884748458865
0.1812002658843994
0.15607485175132751
0.21172109246253967
0.2021297514438629
0.15994784235954285
0.2200365960597992
0.19827294349670407
0.20857369899749756
0.19433096051216123
0.1516495645046234
0.21668598055839536
0.16341906785964963
0.17617732286453247
0.1993647515773773
0.14079952239990234
0.19294694066047668
0.184488981962204
0.1933844983577728
0.1810983121395111
0.19379356503486636
0.16133955121040344
0.20774754881858823
0.10109717398881912
0.15043595433235168
0.22072964906692505
0.21034759283065796
0.21037006378173828
0.16932648420333862
0.21754610538482663
0.18326455354690552
0.17941227555274963
0.19071337580680847
0.17246803641319275
0.19563534855842593
0.17092233896255493
0.1823453903198242
0.1815602481365204
0.16125324368476868
0.16623198986053467
0.15617403388023376
0.18480989336967468
0.1797273755073547
0.13947038352489471
0.18394705653190607
0.2530807852745056
0.1966310739517212
0.20216381549835205
0.16670432686805725
0.14740741252899167
0.2103868722915649
0.19371661543846128
0.21330514550209043
0.16404014825820923
0.19325619935989377
0.23226079344749448
0.1700993776321411
0.17199796438217163
0.19478371739387512
0.2161952555179596
0.1854632198810577
0.22354829311370847
0.22030946612358093
0.15657252073287964
0.17597186565399167
0.18940740823745728
0.20651257038116452
0.17707601189613342
0.1656063199043274
0.21722388267517087
0.19242337346076965
0.19371142983436584
0.242206871509552
0.17985591292381287
0.193670392036438
0.20765665173530576
0.21823015809059143
0.18200188875198364
0.1708768606185913
0.1592748463153839
0.197817862033844
0.15868517756462097
0.19713208079338077
0.20100834965705872
0.2524977922439575
0.1488235890865326
0.19438123703002927
0.1976471841335297
0.16458317637443542
0.20822447538375852
0.1799706220626831
0.1826677918434143
0.22675657272338867
0.19116804003715515
0.220891535282135
0.1315145194530487
0.1732277274131775
0.1735837757587433
0.19184651970863345
0.2152402102947235
0.1628572940826416
0.17370319366455078
0.21039649844169617
0.1842813193798065
0.1818495988845825
0.19100216031074524
0.22039058804512024
0.18448385596275327
0.1965496242046356
0.18288737535476685
0.2196369469165802
0.24434491991996765
0.1653814911842346
0.17137348651885986
0.17168191075325012
0.21155479550361636
0.20097085833549497
0.21125406026840207
0.21618908643722531
0.20370489358901975
0.23061534762382507
0.2002543807029724
0.19384905695915225
0.15902051329612732
0.20999857783317563
0.2439934015274048
0.19911769032478327
0.2170412838459015
0.2272982895374298
0.22409120202064517
0.173182874917984
0.17661914229393005
0.23187211155891416
0.19011732935905457
0.23708143830299375
0.2271563410758972
0.21553373336791992
0.24036365747451785
0.20392996072769165
0.15318533778190613
0.20494720339775083
0.19003495573997495
0.1943727731704712
0.19557359814643857
0.21681082248687744
0.18175455927848813
0.19585853815078733
0.18036633729934687
0.2146201729774475
0.2521512806415558
0.2166302502155304
0.18718743324279785
0.1831790804862976
0.21596303582191467
0.16162842512130737
0.18142837285995483
0.2038147747516632
0.1285194754600525
0.19173002243041992
0.24675315618515012
0.21990498900413516
0.15158477425575256
0.18854716420173645
0.17657524347305295
0.16754978895187375
0.1866861283779144
0.22201943397521967
0.2409493625164032
0.18642956018447876
0.23953065276145932
0.18350407481193545
0.2368809878826141
0.21282905340194705
0.21351271867752075
0.19299522042274475
0.15670612454414368
0.22525596618652344
0.2061893939971924
0.19617903232574463
0.18026310205459595
0.2239426076412201
0.2057865858078003
0.2102971971035004
0.1398591101169586
0.18675780296325684
0.1797218918800354
0.15992578864097595
0.17191314697265625
0.16582366824150083
0.21077257394790647
0.17210784554481506
0.2439631223678589
0.23622292280197144
0.185274600982666
0.20312583446502683
0.18917831778526303
0.1817863881587982
0.15789496898651123
0.20579040050506592
0.19191926717758176
0.233676940202713
0.15244841575622559
0.1878516674041748
0.20959293842315677
0.210490345954895
0.2143137753009796
0.19533014297485352
0.17887338995933533
0.2075391709804535
0.15765905380249023
0.20374134182929993
0.1598573625087738
0.25379249453544617
0.16979318857192993
0.19108134508132932
0.2107457220554352
0.203058123588562
0.2242828905582428
0.1918974220752716
0.16320425271987915
0.1495949625968933
0.19995820522308347
0.2448440492153168
0.18185243010520932
0.25465258955955505
0.1924636960029602
0.1990318596363068
0.18870562314987183
0.22040852904319763
0.2057262659072876
0.17188110947608948
0.22698071599006647
0.1564483940601349
0.2360588908195496
0.1928843259811401
0.21150192618370056
0.19169190526008603
0.19491642713546753
0.2568478286266327
0.20393562316894528
0.1578819155693054
0.21134567260742188
0.20167484879493716
0.2109820246696472
0.19529464840888977
0.19388520717620847
0.14939090609550476
0.20748248696327207
0.20303839445114133
0.15761810541152954
0.23473805189132688
0.2055922746658325
0.18937766551971436
0.21175742149353027
0.17809069156646729
0.16830286383628845
0.17005416750907895
0.20767396688461304
0.19241249561309812
0.2308204770088196
0.20954748988151553
0.13250848650932312
0.11272278428077696
0.16267722845077515
0.200834721326828
0.16014769673347473
0.2081033885478973
0.2309057712554932
0.20377331972122192
0.14597664773464203
0.19949752092361447
0.1849028766155243
0.17193827033042908
0.22200590372085569
0.18334466218948364
0.1951971650123596
0.199661523103714
0.1881994605064392
0.20951744914054873
0.19142332673072812
0.18872225284576416
0.12530599534511566
0.2253846824169159
0.20688569545745847
0.2212253510951996
0.1280028223991394
0.13008844852447507
0.18586239218711853
0.13142724335193634
0.29542112350463867
0.23231863975524905
0.237652450799942
0.18746763467788696
0.1898469030857086
0.14290207624435425
0.15886637568473816
0.1771484613418579
0.179726243019104
0.1998872756958008
0.1849204897880554
0.1950981020927429
0.17693886160850525
0.19542661309242249
0.16619160771369934
0.09936711937189102
0.1521373689174652
0.1842374801635742
0.1530897617340088
0.18151810765266416
0.20361658930778503
0.1838194131851196
0.18489110469818115
0.19871225953102112
0.18787044286727905
0.1406075358390808
0.16824397444725037
0.20172062516212463
0.18429341912269592
0.15318739414215088
0.19573161005973813
0.17204630374908447
0.18295642733573916
0.18944427371025083
0.17359519004821777
0.2017095983028412
0.23871988058090207
0.21223202347755432
0.11743426322937012
0.1352199912071228
0.17777511477470395
0.18866494297981265
0.17526131868362427
0.21020811796188357
0.10493956506252287
0.15079465508460999
0.22670727968215945
0.20168480277061465
0.16231676936149597
0.1536109447479248
0.2073413133621216
0.20683583617210388
0.15633320808410645
0.24646306037902832
0.20394769310951233
0.18993341922760007
0.20736300945281985
0.20820960402488708
0.19939750432968137
0.17622163891792297
0.19837152957916257
0.18988174200057983
0.203005850315094
0.2001378238201141
0.160569965839386
0.19254738092422485
0.20920771360397336
0.23873770236968997
0.1661798059940338
0.15277928113937375
0.23337972164154047
0.18234372138977048
0.21421647071838376
0.2526402175426483
0.17213174700737
0.1808418035507202
0.16895106434822083
0.2002664804458618
0.174259215593338
0.2375962734222412
0.1842932999134064
0.2336935997009277
0.17933526635169983
0.24724844098091123
0.16310036182403564
0.19797202944755557
0.18113413453102112
0.1814904510974884
0.195406436920166
0.17969924211502075
0.2410975992679596
0.1893033981323242
0.225259393453598
0.21819961071014404
0.2116350829601288
0.2159442603588104
0.23652756214141843
0.21120747923851013
0.1864231526851654
0.16664952039718628
0.2042234241962433
0.2106723189353943
0.16344910860061643
0.2304057478904724
0.18589261174201965
0.18224629759788516
0.23410677909851077
0.16707906126976013
0.1529313623905182
0.22309634089469907
0.1852927207946777
0.20742473006248477
0.15653932094573975
0.13116824626922607
0.23679628968238833
0.2186991274356842
0.18576440215110776
0.2048301100730896
0.25477275252342224
0.16517218947410583
0.18017601966857913
0.1914837658405304
0.1460687071084976
0.20994186401367188
0.25054168701171875
0.23110708594322205
0.16230365633964539
0.2033426463603973
0.20726716518402097
0.16589224338531494
0.18036875128746033
0.1499468982219696
0.18682503700256348
0.17136338353157043
0.15852507948875427
0.19556942582130432
0.2023540437221527
0.1634356677532196
0.1896473467350006
0.16826918721199036
0.1696838140487671
0.14318899810314178
0.16441592574119568
0.2285774052143097
0.19830840826034543
0.1947362720966339
0.1680021286010742
0.21391594409942624
0.1996866166591644
0.1904553174972534
0.17896661162376404
0.1657869517803192
0.17290565371513367
0.17828309535980225
0.21323871612548828
0.15235078334808347
0.20926791429519653
0.20162391662597656
0.2034322023391724
0.20368319749832156
0.20049971342086792
0.21691355109214783
0.17367833852767944
0.18820765614509585
0.16879001259803772
0.20305848121643064
0.21468806266784668
0.17654922604560852
0.2079722285270691
0.16836822032928467
0.2200620472431183
0.17698761820793152
0.1619186699390411
0.17860829830169675
0.18344396352767944
0.23113739490509036
0.20811554789543152
0.17891576886177063
0.22295427322387693
0.17459598183631897
0.18181842565536496
0.17331814765930176
0.16098755598068237
0.17396500706672668
0.16492435336112976
0.19528767466545105
0.19766438007354736
0.1746029257774353
0.1634206175804138
0.17774298787117004
0.20403635501861567
0.21151211857795715
0.18605601787567136
0.22827947139739993
0.20575571060180664
0.2687232494354248
0.1968463957309723
0.1851105690002441
0.20596009492874143
0.1960066258907318
0.20894983410835263
0.14231297373771667
0.19578608870506287
0.17275977134704587
0.21151363849639887
0.1622439920902252
0.18205735087394717
0.21469050645828247
0.1567190587520599
0.2174131274223328
0.1971094906330109
0.1535206139087677
0.2090637683868408
0.18474608659744263
0.17345893383026123
0.20120924711227417
0.17317473888397217
0.295337438583374
0.15550455451011655
0.24349513649940488
0.20818099379539487
0.17542630434036255
0.1864004731178284
0.19068995118141172
0.21882969141006467
0.16829004883766174
0.17370644211769104
0.220718652009964
0.19798052310943604
0.18959918618202207
0.16929349303245544
0.19180428981781003
0.1878994107246399
0.17561909556388855
0.2085283398628235
0.17789733409881592
0.20013514161109924
0.20776143670082087
0.17306652665138245
0.19731557369232175
0.19874805212020877
0.20169678330421448
0.14518682658672333
0.2744894325733185
0.202216237783432
0.12713539600372314
0.19765061140060425
0.16985902190208435
0.2033105194568634
0.1640395224094391
0.18278881907463077
0.15706866979599
0.16467022895812988
0.18512237071990967
0.19907316565513608
0.19361039996147156
0.18524399399757385
0.2004637122154236
0.21847054362297055
0.19181907176971436
0.2298535108566284
0.15044254064559937
0.22814676165580747
0.18396690487861636
0.20940536260604856
0.19873619079589844
0.19795873761177063
0.20547890663146967
0.20709049701690677
0.21103164553642273
0.193905770778656
0.16763374209403992
0.1696299910545349
0.16021281480789185
0.19868215918540957
0.16071301698684692
0.18315228819847104
0.1829476356506348
0.2326157093048096
0.17032712697982788
0.15014943480491638
0.16620099544525146
0.18250453472137448
0.1660902500152588
0.1568032205104828
0.2333778142929077
0.17336782813072205
0.21059697866439817
0.1585892140865326
0.19083622097969052
0.13849127292633057
0.14181968569755554
0.21602612733840945
0.20203235745429993
0.1789683699607849
0.14950424432754517
0.16876482963562012
0.15424710512161255
0.19439029693603516
0.1838292181491852
0.15090855956077576
0.18454778194427487
0.17814201116561887
0.17469093203544617
0.18196505308151245
0.1853075325489044
0.1484825015068054
0.1950373649597168
0.1845422983169556
0.1937713921070099
0.14295661449432373
0.1860370934009552
0.2020079493522644
0.19018670916557312
0.20226499438285828
0.2181763052940369
0.22749790549278257
0.15614160895347595
0.190041184425354
0.2027530372142792
0.17386898398399353
0.1535530686378479
0.20901948213577273
0.1725500524044037
0.19516995549201965
0.24241825938224792
0.19083261489868164
0.16864043474197388
0.15453040599822998
0.18421724438667297
0.1870148479938507
0.1751948595046997
0.18095991015434265
0.17052534222602844
0.20363789796829224
0.2676072120666504
0.20422297716140747
0.16528260707855225
0.25862097740173334
0.2550421357154846
0.17194530367851257
0.20974892377853396
0.1900571584701538
0.17870759963989255
0.19714966416358948
0.18142279982566836
0.18952703475952148
0.20479539036750796
0.21524825692176816
0.1773362159729004
0.23896983265876767
0.19727075099945068
0.19328564405441284
0.2271006405353546
0.16902947425842285
0.1837737262248993
0.2373580038547516
0.21878060698509216
0.1957915723323822
0.15895965695381165
0.22274494171142575
0.2072429060935974
0.20408371090888977
0.19441452622413635
0.18732100725173953
0.16372907161712646
0.22908776998519895
0.2146342694759369
0.19110020995140076
0.19753801822662356
0.20819443464279172
0.1672879159450531
0.19728249311447144
0.17801493406295776
0.17641881108283997
0.2041615843772888
0.16585925221443176
0.2249070107936859
0.1693982183933258
0.17715397477149963
0.20037540793418884
0.1847850978374481
0.1377147138118744
0.18131551146507263
0.18907502293586728
0.20302873849868772
0.2109779119491577
0.109174944460392
0.19199746847152707
0.1751936376094818
0.17181381583213806
0.1886799931526184
0.19484487175941467
0.15642517805099487
0.25694137811660767
0.19411030411720276
0.21736150979995728
0.18370115756988523
0.2223644256591797
0.19053936004638672
0.12394989281892776
0.18902671337127683
0.2011738121509552
0.11664535850286484
0.20882984995841977
0.15232589840888977
0.17073753476142883
0.14670923352241516
0.18187102675437927
0.2125436365604401
0.21101182699203488
0.16656291484832764
0.186329185962677
0.21665871143341064
0.17807653546333313
0.18106797337532043
0.22684267163276672
0.20136144757270807
0.178857684135437
0.17613813281059265
0.14188629388809204
0.19995331764221191
0.18604606389999387
0.19451752305030823
0.15614858269691467
0.19728928804397583
0.22059291601181033
0.22493669390678403
0.22923019528388977
0.200082004070282
0.20887142419815063
0.22992202639579767
0.23793077468872073
0.21890833973884585
0.21097868680953977
0.18800702691078183
0.1852553188800812
0.155884712934494
0.17681878805160522
0.19520941376686096
0.18764877319335935
0.22968295216560364
0.18066167831420896
0.18748623132705688
0.18878191709518433
0.1902030110359192
0.16250401735305786
0.16650134325027463
0.18451231718063357
0.17028024792671204
0.2145799398422241
0.2043209671974182
0.14589282870292664
0.21916809678077695
0.1856185495853424
0.20844200253486636
0.16138979792594907
0.20757722854614255
0.15893685817718503
0.1881521046161652
0.1859712600708008
0.15726783871650696
0.1762300729751587
0.1568922996520996
0.15923044085502625
0.2200070321559906
0.18173304200172424
0.18171000480651853
0.1546992063522339
0.1918678879737854
0.2288627326488495
0.1941862404346466
0.22976613044738767
0.15784984827041623
0.20882993936538696
0.18717962503433228
0.1959044337272644
0.20943805575370789
0.1753250956535339
0.20785939693450928
0.1691673994064331
0.21097695827484128
0.16357526183128357
0.21580326557159424
0.1840519309043884
0.19897419214248657
0.19160273671150208
0.2136373519897461
0.17555323243141174
0.15018031001091003
0.1831253170967102
0.19463396072387693
0.2174105942249298
0.18596166372299197
0.17061033844947815
0.20794078707695007
0.18314868211746213
0.133333683013916
0.19857794046401975
0.14748299121856687
0.19505608081817624
0.191414475440979
0.14957547187805176
0.1835617125034332
0.15498507022857666
0.14404504001140594
0.22903335094451904
0.16938337683677673
0.21537867188453677
0.20691609382629397
0.21299162507057187
0.2124468386173248
0.15623462200164795
0.1741810142993927
0.19904038310050964
0.1927427053451538
0.24251455068588257
0.22575590014457703
0.19971919059753415
0.1665007472038269
0.20712897181510925
0.2334196865558624
0.17608898878097534
0.1453077793121338
0.18669819831848145
0.2140635251998901
0.18552041053771967
0.17329952120780945
0.21100905537605283
0.1529574990272522
0.15516439080238342
0.17148813605308533
0.20746809244155884
0.1675039827823639
0.21150058507919312
0.1654532253742218
0.195765882730484
0.2230934500694275
0.1920892596244812
0.2118297219276428
0.20427125692367556
0.18557748198509216
0.2026076018810272
0.1419457197189331
0.19266065955162048
0.1894949972629547
0.14248105883598328
0.21351912617683408
0.23326843976974487
0.23498427867889404
0.1532016098499298
0.1798117756843567
0.17662087082862854
0.19655281305313113
0.21998643875122073
0.220388263463974
0.16511908173561096
0.1719752848148346
0.20899817347526553
0.1877945959568024
0.2019912004470825
0.20487350225448608
0.1785028576850891
0.1944328844547272
0.18838563561439517
0.23336592316627505
0.1845568418502808
0.16886305809020996
0.2126758098602295
0.14126756787300107
0.15953928232192993
0.1922500133514404
0.19013443589210513
0.1849081516265869
0.2230612337589264
0.17352259159088135
0.16701331734657288
0.2010129392147064
0.17537730932235715
0.16836285591125488
0.1796700358390808
0.150392085313797
0.1808532476425171
0.2114013433456421
0.1750565767288208
0.14729458093643188
0.2037813365459442
0.19365224242210388
0.20225673913955688
0.18417671322822568
0.2178719639778137
0.1753178834915161
0.19671896100044248
0.13111829757690427
0.17398953437805176
0.17903465032577515
0.18810284137725833
0.185117781162262
0.1899261176586151
0.18116387724876404
0.1876380443572998
0.17447522282600403
0.16549894213676453
0.20348766446113584
0.14789515733718872
0.18118062615394592
0.19299298524856567
0.2131674289703369
0.24995082616806033
0.21476545929908752
0.14225333929061887
0.1840530335903168
0.20750901103019717
0.19348597526550287
0.17738115787506104
0.16512268781661987
0.19472870230674744
0.16841888427734375
0.17265260219573975
0.15992051362991333
0.14003512263298035
0.19387313723564148
0.25407594442367554
0.14323879778385162
0.20638427138328552
0.1970845460891724
0.15107062458992004
0.22650417685508728
0.18828600645065308
0.17742443084716797
0.1891867816448212
0.22552666068077087
0.19839417934417725
0.19203555583953855
0.18829688429832456
0.2031022310256958
0.20130088925361636
0.17070350050926208
0.20785510540008545
0.21796154975891116
0.1708763837814331
0.18642675876617432
0.23925700783729556
0.1869683861732483
0.18840667605400083
0.19498971104621887
0.21623811125755313
0.2107947468757629
0.2111039161682129
0.1913894414901733
0.1825953722000122
0.1620692014694214
0.19411671161651609
0.17705750465393066
0.20308062434196472
0.2268567979335785
0.17684406042099
0.2005214691162109
0.16641876101493835
0.1836804449558258
0.19290947914123532
0.1456930935382843
0.13800419867038727
0.1825897693634033
0.20867291092872617
0.18936526775360107
0.21432846784591675
0.19968730211257932
0.1759762167930603
0.18551480770111084
0.2128390669822693
0.2360471785068512
0.1487581431865692
0.18696001172065732
0.19007480144500727
0.2075020670890808
0.17321118712425232
0.22648125886917117
0.20633453130722043
0.16267448663711548
0.1807279884815216
0.19296789169311523
0.1746683120727539
0.20801228284835813
0.16328662633895874
0.1752568483352661
0.18816804885864255
0.17577338218688965
0.1720296740531921
0.16992807388305664
0.15813320875167847
0.2032608985900879
0.1823188364505768
0.171751469373703
0.1877870261669159
0.17097172141075134
0.17741569876670835
0.16364851593971252
0.17848333716392517
0.15498200058937073
0.16820028424263
0.1658322513103485
0.13998955488204956
0.20702195167541504
0.19576969742774963
0.21560493111610407
0.18420559167861936
0.26149770617485046
0.18204477429389956
0.18420466780662537
0.2189632058143616
0.14443260431289673
0.18855753540992737
0.20807161927223203
0.2188757359981537
0.17602640390396118
0.1818751096725464
0.1860646903514862
0.2034010589122772
0.2430007755756378
0.22470986843109128
0.1387640684843063
0.14102786779403687
0.2340397238731384
0.200582891702652
0.1755211055278778
0.2383665144443512
0.15118083357810974
0.18441262841224673
0.20367905497550964
0.16238591074943542
0.1445854753255844
0.22556599974632263
0.18508651852607727
0.23079863190650937
0.16521704196929932
0.1722373366355896
0.20408630371093753
0.21436503529548645
0.21171966195106504
0.15575358271598816
0.20224028825759888
0.18444806337356567
0.16339269280433655
0.17443639039993286
0.17028021812438965
0.18682420253753665
0.10776939243078232
0.17723581194877625
0.19153743982315063
0.16802242398262024
0.23412770032882688
0.1694390773773193
0.1821095943450928
0.23262584209442136
0.1989450454711914
0.18281027674674988
0.16600054502487183
0.1857151091098785
0.1896919310092926
0.1732589304447174
0.18839839100837708
0.1793857216835022
0.21009936928749084
0.19930973649024963
0.18547174334526065
0.17706403136253357
0.218406081199646
0.20403209328651428
0.2169158160686493
0.20425257086753845
0.16542717814445496
0.20300924777984616
0.19209969043731687
0.1671150028705597
0.19580891728401184
0.17998334765434265
0.1635195016860962
0.19218087196350095
0.20524397492408752
0.18228167295455927
0.1965367496013641
0.20999109745025635
0.2133491337299347
0.22346636652946472
0.16878139972686768
0.19084471464157104
0.18202945590019223
0.17322722077369687
0.20722416043281555
0.21650353074073792
0.21165314316749567
0.1973370313644409
0.20157745480537412
0.2078731656074524
0.22589430212974548
0.19863721728324887
0.1955247223377228
0.14475014805793762
0.21183094382286072
0.18743479251861567
0.1633170247077942
0.17122843861579895
0.19347083568573
0.1478101909160614
0.19457173347473145
0.2103500664234161
0.17941316962242126
0.2051537036895752
0.16309857368469238
0.15420252084732056
0.20667779445648196
0.20621657371521
0.21346881985664368
0.1899318099021912
0.18748852610588077
0.18948936462402344
0.22672596573829648
0.18867766857147217
0.2364085912704468
0.12997370958328247
0.17979881167411804
0.21770259737968445
0.1832653284072876
0.18899044394493103
0.21253010630607605
0.18161129951477048
0.17132055759429932
0.2068510055541992
0.22838345170021057
0.18380439281463623
0.19712841510772705
0.19687575101852417
0.232109397649765
0.1649167239665985
0.21719589829444885
0.2088243067264557
0.16137143969535828
0.26968562602996826
0.1797720193862915
0.20179420709609985
0.14455002546310425
0.19804680347442624
0.1752210259437561
0.18862417340278623
0.1858003735542297
0.2287866771221161
0.19280967116355896
0.1746315062046051
0.1738251745700836
0.1527734100818634
0.21712926030159
0.20957964658737183
0.220471054315567
0.21652963757514956
0.2135852575302124
0.21011272072792053
0.15988653898239136
0.19751545786857605
0.189020037651062
0.15914049744606018
0.21397531032562253
0.22303941845893857
0.2068309783935547
0.22075265645980835
0.1920455098152161
0.19599059224128723
0.17849183082580566
0.12227887660264967
0.2078634798526764
0.1886289417743683
0.16767889261245728
0.2117328345775604
0.1914925277233124
0.1927092373371124
0.17380297183990479
0.20133960247039795
0.19446122646331787
0.17631977796554563
0.1713421642780304
0.15323686599731445
0.21065339446067807
0.18340426683425903
0.20178362727165225
0.1950651705265045
0.228336364030838
0.24288269877433777
0.18856123089790344
0.2509235739707947
0.18036893010139465
0.14961710572242737
0.1661340296268463
0.17222613096237183
0.20560663938522336
0.2108821272850037
0.1862008571624756
0.172165185213089
0.1956832706928253
0.1731691062450409
0.19793927669525144
0.18693339824676516
0.2123064398765564
0.2300492823123932
0.2041064202785492
0.168937087059021
0.20697045326232913
0.2164432406425476
0.19722914695739743
0.21850568056106567
0.1884446740150452
0.21253207325935364
0.1996644735336304
0.17145320773124695
0.18329650163650513
0.18548765778541565
0.177293062210083
0.16784533858299255
0.17663723230361938
0.18086695671081543
0.19572594761848447
0.2183602452278137
0.17861446738243103
0.16686472296714783
0.21826776862144473
0.19919228553771967
0.17170530557632446
0.15481311082839963
0.2036613821983337
0.16189536452293396
0.1822209358215332
0.22482830286026
0.20794996619224548
0.16554000973701477
0.20576453208923337
0.18669182062149048
0.16443932056427
0.20288947224617004
0.1618373692035675
0.17381536960601807
0.12371853739023209
0.20576953887939453
0.16075611114501953
0.21981602907180783
0.2235439419746399
0.21476092934608457
0.19131481647491452
0.1691916584968567
0.1374819576740265
0.20124763250350952
0.19849884510040283
0.1881094574928284
0.22022217512130737
0.1945233941078186
0.17836591601371765
0.2067946493625641
0.1600792407989502
0.19937750697135925
0.19749987125396729
0.17576551437377927
0.17972150444984436
0.1395234167575836
0.2385148108005524
0.16109439730644226
0.2405374646186829
0.20704725384712216
0.2002630829811096
0.20138782262802124
0.1848192811012268
0.22094017267227167
0.1851596236228943
0.1910337209701538
0.20598325133323667
0.2165246903896332
0.20063289999961853
0.20193162560462952
0.16849154233932495
0.1797922849655151
0.15964850783348083
0.16556674242019653
0.1638224720954895
0.19473367929458615
0.18662157654762268
0.1896477043628693
0.21694913506507876
0.1968073546886444
0.21143406629562375
0.2439555525779724
0.1480337679386139
0.19390735030174253
0.2073436677455902
0.15850737690925598
0.17000022530555725
0.19760653376579285
0.1809117496013641
0.173895001411438
0.20542803406715396
0.1940259635448456
0.2311977446079254
0.20454114675521848
0.20567613840103147
0.21610721945762637
0.18511119484901428
0.09192600101232529
0.16821080446243286
0.16607144474983215
0.16084912419319153
0.17623484134674072
0.14464432001113892
0.1978245973587036
0.16282355785369873
0.22361102700233457
0.2319086194038391
0.16359171271324155
0.21692153811454767
0.17220431566238403
0.15182387828826904
0.16301968693733215
0.19836398959159848
0.1843802034854889
0.1640893518924713
0.16702932119369507
0.18864160776138303
0.20789176225662231
0.2571672201156616
0.18997648358345032
0.1846177875995636
0.21473789215087888
0.21828255057334897
0.2327638864517212
0.17510384321212769
0.20109575986862183
0.19003579020500183
0.23022577166557312
0.17337393760681152
0.16975075006484985
0.1876438558101654
0.21390745043754575
0.20916250348091123
0.15430891513824463
0.21661388874053955
0.19798564910888672
0.15776991844177246
0.2121986746788025
0.17842212319374084
0.23465141654014587
0.18227016925811768
0.22497838735580444
0.16027534008026123
0.21878165006637573
0.21381521224975583
0.1853070557117462
0.19090566039085388
0.16885483264923096
0.1823468208312988
0.16980719566345215
0.17315295338630676
0.1479782909154892
0.18851596117019653
0.20920544862747192
0.19770789146423337
0.1945070922374725
0.17920199036598203
0.16497883200645447
0.15255436301231384
0.1898635625839233
0.18596196174621585
0.22166380286216733
0.1871086657047272
0.1981876492500305
0.18841683864593503
0.23000040650367737
0.1981887519359589
0.17629405856132507
0.11437731236219406
0.20712947845458984
0.1816697716712952
0.19532817602157593
0.16082602739334106
0.12833619117736816
0.1861421763896942
0.21591097116470337
0.15619647502899167
0.19164034724235532
0.13963863253593445
0.2310733497142792
0.21246090531349185
0.2162815034389496
0.1625085175037384
0.2184905707836151
0.22403258085250852
0.16458550095558167
0.23334595561027527
0.19713944196701047
0.17987480759620667
0.1539647281169891
0.20738962292671204
0.1763840019702911
0.2308133542537689
0.1961630582809448
0.16279789805412292
0.19836160540580747
0.1720026135444641
0.21843865513801572
0.21154624223709104
0.13854625821113586
0.1922059655189514
0.20976978540420527
0.21362799406051636
0.2206580638885498
0.14505815505981445
0.15285000205039978
0.1756283938884735
0.2272909879684448
0.183359295129776
0.2652486562728882
0.13954178988933563
0.15870553255081177
0.1863475739955902
0.1746196746826172
0.1936112642288208
0.17242953181266785
0.21284449100494385
0.1636008620262146
0.21660548448562625
0.21207016706466675
0.19526588916778564
0.19871681928634644
0.21908101439476013
0.19361183047294617
0.1945423781871796
0.16770499944686887
0.20370414853096008
0.1536433696746826
0.26503896713256836
0.2575415074825287
0.20966681838035583
0.19361662864685056
0.1962794065475464
0.16901341080665588
0.17364269495010376
0.19572308659553528
0.17033502459526062
0.2141287326812744
0.14766451716423035
0.19089156389236447
0.234175443649292
0.14089444279670715
0.20709922909736636
0.2049506902694702
0.20469930768013
0.1714252531528473
0.17135733366012573
0.16235163807868955
0.20065203309059143
0.1790632605552673
0.18509304523468015
0.16790005564689636
0.2206690609455109
0.1616424322128296
0.20533597469329837
0.19418606162071228
0.1956998109817505
0.16811415553092957
0.17724281549453735
0.1961798071861267
0.18227067589759824
0.15731021761894226
0.18560850620269773
0.20155587792396543
0.20778831839561465
0.18757009506225583
0.17684295773506165
0.1702290177345276
0.20541077852249143
0.1488574892282486
0.1503591239452362
0.21151557564735407
0.14021259546279907
0.1578330099582672
0.2250172197818756
0.24118617177009585
0.1554630994796753
0.1634162962436676
0.18776762485504153
0.17902889847755432
0.15829843282699585
0.15184113383293152
0.21072399616241452
0.22509357333183289
0.1989615261554718
0.19069746136665344
0.19433552026748657
0.1737525165081024
0.21207717061042783
0.18286004662513727
0.22301232814788816
0.21018061041831967
0.21543484926223755
0.18119144439697263
0.15427690744400024
0.15097519755363464
0.18420460820198056
0.21864017844200132
0.21773797273635864
0.18391332030296323
0.18726855516433716
0.22940200567245483
0.18639418482780457
0.19714513421058652
0.17695331573486328
0.1504935920238495
0.18713596463203433
0.22095581889152527
0.169480562210083
0.18933337926864624
0.16840186715126035
0.18560749292373657
0.2146209478378296
0.24128952622413635
0.18708080053329468
0.18947482109069824
0.20372051000595087
0.18740811944007876
0.2072153389453888
0.17720967531204224
0.18462920188903809
0.19254902005195615
0.15095791220664978
0.19960972666740415
0.18851414322853088
0.2234380841255188
0.245440274477005
0.21505859494209287
0.17295274138450623
0.1673431098461151
0.17747339606285095
0.18628734350204468
0.15537035465240479
0.19397023320198056
0.19094437360763547
0.19603201746940607
0.17084306478500366
0.22651240229606628
0.23240944743156436
0.15809243917465207
0.1902659833431244
0.20296603441238403
0.22495466470718384
0.21794092655181885
0.1420527696609497
0.14066383242607117
0.20343148708343503
0.1666884422302246
0.1552274227142334
0.19040429592132568
0.21973189711570737
0.16721734404563904
0.1570952534675598
0.18131753802299497
0.1772107481956482
0.17289721965789795
0.163615345954895
0.14620190858840942
0.1811601221561432
0.17886558175086975
0.2130814492702484
0.15692785382270813
0.205081045627594
0.22132638096809387
0.17841869592666623
0.18141287565231323
0.16980677843093872
0.17908480763435364
0.16173821687698364
0.20975703001022336
0.1874163448810577
0.2253582775592804
0.1607571542263031
0.17434480786323547
0.1705259382724762
0.23524779081344604
0.1982644200325012
0.19059962034225464
0.20071861147880557
0.221222460269928
0.17019009590148923
0.1385522484779358
0.1899946630001068
0.1802308559417725
0.2186811566352844
0.2112787365913391
0.21492087841033933
0.18918702006340024
0.21522271633148196
0.2040983140468597
0.17118608951568604
0.18393319845199585
0.14581334590911865
0.191646546125412
0.1624285578727722
0.22634375095367432
0.18438249826431277
0.14405864477157593
0.19342124462127683
0.19545534253120425
0.1895694732666016
0.2087993323802948
0.1649859249591827
0.16057902574539185
0.21137994527816767
0.1886141002178192
0.16494861245155334
0.17961585521697998
0.22392582893371585
0.2010643184185028
0.17015561461448667
0.2237306237220764
0.17752107977867126
0.19656157493591309
0.20959389209747317
0.16621819138526917
0.22307047247886655
0.1828210949897766
0.2096526324748993
0.18714669346809387
0.1789422333240509
0.21374502778053284
0.2314557433128357
0.16481110453605652
0.1474687159061432
0.2035943865776062
0.1961711347103119
0.2029117047786713
0.16414988040924072
0.160913348197937
0.19970327615737915
0.19357556104660037
0.19089543819427487
0.15926218032836914
0.20614895224571228
0.12956729531288147
0.18676537275314328
0.20588290691375727
0.1484071314334869
0.1674080193042755
0.19028273224830627
0.17826104164123535
0.17781469225883484
0.2110522985458374
0.2007968723773956
0.18946835398674008
0.14256101846694946
0.16186729073524475
0.19090819358825684
0.21663153171539304
0.19435587525367737
0.13850387930870056
0.22798201441764832
0.20125085115432736
0.1764400005340576
0.20397725701332087
0.21523767709732053
0.20690801739692688
0.17108821868896484
0.1880268156528473
0.23143252730369568
0.1662454605102539
0.19892385601997373
0.22270712256431577
0.25851505994796753
0.19626051187515256
0.18634074926376343
0.17126405239105225
0.18621528148651123
0.1326906383037567
0.19371718168258664
0.20600217580795288
0.22098484635353088
0.19117692112922668
0.1946525275707245
0.2035843133926392
0.19333145022392273
0.1724192500114441
0.1473346650600433
0.1748460829257965
0.17019081115722656
0.11138167232275008
0.16390922665596008
0.15908852219581604
0.18111118674278257
0.16945371031761167
0.1611415147781372
0.15168410539627075
0.2065347135066986
0.18848872184753415
0.21771767735481265
0.17676031589508057
0.21958744525909424
0.1607409417629242
0.15575677156448364
0.18193429708480835
0.22783595323562625
0.19716754555702207
0.1722810864448547
0.2108067274093628
0.22202154994010925
0.14572644233703613
0.2312378287315369
0.18913984298706052
0.21214321255683896
0.158182293176651
0.17073795199394226
0.18569359183311465
0.18341290950775144
0.16023844480514526
0.21136775612831116
0.20326924324035645
0.15080350637435913
0.1951023042201996
0.20956414937973025
0.17443186044692993
0.22470423579216003
0.18339630961418152
0.2146104872226715
0.17921608686447144
0.21383005380630493
0.1628914773464203
0.1707714796066284
0.2107909917831421
0.21597039699554443
0.1747959554195404
0.12810584902763367
0.1873708069324493
0.1392928808927536
0.2296578288078308
0.21641549468040464
0.21813902258872983
0.21755823493003845
0.1918058395385742
0.25916051864624023
0.20321437716484067
0.16612538695335388
0.17542621493339539
0.22375032305717468
0.19376936554908752
0.20876991748809812
0.19212570786476132
0.20141085982322687
0.20142871141433716
0.19433078169822687
0.21617454290390012
0.20558163523674008
0.210545152425766
0.1552504003047943
0.20574212074279785
0.1941936016082764
0.15253761410713196
0.1678016185760498
0.20634508132934568
0.1448444426059723
0.21973294019699097
0.20748406648635864
0.21775963902473447
0.16561728715896606
0.20390769839286804
0.16229403018951416
0.18610095977783203
0.19891157746315
0.18607413768768313
0.18870452046394348
0.19600799679756165
0.148455411195755
0.22263932228088376
0.2031614780426025
0.20445632934570312
0.2367059886455536
0.16310307383537292
0.15604665875434875
0.20750531554222104
0.17891031503677368
0.1960930824279785
0.2133912146091461
0.20386022329330444
0.18669071793556213
0.21947503089904785
0.18789175152778623
0.18144384026527405
0.16405224800109863
0.1846720278263092
0.1910877823829651
0.1882353723049164
0.17717519402503967
0.23112890124320984
0.19081947207450864
0.2324789762496948
0.20650541782379153
0.21450337767601013
0.2347792088985443
0.20181697607040405
0.22126731276512143
0.2076290845870972
0.22922083735466003
0.18809884786605835
0.2026832103729248
0.17805418372154236
0.160243421792984
0.201694518327713
0.163178950548172
0.20707070827484128
0.17203316092491147
0.17631372809410095
0.1664583683013916
0.20142507553100583
0.23149448633193967
0.2326054275035858
0.2328912615776062
0.13650859892368317
0.1885916292667389
0.15078458189964294
0.25109052658081055
0.22117331624031064
0.2316400706768036
0.1768073737621307
0.20615753531455996
0.2209541201591492
0.2093956172466278
0.1830836534500122
0.17065751552581787
0.1833535134792328
0.18343839049339292
0.21736091375350952
0.24382033944129944
0.19178336858749387
0.19537886977195737
0.18773022294044492
0.17148521542549133
0.13772511482238767
0.19552290439605713
0.1898496448993683
0.18622687458992004
0.18735486268997192
0.1619491875171661
0.24256396293640137
0.20949336886405945
0.20371520519256592
0.1662192344665527
0.16059061884880063
0.2049764692783356
0.2151353657245636
0.18829527497291565
0.2201012670993805
0.18433851003646848
0.19281744956970212
0.22349122166633603
0.16875505447387695
0.14823248982429504
0.19244167208671567
0.17527303099632263
0.20075401663780207
0.18740433454513547
0.16373416781425476
0.18655559420585632
0.20826911926269528
0.16499003767967224
0.17923489212989807
0.16110441088676453
0.1789887249469757
0.1887819468975067
0.16298639774322507
0.20988720655441284
0.17180538177490234
0.1833534240722656
0.20913049578666687
0.1740116775035858
0.1628020703792572
0.15543901920318604
0.22918835282325745
0.17253753542900083
0.16922950744628906
0.1643681824207306
0.17191705107688904
0.22542491555213928
0.20624437928199768
0.19391319155693051
0.17660972476005554
0.17254629731178284
0.15835827589035034
0.16846066713333127
0.17847970128059387
0.19063547253608704
0.1802994608879089
0.18248414993286127
0.17700836062431335
0.19151553511619568
0.2414739429950714
0.1734983921051025
0.18354028463363647
0.15195485949516296
0.19227787852287287
0.17339113354682922
0.21099871397018433
0.19487130641937253
0.20045953989028928
0.18841904401779172
0.22857910394668576
0.17717677354812622
0.20690158009529117
0.14824584126472473
0.22629526257514956
0.18863680958747864
0.18549060821533203
0.18778535723686215
0.19328561425209043
0.2083205878734589
0.18463498353958127
0.19052967429161072
0.19078940153121948
0.21641483902931213
0.14702108502388
0.14410099387168884
0.19012635946273804
0.19266992807388303
0.17632538080215454
0.17612215876579285
0.24055749177932736
0.131318062543869
0.16119661927223203
0.15170282125473022
0.1414417028427124
0.2237122058868408
0.16939997673034668
0.21653449535369876
0.1639547049999237
0.14244559407234192
0.22822460532188413
0.2032688558101654
0.16204479336738586
0.1911272406578064
0.19935384392738345
0.1593373417854309
0.2104153037071228
0.20573174953460693
0.16269508004188535
0.17730706930160522
0.20894405245780945
0.18558132648468015
0.20519328117370603
0.19824597239494324
0.17184001207351685
0.17997977137565613
0.17974871397018433
0.14692094922065735
0.2323704659938812
0.20610943436622617
0.2262821793556213
0.16349604725837708
0.1555703580379486
0.17819711565971375
0.22796407341957087
0.18496093153953552
0.15267542004585266
0.2128424048423767
0.18016585707664487
0.17838609218597412
0.18105041980743408
0.14765107631683347
0.2464925646781921
0.20161986351013184
0.2016278505325317
0.21236708760261533
0.1855729818344116
0.20519226789474487
0.1833212971687317
0.17338836193084717
0.20673921704292297
0.1875194013118744
0.19857922196388245
0.185112863779068
0.1903580129146576
0.2269681394100189
0.17977717518806455
0.22956445813179016
0.19902637600898743
0.1440477669239044
0.21249175071716309
0.21601048111915588
0.1660839021205902
0.1929987668991089
0.19372975826263428
0.17629212141036987
0.18959328532218933
0.1530570685863495
0.1616368293762207
0.19891279935836792
0.16961529850959775
0.1709233820438385
0.16396579146385193
0.17906227707862854
0.22176814079284668
0.1492535024881363
0.19576933979988095
0.16915243864059448
0.16065672039985657
0.18241703510284424
0.2063033878803253
0.1708531677722931
0.24212846159935
0.15005382895469663
0.13459524512290955
0.170770525932312
0.22685208916664124
0.15670624375343323
0.2103328108787537
0.15111321210861206
0.1597447693347931
0.18119508028030396
0.13011892139911652
0.1709812879562378
0.1641004979610443
0.1417305618524551
0.20799368619918823
0.17085352540016174
0.22181022167205808
0.1752060353755951
0.1579839587211609
0.15807676315307617
0.17027488350868225
0.16040289402008057
0.1864628493785858
0.190491646528244
0.2635534405708313
0.17102846503257751
0.15536987781524658
0.20845225453376767
0.2321591079235077
0.19158178567886353
0.2221883833408356
0.19630682468414304
0.1974530518054962
0.2217521965503693
0.16026616096496582
0.20197811722755432
0.16199222207069397
0.21826195716857913
0.1915274262428284
0.18504536151885984
0.20582115650177
0.2114700078964233
0.16606229543685913
0.19310700893402097
0.16654580831527707
0.2120920419692993
0.1547727882862091
0.18439429998397827
0.1933010220527649
0.210674911737442
0.14772361516952515
0.25182536244392395
0.23345598578453064
0.1743534803390503
0.16361668705940247
0.19403153657913208
0.2150317430496216
0.2391115128993988
0.16085857152938843
0.16986647248268127
0.14836233854293823
0.24815663695335388
0.16610831022262573
0.188363254070282
0.18385133147239685
0.20447510480880737
0.1593131124973297
0.1390748620033264
0.18059444427490237
0.17068326473236084
0.16218435764312744
0.17889857292175293
0.14473068714141843
0.18581175804138184
0.22280406951904297
0.2128752171993256
0.23246818780899048
0.19856494665145877
0.2044380009174347
0.20508423447608948
0.15673187375068665
0.19535467028617856
0.18162298202514648
0.18770611286163327
0.17818239331245422
0.15560969710350037
0.20505219697952273
0.2093107104301453
0.16532737016677856
0.1690046489238739
0.16119942069053647
0.19176584482192996
0.16397958993911743
0.1760152280330658
0.2611909806728363
0.20647540688514707
0.1712445616722107
0.20773339271545407
0.18579357862472531
0.15130308270454407
0.20996165275573728
0.2166076302528381
0.17701059579849243
0.1919269859790802
0.16439944505691528
0.20349740982055664
0.17749065160751343
0.1471618115901947
0.18333548307418823
0.19631314277648923
0.19365414977073667
0.2212100327014923
0.1903197169303894
0.21171972155570984
0.18558445572853088
0.18158560991287231
0.148025244474411
0.18492174148559568
0.16659328341484067
0.1735476553440094
0.1588391363620758
0.17909345030784607
0.19071590900421145
0.23104462027549744
0.20940616726875305
0.2602407932281494
0.19184041023254397
0.11984603852033617
0.19028642773628235
0.16575175523757935
0.1846257448196411
0.20748478174209595
0.2224256694316864
0.21095627546310425
0.13937257230281827
0.18755069375038144
0.17671164870262146
0.17765268683433533
0.21230116486549375
0.18196046352386477
0.20570325851440427
0.18183454871177676
0.1593751609325409
0.16532662510871887
0.22024857997894287
0.17443227767944336
0.16859251260757446
0.2029868960380554
0.1882071793079376
0.15967059135437012
0.21491423249244687
0.20437747240066528
0.13953563570976257
0.19252514839172363
0.21845248341560364
0.1729491651058197
0.20288684964179993
0.23069852590560916
0.1790539026260376
0.1846325397491455
0.18382009863853452
0.2221902012825012
0.2025270164012909
0.16389277577400208
0.19347834587097168
0.20053914189338684
0.18895980715751648
0.16890868544578552
0.15879306197166443
0.1250936388969421
0.18809214234352112
0.1792410314083099
0.11974892765283585
0.15180149674415588
0.21574118733406064
0.23043742775917053
0.2133302390575409
0.18336528539657593
0.19042998552322388
0.20378747582435608
0.1476248204708099
0.19528654217720032
0.20233267545700076
0.17684945464134216
0.16501325368881223
0.1870802938938141
0.16000708937644958
0.19651177525520325
0.24141100049018857
0.20125690102577207
0.2041413187980652
0.2447207272052765
0.18283084034919736
0.19119933247566223
0.2134458124637604
0.2044338583946228
0.21741268038749692
0.16825154423713684
0.20384058356285092
0.19463390111923215
0.138817697763443
0.20350730419158933
0.20245644450187683
0.17491203546524048
0.19979733228683472
0.16153675317764282
0.15874168276786804
0.14236953854560852
0.20815885066986084
0.17190125584602356
0.19046086072921753
0.18904730677604675
0.1952592730522156
0.16703549027442932
0.20603665709495544
0.18935874104499817
0.2180524468421936
0.18586102128028867
0.15371420979499817
0.16810891032218933
0.14548933506011963
0.194305032491684
0.16237428784370422
0.2055286169052124
0.2197401225566864
0.20490929484367368
0.24762192368507385
0.203031063079834
0.1766925752162933
0.18300148844718933
0.19860675930976868
0.20394104719161987
0.19008901715278623
0.1733192503452301
0.2137271463871002
0.19547200202941892
0.1614227294921875
0.20855966210365293
0.135872021317482
0.16183394193649292
0.179688423871994
0.1949414312839508
0.14926208555698395
0.16566598415374756
0.1976284086704254
0.20859506726264956
0.2191130220890045
0.22270229458808896
0.2574688196182251
0.19869384169578552
0.22092321515083313
0.18874028325080872
0.16677558422088623
0.21088048815727237
0.16941064596176147
0.18674457073211667
0.1660771667957306
0.20781341195106504
0.15986889600753784
0.12075422704219818
0.18306225538253784
0.21731185913085935
0.2041771709918976
0.17414289712905884
0.2024402618408203
0.1813673675060272
0.15374508500099182
0.13195088505744934
0.2548827528953552
0.1863217651844025
0.18346714973449707
0.22860264778137207
0.17545056343078613
0.2030369341373444
0.15874171257019043
0.19171470403671265
0.15333878993988037
0.211016058921814
0.21355575323104856
0.20303964614868164
0.233977735042572
0.19348973035812375
0.1780034601688385
0.16187968850135803
0.28817906975746155
0.16732752323150635
0.1572761833667755
0.21648722887039185
0.19854414463043207
0.13307486474514008
0.18843346834182736
0.19611579179763797
0.16314658522605896
0.21825453639030457
0.2333103716373444
0.2011971175670624
0.18179890513420105
0.18278035521507263
0.24660745263099673
0.2147004008293152
0.19491758942604065
0.19952121376991272
0.18122822046279907
0.149248406291008
0.16233369708061218
0.17039987444877625
0.20105493068695068
0.13349777460098267
0.20894131064414975
0.2060841917991638
0.1849222183227539
0.17393749952316284
0.2055373787879944
0.2174696922302246
0.18380156159400937
0.16292577981948853
0.22225242853164673
0.19172924757003784
0.1936477422714233
0.20353856682777405
0.16106033325195312
0.16874593496322632
0.20129558444023127
0.1916767656803131
0.19207260012626648
0.17563700675964355
0.1391272097826004
0.16417336463928223
0.1707879602909088
0.20683255791664124
0.22308236360549927
0.17488759756088257
0.21455183625221247
0.13441702723503113
0.18742865324020383
0.21675828099250796
0.17736807465553284
0.2089911699295044
0.19726410508155823
0.1968820691108704
0.17302250862121582
0.17500311136245728
0.19302010536193848
0.17606204748153687
0.2549944519996643
0.1868713200092316
0.20035886764526367
0.1780790090560913
0.19762003421783447
0.19913622736930847
0.17867335677146912
0.25776323676109314
0.2198892533779144
0.19947510957717893
0.20860123634338376
0.20929428935050964
0.2175573408603668
0.23181071877479556
0.19635713100433347
0.20429953932762143
0.1999932825565338
0.16137343645095825
0.19782796502113345
0.20671337842941284
0.21855658292770383
0.16410455107688904
0.21077075600624084
0.163722962141037
0.20995777845382688
0.19797143340110776
0.19914156198501584
0.2526274621486664
0.18477076292037964
0.2100890874862671
0.1962610483169556
0.19219467043876648
0.16143694519996643
0.19121378660202024
0.1823207437992096
0.20974734425544736
0.18590503931045527
0.2212659418582916
0.24154627323150635
0.2334792912006378
0.1813211441040039
0.21027418971061704
0.19052708148956296
0.21378168463706967
0.15784332156181335
0.16998934745788574
0.14735522866249084
0.19310024380683896
0.17548462748527527
0.2056947648525238
0.18009012937545776
0.19123107194900513
0.15462726354599
0.1873781383037567
0.17932379245758057
0.206026554107666
0.2102014720439911
0.1605512797832489
0.203532338142395
0.15584182739257812
0.22665017843246457
0.15530046820640564
0.196427583694458
0.16644006967544556
0.16709095239639282
0.235540509223938
0.20376843214035037
0.21827936172485352
0.18909895420074463
0.17638185620307922
0.18671751022338867
0.1909794807434082
0.18597656488418576
0.17457500100135803
0.19683837890625
0.17905080318450928
0.2213861048221588
0.24570515751838684
0.2121540009975433
0.20604184269905088
0.2246517241001129
0.1475343108177185
0.20042863488197327
0.19485163688659668
0.16930261254310608
0.23247879743576047
0.17187941074371335
0.2510037124156952
0.1740151047706604
0.16995403170585632
0.22226268053054807
0.186503529548645
0.2232685983181
0.19449010491371155
0.1940900683403015
0.21053072810173035
0.19141176342964167
0.19011110067367556
0.18245604634284973
0.18591222167015076
0.17118075489997864
0.18250048160552976
0.1851651668548584
0.22244948148727417
0.19579669833183289
0.198758065700531
0.20242640376091003
0.21823045611381528
0.15499791502952576
0.16317325830459595
0.18183782696723935
0.2079678773880005
0.18950906395912168
0.16288161277770996
0.19348892569541928
0.2029171586036682
0.20879799127578733
0.22720372676849365
0.21536144614219663
0.14703866839408875
0.1751786470413208
0.195730984210968
0.19399067759513852
0.19175300002098083
0.1733737587928772
0.191862553358078
0.21277219057083127
0.1895853579044342
0.18771052360534668
0.1631922423839569
0.18926930427551267
0.16163358092308044
0.17712482810020447
0.14780741930007935
0.183700293302536
0.16810455918312073
0.15919983386993408
0.20589759945869443
0.1799911856651306
0.1421966850757599
0.1500018835067749
0.1962490081787109
0.1926220655441284
0.16117486357688904
0.18832522630691528
0.157828152179718
0.2504833936691284
0.1783955991268158
0.17456039786338806
0.20583519339561465
0.20259195566177368
0.22395604848861692
0.21420356631278992
0.16799193620681763
0.1959506571292877
0.19903817772865293
0.2122309505939484
0.18609938025474548
0.26047006249427795
0.20060160756111145
0.17497989535331726
0.2105490565299988
0.18830975890159607
0.18545362353324887
0.2161891460418701
0.2221998870372772
0.19472819566726685
0.2170545160770416
0.18489596247673035
0.20512637495994568
0.1951556205749512
0.1702995002269745
0.19238775968551636
0.2142762839794159
0.19877296686172485
0.19637638330459595
0.18024131655693051
0.13709071278572083
0.17501503229141235
0.1992042660713196
0.20566639304161072
0.1880461275577545
0.17941004037857056
0.17267462611198425
0.15922507643699646
0.2581202089786529
0.16177240014076233
0.1580524444580078
0.2551105320453644
0.19395560026168823
0.1854075789451599
0.13936442136764526
0.22372606396675107
0.17012876272201538
0.1585204005241394
0.22032359242439273
0.1548081636428833
0.1700785756111145
0.21447190642356873
0.18076524138450625
0.19932702183723447
0.21199747920036316
0.17129603028297424
0.17875173687934875
0.15131568908691406
0.2093060910701752
0.1812463998794556
0.20204356312751767
0.20168179273605344
0.2100801169872284
0.2041268050670624
0.20303997397422793
0.20594397187232968
0.18652811646461487
0.1807463765144348
0.18243271112442017
0.19397249817848203
0.18546795845031736
0.1493249535560608
0.20789179205894473
0.17237961292266843
0.190825879573822
0.17259475588798523
0.20821985602378845
0.2100929617881775
0.1463429033756256
0.21527370810508728
0.20837333798408508
0.20620122551918027
0.17269226908683777
0.16470694541931152
0.13521379232406616
0.18997603654861447
0.1807338297367096
0.18927407264709473
0.14605987071990967
0.16181328892707825
0.2077215015888214
0.2099720537662506
0.2179271876811981
0.20385634899139404
0.19719809293746948
0.19697576761245728
0.1939665377140045
0.1985987424850464
0.21095445752143857
0.17385178804397583
0.23437875509262085
0.23235154151916504
0.1683771014213562
0.16393956542015076
0.2069120407104492
0.16957125067710876
0.1868014931678772
0.14077650010585785
0.20993360877037048
0.1959274709224701
0.1773795187473297
0.20949274301528928
0.17462193965911865
0.18569937348365784
0.17412477731704712
0.16227057576179504
0.19218352437019348
0.1780654489994049
0.1970486640930176
0.2140784561634064
0.1989949941635132
0.21237802505493164
0.18104809522628784
0.16794955730438232
0.2431883215904236
0.13305163383483887
0.185147762298584
0.17923006415367126
0.18072643876075745
0.19788002967834473
0.17070519924163818
0.1683690249919891
0.21493735909461972
0.16212669014930725
0.1605786383152008
0.20709675550460813
0.21532827615737915
0.22778913378715515
0.2240370810031891
0.1515277922153473
0.18906927108764648
0.18843373656272888
0.20116382837295527
0.235126793384552
0.15580961108207703
0.2012864053249359
0.19197416305541992
0.20016980171203613
0.182583212852478
0.17342546582221985
0.20832359790802
0.19256821274757385
0.19811403751373288
0.16052839159965515
0.2077796161174774
0.16942673921585083
0.20457977056503293
0.1689424216747284
0.19587087631225583
0.19273892045021057
0.17167139053344727
0.19124487042427063
0.1947384774684906
0.19170594215393064
0.1778105795383453
0.20438662171363833
0.16768279671669006
0.1747811734676361
0.21753379702568051
0.1881592571735382
0.1757398545742035
0.1828225255012512
0.15802899003028867
0.24464693665504453
0.175119549036026
0.21089988946914673
0.22359243035316467
0.2516518533229828
0.1862792670726776
0.16431155800819397
0.23029375076293945
0.15345022082328796
0.161756694316864
0.14408260583877563
0.16717937588691711
0.16787108778953552
0.18941766023635864
0.20174357295036316
0.1857241094112396
0.1427145004272461
0.19095847010612488
0.16498395800590515
0.17141345143318176
0.20239484310150144
0.20678576827049253
0.1898503005504608
0.16451379656791687
0.2020673155784607
0.17962127923965454
0.16720616817474365
0.15025946497917175
0.19760119915008545
0.17388030886650083
0.22971904277801516
0.23577094078063965
0.20099517703056333
0.16964909434318542
0.17815616726875305
0.19713532924652097
0.1817713677883148
0.125140979886055
0.17813453078269958
0.15491321682929993
0.17684289813041687
0.1723090410232544
0.14701806008815765
0.1863945722579956
0.17202118039131165
0.1835136115550995
0.18041095137596128
0.18296280503273007
0.15427923202514648
0.20323237776756287
0.179999440908432
0.16096448898315427
0.16519662737846375
0.24371585249900815
0.17364168167114255
0.17281389236450195
0.17145967483520508
0.2241802215576172
0.14795628190040588
0.21633005142211917
0.15457710623741147
0.19157692790031436
0.1636856198310852
0.18221002817153928
0.16636478900909424
0.19317021965980527
0.21214053034782407
0.16639283299446103
0.19893071055412287
0.1949072480201721
0.16980671882629395
0.14729943871498108
0.23737213015556333
0.2019827365875244
0.1988270580768585
0.18377315998077393
0.19915020465850833
0.19517698884010315
0.19656735658645627
0.25173485279083246
0.22767335176467893
0.20230418443679807
0.18739393353462216
0.18668264150619504
0.19859245419502256
0.16786873340606687
0.18015787005424497
0.24615231156349185
0.12606650590896606
0.19781255722045896
0.21188035607337952
0.1797865331172943
0.1758163869380951
0.21352821588516235
0.19135168194770807
0.21227040886878967
0.18683943152427676
0.09515779465436935
0.1924263834953308
0.18377533555030823
0.1516391634941101
0.1981830894947052
0.1648695170879364
0.1851148009300232
0.20087856054306033
0.15541109442710876
0.20374673604965207
0.22223699092864993
0.20591583847999567
0.1977907419204712
0.14614272117614746
0.16560348868370056
0.18451967835426328
0.1989750862121582
0.17432925105094907
0.17732927203178403
0.18439942598342893
0.19979354739189148
0.17533135414123535
0.16151991486549375
0.1779625117778778
0.1581123173236847
0.16762089729309082
0.18750992417335513
0.19293487071990967
0.1770423054695129
0.16775807738304138
0.16311824321746826
0.1528858244419098
0.1831313371658325
0.2077071964740753
0.21258282661437988
0.15074512362480164
0.15910491347312927
0.18221062421798703
0.17251890897750854
0.1789286732673645
0.16134750843048096
0.216605007648468
0.21710607409477237
0.1693180501461029
0.16927778720855713
0.24121037125587463
0.1839038133621216
0.15771460533142087
0.20345079898834229
0.1888279616832733
0.1625051200389862
0.18895980715751648
0.14927715063095093
0.17415907979011536
0.23778513073921204
0.17581376433372495
0.1827187538146973
0.16824576258659363
0.18023705482482913
0.1786789298057556
0.22927162051200864
0.2062610387802124
0.20763909816741943
0.1813202202320099
0.18138563632965088
0.17798990011215207
0.16204723715782163
0.1877180635929108
0.18156576156616208
0.1900867223739624
0.21087369322776797
0.16545382142066956
0.22653126716613767
0.2282114624977112
0.20853191614151
0.18282046914100647
0.20233154296875
0.1995607316493988
0.1642979383468628
0.2148202061653137
0.21889308094978327
0.15295526385307312
0.19435358047485352
0.206413596868515
0.2002096176147461
0.20406273007392883
0.2188977301120758
0.20958617329597476
0.1673111915588379
0.2246330678462982
0.1784352958202362
0.1677948236465454
0.1737222671508789
0.1766657829284668
0.17887988686561584
0.1946200132369995
0.11458561569452284
0.17805615067481995
0.1753900051116943
0.16957953572273254
0.16172590851783752
0.15633356571197507
0.20152950286865237
0.20448634028434756
0.1943872570991516
0.21194908022880557
0.1425008773803711
0.17073819041252136
0.1902112066745758
0.20026785135269165
0.13769540190696716
0.2349852025508881
0.18894115090370175
0.1788242757320404
0.1736854910850525
0.14779651165008545
0.18539896607398984
0.18899673223495483
0.19165503978729248
0.1752100884914398
0.17300882935523987
0.18732395768165588
0.19472116231918332
0.17180350422859192
0.18771523237228396
0.1444612741470337
0.21949747204780576
0.1862850487232208
0.17566099762916565
0.15029853582382202
0.1787716448307037
0.20011562108993527
0.18161532282829285
0.15808051824569702
0.1872847080230713
0.16878414154052734
0.19206178188323972
0.2146895527839661
0.14566585421562195
0.20362374186515808
0.20068529248237607
0.23934140801429749
0.238681435585022
0.20679369568824768
0.14959192276000977
0.1897564232349396
0.19353157281875608
0.2087214887142181
0.21192076802253723
0.1985121965408325
0.16021063923835754
0.14734596014022827
0.14679104089736938
0.22407105565071103
0.1566758155822754
0.1933057606220245
0.19728752970695493
0.19815805554389956
0.19685378670692444
0.18073564767837524
0.2177390158176422
0.2390964925289154
0.1991548836231232
0.2577858567237854
0.15491607785224915
0.2081150114536285
0.17915037274360657
0.1925491094589233
0.2429620325565338
0.22289627790451047
0.151493638753891
0.1871483027935028
0.196221262216568
0.22337406873703
0.22562375664711
0.15331634879112244
0.19424134492874143
0.2011949121952057
0.14111915230751035
0.12250377982854845
0.21263501048088077
0.1724957823753357
0.17891404032707214
0.17843100428581235
0.208784818649292
0.23798608779907224
0.23720866441726685
0.18194133043289185
0.19150561094284055
0.17368152737617493
0.1534297466278076
0.24575161933898923
0.18067634105682373
0.27521267533302307
0.18629837036132807
0.1940491199493408
0.16745483875274658
0.15732422471046448
0.22705903649330136
0.20288449525833127
0.23421537876129153
0.1617283821105957
0.21519047021865845
0.18659472465515137
0.2076261341571808
0.20195800065994263
0.187732994556427
0.18541291356086728
0.22572758793830872
0.17394816875457764
0.13604691624641418
0.21008566021919248
0.18930900096893313
0.2009064257144928
0.18671867251396176
0.18468382954597476
0.1697043776512146
0.12457748502492905
0.19218111038208008
0.23855191469192505
0.21135014295578
0.22358033061027527
0.1449136734008789
0.19473916292190552
0.17550784349441528
0.15628349781036377
0.19752010703086853
0.18113347887992856
0.18964245915412903
0.18168258666992188
0.21285706758499143
0.17183580994606018
0.13907176256179807
0.2011037766933441
0.16971302032470703
0.19278347492218015
0.1587378978729248
0.164714515209198
0.16954529285430908
0.1951283812522888
0.16575881838798523
0.23103439807891843
0.1999800205230713
0.20501580834388727
0.2023906409740448
0.18269553780555725
0.18336373567581177
0.13486415147781372
0.1856096386909485
0.18140056729316711
0.1520803868770599
0.17826950550079343
0.22578081488609317
0.20604646205902097
0.17273756861686707
0.18783864378929135
0.19544681906700132
0.19160825014114377
0.15167143940925598
0.17442959547042847
0.18927419185638428
0.19735994935035703
0.20462653040885925
0.1425088346004486
0.21790409088134763
0.21674430370330808
0.2135979235172272
0.1642451286315918
0.1982387602329254
0.20538535714149475
0.22489985823631287
0.20688527822494504
0.16599249839782715
0.17704170942306519
0.15689951181411743
0.1950592994689941
0.18191432952880857
0.21900171041488647
0.15726181864738464
0.20747247338294983
0.19662415981292725
0.2064901292324066
0.19398126006126404
0.2106952369213104
0.2004926800727844
0.20509183406829837
0.22299316525459287
0.17267820239067075
0.21600070595741272
0.21115994453430173
0.21660926938056943
0.16212984919548035
0.2037352025508881
0.16132295131683347
0.14889869093894958
0.1692708432674408
0.2135797142982483
0.21869632601737976
0.2039870917797089
0.2306782305240631
0.17204928398132324
0.20529109239578247
0.20553135871887207
0.1855434477329254
0.19044345617294312
0.17926537990570068
0.18552109599113464
0.18555971980094907
0.2183635234832764
0.20713284611701965
0.16509881615638733
0.17568308115005493
0.19124591350555417
0.19578102231025693
0.2116485834121704
0.1630083918571472
0.1993866264820099
0.1941470205783844
0.202627956867218
0.21683296561241147
0.16917139291763303
0.15149816870689392
0.24238067865371704
0.15458858013153076
0.1951178312301636
0.1823444366455078
0.15301865339279175
0.18352872133255005
0.1958317458629608
0.194309800863266
0.15530526638031003
0.23899984359741208
0.12141009420156477
0.2019767463207245
0.19289898872375488
0.17394208908081055
0.1777510046958923
0.1986047327518463
0.20799076557159424
0.16653168201446533
0.17547079920768735
0.20320856571197507
0.18533495068550107
0.17490631341934204
0.23446753621101377
0.23977375030517575
0.21798312664031985
0.1665046215057373
0.17761188745498657
0.19690391421318051
0.19732800126075745
0.19139865040779117
0.19194218516349792
0.12496080249547958
0.18269324302673337
0.18436995148658752
0.1674613058567047
0.19917577505111692
0.18163827061653137
0.14851877093315125
0.18225079774856567
0.1704978346824646
0.18304163217544556
0.13368353247642517
0.1682702898979187
0.20257714390754697
0.21840658783912656
0.1953110098838806
0.19647175073623657
0.1825357675552368
0.2336958646774292
0.1766616404056549
0.21156179904937744
0.15463978052139282
0.18278855085372925
0.1359457969665527
0.17987653613090515
0.20465111732482913
0.16809961199760437
0.22322627902030945
0.1931617856025696
0.22856849431991577
0.1619913280010223
0.19824260473251343
0.14414235949516296
0.18222472071647644
0.17865887284278867
0.1998098194599152
0.14849728345870972
0.20387467741966248
0.21443274617195127
0.1827605962753296
0.20167192816734317
0.14811278879642487
0.16920068860054016
0.1967971622943878
0.18082284927368164
0.18518048524856567
0.19331353902816767
0.1694413125514984
0.137553870677948
0.20933640003204343
0.23476076126098633
0.19782051444053647
0.1904136538505554
0.200598418712616
0.1511530876159668
0.2010725438594818
0.14059987664222717
0.2023720145225525
0.2102603018283844
0.15242344141006467
0.19781577587127683
0.22190669178962708
0.17435729503631592
0.1903943121433258
0.23065334558486936
0.1975509226322174
0.1588883399963379
0.20553332567214963
0.16010853648185727
0.2303835153579712
0.20413923263549805
0.2021125853061676
0.21883168816566467
0.18339058756828308
0.16123050451278687
0.15992543101310727
0.21015453338623047
0.20071741938591003
0.20656949281692505
0.21547788381576535
0.22145450115203855
0.19856309890747073
0.21811512112617487
0.19850641489028928
0.18110793828964236
0.18500763177871704
0.2029796540737152
0.20757853984832764
0.21905085444450376
0.1912303864955902
0.19661039113998413
0.2027574777603149
0.17953437566757202
0.13814321160316467
0.1557084023952484
0.17891427874565125
0.1953468918800354
0.1671072542667389
0.16427865624427795
0.19784897565841675
0.2244618237018585
0.19201892614364624
0.18244078755378723
0.20876312255859372
0.14408861100673676
0.19322875142097476
0.2234271466732025
0.19318425655364993
0.2017373740673065
0.1366949677467346
0.1549353301525116
0.17815247178077695
0.1805177628993988
0.21483144164085388
0.20136296749114993
0.16813576221466064
0.17603078484535217
0.23926642537117004
0.2325358688831329
0.14155451953411102
0.19618001580238345
0.1468321681022644
0.16187226772308347
0.2044260799884796
0.14419236779212952
0.21552729606628415
0.19012796878814697
0.20780900120735168
0.2348889410495758
0.19751629233360288
0.1715557873249054
0.22895944118499756
0.1952866017818451
0.19321998953819275
0.22273588180541992
0.200643926858902
0.19349730014801023
0.23363396525382996
0.20987689495086667
0.1595778465270996
0.20690581202507016
0.20354583859443665
0.22139361500740048
0.23116877675056455
0.2032356560230255
0.2097800374031067
0.2424663007259369
0.19752904772758484
0.19947507977485657
0.19582170248031616
0.15044280886650083
0.1546621024608612
0.17493978142738342
0.2119082808494568
0.16215285658836365
0.21437537670135495
0.22467893362045288
0.14467209577560425
0.18693214654922485
0.21655905246734616
0.24824181199073792
0.24144691228866577
0.15858858823776245
0.211823970079422
0.2049700915813446
0.21691396832466123
0.21132951974868772
0.20674568414688113
0.18450716137886047
0.18344104290008545
0.1999133825302124
0.16122707724571228
0.17207449674606323
0.18096661567687988
0.14551278948783875
0.23093613982200625
0.1731189489364624
0.17925173044204712
0.1867841184139252
0.17866751551628113
0.18367180228233335
0.18151056766510007
0.24951106309890747
0.1826346814632416
0.19704627990722656
0.1881587207317352
0.17464351654052734
0.2076500356197357
0.17013168334960935
0.14274750649929047
0.16653427481651306
0.18921831250190732
0.18607258796691892
0.2688664197921753
0.22060120105743408
0.1870406270027161
0.2273124158382416
0.18843287229537964
0.1837885081768036
0.2162107229232788
0.14716750383377075
0.15684056282043457
0.14454028010368347
0.18173727393150327
0.183079332113266
0.21669283509254453
0.21945199370384216
0.13679683208465576
0.18366703391075132
0.20801421999931333
0.2229920923709869
0.21571156382560727
0.21998697519302368
0.17464309930801392
0.17191949486732483
0.1877947449684143
0.16976788640022275
0.17971143126487732
0.19249600172042847
0.1756429374217987
0.1469728648662567
0.17914092540740967
0.19139635562896729
0.1532841324806213
0.19463253021240237
0.1600254476070404
0.19920384883880612
0.19012087583541873
0.2230137884616852
0.23631533980369568
0.1810186803340912
0.1849026083946228
0.13034161925315857
0.13141930103302
0.2078915238380432
0.1760646402835846
0.21273058652877808
0.20337894558906555
0.20778805017471316
0.1796112060546875
0.21693021059036252
0.1832837760448456
0.18251085281372073
0.1470521092414856
0.19251123070716855
0.2336920499801636
0.2016620635986328
0.17368078231811523
0.17835038900375366
0.2078264951705933
0.21173521876335144
0.11118576675653456
0.19050550460815427
0.2406218945980072
0.22272929549217224
0.22779786586761477
0.23644173145294187
0.14525526762008667
0.17875176668167114
0.1552614867687225
0.2369607090950012
0.22869497537612915
0.16958266496658325
0.15493929386138916
0.19092658162117004
0.21839576959609985
0.2309510707855225
0.1690846085548401
0.21966004371643064
0.2239728271961212
0.19410657882690427
0.19403797388076785
0.1371517777442932
0.19995200634002683
0.15528413653373718
0.18039157986640927
0.1867986023426056
0.15308740735054016
0.18085086345672607
0.1774998903274536
0.1676296293735504
0.1602637767791748
0.19397008419036865
0.20407241582870483
0.1876188814640045
0.2148648500442505
0.20697981119155884
0.20946058630943296
0.15264025330543518
0.2402363717556
0.15536585450172424
0.14008468389511108
0.20949238538742063
0.20946308970451355
0.16147208213806152
0.15453025698661804
0.20661213994026184
0.15514156222343445
0.2105548679828644
0.19348594546318051
0.2089773118495941
0.23149460554122925
0.19054564833641047
0.20673313736915588
0.2148313820362091
0.18691223859786987
0.1835418939590454
0.20723620057106015
0.1865434944629669
0.16603460907936096
0.1803441345691681
0.19331941008567807
0.16860800981521606
0.1433618813753128
0.22439840435981753
0.21953392028808597
0.2026247680187225
0.23615682125091553
0.2342436909675598
0.19663798809051516
0.16718629002571103
0.17781078815460205
0.17769762873649597
0.20573568344116208
0.23802483081817624
0.19526904821395877
0.17051145434379575
0.2547755539417267
0.18821188807487488
0.15833142399787903
0.20235550403594968
0.2392881214618683
0.17568811774253845
0.1992768943309784
0.16627797484397888
0.24880534410476685
0.23907640576362607
0.1662549376487732
0.20463943481445312
0.19855889678001404
0.18450140953063965
0.1863496899604797
0.14581221342086792
0.1717907190322876
0.22540825605392456
0.15940791368484497
0.22746884822845456
0.18164050579071045
0.18556115031242368
0.179103285074234
0.1760978400707245
0.198080450296402
0.15396341681480408
0.17495116591453552
0.15231376886367795
0.17651060223579407
0.19441908597946167
0.20293661952018735
0.18649449944496155
0.2243240475654602
0.15269064903259277
0.2322721779346466
0.204987496137619
0.2184115946292877
0.12416771799325942
0.18372002243995664
0.18369799852371213
0.1704871356487274
0.1787884533405304
0.21514442563056943
0.2012319564819336
0.197878897190094
0.2019613981246948
0.21512338519096372
0.1899280548095703
0.21911686658859247
0.18933930993080136
0.15091928839683533
0.20050418376922607
0.15884539484977722
0.19789522886276245
0.15939638018608093
0.18940928578376767
0.17475998401641843
0.18275117874145508
0.18224412202835083
0.15323394536972043
0.1813719272613525
0.21120375394821167
0.22091078758239743
0.2096616625785828
0.1838361620903015
0.14658629894256592
0.18936389684677124
0.21948620676994324
0.19184264540672305
0.16319087147712708
0.21063122153282163
0.22202500700950625
0.21877849102020264
0.17204514145851135
0.1470763236284256
0.17841503024101257
0.19166308641433716
0.1696520447731018
0.22120383381843567
0.2315612435340881
0.20645448565483093
0.2081793248653412
0.163220077753067
0.18603047728538516
0.16536611318588257
0.19434788823127744
0.18239873647689817
0.18692114949226377
0.20426353812217712
0.18962913751602167
0.2022668421268463
0.19744616746902463
0.23823845386505127
0.23084148764610288
0.21174201369285583
0.20359855890274048
0.1839424967765808
0.2074894607067108
0.23169931769371033
0.23014339804649356
0.2000066041946411
0.1975747644901276
0.19407176971435544
0.22829049825668332
0.14339874684810638
0.20410558581352237
0.19867151975631717
0.19754937291145325
0.21922558546066284
0.1645146012306213
0.1480902135372162
0.17560628056526184
0.19093716144561768
0.19053444266319275
0.2281136214733124
0.187154084444046
0.20349052548408508
0.1920094788074493
0.18846032023429873
0.18265300989151
0.1796007454395294
0.18784567713737488
0.187065064907074
0.1611115038394928
0.25110900402069086
0.1721053123474121
0.1446898877620697
0.21854612231254575
0.2118366062641144
0.1901477873325348
0.15306448936462402
0.1875194013118744
0.15267598628997803
0.14794127643108368
0.183267742395401
0.16869249939918518
0.2223319113254547
0.17328932881355283
0.15610381960868835
0.15782064199447632
0.203554630279541
0.1731971800327301
0.19016367197036743
0.16272103786468503
0.17558720707893372
0.2264304161071777
0.20327356457710263
0.21109679341316223
0.17464229464530945
0.16740405559539795
0.19022563099861145
0.20339614152908325
0.18785417079925537
0.21201413869857788
0.21789950132369995
0.20657646656036377
0.14893051981925964
0.2034333050251007
0.15852147340774536
0.13857877254486084
0.2008424997329712
0.19460749626159668
0.24625530838966367
0.22011876106262207
0.21332103013992307
0.26388639211654663
0.1568177044391632
0.194494903087616
0.16981017589569092
0.16049081087112427
0.19779810309410092
0.18210250139236447
0.15997743606567383
0.19836080074310303
0.2094897627830505
0.16656842827796936
0.2381359934806824
0.19373396039009091
0.2133362293243408
0.21831646561622617
0.21958658099174497
0.20967620611190796
0.18570706248283383
0.20472151041030884
0.27719408273696894
0.1933098137378693
0.13588804006576538
0.20246654748916623
0.1839298903942108
0.18788143992424008
0.2059161067008972
0.23836910724639887
0.16238766908645627
0.18016541004180908
0.2407917082309723
0.17894574999809265
0.20730140805244443
0.19579079747200007
0.18482297658920288
0.19716709852218628
0.2153875231742859
0.2147310376167297
0.21234360337257385
0.16833403706550598
0.1962757706642151
0.1621192097663879
0.16425010561943054
0.2143613398075104
0.19433259963989255
0.16980203986167908
0.20247995853424072
0.19200751185417173
0.15201449394226074
0.17998436093330383
0.20177605748176572
0.19843530654907224
0.2247992157936096
0.14877012372016907
0.1771198213100433
0.24942046403884888
0.20870965719223025
0.20412346720695493
0.22852617502212524
0.17612680792808533
0.1496983766555786
0.2129836976528168
0.20328429341316223
0.22756841778755188
0.13730761408805847
0.2355331778526306
0.2185997664928436
0.17451652884483335
0.17689046263694763
0.21061640977859497
0.2108416557312012
0.17683660984039307
0.1770949363708496
0.1984845995903015
0.20629468560218808
0.2064865529537201
0.13718238472938535
0.21854594349861145
0.2237917482852936
0.1865843236446381
0.22003689408302307
0.17008104920387268
0.14483767747879028
0.17950963973999023
0.19808855652809143
0.23944830894470212
0.18051165342330927
0.1759485900402069
0.18575578927993772
0.2134263813495636
0.22374793887138367
0.16777759790420532
0.16725966334342957
0.16306966543197632
0.18081843852996823
0.2687573730945587
0.20664408802986145
0.1617722511291504
0.16274279356002808
0.17276912927627563
0.20241865515708923
0.18701347708702087
0.1462879478931427
0.2047061920166016
0.1909185945987701
0.14735528826713562
0.1716669201850891
0.16925042867660522
0.2053760290145874
0.2491550445556641
0.2052745819091797
0.22394227981567383
0.20241126418113708
0.16024088859558103
0.1887061595916748
0.2221440076828003
0.17548057436943054
0.1913730204105377
0.202601820230484
0.1813558042049408
0.13917404413223267
0.17019686102867126
0.1933962404727936
0.1908031404018402
0.153973788022995
0.17450058460235596
0.2047511339187622
0.1991891860961914
0.21837231516838077
0.1942600309848785
0.19479915499687195
0.21994999051094052
0.1940142512321472
0.21479389071464536
0.2164732217788696
0.22747790813446045
0.14117294549942017
0.17460030317306519
0.22036772966384888
0.18829193711280823
0.2067650854587555
0.18139031529426572
0.15874549746513367
0.15632376074790955
0.14374074339866638
0.17704039812088013
0.18952420353889465
0.18758171796798703
0.17504084110260007
0.18287172913551328
0.18548214435577393
0.12933233380317688
0.1640251874923706
0.21684542298316956
0.25889748334884644
0.18801075220108032
0.17786508798599243
0.19724422693252563
0.20396700501441956
0.16290998458862305
0.13775306940078735
0.19570413231849673
0.172827810049057
0.20646876096725464
0.16492968797683716
0.14565101265907288
0.22506776452064517
0.23295006155967712
0.2266460359096527
0.1866694390773773
0.17440447211265564
0.1768709421157837
0.2240813672542572
0.22476091980934143
0.19125241041183472
0.2205526232719421
0.2141609489917755
0.20881116390228271
0.14799320697784424
0.21332165598869324
0.21226257085800168
0.20996171236038208
0.20031827688217163
0.15657398104667664
0.18630725145339963
0.19366973638534543
0.1416386365890503
0.20633545517921448
0.15491861104965207
0.1600787043571472
0.1651618480682373
0.22470599412918088
0.1651438474655151
0.18760377168655396
0.22829648852348328
0.1798698604106903
0.172166109085083
0.13282562792301175
0.17532026767730713
0.16404297947883603
0.1949353516101837
0.18837845325469968
0.17819291353225708
0.1746008992195129
0.1814139783382416
0.1633247137069702
0.1721060872077942
0.19712337851524356
0.1792990267276764
0.23950126767158508
0.1746791899204254
0.15101858973503113
0.19523039460182187
0.24144810438156128
0.20344537496566767
0.1852291226387024
0.1906912624835968
0.1727588176727295
0.1567527651786804
0.19067919254302976
0.18081995844841003
0.2042208015918732
0.18583402037620544
0.1926337480545044
0.18929734826087952
0.2359764873981476
0.19605800509452817
0.1973406970500946
0.18727380037307736
0.16130587458610535
0.21196037530899048
0.19248121976852417
0.1989535689353943
0.1503000259399414
0.21528118848800656
0.2132517099380493
0.1648244261741638
0.16533821821212769
0.18322813510894773
0.207874059677124
0.20743554830551147
0.201372891664505
0.22757804393768313
0.2043785750865936
0.1845523715019226
0.2044599950313568
0.17319220304489136
0.19390180706977844
0.231932669878006
0.21969342231750488
0.20688262581825256
0.20296254754066467
0.15408989787101743
0.2085054516792297
0.20884275436401367
0.21554377675056455
0.1886441707611084
0.17592838406562805
0.21797579526901245
0.187421590089798
0.17858055233955383
0.17351606488227844
0.20062902569770807
0.25845059752464294
0.21903365850448608
0.19261002540588376
0.20063745975494385
0.21599346399307248
0.1438438892364502
0.18123829364776609
0.20172718167304993
0.1925078332424164
0.21993052959442136
0.212670773267746
0.24076253175735476
0.1826370060443878
0.1315307915210724
0.1696612238883972
0.1902242302894592
0.15975749492645264
0.19179400801658633
0.19193068146705627
0.1619729995727539
0.22858810424804688
0.2116563320159912
0.16886106133460999
0.1612223982810974
0.18598210811614993
0.21512940526008603
0.18710592389106753
0.1804898977279663
0.20467695593833923
0.2001306712627411
0.15536966919898987
0.1871480941772461
0.14501112699508667
0.1944203078746796
0.24351519346237183
0.1634421944618225
0.20634895563125608
0.20358347892761233
0.22270926833152768
0.1770288646221161
0.16783428192138672
0.20345458388328552
0.22528299689292908
0.16252967715263367
0.17495843768119812
0.19783118367195127
0.24109339714050287
0.2068272829055786
0.20113638043403623
0.2019314467906952
0.18628394603729248
0.20630735158920288
0.18956637382507324
0.18907114863395688
0.1536870002746582
0.23534938693046567
0.21578380465507507
0.23351821303367612
0.20579627156257627
0.17800834774971008
0.20412075519561768
0.16562268137931824
0.16225671768188477
0.2136899828910828
0.22231349349021912
0.16924118995666504
0.16471827030181885
0.16656076908111572
0.1789424419403076
0.1995910406112671
0.148874431848526
0.2321040630340576
0.15286311507225037
0.1978663504123688
0.21996855735778809
0.2070971429347992
0.16805005073547363
0.1947011351585388
0.13180434703826904
0.18550509214401245
0.18820908665657043
0.17091190814971924
0.2153717577457428
0.14922763407230377
0.1869643330574036
0.19105058908462524
0.1595911681652069
0.19745600223541257
0.18632572889328
0.22475039958953855
0.15737298130989075
0.2078156471252441
0.17117911577224731
0.21545594930648804
0.1905042231082916
0.1812462508678436
0.1697256565093994
0.21664741635322568
0.18107372522354123
0.2330822646617889
0.1978178918361664
0.2130531668663025
0.15467876195907593
0.17997068166732788
0.172938734292984
0.14475753903388977
0.20649200677871704
0.18274542689323425
0.19127944111824036
0.18210306763648984
0.1945609152317047
0.15757396817207336
0.18462079763412476
0.19833159446716309
0.188477486371994
0.16402524709701538
0.18094438314437863
0.16330784559249875
0.1754252314567566
0.2063674032688141
0.2081686854362488
0.13622845709323883
0.24713280797004697
0.17789241671562195
0.1560857892036438
0.15139439702033997
0.1682131588459015
0.16534602642059326
0.17877691984176636
0.22169989347457883
0.21006968617439273
0.22991025447845456
0.132761150598526
0.14911377429962158
0.15873783826828003
0.14593562483787537
0.22565031051635745
0.19819289445877075
0.2007737159729004
0.1926512122154236
0.26896172761917114
0.14788299798965454
0.1944761276245117
0.15332919359207153
0.1937614381313324
0.23035627603530884
0.16196519136428833
0.18032106757164
0.17934003472328186
0.18935504555702207
0.16621091961860657
0.19137284159660337
0.17819157242774963
0.26193225383758545
0.18933624029159543
0.20391342043876648
0.17090347409248352
0.13628357648849487
0.15625181794166565
0.15328988432884216
0.17764514684677124
0.15817412734031677
0.222143828868866
0.12828591465950012
0.21273416280746457
0.18054428696632385
0.2001594603061676
0.22524482011795044
0.2180217206478119
0.20316845178604123
0.17819908261299133
0.1805962920188904
0.1996324360370636
0.24543720483779907
0.20536711812019348
0.1807262897491455
0.17637532949447632
0.20349791646003723
0.1482166349887848
0.15661880373954773
0.16521224379539487
0.1631012260913849
0.268633097410202
0.17221519351005554
0.1699182689189911
0.15730246901512146
0.1710393726825714
0.2065926492214203
0.22665953636169436
0.21884039044380188
0.23877510428428647
0.18300098180770877
0.20612213015556333
0.18379482626914975
0.20771089196205136
0.1807385981082916
0.1943844556808472
0.179749995470047
0.19887137413024905
0.14948633313179016
0.1409895420074463
0.13939711451530457
0.1253722906112671
0.19250234961509705
0.21349799633026123
0.21768113970756528
0.15192413330078125
0.15279382467269895
0.14262883365154266
0.1570572853088379
0.16069701313972473
0.18933245539665225
0.20201802253723145
0.1785353124141693
0.19681257009506223
0.21542713046073916
0.19697165489196777
0.19517669081687927
0.16569197177886963
0.19743448495864868
0.17840740084648132
0.16871026158332825
0.19968506693840024
0.20788243412971497
0.16646277904510498
0.16165810823440552
0.1665196716785431
0.22240912914276123
0.1843028664588928
0.24020174145698547
0.1576738953590393
0.15142363309860227
0.24220448732376096
0.22404566407203677
0.2004908621311188
0.1846864223480225
0.20344689488410947
0.2020842730998993
0.13536831736564636
0.16671204566955566
0.2088807821273804
0.2158930003643036
0.15180543065071103
0.22310593724250796
0.18484434485435483
0.20386299490928647
0.2005372643470764
0.15447202324867249
0.22283133864402768
0.1889483630657196
0.18670570850372317
0.18928021192550656
0.19841730594635007
0.21852514147758484
0.18543505668640137
0.19218376278877256
0.10649830847978592
0.22082266211509705
0.21694636344909668
0.2161574065685272
0.2018848955631256
0.1620023250579834
0.15111061930656433
0.21946829557418823
0.23087409138679504
0.21371641755104065
0.15072593092918396
0.19280076026916504
0.2019517421722412
0.158881276845932
0.13180163502693176
0.19834089279174805
0.25400951504707336
0.21862679719924927
0.2062116861343384
0.29444262385368347
0.2211661636829376
0.19399631023406985
0.21162801980972287
0.20021098852157593
0.1780816912651062
0.21286669373512268
0.19853228330612183
0.15563422441482544
0.2242182493209839
0.19917455315589905
0.22784489393234247
0.151361346244812
0.17402133345603943
0.20015949010849
0.21786388754844663
0.1532975435256958
0.1960761845111847
0.2240792214870453
0.205672025680542
0.19566974043846128
0.19607740640640256
0.21076819300651553
0.22760644555091855
0.20552986860275269
0.17658862471580505
0.180185467004776
0.23625946044921875
0.2078844308853149
0.1968325078487396
0.19037723541259763
0.16558960080146787
0.16728177666664124
0.12605667114257812
0.2562418282032013
0.21219712495803836
0.1467444896697998
0.22990259528160092
0.1849695444107056
0.20402440428733823
0.16475993394851685
0.165671706199646
0.19946622848510745
0.1976241767406464
0.1810341477394104
0.2223936915397644
0.18166980147361755
0.17233464121818542
0.2048377990722656
0.24049732089042664
0.200499027967453
0.1849040389060974
0.19549337029457087
0.19683018326759336
0.1978851556777954
0.190328985452652
0.20945107936859128
0.18565237522125244
0.19962823390960693
0.1762968897819519
0.2599976062774658
0.13903978466987607
0.19281473755836487
0.1775776445865631
0.13674497604370117
0.18388354778289795
0.23085203766822812
0.23814988136291504
0.23603537678718567
0.20359414815902707
0.18588587641716003
0.21454086899757385
0.191302090883255
0.19110342860221863
0.17685252428054807
0.18153822422027588
0.18294319510459897
0.21311223506927487
0.25111323595047
0.19916376471519473
0.21904370188713077
0.15313595533370972
0.21060922741889956
0.1886312365531921
0.20989057421684265
0.17282333970069885
0.1577340066432953
0.186662882566452
0.2231486737728119
0.21001785993576047
0.1527447998523712
0.1933284103870392
0.1626448631286621
0.20034921169281003
0.1785117983818054
0.149216890335083
0.19263359904289243
0.20974156260490415
0.19696959853172305
0.20161503553390503
0.19598793983459473
0.2112787365913391
0.1857354640960693
0.177511990070343
0.20776623487472531
0.1661880314350128
0.17764452099800107
0.1686665117740631
0.15001943707466123
0.23116415739059448
0.14180785417556763
0.19510680437088007
0.20346340537071228
0.2328539192676544
0.16479161381721497
0.15577206015586853
0.18020322918891904
0.20564562082290647
0.18586260080337524
0.19632846117019653
0.22319722175598145
0.1641544997692108
0.1678558588027954
0.16768932342529297
0.15056723356246948
0.17767634987831116
0.18301689624786377
0.17933356761932373
0.14014500379562375
0.19029179215431213
0.1933901607990265
0.20105648040771484
0.2175796329975128
0.1441146433353424
0.18715253472328183
0.2244095206260681
0.205552339553833
0.21265709400177
0.15781360864639282
0.19939836859703064
0.1907901465892792
0.1857079565525055
0.1825391948223114
0.19444230198860168
0.19548159837722776
0.1200767233967781
0.16471782326698303
0.16335108876228333
0.2604743540287018
0.18090614676475525
0.12379881739616394
0.1745089292526245
0.21140187978744504
0.16374105215072632
0.22337278723716733
0.218106746673584
0.22497868537902832
0.1501086950302124
0.1925145983695984
0.24773123860359192
0.1772094368934631
0.20007026195526123
0.19000276923179624
0.14214524626731873
0.1889996826648712
0.22381713986396787
0.21488752961158752
0.17425033450126648
0.19539403915405276
0.16088727116584775
0.18923375010490415
0.20143079757690427
0.17993095517158508
0.14637774229049683
0.22834369540214536
0.22030195593833923
0.1975502371788025
0.1947989761829376
0.1961153149604797
0.16394400596618652
0.14286810159683228
0.20285296440124512
0.17795053124427795
0.1614294946193695
0.16849103569984436
0.22054508328437805
0.15701803565025327
0.1869661211967468
0.2050119638442993
0.21290189027786252
0.15089935064315796
0.205115020275116
0.18276897072792053
0.21985372900962827
0.2161228060722351
0.1862518787384033
0.18918547034263608
0.14607900381088257
0.14324012398719788
0.1845044195652008
0.19821110367774963
0.19043704867362976
0.1691274642944336
0.18265256285667417
0.18084207177162168
0.2104240357875824
0.18394428491592407
0.16493970155715942
0.1666404902935028
0.18243578076362607
0.21223109960556033
0.18941059708595276
0.21872493624687195
0.15139645338058472
0.20461249351501465
0.18855056166648865
0.19308063387870789
0.22198054194450376
0.186739444732666
0.161765456199646
0.1815398037433624
0.20153459906578064
0.19818949699401853
0.2697779834270477
0.15883609652519226
0.18529149889945984
0.21088886260986328
0.20480191707611084
0.2237836122512817
0.19057297706604004
0.17025911808013916
0.21492755413055417
0.170330673456192
0.2239709198474884
0.1941004991531372
0.17458054423332214
0.2268559038639069
0.1951459348201752
0.17815372347831726
0.17472577095031738
0.19229236245155332
0.17223122715950012
0.2138083577156067
0.2096431851387024
0.2010578215122223
0.1592353582382202
0.20280942320823667
0.20078396797180173
0.15431499481201172
0.20014563202857968
0.1808274984359741
0.20024108886718753
0.18057608604431152
0.1870863139629364
0.2224479615688324
0.2156215608119965
0.20698159933090207
0.173966646194458
0.19954741001129153
0.15374794602394104
0.2243504226207733
0.1955320835113525
0.20448154211044312
0.20431330800056455
0.178520530462265
0.24473670125007627
0.14153730869293213
0.134720116853714
0.19247218966484067
0.18562254309654236
0.20310428738594052
0.18187081813812253
0.1787169873714447
0.22041854262351987
0.1682606041431427
0.19383826851844788
0.1588197648525238
0.1451137661933899
0.19597199559211728
0.19795906543731687
0.2086812257766724
0.17082777619361875
0.17370903491973877
0.19038355350494385
0.17145609855651855
0.20177748799324036
0.1916287839412689
0.17151442170143127
0.2103727161884308
0.1685935854911804
0.18232706189155576
0.18469196557998657
0.2085089087486267
0.2140032947063446
0.2180054485797882
0.23170778155326843
0.20852333307266235
0.21082937717437744
0.1579226851463318
0.18027228116989133
0.15991881489753723
0.14868995547294617
0.20085138082504272
0.17468953132629395
0.19157534837722776
0.19396069645881647
0.17774084210395813
0.16000613570213315
0.21236965060234067
0.192038893699646
0.14741235971450803
0.18388396501541135
0.20551943778991696
0.16793981194496155
0.17223870754241943
0.1938651204109192
0.22351032495498657
0.16361463069915771
0.19776371121406555
0.16822880506515503
0.18824380636215207
0.19422134757041928
0.15371826291084287
0.15325629711151123
0.2023817002773285
0.1709662079811096
0.17921927571296692
0.19524830579757688
0.22144705057144165
0.18215933442115784
0.21382227540016172
0.1955528259277344
0.20042535662651065
0.18449905514717105
0.19546586275100708
0.20971670746803284
0.2093853950500488
0.23325613141059875
0.17697715759277344
0.2101857960224152
0.1954123675823212
0.20262637734413144
0.22301983833312988
0.19959187507629397
0.16839301586151123
0.1691417694091797
0.19728103280067444
0.19345682859420776
0.22548282146453855
0.16617855429649353
0.2089785039424896
0.17951026558876035
0.19174522161483765
0.15705865621566772
0.2031163275241852
0.22785040736198425
0.20631253719329837
0.2166095674037933
0.1968839466571808
0.20332226157188413
0.18046319484710693
0.20083254575729367
0.19073936343193051
0.21514239907264707
0.1824168562889099
0.1363973170518875
0.16052734851837158
0.235517680644989
0.20070680975914
0.16523095965385437
0.19492149353027344
0.1672796607017517
0.22500428557395932
0.16354212164878845
0.20117083191871643
0.22355106472969052
0.21153932809829712
0.21086928248405457
0.22051510214805603
0.17277666926383972
0.15687167644500732
0.13018774986267087
0.24102225899696353
0.17816263437271118
0.17985811829566956
0.15562185645103455
0.14127153158187866
0.1880037784576416
0.19834125041961667
0.19060444831848145
0.23901525139808652
0.1541510224342346
0.1949955523014069
0.20321097970008847
0.2054680287837982
0.17755693197250366
0.17882871627807617
0.17134079337120056
0.1975406110286713
0.19484886527061465
0.18769341707229611
0.21454128623008728
0.1795758605003357
0.20000189542770383
0.1797924041748047
0.13914614915847778
0.18920096755027768
0.22222459316253665
0.2070719599723816
0.17092165350914
0.18027707934379575
0.22059026360511777
0.20275637507438657
0.2110493779182434
0.2200356125831604
0.19896075129508967
0.18314197659492487
0.17649045586585999
0.2569871544837952
0.14959147572517395
0.1944617331027985
0.1635049283504486
0.17678567767143247
0.17921936511993408
0.1600557565689087
0.19572222232818604
0.17388439178466797
0.18961030244827273
0.16242966055870056
0.172153502702713
0.2458330690860748
0.1440059393644333
0.2073809504508972
0.1653074324131012
0.188330739736557
0.20924681425094604
0.1502690017223358
0.21282899379730225
0.2103116810321808
0.20599228143692017
0.18535593152046204
0.22852849960327148
0.19914853572845456
0.2338011860847473
0.15108072757720947
0.21339029073715207
0.1772582232952118
0.16383308172225952
0.15134167671203613
0.17278140783309937
0.20529010891914368
0.2231193780899048
0.19238233566284177
0.19367352128028867
0.1920743882656097
0.23906922340393064
0.2420257031917572
0.2001207172870636
0.1698469519615173
0.1508806347846985
0.16032010316848755
0.20314940810203552
0.21452391147613523
0.2272394895553589
0.17255526781082153
0.1964303553104401
0.2202577292919159
0.1695338189601898
0.21810591220855713
0.1960866153240204
0.20582982897758484
0.15234890580177307
0.1843542158603668
0.1256846785545349
0.1668667495250702
0.25676959753036493
0.22672656178474423
0.2592417001724243
0.21754431724548337
0.23603537678718567
0.24250781536102292
0.1554690897464752
0.18627083301544187
0.2093321681022644
0.15945571660995483
0.1849462687969208
0.1972568333148956
0.19451296329498288
0.19949063658714292
0.14663267135620117
0.206267923116684
0.18082353472709653
0.16366219520568848
0.21422705054283145
0.19760099053382876
0.1978014409542084
0.1669560670852661
0.22397267818450928
0.21378907561302185
0.16907835006713867
0.19184830784797668
0.1394115686416626
0.22807312011718753
0.18905386328697205
0.20860502123832703
0.19984221458435056
0.18793681263923645
0.11642046272754668
0.2080540955066681
0.2136764228343964
0.17878872156143188
0.22518277168273923
0.1750010251998901
0.14279618859291077
0.1739009320735931
0.20607826113700864
0.19511523842811584
0.18333390355110168
0.1856922209262848
0.16566529870033264
0.24787768721580505
0.16559097170829773
0.19678238034248352
0.23487114906311035
0.20158767700195312
0.204715758562088
0.18038174510002136
0.12809613347053528
0.19552913308143613
0.14631006121635437
0.18593394756317136
0.14731979370117188
0.18118551373481753
0.15521833300590515
0.1947374641895294
0.20882895588874817
0.16331195831298828
0.20396488904953
0.2278446853160858
0.17469525337219238
0.21489286422729487
0.18931588530540464
0.2287130355834961
0.218720942735672
0.1795533299446106
0.17781907320022583
0.17065557837486267
0.1803404986858368
0.19210639595985407
0.1947041451931
0.1707661747932434
0.19239169359207156
0.17964184284210205
0.21407893300056455
0.15140968561172485
0.19205909967422485
0.17060250043869019
0.2165198624134064
0.19699618220329285
0.18948334455490112
0.21026840806007385
0.21269512176513672
0.1793612837791443
0.1835139691829681
0.1748635172843933
0.1735967993736267
0.165022611618042
0.1910943686962128
0.2077652812004089
0.14621958136558533
0.20270520448684687
0.22112438082695007
0.204339861869812
0.18127712607383728
0.1884281635284424
0.18984022736549375
0.2100001573562622
0.21820712089538571
0.2237052619457245
0.17238453030586243
0.22207054495811465
0.15804606676101685
0.1542069315910339
0.20366439223289487
0.24039867520332336
0.21928995847702024
0.1524013876914978
0.127302348613739
0.16274046897888184
0.2417364716529846
0.2255656719207764
0.19956609606742856
0.16225174069404602
0.1538485884666443
0.1950227618217468
0.17210695147514343
0.1938921809196472
0.20285919308662412
0.2084161341190338
0.2075834572315216
0.22024324536323547
0.17609962821006775
0.17096275091171265
0.2090842127799988
0.14478594064712524
0.19365504384040833
0.16465178132057187
0.18645337224006647
0.1661686599254608
0.21443599462509155
0.1685945689678192
0.19362306594848633
0.13860785961151123
0.191929429769516
0.1818275451660156
0.2010430693626404
0.2138575613498688
0.19816097617149356
0.21744480729103088
0.22015506029129028
0.20000165700912476
0.1659935712814331
0.19019001722335813
0.2396768033504486
0.25284963846206665
0.17127582430839539
0.20532557368278503
0.20753535628318784
0.1274186372756958
0.1781659722328186
0.1636909544467926
0.1986520886421204
0.2255484163761139
0.21667838096618647
0.1513254940509796
0.20829352736473083
0.19467842578887937
0.15549731254577637
0.22031882405281064
0.20889541506767273
0.1734248399734497
0.17664995789527893
0.18845459818840024
0.1744022965431213
0.19900304079055783
0.20106783509254453
0.22177225351333615
0.21162524819374084
0.2022775113582611
0.2188594043254852
0.18236076831817624
0.18684121966362
0.2436959445476532
0.18790435791015625
0.15316185355186462
0.15228021144866943
0.1872190237045288
0.21040257811546323
0.1630924940109253
0.20342761278152463
0.2175157964229584
0.16384929418563843
0.20665687322616577
0.1877120137214661
0.18508547544479367
0.1825329661369324
0.19665157794952393
0.190939337015152
0.17806971073150635
0.19298276305198667
0.20994329452514648
0.22010383009910583
0.17986080050468445
0.19577783346176147
0.20159885287284848
0.19608238339424133
0.2074843645095825
0.24707916378974917
0.1794624626636505
0.17578735947608948
0.19628554582595825
0.1979138553142548
0.16178613901138303
0.1947589814662933
0.17384541034698486
0.13515283167362213
0.19220286607742307
0.21909430623054504
0.1986218988895416
0.15273571014404297
0.19056078791618347
0.2215898036956787
0.164861798286438
0.18096646666526797
0.21263387799263
0.18894571065902707
0.18168851733207703
0.171787828207016
0.2069752812385559
0.1769748032093048
0.17743852734565735
0.2007511258125305
0.18849655985832212
0.19065988063812253
0.17357495427131653
0.15813690423965454
0.2256120443344116
0.2604883313179016
0.23265174031257627
0.17927780747413635
0.19178590178489685
0.19771838188171384
0.1857939660549164
0.19194898009300232
0.18712562322616577
0.18215382099151609
0.1714454889297485
0.19777411222457883
0.2034718692302704
0.203933984041214
0.1682720184326172
0.14660388231277463
0.22100454568862915
0.19764336943626404
0.19682687520980835
0.18335461616516116
0.15576079487800598
0.19576552510261533
0.1713863909244537
0.15522143244743347
0.2174432873725891
0.19316634535789487
0.16938921809196472
0.22752881050109863
0.1999250650405884
0.20260933041572568
0.19129839539527893
0.15144580602645874
0.14388412237167358
0.18042919039726257
0.2103077173233032
0.20945924520492556
0.1945103704929352
0.2075013816356659
0.16576367616653442
0.23349314928054807
0.14924566447734833
0.16288256645202637
0.20411077141761777
0.1388874650001526
0.15825679898262024
0.15899646282196045
0.16982686519622803
0.20598521828651428
0.23381289839744568
0.1799500286579132
0.2138823568820953
0.179333359003067
0.20710620284080505
0.18056342005729675
0.19460797309875488
0.16267481446266174
0.2350658178329468
0.21793729066848755
0.1685413122177124
0.23510184884071353
0.2111419439315796
0.1583806276321411
0.13935038447380063
0.19754147529602048
0.21490496397018433
0.228249192237854
0.18584421277046204
0.17210236191749573
0.22142422199249268
0.14725857973098755
0.19607061147689817
0.17199745774269104
0.1521245241165161
0.1953772604465485
0.14401742815971375
0.15720731019973755
0.17307955026626587
0.22487038373947144
0.2438259720802307
0.17733865976333618
0.15099570155143735
0.20024335384368896
0.1645956039428711
0.1711527109146118
0.19441431760787964
0.17824086546897888
0.20952194929122925
0.17992949485778809
0.17516005039215088
0.21362450718879697
0.17720049619674683
0.1909276843070984
0.21162429451942444
0.1889289915561676
0.20195421576499936
0.19183120131492612
0.1667582392692566
0.21655192971229556
0.24140587449073792
0.21996405720710757
0.21491554379463196
0.15347719192504883
0.20472240447998047
0.21436750888824463
0.19601714611053464
0.21406146883964536
0.17343199253082275
0.16453027725219727
0.1998220980167389
0.2277117371559143
0.18453779816627505
0.19516000151634216
0.23496377468109128
0.22373434901237488
0.2004181444644928
0.23568174242973328
0.1639496088027954
0.20255401730537412
0.21328145265579224
0.19068598747253415
0.1697547137737274
0.2099306881427765
0.22760713100433347
0.22061166167259216
0.19449493288993835
0.21065974235534668
0.17840871214866638
0.21212315559387207
0.20159548521041873
0.20772704482078552
0.15236669778823853
0.17000749707221985
0.1960354447364807
0.21424448490142825
0.21308463811874387
0.20097738504409793
0.1924048066139221
0.20005410909652707
0.22760379314422607
0.19582465291023252
0.20941519737243647
0.22282305359840396
0.20423001050949097
0.20812734961509705
0.20226559042930603
0.2129898965358734
0.15880033373832703
0.1926760375499725
0.20695263147354123
0.18611159920692444
0.18283921480178836
0.18545034527778623
0.20320647954940796
0.1548462212085724
0.2183210849761963
0.1704343855381012
0.15051254630088806
0.18602973222732544
0.24170655012130737
0.1924760937690735
0.16950407624244687
0.1960841119289398
0.18164774775505063
0.1752009093761444
0.16005513072013855
0.16134905815124512
0.15298610925674438
0.20217740535736084
0.2144804298877716
0.19114053249359128
0.18653562664985657
0.12098585814237595
0.2544296979904175
0.19942197203636167
0.16545140743255615
0.19175851345062253
0.1614082157611847
0.18412151932716367
0.1411168873310089
0.1964033842086792
0.1978932023048401
0.1997206509113312
0.17713621258735657
0.2057913839817047
0.16292941570281982
0.1635652482509613
0.1991133689880371
0.2082683742046356
0.1554936170578003
0.22312548756599423
0.214226633310318
0.21637049317359924
0.22995400428771967
0.17355558276176453
0.19400209188461304
0.15639740228652954
0.2119401693344116
0.1964702308177948
0.1807308793067932
0.12717944383621216
0.2239002585411072
0.21635589003562927
0.20939502120018005
0.16556471586227417
0.18564352393150327
0.1567400097846985
0.21274936199188232
0.2249762713909149
0.20160824060440063
0.19424113631248477
0.16464164853096008
0.16583475470542908
0.18031674623489377
0.19422319531440732
0.2606026828289032
0.17340269684791565
0.21769902110099792
0.19642251729965207
0.16564476490020752
0.20279446244239807
0.16863888502120972
0.17647027969360352
0.19828712940216064
0.2394011616706848
0.16532978415489197
0.19140326976776123
0.22630345821380612
0.17304301261901855
0.252896785736084
0.20597288012504575
0.2284889817237854
0.17762160301208496
0.16577714681625366
0.1947256624698639
0.20065435767173767
0.19780176877975464
0.14613458514213562
0.13592711091041565
0.18981817364692688
0.20909538865089417
0.1572229564189911
0.20796477794647217
0.1992866098880768
0.19014278054237363
0.1888814568519592
0.17636877298355103
0.19472661614418027
0.1989820301532745
0.20324179530143735
0.16203662753105164
0.1638219058513641
0.1944411993026733
0.18094143271446228
0.2179119288921356
0.19795498251914975
0.1952158808708191
0.19354587793350217
0.20942994952201843
0.1925078630447388
0.16638776659965515
0.19123148918151853
0.11111997067928314
0.17376631498336792
0.17098486423492432
0.15966954827308655
0.22274625301361084
0.20270720124244687
0.21771010756492612
0.1708364486694336
0.18826609849929807
0.22291699051856995
0.18306267261505127
0.1552565097808838
0.21893417835235596
0.17900672554969788
0.16890224814414978
0.16326192021369934
0.2411043047904968
0.14097580313682556
0.20689523220062253
0.14299628138542175
0.20949134230613708
0.17670521140098572
0.19348654150962827
0.20744213461875916
0.15612509846687317
0.2233147025108337
0.1803651750087738
0.19707694649696353
0.1961748003959656
0.26417234539985657
0.17565107345581055
0.2162765562534332
0.16171815991401672
0.16278207302093503
0.1768140196800232
0.18011042475700378
0.17484506964683533
0.24790772795677185
0.23271861672401428
0.17870405316352844
0.19060865044593808
0.2315518856048584
0.1413707733154297
0.16316863894462583
0.22273805737495425
0.18926832079887393
0.19930827617645264
0.1501524448394775
0.2004695236682892
0.15558284521102905
0.17233869433403015
0.18390563130378723
0.17382389307022095
0.16574439406394958
0.173565536737442
0.187159925699234
0.1784350872039795
0.22114035487174988
0.189340740442276
0.20281684398651123
0.20584681630134585
0.19531434774398804
0.18669340014457703
0.1526070535182953
0.1706605553627014
0.20650413632392883
0.1828615367412567
0.19881504774093628
0.20300424098968503
0.1495215892791748
0.1961331367492676
0.18742859363555908
0.16687825322151184
0.1582261025905609
0.22077691555023196
0.2027038335800171
0.2216874957084656
0.17813527584075928
0.20100447535514832
0.20802161097526553
0.145365372300148
0.19008246064186096
0.18649077415466309
0.21908316016197205
0.14903724193572998
0.2259543538093567
0.17407700419425964
0.17711839079856873
0.16319045424461365
0.21480572223663327
0.1989867091178894
0.17883077263832092
0.15106478333473203
0.15146270394325256
0.15757301449775696
0.1906124651432037
0.19988447427749637
0.18745854496955872
0.1823303997516632
0.21117219328880313
0.13736528158187866
0.1998920440673828
0.17399936914443967
0.20389798283576965
0.1814992129802704
0.1980261504650116
0.17384490370750427
0.1783454716205597
0.2317286729812622
0.13627389073371887
0.19207197427749637
0.18972158432006836
0.1669737696647644
0.1836383938789368
0.19312176108360288
0.206020712852478
0.15896490216255188
0.17990729212760925
0.21256545186042783
0.21474751830101013
0.1861863732337952
0.19865638017654416
0.27409908175468445
0.16433826088905334
0.18137595057487488
0.19761383533477783
0.1940869688987732
0.13872638344764707
0.14002519845962524
0.2351568043231964
0.162882000207901
0.14121964573860168
0.18645128607749936
0.21548143029212952
0.19302546977996823
0.23708891868591309
0.19644173979759216
0.17824885249137878
0.14976131916046143
0.19032779335975647
0.19760462641716003
0.2039552330970764
0.21342036128044128
0.24974957108497617
0.17909970879554749
0.1512591540813446
0.18303990364074707
0.17604082822799683
0.21491074562072757
0.20085400342941284
0.1966686844825745
0.20152503252029416
0.17872971296310425
0.2069654166698456
0.2048582136631012
0.1600153148174286
0.15767991542816162
0.21790570020675656
0.16351193189620972
0.1743551194667816
0.22027409076690677
0.21117344498634336
0.2143321633338928
0.196664035320282
0.17198288440704343
0.23953187465667725
0.16903647780418396
0.13796821236610413
0.15977776050567627
0.15336573123931885
0.19266700744628903
0.20130518078804016
0.1705475151538849
0.197879821062088
0.23317715525627136
0.17801153659820557
0.20443022251129153
0.1765427589416504
0.198262482881546
0.17943453788757324
0.1880607306957245
0.18557175993919367
0.21248191595077515
0.19832792878150937
0.1907186508178711
0.1743086874485016
0.20907318592071533
0.13788077235221863
0.20127594470977783
0.16791677474975583
0.17148292064666748
0.2047154605388641
0.2178597152233124
0.13496500253677368
0.21470850706100464
0.1753253936767578
0.16342800855636597
0.22685450315475464
0.20618233084678647
0.2150888741016388
0.17451536655426023
0.16054922342300415
0.16205501556396484
0.181340366601944
0.17855781316757202
0.16862425208091736
0.2007883191108704
0.22136113047599792
0.18774357438087463
0.22825521230697632
0.1977801024913788
0.16390901803970337
0.15586018562316895
0.19074490666389465
0.19640573859214783
0.1752871572971344
0.25417137145996094
0.26043254137039185
0.16044092178344727
0.1721630096435547
0.1605393886566162
0.2027274966239929
0.16186392307281494
0.19996407628059387
0.17111974954605103
0.15619993209838867
0.1857629716396332
0.23855388164520264
0.1989122629165649
0.19464039802551267
0.20658874511718753
0.17419168353080747
0.2047458589076996
0.1720670461654663
0.1947556436061859
0.1902504563331604
0.241345077753067
0.14524003863334656
0.1836264133453369
0.1662721037864685
0.21357619762420652
0.181915819644928
0.23675820231437683
0.20757526159286496
0.190386563539505
0.16480758786201477
0.2149955630302429
0.19987753033638
0.16002321243286133
0.1982886493206024
0.19766324758529663
0.1656724512577057
0.17115849256515503
0.1893455982208252
0.1752365529537201
0.1889615952968597
0.20411530137062073
0.17181465029716492
0.183190792798996
0.16938740015029907
0.14613768458366394
0.1766931116580963
0.17268848419189453
0.1558055281639099
0.14851129055023193
0.20582750439643857
0.1687667965888977
0.18637019395828247
0.22975972294807437
0.19791236519813535
0.14273624122142792
0.14565345644950867
0.15993410348892212
0.20410466194152832
0.19625371694564817
0.1303045153617859
0.1821072995662689
0.14329044520854947
0.19518595933914185
0.15816140174865723
0.1966516673564911
0.15837952494621277
0.1953441798686981
0.22238141298294067
0.2027685046195984
0.1878511905670166
0.19571992754936215
0.15679502487182617
0.21306830644607544
0.19709235429763797
0.1864827275276184
0.2195598781108856
0.14407554268836975
0.1801603138446808
0.1103229820728302
0.1932973563671112
0.1883506178855896
0.20986768603324887
0.20250555872917173
0.180167019367218
0.12564513087272644
0.16860607266426086
0.20279517769813535
0.19040560722351077
0.16897884011268616
0.24641689658164975
0.1923692226409912
0.20640406012535092
0.205806165933609
0.1835858523845673
0.15982601046562195
0.15423595905303955
0.17392295598983765
0.11208613961935043
0.22034525871276853
0.1485929489135742
0.18575644493103027
0.19013649225234985
0.20441871881484985
0.17729005217552185
0.17905715107917783
0.20662847161293027
0.16372060775756836
0.17210760712623596
0.17993244528770447
0.21914353966712952
0.1536256372928619
0.14427828788757324
0.1498698592185974
0.16333821415901184
0.2232133448123932
0.2347325384616852
0.1881190538406372
0.1936073303222656
0.17427149415016174
0.17030569911003113
0.2058599591255188
0.17734912037849426
0.19891852140426636
0.17203861474990845
0.1633322536945343
0.18349832296371457
0.23393586277961728
0.21548372507095337
0.2185908257961273
0.18831741809844968
0.18021234869956967
0.20716664195060727
0.1800512671470642
0.21898615360260007
0.20953422784805295
0.17465165257453918
0.23615106940269473
0.17589396238327026
0.17977058887481687
0.20249903202056885
0.16704991459846497
0.20503216981887817
0.22357410192489624
0.16514050960540771
0.20830827951431277
0.17852208018302915
0.2112155854701996
0.1796501874923706
0.20166519284248352
0.1874332129955292
0.17945176362991333
0.193250834941864
0.1581745147705078
0.2187236845493317
0.16490373015403748
0.19171160459518433
0.17823347449302673
0.16738486289978027
0.17071673274040222
0.17940515279769895
0.171828031539917
0.13329413533210754
0.14953154325485227
0.19809266924858093
0.16490262746810913
0.19796821475028992
0.19521030783653257
0.18723392486572263
0.1644427180290222
0.15499213337898254
0.16805675625801086
0.17885389924049375
0.23980912566185
0.17544803023338315
0.22889277338981628
0.22410345077514648
0.20686906576156616
0.2431213855743408
0.2282077670097351
0.16989248991012573
0.15071257948875427
0.18827360868453977
0.2038504183292389
0.18885666131973264
0.1766158640384674
0.19750350713729856
0.20065176486968997
0.1526077091693878
0.14211687445640564
0.1907271444797516
0.15274551510810852
0.200659304857254
0.19022181630134585
0.1465521603822708
0.20743283629417417
0.1826376020908356
0.2198418378829956
0.17613577842712402
0.17601177096366882
0.18400523066520688
0.1894948482513428
0.20261213183403012
0.26499471068382263
0.18021234869956967
0.16842120885849
0.19069629907608032
0.1814536452293396
0.1557287573814392
0.20613914728164673
0.161044180393219
0.19601172208786008
0.1640283465385437
0.14523932337760925
0.20568546652793884
0.19342002272605896
0.2283626198768616
0.22840571403503415
0.19684508442878723
0.1604291796684265
0.15132620930671692
0.20328757166862488
0.15323320031166077
0.1851593554019928
0.2183264791965485
0.16611909866333008
0.21784368157386777
0.1880784630775452
0.21232858300209043
0.19357755780220032
0.19736528396606445
0.20976731181144717
0.2149190306663513
0.1653599739074707
0.1630384922027588
0.2103939652442932
0.20905333757400513
0.21375393867492676
0.1576199233531952
0.1974341869354248
0.21870124340057373
0.18155318498611447
0.17151349782943723
0.22781392931938169
0.189001590013504
0.20219439268112183
0.20476096868515012
0.1963637471199036
0.18661704659461972
0.18363648653030396
0.22396871447563169
0.16944691538810727
0.1661098599433899
0.1649104356765747
0.13729682564735413
0.18841582536697388
0.1980648934841156
0.16921570897102356
0.1801830232143402
0.1707468330860138
0.21771493554115293
0.16977187991142273
0.17776596546173096
0.19151970744132996
0.16929882764816284
0.21346077322959897
0.11714691668748856
0.22370895743370056
0.21614924073219297
0.16324362158775327
0.20136517286300656
0.1704445481300354
0.17585089802742004
0.23009982705116272
0.22092002630233765
0.18838217854499817
0.24904456734657288
0.22167176008224487
0.2025207281112671
0.22253581881523127
0.18835809826850888
0.16954076290130615
0.22984087467193604
0.1774599850177765
0.1932673156261444
0.17918094992637634
0.1739284098148346
0.2263639271259308
0.16923993825912476
0.17414164543151855
0.2130274474620819
0.17162159085273743
0.1782730221748352
0.16252148151397705
0.17161759734153748
0.21991226077079767
0.2080751061439514
0.15452677011489868
0.1903519034385681
0.16232794523239136
0.18252360820770264
0.13767868280410767
0.19426357746124268
0.25008866190910334
0.18483123183250427
0.212886780500412
0.21249607205390927
0.2567117512226105
0.19127392768859863
0.22461190819740293
0.16188538074493408
0.1843694746494293
0.21231070160865784
0.1681850552558899
0.2000538408756256
0.19320389628410337
0.23581773042678836
0.15658751130104065
0.19074001908302307
0.22969681024551392
0.2067019045352936
0.16897130012512207
0.18859034776687625
0.18637537956237793
0.1992080807685852
0.20475623011589048
0.14396503567695615
0.17717579007148743
0.2182045876979828
0.15682268142700195
0.20101752877235407
0.20428094267845157
0.21726632118225095
0.13514173030853271
0.1775514185428619
0.2135983407497406
0.20788311958312988
0.19851228594779968
0.14601141214370728
0.1612519323825836
0.250497967004776
0.20735400915145877
0.20476192235946652
0.2583168745040893
0.1774080991744995
0.22532099485397336
0.22524210810661316
0.24750074744224548
0.22573354840278623
0.18912696838378903
0.14660674333572388
0.18804076313972476
0.17218008637428284
0.1285429298877716
0.2053835690021515
0.19848063588142395
0.17610761523246765
0.18681848049163816
0.2143400013446808
0.19790908694267273
0.1944677531719208
0.19211515784263608
0.17209121584892273
0.2012125849723816
0.2008272409439087
0.16892674565315247
0.19326773285865784
0.1545954942703247
0.17754563689231873
0.1855390667915344
0.1838379800319672
0.16100531816482544
0.18143418431282043
0.18472295999526975
0.18220287561416623
0.16841381788253784
0.22310468554496765
0.222944438457489
0.1936464011669159
0.19542595744132996
0.1854710876941681
0.20048844814300537
0.1538792848587036
0.20680406689643857
0.18826621770858765
0.18469154834747317
0.15301337838172913
0.20012223720550537
0.19052609801292417
0.20546695590019223
0.1675996482372284
0.2127656638622284
0.22436082363128665
0.1834174394607544
0.18701037764549253
0.2458467483520508
0.1996664106845856
0.1956355571746826
0.14964601397514343
0.18156951665878293
0.15075084567070007
0.18184807896614075
0.2343834340572357
0.16826283931732175
0.2090454697608948
0.15816402435302734
0.1468898504972458
0.2057364284992218
0.226544052362442
0.1929287016391754
0.22713074088096616
0.2058105766773224
0.2070904076099396
0.16590309143066406
0.18644246459007263
0.16204681992530823
0.19393908977508545
0.1944600045681
0.2375480830669403
0.2092348039150238
0.19266009330749512
0.221538245677948
0.12396517395973204
0.1429218351840973
0.14459815621376035
0.18416970968246457
0.17521265149116516
0.16432178020477295
0.1959172487258911
0.12005870789289474
0.18812149763107297
0.19047242403030396
0.20831033587455747
0.19450274109840396
0.15495887398719788
0.20035374164581296
0.13981398940086365
0.2139872610569
0.1921071708202362
0.13402235507965088
0.2142795622348785
0.21364215016365048
0.12864598631858823
0.14387643337249756
0.17741519212722778
0.14754775166511536
0.20012599229812625
0.16241708397865295
0.1883183121681213
0.2278292179107666
0.20349243283271787
0.1682528853416443
0.20639535784721372
0.23369187116622925
0.2063181698322296
0.160171777009964
0.22699040174484247
0.15989303588867188
0.15569892525672913
0.1695065200328827
0.21073976159095764
0.209619015455246
0.21497216820716855
0.17172417044639587
0.17430725693702695
0.17545655369758603
0.22684761881828308
0.19808390736579892
0.16357412934303284
0.22325390577316284
0.15337154269218445
0.17256611585617063
0.15692079067230225
0.17113417387008667
0.18076592683792117
0.20443037152290344
0.20443344116210935
0.21318817138671875
0.1688392460346222
0.21093115210533145
0.2158183157444
0.15806198120117188
0.2313379943370819
0.1951668858528137
0.16788384318351743
0.16424623131752014
0.1536412239074707
0.1703336238861084
0.16825762391090393
0.20110180974006647
0.14268353581428528
0.16684308648109436
0.24351796507835388
0.20970472693443296
0.2069886922836304
0.18711012601852417
0.20681065320968628
0.18970939517021176
0.18154454231262207
0.22156864404678345
0.1918074190616608
0.20601749420166013
0.20758607983589167
0.15702199935913083
0.19622370600700376
0.16197067499160767
0.12913797795772552
0.17020034790039062
0.17544227838516235
0.17407017946243286
0.22687995433807373
0.24346420168876648
0.15542280673980713
0.17254257202148435
0.20589327812194824
0.24221885204315183
0.25488969683647156
0.17489734292030334
0.19636386632919312
0.18525221943855283
0.2118197977542877
0.18025270104408264
0.21779558062553403
0.19002455472946167
0.1548074185848236
0.21564942598342893
0.16864502429962158
0.18957942724227905
0.17964956164360046
0.2071532607078552
0.18479099869728088
0.22350466251373288
0.1663852035999298
0.19874942302703855
0.191086620092392
0.2408680021762848
0.1823624074459076
0.16728591918945312
0.14805388450622559
0.13693012297153473
0.21493375301361084
0.1639652848243713
0.16823896765708923
0.18928718566894528
0.2318948805332184
0.22177588939666748
0.21285626292228696
0.1936587393283844
0.1520693004131317
0.14821621775627136
0.20068153738975525
0.21187978982925412
0.1691245138645172
0.16934338212013245
0.24652937054634091
0.16574624180793762
0.19482773542404172
0.20370543003082275
0.21251794695854187
0.1979040801525116
0.16836124658584595
0.19946926832199097
0.2163604199886322
0.20114815235137937
0.18274906277656555
0.21865046024322507
0.18599051237106323
0.2279076874256134
0.22805380821228027
0.13613760471343994
0.18723571300506592
0.1941587030887604
0.16047939658164978
0.20895886421203613
0.16184768080711365
0.16211771965026855
0.18305477499961853
0.16991937160491943
0.18489244580268857
0.20280921459198
0.1681150496006012
0.2061058878898621
0.18946126103401184
0.20013937354087827
0.18496158719062805
0.16142407059669495
0.20467668771743772
0.17616033554077148
0.19042834639549253
0.15692386031150815
0.1792212426662445
0.21917161345481873
0.1745736002922058
0.18830350041389465
0.18103638291358948
0.14903518557548523
0.250171959400177
0.17495602369308472
0.1971087157726288
0.2325944006443024
0.230547308921814
0.16882896423339844
0.1849668323993683
0.27143657207489014
0.22914910316467285
0.17797023057937622
0.2226638495922089
0.18445050716400144
0.19387432932853696
0.1818057894706726
0.19278883934021
0.18773961067199707
0.21851307153701785
0.2908504903316498
0.2357583940029144
0.18941381573677063
0.19342178106307983
0.1852446496486664
0.19115185737609863
0.23482194542884824
0.19857341051101685
0.170839786529541
0.22550892829895017
0.16928482055664062
0.1581267416477203
0.20847454667091367
0.15169253945350647
0.17856377363204956
0.174348384141922
0.19358733296394348
0.20603260397911072
0.17500251531600952
0.1841377019882202
0.1695900857448578
0.2265111804008484
0.2298739552497864
0.1501759886741638
0.2053862512111664
0.22545266151428223
0.204485148191452
0.2249038815498352
0.16610217094421387
0.20772504806518555
0.1679859459400177
0.18212854862213132
0.13832977414131165
0.18915101885795596
0.22444653511047363
0.21244361996650693
0.1909281313419342
0.1938040256500244
0.17973113059997559
0.17952585220336914
0.2664805352687836
0.188286691904068
0.2087534666061401
0.1401292383670807
0.19637784361839292
0.20949870347976685
0.1927034854888916
0.20515328645706177
0.22102603316307068
0.22122201323509216
0.18719753623008728
0.17581987380981445
0.2295258045196533
0.162077397108078
0.18835335969924927
0.19222125411033633
0.166215181350708
0.21247386932373047
0.16030669212341309
0.17896345257759094
0.18717503547668457
0.1626596450805664
0.2682742774486542
0.18208643794059756
0.1580323874950409
0.21098950505256647
0.16013619303703308
0.1549445390701294
0.14850780367851257
0.2572472989559173
0.21773228049278257
0.168777197599411
0.15162935853004456
0.22092732787132263
0.20439064502716064
0.1726803183555603
0.17029547691345215
0.2499651312828064
0.16496723890304563
0.18447741866111755
0.21893534064292908
0.18736374378204343
0.17481812834739685
0.17754724621772766
0.17990624904632568
0.15472367405891418
0.22185757756233213
0.1384223699569702
0.1727543473243713
0.14622505009174347
0.17517876625061035
0.20074912905693051
0.164557546377182
0.18171188235282895
0.16586169600486755
0.19269177317619324
0.17459321022033691
0.18048471212387085
0.18828269839286804
0.12941721081733704
0.18053194880485532
0.19649291038513184
0.1688433289527893
0.16968277096748352
0.1529405117034912
0.2256131172180176
0.22699704766273496
0.24862676858901975
0.20445379614830017
0.15256041288375854
0.18882694840431213
0.20711681246757507
0.16354113817214963
0.19716349244117737
0.19404464960098264
0.19907844066619876
0.19717782735824585
0.1125662848353386
0.1545926034450531
0.19271758198738095
0.18457776308059687
0.16662153601646423
0.17904961109161377
0.20815584063529968
0.19022420048713684
0.17793136835098267
0.19933030009269717
0.19595763087272644
0.16878744959831235
0.18375512957572937
0.1367262750864029
0.19819706678390503
0.2044028341770172
0.1634502112865448
0.19350138306617737
0.15014982223510742
0.19271257519721985
0.20261090993881223
0.16675907373428345
0.18014439940452573
0.19967418909072876
0.210701197385788
0.18594127893447876
0.1701067090034485
0.20080637931823728
0.20527401566505432
0.172349750995636
0.2155313193798065
0.20781463384628293
0.19683098793029785
0.16655555367469788
0.15456447005271912
0.1618337631225586
0.24797335267066956
0.1360902190208435
0.16537794470787048
0.1704902946949005
0.19601377844810483
0.2172139286994934
0.13396230340003967
0.19589710235595703
0.15866932272911072
0.2069664299488068
0.16146498918533325
0.19803139567375183
0.17616868019104004
0.1975633203983307
0.17741596698760986
0.19305977225303647
0.1965890526771545
0.216151624917984
0.20422881841659543
0.1797870397567749
0.20474907755851743
0.2095992863178253
0.20928320288658145
0.21644097566604611
0.21157905459403992
0.19415414333343503
0.18236941099166873
0.17700454592704773
0.20564031600952148
0.21413347125053403
0.18061521649360657
0.21898669004440308
0.2069244682788849
0.18277549743652344
0.1770707666873932
0.1463089883327484
0.2677360475063324
0.1820034384727478
0.18789684772491452
0.14216843247413635
0.15841904282569885
0.2225410342216492
0.19718551635742188
0.2037218809127808
0.19016593694686887
0.1752322018146515
0.21493905782699585
0.21251940727233887
0.15469872951507568
0.1995342969894409
0.22074216604232788
0.2096176445484161
0.2489564418792725
0.18907973170280457
0.21142694354057312
0.1721023321151733
0.162607342004776
0.21449363231658933
0.19695380330085757
0.19366398453712463
0.12495571374893188
0.1417807936668396
0.2238692939281464
0.13955673575401306
0.1651400923728943
0.20443215966224673
0.21443191170692444
0.20813530683517456
0.15673986077308655
0.1813341379165649
0.18603274226188657
0.2247142195701599
0.22088101506233213
0.16650748252868652
0.1854192018508911
0.16531258821487427
0.2299036383628845
0.13100627064704895
0.1568540334701538
0.19205746054649356
0.1893540918827057
0.19380483031272888
0.2341811954975128
0.15039604902267456
0.18394070863723755
0.2415674924850464
0.22983676195144653
0.18584361672401428
0.2061030566692352
0.20955663919448847
0.2061805725097656
0.1762222051620483
0.18092405796051023
0.2161317765712738
0.20923489332199097
0.1725369095802307
0.1682123839855194
0.18188881874084473
0.20889368653297424
0.1984556019306183
0.17798349261283875
0.1751863956451416
0.2173597514629364
0.2440938949584961
0.1791769564151764
0.1781956851482391
0.2199493646621704
0.18568044900894165
0.15615397691726685
0.19635286927223203
0.240583211183548
0.1835411489009857
0.22023367881774905
0.19761306047439572
0.1989211738109589
0.2268648445606232
0.16626429557800293
0.21020466089248657
0.2077085375785828
0.209780752658844
0.19367763400077817
0.2870362102985382
0.18487051129341123
0.16945156455039978
0.1983986496925354
0.1834011673927307
0.22880586981773376
0.15375792980194092
0.19732818007469177
0.15215861797332764
0.23080956935882568
0.173345148563385
0.21473169326782224
0.20641946792602536
0.14493319392204285
0.1766304075717926
0.18796589970588684
0.21647846698760984
0.15088161826133728
0.19817954301834104
0.2302585542201996
0.1799791157245636
0.18207040429115293
0.18033722043037412
0.19977024197578433
0.17262697219848633
0.15234261751174927
0.19939324259757996
0.17627140879631042
0.225182980298996
0.1892958879470825
0.19503769278526303
0.15821903944015503
0.1565064787864685
0.19385978579521176
0.18587213754653928
0.1949017941951752
0.13319799304008484
0.16971582174301147
0.2210451662540436
0.21710562705993647
0.17028287053108215
0.20402199029922485
0.19545847177505493
0.24116504192352292
0.23355621099472043
0.17863529920578003
0.1701262891292572
0.1706791520118713
0.2096713483333588
0.19455447793006897
0.21537482738494876
0.2193701267242432
0.16769477725028992
0.19035685062408447
0.17484676837921143
0.18593877553939817
0.17619889974594116
0.19130700826644895
0.2004674971103668
0.193986177444458
0.19590792059898376
0.16833093762397766
0.20514780282974243
0.14021937549114227
0.164292573928833
0.21998313069343567
0.18671491742134091
0.1870253682136536
0.2105510234832764
0.15648919343948364
0.22606298327445984
0.17829227447509763
0.19091361761093137
0.18277233839035037
0.20642721652984616
0.2227464020252228
0.18612027168273923
0.1525613963603973
0.18391975760459897
0.17079263925552368
0.21439477801322937
0.18995192646980283
0.20249509811401367
0.195607990026474
0.20736274123191836
0.1842185854911804
0.23083731532096863
0.1895926296710968
0.1848919093608856
0.13938763737678528
0.20633745193481445
0.19788300991058347
0.2296486496925354
0.21086281538009644
0.16682025790214539
0.2560188472270965
0.18824869394302368
0.209873229265213
0.18161186575889587
0.1684829294681549
0.19652023911476132
0.17597702145576477
0.1500428020954132
0.2262369394302368
0.17631369829177856
0.2139037847518921
0.16666513681411743
0.16062313318252563
0.21453386545181277
0.21695083379745483
0.16704723238945007
0.19057178497314453
0.17609131336212158
0.17227336764335632
0.18789806962013245
0.20011025667190552
0.20151472091674805
0.20569899678230283
0.17112553119659424
0.19880077242851257
0.23626181483268735
0.20807808637619016
0.15334343910217285
0.19710946083068848
0.2211635708808899
0.20754057168960569
0.23774719238281247
0.1950552463531494
0.21319884061813357
0.1792197823524475
0.20750394463539124
0.19025740027427676
0.178691029548645
0.16180217266082764
0.19987708330154416
0.2563849091529846
0.2461282908916473
0.20113632082939148
0.18510431051254272
0.18435832858085632
0.19807416200637817
0.21269765496253967
0.19841793179512024
0.18054667115211487
0.1884135901927948
0.158511221408844
0.13667726516723633
0.18424302339553836
0.20020133256912231
0.18384286761283877
0.2446276545524597
0.19067853689193723
0.1943098604679108
0.1782720386981964
0.21107974648475647
0.20841398835182187
0.20280006527900693
0.2249479293823242
0.2082386612892151
0.1873652935028076
0.17759928107261655
0.1579560339450836
0.2154816687107086
0.1564026176929474
0.16037100553512573
0.18538388609886167
0.2281326651573181
0.1819671988487244
0.17034664750099182
0.2139011025428772
0.22193190455436704
0.18923297524452207
0.20544007420539853
0.2088800072669983
0.2346946597099304
0.16623422503471375
0.20078569650650024
0.21422505378723145
0.12593629956245422
0.1437927633523941
0.1720547080039978
0.21643832325935364
0.2055881917476654
0.2756991684436798
0.21637147665023804
0.18697738647460935
0.20424970984458923
0.19924381375312805
0.1722114086151123
0.18254223465919492
0.21512025594711304
0.18835586309432983
0.2243304252624512
0.18983545899391172
0.21572595834732053
0.1910306215286255
0.21908637881278992
0.15771055221557617
0.19406524300575256
0.20233437418937683
0.225780725479126
0.1689249873161316
0.2287656366825104
0.18871855735778809
0.18298399448394773
0.15069177746772766
0.2005741894245148
0.12329783290624619
0.1875872313976288
0.19504523277282715
0.16815438866615295
0.22287169098854065
0.24413764476776123
0.19093599915504453
0.2207913398742676
0.19910460710525513
0.1577974557876587
0.1758989691734314
0.2145249545574188
0.1562519371509552
0.18373671174049375
0.19238525629043576
0.21690529584884644
0.19904679059982297
0.19265922904014587
0.19186794757843015
0.22701168060302732
0.21005320549011233
0.1992207765579224
0.17384937405586243
0.16750171780586243
0.1695674359798431
0.11074665933847427
0.1900012493133545
0.21286109089851377
0.1532900333404541
0.1487428247928619
0.20106604695320127
0.21846342086791992
0.17394480109214783
0.20984250307083127
0.20629841089248657
0.1571679413318634
0.18028384447097776
0.17781242728233335
0.19637194275856015
0.1376623809337616
0.1699707806110382
0.2089687287807465
0.1462295651435852
0.17467477917671204
0.19640648365020752
0.20300889015197757
0.1605902910232544
0.22219228744506836
0.20029097795486447
0.23422622680664065
0.1670440137386322
0.18570598959922793
0.16440606117248535
0.14737382531166077
0.1929669380187988
0.20083042979240415
0.22724825143814087
0.19799858331680295
0.20146095752716064
0.1558171808719635
0.15274444222450256
0.18354570865631104
0.17439138889312744
0.20390868186950684
0.19690588116645807
0.21345907449722287
0.23286786675453183
0.1406320035457611
0.14772382378578186
0.19527605175971985
0.20892032980918884
0.22791466116905207
0.21225780248641968
0.2728382349014282
0.1941641271114349
0.19279596209526065
0.18050700426101685
0.20661291480064392
0.19346460700035092
0.17741870880126953
0.14219233393669128
0.21949183940887448
0.21457567811012268
0.20115551352500916
0.16508299112319946
0.1614830493927002
0.24890166521072388
0.24293398857116696
0.19936090707778928
0.18307331204414368
0.23834246397018433
0.199604332447052
0.1999986171722412
0.20425283908843997
0.20151156187057492
0.19910416007041928
0.13564550876617432
0.19440984725952148
0.17855998873710632
0.17099452018737793
0.2173178195953369
0.20355194807052607
0.19949746131896967
0.19757327437400815
0.19586020708084104
0.17833486199378967
0.1940305531024933
0.22591522336006165
0.16527578234672546
0.16664594411849976
0.2299242317676544
0.2233079671859741
0.20276325941085813
0.17874267697334287
0.17524835467338562
0.2058899998664856
0.2206082046031952
0.20768883824348447
0.12853798270225525
0.21279317140579224
0.2316342890262604
0.1921772658824921
0.2242999970912933
0.18428316712379453
0.18896254897117612
0.16519981622695923
0.19197633862495425
0.1505669355392456
0.19719251990318296
0.19824236631393433
0.18654873967170715
0.20708233118057248
0.21421343088150024
0.15034610033035278
0.20984801650047305
0.18589976429939273
0.22071006894111636
0.13255780935287476
0.2065333724021912
0.2054966688156128
0.16277015209197998
0.188667893409729
0.16236412525177
0.16496020555496216
0.19739392399787903
0.23265904188156128
0.20290559530258176
0.15627205371856687
0.19648852944374084
0.16854003071784973
0.19052773714065552
0.1777035892009735
0.15115445852279663
0.17324501276016235
0.18503564596176147
0.1758059561252594
0.17336544394493103
0.1586107313632965
0.17813685536384583
0.21364715695381165
0.1354188323020935
0.1594943404197693
0.21056926250457764
0.21110230684280396
0.1484341323375702
0.17811039090156555
0.2371768057346344
0.20250609517097476
0.18913650512695312
0.2219583690166473
0.23231002688407895
0.1906156539916992
0.1741853654384613
0.14801527559757233
0.17814305424690247
0.17376944422721863
0.1737158894538879
0.19352388381958008
0.19641456007957456
0.15250584483146667
0.22113317251205444
0.18045365810394287
0.18735775351524356
0.20727071166038516
0.1906268000602722
0.1863016188144684
0.17166632413864136
0.21589624881744385
0.21360331773757932
0.1699213981628418
0.1857842803001404
0.15662437677383423
0.21664828062057492
0.21087121963500977
0.18588730692863464
0.19609463214874268
0.11563635617494585
0.18251869082450864
0.20911473035812375
0.26131272315979004
0.1725059151649475
0.18206346035003665
0.16582217812538147
0.21576443314552307
0.1871074140071869
0.24124020338058472
0.19071379303932187
0.19482979178428647
0.18886369466781616
0.20492175221443176
0.2073080539703369
0.16501593589782715
0.2004466950893402
0.24072477221488953
0.19603058695793152
0.2021298110485077
0.1776618659496307
0.15884077548980713
0.22789102792739868
0.15583950281143188
0.1465834081172943
0.18425279855728147
0.19997182488441467
0.1629830002784729
0.1896522045135498
0.210602730512619
0.26849907636642456
0.19269844889640808
0.2223579287528992
0.17096582055091855
0.17988833785057068
0.17926776409149167
0.16696596145629883
0.20456504821777344
0.19290634989738464
0.154709130525589
0.2163353860378265
0.21834835410118103
0.20491456985473633
0.21131891012191767
0.22576209902763367
0.1767081916332245
0.13186845183372495
0.19525292515754697
0.16581270098686218
0.1977834105491638
0.22480013966560364
0.15295428037643433
0.19061008095741272
0.1927093863487244
0.25234276056289673
0.1991918385028839
0.15736740827560425
0.21976587176322937
0.16275447607040405
0.1893261969089508
0.21832880377769473
0.1537325382232666
0.1562168002128601
0.1928439736366272
0.1882696747779846
0.20883169770240784
0.18405354022979736
0.1455880105495453
0.19484806060791013
0.18547537922859192
0.2115812599658966
0.24948048591613767
0.235899955034256
0.20312839746475217
0.2014093101024628
0.11075875163078308
0.20051723718643188
0.18561893701553345
0.184315025806427
0.2375304400920868
0.22844967246055603
0.17853975296020508
0.2033517360687256
0.18305054306983948
0.16256463527679443
0.13979315757751465
0.22177353501319885
0.17255085706710815
0.16313394904136655
0.1721473932266235
0.18976193666458127
0.13599395751953125
0.18938320875167847
0.19014078378677368
0.20620787143707275
0.23690313100814817
0.2156626582145691
0.2053697407245636
0.22525221109390256
0.16594615578651428
0.1971222758293152
0.17763283848762512
0.19429776072502136
0.23282447457313535
0.202985942363739
0.22190409898757932
0.17436543107032776
0.2106442153453827
0.22665151953697205
0.15926024317741394
0.23640632629394528
0.15300828218460083
0.1829363703727722
0.20016270875930783
0.17378473281860352
0.17506450414657593
0.19325655698776245
0.21333292126655576
0.2194592654705048
0.2073409855365753
0.2103091776371002
0.22950893640518188
0.1817103326320648
0.14021122455596924
0.18578600883483887
0.17775866389274597
0.2035764157772064
0.2466953098773956
0.19494679570198056
0.15840426087379456
0.19571810960769653
0.21831953525543207
0.21850672364234924
0.2234013080596924
0.2362864911556244
0.16841691732406616
0.19337511062622073
0.17546474933624268
0.2412148416042328
0.18297722935676572
0.1863669455051422
0.17151156067848203
0.182258665561676
0.2093426883220673
0.19523733854293823
0.21061348915100095
0.15741363167762756
0.18196836113929749
0.2182123363018036
0.1848433613777161
0.21240350604057312
0.167007714509964
0.21129336953163144
0.19806045293807983
0.15590152144432068
0.18695932626724243
0.19529235363006592
0.21884119510650635
0.20763069391250608
0.17879977822303772
0.20475900173187253
0.24639371037483213
0.1966203451156616
0.22757503390312195
0.18677198886871335
0.19463077187538144
0.20229643583297727
0.2168501615524292
0.2060558795928955
0.19061738252639768
0.20120126008987424
0.1619962453842163
0.15610140562057495
0.1743457317352295
0.1949315369129181
0.185389906167984
0.18184062838554385
0.17393022775650024
0.19948109984397888
0.20390713214874268
0.20396739244461057
0.20645299553871155
0.15783172845840454
0.25062939524650574
0.21068590879440308
0.21083819866180417
0.19309183955192563
0.20182305574417117
0.19365608692169187
0.21070575714111328
0.16816306114196777
0.18268290162086487
0.20615199208259585
0.16846132278442383
0.2007940709590912
0.16778993606567383
0.20830154418945312
0.20125797390937805
0.18889242410659793
0.1978578269481659
0.20299488306045527
0.19838026165962216
0.15092432498931885
0.15650147199630737
0.16721829771995544
0.18035322427749637
0.16234362125396729
0.26321816444396967
0.17480143904685974
0.19588658213615415
0.17332905530929563
0.20652735233306885
0.19622758030891416
0.15754008293151855
0.12634986639022827
0.22224581241607663
0.1875697076320648
0.21607479453086853
0.2049529254436493
0.1894452273845673
0.20138019323349
0.2143284380435944
0.1924501359462738
0.23435810208320615
0.156497061252594
0.22788912057876584
0.1644685864448547
0.17799726128578186
0.18502312898635864
0.21970093250274655
0.20797663927078247
0.25167518854141235
0.1888341307640076
0.21423679590225217
0.1941986382007599
0.15539300441741943
0.20598232746124268
0.1993631720542908
0.16696754097938535
0.18876075744628903
0.2026309669017792
0.20366668701171875
0.2103601098060608
0.14878764748573303
0.14595574140548706
0.1657520830631256
0.20554468035697937
0.18439662456512448
0.1739484965801239
0.22499030828475952
0.22746190428733823
0.20359694957733157
0.19634458422660828
0.16186130046844482
0.1937662363052368
0.15793937444686887
0.24985054135322568
0.1987292766571045
0.20358958840370175
0.21804606914520264
0.21337166428565976
0.2076232135295868
0.19413855671882627
0.19302731752395627
0.1832110285758972
0.13207656145095825
0.20594453811645508
0.17314794659614563
0.1943683624267578
0.1620934009552002
0.17452287673950195
0.23965650796890256
0.174398273229599
0.18473628163337708
0.1776999533176422
0.1907347142696381
0.19389110803604123
0.1999850273132324
0.19092845916748047
0.19452518224716184
0.20356634259223935
0.1864255964756012
0.157344251871109
0.18728139996528623
0.2082480490207672
0.2238954305648804
0.1760275959968567
0.20720908045768735
0.17027410864830017
0.19604444503784177
0.12529507279396057
0.20173016190528867
0.1955421268939972
0.1696936786174774
0.16814732551574707
0.18423533439636233
0.15957960486412048
0.20374485850334167
0.129778653383255
0.13156640529632568
0.15155678987503052
0.2128692865371704
0.1905615329742432
0.20938485860824585
0.1791120171546936
0.17735832929611206
0.19430813193321228
0.24763929843902588
0.1957097947597504
0.1856602430343628
0.1838996112346649
0.1790587604045868
0.2285461127758026
0.2296051979064941
0.1273742914199829
0.20796287059783933
0.1697807013988495
0.2229730188846588
0.18643122911453247
0.17512449622154236
0.1376299113035202
0.17181852459907532
0.1591986119747162
0.17386165261268616
0.16970834136009216
0.200537383556366
0.16982319951057434
0.14018239080905914
0.15418729186058044
0.1766766905784607
0.1703513264656067
0.20375847816467285
0.1657963991165161
0.1637647449970245
0.17754793167114255
0.17313650250434875
0.17031800746917725
0.1445581018924713
0.18115246295928955
0.17445465922355652
0.1857571303844452
0.1880532205104828
0.15365028381347656
0.18208077549934387
0.2002040445804596
0.19298693537712097
0.1950630247592926
0.17913752794265747
0.2209060490131378
0.23767536878585813
0.21792867779731753
0.18859258294105527
0.2141441106796265
0.225212961435318
0.17751526832580566
0.1960202157497406
0.17277479171752927
0.2064509093761444
0.192439079284668
0.1736404001712799
0.203062117099762
0.17215436697006223
0.13898274302482605
0.18843185901641843
0.22356945276260373
0.18527323007583615
0.1930452585220337
0.16515907645225525
0.17569079995155334
0.18732333183288571
0.1843647658824921
0.18138986825942996
0.19734954833984372
0.20728978514671323
0.16323620080947876
0.2092617154121399
0.12587687373161316
0.2263532280921936
0.19530251622200007
0.20103773474693296
0.2028652131557465
0.19032669067382807
0.1789633333683014
0.16687628626823425
0.19536209106445312
0.2232382893562317
0.20379525423049927
0.15863806009292603
0.16413632035255432
0.18855586647987363
0.20303621888160703
0.13114982843399048
0.1329880952835083
0.19152846932411197
0.19148150086402893
0.21228086948394773
0.1784197986125946
0.1919287145137787
0.2175597846508026
0.21993735432624817
0.16964074969291687
0.1782786250114441
0.1882566511631012
0.24100923538208008
0.19090685248374936
0.16042244434356687
0.18168190121650693
0.19452437758445737
0.16364535689353943
0.19440993666648865
0.18977984786033633
0.14941278100013733
0.16105994582176208
0.1863313317298889
0.18229922652244568
0.23166310787200928
0.19345971941947937
0.19457215070724487
0.1998766660690308
0.22611448168754575
0.17127498984336853
0.221087247133255
0.20017331838607788
0.17451724410057068
0.28342166543006897
0.1706591248512268
0.1972404718399048
0.15755808353424072
0.22212606668472287
0.17930319905281067
0.199541836977005
0.2072609066963196
0.20651432871818545
0.16444188356399536
0.1891859471797943
0.2235988974571228
0.17347046732902527
0.19860270619392395
0.1514435112476349
0.1802830994129181
0.2007966637611389
0.17928722500801086
0.18059086799621585
0.13940763473510742
0.1917312443256378
0.16877177357673645
0.16035810112953186
0.19132161140441892
0.1630061566829681
0.23232728242874143
0.21780335903167725
0.18432843685150144
0.22296154499053955
0.16986125707626343
0.1807672083377838
0.25561636686325073
0.199005663394928
0.16086497902870178
0.20221054553985596
0.19481104612350464
0.23547193408012393
0.22716146707534793
0.2341502010822296
0.18843615055084229
0.17994749546051023
0.20455092191696167
0.17722487449645996
0.16860243678092957
0.1782711148262024
0.18230611085891724
0.1767834424972534
0.19486406445503235
0.17535936832427979
0.22466298937797544
0.1571604311466217
0.19865724444389343
0.18602243065834043
0.1764831244945526
0.20265623927116397
0.1853888034820557
0.20298910140991208
0.15509569644927979
0.18040308356285092
0.18617823719978327
0.18846702575683597
0.1682034432888031
0.18617159128189087
0.1465435028076172
0.1736125648021698
0.18065643310546875
0.15727519989013672
0.19835013151168823
0.1249137371778488
0.197746604681015
0.17625927925109863
0.19619873166084287
0.17503416538238523
0.18979084491729736
0.19037091732025144
0.21960654854774475
0.21331000328063965
0.1800628900527954
0.1789077520370483
0.18090751767158508
0.25461268424987793
0.20526376366615293
0.1793663203716278
0.15992608666419983
0.2500848770141601
0.19024792313575745
0.1874648332595825
0.18360954523086548
0.21292430162429807
0.22370406985282895
0.2183470129966736
0.1362352669239044
0.185555636882782
0.20420220494270325
0.18024915456771848
0.1416209489107132
0.19849687814712524
0.18077328801155088
0.22276258468627927
0.15830880403518677
0.1985338926315308
0.22545158863067624
0.16733044385910034
0.18793711066246033
0.2015044391155243
0.20432063937187195
0.20691615343093872
0.1746986210346222
0.21740376949310303
0.16802451014518735
0.1958290934562683
0.2332879602909088
0.18939346075057983
0.14100289344787595
0.23906558752059937
0.21454191207885745
0.21782907843589783
0.19193097949028012
0.1604538261890411
0.26800915598869324
0.22228640317916873
0.21216732263565063
0.23050254583358765
0.1722589135169983
0.1593397557735443
0.1821512281894684
0.1207042783498764
0.19430747628211972
0.15914812684059143
0.25732955336570734
0.19182932376861567
0.18974873423576355
0.17298081517219543
0.15118861198425293
0.20099723339080808
0.20862862467765808
0.16818776726722717
0.13069570064544675
0.19686314463615415
0.17342257499694824
0.18459826707839963
0.1976173222064972
0.2293054759502411
0.15653681755065915
0.15292009711265564
0.16494697332382202
0.16408297419548035
0.17671313881874084
0.21174538135528564
0.2029147744178772
0.1648610234260559
0.16726157069206235
0.20904299616813657
0.2076610028743744
0.2104870676994324
0.17550846934318542
0.1914363503456116
0.1854287087917328
0.20432645082473755
0.19874224066734317
0.21310687065124512
0.2069062888622284
0.17603936791419983
0.22223544120788571
0.21399441361427307
0.1609908938407898
0.2159104645252228
0.19532281160354611
0.21678864955902097
0.1723133623600006
0.1882028579711914
0.18959158658981323
0.22599783539772036
0.17352747917175293
0.16021475195884705
0.2021382451057434
0.19263365864753723
0.15895912051200867
0.1465495526790619
0.13133734464645383
0.21368858218193051
0.16806834936141968
0.17190721631050107
0.17555439472198486
0.16809740662574768
0.20711797475814817
0.2218908369541168
0.1830185353755951
0.1838615834712982
0.20800861716270447
0.2214983701705933
0.16157308220863342
0.22088384628295896
0.12765537202358243
0.19250693917274475
0.17612558603286743
0.20773619413375852
0.1878668367862701
0.14082026481628415
0.15271824598312375
0.14988410472869873
0.18765056133270264
0.1648849844932556
0.19672396779060364
0.2327653169631958
0.19652727246284485
0.21323475241661072
0.14029204845428467
0.2127860486507416
0.1634376049041748
0.19329196214675903
0.1993046402931213
0.19900524616241452
0.14781132340431213
0.19992202520370483
0.17089298367500305
0.16514742374420166
0.20424556732177732
0.20810967683792117
0.18795466423034668
0.17657980322837827
0.21081504225730896
0.20702102780342105
0.1900879144668579
0.17885419726371765
0.2152601182460785
0.21145230531692505
0.21587178111076355
0.19333207607269287
0.1782747507095337
0.20682942867279047
0.2014266550540924
0.2066978216171265
0.21601450443267825
0.204926997423172
0.15283221006393433
0.20546132326126096
0.1799815595149994
0.16250810027122495
0.1724269986152649
0.13803231716156003
0.13762690126895905
0.1905014216899872
0.219728946685791
0.19493544101715088
0.1908043324947357
0.2053387463092804
0.18996354937553403
0.17720288038253784
0.19849768280982968
0.17307576537132263
0.2175370156764984
0.20854681730270383
0.18768820166587827
0.1884585916996002
0.17632195353507996
0.22240835428237915
0.20764505863189697
0.22677913308143613
0.18584290146827695
0.16210395097732544
0.1902489960193634
0.10687776654958724
0.21202272176742556
0.2104015350341797
0.19915512204170227
0.20205479860305783
0.17186376452445984
0.19213029742240903
0.21724051237106323
0.17092090845108032
0.161208838224411
0.20322999358177185
0.1882428526878357
0.19892221689224243
0.1684112548828125
0.20608991384506223
0.14218011498451233
0.2207762598991394
0.16113463044166565
0.18169596791267395
0.16712427139282227
0.15410134196281433
0.18838417530059812
0.17430198192596436
0.16798508167266843
0.15841740369796753
0.2214482128620148
0.18318405747413635
0.18182554841041565
0.24869349598884585
0.20819503068923953
0.21869027614593503
0.15737274289131165
0.15628460049629211
0.19702622294425964
0.16074559092521667
0.1936434507369995
0.1637383997440338
0.19283986091613767
0.13663291931152344
0.2277241945266724
0.21895328164100647
0.1563626229763031
0.20148080587387085
0.17710646986961365
0.23065459728240967
0.16093942523002625
0.1344285011291504
0.1949202120304108
0.21491891145706177
0.1991768777370453
0.17221078276634216
0.16421103477478027
0.19998463988304135
0.1709049642086029
0.19163081049919128
0.18848130106925964
0.18324527144432068
0.13817524909973145
0.21404197812080383
0.23488473892211917
0.2239101529121399
0.17871102690696716
0.17893502116203308
0.1740199625492096
0.1926995515823364
0.20699188113212583
0.1823369860649109
0.1800568401813507
0.12202648073434828
0.23746386170387268
0.21926900744438169
0.2010337710380554
0.1521252691745758
0.1777069866657257
0.2027154564857483
0.18568095564842224
0.1576164960861206
0.2143813371658325
0.19918608665466309
0.1779379844665527
0.25207471847534174
0.13973161578178403
0.18432357907295227
0.21864625811576843
0.1592559814453125
0.21316108107566836
0.20885050296783447
0.1696530282497406
0.13957908749580383
0.17864912748336792
0.24369770288467407
0.17605924606323242
0.1668955683708191
0.17590883374214172
0.209091991186142
0.16679850220680237
0.2187419235706329
0.17051953077316284
0.1624106764793396
0.1619336903095245
0.22582349181175232
0.208696722984314
0.18786481022834775
0.16613128781318665
0.17953816056251523
0.1812591254711151
0.19536414742469788
0.20685184001922607
0.19946259260177607
0.20528572797775269
0.21828323602676392
0.15807241201400757
0.150697261095047
0.21485835313797
0.20390081405639648
0.16330319643020627
0.19301906228065488
0.17352423071861267
0.195488840341568
0.16832265257835388
0.2067367434501648
0.17199167609214783
0.19259715080261233
0.194736123085022
0.21303567290306089
0.183981329202652
0.16442790627479553
0.17056214809417725
0.2169797718524933
0.22791096568107605
0.17916372418403623
0.17453989386558533
0.16070100665092468
0.1974937319755554
0.2397043704986572
0.2356707453727722
0.18891885876655576
0.1857951581478119
0.2319968342781067
0.18355730175971985
0.1659708023071289
0.18145477771759036
0.23384824395179749
0.18813207745552063
0.14237582683563232
0.2030512988567352
0.15445604920387268
0.20360317826271057
0.1683129370212555
0.19802540540695193
0.20225816965103147
0.19519570469856265
0.20940458774566648
0.20247757434844968
0.17754915356636047
0.19004493951797485
0.1973839104175568
0.24153172969818115
0.15727049112319946
0.17979136109352112
0.1877354681491852
0.1650749146938324
0.1867879331111908
0.17691963911056519
0.18359351158142087
0.20297217369079587
0.18034806847572327
0.19504863023757932
0.20260292291641235
0.14226725697517395
0.18338078260421753
0.1639426350593567
0.1958494484424591
0.23533743619918823
0.19038367271423337
0.15262070298194885
0.2113712430000305
0.16686508059501648
0.2501532733440399
0.20332685112953183
0.17898252606391907
0.2014547884464264
0.17553693056106567
0.2172046899795532
0.2183159291744232
0.15549388527870178
0.16853880882263184
0.1715985536575317
0.1555103063583374
0.19705605506896967
0.17394500970840454
0.15358492732048035
0.18037974834442136
0.2265295386314392
0.21742203831672668
0.19390824437141416
0.2074111104011536
0.23053112626075745
0.20159795880317688
0.134099543094635
0.13449198007583618
0.1945247948169708
0.16289272904396057
0.19751879572868347
0.19311112165451047
0.15937381982803345
0.17653900384902954
0.19521233439445493
0.2156224548816681
0.20439466834068296
0.23592543601989743
0.17617279291152954
0.21570521593093872
0.15305361151695251
0.1861927807331085
0.18131446838378903
0.18516284227371213
0.17540353536605835
0.20044314861297607
0.2073655128479004
0.2268907129764557
0.1964073181152344
0.1680943667888641
0.18632471561431885
0.21960625052452087
0.1465723216533661
0.161548912525177
0.20252859592437744
0.21602949500083923
0.16349422931671143
0.2057474255561829
0.2288284003734589
0.19723284244537356
0.1585370898246765
0.17727476358413696
0.17965513467788696
0.18309262394905088
0.17747440934181213
0.15161451697349548
0.19675657153129575
0.19792515039443967
0.23427683115005493
0.19022956490516665
0.1955983340740204
0.203395277261734
0.19813576340675357
0.17910701036453247
0.19343614578247073
0.16390973329544067
0.15430226922035217
0.23469102382659912
0.2484509348869324
0.16499322652816772
0.18429034948349
0.23124393820762637
0.16610771417617795
0.2120499610900879
0.24477395415306089
0.2117174863815308
0.16711947321891785
0.1661910116672516
0.14252960681915283
0.17002159357070923
0.19030779600143433
0.11233190447092056
0.20235338807106015
0.20822846889495847
0.19578951597213745
0.17666590213775635
0.17242535948753357
0.18003231287002563
0.23400574922561643
0.1870185136795044
0.20994716882705688
0.16957533359527588
0.21578404307365415
0.22941598296165464
0.18396136164665225
0.1607871651649475
0.15434136986732483
0.1828181743621826
0.1797831952571869
0.21003830432891843
0.19601932168006897
0.20506855845451355
0.19625204801559448
0.19141268730163571
0.18805095553398127
0.15035241842269895
0.1531057059764862
0.16395023465156555
0.16099631786346436
0.1845354437828064
0.2230660617351532
0.18233591318130493
0.17250609397888184
0.1146257072687149
0.17087072134017944
0.1702924370765686
0.15543466806411743
0.18788278102874756
0.22196581959724423
0.1926906704902649
0.23448947072029117
0.20138540863990784
0.18005314469337463
0.18099078536033633
0.23318469524383545
0.20774486660957336
0.2084331810474396
0.19532668590545652
0.2016805708408356
0.16720572113990784
0.20137375593185425
0.18954589962959287
0.18756961822509763
0.201475203037262
0.1910276710987091
0.1954985857009888
0.14127671718597412
0.18077197670936584
0.15118414163589475
0.1791057288646698
0.1755653619766235
0.17201071977615356
0.20727628469467163
0.18383380770683289
0.18752682209014887
0.22622546553611755
0.2165938913822174
0.1501878798007965
0.20861551165580747
0.14763149619102478
0.19259995222091675
0.2027907073497772
0.1637272536754608
0.19371432065963745
0.22211539745330808
0.19895994663238523
0.17387190461158752
0.21235153079032895
0.1882971227169037
0.20593896508216855
0.13963893055915833
0.20810192823410037
0.2005472183227539
0.18627119064331052
0.23303100466728208
0.1473054587841034
0.16956079006195068
0.1981223225593567
0.16703462600708008
0.2351908087730408
0.17885622382164
0.203715056180954
0.1913117468357086
0.20813074707984924
0.22303855419158933
0.177545964717865
0.18917882442474365
0.19334402680397036
0.17749622464179993
0.18971431255340576
0.18654033541679385
0.2187737226486206
0.19551384449005127
0.1381615400314331
0.15655139088630676
0.16868403553962708
0.21971452236175537
0.19416660070419312
0.17043209075927734
0.18549183011054993
0.1815272271633148
0.22931659221649167
0.2243962585926056
0.1642937958240509
0.188774049282074
0.1998237669467926
0.16087248921394348
0.22186529636383057
0.18407291173934937
0.19463312625885007
0.2088450789451599
0.19444435834884644
0.16665926575660703
0.20365339517593384
0.1872036159038544
0.2155580222606659
0.17908087372779846
0.1949535310268402
0.175256609916687
0.20221099257469177
0.2128350734710693
0.16024956107139587
0.209110289812088
0.20761603116989133
0.18690443038940427
0.203789621591568
0.2065351903438568
0.14806169271469116
0.1790183186531067
0.17727139592170715
0.21185165643692017
0.20087677240371704
0.18584179878234863
0.20097380876541135
0.20851477980613708
0.1942693591117859
0.17909470200538635
0.17548832297325134
0.22074711322784424
0.18421995639801023
0.1924503445625305
0.205951064825058
0.2032247185707092
0.19203534722328183
0.1995073854923248
0.20053124427795407
0.18447759747505188
0.19932293891906736
0.1812308728694916
0.1672191023826599
0.19013988971710205
0.13776953518390656
0.14317107200622559
0.2333817481994629
0.2045803666114807
0.20363247394561768
0.23544830083847043
0.15687137842178345
0.18446874618530276
0.1910031735897064
0.17668277025222778
0.1397794634103775
0.1848063766956329
0.19687408208847043
0.14198142290115356
0.15538963675498962
0.2098373770713806
0.16548237204551697
0.17238399386405945
0.18153047561645508
0.17372044920921323
0.16153734922409055
0.22193950414657593
0.18015533685684204
0.18576017022132876
0.20417299866676328
0.17733097076416016
0.1812649965286255
0.17722654342651367
0.1785711646080017
0.1992914080619812
0.1505255103111267
0.17742708325386047
0.16092824935913083
0.18232959508895877
0.1858522593975067
0.2311857342720032
0.19819507002830505
0.18165382742881772
0.18333521485328677
0.17306730151176453
0.21345826983451843
0.16697365045547485
0.14406415820121765
0.16845768690109253
0.18084517121315
0.1897167265415192
0.17527267336845395
0.19600749015808103
0.209269255399704
0.2102648615837097
0.2199861705303192
0.1655459105968475
0.2406228184700012
0.18239194154739377
0.19150847196578977
0.19036316871643064
0.1974517107009888
0.1909040808677673
0.18360796570777893
0.18828055262565607
0.23225897550582883
0.14832788705825803
0.19264066219329837
0.20896053314208984
0.17106223106384277
0.17257165908813477
0.1770143210887909
0.1604405641555786
0.18676167726516724
0.21018794178962708
0.1592690348625183
0.1842862367630005
0.1837555766105652
0.162485271692276
0.19249930977821353
0.20982319116592407
0.21943417191505432
0.20298695564270017
0.21217769384384155
0.16355079412460327
0.20564353466033933
0.17019540071487427
0.20344194769859317
0.1931633949279785
0.21042227745056152
0.17682227492332458
0.18670937418937683
0.22563004493713376
0.18081888556480408
0.1476006805896759
0.15900424122810364
0.20354589819908145
0.23117733001708984
0.1802539229393005
0.1551729440689087
0.2225084900856018
0.18929308652877808
0.18974754214286804
0.18176808953285217
0.21972048282623288
0.1741449534893036
0.18358770012855527
0.16150331497192383
0.22067928314208984
0.15839198231697083
0.19914832711219788
0.14376366138458252
0.2087690830230713
0.17613360285758972
0.19326749444007876
0.17433923482894895
0.23437628149986267
0.1964885890483856
0.1799792647361755
0.21422845125198364
0.1630331575870514
0.17223984003067017
0.22267600893974304
0.20155414938926697
0.14466169476509094
0.2100203037261963
0.22456067800521848
0.18989548087120056
0.17812582850456235
0.22778874635696408
0.17454463243484497
0.1939012110233307
0.18899068236351013
0.17334401607513428
0.21394261717796323
0.1391097903251648
0.173013836145401
0.20616266131401065
0.18989026546478271
0.1410287320613861
0.1826288998126984
0.19592818617820737
0.23119306564331052
0.18388688564300537
0.2072124183177948
0.2100358009338379
0.16368669271469116
0.183261901140213
0.18292212486267087
0.144374817609787
0.1523292362689972
0.13624510169029236
0.1924920082092285
0.16961169242858887
0.19742342829704285
0.25468698143959045
0.17734447121620178
0.20736807584762573
0.1920087039470673
0.21507373452186584
0.2018362581729889
0.18774402141571045
0.1762925088405609
0.2175291478633881
0.1838160753250122
0.24745029211044312
0.1560087203979492
0.1761932671070099
0.14818090200424194
0.19353118538856504
0.21044686436653137
0.22813355922698972
0.18853229284286496
0.229455828666687
0.20297631621360776
0.1792607307434082
0.22531592845916748
0.1802754998207092
0.13503670692443848
0.1838521361351013
0.2097777724266052
0.18757787346839905
0.19928136467933652
0.20889148116111755
0.18677297234535217
0.206172913312912
0.18400561809539795
0.19637483358383176
0.19419112801551816
0.19328999519348145
0.209755539894104
0.1604698896408081
0.19114622473716733
0.19565486907958984
0.19399482011795044
0.18079310655593872
0.18710753321647644
0.2173249423503876
0.20264193415641785
0.15895965695381165
0.2121291756629944
0.22594362497329712
0.19587782025337216
0.19914570450782773
0.2111590206623077
0.1462080478668213
0.2266251444816589
0.2098010182380676
0.18211525678634644
0.2077362537384033
0.20140805840492249
0.22777920961380005
0.1808840036392212
0.2266856133937836
0.2045471966266632
0.16352021694183347
0.23930391669273376
0.19125658273696897
0.17890486121177673
0.19823238253593445
0.19374424219131467
0.2269748747348785
0.2214609980583191
0.22023791074752808
0.17401978373527527
0.17339226603507996
0.21265456080436704
0.20236793160438535
0.1584351360797882
0.1930637359619141
0.2234816551208496
0.1661470532417297
0.1450372040271759
0.1851820945739746
0.20954063534736636
0.1592300832271576
0.14491969347000122
0.18428862094879153
0.16501042246818542
0.15208348631858823
0.18406414985656736
0.21273544430732727
0.2142470479011536
0.1884765028953552
0.19529929757118225
0.22860601544380188
0.1717250645160675
0.1345234513282776
0.16891753673553467
0.19850593805313113
0.19202762842178345
0.19683510065078733
0.22071826457977292
0.20363807678222656
0.15622377395629883
0.19829431176185608
0.21330782771110532
0.21209168434143064
0.17158162593841553
0.1677684187889099
0.1870495676994324
0.18391481041908264
0.1124088540673256
0.1570722460746765
0.20833194255828855
0.25628718733787537
0.17968904972076416
0.20647585391998288
0.16565784811973572
0.15088221430778503
0.19060245156288144
0.1731187105178833
0.21957725286483765
0.1508834958076477
0.161001980304718
0.1916698515415192
0.1788671910762787
0.17983359098434448
0.17837923765182495
0.23399484157562253
0.17536389827728271
0.20265302062034607
0.21419611573219297
0.19463482499122617
0.23220443725585935
0.19563114643096924
0.21923869848251343
0.20881167054176328
0.21618711948394773
0.15491032600402832
0.18532875180244443
0.1847589015960693
0.19532358646392825
0.22564300894737244
0.20664927363395688
0.17280954122543335
0.194640189409256
0.18851000070571897
0.20725366473197937
0.18059059977531436
0.20665177702903748
0.16307055950164795
0.16733083128929138
0.1610467433929443
0.19671413302421567
0.18899500370025635
0.16565528512001035
0.18483722209930417
0.16003546118736267
0.20785591006278992
0.13827815651893616
0.16989168524742126
0.14557813107967377
0.18903815746307373
0.19553259015083313
0.1816599369049072
0.19779613614082336
0.09503721445798874
0.1956588327884674
0.1486639827489853
0.16467896103858948
0.2333102226257324
0.2240394353866577
0.2002319097518921
0.14296004176139832
0.21353310346603396
0.15483883023262024
0.1224908009171486
0.16038021445274353
0.15598881244659424
0.21826884150505063
0.1666390597820282
0.231919527053833
0.19096660614013672
0.1591976284980774
0.206555038690567
0.13547798991203308
0.2508269846439361
0.15593576431274414
0.23007279634475708
0.20055130124092105
0.1685582399368286
0.16411632299423215
0.19921115040779117
0.1898515224456787
0.18881356716156003
0.21919989585876465
0.20476919412612915
0.17134055495262146
0.2179136276245117
0.16866153478622437
0.17767810821533203
0.23208320140838623
0.1914028525352478
0.1958438456058502
0.1977372169494629
0.21122255921363833
0.18592578172683716
0.22125905752182007
0.2012663185596466
0.19825625419616696
0.18364775180816648
0.1754087209701538
0.18383777141571045
0.2164194881916046
0.1363610327243805
0.20691049098968503
0.1458958089351654
0.2002321779727936
0.20147931575775144
0.22111076116561887
0.20898565649986267
0.1775774359703064
0.24525499343872073
0.1415143311023712
0.1885740756988525
0.22594022750854487
0.21243742108345032
0.1927074491977692
0.21876251697540283
0.20167917013168332
0.14611253142356873
0.17203831672668457
0.17712002992630005
0.15284571051597595
0.15548571944236755
0.1650119125843048
0.19878879189491272
0.21755748987197876
0.16770845651626587
0.17537665367126465
0.23534840345382688
0.14927376806735992
0.22081834077835083
0.2160375416278839
0.14624446630477905
0.16736841201782227
0.14298760890960693
0.22492280602455136
0.1496935188770294
0.22141799330711365
0.17004111409187317
0.18307948112487793
0.19691467285156247
0.16149398684501648
0.16253873705863953
0.2184388637542725
0.14607203006744385
0.13140839338302612
0.21922433376312253
0.1869834661483765
0.1805900931358337
0.21362143754959104
0.17352217435836792
0.1616050899028778
0.19790297746658325
0.200244665145874
0.19001731276512143
0.2127288281917572
0.22116208076477048
0.18242993950843808
0.2291034758090973
0.2042682468891144
0.2225225269794464
0.17366033792495728
0.21667268872261047
0.1822519600391388
0.236074298620224
0.15865275263786316
0.16046953201293945
0.19577631354331967
0.14426270127296448
0.17486843466758728
0.23969003558158877
0.19050082564353943
0.2235877513885498
0.1684868037700653
0.14243963360786435
0.18170633912086487
0.20750913023948667
0.2274718880653381
0.19331836700439453
0.20026010274887085
0.192571759223938
0.1956195831298828
0.23245039582252505
0.2169558107852936
0.16986677050590515
0.12003978341817856
0.2377988696098328
0.20830830931663516
0.1940937936306
0.16456329822540283
0.12306784838438034
0.1778283417224884
0.229701429605484
0.15717607736587524
0.1973639130592346
0.15625393390655515
0.1811748445034027
0.13471224904060364
0.221489816904068
0.19119590520858765
0.2537264823913574
0.2097746431827545
0.17627370357513428
0.172576904296875
0.207620769739151
0.18031418323516843
0.21102973818778992
0.19053152203559875
0.1968117356300354
0.2377647161483765
0.1762638688087463
0.18530026078224185
0.1706470549106598
0.20106205344200132
0.1593659222126007
0.19329366087913516
0.2164075076580048
0.13892208039760587
0.19314312934875488
0.1971554458141327
0.1998620331287384
0.20277929306030276
0.198228657245636
0.2140246033668518
0.2215448021888733
0.20403900742530823
0.16770032048225403
0.19601255655288696
0.20481404662132263
0.23982539772987363
0.1831266283988953
0.18129351735115048
0.17322140932083127
0.18666958808898923
0.18197247385978696
0.1989603042602539
0.20902004837989807
0.20264047384262085
0.19125887751579285
0.2088892161846161
0.17414191365242004
0.205072283744812
0.16973605751991272
0.18450951576232913
0.18613371253013608
0.200371652841568
0.17135727405548096
0.21093663573265076
0.17226779460906982
0.18028059601783752
0.23043593764305115
0.16470226645469663
0.21324822306632996
0.20601969957351685
0.19998466968536377
0.20669907331466675
0.19392928481101987
0.18918487429618835
0.2075717747211456
0.21294859051704407
0.17797231674194336
0.22294238209724423
0.18116992712020877
0.13334313035011292
0.19031405448913571
0.18722617626190183
0.18972742557525635
0.164929062128067
0.17598626017570496
0.17792442440986633
0.20520058274269104
0.23413312435150144
0.20532363653182983
0.19674858450889587
0.19666820764541623
0.1716192364692688
0.19946926832199097
0.21220654249191284
0.1806168556213379
0.17533057928085327
0.22553372383117676
0.2182743549346924
0.2096693515777588
0.18942677974700928
0.17631810903549194
0.17737886309623718
0.23430964350700376
0.21145692467689517
0.19457951188087463
0.19521236419677732
0.19296759366989133
0.18755581974983213
0.2059888541698456
0.2067260146141052
0.2204037308692932
0.19020563364028928
0.2139011025428772
0.21255627274513245
0.17148524522781372
0.19995576143264768
0.18761950731277463
0.1996864676475525
0.18890580534935
0.17779940366744995
0.1511887013912201
0.1764031946659088
0.1493798196315765
0.21357142925262448
0.20958146452903748
0.16623222827911377
0.1629526913166046
0.1651824116706848
0.19128876924514768
0.19557672739028928
0.19619473814964292
0.20967555046081543
0.15431469678878784
0.15945282578468323
0.16822946071624756
0.20814913511276245
0.17209243774414062
0.20460316538810727
0.20324963331222531
0.17181849479675293
0.1912609934806824
0.2169837951660156
0.12108460068702696
0.20510128140449524
0.24607121944427487
0.20736712217330927
0.19022697210311887
0.1859323084354401
0.140841007232666
0.2108352780342102
0.20490747690200803
0.19066667556762693
0.15716394782066345
0.18243330717086792
0.20953309535980225
0.17924737930297852
0.1826154589653015
0.16784289479255676
0.13522076606750488
0.1909315288066864
0.20547702908515927
0.2092370092868805
0.16333407163619995
0.1708298921585083
0.20034813880920407
0.23820647597312927
0.21902838349342343
0.1346997320652008
0.19676551222801208
0.22247052192687988
0.18354883790016172
0.16372552514076233
0.18084082007408145
0.1939239799976349
0.1844918727874756
0.1640324890613556
0.2101488709449768
0.14922443032264707
0.2347886264324188
0.2007113993167877
0.19574934244155884
0.19352528452873227
0.19935995340347287
0.18750795722007751
0.1734941005706787
0.19851902127265927
0.16784891486167908
0.18848359584808347
0.13561588525772095
0.20731112360954285
0.18716961145401
0.1786721646785736
0.159723699092865
0.2131579518318176
0.20102319121360776
0.19213214516639707
0.19036880135536197
0.2011461555957794
0.21141868829727167
0.14794087409973145
0.1647563278675079
0.1939813494682312
0.1956254243850708
0.17048951983451843
0.21090224385261533
0.1285407990217209
0.20188578963279724
0.11755980551242828
0.21120330691337583
0.17230629920959473
0.19594502449035645
0.15336787700653076
0.22455620765686035
0.2163059115409851
0.19757214188575745
0.1670379340648651
0.22164753079414368
0.2120741903781891
0.21065834164619443
0.19258350133895877
0.15856224298477173
0.20395410060882568
0.24311989545822144
0.1753922998905182
0.17066064476966855
0.20156285166740415
0.20069748163223264
0.1506344974040985
0.2058207094669342
0.16406401991844177
0.13607478141784668
0.19491404294967649
0.19758424162864685
0.20390307903289795
0.21023568511009216
0.1876637935638428
0.20233172178268433
0.1798131763935089
0.2371433675289154
0.17504701018333435
0.17364197969436643
0.1793728768825531
0.18897280097007751
0.1990130841732025
0.19152316451072687
0.19227933883666992
0.16681018471717834
0.1650722622871399
0.24486559629440308
0.2102884352207184
0.1783953309059143
0.18078652024269104
0.19748061895370483
0.1886334717273712
0.20155054330825803
0.2106603682041168
0.2048968970775604
0.19078686833381647
0.21231099963188169
0.1927555203437805
0.16764229536056519
0.1772054135799408
0.19670358300209043
0.2166602909564972
0.2237580120563507
0.1848478317260742
0.19270309805870056
0.1975019574165344
0.2541228234767914
0.2013663947582245
0.15918630361557007
0.19949984550476077
0.1880556046962738
0.13638600707054138
0.1675952672958374
0.1455932259559631
0.1815796792507172
0.20282047986984247
0.23931926488876343
0.17663636803627014
0.2109760344028473
0.23082435131073
0.21131014823913571
0.17399877309799194
0.19157925248146057
0.1868717074394226
0.15771186351776123
0.17718464136123657
0.19299572706222531
0.2254968583583832
0.17460548877716064
0.2178444266319275
0.183329313993454
0.2143312990665436
0.1797352433204651
0.20344477891922
0.14318124949932098
0.1956835389137268
0.1667613387107849
0.18494156002998352
0.21676465868949887
0.21884745359420776
0.22154283523559568
0.1656915545463562
0.2030392587184906
0.1904268562793732
0.2036894857883453
0.19101932644844052
0.1794888973236084
0.15306061506271362
0.20626839995384216
0.15063810348510742
0.2073957324028015
0.1935211718082428
0.20285621285438535
0.23224586248397827
0.22113883495330808
0.19497066736221316
0.22256410121917725
0.21645820140838623
0.14089861512184143
0.1902966797351837
0.18791526556015012
0.1875745356082916
0.2179151475429535
0.2140195667743683
0.1842437982559204
0.17843204736709595
0.1811780035495758
0.2067977488040924
0.24213150143623352
0.16386514902114868
0.1662220060825348
0.1519237458705902
0.16100534796714783
0.15699458122253415
0.19915860891342163
0.18761196732521057
0.2290492951869965
0.16385486721992493
0.2020754516124725
0.1860068440437317
0.20556727051734924
0.18862733244895932
0.18213444948196408
0.18497782945632932
0.1594550907611847
0.1481461226940155
0.20672631263732913
0.168049156665802
0.18106871843338007
0.2082878053188324
0.19073450565338132
0.2061868906021118
0.1745387613773346
0.214484304189682
0.1477949023246765
0.19085276126861567
0.15417364239692688
0.210083931684494
0.141734778881073
0.15482276678085327
0.17808905243873596
0.228064090013504
0.23034346103668207
0.2172287404537201
0.18371233344078064
0.16562640666961667
0.180891215801239
0.14714315533638
0.1882149279117584
0.19563257694244385
0.22952839732170105
0.20770865678787231
0.20029541850090024
0.2162184715270996
0.22013616561889648
0.2038193047046661
0.2126367688179016
0.20229542255401609
0.17400428652763367
0.18195521831512448
0.20515766739845276
0.18273290991783145
0.16427543759346008
0.21144816279411316
0.19076961278915405
0.22521322965621948
0.18180492520332336
0.2045715153217316
0.23133733868598935
0.19470325112342837
0.19596993923187253
0.15918833017349243
0.18104523420333865
0.1875038743019104
0.16857257485389707
0.21302494406700132
0.21375226974487305
0.17213934659957883
0.19414192438125608
0.21625375747680664
0.18393841385841367
0.1599082350730896
0.17087137699127197
0.2189088761806488
0.18265962600708008
0.14085903763771057
0.2346027195453644
0.1909482777118683
0.20677152276039124
0.16290399432182312
0.19998934864997864
0.17469078302383423
0.1861404180526733
0.17755770683288574
0.21120029687881467
0.18979287147521967
0.20152443647384644
0.20350897312164304
0.1901720762252808
0.15679630637168884
0.1771058738231659
0.2545880973339081
0.21310546994209287
0.18134212493896484
0.18948146700859067
0.14131948351860046
0.21493226289749143
0.16423353552818298
0.19832485914230344
0.1964044272899628
0.21149632334709167
0.20389705896377563
0.1842435300350189
0.1862293779850006
0.18310499191284177
0.16970127820968628
0.2439635992050171
0.1942600309848785
0.20196455717086792
0.216846227645874
0.1549723744392395
0.1674325168132782
0.1307857632637024
0.21262407302856445
0.18270960450172424
0.22190043330192563
0.18885761499404907
0.2018715739250183
0.14326170086860657
0.19959378242492676
0.18755948543548584
0.20483738183975217
0.20880573987960813
0.17534217238426208
0.16672503948211667
0.19004741311073303
0.22172319889068604
0.1816483736038208
0.1969527006149292
0.1701563000679016
0.1739242970943451
0.15422791242599487
0.22839048504829407
0.18383166193962097
0.15527036786079407
0.17235812544822693
0.17417478561401367
0.1724596619606018
0.2017871141433716
0.1872984766960144
0.1487577259540558
0.21495637297630313
0.22085055708885193
0.16583868861198425
0.216135174036026
0.21898138523101807
0.19549444317817688
0.17674463987350464
0.2139668166637421
0.2179959714412689
0.19424366950988767
0.1702309250831604
0.19330623745918277
0.16613507270812988
0.2241615653038025
0.21302703022956848
0.19914686679840088
0.1919804215431213
0.20305356383323667
0.1725008487701416
0.16035273671150208
0.17044654488563535
0.18601930141448972
0.2493489682674408
0.19050964713096616
0.208310067653656
0.2153213024139404
0.19130370020866397
0.1827944815158844
0.17614561319351196
0.17492932081222534
0.190896600484848
0.16250336170196533
0.21342670917510984
0.16243579983711243
0.22950240969657895
0.1768846809864044
0.25230687856674194
0.21665000915527344
0.19580504298210144
0.1960660815238953
0.15231692790985107
0.1580931544303894
0.20943269133567807
0.1894695460796356
0.1673925220966339
0.20074546337127683
0.14131844043731687
0.21606722474098203
0.1880628168582916
0.19334736466407773
0.21613150835037231
0.20796045660972595
0.1671757400035858
0.1507176160812378
0.1914648413658142
0.19268482923507688
0.2046084702014923
0.20450672507286072
0.18177455663681033
0.19569393992424008
0.18841007351875305
0.19678887724876404
0.22993147373199463
0.14126014709472656
0.17829912900924683
0.18928658962249756
0.2342547178268433
0.1867614388465881
0.2001691162586212
0.1945530474185944
0.22568678855896
0.20083266496658325
0.20043897628784177
0.20722654461860657
0.17533081769943237
0.18078753352165225
0.21401694416999817
0.2032974362373352
0.19784745573997495
0.19356146454811096
0.1987185180187225
0.18142026662826535
0.1879572570323944
0.22562348842620847
0.1989741027355194
0.16950774192810059
0.19284349679946897
0.16591209173202515
0.24693262577056885
0.19057840108871457
0.17551574110984802
0.17414802312850952
0.20790794491767883
0.16536611318588257
0.21387043595314023
0.2106877565383911
0.2068925499916077
0.18449702858924863
0.1804804503917694
0.19590774178504944
0.21948474645614624
0.1918306052684784
0.18055999279022217
0.17778584361076355
0.1943284571170807
0.1474386751651764
0.1484522521495819
0.17152318358421323
0.18109267950057983
0.2039232552051544
0.20020434260368347
0.20081835985183716
0.20653560757637024
0.19389814138412476
0.196626216173172
0.2086387276649475
0.20274052023887637
0.13671429455280304
0.18701153993606567
0.17275750637054443
0.1128500923514366
0.1796111762523651
0.2013947367668152
0.18750846385955808
0.216634064912796
0.20473244786262512
0.20535477995872495
0.171159029006958
0.19762811064720157
0.1827587187290192
0.18839195370674133
0.2030088007450104
0.1512414813041687
0.2256304323673248
0.163922518491745
0.17411178350448608
0.1569892168045044
0.1532922387123108
0.18300434947013852
0.21259117126464844
0.18674993515014648
0.197249174118042
0.19411846995353696
0.1522103250026703
0.16812393069267273
0.21647948026657104
0.19766029715538025
0.15364104509353635
0.19240465760231015
0.1738067865371704
0.19210398197174072
0.20906811952590945
0.23496779799461365
0.2502334713935852
0.19715824723243716
0.23901310563087463
0.22479608654975888
0.1522902548313141
0.21564218401908877
0.21209612488746643
0.1433304250240326
0.2022579908370972
0.15837422013282776
0.20306450128555295
0.22506392002105713
0.17596364021301267
0.198719322681427
0.13007181882858276
0.20277389883995056
0.20689865946769717
0.20121115446090695
0.16499274969100952
0.185217946767807
0.19116106629371643
0.2124914824962616
0.168530136346817
0.22279369831085205
0.15937992930412292
0.172034353017807
0.21438699960708615
0.19924861192703247
0.18253397941589355
0.16516634821891785
0.18411338329315183
0.16783428192138672
0.2257893979549408
0.1714019775390625
0.1664031744003296
0.13597798347473145
0.2339884638786316
0.15156987309455872
0.16047990322113037
0.16425412893295288
0.20324972271919248
0.16687819361686707
0.22631388902664185
0.23351714015007016
0.18469581007957456
0.22911468148231504
0.2062009572982788
0.16243445873260498
0.17858147621154785
0.18765223026275635
0.1457151174545288
0.17832252383232117
0.2022443115711212
0.19387939572334287
0.20915070176124567
0.17203879356384277
0.2066155970096588
0.1898193359375
0.19193786382675168
0.1806627511978149
0.19312959909439087
0.16439753770828247
0.21131411194801328
0.24498328566551208
0.23485970497131348
0.2222587466239929
0.180149644613266
0.1411820650100708
0.16479375958442688
0.1873856782913208
0.19733524322509763
0.20396846532821652
0.22006192803382876
0.1538647413253784
0.14305309951305387
0.1953125894069672
0.18917813897132876
0.17424267530441284
0.2277171015739441
0.16824102401733398
0.19697222113609317
0.17255088686943054
0.13178589940071103
0.17205378413200378
0.16005533933639526
0.20856240391731265
0.17194673418998718
0.2099266946315765
0.17061683535575867
0.17393559217453003
0.18708395957946777
0.18404787778854367
0.1477507650852203
0.1869439482688904
0.2118617594242096
0.20084869861602783
0.16559156775474548
0.18471893668174744
0.181217223405838
0.1911858022212982
0.19723281264305115
0.18369236588478088
0.17162123322486875
0.20446932315826416
0.17783737182617188
0.17746376991271973
0.220137357711792
0.1461978256702423
0.2510937452316284
0.1513354778289795
0.22241172194480896
0.21050620079040527
0.20990195870399475
0.17471837997436523
0.2007678151130676
0.1912696957588196
0.18538632988929749
0.26088446378707886
0.1754668951034546
0.1881801784038544
0.15243449807167053
0.17927837371826172
0.1532360017299652
0.17771461606025696
0.2063097059726715
0.1809488534927368
0.1750306487083435
0.2127763628959656
0.21481487154960632
0.1494837701320648
0.21077892184257507
0.24551942944526672
0.1923437714576721
0.16323894262313843
0.2009412944316864
0.17320632934570312
0.19147193431854248
0.15132224559783936
0.18431761860847476
0.1929224729537964
0.16121399402618408
0.15900409221649167
0.17207413911819458
0.1980389952659607
0.19301149249076843
0.1952166557312012
0.20495399832725525
0.20491462945938113
0.19179499149322507
0.2556261718273163
0.234474778175354
0.183453232049942
0.14222246408462524
0.20705860853195193
0.17273131012916565
0.2115701138973236
0.22097003459930417
0.21376001834869385
0.22584539651870728
0.1842159926891327
0.15961137413978577
0.14476317167282104
0.17877784371376035
0.20876532793045044
0.1551211178302765
0.18117874860763547
0.18165752291679385
0.2085382044315338
0.2166198492050171
0.1872088313102722
0.21007099747657773
0.1737493872642517
0.136874258518219
0.17099297046661377
0.15164002776145935
0.21234455704689023
0.18708455562591553
0.14329910278320312
0.1602579653263092
0.24575275182724
0.16104242205619812
0.18839505314826965
0.2165452539920807
0.19537958502769473
0.1985294222831726
0.167934387922287
0.1991122663021088
0.22109007835388184
0.19617968797683716
0.16991108655929563
0.16393390297889707
0.18661120533943176
0.21297043561935425
0.2286773920059204
0.20549869537353516
0.20133739709854123
0.1768033802509308
0.20895290374755857
0.21054536104202273
0.1728525161743164
0.19993489980697632
0.21059986948966977
0.20924121141433716
0.1832050383090973
0.20521327853202817
0.1612894237041473
0.16035157442092896
0.19718477129936215
0.1695115566253662
0.1270313560962677
0.18833479285240173
0.1872564852237701
0.19839349389076233
0.16178226470947263
0.19394719600677487
0.18116462230682373
0.1650309860706329
0.1747321784496307
0.17402872443199155
0.18679296970367432
0.1830199956893921
0.2305655777454376
0.1693849265575409
0.20729026198387143
0.16730034351348877
0.2469353079795837
0.19634389877319333
0.22035008668899536
0.23166424036026
0.22238847613334653
0.12735509872436523
0.1927103400230408
0.16244125366210935
0.19300469756126404
0.20310291647911072
0.1844172775745392
0.15753108263015747
0.11227021366357803
0.24125027656555173
0.20526787638664243
0.1812782287597656
0.1697119176387787
0.1854812204837799
0.1805556118488312
0.14995169639587402
0.20975992083549497
0.1597636342048645
0.1967008411884308
0.20497131347656247
0.21789464354515076
0.21288451552391047
0.2285677194595337
0.17861995100975037
0.18340086936950684
0.1614738404750824
0.1803841590881348
0.19658759236335757
0.14235070347785947
0.21196806430816648
0.17863377928733823
0.1971900165081024
0.2060070633888245
0.1859355866909027
0.19972524046897888
0.1769925057888031
0.21957027912139887
0.1731170415878296
0.21737065911293027
0.19309723377227783
0.17709121108055115
0.2108425796031952
0.18368327617645264
0.17673176527023315
0.24317237734794617
0.1952379643917084
0.18426567316055295
0.19704005122184756
0.18447625637054443
0.19141030311584473
0.2029031813144684
0.20559424161911008
0.20271939039230344
0.20225101709365845
0.1600501239299774
0.18347227573394773
0.19368171691894528
0.19747126102447507
0.18133652210235596
0.17653825879096985
0.164762943983078
0.1838718354701996
0.21408009529113767
0.18067330121994016
0.1869317591190338
0.21523085236549375
0.14568790793418884
0.2150368094444275
0.17588013410568237
0.2037740647792816
0.2144791483879089
0.1405336856842041
0.1909829378128052
0.14840242266654968
0.2075554430484772
0.1822117269039154
0.17842140793800354
0.16674083471298215
0.13489454984664917
0.1606414020061493
0.22119206190109247
0.19671571254730225
0.20639622211456296
0.23432001471519473
0.16159942746162415
0.1709565222263336
0.20443567633628845
0.1589948534965515
0.2165246307849884
0.1645047664642334
0.20388638973236084
0.17579051852226257
0.19125336408615112
0.13688239455223083
0.16493141651153564
0.21155765652656555
0.17576324939727783
0.17745670676231384
0.18872681260108948
0.18280386924743647
0.2003183662891388
0.2329416275024414
0.15382501482963562
0.14675298333168027
0.16529381275177
0.1780734658241272
0.17884212732315063
0.15664654970169067
0.18101409077644348
0.185523122549057
0.12520480155944824
0.1538625955581665
0.1979292929172516
0.21729809045791623
0.29700222611427307
0.20772841572761533
0.20020747184753415
0.19281131029129028
0.21906015276908877
0.16986989974975583
0.1419207751750946
0.16511541604995728
0.21528580784797668
0.20871388912200928
0.18371209502220157
0.19792476296424863
0.19651031494140625
0.22811076045036316
0.16219884157180786
0.1719917356967926
0.171228289604187
0.20215162634849548
0.1598110795021057
0.19994357228279117
0.1484125852584839
0.1750759184360504
0.2029379606246948
0.26800644397735596
0.20298528671264648
0.16187527775764465
0.16263264417648315
0.19627875089645383
0.1819157600402832
0.23556643724441528
0.20777678489685056
0.16377195715904236
0.20135775208473203
0.21646401286125183
0.20595356822013852
0.17166584730148315
0.17228096723556519
0.2378544509410858
0.21927258372306824
0.19619461894035337
0.1553715467453003
0.157474547624588
0.1972224712371826
0.1932871639728546
0.15959730744361875
0.2024562358856201
0.19951531291007996
0.1319108009338379
0.18242797255516047
0.20623162388801572
0.20158013701438904
0.1694408655166626
0.15044867992401123
0.15179985761642456
0.18303802609443665
0.1280703842639923
0.18091315031051636
0.19236683845520017
0.21605971455574036
0.191446989774704
0.2049447000026703
0.21709641814231873
0.1860913038253784
0.15529292821884155
0.18041399121284485
0.19434478878974917
0.16831368207931519
0.20769366621971128
0.21401464939117432
0.15617546439170835
0.18788936734199524
0.20755082368850708
0.20822694897651672
0.17578569054603577
0.23955363035202024
0.2059921622276306
0.2012513279914856
0.21895375847816467
0.17545807361602783
0.2174450159072876
0.14186687767505643
0.21465167403221128
0.1609545648097992
0.1681007742881775
0.17796486616134644
0.16576337814331055
0.1526239514350891
0.19128507375717163
0.2159704864025116
0.1703791618347168
0.20405340194702148
0.21691954135894773
0.206696480512619
0.13332600891590118
0.16306617856025696
0.18840420246124268
0.17132365703582764
0.20089918375015256
0.18487277626991272
0.1615377366542816
0.19423195719718933
0.2105719745159149
0.12100809812545776
0.17368152737617493
0.20859551429748532
0.2325595319271088
0.19212681055068967
0.19682812690734863
0.13812479376792908
0.19894996285438535
0.21973735094070437
0.1835817992687225
0.17342618107795715
0.1794707179069519
0.20605945587158203
0.18929773569107053
0.24728092551231384
0.17134863138198853
0.20864251255989075
0.20465996861457825
0.18121367692947388
0.15948563814163208
0.15451011061668396
0.19445493817329407
0.20033502578735352
0.21078798174858093
0.22020986676216123
0.17833185195922852
0.23108807206153867
0.22382807731628415
0.16734570264816284
0.22222203016281128
0.18617287278175357
0.1688479483127594
0.20040535926818848
0.21326109766960144
0.21045628190040588
0.22754886746406555
0.1976065933704376
0.20057559013366696
0.17795172333717346
0.2095610797405243
0.2241975963115692
0.16296887397766113
0.18177154660224917
0.1743316948413849
0.23313289880752563
0.20417350530624387
0.18141475319862363
0.1383468508720398
0.16596752405166623
0.21189889311790464
0.17060288786888123
0.1820621192455292
0.18867576122283933
0.19064995646476743
0.16103333234786987
0.21965083479881287
0.1597006916999817
0.19416111707687375
0.2340881824493408
0.2016981542110443
0.2161511182785034
0.1690445840358734
0.1638275682926178
0.1624998152256012
0.15642130374908447
0.2092644572257996
0.23147478699684143
0.1823461353778839
0.17958199977874756
0.2004663646221161
0.18434342741966248
0.19014084339141843
0.16891124844551086
0.2354417443275452
0.2198641300201416
0.1833308637142181
0.26258519291877747
0.16566279530525208
0.2079030275344849
0.1741088628768921
0.21168071031570437
0.21961787343025208
0.2090305387973785
0.15358993411064148
0.20793333649635315
0.18435072898864743
0.19333738088607788
0.18387889862060544
0.18295451998710632
0.2050163447856903
0.2081027328968048
0.17684251070022583
0.21164700388908383
0.18297094106674197
0.16090264916419983
0.1800251603126526
0.21020489931106567
0.20143982768058777
0.17161139845848083
0.2217729687690735
0.17337748408317563
0.2199830114841461
0.17730447649955747
0.23462262749671936
0.12181674689054488
0.17953011393547058
0.20238372683525083
0.21704739332199097
0.1905333697795868
0.15990784764289856
0.23939174413681033
0.23793327808380127
0.20329684019088745
0.18252390623092649
0.17059868574142456
0.20051559805870056
0.15192466974258423
0.134025901556015
0.18153107166290283
0.19996491074562073
0.19749575853347776
0.16755947470664978
0.24339681863784793
0.19061723351478577
0.15724721550941467
0.22707778215408325
0.1811343729496002
0.23709338903427124
0.1843918263912201
0.209352970123291
0.1997690200805664
0.22652545571327207
0.2003565728664398
0.19704937934875488
0.1867126226425171
0.1968235075473785
0.14745332300662994
0.2171321511268616
0.15318313241004944
0.1978527307510376
0.2045946717262268
0.2006922662258148
0.1981682181358337
0.17072415351867676
0.19354999065399167
0.17063796520233154
0.14927512407302856
0.2413444221019745
0.1769171357154846
0.2147405445575714
0.14991331100463867
0.19286113977432248
0.18022456765174863
0.21278488636016843
0.17478200793266296
0.19769367575645447
0.19115796685218808
0.13846683502197263
0.16581323742866516
0.18268650770187375
0.20503783226013184
0.25523290038108826
0.20423153042793277
0.20223283767700195
0.1728992462158203
0.14930933713912964
0.1756359338760376
0.2006584703922272
0.18228450417518613
0.19154092669487
0.20557287335395807
0.20515069365501404
0.189660519361496
0.18099009990692136
0.18203216791152957
0.1717819571495056
0.1783636510372162
0.1811966300010681
0.20506533980369568
0.21257364749908447
0.17638856172561643
0.1804558038711548
0.13863903284072876
0.18918827176094052
0.2043955624103546
0.12694507837295532
0.19750550389289853
0.17786121368408203
0.18059778213500977
0.20974820852279663
0.18345242738723755
0.21107089519500727
0.20877793431282043
0.19813093543052676
0.21353113651275635
0.19174274802207944
0.266006201505661
0.17567986249923706
0.19954928755760193
0.20005136728286743
0.1798376739025116
0.20875561237335205
0.236478328704834
0.1509855091571808
0.1777054667472839
0.20169368386268613
0.17925727367401123
0.16752484440803528
0.2072415053844452
0.2206158936023712
0.18369150161743164
0.1137523278594017
0.20376068353652957
0.1626591384410858
0.18897137045860288
0.20817899703979487
0.1677972376346588
0.1775871217250824
0.19234770536422727
0.2130457162857056
0.1953127682209015
0.2166544497013092
0.19205233454704285
0.17660951614379883
0.15874579548835754
0.20334801077842712
0.15588638186454773
0.18552535772323608
0.1945737600326538
0.19921213388442996
0.23941370844841003
0.1900655031204224
0.1726391315460205
0.19556164741516116
0.1623901128768921
0.18197420239448547
0.1759730875492096
0.1982608139514923
0.1578635275363922
0.17868885397911072
0.19432193040847776
0.22632151842117307
0.2305508852005005
0.1785610020160675
0.17042529582977295
0.20378491282463077
0.17231637239456177
0.19247835874557492
0.1507936418056488
0.2035348117351532
0.17095535993576047
0.16940242052078247
0.2096515595912933
0.19310534000396729
0.17534208297729492
0.15300023555755615
0.14873036742210388
0.22139364480972287
0.1588982045650482
0.2464102208614349
0.18746647238731384
0.22227725386619568
0.15856260061264038
0.21019762754440308
0.2147642970085144
0.19167840480804443
0.16179218888282776
0.18397945165634155
0.18993866443634036
0.23569104075431824
0.20503774285316467
0.1742839813232422
0.17424964904785156
0.1728402078151703
0.14518496394157407
0.1598836779594421
0.18020427227020264
0.1943977177143097
0.195715993642807
0.2237884998321533
0.19508668780326843
0.19949403405189517
0.15393748879432678
0.1900373995304108
0.23021870851516724
0.17029711604118347
0.23890861868858335
0.19347476959228516
0.17195868492126465
0.13142484426498413
0.16279178857803345
0.14529001712799072
0.19895696640014648
0.16276708245277405
0.20766025781631467
0.21703630685806277
0.21266615390777588
0.17356428503990173
0.1926578879356384
0.18804457783699036
0.18452817201614377
0.2299282252788544
0.25970888137817383
0.1746833622455597
0.17444634437561035
0.18945944309234616
0.2091034948825836
0.16852712631225583
0.16105452179908752
0.22454556822776797
0.18080493807792664
0.21227997541427607
0.21192398667335513
0.15546777844429016
0.18107983469963077
0.2015620172023773
0.18443408608436584
0.19926074147224423
0.20992678403854367
0.15612778067588806
0.13989970088005063
0.16704601049423215
0.23875045776367188
0.17132845520973203
0.16772630810737607
0.15133553743362427
0.2082829475402832
0.19599428772926328
0.1636488139629364
0.21323761343955996
0.20169484615325928
0.17699331045150757
0.2502809464931488
0.15972983837127683
0.18696352839469907
0.1881133317947388
0.18022948503494263
0.1770120859146118
0.2035532891750336
0.20940753817558289
0.1758718192577362
0.18901073932647705
0.21130001544952393
0.1562754213809967
0.20507726073265076
0.19779193401336667
0.17902901768684387
0.13576851785182953
0.17438918352127075
0.18161603808403012
0.20845708250999448
0.17526754736900327
0.1810578405857086
0.1665050983428955
0.18638724088668823
0.20634782314300537
0.21990978717803955
0.2075013816356659
0.19348275661468503
0.2543628215789795
0.2407159209251404
0.202058345079422
0.21501383185386655
0.1884831190109253
0.1825348734855652
0.14054566621780396
0.1941855549812317
0.22843873500823972
0.22062060236930847
0.1248934045433998
0.17851078510284424
0.23297834396362305
0.11820293217897417
0.19605705142021176
0.1599484086036682
0.21938347816467285
0.18251332640647888
0.21478331089019773
0.17896294593811035
0.1690014600753784
0.2241854965686798
0.19295683503150937
0.1803176999092102
0.20941302180290225
0.21086978912353516
0.20466184616088867
0.1875427067279816
0.14361324906349182
0.2408242225646973
0.2316449582576752
0.1386774778366089
0.1919330060482025
0.1577435731887817
0.1774616837501526
0.17291542887687683
0.22031790018081665
0.20006734132766724
0.21878734230995175
0.2057482600212097
0.19000494480133057
0.18714672327041623
0.19594433903694153
0.23441696166992188
0.22481247782707212
0.20073077082633967
0.1973819434642792
0.20482605695724487
0.1777078807353973
0.15342804789543152
0.21606609225273127
0.1672820150852203
0.18406590819358823
0.13903403282165527
0.16273438930511475
0.18208655714988708
0.16926589608192444
0.15273696184158325
0.18971332907676697
0.1752827763557434
0.21178695559501648
0.14993727207183835
0.2115558683872223
0.14412695169448853
0.18568524718284607
0.13865885138511655
0.1675879657268524
0.20765405893325803
0.2142291963100433
0.19139996170997617
0.1781381070613861
0.223160982131958
0.1563539206981659
0.19347885251045227
0.201241672039032
0.17337560653686523
0.1768043339252472
0.1841985583305359
0.17183449864387512
0.1957958936691284
0.2093320190906525
0.16287708282470703
0.2133331596851349
0.14558309316635132
0.21458947658538816
0.21753567457199097
0.23046332597732544
0.2239700257778168
0.18851426243782043
0.178096741437912
0.17696863412857056
0.20126983523368835
0.2084185779094696
0.1757327616214752
0.18637993931770325
0.19935429096221924
0.2207505404949188
0.20781868696212769
0.20422086119651797
0.16572290658950803
0.17704758048057556
0.19063657522201535
0.1929316222667694
0.20111426711082456
0.18440088629722595
0.20328572392463684
0.17193967103958127
0.1807125210762024
0.2007489502429962
0.19829213619232175
0.18734866380691528
0.18988159298896787
0.18610864877700803
0.1721261441707611
0.19498249888420105
0.18086782097816467
0.19477882981300357
0.16103869676589963
0.18239089846611023
0.20700144767761233
0.16604363918304443
0.21414637565612793
0.18002671003341675
0.19246667623519895
0.16092848777770996
0.2032525539398193
0.1855456829071045
0.2266375720500946
0.16617149114608765
0.21046313643455505
0.17609310150146484
0.1776619553565979
0.23065626621246335
0.19098463654518127
0.2084401249885559
0.15948021411895752
0.179350346326828
0.15008839964866638
0.20495948195457456
0.18981721997261047
0.1993670463562012
0.17114704847335815
0.19484111666679385
0.21337002515792847
0.17475003004074097
0.24865463376045227
0.1511482000350952
0.1256028711795807
0.2026311159133911
0.18851810693740845
0.15799814462661743
0.1381452977657318
0.17232289910316467
0.1826895177364349
0.1537491679191589
0.18532443046569824
0.2068237066268921
0.2010343968868256
0.1602846384048462
0.202093243598938
0.2240619957447052
0.1864050924777985
0.1577472686767578
0.19996902346611023
0.1922551393508911
0.22348085045814517
0.18416357040405276
0.18379190564155576
0.1848503649234772
0.22534015774726868
0.21749782562255857
0.19707196950912476
0.16489377617835999
0.24779731035232544
0.14093327522277832
0.20406013727188113
0.17962297797203064
0.18322584033012393
0.17798903584480283
0.22546130418777463
0.17026478052139282
0.23697811365127563
0.18554660677909848
0.22086349129676816
0.16585955023765564
0.16520315408706665
0.19128459692001343
0.18121677637100217
0.1749412417411804
0.14576970040798187
0.18857237696647644
0.23231872916221616
0.1521758139133453
0.16962018609046936
0.19075581431388852
0.18554946780204767
0.11948558688163756
0.1837632954120636
0.14923271536827087
0.2041762471199036
0.16476160287857056
0.1622430682182312
0.2522455155849457
0.22297084331512448
0.220883309841156
0.2320041656494141
0.22331079840660092
0.1802234649658203
0.16901171207427979
0.20333740115165713
0.20626956224441528
0.21303927898406985
0.24198493361473083
0.16227072477340698
0.17371276021003723
0.16607460379600525
0.17096102237701416
0.19358882308006287
0.22956520318984985
0.2204916477203369
0.2086001932621002
0.1467659622430801
0.2040715217590332
0.14124321937561035
0.19158020615577695
0.20798140764236447
0.1710512340068817
0.1747172474861145
0.19658526778221128
0.26290568709373474
0.14627310633659363
0.2383946776390076
0.1953270137310028
0.1722588837146759
0.1791321039199829
0.19396844506263727
0.17656582593917847
0.17506837844848633
0.18272584676742556
0.14959755539894104
0.19315907359123227
0.20717966556549072
0.21553680300712583
0.2144107520580292
0.1896455883979797
0.19725185632705688
0.1984514892101288
0.17123359441757202
0.19640970230102536
0.17498773336410522
0.18057468533515927
0.19156590104103088
0.16657400131225583
0.15906015038490295
0.22682482004165647
0.12597352266311643
0.19121262431144717
0.24898976087570193
0.18160703778266904
0.12345007807016373
0.18783634901046753
0.19567441940307617
0.24228411912918088
0.16219040751457214
0.23011115193367004
0.1657581627368927
0.179866224527359
0.2080613076686859
0.18730875849723813
0.16966679692268372
0.18205580115318296
0.2274684011936188
0.158039391040802
0.16971847414970395
0.23797261714935303
0.18425211310386655
0.2195535898208618
0.18978771567344663
0.178561270236969
0.21411591768264768
0.14248722791671753
0.2064080238342285
0.18581870198249817
0.19796758890151975
0.21016547083854675
0.17324161529541016
0.17907077074050903
0.2009625434875488
0.19798117876052856
0.13493987917900083
0.18523323535919187
0.17321494221687317
0.23532375693321228
0.1654214859008789
0.18993705511093137
0.1457957029342651
0.17093008756637573
0.1992723047733307
0.15822762250900269
0.1600896120071411
0.23278141021728516
0.1429498195648193
0.23189881443977356
0.16060760617256165
0.16407173871994019
0.17528510093688965
0.1706773042678833
0.16919323801994324
0.1689210534095764
0.20338428020477292
0.20501506328582764
0.17725688219070435
0.1944319009780884
0.1727832853794098
0.1768043041229248
0.1866523325443268
0.2029338181018829
0.1933997869491577
0.18964138627052307
0.18806725740432736
0.21153390407562253
0.18258503079414368
0.182442307472229
0.1904642879962921
0.19139602780342105
0.18338921666145325
0.23435729742050168
0.198411762714386
0.17975559830665588
0.1911068856716156
0.17859086394309995
0.18784609436988833
0.14296694099903107
0.17509514093399048
0.15428969264030457
0.20721086859703064
0.16935670375823975
0.15926817059516907
0.14230209589004517
0.16741272807121277
0.18242299556732175
0.14646068215370178
0.2066863179206848
0.21190002560615537
0.19273436069488523
0.2252682149410248
0.19709658622741696
0.20241644978523252
0.1902208626270294
0.1863225996494293
0.1592558920383453
0.25459375977516174
0.14538489282131195
0.21541321277618408
0.23962709307670596
0.19661784172058103
0.27433809638023376
0.19970491528511047
0.16663408279418945
0.17317265272140503
0.18828028440475464
0.15287840366363523
0.16883835196495056
0.18967258930206296
0.23220905661582944
0.17540055513381958
0.2299669981002808
0.20847931504249567
0.2137797176837921
0.17170938849449155
0.1956910192966461
0.149206280708313
0.21129518747329712
0.19360148906707764
0.2078605592250824
0.22434076666831967
0.19788506627082825
0.20056408643722531
0.19984671473503113
0.183906763792038
0.15827038884162903
0.19608452916145325
0.18628153204917908
0.19984707236289975
0.19638568162918088
0.155630886554718
0.19009628891944885
0.15699782967567444
0.2235079109668732
0.16607996821403503
0.15963464975357056
0.22450739145278928
0.16797900199890137
0.1659609079360962
0.22003912925720212
0.20502108335494995
0.1643191874027252
0.17475751042366028
0.1566081345081329
0.2200413942337036
0.17345371842384338
0.1954972147941589
0.19427210092544556
0.1896934509277344
0.18074423074722287
0.2029747664928436
0.15759038925170898
0.16602733731269836
0.25435453653335566
0.1796947419643402
0.20573070645332336
0.25169500708580017
0.17645210027694702
0.2094101309776306
0.18663334846496585
0.19351762533187863
0.19011726975440976
0.2216855883598328
0.19515389204025269
0.22772371768951416
0.2826853990554809
0.2050495147705078
0.2029346227645874
0.1850905418395996
0.16853076219558716
0.16974815726280212
0.20659193396568296
0.2271708548069
0.1726054549217224
0.21552109718322757
0.11854784190654755
0.19144406914711
0.1471835970878601
0.18905422091484067
0.26048097014427185
0.19000646471977237
0.16958022117614746
0.18125393986701965
0.1737549602985382
0.1921529769897461
0.1688697338104248
0.17166081070899963
0.22196608781814572
0.2387415170669556
0.20260021090507507
0.1970271468162537
0.1715979278087616
0.12028715759515762
0.15748661756515503
0.21973344683647156
0.19454950094223025
0.16001388430595395
0.2327280938625336
0.23001006245613095
0.2069634795188904
0.23080602288246155
0.19745367765426636
0.19270658493041992
0.2256793975830078
0.2487053871154785
0.19669348001480105
0.22475942969322205
0.15130841732025146
0.25104695558547974
0.1850927770137787
0.15558788180351257
0.25543275475502014
0.19965744018554688
0.20354959368705747
0.18149086833000183
0.17239996790885925
0.22870638966560364
0.2340472638607025
0.17946866154670715
0.20157375931739807
0.16767391562461853
0.2018733322620392
0.16988658905029297
0.1608823835849762
0.14920921623706815
0.16263458132743835
0.17567649483680725
0.25590237975120544
0.20909640192985532
0.22292283177375796
0.1626301407814026
0.19205322861671448
0.1986413896083832
0.17285865545272827
0.20222353935241696
0.23464486002922055
0.22389325499534607
0.18934085965156555
0.1887711584568024
0.21559157967567444
0.1908529102802277
0.19179216027259824
0.1544000804424286
0.19017019867897036
0.19514909386634824
0.15956944227218628
0.17529955506324768
0.17756271362304688
0.2070923745632172
0.15790113806724548
0.215499609708786
0.20546236634254453
0.18823176622390747
0.20593419671058652
0.1674133539199829
0.20070910453796384
0.18684872984886167
0.1593211591243744
0.15690746903419495
0.12390884757041933
0.17155557870864868
0.18163371086120603
0.16033998131752014
0.1698080599308014
0.16922396421432495
0.21196815371513367
0.20439931750297544
0.21504893898963928
0.19513183832168576
0.15598607063293457
0.1809915006160736
0.17695626616477966
0.13067826628684995
0.18833357095718384
0.22843545675277707
0.21668866276741028
0.1655322015285492
0.21158409118652344
0.17805185914039612
0.18644452095031736
0.18309879302978516
0.16558513045310974
0.15474852919578552
0.1886645555496216
0.20735055208206177
0.19240981340408325
0.19395086169242856
0.1507248878479004
0.23672267794609067
0.17289486527442932
0.22078490257263184
0.24199458956718445
0.18930804729461667
0.19485026597976685
0.1634884476661682
0.18152314424514768
0.17345181107521057
0.18812862038612363
0.20629933476448056
0.18876129388809204
0.20205473899841309
0.19586920738220212
0.22711399197578433
0.19210603833198547
0.20785534381866452
0.22267648577690125
0.1928207576274872
0.19915279746055603
0.1570717096328735
0.1432819962501526
0.21093490719795227
0.14987024664878845
0.18520078063011167
0.22813335061073303
0.23502352833747864
0.21272131800651553
0.21831417083740237
0.1996433138847351
0.17453038692474365
0.22327706217765808
0.18615373969078064
0.17690706253051755
0.12828755378723145
0.23219215869903564
0.21117088198661804
0.1766628623008728
0.21421489119529724
0.20585986971855164
0.17504802346229553
0.18078893423080444
0.16689008474349976
0.18436446785926816
0.1550232172012329
0.1679944396018982
0.1597561240196228
0.20529377460479736
0.19031044840812683
0.17607474327087402
0.19910952448844907
0.18149423599243164
0.2118379771709442
0.20160669088363647
0.14584121108055115
0.19594806432724
0.19936275482177732
0.14468559622764587
0.15517425537109375
0.1793155074119568
0.18914976716041565
0.1804221272468567
0.20980441570281985
0.18557280302047727
0.21197178959846497
0.18794891238212583
0.1932148635387421
0.24950024485588077
0.2066958844661713
0.20618590712547305
0.1697903573513031
0.25995516777038574
0.17865869402885437
0.17778348922729492
0.1878718137741089
0.17358943819999695
0.21110677719116208
0.17858722805976868
0.19486746191978452
0.15345999598503113
0.16943266987800598
0.16094309091567993
0.16934797167778015
0.20327568054199216
0.17307788133621216
0.1696663200855255
0.1989063024520874
0.21527439355850217
0.2175712287425995
0.1599254608154297
0.18831893801689148
0.1738741099834442
0.20119553804397583
0.19942498207092285
0.20760625600814817
0.20006519556045527
0.14905577898025513
0.17619404196739197
0.23127746582031247
0.23577564954757688
0.18167081475257876
0.1989611387252808
0.1893387734889984
0.18773695826530457
0.20415601134300232
0.16923439502716064
0.24474981427192688
0.17493242025375366
0.22061035037040713
0.198166698217392
0.19218346476554873
0.14030686020851135
0.19917750358581543
0.20712199807167053
0.18380644917488095
0.2123741805553436
0.16816964745521543
0.21768066287040713
0.1877742409706116
0.17925703525543213
0.21520826220512393
0.19867300987243647
0.18862110376358032
0.1935900151729584
0.23590332269668576
0.19915911555290225
0.21587470173835757
0.19102996587753293
0.17883944511413574
0.20961198210716248
0.1484491229057312
0.16377651691436768
0.16867196559906003
0.20059016346931455
0.19659245014190677
0.21976324915885925
0.2472191751003265
0.188899964094162
0.21982410550117487
0.1744484007358551
0.14877119660377502
0.22026884555816648
0.21914684772491452
0.177333265542984
0.22789630293846128
0.17712906002998352
0.14326554536819458
0.24817338585853577
0.21684253215789795
0.17711016535758972
0.1943511068820953
0.18484175205230713
0.1620507538318634
0.14538505673408508
0.1620272994041443
0.17776191234588623
0.18946817517280576
0.2104047238826752
0.1901664435863495
0.17712479829788208
0.20636606216430664
0.2002222239971161
0.15405309200286865
0.1868521273136139
0.2032802700996399
0.1683650016784668
0.1484072506427765
0.19708558917045596
0.15292701125144958
0.14586082100868225
0.15955966711044312
0.16938745975494385
0.23554104566574097
0.2061523795127869
0.16193759441375732
0.25933659076690674
0.1712264120578766
0.16357386112213135
0.16658312082290647
0.19971114397048953
0.13883867859840393
0.22303399443626404
0.1509295105934143
0.17370715737342834
0.18865761160850525
0.17426738142967224
0.2012471556663513
0.17278864979743955
0.1989847421646118
0.15282320976257324
0.16828063130378723
0.1691981256008148
0.17931240797042847
0.21367520093917847
0.23375344276428223
0.19888871908187863
0.18740612268447876
0.1893547773361206
0.2068179547786713
0.1609981060028076
0.22582176327705383
0.17933052778244019
0.20489397644996643
0.15727177262306213
0.21106979250907895
0.23418051004409793
0.180562287569046
0.17505860328674316
0.18993893265724185
0.19535696506500244
0.2497074902057648
0.22136652469635007
0.18573763966560364
0.17788735032081604
0.2071719467639923
0.15062454342842102
0.19575023651123047
0.2109414041042328
0.15103015303611755
0.16500547528266907
0.17879790067672727
0.21144303679466248
0.1850079894065857
0.21691364049911496
0.2223471403121948
0.187653124332428
0.22727379202842712
0.20999369025230408
0.19630682468414304
0.19806835055351257
0.185811311006546
0.20138230919837952
0.19572699069976807
0.23695966601371765
0.22137340903282163
0.20667922496795652
0.19442662596702573
0.19463643431663516
0.15143799781799316
0.21424394845962524
0.1789240539073944
0.18270587921142575
0.2022568881511688
0.20682433247566223
0.1891577243804932
0.12038765102624892
0.2384034097194672
0.21138387918472287
0.1913546919822693
0.20793169736862183
0.22006824612617487
0.23077914118766785
0.181618332862854
0.21662288904190063
0.17171719670295715
0.21655339002609247
0.1951478719711304
0.2051105797290802
0.1691169440746307
0.2219124734401703
0.20296669006347656
0.14424332976341248
0.19593980908393857
0.20027238130569455
0.1682342290878296
0.1898484528064728
0.20064246654510495
0.12900251150131223
0.19843775033950803
0.18848252296447757
0.17748591303825378
0.2077663540840149
0.2286716997623444
0.17063036561012268
0.1950664520263672
0.23793914914131165
0.18577027320861816
0.20859852433204648
0.187750905752182
0.1609766185283661
0.2271263599395752
0.20159581303596497
0.18611338734626767
0.1851719319820404
0.184792160987854
0.2145936489105225
0.1936015486717224
0.15421143174171448
0.14138606190681455
0.14696237444877625
0.19771102070808408
0.17884570360183716
0.21372109651565552
0.22140154242515564
0.24919024109840396
0.17421922087669373
0.2569333016872406
0.2172686755657196
0.1479777544736862
0.2031800746917725
0.2291297912597656
0.19652339816093445
0.19528263807296753
0.16841131448745728
0.1912218928337097
0.13640257716178894
0.1600559651851654
0.1742921471595764
0.22673150897026065
0.1757374107837677
0.19406440854072568
0.21041977405548093
0.1798812747001648
0.20319950580596924
0.2561246454715729
0.17826896905899048
0.18387556076049805
0.17162925004959106
0.2146235406398773
0.15976369380950928
0.2089369297027588
0.14461174607276917
0.20952910184860227
0.17437753081321716
0.19847056269645688
0.12254754453897476
0.18665775656700132
0.2049292027950287
0.16122636198997495
0.1729910671710968
0.204325407743454
0.14428848028182983
0.1849055290222168
0.16633197665214539
0.1692374050617218
0.1745542287826538
0.1989626586437225
0.18750151991844177
0.24757197499275208
0.2168472409248352
0.17679214477539062
0.17698758840560913
0.1784941852092743
0.21240857243537903
0.19319194555282593
0.21271121501922607
0.20675408840179443
0.16642016172409055
0.163463294506073
0.2002465128898621
0.2022077441215515
0.17718467116355896
0.1949641704559326
0.2214962542057037
0.209817498922348
0.18217504024505612
0.2125137746334076
0.1961507797241211
0.17169347405433655
0.19404345750808716
0.20162016153335569
0.17607206106185913
0.15774321556091309
0.1957053244113922
0.17705482244491577
0.20031312108039853
0.17925474047660828
0.1752851903438568
0.12060575932264328
0.18852418661117556
0.1670578122138977
0.19686704874038696
0.1902916133403778
0.15572842955589294
0.20037424564361567
0.15272557735443115
0.20479175448417664
0.17958372831344604
0.1997402310371399
0.21100088953971863
0.21691191196441648
0.18293264508247373
0.17340630292892456
0.1648845672607422
0.15616935491561887
0.20012032985687253
0.1703921854496002
0.18916562199592593
0.17891758680343628
0.15931507945060727
0.22835499048233032
0.17826488614082336
0.17941784858703613
0.1628075540065765
0.18182161450386047
0.19760361313819885
0.17935118079185483
0.16769155859947205
0.15657716989517212
0.14216330647468567
0.18174761533737183
0.17301160097122192
0.15375125408172607
0.25575751066207886
0.1929264068603516
0.16840556263923645
0.16605511307716367
0.18631911277771
0.2455986738204956
0.17413902282714844
0.19017130136489868
0.28519323468208313
0.1499083936214447
0.17254626750946045
0.18399786949157715
0.20833447575569153
0.1748378872871399
0.23790109157562253
0.17931315302848816
0.21317195892333984
0.22493028640747073
0.19569939374923703
0.1925028860569
0.19080880284309387
0.20906972885131836
0.22063252329826355
0.1887982785701752
0.1903022527694702
0.1983834803104401
0.1530613899230957
0.22457984089851377
0.1395767778158188
0.16802284121513367
0.1485427618026733
0.22199726104736328
0.23630210757255557
0.1791432499885559
0.21111068129539487
0.20154890418052676
0.15854454040527344
0.2183709740638733
0.20752671360969543
0.21473222970962524
0.17494618892669675
0.1844945251941681
0.16424807906150815
0.19149085879325864
0.16500782966613767
0.17036470770835876
0.2008758783340454
0.19670256972312927
0.19052672386169436
0.20734354853630063
0.13678398728370667
0.20373672246932983
0.21241909265518188
0.17386868596076965
0.18236258625984192
0.16021126508712769
0.17359432578086853
0.19550734758377075
0.22288936376571652
0.20919281244277957
0.18465131521224973
0.1623607873916626
0.20760691165924072
0.2236706018447876
0.21152025461196897
0.2021106779575348
0.13954268395900726
0.20389285683631897
0.1815137267112732
0.2519469261169433
0.19326084852218628
0.20279902219772336
0.20797219872474673
0.16560423374176023
0.21949923038482663
0.14910104870796204
0.20367288589477536
0.2249220907688141
0.1873120963573456
0.21319037675857544
0.17973849177360535
0.13166414201259613
0.20483139157295227
0.18088474869728088
0.1811978220939636
0.18264004588127136
0.17391765117645264
0.16620683670043945
0.2253128290176392
0.16595414280891418
0.1523556411266327
0.20490318536758423
0.19253081083297727
0.19560471177101132
0.2007921636104584
0.21709641814231873
0.1631062626838684
0.2092386484146118
0.1778547167778015
0.15606185793876648
0.14995542168617249
0.21187660098075864
0.18248972296714783
0.17500817775726318
0.14566752314567563
0.2313579022884369
0.1529826819896698
0.19353702664375305
0.19494494795799253
0.18289291858673093
0.189029723405838
0.18046969175338745
0.18151262402534485
0.19875568151474
0.1702972948551178
0.12841331958770752
0.24850761890411377
0.2044261693954468
0.17823162674903867
0.19426500797271729
0.18491891026496887
0.1508149206638336
0.20711371302604675
0.22936981916427607
0.1803143918514252
0.21314916014671323
0.19423851370811465
0.20097634196281436
0.16533848643302915
0.1797480285167694
0.26180708408355713
0.20830798149108887
0.21631264686584473
0.1641007959842682
0.21758148074150083
0.21295616030693051
0.19951286911964417
0.19502255320549008
0.2015199363231659
0.20297470688819885
0.1335304081439972
0.2032044529914856
0.2508372664451599
0.20202773809432983
0.17440485954284668
0.16083356738090515
0.21484309434890747
0.1602753698825836
0.1475201845169067
0.20801874995231628
0.2054380178451538
0.2097060978412628
0.1866420805454254
0.15465185046195984
0.17744246125221252
0.18205809593200684
0.1952679753303528
0.16811731457710266
0.16633301973342896
0.1638699471950531
0.21203237771987915
0.188713014125824
0.2031908631324768
0.1790217161178589
0.17224052548408508
0.24550399184226987
0.17889592051506042
0.19316235184669492
0.17479142546653748
0.14351317286491394
0.16323968768119812
0.1698264181613922
0.21577599644660947
0.20173513889312744
0.21124920248985288
0.2048802077770233
0.2119050621986389
0.18374598026275635
0.27102774381637573
0.15934514999389648
0.1946888566017151
0.19242617487907407
0.21587523818016047
0.1808981895446777
0.2307126820087433
0.20725247263908383
0.17527049779891968
0.1722242534160614
0.2685534656047821
0.17337387800216675
0.1894526183605194
0.17904412746429443
0.22618189454078677
0.17333021759986875
0.20110493898391724
0.1927093863487244
0.18199646472930908
0.18284985423088077
0.20954370498657224
0.2222765684127808
0.199188768863678
0.22097396850585935
0.22980532050132751
0.17949029803276062
0.14730480313301086
0.16445839405059814
0.20736366510391235
0.20693308115005493
0.14482015371322632
0.1625213623046875
0.16987264156341553
0.16922876238822937
0.18596550822257996
0.1817511320114136
0.1593976616859436
0.22264569997787476
0.19663527607917783
0.20486164093017575
0.2059427797794342
0.2571344077587128
0.1477384567260742
0.19070127606391904
0.1643756926059723
0.2524247169494629
0.16580358147621155
0.18091619014739993
0.199343204498291
0.1865157783031464
0.18313220143318176
0.1892262697219849
0.16776543855667114
0.16608700156211853
0.2208368480205536
0.1844847202301025
0.22466352581977844
0.19674888253211972
0.14659366011619568
0.2141391336917877
0.21377241611480713
0.18584296107292173
0.1942196786403656
0.19276204705238345
0.19813212752342224
0.19017556309700007
0.21591585874557492
0.16561979055404663
0.2104615271091461
0.20425304770469663
0.1573777198791504
0.1926289498806
0.14828655123710632
0.1360761821269989
0.18112844228744504
0.21443611383438113
0.2128749787807465
0.14839988946914673
0.1923311352729797
0.19010308384895325
0.14981421828269958
0.1976231634616852
0.1623867154121399
0.1890014410018921
0.18926259875297544
0.2376066744327545
0.21847751736640927
0.15126213431358335
0.16489794850349426
0.2045324742794037
0.17078521847724915
0.18731221556663516
0.21324166655540464
0.1905508637428284
0.17435932159423828
0.1729304790496826
0.18223604559898376
0.1991180777549744
0.17986926436424255
0.15841072797775269
0.14661869406700134
0.18330389261245728
0.20732420682907104
0.2017890810966492
0.1744866967201233
0.16045278310775757
0.18329024314880368
0.19971925020217893
0.22602957487106323
0.1787058711051941
0.21417701244354248
0.18392065167427063
0.19985276460647583
0.19205287098884585
0.20730710029602048
0.2038419246673584
0.17646741867065427
0.20569992065429688
0.17934805154800415
0.20424571633338928
0.18209782242774963
0.15441274642944336
0.16747760772705078
0.17218196392059326
0.13429126143455505
0.17528009414672852
0.19212836027145383
0.191719114780426
0.16911989450454712
0.22606387734413144
0.21438926458358765
0.20769476890563965
0.1274927407503128
0.25842705368995667
0.1706525087356567
0.17199981212615967
0.22344836592674253
0.20778766274452207
0.18577229976654047
0.2030795514583588
0.186551570892334
0.22724834084510803
0.1680541634559631
0.1983157992362976
0.17599570751190183
0.21068355441093445
0.20458927750587463
0.18225950002670288
0.16943347454071045
0.1918302476406097
0.20354142785072327
0.15229493379592896
0.22260361909866333
0.1950072944164276
0.19927966594696045
0.20913663506507876
0.19463852047920227
0.191494345664978
0.20292562246322632
0.20585530996322632
0.16982769966125488
0.14983701705932617
0.16734248399734497
0.23119071125984192
0.12012287229299544
0.187852680683136
0.20748290419578552
0.16130167245864868
0.21352687478065488
0.15648955106735227
0.19774603843688965
0.17297306656837463
0.18929770588874817
0.18080136179924008
0.1841518580913544
0.16529276967048645
0.20276185870170596
0.14552363753318787
0.17909857630729675
0.18151485919952393
0.1846720576286316
0.21585965156555173
0.1814916431903839
0.190165251493454
0.1932412683963776
0.15099722146987915
0.1807211935520172
0.17391785979270935
0.19764998555183408
0.19867709279060364
0.1829814612865448
0.19655510783195493
0.19049584865570068
0.1628466248512268
0.16866588592529297
0.19474130868911743
0.1881558299064636
0.16452163457870483
0.19150730967521667
0.19225665926933289
0.1705540418624878
0.21499377489089963
0.1967637538909912
0.26799908280372614
0.19293379783630368
0.19697567820549008
0.13697226345539093
0.21957314014434812
0.21290740370750427
0.20641332864761353
0.24114924669265747
0.18386429548263547
0.1822940409183502
0.2051895558834076
0.2251806855201721
0.22212266921997073
0.1927045285701752
0.19171655178070068
0.20308470726013184
0.15790677070617676
0.18984434008598328
0.18189334869384763
0.17868924140930176
0.19881355762481687
0.22399455308914185
0.1403992623090744
0.1570165455341339
0.2051597237586975
0.1832980513572693
0.23257228732109067
0.16781944036483765
0.16086527705192563
0.20508575439453125
0.20838412642478943
0.24451792240142825
0.21050190925598145
0.1607851684093475
0.19540670514106753
0.1444228887557983
0.21514928340911865
0.23406141996383664
0.15162429213523865
0.2044790685176849
0.174859881401062
0.1396750509738922
0.1652502715587616
0.1963568925857544
0.212359219789505
0.13133737444877625
0.1421525478363037
0.19827783107757568
0.12935569882392883
0.17703694105148315
0.19023361802101132
0.16275867819786072
0.16071054339408875
0.19776475429534912
0.24413412809371948
0.18223854899406436
0.17006981372833252
0.1667160987854004
0.18262049555778503
0.18045133352279663
0.18653002381324768
0.1875823736190796
0.19471436738967893
0.2016840875148773
0.24990394711494443
0.16515478491783142
0.1834591627120972
0.1982872188091278
0.1480850726366043
0.23025938868522644
0.20981320738792417
0.21183878183364868
0.2098761200904846
0.22628813982009888
0.1924409568309784
0.2261564135551453
0.20819637179374692
0.15539315342903137
0.16494664549827576
0.184430867433548
0.18902602791786197
0.17417192459106445
0.19613525271415713
0.2234574556350708
0.23156461119651797
0.1529417335987091
0.14015392959117887
0.18710944056510925
0.24923476576805115
0.13392189145088196
0.21595740318298337
0.19725218415260315
0.1922374665737152
0.1736719012260437
0.18306654691696167
0.1767016351222992
0.18934321403503415
0.20400288701057437
0.22854346036911008
0.2421854138374329
0.12799453735351562
0.12092974781990053
0.17053887248039243
0.1544705629348755
0.22322243452072144
0.222542941570282
0.18387043476104736
0.1901931464672089
0.15218520164489746
0.20959368348121643
0.17120203375816345
0.20379567146301267
0.1474834382534027
0.18455460667610168
0.18029269576072687
0.19581687450408933
0.15177464485168457
0.192766398191452
0.1781216859817505
0.1572587490081787
0.18138983845710757
0.18631204962730408
0.1911937892436981
0.2223084270954132
0.1629607081413269
0.20736134052276609
0.1965673863887787
0.22298431396484372
0.200241893529892
0.1690100133419037
0.16677448153495789
0.24057495594024655
0.15628623962402344
0.21924936771392825
0.16690421104431152
0.2150678038597107
0.22012752294540405
0.18237665295600888
0.12273408472537994
0.14284469187259674
0.1532860696315765
0.22274762392044067
0.18547454476356504
0.17574191093444824
0.167227566242218
0.1924342215061188
0.1391775608062744
0.167989581823349
0.1740174889564514
0.1913168430328369
0.1608445644378662
0.15592536330223083
0.15240034461021423
0.2163146734237671
0.199858158826828
0.18581068515777588
0.16674649715423584
0.16748574376106262
0.1615074872970581
0.1988603472709656
0.1855952739715576
0.17475423216819763
0.19793233275413516
0.19855076074600217
0.20057395100593567
0.20560291409492487
0.1308676302433014
0.1762627363204956
0.2227634489536285
0.19050133228302
0.1481771469116211
0.20218706130981445
0.17616504430770874
0.17871326208114624
0.1655953824520111
0.21272167563438413
0.2033943235874176
0.17189303040504456
0.21441835165023804
0.1588643193244934
0.19750466942787168
0.18251633644104004
0.1524439752101898
0.14520403742790222
0.15328079462051392
0.15641972422599792
0.2145940661430359
0.18956026434898376
0.15190288424491882
0.20917925238609317
0.16187813878059387
0.24699032306671145
0.20124095678329468
0.18908721208572388
0.23994809389114377
0.21331566572189328
0.18914979696273804
0.12787240743637085
0.2550056576728821
0.170350044965744
0.1926919221878052
0.19692227244377136
0.1938677132129669
0.19529294967651367
0.20157521963119504
0.1725815236568451
0.18980976939201355
0.21149772405624387
0.19345742464065552
0.2079464495182037
0.22216075658798215
0.17429769039154053
0.19250604510307312
0.2147725224494934
0.21570682525634763
0.20863673090934756
0.19806107878685
0.12973541021347043
0.17455318570137024
0.1460229754447937
0.17563360929489136
0.15980082750320435
0.1871832609176636
0.20504170656204224
0.1632889211177826
0.14400777220726013
0.1462470293045044
0.16925615072250366
0.16002386808395383
0.19605472683906555
0.19511327147483823
0.18653568625450132
0.20280811190605164
0.1524725556373596
0.19581776857376096
0.257660448551178
0.1945096254348755
0.17556476593017578
0.18873971700668332
0.1806125044822693
0.19573545455932617
0.24734795093536377
0.18283963203430173
0.19592604041099548
0.21085160970687863
0.17712706327438354
0.1849549114704132
0.16240406036376953
0.2208397686481476
0.1976627707481384
0.1959885060787201
0.22350645065307617
0.1747252643108368
0.14383262395858765
0.18976300954818723
0.24578347802162168
0.18297228217124936
0.1901216208934784
0.19221508502960205
0.20527783036231995
0.21408194303512573
0.18891388177871704
0.13531695306301117
0.18004459142684937
0.15761953592300415
0.19847232103347776
0.19461748003959653
0.2171693444252014
0.2050122022628784
0.1778743863105774
0.19304502010345456
0.18179699778556824
0.14068558812141418
0.20202046632766724
0.20637047290802
0.2094981074333191
0.1953200399875641
0.1874208152294159
0.17383509874343872
0.15299543738365173
0.21499174833297727
0.16856345534324646
0.22899886965751648
0.1846116781234741
0.17234984040260315
0.17345979809761047
0.1872844099998474
0.19301366806030276
0.21029531955718997
0.19827717542648315
0.1844752132892609
0.1657575964927673
0.2384200096130371
0.17904189229011536
0.1266416311264038
0.2511108517646789
0.18175178766250608
0.22542166709899905
0.17710763216018677
0.18067020177841184
0.22075340151786804
0.19700101017951965
0.2063220739364624
0.18346107006073
0.2194163203239441
0.18829753994941711
0.14638635516166687
0.2202533781528473
0.19063949584960935
0.1950293183326721
0.1687834858894348
0.16106313467025757
0.1548984944820404
0.15986329317092896
0.18609899282455444
0.20323950052261353
0.20201250910758967
0.19487833976745603
0.18104976415634155
0.18495678901672363
0.16563424468040466
0.1813262104988098
0.21404114365577695
0.21784564852714536
0.1527876853942871
0.20186924934387207
0.20943081378936768
0.17370560765266418
0.22077113389968872
0.1956084370613098
0.23026874661445615
0.17085808515548706
0.1944938600063324
0.20132565498352048
0.17961525917053223
0.19804781675338745
0.16211017966270447
0.19983133673667908
0.17860719561576843
0.1823024153709412
0.19436722993850708
0.20866593718528748
0.2464960813522339
0.19320642948150635
0.1956026554107666
0.17932447791099548
0.1988134980201721
0.18124476075172424
0.1700390577316284
0.15985864400863647
0.19466793537139887
0.17772480845451355
0.19934898614883423
0.1404473781585693
0.172885924577713
0.1930703818798065
0.2234380841255188
0.2087016999721527
0.1720120906829834
0.19063198566436768
0.20333418250083923
0.14763896167278287
0.20799213647842407
0.21146929264068604
0.20428988337516785
0.19720885157585144
0.1704916954040527
0.17993730306625366
0.1879466772079468
0.20324823260307312
0.12979796528816223
0.2182520627975464
0.21080133318901065
0.18853345513343808
0.1842535138130188
0.14567816257476807
0.24714991450309756
0.1838213503360748
0.16779610514640808
0.22189217805862424
0.17365282773971555
0.1991073489189148
0.19264718890190125
0.17009365558624268
0.17552170157432556
0.15901517868041992
0.266327440738678
0.16788423061370847
0.17596945166587827
0.1511220633983612
0.15935087203979492
0.1882004737854004
0.2219190299510956
0.1668773889541626
0.20747217535972595
0.202553391456604
0.15281912684440613
0.1839520633220673
0.19701790809631348
0.2009751498699188
0.17434445023536682
0.18923488259315488
0.18340173363685608
0.20528209209442136
0.1498469114303589
0.17245846986770627
0.23086813092231753
0.19125938415527344
0.19058603048324585
0.20065298676490784
0.1712484359741211
0.17204484343528748
0.1608443260192871
0.1918298304080963
0.19395154714584353
0.20602118968963623
0.21268865466117856
0.18566277623176572
0.20482680201530457
0.24983644485473633
0.14094883203506467
0.22253060340881348
0.19881406426429749
0.1541386842727661
0.1872461438179016
0.16687339544296265
0.16722658276557922
0.1836412847042084
0.20926749706268313
0.16766801476478577
0.156638503074646
0.21361115574836728
0.15542522072792053
0.22301360964775083
0.20110914111137393
0.1992259919643402
0.13896329700946808
0.1910805106163025
0.17759224772453308
0.14933878183364868
0.13129413127899167
0.18896263837814328
0.17851632833480835
0.16451558470726013
0.20708385109901428
0.17651876807212827
0.19931101799011233
0.1869467794895172
0.21508258581161496
0.20284664630889887
0.17641758918762207
0.20167043805122373
0.16772031784057617
0.1664736568927765
0.23045256733894348
0.2502771317958832
0.22979435324668884
0.1725299060344696
0.20818567276000977
0.13603878021240234
0.1836683452129364
0.19273605942726132
0.17408022284507751
0.16260531544685364
0.20473632216453552
0.1289144456386566
0.17596593499183655
0.2106661796569824
0.1552409827709198
0.2051863074302673
0.16962206363677979
0.1639203131198883
0.15164166688919067
0.1500206887722015
0.14625248312950134
0.18175524473190308
0.16021007299423215
0.17924371361732483
0.174008309841156
0.15827748179435727
0.19922119379043576
0.16593289375305176
0.238434374332428
0.22975653409957883
0.19668555259704587
0.2254027724266052
0.19296130537986755
0.21894833445549008
0.1856282949447632
0.1715017855167389
0.20998254418373108
0.16296198964118955
0.163123220205307
0.1947785317897797
0.15168547630310059
0.2503722310066223
0.16002407670021057
0.21270492672920227
0.17288571596145627
0.1624070405960083
0.15581154823303223
0.1778455674648285
0.2190901041030884
0.20068857073783877
0.20961743593215945
0.1952393352985382
0.21490120887756348
0.2576072812080384
0.2305035591125488
0.18416717648506165
0.2021171450614929
0.17236113548278809
0.21569001674652097
0.1856984794139862
0.1812812685966492
0.2706795632839203
0.18993154168128967
0.18365928530693051
0.22216364741325376
0.2329626977443695
0.21492275595664975
0.16808465123176575
0.1887553632259369
0.2118438184261322
0.17387682199478147
0.19595712423324585
0.17058882117271423
0.2159771919250488
0.2140946388244629
0.22551593184471128
0.1610088050365448
0.24321532249450684
0.18558883666992188
0.1671023666858673
0.1660099625587463
0.19258785247802732
0.15225762128829956
0.20517680048942563
0.1516089141368866
0.2079683542251587
0.16562208533287048
0.17288151383399963
0.18689101934432983
0.2081007659435272
0.17500585317611694
0.18005454540252683
0.1928731203079224
0.18762248754501343
0.21876820921897888
0.18467259407043457
0.23094981908798215
0.17813074588775635
0.20296579599380493
0.19604766368865967
0.2297903001308441
0.20938760042190552
0.17732661962509155
0.20449927449226377
0.15839383006095886
0.22281870245933527
0.19289159774780276
0.23247209191322327
0.22294536232948303
0.1620469093322754
0.17016273736953735
0.22960412502288816
0.1453419327735901
0.15940234065055847
0.20109206438064572
0.16287532448768616
0.20310786366462708
0.19798338413238523
0.1993204355239868
0.16511404514312744
0.20837855339050287
0.20951703190803528
0.19977322220802307
0.14435987174510956
0.19745689630508423
0.16291549801826477
0.21204718947410583
0.17903298139572144
0.24441799521446228
0.13110074400901794
0.21694096922874448
0.23998665809631348
0.18979474902153012
0.22676429152488708
0.222428560256958
0.1878013610839844
0.18566033244132996
0.1699869334697723
0.15092244744300842
0.187328577041626
0.1806129813194275
0.19499817490577695
0.1902066469192505
0.2181094586849213
0.19857102632522583
0.17483574151992795
0.15411877632141113
0.19474324584007263
0.23977103829383847
0.1719895303249359
0.2049977481365204
0.17617729306221008
0.18838289380073547
0.16681969165802
0.1617913842201233
0.1612074375152588
0.1814998090267181
0.15215054154396057
0.21255317330360407
0.1668790578842163
0.2064092457294464
0.1886211335659027
0.1831146478652954
0.2429005205631256
0.17257484793663025
0.21238115429878235
0.1927286386489868
0.17171913385391235
0.18568292260169983
0.16371837258338928
0.17437633872032163
0.20130872726440427
0.1746593713760376
0.19968062639236447
0.22796013951301572
0.2006565034389496
0.20952570438385007
0.19647297263145447
0.22577226161956787
0.18420621752738953
0.1557219624519348
0.2401336133480072
0.25634223222732544
0.14358538389205933
0.15801972150802612
0.17791563272476196
0.23876303434371948
0.2017923891544342
0.2178044319152832
0.17621856927871704
0.1840369403362274
0.1616843044757843
0.1552618443965912
0.1960042715072632
0.16768288612365723
0.17997464537620544
0.20457196235656736
0.24148681759834287
0.2183135449886322
0.17704805731773376
0.18640291690826416
0.15096086263656616
0.18375614285469052
0.185543030500412
0.2006652355194092
0.20199865102767944
0.17386206984519958
0.20406904816627505
0.22903382778167725
0.17098861932754517
0.16025272011756897
0.19980558753013608
0.20235803723335263
0.1649763286113739
0.17876067757606506
0.1843934655189514
0.22605401277542117
0.1927248537540436
0.21538075804710388
0.20419999957084653
0.16926762461662292
0.2020095586776733
0.1716403365135193
0.2330031096935272
0.2541225850582123
0.20881441235542297
0.19746893644332883
0.21139594912528992
0.1777256727218628
0.1870756149291992
0.20083817839622495
0.19351661205291748
0.17098242044448853
0.1668347716331482
0.21421808004379272
0.18664994835853577
0.19128352403640747
0.24375155568122864
0.2205703258514404
0.22148746252059937
0.18768945336341855
0.14489141106605527
0.1733265221118927
0.1988537311553955
0.20269447565078733
0.2459503710269928
0.18688568472862244
0.17791205644607544
0.19841343164443967
0.1255931258201599
0.17941176891326904
0.1873284876346588
0.161204993724823
0.1995981931686401
0.16819781064987183
0.17207825183868408
0.16822871565818787
0.1665448546409607
0.17425841093063354
0.24709537625312805
0.18438053131103516
0.18645742535591123
0.22076988220214844
0.2046915590763092
0.2230919897556305
0.17307850718498227
0.26201629638671875
0.19342288374900815
0.16267749667167664
0.16258731484413147
0.15862584114074707
0.1671384871006012
0.1400720328092575
0.19088748097419736
0.22752526402473447
0.20049726963043207
0.19583740830421448
0.16461974382400513
0.1847720444202423
0.21750369668006897
0.18626144528388977
0.17153307795524597
0.18423658609390256
0.21281853318214417
0.15770122408866882
0.2511883676052093
0.18868800997734067
0.2022791802883148
0.17641699314117432
0.21204358339309687
0.19022196531295776
0.19452551007270807
0.20653796195983887
0.19026628136634824
0.174206405878067
0.19928234815597531
0.18647560477256772
0.1843388080596924
0.1959316432476044
0.20289719104766843
0.17139762639999387
0.13315457105636597
0.2085391581058502
0.17652291059494019
0.18650043010711667
0.19811704754829407
0.1858699321746826
0.25605642795562744
0.19199067354202273
0.18916040658950803
0.18798598647117612
0.16669580340385437
0.19948646426200864
0.1667785942554474
0.2036994695663452
0.19499525427818296
0.25427812337875366
0.1792777180671692
0.16877633333206177
0.17833757400512695
0.2197742462158203
0.22476130723953247
0.20237275958061215
0.17582082748413083
0.21733227372169492
0.22482651472091675
0.2053689956665039
0.17984482645988464
0.1805863380432129
0.22798097133636477
0.19143742322921753
0.20795047283172607
0.20882290601730344
0.18319621682167053
0.1511218547821045
0.19176071882247925
0.1520405113697052
0.22426399588584897
0.2072625160217285
0.2038891017436981
0.1982920467853546
0.17300483584403992
0.1899838745594025
0.1345357447862625
0.1787182092666626
0.18501436710357663
0.17879855632781982
0.19450521469116208
0.1992269456386566
0.20108306407928464
0.14559194445610046
0.20936647057533264
0.1476684212684631
0.2609418332576752
0.14951208233833313
0.2044481039047241
0.15144073963165283
0.1982707381248474
0.16755637526512146
0.18283182382583615
0.1772419512271881
0.17440608143806455
0.1932789981365204
0.14928147196769714
0.169983834028244
0.2018033862113953
0.21399578452110288
0.19878733158111567
0.18375432491302487
0.2177409529685974
0.19434896111488345
0.15135425329208374
0.15453404188156128
0.20461383461952207
0.16120988130569458
0.19604825973510745
0.1940183937549591
0.217948853969574
0.19875216484069824
0.16799107193946838
0.1751069724559784
0.18737170100212097
0.19005984067916873
0.22211530804634091
0.138670414686203
0.15593498945236206
0.14070141315460205
0.22975271940231323
0.17825794219970703
0.1658041775226593
0.20046150684356687
0.17053893208503723
0.15443739295005798
0.23093563318252563
0.15650436282157895
0.18585270643234247
0.1945165991783142
0.18982067704200745
0.23528194427490237
0.21022921800613403
0.21612679958343503
0.19971406459808347
0.1517186462879181
0.16369101405143735
0.18861114978790283
0.1735929250717163
0.15297862887382507
0.1885976791381836
0.19099760055541992
0.14436885714530945
0.20076715946197507
0.17959654331207275
0.20847067236900327
0.18553274869918823
0.17025050520896912
0.1857765316963196
0.1913730204105377
0.23006001114845276
0.19377878308296204
0.1760076880455017
0.15971317887306213
0.20592832565307617
0.1367245614528656
0.19452714920043945
0.20972725749015808
0.21371912956237793
0.20253935456275937
0.19855475425720212
0.14099885523319244
0.1972276270389557
0.18997547030448916
0.21691009402275083
0.20563161373138428
0.195700466632843
0.18965113162994385
0.1760973036289215
0.2632615268230438
0.16152870655059814
0.18062737584114075
0.2234738767147064
0.2165407836437225
0.15879547595977783
0.15465006232261655
0.2460123300552368
0.1906215250492096
0.2079208791255951
0.18702349066734317
0.1619807481765747
0.19493132829666135
0.18888977169990537
0.23309409618377683
0.18281435966491696
0.1952165365219116
0.19386956095695493
0.22152340412139887
0.16512814164161682
0.2483773231506348
0.1936915218830109
0.16236615180969238
0.24872845411300656
0.164640873670578
0.23083466291427607
0.1577048897743225
0.2079402208328247
0.1940525472164154
0.1440843790769577
0.14709055423736572
0.17725729942321777
0.2019328474998474
0.21787354350090024
0.19683203101158145
0.2034393548965454
0.20658883452415464
0.2424026131629944
0.17067062854766843
0.13426369428634644
0.18041718006134036
0.1914409697055817
0.19137075543403623
0.20425149798393247
0.2506361305713653
0.1835120320320129
0.20581191778182983
0.178777277469635
0.14630845189094543
0.17262086272239685
0.15314191579818723
0.15302079916000366
0.17257636785507202
0.17438393831253052
0.1399654746055603
0.1675048470497131
0.19671007990837097
0.22552120685577393
0.17620423436164856
0.15638145804405212
0.1604289412498474
0.21381157636642456
0.17352226376533508
0.15248742699623108
0.19737577438354487
0.1490318477153778
0.18467059731483457
0.18799874186515808
0.19893530011177063
0.22909247875213623
0.19060671329498288
0.20227643847465515
0.17933768033981323
0.20029348134994504
0.14070624113082883
0.2277028262615204
0.162570983171463
0.2004362642765045
0.1721237599849701
0.17011889815330505
0.19386649131774905
0.15681785345077515
0.22324946522712708
0.2165623903274536
0.22749799489974973
0.1616368293762207
0.17833486199378967
0.1892346143722534
0.21556293964385984
0.2107541859149933
0.17802894115447998
0.16554930806159973
0.1837504208087921
0.15860649943351743
0.19659054279327393
0.20685756206512448
0.16582465171813965
0.15670153498649597
0.20774093270301816
0.13053357601165771
0.175363689661026
0.2097781002521515
0.1859285533428192
0.199884295463562
0.2131900787353516
0.213034987449646
0.21319931745529172
0.18097779154777527
0.18810290098190308
0.13895577192306519
0.20663252472877505
0.20576173067092893
0.19182699918746948
0.1917007863521576
0.16327199339866638
0.21071389317512512
0.15987524390220642
0.24302035570144653
0.20355629920959473
0.20672932267189023
0.1552165448665619
0.1557508111000061
0.18756133317947388
0.17784664034843445
0.19534847140312195
0.20410004258155823
0.1843610405921936
0.17926856875419617
0.21208620071411127
0.20898601412773127
0.20505595207214355
0.19859737157821652
0.19757783412933347
0.2314656376838684
0.14903822541236875
0.20782241225242612
0.2035156488418579
0.19801133871078488
0.2730381488800049
0.1727522611618042
0.2152661383152008
0.12337545305490492
0.21795317530632016
0.2103150188922882
0.2243836224079132
0.1886598765850067
0.17794260382652283
0.20910102128982544
0.2021775841712952
0.14144858717918396
0.1493394672870636
0.17339453101158142
0.18398720026016235
0.19745323061943051
0.17726922035217285
0.18896356225013727
0.2851478159427643
0.20911934971809387
0.1486368179321289
0.16130894422531128
0.1791071891784668
0.170887291431427
0.22503775358200076
0.20660656690597531
0.15558359026908875
0.198517382144928
0.1864905059337616
0.22045829892158508
0.18897634744644165
0.17772740125656128
0.19226786494255063
0.15632811188697815
0.2606378197669983
0.17510482668876648
0.2018616795539856
0.12505003809928894
0.2238188683986664
0.16680637001991272
0.1951989233493805
0.20332702994346616
0.229325532913208
0.17977318167686462
0.1998085379600525
0.2031019628047943
0.18360576033592224
0.2011292576789856
0.19680973887443545
0.22731927037239075
0.16535180807113647
0.24267354607582087
0.2023242712020874
0.20886173844337463
0.1692226529121399
0.19315165281295776
0.2135415077209473
0.2043881714344025
0.19169434905052185
0.1850168704986572
0.16226318478584287
0.16200044751167297
0.1901226043701172
0.16467323899269104
0.2083439230918884
0.16478508710861206
0.16949912905693054
0.203446626663208
0.18302059173583984
0.16623780131340027
0.17986047267913818
0.18392619490623477
0.1488227546215057
0.19984114170074463
0.20911142230033877
0.21034529805183408
0.20941895246505737
0.173895925283432
0.2090996503829956
0.16033273935317993
0.1736730933189392
0.2073095738887787
0.17648693919181824
0.1840267479419708
0.20003247261047363
0.1835938394069672
0.19186231493949887
0.20915639400482175
0.21032658219337463
0.2314741611480713
0.1663447618484497
0.1999133825302124
0.17491579055786133
0.174807608127594
0.2790251076221466
0.2035628855228424
0.17658609151840207
0.22206488251686096
0.17105886340141296
0.16957378387451172
0.1874120533466339
0.19797116518020627
0.20072188973426816
0.199824333190918
0.19913244247436523
0.20181679725646967
0.15570181608200073
0.1772417426109314
0.18063479661941528
0.1803935468196869
0.19969496130943296
0.1912243366241455
0.20153629779815677
0.1931780576705933
0.1653519570827484
0.18404126167297363
0.17662906646728516
0.13063079118728635
0.18286088109016416
0.261220782995224
0.19204139709472656
0.2203756272792816
0.18949949741363523
0.18374913930892944
0.21113938093185425
0.15747827291488647
0.17895889282226562
0.26178213953971863
0.14962661266326904
0.1539537012577057
0.2040221393108368
0.15578603744506836
0.16528305411338806
0.23905745148658752
0.17572176456451416
0.1809808313846588
0.21605488657951355
0.1537446677684784
0.23473069071769717
0.1970195770263672
0.20182767510414124
0.1641128957271576
0.230073481798172
0.2105633914470673
0.21384599804878235
0.17328569293022156
0.17844441533088684
0.1354142725467682
0.1980527639389038
0.18829402327537537
0.1985336542129517
0.18235206604003903
0.176373153924942
0.19288793206214905
0.1760076880455017
0.226398766040802
0.21005758643150327
0.1969235837459564
0.1489233672618866
0.24981769919395447
0.18070209026336667
0.15864038467407227
0.24971574544906616
0.16138461232185364
0.2175021767616272
0.16695216298103333
0.19948589801788327
0.1743737161159515
0.20405688881874084
0.1688038408756256
0.16540899872779846
0.20073384046554563
0.1830310821533203
0.1283658891916275
0.19518962502479556
0.21450603008270264
0.16753724217414856
0.1620323657989502
0.17514389753341675
0.20770567655563357
0.20423710346221924
0.17724856734275815
0.16858303546905515
0.18495434522628784
0.16162234544754028
0.15371891856193542
0.22533929347991943
0.213567316532135
0.1519862413406372
0.20983636379241943
0.1760239005088806
0.26167213916778564
0.19656956195831296
0.2143804430961609
0.14864742755889893
0.23550435900688169
0.14152604341506958
0.12647774815559387
0.2647647857666016
0.20054861903190607
0.2089433968067169
0.21550750732421875
0.16666918992996216
0.19668701291084287
0.18813687562942505
0.20371347665786743
0.13138353824615479
0.18676823377609247
0.20775136351585388
0.202803373336792
0.20327353477478027
0.16232693195343015
0.15263879299163818
0.13121455907821655
0.2006205916404724
0.13203349709510803
0.18665918707847595
0.20296549797058103
0.1865080296993256
0.18351665139198303
0.19388601183891296
0.211343914270401
0.15995928645133972
0.14439627528190613
0.16172683238983154
0.1703462302684784
0.22683411836624143
0.25251245498657227
0.21302220225334167
0.18488377332687375
0.16852372884750366
0.21043407917022705
0.1953366994857788
0.21340003609657288
0.25746139883995056
0.2124539017677307
0.19707316160202024
0.18538159132003784
0.20066162943840024
0.188535749912262
0.16990849375724792
0.1558275818824768
0.17446309328079224
0.17608606815338135
0.18836215138435364
0.19340065121650693
0.15702128410339355
0.1865025758743286
0.17854487895965576
0.19507095217704767
0.19247561693191528
0.21668362617492676
0.2022782564163208
0.17859202623367307
0.13823428750038147
0.19846007227897644
0.20262259244918823
0.1951397657394409
0.21729710698127744
0.17294898629188535
0.20555889606475833
0.13356605172157288
0.17712101340293884
0.18478018045425412
0.147903174161911
0.1793598234653473
0.18688979744911197
0.2056183815002441
0.1894065737724304
0.19935140013694763
0.1819305717945099
0.19886165857315063
0.2180451452732086
0.20627185702323916
0.20635655522346497
0.18858766555786127
0.22054454684257507
0.2086983621120453
0.16458258032798767
0.21053802967071533
0.20205232501029968
0.12345323711633682
0.206664115190506
0.14090123772621155
0.1984102427959442
0.23131346702575684
0.2132684290409088
0.20825859904289243
0.19793561100959775
0.12346022576093672
0.20701304078102112
0.1665557026863098
0.19841319322586057
0.15924197435379028
0.17990249395370483
0.17579007148742676
0.21356400847435
0.23230329155921936
0.17084085941314697
0.18886816501617432
0.1734987497329712
0.15781405568122864
0.18693590164184568
0.19326964020729065
0.1966608762741089
0.15442857146263123
0.1768975853919983
0.15810292959213257
0.2274925708770752
0.17258691787719727
0.22787931561470032
0.2085184156894684
0.1712946593761444
0.1723812222480774
0.1784137487411499
0.20200952887535092
0.1830028295516968
0.1901898682117462
0.16076922416687012
0.20152372121810916
0.19705575704574585
0.19388079643249512
0.1591358482837677
0.19335585832595825
0.21702414751052856
0.20947879552841184
0.20234760642051697
0.19709002971649167
0.1628952324390411
0.12605997920036316
0.19023859500885007
0.18999052047729487
0.1825309693813324
0.18928277492523196
0.1741913855075836
0.1644422709941864
0.2006255090236664
0.1609764993190765
0.13587480783462524
0.1888546645641327
0.1856479048728943
0.1811932921409607
0.17258360981941223
0.1745748221874237
0.18622902035713196
0.19595131278038025
0.17359432578086853
0.14845618605613708
0.1792794167995453
0.20530816912651065
0.14125952124595642
0.17237314581871033
0.14965590834617615
0.20269596576690677
0.20274126529693604
0.16583383083343503
0.18211674690246585
0.20060694217681885
0.1701955795288086
0.2396120727062225
0.1665886640548706
0.13480159640312195
0.23257020115852356
0.1787707507610321
0.197645366191864
0.20749852061271667
0.16849827766418457
0.16492334008216855
0.24013519287109372
0.21506142616271967
0.1573585569858551
0.18922665715217593
0.19130828976631165
0.18758222460746765
0.1910852789878845
0.19439348578453064
0.15596342086791992
0.25317743420600886
0.2256423532962799
0.1764741837978363
0.22764441370964048
0.18829798698425287
0.1669865846633911
0.2311496734619141
0.1577572226524353
0.20345869660377505
0.18054145574569705
0.21601951122283933
0.28045496344566345
0.1621848940849304
0.17893797159194946
0.19559496641159055
0.1991692781448364
0.18311533331871033
0.1894661784172058
0.1878458559513092
0.18865057826042173
0.19208645820617676
0.1926955282688141
0.19025549292564392
0.2066204845905304
0.1897755861282349
0.20779910683631897
0.18160033226013184
0.20154085755348203
0.20082619786262512
0.14954468607902527
0.1793038249015808
0.14347597956657407
0.18297648429870603
0.1871510744094849
0.1803530752658844
0.21269047260284424
0.15732231736183167
0.2407020926475525
0.19295033812522888
0.19514477252960205
0.201734721660614
0.15326738357543945
0.1928459703922272
0.15760523080825803
0.1872102916240692
0.20013627409935
0.17381206154823303
0.19727388024330136
0.22044435143470764
0.22083517909049988
0.1600198745727539
0.172156423330307
0.18881067633628845
0.16852056980133057
0.17889142036437988
0.2098272144794464
0.2021941840648651
0.20235368609428403
0.19148194789886477
0.1777403354644775
0.16060215234756467
0.23934519290924072
0.16728678345680237
0.18530720472335813
0.2004053890705109
0.22888225317001343
0.23740893602371213
0.19168996810913083
0.1633540391921997
0.20313492417335513
0.19466939568519592
0.17405268549919128
0.22564923763275144
0.20268929004669187
0.21563565731048584
0.20387715101242063
0.18277916312217712
0.13086798787117004
0.23992404341697687
0.2430240213871002
0.2084866166114807
0.19654893875122073
0.1764475703239441
0.1490345001220703
0.18577769398689273
0.1713728308677673
0.17155003547668457
0.2168775498867035
0.199167400598526
0.144487202167511
0.24422270059585569
0.167717844247818
0.15420135855674744
0.1504116952419281
0.17904016375541687
0.12476339191198348
0.20714083313941956
0.2415481507778168
0.22345414757728577
0.1339038610458374
0.23132869601249692
0.18386963009834287
0.18774038553237915
0.15864795446395874
0.1684552431106567
0.22633755207061768
0.2300187349319458
0.2446211576461792
0.20762288570404047
0.19849365949630737
0.13493157923221588
0.18548336625099185
0.23628002405166623
0.2027897834777832
0.23216953873634336
0.21156808733940125
0.22712856531143188
0.21688610315322876
0.2654198408126831
0.20016306638717649
0.21131017804145807
0.19618552923202515
0.1912232041358948
0.15897685289382935
0.17169064283370972
0.18825364112854004
0.2271881997585297
0.2177567481994629
0.1646750569343567
0.2229398190975189
0.21612733602523804
0.1953744888305664
0.21164426207542417
0.16713061928749084
0.17486369609832764
0.16274896264076233
0.1954902708530426
0.23371088504791257
0.19967105984687805
0.18806952238082883
0.204645037651062
0.16942512989044187
0.23861953616142273
0.17032086849212646
0.16851595044136047
0.18360877037048337
0.1985416412353516
0.20676118135452273
0.1828908622264862
0.2291180789470673
0.20051097869873047
0.13192348182201383
0.17358112335205078
0.1354885101318359
0.19607374072074887
0.17687082290649414
0.19079184532165527
0.19470348954200745
0.1892888844013214
0.17963987588882446
0.1924762725830078
0.20106202363967893
0.19786325097084043
0.162435382604599
0.208284854888916
0.23113662004470825
0.1739407479763031
0.17161431908607483
0.1947936713695526
0.24382659792900083
0.15561053156852722
0.1187518760561943
0.22066593170166013
0.15657475590705872
0.20145529508590695
0.22367796301841733
0.17780765891075134
0.16974124312400815
0.1605272889137268
0.15690600872039795
0.2074031233787537
0.21500155329704285
0.22455909848213196
0.1979515850543976
0.20586714148521423
0.17714539170265195
0.1794428527355194
0.16697770357131958
0.16125011444091797
0.1359482109546661
0.20684388279914853
0.2024990022182465
0.14317339658737183
0.1836014986038208
0.1559450924396515
0.20706206560134888
0.20477506518363953
0.2237274646759033
0.1940782964229584
0.22113546729087827
0.15043234825134277
0.16441553831100464
0.22862285375595087
0.17639198899269104
0.20554634928703308
0.20966675877571103
0.19737982749938965
0.16853868961334229
0.15722763538360596
0.16685780882835388
0.17992863059043884
0.17869383096694946
0.22401776909828183
0.2110072076320648
0.1703108847141266
0.15447589755058289
0.12448448687791824
0.16821035742759705
0.16797974705696103
0.2175084352493286
0.21085354685783383
0.18241897225379944
0.1514817476272583
0.20877921581268313
0.17354291677474976
0.1959004104137421
0.19944664835929873
0.2072329819202423
0.21666929125785828
0.21005952358245847
0.226672887802124
0.2293536067008972
0.14905774593353271
0.21250849962234497
0.1099700853228569
0.1735023558139801
0.14884909987449646
0.2124587595462799
0.1936787962913513
0.15323680639266968
0.1863723695278168
0.2055387794971466
0.22448065876960757
0.18648648262023923
0.15482348203659055
0.1994231641292572
0.16385093331336975
0.18123972415924072
0.206037700176239
0.15452930331230164
0.22567147016525269
0.14087912440299988
0.24406766891479487
0.25508183240890503
0.20523816347122192
0.2019429802894592
0.237024188041687
0.1357986032962799
0.16723886132240295
0.22219908237457275
0.20603701472282407
0.18393906950950625
0.155541330575943
0.1775946021080017
0.1991015076637268
0.11831649392843246
0.15430274605751035
0.19280338287353516
0.1838802397251129
0.17528089880943298
0.20054516196250916
0.141805037856102
0.21737849712371823
0.19445523619651797
0.24022582173347476
0.21436581015586853
0.1927849352359772
0.18343308568000796
0.16163790225982666
0.17665144801139832
0.14692217111587524
0.18577781319618225
0.1327226161956787
0.2163528800010681
0.20023146271705627
0.19106879830360407
0.17665031552314758
0.21791654825210569
0.234537810087204
0.19827747344970703
0.17480924725532532
0.23132210969924927
0.21581035852432248
0.1662253737449646
0.2031550705432892
0.15005221962928772
0.16260182857513428
0.2240312695503235
0.2123585343360901
0.16551649570465088
0.1894153356552124
0.14457550644874573
0.19492149353027344
0.20598924160003665
0.17310956120491028
0.20982486009597776
0.19425764679908752
0.2710135579109192
0.1846068501472473
0.178249329328537
0.1770167052745819
0.17815351486206055
0.2290452718734741
0.1808779537677765
0.162262886762619
0.15270528197288513
0.19997474551200864
0.22192588448524475
0.1631535291671753
0.1880199611186981
0.1896730959415436
0.18279427289962769
0.23844510316848755
0.19733095169067383
0.15841257572174072
0.15286570787429807
0.17453879117965698
0.20901471376419067
0.1715206801891327
0.18374654650688169
0.20272696018218997
0.18351364135742188
0.17515403032302856
0.16404956579208374
0.2359772622585297
0.1563570499420166
0.21395137906074524
0.1767301559448242
0.24934476613998413
0.2026288211345673
0.17440879344940183
0.18852385878562927
0.20572796463966367
0.20979827642440796
0.22181659936904907
0.15162980556488037
0.20507970452308652
0.23304408788681033
0.16588369011878967
0.22480490803718567
0.1889300048351288
0.20073720812797544
0.147691011428833
0.24096861481666565
0.1657201647758484
0.14579081535339355
0.20797410607337952
0.22036823630332944
0.11401384323835372
0.19681078195571897
0.2157912850379944
0.173220157623291
0.21678751707077024
0.1659225821495056
0.2092764675617218
0.25262695550918574
0.1879276931285858
0.15853223204612732
0.2071794271469116
0.16248482465744019
0.2048003375530243
0.20648992061614993
0.22432434558868408
0.2564709782600403
0.1901821494102478
0.16968569159507751
0.21010544896125796
0.15730154514312744
0.1622999608516693
0.18709295988082883
0.19870156049728396
0.1928589642047882
0.1986207067966461
0.14577186107635498
0.1643658876419067
0.15976423025131223
0.1711091697216034
0.19873347878456116
0.19099038839340207
0.1797015368938446
0.19547784328460693
0.2332918643951416
0.1998319923877716
0.18830478191375727
0.2093626856803894
0.1894967555999756
0.1814981400966644
0.1599169671535492
0.16911637783050537
0.234965980052948
0.19190925359725952
0.1718219816684723
0.21910545229911804
0.2119507193565369
0.18139797449111936
0.22084873914718628
0.18420624732971191
0.19980165362358093
0.18936040997505188
0.20647504925727844
0.17972123622894287
0.151319682598114
0.18547779321670527
0.23517343401908877
0.1852808892726898
0.1269870400428772
0.19051086902618408
0.16878485679626465
0.19208362698554993
0.17331930994987488
0.14608842134475708
0.1666448414325714
0.19819340109825132
0.21700790524482727
0.15612101554870603
0.1767634153366089
0.1909445822238922
0.22386515140533447
0.1602790355682373
0.17608094215393066
0.209555983543396
0.2002679705619812
0.16353523731231687
0.21514892578125
0.2001281380653381
0.1891214549541473
0.19788008928298953
0.2345356643199921
0.19261270761489868
0.19257256388664243
0.15534552931785583
0.19561851024627683
0.1388539969921112
0.1926424205303192
0.14472603797912595
0.22440850734710693
0.22767439484596247
0.1777493953704834
0.20967942476272583
0.21816331148147583
0.19018334150314328
0.18685743212699887
0.2164713442325592
0.1812657117843628
0.1804722547531128
0.1324692815542221
0.18123528361320493
0.14415544271469116
0.20589560270309448
0.13665364682674408
0.1750381290912628
0.19965294003486636
0.21630406379699707
0.16213583946228027
0.19767901301383967
0.22165867686271667
0.16833239793777463
0.22339513897895807
0.17815831303596497
0.21290081739425656
0.20174854993820193
0.21254390478134155
0.14572754502296448
0.1679977774620056
0.196451872587204
0.1877502202987671
0.22547772526741028
0.2016563415527344
0.17851832509040833
0.20139455795288083
0.18381211161613464
0.1496013104915619
0.1547013819217682
0.20989656448364255
0.17393210530281067
0.24409350752830505
0.19174063205718997
0.1895293295383453
0.182881623506546
0.184488445520401
0.15941673517227173
0.21899890899658203
0.16089484095573425
0.19035246968269348
0.17413663864135742
0.1909949481487274
0.1873072683811188
0.19335734844207764
0.13036972284317017
0.18352532386779785
0.15260592103004456
0.1884727776050568
0.20354148745536804
0.2414686381816864
0.22533857822418207
0.179531991481781
0.18022510409355164
0.1884579956531525
0.16830763220787048
0.16787922382354736
0.21017000079154968
0.15309393405914307
0.2093366980552673
0.15737637877464294
0.1822555959224701
0.15629544854164124
0.19976890087127683
0.16194921731948853
0.1481797993183136
0.15938079357147217
0.17899540066719055
0.2188680469989777
0.18858814239501956
0.17388203740119934
0.14028453826904297
0.1981811821460724
0.18636098504066467
0.1716442108154297
0.182805210351944
0.1624567210674286
0.2037983536720276
0.2058582305908203
0.14099544286727905
0.17504411935806274
0.16318064928054807
0.20143949985504153
0.18210744857788083
0.2200432121753693
0.1591646373271942
0.18645912408828733
0.16285869479179382
0.1773270070552826
0.1717214584350586
0.19131201505661008
0.2155167460441589
0.15735018253326416
0.20900073647499084
0.19736629724502563
0.19525745511054993
0.1660994589328766
0.27002835273742676
0.1900635659694672
0.2096298635005951
0.18437048792839048
0.18714109063148496
0.19631147384643555
0.18667480349540713
0.16094756126403809
0.1553944945335388
0.20197176933288571
0.176361083984375
0.17819038033485413
0.17076203227043152
0.21345862746238708
0.15670925378799438
0.18690627813339236
0.18706321716308597
0.15142041444778442
0.18246859312057492
0.22078371047973633
0.1622498333454132
0.2041613459587097
0.19396767020225525
0.15488889813423157
0.19447341561317444
0.20268350839614868
0.22273215651512143
0.23226621747016904
0.20398476719856265
0.16310986876487732
0.1775372326374054
0.20090103149414065
0.13003337383270264
0.21400102972984317
0.18181517720222476
0.1777989566326141
0.18182429671287537
0.18848925828933716
0.1522197425365448
0.17321321368217468
0.2098996937274933
0.19780260324478147
0.2272653579711914
0.1927078068256378
0.1962822377681732
0.1708364486694336
0.18268081545829767
0.1362384557723999
0.16896897554397583
0.2000208795070648
0.19437724351882932
0.16323232650756836
0.17507293820381165
0.16869217157363892
0.19285985827445984
0.1960468292236328
0.21673962473869324
0.1395597755908966
0.17499491572380063
0.17370671033859253
0.18128660321235657
0.1499255895614624
0.2110699415206909
0.21489271521568296
0.1589517593383789
0.22592622041702273
0.2529571056365967
0.21104687452316284
0.20555651187896729
0.1913001537322998
0.162928968667984
0.19366949796676636
0.1626501977443695
0.2403929233551025
0.1380203366279602
0.20995590090751648
0.1885247230529785
0.16217219829559326
0.20093891024589536
0.1701541244983673
0.17217019200325012
0.218809574842453
0.16748249530792236
0.19378623366355896
0.1663672924041748
0.17045354843139648
0.1985706090927124
0.18744507431983948
0.20932143926620483
0.18208485841751096
0.1834696829319
0.1469918191432953
0.18907588720321652
0.194597989320755
0.19190058112144473
0.1447797119617462
0.16602617502212524
0.1549995243549347
0.18167671561241147
0.19115391373634336
0.17606356739997864
0.1689845323562622
0.2005072236061096
0.15889674425125122
0.20823118090629575
0.18821263313293457
0.15063592791557312
0.20656880736351013
0.1862531900405884
0.19688117504119876
0.18379366397857663
0.19712930917739868
0.2152452766895294
0.1874827742576599
0.2065516710281372
0.1746285855770111
0.1763990223407745
0.18906500935554504
0.2151358425617218
0.19529750943183896
0.18273913860321045
0.18789854645729065
0.18467378616333008
0.2240450084209442
0.18537494540214536
0.18860188126564023
0.14438633620738983
0.23262768983840945
0.19881743192672727
0.1749042272567749
0.14127549529075623
0.18687403202056885
0.206255167722702
0.19089525938034055
0.1767825186252594
0.2031964659690857
0.19877976179122925
0.22387170791625977
0.18224209547042847
0.14814496040344238
0.22472482919692996
0.14201679825782776
0.20348188281059265
0.17533645033836365
0.18135857582092285
0.16747552156448364
0.19623956084251404
0.2028168737888336
0.175628662109375
0.1397583782672882
0.20075896382331848
0.2235484719276428
0.20619383454322812
0.21364453434944153
0.1535050868988037
0.22698384523391724
0.23708951473236084
0.14144405722618103
0.16309571266174316
0.19682112336158752
0.2725347578525543
0.17302721738815308
0.23506683111190796
0.2026662528514862
0.16628497838974
0.17969045042991638
0.22335723042488095
0.18118792772293088
0.15950417518615723
0.21318235993385315
0.19386810064315796
0.2068317234516144
0.15567156672477722
0.17814543843269348
0.21034979820251465
0.18113744258880612
0.1983555853366852
0.2267979085445404
0.19832661747932437
0.232293039560318
0.18996101617813113
0.15268853306770325
0.20478564500808716
0.19986093044281003
0.18529900908470157
0.19664880633354187
0.23467329144477844
0.20514199137687683
0.1466371864080429
0.1973544657230377
0.16588783264160156
0.17654839158058167
0.20942002534866333
0.2574106752872467
0.16821369528770447
0.2183765172958374
0.1591074764728546
0.21024176478385925
0.24870002269744876
0.17538407444953918
0.1900392770767212
0.2138408124446869
0.19763007760047913
0.21756473183631897
0.2228221893310547
0.190542072057724
0.20794951915740967
0.17172887921333313
0.16903099417686462
0.18269914388656616
0.1903760731220245
0.1956042051315308
0.14019857347011566
0.1667623221874237
0.1805610358715057
0.19193071126937863
0.1922857761383057
0.19869062304496765
0.1723286211490631
0.2078324556350708
0.1558047831058502
0.18075549602508545
0.23126941919326785
0.2110460996627808
0.1714704930782318
0.20135828852653503
0.2211668491363525
0.21406593918800357
0.2700982093811035
0.16460722684860227
0.19584938883781436
0.23371511697769165
0.15832194685935974
0.2442549169063568
0.17946475744247437
0.22941836714744568
0.16655418276786804
0.22194549441337583
0.18124023079872129
0.20943376421928403
0.21648114919662476
0.19894957542419436
0.16255095601081848
0.1725740134716034
0.14896434545516968
0.2331152558326721
0.17926499247550964
0.20827302336692807
0.2183519005775452
0.14691399037837982
0.2070990204811096
0.21627363562583923
0.1476871073246002
0.14176160097122192
0.16312438249588013
0.16864150762557983
0.19278430938720703
0.20999914407730105
0.20598220825195312
0.20480048656463623
0.1793546676635742
0.22524720430374143
0.18133971095085144
0.17819619178771973
0.19712242484092712
0.19087159633636477
0.17224720120429993
0.16368502378463745
0.23496454954147336
0.18798491358757016
0.17784661054611206
0.19004011154174805
0.16056683659553528
0.17997169494628906
0.1645301878452301
0.1732335090637207
0.20075738430023196
0.1423991173505783
0.1774977743625641
0.1774103343486786
0.20265379548072812
0.18086135387420652
0.20214149355888367
0.17277753353118896
0.1609702110290527
0.18907713890075684
0.19880592823028564
0.20026567578315732
0.21775716543197632
0.2073432207107544
0.15925642848014832
0.18199476599693296
0.15913283824920654
0.16853651404380798
0.20356556773185727
0.1959199905395508
0.2155616581439972
0.19565603137016296
0.23440942168235776
0.17329609394073486
0.16839897632598877
0.16122135519981384
0.1472989022731781
0.17726945877075195
0.193960040807724
0.24827715754508967
0.16158068180084229
0.1821974813938141
0.21227893233299253
0.18237087130546567
0.2066524624824524
0.18227505683898923
0.19692149758338928
0.20607563853263852
0.20740941166877744
0.16483935713768005
0.17232298851013184
0.158805251121521
0.1547952890396118
0.23335495591163635
0.15760844945907593
0.17401626706123352
0.2000626623630524
0.12642961740493774
0.19896340370178223
0.1898377239704132
0.2071475088596344
0.23280206322669983
0.23207846283912656
0.21774971485137937
0.20943811535835263
0.18593850731849673
0.25300389528274536
0.17504581809043884
0.18327850103378293
0.2264394760131836
0.2584337890148163
0.19588777422904968
0.19882291555404663
0.19647473096847531
0.22463259100914
0.21438202261924744
0.188793420791626
0.2107866406440735
0.1847437024116516
0.2221546173095703
0.18844974040985107
0.18939843773841855
0.1775810420513153
0.20913273096084595
0.1761950850486755
0.20099642872810364
0.15099453926086423
0.20312649011611936
0.16354292631149292
0.1949169337749481
0.17723897099494934
0.2021122574806213
0.1759139597415924
0.19379603862762448
0.15665805339813232
0.19153580069541928
0.1456913948059082
0.217181533575058
0.1855376362800598
0.18157905340194705
0.1675099730491638
0.20534446835517883
0.2128133773803711
0.11963752657175064
0.19971853494644165
0.1752634048461914
0.15132340788841248
0.1889445781707764
0.1870344579219818
0.1842128932476044
0.15497219562530515
0.1483670175075531
0.2112118899822235
0.17473500967025757
0.1778217256069183
0.22675001621246335
0.16837024688720703
0.2000027894973755
0.2040462791919708
0.13927021622657776
0.17490124702453613
0.22237896919250488
0.16364166140556335
0.20701614022254944
0.17134851217269895
0.19201683998107913
0.20458742976188657
0.15829357504844663
0.16654059290885925
0.17483478784561157
0.15714886784553528
0.14774978160858154
0.2511812448501587
0.20919623970985407
0.2293342351913452
0.19134563207626343
0.21635577082633967
0.23112905025482175
0.21060943603515625
0.17425543069839475
0.1960885226726532
0.18692994117736816
0.18333464860916135
0.1906534135341644
0.16523754596710205
0.17277944087982175
0.20113739371299744
0.22551006078720087
0.2044678330421448
0.1726476550102234
0.1711917221546173
0.2539657652378082
0.20276480913162231
0.1983499526977539
0.1830413043498993
0.2350350320339203
0.22695362567901609
0.19733223319053647
0.15785810351371765
0.19509220123291013
0.17104434967041016
0.13246294856071472
0.20094284415245056
0.2026199102401733
0.14320357143878937
0.1961166262626648
0.15213900804519653
0.19629353284835813
0.17953741550445557
0.1874779760837555
0.2054227292537689
0.21030700206756592
0.2164188921451569
0.19665655493736267
0.1930464804172516
0.15696236491203308
0.17043650150299072
0.2045287787914276
0.19351866841316223
0.1783302128314972
0.2078733742237091
0.21012157201766968
0.209415465593338
0.20480376482009888
0.158505380153656
0.20991358160972595
0.15849897265434265
0.14916718006134033
0.20261192321777344
0.176828533411026
0.2014317810535431
0.23818945884704587
0.2120352387428284
0.18035078048706052
0.18063437938690183
0.1725894808769226
0.23406508564949036
0.15596511960029602
0.17087531089782715
0.1439233422279358
0.21551454067230225
0.17721721529960632
0.23464027047157288
0.24266642332077024
0.14016088843345642
0.16283702850341797
0.16209331154823303
0.1748759150505066
0.1690257489681244
0.1786183714866638
0.20132264494895932
0.17268308997154236
0.17932862043380737
0.20819047093391416
0.20686417818069455
0.15811112523078918
0.16513732075691223
0.20649588108062744
0.20648035407066345
0.1949436068534851
0.15017914772033691
0.22103092074394223
0.1815635561943054
0.22374576330184937
0.19501242041587827
0.1872354447841644
0.19033819437026975
0.23449954390525815
0.16090571880340576
0.1903080940246582
0.209581196308136
0.1693572998046875
0.17074233293533325
0.21068936586380005
0.24865183234214783
0.20136255025863647
0.20957839488983157
0.22194591164588928
0.18087682127952573
0.18937399983406064
0.1894381046295166
0.20609894394874567
0.21952632069587708
0.25594574213027954
0.1782793402671814
0.195332795381546
0.18209412693977356
0.15897095203399658
0.19000902771949768
0.18350353837013245
0.19191989302635193
0.1930779218673706
0.1464461386203766
0.16452729701995847
0.2058805227279663
0.144910991191864
0.15824219584465027
0.21330684423446652
0.1587054431438446
0.21232885122299197
0.14948692917823792
0.23256441950798035
0.17672401666641235
0.15635442733764648
0.1926597356796265
0.2067129909992218
0.16658353805541992
0.14485928416252136
0.22056567668914795
0.1645809710025787
0.2008964419364929
0.21226334571838376
0.13978563249111176
0.19063088297843933
0.17106717824935913
0.18529522418975833
0.21630448102951047
0.1781589388847351
0.14705222845077515
0.19870698451995847
0.1693343222141266
0.2096461355686188
0.1813296973705292
0.1599436104297638
0.18269485235214236
0.2168004214763641
0.16189900040626523
0.19681292772293088
0.13852109014987943
0.16673260927200317
0.14847439527511597
0.22372117638587952
0.187302440404892
0.2381557524204254
0.18483588099479675
0.1638077199459076
0.19061252474784848
0.18424153327941892
0.2181183099746704
0.15174981951713562
0.1840371787548065
0.17012780904769895
0.1637427806854248
0.2104789614677429
0.23880323767662048
0.20789322257041928
0.20035061240196228
0.18005019426345825
0.20587772130966184
0.21187508106231687
0.138353630900383
0.18324765563011167
0.1831393837928772
0.2048036158084869
0.16216909885406494
0.21132346987724304
0.20833095908164975
0.17477327585220337
0.24190446734428403
0.20399937033653257
0.15158751606941223
0.21275928616523743
0.216265469789505
0.2247294485569
0.13030225038528442
0.1864764094352722
0.19993704557418823
0.1971619725227356
0.22645583748817444
0.2147788107395172
0.18544793128967285
0.14704644680023193
0.13811421394348145
0.15921977162361145
0.2069830298423767
0.2117277085781097
0.28293576836586
0.18137648701667783
0.1869513094425201
0.1425783932209015
0.1530554890632629
0.16307765245437622
0.21550005674362183
0.18414825201034543
0.1409240365028381
0.2040849328041077
0.1818423569202423
0.16727092862129211
0.20234078168869016
0.1885586977005005
0.218952476978302
0.22394362092018127
0.15681400895118713
0.19682812690734863
0.16112002730369568
0.1766308546066284
0.14889448881149292
0.1492406725883484
0.21656417846679688
0.1763244867324829
0.16314223408699036
0.15517744421958923
0.19900232553482053
0.22077450156211853
0.18688341975212097
0.17729026079177856
0.212933212518692
0.11090464144945145
0.19086953997612
0.17729035019874573
0.18130770325660703
0.1458158791065216
0.123816080391407
0.16012027859687805
0.1558530628681183
0.19139936566352844
0.20480710268020627
0.1973152458667755
0.2317555546760559
0.18477797508239743
0.19702857732772827
0.1671932339668274
0.19602808356285092
0.2057447135448456
0.13694554567337036
0.18801817297935483
0.20557311177253723
0.22592586278915405
0.15908849239349365
0.2015495002269745
0.18947038054466248
0.17730280756950378
0.1508713066577911
0.15136772394180295
0.15093204379081726
0.2183828353881836
0.1920183300971985
0.16546139121055603
0.18700757622718808
0.2015247941017151
0.21568140387535092
0.16255241632461548
0.2150052487850189
0.18064284324646
0.20903590321540833
0.1495370864868164
0.16254091262817383
0.19256937503814697
0.1602156162261963
0.18098235130310056
0.21530809998512268
0.16700014472007751
0.1652820110321045
0.1722891330718994
0.20464229583740237
0.21569281816482544
0.1733388304710388
0.18359598517417908
0.1756673753261566
0.25699788331985474
0.2283467650413513
0.18833184242248532
0.16519883275032043
0.21634969115257263
0.19025680422782895
0.2192484140396118
0.16160956025123596
0.204318642616272
0.2025000751018524
0.18741098046302795
0.2020040452480316
0.19298455119132996
0.18405950069427487
0.14101073145866394
0.18742707371711728
0.20258742570877075
0.17400464415550232
0.2044488489627838
0.1677929162979126
0.1664711236953735
0.19001269340515137
0.2163841426372528
0.1957305073738098
0.16341140866279602
0.2050572633743286
0.22960427403450007
0.1841306984424591
0.1492803990840912
0.18197458982467649
0.20552656054496765
0.2096767425537109
0.22158026695251465
0.1477478593587875
0.19026029109954837
0.18437922000885007
0.18272072076797485
0.17097213864326477
0.18211522698402405
0.13634872436523435
0.20974287390708923
0.13906595110893247
0.21239280700683597
0.1890491843223572
0.16151264309883115
0.1710664927959442
0.18397071957588196
0.169020414352417
0.16284891963005063
0.17563709616661072
0.1943155825138092
0.19462737441062927
0.2701672315597534
0.1997016966342926
0.1812599301338196
0.17720669507980347
0.26321282982826233
0.16752415895462036
0.16006356477737427
0.19863989949226377
0.19200801849365237
0.1858724653720856
0.24114292860031128
0.17665472626686096
0.22804206609725952
0.17441710829734802
0.1912115812301636
0.1837990880012512
0.19930574297904968
0.18838235735893247
0.1976812183856964
0.21214160323143005
0.17140263319015503
0.2143045961856842
0.21270477771759036
0.14166413247585297
0.1810709238052368
0.1756860911846161
0.20236274600028992
0.16227507591247559
0.1476338505744934
0.2087381482124329
0.18446454405784607
0.17337745428085327
0.1525646150112152
0.19268742203712463
0.1736892461776733
0.22192049026489255
0.1758503019809723
0.18016213178634644
0.2079719007015228
0.20519509911537168
0.17168346047401428
0.20626765489578247
0.13885080814361572
0.1568823754787445
0.16776630282402039
0.21668210625648496
0.1997535824775696
0.22657510638237
0.17305582761764526
0.22248199582099917
0.15410804748535156
0.2329199016094208
0.21924561262130737
0.1804219186306
0.1561402678489685
0.17702463269233704
0.17091771960258484
0.22660136222839355
0.200114369392395
0.19300979375839236
0.17285084724426267
0.1884603500366211
0.21184286475181577
0.15233919024467468
0.2034408748149872
0.20471146702766416
0.12983188033103943
0.2035618722438812
0.1798403561115265
0.1442672610282898
0.15979540348052979
0.26131847500801086
0.2300947308540344
0.15755364298820496
0.18953180313110352
0.17712649703025815
0.1383494138717651
0.20351338386535645
0.22912880778312683
0.21245890855789185
0.20131441950798035
0.2382424771785736
0.2114750444889069
0.20788344740867612
0.22398719191551208
0.16099786758422852
0.18319585919380188
0.22726124525070193
0.21412554383277893
0.17908668518066406
0.16992902755737305
0.15736299753189087
0.22224229574203488
0.1849443316459656
0.19337156414985657
0.1977848410606384
0.2259928584098816
0.2098698914051056
0.18957340717315677
0.15001702308654785
0.1950208842754364
0.1891276240348816
0.1736786663532257
0.1860394775867462
0.17349737882614136
0.20596247911453247
0.1952796280384064
0.14329823851585388
0.18676477670669556
0.18367892503738403
0.19100666046142575
0.1833175718784332
0.1693926453590393
0.18143653869628903
0.2072599530220032
0.26185211539268494
0.18895739316940308
0.1702764332294464
0.24247965216636655
0.21135655045509336
0.19128477573394773
0.16679319739341736
0.16828343272209167
0.21109190583229065
0.20832929015159607
0.19893771409988403
0.18159765005111692
0.1900634765625
0.19854485988616943
0.17641669511795044
0.18967080116271967
0.20668819546699524
0.20386099815368647
0.1271284520626068
0.23532867431640625
0.21783921122550964
0.20402783155441284
0.19538384675979611
0.21301811933517456
0.1822229325771332
0.18078836798667908
0.19075739383697507
0.1937565505504608
0.17201459407806396
0.20077350735664368
0.1792525351047516
0.16789644956588745
0.20918673276901245
0.16918674111366272
0.15734747052192688
0.18501949310302732
0.22094491124153137
0.2122351825237274
0.15580815076828003
0.20505866408348083
0.18276953697204587
0.22654584050178528
0.21960625052452087
0.1799297034740448
0.16018089652061462
0.1918199956417084
0.18412131071090695
0.1574179232120514
0.1457461416721344
0.2240103185176849
0.1724640429019928
0.1586896181106567
0.1544068157672882
0.15011572837829587
0.2237588465213776
0.1996980905532837
0.22031348943710327
0.17133039236068723
0.22116267681121823
0.14922145009040833
0.18995812535285947
0.1912113726139069
0.1702384054660797
0.2282336950302124
0.17304036021232605
0.2108633518218994
0.15834009647369385
0.17085072398185727
0.17228826880455017
0.209337055683136
0.186016708612442
0.1912047564983368
0.20724380016326904
0.1884845793247223
0.17802903056144714
0.2233524918556213
0.19326260685920715
0.22281670570373532
0.23259374499320984
0.1459311842918396
0.16378793120384216
0.14625713229179382
0.1256202757358551
0.14925909042358398
0.18763196468353271
0.23396462202072144
0.21572458744049072
0.19288888573646543
0.19683280587196353
0.16130885481834412
0.19055718183517456
0.16212734580039978
0.16703364253044128
0.24916598200798035
0.21835839748382568
0.21157026290893555
0.15878137946128845
0.19191840291023252
0.15742698311805725
0.1881868243217468
0.21828943490982053
0.1618848741054535
0.15493029356002808
0.2211691737174988
0.19622942805290225
0.21674293279647827
0.19610169529914853
0.18693444132804873
0.17736852169036865
0.2319762408733368
0.17472341656684875
0.18017360568046567
0.2075902223587036
0.19927510619163516
0.15900352597236633
0.2335616648197174
0.21114358305931089
0.19072923064231873
0.16509810090065002
0.197110116481781
0.17682573199272156
0.17140886187553403
0.19410747289657593
0.1862472891807556
0.21914175152778623
0.20773878693580627
0.18277058005332944
0.15901774168014526
0.15124547481536865
0.16832780838012695
0.2236083149909973
0.15876075625419617
0.14200681447982788
0.16851437091827393
0.1834736168384552
0.2195884883403778
0.16041621565818787
0.213967889547348
0.17008933424949646
0.21137952804565427
0.23777398467063904
0.18098586797714236
0.180099219083786
0.22424834966659543
0.20898282527923584
0.18374222517013547
0.2449571788311005
0.17716738581657407
0.19424608349800107
0.19988167285919187
0.19196304678916928
0.2131274938583374
0.21593499183654785
0.20171022415161127
0.15108942985534668
0.22520190477371213
0.1997234523296356
0.23446968197822568
0.17857763171195984
0.14269694685935974
0.16352856159210205
0.21120959520339963
0.20945116877555847
0.21942684054374692
0.17797881364822388
0.16922461986541748
0.15459683537483215
0.20262786746025083
0.2092171609401703
0.2527545094490051
0.20966112613677976
0.15470644831657407
0.22091099619865415
0.19627726078033447
0.2166205644607544
0.1568472981452942
0.15892350673675537
0.21314960718154907
0.2114054262638092
0.1748911738395691
0.17543458938598633
0.20515349507331848
0.20473751425743103
0.18416601419448847
0.1883883476257324
0.24089384078979487
0.18257892131805417
0.2182009518146515
0.17466169595718384
0.21302309632301328
0.15482935309410095
0.19766044616699216
0.1880457103252411
0.19701817631721497
0.1693485677242279
0.18044078350067136
0.20685333013534543
0.1827038824558258
0.19287133216857913
0.2509322762489319
0.13209334015846252
0.15950137376785278
0.1721575558185577
0.17710283398628235
0.1295650005340576
0.1715301275253296
0.1824546456336975
0.23761099576950076
0.2084408700466156
0.20437875390052795
0.1515600085258484
0.20767387747764587
0.17344450950622559
0.21287491917610168
0.162471741437912
0.17053967714309692
0.21392273902893064
0.1781386435031891
0.18155783414840695
0.16371434926986694
0.16350290179252625
0.16915825009346008
0.17703798413276672
0.21325796842575076
0.17639288306236267
0.1711108684539795
0.22672867774963376
0.2138982117176056
0.19031375646591184
0.16528591513633728
0.2113095223903656
0.17713838815689087
0.1877346634864807
0.2340824007987976
0.17862719297409055
0.18211114406585693
0.16042083501815796
0.18819519877433777
0.19101908802986145
0.18626645207405088
0.21461850404739377
0.20328232645988464
0.1587788164615631
0.24073979258537287
0.19771835207939148
0.1932034492492676
0.151315838098526
0.2016272246837616
0.18960154056549072
0.16711753606796265
0.15544837713241577
0.20918008685112
0.18202686309814453
0.20265552401542664
0.16495454311370847
0.1879563331604004
0.15008041262626648
0.15987423062324524
0.17910611629486084
0.1674911081790924
0.21382042765617368
0.19388273358345032
0.1820862293243408
0.19609710574150083
0.18752151727676392
0.16953372955322263
0.19459921121597287
0.196419358253479
0.17305126786231995
0.19329795241355896
0.20787170529365537
0.1759330928325653
0.23291152715682983
0.1827085316181183
0.21534958481788635
0.23933511972427368
0.1844736933708191
0.20509222149848935
0.16563916206359863
0.13621327280998227
0.15144190192222595
0.18944042921066284
0.1804923713207245
0.18977797031402588
0.1978200078010559
0.17779436707496643
0.20409023761749268
0.13735535740852356
0.17793238162994385
0.1954935193061829
0.1595960259437561
0.19053393602371213
0.24287703633308408
0.21616068482398984
0.19150584936141968
0.18429735302925107
0.17537227272987363
0.20992290973663327
0.21654582023620603
0.17231792211532593
0.22505724430084229
0.1752188205718994
0.1906053125858307
0.17270514369010925
0.20088598132133484
0.21124628186225888
0.21732479333877563
0.1766581833362579
0.22522768378257751
0.16726031899452207
0.17794328927993774
0.19022321701049805
0.2519814372062683
0.1318898648023605
0.16280052065849304
0.21220734715461728
0.15111076831817627
0.15086674690246582
0.20536255836486816
0.20745450258255005
0.20621144771575928
0.2001177370548248
0.1694682240486145
0.18053871393203733
0.23901766538619995
0.20074260234832764
0.20085293054580688
0.211231142282486
0.18293225765228271
0.17190366983413696
0.19188192486763
0.1888792514801025
0.1450422704219818
0.2072740793228149
0.20795279741287231
0.17029133439064023
0.17875903844833374
0.2114267945289612
0.22189325094223025
0.23420283198356628
0.14975160360336304
0.18551522493362424
0.1908324360847473
0.1276375651359558
0.1971346139907837
0.19609677791595456
0.17463400959968567
0.2760196924209595
0.14119684696197507
0.15289264917373657
0.16801777482032776
0.19112640619277957
0.2029762864112854
0.1979109346866608
0.2215439975261688
0.1975522339344025
0.20411536097526553
0.2440577447414398
0.2398759722709656
0.1617763340473175
0.17626768350601196
0.1852615177631378
0.175723135471344
0.19343224167823792
0.23010897636413571
0.15551713109016418
0.20480471849441528
0.23470720648765564
0.21023476123809812
0.2174944579601288
0.19866570830345157
0.18713068962097168
0.24056023359298703
0.1557251214981079
0.20411622524261477
0.1937905251979828
0.21523889899253845
0.19669154286384585
0.212576687335968
0.2456355094909668
0.15574598312377927
0.2576883137226105
0.21349993348121643
0.15053135156631467
0.17464587092399597
0.18420496582984924
0.1788143813610077
0.1772545874118805
0.19832429289817807
0.20093956589698792
0.16884976625442505
0.20106089115142825
0.1798076629638672
0.16558843851089475
0.195713073015213
0.1798586547374725
0.16818052530288696
0.18700519204139707
0.1866421103477478
0.16947492957115173
0.20303463935852048
0.2036228179931641
0.18090158700942996
0.21629193425178528
0.20224457979202273
0.21067470312118527
0.15598639845848083
0.17454677820205688
0.11534323543310164
0.14577093720436096
0.18748778104782104
0.1870580017566681
0.18514734506607053
0.21086412668228147
0.1806875765323639
0.19590476155281064
0.17867624759674072
0.1822392046451569
0.1887415051460266
0.1879743933677673
0.20840385556221008
0.19885665178298953
0.19860506057739255
0.2043176293373108
0.18605464696884155
0.23307731747627256
0.1841931045055389
0.1734354197978973
0.18917000293731687
0.1545833945274353
0.1716669201850891
0.17003774642944336
0.22053822875022888
0.18436968326568604
0.18971389532089236
0.2110388875007629
0.21453827619552607
0.21897992491722104
0.20533534884452817
0.19537433981895447
0.18692666292190552
0.17763808369636536
0.17456716299057007
0.1691780686378479
0.19561707973480225
0.20921620726585388
0.1813046634197235
0.1923149824142456
0.1927204132080078
0.18065491318702695
0.17215555906295776
0.18107536435127256
0.21387282013893127
0.2110787332057953
0.15821978449821472
0.19790029525756836
0.19520613551139832
0.19256338477134705
0.1703687608242035
0.1751667559146881
0.19273149967193604
0.2121573090553284
0.18578943610191345
0.18173882365226743
0.20430263876914975
0.2008572220802307
0.180656373500824
0.1774159073829651
0.17203256487846375
0.18583109974861145
0.1350520551204681
0.18162789940834043
0.19348227977752683
0.11152086406946182
0.19516459107398984
0.14636752009391785
0.14949312806129456
0.18788090348243716
0.1438893675804138
0.21748024225234985
0.18963593244552607
0.1786600947380066
0.20807814598083496
0.24741765856742856
0.16174930334091187
0.17346397042274475
0.17704352736473083
0.19231331348419187
0.13344408571720123
0.20683103799819944
0.2105160653591156
0.21146240830421448
0.20997050404548645
0.17962044477462769
0.17383620142936707
0.21796768903732297
0.18870064616203308
0.18022349476814273
0.18311741948127744
0.20658576488494876
0.18727460503578183
0.23099365830421448
0.17700031399726868
0.1739596128463745
0.1529653966426849
0.148707777261734
0.1677139401435852
0.2205921709537506
0.16686111688613892
0.18581736087799072
0.2446706295013428
0.14634811878204343
0.1745089888572693
0.16872459650039673
0.17799422144889832
0.17399612069129944
0.18875932693481445
0.2062370479106903
0.1692715883255005
0.18770623207092285
0.201602965593338
0.19828164577484128
0.19996914267539975
0.2108563780784607
0.23141503334045407
0.1895178258419037
0.19142261147499084
0.2033933699131012
0.15212461352348328
0.1916145980358124
0.23012554645538327
0.2393304109573364
0.21348696947097776
0.14404284954071045
0.20706495642662048
0.21663948893547055
0.20887345075607297
0.2602113485336304
0.14465264976024628
0.19118329882621765
0.18698289990425107
0.1758686602115631
0.22150173783302307
0.1804200112819672
0.2015997469425201
0.20965376496315
0.1770225167274475
0.2290457785129547
0.16762268543243408
0.19801309704780576
0.18771982192993164
0.19180846214294436
0.18619248270988464
0.17016208171844482
0.19364181160926816
0.19783547520637512
0.2206895351409912
0.23439365625381467
0.2456316649913788
0.2114635407924652
0.17958387732505798
0.1944226026535034
0.18550670146942136
0.2227996289730072
0.1924893856048584
0.1870290040969849
0.19231462478637693
0.16366824507713315
0.20527112483978271
0.16798633337020874
0.18985113501548767
0.2144935131072998
0.17409434914588928
0.203226774930954
0.18628093600273127
0.23519042134284973
0.16329914331436157
0.19268193840980527
0.2180185317993164
0.23181813955307007
0.18173956871032715
0.1564981639385223
0.21413111686706543
0.19876062870025635
0.20509099960327148
0.2255132794380188
0.16711300611495972
0.19103991985321045
0.1332099288702011
0.17548316717147827
0.13287165760993955
0.23125654458999637
0.1407935619354248
0.17200586199760437
0.18139082193374637
0.21624425053596497
0.17872989177703855
0.1693909466266632
0.18372520804405207
0.18685707449913025
0.17065465450286865
0.18758153915405276
0.15379390120506287
0.17108690738677979
0.22288277745246887
0.14943721890449524
0.20755851268768313
0.13434913754463196
0.2071491181850433
0.17513003945350647
0.16973981261253357
0.16760766506195068
0.17458215355873108
0.16746002435684204
0.2331697940826416
0.18090945482254028
0.17455706000328064
0.20885995030403137
0.2330476939678192
0.1645958423614502
0.23635962605476377
0.1438009142875671
0.22528690099716184
0.17321959137916565
0.2173518538475037
0.18643084168434143
0.20589563250541687
0.19395017623901367
0.21677833795547485
0.18356832861900327
0.2024708986282349
0.20488739013671875
0.16287726163864136
0.173234224319458
0.21001672744750977
0.2335456907749176
0.1916579306125641
0.2156985104084015
0.17577293515205383
0.18561720848083496
0.19314894080162048
0.17956343293190002
0.2390727698802948
0.18528461456298828
0.1992996037006378
0.2557242810726166
0.18655464053153992
0.1771376132965088
0.1459781527519226
0.17486390471458435
0.17122629284858704
0.15701952576637268
0.14181827008724213
0.16813474893569946
0.18917277455329892
0.16569900512695312
0.20015642046928403
0.14537274837493896
0.14688533544540405
0.21075877547264096
0.19796741008758545
0.2076407074928284
0.2053872048854828
0.2243709862232208
0.18897971510887143
0.18639010190963745
0.24189096689224243
0.1689424216747284
0.2039194703102112
0.222439169883728
0.12896093726158142
0.196378231048584
0.19052380323410037
0.1770384311676025
0.19911077618598935
0.1846623420715332
0.22426837682724
0.20184087753295896
0.19288507103919983
0.21825996041297913
0.1642884910106659
0.24145230650901797
0.21071234345436096
0.2450953722000122
0.1755208969116211
0.17222735285758972
0.1848683655261993
0.2051634192466736
0.18718466162681577
0.1624922156333923
0.2369497716426849
0.19558647274971008
0.2140238583087921
0.1886248290538788
0.18003943562507627
0.225346714258194
0.18807810544967649
0.17255777120590207
0.20310217142105105
0.18883946537971497
0.2127859592437744
0.14355142414569855
0.1509401798248291
0.2373233139514923
0.16823482513427734
0.1542469561100006
0.15313595533370972
0.2047695517539978
0.19329655170440677
0.17604881525039673
0.21487489342689517
0.16887784004211423
0.1710040271282196
0.16819867491722107
0.13122616708278656
0.1637675166130066
0.1995234191417694
0.2024368047714233
0.20776504278182983
0.1727571189403534
0.14969483017921448
0.2053426802158356
0.1851012408733368
0.21411365270614624
0.1739027500152588
0.1619259417057037
0.21725428104400635
0.20841199159622192
0.13879889249801636
0.1626780927181244
0.21834421157836917
0.18076360225677487
0.16211357712745667
0.21171465516090396
0.24679458141326904
0.16104233264923096
0.27228623628616333
0.19197386503219604
0.21053922176361084
0.21984952688217163
0.16477155685424805
0.18723511695861816
0.1160595417022705
0.20025286078453064
0.18315732479095456
0.18589115142822263
0.1645742952823639
0.19845792651176447
0.2247892916202545
0.20580443739891047
0.22488319873809812
0.1866430640220642
0.18939706683158877
0.20802438259124756
0.13957729935646057
0.19926583766937253
0.1618388295173645
0.17789018154144287
0.17908206582069397
0.17962250113487244
0.1749807894229889
0.2087334096431732
0.18817090988159177
0.18713435530662537
0.19037756323814392
0.20534968376159668
0.15918010473251343
0.19505074620246887
0.2189127504825592
0.1901039481163025
0.15005135536193848
0.14596781134605408
0.1643240749835968
0.1622500121593475
0.18055108189582825
0.20240336656570437
0.24104860424995425
0.16467347741127014
0.205783873796463
0.20453888177871704
0.13787721097469327
0.1585139036178589
0.2359916567802429
0.22432431578636167
0.24587336182594297
0.14266763627529144
0.19994682073593137
0.24871176481246948
0.24619528651237488
0.17302191257476807
0.1928062438964844
0.20164790749549863
0.1527116298675537
0.1515277922153473
0.20456233620643613
0.1736362874507904
0.1564865410327911
0.16537368297576904
0.22992444038391116
0.21312350034713745
0.19477996230125427
0.15073168277740479
0.16663092374801636
0.20452213287353516
0.19562280178070068
0.2050631046295166
0.13717932999134064
0.2033410668373108
0.13454410433769226
0.1740284264087677
0.18988052010536197
0.16016432642936707
0.19332376122474673
0.15672922134399414
0.18320950865745544
0.1550197601318359
0.167332261800766
0.19820404052734372
0.2046985626220703
0.21680426597595212
0.17907467484474182
0.1925503611564636
0.18604084849357605
0.19814008474349973
0.1545939743518829
0.18795853853225708
0.20093888044357297
0.17797183990478516
0.24763864278793332
0.17364025115966797
0.20319804549217224
0.15550437569618225
0.2043723165988922
0.1690068542957306
0.1959807574748993
0.1638168692588806
0.18307018280029297
0.18824779987335205
0.16617336869239807
0.210673987865448
0.21052253246307373
0.211889773607254
0.20070031285285947
0.17942744493484497
0.22604739665985107
0.1366719752550125
0.19746175408363345
0.20514774322509763
0.15713414549827576
0.17553293704986572
0.20570242404937744
0.1843969225883484
0.24207830429077148
0.18358483910560608
0.2588958740234375
0.15681320428848267
0.15859454870224
0.19143250584602356
0.19267752766609192
0.20407018065452573
0.2093476951122284
0.2057107090950012
0.19665011763572687
0.16857114434242249
0.1590040028095245
0.21369650959968567
0.17318490147590637
0.17959079146385193
0.18081384897232053
0.2049939036369324
0.16094622015953064
0.19069591164588928
0.14811953902244568
0.15659785270690915
0.2106845676898956
0.21024158596992487
0.17382565140724182
0.17003148794174194
0.1971881091594696
0.19694942235946652
0.1633548140525818
0.22243624925613403
0.1794762909412384
0.21152031421661377
0.183286726474762
0.1639183759689331
0.19224461913108823
0.19175925850868225
0.18714463710784912
0.1358051598072052
0.15861332416534424
0.16003212332725525
0.2031686902046204
0.1979723572731018
0.212802916765213
0.16525903344154355
0.2168500125408173
0.21319398283958435
0.20032882690429688
0.22902941703796384
0.19159251451492307
0.23552653193473813
0.19145035743713376
0.19595059752464292
0.1952306032180786
0.19859921932220456
0.1866166591644287
0.2345637679100037
0.19391152262687683
0.1646718680858612
0.2174917757511139
0.16081184148788452
0.2101045846939087
0.19312444329261777
0.2602143883705139
0.2442684769630432
0.20910173654556277
0.1837911009788513
0.1538912057876587
0.1945306658744812
0.20379129052162168
0.18293225765228271
0.20522618293762207
0.22093644738197327
0.18596968054771423
0.19050478935241696
0.22138571739196777
0.19048410654067996
0.179175466299057
0.18337786197662356
0.21163463592529297
0.13295650482177734
0.2678015530109405
0.19333529472351077
0.20343467593193051
0.23873326182365415
0.20498183369636533
0.1925133764743805
0.16692346334457395
0.208597332239151
0.23500543832778928
0.17597469687461853
0.1102546826004982
0.14082121849060059
0.17274168133735657
0.18564367294311523
0.197810173034668
0.22691750526428223
0.1591762602329254
0.19511139392852783
0.18323406577110288
0.13806813955307007
0.20556265115737915
0.23499941825866696
0.17893797159194946
0.23030337691307068
0.2171882092952728
0.17508229613304138
0.21279606223106384
0.20201361179351807
0.1773378849029541
0.1806424558162689
0.18079891800880432
0.1788600981235504
0.1841305494308472
0.22860246896743772
0.2157244682312012
0.19339898228645325
0.200788676738739
0.1967144012451172
0.1481896936893463
0.22162142395973203
0.21411824226379397
0.19455042481422424
0.19562488794326785
0.2255392074584961
0.16625753045082092
0.22652745246887207
0.16285976767539978
0.19853532314300537
0.2556721866130829
0.19867736101150513
0.20452988147735596
0.12315212935209274
0.13034668564796448
0.1541484296321869
0.1704275906085968
0.16993367671966553
0.201684445142746
0.254556804895401
0.16383349895477295
0.17385461926460266
0.12813663482666016
0.17909374833106995
0.16824871301651
0.1940058469772339
0.16699033975601196
0.2262370586395264
0.165700763463974
0.1910029351711273
0.2266654670238495
0.17035117745399475
0.1971823573112488
0.16336914896965027
0.18208423256874084
0.2299213111400604
0.19560858607292173
0.14009025692939758
0.20542049407958984
0.1910691261291504
0.2028466165065765
0.21439182758331296
0.2033768594264984
0.1799553334712982
0.20178544521331787
0.15184378623962402
0.2231048941612244
0.191260039806366
0.1710701584815979
0.18487852811813357
0.17903611063957214
0.21565535664558408
0.18327596783638
0.20706507563591003
0.20121988654136655
0.1786803901195526
0.17515429854393005
0.20300865173339844
0.20238727331161496
0.21225982904434204
0.2094968855381012
0.1935276687145233
0.15633633732795715
0.20085954666137693
0.1908552050590515
0.18119570612907407
0.19764071702957156
0.183698445558548
0.17378515005111694
0.19057634472846985
0.1894056499004364
0.19173830747604367
0.2331494390964508
0.21278879046440125
0.1617143750190735
0.24781009554862976
0.19729632139205927
0.1921135783195496
0.23077833652496335
0.1674102544784546
0.18794438242912287
0.18858137726783752
0.1516769528388977
0.1660845577716827
0.18508931994438169
0.20705410838127136
0.25266009569168085
0.25154587626457214
0.2283451557159424
0.14218315482139587
0.24373552203178403
0.1974239945411682
0.19809037446975708
0.19990003108978271
0.18848484754562375
0.1776370108127594
0.19673007726669312
0.2398194372653961
0.16747495532035828
0.2011660039424896
0.1734945178031921
0.1940042674541473
0.1508861482143402
0.17981496453285217
0.1905107796192169
0.20959067344665527
0.1484362035989761
0.15299230813980103
0.21349844336509705
0.18024563789367676
0.19507762789726257
0.18784353137016296
0.20173463225364685
0.1711115837097168
0.1784481406211853
0.17267167568206787
0.14675650000572205
0.17973127961158752
0.20571810007095337
0.12909823656082153
0.1313273310661316
0.2539830207824707
0.20607557892799375
0.20351660251617432
0.208347886800766
0.21258130669593808
0.18542882800102237
0.16254395246505737
0.13481557369232175
0.25533005595207214
0.2175061404705048
0.18086817860603327
0.25104889273643494
0.1917385160923004
0.1780956983566284
0.17400899529457092
0.1888047754764557
0.19452503323554993
0.19476971030235288
0.21632298827171323
0.21152377128601077
0.2112586200237274
0.1734562516212463
0.2085888087749481
0.19916975498199463
0.1890544295310974
0.1948019862174988
0.19108515977859497
0.20922610163688657
0.16675716638565063
0.185541033744812
0.20042338967323303
0.1998996734619141
0.21696776151657104
0.20762783288955688
0.182062029838562
0.19375500082969663
0.23115274310112
0.25107505917549133
0.19611516594886777
0.1239342987537384
0.21171891689300537
0.25378331542015076
0.19219377636909485
0.1856804192066193
0.15818637609481812
0.20750346779823303
0.18846964836120603
0.19708287715911865
0.17156600952148435
0.14558938145637512
0.18774300813674927
0.18028882145881647
0.18780824542045596
0.2411532700061798
0.20372167229652405
0.20287808775901797
0.17340382933616638
0.207171767950058
0.2022250592708588
0.1847679316997528
0.2120139300823212
0.20053353905677795
0.20647013187408447
0.17790654301643372
0.22274962067604065
0.1460848897695541
0.18402177095413208
0.15864086151123047
0.1887933909893036
0.19102799892425537
0.22400996088981628
0.19773569703102112
0.20418503880500796
0.1524747610092163
0.17580538988113403
0.18223345279693604
0.22927492856979367
0.20557868480682373
0.1993516981601715
0.16628271341323853
0.1547401249408722
0.19825953245162964
0.19920957088470456
0.20717620849609372
0.19895642995834353
0.16129803657531738
0.2599904835224152
0.166896790266037
0.16476482152938843
0.189306914806366
0.1912871301174164
0.20743468403816223
0.15025639533996582
0.16806423664093015
0.1517523229122162
0.18557229638099673
0.17147186398506165
0.16476768255233765
0.11286436021327972
0.18240040540695193
0.1899247765541077
0.2075182199478149
0.22757992148399356
0.1891329288482666
0.1673448383808136
0.17014560103416443
0.17410746216773987
0.1987722218036652
0.17256656289100647
0.1886771619319916
0.19221338629722595
0.18695107102394104
0.1600688099861145
0.18242689967155457
0.11486517637968063
0.24821680784225464
0.22694882750511167
0.17326268553733823
0.2010670304298401
0.1960887312889099
0.17136192321777344
0.18276265263557437
0.2058910131454468
0.23779928684234616
0.17940625548362732
0.17738831043243408
0.2632467746734619
0.2158435881137848
0.1825542449951172
0.22044679522514343
0.17257818579673767
0.1584433913230896
0.19117119908332825
0.19395145773887637
0.1884956061840057
0.1877360641956329
0.15936788916587827
0.17608764767646787
0.1884862184524536
0.20502424240112305
0.212934285402298
0.22492069005966184
0.19715148210525513
0.20905938744544983
0.20089712738990784
0.21171596646308896
0.24681010842323303
0.1983400285243988
0.169815331697464
0.1937074363231659
0.14773577451705933
0.1977309286594391
0.21464881300926208
0.20305687189102167
0.19467967748641968
0.2002285122871399
0.21461927890777588
0.17277932167053223
0.15171125531196594
0.22626653313636777
0.15145418047904968
0.17497059702873227
0.17850762605667114
0.17992213368415833
0.20262888073921204
0.15496104955673215
0.1997844874858856
0.16075283288955688
0.2342500388622284
0.202258825302124
0.20928353071212769
0.16187447309494019
0.1953639388084412
0.1644209325313568
0.21371132135391235
0.2059648036956787
0.2069275677204132
0.17444530129432678
0.16849923133850095
0.17783212661743164
0.1995965838432312
0.21171888709068296
0.20542907714843753
0.20982316136360168
0.17076417803764343
0.18966087698936465
0.18475365638732913
0.155673086643219
0.1469314992427826
0.25708252191543574
0.2302912473678589
0.2167716324329376
0.18006408214569092
0.15346744656562805
0.21337056159973145
0.239584356546402
0.21860432624816892
0.25073692202568054
0.21655243635177607
0.18695700168609616
0.17033597826957703
0.196790874004364
0.1998727917671204
0.21147882938385007
0.19757497310638428
0.18708816170692444
0.1474619209766388
0.1632043421268463
0.16641071438789368
0.22437766194343567
0.21278262138366696
0.18670114874839783
0.17571896314620972
0.2299694716930389
0.17585256695747375
0.16118144989013672
0.1596892476081848
0.1569163203239441
0.17088940739631653
0.22228285670280457
0.19823497533798215
0.19197291135787964
0.16616010665893555
0.2094006836414337
0.2126285433769226
0.15475451946258545
0.19505703449249268
0.184594988822937
0.20595118403434756
0.1570734977722168
0.17061755061149597
0.16261768341064453
0.13991650938987732
0.2006269097328186
0.18163552880287168
0.20292779803276065
0.17920660972595215
0.1842310130596161
0.2136442959308624
0.19481623172760007
0.22058036923408508
0.2080175578594208
0.24468678236007688
0.1578431725502014
0.18409726023674008
0.20663848519325256
0.1806796193122864
0.16918954253196716
0.17567279934883115
0.14455154538154602
0.2133280336856842
0.22927382588386533
0.2045937776565552
0.18644163012504575
0.1802781820297241
0.2057366967201233
0.19885194301605225
0.19130435585975647
0.2189637720584869
0.2060597538948059
0.19655093550682068
0.18417248129844663
0.20439442992210388
0.1669813096523285
0.1931924521923065
0.17509499192237854
0.15312007069587708
0.15750873088836667
0.1900312900543213
0.21497318148612976
0.13788652420043945
0.17243710160255432
0.21915131807327273
0.13948020339012146
0.1584569215774536
0.19456157088279724
0.19929459691047668
0.1446106880903244
0.1491568684577942
0.18104037642478943
0.20073601603507996
0.1801260411739349
0.1779305338859558
0.16510221362113953
0.20602720975875852
0.1415230929851532
0.17084631323814392
0.19359600543975833
0.18224000930786127
0.15400519967079163
0.21245813369750977
0.16930192708969116
0.2172480523586273
0.1975679397583008
0.21729347109794617
0.1832139790058136
0.22424444556236267
0.20421648025512693
0.1983679234981537
0.18007594347000122
0.1581100821495056
0.1787090301513672
0.24104368686676023
0.26093837618827814
0.20229846239089963
0.19280728697776797
0.18098738789558408
0.2522016763687134
0.17255690693855283
0.17019245028495789
0.20765262842178345
0.18024221062660217
0.22787654399871823
0.17396000027656555
0.18862977623939517
0.21509358286857605
0.10431524366140364
0.17618709802627563
0.1672631204128265
0.12057682871818542
0.1606055200099945
0.17091137170791623
0.203794538974762
0.21761411428451535
0.13630792498588562
0.15731152892112732
0.15998902916908264
0.21532750129699707
0.1964490115642548
0.127976655960083
0.21445876359939572
0.22021204233169556
0.20344096422195437
0.2582583427429199
0.2193574011325836
0.2219952344894409
0.2060421407222748
0.19408529996871948
0.16874238848686218
0.16017970442771912
0.20624801516532895
0.18645200133323667
0.15198272466659543
0.20268499851226807
0.2093603014945984
0.2270925045013428
0.16461783647537231
0.21906700730323792
0.22109231352806089
0.21101948618888852
0.19039335846900937
0.18328389525413516
0.19086408615112305
0.1650722324848175
0.19114065170288083
0.20283907651901245
0.20537915825843808
0.1501503884792328
0.13368332386016843
0.15487265586853027
0.23787879943847656
0.15990060567855835
0.2063279449939728
0.1715959906578064
0.16076922416687012
0.18332812190055847
0.19478008151054385
0.14708727598190308
0.12508919835090637
0.18738821148872373
0.16918304562568665
0.19793546199798584
0.1517694592475891
0.15912610292434692
0.193145364522934
0.19193014502525327
0.13411718606948853
0.16642031073570251
0.22380506992340088
0.2684980630874634
0.21738243103027344
0.21037423610687253
0.14788243174552915
0.17099392414093015
0.1584779322147369
0.16612562537193298
0.21639260649681089
0.20983028411865237
0.23147794604301447
0.17959728837013245
0.1775040328502655
0.15688765048980713
0.14702719449996948
0.15011066198349
0.2035581171512604
0.16772499680519104
0.2279580533504486
0.17012181878089905
0.2098262310028076
0.181319922208786
0.2363076210021973
0.1789264976978302
0.16433316469192505
0.15262508392333984
0.19745489954948425
0.17423143982887268
0.19521319866180417
0.20258602499961853
0.22656315565109247
0.09067530930042265
0.2159077227115631
0.24599117040634155
0.14468517899513245
0.16628706455230713
0.16733503341674805
0.138839453458786
0.17452865839004517
0.18834048509597776
0.15095555782318115
0.2035214602947235
0.21182775497436523
0.20202481746673584
0.1851125061511993
0.22470292448997495
0.18455210328102112
0.1895790100097656
0.19281771779060364
0.1532067060470581
0.17358940839767456
0.20228081941604611
0.17959505319595337
0.23363611102104187
0.16862347722053528
0.24799370765686035
0.1819266974925995
0.1848565936088562
0.22627395391464236
0.20050373673439023
0.15751338005065915
0.1740669310092926
0.2147982716560364
0.19798544049263
0.22949236631393433
0.15018895268440247
0.20341578125953677
0.14797480404376984
0.14743001759052277
0.21289211511611936
0.22937709093093872
0.18156564235687253
0.2169806659221649
0.16587162017822263
0.2889026999473572
0.22865891456604004
0.18384313583374023
0.23531195521354675
0.17730027437210083
0.21293067932128903
0.19091546535491943
0.17651817202568054
0.20047834515571597
0.1951467990875244
0.20065194368362424
0.22435432672500608
0.2387676239013672
0.18760788440704343
0.22134092450141904
0.17266732454299927
0.17212173342704773
0.203982412815094
0.18553677201271057
0.19165754318237305
0.18862465023994443
0.20549210906028748
0.19264879822731015
0.22344988584518433
0.2388819456100464
0.2070946991443634
0.16655120253562927
0.18868368864059448
0.23148858547210693
0.20576068758964536
0.18435746431350708
0.2346666157245636
0.2189716994762421
0.21006500720977783
0.17801997065544128
0.1917768120765686
0.17214223742485046
0.21057575941085813
0.13826382160186768
0.20122292637825007
0.1901020705699921
0.1829346716403961
0.21969822049140927
0.17321929335594177
0.1842614710330963
0.15307775139808655
0.16143453121185303
0.17702868580818176
0.1853753626346588
0.1864759922027588
0.20010110735893247
0.14807726442813873
0.17670464515686035
0.20762389898300168
0.25348350405693054
0.193376898765564
0.16536593437194824
0.1341104358434677
0.19026535749435425
0.23591986298561096
0.22854635119438169
0.1602041721343994
0.16718798875808716
0.17358270287513733
0.16329306364059448
0.16861435770988464
0.18231019377708435
0.18738102912902832
0.18053951859474185
0.21964457631111145
0.21290478110313413
0.20027604699134824
0.1810648739337921
0.15925195813179016
0.25120103359222407
0.17946654558181763
0.20087602734565732
0.21564847230911252
0.19036975502967837
0.18151620030403137
0.198553204536438
0.16960498690605164
0.195369154214859
0.21043220162391665
0.185285359621048
0.2087306082248688
0.18584963679313657
0.15148413181304932
0.18717142939567563
0.19253218173980713
0.20210710167884824
0.11247739195823668
0.19909977912902832
0.18981754779815677
0.1368142068386078
0.19911733269691467
0.14703789353370667
0.225383460521698
0.21552741527557373
0.16833144426345825
0.1989000737667084
0.24024823307991028
0.20831236243247983
0.18980911374092105
0.20722147822380063
0.1872288286685944
0.13329970836639404
0.19994905591011047
0.22276002168655396
0.1546894013881683
0.21874645352363584
0.18560475111007688
0.19249296188354487
0.19363188743591309
0.2167135775089264
0.17844158411026
0.18171873688697812
0.19914662837982175
0.176763653755188
0.26658689975738525
0.17221805453300476
0.16565775871276855
0.2035696804523468
0.1676456332206726
0.19821384549140927
0.2275209128856659
0.2346017062664032
0.2002370357513428
0.17334595322608948
0.1963999569416046
0.1792949140071869
0.16569405794143677
0.184714674949646
0.19224542379379272
0.21911734342575076
0.18770104646682736
0.19300049543380737
0.18051597476005557
0.14911979436874387
0.17310726642608643
0.1887914538383484
0.2148969769477844
0.17423036694526672
0.1980979144573212
0.20019891858100888
0.18961021304130557
0.21158158779144287
0.15620574355125427
0.15312030911445615
0.19297918677330017
0.19864362478256223
0.22340482473373413
0.2679305672645569
0.21077120304107663
0.25080206990242004
0.217194527387619
0.144189715385437
0.187873899936676
0.16971632838249207
0.20808187127113345
0.1748625636100769
0.18577709794044492
0.22654733061790464
0.19998687505722043
0.1462751030921936
0.16384828090667725
0.19816616177558896
0.21901145577430725
0.201045036315918
0.1750856041908264
0.1558380424976349
0.19110384583473203
0.16475799679756165
0.18823164701461792
0.28317651152610773
0.17919176816940308
0.21751129627227783
0.14101716876029968
0.2306189239025116
0.16657543182373047
0.15937462449073792
0.18199485540390012
0.22181403636932373
0.17140692472457883
0.17660772800445557
0.2068697214126587
0.1578160524368286
0.1718648076057434
0.2177302837371826
0.16383421421051023
0.16298732161521912
0.20321935415267944
0.19589728116989133
0.13055211305618286
0.21877789497375488
0.1660157740116119
0.1937023401260376
0.20883947610855105
0.200720489025116
0.191324383020401
0.189041405916214
0.1799667775630951
0.2115882039070129
0.1867773532867432
0.18855324387550357
0.16517114639282227
0.16059204936027527
0.17673853039741516
0.19179505109786987
0.1956535875797272
0.21672740578651428
0.179045170545578
0.19051393866539
0.16055795550346375
0.20060694217681885
0.18011000752449036
0.21584793925285337
0.19884827733039853
0.1910197734832764
0.155437171459198
0.16783881187438965
0.1963393986225128
0.20883652567863464
0.20346152782440183
0.19470384716987607
0.21643218398094177
0.19977402687072757
0.25139734148979187
0.179982990026474
0.19124090671539304
0.1752435266971588
0.1896349191665649
0.2171551883220673
0.18496632575988767
0.21057605743408203
0.19478866457939148
0.21636274456977844
0.17571887373924255
0.2008096277713776
0.16807952523231506
0.1430845558643341
0.2199062407016754
0.1114215925335884
0.1904807090759277
0.18750181794166565
0.14191308617591855
0.1734076142311096
0.1454574465751648
0.1554456353187561
0.21944808959960935
0.21567726135253903
0.18684548139572144
0.16680550575256348
0.19996023178100583
0.2043425738811493
0.18469467759132385
0.19557470083236692
0.1997990012168884
0.22672021389007568
0.15533554553985596
0.19055116176605225
0.22296881675720212
0.18313241004943848
0.20526939630508423
0.15164101123809814
0.2094155251979828
0.21765074133872983
0.222817987203598
0.2031252682209015
0.20609432458877563
0.2144136726856232
0.17787325382232666
0.13650625944137573
0.167648583650589
0.2581235468387604
0.2164054811000824
0.22409138083457944
0.19726410508155823
0.25373446941375727
0.19404855370521543
0.21690014004707336
0.1782783567905426
0.1635068655014038
0.14822615683078763
0.19952797889709473
0.19660037755966184
0.18674948811531064
0.17023685574531555
0.14783209562301636
0.2085707187652588
0.1495378613471985
0.23135250806808472
0.22425296902656555
0.1821874976158142
0.1653196811676025
0.1765078902244568
0.193439781665802
0.1949339210987091
0.17822209000587463
0.22167551517486567
0.1945335566997528
0.20826491713523865
0.18942320346832275
0.19069272279739377
0.14143970608711243
0.16935065388679504
0.19544267654418945
0.19800502061843872
0.23526072502136233
0.23604354262351987
0.20250728726387024
0.21804910898208615
0.1751302182674408
0.16159972548484802
0.1506044864654541
0.2082984447479248
0.1684226393699646
0.17908203601837158
0.1841437518596649
0.12732887268066406
0.16811448335647583
0.16802179813385007
0.20555064082145688
0.1743621826171875
0.20001137256622317
0.2064171135425568
0.17321237921714783
0.14678029716014862
0.16751608252525327
0.2027499973773956
0.17242562770843503
0.2464909851551056
0.17808818817138672
0.17742913961410522
0.18569552898406985
0.14735294878482819
0.19209566712379453
0.18774837255477905
0.24589273333549497
0.18086928129196167
0.17471912503242493
0.1670418679714203
0.13965576887130737
0.18502697348594663
0.1731172800064087
0.15368959307670593
0.18744981288909912
0.178125262260437
0.1715911626815796
0.14685145020484924
0.20323708653450007
0.2081628143787384
0.14002922177314758
0.1531831920146942
0.2119961977005005
0.2442453503608704
0.19416308403015137
0.27656289935112
0.18209964036941528
0.18773362040519717
0.19837641716003415
0.16583552956581116
0.2447936236858368
0.20215395092964167
0.16576477885246277
0.1955900490283966
0.17036420106887817
0.1655115783214569
0.1888878047466278
0.19151777029037476
0.18792495131492612
0.19160032272338867
0.1933433711528778
0.18137249350547793
0.15603116154670715
0.19165658950805664
0.16188162565231323
0.14667445421218872
0.21043530106544492
0.23343855142593384
0.22566288709640503
0.2185024321079254
0.2004917562007904
0.2266303300857544
0.15959894657135007
0.19237589836120603
0.1527109444141388
0.13511696457862854
0.16570204496383667
0.18007633090019226
0.18940484523773196
0.16504868865013123
0.1798647940158844
0.22063291072845456
0.16324475407600403
0.19025063514709473
0.2281064987182617
0.20913121104240415
0.17746612429618835
0.15061902999877927
0.19376322627067563
0.23472249507904047
0.1808278858661652
0.1609760224819183
0.20541971921920776
0.167969673871994
0.1973710060119629
0.17058661580085754
0.18661537766456604
0.20650282502174375
0.14933153986930847
0.1797071397304535
0.19160756468772888
0.21157702803611755
0.15768250823020935
0.19423252344131467
0.1472882330417633
0.193544864654541
0.16549253463745117
0.18136268854141235
0.1325932741165161
0.1832923889160156
0.19461077451705927
0.17439523339271543
0.19455420970916748
0.17015516757965088
0.15332308411598203
0.1659085750579834
0.252591609954834
0.14516025781631467
0.18478471040725708
0.1885877549648285
0.20666348934173584
0.1411762833595276
0.19987183809280396
0.19599676132202148
0.2105906009674072
0.1814310252666473
0.20432743430137637
0.15844249725341797
0.1854635179042816
0.16663753986358643
0.16421228647232056
0.17400911450386047
0.1824192106723785
0.22845685482025144
0.19433677196502683
0.2057410180568695
0.1066753715276718
0.16796228289604187
0.17829680442810059
0.15933063626289368
0.19368639588356015
0.18024045228958127
0.1187855675816536
0.17859050631523132
0.20195677876472476
0.1916378438472748
0.19312822818756104
0.19149035215377808
0.20264893770217893
0.217024028301239
0.20161879062652588
0.1892088353633881
0.18545442819595337
0.24620142579078677
0.24155545234680173
0.1897428035736084
0.21625265479087827
0.1575872302055359
0.23529362678527832
0.1930833160877228
0.19204300642013547
0.14877134561538696
0.18062585592269895
0.18753138184547424
0.22664844989776609
0.16443601250648499
0.15831580758094788
0.18341282010078433
0.19019481539726257
0.13707631826400757
0.2050562798976898
0.20030856132507324
0.230844646692276
0.13598796725273132
0.20787772536277768
0.14903095364570615
0.2164821028709412
0.20421373844146729
0.15633806586265564
0.20932066440582275
0.1747366189956665
0.16173014044761655
0.164922297000885
0.15552830696105957
0.1936051249504089
0.17785567045211792
0.1327902227640152
0.17090895771980283
0.1637517511844635
0.15952888131141663
0.17467403411865234
0.191971093416214
0.18950629234313965
0.19435021281242368
0.19348853826522827
0.23198166489601132
0.20311450958251956
0.21493074297904968
0.2199907600879669
0.1709155440330505
0.17799004912376404
0.16079828143119812
0.16773763298988342
0.15965476632118225
0.23820137977600095
0.17367276549339294
0.1477753221988678
0.20383307337760925
0.14330920577049255
0.24732139706611636
0.20916870236396787
0.2158564329147339
0.2035544514656067
0.19296336174011233
0.15374094247817993
0.18001478910446167
0.19558268785476685
0.21076178550720212
0.1573396623134613
0.17737308144569397
0.21047198772430417
0.16386026144027707
0.18152517080307007
0.2151547372341156
0.12403953820466997
0.18767333030700684
0.18258360028266904
0.21552652120590207
0.16547071933746335
0.212300568819046
0.18664050102233887
0.13940048217773435
0.14848425984382627
0.19453659653663635
0.1800788640975952
0.16948047280311584
0.20445340871810916
0.2523572146892548
0.1714564561843872
0.21572545170784
0.20455914735794067
0.19412004947662356
0.11599019914865492
0.15286532044410703
0.1878698766231537
0.21700203418731687
0.18347150087356567
0.1697694361209869
0.17715364694595337
0.24378749728202817
0.17125290632247925
0.21934378147125244
0.1985677778720856
0.10756965726613998
0.18641197681427
0.20272505283355713
0.17674365639686584
0.20408338308334353
0.21528601646423337
0.21656543016433716
0.19561496376991272
0.2018992304801941
0.2032041549682617
0.18737950921058652
0.2305484116077423
0.14365024864673615
0.21629345417022705
0.1786486804485321
0.2012110948562622
0.19914853572845456
0.2098889648914337
0.1922512650489807
0.18263113498687744
0.16576281189918518
0.18993511795997617
0.17027270793914795
0.19699680805206296
0.18539112806320193
0.16251498460769653
0.16664358973503113
0.20734763145446777
0.1814688146114349
0.21858268976211548
0.19429585337638852
0.2066204249858856
0.14280149340629575
0.13500234484672546
0.17003044486045835
0.2006526291370392
0.14705920219421387
0.19746750593185425
0.16980689764022827
0.21210473775863647
0.1773034632205963
0.1904555559158325
0.17618659138679504
0.16904503107070923
0.18312156200408933
0.1777735948562622
0.20451870560646057
0.16410115361213684
0.24178943037986755
0.2178335189819336
0.1895295083522797
0.18653208017349243
0.16851162910461423
0.23252511024475095
0.1670178771018982
0.21464276313781736
0.1362174153327942
0.17442172765731812
0.18315908312797544
0.21745228767395017
0.16615551710128784
0.19107156991958615
0.14048966765403748
0.20809331536293027
0.21731504797935483
0.234444797039032
0.1813606917858124
0.19337952136993408
0.174803227186203
0.19806355237960813
0.20381689071655276
0.15367361903190613
0.14879602193832395
0.21218404173851013
0.17719608545303345
0.15714675188064575
0.16740867495536804
0.1829404830932617
0.21210768818855283
0.20282793045043945
0.14380869269371033
0.1634237170219421
0.2122551202774048
0.1923312544822693
0.19255930185317996
0.18622827529907224
0.25107645988464355
0.16965621709823608
0.18403282761573792
0.21912360191345212
0.2154192328453064
0.09329398721456528
0.1477336883544922
0.15105465054512024
0.18770617246627808
0.15698105096817017
0.18222114443778992
0.17251211404800415
0.19320395588874817
0.18045619130134585
0.1580696702003479
0.17369839549064636
0.1864262223243713
0.16105782985687256
0.21815046668052676
0.17266240715980527
0.16959089040756223
0.20291981101036072
0.176667720079422
0.19197747111320493
0.20212173461914065
0.16714158654212952
0.204799085855484
0.19939076900482175
0.18190008401870728
0.15811210870742795
0.1826956272125244
0.23853620886802676
0.22036832571029663
0.19012147188186643
0.18113189935684204
0.17093950510025024
0.1825457215309143
0.2321551740169525
0.21982997655868527
0.2181028425693512
0.16633746027946472
0.21334359049797055
0.22112002968788144
0.22326618432998657
0.17262616753578186
0.13785108923912048
0.17161771655082703
0.17981496453285217
0.219870001077652
0.21901962161064148
0.18303200602531436
0.20106154680252075
0.16033518314361572
0.17855745553970337
0.19404152035713196
0.1721237301826477
0.18027243018150327
0.1777113378047943
0.17929953336715698
0.18748018145561215
0.2649989724159241
0.21296754479408264
0.1860668361186981
0.13613861799240112
0.17288780212402344
0.2114761173725128
0.20107007026672363
0.21916308999061584
0.1545661687850952
0.18024244904518127
0.15955695509910583
0.2021698355674744
0.22146242856979367
0.15834364295005798
0.2350417673587799
0.1965758502483368
0.20699918270111084
0.21131381392478943
0.1325852870941162
0.24510031938552856
0.20863643288612363
0.14939752221107483
0.20877060294151303
0.19407156109809875
0.2056000232696533
0.23193088173866272
0.19907361268997192
0.1656377613544464
0.23728033900260925
0.1941225826740265
0.1815544366836548
0.17612117528915405
0.21164140105247495
0.19919440150260925
0.15920111536979675
0.1938614845275879
0.1506655216217041
0.19674006104469297
0.2266726195812225
0.26691919565200806
0.1845537722110748
0.19922786951065063
0.18764805793762207
0.2061245143413544
0.21586832404136655
0.24157491326332087
0.1889364123344421
0.19799599051475525
0.20905050635337827
0.2078443467617035
0.18747952580451965
0.18296936154365537
0.1577686071395874
0.18597197532653809
0.20203787088394165
0.1733773648738861
0.17481780052185059
0.2308942675590515
0.17516925930976868
0.15628933906555176
0.18503975868225095
0.20697426795959473
0.1407313048839569
0.21023386716842649
0.13755017518997192
0.18135350942611692
0.2050863206386566
0.193478524684906
0.18427070975303647
0.18977704644203183
0.1986801326274872
0.1746898889541626
0.16777676343917847
0.19488266110420227
0.18406963348388672
0.19847774505615237
0.15874198079109192
0.198761522769928
0.18393456935882568
0.18692830204963684
0.1467534303665161
0.18782699108123777
0.15410611033439636
0.1742720603942871
0.18485569953918457
0.18998533487319944
0.20162877440452573
0.2039756178855896
0.2224605083465576
0.17532160878181455
0.15638399124145508
0.19643360376358032
0.17416679859161377
0.1911184787750244
0.15103614330291748
0.250641405582428
0.21531447768211365
0.22096359729766843
0.1478199064731598
0.2066163718700409
0.1839952766895294
0.1477118730545044
0.21023571491241452
0.19548133015632627
0.1901920437812805
0.17564690113067627
0.1793023645877838
0.216025173664093
0.19875836372375488
0.1664579212665558
0.15476268529891968
0.210065633058548
0.19238254427909848
0.18695533275604248
0.20159798860549927
0.1782016158103943
0.21668335795402527
0.21518802642822263
0.16659307479858398
0.21316218376159668
0.20822128653526303
0.14688917994499207
0.25911229848861694
0.19894060492515564
0.1902567148208618
0.19261008501052856
0.1964555382728577
0.1753166615962982
0.2002241611480713
0.20912697911262512
0.20451176166534424
0.18930366635322568
0.23602724075317383
0.2120090126991272
0.21404132246971128
0.17367324233055115
0.20574554800987244
0.1629074513912201
0.19375500082969663
0.190925657749176
0.16791146993637085
0.15692001581192017
0.1570320427417755
0.20619305968284607
0.20606282353401184
0.19624212384223935
0.1432361602783203
0.1810932457447052
0.19130277633666992
0.18967184424400327
0.10407152026891708
0.17713001370429993
0.1493569016456604
0.20097252726554873
0.15901219844818115
0.18774154782295227
0.210306853055954
0.22770988941192624
0.23289522528648376
0.17859181761741638
0.20013266801834104
0.16570761799812317
0.16386091709136963
0.1868362128734589
0.20922976732254028
0.19829887151718137
0.20469596982002256
0.21191728115081787
0.16610252857208252
0.15947946906089783
0.2084467709064484
0.1635008156299591
0.21610602736473083
0.14993590116500854
0.19293424487113953
0.2165012359619141
0.2250092029571533
0.19170129299163816
0.20234087109565732
0.18088573217391968
0.19649329781532288
0.15238380432128906
0.20046299695968628
0.2030931115150452
0.1868381500244141
0.2028931677341461
0.1799485981464386
0.2025969624519348
0.1805213689804077
0.20653855800628665
0.2009992003440857
0.18978792428970337
0.16273504495620728
0.17645829916000366
0.18985694646835327
0.16041710972785947
0.16818752884864807
0.16414755582809448
0.18517884612083435
0.180164098739624
0.18855291604995728
0.17881834506988523
0.21316444873809812
0.18743655085563657
0.20528918504714963
0.2029961049556732
0.2091151475906372
0.234134703874588
0.2020059823989868
0.2517583966255188
0.148888498544693
0.1747296154499054
0.20128971338272092
0.2128746211528778
0.1852917969226837
0.18160557746887207
0.2122948467731476
0.20383676886558527
0.20599892735481265
0.149541974067688
0.23598921298980713
0.18881916999816892
0.20181578397750852
0.20895892381668088
0.1998825967311859
0.1658860146999359
0.15875205397605896
0.20251744985580444
0.16820451617240903
0.1942474842071533
0.17651093006134033
0.1783824861049652
0.20326381921768188
0.159426748752594
0.17418906092643735
0.1886907517910004
0.19086411595344543
0.18720695376396176
0.16157284379005432
0.16875809431076047
0.18533679842948916
0.20582339167594907
0.18984022736549375
0.1848675906658173
0.19796964526176447
0.2005992829799652
0.2018836736679077
0.20892539620399475
0.2310892641544342
0.11886964738368988
0.1789687871932983
0.2309153378009796
0.16013503074645996
0.16413313150405884
0.16575199365615845
0.17353418469429016
0.21869710087776184
0.14283615350723267
0.1804073452949524
0.203706294298172
0.2033403515815735
0.1347915232181549
0.18795216083526609
0.18141540884971616
0.20245826244354248
0.1832972466945648
0.16829434037208557
0.17263969779014587
0.19782066345214844
0.2067092657089233
0.19247701764106753
0.14988642930984497
0.22434136271476743
0.21302729845047
0.18742635846138
0.22898823022842407
0.1923059821128845
0.22790485620498657
0.1991391479969025
0.20143175125122073
0.21381258964538571
0.2087019383907318
0.219424307346344
0.24086573719978327
0.17500579357147217
0.24727174639701843
0.19021499156951904
0.1805228888988495
0.20123910903930664
0.19530630111694333
0.19029393792152405
0.22814488410949707
0.16463512182235715
0.21844425797462463
0.20355194807052607
0.17785629630088806
0.1736067831516266
0.17115575075149536
0.19817101955413816
0.17306503653526306
0.2201606035232544
0.23254996538162231
0.19611310958862305
0.17356327176094055
0.1491912603378296
0.16694289445877075
0.14558556675910947
0.16105297207832336
0.17531850934028623
0.20091241598129272
0.1606816053390503
0.19159457087516785
0.2076975703239441
0.18348893523216248
0.21326380968093872
0.24214118719100952
0.1539795994758606
0.16815680265426636
0.19156375527381897
0.1832467615604401
0.157548189163208
0.20635518431663516
0.2071987092494965
0.13246619701385498
0.17889246344566345
0.1547328233718872
0.19486328959465024
0.2227957844734192
0.14511698484420776
0.21148160099983213
0.17189511656761167
0.1816105842590332
0.1328684389591217
0.21604818105697632
0.20622789859771729
0.16865792870521543
0.22017070651054385
0.20779165625572205
0.20902496576309204
0.1785578429698944
0.23704287409782407
0.1901021599769592
0.1598910689353943
0.26544222235679626
0.17771247029304504
0.22189199924468997
0.16422149538993835
0.1866132020950317
0.20452260971069333
0.20078271627426147
0.22374880313873288
0.19440060853958127
0.24400103092193604
0.1674633026123047
0.1775607466697693
0.18067070841789243
0.23914748430252075
0.1245356798171997
0.19283741712570193
0.22949096560478208
0.2089262008666992
0.21644049882888797
0.14876937866210935
0.2237452566623688
0.1608419120311737
0.212011843919754
0.18408897519111636
0.17122960090637207
0.1650998294353485
0.19187748432159424
0.18005624413490295
0.14781224727630615
0.188442587852478
0.21134683489799497
0.1743094027042389
0.1862839162349701
0.1935617923736572
0.1436234712600708
0.2074697911739349
0.21749818325042725
0.17481517791748047
0.2099590301513672
0.15952324867248535
0.2031361162662506
0.20183274149894717
0.22662201523780823
0.21182370185852048
0.16390171647071838
0.22108757495880127
0.18850719928741452
0.1851977705955505
0.22083991765975952
0.1533188819885254
0.1774071455001831
0.1928904056549072
0.16128817200660703
0.16458377242088315
0.1719384491443634
0.19474560022354123
0.1976361870765686
0.19225141406059265
0.1602460741996765
0.2045878767967224
0.1843900680541992
0.17627698183059692
0.2028034031391144
0.15120750665664673
0.2546989619731903
0.16224819421768188
0.14433243870735168
0.1636194884777069
0.20986571907997129
0.21522074937820437
0.21760502457618716
0.17654606699943542
0.17282268404960632
0.19210779666900635
0.134503036737442
0.1758657693862915
0.1878653168678284
0.20466008782386777
0.16350489854812622
0.22128111124038696
0.15466094017028809
0.20697981119155884
0.1628606617450714
0.18389517068862915
0.1863124966621399
0.23822632431983948
0.1660076081752777
0.19371309876441956
0.18532171845436096
0.1765488088130951
0.19330731034278867
0.20104575157165527
0.2212775647640228
0.14680853486061096
0.19624307751655576
0.17232096195220947
0.20966002345085144
0.2251235246658325
0.18608447909355164
0.15878894925117493
0.1527768075466156
0.1797215640544891
0.19293186068534848
0.1892026662826538
0.15748336911201477
0.22069913148880005
0.18348452448844907
0.19657102227211
0.18510201573371887
0.16963037848472595
0.1899414658546448
0.1433662176132202
0.1794818937778473
0.09994059056043626
0.15478873252868652
0.20274886488914487
0.17490917444229123
0.20310351252555847
0.20907378196716309
0.22148627042770383
0.1784650683403015
0.1738891899585724
0.12095067650079729
0.2009335160255432
0.20220312476158145
0.19248494505882263
0.13546016812324524
0.1907368302345276
0.15481454133987427
0.19177216291427607
0.16401925683021543
0.19218251109123227
0.19882237911224365
0.19094422459602356
0.17523914575576782
0.18118008971214292
0.23486608266830444
0.19964131712913516
0.1683376431465149
0.19961729645729065
0.19184777140617368
0.15660014748573303
0.2229954302310944
0.16049054265022275
0.1890782415866852
0.1805574893951416
0.21257361769676208
0.18266925215721128
0.2216874063014984
0.23824134469032288
0.18843671679496765
0.14296095073223114
0.20165175199508664
0.1399160623550415
0.1812347173690796
0.20402392745018005
0.21139845252037048
0.16959726810455322
0.1714998185634613
0.17967596650123596
0.205590695142746
0.21491229534149167
0.1765296757221222
0.17440110445022583
0.1587318480014801
0.18860724568367004
0.21176952123641968
0.2002796828746796
0.17222702503204343
0.17562437057495117
0.2342384457588196
0.1997743546962738
0.1976976990699768
0.2117126286029816
0.16545361280441284
0.2037818133831024
0.21642756462097168
0.1926818490028381
0.17590543627738953
0.2117745876312256
0.1618138551712036
0.197368323802948
0.20645919442176816
0.15123403072357175
0.2229524850845337
0.19110426306724548
0.20122063159942624
0.1768397092819214
0.17048656940460205
0.1649452447891235
0.12740996479988098
0.19507768750190732
0.21058824658393857
0.20292305946350095
0.1927297413349152
0.17495280504226685
0.20811611413955688
0.2197285890579224
0.22412747144699097
0.19903388619422913
0.2038477063179016
0.21494802832603452
0.21498742699623108
0.19597244262695312
0.2091771364212036
0.22512540221214292
0.17271080613136292
0.2215632200241089
0.2256813645362854
0.23267912864685056
0.21447825431823728
0.20834866166114807
0.21006688475608823
0.2533811926841736
0.1993691325187683
0.1897106766700745
0.20555701851844788
0.2118004262447357
0.2247564792633057
0.16599661111831665
0.20584127306938169
0.19979694485664368
0.16466617584228516
0.20472654700279236
0.2083630263805389
0.17234471440315247
0.18418240547180173
0.1950470507144928
0.21045625209808347
0.13877609372138977
0.2073589265346527
0.1698162853717804
0.18952119350433347
0.19153931736946103
0.20857816934585569
0.1774330735206604
0.16851744055747983
0.1844496726989746
0.183724045753479
0.19167801737785337
0.19458132982254028
0.20522063970565796
0.1379261612892151
0.2042715549468994
0.20459064841270447
0.1827305257320404
0.20744675397872925
0.2714484930038452
0.17236700654029846
0.1577678620815277
0.18850690126419067
0.16986525058746335
0.21973732113838196
0.17582258582115173
0.17265594005584717
0.19861778616905207
0.19200539588928223
0.20532840490341184
0.1820196509361267
0.20403724908828733
0.18765562772750852
0.1869538128376007
0.2223150134086609
0.20445862412452695
0.22369703650474548
0.13980531692504883
0.1971416175365448
0.17484453320503235
0.21969318389892575
0.1576576828956604
0.17006385326385498
0.16939449310302734
0.16484621167182922
0.1697973906993866
0.16937324404716492
0.1552833914756775
0.1514030396938324
0.16316261887550354
0.19501954317092893
0.17299547791481018
0.18230244517326355
0.20897045731544492
0.18948677182197568
0.16213613748550415
0.21324869990348813
0.22798424959182736
0.1975491940975189
0.19536262750625608
0.1664004027843475
0.18785887956619263
0.17591276764869687
0.18370383977890012
0.1389513611793518
0.13687874376773834
0.19450116157531736
0.1953502297401428
0.16915950179100037
0.1984367668628693
0.16012442111968994
0.147388756275177
0.18751320242881772
0.2113754749298096
0.1678132116794586
0.1824289560317993
0.20846036076545715
0.20557099580764768
0.1867288947105408
0.2086647152900696
0.1646830439567566
0.176812082529068
0.21601173281669617
0.1602526605129242
0.17107373476028442
0.2410343289375305
0.21307587623596191
0.19206738471984863
0.20150661468505857
0.18795377016067505
0.15595006942749023
0.2038225829601288
0.226997971534729
0.17948853969573975
0.21034982800483704
0.1845555603504181
0.17951732873916623
0.14569362998008728
0.198308527469635
0.188327819108963
0.18347108364105225
0.18505901098251343
0.24072441458702087
0.2309629023075104
0.19176483154296875
0.184465616941452
0.1689433455467224
0.21176913380622864
0.1917426884174347
0.170963853597641
0.1833459436893463
0.19190379977226257
0.2178247570991516
0.17247876524925232
0.2364062666893005
0.19066181778907773
0.20402106642723083
0.1669102907180786
0.2545911371707916
0.1963028907775879
0.17331629991531372
0.18942847847938535
0.19664093852043152
0.21483957767486567
0.1755537390708923
0.17118090391159055
0.1665659248828888
0.21169722080230713
0.20707595348358157
0.17944076657295227
0.15639427304267883
0.1659182608127594
0.20166456699371335
0.17987671494483948
0.20482194423675537
0.17739200592041016
0.2108970284461975
0.1358141005039215
0.17938777804374695
0.1933632791042328
0.23891445994377136
0.2119999527931213
0.23583939671516416
0.17207396030426023
0.2217964231967926
0.21487873792648315
0.20054247975349423
0.24978220462799072
0.1818198561668396
0.2065149247646332
0.20159319043159485
0.17801105976104736
0.18031194806098935
0.16581475734710693
0.18098512291908264
0.14923778176307678
0.178866446018219
0.16245588660240173
0.21982222795486447
0.20282253623008728
0.15724995732307434
0.1949159204959869
0.2106186151504517
0.1752016246318817
0.1610123515129089
0.18213984370231628
0.2255635857582092
0.2040716111660004
0.18693864345550537
0.14955955743789673
0.1789478063583374
0.1497807800769806
0.27594450116157526
0.1550908088684082
0.21224182844161987
0.22169736027717593
0.18895488977432248
0.1624794900417328
0.17369759082794187
0.18318241834640503
0.22606626152992249
0.20589506626129153
0.19849252700805664
0.1309816837310791
0.2045800089836121
0.1522912085056305
0.235258549451828
0.15400648117065427
0.18932262063026428
0.20465874671936035
0.1932747960090637
0.1927342712879181
0.2161160707473755
0.18923011422157288
0.17855197191238403
0.17696601152420044
0.22922202944755557
0.17603299021720886
0.20267128944396967
0.2278703451156616
0.2050822675228119
0.1995714902877808
0.19187253713607788
0.19794031977653503
0.18713989853858948
0.19055676460266116
0.20328417420387268
0.2105136215686798
0.21587514877319333
0.2156167924404144
0.19978180527687073
0.18464231491088867
0.1411025822162628
0.20364195108413696
0.20035576820373532
0.22495546936988833
0.19728058576583865
0.20070093870162964
0.1786677837371826
0.1871955096721649
0.2189903259277344
0.18189820647239685
0.18556594848632807
0.22077366709709167
0.2095811367034912
0.17716261744499207
0.15962988138198853
0.15117448568344116
0.18446218967437744
0.1834240555763245
0.16309905052185059
0.18175897002220157
0.1709698736667633
0.21795490384101868
0.18296357989311215
0.1495690643787384
0.19494619965553284
0.21579590439796448
0.24140626192092893
0.20710444450378415
0.20527628064155576
0.2690896391868592
0.16674378514289856
0.188689649105072
0.19518673419952393
0.15589669346809387
0.15026059746742249
0.12664189934730527
0.16950324177742004
0.1916611194610596
0.20883631706237793
0.2453041672706604
0.19096964597702024
0.22610577940940857
0.18259763717651367
0.17699584364891052
0.17727917432785034
0.1596369445323944
0.18219852447509763
0.1906718611717224
0.2217863202095032
0.2257669568061829
0.16336888074874875
0.2452179789543152
0.19378164410591123
0.12379635870456696
0.2117948532104492
0.22174605727195737
0.20725199580192563
0.14433538913726807
0.17410001158714294
0.2201113998889923
0.2243952453136444
0.21223992109298703
0.16935893893241882
0.14915403723716736
0.15682509541511536
0.1700625717639923
0.20187899470329285
0.19505810737609863
0.16458499431610107
0.22886374592781064
0.16299301385879517
0.13164304196834564
0.1861745119094849
0.1925135850906372
0.1848042607307434
0.18308985233306885
0.15347036719322205
0.17953839898109436
0.2232481837272644
0.20237261056900024
0.19921875
0.196033239364624
0.20156928896903992
0.14020578563213348
0.2057485580444336
0.19509613513946533
0.20580646395683289
0.16129428148269653
0.16285023093223572
0.213850200176239
0.22037816047668457
0.19524899125099185
0.1864895224571228
0.184341698884964
0.1879398822784424
0.20457962155342105
0.20451804995536804
0.19727182388305664
0.21593016386032104
0.19412723183631897
0.18279582262039185
0.2066437602043152
0.21581634879112244
0.18259820342063904
0.19706675410270688
0.2037871479988098
0.18734437227249143
0.15006253123283386
0.18128380179405207
0.21032899618148804
0.18403699994087216
0.19324323534965515
0.1807163059711456
0.22434550523757932
0.15416312217712402
0.17450332641601562
0.2237786054611206
0.2018231749534607
0.16845494508743286
0.18005022406578064
0.18201816082000727
0.2071959376335144
0.18238598108291623
0.19583940505981445
0.20914578437805173
0.18331429362297055
0.17071974277496335
0.18640214204788208
0.1880629062652588
0.17651942372322083
0.21886304020881647
0.16968539357185364
0.19545727968215945
0.20659467577934265
0.17199262976646423
0.22068610787391665
0.18288481235504153
0.2025582492351532
0.2030242681503296
0.17455404996871948
0.14542490243911743
0.17727839946746826
0.21775430440902707
0.1815988123416901
0.18659362196922305
0.14628244936466217
0.19162294268608093
0.18786653876304624
0.17032086849212646
0.19170710444450376
0.15346774458885193
0.17614203691482544
0.2194107472896576
0.1847160756587982
0.16913926601409912
0.2014186382293701
0.17247051000595093
0.13893139362335205
0.14878620207309723
0.1792856752872467
0.21517661213874817
0.16937437653541565
0.19551232457160947
0.1866086423397064
0.19259732961654663
0.150849312543869
0.16614019870758057
0.1725567877292633
0.20823124051094052
0.184295266866684
0.20572105050086972
0.14999422430992126
0.1711665391921997
0.1769917905330658
0.17612209916114807
0.1787702441215515
0.17296424508094788
0.19379234313964844
0.1687658131122589
0.23944696784019473
0.1623842418193817
0.13656972348690033
0.20912960171699524
0.1861379146575928
0.16769078373908997
0.194860965013504
0.1417213678359985
0.1803860664367676
0.15643292665481567
0.1283608376979828
0.17278912663459775
0.17604497075080872
0.23819488286972043
0.17614445090293884
0.2229216992855072
0.24853056669235227
0.2071879208087921
0.1778879165649414
0.15974140167236328
0.21702414751052856
0.16222289204597473
0.1565730571746826
0.17877984046936035
0.21985691785812375
0.19429641962051392
0.21133777499198916
0.188997745513916
0.19505006074905396
0.15772143006324768
0.21675649285316467
0.20458453893661496
0.21990251541137693
0.19947773218154907
0.20769259333610532
0.18265762925148007
0.17476454377174375
0.20412781834602356
0.2211720049381256
0.19103896617889404
0.15552717447280884
0.2067725658416748
0.19663706421852112
0.22647550702095032
0.2019846737384796
0.15436318516731262
0.21245393157005313
0.203384667634964
0.18631294369697568
0.164957195520401
0.20461714267730713
0.19390559196472168
0.22248139977455136
0.1524527072906494
0.16363772749900815
0.20724597573280332
0.20568633079528809
0.12826980650424957
0.2081029713153839
0.17967957258224487
0.14049163460731506
0.16950124502182007
0.1996342241764069
0.2279554307460785
0.2045476734638214
0.18858325481414795
0.20413184165954587
0.21157389879226685
0.20216861367225647
0.1911747455596924
0.18252450227737424
0.18496388196945193
0.17636260390281677
0.16145625710487363
0.14717808365821838
0.17656755447387695
0.16832956671714783
0.22571179270744324
0.17180299758911133
0.1573352813720703
0.22573876380920407
0.2385690212249756
0.18980464339256287
0.21666210889816284
0.22277984023094177
0.18877428770065308
0.167179673910141
0.1645658314228058
0.19184917211532593
0.1905110776424408
0.2212224304676056
0.2271308600902557
0.22019246220588684
0.2291884422302246
0.1959332823753357
0.20706400275230408
0.15248095989227295
0.20738750696182248
0.23177346587181089
0.21356621384620664
0.17758983373641968
0.2009762227535248
0.15975576639175415
0.1625857055187225
0.20162758231163025
0.188780814409256
0.17394402623176575
0.12213432788848876
0.16893115639686584
0.1415376216173172
0.192475825548172
0.17239105701446533
0.20859253406524655
0.1546933352947235
0.1803816258907318
0.19176355004310608
0.19512182474136353
0.24477460980415344
0.21317368745803836
0.16711929440498352
0.14047658443450928
0.15762004256248474
0.17298930883407593
0.25033727288246155
0.19582843780517575
0.1686352789402008
0.18538776040077207
0.14311800897121427
0.22474756836891172
0.2541118860244751
0.2183460295200348
0.21064266562461853
0.19090518355369568
0.14278241991996765
0.20146232843399048
0.20320126414299008
0.17406949400901794
0.15922749042510986
0.17795801162719727
0.1938401758670807
0.18686041235923767
0.19788202643394473
0.19652071595191956
0.19051757454872129
0.19150632619857788
0.23358193039894104
0.1925925314426422
0.19018983840942383
0.17854279279708862
0.19459158182144165
0.19285669922828677
0.1519130766391754
0.18878576159477237
0.18527019023895264
0.2408783435821533
0.16359838843345642
0.18469005823135373
0.20380625128746033
0.1805174946784973
0.16412150859832764
0.19429054856300357
0.21981880068778992
0.22163373231887817
0.2031857073307037
0.17243856191635132
0.17820453643798828
0.19713222980499268
0.19943225383758545
0.24244678020477292
0.1917618215084076
0.18567413091659543
0.15544843673706055
0.1764301359653473
0.13653260469436643
0.21620553731918332
0.20180106163024905
0.21560969948768613
0.16854500770568848
0.1876182854175568
0.1570039689540863
0.18592035770416257
0.1731973886489868
0.19491055607795715
0.24998757243156436
0.19390806555747983
0.16855984926223755
0.1322351098060608
0.19310396909713745
0.20425385236740112
0.2206430733203888
0.16723695397377014
0.15641596913337708
0.18952837586402893
0.1448202133178711
0.15030476450920105
0.20707210898399356
0.1941286027431488
0.17472997307777405
0.20699289441108704
0.21431207656860352
0.1852116584777832
0.19509044289588928
0.18512994050979611
0.18299332261085513
0.14098292589187622
0.21546822786331177
0.20341289043426516
0.2120265066623688
0.23422992229461667
0.22533422708511353
0.15697714686393735
0.24087044596672055
0.19533431529998777
0.2302000522613525
0.22087123990058896
0.19287216663360596
0.1870881021022797
0.1907925009727478
0.2570452094078064
0.19716119766235352
0.20930382609367368
0.1771118938922882
0.22041133046150208
0.1788058876991272
0.18752118945121765
0.2013889849185944
0.19111618399620056
0.1986387073993683
0.23127955198287964
0.20023781061172485
0.19820883870124817
0.18881672620773315
0.18040010333061215
0.21540433168411252
0.1596757173538208
0.14233665168285367
0.21488860249519348
0.16620472073554993
0.21754604578018188
0.20408982038497925
0.1408022940158844
0.20166710019111636
0.15447285771369934
0.1567974090576172
0.16256991028785703
0.2345013916492462
0.1826329529285431
0.20091640949249268
0.204569011926651
0.2006056010723114
0.1884745955467224
0.18745228648185727
0.1692901849746704
0.1485770344734192
0.19589337706565857
0.1392669975757599
0.20357501506805417
0.17344000935554504
0.22334089875221247
0.1886793076992035
0.18374615907669067
0.2218378186225891
0.24951189756393433
0.18989574909210205
0.20168086886405945
0.17556193470954895
0.22533550858497617
0.1722174882888794
0.212009072303772
0.19233480095863345
0.149384468793869
0.20119744539260864
0.16794049739837646
0.15304306149482727
0.18367251753807068
0.17040157318115234
0.2677522897720337
0.23259809613227844
0.20580795407295227
0.22010889649391172
0.2220275104045868
0.15394055843353271
0.20586895942687988
0.15374153852462769
0.1977732479572296
0.20582872629165647
0.1742876172065735
0.1960972547531128
0.18138751387596128
0.21107062697410583
0.1959018111228943
0.17619618773460388
0.20765149593353271
0.2183091342449188
0.17680397629737854
0.15610596537590027
0.14604906737804413
0.1834911406040192
0.1681729257106781
0.1971268653869629
0.2018914222717285
0.15848365426063535
0.18976885080337524
0.14051684737205505
0.21414116024971008
0.16693899035453796
0.1751714050769806
0.21101650595664975
0.20704951882362363
0.1528881788253784
0.1835426688194275
0.15024223923683167
0.17785727977752683
0.1756744086742401
0.2077961266040802
0.1753016412258148
0.15639853477478027
0.16958579421043396
0.1882915198802948
0.18756186962127683
0.2040482461452484
0.21626582741737363
0.17886728048324585
0.16610386967658997
0.21977928280830383
0.17961251735687256
0.2029224634170532
0.1850842237472534
0.18067714571952817
0.1883138120174408
0.14351618289947507
0.15666744112968445
0.20499727129936215
0.21021702885627744
0.18918529152870175
0.22296378016471863
0.19404107332229611
0.2009000778198242
0.17272207140922546
0.19641685485839844
0.21005779504776
0.18239006400108335
0.2088959217071533
0.18296378850936887
0.18060031533241272
0.2036421895027161
0.1557965576648712
0.17233583331108093
0.1892526745796204
0.20914542675018313
0.1807233691215515
0.211395800113678
0.1314782202243805
0.26779094338417053
0.1876620054244995
0.1934308409690857
0.1706838011741638
0.1961490511894226
0.21545365452766416
0.20424622297286987
0.1925410032272339
0.2033168971538544
0.19723308086395264
0.21029627323150635
0.2036788761615753
0.1953311264514923
0.2158854901790619
0.19816496968269348
0.1566210389137268
0.21316272020339963
0.20713210105896
0.18540194630622864
0.17264482378959656
0.18323087692260745
0.19146400690078733
0.2191874086856842
0.216593474149704
0.21152639389038083
0.22375178337097168
0.20098575949668884
0.1920725703239441
0.16209104657173157
0.20292857289314273
0.2073267996311188
0.15766626596450803
0.22696027159690857
0.1901950240135193
0.19973552227020264
0.2065574526786804
0.1848958432674408
0.21288436651229856
0.1822557747364044
0.14647001028060913
0.20500230789184568
0.23149412870407104
0.22784870862960813
0.1810314655303955
0.1534980535507202
0.17927852272987363
0.13304564356803894
0.18609437346458435
0.18516066670417783
0.19072270393371585
0.1789153814315796
0.2056530714035034
0.17667779326438904
0.21517139673233032
0.23022088408470157
0.21371376514434812
0.207579642534256
0.1993941962718964
0.1932668387889862
0.15416911244392395
0.25365468859672546
0.17150476574897766
0.16658082604408264
0.13863271474838257
0.16468429565429688
0.21601063013076785
0.20920902490615845
0.1933947205543518
0.1954408288002014
0.22307044267654416
0.19376084208488464
0.1563173532485962
0.15937063097953796
0.19851133227348328
0.18794232606887817
0.13561925292015076
0.2002561390399933
0.2001797556877136
0.2399039566516876
0.1951969265937805
0.17186543345451355
0.19951587915420527
0.19081056118011477
0.13380467891693115
0.20530462265014648
0.2017212212085724
0.16839557886123657
0.2054453492164612
0.1897495985031128
0.15406200289726257
0.12875774502754211
0.2077133357524872
0.18175193667411804
0.16822576522827148
0.20270526409149167
0.21917125582695007
0.20991674065589905
0.19974520802497864
0.13664311170578003
0.21195024251937863
0.19066199660301208
0.1975010931491852
0.22347143292427063
0.1845670640468597
0.20065677165985107
0.14598986506462097
0.26233941316604614
0.18013083934783936
0.2121542692184448
0.19966211915016172
0.16208431124687195
0.16316384077072144
0.16943037509918213
0.20472821593284607
0.1505010426044464
0.26180949807167053
0.2659921944141388
0.1902986764907837
0.20583337545394895
0.1583806574344635
0.1792183816432953
0.1494038701057434
0.20116230845451355
0.21543008089065552
0.1441924273967743
0.1990026533603668
0.1862238645553589
0.23034214973449707
0.18775808811187744
0.2598855793476105
0.2457028329372406
0.19085747003555295
0.17195603251457214
0.21554741263389587
0.2083012163639069
0.20565763115882876
0.1607615053653717
0.2092837393283844
0.20369338989257807
0.14139559864997864
0.14532645046710968
0.21507397294044492
0.26421576738357544
0.15896639227867126
0.17623388767242432
0.1939598917961121
0.17345139384269714
0.18891653418540957
0.19225019216537476
0.20544710755348203
0.14940711855888367
0.25314587354660034
0.17888078093528748
0.20140013098716733
0.18563976883888245
0.18507301807403564
0.18869775533676147
0.19770812988281247
0.24166938662528992
0.21622735261917117
0.20947918295860288
0.16387581825256348
0.19890210032463077
0.17200198769569397
0.20188340544700625
0.18198588490486145
0.2198002338409424
0.1824282705783844
0.2044147551059723
0.24260270595550537
0.20399832725524905
0.1687788963317871
0.1984825432300568
0.20994365215301516
0.16957032680511475
0.19792762398719788
0.15703552961349487
0.20926895737648007
0.21808531880378723
0.1653347909450531
0.16397055983543396
0.20373323559761047
0.1616964042186737
0.2387714982032776
0.19259995222091675
0.1814351975917816
0.21816945075988767
0.1946381628513336
0.21473276615142825
0.20812284946441648
0.19866016507148743
0.20532795786857605
0.18964776396751404
0.15300801396369934
0.17097324132919312
0.18714967370033264
0.18199551105499268
0.18653929233551023
0.20647111535072327
0.15029263496398923
0.19841438531875608
0.1222059354186058
0.2157314419746399
0.18856814503669736
0.2091950476169586
0.2174360752105713
0.21418938040733335
0.18715175986289975
0.19139805436134336
0.21376082301139832
0.18849346041679385
0.19807896018028257
0.19706442952156064
0.21161052584648127
0.17537567019462583
0.15122660994529724
0.28893435001373285
0.14680248498916623
0.18320652842521667
0.14783956110477448
0.16659745573997495
0.20643591880798337
0.210840106010437
0.23359289765357968
0.16331225633621216
0.17091467976570127
0.20768862962722776
0.20214208960533145
0.20607730746269223
0.21441817283630368
0.1772446632385254
0.1636655628681183
0.19120842218399048
0.20761820673942563
0.17449086904525757
0.15700280666351318
0.2241697609424591
0.19964909553527832
0.17700788378715515
0.16271913051605225
0.20762047171592712
0.20522692799568176
0.15050160884857175
0.1917288303375244
0.2110198736190796
0.17599478363990784
0.1840325593948364
0.19668543338775635
0.2078361809253693
0.17709767818450928
0.20199722051620483
0.243643581867218
0.17691564559936523
0.18891370296478271
0.21127322316169736
0.1663910448551178
0.18146350979804993
0.1966233253479004
0.1845810413360596
0.20620155334472656
0.20342084765434265
0.17509225010871887
0.14226454496383667
0.17115649580955505
0.1702525019645691
0.15272560715675354
0.2172788381576538
0.19652405381202695
0.20775824785232544
0.15691453218460083
0.15860527753829956
0.19789609313011167
0.21079170703887937
0.1585221290588379
0.1764613389968872
0.19372102618217468
0.16912171244621277
0.25660353899002075
0.1592123806476593
0.1881482303142548
0.23766824603080747
0.1846000552177429
0.19903486967086792
0.18702292442321777
0.1678963601589203
0.1619272232055664
0.1832166016101837
0.18564507365226743
0.1927173137664795
0.18509322404861447
0.1539509892463684
0.20503106713294983
0.15571361780166623
0.18822115659713745
0.18911832571029663
0.17704349756240845
0.1539725959300995
0.20005652308464048
0.1783941388130188
0.174379825592041
0.19593149423599243
0.16039490699768066
0.1925050914287567
0.1937302052974701
0.13823701441287994
0.15637007355690002
0.23941045999526975
0.1935812830924988
0.19766360521316528
0.17429515719413757
0.20222574472427368
0.190059095621109
0.20594918727874756
0.18830329179763797
0.15417608618736267
0.15641584992408752
0.17557808756828308
0.22438538074493408
0.20871484279632568
0.22695752978324887
0.18152958154678345
0.2523825764656067
0.1483793556690216
0.17100471258163452
0.18375784158706665
0.18503099679946897
0.20240896940231323
0.22946631908416748
0.2061564922332764
0.19058674573898315
0.1763429343700409
0.21886733174324036
0.22660681605339048
0.17199647426605225
0.16224589943885803
0.21161702275276184
0.20465680956840515
0.22338241338729856
0.21718525886535645
0.17083194851875305
0.19463005661964417
0.16044068336486816
0.19253367185592649
0.20281371474266047
0.16530326008796692
0.22017666697502136
0.18553829193115237
0.19168993830680847
0.2110293805599213
0.1655026078224182
0.17982187867164612
0.22587797045707703
0.1793745756149292
0.1824231445789337
0.20214927196502683
0.20717781782150269
0.1563532054424286
0.16658499836921692
0.16301771998405457
0.16946467757225037
0.18560141324996948
0.18412479758262637
0.16211706399917603
0.1524723470211029
0.17888697981834412
0.17458024621009827
0.2083576321601868
0.1975078880786896
0.1866552531719208
0.2123177647590637
0.1998427212238312
0.1956715881824493
0.21060866117477417
0.1932912170886993
0.18372392654418945
0.1603771448135376
0.14256292581558228
0.196094810962677
0.1887924671173096
0.204781711101532
0.15786120295524597
0.1805157959461212
0.18246430158615112
0.21478426456451416
0.19906458258628845
0.15498286485671997
0.18696868419647217
0.18082818388938904
0.1497192680835724
0.15031349658966064
0.14654698967933655
0.21965828537940976
0.17626574635505676
0.21317043900489807
0.22118479013442996
0.200801819562912
0.2121931612491608
0.1762390434741974
0.18504193425178528
0.17997214198112488
0.22956562042236328
0.1607685089111328
0.17027199268341064
0.18672147393226624
0.216734379529953
0.12970393896102905
0.1522420346736908
0.1719447672367096
0.17791146039962769
0.21050375699996948
0.18985959887504575
0.19152089953422544
0.23884341120719907
0.1945646405220032
0.17947897315025327
0.2028622329235077
0.19526910781860352
0.1894216239452362
0.2056031823158264
0.19061461091041565
0.19330760836601257
0.22293129563331604
0.24444106221199036
0.19476562738418576
0.20917692780494687
0.22713875770568848
0.19300636649131772
0.21700572967529297
0.1832454204559326
0.16640779376029968
0.1697332262992859
0.2712565064430237
0.17030489444732666
0.2064499855041504
0.22253352403640747
0.16320860385894775
0.21812736988067624
0.20634993910789487
0.20553401112556455
0.21132725477218628
0.1818469166755676
0.1702170372009277
0.17736059427261353
0.19679513573646543
0.19856297969818115
0.17620804905891418
0.15410590171813965
0.16263967752456665
0.18461924791336057
0.19071397185325625
0.2470940351486206
0.15882357954978943
0.1246517151594162
0.19922631978988647
0.15294629335403442
0.16948845982551575
0.21405944228172305
0.24184855818748477
0.20966172218322757
0.19879719614982605
0.21128025650978088
0.1974166035652161
0.19520363211631772
0.1825986206531525
0.20117720961570737
0.19750770926475525
0.20534440875053403
0.18954783678054807
0.18083006143569944
0.19667744636535645
0.19419181346893313
0.17204472422599792
0.19561141729354856
0.2103248834609985
0.20443660020828247
0.1642233431339264
0.21029448509216309
0.1725691258907318
0.16527295112609863
0.25111234188079834
0.14431044459342957
0.17750436067581177
0.18015092611312863
0.14137588441371915
0.21294516324996948
0.12552481889724731
0.2073420286178589
0.2302459180355072
0.16495773196220395
0.16298246383666992
0.27849918603897095
0.2039416432380676
0.2079468667507172
0.2057835161685944
0.1888815462589264
0.22704234719276428
0.17324751615524292
0.20358154177665713
0.21631044149398804
0.14780789613723755
0.18845370411872864
0.20427742600440976
0.21002331376075745
0.1995075047016144
0.20253711938858032
0.17944559454917908
0.22706609964370728
0.2262592017650604
0.2094990313053131
0.18363192677497864
0.16102245450019836
0.20451059937477112
0.19576179981231687
0.1538335382938385
0.14208769798278809
0.20235460996627808
0.15217334032058716
0.20616620779037476
0.1733035147190094
0.1877625584602356
0.1964536011219025
0.20300501585006717
0.21660581231117249
0.13895487785339355
0.18872579932212827
0.2146360874176025
0.18938022851943967
0.1884809136390686
0.20271191000938413
0.16785308718681335
0.16736051440238953
0.20283392071723935
0.21077433228492737
0.2143194079399109
0.1724543273448944
0.21838784217834473
0.19108298420906064
0.18889635801315308
0.2118593156337738
0.1722913384437561
0.18652722239494324
0.1464601755142212
0.1959753930568695
0.2500073313713074
0.22573271393775937
0.218269556760788
0.11072345823049544
0.18078896403312683
0.19071677327156064
0.20068112015724185
0.15349942445755005
0.19244086742401123
0.1949474811553955
0.13880090415477753
0.21115568280220032
0.23850423097610476
0.22095373272895807
0.19305267930030823
0.16109952330589294
0.18981111049652097
0.2206462323665619
0.21724972128868103
0.14009046554565427
0.16418626904487607
0.1818315088748932
0.2011863589286804
0.22038549184799197
0.2124040722846985
0.17005449533462524
0.17562705278396606
0.1942889392375946
0.2015894055366516
0.20731452107429504
0.16221001744270325
0.1786676049232483
0.17946389317512512
0.21279966831207275
0.17426317930221555
0.223673015832901
0.1789570450782776
0.21333637833595276
0.1722867488861084
0.20594480633735657
0.16073578596115112
0.22314977645874023
0.09331768751144408
0.1859030723571777
0.17829972505569458
0.191587895154953
0.17403361201286316
0.16579216718673706
0.2033473253250122
0.16868188977241516
0.2198922634124756
0.1960192322731018
0.1320952475070953
0.17933756113052368
0.1982576847076416
0.1923580765724182
0.17110747098922727
0.18477842211723328
0.18590751290321353
0.20258271694183347
0.20914003252983093
0.183413565158844
0.20322358608245847
0.15938672423362732
0.2017590701580048
0.1801902651786804
0.24090936779975888
0.18003839254379272
0.2180320918560028
0.234187126159668
0.14945936203002927
0.17701110243797302
0.21063485741615293
0.23037561774253845
0.2015610039234161
0.17701730132102966
0.18646591901779172
0.2173905968666077
0.18513694405555725
0.18421790003776553
0.1719377040863037
0.174620121717453
0.19395545125007627
0.1656823754310608
0.20051762461662287
0.17913272976875305
0.19328489899635315
0.1662575006484985
0.20873653888702393
0.19750356674194333
0.2186080515384674
0.22039490938186643
0.19573974609375
0.1725110411643982
0.17675501108169556
0.20094603300094604
0.2690917253494262
0.12211900204420088
0.1873575150966644
0.16032010316848755
0.18903774023056033
0.2111092507839203
0.1607520580291748
0.18627294898033145
0.16751673817634583
0.16609826683998108
0.225340873003006
0.18439924716949463
0.1820370852947235
0.19806846976280207
0.17405211925506592
0.1743372678756714
0.181418776512146
0.1636246144771576
0.16558435559272766
0.1872248649597168
0.21062380075454712
0.18789091706275937
0.21565780043601987
0.21486788988113403
0.19415894150733948
0.21428027749061584
0.13372886180877683
0.20996713638305664
0.16623595356941223
0.16044384241104123
0.215034693479538
0.1865180730819702
0.17136064171791077
0.2002543807029724
0.18323698639869687
0.17602220177650452
0.21347692608833313
0.22709080576896667
0.20095130801200864
0.2003154158592224
0.17977237701416016
0.20045128464698792
0.19661670923233032
0.21462407708168027
0.19621622562408447
0.16293200850486755
0.18498721718788144
0.19566720724105835
0.18466091156005857
0.17904254794120789
0.18929880857467649
0.21044594049453733
0.20056787133216855
0.2241715490818024
0.1834944188594818
0.21225684881210327
0.19243785738945007
0.18587106466293332
0.1923410892486572
0.20289978384971616
0.20735329389572144
0.22910836338996887
0.2264299988746643
0.22481644153594968
0.24715492129325864
0.18008846044540405
0.1754268109798431
0.15637466311454773
0.1984522640705109
0.1497405767440796
0.23558911681175232
0.16828683018684387
0.1703995168209076
0.20264780521392825
0.2007606029510498
0.2214876413345337
0.15656393766403198
0.17133185267448425
0.19857463240623477
0.14917361736297607
0.21627685427665713
0.15484201908111572
0.16083422303199768
0.22280865907669067
0.20031309127807617
0.1895984411239624
0.21022012829780576
0.22006294131278992
0.19345697760581967
0.15686792135238647
0.23744866251945493
0.15763616561889648
0.1902922093868256
0.1829155683517456
0.20272698998451233
0.18886443972587583
0.1925998330116272
0.16898733377456665
0.1819855868816376
0.18793705105781555
0.17775338888168335
0.147912859916687
0.16410928964614868
0.20706653594970703
0.20542338490486145
0.15640321373939514
0.18726485967636108
0.19366970658302307
0.19063770771026609
0.1731247901916504
0.21028313040733335
0.18597358465194705
0.2058056592941284
0.17630845308303833
0.2041899859905243
0.2176755666732788
0.202197939157486
0.219931423664093
0.18549615144729611
0.17660805583000183
0.20649179816246033
0.19616141915321353
0.2088621556758881
0.21821787953376767
0.2398914694786072
0.19824343919754028
0.2458419501781464
0.2215944826602936
0.1852744221687317
0.1693722307682037
0.192588210105896
0.15137261152267456
0.11850684881210329
0.20514780282974243
0.1860041618347168
0.1983669400215149
0.18834030628204343
0.15030360221862793
0.20094797015190125
0.17545989155769348
0.17028731107711792
0.23324400186538696
0.1549971103668213
0.23604938387870789
0.152133047580719
0.14870372414588928
0.2086199522018433
0.17738083004951477
0.20528537034988403
0.20983123779296875
0.17637765407562256
0.19543731212615967
0.22745841741561887
0.2352343499660492
0.2010746598243713
0.17798900604248047
0.20970171689987183
0.1632166802883148
0.19397690892219543
0.18167966604232788
0.2189219295978546
0.19215551018714905
0.17275100946426392
0.1671614050865173
0.21334081888198847
0.20407688617706296
0.20296511054039
0.22000631690025327
0.22071146965026853
0.178024560213089
0.19677764177322388
0.18455925583839417
0.15196293592453003
0.16198012232780457
0.2301103472709656
0.16059496998786926
0.19849517941474917
0.20044097304344177
0.19339755177497864
0.1430964320898056
0.15800684690475464
0.2499524652957916
0.21446657180786127
0.18133080005645752
0.11973419040441512
0.17866891622543335
0.1942717730998993
0.1761767566204071
0.19327276945114133
0.22578465938568115
0.16610154509544373
0.19131934642791748
0.13151459395885468
0.20325246453285217
0.15831100940704343
0.1732460260391235
0.17132726311683655
0.18979695439338684
0.15513211488723755
0.19702428579330444
0.19205877184867856
0.1973888874053955
0.11862651258707047
0.1991460919380188
0.14110013842582703
0.2431932091712952
0.20345899462699887
0.2147581577301025
0.22119557857513428
0.16675308346748352
0.24077430367469788
0.21239706873893735
0.19394949078559875
0.21414294838905332
0.17908918857574463
0.15902844071388245
0.20603349804878235
0.16798609495162964
0.22085705399513245
0.17668595910072327
0.15358075499534607
0.15396821498870847
0.23425057530403137
0.1637659966945648
0.2103663384914398
0.2068495750427246
0.15021467208862305
0.1953474283218384
0.17855104804039
0.19611972570419312
0.2237586975097656
0.19553449749946597
0.2148687839508057
0.16139140725135803
0.1549052596092224
0.1832905113697052
0.19876134395599365
0.228039413690567
0.19751518964767456
0.15675997734069824
0.17767852544784543
0.23476701974868772
0.228428453207016
0.24221783876419067
0.1600002646446228
0.1747011840343475
0.17395275831222534
0.21725153923034668
0.19449144601821897
0.1899850368499756
0.15112164616584775
0.17577296495437622
0.2472567856311798
0.19259148836135864
0.16216987371444702
0.20016857981681824
0.22063118219375608
0.21136391162872317
0.19842886924743647
0.1509881317615509
0.18070587515830996
0.17707490921020508
0.2142980992794037
0.13910642266273499
0.1288476586341858
0.1831461489200592
0.14435130357742307
0.1704701781272888
0.21371644735336304
0.1885834038257599
0.21298617124557492
0.16832593083381653
0.22809702157974243
0.15274351835250854
0.19600346684455872
0.1935468018054962
0.20258978009223935
0.1692332029342651
0.16982799768447876
0.1444026231765747
0.2110319137573242
0.16940346360206604
0.21923562884330747
0.22561571002006528
0.20308598875999448
0.2387898862361908
0.20713138580322263
0.19819015264511108
0.19925791025161743
0.18638038635253903
0.2356567084789276
0.2142714560031891
0.17774677276611328
0.17838579416275024
0.18912258744239807
0.15644243359565735
0.2115734815597534
0.2066977620124817
0.14138920605182648
0.15665021538734436
0.1907328963279724
0.23597890138626096
0.2032194435596466
0.1966194212436676
0.17629963159561157
0.1716982126235962
0.15880239009857175
0.21194013953208923
0.15949326753616333
0.22182562947273252
0.15740391612052915
0.17826020717620847
0.225388377904892
0.15682119131088257
0.18573513627052307
0.1965806186199188
0.19692128896713257
0.2220766842365265
0.18253493309021
0.2101423740386963
0.1469133496284485
0.1973499953746796
0.2180656790733337
0.17074909806251523
0.19960996508598328
0.18385756015777588
0.17674627900123596
0.1663590371608734
0.214333176612854
0.15477636456489563
0.18846705555915833
0.21284154057502744
0.18562987446784973
0.22001546621322632
0.19785732030868527
0.17183828353881836
0.18780186772346497
0.20655766129493716
0.21242210268974304
0.2322881519794464
0.1923696994781494
0.2127189934253693
0.16926652193069458
0.145560160279274
0.18430849909782407
0.207560271024704
0.21855297684669492
0.2061613202095032
0.16841736435890195
0.21550923585891724
0.2000128328800201
0.19255551695823667
0.23983871936798093
0.17890244722366333
0.18850320577621457
0.156337708234787
0.2046195864677429
0.18702399730682373
0.2108473777770996
0.26589372754096985
0.1702548861503601
0.1753075122833252
0.2156204581260681
0.1943741738796234
0.18003830313682556
0.1803753972053528
0.21256637573242188
0.1768517792224884
0.21138474345207212
0.14272353053092957
0.18468803167343137
0.20208519697189328
0.20782196521759036
0.18465924263000488
0.19515460729599
0.15036314725875854
0.19714176654815677
0.19958099722862244
0.18777164816856384
0.16021186113357544
0.1763443648815155
0.1852037012577057
0.19349646568298337
0.1902495622634888
0.205931156873703
0.2529391646385193
0.180743008852005
0.19146528840065
0.1867237687110901
0.17430654168128967
0.19365864992141724
0.15432485938072205
0.2137741446495056
0.16345030069351196
0.21019878983497617
0.15578371286392212
0.15728628635406494
0.143341988325119
0.21823233366012573
0.1717907190322876
0.1570289134979248
0.19229617714881897
0.20067715644836423
0.20045742392539975
0.1972395181655884
0.18981680274009705
0.17600542306900024
0.2193360924720764
0.2000897824764252
0.2041490375995636
0.2283637821674347
0.16807147860527039
0.19375619292259216
0.2202145159244537
0.19407466053962708
0.20367076992988584
0.1959558427333832
0.2197207510471344
0.15748444199562073
0.17305654287338257
0.22433555126190183
0.22890144586563113
0.2166211903095245
0.17767491936683655
0.22153791785240173
0.17786976695060727
0.18373787403106687
0.10930874198675156
0.18468394875526428
0.21099576354026797
0.14866098761558533
0.1929786801338196
0.18300411105155945
0.1930251121520996
0.09745094925165176
0.1936407685279846
0.20541402697563169
0.19124972820281985
0.17006900906562805
0.21944019198417664
0.1912163197994232
0.19918859004974365
0.19611307978630063
0.19870951771736145
0.19027146697044367
0.19154199957847595
0.23202839493751523
0.14584320783615112
0.2501413822174072
0.20547544956207275
0.21058121323585513
0.18719568848609924
0.1985822319984436
0.20800271630287168
0.1778455674648285
0.20439389348030088
0.2018783986568451
0.17210519313812256
0.19856518507003784
0.20622289180755612
0.16308909654617307
0.1531522572040558
0.18669852614402768
0.18624913692474365
0.20158669352531436
0.14999932050704956
0.1964092254638672
0.16736343502998352
0.17206698656082153
0.2006549835205078
0.18820840120315552
0.20253667235374448
0.18181735277175903
0.1963796019554138
0.2072700262069702
0.16804930567741394
0.1501067876815796
0.20412155985832212
0.20988592505455017
0.18671849370002744
0.1913190186023712
0.16760721802711487
0.20859315991401672
0.2050829827785492
0.1888183951377869
0.18776503205299375
0.21521732211112976
0.19369953870773315
0.23028728365898127
0.21086376905441284
0.1678146719932556
0.18838512897491452
0.21707922220230105
0.18484607338905332
0.21845382452011108
0.18275243043899536
0.21693557500839236
0.17802482843399048
0.16588887572288513
0.18104416131973264
0.21045649051666257
0.23916536569595337
0.1750802993774414
0.1341191828250885
0.1774921715259552
0.1226402148604393
0.17909672856330872
0.15740829706192017
0.24214941263198847
0.16469821333885193
0.2080252766609192
0.20819836854934687
0.19700282812118527
0.18071517348289487
0.1817522644996643
0.1959664523601532
0.1571904718875885
0.1652852892875671
0.21490687131881717
0.21153700351715088
0.19930186867713928
0.1947353482246399
0.19010475277900693
0.2121184766292572
0.1779192090034485
0.17657503485679626
0.17954480648040771
0.21539965271949768
0.2110237181186676
0.19726452231407163
0.15380039811134338
0.2371406257152557
0.15556693077087402
0.18990999460220337
0.2090420126914978
0.18429964780807492
0.1878138482570648
0.17389917373657227
0.21170261502265927
0.18191844224929807
0.19779789447784424
0.1830366253852844
0.16407322883605957
0.20903643965721128
0.1896492838859558
0.1904090046882629
0.20342609286308289
0.19882607460021967
0.20223388075828552
0.20578414201736447
0.184636265039444
0.1883767247200012
0.24994036555290225
0.17249995470046997
0.21136707067489624
0.2441578507423401
0.1462796926498413
0.17296481132507324
0.181354820728302
0.14159309864044187
0.17088913917541504
0.1787186563014984
0.15492737293243408
0.21643510460853577
0.15806078910827637
0.2137564122676849
0.2204784452915192
0.21797257661819455
0.20642033219337463
0.1545395255088806
0.19541409611701965
0.17964902520179749
0.15246841311454773
0.1806271970272064
0.1988990008831024
0.2354585826396942
0.2328238785266876
0.17084836959838867
0.19745030999183652
0.20809650421142575
0.19275429844856265
0.2197980284690857
0.18937766551971436
0.18521058559417725
0.14509367942810059
0.1707688271999359
0.1819689869880676
0.1730920374393463
0.19318094849586487
0.21739298105239868
0.24499464035034177
0.15952688455581665
0.1957203149795532
0.17572873830795288
0.1500337719917297
0.16959986090660095
0.2098920941352844
0.18803334236145017
0.16785159707069397
0.20231249928474423
0.19167974591255188
0.21290594339370728
0.20710709691047668
0.1721980571746826
0.17736577987670898
0.20845595002174375
0.179744154214859
0.18709555268287656
0.17747575044631958
0.19656163454055783
0.13265734910964963
0.1620732545852661
0.19755506515502927
0.1894541084766388
0.23588609695434568
0.18704500794410703
0.1655081808567047
0.16171622276306152
0.19490349292755127
0.18569189310073847
0.197752058506012
0.2105417251586914
0.2285601794719696
0.2082688808441162
0.18486180901527405
0.20839008688926697
0.137923002243042
0.18236070871353147
0.21445447206497192
0.15688011050224304
0.21058699488639832
0.19317987561225888
0.2503252923488617
0.15846464037895203
0.19146513938903809
0.1852133870124817
0.18160018324851987
0.20290258526802063
0.16011404991149902
0.1998242735862732
0.14966532588005063
0.19706758856773376
0.19076770544052124
0.19087648391723633
0.18283942341804504
0.18741294741630557
0.17720383405685425
0.16867440938949585
0.22279605269432068
0.16634240746498108
0.1791676878929138
0.15605825185775757
0.1976158320903778
0.18973323702812195
0.164377361536026
0.18973132967948916
0.16522717475891113
0.1931094229221344
0.17489665746688843
0.19178143143653867
0.1480838358402252
0.216727077960968
0.25635704398155207
0.2112751007080078
0.20520809292793277
0.14854949712753296
0.17619287967681885
0.19353395700454712
0.23570090532302856
0.19159021973609924
0.21417361497879028
0.17146748304367063
0.1884001195430756
0.22293251752853396
0.17730697989463806
0.23536357283592224
0.1473870873451233
0.1595134437084198
0.16294434666633603
0.2274829149246216
0.2160740792751312
0.1668257713317871
0.21896493434906003
0.1396600604057312
0.1832109987735748
0.19949644804000852
0.2338621616363525
0.16627845168113708
0.15686240792274475
0.1947680413722992
0.17601829767227173
0.16369491815567017
0.16952678561210632
0.17256799340248108
0.19313317537307736
0.15492185950279236
0.20635139942169187
0.17076992988586423
0.20346686244010925
0.17936906218528748
0.18180292844772336
0.20256677269935608
0.23771789669990537
0.22636842727661127
0.17734962701797485
0.15069955587387085
0.16217690706253052
0.18713536858558652
0.1631149649620056
0.19352298974990845
0.2054346799850464
0.1604991853237152
0.18949338793754575
0.1807696223258972
0.2401306629180908
0.20736372470855713
0.14020445942878723
0.15807557106018066
0.19548338651657104
0.20436495542526245
0.13088062405586243
0.23566809296607968
0.2040287554264069
0.19573739171028137
0.23473379015922544
0.17642426490783691
0.2098829448223114
0.13905277848243713
0.19153177738189697
0.21637681126594543
0.2196679413318634
0.1804807484149933
0.1675441861152649
0.2092663943767548
0.1630447208881378
0.17339462041854858
0.1833977699279785
0.1712338626384735
0.1824018955230713
0.17861106991767883
0.21571674942970276
0.2098834216594696
0.19562795758247373
0.16363191604614255
0.176952064037323
0.23278412222862244
0.15264612436294556
0.1769510805606842
0.13924941420555115
0.1890394985675812
0.20269808173179624
0.1663592159748077
0.16504183411598203
0.2027028203010559
0.1400458812713623
0.1817537546157837
0.17925134301185608
0.1548192799091339
0.20157527923583984
0.19624114036560056
0.21137303113937375
0.208278089761734
0.15817052125930786
0.19656643271446228
0.16355061531066895
0.16290393471717834
0.1891447603702545
0.18562179803848264
0.1668991446495056
0.18959343433380127
0.22331655025482175
0.14582598209381104
0.22195833921432492
0.22232502698898315
0.19965600967407224
0.18355238437652588
0.19320350885391235
0.1868321597576141
0.2051182985305786
0.2131677567958832
0.20297905802726743
0.18118697404861447
0.1971928179264069
0.2252894341945648
0.17480942606925964
0.20699721574783325
0.21604683995246887
0.19246667623519895
0.2105031907558441
0.20747244358062744
0.16943010687828064
0.18609055876731873
0.21260070800781247
0.20708182454109192
0.1999676823616028
0.1723087728023529
0.19502657651901245
0.19724857807159424
0.1976190209388733
0.1853453516960144
0.18975320458412168
0.1605132520198822
0.14727959036827087
0.20312616229057312
0.21911874413490293
0.14503896236419675
0.16815486550331116
0.19110241532325745
0.19856467843055725
0.2096693813800812
0.24645891785621643
0.1739986538887024
0.1845841407775879
0.14366638660430908
0.1736833155155182
0.19833344221115112
0.15688979625701904
0.21849986910820007
0.20250642299652097
0.182941734790802
0.18288120627403257
0.16737407445907593
0.18216273188591003
0.2005838453769684
0.21229246258735657
0.20303562283515927
0.1988922357559204
0.19301521778106687
0.17109403014183044
0.19557833671569824
0.20357671380043027
0.17201176285743713
0.267842561006546
0.16712436079978943
0.17472001910209656
0.16217204928398132
0.2208418846130371
0.1747482419013977
0.17730191349983215
0.1963820457458496
0.14608526229858398
0.16063672304153442
0.1992504298686981
0.18511047959327695
0.1817879378795624
0.1845259666442871
0.16889324784278867
0.13849499821662903
0.15608167648315427
0.18824267387390137
0.20823383331298828
0.16829434037208557
0.20675957202911377
0.21076688170433044
0.20282587409019473
0.19835320115089417
0.17306599020957947
0.21338319778442383
0.21201443672180173
0.1408599615097046
0.14261767268180847
0.2048396468162537
0.24987924098968503
0.19224855303764343
0.19523370265960693
0.22738876938819885
0.17428329586982727
0.1922762095928192
0.2172086238861084
0.1840812861919403
0.2095361053943634
0.20363864302635193
0.22847914695739743
0.16537553071975708
0.18617111444473264
0.2014268934726715
0.22498103976249692
0.20456409454345703
0.14845168590545654
0.22031131386756897
0.1759597361087799
0.19760650396347043
0.18619829416275024
0.18272483348846436
0.2032266855239868
0.20196023583412168
0.16354963183403015
0.17627790570259094
0.19133880734443665
0.18413895368576047
0.1650090515613556
0.2097867727279663
0.1727512776851654
0.19146710634231567
0.1650911271572113
0.175171822309494
0.13444459438323975
0.15612727403640747
0.2146192491054535
0.19762814044952393
0.1915455460548401
0.2145444452762604
0.13903844356536865
0.19671982526779172
0.22885349392890927
0.19022566080093384
0.1849806010723114
0.20749521255493164
0.2540200352668762
0.17637759447097778
0.18266883492469788
0.22294148802757263
0.19025421142578125
0.19583016633987424
0.1638423204421997
0.22864863276481628
0.1871478259563446
0.22012266516685483
0.20701026916503903
0.2054922580718994
0.23285812139511108
0.15200024843215942
0.19514605402946472
0.1798662543296814
0.19413495063781736
0.16570019721984863
0.21150311827659607
0.17476686835289
0.20536151528358457
0.15089556574821472
0.2020533382892609
0.15458375215530396
0.1954565644264221
0.12055888026952744
0.16446194052696228
0.25196337699890137
0.19049713015556333
0.1954728364944458
0.2179283797740936
0.22780269384384155
0.17278414964675903
0.20975896716117856
0.1536138355731964
0.21025773882865903
0.2242026925086975
0.1891980469226837
0.2010804712772369
0.22950720787048337
0.2090631127357483
0.22095578908920288
0.17833998799324036
0.16042381525039673
0.1878574192523956
0.18888568878173828
0.20422637462615967
0.19500112533569333
0.26642784476280207
0.17689087986946103
0.22740438580513
0.19070437550544736
0.16589704155921936
0.16311028599739075
0.20650258660316467
0.22316178679466248
0.18006345629692075
0.1692104935646057
0.19445112347602844
0.16873899102210999
0.23072102665901184
0.2055836915969849
0.21462443470954892
0.13903456926345825
0.17970913648605347
0.21895018219947812
0.18874922394752505
0.18943461775779724
0.20145791769027707
0.16956883668899536
0.19096884131431577
0.2269633710384369
0.21812775731086728
0.20256084203720087
0.17889997363090515
0.20772552490234372
0.18445870280265808
0.17108049988746643
0.2176744043827057
0.21276617050170896
0.16342678666114807
0.16987037658691406
0.17089560627937317
0.19366866350173953
0.1634198427200317
0.2237025499343872
0.20883679389953613
0.18205267190933228
0.2483268082141876
0.22532695531845087
0.1910924315452576
0.20541259646415713
0.24549365043640137
0.20219838619232175
0.24368053674697876
0.21984100341796875
0.20801642537117004
0.1946332156658173
0.18528953194618225
0.20925647020339963
0.18721547722816467
0.16610217094421387
0.1890442371368408
0.21873119473457336
0.21220314502716064
0.14463932812213895
0.19833585619926447
0.16765311360359192
0.22296950221061704
0.18151205778121948
0.18338987231254575
0.205269992351532
0.17071208357810974
0.16120699048042297
0.14761507511138916
0.20486867427825928
0.19079518318176267
0.19253140687942505
0.1699036955833435
0.18414074182510373
0.15432307124137878
0.20631298422813413
0.19646406173706052
0.22442349791526797
0.17327550053596497
0.18137153983116147
0.175166517496109
0.2019314169883728
0.1764003336429596
0.17393162846565247
0.22767594456672668
0.16576358675956726
0.1797870397567749
0.2144271731376648
0.1975255310535431
0.1593398153781891
0.14460109174251556
0.2016281485557556
0.26385489106178284
0.16689041256904602
0.2109665870666504
0.17420035600662231
0.18636715412139887
0.18187540769577024
0.20446422696113584
0.22740527987480164
0.17066657543182373
0.14837725460529327
0.12550294399261475
0.1608501374721527
0.1918734908103943
0.16694921255111694
0.15918847918510437
0.2339404821395874
0.19503310322761533
0.18209412693977356
0.1828794479370117
0.1933245658874512
0.22174933552742004
0.19716984033584595
0.19336172938346863
0.16618019342422485
0.13502243161201477
0.19271424412727356
0.203056663274765
0.1703951060771942
0.16917917132377625
0.20485031604766843
0.17767515778541565
0.20107126235961917
0.12523356080055237
0.18500307202339167
0.2104436755180359
0.16823172569274902
0.17347243428230283
0.23469930887222287
0.21169766783714292
0.16665011644363403
0.15977954864501953
0.1908992826938629
0.17885050177574155
0.16175097227096555
0.1903627812862396
0.1839773952960968
0.17425614595413208
0.19634258747100833
0.1671347618103027
0.17666789889335632
0.1905289590358734
0.17810958623886108
0.25636690855026245
0.1981937885284424
0.15525129437446594
0.22459426522254944
0.17809799313545227
0.24003005027771
0.14941534399986267
0.23242875933647156
0.1511135697364807
0.2014434039592743
0.18597111105918884
0.16270431876182556
0.16819661855697632
0.22484788298606873
0.18170437216758728
0.18691444396972656
0.15747272968292236
0.2017730176448822
0.19391730427742004
0.2176932394504547
0.211139976978302
0.22732836008071897
0.20495325326919556
0.18687909841537476
0.20087912678718567
0.13622349500656128
0.2192951142787933
0.21088755130767825
0.1896895468235016
0.15021783113479614
0.17909398674964905
0.20700919628143313
0.18210142850875852
0.18793031573295596
0.195102334022522
0.18405798077583313
0.19769737124443051
0.19659653306007385
0.20814663171768188
0.1451280564069748
0.1723404824733734
0.15654051303863523
0.20703294873237607
0.16824117302894592
0.1974208950996399
0.18986523151397705
0.169956237077713
0.17563191056251523
0.19984155893325803
0.16912150382995603
0.17255982756614685
0.21656659245491028
0.16903668642044067
0.20016074180603027
0.21076548099517825
0.1602022349834442
0.185501366853714
0.2236812114715576
0.2584326267242432
0.19882261753082275
0.194139301776886
0.1989310383796692
0.1414907872676849
0.1849666237831116
0.17937394976615903
0.21265187859535217
0.23018905520439148
0.15389806032180786
0.23417630791664124
0.23876631259918207
0.22110590338706967
0.19387915730476377
0.20184072852134705
0.2852296233177185
0.19556796550750727
0.19654494524002075
0.19283610582351685
0.15885302424430847
0.2052534222602844
0.19861343502998352
0.2307090759277344
0.15738746523857117
0.21319526433944705
0.21108245849609372
0.18168464303016665
0.18382370471954343
0.185779869556427
0.1929049789905548
0.21910044550895688
0.1820838451385498
0.1975310444831848
0.17293760180473328
0.20790097117424008
0.18293613195419312
0.20349445939064023
0.21667215228080747
0.18034455180168152
0.18164178729057312
0.2130133211612701
0.23460477590560916
0.21012720465660092
0.19707512855529785
0.18518543243408203
0.17696672677993774
0.1813983917236328
0.19696503877639768
0.241973876953125
0.22734385728836057
0.14047828316688535
0.1609235107898712
0.2030097544193268
0.18002942204475403
0.14718301594257355
0.1904006600379944
0.17049700021743774
0.1951846182346344
0.18645155429840088
0.1608713865280151
0.26633062958717346
0.20704904198646543
0.22019812464714048
0.18608149886131287
0.16012060642242432
0.21640026569366452
0.2428995966911316
0.19325405359268188
0.18790653347969052
0.2564047873020172
0.20881038904190063
0.198457270860672
0.19335564970970157
0.19750365614891047
0.23452296853065488
0.2014274895191193
0.22248375415802
0.1676509380340576
0.249478816986084
0.21351975202560425
0.13855871558189392
0.15128985047340393
0.2149570882320404
0.2196703255176544
0.18384647369384763
0.1810322105884552
0.20611006021499637
0.18279343843460083
0.21276608109474185
0.1561124622821808
0.17656591534614563
0.19020876288414
0.20187866687774655
0.13500696420669556
0.1944557428359985
0.22075852751731873
0.2309514284133911
0.16418325901031494
0.14558002352714539
0.18359786272048953
0.17446359992027283
0.20764949917793277
0.2007358372211456
0.2160864472389221
0.17944800853729248
0.19259557127952573
0.22881034016609192
0.1931798160076141
0.15176129341125488
0.22166568040847776
0.16074839234352112
0.19713598489761353
0.22252100706100464
0.20106786489486692
0.18450453877449036
0.20362168550491333
0.17738911509513855
0.17809537053108215
0.2030508816242218
0.17759612202644348
0.22798976302146912
0.21691715717315677
0.25375464558601374
0.1830471158027649
0.18472716212272644
0.1468292474746704
0.19429355859756467
0.17749258875846863
0.1816978752613068
0.20589548349380493
0.18530800938606265
0.18491414189338684
0.21889114379882807
0.13182950019836423
0.21402201056480408
0.18766170740127563
0.1687900424003601
0.19465380907058716
0.1260957568883896
0.20311662554740903
0.1879143714904785
0.2061778008937836
0.30269676446914673
0.23528489470481873
0.1839850842952728
0.26326942443847656
0.161556214094162
0.17151454091072083
0.1952133476734161
0.21794891357421875
0.1835143566131592
0.17602500319480896
0.17074546217918396
0.18800905346870425
0.14756065607070923
0.2224982678890228
0.1741732358932495
0.13346263766288757
0.18781071901321408
0.20860248804092407
0.2221204340457916
0.17057475447654724
0.22085303068161008
0.20152193307876584
0.17867350578308103
0.14563694596290588
0.2234691083431244
0.16786304116249084
0.13068968057632446
0.17788055539131165
0.1714293658733368
0.21123421192169187
0.24162715673446652
0.2149447202682495
0.17659801244735715
0.2015361189842224
0.20340812206268313
0.1815665066242218
0.1709045171737671
0.16073709726333618
0.21885430812835693
0.14909878373146057
0.16474860906600952
0.2266446948051453
0.1753005087375641
0.20726686716079712
0.18633043766021729
0.15721994638442993
0.19147926568984985
0.1705893576145172
0.19173011183738708
0.16759654879570007
0.1827203333377838
0.16173049807548523
0.21261322498321533
0.1905148923397064
0.18721309304237363
0.20197623968124387
0.15788370370864868
0.2383568286895752
0.18546989560127256
0.21835720539093015
0.21772953867912287
0.13853883743286133
0.22328773140907288
0.19566476345062253
0.19847425818443296
0.16477656364440915
0.20946988463401797
0.18050304055213928
0.1613873839378357
0.19702517986297607
0.22448164224624637
0.20811474323272705
0.16578254103660583
0.21043810248374936
0.1804810166358948
0.16193243861198425
0.18323743343353271
0.2249222993850708
0.14528846740722656
0.21186828613281247
0.16767442226409912
0.20859161019325256
0.16241246461868286
0.19949930906295776
0.19749379158020017
0.20453771948814392
0.20083749294281003
0.1430878788232803
0.19600084424018857
0.18546906113624567
0.15629872679710388
0.19070619344711304
0.18905869126319885
0.16625961661338806
0.16696086525917053
0.20585092902183527
0.20654869079589844
0.21830278635025024
0.187843918800354
0.18942421674728396
0.1847958266735077
0.20533326268196103
0.22640344500541687
0.1301724761724472
0.20046785473823547
0.157640278339386
0.20062178373336792
0.21156230568885803
0.2612583339214325
0.2123364806175232
0.17788183689117432
0.21561175584793088
0.1659696102142334
0.20622771978378293
0.21819940209388727
0.1433858871459961
0.21995398402214048
0.18209487199783325
0.1773185431957245
0.15827679634094238
0.18928009271621704
0.22862648963928223
0.21433845162391665
0.2040765881538391
0.14799305796623227
0.14987713098526
0.177788645029068
0.1954326331615448
0.1878487765789032
0.18375244736671448
0.19710075855255127
0.24122828245162964
0.17893385887145996
0.2330321967601776
0.16280370950698853
0.1665205359458923
0.164213627576828
0.18810620903968808
0.16930693387985227
0.20775076746940607
0.2145967185497284
0.11654381453990936
0.1623786985874176
0.17088279128074646
0.17137590050697327
0.17301911115646362
0.16888785362243652
0.21483245491981504
0.1961812376976013
0.23638567328453064
0.13536998629570007
0.19694548845291135
0.15583300590515137
0.17956951260566711
0.21732473373413083
0.13983421027660367
0.17377266287803647
0.19088748097419736
0.22070172429084775
0.17463713884353635
0.19844201207160947
0.18210491538047793
0.19518905878067017
0.2246458530426025
0.23380210995674133
0.15649887919425964
0.1482820212841034
0.20855826139450076
0.17479276657104492
0.16961708664894104
0.19400495290756223
0.19885113835334775
0.21341800689697263
0.14272752404212952
0.1885099709033966
0.15585660934448242
0.1370750069618225
0.2121526002883911
0.22339770197868347
0.17944559454917908
0.2032721042633057
0.1857300102710724
0.18762764334678647
0.21266186237335205
0.2253049314022064
0.15113872289657593
0.1487584412097931
0.21804112195968628
0.2093091905117035
0.19439783692359924
0.19282189011573792
0.17008322477340698
0.19296008348464963
0.13889391720294952
0.16738349199295044
0.18650022149086
0.2110055387020111
0.16797727346420288
0.2090608775615692
0.16596698760986328
0.13523328304290771
0.18856441974639887
0.19819641113281247
0.12487721443176268
0.18459367752075195
0.21903544664382932
0.25101679563522333
0.22407284379005432
0.2108712792396545
0.1680595576763153
0.1972753703594208
0.20251718163490293
0.21598041057586667
0.20365047454833984
0.23781895637512207
0.22671973705291748
0.21207433938980105
0.1735614836215973
0.21532854437828064
0.18866464495658877
0.13706976175308228
0.22678598761558527
0.18974611163139343
0.19358381628990173
0.13083207607269287
0.16037499904632568
0.17131593823432922
0.16542404890060425
0.17662078142166135
0.18106663227081296
0.19893053174018857
0.19649404287338257
0.19721749424934387
0.21839386224746704
0.19958919286727905
0.13739606738090515
0.16996341943740845
0.16606253385543823
0.14809376001358032
0.1900443732738495
0.2225807011127472
0.17903420329093933
0.1972205340862274
0.17167875170707703
0.19593176245689392
0.110912524163723
0.19395577907562253
0.18114870786666873
0.1959707736968994
0.17384007573127747
0.18677398562431333
0.21002858877182007
0.1724567413330078
0.16545894742012024
0.1583918333053589
0.1968826055526733
0.20495790243148804
0.1730237603187561
0.204089879989624
0.2016830742359161
0.2184142768383026
0.16229042410850525
0.21018534898757932
0.2082620859146118
0.20823732018470764
0.154793381690979
0.20544561743736267
0.19559749960899356
0.20730122923851013
0.1871861815452576
0.15685433149337769
0.17604577541351318
0.14788275957107544
0.21255967020988464
0.2024304568767548
0.20488739013671875
0.1891286671161652
0.18638250231742856
0.22297549247741696
0.18714043498039243
0.20018789172172544
0.17725986242294312
0.246783047914505
0.2014587223529816
0.14465531706809995
0.16442608833312988
0.1624417006969452
0.14398273825645447
0.19252297282218933
0.2318131327629089
0.2226804792881012
0.20752230286598203
0.17549297213554382
0.18902733922004697
0.18883624672889707
0.16135787963867188
0.23428362607955927
0.1691959798336029
0.19502300024032593
0.14013147354125977
0.19844138622283933
0.2250386476516724
0.176611065864563
0.20742765069007876
0.2382741868495941
0.18902966380119324
0.19804534316062927
0.2508338987827301
0.12330672889947893
0.18961116671562195
0.19474881887435916
0.1330643892288208
0.22994536161422727
0.1998310387134552
0.1626383364200592
0.21857008337974548
0.21815860271453855
0.1842612028121948
0.17184963822364807
0.21399822831153867
0.1967424750328064
0.20211219787597656
0.17572689056396484
0.1997531950473785
0.19815614819526672
0.1768764555454254
0.26175612211227417
0.22726598381996155
0.15029430389404297
0.20127543807029724
0.20381662249565125
0.20463165640830996
0.1295170783996582
0.2051159739494324
0.16556677222251892
0.21585509181022644
0.13185149431228635
0.18813756108284
0.18976569175720212
0.23210588097572327
0.16742649674415588
0.1762574017047882
0.1673104465007782
0.23228472471237183
0.14812368154525757
0.15239176154136655
0.2083158791065216
0.18347257375717163
0.19864591956138608
0.2185096740722656
0.19566142559051516
0.17038869857788083
0.1953765153884888
0.16731998324394226
0.22002604603767395
0.1933385133743286
0.23288223147392273
0.18016260862350464
0.18079546093940732
0.2174258530139923
0.17922502756118774
0.208933025598526
0.2062329649925232
0.19412407279014587
0.20501255989074707
0.1896805763244629
0.2078115940093994
0.1822184920310974
0.20566749572753903
0.18474531173706052
0.2531801164150238
0.20046964287757876
0.21757599711418152
0.16756340861320496
0.21799966692924497
0.17796382308006287
0.20258036255836487
0.1858452558517456
0.20303675532341003
0.19400608539581296
0.13805794715881348
0.19463568925857544
0.1856711506843567
0.1843114197254181
0.18755635619163516
0.2196093797683716
0.2252036929130554
0.14603999257087708
0.19114121794700625
0.17949610948562622
0.21421936154365537
0.19025549292564392
0.19052386283874512
0.16128847002983093
0.17840617895126343
0.1763354241847992
0.13877849280834198
0.18313214182853696
0.14360293745994568
0.165615975856781
0.13422471284866333
0.1702395975589752
0.16086402535438535
0.191000759601593
0.20666241645812988
0.20420193672180173
0.16970640420913696
0.13756027817726135
0.2365368604660034
0.1676371693611145
0.18519839644432068
0.21083849668502808
0.1930449903011322
0.14371776580810547
0.23313349485397336
0.19832426309585569
0.21862530708312988
0.18880444765090945
0.1736451685428619
0.15803807973861694
0.1975291073322296
0.201469749212265
0.195406436920166
0.1645936667919159
0.19848430156707764
0.143479585647583
0.20663434267044067
0.16744709014892578
0.19395279884338376
0.17015430331230164
0.20081490278244016
0.22033223509788516
0.19227442145347595
0.23830828070640564
0.21951070427894592
0.173752099275589
0.19605720043182373
0.23954287171363833
0.18598109483718872
0.21994569897651672
0.19893559813499448
0.20444869995117188
0.17786818742752075
0.16157689690589905
0.20156121253967285
0.20066934823989868
0.16539615392684937
0.15410056710243225
0.17897182703018188
0.15062111616134644
0.2128625214099884
0.1666264533996582
0.17754879593849182
0.2534046173095703
0.18533968925476077
0.18671056628227237
0.2239177227020264
0.19246333837509155
0.2309363484382629
0.1828070878982544
0.24740487337112424
0.15721657872200012
0.23854050040245056
0.17488887906074524
0.2498982548713684
0.1812677085399628
0.22132238745689392
0.18164530396461487
0.1909373700618744
0.21894910931587216
0.19545570015907288
0.17844492197036743
0.1858191788196564
0.21360352635383603
0.18017929792404172
0.19120559096336365
0.20879146456718445
0.1548961102962494
0.18997275829315183
0.21503046154975888
0.1734885573387146
0.14169952273368835
0.2037276327610016
0.21545195579528809
0.17187783122062683
0.18612682819366452
0.21602618694305417
0.1759672164916992
0.18780145049095157
0.15928855538368225
0.17608001828193665
0.2015803754329681
0.18665277957916257
0.2112936973571777
0.3025501072406769
0.18806564807891843
0.1980558335781097
0.215286523103714
0.1796843409538269
0.17406961321830747
0.20638182759284973
0.20143848657608032
0.1993872821331024
0.17226192355155945
0.20957490801811215
0.18642729520797727
0.22301986813545227
0.1974535286426544
0.15612441301345825
0.19806987047195437
0.266794353723526
0.19662970304489133
0.14416810870170593
0.17368176579475403
0.22364270687103271
0.15502044558525083
0.15811297297477722
0.16183260083198547
0.19706639647483823
0.14962109923362732
0.15080732107162476
0.16811460256576538
0.23145049810409543
0.22943851351737976
0.1708370745182037
0.19636958837509155
0.1530344784259796
0.22906264662742612
0.18075042963027957
0.19386297464370728
0.17731985449790955
0.1623544692993164
0.214788556098938
0.1801375448703766
0.21230885386466977
0.1861679255962372
0.21787568926811215
0.1774230599403381
0.20650976896286008
0.13508525490760803
0.2214568257331848
0.20514774322509763
0.23196741938591003
0.24856990575790405
0.18331512808799744
0.1621900498867035
0.20943251252174375
0.19568467140197757
0.18367353081703183
0.2565412223339081
0.21170014142990112
0.15553236007690427
0.17234140634536743
0.19747567176818848
0.1455174684524536
0.1896333396434784
0.19166335463523865
0.1980415880680084
0.16185733675956726
0.19764530658721924
0.19612777233123777
0.15693336725234985
0.21293076872825625
0.20790833234786987
0.198857843875885
0.208442896604538
0.1541737914085388
0.15568673610687256
0.19816154241561887
0.17893031239509583
0.2576838731765747
0.204956978559494
0.2284109890460968
0.17332395911216736
0.2204124629497528
0.18949607014656064
0.20459315180778503
0.1411355435848236
0.14835113286972043
0.20040711760520932
0.15341421961784363
0.17065012454986572
0.24270513653755188
0.19748684763908383
0.11559835821390152
0.21768313646316528
0.1954902410507202
0.20435309410095212
0.18695953488349917
0.19515782594680783
0.1836726665496826
0.1915159523487091
0.19725647568702695
0.2426891922950745
0.17161250114440915
0.19497779011726377
0.1707841157913208
0.1682149767875671
0.17252177000045776
0.1800252795219421
0.1879030764102936
0.19575706124305725
0.2178136110305786
0.1332374811172485
0.16299280524253845
0.15676969289779663
0.2280031740665436
0.18699973821640012
0.20060360431671145
0.21009743213653564
0.1825862228870392
0.21758136153221128
0.14575904607772827
0.20031484961509705
0.22002270817756647
0.17172420024871826
0.1970861852169037
0.18396520614624023
0.19665086269378665
0.21581128239631647
0.1645720601081848
0.20596501231193545
0.215742826461792
0.16095107793807983
0.1444094032049179
0.1886800229549408
0.18775495886802676
0.19144925475120544
0.21221396327018735
0.20012128353118896
0.13541096448898315
0.1431930959224701
0.156770259141922
0.15022292733192444
0.22071814537048337
0.2058886885643005
0.18996068835258484
0.17074540257453918
0.19632321596145627
0.17258653044700623
0.16778555512428284
0.19768470525741577
0.2147138714790344
0.17490309476852417
0.1828330755233765
0.19534960389137268
0.23973000049591064
0.17701777815818787
0.16697466373443604
0.17341500520706177
0.23849159479141235
0.1711735725402832
0.21555328369140625
0.16389498114585876
0.15760359168052673
0.2233923971652985
0.12995241582393646
0.17313730716705322
0.19174548983573916
0.21785649657249448
0.172652930021286
0.22958463430404663
0.13974985480308533
0.16374337673187256
0.245534747838974
0.18892985582351685
0.19681102037429807
0.1452946662902832
0.2285977602005005
0.2013452351093292
0.2061677575111389
0.16928282380104065
0.19714370369911197
0.1640983521938324
0.17071524262428284
0.22825163602828977
0.16760453581809995
0.1996798515319824
0.15543138980865479
0.19137698411941528
0.17504718899726868
0.2032741606235504
0.18249368667602536
0.18478673696517944
0.19999685883522036
0.20760792493820193
0.2169439196586609
0.22212204337120056
0.21588513255119324
0.1759154200553894
0.1442895382642746
0.18305921554565427
0.1756698191165924
0.2021676003932953
0.245726615190506
0.20583808422088623
0.17787814140319824
0.19786971807479856
0.19626790285110476
0.16923201084136963
0.2023623287677765
0.2060444951057434
0.1898467242717743
0.19337576627731323
0.1873010993003845
0.16757073998451233
0.16767558455467224
0.21913862228393555
0.1608980298042297
0.1942662000656128
0.19722822308540344
0.20297652482986447
0.20810717344284055
0.21803930401802063
0.15795820951461792
0.2088600397109985
0.1732177734375
0.15357035398483276
0.20703923702239993
0.14473304152488708
0.18774688243865967
0.19217628240585327
0.18648329377174375
0.18583053350448608
0.1916959881782532
0.20211422443389887
0.1341804265975952
0.1648579239845276
0.16760045289993286
0.20093291997909543
0.138429194688797
0.20180535316467285
0.21967291831970212
0.1495404541492462
0.20926398038864133
0.2209317684173584
0.20899736881256104
0.21869337558746335
0.17464911937713623
0.20795288681983948
0.1876083612442017
0.21098315715789795
0.18636199831962583
0.14725130796432495
0.1958124339580536
0.19564917683601377
0.20319807529449463
0.2331584393978119
0.22625550627708435
0.2325091361999512
0.17337414622306824
0.18142962455749512
0.15985709428787231
0.2281038165092468
0.17405113577842712
0.1898242235183716
0.15687459707260132
0.1907462775707245
0.15953603386878967
0.17599323391914368
0.16418582201004028
0.15948781371116638
0.14082786440849304
0.18266457319259644
0.17240390181541443
0.16169646382331848
0.17117294669151306
0.18448713421821597
0.19013050198554993
0.215852290391922
0.2223738133907318
0.19001850485801697
0.17150941491127014
0.1720929741859436
0.17101639509201047
0.21039968729019165
0.19759848713874817
0.18650156259536743
0.19470766186714167
0.22237259149551392
0.1672506332397461
0.21840658783912656
0.18864920735359192
0.21961602568626404
0.18940004706382751
0.1524696946144104
0.1774733066558838
0.18021512031555173
0.1961360573768616
0.18028160929679873
0.23705708980560303
0.1879349946975708
0.1859492063522339
0.17775642871856687
0.1902849972248077
0.242708683013916
0.17145341634750366
0.14640340209007263
0.18094193935394287
0.1878463327884674
0.243738055229187
0.17732030153274536
0.18268007040023804
0.21725863218307492
0.20775863528251648
0.18019977211952207
0.17342841625213623
0.1266624331474304
0.1848149001598358
0.1603321135044098
0.12775146961212158
0.17632952332496643
0.20468124747276303
0.19124728441238403
0.12674185633659363
0.14261455833911896
0.22179761528968808
0.17546486854553223
0.13736996054649353
0.2144300937652588
0.17246809601783752
0.1702122688293457
0.177928626537323
0.1542212963104248
0.2000930905342102
0.2024193704128265
0.15967875719070435
0.17629337310791016
0.1813930869102478
0.2200404107570648
0.18739596009254453
0.19618999958038327
0.15865999460220337
0.21566000580787656
0.20185959339141843
0.21760258078575132
0.21812969446182248
0.2277332842350006
0.22546464204788208
0.17211842536926267
0.1964220106601715
0.22060382366180417
0.22133609652519223
0.19130849838256836
0.21204346418380737
0.172600656747818
0.1647880971431732
0.22920188307762143
0.17510509490966797
0.2063675820827484
0.19931286573410037
0.2060140371322632
0.20730096101760864
0.1754876971244812
0.17504504323005676
0.16664850711822507
0.1359868347644806
0.22054344415664673
0.177928626537323
0.21432170271873477
0.22636660933494568
0.19834724068641665
0.2008782923221588
0.199568510055542
0.1991258263587952
0.2093157172203064
0.18798565864562988
0.16678744554519653
0.17927482724189758
0.21541857719421384
0.18268179893493647
0.26183339953422546
0.16240233182907104
0.19593173265457156
0.216599315404892
0.1835667192935944
0.1810619533061981
0.1899346113204956
0.15277832746505737
0.18155893683433527
0.22506833076477048
0.21792417764663696
0.2278253436088562
0.18408292531967163
0.21189057826995847
0.20724505186080927
0.1839869320392609
0.17225691676139832
0.19964540004730225
0.1753586232662201
0.13220715522766113
0.20955869555473328
0.1846221387386322
0.1969498693943024
0.18109083175659177
0.1655351221561432
0.1918635368347168
0.21166715025901797
0.17300984263420105
0.24390667676925656
0.18816345930099487
0.22327718138694763
0.1827673017978668
0.19315433502197263
0.14861854910850525
0.2318514585494995
0.17631635069847107
0.1681063175201416
0.2040918171405792
0.1507456600666046
0.17256116867065427
0.19293671846389768
0.17995864152908325
0.19904297590255737
0.20619064569473264
0.19814887642860407
0.17096230387687683
0.18207505345344543
0.18678218126297
0.15268009901046753
0.28835082054138184
0.21644702553749084
0.14194834232330322
0.20548075437545776
0.221466988325119
0.17780345678329468
0.192211776971817
0.19161707162857053
0.17972305417060852
0.16434359550476074
0.21704465150833127
0.16823050379753113
0.20583394169807437
0.24346420168876648
0.21852165460586548
0.1444915533065796
0.2016728222370148
0.20535385608673093
0.16246607899665833
0.21110594272613523
0.16933482885360715
0.1851694881916046
0.1787927746772766
0.20016363263130188
0.19646281003952024
0.2156904339790344
0.17728042602539062
0.20261019468307492
0.20258373022079468
0.16358256340026855
0.15403112769126892
0.21077913045883176
0.20144495368003845
0.17774289846420288
0.2136159837245941
0.23795267939567563
0.1836044788360596
0.13562163710594177
0.2574712634086609
0.1890549063682556
0.19237202405929563
0.1931327283382416
0.22703787684440607
0.1968499422073364
0.17007648944854736
0.23747396469116208
0.19170573353767395
0.194794237613678
0.22423869371414185
0.16159185767173767
0.1925729215145111
0.1861136555671692
0.21265164017677307
0.2082175314426422
0.22255569696426392
0.2038964331150055
0.16295480728149414
0.16151264309883115
0.2009344696998596
0.17092108726501465
0.2013551890850067
0.201618492603302
0.23150870203971863
0.23733139038085935
0.18935132026672363
0.22149357199668884
0.21334996819496155
0.1840490996837616
0.2000487446784973
0.1655791997909546
0.21527230739593503
0.17284592986106873
0.154979407787323
0.2081443667411804
0.16418609023094177
0.18524208664894104
0.18642279505729675
0.22037044167518613
0.1772097647190094
0.21011453866958615
0.2057969272136688
0.19657519459724423
0.15318617224693298
0.14449477195739746
0.1250422894954681
0.1658859550952911
0.15460577607154846
0.19415065646171567
0.19280314445495603
0.22649347782135007
0.1757916510105133
0.2017024457454681
0.20463165640830996
0.1617622673511505
0.18663790822029117
0.1861080825328827
0.22287437319755557
0.1961308121681213
0.13147199153900146
0.19603383541107175
0.25826078653335566
0.14339640736579895
0.18305677175521848
0.12585246562957764
0.18801969289779663
0.212719589471817
0.17767515778541565
0.22407191991806033
0.18866306543350217
0.17355814576148987
0.18561688065528867
0.20293667912483213
0.16867658495903015
0.16056561470031738
0.18107137084007263
0.2073887288570404
0.22560560703277588
0.1449139416217804
0.22566723823547363
0.17460328340530396
0.1986188292503357
0.21349823474884036
0.17328619956970215
0.2498785555362701
0.17200517654418945
0.16363534331321716
0.18657684326171875
0.18048700690269473
0.15627512335777283
0.17956498265266418
0.19889929890632627
0.1990666389465332
0.15663546323776245
0.19041275978088376
0.2141863703727722
0.1846737563610077
0.19648337364196777
0.15579545497894287
0.14231130480766296
0.20241466164588928
0.21993601322174072
0.1840810179710388
0.20604127645492556
0.16491538286209106
0.210978239774704
0.19054293632507324
0.16809231042861938
0.1793629229068756
0.19897127151489255
0.19751292467117307
0.20596390962600708
0.18738946318626404
0.21841514110565183
0.16285258531570435
0.20114067196846008
0.17642778158187866
0.138398677110672
0.16225430369377136
0.2531953454017639
0.1785874366760254
0.22319644689559937
0.1873907446861267
0.18220272660255432
0.1988944113254547
0.20795902609825132
0.192899227142334
0.19020336866378784
0.2091770172119141
0.24302574992179873
0.19966137409210205
0.15253162384033203
0.1733185052871704
0.17641660571098328
0.22821861505508423
0.17803281545639038
0.20858293771743772
0.176866352558136
0.16927170753479004
0.21353054046630857
0.22542572021484372
0.14432910084724426
0.19733574986457825
0.18413615226745603
0.14641906321048737
0.1802701950073242
0.17397749423980713
0.15016597509384155
0.23063591122627256
0.22081428766250608
0.15058362483978271
0.22871896624565125
0.21073913574218753
0.2141105830669403
0.1552254855632782
0.23614585399627683
0.17325136065483093
0.2003791630268097
0.2282278537750244
0.13748300075531003
0.1654532253742218
0.15196654200553894
0.23159408569335935
0.1860368847846985
0.15574404597282407
0.2008954286575317
0.16903221607208252
0.2044299244880676
0.20655477046966553
0.24735593795776367
0.22293296456336972
0.21066305041313169
0.20624783635139465
0.1884543597698212
0.19706192612648007
0.1796819567680359
0.2113026976585388
0.16177818179130554
0.18378129601478577
0.24287357926368716
0.1583503782749176
0.2362435460090637
0.21920743584632876
0.1871345341205597
0.1758703887462616
0.2315760552883148
0.19771450757980344
0.22625410556793207
0.2233150899410248
0.15478605031967163
0.19360175728797913
0.1734916865825653
0.1759953200817108
0.219156950712204
0.1699518859386444
0.1953348517417908
0.21215757727622983
0.21291211247444153
0.20224657654762268
0.21184176206588745
0.21896204352378845
0.17702996730804443
0.17574360966682434
0.17434760928153992
0.1977872848510742
0.19601768255233765
0.1563017964363098
0.18935930728912356
0.1680970788002014
0.20627918839454648
0.2324358820915222
0.16139495372772217
0.20968326926231384
0.22539636492729187
0.1967392265796661
0.16409090161323547
0.16074159741401672
0.159051775932312
0.2031121253967285
0.1847272515296936
0.18147629499435425
0.21448665857315063
0.1918913424015045
0.17501062154769895
0.2097078561782837
0.14773857593536377
0.15128314495086667
0.18279126286506647
0.18422862887382507
0.22196039557456967
0.15504148602485657
0.16087934374809265
0.21451678872108457
0.15759849548339844
0.21143436431884763
0.21036866307258603
0.18938785791397092
0.24163964390754697
0.2116686105728149
0.14017844200134277
0.1903424561023712
0.15172258019447327
0.15248644351959229
0.17335176467895508
0.20048710703849792
0.21579739451408383
0.20990136265754697
0.20074328780174253
0.20565286278724673
0.1288432776927948
0.18705254793167117
0.20713010430336
0.14408552646636963
0.1704106032848358
0.17322102189064023
0.17261961102485657
0.2150122821331024
0.1572648286819458
0.2016391158103943
0.19964224100112915
0.20473015308380127
0.21167221665382385
0.18353500962257385
0.16651102900505063
0.1636332869529724
0.18469792604446408
0.24545216560363767
0.1908668875694275
0.18383029103279117
0.23086518049240112
0.18791285157203677
0.18627190589904785
0.1863809823989868
0.1748100221157074
0.18102461099624637
0.2254164516925812
0.1991741359233856
0.20191422104835513
0.1750737428665161
0.2422126531600952
0.20535075664520264
0.2004220485687256
0.15682324767112732
0.21814087033271787
0.2122904360294342
0.2002275586128235
0.18667253851890564
0.2610582113265991
0.18069952726364133
0.11553157866001128
0.16691723465919495
0.16437619924545288
0.2127658724784851
0.1828736364841461
0.18947434425354004
0.14052504301071167
0.24701756238937375
0.2121032476425171
0.21620666980743408
0.1880381405353546
0.18193456530570984
0.1827673614025116
0.20150256156921384
0.16703051328659055
0.2570225596427917
0.1957426965236664
0.1808684468269348
0.1822519302368164
0.1461736261844635
0.21803864836692807
0.19618776440620425
0.20427152514457703
0.20271044969558716
0.164946049451828
0.1346021592617035
0.19136208295822144
0.2016526162624359
0.1848798096179962
0.24718016386032104
0.20898163318634036
0.19011828303337097
0.24942976236343384
0.18182992935180664
0.2258009910583496
0.2017521560192108
0.17774438858032227
0.2506236732006073
0.18449315428733823
0.15597021579742432
0.15628257393836975
0.21445202827453613
0.20102548599243164
0.20004138350486755
0.22506648302078247
0.18150612711906436
0.17702409625053403
0.17852497100830078
0.2025228440761566
0.18750610947608948
0.18536594510078433
0.18799751996994016
0.17785602807998657
0.1699185073375702
0.15731880068778992
0.1517607867717743
0.1952688694000244
0.1924361288547516
0.14097265899181363
0.2169645428657532
0.21636238694190976
0.190547376871109
0.17450374364852905
0.1968370676040649
0.17409875988960266
0.19587790966033933
0.19505923986434937
0.1804213523864746
0.22214365005493164
0.21436011791229248
0.16160979866981506
0.2030726969242096
0.19547247886657715
0.1378840208053589
0.2087652087211609
0.15698248147964475
0.1603056788444519
0.19809183478355408
0.211765319108963
0.1550339162349701
0.1932295560836792
0.188488245010376
0.21427571773529047
0.19673803448677063
0.18022289872169492
0.1894772946834564
0.22179388999938965
0.17363065481185913
0.19251084327697757
0.1797148585319519
0.21330350637435916
0.16204428672790527
0.18378084897994995
0.14850154519081116
0.26786431670188904
0.19246286153793332
0.19026952981948847
0.16294357180595395
0.18684080243110657
0.1663319170475006
0.2236642837524414
0.13376805186271667
0.21904471516609192
0.20816048979759216
0.11662518233060835
0.19960504770278928
0.15612393617630005
0.20816817879676816
0.1850894391536713
0.2018829584121704
0.2131553292274475
0.2162725329399109
0.2249252498149872
0.19091910123825076
0.19463390111923215
0.1677326261997223
0.1423491537570953
0.13268792629241943
0.20593777298927307
0.2318105399608612
0.18596458435058597
0.21722549200057983
0.17953374981880188
0.20144253969192505
0.15678554773330688
0.2350623607635498
0.1867416799068451
0.18788591027259824
0.20524862408638
0.1751023232936859
0.16800540685653687
0.221824049949646
0.19631078839302063
0.1917574405670166
0.207585871219635
0.2134033441543579
0.18205755949020383
0.2271080017089844
0.1694992482662201
0.1730521321296692
0.2327809631824493
0.1970023214817047
0.1855258345603943
0.19709759950637817
0.1774621307849884
0.2018252909183502
0.18950560688972476
0.1864294409751892
0.2031686902046204
0.1377027928829193
0.17666366696357727
0.21171188354492188
0.12793713808059692
0.1746874153614044
0.2070322334766388
0.18923792243003845
0.19483831524848935
0.18785390257835388
0.2149624228477478
0.1806301474571228
0.22083669900894165
0.19584196805953977
0.17622727155685425
0.19940200448036197
0.1812632381916046
0.2147754430770874
0.1735997498035431
0.2150488495826721
0.1765790283679962
0.20515516400337216
0.1796019077301025
0.17741212248802185
0.20264992117881772
0.21735259890556333
0.23372337222099304
0.1632530391216278
0.1614593267440796
0.20673444867134091
0.18158358335494995
0.2063281536102295
0.18012097477912903
0.23284217715263367
0.15424221754074097
0.16110649704933167
0.2148472964763641
0.221084862947464
0.20382046699523923
0.2280086576938629
0.18393146991729736
0.20196515321731567
0.1765853762626648
0.22056779265403748
0.19672632217407224
0.19765391945838928
0.2394055128097534
0.14796027541160583
0.16686072945594788
0.16927701234817505
0.1961030960083008
0.19612750411033633
0.1792055368423462
0.25000056624412537
0.18584480881690976
0.1646307408809662
0.2056011259555817
0.17704063653945923
0.16727739572525024
0.18614903092384336
0.20572292804718015
0.1937239170074463
0.24420392513275144
0.19813337922096247
0.18455627560615537
0.16962984204292297
0.14585763216018677
0.24104869365692136
0.18868160247802732
0.17365112900733948
0.20863211154937744
0.1878836154937744
0.15175533294677734
0.18261760473251343
0.1728227138519287
0.22236216068267825
0.1703115999698639
0.21955665946006772
0.18674418330192563
0.2014426290988922
0.15154597163200378
0.14575183391571045
0.14978116750717163
0.16908490657806396
0.1949821412563324
0.24771112203598025
0.18098047375679016
0.22235643863677976
0.1477089822292328
0.21953949332237244
0.22136986255645752
0.195440411567688
0.2401522994041443
0.2071065306663513
0.16268980503082275
0.19298627972602844
0.16596046090126035
0.20353820919990537
0.16716036200523376
0.2589446008205414
0.16575083136558533
0.20087710022926328
0.21314465999603271
0.1794508397579193
0.16509094834327695
0.1728685200214386
0.2437572479248047
0.1802136600017548
0.13422608375549316
0.192581444978714
0.20449450612068176
0.203975647687912
0.18732810020446777
0.1446535885334015
0.19647759199142456
0.21655887365341184
0.22749599814414975
0.1516778469085693
0.19253575801849365
0.22603678703308103
0.19975140690803528
0.20072674751281736
0.15666016936302185
0.14448818564414978
0.18134963512420652
0.1879853308200836
0.18304237723350525
0.211881160736084
0.1886291205883026
0.1867561638355255
0.1770782768726349
0.17659610509872437
0.2441364228725433
0.1640186607837677
0.1808200180530548
0.16570469737052915
0.19379717111587524
0.1496680378913879
0.23467186093330383
0.15774527192115784
0.25892713665962214
0.20114463567733765
0.1869165599346161
0.16398784518241882
0.16895797848701477
0.1922036707401276
0.1580061912536621
0.16769707202911377
0.2529369294643402
0.1913960576057434
0.12736566364765167
0.19977614283561704
0.1901862919330597
0.21224528551101685
0.17735016345977783
0.17316529154777527
0.2218433618545532
0.2572082579135895
0.22023975849151609
0.1819270551204681
0.1555250585079193
0.14645560085773468
0.18472978472709653
0.18344491720199585
0.22065192461013797
0.14522892236709595
0.19479975104331967
0.18142241239547727
0.20741757750511167
0.164228618144989
0.18469941616058347
0.1938097178936005
0.17517006397247314
0.14091458916664124
0.14324325323104858
0.19934147596359247
0.19184139370918277
0.19611343741416928
0.16734850406646729
0.19847315549850464
0.1958959996700287
0.16411712765693665
0.20664256811141968
0.1446514129638672
0.1460779309272766
0.1937032639980316
0.16769754886627197
0.15416130423545835
0.17616137862205505
0.18111905455589292
0.16554498672485352
0.16423141956329343
0.18360039591789243
0.18299785256385803
0.15886148810386655
0.17888066172599792
0.2051730453968048
0.2136974930763245
0.18196088075637817
0.17436963319778442
0.18185749650001523
0.20314553380012512
0.163525253534317
0.19110068678855896
0.17991206049919128
0.1976667046546936
0.1860050857067108
0.18191987276077273
0.19398754835128784
0.17728081345558167
0.16862347722053528
0.15744140744209287
0.19478037953376767
0.19366583228111267
0.16388443112373352
0.1954679787158966
0.19892674684524536
0.215045303106308
0.15865588188171387
0.18648716807365415
0.18606746196746823
0.16689413785934448
0.22500190138816836
0.14804595708847043
0.21069839596748352
0.2157067358493805
0.18848496675491333
0.20579153299331665
0.19484665989875796
0.20231059193611145
0.14721575379371643
0.18189889192581177
0.17576384544372559
0.15552461147308347
0.1730385422706604
0.18645313382148743
0.22350427508354187
0.21203276515007016
0.17860859632492063
0.1799185872077942
0.18213707208633423
0.18697029352188113
0.1956291496753693
0.15096935629844663
0.18441891670227048
0.19531533122062683
0.1802600920200348
0.19902646541595456
0.1894620656967163
0.18829703330993647
0.18359774351119995
0.22733551263809204
0.1658342480659485
0.21400800347328183
0.18866518139839167
0.20401412248611447
0.19075241684913635
0.18489593267440796
0.20133522152900693
0.1885402798652649
0.18953800201416013
0.21027410030364993
0.16347017884254456
0.19843965768814087
0.22969618439674375
0.19304996728897092
0.15700724720954895
0.18437510728836057
0.1887490153312683
0.19163280725479123
0.17844992876052856
0.19312825798988345
0.18118733167648315
0.2227890193462372
0.18976759910583496
0.2051372230052948
0.23578098416328433
0.16186633706092834
0.20405626296997073
0.22714897990226743
0.14934998750686643
0.1489896774291992
0.18153345584869385
0.2263938784599304
0.15719440579414368
0.1570721864700317
0.23032107949256897
0.16954198479652405
0.1386701464653015
0.1647302508354187
0.2091236710548401
0.12834560871124268
0.19875800609588623
0.18252199888229367
0.21322819590568545
0.1592848002910614
0.15226173400878906
0.167246013879776
0.22429731488227844
0.2002389132976532
0.1805676519870758
0.20473143458366397
0.195538192987442
0.16618472337722778
0.20864459872245789
0.2345905303955078
0.2018740475177765
0.20062169432640076
0.1665690541267395
0.13183903694152832
0.2050509452819824
0.2335493564605713
0.18973615765571597
0.21661290526390076
0.20907226204872129
0.1818636655807495
0.21818798780441284
0.19187691807746887
0.20421120524406436
0.17402520775794983
0.18489375710487363
0.22397685050964355
0.1767204701900482
0.1950790882110596
0.2076222002506256
0.15109533071517944
0.1978091895580292
0.20222958922386167
0.23213642835617063
0.20172953605651853
0.20896673202514648
0.22561433911323547
0.18475791811943051
0.15537649393081665
0.19144162535667417
0.23835307359695437
0.1919827163219452
0.2118849754333496
0.14726555347442627
0.17631688714027405
0.20456194877624512
0.1934776306152344
0.20487001538276672
0.19289511442184448
0.19349864125251767
0.22412124276161197
0.2205985188484192
0.1517508029937744
0.19391018152236936
0.19138512015342712
0.18258452415466309
0.2308013141155243
0.20101571083068848
0.211028665304184
0.21958571672439572
0.18882396817207336
0.209869921207428
0.2165498733520508
0.17183718085289
0.20396366715431213
0.22656902670860288
0.1405005156993866
0.2277793288230896
0.18909090757369995
0.2205586135387421
0.12918272614479065
0.1875096261501312
0.13412852585315704
0.17357021570205688
0.18554186820983887
0.1678161919116974
0.1828059554100037
0.22539874911308289
0.20061305165290833
0.1667596399784088
0.17325305938720703
0.20489749312400815
0.16998377442359924
0.13963323831558228
0.17150601744651794
0.1832024157047272
0.25996729731559753
0.1415375769138336
0.1859542429447174
0.180230975151062
0.18259555101394653
0.1730104386806488
0.21953651309013367
0.24384096264839167
0.20167496800422668
0.1864984631538391
0.22424274682998657
0.20514428615570068
0.22000181674957275
0.15333852171897888
0.17561611533164978
0.18912133574485776
0.20830109715461728
0.21334481239318848
0.2090857625007629
0.18991091847419736
0.1743407845497131
0.23888608813285828
0.18422108888626096
0.17787319421768188
0.16227823495864868
0.15988385677337646
0.2106575667858124
0.19015872478485107
0.222380131483078
0.2017327845096588
0.2112910449504852
0.1518842875957489
0.23707979917526245
0.19148606061935425
0.17310890555381775
0.19495713710784912
0.14214816689491272
0.20568430423736567
0.14729130268096924
0.18301755189895627
0.1718507707118988
0.17953571677207947
0.18432173132896423
0.17108288407325745
0.17656508088111875
0.16941797733306885
0.2663179934024811
0.209642231464386
0.20270085334777832
0.1888422667980194
0.20713183283805847
0.18477994203567505
0.18600019812583923
0.2026994824409485
0.14087390899658203
0.18232828378677368
0.18253639340400693
0.19540020823478696
0.23545068502426147
0.1901648640632629
0.1780886352062225
0.1759076416492462
0.2105114459991455
0.2217300236225128
0.15159356594085693
0.2297613024711609
0.15028914809226987
0.19725099205970764
0.2381705939769745
0.20500051975250244
0.1598365604877472
0.19519689679145807
0.20329636335372925
0.1747802197933197
0.2247975468635559
0.20579168200492856
0.19397783279418945
0.16476818919181824
0.17919263243675232
0.14709624648094177
0.2251702547073364
0.17659121751785278
0.21076500415802
0.15994462370872495
0.15806463360786435
0.19910961389541623
0.191922664642334
0.161031574010849
0.1932542324066162
0.16180977225303647
0.15124246478080747
0.14899581670761108
0.21015846729278564
0.22144770622253415
0.20615124702453613
0.1360251009464264
0.1397377848625183
0.2270486950874329
0.14103001356124875
0.15114369988441467
0.1955264508724213
0.1612021028995514
0.16236627101898193
0.19312095642089844
0.1663079559803009
0.1633514165878296
0.18054252862930295
0.1888207495212555
0.19137248396873477
0.19602376222610476
0.1564634144306183
0.1827963888645172
0.22956156730651853
0.22012892365455627
0.21816343069076535
0.24529030919075007
0.21479928493499756
0.19876691699028012
0.12463264167308807
0.1949804723262787
0.20046377182006836
0.21713024377822876
0.18460673093795776
0.2163986265659332
0.2124352157115936
0.16886919736862183
0.19293171167373657
0.20183297991752625
0.20592239499092105
0.1963643431663513
0.19868737459182736
0.22611242532730105
0.1771971583366394
0.14545035362243652
0.19112893939018247
0.19443708658218384
0.20837098360061643
0.21601149439811704
0.1666528582572937
0.21817579865455627
0.17032626271247864
0.1597346067428589
0.1885744035243988
0.18255916237831116
0.17609092593193054
0.23602172732353208
0.1393444538116455
0.19645294547080996
0.1574241518974304
0.18700867891311643
0.20164978504180908
0.1904045939445496
0.1905485689640045
0.1775110960006714
0.1777580976486206
0.18929377198219297
0.15193256735801697
0.15175899863243103
0.14626869559288025
0.2144471704959869
0.20256075263023376
0.22483626008033752
0.22882539033889768
0.17482233047485352
0.22166821360588077
0.16627290844917297
0.1810215711593628
0.1825355291366577
0.1566161811351776
0.1817552149295807
0.20827367901802063
0.19852173328399655
0.17913565039634705
0.18895941972732544
0.20012545585632324
0.20779249072074887
0.18172168731689453
0.20549151301383967
0.18847414851188657
0.12986138463020325
0.2106100618839264
0.19779103994369504
0.17223909497261047
0.17797920107841492
0.16145458817481995
0.18635055422782895
0.202195018529892
0.21227955818176267
0.19410166144371033
0.1855802834033966
0.1454971432685852
0.23033770918846128
0.21536618471145627
0.1876922845840454
0.16887900233268735
0.18366524577140808
0.15556195378303528
0.2520725727081299
0.1834072172641754
0.20862469077110288
0.17763850092887878
0.2148156464099884
0.16325169801712036
0.22206956148147583
0.14270561933517456
0.2158908843994141
0.2147749066352844
0.2360197007656097
0.16467922925949097
0.20521399378776553
0.20862767100334167
0.17878946661949155
0.18743693828582764
0.1397564709186554
0.23298138380050656
0.25594899058341974
0.26730218529701233
0.16084450483322144
0.18432199954986567
0.21253523230552676
0.14370182156562805
0.18791839480400083
0.1748991012573242
0.18267607688903809
0.18261355161666873
0.19802862405776975
0.1618382632732391
0.1625683307647705
0.15147200226783752
0.20388019084930417
0.21568685770034793
0.2247448563575745
0.18884819746017456
0.16817331314086914
0.21100002527236936
0.2070809304714203
0.20761236548423767
0.19460728764534
0.16818368434906003
0.19279196858406064
0.17190289497375488
0.17838642001152039
0.16651135683059692
0.13186803460121155
0.13356906175613403
0.19422405958175656
0.20892870426177976
0.24834275245666504
0.1600250005722046
0.1804935038089752
0.20054462552070615
0.15945926308631897
0.1817461848258972
0.17887872457504272
0.1946547031402588
0.1916467845439911
0.17119428515434265
0.19037488102912903
0.2557149529457092
0.1586838066577911
0.1958288550376892
0.1696314513683319
0.20505225658416748
0.18548816442489624
0.2048860788345337
0.21371376514434812
0.1649147868156433
0.20316198468208313
0.22812300920486447
0.22601017355918884
0.2150256633758545
0.1962113380432129
0.17190480232238767
0.1907936334609985
0.1610812544822693
0.17520755529403687
0.20323303341865537
0.2451652884483337
0.1829001307487488
0.20131212472915647
0.21079176664352417
0.1555832028388977
0.18070730566978452
0.15374401211738586
0.23516508936882016
0.18663212656974792
0.23740294575691223
0.1963391005992889
0.17540088295936584
0.2310659885406494
0.20187148451805115
0.1984931230545044
0.20604094862937927
0.17445117235183716
0.21045395731925964
0.21601247787475583
0.1717008352279663
0.1884782910346985
0.17994621396064758
0.1885586977005005
0.19485801458358765
0.19813969731330872
0.1483832448720932
0.20488294959068296
0.20566684007644653
0.19228267669677732
0.1943524479866028
0.17263513803482056
0.1705535352230072
0.19539210200309756
0.21346935629844663
0.2168426811695099
0.2081337869167328
0.21128785610198972
0.1502968072891235
0.2364899814128876
0.16048955917358398
0.14954498410224915
0.1699051558971405
0.2102786898612976
0.22346156835556033
0.19745513796806333
0.2211553454399109
0.16437074542045593
0.171481192111969
0.17327219247817993
0.1901787519454956
0.188159704208374
0.24277210235595703
0.14710809290409088
0.20010700821876523
0.2075064182281494
0.19681191444396967
0.19334501028060916
0.18106538057327273
0.15635761618614197
0.1909993886947632
0.22966474294662476
0.19375604391098025
0.20467928051948547
0.20119342207908633
0.20950043201446533
0.19938722252845764
0.22899729013442996
0.20711863040924072
0.18607133626937863
0.152925044298172
0.19468557834625244
0.20831903815269473
0.22451946139335632
0.21303996443748477
0.18049627542495728
0.17963996529579163
0.19294708967208865
0.19532427191734317
0.2416176199913025
0.139590322971344
0.1706489622592926
0.15892642736434937
0.18066042661666873
0.19612565636634824
0.13989710807800293
0.19068267941474917
0.15564891695976257
0.18101015686988833
0.19783556461334229
0.2147696018218994
0.2082843780517578
0.17198345065116882
0.20333942770957944
0.1846274733543396
0.17812395095825195
0.15981853008270264
0.20624062418937683
0.19338291883468628
0.1710187196731567
0.2147042751312256
0.21324947476387024
0.18072208762168884
0.21766799688339236
0.2047695219516754
0.2105455696582794
0.17574989795684814
0.18714204430580136
0.20794564485549927
0.17507228255271912
0.19628977775573728
0.17240872979164124
0.15945690870285034
0.15231329202651975
0.1849355399608612
0.17853486537933347
0.1784410774707794
0.142828106880188
0.13080379366874695
0.1955212354660034
0.17536136507987976
0.19151794910430908
0.22193273901939392
0.16771230101585388
0.20824530720710757
0.15805324912071228
0.22493115067481995
0.1759462058544159
0.1982848048210144
0.17272907495498657
0.13534137606620789
0.17936798930168152
0.14264719188213348
0.2003822326660156
0.1792469322681427
0.23745632171630857
0.19860020279884336
0.1934148073196411
0.11896370351314545
0.21224588155746457
0.1604597568511963
0.22413396835327148
0.1843627691268921
0.21690908074378967
0.17976069450378415
0.18704435229301447
0.17162728309631348
0.19421210885047913
0.14899912476539612
0.1988234221935272
0.18180412054061887
0.182075560092926
0.16440799832344055
0.18477392196655276
0.1958070397377014
0.17038923501968384
0.1868868172168732
0.21049603819847104
0.14098504185676575
0.16736522316932678
0.20542326569557187
0.22920870780944824
0.1859501600265503
0.2113666534423828
0.17663630843162537
0.2004341185092926
0.2102303504943848
0.17578259110450745
0.18328928947448728
0.18366098403930664
0.1843249797821045
0.14575514197349548
0.18656077980995175
0.16201165318489075
0.17299187183380127
0.22753441333770752
0.21053048968315125
0.17662391066551208
0.12379848957061768
0.20551946759223935
0.20943760871887207
0.2349607944488525
0.2072586417198181
0.1620100438594818
0.2130817472934723
0.1751711070537567
0.13366252183914185
0.2070477902889252
0.17949771881103516
0.20028704404830927
0.17718946933746335
0.19612416625022888
0.23102116584777832
0.22591838240623477
0.21160683035850525
0.1516604125499725
0.1510111391544342
0.15821078419685364
0.18246036767959595
0.22868722677230835
0.18868237733840945
0.20214998722076416
0.1819931268692017
0.206111341714859
0.1667044758796692
0.21901315450668332
0.20285645127296448
0.2033004462718964
0.18215486407279968
0.15993362665176392
0.2042360007762909
0.21000823378562927
0.16990745067596436
0.19288980960845947
0.20689594745635984
0.21005368232727048
0.20909911394119263
0.20653441548347476
0.1502590179443359
0.22196772694587708
0.12918099761009216
0.1604641079902649
0.18850210309028623
0.2221006155014038
0.2362241744995117
0.15512394905090332
0.1546596884727478
0.21845802664756772
0.19505605101585388
0.14503398537635803
0.23707774281501767
0.19996941089630127
0.20508703589439392
0.21704906225204468
0.20424574613571167
0.19056496024131772
0.2553779482841492
0.22512078285217285
0.21914970874786377
0.1981076002120972
0.21508955955505368
0.1894742846488953
0.19475328922271729
0.21782171726226807
0.19814682006835935
0.1618758738040924
0.20462840795516968
0.19805079698562625
0.15312486886978147
0.1582962870597839
0.1812419295310974
0.18035295605659485
0.2061669230461121
0.11816508322954176
0.210173100233078
0.21907290816307068
0.17320501804351807
0.17146283388137817
0.19286388158798215
0.21289557218551636
0.20833289623260495
0.1984027326107025
0.18187677860260007
0.20766329765319824
0.1887448728084564
0.21902289986610407
0.21520176529884336
0.1992112100124359
0.24059489369392395
0.19845411181449887
0.17881926894187927
0.2067987322807312
0.1749517321586609
0.15041348338127136
0.2026633322238922
0.21421223878860476
0.14831134676933289
0.18858239054679873
0.1525460183620453
0.18572214245796204
0.23345574736595157
0.18030279874801636
0.24960061907768247
0.19612842798233032
0.21189358830451965
0.20399627089500427
0.2325250208377838
0.19397783279418945
0.21351000666618347
0.17243283987045288
0.21760940551757807
0.1884483993053436
0.1815891265869141
0.16203263401985168
0.2229310572147369
0.17401868104934692
0.15448027849197388
0.1786213517189026
0.22461870312690732
0.20085945725440976
0.1935417354106903
0.2340404689311981
0.20245108008384705
0.2407820224761963
0.17990422248840332
0.1664178371429443
0.19914820790290833
0.18786388635635373
0.19939324259757996
0.19764170050621033
0.20682454109191892
0.19917261600494385
0.2256712019443512
0.19401970505714417
0.17409387230873108
0.1781124770641327
0.22731775045394895
0.17446476221084595
0.17869096994400024
0.22714075446128845
0.189156174659729
0.18751233816146848
0.159397155046463
0.16214042901992795
0.1416212022304535
0.17927506566047668
0.1664656400680542
0.20090600848197937
0.2041335701942444
0.1863971650600433
0.19539147615432736
0.1923491656780243
0.15809717774391174
0.17340734601020813
0.20679768919944763
0.23410043120384216
0.21543940901756287
0.18086883425712583
0.18088051676750183
0.18505945801734924
0.2093489170074463
0.14814338088035583
0.1796211004257202
0.17758822441101074
0.1582815945148468
0.1662946343421936
0.17883890867233276
0.18990030884742737
0.20929700136184687
0.19887280464172363
0.16518133878707883
0.2263852655887604
0.2161999344825745
0.191842257976532
0.2189951539039612
0.20759478211402893
0.1944572627544403
0.1611664593219757
0.18186771869659424
0.25336053967475886
0.13290822505950928
0.18873122334480283
0.1962784826755524
0.20100751519203183
0.16584450006484985
0.18770092725753784
0.2225134968757629
0.17408940196037292
0.20546391606330872
0.14913707971572876
0.2012804448604584
0.19197243452072144
0.1953231692314148
0.17778530716896057
0.18212568759918207
0.2224014401435852
0.19460001587867737
0.22841936349868772
0.19253444671630857
0.177165150642395
0.1682662069797516
0.1966175436973572
0.2092611789703369
0.1577203869819641
0.20485255122184756
0.19750258326530457
0.16941931843757627
0.19262075424194333
0.231646865606308
0.1602085828781128
0.17515665292739868
0.14802026748657227
0.19381114840507507
0.197600781917572
0.182014673948288
0.25140705704689026
0.1913625001907349
0.18864080309867856
0.14976707100868225
0.2557888627052307
0.15642032027244568
0.23656180500984192
0.23226347565650937
0.14330878853797913
0.19757524132728577
0.23003646731376648
0.17949238419532776
0.23828589916229248
0.20565485954284668
0.18846657872200007
0.1543199121952057
0.15620839595794675
0.19126069545745847
0.19030335545539853
0.20628890395164487
0.17990556359291077
0.22891005873680115
0.17603629827499387
0.2176300883293152
0.15400677919387817
0.17924165725708008
0.16824954748153687
0.15609911084175107
0.25477075576782227
0.20340710878372192
0.14897915720939636
0.20003625750541687
0.22507789731025693
0.15606775879859924
0.19167909026145932
0.16282755136489868
0.18879434466362
0.24463197588920596
0.1889697015285492
0.19466081261634824
0.1767711043357849
0.2152176797389984
0.21469467878341675
0.2029816210269928
0.19994595646858213
0.18847721815109247
0.21342760324478147
0.23598015308380127
0.18925726413726807
0.15510740876197815
0.18696922063827515
0.1838212609291077
0.17937305569648743
0.19415026903152463
0.23565301299095157
0.1780124008655548
0.18206489086151123
0.2314841449260712
0.216849148273468
0.1761924922466278
0.19904217123985288
0.19128820300102237
0.22444498538970947
0.1842680871486664
0.17489808797836304
0.2140694558620453
0.15413001179695127
0.2336909770965576
0.22176092863082883
0.20839080214500427
0.1941460967063904
0.1857192814350128
0.18741077184677124
0.22234761714935303
0.22129157185554504
0.17841359972953796
0.16906139254570007
0.19394192099571228
0.1596137285232544
0.16881781816482544
0.16919308900833127
0.21738374233245847
0.17520147562026975
0.15821292996406555
0.22918170690536496
0.1612040102481842
0.16689032316207883
0.19582685828208923
0.16992312669754028
0.2121098041534424
0.263421893119812
0.1778193712234497
0.25770351290702814
0.2339400947093964
0.18498694896698
0.21536457538604736
0.19644060730934143
0.17777493596076965
0.22657108306884763
0.15248078107833862
0.16977182030677795
0.2176840901374817
0.16640183329582214
0.1805451214313507
0.19885006546974185
0.1971426010131836
0.19427382946014404
0.21945106983184812
0.17072072625160217
0.2163357734680176
0.1996881067752838
0.13775721192359924
0.20601236820220947
0.19066730141639707
0.15683242678642273
0.20003369450569153
0.19237452745437625
0.2247236967086792
0.16832563281059265
0.18651193380355835
0.23094108700752256
0.1716288924217224
0.1691693365573883
0.21217522025108335
0.13463717699050903
0.18756175041198728
0.2184361517429352
0.21163344383239743
0.2113440632820129
0.16677990555763245
0.16876164078712463
0.16396841406822205
0.2033313810825348
0.2319353818893433
0.171421617269516
0.17830246686935425
0.15645045042037964
0.17885050177574155
0.14336761832237244
0.22865527868270877
0.17199811339378357
0.18542340397834775
0.21211290359497073
0.18255698680877683
0.20635783672332764
0.24862214922904968
0.2089977264404297
0.1765913963317871
0.17847374081611633
0.16362246870994568
0.21116858720779416
0.1605636477470398
0.2081892490386963
0.1620303690433502
0.2231155335903168
0.22403213381767273
0.17337819933891296
0.1539383828639984
0.19188848137855527
0.2199506163597107
0.17218506336212158
0.20834097266197205
0.1985871493816376
0.17449492216110227
0.17404362559318542
0.20431435108184812
0.18674874305725095
0.14588889479637146
0.23415192961692807
0.20424669981002808
0.1805002689361572
0.2036273181438446
0.2043824791908264
0.2001592516899109
0.2341274619102478
0.23155316710472104
0.18073922395706177
0.21328920125961304
0.1824379563331604
0.15851756930351257
0.2013522982597351
0.24028736352920527
0.23208004236221316
0.23309397697448728
0.20137980580329892
0.24815985560417173
0.1347644329071045
0.2008390724658966
0.19534507393836972
0.23004996776580808
0.2119013965129852
0.19820174574851987
0.16674506664276123
0.2061789631843567
0.19898003339767456
0.1521394848823547
0.17398467659950256
0.21620565652847287
0.1578601896762848
0.2099977135658264
0.16963565349578855
0.1952000558376312
0.199552983045578
0.21015211939811704
0.1725005209445953
0.11193587630987167
0.2101462483406067
0.14698347449302673
0.19029060006141665
0.21474897861480713
0.17723459005355835
0.22091037034988403
0.16226473450660703
0.20868068933486936
0.2014411389827728
0.15948978066444397
0.18475681543350217
0.1322319209575653
0.1795423924922943
0.1981641948223114
0.2617718279361725
0.2330602705478668
0.2293537259101868
0.18306320905685425
0.15692198276519775
0.19768854975700376
0.17677080631256104
0.1883157193660736
0.14897799491882324
0.2614234685897827
0.19772425293922424
0.18408897519111636
0.20724102854728696
0.1855846345424652
0.16087293624877927
0.2087433636188507
0.2021155655384064
0.1987963020801544
0.2191515564918518
0.1952233612537384
0.18329167366027832
0.15013331174850464
0.14614498615264893
0.20379373431205747
0.19308164715766904
0.18576568365097043
0.1682443618774414
0.15807482600212097
0.1630060374736786
0.1953466236591339
0.20259347558021543
0.1673285961151123
0.1834125518798828
0.16189458966255188
0.10676384717226028
0.17335519194602966
0.14532026648521423
0.2024245858192444
0.16512683033943176
0.1922512650489807
0.21618857979774475
0.19661375880241397
0.17145654559135437
0.19614911079406736
0.22293984889984128
0.2178448438644409
0.20682263374328613
0.2252875566482544
0.24639487266540527
0.2047136425971985
0.1931316554546356
0.22110992670059204
0.20069155097007751
0.16342660784721375
0.17086189985275269
0.195545494556427
0.2232210338115692
0.214767187833786
0.20158985257148743
0.139924019575119
0.1969696283340454
0.1707516312599182
0.20111036300659177
0.1779637634754181
0.2167481482028961
0.1810662150382996
0.1973314583301544
0.16275522112846375
0.15625667572021484
0.16117772459983823
0.1966514885425568
0.2183537781238556
0.23800045251846316
0.1720961034297943
0.2026081085205078
0.21719950437545776
0.1791364848613739
0.17557665705680847
0.16004937887191772
0.1794019341468811
0.1941199600696564
0.18556064367294312
0.1127764508128166
0.17105749249458313
0.2152106463909149
0.17809340357780457
0.17073655128479004
0.17656284570693967
0.14989545941352844
0.14971646666526794
0.19769224524497983
0.2042295336723328
0.2263655066490173
0.178391695022583
0.14789265394210815
0.15872180461883545
0.21654090285301208
0.1797875463962555
0.1211993396282196
0.20276144146919248
0.20439982414245603
0.17891082167625427
0.15290138125419617
0.20764717459678647
0.1720629334449768
0.1943497657775879
0.18575730919837952
0.19685125350952148
0.1934680938720703
0.14675971865653992
0.20900979638099673
0.2102290093898773
0.18773308396339417
0.1839886903762817
0.1794598400592804
0.1506342887878418
0.20252937078475952
0.19254031777381897
0.17395320534706116
0.1611488163471222
0.15520241856575012
0.19308063387870789
0.18430730700492856
0.20509228110313413
0.24636998772621155
0.1463475525379181
0.1876782774925232
0.16785499453544617
0.20940476655960083
0.17074459791183472
0.15407678484916687
0.2151857316493988
0.16281867027282715
0.19350728392601013
0.19016996026039124
0.16555285453796387
0.1387882828712463
0.192435085773468
0.18091809749603271
0.193394273519516
0.20660635828971863
0.18809837102890012
0.21554401516914368
0.20334565639495847
0.21215996146202087
0.1854936182498932
0.24139264225959775
0.13439342379570007
0.1978093981742859
0.22040042281150815
0.18838793039321897
0.18761250376701355
0.2061444520950317
0.17449799180030823
0.15810927748680115
0.21427232027053836
0.1909274458885193
0.17386314272880554
0.1647091805934906
0.2128180265426636
0.1962357759475708
0.2067270278930664
0.20610675215721128
0.15732699632644653
0.1903020143508911
0.17407456040382385
0.2226736843585968
0.22567129135131836
0.20352759957313535
0.1859160661697388
0.167568176984787
0.16918841004371643
0.19647440314292908
0.19430291652679443
0.23678258061409
0.1991424262523651
0.1996997594833374
0.20316171646118164
0.19253626465797424
0.16122892498970032
0.22293189167976377
0.1920456290245056
0.16535058617591855
0.2150600552558899
0.18939250707626343
0.18617874383926392
0.20797747373580927
0.21173346042633057
0.17030465602874756
0.16913354396820068
0.19694745540618896
0.26034244894981384
0.19565510749816892
0.1603231132030487
0.21479022502899167
0.20699790120124817
0.2105750143527985
0.1821501851081848
0.16060343384742737
0.1905537843704224
0.20758521556854248
0.17567193508148193
0.17810034751892087
0.1946930885314941
0.17395073175430295
0.13592904806137085
0.22625064849853516
0.16896846890449524
0.14429089426994324
0.1460716426372528
0.1862841546535492
0.21694049239158633
0.20883789658546448
0.12566529214382172
0.17653197050094604
0.1972210109233856
0.19435507059097287
0.17678862810134888
0.16362401843070984
0.1824727654457092
0.1881151795387268
0.22136807441711423
0.14724871516227722
0.15818968415260315
0.20035532116889956
0.16942012310028076
0.1847201883792877
0.2220438122749329
0.16241851449012756
0.16824692487716675
0.18607237935066223
0.2254129946231842
0.19692727923393247
0.1832401752471924
0.1768876016139984
0.21123158931732175
0.19450971484184265
0.21197110414505005
0.17453518509864807
0.14450320601463315
0.19483461976051328
0.2052482962608337
0.17486649751663208
0.19849061965942383
0.18716466426849365
0.17045733332633972
0.22061938047409055
0.20790112018585205
0.20692637562751767
0.1547563076019287
0.15305590629577637
0.22881066799163816
0.19763904809951785
0.19283345341682437
0.1506846249103546
0.1636219024658203
0.20236900448799133
0.21211627125740048
0.20490986108779907
0.1695364415645599
0.15840327739715576
0.18421506881713867
0.19067975878715515
0.2061152160167694
0.2071046531200409
0.1341717541217804
0.16656827926635742
0.20490115880966184
0.1162710264325142
0.1821905672550201
0.19518479704856873
0.12701627612113953
0.21352657675743103
0.1919304430484772
0.1752018928527832
0.16157913208007812
0.18727838993072507
0.1762751340866089
0.17402219772338867
0.16847243905067444
0.13507874310016632
0.1709616482257843
0.17646080255508423
0.1480150520801544
0.23346978425979611
0.16669556498527527
0.16175004839897156
0.23711150884628293
0.20139503479003903
0.16023337841033936
0.19039034843444824
0.13316601514816284
0.1762923300266266
0.27097147703170776
0.22443485260009763
0.21592989563941956
0.18601202964782715
0.1652693748474121
0.18506884574890137
0.17540445923805237
0.1730787754058838
0.19719243049621585
0.17727649211883545
0.24871587753295896
0.2022570371627808
0.2087535858154297
0.1933993101119995
0.2088662087917328
0.22138154506683347
0.22615110874176023
0.2210712730884552
0.1954974830150604
0.17150935530662537
0.18197026848793027
0.14618465304374695
0.18902370333671567
0.20643910765647888
0.20333153009414673
0.16749373078346252
0.20699709653854367
0.1581721305847168
0.1483584940433502
0.19796770811080927
0.16981184482574463
0.1573902666568756
0.15987473726272583
0.18142738938331604
0.18827137351036072
0.20257520675659177
0.12980535626411435
0.2079191207885742
0.18820515275001523
0.1993298828601837
0.16966938972473145
0.1700277328491211
0.21488884091377256
0.20074304938316345
0.15581393241882324
0.21795973181724548
0.17982807755470276
0.19495338201522827
0.18922942876815796
0.20045071840286252
0.18991342186927795
0.15652257204055786
0.17630022764205933
0.20023804903030396
0.12865564227104187
0.15810316801071167
0.1876037120819092
0.21576589345932007
0.17732086777687073
0.1774577498435974
0.18062290549278257
0.1593521237373352
0.17514896392822263
0.18363094329833984
0.21221432089805603
0.20269957184791565
0.16138413548469543
0.19455811381340024
0.15434956550598145
0.18545070290565488
0.1781046986579895
0.21355208754539487
0.19568589329719543
0.1690826714038849
0.18604055047035217
0.23604899644851685
0.21937477588653564
0.2123661637306213
0.19153359532356265
0.2397993206977844
0.14748153090476987
0.21365079283714292
0.1900641024112701
0.1637918651103973
0.17479240894317627
0.16722062230110168
0.2046045958995819
0.23167431354522705
0.21784397959709167
0.16958829760551453
0.2040908932685852
0.20081618428230283
0.17710444331169128
0.17395871877670288
0.22744521498680115
0.18637496232986447
0.21448007225990293
0.17457538843154907
0.1862080693244934
0.20369651913642883
0.23368090391159055
0.20641580224037168
0.16726985573768616
0.19314095377922055
0.18237462639808652
0.20251992344856265
0.18152007460594177
0.18917971849441528
0.16199660301208496
0.13783219456672668
0.17050057649612427
0.15288478136062622
0.18051177263259888
0.14446699619293213
0.1868676245212555
0.16448000073432922
0.15229803323745728
0.15190279483795166
0.16871449351310727
0.206611692905426
0.19955715537071228
0.20907318592071533
0.2297751605510712
0.22468894720077515
0.22727191448211667
0.15102717280387878
0.18999966979026797
0.2149678170681
0.2083313763141632
0.21348288655281064
0.20198220014572144
0.1749524474143982
0.21221366524696353
0.18825209140777588
0.18915152549743647
0.20127049088478088
0.21006047725677487
0.20543405413627625
0.20152431726455688
0.16426038742065427
0.18841248750686643
0.20606032013893127
0.13073554635047913
0.18858480453491208
0.1528286337852478
0.20174860954284668
0.19951161742210388
0.1437421292066574
0.20254719257354736
0.16697147488594055
0.2012048363685608
0.18694931268692017
0.24952092766761777
0.2280773818492889
0.17605602741241455
0.1689814329147339
0.1761645674705505
0.21011868119239807
0.2120741903781891
0.1552182137966156
0.19972315430641172
0.20851656794548035
0.164718896150589
0.20478427410125727
0.1797628402709961
0.18756869435310364
0.1860535144805908
0.20762184262275693
0.19295963644981384
0.15489491820335388
0.20479971170425412
0.18004074692726135
0.12342427670955657
0.16772064566612244
0.17052942514419556
0.17714184522628784
0.16830068826675415
0.1994866132736206
0.15773481130599976
0.17629104852676392
0.16112765669822693
0.17772632837295532
0.2039394378662109
0.16906791925430295
0.1745264232158661
0.23894849419593808
0.21359708905220032
0.2072162628173828
0.1548883318901062
0.18601945042610168
0.17065060138702393
0.17838755249977112
0.1543879210948944
0.181100070476532
0.1968708336353302
0.1482621133327484
0.18241286277771
0.2251247763633728
0.2178060412406921
0.1672858893871307
0.189788281917572
0.20199319720268247
0.1900315284729004
0.19266024231910703
0.17745661735534668
0.1960497498512268
0.19667229056358335
0.18312633037567136
0.2315741777420044
0.17671316862106323
0.1867578625679016
0.1984039843082428
0.18599891662597656
0.1816301941871643
0.19449725747108457
0.1840976178646088
0.2120807766914368
0.20287108421325684
0.24681082367897036
0.16982728242874143
0.1668080985546112
0.13076528906822205
0.1882590353488922
0.13991636037826538
0.18462783098220825
0.18095219135284424
0.18980786204338077
0.22575238347053528
0.1840061843395233
0.14477187395095825
0.18292018771171567
0.1830084323883057
0.15580767393112183
0.1822974681854248
0.18075719475746155
0.16097417473793027
0.20747140049934387
0.15648111701011655
0.1884789764881134
0.20595082640647888
0.18244031071662903
0.2054792046546936
0.22577562928199768
0.24220353364944455
0.1752963662147522
0.17285311222076416
0.17883598804473877
0.1922123730182648
0.20146790146827695
0.1901458203792572
0.21138134598731995
0.18751704692840576
0.2069913148880005
0.14378271996974945
0.18428677320480344
0.19419527053833008
0.2225293815135956
0.20381489396095276
0.20069345831871033
0.1729929745197296
0.15234649181365967
0.215722918510437
0.14898404479026794
0.18764179944992063
0.21517351269721985
0.18201345205307007
0.19508650898933408
0.20368424057960513
0.16234448552131653
0.1914301812648773
0.2268045544624329
0.1288201808929443
0.19126433134078977
0.17952272295951843
0.20893621444702148
0.1687985360622406
0.14864319562911987
0.19745284318923953
0.18309134244918823
0.20463877916336057
0.19202661514282224
0.15391096472740173
0.19396692514419556
0.1550678014755249
0.16607788205146787
0.17685002088546753
0.1660175323486328
0.16367241740226743
0.19983038306236267
0.25020235776901245
0.158784419298172
0.22189989686012268
0.1964840590953827
0.1839602291584015
0.20035821199417117
0.18533724546432492
0.1848009824752808
0.12273948639631271
0.23102807998657224
0.1834874451160431
0.2049638032913208
0.17757675051689148
0.172607421875
0.2359706163406372
0.1840888857841492
0.20978716015815732
0.15573734045028687
0.16944155097007751
0.19096675515174863
0.21427825093269348
0.154099702835083
0.18964529037475583
0.1631038188934326
0.1836482286453247
0.19220098853111267
0.20207688212394717
0.21513161063194275
0.21641671657562253
0.16141405701637268
0.2380141317844391
0.1391400396823883
0.17735689878463745
0.17774492502212524
0.21677917242050168
0.22721964120864868
0.21355459094047544
0.1920485496520996
0.16559529304504395
0.2041887938976288
0.1800600290298462
0.20080715417861936
0.17426177859306335
0.19225269556045527
0.21753862500190732
0.2137809991836548
0.1415046751499176
0.16800972819328308
0.1645352840423584
0.17867976427078247
0.15964245796203613
0.1972224712371826
0.19157069921493527
0.199616938829422
0.22279781103134155
0.23957803845405576
0.16918346285820007
0.2134880423545837
0.1979495584964752
0.22123032808303836
0.22011443972587583
0.16816231608390808
0.1658925414085388
0.19104158878326416
0.1889807879924774
0.1717689037322998
0.15722724795341492
0.18548220396041873
0.2115637958049774
0.16764378547668457
0.15609443187713623
0.20892488956451416
0.25898173451423645
0.20081207156181333
0.15289410948753357
0.1818586885929108
0.19055521488189697
0.1988487243652344
0.20551615953445437
0.20036602020263672
0.20894446969032288
0.19605398178100583
0.19562709331512448
0.192232608795166
0.1804566979408264
0.12494196742773056
0.19850158691406247
0.17555317282676697
0.17183762788772583
0.186892569065094
0.2167636454105377
0.2020142376422882
0.22350272536277768
0.1986408233642578
0.17083501815795898
0.21164581179618835
0.166617751121521
0.16373127698898315
0.20702043175697327
0.1640503704547882
0.1424453854560852
0.17285713553428647
0.26029306650161743
0.1517316699028015
0.21014204621315
0.1784377098083496
0.21028852462768555
0.18403190374374387
0.16528767347335815
0.13720400631427765
0.14233410358428955
0.19590237736701965
0.14250332117080688
0.23662662506103516
0.18032571673393247
0.1914344131946564
0.2034364640712738
0.192493200302124
0.16896015405654907
0.1801508665084839
0.21199771761894223
0.22181749343872073
0.18233639001846316
0.20649197697639465
0.21663305163383484
0.2486974000930786
0.21968907117843628
0.1495140790939331
0.13224774599075317
0.18818917870521543
0.18879392743110657
0.19651836156845087
0.2012951374053955
0.20256102085113523
0.14120686054229736
0.17871263623237607
0.22112181782722476
0.2322484254837036
0.1798802614212036
0.20681458711624143
0.2044503688812256
0.18679192662239075
0.1821889877319336
0.20293280482292173
0.17584261298179626
0.1890220642089844
0.18414297699928284
0.1936577558517456
0.22302234172821045
0.190656453371048
0.2009200751781464
0.16838866472244263
0.13303537666797635
0.205327570438385
0.1927915811538696
0.20956230163574216
0.19601616263389587
0.23295602202415464
0.20032563805580136
0.19807609915733335
0.15801730751991272
0.21543404459953308
0.22584784030914304
0.18267557024955747
0.1706238090991974
0.21679934859275815
0.21509140729904172
0.1739121675491333
0.2095159590244293
0.21572956442832944
0.14420154690742493
0.14135652780532837
0.21062111854553223
0.19574904441833496
0.2302459478378296
0.17696642875671387
0.19860425591468808
0.20636346936225888
0.1926818490028381
0.16699951887130737
0.16745245456695557
0.2000538110733032
0.1658734679222107
0.208511084318161
0.22230505943298337
0.2048894166946411
0.1555194854736328
0.16582095623016355
0.20772153139114377
0.24187994003295896
0.18359920382499692
0.1573738157749176
0.22339680790901184
0.18155473470687863
0.2543368637561798
0.18108564615249637
0.15119606256484985
0.17789578437805176
0.19894182682037356
0.16509011387825012
0.19509309530258176
0.20793697237968445
0.17275753617286682
0.21471375226974487
0.2045155167579651
0.18950912356376648
0.17173248529434204
0.21956914663314817
0.2651143968105316
0.15608572959899902
0.14976853132247925
0.200320303440094
0.17297211289405823
0.20452719926834104
0.1805555522441864
0.2079827189445496
0.18903616070747373
0.1822945475578308
0.20960700511932373
0.20666399598121643
0.17818734049797058
0.2255016565322876
0.14624851942062375
0.16174250841140747
0.17943379282951355
0.15965232253074646
0.2354727387428284
0.21962326765060425
0.17940905690193176
0.20932811498641968
0.2064665257930756
0.186754047870636
0.17544633150100708
0.22040855884552
0.16105076670646667
0.16980957984924316
0.15637606382369995
0.1991179883480072
0.21154648065567017
0.2557737529277801
0.1907682418823242
0.18312379717826843
0.19293883442878723
0.20908385515213007
0.2207254469394684
0.1894589960575104
0.179718941450119
0.2185689210891724
0.19079408049583435
0.1514906883239746
0.22043824195861816
0.19341999292373657
0.21800068020820615
0.21409794688224792
0.19034940004348755
0.17717868089675903
0.17406246066093445
0.18094912171363833
0.1670997440814972
0.18067073822021484
0.2049658298492432
0.24615490436553955
0.1657387614250183
0.1687224507331848
0.18844240903854367
0.20013672113418576
0.1972510516643524
0.20757243037223813
0.1640717089176178
0.23885354399681089
0.20725914835929873
0.18775781989097595
0.1761396825313568
0.1602320373058319
0.14193257689476013
0.20058029890060425
0.19078293442726132
0.15124383568763733
0.19170883297920227
0.2725101411342621
0.19774201512336728
0.14438506960868835
0.2811736762523651
0.20161473751068115
0.2154591679573059
0.17742058634757996
0.18631690740585327
0.20084235072135925
0.2283441424369812
0.2181746065616608
0.1562650501728058
0.21413314342498777
0.1642094850540161
0.22083231806755063
0.16911163926124573
0.223998099565506
0.17384284734725952
0.19657552242279047
0.17505401372909543
0.20719531178474423
0.15569299459457395
0.1781274378299713
0.2066970467567444
0.20599576830863953
0.17157909274101257
0.15151691436767578
0.15198811888694763
0.18436503410339355
0.18517693877220157
0.20700350403785703
0.20874682068824768
0.16634285449981687
0.18825602531433103
0.2189631462097168
0.12088812142610549
0.18213871121406555
0.24763622879981995
0.19881021976470947
0.18922877311706543
0.15115472674369812
0.21145245432853696
0.2653598189353943
0.1371365785598755
0.1759527623653412
0.18036592006683347
0.17201337218284607
0.13448572158813477
0.16858363151550293
0.19581657648086548
0.22691690921783447
0.18750932812690732
0.1666078269481659
0.16480901837348935
0.14217182993888855
0.20580926537513727
0.161664217710495
0.19148728251457212
0.2056207060813904
0.18565383553504944
0.1234353259205818
0.21863704919815063
0.2667810022830963
0.2200114130973816
0.1580144166946411
0.22263455390930173
0.1754991114139557
0.1956389546394348
0.14340725541114807
0.21695339679718015
0.2013305425643921
0.17243680357933044
0.20165601372718808
0.2097032964229584
0.25103992223739624
0.1937585175037384
0.20090073347091675
0.1982825398445129
0.14284363389015195
0.232654333114624
0.19033733010292053
0.2147356867790222
0.18165871500968933
0.23061153292655945
0.1383044272661209
0.23584523797035217
0.15730446577072144
0.16186589002609253
0.24156570434570312
0.15664243698120117
0.1648905873298645
0.1920548677444458
0.1584798693656921
0.17407703399658203
0.2011409103870392
0.20155870914459229
0.21098527312278748
0.17484140396118164
0.15527528524398804
0.2605369985103607
0.15640485286712646
0.2052956223487854
0.17885893583297727
0.18641117215156555
0.21882185339927676
0.22607639431953433
0.21428334712982175
0.1950374245643616
0.170017808675766
0.19962829351425168
0.1743779182434082
0.1846697628498077
0.2024565041065216
0.15280514955520627
0.21520674228668207
0.1920885145664215
0.17047628760337827
0.19599437713623047
0.2025822401046753
0.18443912267684937
0.2041374742984772
0.19186994433403012
0.19129997491836548
0.17329302430152893
0.19856214523315427
0.20130568742752075
0.15831604599952695
0.20149099826812744
0.16210216283798215
0.1883932054042816
0.19624534249305725
0.21205040812492368
0.16681122779846191
0.13138404488563535
0.13710379600524902
0.17603635787963867
0.18436080217361447
0.14441317319869995
0.1962052583694458
0.20410788059234616
0.20178499817848203
0.1820474863052368
0.16571658849716187
0.2179313898086548
0.13774025440216064
0.18050375580787656
0.1292308270931244
0.17826521396636963
0.2199291288852692
0.21255362033843997
0.2035076916217804
0.18893900513648984
0.17125943303108215
0.20438241958618164
0.18114513158798215
0.22289580106735227
0.23248115181922913
0.18792390823364255
0.22148913145065308
0.16495081782341003
0.2113589942455292
0.19870674610137937
0.20937302708625796
0.1874861121177673
0.1966506540775299
0.20690292119979856
0.1489286720752716
0.1772782206535339
0.2171958088874817
0.13440078496932983
0.19136509299278257
0.19784635305404663
0.1864033639431
0.1846499741077423
0.22843047976493835
0.13745433092117307
0.20163714885711667
0.2286224663257599
0.1841266751289368
0.17105138301849365
0.16322273015975952
0.17951706051826477
0.1371118128299713
0.13518978655338287
0.17269131541252136
0.2062878310680389
0.18561437726020807
0.1463588774204254
0.19806811213493347
0.1773642599582672
0.1477878987789154
0.16815611720085144
0.19519680738449097
0.20364579558372495
0.1834706664085388
0.10901790112257004
0.18298849463462827
0.1916950345039368
0.194305419921875
0.22428953647613523
0.19347909092903137
0.1772139072418213
0.19451382756233213
0.16573989391326904
0.2005053460597992
0.1835414171218872
0.21110922098159793
0.24293625354766843
0.15538913011550903
0.2149871587753296
0.2276534736156464
0.2315692603588104
0.22689807415008545
0.204334557056427
0.21590971946716309
0.17591968178749084
0.19566544890403748
0.20905643701553345
0.19678562879562375
0.14122942090034485
0.16316014528274536
0.14423945546150208
0.20410656929016116
0.21710926294326785
0.23278740048408508
0.2605050802230835
0.22358012199401853
0.14089198410511017
0.1754235029220581
0.20991820096969604
0.2526333034038544
0.15277054905891418
0.1768171191215515
0.17944827675819397
0.19938036799430847
0.194366067647934
0.21657925844192505
0.19541898369789124
0.15492069721221924
0.20876023173332212
0.2197176218032837
0.2245565354824066
0.2370183765888214
0.22664496302604675
0.19934388995170596
0.15351709723472595
0.17987743020057678
0.1993063986301422
0.20673537254333496
0.17968085408210754
0.18262341618537903
0.1670367121696472
0.1451624631881714
0.1872718334197998
0.20888787508010864
0.19436228275299072
0.1754331886768341
0.2004747986793518
0.160457581281662
0.19547954201698303
0.20890954136848447
0.18195232748985288
0.22894737124443051
0.16818776726722717
0.16122972965240479
0.16996219754219055
0.1998849511146545
0.2280134558677673
0.22812244296073916
0.18519634008407593
0.21314275264739993
0.18750450015068051
0.1556324064731598
0.16931864619255063
0.19862267374992368
0.22995471954345703
0.20532992482185364
0.19315487146377563
0.1640413403511047
0.1585447788238525
0.1951976716518402
0.2349427342414856
0.17683863639831543
0.22497734427452087
0.18925324082374567
0.2214672267436981
0.1272236853837967
0.19997325539588928
0.18667992949485776
0.20741078257560727
0.21045342087745664
0.22160655260086057
0.20118609070777893
0.17711403965950012
0.1862849593162537
0.17640605568885803
0.19390109181404117
0.23994457721710205
0.20364221930503845
0.19606247544288635
0.19001945853233335
0.17930534482002258
0.20206347107887268
0.178242027759552
0.2094259262084961
0.19062957167625427
0.19841787219047544
0.19124948978424072
0.20084029436111447
0.1646197140216827
0.1585421860218048
0.17850381135940552
0.19615283608436584
0.1804189085960388
0.20545336604118347
0.18420493602752683
0.2022770643234253
0.2502976655960083
0.17305731773376465
0.13479530811309814
0.22439447045326233
0.22551274299621585
0.2140986621379852
0.21975162625312805
0.20539551973342893
0.17019066214561462
0.20538160204887393
0.1378484070301056
0.19565588235855105
0.23774412274360657
0.25323620438575745
0.19840526580810544
0.20836871862411496
0.19179531931877136
0.21113523840904236
0.18909814953804016
0.19015902280807492
0.20351368188858032
0.21263852715492249
0.20277091860771176
0.19483157992362976
0.19904750585556033
0.16203978657722473
0.17583429813385007
0.20234572887420652
0.1578090786933899
0.24072510004043576
0.18372875452041623
0.2106741964817047
0.17494910955429077
0.15591001510620117
0.20121678709983823
0.18847936391830444
0.16607829928398132
0.1871976852416992
0.15557217597961423
0.18325603008270264
0.15859189629554749
0.15825024247169495
0.18891888856887817
0.18382743000984192
0.12732404470443723
0.22078222036361692
0.19779980182647705
0.1765361726284027
0.17840611934661865
0.20820316672325132
0.1663295030593872
0.17504647374153137
0.17729613184928894
0.23661214113235476
0.19879597425460813
0.19728630781173703
0.17628329992294312
0.17774143815040588
0.2264652848243713
0.18542432785034177
0.2376273274421692
0.1895563006401062
0.25090789794921875
0.1872507929801941
0.19803312420845032
0.18002989888191223
0.19964677095413208
0.21121302247047424
0.21237975358963007
0.13003429770469663
0.17633602023124695
0.2260771095752716
0.21739691495895383
0.19580769538879397
0.17386791110038757
0.19786500930786127
0.19397005438804624
0.1855878233909607
0.15437939763069153
0.2021065652370453
0.15822559595108032
0.1638911664485931
0.21431049704551697
0.19718745350837708
0.21526095271110532
0.18614056706428528
0.15053430199623108
0.18085917830467224
0.20326018333435056
0.19257184863090515
0.16545966267585754
0.18959254026412964
0.1910078525543213
0.16728162765502927
0.1791492998600006
0.20070672035217285
0.14351356029510498
0.2017619013786316
0.17750146985054016
0.17398643493652344
0.1795747876167297
0.14594748616218567
0.13389885425567627
0.17931035161018372
0.21033599972724917
0.1455719769001007
0.20876425504684448
0.1493271291255951
0.2430366277694702
0.18562403321266172
0.13069647550582883
0.19733673334121704
0.1845022737979889
0.1588633358478546
0.21068146824836728
0.19679433107376096
0.20088106393814087
0.18724441528320312
0.2017160654067993
0.20441532135009763
0.15705969929695127
0.20046424865722656
0.20370152592659
0.2017586827278137
0.15689197182655334
0.19985830783843997
0.18497061729431152
0.1631932556629181
0.2214791476726532
0.21138465404510495
0.17998364567756653
0.13547146320343015
0.20934584736824036
0.18173801898956296
0.18068122863769528
0.20194733142852783
0.15131118893623352
0.12252914905548096
0.20545098185539243
0.19373708963394165
0.16711097955703735
0.22886297106742856
0.22856321930885315
0.2074875235557556
0.20284724235534668
0.2010851502418518
0.18511447310447687
0.20893001556396484
0.17389780282974243
0.1536223292350769
0.18731820583343503
0.20267248153686523
0.18350890278816223
0.19812330603599548
0.1820433735847473
0.1911108493804932
0.21898677945137024
0.1802978515625
0.18011903762817383
0.19173130393028257
0.22666263580322263
0.16295504570007324
0.2104020118713379
0.1917385756969452
0.24356254935264587
0.2021726667881012
0.16563177108764648
0.17753213644027707
0.2096373736858368
0.15824079513549805
0.15956556797027588
0.20811957120895383
0.1817726492881775
0.15495023131370544
0.16331547498703003
0.17549419403076172
0.19735080003738403
0.1333000361919403
0.17791691422462463
0.21009907126426697
0.20979794859886167
0.1623187959194183
0.1562214195728302
0.19803819060325625
0.2199198305606842
0.16095653176307678
0.21302369236946103
0.17731550335884094
0.2128790318965912
0.23211041092872617
0.20116230845451355
0.18196958303451535
0.1706307828426361
0.20376402139663696
0.1810032427310944
0.1799890100955963
0.21461722254753113
0.1699753105640411
0.18641406297683716
0.197648286819458
0.1820901036262512
0.19445747137069705
0.14514991641044617
0.18429693579673767
0.19687640666961667
0.21970564126968384
0.18335098028182983
0.16765478253364563
0.184680849313736
0.18541949987411496
0.162812203168869
0.1514737904071808
0.23095837235450745
0.15281009674072263
0.17311114072799683
0.2418882250785828
0.1683678925037384
0.22367787361145017
0.1760269999504089
0.1567954421043396
0.25564479827880854
0.17337381839752197
0.21242415904998777
0.21300679445266724
0.1762424111366272
0.17435213923454285
0.17870080471038818
0.21294113993644717
0.24664804339408877
0.15511834621429443
0.15946537256240845
0.18669465184211728
0.19546005129814148
0.19711893796920776
0.17592522501945496
0.20892515778541565
0.2034135460853577
0.1754215955734253
0.18075627088546753
0.17890313267707825
0.2124960422515869
0.26231449842453
0.14614029228687286
0.19015085697174072
0.15682512521743774
0.20540806651115415
0.18222546577453613
0.223660409450531
0.1539408564567566
0.17658543586730957
0.19897380471229556
0.18513274192810056
0.22046127915382385
0.19246941804885864
0.17364731431007385
0.1865214407444
0.21778362989425656
0.19794827699661252
0.180057555437088
0.2169392704963684
0.18768978118896484
0.25448811054229736
0.2303979694843292
0.19976010918617249
0.2123260796070099
0.20148542523384091
0.20386180281639096
0.20679473876953125
0.17959952354431152
0.17687270045280457
0.19853144884109497
0.17585882544517517
0.17405995726585388
0.17059308290481567
0.16996192932128906
0.15925970673561096
0.1989712119102478
0.20833876729011533
0.1512988805770874
0.175854355096817
0.17520764470100403
0.2020951807498932
0.21972104907035828
0.20745733380317688
0.1942254602909088
0.1746182143688202
0.20967873930931089
0.17439520359039307
0.13089752197265625
0.1999031901359558
0.17445451021194458
0.15993604063987732
0.19830298423767087
0.22167539596557617
0.18335047364234924
0.19895416498184204
0.2092362940311432
0.16879984736442563
0.1634942591190338
0.20230287313461304
0.17844298481941223
0.20757004618644717
0.16680899262428284
0.1633165180683136
0.20203617215156555
0.19464939832687375
0.17445087432861328
0.15396046638488767
0.21766582131385803
0.1789211630821228
0.21955832839012143
0.2126483619213104
0.18307071924209595
0.23491480946540833
0.241584986448288
0.2120903432369232
0.17275929450988767
0.19855016469955444
0.15242153406143188
0.1452440768480301
0.2106209695339203
0.25815272331237793
0.17231690883636475
0.1809749901294708
0.27870193123817444
0.1770169734954834
0.23131486773490903
0.2065246403217316
0.22423115372657773
0.18431293964385984
0.21518972516059875
0.16107875108718872
0.16984206438064575
0.13744351267814636
0.18730500340461728
0.23849162459373477
0.23042571544647217
0.2021504044532776
0.20701724290847776
0.18516260385513303
0.167792409658432
0.24202340841293332
0.16998445987701416
0.19487595558166504
0.20600590109825132
0.18456143140792847
0.20490393042564392
0.15717464685440063
0.14503756165504456
0.2523451149463653
0.20130965113639832
0.1800638735294342
0.22360798716545105
0.18335631489753723
0.1811521947383881
0.1668550968170166
0.14819324016571045
0.18275538086891172
0.19534185528755188
0.19885370135307312
0.20354598760604856
0.24123480916023252
0.24236646294593808
0.17447012662887573
0.21384963393211365
0.20929014682769773
0.1933874189853668
0.200274258852005
0.21861460804939273
0.1526331603527069
0.20753780007362363
0.20674383640289304
0.18284830451011655
0.18400472402572632
0.16649997234344482
0.20664605498313904
0.1875126659870148
0.23090529441833496
0.207081139087677
0.21319732069969177
0.1805758476257324
0.17924305796623227
0.2073180973529816
0.17547279596328735
0.22632673382759091
0.16823837161064148
0.2185901999473572
0.15132439136505127
0.17841997742652893
0.18155130743980408
0.1339135617017746
0.17734411358833313
0.21339035034179688
0.18765074014663696
0.21297487616539
0.2068255841732025
0.14751332998275757
0.2134990990161896
0.16852837800979614
0.19163724780082703
0.1897475719451904
0.2291072309017181
0.18261590600013727
0.19153344631195068
0.19084313511848447
0.15052539110183716
0.18076092004776
0.20250725746154785
0.2415030300617218
0.17103049159049988
0.2000422179698944
0.18672943115234372
0.14848721027374268
0.14480572938919067
0.11369438469409943
0.19654181599617004
0.19973662495613095
0.1844517886638641
0.2149823009967804
0.19967749714851377
0.2373047173023224
0.2252177894115448
0.18993532657623288
0.2304426431655884
0.21589571237564087
0.20051521062850952
0.17943882942199707
0.2002873122692108
0.2090416252613068
0.1939881145954132
0.23587924242019653
0.2426462173461914
0.17440441250801086
0.1757584512233734
0.15850034356117249
0.1971668601036072
0.20130413770675656
0.14639964699745178
0.1745699644088745
0.20283907651901245
0.17918965220451355
0.23481908440589905
0.19085577130317688
0.1614282727241516
0.24532896280288696
0.1876646280288696
0.22931179404258728
0.18925040960311887
0.2058125734329224
0.1943235695362091
0.21568796038627625
0.1928986608982086
0.17319869995117188
0.18498042225837708
0.1715160608291626
0.1602902114391327
0.20250812172889707
0.24495503306388852
0.16318047046661377
0.20995536446571353
0.20582965016365048
0.20386093854904172
0.17973840236663818
0.19758090376853943
0.15873661637306213
0.15951308608055115
0.15616166591644287
0.1913500726222992
0.20050552487373352
0.22375044226646423
0.16093170642852783
0.17690730094909668
0.16323107481002808
0.18785372376441956
0.23895433545112607
0.21871244907379153
0.20003232359886167
0.17242035269737244
0.16670840978622437
0.17602476477622983
0.20559868216514587
0.19594565033912656
0.17905250191688535
0.19296276569366452
0.18159547448158264
0.21222630143165588
0.21044614911079407
0.20687633752822876
0.20463076233863833
0.1819350719451904
0.1895772218704224
0.15625429153442383
0.1797473430633545
0.17004558444023132
0.20800459384918207
0.16692912578582764
0.1929524838924408
0.146785169839859
0.19551992416381836
0.1654432117938995
0.26577228307724
0.19491934776306152
0.23828342556953433
0.18540972471237183
0.194992870092392
0.1929350793361664
0.1976471245288849
0.1999477446079254
0.21988654136657715
0.17678040266036987
0.17505010962486267
0.22174629569053647
0.20059081912040713
0.1694922149181366
0.20590192079544067
0.17292749881744385
0.1709170043468475
0.18955013155937195
0.20345070958137512
0.1977449059486389
0.1588139832019806
0.2674703299999237
0.20651236176490784
0.19104036688804624
0.19232821464538571
0.17555800080299375
0.13994520902633667
0.19744616746902463
0.15572354197502136
0.25338080525398254
0.16053149104118347
0.15147757530212402
0.2294185161590576
0.1330987811088562
0.13720881938934326
0.13914602994918823
0.2216648757457733
0.19946861267089844
0.2239382565021515
0.17843687534332275
0.20298287272453308
0.16832152009010315
0.1869354546070099
0.18976786732673645
0.1700790524482727
0.21507549285888672
0.1966392695903778
0.21476322412490845
0.1654837727546692
0.19777637720108032
0.15270602703094482
0.21011972427368164
0.1832125186920166
0.21978014707565308
0.18284833431243896
0.14810125529766083
0.19374561309814453
0.16124704480171204
0.19180968403816223
0.13778555393218994
0.20583143830299375
0.1505010426044464
0.15234771370887756
0.18944913148880005
0.23036637902259824
0.15007251501083374
0.16043794155120847
0.22906237840652463
0.1904874742031097
0.19408535957336423
0.17811530828475952
0.15609267354011536
0.17385917901992795
0.16218340396881104
0.19538056850433347
0.20190215110778809
0.1833581030368805
0.20680639147758484
0.20113950967788696
0.2102656066417694
0.20048648118972776
0.189282089471817
0.2362474203109741
0.1254526972770691
0.16373270750045776
0.18592435121536252
0.17406395077705383
0.153374046087265
0.18810191750526428
0.2290659546852112
0.2115507125854492
0.19932875037193296
0.18783995509147644
0.19165202975273127
0.16989293694496155
0.20711606740951535
0.16849321126937866
0.17659473419189453
0.18717998266220087
0.2024070620536804
0.18280372023582456
0.22563201189041135
0.21206152439117432
0.20482352375984192
0.15024223923683167
0.19632142782211304
0.20079845190048215
0.1774349808692932
0.21318179368972776
0.2050696313381195
0.21686735749244687
0.1831659972667694
0.1974099278450012
0.13764178752899167
0.1756930649280548
0.21645084023475647
0.16454622149467468
0.21175393462181089
0.1734946072101593
0.18263891339302063
0.14211048185825348
0.2224854528903961
0.1650879979133606
0.2459958791732788
0.19488808512687683
0.1666124165058136
0.21306920051574707
0.2466809451580048
0.1658025085926056
0.20701724290847776
0.15555909276008603
0.20009759068489075
0.2231794893741608
0.21916869282722476
0.27528712153434753
0.2411803901195526
0.1804657280445099
0.20110979676246643
0.14662081003189087
0.15106040239334106
0.1519658863544464
0.1470189094543457
0.17059308290481567
0.20988664031028748
0.18946826457977292
0.16343966126441956
0.2016772627830505
0.2251701056957245
0.1806259453296661
0.23842886090278623
0.21010494232177732
0.21612104773521423
0.16468417644500732
0.20939722657203677
0.16070809960365295
0.17275139689445496
0.1457961797714233
0.18691354990005493
0.20032247900962827
0.18153327703475952
0.1866483688354492
0.1610831916332245
0.21014967560768127
0.16760912537574768
0.17547708749771118
0.2229333221912384
0.19580766558647156
0.1756977140903473
0.17444869875907895
0.1621842086315155
0.16097369790077207
0.2086755335330963
0.12787100672721863
0.18331593275070193
0.2201104760169983
0.19475242495536804
0.22084513306617737
0.22354939579963684
0.1975534558296204
0.13590401411056519
0.1510058343410492
0.16957780718803403
0.2045218050479889
0.19366177916526797
0.15646705031394958
0.18891650438308716
0.1446196436882019
0.17696338891983032
0.19454833865165713
0.17647409439086914
0.1818430423736572
0.2365226447582245
0.1947340965270996
0.23260721564292908
0.21084606647491452
0.20928195118904117
0.23830392956733704
0.15275844931602478
0.2219799757003784
0.19385468959808347
0.19972205162048337
0.18965432047843933
0.1525830328464508
0.15620842576026917
0.23259112238883967
0.22962507605552676
0.1916330456733704
0.16185244917869568
0.22843477129936215
0.1539801061153412
0.1931045353412628
0.13912072777748108
0.17234867811203003
0.10318070650100708
0.23717468976974487
0.14555630087852478
0.1998171508312225
0.1630363166332245
0.20782363414764404
0.22524240612983704
0.1769751012325287
0.1509447693824768
0.2189652919769287
0.200589656829834
0.19537505507469177
0.2107186317443848
0.1982470154762268
0.23711979389190677
0.12050873786211012
0.2166844606399536
0.22237521409988403
0.22999325394630432
0.15836334228515625
0.19239291548728943
0.19063964486122129
0.1292647421360016
0.21689936518669128
0.16002967953681943
0.21252819895744324
0.1574927270412445
0.15626826882362363
0.17510291934013367
0.20109391212463376
0.18224170804023743
0.18745657801628113
0.143466517329216
0.17463478446006775
0.18696528673172
0.17990043759346008
0.15855199098587036
0.29897722601890564
0.18876084685325625
0.20489239692687988
0.18601518869400024
0.14364176988601685
0.1856746077537537
0.1820909678936005
0.2136269211769104
0.20194420218467712
0.16924962401390076
0.20486980676651
0.16182419657707214
0.20200830698013303
0.1691293716430664
0.17896410822868347
0.1907007992267609
0.17573237419128415
0.1847282350063324
0.17134961485862732
0.13509514927864075
0.13106456398963928
0.18457120656967163
0.19367253780364993
0.21168184280395508
0.2070581614971161
0.20252659916877744
0.21255090832710263
0.1549871861934662
0.19517549872398376
0.23442211747169492
0.22475352883338928
0.2142675817012787
0.2321370244026184
0.17477759718894958
0.20596343278884888
0.23161733150482175
0.2130364179611206
0.20622780919075007
0.209244966506958
0.1983972191810608
0.175705224275589
0.22358894348144528
0.19192078709602356
0.1840976178646088
0.1693705916404724
0.1961335241794586
0.2296774983406067
0.1545628309249878
0.19760331511497495
0.20850634574890137
0.22091877460479736
0.1353470683097839
0.2342439293861389
0.22840189933776853
0.1772918701171875
0.2145200967788696
0.1902649402618408
0.1749865710735321
0.1972470581531525
0.18182075023651123
0.1703364849090576
0.21199658513069153
0.21132618188858032
0.2059318721294403
0.19631862640380857
0.16777539253234863
0.16714400053024292
0.17915576696395874
0.17103031277656555
0.21506837010383603
0.14977934956550598
0.1492244005203247
0.2021980583667755
0.17063811421394348
0.18092769384384155
0.195000022649765
0.15377542376518247
0.18745383620262143
0.157682865858078
0.13027094304561615
0.2049720287322998
0.22207292914390564
0.16005098819732666
0.19286558032035828
0.18172851204872129
0.2028886675834656
0.19417250156402588
0.20102375745773315
0.24281287193298337
0.160289466381073
0.20322105288505557
0.18655210733413696
0.22725704312324524
0.21858969330787656
0.1945361495018005
0.1958686113357544
0.1659231185913086
0.18423280119895932
0.2207613289356232
0.1880924105644226
0.1862983405590057
0.1913863718509674
0.19016391038894653
0.1949602961540222
0.21262168884277344
0.18912729620933527
0.1428745985031128
0.1866699457168579
0.1746007204055786
0.21239703893661496
0.18998032808303836
0.13741609454154968
0.20321872830390927
0.1914679706096649
0.15610653162002563
0.15719562768936157
0.246214359998703
0.2044966816902161
0.2001495659351349
0.2204308211803436
0.2236451208591461
0.20232680439949036
0.15685927867889404
0.1862627565860748
0.13820436596870422
0.13795223832130432
0.22057741880416873
0.23649781942367556
0.22221490740776065
0.21119838953018188
0.19998392462730408
0.21104976534843445
0.2170308232307434
0.1724952757358551
0.26031193137168884
0.2290775775909424
0.2032759785652161
0.182972252368927
0.16499152779579163
0.17047709226608276
0.22856837511062625
0.16569334268569946
0.14781945943832395
0.18253234028816223
0.20060643553733823
0.2057165801525116
0.16877144575119019
0.1548404097557068
0.22998872399330136
0.19478672742843628
0.20026296377182007
0.19085904955863953
0.191579669713974
0.19102197885513303
0.20219179987907407
0.19433751702308652
0.16396427154541016
0.161369651556015
0.22035017609596247
0.2210742235183716
0.20999169349670407
0.19900971651077273
0.197286993265152
0.16472196578979492
0.23017022013664243
0.20631211996078488
0.20717382431030276
0.16380566358566284
0.16181373596191406
0.20115202665328977
0.16969212889671323
0.15483903884887695
0.18861851096153257
0.22646790742874143
0.19686436653137207
0.1976226270198822
0.22563853859901428
0.21199798583984372
0.1738809049129486
0.15382879972457883
0.1432363986968994
0.19952118396759036
0.14609897136688232
0.22088950872421265
0.19000807404518127
0.1625601053237915
0.1644385457038879
0.24042174220085144
0.20375367999076843
0.18846482038497925
0.17682576179504395
0.2687075436115265
0.18696749210357663
0.19601029157638547
0.21406298875808716
0.2061387598514557
0.17340168356895447
0.21340185403823847
0.18674585223197937
0.20225772261619568
0.22940531373023984
0.2481308281421661
0.20046901702880857
0.23606878519058228
0.1912783682346344
0.2518303692340851
0.17862695455551147
0.1946907937526703
0.14435380697250366
0.14773625135421753
0.22413882613182068
0.18685242533683777
0.19882073998451233
0.20355722308158877
0.20881032943725583
0.17788395285606384
0.1951959133148193
0.22992444038391116
0.1673782467842102
0.18802955746650693
0.2268572449684143
0.22607570886611936
0.16969382762908936
0.16920027136802673
0.18638554215431213
0.19033387303352356
0.19966080784797668
0.17104670405387878
0.21314001083374023
0.1765879988670349
0.15095385909080505
0.17708170413970947
0.2199021875858307
0.24639639258384705
0.23466315865516665
0.17766034603118896
0.1860915720462799
0.19746363162994385
0.14163637161254883
0.17552414536476135
0.2093389630317688
0.2298777401447296
0.1985580027103424
0.19732874631881717
0.20648512244224548
0.1833704113960266
0.17434361577033997
0.1764909327030182
0.21785846352577207
0.1286889910697937
0.1723777651786804
0.1895345449447632
0.207832396030426
0.1891985535621643
0.19268402457237244
0.19898554682731628
0.1722497045993805
0.22950592637062073
0.16718336939811707
0.201301634311676
0.1988273859024048
0.19910883903503415
0.19372010231018064
0.2221517562866211
0.20225960016250608
0.23014044761657715
0.14836418628692627
0.18383002281188965
0.198986291885376
0.16290101408958435
0.16870525479316711
0.14147526025772095
0.15753766894340515
0.20485308766365048
0.22353631258010864
0.19065874814987183
0.14765885472297668
0.21653887629508967
0.1767514944076538
0.18574425578117368
0.19179114699363708
0.18872198462486267
0.26578617095947266
0.16552230715751648
0.19943761825561523
0.19734767079353327
0.19515663385391235
0.17753064632415771
0.20086845755577087
0.17293581366539
0.1471635103225708
0.1759354472160339
0.2258607447147369
0.17796450853347778
0.17878776788711548
0.17518967390060425
0.18623310327529907
0.1852095723152161
0.17816859483718872
0.14669278264045715
0.18558523058891296
0.1799395382404327
0.22642660140991208
0.203388512134552
0.18364155292510984
0.19905623793601987
0.20222583413124084
0.15169581770896912
0.21970582008361816
0.1833679974079132
0.17965903878211975
0.1791984736919403
0.1788385510444641
0.20024144649505612
0.18330529332160947
0.15373212099075317
0.16657006740570068
0.22072282433509824
0.20907327532768247
0.1629294455051422
0.1962736546993256
0.17465654015541077
0.1872044503688812
0.17632463574409485
0.14946082234382627
0.22948387265205383
0.194205105304718
0.16266196966171265
0.18133246898651123
0.2084040641784668
0.20466846227645877
0.2097952365875244
0.21607491374015808
0.18166148662567136
0.19664126634597776
0.17121204733848572
0.14880493283271787
0.22009629011154172
0.17566856741905212
0.16595900058746335
0.18778705596923828
0.16566240787506104
0.21569475531578064
0.16635772585868835
0.17474374175071716
0.19870892167091367
0.19601452350616452
0.16676238179206848
0.19720545411109924
0.1331542432308197
0.21156874299049375
0.17729005217552185
0.19589257240295407
0.2040075361728668
0.18611133098602292
0.16823482513427734
0.1750783324241638
0.19149965047836304
0.1896880269050598
0.2258543372154236
0.17218506336212158
0.20026907324790957
0.16902855038642883
0.16576656699180603
0.19710910320281985
0.1992787718772888
0.18196851015090945
0.17297032475471497
0.1715911030769348
0.12867498397827148
0.162533700466156
0.2110270857810974
0.1742744147777557
0.19921317696571353
0.19431680440902707
0.19911307096481323
0.18136635422706604
0.17083081603050232
0.1561368703842163
0.16835376620292664
0.24024388194084167
0.21965733170509336
0.17247140407562256
0.18873775005340576
0.18890488147735596
0.15809878706932068
0.19719764590263367
0.1717530786991119
0.19278517365455627
0.1754801869392395
0.1948009431362152
0.2173958718776703
0.2066309750080109
0.16542065143585205
0.21847692131996155
0.18121337890625
0.21281716227531436
0.21625891327857968
0.19269126653671265
0.2113182842731476
0.18067267537117004
0.16406625509262085
0.2418223023414612
0.23064181208610532
0.1904621422290802
0.18180409073829648
0.20299729704856873
0.21669355034828183
0.19257068634033203
0.1838756203651428
0.21487262845039368
0.114968404173851
0.13701984286308289
0.23982778191566467
0.14712518453598022
0.2086535096168518
0.17836520075798035
0.22926762700080872
0.19506868720054624
0.1885278820991516
0.17562392354011536
0.22198233008384705
0.2082524299621582
0.18948927521705627
0.15214323997497559
0.21188297867774963
0.16157180070877075
0.16759857535362244
0.21578535437583923
0.19278284907341003
0.18842166662216184
0.19794547557830808
0.11739255487918852
0.19933223724365237
0.20080655813217163
0.1928749680519104
0.18255650997161865
0.16120457649230957
0.18131235241889956
0.20539814233779907
0.20058169960975647
0.18339446187019348
0.1632769405841827
0.21519428491592407
0.1284752786159515
0.19733414053916928
0.21705350279808044
0.16070556640625
0.21429806947708127
0.21140506863594052
0.21899303793907163
0.20873793959617612
0.180629163980484
0.21085846424102783
0.21839851140975952
0.20773932337760925
0.17861363291740415
0.1967260539531708
0.17886486649513245
0.223174661397934
0.21517536044120789
0.18292093276977536
0.208136647939682
0.18732395768165588
0.1800656020641327
0.18039891123771667
0.20229724049568176
0.18122646212577817
0.17086917161941528
0.18629974126815796
0.2029915153980255
0.207461416721344
0.21228352189064023
0.21816611289978027
0.18256169557571408
0.20933759212493896
0.1553707718849182
0.18871524930000305
0.15010198950767517
0.18919262290000916
0.18429332971572876
0.18360760807991028
0.2110498547554016
0.19662350416183472
0.15063980221748352
0.19619393348693848
0.18358656764030457
0.13741976022720337
0.1901071071624756
0.18911051750183103
0.17895594239234924
0.1835172176361084
0.1842213273048401
0.20156687498092649
0.18639448285102844
0.18213805556297305
0.21555912494659424
0.1790933609008789
0.16856777667999268
0.20836392045021057
0.19283598661422727
0.17451581358909607
0.20335420966148376
0.1375160813331604
0.19839549064636233
0.2043175399303436
0.185807466506958
0.17655509710311887
0.20433169603347776
0.258073627948761
0.19538551568984985
0.16377177834510803
0.20895990729331967
0.19675344228744504
0.22183540463447568
0.22634413838386533
0.2158930599689484
0.13778752088546753
0.21768561005592343
0.16557174921035767
0.19473877549171448
0.1732642948627472
0.21830666065216064
0.20227295160293576
0.17564591765403748
0.19883346557617188
0.21908354759216309
0.2085813879966736
0.18815869092941284
0.1850869059562683
0.15271028876304626
0.1589483618736267
0.1422498524188995
0.22767287492752075
0.19781869649887085
0.1720815896987915
0.18079474568367004
0.20627295970916748
0.15959861874580383
0.14350652694702148
0.19605046510696408
0.18058028817176816
0.1886935532093048
0.1855127513408661
0.18146544694900513
0.1118892878293991
0.1584550440311432
0.18387338519096372
0.2181180417537689
0.22430828213691711
0.2083339691162109
0.1634250283241272
0.2233014702796936
0.2071355879306793
0.20631018280982968
0.19884628057479856
0.19244584441185
0.2013902962207794
0.17030254006385803
0.12132977694272996
0.22401702404022217
0.23475450277328488
0.2082731127738953
0.2352508306503296
0.18720147013664243
0.17000219225883484
0.1686152219772339
0.18475988507270807
0.1960887312889099
0.20261794328689572
0.17609667778015137
0.17183279991149902
0.23367235064506528
0.1777864396572113
0.20414483547210693
0.20330694317817688
0.20781463384628293
0.1924326717853546
0.18086037039756772
0.2320697009563446
0.2137810587882996
0.2069009244441986
0.16975706815719604
0.1417660415172577
0.2011823058128357
0.19288766384124756
0.18324014544487
0.213007926940918
0.1618446707725525
0.16414833068847656
0.22246664762496948
0.16735827922821045
0.20301055908203125
0.14093053340911865
0.1739804446697235
0.19256728887557983
0.2191917300224304
0.1473797857761383
0.22922310233116147
0.13781763613224027
0.2524652481079101
0.17033657431602478
0.2094561755657196
0.16169404983520508
0.20682373642921448
0.22042614221572876
0.2148118317127228
0.1601073443889618
0.22596991062164304
0.1766047477722168
0.206310510635376
0.13789761066436768
0.19902122020721436
0.2185675203800201
0.2587127387523651
0.20062988996505737
0.21741941571235657
0.20154720544815063
0.20954003930091855
0.18500083684921265
0.1992323994636536
0.2055625915527344
0.1589396595954895
0.1940871775150299
0.1796441376209259
0.15945708751678467
0.15332844853401184
0.17678076028823853
0.1633969247341156
0.198551207780838
0.19698309898376465
0.15735092759132385
0.17388585209846497
0.17618462443351743
0.1933732032775879
0.18946924805641172
0.18018636107444763
0.18324336409568784
0.17083081603050232
0.11506051570177078
0.17018109560012817
0.12095797806978224
0.2287004590034485
0.13576529920101163
0.1437758505344391
0.20781078934669492
0.1884020268917084
0.16976231336593628
0.15992847084999084
0.19890350103378293
0.1634438931941986
0.2089503109455109
0.2392262816429138
0.182709664106369
0.1595231294631958
0.2023988366127014
0.20422920584678647
0.1740342676639557
0.15876254439353943
0.16166970133781433
0.1383872032165527
0.18146559596061704
0.12451874464750289
0.2069441080093384
0.16314512491226196
0.19776248931884763
0.1431199610233307
0.20736247301101685
0.18106773495674133
0.1479295790195465
0.1749933958053589
0.23682931065559387
0.13816940784454343
0.13813588023185727
0.18335756659507751
0.20057255029678345
0.15621230006217957
0.22579261660575864
0.2587556838989258
0.21414348483085632
0.13185548782348633
0.22439798712730408
0.26872581243515015
0.1519070863723755
0.1767885982990265
0.1377660036087036
0.1964799165725708
0.1613200604915619
0.14222706854343414
0.1710481345653534
0.17784276604652405
0.19771626591682437
0.20595374703407288
0.16105324029922485
0.22041803598403928
0.1798177659511566
0.1780589520931244
0.2147100865840912
0.18826016783714292
0.17737805843353271
0.21648964285850525
0.19432470202445984
0.20517551898956296
0.16741111874580383
0.21880838274955747
0.13600963354110715
0.2068566381931305
0.21362444758415225
0.16874870657920835
0.20540088415145877
0.1849403381347656
0.18360313773155207
0.22785416245460513
0.13200309872627258
0.23511454463005063
0.23368239402771
0.15183916687965393
0.1664377748966217
0.16275474429130554
0.1910797655582428
0.21831917762756348
0.1655052900314331
0.22945114970207212
0.20844724774360657
0.19649553298950195
0.1821357607841492
0.15637236833572388
0.20973286032676697
0.15800946950912476
0.18151742219924927
0.1993699073791504
0.23793029785156247
0.18685516715049744
0.19406190514564517
0.21589386463165283
0.22736966609954837
0.17579126358032227
0.1862463355064392
0.12419254332780838
0.15780615806579587
0.2069731950759888
0.13691750168800354
0.20490580797195437
0.2000172734260559
0.1916525959968567
0.16505610942840576
0.1737619936466217
0.20261359214782715
0.20683586597442624
0.1602618098258972
0.17032834887504575
0.13324719667434692
0.17319363355636597
0.1688503324985504
0.1530955731868744
0.19212740659713745
0.18271446228027344
0.19506695866584775
0.19451770186424253
0.18903121352195737
0.19581329822540283
0.12021709233522417
0.19049471616744995
0.15880155563354492
0.22239637374877927
0.20291462540626523
0.1734614372253418
0.19722473621368408
0.1950131952762604
0.15654215216636655
0.16832849383354187
0.18112933635711667
0.15686103701591492
0.1777568757534027
0.195404052734375
0.1450443863868713
0.192308247089386
0.20280197262763977
0.22170746326446533
0.20147433876991272
0.1939752101898193
0.18293070793151853
0.2096486389636993
0.16398808360099792
0.2700048089027405
0.18635138869285583
0.194568544626236
0.16621124744415283
0.1885237097740173
0.21647089719772336
0.180158406496048
0.20309162139892575
0.19798284769058228
0.18659448623657224
0.18854606151580808
0.18814674019813535
0.1635892391204834
0.17567011713981628
0.20333874225616452
0.18317657709121704
0.15267398953437805
0.2506331503391266
0.18130615353584287
0.1749749481678009
0.18966230750083923
0.2072310447692871
0.1710492968559265
0.28615170717239374
0.19895511865615845
0.20313167572021484
0.1750379502773285
0.16357994079589844
0.22092673182487488
0.19029805064201355
0.1891711950302124
0.15571823716163635
0.20978596806526184
0.1895204186439514
0.20544415712356567
0.1512261927127838
0.1465208530426025
0.19660240411758423
0.2116534411907196
0.17391502857208252
0.19622817635536197
0.17823660373687744
0.21063455939292908
0.1583785116672516
0.17241531610488892
0.16325050592422485
0.19685727357864377
0.16529136896133423
0.1705169677734375
0.19507196545600888
0.17806285619735715
0.18306460976600647
0.16085046529769895
0.1804732084274292
0.17061224579811096
0.17729812860488892
0.16780215501785278
0.20114341378211972
0.15438368916511536
0.21144497394561768
0.15351557731628415
0.16692322492599487
0.1596992313861847
0.22012430429458615
0.2289118766784668
0.20031520724296567
0.18576720356941223
0.18140414357185364
0.17244160175323486
0.1567901074886322
0.1929205656051636
0.18703061342239377
0.18539163470268247
0.21100711822509763
0.19596758484840396
0.21416106820106504
0.20755881071090695
0.14788818359375
0.2073507308959961
0.20627519488334653
0.1980277895927429
0.17067492008209229
0.23856154084205627
0.213883638381958
0.17594879865646362
0.14802706241607666
0.20484387874603271
0.21012231707572937
0.17876479029655457
0.1573754847049713
0.15740567445755005
0.17021074891090393
0.19947129487991333
0.1965675950050354
0.1999685764312744
0.22748073935508728
0.18878793716430664
0.21118679642677307
0.17999792098999023
0.18925753235816956
0.20718637108802795
0.20900127291679385
0.197295606136322
0.10873209685087204
0.19456595182418823
0.21520337462425232
0.2464521825313568
0.23172196745872495
0.15144020318984985
0.16897708177566528
0.2010362148284912
0.14800596237182617
0.18392273783683777
0.17842742800712583
0.18181332945823667
0.18608292937278748
0.23731523752212524
0.19472882151603696
0.15778657793998718
0.1720570921897888
0.167251855134964
0.24837997555732727
0.20857226848602292
0.1980682611465454
0.230612188577652
0.18340885639190677
0.2024962902069092
0.194545179605484
0.23760169744491577
0.2533179223537445
0.20042335987091064
0.2284294366836548
0.1612529456615448
0.1993253827095032
0.1790443658828735
0.1921218633651733
0.19447606801986692
0.18978902697563169
0.1794208586215973
0.2598706781864166
0.1683613359928131
0.2130703330039978
0.2116059362888336
0.16585606336593628
0.2103320062160492
0.19757920503616333
0.17963919043540955
0.1539044976234436
0.23611417412757876
0.16590893268585205
0.21709555387496948
0.22617369890213007
0.15608757734298706
0.18020981550216675
0.20457795262336728
0.194122314453125
0.164925217628479
0.21336254477500916
0.20393639802932736
0.18133240938186643
0.21772068738937375
0.1968960165977478
0.19867372512817383
0.21705761551856995
0.21745094656944275
0.17001405358314514
0.2081722915172577
0.21158725023269653
0.20376279950141904
0.1824167370796204
0.21104446053504944
0.2509702146053314
0.17821404337882996
0.1546478271484375
0.21246296167373657
0.20144721865653992
0.16775456070899963
0.1955755054950714
0.15752336382865903
0.18363279104232788
0.199837327003479
0.20677137374877927
0.17573297023773193
0.15344420075416565
0.25236696004867554
0.18288400769233704
0.20825266838073728
0.22878387570381165
0.20238077640533447
0.21562898159027097
0.194302499294281
0.20621874928474423
0.20621713995933527
0.188169538974762
0.16392800211906433
0.21345791220664975
0.1917521059513092
0.2088671922683716
0.18251225352287287
0.22184646129608157
0.15215525031089783
0.22171550989151
0.20084089040756223
0.20937722921371457
0.2584250867366791
0.22696614265441892
0.16631269454956055
0.14702528715133667
0.17672482132911682
0.17251640558242795
0.14633524417877197
0.16366899013519287
0.20437416434288025
0.17930588126182556
0.17833954095840454
0.2519790828227997
0.2045057713985443
0.19284328818321228
0.19086754322052
0.1820821166038513
0.2238659560680389
0.15400028228759763
0.1738142967224121
0.1717238426208496
0.19289883971214292
0.2524448335170746
0.2051731050014496
0.21981832385063169
0.24406918883323667
0.2465762794017792
0.17535075545310974
0.19686901569366452
0.23408940434455872
0.2046732306480408
0.156425803899765
0.2255907654762268
0.16675597429275513
0.1662437915802002
0.2650548219680786
0.2676873505115509
0.16843068599700928
0.19796627759933472
0.17089757323265076
0.18896052241325376
0.17146986722946167
0.2344608902931213
0.1841605305671692
0.2246674597263336
0.21560353040695193
0.19535329937934875
0.1866295039653778
0.1979849636554718
0.16797176003456116
0.15863868594169617
0.24636000394821167
0.20522192120552063
0.2059616148471832
0.16971704363822937
0.20768317580223083
0.19967848062515256
0.21712288260459897
0.24811783432960513
0.16134634613990784
0.16343823075294495
0.17335644364356995
0.202779084444046
0.18255218863487244
0.17071655392646787
0.1765385866165161
0.20543172955513
0.18880170583724973
0.20605510473251343
0.18214377760887143
0.2295512557029724
0.1640319526195526
0.21401581168174744
0.1832730174064636
0.21525856852531436
0.17340528964996335
0.1559178531169891
0.20253655314445493
0.20701363682746887
0.15424829721450803
0.1797531247138977
0.14852534234523773
0.1841418743133545
0.2284817397594452
0.1607040762901306
0.18939906358718872
0.1693378388881683
0.20431202650070193
0.21472513675689697
0.16206833720207214
0.11856340616941452
0.17816331982612607
0.20586249232292173
0.17109200358390808
0.20481824874877927
0.15953263640403748
0.18990677595138547
0.2083591520786285
0.19209730625152588
0.1667332947254181
0.16494742035865784
0.1729983389377594
0.19681155681610107
0.17490750551223755
0.2255247533321381
0.19213643670082087
0.24902802705764768
0.21947985887527463
0.1903402209281921
0.1691311001777649
0.13241612911224365
0.18243867158889768
0.17726585268974304
0.1458354294300079
0.231597363948822
0.17383846640586853
0.21150845289230344
0.1408419907093048
0.2196703851222992
0.24974864721298215
0.16607004404067993
0.16392308473587036
0.17112183570861816
0.17981615662574768
0.19543319940567017
0.1654949188232422
0.1892835795879364
0.19316425919532773
0.149702250957489
0.23562645912170407
0.16543245315551755
0.1557069420814514
0.2130850255489349
0.16608914732933044
0.17577502131462097
0.20788469910621643
0.20227041840553284
0.20036134123802185
0.18389159440994263
0.1516503393650055
0.15485534071922302
0.21417289972305295
0.2212432026863098
0.22204333543777463
0.20568221807479856
0.17396396398544312
0.20454648137092593
0.16738447546958923
0.17715859413146973
0.16191735863685608
0.20441243052482605
0.17801570892333984
0.21647021174430847
0.16177254915237427
0.19440057873725888
0.21773210167884824
0.17450618743896484
0.17093008756637573
0.18480780720710757
0.15065982937812805
0.2038581073284149
0.17322343587875366
0.20239174365997317
0.21245816349983213
0.19827014207839963
0.1839910447597504
0.2098911702632904
0.1377858966588974
0.1822044253349304
0.19522899389266968
0.17865777015686035
0.18838664889335632
0.15923479199409485
0.20425149798393247
0.221711128950119
0.20433738827705383
0.2054639756679535
0.24994468688964844
0.1923293173313141
0.1729375720024109
0.16478627920150757
0.2050703167915344
0.18592679500579837
0.15952631831169128
0.2089181542396545
0.16098856925964355
0.2009771764278412
0.1422901302576065
0.20542123913764956
0.1743536591529846
0.2081184685230255
0.14616927504539487
0.19146588444709775
0.139573335647583
0.2656160593032837
0.18068188428878784
0.15393513441085815
0.1681555211544037
0.2104613184928894
0.2070518136024475
0.22124141454696652
0.15255025029182434
0.19590190052986145
0.1832332909107208
0.19137290120124817
0.1986787915229797
0.17899644374847412
0.1830919086933136
0.21865832805633545
0.1504131257534027
0.22579172253608704
0.21205949783325195
0.23174580931663516
0.19207894802093503
0.19860607385635373
0.2461949586868286
0.22049987316131592
0.18800705671310425
0.21100112795829767
0.14862599968910217
0.1798585057258606
0.1647096574306488
0.17468369007110596
0.17493918538093567
0.15730690956115723
0.1539953052997589
0.20087778568267825
0.1882613301277161
0.19875451922416687
0.22078105807304385
0.18647167086601257
0.14146041870117188
0.2534613311290741
0.1658330261707306
0.15978005528450012
0.199808806180954
0.21592217683792117
0.16940152645111084
0.17398378252983093
0.23156499862670896
0.2218367159366608
0.19774505496025083
0.20707905292510984
0.18345743417739868
0.1889862418174744
0.15675947070121765
0.181451678276062
0.16672340035438535
0.21990966796875
0.14138314127922058
0.16582730412483215
0.2105288803577423
0.17523661255836487
0.202779084444046
0.18594929575920105
0.2012677490711212
0.19439491629600525
0.18530985713005063
0.2042388021945953
0.20923060178756717
0.21861839294433597
0.17970624566078186
0.19046494364738464
0.22444093227386477
0.23699218034744263
0.22719839215278623
0.19736239314079285
0.18293032050132751
0.2413365542888641
0.20278611779212952
0.18888127803802487
0.13360390067100525
0.18896254897117612
0.20082256197929385
0.20765843987464905
0.1414172649383545
0.19447180628776553
0.204700231552124
0.1749224066734314
0.1550372838973999
0.1968431770801544
0.1288853883743286
0.18434700369834897
0.20231443643569944
0.12641313672065735
0.17089757323265076
0.16208231449127197
0.14741018414497375
0.2015538513660431
0.17921769618988037
0.17496085166931152
0.23506999015808103
0.22914952039718628
0.20141741633415225
0.1795124113559723
0.20828405022621155
0.2170207500457764
0.19380089640617368
0.19224315881729123
0.2148556411266327
0.18640574812889096
0.1789514422416687
0.18798208236694333
0.19286483526229856
0.15465304255485535
0.2395484447479248
0.20533642172813413
0.20941701531410217
0.1909324526786804
0.21636846661567688
0.1982402801513672
0.216391384601593
0.16312548518180847
0.2784685492515564
0.22288087010383603
0.2201325595378876
0.19167420268058777
0.1523868143558502
0.19084784388542173
0.2274288833141327
0.2267783284187317
0.1679580807685852
0.20126852393150327
0.20876771211624143
0.203827828168869
0.21908637881278992
0.18071037530899048
0.1955691874027252
0.21925976872444153
0.15417250990867615
0.19974145293235776
0.18276590108871457
0.1464582085609436
0.208615243434906
0.1758262813091278
0.1521860659122467
0.2168617844581604
0.17862427234649658
0.234897643327713
0.16462042927742004
0.18966448307037356
0.10956937074661253
0.18688613176345825
0.2508405447006225
0.17943105101585388
0.20370393991470337
0.1701259613037109
0.16638126969337463
0.23105746507644653
0.2019439935684204
0.1612544059753418
0.20475900173187253
0.183341920375824
0.24900624155998227
0.1725551187992096
0.18997511267662048
0.2068522870540619
0.1952027976512909
0.19002515077590945
0.18668282032012937
0.16850748658180237
0.17710596323013303
0.18270656466484067
0.16018542647361755
0.18476831912994385
0.1876714825630188
0.15139305591583252
0.1890742480754852
0.22161704301834104
0.15825483202934265
0.2111513912677765
0.1313033550977707
0.24190607666969297
0.1957318484783173
0.2042211890220642
0.2175198197364807
0.17653462290763855
0.2038806080818176
0.15794664621353147
0.2113095223903656
0.1795862913131714
0.22219616174697876
0.170759916305542
0.19926998019218445
0.19200664758682248
0.19224777817726132
0.19283735752105713
0.20565107464790344
0.20638927817344663
0.18607187271118164
0.2402593493461609
0.2071172595024109
0.2312413454055786
0.1745220124721527
0.20343905687332156
0.16378507018089294
0.2104801535606384
0.17681288719177246
0.22026726603507996
0.2097053825855255
0.23655784130096436
0.16983678936958313
0.23983490467071533
0.15536653995513916
0.1898307502269745
0.1995396912097931
0.2267957627773285
0.23176458477973935
0.18417438864707944
0.18819734454154968
0.155861496925354
0.1985502541065216
0.1831320822238922
0.17140793800354004
0.18959894776344297
0.17425376176834106
0.18350133299827573
0.16418063640594482
0.17322701215744019
0.18847480416297913
0.24012929201126096
0.15336817502975464
0.19230192899703977
0.15629136562347412
0.15460649132728577
0.188856303691864
0.18348586559295652
0.17022067308425903
0.16623139381408691
0.18707829713821408
0.20774856209754944
0.16000810265541077
0.20135754346847531
0.2224396765232086
0.24227333068847656
0.1849898099899292
0.175974041223526
0.1679770052433014
0.15792274475097656
0.213679701089859
0.16290497779846191
0.18551361560821533
0.20884233713150024
0.1814589500427246
0.20006006956100464
0.1979592442512512
0.22485569119453433
0.2363018989562988
0.17237114906311035
0.1740478277206421
0.2033447623252869
0.23047545552253723
0.194769948720932
0.20872440934181213
0.19674795866012573
0.1920922100543976
0.19788098335266116
0.191655308008194
0.20831701159477237
0.22754460573196408
0.16258195042610168
0.15706315636634827
0.1839471459388733
0.18567708134651184
0.23994520306587216
0.1715850830078125
0.1934340596199036
0.1820907890796661
0.25646066665649414
0.22854912281036377
0.2000519931316376
0.19583556056022644
0.21085837483406064
0.21253669261932373
0.15505295991897583
0.1705016791820526
0.18376365303993225
0.16797256469726562
0.1533010900020599
0.23126143217086792
0.1846719980239868
0.1818474233150482
0.19304007291793823
0.250131219625473
0.15631172060966492
0.1598726212978363
0.18217128515243527
0.2612669169902801
0.16050860285758972
0.18981474637985227
0.23014575242996213
0.16819369792938232
0.23815777897834775
0.13743740320205688
0.18421629071235657
0.1969545781612396
0.22724002599716184
0.20412030816078183
0.21120059490203855
0.19096904993057248
0.24907398223876956
0.2218365669250488
0.1755722165107727
0.19125276803970337
0.15208423137664795
0.2055829465389252
0.17299315333366394
0.23202991485595703
0.21451854705810544
0.18334263563156128
0.2620723247528076
0.1973472237586975
0.19988194108009336
0.16982722282409668
0.210174560546875
0.1958029866218567
0.19401749968528748
0.21446353197097776
0.2024091184139252
0.22568273544311523
0.16717979311943054
0.20167121291160583
0.22196176648139956
0.21766310930252075
0.17725405097007751
0.21164551377296448
0.16499778628349304
0.18818068504333496
0.18549466133117676
0.2359703481197357
0.19397005438804624
0.18417465686798093
0.16879040002822876
0.1966204047203064
0.14660586416721344
0.15112024545669556
0.21522122621536252
0.184563547372818
0.17978850007057187
0.16342926025390625
0.2543848156929016
0.19030427932739255
0.2119635045528412
0.17042118310928345
0.21198880672454837
0.1951146423816681
0.1804021894931793
0.21291014552116397
0.19331419467926023
0.19795721769332883
0.1519325077533722
0.19418939948081967
0.18155235052108765
0.21784564852714536
0.1644706428050995
0.1509479284286499
0.20267972350120544
0.18558478355407715
0.16319900751113892
0.2068864107131958
0.16646739840507507
0.16505208611488342
0.1830373108386993
0.1857779324054718
0.21638587117195127
0.15923854708671567
0.17722702026367188
0.19548219442367556
0.15732666850090027
0.202838271856308
0.194189727306366
0.15009787678718567
0.2190112471580505
0.24904224276542664
0.1884151995182037
0.14240851998329163
0.1629964709281921
0.19198977947235107
0.2071317136287689
0.12750756740570068
0.21092140674591064
0.17313513159751892
0.1766698658466339
0.1492251455783844
0.2295783758163452
0.20459815859794617
0.20203623175621033
0.19581750035285947
0.19091644883155823
0.1941761672496796
0.2044393420219421
0.2312550842761993
0.17210105061531067
0.1969985067844391
0.17037317156791687
0.2371865510940552
0.14417576789855957
0.2168996036052704
0.1696309745311737
0.1275116503238678
0.18083864450454712
0.19749438762664795
0.184050053358078
0.15398952364921567
0.1719706654548645
0.13979500532150269
0.16676685214042664
0.15386295318603516
0.21283987164497373
0.22899791598320007
0.2133716344833374
0.2093283236026764
0.15802285075187683
0.19889724254608157
0.15547817945480347
0.17295461893081665
0.16893050074577332
0.1967735290527344
0.1956216394901276
0.22106969356536865
0.1654455065727234
0.15250831842422485
0.18127015233039853
0.17704859375953674
0.19703063368797305
0.1458710730075836
0.15268027782440183
0.22235751152038571
0.26202425360679626
0.1867395043373108
0.20763567090034485
0.14147257804870603
0.1849668323993683
0.19802215695381165
0.16953977942466736
0.1698215901851654
0.20246621966362
0.19403165578842163
0.21755599975585935
0.1641489565372467
0.20452123880386353
0.1806369423866272
0.21184059977531436
0.14124497771263123
0.20009905099868772
0.2053261995315552
0.17755648493766785
0.15602487325668335
0.18633431196212769
0.18204575777053836
0.1391107738018036
0.2450881004333496
0.19062480330467224
0.22407305240631104
0.19096872210502625
0.16007378697395325
0.1941418945789337
0.1758233904838562
0.208843857049942
0.19209876656532288
0.17928087711334229
0.20876494050025937
0.17196565866470337
0.19970262050628665
0.20020863413810727
0.21063706278800964
0.2010737359523773
0.1737501323223114
0.1833022236824036
0.2113650143146515
0.19134047627449036
0.19716444611549375
0.2111549973487854
0.19887053966522217
0.16936075687408447
0.1664197742938995
0.23264715075492856
0.1501416563987732
0.1859649121761322
0.15465891361236572
0.24833041429519653
0.2033671736717224
0.1566755175590515
0.21523717045784
0.21867224574089048
0.19950866699218753
0.17338499426841736
0.23068261146545407
0.16306862235069275
0.17126545310020447
0.18972015380859372
0.20179611444473264
0.2111317217350006
0.1639057099819183
0.18224468827247617
0.19046300649642944
0.22063615918159485
0.1939465701580048
0.23238244652748108
0.19431513547897336
0.1521015465259552
0.20640432834625244
0.1744692623615265
0.22835692763328552
0.1480312347412109
0.19281283020973203
0.2055628001689911
0.1713396906852722
0.17073190212249756
0.16192561388015747
0.18602865934371948
0.1877247989177704
0.1557340621948242
0.128034770488739
0.16970428824424744
0.1978514790534973
0.2142305672168732
0.189674973487854
0.18928205966949463
0.1833399534225464
0.20354917645454407
0.21608999371528623
0.1573907434940338
0.17650023102760315
0.13734400272369385
0.18229827284812927
0.17904284596443176
0.19606986641883847
0.17352998256683347
0.18974339962005612
0.1996842622756958
0.2253110706806183
0.162029892206192
0.22553956508636477
0.198513388633728
0.22998648881912231
0.17506006360054016
0.24432677030563357
0.20043185353279117
0.18527981638908383
0.1654122769832611
0.1989438831806183
0.1808854341506958
0.18660768866539
0.16465386748313904
0.20685133337974548
0.16295403242111206
0.20390796661376956
0.18971741199493408
0.18674179911613464
0.21267542243003845
0.20201575756073
0.13719138503074646
0.21137556433677676
0.21875116229057312
0.20835649967193604
0.15862062573432922
0.1799773275852203
0.19909065961837769
0.1761723160743713
0.18849360942840576
0.20534688234329224
0.2414220869541168
0.1853632628917694
0.2240614891052246
0.21755912899971008
0.191327840089798
0.18320295214653012
0.17024710774421692
0.18879172205924988
0.17918667197227478
0.15500834584236145
0.21159476041793823
0.19893029332160947
0.2215125560760498
0.1682462692260742
0.1791287660598755
0.225154310464859
0.21912920475006104
0.19046983122825625
0.20070093870162964
0.1375814974308014
0.17496809363365173
0.2074571847915649
0.2055271565914154
0.202658087015152
0.10933994501829147
0.14677360653877258
0.21651220321655276
0.21361616253852844
0.15506097674369812
0.23167225718498227
0.19087910652160645
0.1671753227710724
0.17517465353012085
0.18549418449401853
0.19155654311180115
0.19201648235321045
0.15278872847557068
0.21821457147598264
0.16585135459899902
0.15556436777114868
0.16200625896453855
0.18944761157035828
0.17226135730743408
0.15501615405082703
0.187234491109848
0.2066156566143036
0.12182708829641342
0.15540748834609985
0.19042706489562988
0.22425374388694763
0.17464369535446167
0.15341350436210632
0.18018287420272827
0.1679459810256958
0.19297215342521667
0.19518980383872983
0.1739567220211029
0.15844407677650452
0.1533823311328888
0.19633513689041135
0.20332181453704837
0.15513107180595395
0.1773547530174255
0.19051948189735407
0.1926094889640808
0.1906450390815735
0.18514439463615415
0.17319652438163757
0.1691435873508453
0.20583975315093997
0.1905793249607086
0.23802882432937625
0.18280440568923953
0.1857706010341644
0.18408432602882385
0.19105118513107297
0.22095727920532224
0.22000792622566223
0.2121204137802124
0.21342164278030396
0.160463809967041
0.22310131788253784
0.20428350567817688
0.15557265281677246
0.1957453489303589
0.13287702202796936
0.16935116052627563
0.14662101864814758
0.2214328646659851
0.21405774354934687
0.20163536071777344
0.1953005492687225
0.16122308373451233
0.20628249645233157
0.1607082486152649
0.17960873246192932
0.21289765834808347
0.21993952989578247
0.15189692378044128
0.17356771230697632
0.16899654269218445
0.19992068409919736
0.20667910575866696
0.1617166697978973
0.20827779173851013
0.1936180889606476
0.19567209482192996
0.1967017352581024
0.1598796248435974
0.15404844284057617
0.2636186480522156
0.1878204643726349
0.1955644488334656
0.1502840518951416
0.2141016721725464
0.18588712811470032
0.21033313870429993
0.23162588477134705
0.1784103810787201
0.24729302525520325
0.17442485690116882
0.17920303344726562
0.19436731934547424
0.20300951600074768
0.20846432447433472
0.1926318407058716
0.20688131451606753
0.1911346912384033
0.17314615845680237
0.20260250568389887
0.1918509006500244
0.242380291223526
0.2029234766960144
0.2155822515487671
0.1975146532058716
0.19489854574203488
0.189033567905426
0.1989280879497528
0.20022365450859067
0.183195561170578
0.1678643524646759
0.18938794732093808
0.1652531921863556
0.23199066519737244
0.18580427765846247
0.1270611733198166
0.1690281629562378
0.18673792481422424
0.1762235164642334
0.14040380716323853
0.17784133553504944
0.1829603612422943
0.1752742230892181
0.19156795740127563
0.1762937307357788
0.18754613399505612
0.16177454590797424
0.17714941501617432
0.17118820548057556
0.17261305451393127
0.18776535987854004
0.22968414425849917
0.16764813661575317
0.224692702293396
0.214819610118866
0.18408185243606567
0.19229909777641296
0.1394501030445099
0.1741886734962463
0.14470472931861875
0.14602428674697876
0.18405741453170776
0.16490185260772705
0.15787631273269653
0.17458066344261167
0.19854360818862915
0.186072438955307
0.22299686074256897
0.20317327976226807
0.18482866883277893
0.1963854134082794
0.19646412134170527
0.18505749106407163
0.170259028673172
0.17411473393440247
0.2168772518634796
0.18328702449798584
0.19669654965400693
0.2052331268787384
0.16771069169044495
0.19501656293869016
0.17684796452522275
0.17178738117218015
0.19650188088417053
0.19785252213478088
0.22100168466567996
0.15888234972953796
0.16259253025054932
0.17886623740196228
0.1984931230545044
0.16134130954742432
0.18838420510292053
0.2047728002071381
0.21888864040374756
0.19859272241592407
0.22010359168052676
0.21431064605712888
0.18837714195251465
0.1609366238117218
0.20247533917427063
0.17409783601760864
0.14106598496437073
0.19208890199661252
0.20367318391799927
0.1814936399459839
0.13896548748016355
0.1787530779838562
0.23848840594291687
0.17858761548995972
0.20603483915328977
0.20194295048713684
0.15307331085205078
0.16843175888061523
0.16701576113700867
0.20830094814300537
0.22766008973121643
0.18699467182159424
0.2502051293849945
0.17675715684890747
0.2310161888599396
0.21882450580596924
0.16115731000900269
0.20496043562889096
0.14279019832611084
0.2144843935966492
0.1425074338912964
0.1973538398742676
0.1863616406917572
0.2252894639968872
0.21008676290512085
0.2639089226722717
0.2325554192066193
0.1920410394668579
0.20800092816352844
0.12985801696777344
0.14559046924114227
0.14927253127098083
0.1918044090270996
0.1988661885261536
0.17619067430496216
0.19796308875083923
0.18874412775039673
0.2121937572956085
0.1983982622623444
0.2073085904121399
0.1921330690383911
0.21003809571266172
0.19098275899887085
0.1764301061630249
0.16720420122146606
0.15421044826507568
0.18094170093536377
0.2216115891933441
0.19234067201614377
0.18431663513183597
0.24807617068290713
0.20774790644645688
0.18978458642959595
0.2260037660598755
0.19262844324111936
0.1934921145439148
0.20989036560058597
0.21937626600265503
0.17205283045768735
0.1880658268928528
0.19565314054489133
0.20619302988052368
0.21819210052490237
0.2076780796051025
0.1582949459552765
0.17454764246940613
0.17519101500511167
0.1729704737663269
0.18999642133712769
0.18311545252799988
0.22111976146698
0.1861698627471924
0.18296733498573303
0.19750094413757324
0.18997377157211304
0.1202547624707222
0.19976946711540225
0.17853400111198425
0.20393311977386477
0.1917256712913513
0.164267361164093
0.17315223813056943
0.22575017809867856
0.21401241421699524
0.1973600685596466
0.22558909654617307
0.19338878989219663
0.1880900263786316
0.18544793128967285
0.19722080230712888
0.2167682945728302
0.1760665476322174
0.15269547700881958
0.21550756692886353
0.198410838842392
0.20326408743858335
0.18558582663536072
0.19937363266944885
0.13027963042259216
0.21945935487747192
0.18543174862861636
0.17194196581840515
0.15190911293029785
0.1536831557750702
0.18045952916145325
0.20844173431396484
0.2229032516479492
0.21185508370399475
0.21441319584846497
0.19330671429634091
0.15865588188171387
0.22841700911521912
0.18826082348823547
0.21186631917953488
0.20194125175476077
0.18938183784484863
0.21865099668502808
0.20640686154365537
0.13395728170871735
0.19506981968879697
0.20343622565269473
0.1878575682640076
0.20241859555244443
0.21652615070343015
0.15125125646591187
0.16535329818725583
0.22881197929382324
0.17816990613937375
0.21831753849983213
0.17697948217391968
0.1528686285018921
0.1594462692737579
0.23994946479797363
0.1667761206626892
0.1991316378116608
0.21821683645248413
0.15358558297157288
0.20854541659355164
0.21809136867523196
0.18128231167793277
0.19316014647483823
0.17355307936668396
0.1990613043308258
0.20006766915321353
0.17432373762130737
0.17269811034202576
0.23838764429092407
0.1720304489135742
0.16062024235725403
0.18144074082374567
0.1617507040500641
0.193229615688324
0.2110661268234253
0.22411701083183289
0.16113975644111633
0.1772806346416473
0.17327064275741577
0.1924554407596588
0.1655622124671936
0.16270822286605835
0.17057326436042783
0.17473214864730835
0.193766713142395
0.19926637411117556
0.18132007122039795
0.15815049409866333
0.20696961879730225
0.18206512928009036
0.21175491809844968
0.14818406105041504
0.22251984477043152
0.21244433522224423
0.22230803966522217
0.20034793019294736
0.20739251375198364
0.1685238480567932
0.1839888095855713
0.1968971490859985
0.22263285517692563
0.18528616428375244
0.1731695532798767
0.1893242597579956
0.20493414998054504
0.2054211497306824
0.20179691910743716
0.23414286971092224
0.1338289976119995
0.17396187782287595
0.1787329614162445
0.18575203418731687
0.16739723086357117
0.1508447825908661
0.2056838572025299
0.19666233658790588
0.20319890975952148
0.1775650680065155
0.21183195710182187
0.1739908456802368
0.1408352255821228
0.17259809374809265
0.19887492060661316
0.197220116853714
0.15344873070716855
0.1595972180366516
0.19086626172065732
0.2290198504924774
0.26900070905685425
0.17985698580741882
0.186646431684494
0.13994379341602323
0.15752556920051575
0.18059897422790527
0.17528203129768372
0.18824723362922668
0.1484928727149963
0.17177218198776245
0.19105827808380127
0.16465377807617188
0.21000754833221436
0.1275246888399124
0.2192421853542328
0.21816244721412656
0.15968960523605347
0.1598013341426849
0.1974304020404816
0.2086547613143921
0.1536400020122528
0.1618610918521881
0.2124446332454681
0.168062686920166
0.18147188425064087
0.1521967053413391
0.17130431532859802
0.18548139929771423
0.2022818028926849
0.19324654340744016
0.2271503508090973
0.2540229856967926
0.20185038447380063
0.1659669578075409
0.1314445436000824
0.2200181782245636
0.14878851175308228
0.1990109086036682
0.17362558841705322
0.16443222761154175
0.16115298867225647
0.1903696060180664
0.20288637280464167
0.19665712118148804
0.1999099850654602
0.23551806807518005
0.1820056438446045
0.19046384096145627
0.1542627215385437
0.19401773810386655
0.19302359223365784
0.16664299368858335
0.2301219999790192
0.1481846123933792
0.1673009693622589
0.17602574825286865
0.16911426186561584
0.1412152647972107
0.19980457425117487
0.259077787399292
0.2530725300312042
0.13963493704795835
0.2264916300773621
0.1714651584625244
0.22144249081611636
0.2080398499965668
0.19951739907264707
0.12254201620817184
0.22003692388534543
0.22340142726898196
0.16691827774047852
0.1909077763557434
0.2035658955574036
0.20123830437660217
0.22427836060523984
0.19525185227394104
0.1808529794216156
0.15747913718223572
0.1893911957740784
0.1872307062149048
0.2052617073059082
0.1980260908603668
0.21399518847465515
0.20800724625587463
0.20267000794410703
0.21293246746063232
0.1690787374973297
0.16494861245155334
0.22478801012039185
0.15960413217544556
0.21899080276489255
0.17706871032714844
0.2229862809181213
0.2203766107559204
0.16971328854560852
0.1967073082923889
0.20563879609107968
0.2097545266151428
0.19431427121162412
0.21365436911582944
0.19985932111740112
0.21334809064865112
0.21595904231071472
0.1621384024620056
0.19070637226104736
0.20559597015380857
0.2118317782878876
0.20667365193367004
0.16799092292785645
0.2056030035018921
0.21351775527000427
0.1931198537349701
0.20541507005691528
0.19292739033699036
0.21873968839645383
0.21212393045425412
0.18438288569450376
0.14714232087135315
0.17415368556976318
0.16442421078681943
0.18032294511795044
0.17175835371017456
0.2139115929603577
0.1961533725261688
0.17452087998390195
0.18429267406463623
0.13380560278892517
0.20556399226188657
0.19140172004699707
0.20877012610435483
0.2768603265285492
0.14749881625175476
0.19365611672401428
0.19929292798042297
0.22318765521049497
0.24570849537849423
0.21576365828514096
0.2010371387004852
0.19970655441284177
0.1845393478870392
0.2323898673057556
0.1521182358264923
0.21850037574768064
0.18667158484458923
0.17551466822624207
0.18181395530700684
0.19423276185989377
0.1863325536251068
0.1518951654434204
0.13818806409835815
0.22887188196182248
0.23871102929115293
0.20643228292465207
0.21509006619453433
0.17139574885368347
0.2010408043861389
0.23409187793731687
0.1882960796356201
0.2145259082317352
0.1891450583934784
0.19519272446632385
0.17829710245132446
0.2009525895118713
0.18523535132408145
0.2489444315433502
0.21142518520355225
0.20101070404052732
0.19838160276412964
0.21368479728698728
0.15046188235282895
0.15438047051429749
0.17090162634849548
0.1778275966644287
0.20373103022575376
0.18246930837631223
0.16813337802886963
0.22092577815055847
0.1690240502357483
0.14838677644729614
0.1428034007549286
0.14167895913124084
0.1679669618606567
0.2065262198448181
0.1648693084716797
0.17793336510658264
0.19033047556877136
0.20244127511978147
0.21291655302047727
0.20876979827880857
0.18942290544509888
0.18553265929222104
0.18048423528671265
0.1485092043876648
0.18598458170890808
0.18724447488784793
0.2391532063484192
0.18272599577903748
0.18415033817291257
0.1900964677333832
0.15421897172927856
0.16964992880821228
0.18500325083732605
0.22306227684021
0.1766921579837799
0.15926861763000488
0.19087156653404236
0.19435858726501465
0.2157084047794342
0.17942678928375244
0.15909454226493835
0.17902147769927979
0.19410094618797305
0.23680272698402405
0.19193795323371887
0.1762491762638092
0.25145700573921204
0.18687388300895688
0.17562386393547058
0.19325447082519528
0.19195091724395752
0.16290336847305295
0.21901217103004453
0.20266267657279968
0.21015334129333496
0.2009390294551849
0.21503403782844543
0.1817934811115265
0.17939165234565735
0.18047747015953064
0.1428892612457275
0.16567882895469663
0.18236422538757324
0.15302857756614685
0.164976567029953
0.1828924119472504
0.21435412764549253
0.22474047541618347
0.20517587661743164
0.1548762023448944
0.18688842654228208
0.1903216242790222
0.18306258320808408
0.14884528517723083
0.22070363163948056
0.192543625831604
0.2220139503479004
0.20570385456085205
0.2170003354549408
0.20439100265502927
0.2025468945503235
0.17416536808013916
0.1731576919555664
0.18976768851280207
0.21688860654830927
0.188237726688385
0.198822021484375
0.19881039857864377
0.19755899906158447
0.18350228667259216
0.18139174580574036
0.21778526902198792
0.1950027048587799
0.20813348889350888
0.20232781767845157
0.14707043766975403
0.19988679885864255
0.17930880188941956
0.21408721804618835
0.18053677678108213
0.2310258150100708
0.20990911126136777
0.17552301287651062
0.1785690188407898
0.1556345522403717
0.21821412444114685
0.17485326528549194
0.18629449605941767
0.15606048703193665
0.17444247007369995
0.188841313123703
0.15115156769752502
0.14658150076866147
0.2065523266792297
0.17150959372520447
0.20381760597229004
0.21435770392417908
0.23034271597862244
0.17749592661857605
0.14216694235801697
0.17916139960289
0.1660504937171936
0.1511734426021576
0.21002840995788571
0.2048376500606537
0.21574532985687253
0.20963770151138303
0.14236819744110107
0.2248671650886536
0.23089575767517087
0.23031327128410337
0.16570541262626648
0.14980170130729675
0.18637168407440183
0.1758573055267334
0.16936630010604858
0.2024953663349152
0.16084736585617063
0.16530755162239075
0.18414586782455444
0.2168512046337128
0.15801244974136353
0.1646866500377655
0.173382967710495
0.17865395545959473
0.18379676342010495
0.1824719309806824
0.2063356935977936
0.17525231838226318
0.1986752450466156
0.1917867660522461
0.18377333879470825
0.1729795932769775
0.16368982195854187
0.17925214767456055
0.15289193391799927
0.17262884974479675
0.14928017556667328
0.23188489675521848
0.17676708102226257
0.2108115553855896
0.16625472903251648
0.13377134501934052
0.19719514250755313
0.2572474777698517
0.1706835925579071
0.14377561211585999
0.25457620620727534
0.1951167583465576
0.18733125925064087
0.20333802700042725
0.14870330691337583
0.19002684950828552
0.15639832615852356
0.13642270863056183
0.15458223223686218
0.17861562967300415
0.19102296233177185
0.20021051168441767
0.1820472478866577
0.17418861389160156
0.20836305618286127
0.1854820251464844
0.1947757601737976
0.180040180683136
0.2243305742740631
0.15889069437980652
0.228288859128952
0.1581493616104126
0.14321176707744598
0.18402892351150513
0.18696415424346924
0.2081834375858307
0.20099705457687375
0.13467243313789368
0.213306188583374
0.163193017244339
0.13588243722915647
0.167003333568573
0.2173987329006195
0.19030639529228208
0.16818279027938843
0.18951925635337827
0.18669453263282773
0.2018226385116577
0.22087243199348447
0.1589771807193756
0.18696400523185727
0.18908393383026123
0.19786196947097776
0.20908623933792117
0.21121692657470703
0.19695797562599185
0.2414828836917877
0.2377604842185974
0.18985888361930847
0.18268185853958127
0.21615517139434812
0.1962794363498688
0.1561739146709442
0.15648147463798523
0.2017553746700287
0.2542475163936615
0.2469982802867889
0.21853736042976377
0.17365702986717224
0.2214927971363068
0.19151532649993896
0.1857457458972931
0.2252044379711151
0.16370728611946103
0.1406586468219757
0.17841222882270813
0.19003319740295407
0.1435149908065796
0.16160836815834043
0.1723401844501495
0.27068156003952026
0.159201979637146
0.1860853135585785
0.1888613998889923
0.13911147415637967
0.18009698390960693
0.14567241072654724
0.18329408764839167
0.20169731974601743
0.15039512515068054
0.23759949207305908
0.14336973428726196
0.17515721917152405
0.2271016240119934
0.13254967331886292
0.19428861141204837
0.2261459827423096
0.21318885684013367
0.19948014616966248
0.16749784350395203
0.1519736647605896
0.18853512406349185
0.19214507937431333
0.16791987419128415
0.18671664595603943
0.2025904357433319
0.18648111820220947
0.1748409867286682
0.16511473059654236
0.14174357056617737
0.17167958617210388
0.23240038752555847
0.17598527669906616
0.1983693242073059
0.17403316497802734
0.19967013597488403
0.18367362022399905
0.1643121838569641
0.14164406061172485
0.16796892881393433
0.21171998977661127
0.18633329868316648
0.17918455600738523
0.15502789616584775
0.1527147591114044
0.25278353691101074
0.1889938414096832
0.18897956609725952
0.24373498558998108
0.20051613450050357
0.19603300094604487
0.19814392924308777
0.15640389919281003
0.17200270295143127
0.21838682889938357
0.18431201577186584
0.21948909759521484
0.1684209406375885
0.2104909718036652
0.19117811322212216
0.22174689173698425
0.21070450544357297
0.22218453884124756
0.17684349417686462
0.201716810464859
0.19699954986572263
0.16435518860816956
0.1662887930870056
0.17973503470420835
0.23026391863822937
0.19185224175453183
0.17860150337219238
0.20503893494606015
0.22911515831947327
0.17645877599716187
0.18491873145103452
0.13361015915870667
0.1967213749885559
0.2073186933994293
0.1688765585422516
0.1766014993190765
0.17137104272842407
0.23733833432197568
0.2186477482318878
0.17059671878814697
0.1844769716262817
0.1862082481384277
0.2058696150779724
0.19114428758621213
0.20326676964759824
0.1668311059474945
0.21023344993591309
0.16909512877464294
0.20410624146461487
0.18131524324417117
0.17788568139076233
0.13937416672706604
0.2635115683078766
0.1723828911781311
0.1312001347541809
0.12445317208766936
0.17123639583587646
0.15784808993339539
0.1745605170726776
0.15177413821220395
0.19606301188468933
0.2510685324668884
0.16127610206604004
0.21229296922683716
0.2088768184185028
0.17875850200653076
0.20067155361175537
0.18667933344841003
0.18030160665512085
0.17263048887252808
0.17475131154060364
0.14870887994766235
0.22916144132614133
0.17830529808998108
0.229728639125824
0.1608053743839264
0.17942908406257627
0.130544513463974
0.16498747467994687
0.22394779324531555
0.13836264610290527
0.2032984793186188
0.18440696597099304
0.20413964986801147
0.1741465926170349
0.18397215008735657
0.21400457620620728
0.16000312566757202
0.19160208106040957
0.17562580108642578
0.2140059471130371
0.17533916234970093
0.18405860662460327
0.18191808462142944
0.19265493750572205
0.15369820594787595
0.2054622173309326
0.15712803602218628
0.25878089666366577
0.19966220855712888
0.1817927956581116
0.19000521302223203
0.18954977393150327
0.1790754795074463
0.22285154461860657
0.1916638910770416
0.2494809925556183
0.19948148727416992
0.19506120681762693
0.16370287537574768
0.21746826171875
0.20502302050590515
0.143719881772995
0.2075009644031525
0.13627231121063232
0.19857794046401975
0.1868329346179962
0.14748454093933103
0.1541564166545868
0.1708889603614807
0.17471098899841309
0.2284088432788849
0.1765233874320984
0.1925097703933716
0.206686794757843
0.22529640793800357
0.20344522595405576
0.16438037157058716
0.2098272144794464
0.16733217239379883
0.19170641899108887
0.2071707844734192
0.1710251271724701
0.2087528109550476
0.15811845660209656
0.16372156143188477
0.1712428629398346
0.19986900687217712
0.1549542248249054
0.18485200405120847
0.14984041452407837
0.18032041192054749
0.21392834186553955
0.14515501260757446
0.21141153573989868
0.21492874622344968
0.20067760348320007
0.22048503160476685
0.20411062240600583
0.21332058310508728
0.12963664531707764
0.19207552075386047
0.23484694957733157
0.1853462755680084
0.1638595461845398
0.17266598343849182
0.18912404775619504
0.19718176126480105
0.16948404908180237
0.17252898216247559
0.20065432786941528
0.19668057560920715
0.1737651228904724
0.168625146150589
0.19647151231765747
0.1774025559425354
0.1691952347755432
0.17382347583770752
0.19007402658462524
0.14231052994728088
0.2075803577899933
0.26135677099227905
0.1703648567199707
0.22127705812454224
0.2045965790748596
0.17337992787361145
0.17824536561965942
0.15828093886375427
0.1758306324481964
0.1945725977420807
0.14328834414482117
0.19098538160324097
0.1882997453212738
0.20007926225662231
0.21833738684654236
0.2156245708465576
0.19508358836174008
0.25737544894218445
0.18850404024124143
0.21659180521965024
0.16177210211753845
0.2261146306991577
0.17432987689971924
0.19354817271232605
0.2043933868408203
0.19337463378906247
0.16786256432533264
0.15754413604736328
0.14894235134124756
0.1745094358921051
0.2079796493053436
0.16193628311157227
0.1931724846363068
0.1492157280445099
0.27858766913414
0.2091328203678131
0.170479416847229
0.1735855937004089
0.2101798355579376
0.21582043170928955
0.2405484914779663
0.19681861996650693
0.21820703148841855
0.1915445029735565
0.16469702124595642
0.1705004870891571
0.17012113332748413
0.16899701952934265
0.17260333895683289
0.2537320852279663
0.16213518381118774
0.18510207533836365
0.1949939727783203
0.26074543595314026
0.19007012248039243
0.16965028643608093
0.23899707198143005
0.24175414443016047
0.1806631088256836
0.20588815212249756
0.19945281744003293
0.14071780443191528
0.17742544412612915
0.21614894270896912
0.21926689147949216
0.1233167126774788
0.21912339329719543
0.2489300966262817
0.1957716941833496
0.2038193047046661
0.14366808533668518
0.1761566400527954
0.18313795328140256
0.17633464932441711
0.1063760593533516
0.18270620703697205
0.1847505271434784
0.18568202853202817
0.2028760015964508
0.19557642936706543
0.16666027903556824
0.19388434290885925
0.17971792817115784
0.15588775277137756
0.2155055403709412
0.19500204920768735
0.20253553986549375
0.19022792577743527
0.17712953686714172
0.1821669638156891
0.2117085158824921
0.19542333483695984
0.15813612937927246
0.19367900490760803
0.2010638117790222
0.22522711753845212
0.16402310132980347
0.2042372226715088
0.2582973837852478
0.22348687052726743
0.2115541398525238
0.21097078919410703
0.21301034092903137
0.16991746425628662
0.17890936136245728
0.1950177550315857
0.20238843560218808
0.17999351024627683
0.17686596512794495
0.2024883329868317
0.2135714888572693
0.1398088037967682
0.23120626807212827
0.20621898770332336
0.23872992396354675
0.1831681132316589
0.17369630932807922
0.16077351570129395
0.19607275724411008
0.20793285965919492
0.21588671207427976
0.19027587771415713
0.1856565773487091
0.20246022939682007
0.1598032712936401
0.15302568674087524
0.21969151496887207
0.1991482973098755
0.19567033648490903
0.1572781801223755
0.1755828559398651
0.1763307154178619
0.22025400400161743
0.19967037439346316
0.1699567139148712
0.2123856544494629
0.21969112753868103
0.14119786024093628
0.205625981092453
0.19734290242195127
0.2388918101787567
0.1992343366146088
0.19914081692695615
0.19049733877182007
0.1851470172405243
0.19856104254722595
0.16467779874801636
0.18982604146003723
0.17370346188545227
0.1909867823123932
0.20464393496513367
0.20342105627059937
0.17255890369415283
0.1350373923778534
0.20680189132690427
0.22213950753211972
0.1801190972328186
0.2046353220939636
0.19090974330902097
0.22997018694877625
0.16743260622024536
0.21581214666366577
0.1775979995727539
0.14847892522811887
0.16203996539115903
0.18526661396026609
0.1704493463039398
0.16182264685630798
0.14914000034332275
0.16954651474952695
0.18003603816032407
0.18260300159454343
0.19788891077041623
0.17589306831359863
0.19368240237236023
0.21132227778434756
0.14456425607204437
0.2279169857501984
0.2142331898212433
0.16474780440330505
0.20597791671752927
0.2158588469028473
0.16605249047279355
0.1599576771259308
0.16396713256835935
0.1972502171993256
0.229927271604538
0.1522260308265686
0.2241326868534088
0.1593787968158722
0.2088625133037567
0.19515410065650937
0.21650832891464236
0.171602725982666
0.20348477363586423
0.24141108989715576
0.19024017453193665
0.2172865867614746
0.16074806451797485
0.21879351139068604
0.17814373970031738
0.22314524650573728
0.22643551230430603
0.1870358884334564
0.16654005646705627
0.21532276272773743
0.19798034429550168
0.17686188220977783
0.16325193643569946
0.1752043068408966
0.22505387663841248
0.18062222003936768
0.18011808395385742
0.19929170608520508
0.20069727301597595
0.2034020125865936
0.17132800817489624
0.2029798924922943
0.21957987546920776
0.20273959636688232
0.17842602729797363
0.1587187945842743
0.18274062871932983
0.2166544795036316
0.16122323274612427
0.2062716484069824
0.22566026449203488
0.23845523595809937
0.145094633102417
0.20030710101127625
0.1684214472770691
0.14393308758735657
0.19794881343841553
0.15765073895454407
0.19187745451927185
0.2347606718540192
0.15183335542678833
0.20189183950424197
0.20505571365356445
0.2076537013053894
0.2099664211273193
0.1797012984752655
0.1953105628490448
0.25493192672729487
0.2590366303920746
0.1790725290775299
0.15484455227851868
0.21330252289772036
0.18794018030166623
0.18829494714736936
0.20727095007896423
0.24564561247825625
0.17493855953216553
0.19715881347656247
0.19686973094940183
0.22462156414985657
0.18545460700988767
0.17921149730682373
0.22665083408355713
0.23925837874412537
0.16971278190612793
0.1880451142787933
0.193758487701416
0.17484939098358154
0.2139871716499329
0.22672286629676816
0.2631515562534332
0.1450670063495636
0.1631382703781128
0.22213008999824524
0.2161370515823364
0.21829351782798767
0.15684634447097778
0.16494062542915344
0.206785649061203
0.1748993694782257
0.1702052354812622
0.20875325798988345
0.2325233817100525
0.14550122618675232
0.17480280995368955
0.19946807622909543
0.16337621212005615
0.15544083714485168
0.18830767273902893
0.20452675223350525
0.2632427215576172
0.2177375257015228
0.19677206873893735
0.16386738419532776
0.1599903702735901
0.222488135099411
0.20474177598953247
0.1601923704147339
0.16407671570777893
0.17947620153427124
0.17232179641723633
0.18719813227653503
0.217860609292984
0.2217956185340881
0.19444510340690607
0.2052512168884277
0.15237274765968323
0.20936951041221616
0.19622918963432312
0.18215367197990415
0.20377108454704285
0.22864755988121033
0.1681804358959198
0.16755276918411255
0.17586609721183777
0.20341217517852783
0.1853952407836914
0.21455428004264832
0.20818179845809937
0.19787269830703733
0.21112293004989624
0.18564608693122864
0.20529332756996155
0.21746957302093503
0.2083797752857208
0.16613534092903137
0.16600820422172546
0.2061864733695984
0.14646342396736145
0.1963981986045837
0.2400554120540619
0.2057976722717285
0.13090306520462036
0.21184119582176208
0.24237400293350217
0.20056706666946408
0.1869302690029144
0.22582677006721497
0.21849027276039124
0.2410404086112976
0.1767825484275818
0.1913784146308899
0.21600782871246335
0.200143963098526
0.18208467960357663
0.21435073018074036
0.20941093564033508
0.19503575563430783
0.2011786997318268
0.1822091042995453
0.21167632937431333
0.2067008912563324
0.2506108283996582
0.24448612332344052
0.1752183437347412
0.18774721026420596
0.20656791329383847
0.19321653246879575
0.18581408262252808
0.15995565056800842
0.1860606074333191
0.2098068594932556
0.17709192633628845
0.15816718339920044
0.135299950838089
0.14777502417564392
0.19295975565910337
0.17075785994529724
0.21785068511962888
0.1939658224582672
0.17432942986488342
0.17318511009216309
0.25467410683631897
0.177342027425766
0.16992509365081787
0.16561755537986755
0.17262753844261167
0.17752584815025327
0.21070364117622373
0.17417237162590027
0.18608874082565308
0.18699350953102112
0.1189986541867256
0.17863428592681885
0.1562240719795227
0.1644231379032135
0.15595358610153198
0.17618459463119507
0.21057942509651184
0.17164146900177
0.1807596981525421
0.1817521154880524
0.19257000088691711
0.16441637277603147
0.18403196334838867
0.20797219872474673
0.19482085108757016
0.1474599540233612
0.2078014314174652
0.1763075292110443
0.1355392038822174
0.21115896105766296
0.18213412165641785
0.2335835695266724
0.17994466423988342
0.2154950499534607
0.1568640172481537
0.16975915431976318
0.17669203877449036
0.14736217260360715
0.18152907490730283
0.2319660186767578
0.2118298709392548
0.2023102641105652
0.20111349225044248
0.16783371567726135
0.10856571048498152
0.18889945745468137
0.19329380989074707
0.21219637989997864
0.2057931125164032
0.17481914162635803
0.1542951464653015
0.19406408071517944
0.23430418968200684
0.18046015501022336
0.16648763418197632
0.17185696959495544
0.1879515051841736
0.11955940723419188
0.22946232557296753
0.14465436339378357
0.2039776146411896
0.20818066596984863
0.2127037346363068
0.17891928553581235
0.1764088273048401
0.16989758610725403
0.163065105676651
0.21474903821945193
0.16111651062965393
0.17879822850227356
0.16434454917907715
0.19774699211120603
0.2475251257419586
0.16395467519760132
0.1990123987197876
0.14767786860466003
0.17054879665374756
0.1899317800998688
0.19341483712196353
0.14337462186813354
0.19443073868751523
0.20416638255119324
0.17641249299049375
0.18126407265663144
0.16686254739761353
0.2162923812866211
0.19212165474891665
0.20563775300979611
0.19800212979316711
0.16330376267433167
0.18619906902313232
0.1619066298007965
0.19674906134605408
0.19872963428497317
0.17813685536384583
0.2065037190914154
0.28761735558509827
0.18123409152030945
0.18548366427421567
0.18937021493911743
0.19950586557388303
0.17858383059501648
0.20287770032882688
0.21180123090744016
0.17151737213134763
0.1589464247226715
0.19467845559120175
0.1604673862457275
0.1601921021938324
0.1714158058166504
0.17014688253402707
0.1634179055690765
0.16276580095291135
0.2089591324329376
0.2423308491706848
0.17688891291618347
0.19772598147392273
0.14449918270111084
0.22235071659088132
0.21697744727134705
0.2062048017978668
0.149478018283844
0.22978922724723813
0.1473100185394287
0.16171404719352722
0.12948237359523773
0.17613187432289124
0.14474162459373474
0.17796647548675537
0.20579105615615845
0.2042972445487976
0.15172690153121948
0.1927812099456787
0.1714842319488525
0.1837964951992035
0.20650112628936768
0.19935500621795652
0.20219510793685916
0.2046232223510742
0.1256839334964752
0.12955166399478912
0.20654985308647156
0.18221923708915713
0.1966589391231537
0.15791207551956177
0.15243113040924072
0.20065099000930783
0.18948683142662048
0.170320063829422
0.1696414351463318
0.18939444422721863
0.19075202941894528
0.1546088457107544
0.19123214483261108
0.2206653356552124
0.20244893431663516
0.17275592684745789
0.20076581835746765
0.18054506182670596
0.16418993473052979
0.1686418652534485
0.17180368304252625
0.20822989940643313
0.21080005168914795
0.15908929705619812
0.165162056684494
0.20223593711853027
0.1542419195175171
0.196710467338562
0.2069049775600433
0.194047212600708
0.18349570035934448
0.1649823486804962
0.22085297107696533
0.157737135887146
0.1277300715446472
0.1768779158592224
0.19469064474105835
0.2261533737182617
0.19212293624877927
0.1137254312634468
0.1466589868068695
0.20539942383766172
0.1530342698097229
0.1953224539756775
0.21196475625038144
0.17555996775627136
0.20825326442718503
0.16909891366958618
0.1868771016597748
0.17447602748870847
0.1695174276828766
0.20360675454139707
0.18312054872512817
0.240231454372406
0.18465811014175412
0.2130437791347504
0.1877874433994293
0.18457722663879397
0.1942613422870636
0.21347114443778992
0.19017857313156128
0.166012704372406
0.13751593232154846
0.12811005115509033
0.22539401054382324
0.2139897346496582
0.16051238775253296
0.2422959804534912
0.13703531026840207
0.1980717480182648
0.16868305206298828
0.21652477979660037
0.18166497349739075
0.22454610466957087
0.15096595883369443
0.20602694153785703
0.20861566066741943
0.15984192490577695
0.22665295004844663
0.17182937264442444
0.10987713187932968
0.20380297303199768
0.1593492329120636
0.16821879148483276
0.16961583495140076
0.22388598322868347
0.15228775143623352
0.2141400575637817
0.18313008546829224
0.14258691668510437
0.1971432268619537
0.23515152931213376
0.2126135230064392
0.1385982036590576
0.21876025199890137
0.21072563529014587
0.19117015600204468
0.2141413390636444
0.2014605700969696
0.2464950978755951
0.2227532267570496
0.2004621922969818
0.21607309579849243
0.13494300842285156
0.1750032901763916
0.15139523148536682
0.176377534866333
0.15610271692276
0.23344895243644717
0.2505146265029907
0.16780653595924375
0.21095833182334897
0.1881510317325592
0.17772141098976135
0.17101621627807617
0.22038596868515012
0.16433358192443848
0.18195369839668277
0.23300275206565857
0.21280670166015625
0.19622749090194705
0.2695400416851044
0.1871814727783203
0.1530528962612152
0.201333612203598
0.1426277756690979
0.19751131534576416
0.18205487728118896
0.1963801980018616
0.20930972695350647
0.16614386439323425
0.1856223940849304
0.24393257498741147
0.20359212160110476
0.2137412428855896
0.20100176334381104
0.2093981504440308
0.21853426098823547
0.2246078848838806
0.20184046030044556
0.1390726268291473
0.19492724537849423
0.21435150504112244
0.1848698854446411
0.2147789001464844
0.20391047000885007
0.21917283535003665
0.19220271706581116
0.2073259949684143
0.1600865125656128
0.16561096906661987
0.22331574559211728
0.23387539386749268
0.1880860924720764
0.1676351428031921
0.1786768138408661
0.1896138787269592
0.1943883001804352
0.1736169159412384
0.22509625554084775
0.2330733835697174
0.2266662418842316
0.1638193130493164
0.19471710920333865
0.21127340197563169
0.16351059079170227
0.16890624165534973
0.23099911212921145
0.2050064504146576
0.2255935370922089
0.22151261568069455
0.20079743862152097
0.18538883328437805
0.1752367615699768
0.19419533014297485
0.16591233015060425
0.2310041785240173
0.19566449522972104
0.17663440108299255
0.19993740320205688
0.1627243161201477
0.16929587721824646
0.15292993187904355
0.1408185511827469
0.1930755376815796
0.16017839312553403
0.15144571661949155
0.18692395091056824
0.21300667524337769
0.18392717838287356
0.1558588743209839
0.19739907979965207
0.20698127150535583
0.16350525617599487
0.195616215467453
0.1422763466835022
0.15551915764808655
0.17823517322540283
0.13571518659591675
0.17614787817001343
0.18183702230453488
0.1616150140762329
0.23299872875213623
0.18109264969825745
0.20563265681266785
0.22251856327056885
0.20595452189445493
0.2306904494762421
0.20766127109527588
0.16745391488075256
0.17075741291046143
0.19921821355819705
0.20058834552764887
0.2066790759563446
0.15871036052703855
0.17845037579536435
0.19640266895294187
0.2022538185119629
0.18644362688064572
0.21290284395217893
0.16801610589027405
0.22262489795684812
0.16645079851150513
0.15955784916877747
0.17642134428024292
0.21549642086029047
0.17744532227516174
0.18021786212921145
0.15557003021240234
0.23036298155784607
0.13597777485847473
0.18360853195190427
0.22126612067222595
0.16126403212547302
0.18166223168373108
0.17562931776046753
0.20013275742530823
0.19846275448799133
0.18626168370246887
0.1883932054042816
0.17994838953018188
0.13150644302368164
0.22986057400703433
0.19407314062118527
0.17891284823417664
0.1823761761188507
0.1930011808872223
0.1703377068042755
0.19682052731513977
0.1915207803249359
0.216427743434906
0.16080570220947263
0.23191604018211365
0.18485862016677856
0.18747437000274655
0.2280452251434326
0.20612949132919312
0.1622689664363861
0.20557251572608948
0.22052448987960813
0.20944410562515256
0.22796183824539185
0.15603291988372803
0.1753336787223816
0.18944028019905088
0.225851446390152
0.17041385173797607
0.18939390778541565
0.1989498734474182
0.1338087022304535
0.1638696789741516
0.2108335494995117
0.183112233877182
0.17922380566596985
0.2703196406364441
0.19497099518775937
0.21277767419815063
0.1597694456577301
0.18264830112457275
0.1911007463932037
0.21599167585372925
0.1498530805110931
0.172307550907135
0.18442356586456296
0.17328643798828125
0.18127548694610596
0.20348086953163144
0.20099011063575745
0.15024060010910034
0.19263428449630737
0.18045902252197263
0.18338382244110107
0.2237403094768524
0.21809273958206177
0.19570124149322507
0.1812143921852112
0.17588016390800476
0.15252089500427246
0.16389703750610352
0.20458832383155823
0.19423103332519528
0.1994372010231018
0.19438594579696652
0.1759372055530548
0.1895144283771515
0.2140968143939972
0.21719098091125488
0.19177362322807312
0.19234058260917664
0.17714610695838928
0.16478106379508972
0.18687620759010315
0.14643585681915283
0.1841805577278137
0.1771729588508606
0.18291431665420527
0.21537494659423828
0.1882158815860748
0.18573212623596191
0.18116262555122373
0.21348196268081665
0.19544401764869687
0.1935547888278961
0.18400532007217407
0.12794780731201172
0.18306660652160645
0.1786949038505554
0.2028961479663849
0.2061697542667389
0.1894764602184296
0.20009425282478327
0.20506188273429873
0.21228083968162537
0.14661243557929993
0.1815151572227478
0.21840095520019528
0.17262831330299375
0.19952458143234247
0.17877784371376035
0.20259341597557068
0.13722482323646543
0.2297484278678894
0.18941411375999448
0.12214614450931548
0.20439240336418152
0.17739078402519226
0.2255150675773621
0.14678040146827695
0.18880894780159
0.20486518740653992
0.17819634079933167
0.1474582552909851
0.1779595911502838
0.1463342010974884
0.13830354809761047
0.20908784866333008
0.21461021900177
0.19658833742141724
0.21992865204811096
0.21237739920616147
0.18412542343139648
0.17415925860404968
0.20397040247917173
0.2025395035743713
0.20452475547790527
0.20893579721450803
0.1729564666748047
0.19379842281341553
0.15336397290229797
0.18946024775505063
0.2373298406600952
0.17767992615699768
0.28364947438240046
0.228679358959198
0.2003783881664276
0.19618076086044312
0.15207558870315552
0.17955434322357175
0.17264482378959656
0.21982023119926447
0.1619214415550232
0.1835575699806213
0.2440222799777985
0.2121330499649048
0.19156041741371155
0.17323648929595947
0.21890419721603396
0.19315478205680847
0.1968025267124176
0.2297689318656921
0.20182567834854123
0.21557748317718503
0.15527880191802979
0.2241783440113068
0.1946735382080078
0.23855802416801447
0.2191821336746216
0.13085970282554626
0.15142372250556943
0.21716380119323728
0.18647345900535583
0.17242571711540222
0.19284620881080627
0.21981912851333615
0.1629306674003601
0.16983970999717712
0.18364956974983213
0.18133708834648127
0.17403730750083923
0.1611571907997131
0.20314612984657288
0.14678353071212769
0.2329873740673065
0.23588964343070984
0.20403251051902768
0.17745491862297058
0.1925660073757172
0.12205936759710312
0.2146490812301636
0.1910235285758972
0.2159588932991028
0.18223074078559875
0.19497418403625488
0.22187975049018857
0.20173346996307373
0.2276392877101898
0.1322248876094818
0.16737589240074155
0.13915279507637024
0.15379974246025083
0.23401376605033877
0.1991839408874512
0.18183958530426023
0.2052343785762787
0.16608762741088867
0.2131825089454651
0.18838766217231753
0.12608695030212402
0.1537647247314453
0.1735360026359558
0.22422170639038083
0.21800071001052856
0.18735650181770325
0.14935168623924255
0.1740996539592743
0.19017928838729856
0.1868024170398712
0.1956256926059723
0.1828191578388214
0.16969993710517883
0.20648401975631717
0.13120898604393005
0.2149822413921356
0.18632927536964417
0.20737782120704648
0.1791853904724121
0.19477009773254397
0.1827137768268585
0.19673210382461548
0.1763295531272888
0.223272442817688
0.20187750458717343
0.19141894578933716
0.14477422833442688
0.2022182643413544
0.16192379593849182
0.22632092237472531
0.18844860792160037
0.16494721174240112
0.2059904634952545
0.19886109232902527
0.12568172812461853
0.15642762184143066
0.21573388576507568
0.17221805453300476
0.20303162932395932
0.19645100831985476
0.22583240270614624
0.17215442657470703
0.18280288577079767
0.2650749981403351
0.1831510365009308
0.17214873433113098
0.18153652548789975
0.18985462188720703
0.17879840731620789
0.18113917112350464
0.17972597479820251
0.1840296685695648
0.2011074125766754
0.21536943316459653
0.19220012426376343
0.2007321119308472
0.196074903011322
0.2277851998806
0.24430081248283383
0.20200556516647336
0.1770278513431549
0.173624187707901
0.19410261511802676
0.19863674044609067
0.1382361352443695
0.17536258697509763
0.22330081462860107
0.18973299860954285
0.2151288390159607
0.2156829535961151
0.19909998774528503
0.18842512369155884
0.1764358282089233
0.16439220309257507
0.19998162984848025
0.2351040244102478
0.1910720467567444
0.1973825693130493
0.1740136742591858
0.1946088075637817
0.1647419035434723
0.1742514669895172
0.21419382095336917
0.22071239352226257
0.18064871430397036
0.19899573922157288
0.1655822992324829
0.16466277837753296
0.1831989586353302
0.16566914319992063
0.14263764023780823
0.19821155071258545
0.1825465261936188
0.19975316524505612
0.16781744360923767
0.185991644859314
0.19448822736740112
0.19619742035865784
0.22123461961746213
0.1898232698440552
0.1546359360218048
0.19515404105186465
0.2099493443965912
0.21046653389930725
0.176680326461792
0.20510971546173093
0.14816512167453763
0.227561354637146
0.15279221534729004
0.19887921214103696
0.19358575344085693
0.1974202990531921
0.1752154231071472
0.18765187263488767
0.15093952417373657
0.22409817576408383
0.21033406257629397
0.20466801524162287
0.1345958709716797
0.21544465422630313
0.1780080795288086
0.13616865873336792
0.1833483576774597
0.19465488195419312
0.21131992340087888
0.28744664788246155
0.18852755427360532
0.1645677387714386
0.21574562788009644
0.11621635407209396
0.20032054185867307
0.19054293632507324
0.18999311327934265
0.15283432602882385
0.145158052444458
0.18508508801460263
0.18681496381759644
0.24071702361106873
0.21124836802482605
0.22040358185768127
0.19451507925987244
0.21392646431922913
0.14884546399116516
0.16503912210464475
0.20068043470382688
0.20993199944496155
0.17693385481834412
0.1483778953552246
0.23211720585823056
0.15253496170043945
0.16562634706497192
0.20880469679832456
0.2282704710960388
0.21409440040588376
0.15315061807632446
0.17194628715515137
0.15888354182243347
0.1919405162334442
0.20235723257064817
0.1857503056526184
0.17422863841056824
0.12501534819602966
0.22732621431350708
0.19037064909935
0.17131474614143372
0.15899762511253357
0.21987056732177732
0.204163521528244
0.1796235740184784
0.19385024905204767
0.20152610540390012
0.19734188914299008
0.19658902287483213
0.1400254517793655
0.2475241720676422
0.186865359544754
0.211309552192688
0.21146667003631592
0.20429319143295288
0.24352180957794187
0.1450783610343933
0.20669713616371155
0.18343079090118408
0.21186494827270508
0.19769084453582764
0.19556957483291623
0.19313159584999084
0.16837066411972043
0.1994505226612091
0.17045751214027405
0.2127854824066162
0.1832125186920166
0.16219058632850647
0.17876222729682922
0.16159898042678833
0.18367406725883484
0.20854333043098447
0.1966190934181213
0.1687571406364441
0.21576112508773804
0.13713538646697998
0.20685288310050964
0.208427757024765
0.17690512537956235
0.2102082073688507
0.21199199557304385
0.17537924647331235
0.18763262033462524
0.20781090855598447
0.21369028091430664
0.2494831383228302
0.19914239645004272
0.20602738857269287
0.20508173108100888
0.23690763115882876
0.19190922379493716
0.18090349435806277
0.1843737363815308
0.21479985117912287
0.24885311722755432
0.23080801963806152
0.17975649237632751
0.20086365938186643
0.18774309754371643
0.19210407137870789
0.1813417077064514
0.2457434833049774
0.20758855342864993
0.18917331099510193
0.2115800976753235
0.2117098569869995
0.20019504427909848
0.18274384737014768
0.16750681400299072
0.1275149881839752
0.1980049014091492
0.19729116559028623
0.17835423350334167
0.2993070185184479
0.1978570818901062
0.1946636140346527
0.1756199598312378
0.18635249137878415
0.16182094812393188
0.1663677990436554
0.18417301774024963
0.2006746530532837
0.16899627447128296
0.23580473661422727
0.17098587751388547
0.20050013065338132
0.20309838652610776
0.1790868639945984
0.1894298791885376
0.1915246546268463
0.14707639813423157
0.09206352382898329
0.167629212141037
0.16858917474746704
0.18567791581153867
0.19326326251029968
0.2155102491378784
0.2130388021469116
0.14764130115509033
0.19631168246269223
0.22512489557266235
0.17497968673706055
0.21214541792869568
0.1728961169719696
0.17173710465431213
0.22301942110061643
0.13693878054618835
0.20285445451736447
0.18260672688484192
0.17562922835350037
0.18333849310874936
0.1787029206752777
0.18120065331459043
0.19623112678527832
0.2334408462047577
0.19748336076736447
0.19956347346305847
0.24018964171409607
0.2270134389400482
0.186599999666214
0.16386154294013977
0.2223876118659973
0.1525353491306305
0.13930930197238922
0.19287618994712827
0.2142553925514221
0.2045191526412964
0.22221040725708008
0.22001361846923828
0.208021342754364
0.20559570193290713
0.176810085773468
0.1902395784854889
0.183280885219574
0.21653446555137637
0.2430334985256195
0.15676060318946838
0.2164642810821533
0.18732228875160217
0.1929474771022797
0.22378113865852356
0.1966823935508728
0.2100532352924347
0.20111975073814392
0.19279813766479487
0.25920993089675903
0.25829726457595825
0.1229994148015976
0.1883195638656616
0.16037845611572263
0.2047486901283264
0.15100014209747314
0.1765086054801941
0.13954582810401917
0.1984318494796753
0.20046526193618772
0.1765269637107849
0.22583508491516116
0.2219257354736328
0.17983222007751465
0.17336830496788025
0.22684675455093384
0.21412378549575803
0.17558366060256958
0.17597070336341855
0.2174262702465057
0.1766204535961151
0.2118492424488068
0.13123261928558347
0.15179571509361267
0.2039465010166168
0.16360703110694885
0.20172196626663208
0.1934077441692352
0.2297343611717224
0.1992163062095642
0.1735302209854126
0.21562817692756647
0.18810102343559265
0.2273404896259308
0.15202757716178894
0.20186099410057068
0.1612015962600708
0.16214996576309204
0.17169028520584106
0.22275072336196897
0.15347358584403992
0.16856661438941956
0.1861427426338196
0.1704101264476776
0.20729154348373413
0.189706951379776
0.1744341254234314
0.23310744762420652
0.15726569294929504
0.23856911063194275
0.1907764971256256
0.19654715061187744
0.2123803198337555
0.22185856103897092
0.16176247596740723
0.2076329588890076
0.1793980598449707
0.2000531554222107
0.16190794110298157
0.24498581886291504
0.1825906932353973
0.1637757122516632
0.19266876578330996
0.2022990584373474
0.19122633337974548
0.1913567781448364
0.20478931069374084
0.118030346930027
0.206695020198822
0.2120642066001892
0.21282601356506348
0.19745534658432007
0.16794651746749875
0.1915808618068695
0.19635772705078125
0.2151276171207428
0.17738452553749084
0.2210505902767181
0.14164720475673676
0.21032986044883728
0.20285531878471372
0.16351053118705747
0.17831596732139587
0.21270588040351868
0.21857130527496335
0.18245768547058103
0.186926931142807
0.22619038820266724
0.22899687290191648
0.12554666399955747
0.1547788381576538
0.2257871627807617
0.19991520047187805
0.19138354063034055
0.2073015570640564
0.180751234292984
0.19998076558113095
0.2107432186603546
0.1813351213932037
0.22205829620361328
0.2051394283771515
0.15974381566047668
0.16675454378128052
0.2020816206932068
0.15402579307556152
0.15854981541633603
0.21465614438056943
0.18695041537284848
0.19811782240867612
0.14397764205932617
0.1756814420223236
0.1731293499469757
0.16334927082061768
0.22573238611221316
0.12466249614953993
0.2043602466583252
0.11921580135822296
0.19737538695335388
0.20782521367073056
0.20801451802253723
0.18328616023063657
0.2108493149280548
0.19259876012802124
0.1655651330947876
0.20809781551361084
0.20103418827056885
0.21779492497444153
0.1484869122505188
0.1863403022289276
0.17259296774864197
0.21034044027328488
0.19707542657852167
0.18967431783676147
0.18360066413879397
0.16042578220367432
0.21798649430274963
0.1543598771095276
0.2044065296649933
0.178135484457016
0.17655509710311887
0.17795133590698242
0.1834484338760376
0.19034707546234128
0.20857194066047668
0.1916405558586121
0.23010382056236267
0.14401790499687195
0.14715461432933807
0.16533061861991882
0.1690331399440765
0.16526681184768677
0.2281638979911804
0.1444339156150818
0.17472276091575623
0.1987591981887817
0.20001724362373352
0.16611504554748535
0.2103849947452545
0.18247893452644348
0.24637556076049805
0.21923705935478208
0.15549632906913757
0.16664424538612363
0.1879330277442932
0.182064026594162
0.1728920042514801
0.18696123361587524
0.20611780881881717
0.1851716637611389
0.16560211777687073
0.13907524943351743
0.15140795707702637
0.15691885352134705
0.1539069414138794
0.22264492511749268
0.18947851657867432
0.17921897768974304
0.18236300349235532
0.22872132062911987
0.20378413796424863
0.20180016756057736
0.18570652604103088
0.17003408074378967
0.243353933095932
0.1707213819026947
0.1605085730552673
0.19297796487808228
0.19389191269874567
0.18192893266677856
0.2156031429767609
0.1601894497871399
0.18994000554084775
0.1796477735042572
0.17826440930366516
0.1448548138141632
0.20663541555404663
0.2315777540206909
0.17115041613578796
0.1663549244403839
0.1944466531276703
0.2228355705738068
0.18879219889640808
0.20626935362815857
0.18318086862564087
0.20653048157691956
0.23954278230667117
0.11425070464611052
0.27629926800727844
0.2161550223827362
0.20169526338577273
0.1746139824390411
0.17854225635528564
0.19699695706367487
0.21247616410255432
0.1963199079036713
0.23192298412323
0.15748995542526245
0.19983544945716855
0.1487712860107422
0.197390615940094
0.2191366255283356
0.20519354939460757
0.14933061599731445
0.215494841337204
0.1761859953403473
0.17514941096305847
0.2040085792541504
0.16578617691993713
0.21865433454513547
0.1524616777896881
0.1868897378444672
0.20199105143547055
0.1662420630455017
0.21518492698669436
0.2146625816822052
0.1618092656135559
0.19773179292678836
0.18423086404800412
0.20743709802627563
0.20278191566467285
0.2181305885314941
0.18470433354377744
0.18408581614494324
0.171342670917511
0.17676326632499695
0.21057215332984924
0.17399612069129944
0.19369518756866452
0.20309665799140927
0.19082337617874143
0.21298587322235107
0.16751524806022644
0.20654574036598203
0.18653196096420288
0.21308845281600952
0.1863373816013336
0.16387560963630676
0.17820951342582703
0.14473068714141843
0.1785566210746765
0.16926777362823486
0.16534796357154846
0.16992276906967163
0.20311021804809568
0.15089595317840576
0.20825764536857605
0.14660379290580747
0.22292047739028928
0.1954321265220642
0.1900682747364044
0.18655338883399963
0.2777542769908905
0.18943947553634644
0.16424202919006348
0.1933368146419525
0.17890924215316772
0.20683631300926208
0.1864089667797089
0.1953601837158203
0.2004666328430176
0.19556397199630737
0.17771407961845395
0.15117737650871277
0.1478506624698639
0.2025660276412964
0.18643611669540405
0.1911519169807434
0.22290894389152527
0.16000917553901672
0.19541379809379575
0.14189016819000244
0.15448763966560364
0.2073601186275482
0.2423849105834961
0.21046444773674008
0.2144648730754852
0.1920435130596161
0.225003719329834
0.18024978041648865
0.23283609747886655
0.1821056604385376
0.1685582995414734
0.15621295571327207
0.2010911703109741
0.2026423811912537
0.17631906270980835
0.192541629076004
0.15027886629104614
0.20525383949279785
0.22181883454322812
0.1580016016960144
0.1871364116668701
0.1581386625766754
0.18520143628120425
0.23081672191619876
0.1906650364398956
0.1854795217514038
0.19423013925552368
0.1397310495376587
0.19723203778266904
0.1316920816898346
0.20500880479812625
0.19925004243850708
0.181924432516098
0.18428790569305417
0.17674040794372559
0.1933633089065552
0.1994144022464752
0.15903836488723755
0.17358389496803284
0.21766361594200132
0.17572787404060364
0.2142295837402344
0.15755850076675415
0.20392155647277832
0.1746969223022461
0.1631849110126495
0.12814545631408691
0.1858919858932495
0.1905919313430786
0.22897708415985107
0.193023681640625
0.1731278300285339
0.1625251471996307
0.14226743578910828
0.18933218717575076
0.15283867716789243
0.18195292353630063
0.1877213418483734
0.17023694515228271
0.1943077743053436
0.14456400275230408
0.1926401853561401
0.17687997221946716
0.27375105023384094
0.21316415071487424
0.18790611624717712
0.14212259650230408
0.2103588283061981
0.17291569709777832
0.2127893567085266
0.1750933825969696
0.180143803358078
0.1882135272026062
0.17576780915260315
0.2100587785243988
0.1740080714225769
0.17316585779190063
0.21469029784202573
0.17997288703918457
0.15796667337417603
0.17286700010299683
0.19646742939949036
0.2370228171348572
0.1932777166366577
0.16024163365364075
0.1959913074970245
0.1706465780735016
0.1702333092689514
0.16029635071754456
0.14566916227340698
0.15873312950134277
0.1805497705936432
0.13266485929489136
0.1628386676311493
0.18997314572334287
0.12347731739282608
0.1377771496772766
0.21431520581245425
0.23141261935234067
0.20911279320716855
0.16281750798225403
0.18889498710632324
0.14326769113540647
0.1442280113697052
0.1909189522266388
0.18627560138702393
0.20796209573745728
0.20085462927818296
0.2154386043548584
0.21840909123420715
0.15510427951812744
0.1772027611732483
0.26985421776771545
0.23512408137321472
0.18510770797729487
0.1891247630119324
0.20656207203865048
0.2079245150089264
0.16901081800460815
0.2134849727153778
0.22967642545700076
0.17514488101005554
0.1991810202598572
0.16006621718406677
0.17442357540130615
0.16602081060409543
0.13568219542503357
0.15813276171684265
0.16138547658920288
0.19676899909973145
0.21651968359947205
0.18824145197868347
0.15057218074798584
0.19495221972465515
0.18262436985969543
0.19635573029518127
0.18459683656692505
0.1923947036266327
0.20046350359916687
0.2078724503517151
0.19102665781974792
0.15024220943450928
0.2250867784023285
0.1680634319782257
0.202282190322876
0.20277127623558044
0.24872365593910217
0.1437915861606598
0.18673583865165713
0.23129525780677795
0.2014133334159851
0.23222351074218753
0.2044689655303955
0.17222824692726135
0.2148771584033966
0.2066825032234192
0.1806509494781494
0.1773826479911804
0.2150830626487732
0.17206707596778867
0.2449723482131958
0.1797736883163452
0.1523122787475586
0.2185124158859253
0.24300375580787656
0.22066563367843628
0.14362025260925293
0.21081238985061643
0.1910865604877472
0.1843717992305756
0.20597589015960693
0.14410950243473053
0.15587836503982544
0.22430455684661865
0.16661107540130615
0.1416896879673004
0.1713259518146515
0.2514565885066986
0.22778978943824768
0.12091169506311417
0.14074473083019257
0.21626457571983335
0.21827083826065063
0.17755386233329773
0.20908334851264956
0.20123836398124692
0.23345124721527097
0.1662680208683014
0.2634702920913696
0.19673427939414975
0.18752095103263852
0.16956204175949097
0.18124458193778992
0.24166005849838257
0.1936192810535431
0.17182111740112305
0.2007406949996948
0.20540255308151245
0.1811232268810272
0.1957845687866211
0.2015499770641327
0.2602114677429199
0.20823711156845087
0.20474928617477417
0.18404683470726013
0.14738088846206665
0.13880106806755063
0.19761353731155396
0.13372787833213806
0.14213114976882935
0.1730268895626068
0.1610414981842041
0.22042155265808103
0.1871609389781952
0.1977737545967102
0.17832762002944946
0.2189374268054962
0.2079019248485565
0.17368870973587036
0.19711506366729736
0.21187445521354675
0.2191029191017151
0.17958301305770874
0.21830546855926516
0.19078895449638367
0.19329762458801267
0.17856815457344055
0.2249857187271118
0.24343183636665344
0.24716973304748532
0.221851646900177
0.17903554439544675
0.20856040716171265
0.15715172886848447
0.13206222653388977
0.1941245794296265
0.13785687088966367
0.19561800360679624
0.17778071761131287
0.18848174810409543
0.20861947536468503
0.18544498085975647
0.17954841256141663
0.15619617700576782
0.23208788037300107
0.2125915288925171
0.1916161477565765
0.2093106508255005
0.19110915064811704
0.22179618477821353
0.21461278200149536
0.20755022764205927
0.20033732056617737
0.20078259706497192
0.20997312664985657
0.2112979590892792
0.19536358118057248
0.17634502053260803
0.20126152038574216
0.23299965262413025
0.17485684156417847
0.2021503746509552
0.2360169887542725
0.20369526743888852
0.17729926109313965
0.17171472311019895
0.13136973977088928
0.14898353815078735
0.2051547467708588
0.15471035242080688
0.2038542330265045
0.17383533716201782
0.1432497799396515
0.2314181327819824
0.21263545751571652
0.2106337547302246
0.19383880496025083
0.21411266922950745
0.20149677991867063
0.16802603006362915
0.2038222551345825
0.24916908144950864
0.18053245544433597
0.1960682272911072
0.130960613489151
0.1929133832454681
0.17244210839271543
0.19015467166900635
0.19229480624198916
0.19965344667434687
0.21749114990234372
0.19691464304924008
0.17694967985153198
0.2475514709949493
0.13976125419139862
0.14719732105731964
0.16330647468566895
0.20684072375297544
0.21064409613609317
0.20537433028221128
0.18844705820083615
0.1988109350204468
0.17897900938987732
0.1985209882259369
0.2379739880561829
0.16957437992095947
0.18944028019905088
0.15558499097824097
0.16220173239707947
0.1879654824733734
0.19776663184165957
0.20556893944740293
0.17381048202514648
0.2891175448894501
0.16965487599372864
0.17878296971321103
0.19954368472099304
0.24611383676528928
0.19646862149238584
0.2055389881134033
0.22275102138519287
0.17117148637771606
0.17344388365745544
0.22587284445762637
0.16401457786560059
0.24034172296524048
0.24009308218955996
0.22729405760765076
0.2529268264770508
0.14032131433486938
0.21750548481941223
0.1550416350364685
0.1579247415065765
0.19318628311157224
0.1840251386165619
0.2256689667701721
0.15757334232330322
0.17269572615623474
0.18442073464393613
0.19153448939323425
0.14454850554466248
0.19290572404861447
0.23414969444274905
0.2066631317138672
0.22575411200523376
0.2093362808227539
0.21009767055511477
0.1884762346744537
0.1916621029376984
0.20981398224830627
0.13273394107818604
0.20231428742408752
0.17292645573616028
0.19371297955513
0.21304401755332944
0.21331167221069333
0.24310666322708127
0.2043640911579132
0.121140219271183
0.1876201331615448
0.1928730309009552
0.20361164212226868
0.15578144788742063
0.20235455036163327
0.20781588554382324
0.12988343834877014
0.18074423074722287
0.16533347964286804
0.21010884642601013
0.24165484309196472
0.19630885124206543
0.18398573994636533
0.17599397897720337
0.17055588960647583
0.17544281482696533
0.19260925054550168
0.18767619132995603
0.1971893012523651
0.22217532992362976
0.1591227650642395
0.1577489674091339
0.16862043738365173
0.19747820496559143
0.24150770902633664
0.19204020500183103
0.1528511643409729
0.20945939421653748
0.17247718572616577
0.1575956344604492
0.19584575295448303
0.18146827816963196
0.19345152378082275
0.1516284346580505
0.1665516495704651
0.14416968822479248
0.1613299548625946
0.17475903034210205
0.1909660696983337
0.21568644046783447
0.1797301471233368
0.22301030158996585
0.19646552205085757
0.18548867106437683
0.20219898223876956
0.17881447076797485
0.17183268070220947
0.17844393849372864
0.18872195482254028
0.21312808990478516
0.17145109176635742
0.18260133266448972
0.1728927493095398
0.18351614475250244
0.14769494533538818
0.1970641911029816
0.15272745490074155
0.18075495958328247
0.17366144061088562
0.1709531545639038
0.2334930896759033
0.1636429727077484
0.15850430727005005
0.15316203236579895
0.18423184752464292
0.16036155819892883
0.18723154067993164
0.19420138001441956
0.11233315616846085
0.2437745034694672
0.19384872913360596
0.20630156993865967
0.16993212699890137
0.24533250927925107
0.21779727935791013
0.19021195173263547
0.18420913815498352
0.17515322566032407
0.1814012825489044
0.21062639355659485
0.2073139250278473
0.20105940103530884
0.18681225180625916
0.14327260851860046
0.20945060253143313
0.16304826736450195
0.19894713163375852
0.18438860774040225
0.17624983191490173
0.21248838305473328
0.1713871955871582
0.16397300362586975
0.17574530839920044
0.19314211606979367
0.18637990951538083
0.17420050501823425
0.17094159126281738
0.14481505751609802
0.23888611793518064
0.17585125565528867
0.18557551503181455
0.1827731132507324
0.16450241208076477
0.17773297429084775
0.196782648563385
0.19873660802841184
0.2084112763404846
0.21498629450798035
0.16073590517044067
0.17834070324897766
0.1945452094078064
0.20062148571014404
0.17061784863471985
0.17468753457069397
0.19556891918182373
0.26393628120422363
0.1634679138660431
0.14795488119125366
0.1523569822311401
0.18174076080322263
0.15736836194992063
0.17169266939163208
0.18294811248779297
0.21133509278297424
0.19233024120330808
0.17302262783050537
0.16800719499588013
0.18935257196426392
0.16217508912086487
0.16089266538619995
0.19752749800682068
0.18006622791290283
0.15444251894950867
0.1690535545349121
0.15974387526512146
0.17260682582855225
0.18777930736541748
0.183834046125412
0.15707466006278992
0.15434932708740234
0.18527197837829587
0.18176519870758057
0.1838296353816986
0.1938548982143402
0.21548542380332944
0.1685374677181244
0.16558662056922913
0.18765419721603396
0.19453930854797363
0.18916878104209897
0.17013633251190183
0.17208507657051086
0.14943629503250122
0.22464168071746823
0.1920650005340576
0.2203059494495392
0.18695995211601257
0.162489116191864
0.14117062091827393
0.2801021635532379
0.22053828835487363
0.22750982642173767
0.22902047634124756
0.18235903978347776
0.16648125648498535
0.15839770436286926
0.1718718707561493
0.16551190614700317
0.17750301957130432
0.1757349669933319
0.2043689489364624
0.2441471815109253
0.18292036652565
0.1963129937648773
0.17628824710845947
0.17626503109931943
0.17803162336349487
0.2553180456161499
0.18451732397079468
0.1667545735836029
0.16767850518226624
0.1827760338783264
0.15538102388381958
0.15753233432769775
0.242687851190567
0.2036503553390503
0.18245789408683777
0.2117728888988495
0.18109568953514096
0.16355487704277039
0.18622833490371704
0.1651252806186676
0.15055742859840393
0.17585685849189758
0.18966177105903623
0.17888784408569336
0.19083940982818604
0.1770155131816864
0.16047373414039612
0.15683215856552124
0.22325900197029117
0.21004825830459595
0.19519701600074768
0.17619070410728455
0.20511043071746823
0.20956021547317505
0.1917456090450287
0.1716884672641754
0.18799480795860288
0.20057541131973264
0.1723019778728485
0.1996867656707764
0.17640244960784912
0.1661440134048462
0.1884080469608307
0.201555609703064
0.1819882690906525
0.18108177185058597
0.19299849867820737
0.17864111065864563
0.19959384202957156
0.1773163378238678
0.18818527460098264
0.18361392617225647
0.21778082847595212
0.2201689779758453
0.13932174444198608
0.1507152020931244
0.1872538924217224
0.21688097715377808
0.15328094363212583
0.16973990201950073
0.20328542590141296
0.212397575378418
0.21012613177299497
0.20450875163078308
0.19772422313690183
0.26079151034355164
0.1823773980140686
0.20528393983840945
0.16873595118522644
0.1541959047317505
0.2073712348937988
0.21701815724372864
0.2648416757583618
0.1844964623451233
0.17698773741722107
0.20971134305000305
0.2022649645805359
0.1776483654975891
0.2251155376434326
0.15716496109962463
0.2027517855167389
0.24574583768844604
0.1946130990982056
0.16518962383270264
0.24593737721443176
0.1559409499168396
0.2229512333869934
0.2052190601825714
0.1788084506988525
0.14452806115150452
0.18610146641731265
0.1587611138820648
0.19417160749435425
0.1927887499332428
0.17257279157638547
0.17486143112182617
0.214631587266922
0.22729349136352536
0.17505744099617004
0.20148798823356628
0.17997547984123227
0.2047451138496399
0.18641945719718933
0.21309107542037964
0.195363849401474
0.14812639355659485
0.14374488592147827
0.21011140942573547
0.19174620509147644
0.1854003667831421
0.20401492714881897
0.19009795784950256
0.143846333026886
0.17271688580513
0.21212965250015256
0.1889512240886688
0.19494277238845825
0.1822039484977722
0.21645084023475647
0.218372106552124
0.19610634446144104
0.19072186946868896
0.16985556483268735
0.16408309340476987
0.24082276225090024
0.1728772222995758
0.20027610659599304
0.15613549947738647
0.14294618368148804
0.2374307215213776
0.2178722321987152
0.13916929066181183
0.2240213453769684
0.1882227063179016
0.20550864934921265
0.18790924549102783
0.18258690834045407
0.21595224738121033
0.19355037808418277
0.19733658432960513
0.14982882142066956
0.1981857717037201
0.207913339138031
0.2232987880706787
0.19936716556549072
0.18164753913879397
0.1830832660198212
0.1788809299468994
0.19652557373046875
0.1648675799369812
0.16707858443260193
0.17140436172485352
0.23994937539100647
0.1826575398445129
0.16898265480995178
0.1560109257698059
0.16324222087860107
0.2194155752658844
0.1635168492794037
0.2182462811470032
0.2117871642112732
0.1729569137096405
0.19810542464256287
0.2312816679477692
0.14012572169303894
0.20473060011863708
0.18172115087509155
0.158705472946167
0.17530721426010132
0.192751944065094
0.20346835255622864
0.14677366614341736
0.2004943490028381
0.18095803260803223
0.1621895432472229
0.21977707743644717
0.1950022578239441
0.15445443987846375
0.18468743562698364
0.20353248715400693
0.15036386251449585
0.16953739523887634
0.17838594317436218
0.16851168870925903
0.23826274275779724
0.14031276106834412
0.20394352078437805
0.2013128101825714
0.182117372751236
0.2295329570770264
0.1949270069599152
0.2168349325656891
0.16746363043785095
0.2069324254989624
0.14976736903190613
0.21479097008705136
0.19640681147575376
0.19030892848968503
0.15575119853019714
0.19944122433662412
0.20387133955955505
0.2238411605358124
0.15626659989356995
0.22525960206985476
0.2105577886104584
0.19344967603683472
0.21553179621696472
0.17357796430587769
0.1798613667488098
0.17080724239349365
0.1850127279758453
0.1985923647880554
0.1829669177532196
0.20485904812812805
0.20369240641593933
0.15601515769958496
0.15817108750343323
0.21079468727111816
0.2007986605167389
0.16790771484375
0.19597479701042173
0.17734268307685852
0.18018031120300287
0.19372516870498657
0.1962102949619293
0.20228439569473264
0.20229312777519223
0.2046375870704651
0.2082713544368744
0.1858257353305817
0.1578956842422485
0.21283817291259763
0.23914554715156555
0.19265380501747129
0.21992257237434387
0.16309818625450134
0.17357146739959717
0.21839869022369385
0.1970999240875244
0.18972375988960263
0.18132498860359192
0.1672796607017517
0.20348456501960757
0.16080230474472043
0.16025954484939575
0.17233172059059143
0.15429913997650146
0.20970848202705383
0.17673912644386292
0.20627930760383603
0.2266145944595337
0.16352593898773193
0.245247483253479
0.15555915236473083
0.18603378534317017
0.23834991455078125
0.1953445374965668
0.20968985557556152
0.22334152460098264
0.1518527865409851
0.20482787489891047
0.19419729709625244
0.14353570342063904
0.20038452744483948
0.166632741689682
0.149700790643692
0.1820639669895172
0.19524410367012024
0.2066425383090973
0.1664007306098938
0.19434732198715207
0.18472743034362793
0.2267822623252869
0.1754043996334076
0.1718299388885498
0.17573148012161255
0.22302395105361936
0.23240846395492556
0.1593923568725586
0.14516976475715637
0.20050194859504697
0.1698656976222992
0.19004392623901367
0.2154163718223572
0.2027073800563812
0.16606709361076355
0.24892050027847287
0.1881325840950012
0.21428439021110532
0.1787450015544891
0.16985398530960083
0.19035297632217407
0.14086860418319702
0.17713049054145813
0.18874332308769223
0.26124000549316406
0.21406948566436768
0.1641167104244232
0.16024404764175415
0.2056506872177124
0.21961489319801328
0.18268004059791565
0.1553036272525787
0.2174838185310364
0.13447846472263336
0.21746587753295896
0.21099385619163516
0.13963210582733154
0.23688626289367676
0.19376638531684875
0.21742287278175357
0.19896158576011655
0.17525935173034668
0.19646492600440976
0.20715096592903137
0.186397522687912
0.18387973308563232
0.20031490921974185
0.16594603657722473
0.1487278938293457
0.22162988781929016
0.18533945083618164
0.17727860808372495
0.1986374855041504
0.1569657027721405
0.1623249053955078
0.2070026397705078
0.18847706913948056
0.13837632536888123
0.22612097859382627
0.15843603014945984
0.24142256379127505
0.1706019341945648
0.22959926724433896
0.2060236930847168
0.15151888132095337
0.1955830156803131
0.18730694055557248
0.19876381754875183
0.24727445840835569
0.1700758934020996
0.21809267997741696
0.20530104637146
0.22023287415504453
0.17480963468551636
0.13735908269882202
0.1893950402736664
0.13326148688793182
0.18828505277633664
0.18278664350509644
0.1929301619529724
0.17348042130470276
0.16741204261779785
0.21118727326393127
0.21418136358261108
0.1850476562976837
0.18957111239433289
0.17730537056922913
0.15670999884605408
0.17467373609542847
0.1878834962844849
0.23368582129478452
0.12146397680044174
0.20685023069381717
0.16439694166183472
0.1967452168464661
0.187919557094574
0.1690813899040222
0.1697733998298645
0.15144211053848267
0.2106061577796936
0.1603657305240631
0.1167447119951248
0.17187771201133728
0.14829158782958984
0.13777771592140195
0.16906914114952087
0.1833232343196869
0.16858962178230283
0.20905157923698425
0.145738422870636
0.1553664207458496
0.21463897824287412
0.17006841301918027
0.15414291620254517
0.1429356038570404
0.1716822385787964
0.19279685616493225
0.2242647409439087
0.1861857771873474
0.1634504795074463
0.1879553496837616
0.18725445866584775
0.17303591966629028
0.13893339037895203
0.2064401209354401
0.1926579773426056
0.12608957290649414
0.23270589113235476
0.1736210286617279
0.2134707272052765
0.203127920627594
0.16943565011024475
0.14159217476844788
0.19491830468177795
0.13465863466262817
0.16433483362197876
0.18931475281715396
0.15458062291145325
0.1888117790222168
0.19672170281410217
0.20294106006622317
0.2320944666862488
0.1806054413318634
0.27251961827278137
0.237451046705246
0.20881405472755432
0.21823024749755857
0.17318570613861084
0.12792640924453735
0.16557633876800537
0.15345996618270874
0.1314581334590912
0.14134541153907776
0.21520355343818665
0.1978574097156525
0.1801338791847229
0.18535381555557248
0.14925397932529447
0.2106412649154663
0.17791447043418884
0.18235924839973447
0.21311870217323303
0.19632643461227417
0.17522397637367249
0.16010019183158875
0.22867918014526367
0.20803809165954587
0.18220168352127075
0.22882503271102905
0.2254003882408142
0.177573025226593
0.1312868297100067
0.20178723335266116
0.17718034982681274
0.18761315941810608
0.14934003353118896
0.2101362645626068
0.2064770758152008
0.18483373522758484
0.19800037145614624
0.17495208978652954
0.15707263350486755
0.13865026831626892
0.21058368682861328
0.20737633109092712
0.19536468386650083
0.2011636197566986
0.12338483333587646
0.18147760629653928
0.18422242999076843
0.13936032354831696
0.18242669105529785
0.1440030336380005
0.1822111904621124
0.14030662178993225
0.20562040805816648
0.17688074707984924
0.18691763281822205
0.1530892550945282
0.16555586457252502
0.1479996144771576
0.18634119629859924
0.21861523389816284
0.17323386669158936
0.1304730474948883
0.1659764051437378
0.17103880643844604
0.13758781552314758
0.22021630406379697
0.2255761027336121
0.20510360598564148
0.19280028343200684
0.15995934605598447
0.19106450676918027
0.14904770255088806
0.1971953511238098
0.1784859299659729
0.16005271673202515
0.18695992231369016
0.2085209488868713
0.15705463290214539
0.23787105083465576
0.1746617555618286
0.16512128710746765
0.18194788694381717
0.1397515684366226
0.1807861626148224
0.18175262212753293
0.19954469799995425
0.24035751819610596
0.11877287179231644
0.16300576925277707
0.20265111327171323
0.1793963611125946
0.20232954621315
0.20257943868637085
0.20177599787712097
0.17054980993270874
0.21944484114646912
0.1877182424068451
0.17435410618782043
0.18967941403388977
0.18768775463104248
0.14403650164604187
0.18391904234886167
0.1650881469249725
0.15776169300079343
0.1944189667701721
0.19672268629074097
0.16524627804756165
0.1935182809829712
0.16362550854682922
0.21072304248809812
0.24381390213966367
0.15804320573806763
0.1946791708469391
0.18961080908775327
0.14525562524795532
0.2234856486320496
0.208259791135788
0.2368703782558441
0.17422163486480713
0.1765273809432983
0.19510760903358457
0.21674281358718872
0.16534006595611572
0.22900906205177307
0.23012414574623108
0.2545186281204224
0.19653266668319705
0.21832519769668576
0.16126227378845215
0.16158246994018555
0.16904345154762268
0.16968587040901184
0.21593493223190308
0.23754668235778809
0.21404665708541873
0.1582556664943695
0.17074626684188843
0.1952572166919708
0.1498703956604004
0.20729333162307736
0.22912725806236267
0.161540150642395
0.22490638494491577
0.1392611265182495
0.20984238386154172
0.23500582575798035
0.17066189646720886
0.2023557424545288
0.1412530541419983
0.1938378214836121
0.1672632396221161
0.17150717973709106
0.16201642155647275
0.14139580726623535
0.18000414967536926
0.21473577618598935
0.23662886023521423
0.23520356416702273
0.2047836780548096
0.22493854165077207
0.248173862695694
0.22382250428199768
0.19137796759605408
0.20225343108177185
0.16581040620803833
0.20260435342788696
0.2075599431991577
0.16363900899887085
0.1483941674232483
0.15239110589027405
0.1979420781135559
0.19549515843391416
0.17787986993789673
0.21791890263557437
0.1887405514717102
0.21493706107139587
0.24703672528266904
0.22189143300056455
0.15539526939392087
0.22126942873001096
0.2080252170562744
0.2304174900054932
0.14973753690719604
0.20865514874458313
0.19483935832977292
0.21779254078865048
0.1639387309551239
0.21849578619003293
0.20660743117332456
0.14604339003562927
0.16189846396446228
0.18232595920562744
0.21236988902091977
0.21800583600997925
0.17215093970298767
0.13460741937160492
0.2076286673545837
0.176183819770813
0.17151561379432678
0.20739701390266416
0.13739794492721555
0.18829223513603208
0.1919507384300232
0.19308093190193176
0.15351945161819458
0.18102392554283145
0.2167169451713562
0.18975135684013367
0.2073994576931
0.1764322519302368
0.2200653553009033
0.21685686707496643
0.21050965785980225
0.1942524015903473
0.16164574027061462
0.20442891120910645
0.1435536742210388
0.20272961258888245
0.20181164145469663
0.21380120515823364
0.1542285978794098
0.18064936995506287
0.16390725970268247
0.20988997817039487
0.19982799887657163
0.18030902743339536
0.19522711634635925
0.22433382272720337
0.1970723271369934
0.2252395749092102
0.1481208503246307
0.1480659544467926
0.1978687047958374
0.15699833631515503
0.1854119300842285
0.18332096934318545
0.14666523039340973
0.16317075490951538
0.1625942885875702
0.18145394325256348
0.18645575642585757
0.21722629666328433
0.18503060936927795
0.20099180936813357
0.15727239847183228
0.15638136863708496
0.16298124194145203
0.1997077763080597
0.187662810087204
0.19758594036102292
0.18550541996955872
0.17003566026687622
0.17594605684280396
0.1834017038345337
0.18572723865509036
0.20469462871551516
0.19844114780426023
0.1912185251712799
0.18093362450599673
0.24516353011131287
0.19287812709808347
0.1956380605697632
0.13394111394882202
0.18461281061172485
0.20593699812889096
0.20135915279388428
0.1670999526977539
0.17425253987312317
0.16834378242492676
0.17472809553146362
0.16039982438087463
0.1827663481235504
0.16740095615386963
0.16377606987953186
0.19638907909393313
0.1493346095085144
0.17703405022621155
0.21399524807929993
0.190449982881546
0.20333063602447507
0.1759282648563385
0.18807527422904968
0.13439202308654785
0.17635580897331235
0.20910492539405823
0.2269607484340668
0.11980707198381424
0.14887461066246033
0.18836945295333865
0.17292055487632751
0.19059586524963376
0.17576658725738523
0.16230535507202148
0.20917731523513797
0.20811998844146729
0.1895102858543396
0.23865240812301636
0.1850086748600006
0.1662306785583496
0.18932268023490903
0.21125641465187073
0.20621827244758603
0.1959897577762604
0.1831025183200836
0.1862705647945404
0.19294312596321103
0.20124590396881104
0.16836485266685483
0.18778446316719052
0.2059888541698456
0.15556570887565613
0.1464150995016098
0.2145957052707672
0.1958581507205963
0.1601029932498932
0.1721477210521698
0.1930144131183624
0.20142930746078488
0.18333745002746585
0.19424042105674744
0.16949599981307983
0.21373435854911804
0.21548581123352048
0.1984284222126007
0.17886504530906677
0.19411364197731015
0.18005958199501035
0.19985559582710263
0.187021404504776
0.16860458254814148
0.20238652825355527
0.2083284854888916
0.23373517394065857
0.16737893223762512
0.2064594328403473
0.11962827295064926
0.1950005888938904
0.1630571484565735
0.17777046561241147
0.20488128066062927
0.160832941532135
0.16920381784439087
0.21760123968124387
0.13465747237205505
0.18521389365196228
0.17422059178352356
0.22946733236312863
0.2061371207237244
0.1762554943561554
0.14320601522922516
0.13121366500854492
0.1788446009159088
0.2075277268886566
0.12658989429473877
0.15362003445625305
0.222834587097168
0.21510493755340576
0.16990724205970764
0.18571797013282773
0.2248022258281708
0.14366644620895383
0.2190484702587128
0.17675992846488953
0.1770503520965576
0.1792011559009552
0.20505312085151672
0.2040463387966156
0.22590097784996033
0.21357429027557373
0.19482168555259705
0.1733742654323578
0.1590181589126587
0.1905643939971924
0.1831073760986328
0.200239896774292
0.22195926308631897
0.20516651868820193
0.25736725330352783
0.2574759423732757
0.19105470180511477
0.20039287209510803
0.1706389486789703
0.20293948054313657
0.20807483792304993
0.1763065755367279
0.18528765439987183
0.2000546753406525
0.20226001739501956
0.20849135518074036
0.16037949919700623
0.13726869225502014
0.1735304296016693
0.2472462952136993
0.17106324434280396
0.22917044162750244
0.21103256940841675
0.14705535769462583
0.16635707020759583
0.15540313720703125
0.21510329842567444
0.1958589851856232
0.16816410422325134
0.20157030224800107
0.18332749605178836
0.16699841618537903
0.20204710960388184
0.1914125382900238
0.2046480476856232
0.18602487444877625
0.2393507659435272
0.2238806188106537
0.1630520522594452
0.205053985118866
0.20032116770744324
0.18685120344161987
0.14178645610809326
0.23293027281761167
0.1761084496974945
0.1996982991695404
0.14656905829906464
0.12628233432769775
0.1696692407131195
0.2101995348930359
0.19893717765808103
0.2205924689769745
0.22882813215255737
0.1728752851486206
0.1276293098926544
0.19600155949592593
0.18642601370811465
0.21839094161987305
0.17619276046752927
0.1858329474925995
0.23460158705711365
0.16525191068649292
0.20138707756996155
0.16555377840995789
0.15776160359382627
0.15342238545417783
0.1641702651977539
0.1535954177379608
0.1529332399368286
0.18329188227653503
0.20523911714553836
0.19744256138801572
0.1686895191669464
0.19332000613212583
0.17478984594345093
0.22982949018478396
0.1524360477924347
0.21111369132995603
0.1750003695487976
0.1761251986026764
0.21111074090003967
0.22806105017662048
0.19806811213493347
0.217312753200531
0.18396899104118347
0.1952270269393921
0.1890907883644104
0.18469792604446408
0.1935909688472748
0.16870620846748352
0.1664812862873077
0.18418392539024356
0.1823536157608032
0.20450711250305173
0.2226479947566986
0.1399986147880554
0.12986652553081512
0.16834643483161926
0.1792311668395996
0.18852579593658447
0.15807512402534485
0.21273884177207944
0.20340317487716675
0.18777641654014587
0.2252187132835388
0.20660027861595157
0.23380622267723083
0.1471444070339203
0.17922756075859067
0.20209100842475888
0.17567259073257446
0.22379046678543088
0.1814323663711548
0.201465517282486
0.17064550518989563
0.190633088350296
0.197331964969635
0.19381991028785703
0.19087514281272888
0.22022196650505063
0.2243332266807556
0.15270966291427612
0.1979471445083618
0.16924118995666504
0.2199885845184326
0.15603503584861755
0.183931827545166
0.1692162454128265
0.21131891012191767
0.15700829029083252
0.16858497262001035
0.23490124940872192
0.23409298062324524
0.157041996717453
0.2343498766422272
0.1613998711109161
0.17025279998779297
0.20709052681922913
0.19113570451736447
0.17258775234222412
0.2070973515510559
0.20024198293685916
0.2051867246627808
0.21754163503646848
0.21893271803855896
0.1548384726047516
0.20368656516075132
0.22028425335884091
0.2231919467449188
0.1730048656463623
0.19826889038085935
0.14045622944831848
0.2355250418186188
0.14806604385375977
0.13503678143024445
0.19618752598762512
0.19755461812019348
0.19785806536674497
0.1829148232936859
0.1970556676387787
0.19351294636726377
0.2001638114452362
0.2397312819957733
0.17436903715133667
0.1647266447544098
0.21238720417022705
0.18251565098762512
0.23274418711662287
0.15956434607505798
0.20278814435005188
0.17701923847198486
0.1979252398014069
0.1706176400184631
0.13824054598808289
0.1904526054859161
0.18717986345291135
0.1614090800285339
0.2038765847682953
0.19195255637168884
0.20284348726272583
0.21061185002326965
0.1715376377105713
0.2115614414215088
0.18640252947807312
0.19357529282569885
0.17843022942543027
0.22452637553215024
0.22364944219589236
0.142769917845726
0.21739187836647036
0.2019316852092743
0.17948544025421143
0.1480649709701538
0.18811547756195068
0.14817503094673157
0.20281901955604556
0.16210848093032837
0.2522178888320923
0.16769534349441528
0.17916274070739746
0.20650750398635864
0.20096206665039065
0.1806793510913849
0.2077406942844391
0.1559004783630371
0.18373960256576535
0.21180641651153564
0.23629355430603027
0.1862415373325348
0.14236532151699066
0.20062860846519473
0.19393420219421384
0.1879443526268005
0.18937507271766665
0.2039157748222351
0.19609019160270688
0.20517966151237488
0.2071884572505951
0.21949681639671323
0.17226213216781616
0.17893734574317932
0.21324628591537476
0.16076180338859558
0.1988655924797058
0.19143146276474
0.19037660956382751
0.17373549938201904
0.18116995692253113
0.1513662338256836
0.18259567022323608
0.1892281472682953
0.1677112579345703
0.17787316441535947
0.19382750988006592
0.18693009018898007
0.19774779677391047
0.2274689674377441
0.1785736382007599
0.18601620197296145
0.22722402215003967
0.20253232121467593
0.209254652261734
0.21860006451606753
0.1849383115768433
0.149334579706192
0.18738928437232968
0.18785768747329712
0.18446156382560727
0.2545281648635864
0.15079784393310547
0.11965740472078323
0.20909258723258967
0.2006032764911652
0.20662024617195127
0.18713489174842837
0.18734085559844968
0.14700785279273987
0.1509457230567932
0.18423858284950256
0.2219000458717346
0.21759381890296936
0.17859181761741638
0.1494416892528534
0.16282308101654053
0.1671069860458374
0.1870109736919403
0.19934898614883423
0.21720945835113523
0.23563948273658752
0.19753548502922055
0.1952069401741028
0.15852096676826477
0.16260793805122375
0.19901216030120847
0.18107646703720087
0.1857890784740448
0.17974668741226196
0.22669756412506104
0.170166015625
0.21977376937866208
0.22615587711334229
0.21101051568984985
0.2145524024963379
0.1997593939304352
0.15951788425445557
0.17151036858558655
0.1839430034160614
0.20140111446380612
0.185883492231369
0.2278185486793518
0.18125492334365845
0.2181984186172485
0.21080493927001956
0.1954415738582611
0.17535483837127683
0.14648905396461487
0.1966620683670044
0.1703971028327942
0.19667109847068784
0.1955053806304932
0.1954288482666016
0.2273094356060028
0.2319045960903168
0.20783710479736328
0.16588786244392395
0.24265286326408383
0.17236918210983276
0.19225230813026428
0.19871321320533752
0.22251835465431213
0.161446213722229
0.19914916157722476
0.15262404084205627
0.20680207014083865
0.24812167882919312
0.16116705536842346
0.2207566201686859
0.21020498871803284
0.19343948364257807
0.16494998335838315
0.1735827922821045
0.1707271039485931
0.21186691522598264
0.17835253477096555
0.23434063792228696
0.2368278801441193
0.20198294520378113
0.19702404737472531
0.23074606060981753
0.18545222282409668
0.21168339252471924
0.2017657160758972
0.22227174043655396
0.2629820704460144
0.1666968464851379
0.2179381549358368
0.17577409744262695
0.17571863532066345
0.1601126492023468
0.19478923082351685
0.20376840233802795
0.16777026653289795
0.1572819948196411
0.219877690076828
0.18658950924873352
0.17125514149665833
0.22119772434234616
0.16767346858978271
0.18577542901039124
0.19977858662605283
0.181771457195282
0.16239559650421143
0.16300445795059204
0.1870627403259277
0.19769132137298584
0.16399559378623962
0.2111797034740448
0.18967843055725095
0.26321980357170105
0.16384971141815183
0.19654148817062375
0.212592214345932
0.14975431561470032
0.13772401213645935
0.2493342757225037
0.200764924287796
0.18109977245330808
0.24405205249786377
0.15124601125717163
0.18040499091148376
0.1548444628715515
0.15306979417800903
0.23967245221138
0.20975831151008603
0.17636170983314514
0.13443705439567563
0.20372009277343753
0.17865467071533203
0.1751592755317688
0.2150217294692993
0.21736156940460205
0.22335138916969297
0.20429933071136477
0.13977134227752683
0.11954346299171448
0.16372179985046387
0.1932295858860016
0.14635884761810303
0.19654887914657593
0.1799609363079071
0.1722944676876068
0.17422866821289062
0.19226133823394773
0.23776137828826904
0.16475981473922727
0.17539700865745544
0.15522760152816772
0.16424766182899475
0.18379190564155576
0.17117205262184143
0.14016631245613098
0.1674046814441681
0.16089218854904175
0.2077710926532745
0.251836895942688
0.18465247750282288
0.16037330031394958
0.2146587669849396
0.1537778675556183
0.18954184651374817
0.22236526012420652
0.21693232655525208
0.20168185234069824
0.20178586244583127
0.20799580216407773
0.18459716439247129
0.22439149022102356
0.2488124966621399
0.19365179538726807
0.22096624970436096
0.18453204631805417
0.18965488672256467
0.1482471227645874
0.20459413528442383
0.20405545830726624
0.136945903301239
0.198466032743454
0.19458869099617004
0.195635199546814
0.15040439367294312
0.2147711515426636
0.17389583587646484
0.22538092732429504
0.17955192923545835
0.18163710832595825
0.18721798062324524
0.1793370246887207
0.23696225881576535
0.14731988310813904
0.14389455318450928
0.20685607194900513
0.14804185926914215
0.2328174114227295
0.18936547636985776
0.20064127445220947
0.2034347951412201
0.17295360565185547
0.17266109585762024
0.15761145949363708
0.2306242287158966
0.17965078353881836
0.1831521987915039
0.23000839352607727
0.183257669210434
0.16570580005645752
0.2192813456058502
0.19180691242218015
0.1528875231742859
0.14905156195163727
0.16664978861808777
0.21374812722206116
0.19765529036521912
0.1956258714199066
0.2249806523323059
0.20355847477912903
0.21375432610511777
0.1742977797985077
0.1903259754180908
0.19721466302871704
0.2128436267375946
0.23167833685874936
0.16098174452781677
0.22279998660087583
0.19109758734703064
0.19543218612670896
0.17982584238052368
0.19732302427291873
0.17442286014556885
0.14391066133975983
0.21938762068748477
0.16644021868705747
0.20429164171218872
0.1722666621208191
0.1760658621788025
0.146135151386261
0.22441884875297544
0.20138856768608093
0.23038798570632932
0.20869240164756772
0.13603654503822327
0.20747676491737363
0.19600448012351987
0.2032451033592224
0.2214700877666473
0.19313025474548337
0.20516604185104367
0.1596742272377014
0.13536255061626434
0.18229299783706665
0.17191690206527707
0.1654457449913025
0.21195644140243527
0.19822078943252563
0.18540522456169128
0.19245091080665588
0.26824936270713806
0.217409610748291
0.21736502647399905
0.20245403051376343
0.2172798216342926
0.1728101670742035
0.15093615651130676
0.19058752059936523
0.189393013715744
0.2103696167469025
0.13411709666252136
0.2309489548206329
0.1776982843875885
0.19819647073745728
0.16462397575378415
0.21046718955039975
0.19126263260841367
0.18016839027404785
0.2103047966957092
0.18829402327537537
0.16511639952659607
0.21868199110031128
0.19378525018692017
0.22421541810035703
0.162199467420578
0.16157913208007812
0.21467471122741696
0.20658078789711
0.21287369728088376
0.1876711547374725
0.20004081726074216
0.15570709109306335
0.21703737974166873
0.1841062307357788
0.19108155369758603
0.20110842585563657
0.19128066301345825
0.1751166582107544
0.19832488894462583
0.22960820794105527
0.19294044375419617
0.19580695033073425
0.21981355547904968
0.1975919008255005
0.2053966522216797
0.24228036403656003
0.1873189210891724
0.1890980303287506
0.21200579404830927
0.21938693523406985
0.1952906847000122
0.15913158655166623
0.2212234735488892
0.2104744613170624
0.16307127475738523
0.15416628122329712
0.2231076955795288
0.1716616451740265
0.2315179109573364
0.19598117470741272
0.21833389997482297
0.22147566080093384
0.16947144269943237
0.2609368562698364
0.18963128328323364
0.18149080872535703
0.16221380233764648
0.15816959738731384
0.2113475799560547
0.15220066905021667
0.18959915637969968
0.17067694664001465
0.14983931183815002
0.1575661599636078
0.19444957375526428
0.19580307602882385
0.1529695689678192
0.23109799623489377
0.12921366095542908
0.19293442368507385
0.2116475701332092
0.20633870363235476
0.17586851119995117
0.21175438165664673
0.18328306078910828
0.22904202342033383
0.2322903275489807
0.21701440215110776
0.17563319206237793
0.12005004286766052
0.1920534074306488
0.19996461272239685
0.20977333188056943
0.17379868030548096
0.1561327576637268
0.16947463154792783
0.13234293460845947
0.18591460585594177
0.1781735122203827
0.16964036226272583
0.19190493226051328
0.1595737338066101
0.12452971190214156
0.1778651475906372
0.15806937217712402
0.21100172400474548
0.2239188849925995
0.2318435609340668
0.22070235013961792
0.1751079261302948
0.18634355068206787
0.21870264410972595
0.1367667019367218
0.18976551294326785
0.20475795865058896
0.24398797750473025
0.19346722960472104
0.17551809549331665
0.17574289441108704
0.2088051438331604
0.20277792215347287
0.22064182162284848
0.1941141486167908
0.2291261851787567
0.220137357711792
0.2129443883895874
0.202179491519928
0.20653703808784485
0.15231242775917053
0.15773600339889526
0.20959606766700745
0.19204461574554443
0.20365837216377256
0.15980038046836853
0.22437092661857605
0.16378340125083923
0.2326463460922241
0.16326892375946045
0.17401087284088135
0.19783189892768857
0.18097516894340515
0.19050896167755127
0.15393000841140747
0.2005983889102936
0.18479102849960327
0.14706841111183167
0.18380549550056455
0.20659562945365903
0.1837099492549896
0.22992345690727237
0.2137625515460968
0.1801103949546814
0.19198027253150937
0.20977091789245603
0.15780100226402283
0.13100439310073853
0.18727406859397888
0.16398772597312927
0.16215816140174863
0.19972571730613708
0.20043441653251648
0.20467248558998108
0.2277340590953827
0.1636604070663452
0.17514753341674805
0.20494374632835388
0.2054277062416077
0.1629418432712555
0.18653839826583865
0.20918640494346616
0.2028886675834656
0.18324652314186096
0.19889649748802185
0.1943267285823822
0.19693100452423093
0.2078060209751129
0.17997896671295166
0.21123516559600833
0.2429812252521515
0.1872185468673706
0.20819610357284543
0.18523836135864255
0.17843440175056455
0.14393013715744019
0.18631955981254575
0.23262494802474973
0.1583530306816101
0.17599499225616455
0.21316951513290405
0.17580664157867432
0.20580974221229556
0.1671297550201416
0.21028345823287964
0.20381075143814087
0.23641321063041687
0.21976450085639956
0.1878446042537689
0.1321197748184204
0.2018892765045166
0.2184360325336456
0.21062335371971128
0.18507340550422668
0.1597869098186493
0.14802312850952148
0.17303073406219482
0.15003004670143127
0.1863405406475067
0.17577221989631653
0.18640646338462827
0.15237173438072205
0.20946860313415527
0.21340832114219663
0.1259520947933197
0.14011624455451965
0.18989831209182736
0.1363302618265152
0.1849550008773804
0.20177215337753293
0.15258407592773435
0.19259232282638547
0.15740570425987244
0.21454939246177676
0.22235816717147827
0.18801283836364743
0.21237555146217343
0.22939079999923703
0.20140621066093445
0.2004345655441284
0.21413975954055783
0.13854387402534485
0.2645445764064789
0.15390190482139587
0.2021330296993256
0.21464824676513672
0.2029032111167908
0.261240690946579
0.1803279519081116
0.1572343409061432
0.21657094359397888
0.1559152901172638
0.18580791354179385
0.1737566590309143
0.2263067364692688
0.21821630001068115
0.18744802474975583
0.16720065474510193
0.18823680281639096
0.221518874168396
0.2340514063835144
0.1923034191131592
0.20296043157577515
0.2285224199295044
0.217380166053772
0.17651435732841492
0.15402448177337646
0.21618297696113584
0.1409359574317932
0.16509246826171875
0.20845136046409607
0.15957775712013245
0.18216660618782043
0.2277171015739441
0.19663044810295105
0.19939240813255313
0.2174322009086609
0.18922558426856995
0.20090606808662412
0.22344863414764404
0.23581984639167783
0.1656286120414734
0.21830177307128903
0.1877887547016144
0.2281181216239929
0.20493969321250916
0.20038360357284543
0.2175524830818176
0.216650664806366
0.21058088541030884
0.1825406849384308
0.17974451184272766
0.20177918672561643
0.16381186246871948
0.17901816964149475
0.16980278491973877
0.22821074724197388
0.151877224445343
0.15996593236923215
0.1960361301898956
0.19744050502777097
0.1895430684089661
0.16929489374160767
0.1557255983352661
0.1784267425537109
0.2136824131011963
0.2106565237045288
0.1444512903690338
0.17502921819686887
0.17904800176620483
0.21375027298927307
0.1863616704940796
0.1846400797367096
0.2207933068275452
0.152665913105011
0.23923093080520627
0.1746198832988739
0.225357323884964
0.18977805972099304
0.17662093043327332
0.19617679715156555
0.25134992599487305
0.18130785226821897
0.19661998748779297
0.18433716893196103
0.14842891693115234
0.19898250699043277
0.1650353372097015
0.22063171863555908
0.2105198800563812
0.16497904062271118
0.16850069165229797
0.150720477104187
0.2029818296432495
0.1741446554660797
0.21217393875122073
0.17329388856887817
0.21546560525894165
0.1997846066951752
0.17430227994918823
0.1740673780441284
0.17287766933441162
0.1964389383792877
0.19568485021591184
0.16753941774368286
0.18508157134056089
0.17521405220031738
0.1989900469779968
0.2004095017910004
0.20975980162620544
0.18248474597930908
0.19660988450050357
0.2329857349395752
0.15872177481651306
0.17501723766326904
0.2003939151763916
0.23669615387916565
0.16326647996902463
0.1656491458415985
0.1829708218574524
0.20526769757270807
0.18284180760383603
0.1966756582260132
0.1408180296421051
0.19612556695938113
0.20759761333465576
0.20239621400833127
0.15805083513259888
0.21365866065025327
0.18799355626106265
0.2476663589477539
0.20476830005645752
0.18820324540138245
0.21426862478256223
0.21369457244873047
0.15475982427597043
0.18386974930763245
0.21721127629280088
0.19519490003585813
0.1920192837715149
0.14128601551055908
0.17165780067443848
0.1979243755340576
0.2176949381828308
0.1447625458240509
0.19317945837974548
0.25000789761543274
0.16822844743728635
0.2027857601642609
0.20615079998970032
0.16348052024841309
0.23607128858566284
0.15935444831848145
0.23989540338516235
0.16933974623680115
0.14849054813385007
0.22623172402381897
0.19974809885025024
0.19817873835563657
0.16292712092399597
0.1531076729297638
0.1794278919696808
0.18918371200561523
0.14767169952392578
0.1816711127758026
0.19288697838783264
0.2593376338481903
0.1953456997871399
0.18977043032646176
0.17074233293533325
0.22307464480400083
0.21256193518638608
0.19681662321090695
0.16958466172218323
0.22526264190673828
0.2044001817703247
0.24140071868896484
0.2007271647453308
0.213320255279541
0.16372334957122803
0.2028420567512512
0.18903544545173645
0.21563059091567996
0.20578259229660037
0.2397103309631348
0.1813907623291016
0.22214943170547485
0.22011059522628784
0.17978104948997495
0.17492875456809995
0.2072690725326538
0.20095634460449216
0.18012657761573792
0.21593648195266724
0.18319487571716309
0.24075284600257876
0.2137151658535004
0.16537615656852722
0.15245294570922852
0.20004081726074216
0.2191835343837738
0.16516056656837463
0.20551326870918277
0.22523921728134155
0.17759427428245544
0.10586721450090408
0.20751875638961792
0.19853785634040833
0.18874445557594297
0.19956630468368527
0.1604999303817749
0.1796998679637909
0.16318318247795105
0.1862230896949768
0.22445809841156003
0.1577673852443695
0.15417417883872983
0.20030337572097776
0.2110632359981537
0.18539178371429443
0.19553709030151367
0.18216913938522336
0.1935870945453644
0.21506106853485107
0.24319836497306824
0.1713986098766327
0.15119111537933347
0.15633514523506165
0.197403222322464
0.20038160681724548
0.232903391122818
0.19274762272834775
0.19795954227447507
0.21007660031318665
0.19170260429382324
0.21848830580711365
0.23824024200439453
0.20225104689598083
0.1657300889492035
0.19849056005477905
0.17107155919075012
0.16277223825454712
0.14057090878486633
0.2068844437599182
0.26163706183433527
0.205719918012619
0.1898338198661804
0.1876091361045837
0.22349202632904047
0.1804024875164032
0.18136143684387207
0.1354773640632629
0.15741729736328125
0.16718178987503052
0.2032122015953064
0.18977537751197812
0.174534410238266
0.20937860012054443
0.22876447439193723
0.21411544084548953
0.2065885961055756
0.16971653699874875
0.18282657861709595
0.15278178453445435
0.1649647057056427
0.19799456000328064
0.16561031341552734
0.2054540514945984
0.16816425323486328
0.140156090259552
0.2253146469593048
0.1618635058403015
0.17231422662734985
0.20260268449783325
0.19586199522018433
0.19816577434539795
0.1713915169239044
0.22470113635063169
0.1894773840904236
0.19548478722572327
0.18007108569145203
0.21059757471084595
0.20424160361289975
0.16370949149131775
0.17506995797157288
0.18823474645614624
0.23740854859352112
0.17233118414878845
0.220612496137619
0.2176319658756256
0.24013200402259824
0.1924371123313904
0.19476923346519473
0.20306718349456787
0.19187346100807187
0.18050184845924375
0.21918827295303345
0.1891218721866608
0.1834474205970764
0.2044605016708374
0.1363670527935028
0.17031171917915344
0.21587920188903809
0.17133411765098572
0.21013200283050537
0.13795265555381775
0.19880047440528867
0.17398822307586667
0.19951286911964417
0.20472005009651184
0.15647986531257627
0.19619661569595337
0.21443927288055417
0.19656264781951904
0.2252679467201233
0.21832147240638727
0.18248623609542847
0.19198325276374817
0.1719971001148224
0.1184525191783905
0.17825883626937866
0.19375327229499817
0.15721789002418518
0.15959814190864563
0.17195260524749756
0.21139168739318848
0.18103504180908203
0.17315542697906494
0.1817881464958191
0.19471099972724917
0.146029531955719
0.1729905903339386
0.19588094949722287
0.2645011246204376
0.19582140445709229
0.19934964179992676
0.22218686342239377
0.18013057112693787
0.17489486932754517
0.13861721754074097
0.20838746428489685
0.2129954695701599
0.17976114153862
0.2272844910621643
0.18639895319938657
0.1898535192012787
0.19805496931076047
0.17405074834823608
0.1773431897163391
0.2272477149963379
0.2141742408275604
0.162070631980896
0.19847980141639707
0.1681508421897888
0.19629964232444763
0.13038069009780884
0.18332946300506592
0.17113548517227173
0.18967241048812863
0.21382495760917664
0.14517727494239807
0.2089659869670868
0.18612223863601685
0.26423636078834534
0.21285355091094968
0.17185193300247192
0.16495046019554138
0.15401500463485715
0.20529362559318545
0.2084118127822876
0.1628713607788086
0.18053287267684937
0.1896025836467743
0.2161352336406708
0.18768644332885745
0.17541366815567017
0.16694104671478271
0.1761271357536316
0.1870335042476654
0.1497569978237152
0.195005863904953
0.1941621899604797
0.1564529836177826
0.2129099667072296
0.2019749581813812
0.15027734637260437
0.2215286195278168
0.2235124707221985
0.21539944410324097
0.16642114520072937
0.18391552567481995
0.17901736497879028
0.1985023021697998
0.21098431944847104
0.17024433612823486
0.21073427796363833
0.1581350564956665
0.2150043547153473
0.1322157084941864
0.2039610743522644
0.20379638671875
0.14974629878997803
0.23097956180572507
0.21197146177291873
0.17685842514038083
0.1546802520751953
0.20383933186531064
0.21616607904434204
0.14209511876106262
0.15612956881523132
0.15959811210632324
0.18099355697631836
0.2017686665058136
0.19919988512992856
0.19577422738075256
0.20351281762123108
0.17001911997795105
0.20842653512954712
0.16307353973388672
0.19872942566871643
0.19741144776344297
0.18939056992530823
0.22407439351081848
0.15679743885993955
0.17424559593200684
0.17858341336250305
0.20655435323715207
0.25974583625793457
0.14766269922256467
0.1841117739677429
0.1949434578418732
0.1770746409893036
0.1368192434310913
0.184601366519928
0.17607215046882627
0.18553885817527768
0.19659280776977536
0.18547463417053223
0.2107170820236206
0.20872709155082703
0.21948811411857605
0.18195772171020508
0.1567012071609497
0.16608896851539612
0.16073638200759888
0.1656215786933899
0.19711801409721372
0.21610257029533383
0.23223325610160828
0.24206301569938657
0.1650334000587463
0.16256862878799438
0.20943599939346316
0.193457692861557
0.13973698019981384
0.21215605735778809
0.16956564784049988
0.1868903934955597
0.1999511122703552
0.17068415880203247
0.2066120207309723
0.22655659914016724
0.18454077839851377
0.17893776297569275
0.24067071080207825
0.12908068299293518
0.16836464405059814
0.20829728245735168
0.1783682405948639
0.2055160105228424
0.18302667140960693
0.18385648727416992
0.20298174023628235
0.22089803218841553
0.1909871995449066
0.20387557148933408
0.15531715750694275
0.1992736458778381
0.212667852640152
0.1497238278388977
0.22268745303153992
0.16079315543174744
0.15113458037376404
0.17097267508506775
0.2352304756641388
0.15886977314949036
0.20442745089530945
0.1624402105808258
0.19837021827697757
0.22722002863883967
0.1965913474559784
0.189179003238678
0.18972080945968628
0.21771872043609616
0.12716796994209287
0.23468482494354248
0.22392430901527405
0.19572269916534424
0.1911241710186005
0.2451598048210144
0.21485289931297305
0.17718365788459775
0.2131696939468384
0.19232621788978577
0.20993399620056152
0.22815689444541928
0.2094736993312836
0.20107734203338623
0.2147292196750641
0.1432089805603027
0.1672854721546173
0.18556016683578488
0.1727508306503296
0.16240829229354858
0.20193663239479065
0.20152023434638977
0.1798468828201294
0.2049008011817932
0.21077290177345276
0.20930516719818115
0.21367138624191284
0.1673126518726349
0.19712737202644348
0.20465394854545596
0.21448811888694763
0.20029598474502563
0.2307295799255371
0.22328200936317444
0.18873390555381772
0.20811283588409424
0.18646040558815
0.17639097571372983
0.21061953902244568
0.1656082570552826
0.20602428913116452
0.17034468054771423
0.20974671840667725
0.23834869265556333
0.1838572323322296
0.178347110748291
0.19485610723495483
0.1905047297477722
0.13948729634284973
0.1886655688285828
0.24110296368598935
0.18611609935760495
0.1449073851108551
0.1985704600811005
0.20245489478111267
0.1832909882068634
0.24518248438835144
0.18645119667053223
0.13295495510101318
0.1605125069618225
0.2019541561603546
0.1661756336688995
0.17026451230049133
0.20816257596015927
0.21131354570388797
0.22778066992759705
0.18261179327964783
0.1812421083450317
0.1389079988002777
0.17986458539962769
0.19056165218353271
0.17626634240150452
0.22446408867836
0.18296456336975095
0.15081697702407837
0.2011709809303284
0.19271594285964963
0.1604325175285339
0.19068685173988345
0.1880221664905548
0.1868348717689514
0.18183597922325132
0.1687108278274536
0.1811988055706024
0.193487286567688
0.14158296585083008
0.165817528963089
0.2225572764873505
0.21841508150100708
0.12184031307697296
0.18998941779136655
0.17653784155845642
0.1994726061820984
0.17819175124168396
0.2057999670505524
0.18771860003471372
0.13882991671562195
0.12075798213481904
0.17350292205810547
0.2189955711364746
0.2035687267780304
0.23829230666160583
0.21044567227363584
0.12451144307851791
0.1806456744670868
0.21957129240036008
0.1668223142623901
0.15414363145828247
0.18376299738883967
0.18063196539878845
0.24050635099411008
0.1461379826068878
0.18123626708984372
0.15662658214569092
0.2082417607307434
0.16895335912704468
0.22436803579330444
0.196941077709198
0.17209503054618835
0.16980150341987607
0.16785401105880737
0.20026004314422607
0.2000138163566589
0.20335376262664795
0.18973943591117856
0.20672231912612915
0.16795948147773743
0.15900415182113647
0.19562402367591855
0.17490521073341367
0.19868141412734985
0.1964359879493713
0.20683026313781736
0.1949271857738495
0.16818299889564514
0.21956440806388852
0.1465794742107391
0.2090284526348114
0.17199939489364624
0.21344786882400513
0.1902150809764862
0.178704172372818
0.2104801833629608
0.20015916228294367
0.19163888692855835
0.19841638207435608
0.24798607826232913
0.2245625853538513
0.17346894741058347
0.14772164821624756
0.16298767924308777
0.20848712325096128
0.183998703956604
0.14674976468086243
0.19933861494064328
0.14059612154960632
0.1993756294250488
0.1536354124546051
0.15783187747001648
0.20507052540779117
0.20710742473602292
0.1774294376373291
0.18648153543472287
0.1827840805053711
0.1630009412765503
0.1814519166946411
0.15225520730018616
0.1447271704673767
0.16863989830017087
0.1381073296070099
0.190533310174942
0.15374618768692017
0.22884088754653928
0.21214544773101807
0.13941004872322083
0.1679556369781494
0.18887221813201904
0.16376489400863647
0.1931672096252441
0.17551493644714355
0.16150987148284912
0.18895062804222104
0.12065336853265762
0.15207478404045105
0.23009589314460757
0.1697966456413269
0.16543397307395935
0.20614036917686465
0.20897483825683597
0.19807377457618716
0.17093655467033386
0.20835325121879575
0.17583441734313965
0.19663554430007932
0.206120640039444
0.17613446712493896
0.21435189247131348
0.24650129675865173
0.21628138422966003
0.11576789617538452
0.17134684324264526
0.14133262634277344
0.25386032462120056
0.19163754582405088
0.23501864075660703
0.13696244359016418
0.17162621021270752
0.15662413835525513
0.17872586846351624
0.19189783930778503
0.2034803330898285
0.1762029230594635
0.15525472164154053
0.1795266568660736
0.21174028515815732
0.2045497894287109
0.14806330204010007
0.20603641867637637
0.17606323957443237
0.20932430028915405
0.2275213301181793
0.22261962294578552
0.2021474242210388
0.20237082242965695
0.20586559176445007
0.17268410325050354
0.21178758144378665
0.15452852845191956
0.2008613646030426
0.16388222575187683
0.187627911567688
0.1852589845657349
0.22119027376174927
0.17255756258964539
0.1969358921051025
0.17654666304588315
0.20520910620689392
0.19651323556900024
0.2229033708572388
0.2003919184207916
0.22544112801551816
0.1666250228881836
0.15362542867660522
0.12033762037754057
0.18046471476554873
0.18497884273529047
0.17102885246276855
0.20313885807991028
0.08760593831539154
0.21337199211120603
0.16597050428390503
0.22638204693794248
0.19969475269317624
0.17401114106178284
0.17480090260505676
0.1820504367351532
0.18784251809120175
0.1909383535385132
0.19122305512428284
0.19036227464675903
0.1899910867214203
0.17172649502754211
0.1668187975883484
0.1878075897693634
0.21925976872444153
0.2196950614452362
0.19220659136772156
0.22193855047225952
0.17300844192504883
0.1956883370876312
0.1929744780063629
0.1874544620513916
0.226423054933548
0.20262974500656128
0.20054465532302856
0.21707129478454587
0.20075020194053647
0.17512270808219907
0.17905205488204956
0.23673191666603088
0.16249766945838928
0.21188661456108093
0.16380593180656433
0.210129588842392
0.1975523829460144
0.16282117366790771
0.18496873974800107
0.1970864534378052
0.18461236357688904
0.22167998552322388
0.1930559873580933
0.19458907842636108
0.211175799369812
0.20453891158103943
0.19037336111068723
0.2138192057609558
0.22120219469070437
0.19033938646316528
0.14787831902503967
0.2107389569282532
0.19968801736831665
0.17514514923095703
0.19541057944297793
0.21589666604995728
0.16627222299575803
0.2184622883796692
0.1978014409542084
0.2224982976913452
0.21284177899360657
0.1785586178302765
0.18109655380249023
0.22424182295799253
0.1821805238723755
0.2078439295291901
0.13639459013938904
0.20209759473800656
0.1396394670009613
0.1971784234046936
0.16899430751800537
0.19177013635635373
0.19417741894721985
0.1714278757572174
0.23650118708610532
0.19813188910484317
0.1928144097328186
0.26311689615249634
0.19882753491401672
0.17845594882965088
0.21304601430892944
0.16374295949935913
0.2305881381034851
0.20169714093208313
0.1734294891357422
0.20129096508026123
0.2010342478752136
0.21311125159263608
0.17036002874374387
0.20619207620620728
0.1475525200366974
0.23044565320014956
0.15464156866073608
0.1638880968093872
0.2260131239891052
0.19713717699050903
0.16716435551643372
0.22311168909072876
0.20360267162323
0.1598816215991974
0.2081148624420166
0.15722158551216123
0.17829683423042297
0.15071785449981687
0.19166910648345947
0.18494391441345212
0.1936461329460144
0.17076337337493896
0.1723053753376007
0.17456522583961487
0.17485931515693665
0.12457144260406494
0.18935182690620425
0.20647719502449036
0.2341022491455078
0.23025831580162048
0.1307093650102615
0.19948297739028928
0.24535411596298215
0.22368210554122925
0.17738249897956848
0.2164759039878845
0.2152266502380371
0.23207351565361023
0.19480082392692563
0.1777488589286804
0.17919132113456726
0.21048378944396967
0.2123219966888428
0.22064408659935
0.17529660463333127
0.13352486491203308
0.15241780877113342
0.23513859510421753
0.17864462733268735
0.23314255475997925
0.18499204516410828
0.12707926332950592
0.19942426681518555
0.1647665798664093
0.15799212455749512
0.1585058569908142
0.18725946545600888
0.1881255209445953
0.18369659781455996
0.20029878616333008
0.1779302954673767
0.21173763275146484
0.18276768922805783
0.19174766540527344
0.16423949599266052
0.18737226724624637
0.16406676173210144
0.16337165236473083
0.15043503046035767
0.15496662259101868
0.19562241435050964
0.1882699131965637
0.21470001339912412
0.22991222143173215
0.2316709756851196
0.19950568675994876
0.1501065194606781
0.1895522177219391
0.20071622729301447
0.2172753214836121
0.1744067668914795
0.2020665407180786
0.20532310009002683
0.19415616989135745
0.1493830680847168
0.19356653094291687
0.16010397672653198
0.2040991187095642
0.16364100575447083
0.17149972915649414
0.15684542059898376
0.1512649655342102
0.11627865582704544
0.19629248976707456
0.23678871989250183
0.21302372217178345
0.19035136699676516
0.24965938925743103
0.1679425537586212
0.2213709056377411
0.1916909217834473
0.17609429359436035
0.17449921369552612
0.16676712036132812
0.1782633364200592
0.1490546017885208
0.1862355470657349
0.1926966607570648
0.16499647498130798
0.19246679544448847
0.2587696313858032
0.15346401929855347
0.22116172313690183
0.17171987891197205
0.13110043108463287
0.199535608291626
0.17670565843582153
0.2044318616390228
0.2100684642791748
0.2027057707309723
0.19380807876586917
0.15565741062164307
0.1872626841068268
0.19460028409957883
0.20422866940498352
0.18577724695205688
0.21647673845291135
0.1767708957195282
0.17717185616493225
0.2072526216506958
0.19466754794120789
0.1518060564994812
0.16354957222938535
0.19079801440238953
0.16771358251571655
0.1966901421546936
0.20098015666007996
0.18422564864158633
0.18198123574256897
0.1921495497226715
0.23715606331825256
0.1967405378818512
0.11995873600244522
0.21404212713241577
0.22374597191810608
0.19427353143692017
0.15721559524536133
0.21625697612762448
0.19054853916168207
0.19757893681526184
0.1947883069515228
0.20998045802116397
0.2101625204086304
0.2243679165840149
0.21518689393997192
0.18542596697807312
0.1557556390762329
0.2020091414451599
0.16978812217712402
0.20619529485702515
0.19338813424110407
0.14835377037525177
0.14573520421981812
0.2075047194957733
0.14337927103042603
0.15868932008743286
0.20167747139930725
0.20683345198631287
0.16257750988006592
0.14524081349372864
0.1980910897254944
0.1872996687889099
0.19871139526367188
0.19471448659896848
0.1786579191684723
0.1388942003250122
0.21885830163955688
0.1710550487041473
0.20272096991539
0.20159262418746948
0.23694974184036252
0.20548927783966064
0.20771288871765137
0.1712551116943359
0.20439669489860532
0.14541873335838315
0.180093914270401
0.17722797393798828
0.1802532374858856
0.1795535385608673
0.158450186252594
0.20929613709449768
0.25215551257133484
0.178909033536911
0.17822271585464475
0.23137301206588745
0.1989791691303253
0.17197272181510925
0.1597905158996582
0.19683566689491272
0.209299236536026
0.2371428906917572
0.17574092745780945
0.2284718155860901
0.11067814379930496
0.20096215605735776
0.1933195888996124
0.18273174762725833
0.22520551085472104
0.1869305968284607
0.1516123116016388
0.18474456667900083
0.16817447543144226
0.17145007848739624
0.25158742070198054
0.16581174731254575
0.2016926109790802
0.1772703230381012
0.21232011914253235
0.16127002239227295
0.20075905323028564
0.2254978716373444
0.15640383958816528
0.17004993557929993
0.15573066473007202
0.15640217065811157
0.19050541520118716
0.18256935477256772
0.20233276486396787
0.216797798871994
0.20993155241012573
0.217868447303772
0.15536871552467346
0.1888737976551056
0.20107263326644895
0.22109794616699216
0.24065038561820984
0.19728821516036987
0.20992946624755857
0.20419186353683472
0.18583351373672485
0.21988987922668457
0.1946624219417572
0.1666850447654724
0.18557626008987424
0.22407686710357663
0.19394409656524655
0.1954897940158844
0.2188917100429535
0.1659763753414154
0.22229033708572388
0.1892224848270416
0.1328267604112625
0.14629092812538147
0.14579333364963531
0.19032928347587583
0.168432354927063
0.17871737480163574
0.1748024225234985
0.18895277380943296
0.16724658012390137
0.18648907542228696
0.227398544549942
0.16862693428993225
0.2150645852088928
0.20938441157341003
0.24566215276718137
0.21812644600868225
0.1887059509754181
0.20923903584480283
0.19306796789169312
0.1695839762687683
0.15487495064735413
0.21001163125038144
0.1706712245941162
0.20497065782547
0.13733477890491483
0.20866993069648743
0.22948896884918207
0.1470353007316589
0.17352566123008728
0.18371412158012393
0.17785915732383728
0.2099135518074036
0.17362439632415771
0.1960833966732025
0.2308776676654816
0.21134865283966064
0.1452384889125824
0.1592152714729309
0.16910240054130554
0.1587390303611755
0.1852560043334961
0.21895667910575864
0.16664832830429077
0.17592477798461914
0.2031758427619934
0.20858165621757507
0.1911048889160156
0.14110785722732544
0.15951603651046753
0.13113589584827423
0.19484093785285947
0.16385099291801453
0.18654865026474
0.1727222502231598
0.20261707901954648
0.16775086522102356
0.2534484565258026
0.21391674876213077
0.1915690004825592
0.22240802645683289
0.22043719887733457
0.18747597932815552
0.22233322262763977
0.1525806188583374
0.22220149636268613
0.21528571844100952
0.19407784938812253
0.2038719654083252
0.15949949622154236
0.21190205216407773
0.19997030496597287
0.1835346221923828
0.20201975107192996
0.1848129630088806
0.2659797668457031
0.1660480499267578
0.166684091091156
0.17795047163963315
0.2050171494483948
0.22462353110313413
0.17273065447807312
0.18871501088142395
0.23286715149879453
0.16088604927062988
0.18574300408363345
0.17274725437164307
0.1934628188610077
0.1987039744853973
0.16321593523025513
0.18771886825561523
0.1816006898880005
0.17020660638809204
0.16840597987174988
0.22095718979835513
0.18582287430763245
0.18154796957969663
0.19628769159317017
0.16043776273727417
0.2130562663078308
0.17517012357711792
0.16346850991249084
0.20763206481933597
0.17559731006622314
0.17853501439094543
0.19815132021903992
0.18181008100509644
0.17370307445526123
0.2134522497653961
0.19463193416595456
0.18702974915504453
0.17414811253547668
0.19538825750350952
0.21666112542152405
0.17317929863929749
0.15518441796302795
0.23467835783958435
0.17795178294181824
0.1900344491004944
0.2031307816505432
0.20268642902374268
0.14813020825386047
0.1434477865695953
0.2215605676174164
0.1798221468925476
0.18540769815444944
0.18850508332252505
0.16695564985275269
0.17093554139137268
0.15405401587486267
0.1468139886856079
0.24148568511009216
0.2166980803012848
0.21943026781082156
0.13789936900138855
0.2204115092754364
0.1974273920059204
0.22062203288078308
0.17069426178932187
0.17681026458740234
0.2056778967380524
0.18139699101448056
0.20751389861106873
0.17461726069450378
0.20440989732742307
0.18770605325698847
0.2017210423946381
0.1845143437385559
0.1633499264717102
0.24759480357170105
0.20015445351600647
0.15911689400672913
0.201323002576828
0.18516746163368225
0.15769121050834656
0.21773812174797055
0.20827540755271912
0.1660812795162201
0.21544277667999268
0.16377264261245728
0.22261998057365415
0.2115497291088104
0.15378084778785703
0.17359760403633115
0.22794052958488464
0.16784194111824036
0.15526437759399414
0.17799612879753113
0.24519783258438113
0.15839281678199768
0.17699918150901794
0.2104453444480896
0.20093888044357297
0.17132651805877683
0.1661231219768524
0.18831315636634824
0.17761018872261047
0.167721688747406
0.1992594599723816
0.18452045321464536
0.22944313287734985
0.1852020621299744
0.22162622213363647
0.20809826254844663
0.16492480039596555
0.19726067781448364
0.22307896614074707
0.13962486386299133
0.1901644468307495
0.18093374371528623
0.16935312747955322
0.1501922309398651
0.20453721284866333
0.20197492837905884
0.16926762461662292
0.2089249491691589
0.1971308887004852
0.157401442527771
0.1998397707939148
0.21128466725349423
0.21562474966049197
0.18881201744079587
0.2201158702373505
0.21966287493705747
0.17994606494903564
0.20685800909996033
0.1696075201034546
0.19311246275901797
0.21037557721138
0.1901608407497406
0.19118642807006836
0.23557373881340024
0.2521437406539917
0.16423162817955017
0.1570632755756378
0.15365916490554807
0.21208083629608157
0.1839668154716492
0.1758391261100769
0.2100694477558136
0.16718903183937073
0.18114635348320007
0.14388887584209442
0.19411268830299375
0.1542525291442871
0.19948917627334595
0.18184721469879153
0.17395475506782532
0.1844964027404785
0.19170612096786496
0.17194750905036926
0.19446352124214167
0.19843387603759763
0.22713136672973633
0.1878526210784912
0.20390450954437253
0.216390997171402
0.202851265668869
0.18542316555976868
0.22738656401634216
0.17497208714485168
0.17850205302238464
0.17558717727661133
0.18162530660629272
0.20486551523208615
0.19136300683021543
0.15313974022865295
0.2026115655899048
0.22189056873321533
0.18348413705825803
0.16696742177009583
0.22889167070388797
0.18874752521514887
0.1831560730934143
0.14891839027404785
0.16088032722473145
0.1872180998325348
0.21212077140808103
0.16514483094215393
0.15957528352737427
0.20575460791587827
0.188491553068161
0.18272167444229123
0.1673164665699005
0.16709306836128235
0.18948915600776672
0.21372538805007932
0.19900432229042053
0.1905447542667389
0.19523948431015012
0.17842057347297668
0.2157360911369324
0.1908021867275238
0.18298548460006717
0.18289443850517273
0.2048954963684082
0.22830650210380557
0.24039980769157407
0.20840618014335632
0.16877999901771543
0.180428683757782
0.20322987437248227
0.1761535406112671
0.19541770219802856
0.2044658362865448
0.21999275684356687
0.18762567639350888
0.14247336983680725
0.1824172735214233
0.186018705368042
0.1484864056110382
0.22763457894325256
0.18982627987861636
0.16750633716583252
0.1800985336303711
0.17550036311149597
0.2182205021381378
0.20097890496253967
0.2275245189666748
0.20065432786941528
0.13699418306350708
0.20039367675781247
0.19651010632514956
0.17002421617507935
0.1526375710964203
0.20846369862556455
0.1776316463947296
0.22967973351478577
0.19298461079597476
0.11647655814886092
0.22179362177848813
0.18934935331344604
0.2086491882801056
0.14603203535079956
0.22803387045860288
0.2128643095493317
0.19995334744453433
0.15373417735099792
0.17590272426605225
0.2482343316078186
0.21240258216857913
0.1574598252773285
0.22122955322265625
0.2034688591957092
0.26910081505775446
0.1652410924434662
0.2042884826660156
0.19754871726036072
0.16494759917259216
0.2048921883106232
0.17077532410621643
0.2204424440860748
0.13515985012054443
0.20025798678398127
0.1805148124694824
0.20426413416862488
0.19063186645507807
0.17840445041656494
0.15434610843658447
0.1764531433582306
0.2045424580574036
0.20619103312492368
0.2079235017299652
0.2103542983531952
0.1443062275648117
0.2136390209197998
0.19001275300979611
0.197025328874588
0.17740440368652344
0.17127230763435364
0.15413346886634827
0.1547237932682037
0.21872135996818545
0.17188090085983276
0.17647859454154968
0.21335500478744504
0.137114018201828
0.1952867805957794
0.1758146584033966
0.22603499889373777
0.17450180649757385
0.2295736372470856
0.1367434561252594
0.18562811613082883
0.16510391235351562
0.14055320620536804
0.1413327157497406
0.2204637825489044
0.19392940402030945
0.17114055156707764
0.20302700996398923
0.20225366950035092
0.18733415007591248
0.1835450828075409
0.1622045338153839
0.22602605819702148
0.23896378278732297
0.17838752269744873
0.16174626350402832
0.20876035094261167
0.1868217885494232
0.1758593916893005
0.24170517921447757
0.1910760998725891
0.20121386647224423
0.17778673768043518
0.17534685134887695
0.21668100357055664
0.24038505554199216
0.22565889358520508
0.13896030187606812
0.19135227799415588
0.23254773020744324
0.1914004981517792
0.20254385471343997
0.20928990840911865
0.16200584173202515
0.22019660472869876
0.17926195263862607
0.22006458044052124
0.1749255359172821
0.16355958580970764
0.19751501083374023
0.18160334229469297
0.22535508871078488
0.16230547428131104
0.17950952053070068
0.20746123790740967
0.1824825406074524
0.16172316670417783
0.15428122878074646
0.1542910635471344
0.19778254628181455
0.2212795317173004
0.1826433539390564
0.19875967502593997
0.15676367282867432
0.17959329485893247
0.20009562373161316
0.20234650373458865
0.20456483960151672
0.17789477109909055
0.21988865733146667
0.19550698995590207
0.210685670375824
0.19662782549858093
0.20868775248527527
0.21714138984680173
0.20407626032829285
0.1607181429862976
0.20572763681411743
0.1447024792432785
0.20636531710624692
0.2184811532497406
0.21596056222915647
0.15005546808242795
0.19700369238853452
0.1517524421215057
0.17649829387664795
0.18499088287353516
0.1375058740377426
0.14765667915344238
0.17635276913642883
0.2417283654212952
0.1537887454032898
0.17312920093536377
0.18850246071815488
0.21039316058158877
0.1521226167678833
0.185332715511322
0.1517723798751831
0.1790112257003784
0.16481885313987732
0.2138374149799347
0.19092339277267456
0.1968576014041901
0.19498443603515625
0.204353541135788
0.1910040378570557
0.18769931793212888
0.17668262124061584
0.16064125299453735
0.17112493515014648
0.22902438044548035
0.2333411276340485
0.15361058712005615
0.18713235855102536
0.21034088730812073
0.16266903281211853
0.20795658230781555
0.1747402548789978
0.1973038613796234
0.17573952674865723
0.19007426500320437
0.21079233288764956
0.1744970977306366
0.2157940864562988
0.1820679008960724
0.22294422984123227
0.23181557655334473
0.15661051869392395
0.17027705907821655
0.2068198323249817
0.2009892165660858
0.19077831506729123
0.19842007756233213
0.14351163804531095
0.21438023447990415
0.1674262285232544
0.25907438993453974
0.2042295336723328
0.2028180956840515
0.1953063607215881
0.1789500117301941
0.21262687444686887
0.21345674991607663
0.2220157980918884
0.23621141910552976
0.17320480942726135
0.2129823267459869
0.13998743891716003
0.20128893852233887
0.1969546973705292
0.21548530459403992
0.23379686474800107
0.18005111813545227
0.14912161231040955
0.2371410429477692
0.18985548615455627
0.19438681006431577
0.1884523332118988
0.175700306892395
0.20301091670989993
0.13149213790893555
0.17286455631256104
0.18298268318176267
0.23158815503120425
0.20351442694664
0.18032705783843997
0.17691552639007568
0.1630578339099884
0.22739911079406736
0.165447860956192
0.16131150722503662
0.23791047930717468
0.18342965841293332
0.175394207239151
0.19066238403320312
0.16631621122360227
0.17089900374412537
0.20512893795967105
0.22329461574554443
0.17434069514274597
0.16834393143653867
0.17333191633224487
0.20597043633461
0.1324629783630371
0.12494941800832748
0.16916808485984802
0.21499142050743103
0.20428189635276797
0.2259444892406464
0.19071501493453977
0.19979602098464963
0.18046289682388303
0.19546690583229065
0.16597062349319458
0.19225272536277768
0.25820550322532654
0.135804682970047
0.1689353585243225
0.18477815389633176
0.13131827116012573
0.1373046636581421
0.21749287843704224
0.16977491974830627
0.17118588089942932
0.2017785608768463
0.20513612031936643
0.2002837359905243
0.14389559626579285
0.18397909402847287
0.20053136348724365
0.2011399269104004
0.21201947331428528
0.24735721945762637
0.17714378237724304
0.1670325398445129
0.18148165941238403
0.17061135172843933
0.20726779103279117
0.20016470551490784
0.19071760773658752
0.23270007967948916
0.12434793263673782
0.20443427562713623
0.19331699609756467
0.13750812411308289
0.216495543718338
0.13236668705940247
0.1713629364967346
0.21629750728607175
0.21336084604263303
0.17542985081672668
0.19441986083984372
0.21078610420227048
0.20083731412887573
0.23475149273872373
0.1641089916229248
0.18814286589622495
0.20496878027915957
0.14486178755760193
0.16364219784736633
0.18020319938659668
0.15361902117729187
0.14932233095169067
0.19374644756317136
0.1824874579906464
0.14915937185287476
0.1715032458305359
0.1495465338230133
0.1519589126110077
0.1990221440792084
0.18788582086563113
0.1962628364562988
0.21355172991752625
0.17896497249603271
0.1862117052078247
0.18567824363708496
0.14619871973991394
0.193086177110672
0.22797009348869324
0.1861846148967743
0.13840630650520325
0.1667102873325348
0.20040112733840945
0.1455063223838806
0.18542221188545227
0.19326183199882507
0.22600513696670527
0.13752144575119019
0.1641101837158203
0.1508001685142517
0.2446615695953369
0.20389524102211
0.20052596926689148
0.19715929031372073
0.2121940851211548
0.19176289439201355
0.16127315163612363
0.17360833287239075
0.1689721941947937
0.2121654450893402
0.17555144429206848
0.20135712623596191
0.21942099928855896
0.2180116176605225
0.16188058257102966
0.1713019609451294
0.20334473252296448
0.20711666345596316
0.14327698945999143
0.17052826285362244
0.19055688381195068
0.18836435675621033
0.23060795664787287
0.2141137421131134
0.18134048581123352
0.23604172468185425
0.2081172168254852
0.19012236595153809
0.18593916296958923
0.10238292068243025
0.16609835624694824
0.17737853527069092
0.1904771029949188
0.15468928217887878
0.19821479916572568
0.1512894332408905
0.2209973037242889
0.18422037363052368
0.19617837667465207
0.16895607113838196
0.21318829059600833
0.1941819190979004
0.21285042166709897
0.1660867929458618
0.20285734534263608
0.1259079277515411
0.18825048208236692
0.13054049015045166
0.18117237091064453
0.18639403581619263
0.2058435380458832
0.1613025069236755
0.17514550685882568
0.1764469742774963
0.2167048454284668
0.1483997106552124
0.1686773896217346
0.2164451777935028
0.1917736530303955
0.16001838445663452
0.1906138360500336
0.12601935863494873
0.1667831838130951
0.18879172205924988
0.24196228384971616
0.19277054071426392
0.23126545548439023
0.20702457427978516
0.1522563397884369
0.19278261065483093
0.20138123631477356
0.2569049894809723
0.2217715084552765
0.1966365277767181
0.1538017988204956
0.20503467321395877
0.1922113299369812
0.20176067948341367
0.20510903000831604
0.19082826375961304
0.2144227623939514
0.18830817937850952
0.20662906765937805
0.16123971343040466
0.16742435097694397
0.24965742230415344
0.15060684084892273
0.20141133666038516
0.1941364407539368
0.1884063184261322
0.21435955166816711
0.16076764464378357
0.1510557234287262
0.21338629722595212
0.2021280527114868
0.2176564335823059
0.23664620518684387
0.1961021423339844
0.18938705325126648
0.16449972987174988
0.15280988812446594
0.20493146777153012
0.19317409396171567
0.19066721200942996
0.1921706795692444
0.18361923098564148
0.16210493445396423
0.20959216356277463
0.20836555957794187
0.1815524697303772
0.23364877700805664
0.22449949383735657
0.17041552066802979
0.2082146406173706
0.17206034064292908
0.1875300109386444
0.17469656467437744
0.17359724640846252
0.22849738597869876
0.155911386013031
0.15795260667800903
0.25129297375679016
0.19365072250366208
0.2320537865161896
0.1743871569633484
0.18391966819763184
0.18562799692153928
0.186573326587677
0.2048451006412506
0.143161803483963
0.21077203750610352
0.1759067177772522
0.13464041054248807
0.16768175363540647
0.15846258401870728
0.170602947473526
0.24787423014640808
0.19618988037109372
0.18242615461349487
0.19172993302345276
0.15530517697334287
0.232306569814682
0.21468058228492737
0.17624399065971375
0.21550235152244568
0.15514081716537476
0.187309205532074
0.16276115179061887
0.1767664849758148
0.1501336395740509
0.15449318289756775
0.22571903467178345
0.1593511998653412
0.18056741356849673
0.18361276388168332
0.2089184820652008
0.19992071390151975
0.19689765572547913
0.17289838194847107
0.17562073469161987
0.20968064665794367
0.19310685992240903
0.23096981644630432
0.19874289631843567
0.17309978604316711
0.18396887183189392
0.1722833812236786
0.19875317811965945
0.18503612279891968
0.1673275530338287
0.15412980318069458
0.1730915606021881
0.22071629762649536
0.16085705161094663
0.19242802262306213
0.15340226888656616
0.21610587835311887
0.20722755789756772
0.15895897150039673
0.19725129008293152
0.20620155334472656
0.15321794152259827
0.2026784420013428
0.17823785543441772
0.14511749148368835
0.18373453617095947
0.15076914429664612
0.1774630844593048
0.1886335909366608
0.19374546408653257
0.16291379928588867
0.17395463585853577
0.22830930352211
0.21048712730407715
0.164669007062912
0.21539434790611267
0.2106289267539978
0.17028328776359558
0.1987391412258148
0.19291535019874567
0.16853955388069153
0.22040686011314392
0.20234724879264832
0.198426216840744
0.2405965626239777
0.16649100184440613
0.18462613224983213
0.16939011216163635
0.1826627254486084
0.23610839247703552
0.1854760944843292
0.21556705236434937
0.17121782898902893
0.254650741815567
0.2377585470676422
0.167096346616745
0.19117423892021176
0.15510979294776917
0.23730963468551636
0.13880732655525208
0.19338142871856687
0.1929858922958374
0.19889831542968753
0.22943198680877683
0.18176376819610596
0.16384723782539368
0.20028945803642273
0.1942997574806213
0.21231257915496823
0.24539071321487424
0.1936110556125641
0.1394418179988861
0.1982800364494324
0.1805759072303772
0.2022947669029236
0.1553599238395691
0.1889541745185852
0.23388454318046567
0.18202310800552368
0.14896845817565915
0.19656699895858765
0.20206645131111145
0.2459539473056793
0.21036252379417417
0.17674237489700317
0.22166991233825684
0.15928214788436887
0.18855753540992737
0.1633390188217163
0.21337541937828064
0.19736650586128235
0.1931995749473572
0.18318352103233335
0.2917170822620392
0.23898532986640927
0.17603054642677307
0.1640002727508545
0.1945652067661285
0.2037876844406128
0.1815982162952423
0.16250869631767273
0.1893998086452484
0.20650675892829892
0.21483683586120603
0.2001143991947174
0.19966980814933777
0.21830457448959353
0.2102266550064087
0.2205950617790222
0.16929081082344055
0.21507766842842105
0.21507677435874936
0.1848376393318176
0.17162832617759705
0.09794039279222488
0.18012064695358276
0.23643603920936584
0.16694381833076477
0.184732049703598
0.2357807159423828
0.19002053141593933
0.19601181149482727
0.1812591254711151
0.16492629051208496
0.2113723456859589
0.22642257809638977
0.19928637146949768
0.19655722379684448
0.19955372810363767
0.14759632945060727
0.17883911728858948
0.23377269506454468
0.17115366458892822
0.14505907893180847
0.19570031762123108
0.18585515022277832
0.20923712849617004
0.14816033840179443
0.25113901495933527
0.20274865627288816
0.2261269986629486
0.19001081585884091
0.20923230051994324
0.168925404548645
0.19858917593955996
0.17483988404273987
0.215440034866333
0.16717678308486938
0.1281275898218155
0.13601058721542358
0.14220979809761047
0.25644567608833313
0.17746511101722717
0.20849564671516416
0.20128941535949707
0.19518685340881348
0.2091084122657776
0.21887761354446408
0.24053889513015747
0.17204684019088745
0.16935184597969055
0.1813121438026428
0.18411344289779663
0.206799179315567
0.24540704488754272
0.14476877450942993
0.13173255324363708
0.2005141079425812
0.1829666495323181
0.1965797543525696
0.1782857775688171
0.2070903480052948
0.19266903400421145
0.1836542785167694
0.16171202063560483
0.2298057973384857
0.197702556848526
0.198324590921402
0.17847225069999695
0.19868838787078855
0.2501809298992157
0.24639779329299927
0.19899269938468933
0.13177475333213806
0.20043867826461792
0.1608087718486786
0.26898166537284846
0.19265154004096985
0.21179255843162537
0.1709305644035339
0.1983513832092285
0.2025098204612732
0.1801651120185852
0.1847397089004517
0.19539403915405276
0.1949017941951752
0.1900697648525238
0.1225060150027275
0.19434842467308044
0.08961259573698045
0.19129762053489685
0.2238107323646545
0.1825470924377441
0.1940685212612152
0.17464599013328552
0.16381004452705383
0.19951850175857544
0.15700149536132812
0.21619403362274167
0.17559021711349487
0.2149610221385956
0.15802505612373352
0.16011977195739746
0.18501219153404236
0.22736620903015137
0.16588875651359558
0.17761331796646118
0.18214747309684756
0.21451616287231445
0.17265945672988892
0.20018619298934937
0.1626971960067749
0.1885451972484589
0.22145742177963257
0.216323584318161
0.18008729815483093
0.1996427476406097
0.2070496082305908
0.17850857973098755
0.21059077978134155
0.21754056215286252
0.17403310537338257
0.1882931292057037
0.23942109942436215
0.20306384563446045
0.19815149903297424
0.19746786355972287
0.21012815833091733
0.18368336558341977
0.20414435863494876
0.1932877004146576
0.21836408972740173
0.15586867928504944
0.1606733202934265
0.15492865443229675
0.19946533441543576
0.16056445240974426
0.21344628930091855
0.23432379961013797
0.21467509865760803
0.17989808320999143
0.17917343974113464
0.17614123225212097
0.18628153204917908
0.16167041659355164
0.17834147810935974
0.15195554494857788
0.189336895942688
0.21690884232521057
0.17816996574401855
0.15862369537353516
0.23151293396949768
0.2000276446342468
0.27364882826805115
0.21567559242248532
0.19581580162048337
0.23088297247886655
0.2098369896411896
0.1622759997844696
0.1976821422576904
0.17180296778678894
0.2042833566665649
0.14729270339012146
0.21610757708549497
0.16488465666770935
0.23128846287727356
0.1725420355796814
0.1577783226966858
0.17108431458473203
0.19014206528663635
0.17804494500160217
0.2073969542980194
0.16098636388778687
0.19748157262802124
0.20517954230308527
0.2441482245922089
0.2203291058540344
0.1448369175195694
0.165729820728302
0.15165495872497559
0.13687381148338315
0.22707384824752808
0.17836901545524597
0.18791902065277097
0.21055361628532407
0.1621337532997131
0.21663567423820493
0.18298232555389404
0.18896824121475217
0.16910597681999207
0.19875138998031616
0.19808286428451535
0.19907522201538083
0.1581565737724304
0.2178983986377716
0.1673600077629089
0.22794222831726077
0.1799587905406952
0.19492223858833313
0.19494906067848203
0.18785220384597776
0.17889469861984253
0.14770561456680295
0.15399596095085144
0.2043951749801636
0.2250537276268005
0.19056284427642825
0.20827755331993103
0.13942071795463562
0.2128535211086273
0.19588384032249448
0.15500470995903015
0.22034913301467893
0.1993001401424408
0.18568769097328183
0.19192036986351013
0.20865279436111447
0.15816932916641235
0.24685654044151303
0.22372210025787356
0.22391679883003235
0.21499553322792053
0.22266176342964167
0.23295253515243527
0.1647505164146423
0.21057152748107913
0.1788216531276703
0.1376810073852539
0.2259732484817505
0.228832870721817
0.2087981402873993
0.229186087846756
0.23223125934600833
0.18791440129280088
0.15334150195121765
0.19060060381889343
0.18416225910186768
0.1330427527427673
0.2133059203624725
0.17963457107543945
0.15683779120445251
0.17908218502998352
0.19811195135116577
0.1675930917263031
0.16068831086158752
0.17803692817687988
0.16689708828926086
0.20919859409332275
0.19963037967681885
0.17015129327774048
0.25060197710990906
0.16084784269332883
0.1566326916217804
0.13275828957557678
0.19507837295532224
0.21527963876724243
0.14224348962306976
0.1656222641468048
0.20083913207054135
0.15134838223457336
0.19118478894233704
0.1701394021511078
0.15151846408843994
0.21388027071952817
0.23044976592063904
0.1374571323394775
0.21877539157867432
0.1802472472190857
0.1502496600151062
0.2023797035217285
0.20725855231285092
0.1886565387248993
0.19595608115196228
0.1880526840686798
0.1573597490787506
0.1852338910102844
0.18368145823478696
0.17472624778747559
0.2523233890533447
0.11912693828344344
0.16829210519790647
0.19052803516387937
0.20355370640754697
0.181660920381546
0.23746570944786072
0.21803271770477292
0.17763826251029968
0.1797940731048584
0.17961275577545166
0.19260436296463007
0.17296412587165833
0.19108682870864868
0.2039523422718048
0.2218540012836456
0.18055206537246704
0.19422531127929688
0.1425555795431137
0.22221574187278748
0.18783798813819885
0.2130252420902252
0.16109517216682434
0.20894783735275269
0.16306450963020325
0.18298003077507016
0.18387004733085632
0.16292327642440796
0.19383779168128967
0.15513360500335693
0.17235895991325378
0.2102140188217163
0.1597062349319458
0.26908451318740845
0.1947739124298096
0.19013315439224243
0.19401711225509644
0.18291625380516047
0.19605550169944763
0.18644633889198303
0.1642913818359375
0.1667523980140686
0.192998468875885
0.1807057857513428
0.22763139009475708
0.22999706864356995
0.20070168375968933
0.147836834192276
0.1797773241996765
0.1979708969593048
0.18861931562423703
0.19950407743453977
0.20931780338287356
0.1971191763877869
0.13930247724056244
0.14432787895202637
0.1329536139965057
0.20163604617118835
0.2210964262485504
0.2262498438358307
0.20911651849746704
0.21177139878273007
0.19454067945480344
0.16625383496284485
0.13673120737075803
0.16251423954963684
0.22355490922927856
0.2166680097579956
0.17636501789093015
0.13065116107463837
0.18656626343727112
0.16018211841583252
0.21918997168540957
0.23366037011146543
0.15668857097625732
0.19460749626159668
0.20352923870086667
0.17250382900238037
0.202461302280426
0.22995370626449585
0.1567954421043396
0.17315784096717834
0.18597137928009036
0.19835421442985532
0.22377565503120425
0.1742636263370514
0.1893011033535004
0.21944522857666013
0.21642279624938965
0.17604422569274902
0.20103481411933896
0.17810368537902832
0.22321304678916928
0.1561661660671234
0.21473363041877744
0.11541879922151564
0.1335805058479309
0.19758707284927368
0.17143875360488892
0.17254498600959775
0.18850451707839963
0.22475779056549072
0.14752265810966492
0.21445646882057187
0.16428175568580627
0.20945119857788083
0.1593809425830841
0.22392743825912476
0.18756636977195737
0.1663157045841217
0.16254198551177979
0.19759079813957212
0.1792166829109192
0.1899162828922272
0.17225348949432373
0.21653857827186584
0.22889596223831177
0.19330117106437683
0.16718006134033203
0.18668898940086365
0.15391510725021362
0.17591381072998047
0.1853183209896088
0.1624726355075836
0.16855496168136597
0.19591569900512693
0.17595505714416504
0.1960623860359192
0.20025005936622617
0.2054557502269745
0.1924803853034973
0.17856019735336304
0.2487741708755493
0.19463089108467105
0.1422511637210846
0.21390616893768313
0.17789226770401
0.21092912554740903
0.18275007605552676
0.19204846024513245
0.20511382818222043
0.14507746696472168
0.17718574404716492
0.19044920802116397
0.22472247481346128
0.1854611039161682
0.14478237926959991
0.1849152743816376
0.1610286235809326
0.16869854927062988
0.18765002489089963
0.16590574383735657
0.21695300936698916
0.15083545446395874
0.1949008405208588
0.18221792578697205
0.19850838184356687
0.20831081271171567
0.1627129316329956
0.2002496123313904
0.23289349675178528
0.2017231285572052
0.18447172641754153
0.16611891984939575
0.18333670496940607
0.1809934079647064
0.17331340909004211
0.20649096369743347
0.19750916957855225
0.213922381401062
0.15428930521011353
0.21451264619827273
0.21354669332504272
0.1867169737815857
0.19167187809944153
0.20017647743225095
0.18549990653991696
0.1431518197059631
0.19459688663482663
0.17113327980041504
0.1588765978813171
0.18739286065101624
0.21299561858177185
0.196856826543808
0.22074466943740845
0.20557183027267456
0.20527011156082156
0.19329893589019773
0.19510340690612793
0.22002449631690976
0.20757609605789185
0.20733335614204407
0.1938277781009674
0.2239077985286713
0.20147055387496948
0.12638336420059204
0.20339435338974
0.22184267640113833
0.16968223452568054
0.18634006381034848
0.24398910999298093
0.23521843552589417
0.19303536415100095
0.16715481877326965
0.21836471557617188
0.17920196056365967
0.22230049967765808
0.22071799635887143
0.15401229262351987
0.16084501147270203
0.19101634621620175
0.19491007924079892
0.20944720506668088
0.2463078796863556
0.16922608017921448
0.23284995555877683
0.16803041100502014
0.20579129457473755
0.1660703420639038
0.2076088786125183
0.17138248682022095
0.2459050416946411
0.20605027675628665
0.1559608280658722
0.1459902822971344
0.19278606772422793
0.2082558870315552
0.19246014952659607
0.1810941994190216
0.20178598165512085
0.15972694754600525
0.16878044605255127
0.14734488725662231
0.20075225830078125
0.2036082148551941
0.1799313724040985
0.20554161071777344
0.17484542727470395
0.21717447042465207
0.1908780932426453
0.1696859300136566
0.1781463623046875
0.18610417842864993
0.18464255332946777
0.18432861566543576
0.1909538507461548
0.15108785033226013
0.183052122592926
0.21107622981071472
0.1678984761238098
0.17112919688224792
0.1946565508842468
0.20912504196166992
0.1737956702709198
0.16667333245277405
0.1925032138824463
0.16554489731788635
0.1883919835090637
0.24365738034248352
0.15086913108825684
0.1908564269542694
0.20287424325942996
0.1821734607219696
0.2137499451637268
0.16878032684326172
0.19073426723480225
0.1795036494731903
0.20093834400177
0.1693655550479889
0.20884898304939273
0.22981503605842593
0.2151726484298706
0.2380150854587555
0.20412728190422055
0.1955855488777161
0.16180381178855896
0.16043612360954285
0.17998898029327393
0.18675550818443296
0.1564180850982666
0.20724105834960935
0.16919073462486267
0.15599453449249268
0.19706785678863523
0.24627515673637393
0.17861181497573853
0.23017930984497073
0.2395338714122772
0.2173176109790802
0.15821409225463867
0.18298777937889096
0.20611491799354556
0.19009223580360407
0.1623033583164215
0.18291708827018735
0.22521767020225525
0.16503337025642395
0.23074284195899963
0.215254008769989
0.1953667402267456
0.22494885325431824
0.22878265380859372
0.20073425769805908
0.17162489891052246
0.18945831060409543
0.19033396244049072
0.19258102774620056
0.19088852405548093
0.19023147225379944
0.19837626814842224
0.16692805290222168
0.20218080282211304
0.2004139721393585
0.19506695866584775
0.2145099639892578
0.14764568209648132
0.2038358151912689
0.17899343371391296
0.2182660698890686
0.21945488452911377
0.19286659359931943
0.24547705054283145
0.14121809601783752
0.1656678318977356
0.193308025598526
0.25593119859695435
0.23567470908164975
0.18976852297782895
0.1884697675704956
0.1756378710269928
0.17125996947288513
0.2058183550834656
0.16629475355148315
0.20000460743904117
0.18789324164390564
0.19317448139190677
0.21797943115234372
0.2042237222194672
0.19498637318611145
0.2263296544551849
0.13626012206077576
0.16134917736053467
0.18013054132461548
0.2487952411174774
0.17367392778396606
0.2055896520614624
0.22059339284896848
0.17497864365577695
0.18113660812377927
0.21142899990081787
0.18420720100402832
0.19560253620147705
0.20580115914344788
0.1607935130596161
0.18778806924819944
0.2121568918228149
0.16676145792007446
0.15028613805770874
0.18488541245460513
0.19137564301490784
0.17356854677200317
0.178172767162323
0.19497740268707275
0.17998576164245603
0.17361760139465332
0.16781204938888547
0.11500965803861618
0.2163928747177124
0.1941179633140564
0.19168201088905332
0.2077142596244812
0.2038251161575317
0.2643142938613892
0.17702069878578186
0.17394495010375977
0.23120519518852237
0.18416428565979004
0.2146822214126587
0.24218833446502683
0.1902804672718048
0.20973697304725647
0.256127804517746
0.1848008334636688
0.19780167937278748
0.20123255252838132
0.17359429597854614
0.13843034207820892
0.18512776494026184
0.22074404358863833
0.20758947730064392
0.20630615949630737
0.2075238823890686
0.18077203631401065
0.15798088908195496
0.18635267019271848
0.20243537425994876
0.1502658724784851
0.17232030630111694
0.21721225976943967
0.21613943576812744
0.17695724964141843
0.2047167718410492
0.1588741838932037
0.2231217622756958
0.2006089985370636
0.14943096041679382
0.15102288126945496
0.21132153272628784
0.20071572065353396
0.1898382008075714
0.15528413653373718
0.1846468448638916
0.16243529319763184
0.2021845579147339
0.1576845943927765
0.18753844499588007
0.15607917308807373
0.18260866403579712
0.20960193872451785
0.17735186219215393
0.24593812227249143
0.17606306076049805
0.18784481287002563
0.193450927734375
0.19194328784942624
0.16948342323303223
0.1746143400669098
0.163455992937088
0.14319705963134763
0.1894878447055817
0.19091036915779117
0.19353446364402768
0.20360299944877625
0.15773212909698486
0.211404412984848
0.2185203731060028
0.2074168622493744
0.20272305607795715
0.24206775426864624
0.214292973279953
0.2134233117103577
0.19954451918601987
0.21369141340255737
0.15295374393463135
0.19233277440071103
0.19920098781585693
0.16709330677986145
0.22606629133224487
0.19124317169189453
0.16268271207809448
0.19226384162902832
0.14916202425956726
0.1449458599090576
0.1608442664146423
0.20899099111557007
0.15281635522842407
0.16875597834587097
0.1779426336288452
0.18444961309432983
0.21038269996643064
0.17221909761428833
0.19325992465019223
0.1757407188415527
0.2259148359298706
0.19985270500183103
0.1969255208969116
0.1902915835380554
0.1761564016342163
0.25388482213020325
0.16677474975585935
0.18747934699058527
0.20716664195060727
0.1620432734489441
0.22675570845603943
0.13199329376220703
0.20410561561584473
0.17999869585037231
0.16900759935379028
0.1517239212989807
0.2178496420383453
0.1389994919300079
0.2021603286266327
0.22218501567840576
0.19122835993766785
0.19652962684631348
0.16728249192237854
0.21115791797637937
0.18956086039543152
0.2157476246356964
0.1864527761936188
0.22006288170814517
0.2152255177497864
0.1415909230709076
0.2172774374485016
0.2349882423877716
0.16344818472862244
0.2297285795211792
0.1540154218673706
0.20219707489013672
0.15827515721321103
0.20951968431472776
0.2037871778011322
0.17403718829154968
0.18084019422531128
0.17870014905929563
0.2091892659664154
0.17071768641471863
0.1777561902999878
0.16037094593048096
0.16594591736793518
0.20441952347755432
0.14950281381607056
0.18139994144439697
0.13048097491264343
0.23493430018424988
0.167207270860672
0.1628316342830658
0.21524932980537412
0.195845365524292
0.1327993869781494
0.1583025753498077
0.22726520895957944
0.16899555921554563
0.15289101004600525
0.2400021255016327
0.1974220871925354
0.18223246932029724
0.2209572196006775
0.16113436222076416
0.1625348925590515
0.18690392374992368
0.16006016731262207
0.18419665098190308
0.18189099431037903
0.17858827114105225
0.16952955722808835
0.1979217827320099
0.19221287965774536
0.15820613503456116
0.2001730799674988
0.17465540766716003
0.19622173905372617
0.18473243713378903
0.15615996718406677
0.21278926730155945
0.21297249197959897
0.14570385217666623
0.20448920130729675
0.15212371945381165
0.16835910081863403
0.18011030554771423
0.19083580374717712
0.18114510178565976
0.17381680011749268
0.1749993860721588
0.16853034496307373
0.20718127489089963
0.18615314364433289
0.18544882535934448
0.18205463886260984
0.17657896876335144
0.2785278260707855
0.20632556080818176
0.17552420496940613
0.2435513734817505
0.1356227695941925
0.17318055033683777
0.15915000438690183
0.1778375804424286
0.2104576528072357
0.1922144591808319
0.22790783643722531
0.23681339621543884
0.18563261628150937
0.2002546787261963
0.20273965597152707
0.16518378257751465
0.20531392097473145
0.1490982174873352
0.19128558039665225
0.17057907581329343
0.2357825338840485
0.17908272147178647
0.20055270195007324
0.192263662815094
0.19770756363868716
0.22192829847335813
0.17536774277687073
0.2021078169345856
0.22086155414581296
0.1893350183963776
0.21591177582740784
0.19605150818824768
0.20033630728721616
0.19104602932929993
0.20344111323356628
0.19281071424484247
0.18614712357521057
0.18584170937538144
0.1660528779029846
0.2573332190513611
0.18565320968627927
0.18274325132369995
0.19555389881134036
0.16316771507263184
0.13410982489585876
0.20396357774734497
0.20038607716560364
0.20537737011909485
0.2296878695487976
0.16628229618072507
0.17693722248077393
0.1971118450164795
0.1990290880203247
0.1479663252830505
0.21822738647460935
0.21685528755187988
0.1660689413547516
0.23443785309791565
0.17310863733291623
0.1621064841747284
0.2176929712295532
0.2578290104866028
0.20526146888732913
0.17995041608810425
0.21307173371315
0.2400347590446472
0.18971210718154907
0.1601164937019348
0.175287127494812
0.17392876744270325
0.16798013448715207
0.1958523988723755
0.16289022564888
0.21940892934799197
0.20634114742279047
0.18852245807647705
0.2093088924884796
0.2242896854877472
0.17354252934455872
0.21532848477363584
0.20952549576759336
0.19458425045013428
0.20013478398323056
0.1818597912788391
0.1646728813648224
0.17436885833740234
0.15190789103507996
0.1681426167488098
0.1744423508644104
0.15613138675689697
0.20534428954124448
0.19088765978813169
0.20577099919319153
0.20109397172927856
0.2137132287025452
0.1871954500675201
0.18989947438240048
0.20983582735061643
0.1879408359527588
0.2263713181018829
0.21528542041778564
0.23241207003593445
0.22007006406784055
0.2198463678359985
0.18332782387733457
0.19218385219573972
0.19422221183776853
0.14215756952762604
0.18509468436241147
0.2117135226726532
0.21267721056938169
0.1464844048023224
0.22512930631637573
0.16816717386245728
0.18228143453598025
0.1278139054775238
0.1821644604206085
0.1735498011112213
0.17753297090530396
0.21740087866783145
0.21536940336227417
0.17507293820381165
0.17979902029037476
0.20825862884521484
0.16296032071113586
0.1938636004924774
0.2058538496494293
0.23141032457351685
0.18285810947418207
0.1816730499267578
0.1983362436294556
0.2257943153381348
0.20086756348609924
0.14423036575317383
0.18804711103439328
0.2266869843006134
0.19674956798553464
0.2081632614135742
0.16686752438545227
0.18398404121398923
0.1649620532989502
0.1932012438774109
0.22029680013656616
0.2004607915878296
0.17615646123886108
0.23481407761573792
0.1890265047550201
0.172487735748291
0.20077878236770627
0.22513386607170105
0.1840677261352539
0.1832205355167389
0.19737079739570615
0.16571438312530515
0.1933844983577728
0.24241942167282104
0.1861284375190735
0.20611825585365293
0.1892952919006348
0.2071861922740936
0.15897628664970395
0.18996402621269223
0.2035571336746216
0.20577722787857053
0.2004724144935608
0.20993724465370175
0.2053331434726715
0.19873958826065063
0.18549424409866333
0.18556833267211917
0.1847659647464752
0.15764078497886655
0.2088717818260193
0.25989440083503723
0.1628739237785339
0.1412724256515503
0.15755727887153623
0.18801650404930115
0.20351287722587583
0.25338584184646606
0.22195559740066528
0.16134294867515564
0.25142109394073486
0.21928608417510984
0.18158680200576785
0.22069174051284793
0.20110592246055603
0.2258078455924988
0.17302227020263672
0.23686727881431577
0.1732657253742218
0.2075075805187225
0.16164559125900269
0.23127052187919617
0.16901054978370667
0.20315518975257876
0.2202261388301849
0.2070852220058441
0.1833595633506775
0.1763119399547577
0.19971150159835813
0.18859070539474487
0.1560138463973999
0.20584604144096372
0.1587066352367401
0.19843965768814087
0.18824705481529236
0.15778034925460815
0.1347401887178421
0.18905574083328247
0.18822354078292847
0.17545324563980103
0.17122527956962583
0.18720099329948425
0.21060511469841003
0.22064560651779172
0.13249969482421875
0.20727404952049253
0.20482501387596128
0.13062033057212827
0.16400814056396484
0.14773815870285034
0.14826655387878415
0.12750154733657837
0.20537045598030088
0.15254786610603333
0.18006491661071777
0.18015033006668088
0.17533841729164124
0.1418008804321289
0.17035311460494995
0.1671328246593475
0.19940933585166928
0.15949514508247375
0.18580880761146543
0.14405189454555511
0.20775532722473145
0.13791832327842712
0.20839101076126096
0.1595347225666046
0.191160261631012
0.2153891623020172
0.20259228348731995
0.2023702561855316
0.20492687821388245
0.17354002594947815
0.20687708258628845
0.1916049420833588
0.1709592044353485
0.2390734553337097
0.23288476467132568
0.1499009132385254
0.17244943976402283
0.19415643811225888
0.17596662044525146
0.19763267040252683
0.2177808582782745
0.18845540285110476
0.19274821877479556
0.15985321998596191
0.16696336865425107
0.20272448658943176
0.20939180254936215
0.17136871814727783
0.21132770180702207
0.200179785490036
0.19510170817375183
0.18352389335632324
0.16666400432586667
0.20906460285186768
0.13403454422950745
0.2043723165988922
0.18400081992149356
0.16167712211608887
0.18069663643836972
0.21423867344856265
0.16600212454795835
0.19567114114761353
0.20662805438041687
0.18862855434417725
0.20218312740325928
0.18259868025779724
0.21435558795928955
0.19685253500938413
0.1803874373435974
0.2188195288181305
0.20438852906227112
0.12351060658693312
0.16583532094955444
0.17039185762405396
0.17904895544052124
0.1622033715248108
0.16809579730033875
0.16706803441047668
0.24049237370491028
0.18532481789588928
0.1686214804649353
0.2332884669303894
0.21430334448814392
0.18128880858421323
0.2055334150791168
0.1794787049293518
0.2271421253681183
0.21191042661666873
0.18140017986297607
0.18639981746673584
0.21985560655593872
0.26779651641845703
0.19634065032005313
0.2000291347503662
0.2001934051513672
0.15727853775024414
0.203125923871994
0.16599273681640625
0.21930456161499023
0.21887826919555664
0.19025906920433044
0.19526246190071103
0.19079717993736267
0.20092710852622983
0.2037290334701538
0.25322094559669495
0.18324723839759824
0.22983363270759585
0.14788794517517087
0.15426278114318848
0.2210081517696381
0.18629413843154907
0.24390268325805664
0.21005734801292417
0.18047794699668884
0.17628639936447144
0.20620334148406985
0.2167378664016724
0.21907103061676023
0.18944695591926572
0.22423091530799863
0.18432846665382385
0.1872861683368683
0.21665456891059875
0.16972696781158447
0.1893067955970764
0.20104566216468808
0.1718674898147583
0.18606197834014887
0.18618878722190857
0.21418434381484985
0.19517505168914795
0.20437729358673093
0.1796281933784485
0.2115527093410492
0.20036596059799197
0.19841301441192624
0.17336273193359375
0.20473405718803403
0.20208755135536197
0.22045874595642087
0.19152778387069705
0.22125351428985596
0.14173632860183716
0.16623333096504211
0.1855469048023224
0.22808027267456052
0.20390623807907104
0.23417672514915464
0.21186301112174988
0.16467243432998657
0.14715193212032318
0.18647801876068115
0.2096584439277649
0.20062100887298584
0.2167513966560364
0.19475674629211423
0.19024544954299927
0.1235833540558815
0.1991994380950928
0.19281262159347531
0.1284068524837494
0.21289509534835813
0.1909143030643463
0.1692541539669037
0.1700591742992401
0.18143478035926816
0.17115053534507751
0.23322322964668277
0.1753690540790558
0.19538274407386777
0.20036616921424863
0.15818443894386292
0.17698681354522705
0.20427554845809937
0.25447604060173035
0.19704946875572205
0.2098940312862396
0.16075637936592102
0.15406489372253415
0.22977447509765625
0.14478397369384763
0.1965264678001404
0.178083598613739
0.1826324760913849
0.19930225610733032
0.18810856342315677
0.18665507435798645
0.21240180730819705
0.20027542114257807
0.2268194556236267
0.19689288735389707
0.18804508447647092
0.1516169309616089
0.2507764399051666
0.18117582798004153
0.22036537528038025
0.17002558708190915
0.1898062527179718
0.1813351213932037
0.1848376989364624
0.1574561893939972
0.1718546152114868
0.19527727365493772
0.1645873486995697
0.21846649050712583
0.2183149755001068
0.21010553836822507
0.260334312915802
0.19825997948646543
0.15493997931480408
0.14827993512153623
0.19003424048423767
0.20410129427909848
0.19454476237297055
0.20395615696907043
0.20063373446464536
0.19303807616233823
0.1978556513786316
0.20701941847801208
0.20140555500984192
0.23507684469223025
0.20800140500068665
0.1654706299304962
0.1715783178806305
0.1835017800331116
0.1792023479938507
0.21253132820129397
0.16877856850624084
0.14334052801132202
0.15775451064109802
0.14684736728668213
0.1597631275653839
0.1632351279258728
0.17692771553993225
0.16448399424552915
0.18327730894088745
0.17431718111038208
0.17784982919692993
0.1619247794151306
0.17404088377952576
0.20552977919578552
0.20169347524642944
0.16231045126914978
0.1832343339920044
0.1693955957889557
0.1891460120677948
0.2756146788597107
0.15864509344100952
0.1986991763114929
0.23934265971183777
0.2070338726043701
0.225138783454895
0.12959769368171692
0.19353213906288144
0.19388705492019653
0.2313814163208008
0.18783453106880188
0.186397522687912
0.19765424728393555
0.20156511664390564
0.23440781235694885
0.18135789036750796
0.22432833909988403
0.1899077594280243
0.16420233249664307
0.17593646049499512
0.19724357128143313
0.1833668351173401
0.18704488873481753
0.1970755159854889
0.19399017095565796
0.21936461329460144
0.18038827180862424
0.18160009384155276
0.18831342458724973
0.21288451552391047
0.21918240189552307
0.14409184455871582
0.15037420392036435
0.20001929998397827
0.22012898325920105
0.20179268717765808
0.17990413308143616
0.2253165543079376
0.1750721037387848
0.19197770953178403
0.1926404535770416
0.22842919826507568
0.17459556460380554
0.17540255188941956
0.18202662467956543
0.21767780184745789
0.21778282523155207
0.23628130555152893
0.19981092214584353
0.19738179445266724
0.19828909635543823
0.213509202003479
0.12833955883979797
0.15707340836524963
0.19542151689529416
0.23360550403594968
0.16396358609199524
0.22358238697052
0.17973670363426208
0.1513729989528656
0.2187916338443756
0.22919759154319763
0.19012391567230225
0.22861757874488833
0.1973303854465485
0.26456561684608454
0.1945064067840576
0.19765302538871765
0.17429792881011963
0.21748891472816467
0.21573606133461
0.2084909081459045
0.17379245162010193
0.16559553146362305
0.2345019578933716
0.19971361756324768
0.2223966419696808
0.1573737859725952
0.1709694266319275
0.1813566088676453
0.18457841873168945
0.199832946062088
0.1620888113975525
0.2083100378513336
0.25351062417030334
0.18764126300811768
0.2384289503097534
0.16116806864738464
0.16981542110443115
0.1868072748184204
0.22164836525917053
0.19313350319862363
0.20058313012123108
0.18136343359947205
0.16615426540374756
0.17818856239318848
0.2228311002254486
0.18379500508308408
0.19789817929267883
0.21333503723144528
0.2156144380569458
0.21125683188438413
0.203994482755661
0.19366526603698728
0.1683548390865326
0.1749952137470245
0.1879350244998932
0.19458764791488647
0.16856014728546143
0.20748230814933777
0.18073761463165283
0.20766147971153257
0.20049136877059937
0.232459157705307
0.20588773488998413
0.2456521987915039
0.1749902367591858
0.20277923345565796
0.13737185299396515
0.18282791972160337
0.15964531898498535
0.18732029199600217
0.15543028712272644
0.21915143728256223
0.1907637119293213
0.20482674241065976
0.19984608888626096
0.21711793541908264
0.2332845628261566
0.15471193194389343
0.1607666015625
0.1347124874591827
0.2001642882823944
0.2018559277057648
0.19824349880218503
0.19726014137268064
0.17707771062850952
0.1859329342842102
0.16229382157325745
0.18580046296119687
0.2019391357898712
0.21511751413345337
0.2193854749202728
0.19628688693046567
0.2056952118873596
0.2072201669216156
0.1518244743347168
0.19811925292015076
0.21064427495002744
0.20000720024108887
0.20305734872817996
0.195519894361496
0.17443981766700745
0.1524221897125244
0.2028351128101349
0.20912915468215945
0.24390771985054016
0.1989009976387024
0.209580272436142
0.19448494911193848
0.20612427592277527
0.16897496581077576
0.17981258034706116
0.16104882955551147
0.20205575227737424
0.19209367036819455
0.1921866238117218
0.16559016704559326
0.18588030338287356
0.20891034603118896
0.1864081621170044
0.21540051698684687
0.18294891715049744
0.18586796522140503
0.1724518835544586
0.2057552635669708
0.1952126622200012
0.18108469247817996
0.22024366259574887
0.1944880187511444
0.20035153627395627
0.20579043030738833
0.18020328879356384
0.15403300523757935
0.17175740003585815
0.18299955129623413
0.1610797643661499
0.15827038884162903
0.20598119497299197
0.21639159321784973
0.22621691226959229
0.18259185552597043
0.1978033781051636
0.22501876950263977
0.19840633869171145
0.15325406193733215
0.2095043361186981
0.2067358493804932
0.15915066003799438
0.1922181844711304
0.2331704795360565
0.1878600716590881
0.18518880009651184
0.21824127435684204
0.1657634675502777
0.16295552253723145
0.150576651096344
0.19352436065673828
0.12999501824378967
0.1676788330078125
0.1936739087104797
0.19267183542251584
0.16528791189193723
0.18530690670013428
0.19973337650299072
0.13336169719696045
0.13567617535591123
0.180383563041687
0.19683775305747983
0.187258243560791
0.18701255321502683
0.1916264295578003
0.16699594259262085
0.19476881623268127
0.2027187347412109
0.20183581113815308
0.19538414478302
0.17857635021209717
0.23845338821411127
0.2028679251670837
0.19754958152771
0.20439195632934568
0.16370919346809387
0.22265014052391047
0.19084185361862183
0.20253571867942807
0.1586839258670807
0.18141320347785947
0.18340244889259336
0.21305087208747864
0.18535640835762024
0.19887346029281616
0.22778290510177607
0.18087011575698847
0.13594886660575867
0.22330668568611145
0.1829712688922882
0.1640353798866272
0.1754114031791687
0.2515007853507996
0.1862366497516632
0.21371480822563169
0.18169456720352167
0.23867288231849673
0.1995548903942108
0.22067931294441223
0.18359929323196408
0.18718436360359192
0.17998984456062317
0.18775698542594907
0.18790256977081296
0.18395498394966123
0.1935929358005524
0.21442270278930664
0.18785864114761353
0.18814542889595032
0.1650022566318512
0.17534103989601135
0.211935818195343
0.18652513623237607
0.20425003767013547
0.1517680585384369
0.1931042373180389
0.17900624871253967
0.21670907735824585
0.15164867043495178
0.15220993757247925
0.18497937917709353
0.19468265771865845
0.18704798817634585
0.20919188857078552
0.19927051663398743
0.16788694262504575
0.16585716605186462
0.1466824561357498
0.19832122325897217
0.13838686048984528
0.16801604628562927
0.16129085421562195
0.165350079536438
0.18507161736488345
0.19158634543418884
0.16382324695587158
0.16826680302619934
0.18909555673599243
0.15542727708816528
0.16910946369171143
0.16798546910285947
0.16063565015792847
0.1853322684764862
0.19935941696166992
0.2315520942211151
0.1689943969249725
0.19329729676246643
0.22000378370285037
0.2279508113861084
0.14709241688251495
0.18900927901268005
0.16712060570716855
0.1488802134990692
0.18888494372367856
0.20095115900039673
0.1657191514968872
0.18132653832435608
0.16224384307861328
0.1323842704296112
0.18881389498710632
0.2316881418228149
0.16417333483695984
0.2178840935230255
0.20495936274528503
0.1286085546016693
0.22003009915351868
0.22268646955490112
0.1735419929027557
0.2033734619617462
0.15662091970443723
0.13985225558280945
0.18317574262619016
0.17253118753433228
0.20397010445594788
0.2545904815196991
0.17544734477996826
0.20130720734596247
0.2203378975391388
0.1864692270755768
0.1575433909893036
0.194119393825531
0.21221512556076047
0.16044777631759644
0.19611746072769165
0.2310506701469421
0.2048153579235077
0.15163466334342957
0.20670601725578308
0.21139517426490784
0.2277011275291443
0.1795279085636139
0.16927355527877808
0.19469040632247925
0.2147943377494812
0.19153049588203433
0.21381598711013797
0.18635573983192444
0.1883883774280548
0.20278236269950864
0.1703999936580658
0.17680948972702026
0.1981114745140076
0.20680224895477292
0.1650826334953308
0.1605842411518097
0.167351096868515
0.15645885467529297
0.15626949071884155
0.19676658511161804
0.15018770098686218
0.1691901981830597
0.1869572401046753
0.23323196172714236
0.17304170131683347
0.174767404794693
0.1751754879951477
0.21137335896492004
0.1724664270877838
0.18436607718467712
0.21997714042663571
0.2288340330123901
0.24572810530662537
0.22937095165252683
0.1313367486000061
0.16998067498207092
0.12999072670936584
0.1953028440475464
0.2057937383651733
0.219175785779953
0.15884292125701904
0.20257556438446045
0.2163410484790802
0.1982198357582092
0.20625379681587216
0.17797061800956726
0.16091209650039673
0.2066999077796936
0.1638796031475067
0.18795162439346316
0.2127975821495056
0.19889667630195615
0.1450355350971222
0.19934457540512085
0.2060158848762512
0.20981875061988833
0.1846582591533661
0.1995111107826233
0.2196977138519287
0.2531043887138366
0.15489488840103147
0.1655595302581787
0.19382277131080627
0.12231310456991196
0.19203138351440427
0.211969256401062
0.19471427798271176
0.20384299755096436
0.20030528306961057
0.1898687481880188
0.18352332711219788
0.18000003695487976
0.15294715762138367
0.1695220172405243
0.21290358901023865
0.1869378089904785
0.24287268519401553
0.20001468062400815
0.16294759511947632
0.16404584050178528
0.21370577812194824
0.13448104262351987
0.20657241344451904
0.2414231300354004
0.172500342130661
0.20258009433746335
0.23341524600982663
0.20815265178680417
0.1898616850376129
0.18965247273445127
0.19988006353378293
0.17395982146263123
0.1307774782180786
0.1269676089286804
0.17679008841514587
0.19270044565200803
0.1935696303844452
0.15706655383110046
0.1950458586215973
0.1984226107597351
0.18507173657417297
0.2257028222084045
0.22303912043571472
0.25559183955192566
0.23186084628105164
0.20453909039497373
0.18231400847435
0.20903158187866208
0.1964401304721832
0.16073176264762878
0.2518983781337738
0.21886950731277463
0.13839119672775269
0.21655884385108948
0.1972893476486206
0.23374965786933896
0.20918336510658264
0.22087770700454712
0.2148262858390808
0.1932905614376068
0.17394474148750305
0.1816411018371582
0.1949794888496399
0.16778942942619324
0.2045033276081085
0.1872982680797577
0.1641235053539276
0.14307080209255219
0.1818526387214661
0.21689972281455996
0.1637382209300995
0.1639496088027954
0.19340133666992188
0.19895747303962708
0.19962617754936215
0.18388882279396057
0.21442395448684687
0.18608295917510984
0.20112511515617368
0.1278342604637146
0.21003443002700803
0.1857659220695496
0.16169887781143188
0.2228636145591736
0.18071514368057248
0.22918900847435
0.20737674832344052
0.20667931437492368
0.17174667119979858
0.2212376892566681
0.1533830761909485
0.22058504819869995
0.16579115390777588
0.22374835610389707
0.16922086477279663
0.1996136903762817
0.19008296728134155
0.1849413216114044
0.21882793307304385
0.24954205751419067
0.1599007546901703
0.2082567512989044
0.2067582607269287
0.19808927178382876
0.1905454397201538
0.19534677267074585
0.1555851399898529
0.20185932517051697
0.17624589800834656
0.17159903049468994
0.2006097435951233
0.17401504516601562
0.2106194496154785
0.1421946883201599
0.194617360830307
0.18623492121696472
0.19218847155570984
0.22232413291931152
0.24649134278297424
0.15473386645317075
0.1848260462284088
0.17327246069908142
0.2161400020122528
0.1881108283996582
0.20648193359375
0.14264753460884094
0.16070565581321716
0.19232892990112305
0.20387420058250427
0.12652060389518735
0.14983969926834106
0.2289662063121796
0.18181145191192624
0.184829980134964
0.2113467752933502
0.1548769176006317
0.1573355793952942
0.182490736246109
0.1626526117324829
0.2264505624771118
0.20698913931846616
0.17900201678276062
0.2040834128856659
0.21716865897178647
0.1886312365531921
0.17892450094223022
0.22036099433898923
0.19690534472465515
0.13837793469429016
0.15655946731567383
0.20700398087501523
0.1674356460571289
0.16481837630271912
0.20845222473144528
0.1323340535163879
0.248879998922348
0.17916908860206604
0.23151239752769473
0.15255939960479736
0.1977522373199463
0.16423305869102478
0.16848024725914
0.19211849570274356
0.1374591588973999
0.16990810632705688
0.1810136437416077
0.17763012647628784
0.2164924442768097
0.22336465120315552
0.1943040192127228
0.1544881761074066
0.18956372141838077
0.16112712025642395
0.2534365653991699
0.22673895955085757
0.184506356716156
0.18098020553588867
0.16060948371887207
0.2361062467098236
0.20396757125854487
0.19060048460960388
0.17066949605941772
0.16724738478660583
0.13822035491466522
0.16063478589057922
0.1571941375732422
0.16970819234848022
0.19590178132057187
0.20425862073898315
0.2049880623817444
0.14461281895637512
0.18378865718841553
0.17127186059951782
0.20093619823455808
0.23570144176483157
0.19323977828025815
0.22923472523689273
0.18911191821098328
0.1859586536884308
0.18515193462371823
0.1623459160327911
0.1996574103832245
0.17630311846733093
0.13828343152999875
0.15085342526435852
0.18742308020591733
0.16237279772758484
0.2437540590763092
0.1648854613304138
0.16413730382919312
0.17682397365570068
0.21502074599266047
0.18049246072769165
0.21585294604301447
0.18497753143310544
0.18819820880889887
0.18314245343208313
0.18089917302131647
0.17828533053398132
0.2148071527481079
0.19998466968536377
0.1942070722579956
0.18003809452056885
0.19823676347732544
0.17190665006637573
0.15423369407653809
0.20885825157165527
0.17585447430610657
0.1958862543106079
0.2543022334575653
0.19506570696830747
0.19999948143959043
0.1755793988704681
0.1274300515651703
0.15169775485992432
0.19825544953346247
0.21008646488189697
0.21454739570617676
0.19490906596183777
0.20046526193618772
0.19721347093582156
0.22742554545402527
0.1815093457698822
0.17508390545845032
0.202231228351593
0.1947797238826752
0.20074418187141416
0.2409810423851013
0.16016328334808347
0.1564062535762787
0.2497353553771973
0.16636016964912415
0.19931060075759888
0.19376257061958313
0.16069141030311584
0.2302432358264923
0.16313087940216064
0.1688418686389923
0.20355725288391116
0.19608893990516665
0.17042639851570127
0.18125650286674497
0.20149770379066467
0.20742717385292053
0.20667037367820737
0.1789800524711609
0.1747927367687225
0.15922456979751587
0.22582057118415833
0.201936274766922
0.15019583702087402
0.17018365859985352
0.18797096610069275
0.1710694134235382
0.21692606806755063
0.16799902915954587
0.1631966531276703
0.19795653223991397
0.2004966139793396
0.21147069334983823
0.20500504970550537
0.1824818253517151
0.1994861960411072
0.20697396993637085
0.1465025246143341
0.18198513984680173
0.20424333214759824
0.17672374844551086
0.17023131251335144
0.20782750844955444
0.2281847596168518
0.1988767981529236
0.17690509557724
0.1688997447490692
0.18826207518577573
0.14555448293685913
0.1979243755340576
0.20341894030570984
0.1863955855369568
0.21887245774269104
0.20088857412338257
0.19381394982337952
0.19641003012657163
0.17776507139205933
0.19173747301101685
0.24732083082199097
0.22473683953285217
0.19623792171478271
0.18144860863685608
0.16498097777366638
0.20214393734931943
0.2215372025966644
0.24364295601844788
0.19956937432289124
0.16453650593757627
0.24309679865837097
0.19954758882522583
0.22545528411865237
0.16649535298347473
0.19956403970718384
0.19469124078750608
0.19407990574836728
0.18246015906333923
0.19701784849166873
0.22374168038368225
0.1750892996788025
0.15198245644569397
0.14300066232681274
0.1786750555038452
0.20254892110824585
0.241007924079895
0.1600167155265808
0.1799640655517578
0.22173446416854856
0.2146188318729401
0.19689470529556277
0.25035735964775085
0.18684062361717224
0.21906504034996033
0.147832453250885
0.1760641038417816
0.15284103155136108
0.18414533138275144
0.21402597427368164
0.154168963432312
0.22933188080787656
0.2043915092945099
0.2183476090431213
0.2056910991668701
0.20101147890090945
0.2152734100818634
0.16902807354927063
0.18812620639801023
0.19005122780799863
0.19939532876014707
0.2072816789150238
0.2520269751548767
0.19610002636909485
0.16734734177589417
0.2052946388721466
0.2049292027950287
0.19358929991722104
0.1688651740550995
0.22280606627464292
0.19304579496383664
0.14388185739517212
0.1687662303447723
0.19857400655746457
0.15339842438697815
0.14418908953666687
0.20069023966789243
0.15644356608390808
0.2097652852535248
0.15666303038597107
0.15227946639060974
0.17599943280220032
0.2156815528869629
0.19381725788116452
0.18657836318016047
0.1362060010433197
0.1771230101585388
0.1982904076576233
0.1687280237674713
0.17395156621932983
0.16942310333251953
0.17265105247497559
0.2029159963130951
0.1651841700077057
0.19726821780204767
0.1936192810535431
0.20992267131805417
0.22993361949920652
0.16371649503707883
0.21808719635009763
0.22472023963928223
0.21569767594337463
0.18295094370841977
0.17508250474929807
0.22082695364952087
0.18432125449180603
0.21021971106529236
0.18099430203437805
0.1287371516227722
0.24302610754966733
0.21006685495376584
0.19318586587905884
0.20884928107261655
0.2357073426246643
0.1949591040611267
0.1772758662700653
0.19985535740852356
0.1620546281337738
0.2085164189338684
0.17525160312652588
0.19804784655570984
0.22177186608314517
0.19047290086746213
0.16965726017951965
0.17734572291374207
0.15816915035247803
0.1850866675376892
0.17886313796043396
0.2308514714241028
0.21904477477073667
0.17228272557258603
0.21133410930633545
0.1624205112457275
0.21703556180000305
0.184098482131958
0.1429978609085083
0.16186213493347168
0.16646453738212583
0.17550858855247495
0.12481375783681868
0.21489354968070984
0.175273597240448
0.16649091243743896
0.1563664972782135
0.2161962687969208
0.21420395374298093
0.2027720212936401
0.21312960982322687
0.20703986287117004
0.1984019875526428
0.20184507966041565
0.18615666031837463
0.20142260193824768
0.15662533044815063
0.216215580701828
0.18098309636116028
0.1626669466495514
0.20058816671371457
0.19400152564048767
0.208335280418396
0.179286390542984
0.16753211617469788
0.14296521246433258
0.1810931861400604
0.1769042611122131
0.19253742694854736
0.17901307344436643
0.1678030788898468
0.21011808514595032
0.15326520800590515
0.15055778622627258
0.16261354088783264
0.21491041779518127
0.17837324738502502
0.19358134269714355
0.18233972787857053
0.19995924830436704
0.2214094698429108
0.17137551307678223
0.16495579481124875
0.20571088790893555
0.19864398241043088
0.1887449026107788
0.16988676786422727
0.16335231065750122
0.1857542097568512
0.16145533323287964
0.22755244374275208
0.1937635838985443
0.13190272450447083
0.21017155051231384
0.1805649101734161
0.2181222438812256
0.2597642242908478
0.1844975054264069
0.2190519273281097
0.1766449511051178
0.17962348461151123
0.2283969223499298
0.1640789806842804
0.1552969217300415
0.20787513256073
0.1679362952709198
0.21376091241836548
0.2251726984977722
0.18665337562561035
0.15586978197097778
0.24401912093162537
0.1991897821426392
0.20358377695083615
0.19417139887809756
0.2275680601596832
0.2033030390739441
0.1947688460350037
0.1563948690891266
0.2195148468017578
0.2070283591747284
0.22139135003089905
0.1794118583202362
0.20200848579406736
0.2196717858314514
0.20812872052192688
0.23444783687591553
0.17034065723419187
0.1851600408554077
0.14244721829891205
0.18387460708618164
0.1564721167087555
0.16927996277809143
0.1907657980918884
0.19505152106285092
0.19932198524475095
0.18812674283981323
0.17423576116561887
0.17528390884399414
0.16062945127487183
0.15550148487091064
0.14431160688400269
0.1731290817260742
0.21141526103019717
0.16696223616600037
0.19207948446273804
0.14873138070106506
0.22573357820510864
0.2203547954559326
0.17199060320854187
0.18328800797462463
0.2067115306854248
0.2023455500602722
0.19602060317993164
0.19070956110954285
0.20792099833488464
0.18411484360694885
0.2040185034275055
0.15992265939712524
0.22006019949913025
0.17399844527244568
0.2195957899093628
0.131714329123497
0.17151713371276855
0.17571985721588135
0.22806003689765927
0.17567786574363708
0.18730774521827695
0.1805543601512909
0.1961844563484192
0.1952804625034332
0.19892355799674988
0.14742952585220337
0.18557709455490112
0.135392963886261
0.2001951634883881
0.21211820840835569
0.169376403093338
0.20401689410209653
0.18526408076286316
0.1971387267112732
0.20399805903434756
0.21012431383132932
0.15769022703170776
0.17788651585578918
0.17947998642921448
0.20823600888252256
0.1816560626029968
0.1812008321285248
0.20365044474601743
0.12841692566871643
0.15885037183761597
0.17574238777160645
0.1830390691757202
0.203706294298172
0.21226623654365537
0.23025149106979367
0.15916720032691956
0.16622862219810483
0.2513580620288849
0.21184226870536804
0.23364505171775815
0.1458730846643448
0.2110654413700104
0.22898095846176147
0.19189989566802976
0.16406530141830444
0.17528888583183289
0.21341010928153992
0.2150621712207794
0.20566260814666748
0.2070971131324768
0.20339789986610407
0.15804553031921387
0.15930092334747314
0.1929585039615631
0.2088652849197388
0.21235904097557068
0.18334460258483887
0.17022883892059326
0.18042585253715515
0.1943339407444
0.15564954280853271
0.19086819887161252
0.19502624869346616
0.2041160762310028
0.15391558408737183
0.18112120032310483
0.18587547540664673
0.2120530605316162
0.21026980876922607
0.16458794474601743
0.27277234196662903
0.2097840905189514
0.17945069074630737
0.1726582944393158
0.13609418272972107
0.21588853001594543
0.18984398245811465
0.24672800302505493
0.14683897793293
0.18337222933769223
0.19750356674194333
0.21316587924957275
0.2304984927177429
0.2183430790901184
0.20268952846527097
0.19245955348014832
0.23927387595176697
0.19054415822029117
0.211534321308136
0.15615522861480713
0.21101871132850647
0.1818636655807495
0.19558975100517273
0.20139217376708984
0.19443649053573608
0.22493696212768555
0.2340233623981476
0.21266928315162656
0.16017243266105652
0.17627736926078796
0.19101345539093015
0.16168850660324097
0.19394394755363464
0.1912133991718292
0.19268065690994263
0.20578476786613464
0.1722804605960846
0.18111884593963623
0.20771127939224243
0.19962596893310544
0.19417744874954224
0.20593205094337463
0.1861223578453064
0.20672929286956787
0.13808372616767883
0.19314712285995483
0.16960686445236206
0.21151313185691836
0.14766433835029602
0.18159142136573792
0.2239064574241638
0.1847676634788513
0.2132433354854584
0.2235090136528015
0.1558438539505005
0.16384124755859375
0.19924643635749817
0.17154303193092346
0.15704569220542908
0.1686838865280151
0.2037319540977478
0.16815632581710815
0.2057751417160034
0.2324644923210144
0.18746951222419736
0.22169828414916992
0.1965748071670532
0.1921791434288025
0.1980067789554596
0.17756605148315427
0.18916028738021848
0.24752524495124817
0.18908807635307312
0.19583556056022644
0.20470476150512693
0.18286654353141785
0.20918676257133484
0.20656543970108032
0.1830715537071228
0.16576731204986572
0.16833230853080747
0.17820733785629272
0.15315747261047363
0.2148494124412537
0.19168782234191892
0.2097304463386536
0.2064141929149628
0.20022204518318176
0.14847221970558167
0.2319524586200714
0.15961268544197083
0.20072403550148007
0.2619704604148865
0.12610849738121033
0.2404640316963196
0.25771835446357727
0.1811794638633728
0.188067764043808
0.2006206810474396
0.15233784914016724
0.17754361033439636
0.21441373229026797
0.1337149441242218
0.18318793177604675
0.191870778799057
0.18980398774147036
0.17743229866027832
0.21538698673248288
0.1358480155467987
0.2095414400100708
0.15334591269493103
0.21067371964454648
0.1754074990749359
0.189160019159317
0.17542541027069092
0.21450826525688169
0.1471593081951141
0.2025834321975708
0.20245957374572757
0.1511097252368927
0.20547205209732053
0.1669381558895111
0.15062791109085083
0.22257626056671145
0.1867307424545288
0.20415377616882324
0.2500057518482208
0.15127012133598328
0.20337432622909543
0.24896615743637085
0.15596866607666016
0.17028725147247314
0.1980879902839661
0.1525774598121643
0.1412679553031921
0.208517849445343
0.19586053490638727
0.175997257232666
0.20854881405830383
0.20799413323402405
0.1653957962989807
0.13959133625030515
0.22176843881607053
0.1819840371608734
0.17846393585205078
0.1856670081615448
0.1815929412841797
0.1827469766139984
0.17489546537399292
0.22276782989501956
0.15183356404304504
0.19755864143371585
0.1799687147140503
0.17871761322021484
0.1911716461181641
0.13434258103370667
0.15862998366355896
0.19500300288200376
0.1836964786052704
0.1872217357158661
0.19436970353126523
0.2147141396999359
0.22923520207405088
0.1946554183959961
0.1674984097480774
0.2055742144584656
0.21331346035003665
0.2067309617996216
0.1826660931110382
0.20876723527908325
0.22346967458724973
0.17308735847473145
0.19498544931411743
0.21248847246170044
0.20416671037673953
0.1819021701812744
0.1710319221019745
0.1677565574645996
0.2169841229915619
0.2041520178318024
0.16786974668502808
0.2393369674682617
0.20032149553298953
0.19331514835357663
0.16406598687171936
0.16295784711837769
0.1476514637470245
0.2210025489330292
0.2071484625339508
0.17560961842536926
0.2556834816932678
0.24918925762176516
0.1925863325595856
0.20615366101264956
0.20355916023254397
0.21926605701446533
0.1725276410579681
0.147805854678154
0.2301218509674072
0.19138994812965396
0.18336775898933408
0.16098639369010925
0.20943176746368408
0.2171695828437805
0.17402872443199155
0.1560755670070648
0.20580744743347168
0.1913985013961792
0.14715903997421265
0.15102046728134155
0.20653384923934937
0.1886269450187683
0.13583475351333618
0.22427731752395627
0.17969271540641785
0.21416333317756647
0.2235785126686096
0.21226391196250916
0.1808723509311676
0.2585287690162658
0.1711827516555786
0.2013110518455505
0.2653653025627136
0.19132819771766665
0.18474555015563965
0.1802290081977844
0.19952550530433652
0.1963214874267578
0.1780669391155243
0.18073150515556333
0.1945037543773651
0.20601841807365415
0.17006096243858335
0.18586343526840207
0.18673148751258847
0.13860204815864563
0.16947051882743835
0.13626810908317563
0.20992499589920044
0.21803921461105344
0.20083704590797424
0.23419743776321408
0.14208346605300903
0.2330355942249298
0.1355009824037552
0.20561718940734863
0.15343627333641052
0.21725288033485407
0.21772259473800656
0.209936648607254
0.217439204454422
0.1878000497817993
0.2013549208641052
0.18443354964256287
0.19580677151679993
0.23413726687431333
0.2172658145427704
0.2259952127933502
0.2018721103668213
0.15023323893547058
0.22780826687812805
0.19174376130104065
0.16996675729751587
0.1872694492340088
0.16387081146240234
0.17850536108016968
0.19109192490577695
0.16325151920318604
0.19087755680084229
0.22491014003753665
0.16662344336509705
0.2007320821285248
0.21559402346611023
0.12077964842319489
0.21773746609687805
0.22416794300079343
0.2172088325023651
0.2448265552520752
0.12647992372512817
0.22551107406616208
0.23558449745178223
0.21596014499664304
0.21968957781791687
0.1831364333629608
0.19334632158279416
0.21898868680000305
0.2039684951305389
0.17134535312652588
0.18006733059883115
0.13924700021743774
0.21621531248092649
0.1660836637020111
0.1982440650463104
0.185547798871994
0.20163840055465695
0.17513862252235413
0.24673336744308472
0.21147987246513367
0.14464709162712097
0.18334299325942996
0.25986602902412415
0.1894027590751648
0.16569027304649353
0.1926017999649048
0.19252088665962216
0.206743985414505
0.19487959146499637
0.1760704517364502
0.19341725111007688
0.20716372132301328
0.2266985774040222
0.21728873252868647
0.21950790286064148
0.18066108226776123
0.15027275681495667
0.22768297791481015
0.1897607147693634
0.17757686972618103
0.17785710096359253
0.1544723808765411
0.1771607995033264
0.2040826678276062
0.20469361543655396
0.18929991126060483
0.2055034637451172
0.1778028309345245
0.2550654113292694
0.19923019409179688
0.2211952805519104
0.1905423402786255
0.1394454836845398
0.20493775606155396
0.2251488566398621
0.18982771039009091
0.12315013259649275
0.166618674993515
0.17851126194000244
0.1669328808784485
0.1501939296722412
0.21351963281631467
0.19581601023674008
0.1928054392337799
0.21209847927093503
0.20478615164756772
0.16384476423263547
0.18386131525039673
0.17392441630363464
0.20743894577026367
0.17140278220176697
0.18556967377662656
0.21367666125297544
0.1787014901638031
0.21403533220291135
0.2090042233467102
0.2119493782520294
0.21215215325355527
0.25497400760650635
0.1950112581253052
0.18517044186592105
0.18760609626770017
0.23422825336456296
0.14886583387851715
0.22751399874687195
0.21360135078430173
0.14280080795288083
0.25443729758262634
0.1694454550743103
0.15778687596321103
0.17080283164978027
0.20284336805343628
0.19681286811828613
0.17414677143096924
0.2014935612678528
0.21334734559059143
0.2293618619441986
0.10628870129585266
0.14927735924720764
0.1995156705379486
0.22949492931365967
0.20572993159294128
0.20642727613449097
0.19264104962348935
0.15431782603263855
0.1937378942966461
0.19502997398376465
0.11680379509925842
0.1759953498840332
0.17077714204788208
0.22516894340515137
0.22675105929374692
0.1745988428592682
0.1864450573921204
0.16933584213256836
0.1934015154838562
0.21049457788467407
0.19991391897201535
0.20053613185882568
0.19384214282035828
0.1678679883480072
0.21833100914955136
0.1976028382778168
0.1961023509502411
0.14974114298820496
0.19808396697044367
0.19407409429550168
0.20515537261962888
0.17971140146255493
0.18955934047698972
0.190798282623291
0.2585900723934173
0.21167224645614624
0.1918013095855713
0.1271103322505951
0.17252886295318604
0.19682368636131287
0.18123549222946167
0.1987818479537964
0.20072925090789795
0.16858035326004028
0.13709490001201627
0.19862598180770877
0.2001725137233734
0.1880706548690796
0.22313207387924197
0.19894146919250488
0.23846089839935303
0.17760226130485535
0.18930178880691528
0.20537585020065308
0.16808640956878662
0.1852436661720276
0.1996102035045624
0.2262945771217346
0.18415981531143188
0.21018496155738833
0.18335705995559687
0.1773596704006195
0.22829148173332212
0.15479522943496704
0.17250412702560425
0.14428943395614624
0.19667893648147583
0.19858193397521967
0.18032830953598025
0.16441276669502258
0.22102496027946472
0.16461104154586792
0.23610851168632507
0.17524656653404236
0.20460495352745056
0.20549696683883664
0.185407429933548
0.16535529494285583
0.19827160239219663
0.19107574224472043
0.1670641005039215
0.2199707925319672
0.18486544489860532
0.16925945878028867
0.19440612196922305
0.2576831579208374
0.21065822243690488
0.13827908039093015
0.2103775441646576
0.1739867627620697
0.205390989780426
0.15224897861480713
0.19307586550712583
0.22443196177482605
0.20395150780677795
0.17408770322799683
0.18442335724830627
0.20341390371322632
0.17544081807136536
0.14056825637817383
0.197311133146286
0.22253507375717163
0.1907396912574768
0.18419724702835083
0.16825446486473083
0.16281089186668396
0.16295692324638367
0.2333171367645264
0.20080712437629697
0.1559605598449707
0.1592710316181183
0.2051814496517181
0.1830966770648956
0.19021400809288025
0.2015232741832733
0.22536450624465945
0.1857784390449524
0.22022473812103271
0.20640957355499268
0.2082827985286713
0.20546486973762512
0.21635636687278748
0.13258537650108335
0.1850086748600006
0.15293234586715698
0.22358089685440063
0.19607555866241452
0.17026633024215698
0.1961670517921448
0.2148885726928711
0.15550047159194946
0.18548154830932617
0.18806064128875727
0.15083512663841248
0.16284063458442688
0.21372368931770325
0.2264077067375183
0.22600427269935608
0.1833708584308624
0.18196359276771543
0.20856440067291257
0.19948258996009824
0.16093009710311887
0.2134279906749725
0.18139681220054624
0.21717581152915957
0.16175466775894165
0.19705700874328613
0.18130370974540713
0.20721173286437988
0.2246219515800476
0.16613343358039856
0.18124747276306152
0.23151451349258423
0.1740407347679138
0.20368528366088867
0.1709316372871399
0.19464263319969177
0.1664908230304718
0.1936044692993164
0.18871286511421204
0.20793944597244263
0.14882874488830566
0.21048572659492487
0.18138280510902405
0.1779783070087433
0.16859272122383115
0.15709051489830017
0.15725168585777283
0.18896025419235227
0.19128361344337463
0.14736515283584595
0.12205073237419128
0.19340482354164124
0.14542177319526672
0.22030511498451233
0.17225900292396543
0.1982448697090149
0.1530660092830658
0.17065241932868955
0.19570478796958923
0.1824273467063904
0.23389500379562375
0.16475844383239746
0.20910826325416565
0.204202800989151
0.17940229177474976
0.19726186990737915
0.22092241048812863
0.191752165555954
0.25161245465278625
0.22313407063484192
0.19259098172187805
0.178493469953537
0.18499490618705747
0.19568634033203125
0.19047555327415464
0.1556369662284851
0.1607097089290619
0.15474563837051392
0.15263360738754272
0.19315668940544128
0.198038786649704
0.21718889474868772
0.1952281594276428
0.2163938283920288
0.1866997182369232
0.1553335189819336
0.20283064246177676
0.16831529140472412
0.14699488878250122
0.1832594573497772
0.16404315829277039
0.21294471621513367
0.13324439525604248
0.17017719149589539
0.19356688857078552
0.21478253602981567
0.19347643852233887
0.16545280814170835
0.2049332857131958
0.1958851218223572
0.1808956265449524
0.23753383755683896
0.1745244562625885
0.1630040407180786
0.13287511467933655
0.20990821719169617
0.18938523530960083
0.17909109592437744
0.1781497299671173
0.19597673416137693
0.16524171829223633
0.1900257468223572
0.2003790438175201
0.17207637429237363
0.2103586196899414
0.2059621214866638
0.24227020144462583
0.2154735028743744
0.18760341405868527
0.20947304368019104
0.16971856355667114
0.2205491065979004
0.16065257787704468
0.20098865032196045
0.22144967317581177
0.19540101289749143
0.20028436183929443
0.1818451285362244
0.2292257845401764
0.1720421314239502
0.24840283393859863
0.21316471695899963
0.17361408472061157
0.20159244537353516
0.18965768814086917
0.16598767042160034
0.16631817817687988
0.18712815642356873
0.17383304238319397
0.15799152851104736
0.17883819341659543
0.19214072823524475
0.1644860804080963
0.1956644058227539
0.2277056872844696
0.19966527819633484
0.18307438492774963
0.1662734746932983
0.1947138011455536
0.1935831308364868
0.1904950439929962
0.18898984789848328
0.17315921187400815
0.18789896368980408
0.18269413709640503
0.16710877418518066
0.17449501156806943
0.18832191824913025
0.20578747987747192
0.21606239676475525
0.18472853302955627
0.22772365808486936
0.19042152166366577
0.1600990891456604
0.22845199704170227
0.17797726392745972
0.20758703351020807
0.15238934755325317
0.17706081271171567
0.2146984040737152
0.22285652160644528
0.17035165429115295
0.2094785273075104
0.18334141373634336
0.2012116312980652
0.19642615318298337
0.2035221457481384
0.21251681447029117
0.2454347312450409
0.2239855229854584
0.1848067343235016
0.17751437425613403
0.16793760657310483
0.18802261352539065
0.20142120122909543
0.15889686346054077
0.16627666354179382
0.24888479709625244
0.21729207038879397
0.153915673494339
0.14999857544898987
0.2218589186668396
0.1717434525489807
0.21345666050910947
0.1897686719894409
0.18594056367874143
0.19526049494743347
0.16055816411972043
0.14814770221710205
0.14549756050109863
0.20401325821876523
0.14367946982383728
0.15236607193946838
0.19816192984580996
0.17431816458702087
0.1776646375656128
0.21226635575294492
0.19540175795555115
0.20386958122253415
0.22462806105613708
0.1582437753677368
0.1728006601333618
0.23505589365959167
0.1122228428721428
0.18705934286117556
0.21584296226501465
0.23510077595710757
0.18561750650405884
0.16495510935783386
0.1682877242565155
0.2151896059513092
0.17875254154205322
0.16316717863082883
0.1870572865009308
0.19241356849670407
0.20929801464080808
0.154970645904541
0.21669685840606687
0.1793920397758484
0.2065128684043884
0.19211751222610476
0.13808164000511167
0.17928484082221985
0.1658022105693817
0.18860995769500727
0.17419329285621643
0.19943109154701233
0.23168250918388367
0.18864682316780088
0.1928159594535828
0.22753652930259705
0.16972064971923828
0.232369601726532
0.1594388484954834
0.20681095123291013
0.1641395390033722
0.20976999402046204
0.198748379945755
0.17082169651985168
0.18185096979141235
0.1726180911064148
0.20412439107894895
0.14414493739604947
0.16061100363731384
0.1822633445262909
0.2199256122112274
0.16318026185035703
0.20976251363754272
0.20014309883117676
0.18667379021644592
0.20072779059410092
0.20575842261314392
0.16451826691627502
0.1997232139110565
0.1536588966846466
0.16255852580070496
0.1771256923675537
0.16921374201774597
0.19105437397956848
0.21416047215461728
0.19727471470832825
0.2099834382534027
0.16310855746269226
0.20135998725891116
0.18931922316551208
0.24077001214027405
0.2367534637451172
0.22429087758064273
0.17952466011047363
0.1841818988323212
0.2516622543334961
0.16937094926834106
0.1878681182861328
0.20388686656951904
0.21301990747451785
0.22130623459815976
0.1931460201740265
0.20700791478157043
0.20366689562797544
0.20659741759300232
0.2198432683944702
0.20286762714385984
0.2273773550987244
0.1942487359046936
0.1850489377975464
0.20329773426055908
0.1979614496231079
0.1868178844451904
0.2195053398609161
0.18446916341781616
0.17789781093597412
0.20583879947662356
0.20599228143692017
0.16959428787231445
0.18110844492912287
0.21086496114730835
0.22743713855743408
0.15714594721794128
0.180599182844162
0.20469003915786743
0.19857698678970337
0.1878414750099182
0.25257980823516846
0.24094414710998532
0.25905928015708923
0.16295927762985227
0.18241521716117856
0.22878172993659973
0.2397993206977844
0.18444857001304624
0.21105980873107913
0.17816331982612607
0.19606369733810425
0.19361570477485657
0.2041032910346985
0.1848977506160736
0.1893746256828308
0.2119733691215515
0.19323667883872983
0.20892164111137393
0.2243671417236328
0.177452951669693
0.2424032688140869
0.20049217343330383
0.17316821217536926
0.1410078406333923
0.14031879603862762
0.14012661576271057
0.18644243478775024
0.20923879742622373
0.20248678326606753
0.20078653097152707
0.2261197865009308
0.18333294987678528
0.24052706360816956
0.1957173943519592
0.15159547328948975
0.20826080441474917
0.18155673146247864
0.1960809826850891
0.1959841549396515
0.17905184626579285
0.16671806573867795
0.2455366849899292
0.15557709336280823
0.24981161952018735
0.19067665934562683
0.19262954592704767
0.17968133091926575
0.18776267766952515
0.15580883622169495
0.19784900546073916
0.2160438895225525
0.1641581654548645
0.21400418877601624
0.15870916843414307
0.19425666332244876
0.18460986018180847
0.20877757668495175
0.19203197956085205
0.18498829007148743
0.22540229558944705
0.17594346404075623
0.19231289625167847
0.1929418444633484
0.18977177143096924
0.18146973848342893
0.2187352478504181
0.17665836215019226
0.17820307612419128
0.19172635674476624
0.1983352899551392
0.1811872720718384
0.22979277372360227
0.20524913072586057
0.22386136651039124
0.16574329137802124
0.18052244186401367
0.18814316391944885
0.1969033777713776
0.17006203532218933
0.19566527009010315
0.19822785258293152
0.2123887240886688
0.1843092143535614
0.19845980405807492
0.17518186569213867
0.18514284491539
0.1635414361953735
0.20468470454216003
0.20977932214736936
0.21216547489166257
0.1607084572315216
0.18847435712814328
0.20033499598503113
0.2369878888130188
0.2055180370807648
0.18961089849472043
0.19837448000907895
0.18419364094734192
0.20858561992645264
0.19788858294487
0.15921974182128906
0.2083246409893036
0.2047961950302124
0.19884318113327024
0.1494915783405304
0.19749408960342407
0.2268608510494232
0.15076187252998352
0.17848336696624756
0.21673661470413208
0.14921516180038452
0.19046834111213684
0.15998005867004395
0.17703688144683835
0.13347183167934415
0.17606869339942932
0.2204755246639252
0.16896861791610715
0.1739339530467987
0.2022511959075928
0.1842155158519745
0.17665281891822815
0.18361061811447144
0.16691771149635315
0.20333832502365112
0.19412150979042053
0.15287405252456665
0.19968122243881223
0.15971186757087708
0.2335369288921356
0.17865204811096191
0.14687305688858032
0.16244244575500488
0.22623911499977112
0.16381895542144775
0.18070706725120544
0.18291109800338745
0.1995568871498108
0.2252759635448456
0.21028217673301697
0.2158870100975037
0.16481328010559082
0.2079834342002869
0.2732895314693451
0.224592387676239
0.22074276208877563
0.15647858381271362
0.14935272932052612
0.22828748822212216
0.16079777479171753
0.1868093311786652
0.19836774468421936
0.16308313608169556
0.18631449341773984
0.17382070422172546
0.1935425698757172
0.19841095805168152
0.19174456596374512
0.23893123865127563
0.17578259110450745
0.22398018836975095
0.16268783807754517
0.15244761109352112
0.1777845025062561
0.2120039463043213
0.20349290966987607
0.16413894295692444
0.21015349030494687
0.2216244637966156
0.17978709936141968
0.18965649604797363
0.17804446816444397
0.22582480311393735
0.17293980717658997
0.2263124883174896
0.18067133426666257
0.21711426973342893
0.12202250212430953
0.22166624665260315
0.1823853552341461
0.20291727781295776
0.16834568977355957
0.1670229732990265
0.21524932980537412
0.1842837631702423
0.1726035475730896
0.23471334576606753
0.20686227083206177
0.17233961820602417
0.2125632464885712
0.22581604123115537
0.2210525870323181
0.15006065368652344
0.223313182592392
0.16617229580879211
0.16683286428451538
0.15964815020561218
0.15641644597053528
0.23607805371284485
0.15817174315452576
0.16718152165412903
0.2160238027572632
0.20775952935218808
0.2089746296405792
0.16208112239837646
0.19179800152778623
0.22206503152847287
0.21937137842178345
0.20794185996055603
0.17288377881050107
0.16260716319084167
0.2370927333831787
0.20099401473999023
0.1938698887825012
0.1529557108879089
0.2013239562511444
0.2118715047836304
0.18207189440727237
0.19990679621696472
0.16425514221191406
0.2299533188343048
0.2451453506946564
0.15348011255264282
0.19411227107048035
0.17722749710083008
0.2012077271938324
0.16662636399269104
0.1841824948787689
0.20714628696441648
0.2090124785900116
0.16190609335899353
0.21689531207084653
0.19819536805152893
0.21839207410812375
0.21926620602607727
0.18627592921257016
0.15454426407814023
0.1670076549053192
0.16955557465553284
0.1980684399604797
0.15634062886238098
0.1675909161567688
0.15553724765777588
0.1421893686056137
0.1934191584587097
0.19276365637779236
0.17423194646835327
0.16559210419654846
0.18068006634712216
0.19863411784172055
0.17844313383102417
0.17596599459648132
0.2108670473098755
0.17667555809020996
0.17724543809890747
0.21820732951164243
0.1496278941631317
0.19232460856437683
0.17949748039245603
0.15873670578002927
0.2294999957084656
0.18406739830970764
0.2076866030693054
0.19765090942382807
0.21182802319526672
0.18095719814300537
0.16222909092903137
0.21076872944831848
0.1690220832824707
0.20366209745407104
0.21228867769241333
0.20254868268966675
0.2151915431022644
0.2047061920166016
0.21510452032089236
0.17945879697799683
0.2242414355278015
0.21657851338386533
0.18034628033638
0.15262329578399658
0.21191301941871643
0.20065683126449585
0.2069997191429138
0.20359057188034055
0.2026673853397369
0.2301378548145294
0.19782096147537231
0.15935102105140686
0.20562303066253665
0.19818028807640076
0.11160118132829666
0.19931924343109128
0.23585093021392825
0.22981402277946472
0.21550908684730527
0.18815600872039795
0.1370897740125656
0.16892439126968384
0.21177393198013303
0.1830095946788788
0.14926877617835999
0.19375592470169067
0.16341426968574524
0.21588727831840515
0.21888905763626096
0.13561800122261047
0.1636410653591156
0.18505999445915225
0.18957340717315677
0.17258265614509583
0.14059627056121826
0.16983860731124875
0.1870523691177368
0.198269784450531
0.13596946001052856
0.16966277360916135
0.1892525255680084
0.1843556761741638
0.2109354138374329
0.18523710966110227
0.19387987256050107
0.22911882400512693
0.1875242292881012
0.17678973078727722
0.16976171731948853
0.19323432445526123
0.14585694670677185
0.2089555859565735
0.16108450293540955
0.20779505372047424
0.19231614470481873
0.2222415506839752
0.13729533553123474
0.16355222463607788
0.19360473752021787
0.20224744081497192
0.15582013130187988
0.17084890604019165
0.15785107016563416
0.1632901132106781
0.15210211277008057
0.1743190586566925
0.2079477608203888
0.18061786890029907
0.2107168734073639
0.18298745155334473
0.20707252621650693
0.18339645862579343
0.1634143590927124
0.15861079096794128
0.148879736661911
0.1358242630958557
0.16996657848358154
0.22300362586975095
0.1582433581352234
0.168876051902771
0.15364322066307068
0.22651904821395877
0.1418004035949707
0.21181306242942807
0.21112576127052307
0.19799593091011047
0.23609417676925656
0.17490705847740173
0.1680423319339752
0.16284072399139404
0.1396031379699707
0.19134244322776797
0.185649573802948
0.21902397274971008
0.2091566026210785
0.20104160904884336
0.22403642535209653
0.20046874880790713
0.20847451686859128
0.18816906213760373
0.23419907689094543
0.13076460361480713
0.13788720965385437
0.20266494154930115
0.18705949187278748
0.2390456199645996
0.16506934165954587
0.19770377874374387
0.2382609248161316
0.16390061378479004
0.15433907508850095
0.19352588057518005
0.137909859418869
0.17379197478294373
0.1547394096851349
0.1792166829109192
0.2100001275539398
0.19931301474571228
0.1994793117046356
0.16395968198776245
0.18919196724891665
0.1878003776073456
0.2062485218048096
0.16139182448387146
0.1769590675830841
0.22474125027656555
0.1737368404865265
0.19848525524139404
0.17586609721183777
0.17459744215011597
0.19833362102508545
0.1777428388595581
0.15249541401863098
0.155461847782135
0.14055272936820984
0.1936676800251007
0.15294808149337769
0.2310045659542084
0.2185006737709045
0.1736934185028076
0.1763972043991089
0.2175648510456085
0.1788218915462494
0.17756035923957825
0.18074962496757507
0.17873692512512207
0.14090746641159055
0.22707161307334897
0.20725521445274356
0.20990398526191711
0.15667715668678284
0.25080442428588867
0.1921125948429108
0.1846855878829956
0.14513853192329407
0.2092425227165222
0.18645331263542173
0.18580493330955505
0.1891728043556213
0.17526158690452576
0.22430378198623657
0.16885769367218015
0.2241295874118805
0.18476557731628415
0.1661052107810974
0.21086207032203677
0.20090320706367487
0.2094556987285614
0.16888728737831116
0.1302097588777542
0.210663378238678
0.1595277190208435
0.22011324763298035
0.21886360645294187
0.20192751288414
0.20592567324638367
0.19182494282722476
0.19950234889984128
0.1755823791027069
0.21813997626304624
0.19116047024726868
0.2288956642150879
0.192948579788208
0.16651073098182678
0.21273142099380493
0.20058009028434756
0.1627945899963379
0.1921822428703308
0.17430198192596436
0.17537027597427368
0.18120017647743225
0.1410033106803894
0.20147165656089783
0.19187283515930173
0.17816820740699768
0.18006914854049683
0.1745854914188385
0.19653579592704767
0.20882698893547055
0.21670639514923093
0.1961406171321869
0.15439996123313904
0.159358948469162
0.1935938596725464
0.169165700674057
0.1693367063999176
0.19803181290626523
0.16272330284118652
0.19628691673278809
0.1960469186306
0.1999967396259308
0.2006575167179108
0.17026150226593015
0.1956304907798767
0.2061971127986908
0.21814757585525513
0.20442378520965576
0.1527571678161621
0.21919846534729004
0.149532288312912
0.21391612291336057
0.22322648763656616
0.20123177766799927
0.15740716457366943
0.2085115313529968
0.18096962571144104
0.1646290421485901
0.19819933176040647
0.1334075033664703
0.1943491697311401
0.1887660920619965
0.2066790759563446
0.1955256164073944
0.2484983205795288
0.19375029206275937
0.2226799428462982
0.14838944375514984
0.1840156316757202
0.22394248843193051
0.20664733648300168
0.1716918647289276
0.23116201162338257
0.24748557806015012
0.1927205920219421
0.23159086704254153
0.1714264154434204
0.1548510193824768
0.174393892288208
0.18645808100700376
0.16893664002418518
0.17081525921821594
0.13698458671569824
0.19827389717102048
0.19813230633735657
0.14061929285526276
0.23899841308593753
0.16367533802986145
0.1623801589012146
0.21696221828460693
0.21586814522743225
0.11541127413511276
0.2148270010948181
0.20896089076995847
0.2027137279510498
0.21269431710243225
0.1262552440166473
0.21444731950759888
0.21901559829711917
0.22702020406723025
0.1996108293533325
0.18832090497016904
0.1855834722518921
0.2074517607688904
0.17213216423988342
0.19415584206581116
0.19622960686683652
0.20706647634506223
0.1851045787334442
0.18015670776367188
0.1944386661052704
0.27038806676864624
0.17968949675559995
0.17844727635383603
0.19509181380271912
0.1833000481128693
0.1961180567741394
0.19129604101181033
0.19157731533050537
0.15390765666961667
0.18028867244720456
0.1829819083213806
0.19569867849349973
0.1744559407234192
0.1907881200313568
0.17378410696983335
0.23180213570594788
0.2563427984714508
0.1986239850521088
0.20594888925552368
0.19006043672561643
0.16352570056915283
0.2046397030353546
0.14397165179252625
0.22587633132934568
0.1532360017299652
0.1356874406337738
0.1681356430053711
0.2761698067188263
0.20836195349693296
0.23747289180755612
0.22237929701805115
0.21454027295112607
0.1844221651554108
0.14387398958206177
0.195354163646698
0.23411408066749567
0.194292426109314
0.23688182234764096
0.12877342104911804
0.2077067792415619
0.1809045970439911
0.2074149250984192
0.21252375841140747
0.20354872941970825
0.18552324175834653
0.197159081697464
0.1957058608531952
0.22349220514297485
0.2147640287876129
0.2228870391845703
0.21754157543182373
0.18627268075942996
0.14326170086860657
0.23978933691978452
0.17097875475883484
0.20229920744895932
0.192258894443512
0.22600209712982175
0.2311861217021942
0.21486809849739075
0.17094066739082336
0.19429832696914673
0.16298341751098633
0.2165547609329224
0.17577052116394043
0.17141711711883545
0.17822757363319397
0.18751773238182068
0.18647485971450803
0.14657887816429138
0.16185936331748962
0.2029080390930176
0.18795487284660337
0.241875022649765
0.16171979904174805
0.15958157181739807
0.2086055874824524
0.18792492151260373
0.17485690116882324
0.19789427518844604
0.18008652329444885
0.14955750107765195
0.1562238037586212
0.20013055205345157
0.22040989995002744
0.1835963726043701
0.18121102452278137
0.1708439588546753
0.22189429402351377
0.2217184603214264
0.17420920729637146
0.18409809470176697
0.1630144715309143
0.21019363403320312
0.19340750575065607
0.1749783754348755
0.14962005615234375
0.19878265261650083
0.16943877935409543
0.20175981521606445
0.19791013002395627
0.1782284379005432
0.19777071475982663
0.2330758273601532
0.1982807815074921
0.16458547115325928
0.165111243724823
0.18818512558937073
0.18252289295196533
0.2034815847873688
0.14980179071426392
0.15628308057785034
0.19499707221984863
0.20807787775993347
0.20360109210014343
0.18290621042251584
0.1445811092853546
0.22743386030197144
0.1878763735294342
0.20465970039367676
0.2050688862800598
0.1560559868812561
0.2037253379821777
0.23784017562866208
0.1768658459186554
0.17349910736083984
0.17809301614761353
0.20749989151954648
0.21495604515075684
0.14757689833641052
0.2124630510807037
0.18348091840744016
0.23360022902488708
0.1796245574951172
0.19132670760154724
0.16711559891700745
0.18955764174461365
0.18575394153594968
0.1878482699394226
0.175324410200119
0.1939033567905426
0.1868317425251007
0.2053050398826599
0.18440771102905276
0.20900410413742063
0.18690961599349973
0.1988767981529236
0.17130717635154724
0.1430000364780426
0.22700259089469907
0.15578904747962952
0.18962088227272036
0.21899619698524475
0.21934154629707336
0.158570796251297
0.14567628502845764
0.19166833162307736
0.23216482996940607
0.20988091826438904
0.17273500561714172
0.11773081123828888
0.197916179895401
0.22292760014534
0.2043366432189941
0.21102148294448847
0.1768704354763031
0.19447574019432068
0.16912785172462463
0.14958921074867249
0.19129908084869385
0.14986830949783325
0.21149915456771848
0.22754791378974917
0.17652025818824768
0.19592568278312683
0.19227123260498047
0.18959724903106687
0.21142929792404172
0.22984501719474792
0.2079532742500305
0.18878746032714844
0.18266323208808896
0.17444968223571777
0.15211325883865356
0.2050025761127472
0.1620745062828064
0.21316656470298767
0.18630877137184143
0.15328186750411987
0.1224200651049614
0.17641010880470276
0.2224695384502411
0.18118807673454285
0.20507678389549253
0.1950916349887848
0.22098544239997864
0.170102059841156
0.24349769949913025
0.17908325791358948
0.18317097425460813
0.14801450073719025
0.18221929669380188
0.18772399425506592
0.18068465590476987
0.1908265650272369
0.1693808138370514
0.17453378438949585
0.1885886192321777
0.21422553062438965
0.1966476142406464
0.16963294148445127
0.16069155931472778
0.23655748367309568
0.18182402849197388
0.1779663860797882
0.2057712972164154
0.202715128660202
0.19219574332237244
0.23034238815307617
0.2052961587905884
0.15139025449752808
0.15231773257255554
0.16969171166419983
0.2261314690113068
0.17013126611709595
0.186564564704895
0.2376790940761566
0.12272536754608154
0.20826092362403867
0.1951119005680084
0.18085211515426636
0.1488433927297592
0.19844117760658264
0.19214528799057007
0.2213172912597656
0.17418864369392395
0.18562462925910947
0.20321753621101377
0.1598150134086609
0.18254730105400083
0.19801118969917297
0.18805554509162903
0.21291205286979675
0.1476120948791504
0.21305412054061887
0.12378274649381636
0.22019612789154047
0.17717987298965454
0.22685953974723813
0.2652256190776825
0.19444653391838077
0.1936480700969696
0.151725172996521
0.14791220426559448
0.17224538326263428
0.20624861121177676
0.1626632809638977
0.18845355510711667
0.2350490093231201
0.21116116642951965
0.1774351596832275
0.16673004627227783
0.1680602729320526
0.19190701842308044
0.12787598371505737
0.20548653602600095
0.1885589063167572
0.15014678239822388
0.2182981967926025
0.19735369086265564
0.1790873110294342
0.20968440175056455
0.1897205114364624
0.19937455654144287
0.2224092483520508
0.18004634976387024
0.1964391767978668
0.17065316438674927
0.19432455301284793
0.19373938441276553
0.2589810788631439
0.21486288309097287
0.16717734932899475
0.23376542329788208
0.234373152256012
0.19703438878059387
0.2027304172515869
0.15949317812919617
0.1493079662322998
0.1717913448810577
0.21444883942604065
0.19935655593872073
0.21583458781242368
0.16532838344573975
0.19917565584182736
0.18834415078163144
0.22074806690216064
0.1733359694480896
0.18730649352073667
0.16013091802597043
0.17702016234397888
0.19364678859710693
0.20041117072105408
0.1549164056777954
0.1826462745666504
0.19226714968681333
0.1995725929737091
0.1879918277263641
0.1616095006465912
0.2462697923183441
0.17353913187980652
0.1383623480796814
0.18755248188972476
0.16009643673896787
0.21720129251480105
0.17043650150299072
0.20844018459320068
0.1760970950126648
0.23371806740760803
0.19136869907379153
0.1840840578079224
0.15101048350334167
0.1963171362876892
0.21595805883407593
0.20395874977111816
0.1724209487438202
0.2239274084568024
0.26439666748046875
0.18580496311187744
0.2570013999938965
0.1862068474292755
0.17164209485054016
0.2315062880516052
0.23880237340927124
0.22284287214279172
0.182850182056427
0.26242569088935846
0.18264377117156985
0.20866897702217105
0.2092941105365753
0.234527200460434
0.2302139103412628
0.20144954323768613
0.1908384561538696
0.18259114027023315
0.16236990690231323
0.188023179769516
0.22053769230842593
0.20516833662986755
0.16942158341407776
0.20265495777130127
0.20436733961105344
0.21759307384490967
0.1559695303440094
0.2106940448284149
0.20086556673049927
0.1988074481487274
0.1835193634033203
0.14610064029693604
0.16830575466156003
0.20937365293502808
0.21271860599517825
0.19590321183204648
0.18750175833702087
0.16923505067825317
0.1453263759613037
0.2523224949836731
0.17905005812644958
0.16704118251800537
0.1743195354938507
0.19477415084838867
0.20059522986412048
0.18173870444297793
0.2320101857185364
0.17506080865859985
0.19738373160362244
0.2084466516971588
0.18502604961395264
0.1856101155281067
0.1490265280008316
0.18790388107299805
0.12804138660430908
0.16968995332717896
0.20935305953025815
0.1748812198638916
0.20774930715560916
0.1947035789489746
0.2119784653186798
0.19559374451637268
0.16551771759986875
0.17454811930656433
0.21577340364456177
0.18455445766448972
0.18761014938354487
0.18180787563323972
0.2196181416511536
0.21830505132675168
0.19818386435508728
0.21580928564071652
0.19680672883987424
0.15891915559768677
0.21837037801742556
0.20267909765243527
0.20253702998161316
0.21749886870384216
0.19263654947280884
0.19959709048271176
0.18143805861473083
0.14210253953933716
0.1906020939350128
0.1981176733970642
0.24217408895492556
0.2100800573825836
0.17540797591209412
0.19673752784729004
0.15077906847000122
0.17747062444686887
0.17509472370147705
0.15800252556800842
0.17177709937095642
0.19538602232933044
0.2024049460887909
0.16558825969696045
0.2428897321224213
0.15088868141174316
0.2019384801387787
0.15535646677017212
0.17480164766311643
0.2029572427272797
0.20104968547821045
0.20451015233993527
0.16117608547210693
0.17845770716667175
0.14062058925628662
0.21646443009376523
0.21930351853370664
0.13057339191436768
0.17458698153495789
0.19914969801902768
0.23180681467056277
0.15165257453918457
0.1982914507389069
0.20995149016380313
0.17533966898918152
0.2125301659107208
0.18847689032554624
0.20291149616241452
0.1818603873252869
0.21620765328407288
0.1531108021736145
0.2051810324192047
0.19169551134109497
0.1556265950202942
0.19593825936317444
0.21035251021385193
0.20033124089241028
0.1385478675365448
0.2152842283248901
0.19308203458786008
0.20108190178871155
0.1875843405723572
0.16468611359596252
0.158697247505188
0.20441186428070068
0.1695515215396881
0.2012566328048706
0.1701972484588623
0.16969799995422363
0.16257447004318237
0.18528762459754944
0.16322830319404602
0.16162028908729553
0.2249523401260376
0.18946024775505063
0.1824120581150055
0.15426009893417358
0.1744166314601898
0.15457281470298767
0.1749388575553894
0.17615577578544617
0.17316555976867676
0.221867710351944
0.17797356843948364
0.21808868646621704
0.15424755215644836
0.24633607268333435
0.22508373856544492
0.19429031014442444
0.20201978087425232
0.17332330346107483
0.17863121628761292
0.16391879320144653
0.17598894238471985
0.2088354527950287
0.18279519677162168
0.17259830236434937
0.17068511247634888
0.21266528964042664
0.22343838214874268
0.1913616359233856
0.1515960693359375
0.22283115983009336
0.18885934352874756
0.16053733229637146
0.18351638317108157
0.15382611751556396
0.2057308852672577
0.21514657139778137
0.20753332972526553
0.13406357169151306
0.15888604521751404
0.13648808002471924
0.18444490432739255
0.17555060982704163
0.19647982716560364
0.18800929188728327
0.19849172234535217
0.21981552243232727
0.2319953739643097
0.24630430340766904
0.13301393389701843
0.2304021120071411
0.1861852705478668
0.18505460023880005
0.20270133018493647
0.20240071415901184
0.18025869131088257
0.15918713808059692
0.23459333181381223
0.21028873324394223
0.23987463116645807
0.2000488638877869
0.18701153993606567
0.21334034204483032
0.19903749227523804
0.17015105485916135
0.21438989043235776
0.15347376465797424
0.16445612907409668
0.14336946606636047
0.19271695613861084
0.21041089296340945
0.19576463103294367
0.21105304360389707
0.246758371591568
0.1926889419555664
0.22705784440040588
0.1895549297332764
0.16501879692077637
0.20351004600524905
0.18893218040466309
0.18020731210708615
0.22935596108436584
0.2068985402584076
0.1317569613456726
0.2150878608226776
0.22321304678916928
0.20511287450790405
0.1977141499519348
0.1812654137611389
0.15992245078086853
0.2361072599887848
0.16189688444137573
0.16542968153953552
0.1881962418556213
0.18595063686370847
0.12308581918478012
0.18999832868576047
0.17092478275299072
0.1868276596069336
0.19760936498641968
0.13657113909721375
0.19784659147262573
0.23684775829315183
0.21885883808135984
0.21063002943992612
0.2002359926700592
0.1958162486553192
0.2520463764667511
0.20262932777404785
0.17072042822837827
0.17194321751594543
0.18511933088302607
0.20153003931045527
0.20679557323455808
0.20315805077552795
0.18334564566612244
0.17043057084083557
0.19412583112716675
0.17001140117645264
0.2069478631019592
0.17650467157363892
0.1484955847263336
0.1434289813041687
0.2782805562019348
0.20096915960311887
0.2314375638961792
0.1667245328426361
0.21050333976745603
0.1975040137767792
0.21665289998054504
0.24013474583625796
0.18367373943328855
0.22441223263740537
0.1738922894001007
0.14666235446929932
0.22954311966896057
0.15806373953819275
0.2518505156040192
0.200752317905426
0.20513394474983213
0.22664889693260193
0.17824119329452515
0.2175370752811432
0.2029564082622528
0.2162384986877441
0.1879900097846985
0.2196007072925568
0.15162032842636108
0.19536525011062625
0.19504159688949585
0.22240000963211057
0.16680866479873657
0.2363762259483337
0.1470077931880951
0.16078853607177734
0.20096918940544128
0.1859722137451172
0.21687957644462583
0.21403780579566956
0.1785013377666473
0.18466538190841675
0.20240500569343567
0.199566513299942
0.19032487273216248
0.19514739513397217
0.2216506600379944
0.20097950100898743
0.17042994499206543
0.1943116784095764
0.1864992380142212
0.17118310928344727
0.23166951537132263
0.1765746772289276
0.18968427181243896
0.196062296628952
0.2071308791637421
0.217129111289978
0.21568837761878967
0.2138467729091644
0.16375434398651123
0.21362844109535217
0.181780219078064
0.1760546863079071
0.212860107421875
0.20941418409347531
0.16054993867874143
0.1480819284915924
0.1846967041492462
0.2099329233169556
0.21860501170158383
0.17573499679565427
0.20481029152870175
0.10602123290300368
0.18669226765632627
0.16780567169189453
0.22746872901916504
0.21757009625434875
0.20329406857490537
0.16733166575431824
0.23445379734039304
0.21164631843566892
0.15204808115959167
0.185176819562912
0.16200590133666992
0.21047091484069824
0.1538327932357788
0.17867237329483032
0.15626880526542664
0.17194563150405884
0.21453809738159177
0.1370221972465515
0.19722849130630493
0.18057355284690857
0.1580064594745636
0.15780436992645264
0.20487201213836667
0.19714000821113584
0.19117251038551328
0.18545508384704587
0.17252877354621887
0.2163245379924774
0.19827309250831604
0.20996505022048953
0.17038023471832275
0.1344229280948639
0.2160238027572632
0.20871749520301816
0.20896223187446597
0.21176552772521967
0.13879719376564023
0.17783913016319275
0.17878177762031555
0.16185596585273743
0.22482788562774655
0.1990300416946411
0.19542539119720456
0.2197956144809723
0.18583804368972776
0.2089050114154816
0.20004552602767944
0.19976490736007688
0.2044418752193451
0.17276206612586975
0.19295838475227356
0.20442357659339905
0.15088194608688354
0.15114864706993103
0.17936670780181885
0.1493455469608307
0.18836364150047305
0.23488622903823847
0.1719314157962799
0.1571965217590332
0.20178639888763428
0.2040809392929077
0.22874245047569275
0.1821983754634857
0.22664031386375427
0.17331424355506897
0.22458204627037048
0.1735166311264038
0.20822688937187195
0.1876126527786255
0.18556681275367737
0.22268426418304443
0.18944561481475833
0.15478762984275815
0.2127811014652252
0.191057950258255
0.1995444893836975
0.14149531722068787
0.228325754404068
0.18586018681526184
0.1763613224029541
0.19796910881996155
0.17119154334068298
0.21396964788436887
0.14556074142456055
0.167878121137619
0.13618239760398865
0.20010748505592343
0.1798488199710846
0.1414858102798462
0.15712857246398923
0.23240041732788083
0.1493324637413025
0.20044109225273127
0.18729019165039065
0.18524280190467837
0.1859990954399109
0.14085873961448667
0.22156852483749387
0.17863169312477112
0.20079004764556885
0.19260540604591367
0.16693243384361267
0.1879554092884064
0.21060398221015927
0.22006770968437195
0.18156617879867556
0.19938087463378903
0.211984783411026
0.19191595911979675
0.18274053931236267
0.14878234267234802
0.14741510152816772
0.15312713384628296
0.1898716986179352
0.20362588763237
0.1980213820934296
0.188687264919281
0.15119242668151855
0.2173713147640228
0.17772996425628662
0.20302787423133847
0.14822471141815183
0.18209108710289
0.17084604501724243
0.20417180657386777
0.21129345893859863
0.1879201829433441
0.14004260301589963
0.1523270308971405
0.192733496427536
0.17511507868766785
0.21116214990615845
0.18915003538131717
0.18169173598289487
0.18662601709365845
0.21190768480300903
0.16300073266029355
0.17024680972099304
0.21171116828918457
0.18174189329147336
0.18655848503112793
0.1678922474384308
0.19394794106483457
0.23576840758323667
0.20807969570159912
0.20375013351440427
0.18865910172462463
0.17116057872772217
0.19138723611831665
0.17794278264045715
0.19045716524124143
0.15282422304153442
0.18414726853370664
0.20329290628433228
0.22825363278388977
0.2081792950630188
0.1764012575149536
0.20943054556846616
0.20514261722564697
0.16414442658424375
0.18521618843078613
0.1699943244457245
0.1437886506319046
0.23453304171562195
0.184592604637146
0.16489538550376892
0.20833459496498108
0.21930015087127683
0.19353222846984863
0.17647746205329895
0.24147555232048035
0.23136737942695615
0.22899350523948667
0.1736840307712555
0.22024160623550412
0.15344268083572388
0.16951721906661987
0.19256243109703064
0.20744839310646057
0.18901246786117556
0.22610846161842343
0.19980055093765256
0.20917215943336487
0.16990190744400024
0.23753759264945984
0.12574636936187744
0.2263715863227844
0.22076854109764096
0.184951514005661
0.13416248559951782
0.245352566242218
0.23718407750129697
0.19264876842498777
0.2054922580718994
0.1982877850532532
0.1981763243675232
0.1707163155078888
0.17651662230491638
0.18524381518363953
0.22171184420585632
0.17419683933258057
0.21620279550552368
0.16075140237808228
0.18536624312400815
0.21795597672462463
0.17881017923355103
0.20214983820915225
0.16877001523971555
0.18668290972709653
0.16341370344161987
0.19107553362846372
0.1743772327899933
0.20689702033996585
0.13688215613365173
0.1361793875694275
0.14510628581047058
0.18065163493156436
0.19126847386360168
0.1830044984817505
0.19283783435821533
0.14645272493362427
0.20496392250061035
0.22053340077400208
0.20428603887557983
0.1992540955543518
0.1651879251003265
0.25585213303565973
0.16679370403289795
0.19339290261268613
0.143140971660614
0.15828892588615415
0.21353635191917417
0.1728880405426025
0.1768275201320648
0.20134085416793823
0.14988675713539124
0.1774787604808807
0.1319597363471985
0.20320042967796323
0.19606065750122073
0.23135477304458615
0.21368184685707087
0.15705758333206177
0.18061721324920652
0.2054825723171234
0.16455060243606567
0.2114179730415344
0.15603899955749512
0.1907709836959839
0.1867229640483856
0.21451318264007568
0.18056705594062805
0.16389998793601987
0.194636732339859
0.20950600504875183
0.16020098328590393
0.18801978230476377
0.13214969635009763
0.2061557173728943
0.21498653292655945
0.18009459972381592
0.2416350543498993
0.25487613677978516
0.1593358814716339
0.19179448485374448
0.18594625592231753
0.21709483861923215
0.10871339589357376
0.19144055247306824
0.17811548709869385
0.20455342531204224
0.18419229984283447
0.16040822863578796
0.18652123212814328
0.1797865331172943
0.2066302299499512
0.20433002710342407
0.2756670415401459
0.1681709885597229
0.16924309730529785
0.15428471565246582
0.28269875049591064
0.22925886511802676
0.20717537403106687
0.2219965755939484
0.1649534702301025
0.19721981883049008
0.1967666447162628
0.20529091358184812
0.23081666231155396
0.20786213874816892
0.23325517773628235
0.23544797301292417
0.13457792997360227
0.17520704865455627
0.2035476267337799
0.2088788151741028
0.16061392426490784
0.17497029900550842
0.19336396455764768
0.18701598048210144
0.17095711827278137
0.1685906946659088
0.2089687287807465
0.2012638449668884
0.1762903332710266
0.18504557013511655
0.18167465925216675
0.1832139194011688
0.24244666099548337
0.19819298386573792
0.20022946596145627
0.23176357150077817
0.2039481997489929
0.18947577476501465
0.16528668999671936
0.19237765669822687
0.2122512757778168
0.2009737491607666
0.20914980769157407
0.18921327590942383
0.20176589488983157
0.18729227781295776
0.1757613718509674
0.17788824439048767
0.19693374633789065
0.15748015046119687
0.21837273240089417
0.17497572302818298
0.2202428877353668
0.19745895266532895
0.1837612986564636
0.18017667531967163
0.11712477356195448
0.2028324604034424
0.2506915032863617
0.26830968260765076
0.19997951388359067
0.20912602543830872
0.15786588191986084
0.2509017288684845
0.1600395143032074
0.1880638003349304
0.18680807948112488
0.14858633279800415
0.16100099682807922
0.15681710839271543
0.16074928641319275
0.19625324010849
0.19546607136726377
0.16942885518074036
0.2026255428791046
0.18705704808235168
0.20174959301948547
0.17201122641563416
0.20542258024215695
0.19349336624145508
0.20759984850883484
0.2303456962108612
0.21975323557853696
0.14650334417819977
0.2336987257003784
0.2100134789943695
0.21601614356040957
0.18466705083847043
0.19825628399848935
0.20975044369697568
0.16938307881355283
0.2068781554698944
0.20612770318984985
0.20201706886291504
0.15296417474746704
0.20993852615356445
0.22439017891883847
0.1687260866165161
0.23300164937973025
0.17030584812164307
0.16398075222969055
0.19804874062538144
0.18875816464424133
0.169332355260849
0.20423632860183716
0.2042980790138245
0.205239862203598
0.15164500474929807
0.21277132630348203
0.1627024412155151
0.2047164738178253
0.18485209345817563
0.1884147822856903
0.19130244851112363
0.23335590958595276
0.16626396775245667
0.14041519165039062
0.20108813047409055
0.21747168898582456
0.15010645985603333
0.19489836692810056
0.17627763748168945
0.2015092968940735
0.19533109664916992
0.1638127565383911
0.16417229175567627
0.206978052854538
0.16791820526123047
0.19809171557426447
0.17270055413246155
0.24913349747657773
0.171590656042099
0.17394739389419556
0.21937361359596247
0.16743457317352295
0.193200558423996
0.15824267268180847
0.21040388941764832
0.19528201222419736
0.20989903807640076
0.1924981772899628
0.15808469057083127
0.16090160608291623
0.18858587741851807
0.19086945056915283
0.22230231761932373
0.16564780473709106
0.1827779412269592
0.19415324926376343
0.18332695960998532
0.17868486046791077
0.17862257361412048
0.2027296721935272
0.20836076140403748
0.20987716317176816
0.26378577947616577
0.22051113843917847
0.23232522606849673
0.18734613060951233
0.21980771422386167
0.17555999755859375
0.17649191617965698
0.21081802248954767
0.2035425901412964
0.16087162494659424
0.20613539218902588
0.1955747604370117
0.22261348366737363
0.19050991535186768
0.21407765150070193
0.2013548314571381
0.20231184363365173
0.19048607349395752
0.15976756811141968
0.17876875400543213
0.1980542838573456
0.13979455828666687
0.18354454636573792
0.15987569093704224
0.2396036982536316
0.23970204591751096
0.18366217613220212
0.2192282676696777
0.18356260657310483
0.16462644934654236
0.1908423602581024
0.22538411617279047
0.22693055868148804
0.169830322265625
0.166352242231369
0.15768903493881223
0.20510649681091309
0.156452476978302
0.15664160251617432
0.18173861503601077
0.2112938761711121
0.20955941081047055
0.21724578738212583
0.1558610498905182
0.19136995077133176
0.13832657039165497
0.2023132145404816
0.19406148791313169
0.26152071356773376
0.14205488562583923
0.21303096413612363
0.18325304985046384
0.17631307244300842
0.198728621006012
0.14486880600452423
0.15779083967208862
0.18785235285758967
0.20571768283843997
0.2047790288925171
0.2172798216342926
0.14699724316596985
0.17431259155273435
0.22203922271728516
0.18152779340744016
0.18834689259529117
0.20040142536163327
0.194659024477005
0.19923442602157593
0.16587635874748227
0.2589866816997528
0.22996726632118225
0.1817742586135864
0.2386493682861328
0.1637241244316101
0.20449542999267575
0.21686422824859616
0.1569305658340454
0.18857112526893613
0.2266998589038849
0.1964470446109772
0.20515006780624387
0.2105066478252411
0.15249231457710266
0.17998835444450378
0.17698577046394348
0.2042149305343628
0.22022864222526553
0.2016272246837616
0.19691461324691767
0.18715161085128784
0.16505128145217896
0.23626118898391724
0.14988920092582703
0.19851014018058777
0.19077619910240173
0.17142504453659055
0.17142146825790405
0.1839540004730225
0.21539998054504397
0.224836140871048
0.20904791355133057
0.1575148105621338
0.18552836775779724
0.16136273741722107
0.1822187900543213
0.12833169102668762
0.20439770817756647
0.20902249217033383
0.2027702629566193
0.17831754684448242
0.1816270649433136
0.21286049485206604
0.20438578724861145
0.23872259259223935
0.16134843230247495
0.18995898962020877
0.17398324608802795
0.1859955191612244
0.16189754009246826
0.22285053133964536
0.17162737250328064
0.1530892252922058
0.1326548457145691
0.14119938015937805
0.2092124819755554
0.19495534896850583
0.19610479474067688
0.2006282210350037
0.19046029448509216
0.2165992259979248
0.17317688465118408
0.19690486788749692
0.1836476624011993
0.2018955051898956
0.14703091979026794
0.1166280284523964
0.15412116050720215
0.20210638642311096
0.18545839190483093
0.204793244600296
0.1903987228870392
0.1771378219127655
0.1896149814128876
0.1728600561618805
0.1701951026916504
0.21563467383384705
0.1437705159187317
0.23514026403427124
0.1980304718017578
0.20804089307785037
0.20991551876068115
0.17042675614356995
0.15510618686676023
0.17694231867790222
0.15303242206573486
0.1803259253501892
0.19015139341354367
0.20133981108665464
0.21083047986030576
0.2285476326942444
0.23236724734306333
0.15538853406906128
0.18635126948356628
0.19456106424331665
0.20338916778564453
0.21369290351867676
0.20512777566909793
0.15573883056640625
0.17806866765022275
0.21455556154251096
0.11746683716773985
0.1870038211345673
0.11663456261157988
0.1697997748851776
0.2167523503303528
0.20221760869026184
0.19937840104103088
0.15395525097846985
0.22823938727378845
0.1799604296684265
0.21192684769630432
0.15288737416267395
0.17787376046180725
0.18246966600418088
0.20061612129211423
0.20859077572822568
0.19740360975265503
0.1548539400100708
0.1601499617099762
0.18975526094436643
0.2423416078090668
0.18272629380226132
0.2364802360534668
0.21826529502868647
0.2546672821044922
0.14892497658729553
0.18412303924560544
0.2311372458934784
0.21492773294448847
0.20039960741996765
0.19225814938545227
0.2200160920619965
0.17568132281303403
0.20081877708435056
0.2146441340446472
0.1688162088394165
0.16322994232177734
0.20642685890197757
0.1669004261493683
0.1634494662284851
0.15656781196594238
0.19906505942344663
0.18187531828880313
0.16886144876480103
0.160391628742218
0.1514565348625183
0.13804790377616882
0.14970749616622925
0.20392796397209167
0.1573927402496338
0.2274845242500305
0.1601126492023468
0.17637962102890015
0.19965195655822757
0.2268791496753693
0.1482994258403778
0.232712596654892
0.16528311371803284
0.19167038798332212
0.22929415106773376
0.19862595200538635
0.2299925684928894
0.17866265773773193
0.18801403045654297
0.1902051866054535
0.18795719742774963
0.18698999285697937
0.1893988251686096
0.19348084926605225
0.1775286495685577
0.15980100631713867
0.16899755597114563
0.23432597517967224
0.20727238059043884
0.19620889425277707
0.15542724728584287
0.15198951959609985
0.1720319390296936
0.20426157116889956
0.19249045848846436
0.22263357043266296
0.18280118703842163
0.1944754719734192
0.15840429067611694
0.2218705415725708
0.18871113657951355
0.16703075170516968
0.1789465844631195
0.18353804945945737
0.20319718122482297
0.16635689139366147
0.2067124843597412
0.1895059049129486
0.19311282038688657
0.17931732535362244
0.17714375257492063
0.13193023204803467
0.1827844977378845
0.17315474152565002
0.20051804184913635
0.1876288652420044
0.22909265756607053
0.17676964402198792
0.12905016541481018
0.16615229845046997
0.2047787308692932
0.15928679704666135
0.1346760094165802
0.1937642693519592
0.2372617721557617
0.16671326756477356
0.2524290382862091
0.20109292864799497
0.1886141300201416
0.19165399670600888
0.15245726704597473
0.20095744729042053
0.17190417647361755
0.14062198996543884
0.18814378976821897
0.1885967254638672
0.17111358046531677
0.177327960729599
0.1742892563343048
0.14752314984798431
0.26679253578186035
0.184274822473526
0.19331508874893188
0.19731250405311584
0.19577631354331967
0.17314988374710083
0.17654669284820557
0.11949872970581055
0.18862926959991452
0.17641526460647583
0.17457193136215207
0.14748701453208923
0.19829189777374268
0.18331000208854675
0.189300000667572
0.1905314028263092
0.20185893774032593
0.185066282749176
0.2096322178840637
0.16652444005012512
0.18994268774986267
0.1529076099395752
0.15511679649353027
0.21770578622817996
0.19117051362991333
0.16289672255516052
0.20473894476890564
0.18301984667778012
0.20586267113685608
0.1724773347377777
0.19558709859848025
0.15874165296554563
0.1856512129306793
0.16192874312400815
0.19235223531723025
0.21607941389083865
0.19216075539588928
0.191897451877594
0.21542361378669736
0.18455606698989868
0.1904364824295044
0.17606359720230103
0.19799938797950745
0.2015933394432068
0.19669219851493835
0.16978633403778076
0.15428647398948667
0.17726612091064453
0.20676398277282715
0.19512784481048584
0.19794344902038571
0.19531220197677607
0.16597554087638855
0.17250216007232666
0.1758296489715576
0.18139368295669556
0.20386013388633728
0.18532851338386533
0.21309974789619443
0.22775432467460632
0.23483628034591675
0.168168842792511
0.18871247768402097
0.22261673212051392
0.18317511677742004
0.22129634022712708
0.20715177059173584
0.17566433548927307
0.16476210951805115
0.15128445625305176
0.16133329272270203
0.21612766385078433
0.19719907641410828
0.1671697497367859
0.1795910596847534
0.20299270749092105
0.21004271507263184
0.13228237628936768
0.21808940172195437
0.18728065490722656
0.22199672460556033
0.159795343875885
0.18147289752960205
0.15941503643989563
0.194593608379364
0.2114715874195099
0.17402687668800354
0.19461923837661743
0.1484050452709198
0.19958817958831787
0.15894800424575803
0.21054694056510925
0.22027659416198728
0.2030208110809326
0.18183761835098264
0.2165740132331848
0.2132605016231537
0.1913849711418152
0.14162614941596985
0.1626530885696411
0.20587599277496335
0.1996537148952484
0.1342293620109558
0.19528809189796448
0.20142796635627744
0.2134758830070496
0.1615414321422577
0.21769815683364868
0.1666671633720398
0.20527952909469604
0.18050312995910645
0.17223232984542847
0.20486712455749512
0.17372620105743408
0.19473946094512937
0.1732349991798401
0.17581680417060852
0.20332917571067807
0.1980112791061401
0.20315963029861447
0.19027778506278992
0.18670096993446353
0.2094122469425201
0.18765759468078613
0.1644725203514099
0.1817496120929718
0.15021035075187683
0.2034811973571777
0.18074241280555725
0.1799648404121399
0.19231808185577393
0.20560303330421448
0.2336290776729584
0.2011358141899109
0.2354797124862671
0.17762866616249084
0.1934123337268829
0.20921123027801516
0.14815038442611694
0.1376017779111862
0.23092246055603027
0.2047497034072876
0.13720548152923584
0.18234711885452273
0.19693177938461304
0.19356977939605713
0.21342474222183228
0.19300785660743716
0.17529872059822083
0.1937659978866577
0.19385427236557007
0.19855085015296936
0.17154788970947263
0.18103572726249692
0.23806142807006836
0.2194378972053528
0.1477748453617096
0.2199389934539795
0.1820058822631836
0.23178452253341675
0.16978448629379272
0.20751923322677607
0.24820438027381897
0.1982363164424896
0.2223424315452576
0.1703020930290222
0.18980443477630612
0.20776921510696408
0.1387912631034851
0.168348491191864
0.2021324038505554
0.14386746287345886
0.1498773694038391
0.20914462208747864
0.1626688838005066
0.20402973890304563
0.22628167271614075
0.2082630693912506
0.16699042916297913
0.1890013217926025
0.20599189400672913
0.21499705314636233
0.19388169050216675
0.19286566972732544
0.17180949449539185
0.18730556964874268
0.19424033164978027
0.23424077033996585
0.17738077044487
0.21274715662002563
0.20481109619140625
0.13823160529136655
0.20997390151023865
0.22537392377853396
0.18120062351226807
0.22041073441505432
0.20592069625854487
0.1587722599506378
0.19920542836189273
0.21289208531379697
0.1953096389770508
0.21451354026794436
0.15923023223876953
0.1943814158439636
0.19277843832969663
0.16614556312561035
0.2211553454399109
0.15490636229515076
0.17754581570625305
0.16841772198677063
0.17782774567604065
0.14130546152591705
0.1963697373867035
0.19350793957710263
0.16012105345726013
0.2101594805717468
0.18564432859420776
0.19024309515953064
0.21499791741371155
0.20862138271331787
0.17028656601905823
0.13999226689338684
0.1879772841930389
0.22083836793899536
0.20358189940452573
0.15870371460914612
0.1583314538002014
0.21703046560287476
0.20607098937034607
0.14596939086914062
0.2018413245677948
0.14939236640930176
0.14578722417354584
0.2088782787322998
0.18910598754882807
0.2035095691680908
0.15197214484214783
0.20511546730995175
0.1429656744003296
0.202307790517807
0.18181654810905457
0.20399191975593567
0.16783300042152405
0.185665100812912
0.14895933866500854
0.20265328884124756
0.1951043009757996
0.14582839608192444
0.12705957889556885
0.1339881420135498
0.11682618409395217
0.2202765643596649
0.16732153296470642
0.1629110872745514
0.18991902470588684
0.20248910784721372
0.21027737855911252
0.18564727902412412
0.14369311928749084
0.16999000310897827
0.1818106472492218
0.14553076028823853
0.20945289731025693
0.20677411556243896
0.19090235233306885
0.1673552691936493
0.16399896144866943
0.20684608817100525
0.16363990306854248
0.18517896533012393
0.18095862865448
0.19670310616493225
0.2141588032245636
0.20379185676574707
0.18414419889450076
0.18764653801918027
0.22900754213333127
0.1971955895423889
0.21908688545227048
0.19278150796890256
0.167690247297287
0.1938205659389496
0.2107979357242584
0.18764683604240415
0.17240402102470395
0.18995776772499084
0.19993349909782407
0.17588329315185547
0.20814180374145508
0.2191007733345032
0.2140805423259735
0.1926037669181824
0.20108908414840695
0.15769228339195251
0.21057954430580136
0.18687939643859863
0.16480723023414612
0.19100180268287656
0.1905200481414795
0.1659952998161316
0.1490890085697174
0.19316065311431885
0.1713334619998932
0.20974892377853396
0.20122119784355164
0.17195141315460205
0.16497182846069336
0.19766041636466977
0.166377991437912
0.1624552607536316
0.19952070713043207
0.2445773482322693
0.21993273496627808
0.15011894702911377
0.16855713725090027
0.15222734212875366
0.2311825454235077
0.18225049972534177
0.21365869045257568
0.1650639176368713
0.16020572185516355
0.20566254854202273
0.19888007640838623
0.16822600364685059
0.18525055050849917
0.20626437664031985
0.19519516825675964
0.1973014175891876
0.22966727614402768
0.1835530698299408
0.18556755781173703
0.15903615951538083
0.2006186842918396
0.1572762429714203
0.13775348663330078
0.18018469214439392
0.22798630595207212
0.18825843930244443
0.18615898489952087
0.2145763337612152
0.19134843349456787
0.20315575599670407
0.17237591743469238
0.22403129935264587
0.21193498373031616
0.2160804271697998
0.20347008109092712
0.172328919172287
0.2252426445484161
0.19436043500900269
0.1702328622341156
0.1807309687137604
0.20271870493888852
0.21875131130218503
0.1879892945289612
0.2009180784225464
0.17542913556098935
0.17594781517982483
0.1983672380447388
0.20921823382377625
0.20227080583572388
0.1862010955810547
0.18998074531555173
0.17992079257965088
0.23502978682518005
0.15765005350112915
0.17152723670005798
0.2140248119831085
0.17812034487724304
0.21440136432647705
0.20361095666885373
0.1971174776554108
0.18369951844215396
0.1762925386428833
0.18382641673088077
0.19354891777038571
0.22700670361518857
0.1838300824165344
0.2055654227733612
0.21000242233276367
0.1695484220981598
0.17580765485763547
0.18262842297554016
0.1632758378982544
0.1867336332798004
0.18981188535690308
0.2120383381843567
0.1969468593597412
0.19287937879562375
0.1646088659763336
0.20137938857078552
0.1861305832862854
0.17088723182678223
0.16929301619529724
0.19182294607162476
0.19204014539718628
0.1463545113801956
0.18070045113563535
0.1548146605491638
0.1597362458705902
0.1783437728881836
0.20251303911209104
0.22632351517677307
0.17030909657478333
0.20069697499275208
0.16689729690551755
0.20661622285842893
0.1703123152256012
0.17601028084754944
0.1760735809803009
0.2026197612285614
0.13753294944763184
0.2132382690906525
0.23507624864578247
0.25268375873565674
0.23324468731880188
0.2020779252052307
0.20592316985130313
0.2092214524745941
0.22236189246177676
0.18201476335525513
0.18769493699073792
0.18274569511413571
0.20419606566429135
0.17638051509857175
0.17136332392692563
0.19118526577949524
0.19294735789299008
0.23540174961090088
0.14564815163612363
0.2282278835773468
0.20137944817543027
0.2476590573787689
0.16754797101020813
0.1737702190876007
0.2337314188480377
0.21329098939895627
0.18603625893592837
0.13084642589092255
0.15957018733024597
0.1672631204128265
0.1785185933113098
0.14976835250854492
0.1730826199054718
0.24376699328422544
0.19001516699790957
0.19228163361549375
0.19893369078636167
0.17360755801200867
0.2057423889636993
0.20799186825752256
0.18394076824188232
0.1724361777305603
0.20707502961158752
0.2002485692501068
0.19233959913253784
0.171443909406662
0.16861176490783691
0.21150767803192136
0.22666832804679873
0.1686958074569702
0.19260150194168088
0.22399744391441345
0.2120979130268097
0.18061828613281247
0.1448361575603485
0.19528892636299133
0.18069523572921753
0.21602609753608704
0.22399151325225833
0.2053948938846588
0.16307765245437622
0.16952136158943176
0.26558399200439453
0.14653107523918152
0.20589157938957212
0.19465878605842593
0.15854254364967346
0.2054685652256012
0.13517144322395325
0.19955557584762573
0.18724671006202695
0.15493640303611755
0.18818899989128113
0.20715507864952087
0.21291518211364743
0.18312326073646543
0.18524500727653503
0.19852596521377563
0.1866761744022369
0.2020883858203888
0.19494321942329407
0.1635650098323822
0.20020163059234616
0.1751035749912262
0.2312975227832794
0.20003414154052732
0.20331504940986636
0.1926969289779663
0.19181367754936215
0.15380382537841797
0.22080829739570615
0.17395234107971191
0.2018316984176636
0.17513659596443176
0.17184948921203613
0.18093889951705927
0.192682147026062
0.2107438147068024
0.1833311319351196
0.2085414826869965
0.22092336416244504
0.19843521714210513
0.18839600682258603
0.20502254366874692
0.16397127509117126
0.1757197380065918
0.1657908260822296
0.19432228803634644
0.18116360902786252
0.18521964550018313
0.1986468136310577
0.14684192836284635
0.13397860527038574
0.23327687382698056
0.2140061855316162
0.20644882321357727
0.192574679851532
0.21365424990653992
0.20826274156570437
0.16130957007408142
0.1972889006137848
0.17926180362701416
0.17931565642356873
0.17740875482559204
0.1825081706047058
0.1822247505187988
0.1807827353477478
0.1559315323829651
0.18671551346778867
0.15884843468666077
0.2145155966281891
0.19846284389495847
0.17071062326431274
0.2263512909412384
0.1703375279903412
0.207466334104538
0.19464427232742307
0.23456656932830808
0.17535123229026794
0.1553281843662262
0.1732821762561798
0.21327480673789975
0.23776334524154663
0.20958644151687625
0.1818242073059082
0.17548096179962158
0.21555250883102417
0.1831644177436829
0.19835680723190308
0.2017367482185364
0.1926249563694
0.20868146419525144
0.21311458945274356
0.18883907794952393
0.2100248336791992
0.18174964189529416
0.1989755630493164
0.2675485610961914
0.20856463909149167
0.19379186630249023
0.28509148955345154
0.181304544210434
0.17314401268959043
0.19539937376976013
0.1506657898426056
0.1787019670009613
0.26442310214042664
0.21739625930786127
0.18845313787460327
0.2180186212062836
0.1904753148555756
0.2030702233314514
0.21659332513809204
0.21382123231887817
0.17280876636505127
0.18053176999092105
0.17400655150413513
0.1925917863845825
0.19309163093566892
0.17154008150100708
0.19402775168418884
0.1643408238887787
0.16147848963737488
0.18320471048355105
0.18290802836418152
0.1992723047733307
0.1651751399040222
0.210949569940567
0.16098552942276
0.2164005637168884
0.18781545758247373
0.1991312801837921
0.2146826386451721
0.16287803649902344
0.1095673069357872
0.15250039100646973
0.16689532995224
0.1665436327457428
0.211335688829422
0.15535762906074524
0.2108686566352844
0.20745962858200076
0.2154870629310608
0.23087525367736816
0.14198631048202515
0.2224871814250946
0.1421518325805664
0.24502390623092649
0.21619746088981628
0.15837204456329343
0.21144491434097287
0.18630731105804443
0.13814558088779447
0.22175672650337216
0.1936070621013641
0.1594552993774414
0.1826329529285431
0.1696832776069641
0.25226879119873047
0.1830834448337555
0.19917252659797668
0.20275253057479856
0.20783767104148865
0.19861343502998352
0.17690759897232056
0.1715903878211975
0.18296128511428836
0.22304412722587583
0.15247505903244019
0.2094660997390747
0.17191201448440552
0.17211240530014038
0.20297050476074216
0.19303223490715024
0.1453838348388672
0.16599801182746887
0.1869146227836609
0.23311486840248108
0.1712254285812378
0.22159919142723083
0.18079882860183716
0.18488085269927976
0.20551460981369016
0.19352942705154416
0.24431386590003967
0.1668106913566589
0.1984882056713104
0.17454007267951965
0.15533658862113953
0.20558241009712216
0.183395117521286
0.2226237654685974
0.2239883244037628
0.1606893539428711
0.20290836691856384
0.19064435362815857
0.18959304690361023
0.16426140069961548
0.16718652844429016
0.2207303047180176
0.18901363015174863
0.165054053068161
0.16371825337409973
0.18818083405494687
0.1643875241279602
0.1721861362457275
0.2206045687198639
0.21864473819732663
0.17740976810455322
0.17969796061515808
0.1994163393974304
0.16698867082595825
0.17561441659927368
0.18347322940826416
0.15222132205963135
0.15796178579330444
0.1912326812744141
0.14111289381980896
0.2181106805801392
0.1467800736427307
0.17292743921279907
0.16491445899009705
0.15808856487274167
0.2368606328964233
0.1974381506443024
0.19396865367889404
0.16477498412132263
0.1591452956199646
0.15808856487274167
0.198045015335083
0.1799333691596985
0.2368986904621124
0.18034973740577695
0.17423623800277707
0.21705043315887448
0.19208121299743647
0.1489831507205963
0.1905405819416046
0.17943733930587769
0.15060046315193176
0.1589081585407257
0.12984222173690796
0.14985767006874084
0.1819142699241638
0.1744186282157898
0.20770767331123352
0.20705947279930115
0.19340384006500244
0.2185242474079132
0.1989552974700928
0.2423975169658661
0.20280447602272036
0.15896451473236084
0.193106472492218
0.26642265915870667
0.1797962486743927
0.20607659220695493
0.21083977818489075
0.19868552684783933
0.17726609110832214
0.17920953035354614
0.1845303773880005
0.1552046239376068
0.1932096779346466
0.20547455549240112
0.20028680562973025
0.2373076379299164
0.17091688513755798
0.16338783502578735
0.19946742057800287
0.19851291179656985
0.16927167773246765
0.14308515191078186
0.20961010456085205
0.25747567415237427
0.21944299340248108
0.2077663540840149
0.22232815623283383
0.17433121800422668
0.22741770744323728
0.15516242384910583
0.1709061861038208
0.1660827398300171
0.20655930042266843
0.1683274507522583
0.1925661861896515
0.19441190361976624
0.21148309111595157
0.22268500924110407
0.2538766860961914
0.19875332713127136
0.19097444415092468
0.20048099756240845
0.14482650160789487
0.23989352583885193
0.16964367032051086
0.18841499090194705
0.18570792675018313
0.2077831327915192
0.16920554637908936
0.1782330870628357
0.172355055809021
0.19507113099098203
0.15262281894683835
0.18406569957733157
0.13154646754264832
0.1782957911491394
0.18157148361206052
0.1902937293052673
0.22084930539131165
0.18085756897926328
0.21673607826232913
0.19031941890716553
0.1615372598171234
0.1203395500779152
0.1930240988731384
0.22362184524536127
0.21987253427505493
0.15819361805915833
0.14594006538391113
0.17158597707748413
0.1925314962863922
0.18819141387939453
0.21255239844322205
0.1769464015960693
0.1717979311943054
0.2052403688430786
0.20397433638572687
0.18849354982376096
0.13190767168998718
0.2115972638130188
0.267667293548584
0.2074715495109558
0.15878742933273315
0.2059995532035828
0.209667831659317
0.2210035026073456
0.16257521510124207
0.14553043246269226
0.19317096471786496
0.16737139225006104
0.19094064831733704
0.1657106578350067
0.15057966113090515
0.2047173976898193
0.16673991084098816
0.15487807989120483
0.22860684990882876
0.19500747323036197
0.21723708510398865
0.17035970091819763
0.1945913732051849
0.2047332227230072
0.17729434370994568
0.16352832317352295
0.18895530700683597
0.18144378066062927
0.15830323100090027
0.21144860982894895
0.196245402097702
0.2451741993427277
0.1404547095298767
0.17065110802650452
0.2218306660652161
0.20715057849884036
0.20293536782264707
0.1756134033203125
0.16685134172439575
0.17296236753463745
0.18421947956085205
0.23272275924682617
0.15062499046325684
0.1700882911682129
0.17630749940872192
0.13910043239593503
0.17706748843193054
0.19972768425941467
0.19166728854179385
0.17693564295768735
0.20633065700531003
0.19003030657768247
0.15529081225395203
0.17378020286560059
0.1559358835220337
0.216931015253067
0.2002341449260712
0.1973895728588104
0.15715324878692627
0.19653010368347168
0.20909035205841064
0.1998794376850128
0.23520615696907043
0.19274291396141047
0.18107339739799497
0.1769023835659027
0.2109224796295166
0.20404011011123657
0.180848091840744
0.2151319682598114
0.1618436574935913
0.1495218276977539
0.20438697934150693
0.19639006257057187
0.16601553559303284
0.17184937000274658
0.1760072112083435
0.1664450466632843
0.2080329656600952
0.1868581175804138
0.2318055629730225
0.21684864163398743
0.14876648783683777
0.18357461690902707
0.12882578372955322
0.15399852395057678
0.18539363145828247
0.1643822193145752
0.19990500807762143
0.21346858143806455
0.16969591379165647
0.18925324082374567
0.236355721950531
0.21334275603294367
0.23800137639045715
0.19408705830574036
0.18917968869209287
0.2155083417892456
0.1440037339925766
0.16459754109382627
0.1689649522304535
0.2574368715286255
0.1865408420562744
0.1547179818153381
0.18305838108062744
0.25413960218429565
0.1676390171051025
0.19221776723861692
0.21346601843833923
0.15777164697647095
0.20300847291946408
0.2072414755821228
0.20799186825752256
0.2094707190990448
0.20443156361579892
0.19300255179405207
0.16754812002182007
0.18700233101844788
0.17955684661865234
0.14424970746040344
0.2497481107711792
0.18969738483428955
0.13568314909934995
0.17125943303108215
0.18044528365135193
0.19804617762565607
0.205460786819458
0.18247205018997192
0.21606591343879697
0.22481226921081543
0.19596078991889956
0.19955158233642575
0.2056371569633484
0.16054776310920715
0.16172155737876892
0.14943179488182068
0.1901865601539612
0.20782300829887393
0.16859540343284607
0.17045116424560547
0.13240990042686462
0.1922144591808319
0.17946135997772217
0.1855219602584839
0.21223819255828855
0.2089947462081909
0.21426716446876523
0.181137889623642
0.17732149362564087
0.1827141344547272
0.19625988602638245
0.17171508073806763
0.1916648745536804
0.18873888254165647
0.16039970517158508
0.1641921103000641
0.20223873853683472
0.2699325680732727
0.22057077288627625
0.14326798915863037
0.15273335576057434
0.1445375084877014
0.20235177874565125
0.17564108967781067
0.2120108902454376
0.19957569241523743
0.18903374671936035
0.1799235641956329
0.21005427837371823
0.14865005016326904
0.1765974760055542
0.16595500707626343
0.23166868090629575
0.186164915561676
0.1941714584827423
0.22628080844879153
0.20792019367218015
0.1880124807357788
0.19356894493103027
0.1687618792057037
0.20499375462532043
0.20373257994651797
0.23641887307167053
0.2056914269924164
0.18973362445831296
0.13800418376922607
0.16640126705169675
0.21542522311210632
0.20860245823860168
0.17146334052085876
0.1583831012248993
0.21403607726097104
0.17509958148002625
0.20847022533416748
0.14889010787010193
0.1627252697944641
0.1969484984874725
0.24024835228919983
0.21153470873832703
0.1838203966617584
0.19392532110214236
0.1614674925804138
0.22557181119918823
0.17919060587882996
0.21976402401924133
0.24137434363365173
0.19806990027427676
0.1834660768508911
0.1974642276763916
0.1798891723155975
0.1860346496105194
0.19948509335517883
0.16776752471923828
0.2196562886238098
0.15979257225990295
0.16178882122039795
0.2085307538509369
0.21080166101455688
0.1588904857635498
0.18356195092201233
0.16951614618301392
0.13787901401519775
0.16321051120758057
0.2437402904033661
0.1795470416545868
0.19351559877395627
0.16851738095283508
0.16781282424926755
0.18801763653755188
0.19923558831214905
0.18290114402771
0.194837749004364
0.13536730408668518
0.14439162611961365
0.200916051864624
0.17365452647209167
0.1837402582168579
0.25359323620796204
0.18116033077239993
0.210823655128479
0.2332409918308258
0.19952082633972168
0.17053353786468503
0.13713857531547546
0.17544320225715637
0.18891310691833496
0.1875515580177307
0.2184371054172516
0.13643750548362732
0.18435090780258176
0.19950953125953677
0.17790430784225464
0.17646732926368713
0.1751381158828735
0.16104739904403687
0.16833046078681943
0.1741337776184082
0.16986003518104553
0.16638001799583435
0.17940062284469604
0.25536686182022095
0.22099804878234863
0.19468253850936887
0.2048797309398651
0.203781932592392
0.16703307628631592
0.2032470405101776
0.18479344248771667
0.211045116186142
0.2383423447608948
0.19318035244941711
0.1962394416332245
0.15343743562698364
0.21069511771202087
0.241223007440567
0.24290570616722104
0.18572697043418884
0.18793714046478271
0.1907959878444672
0.2057272493839264
0.2058803141117096
0.19193994998931885
0.246502548456192
0.1685156226158142
0.1876945197582245
0.2328994274139404
0.21931153535842893
0.18424394726753235
0.2072123885154724
0.23066899180412287
0.16566136479377747
0.17394113540649414
0.19241684675216675
0.18803715705871585
0.20647379755973813
0.20573708415031436
0.18333858251571652
0.1928923428058624
0.17562800645828247
0.16845905780792236
0.180572122335434
0.19800147414207456
0.19659826159477237
0.1903354227542877
0.18141573667526245
0.16676607728004456
0.1852789521217346
0.20584574341773984
0.18715620040893555
0.22849926352500916
0.15804001688957214
0.21705806255340576
0.15736475586891174
0.22096771001815796
0.141530379652977
0.20257988572120664
0.2125979959964752
0.18360754847526553
0.19500041007995603
0.2032914757728577
0.22013667225837708
0.19818583130836487
0.21681025624275208
0.16011986136436462
0.21283188462257385
0.2066209316253662
0.1960751712322235
0.2159701883792877
0.15596148371696472
0.20832309126853943
0.2088632583618164
0.20966657996177676
0.18467992544174197
0.2039288282394409
0.1751345992088318
0.188728928565979
0.1933014690876007
0.2150201499462128
0.18537947535514832
0.24811199307441711
0.211189866065979
0.23006671667099
0.19231712818145752
0.20599406957626343
0.19896385073661804
0.25243523716926575
0.19722911715507507
0.20300447940826416
0.22254633903503415
0.22922208905220032
0.10870929807424544
0.2043616473674774
0.17684942483901975
0.17285722494125366
0.2028430104255676
0.19477063417434687
0.12708353996276855
0.19300544261932373
0.21331563591957087
0.17429187893867493
0.17115670442581177
0.1514652669429779
0.19259673357009888
0.17678681015968323
0.2120612561702728
0.18624871969223025
0.2233615815639496
0.22251415252685544
0.21425023674964905
0.21209168434143064
0.22131884098052976
0.1803498864173889
0.20746418833732605
0.2542112171649933
0.176129549741745
0.19443315267562863
0.18177810311317444
0.14444074034690857
0.16978687047958374
0.17066374421119687
0.17942100763320923
0.2169925570487976
0.1257077306509018
0.1680999994277954
0.185954213142395
0.1372506022453308
0.19592788815498352
0.18918949365615845
0.18813374638557437
0.16741058230400083
0.18683126568794248
0.17130011320114136
0.2063449919223785
0.17938753962516785
0.1675753891468048
0.20446741580963132
0.2135939300060272
0.17885315418243408
0.20848098397254944
0.2176056206226349
0.23646500706672668
0.22290489077568051
0.21997195482254028
0.21698248386383057
0.21266108751297
0.19406592845916748
0.1911436319351196
0.18407678604125977
0.19788259267807007
0.15993568301200867
0.2349686622619629
0.23611381649971008
0.22069132328033447
0.20160070061683652
0.19852429628372192
0.2395417392253876
0.23968946933746335
0.2518080472946167
0.22319909930229187
0.21653208136558527
0.18181869387626648
0.18432864546775815
0.23448002338409424
0.2088448703289032
0.20680275559425357
0.15072306990623474
0.187619149684906
0.2249494194984436
0.2037123739719391
0.2102392017841339
0.20924758911132807
0.17751342058181763
0.1750589907169342
0.1663663387298584
0.17973816394805908
0.21604496240615845
0.19379410147666928
0.17110353708267212
0.19829905033111567
0.2092314958572388
0.17653176188468933
0.1945390999317169
0.17917513847351074
0.18062666058540344
0.1285364329814911
0.2132916748523712
0.17936468124389648
0.18439778685569763
0.20881515741348264
0.22005426883697507
0.15100461244583127
0.2042281925678253
0.19983577728271484
0.16513341665267944
0.20555105805397036
0.19653639197349548
0.18006932735443115
0.1475030779838562
0.1853933036327362
0.20337229967117307
0.17580652236938477
0.2135452628135681
0.15891286730766296
0.14527609944343567
0.17973420023918152
0.14589720964431763
0.22560036182403564
0.16438165307044983
0.18669191002845764
0.1451038420200348
0.1910819709300995
0.18384107947349548
0.2238422930240631
0.17254182696342468
0.18928876519203183
0.17319193482398987
0.223123162984848
0.18353393673896787
0.2239452302455902
0.2082192301750183
0.1911383271217346
0.21354475617408752
0.17804881930351257
0.19908055663108823
0.16898611187934875
0.21460184454917908
0.21280771493911743
0.2194156348705292
0.16748666763305664
0.17009404301643372
0.24054518342018127
0.17044043540954587
0.21982553601264956
0.1648615002632141
0.19739603996276853
0.20894619822502136
0.21837869286537168
0.2039714157581329
0.19395732879638672
0.2222529351711273
0.19769901037216184
0.17810991406440735
0.1648840308189392
0.222794771194458
0.1539972424507141
0.14420026540756223
0.23360735177993772
0.14070890843868256
0.17108464241027832
0.2109432518482208
0.2030142247676849
0.21190208196640012
0.19855818152427676
0.18737906217575076
0.19046083092689517
0.17884939908981323
0.13403595983982086
0.14659620821475983
0.13844868540763855
0.16842326521873474
0.1877407133579254
0.1914421021938324
0.1390608102083206
0.18543633818626404
0.19279390573501584
0.16119137406349182
0.16313254833221436
0.27047184109687805
0.1824492514133453
0.21154412627220157
0.1689242720603943
0.1782362163066864
0.18002331256866455
0.19358354806900024
0.20186859369277957
0.19382688403129575
0.1872520744800568
0.20447230339050287
0.20005846023559568
0.17659476399421692
0.21566802263259888
0.16694968938827515
0.17040225863456726
0.200810581445694
0.2054825723171234
0.2116842269897461
0.15728577971458435
0.16734135150909424
0.19526222348213196
0.2341148555278778
0.2020108103752136
0.17318671941757202
0.2016555368900299
0.18735492229461667
0.1847244501113892
0.20352986454963684
0.16814729571342468
0.18929439783096316
0.1666666269302368
0.2137858867645264
0.16090139746665955
0.1916494071483612
0.1814256012439728
0.16625070571899414
0.15296536684036255
0.15227416157722473
0.16747966408729553
0.20925483107566836
0.1919952929019928
0.22894239425659177
0.2283984422683716
0.2071205973625183
0.19994607567787168
0.1911844611167908
0.22597143054008484
0.13458791375160217
0.15477773547172546
0.19224652647972104
0.19225698709487915
0.19279220700263977
0.2315782606601715
0.17133650183677673
0.21715271472930908
0.17741686105728147
0.20350182056427
0.19306328892707825
0.1091211810708046
0.16259139776229858
0.17816033959388733
0.19652616977691648
0.1688542068004608
0.17070573568344116
0.2098966538906097
0.1763250231742859
0.17986172437667847
0.16944843530654907
0.17655089497566223
0.19801673293113708
0.15805888175964355
0.1964476108551025
0.16806146502494812
0.21555703878402707
0.1309325397014618
0.1571774184703827
0.2044425308704376
0.2290380299091339
0.19885575771331787
0.18606576323509216
0.16565632820129395
0.2858578860759735
0.23055860400199887
0.26214268803596497
0.2171571254730225
0.16088831424713135
0.19111010432243347
0.19836553931236267
0.19905129075050357
0.16186794638633728
0.19148260354995728
0.18672630190849304
0.21182921528816223
0.18261107802391047
0.2117992341518402
0.18415579199790957
0.19144630432128903
0.15511679649353027
0.2074754238128662
0.1772114336490631
0.18370267748832703
0.16892173886299133
0.25406137108802795
0.16555571556091309
0.18632081151008603
0.1678416132926941
0.16702806949615479
0.19415220618247983
0.1621253788471222
0.18771788477897644
0.21571889519691467
0.21434831619262693
0.221441388130188
0.17988106608390808
0.18376401066780088
0.2131956517696381
0.17802473902702332
0.19567617774009705
0.1561688482761383
0.20403057336807248
0.2036789357662201
0.15789771080017087
0.2582879662513733
0.24288132786750796
0.2045187950134277
0.20881319046020508
0.1437855362892151
0.14155881106853485
0.15459823608398435
0.18115398287773127
0.14502167701721191
0.17194417119026184
0.18350148200988767
0.19965702295303345
0.19389244914054873
0.1980830132961273
0.1666898727416992
0.1318790465593338
0.20466583967208865
0.1677323579788208
0.14461657404899597
0.22181645035743716
0.19534146785736084
0.20365223288536072
0.20399799942970276
0.21416959166526797
0.21026539802551267
0.21622365713119504
0.21195271611213684
0.19239038228988647
0.2045643627643585
0.17658913135528564
0.1795210242271423
0.18414589762687683
0.24601584672927856
0.19658666849136353
0.16313651204109192
0.20961156487464905
0.1404658704996109
0.1862874925136566
0.18125438690185544
0.18636420369148252
0.20108121633529663
0.16544753313064575
0.19018802046775815
0.20844516158103943
0.18875223398208615
0.194836288690567
0.18003857135772705
0.2048678994178772
0.150107741355896
0.19782206416130063
0.23258912563323972
0.12487947195768356
0.2559709846973419
0.17916911840438843
0.22578683495521543
0.14931166172027588
0.2176937162876129
0.2168992757797241
0.13847140967845917
0.2108161747455597
0.19438716769218445
0.160093754529953
0.18558618426322937
0.15520760416984558
0.16536593437194824
0.1577717363834381
0.23201510310173035
0.17444062232971191
0.20154476165771484
0.1698635220527649
0.21760734915733335
0.15903732180595395
0.19149941205978396
0.1705547273159027
0.2202664613723755
0.16651150584220886
0.14800283312797546
0.19365465641021729
0.1728510558605194
0.15507987141609192
0.2312513291835785
0.17807471752166748
0.172914057970047
0.1826491057872772
0.169979065656662
0.2196739614009857
0.20698335766792297
0.21932464838027957
0.16720131039619443
0.17266178131103516
0.209452360868454
0.1455694884061813
0.14171776175498962
0.1440485119819641
0.18738004565238953
0.18653205037117004
0.22667354345321652
0.21764248609542847
0.13520082831382751
0.21434536576271057
0.19525086879730225
0.2438007891178131
0.17231261730194092
0.15851488709449768
0.1923421919345856
0.2161790430545807
0.1770438849925995
0.1994493007659912
0.19632145762443545
0.2084124982357025
0.18793731927871704
0.19290751218795776
0.22391116619110107
0.24810317158699036
0.1734793484210968
0.2239832282066345
0.1965772807598114
0.16870716214179993
0.20539388060569763
0.19375887513160703
0.24353450536727905
0.17891907691955566
0.16009414196014404
0.2233052849769592
0.1867276430130005
0.22530323266983032
0.24539223313331604
0.21642956137657163
0.1469537913799286
0.1701972782611847
0.25926047563552856
0.20500680804252625
0.22640195488929749
0.2124601304531097
0.23773038387298584
0.19189968705177307
0.1999472677707672
0.20712199807167053
0.18016281723976132
0.18160390853881836
0.19905298948287964
0.19323366880416873
0.1900150179862976
0.1702541410923004
0.1798805594444275
0.16841426491737363
0.1646462082862854
0.22770023345947263
0.18380603194236755
0.14517974853515625
0.182235449552536
0.18789407610893247
0.16588270664215088
0.17636489868164062
0.14296147227287292
0.20719668269157407
0.23429545760154724
0.15008997917175293
0.17941567301750183
0.1526917815208435
0.22032096982002256
0.2309967279434204
0.1925324499607086
0.20428070425987244
0.1802319884300232
0.1526760160923004
0.1871192455291748
0.2055123746395111
0.1827392280101776
0.1917095184326172
0.14097434282302856
0.17896583676338196
0.15497562289237976
0.17602989077568054
0.15424787998199463
0.14007127285003662
0.2061049938201904
0.24087935686111447
0.22501179575920105
0.18070983886718753
0.20790979266166687
0.21057862043380737
0.22506639361381528
0.20007878541946408
0.22748455405235288
0.16859623789787292
0.2030785083770752
0.16218134760856628
0.20789238810539243
0.14406415820121765
0.21364107728004453
0.1348285675048828
0.2093079090118408
0.19720691442489624
0.2186625897884369
0.2310099899768829
0.21777433156967163
0.196166068315506
0.1783592700958252
0.23413535952568051
0.1332776844501495
0.19150337576866147
0.16038382053375244
0.1931307017803192
0.2308218479156494
0.17980089783668518
0.21988472342491147
0.2071576416492462
0.2100626528263092
0.1870976090431213
0.23043608665466309
0.14632819592952728
0.1712941825389862
0.209480345249176
0.17805004119873047
0.19913306832313535
0.183549165725708
0.10841364413499832
0.238899439573288
0.1885888874530792
0.1507493257522583
0.23939567804336548
0.20023518800735476
0.19923731684684756
0.18188020586967468
0.13743066787719727
0.25327861309051514
0.1640717089176178
0.1816090941429138
0.1551062762737274
0.20158109068870544
0.16050797700881958
0.20525190234184265
0.17614707350730896
0.26398172974586487
0.1797073483467102
0.20686867833137512
0.16132423281669617
0.1927323937416077
0.2815611660480499
0.18408253788948056
0.2103710174560547
0.1947529911994934
0.2223834991455078
0.21696615219116208
0.17790159583091736
0.17292526364326477
0.18139702081680295
0.18122959136962888
0.22470885515213007
0.2412319183349609
0.20341339707374567
0.23323065042495728
0.23290780186653137
0.21355691552162168
0.25568345189094543
0.17252132296562195
0.2217959463596344
0.15759170055389404
0.18048036098480225
0.14216583967208862
0.2055314779281616
0.1489972621202469
0.192583829164505
0.16486620903015137
0.17160555720329285
0.1879933476448059
0.14666283130645752
0.1390095353126526
0.209800124168396
0.18037858605384824
0.2160179018974304
0.19822451472282407
0.18714022636413571
0.1876673102378845
0.224560409784317
0.15677973628044128
0.16778349876403809
0.18169546127319333
0.18066883087158203
0.21226078271865845
0.20906785130500796
0.2007400095462799
0.2274531126022339
0.1910860538482666
0.18134731054306033
0.16267892718315125
0.15127104520797727
0.1810439229011536
0.18211770057678223
0.2006738483905792
0.2676379680633545
0.2122705280780792
0.2267107963562012
0.18756374716758728
0.19107022881507876
0.19327011704444885
0.20860666036605835
0.17771580815315247
0.18550443649291992
0.17589038610458374
0.13718435168266296
0.15015944838523865
0.2084120810031891
0.19941109418869016
0.1918829679489136
0.20206770300865173
0.16382518410682678
0.1840771734714508
0.15322399139404297
0.1787067353725433
0.24730494618415833
0.1792792975902557
0.1619257628917694
0.19299009442329407
0.1747683584690094
0.16718474030494687
0.22114574909210205
0.19486716389656064
0.19533452391624448
0.20394241809844968
0.17816957831382751
0.18483069539070127
0.1808662116527557
0.18323221802711487
0.22206559777259824
0.13492289185523987
0.22915643453598025
0.17594215273857117
0.18095338344573972
0.2162491679191589
0.13923275470733643
0.21862283349037168
0.1865597665309906
0.21146664023399356
0.21199211478233335
0.14282330870628357
0.15694588422775269
0.1891179978847504
0.19416111707687375
0.19012773036956787
0.1924574375152588
0.1925047338008881
0.1633910834789276
0.19527235627174375
0.22158703207969663
0.21296095848083496
0.16519200801849365
0.20185863971710205
0.16176101565361023
0.18269780278205872
0.19506460428237915
0.17481249570846555
0.17860040068626404
0.1931602358818054
0.16789731383323667
0.18000826239585876
0.19981083273887637
0.23438152670860288
0.14817431569099426
0.1796979010105133
0.20067831873893735
0.2492848038673401
0.1493104100227356
0.20198994874954224
0.21572270989418027
0.1846178472042084
0.20245438814163208
0.15663406252861023
0.15736791491508484
0.16424816846847534
0.1994842886924744
0.1729915738105774
0.17132779955863953
0.18878340721130368
0.19216132164001465
0.17412054538726807
0.2018181681632996
0.21854534745216367
0.1561905741691589
0.1879754066467285
0.1790573000907898
0.1855643093585968
0.1587235927581787
0.17570894956588745
0.12204864621162415
0.17556917667388916
0.1271567344665527
0.1585243046283722
0.2080708146095276
0.22145920991897583
0.14849229156970975
0.20093700289726257
0.19539475440979004
0.22564581036567688
0.19669455289840695
0.17708951234817505
0.16096723079681396
0.1459578275680542
0.20906436443328855
0.2005770206451416
0.19761112332344052
0.27472546696662903
0.20175540447235107
0.14869572222232819
0.22118911147117612
0.16380152106285095
0.1387309730052948
0.18472942709922793
0.2186819016933441
0.16922783851623535
0.16112089157104492
0.25369277596473694
0.2102282643318176
0.2301485240459442
0.1881728172302246
0.143220454454422
0.18614050745964048
0.2178002297878265
0.18820858001708984
0.21585866808891296
0.22334289550781247
0.19428598880767825
0.1856553852558136
0.18342360854148865
0.178034245967865
0.1962856650352478
0.2164103090763092
0.23263362050056455
0.17522084712982175
0.1970182955265045
0.21623003482818604
0.20129510760307312
0.21031314134597776
0.17488971352577207
0.21425753831863403
0.20736804604530332
0.2299494743347168
0.19023859500885007
0.2064734399318695
0.2009948492050171
0.2531733810901642
0.1632334291934967
0.19543185830116272
0.1667419672012329
0.22786298394203183
0.21016222238540647
0.1628979444503784
0.15566131472587583
0.2112068831920624
0.18816936016082764
0.1496410369873047
0.24319851398468015
0.16606372594833374
0.15388202667236328
0.18677717447280884
0.21964824199676516
0.14727456867694855
0.15963143110275269
0.1677363812923431
0.21102374792099
0.18567943572998047
0.1907049119472504
0.182657927274704
0.191407173871994
0.17518463730812073
0.1732710599899292
0.2009906768798828
0.19741395115852356
0.21532931923866272
0.23935636878013608
0.21756580471992487
0.1853990852832794
0.25353673100471497
0.2088431417942047
0.20752680301666257
0.15008151531219482
0.13284185528755188
0.20718297362327573
0.19273325800895688
0.19550105929374692
0.22359466552734372
0.20604103803634644
0.1788331568241119
0.23968461155891416
0.17871230840682983
0.17531609535217285
0.16219544410705566
0.190054714679718
0.17000779509544373
0.18089038133621213
0.1807384490966797
0.2038396894931793
0.21954813599586487
0.1554182469844818
0.21279007196426392
0.17109963297843933
0.24737393856048584
0.15279144048690796
0.19035664200782773
0.2009923160076141
0.2169780433177948
0.1658678948879242
0.24825924634933472
0.223556250333786
0.1843300759792328
0.20666733384132385
0.14809587597846985
0.25144985318183893
0.17446577548980713
0.22303098440170288
0.15593817830085754
0.1908401250839233
0.16638609766960144
0.22087472677230835
0.19079065322875977
0.2207030951976776
0.15977343916893005
0.2003443539142609
0.20496684312820437
0.1963306665420532
0.22454777359962463
0.20466527342796323
0.21922913193702695
0.23975276947021484
0.13954509794712067
0.17551496624946594
0.15161490440368652
0.15805038809776306
0.1738024353981018
0.19221848249435425
0.21125173568725583
0.20513659715652463
0.22861403226852417
0.23650750517845157
0.23891088366508484
0.16105034947395325
0.12967905402183533
0.18562978506088257
0.16778793931007385
0.20295861363410947
0.1541613936424255
0.19641751050949097
0.1917559802532196
0.16477754712104797
0.168142169713974
0.14867812395095825
0.19115889072418207
0.15645462274551392
0.14731845259666443
0.17384254932403564
0.2273287773132324
0.16731584072113037
0.24850764870643613
0.1539335250854492
0.1976377367973328
0.19678834080696103
0.18772828578948972
0.19921189546585083
0.1870042383670807
0.22065362334251404
0.19127118587493896
0.1774158477783203
0.1514940857887268
0.20839488506317136
0.20535013079643247
0.1782556176185608
0.1839386522769928
0.18243175745010373
0.2037253379821777
0.1766400933265686
0.19712588191032407
0.1833235323429108
0.2311895191669464
0.1656270921230316
0.19124093651771543
0.21032562851905823
0.16066855192184448
0.17503488063812256
0.1540141999721527
0.24114176630973813
0.24567511677742004
0.24370652437210083
0.2112601399421692
0.16614991426467896
0.16025638580322263
0.20153722167015076
0.18912529945373532
0.1864710748195648
0.19820395112037656
0.19648012518882751
0.21772098541259763
0.1993989646434784
0.20874443650245664
0.1686660349369049
0.20197489857673645
0.20364683866500852
0.18879386782646176
0.21066460013389587
0.1516796052455902
0.18817096948623657
0.24397316575050357
0.16420674324035645
0.1528608202934265
0.20773884654045105
0.17667821049690247
0.18817073106765747
0.2015990614891052
0.21270886063575745
0.19091072678565976
0.19795963168144223
0.20109766721725464
0.19411203265190125
0.14279499650001523
0.15350478887557983
0.20148944854736328
0.2086736559867859
0.18083819746971128
0.21695470809936523
0.21466365456581116
0.17444980144500732
0.21704888343811035
0.21400800347328183
0.22208881378173828
0.15303277969360352
0.17773854732513428
0.20334166288375852
0.1630401909351349
0.2206115424633026
0.17269638180732727
0.1926065981388092
0.19095724821090695
0.19918596744537356
0.2301806807518005
0.14450320601463315
0.1989871859550476
0.1966795325279236
0.20662549138069153
0.20452648401260373
0.16393306851387024
0.17945510149002075
0.13883766531944275
0.20000874996185303
0.21441638469696045
0.15020307898521423
0.18241292238235476
0.237013041973114
0.17197272181510925
0.20044109225273127
0.15696179866790771
0.22278374433517456
0.19931402802467343
0.15702593326568604
0.15067896246910095
0.19180408120155332
0.21463230252265927
0.1906883716583252
0.2168579995632172
0.1783390641212463
0.15038251876831055
0.1385326385498047
0.207263708114624
0.17448702454566956
0.14725151658058167
0.16711708903312683
0.1593652367591858
0.19093653559684756
0.1853812634944916
0.1468105316162109
0.1517668068408966
0.19560065865516665
0.19556844234466553
0.1996848285198212
0.21341997385025024
0.1984635591506958
0.1384044587612152
0.20298823714256287
0.11511000245809556
0.2381995916366577
0.16103395819664
0.1988368928432465
0.18466120958328247
0.1451430320739746
0.15480875968933103
0.18142977356910703
0.1490688323974609
0.18111157417297363
0.19340381026268005
0.18259897828102112
0.19988584518432617
0.19008359313011167
0.18256691098213196
0.2016890645027161
0.22122591733932492
0.1977849900722504
0.13780745863914487
0.24073055386543277
0.15510517358779907
0.21126875281333923
0.1551873683929443
0.20906150341033933
0.2569410502910614
0.21305611729621887
0.1861082911491394
0.16596096754074097
0.18725222349166873
0.19809663295745847
0.20215386152267456
0.20116886496543884
0.18613088130950928
0.21428033709526065
0.19279327988624567
0.1702817678451538
0.1852555274963379
0.17794471979141235
0.24347394704818723
0.158643901348114
0.2083302736282349
0.1984727680683136
0.15323558449745178
0.14532044529914856
0.16650015115737915
0.19115459918975833
0.16867029666900635
0.2037358283996582
0.18244129419326785
0.16931742429733276
0.16525521874427795
0.23928189277648923
0.23244261741638184
0.17251315712928772
0.23205196857452393
0.1946226358413696
0.1540314257144928
0.15153288841247559
0.17253986001014707
0.17726948857307434
0.19294840097427368
0.16286954283714294
0.1809640526771545
0.20002013444900513
0.18503108620643613
0.24609521031379697
0.14393465220928192
0.19103243947029117
0.1973978579044342
0.16359561681747437
0.17269784212112427
0.20629608631134036
0.1882724165916443
0.2336533069610596
0.22794839739799497
0.17228063941001892
0.17479059100151062
0.1725533902645111
0.15192684531211853
0.21093088388442996
0.21577748656272888
0.206066370010376
0.1824874579906464
0.17476683855056763
0.2025011479854584
0.169100821018219
0.22640469670295715
0.1987066864967346
0.22003400325775144
0.17847365140914917
0.182208389043808
0.2006598114967346
0.2130640745162964
0.1307847499847412
0.18252336978912356
0.1700679063796997
0.16896197199821472
0.1711246371269226
0.18263062834739685
0.19440987706184387
0.2102184891700745
0.20223906636238095
0.202839195728302
0.20010444521903992
0.2088594436645508
0.17256486415863037
0.2084120810031891
0.14608067274093628
0.1819040775299072
0.1930910646915436
0.1230686828494072
0.21909996867179873
0.23859071731567383
0.182199627161026
0.17635276913642883
0.19243687391281128
0.1522192358970642
0.2230609357357025
0.22246164083480835
0.203515887260437
0.1705835461616516
0.12866812944412231
0.20952337980270383
0.20259422063827515
0.17850807309150696
0.161876380443573
0.19893905520439148
0.22630760073661804
0.15595081448554993
0.2010798156261444
0.16081708669662476
0.2175745368003845
0.2126868963241577
0.1730076968669891
0.19471201300621033
0.1781466007232666
0.21218663454055783
0.17329144477844238
0.2194959223270416
0.22376614809036252
0.1825880706310272
0.1915002763271332
0.1598018109798431
0.20884418487548828
0.18701010942459104
0.17178544402122495
0.19802775979042053
0.18189844489097595
0.15411823987960815
0.18156644701957703
0.21939885616302487
0.14595600962638855
0.20769816637039185
0.2292896509170532
0.18682596087455747
0.1836858689785004
0.1871828734874725
0.18432590365409848
0.19139307737350464
0.21022376418113708
0.22163853049278257
0.19969940185546875
0.2083300948143005
0.16694065928459167
0.1810786426067352
0.2118723392486572
0.15934467315673828
0.2395592033863068
0.19234904646873477
0.17952626943588257
0.17334026098251343
0.19354459643363953
0.1886883974075317
0.13608407974243164
0.21404018998146057
0.17080721259117126
0.13350015878677368
0.207482784986496
0.14353638887405396
0.16186994314193723
0.19558560848236084
0.2513759136199951
0.18602895736694333
0.18575340509414673
0.22658893465995789
0.13877952098846436
0.19432878494262693
0.2110501527786255
0.22601488232612607
0.1755187213420868
0.1979185938835144
0.17709654569625854
0.1931116282939911
0.19729489088058472
0.19040194153785703
0.19642487168312073
0.22799086570739743
0.15938872098922727
0.2143846154212952
0.18817654252052307
0.22907978296279907
0.15470987558364868
0.18876004219055173
0.15516719222068787
0.16823789477348328
0.15615466237068176
0.23165029287338257
0.1540927290916443
0.1960197389125824
0.218147337436676
0.15961244702339172
0.22167453169822687
0.210053026676178
0.18141308426856995
0.20684868097305295
0.19594624638557437
0.17664235830307007
0.206648051738739
0.15720507502555847
0.23819053173065183
0.22598871588706967
0.19989708065986636
0.24195411801338196
0.1716979444026947
0.156313419342041
0.19393250346183777
0.18501564860343933
0.1764448881149292
0.20453131198883057
0.1793535351753235
0.127463161945343
0.1534278392791748
0.17394524812698364
0.15949344635009763
0.14025956392288208
0.20918706059455872
0.22513914108276367
0.18794220685958865
0.19442787766456604
0.21344825625419617
0.1938798427581787
0.18535748124122617
0.16413277387619019
0.19387114048004153
0.1760551631450653
0.16963908076286316
0.18263745307922363
0.2086180150508881
0.20695579051971436
0.19321075081825256
0.18950864672660828
0.1988784074783325
0.18829283118247983
0.17313519120216367
0.20697304606437683
0.163797527551651
0.19212180376052856
0.16836079955101013
0.21731936931610107
0.21974667906761167
0.21438568830490112
0.18348175287246704
0.19394829869270325
0.2054316997528076
0.21767801046371457
0.1575814187526703
0.19681102037429807
0.2368379831314087
0.20371523499488833
0.220400333404541
0.15993210673332214
0.19727355241775513
0.17392191290855408
0.22268360853195193
0.18167173862457275
0.13483619689941406
0.213990181684494
0.2017249166965485
0.19227325916290283
0.1419503092765808
0.2050768733024597
0.14744617044925687
0.15860074758529663
0.1704941987991333
0.15943321585655212
0.1600399613380432
0.16122600436210632
0.20621007680892944
0.119898721575737
0.19759273529052732
0.20651268959045407
0.1680223047733307
0.1952321529388428
0.20600625872612
0.20241990685462952
0.18560960888862607
0.19674786925315857
0.1388914585113525
0.219203382730484
0.20561158657073972
0.1628921329975128
0.15918374061584473
0.19496107101440427
0.19848990440368647
0.1890259087085724
0.2264056205749512
0.16172736883163452
0.18037545680999756
0.1935167908668518
0.17325386404991147
0.23036357760429385
0.16828975081443787
0.17135882377624512
0.22660094499588007
0.1817549169063568
0.19626617431640625
0.20828896760940552
0.19194558262825007
0.20452743768692017
0.2465471029281616
0.20266413688659668
0.1482667177915573
0.15409985184669495
0.17641907930374143
0.1993698477745056
0.18336290121078488
0.1950033009052277
0.20323768258094788
0.17603513598442075
0.16526871919631958
0.19738706946372983
0.16157856583595276
0.2060244381427765
0.18158486485481265
0.18947914242744443
0.15950825810432434
0.13503944873809814
0.1799432337284088
0.2433781921863556
0.2178049087524414
0.21656087040901184
0.18327754735946652
0.16964098811149597
0.21358844637870789
0.17780455946922302
0.1523558497428894
0.15580737590789795
0.11245499551296234
0.17206561565399167
0.1837005913257599
0.21356239914894104
0.1829379200935364
0.2282744646072388
0.1926441788673401
0.23282378911972043
0.21893230080604556
0.20115703344345087
0.1527024209499359
0.2288933098316193
0.13518080115318298
0.1921193599700928
0.17932406067848203
0.22099241614341733
0.12353590875864028
0.2640386819839477
0.14498960971832275
0.18426796793937683
0.16992250084877014
0.18027925491333008
0.1641443967819214
0.15834400057792664
0.1975993514060974
0.15685343742370603
0.2413369417190552
0.20200285315513608
0.1910920739173889
0.1904336214065552
0.18567711114883423
0.1830386519432068
0.23229628801345825
0.23069223761558527
0.24459841847419736
0.16793781518936157
0.190251886844635
0.1989058256149292
0.1933583617210388
0.17234864830970764
0.17948395013809204
0.17634910345077515
0.19963553547859192
0.2115998268127441
0.18584808707237244
0.14815452694892883
0.17341074347496033
0.1883723735809326
0.1923738121986389
0.17644265294075012
0.20431196689605713
0.1879514753818512
0.15866664052009583
0.17382118105888367
0.15509188175201416
0.21294713020324707
0.188250869512558
0.199526846408844
0.15304520726203918
0.1315796971321106
0.1823994219303131
0.20788905024528503
0.20572406053543088
0.15184003114700317
0.23734185099601743
0.16325008869171143
0.1994643211364746
0.141754150390625
0.1897068917751312
0.19327643513679504
0.21000236272811887
0.20187270641326904
0.156173974275589
0.20910373330116272
0.21653878688812253
0.18879011273384091
0.1359977424144745
0.15565401315689087
0.24324887990951535
0.229724645614624
0.20416423678398127
0.1900910437107086
0.23757854104042053
0.1784915030002594
0.20106065273284912
0.22069227695465088
0.18433901667594907
0.21279409527778623
0.17516648769378662
0.20834335684776303
0.19250941276550287
0.20148503780364993
0.18185430765151975
0.16530820727348328
0.21075654029846191
0.12611472606658936
0.1800728142261505
0.17866468429565427
0.17546424269676208
0.1934759020805359
0.18636372685432437
0.19497472047805783
0.13941428065299988
0.21902671456336972
0.1865748465061188
0.17985013127326965
0.20593416690826416
0.16981306672096252
0.20128795504570007
0.18874919414520264
0.2574898898601532
0.1971571147441864
0.20535412430763245
0.18660131096839905
0.16143113374710083
0.188462495803833
0.2048668563365936
0.2214643955230713
0.17703917622566223
0.21635952591896057
0.16968557238578796
0.1920494735240936
0.17016026377677915
0.15705949068069458
0.14929065108299255
0.1902373433113098
0.1924138963222504
0.17538726329803467
0.16062211990356445
0.16369536519050598
0.16385036706924438
0.1609470248222351
0.20435184240341184
0.2267596125602722
0.14754414558410645
0.19979414343833923
0.18398252129554749
0.1843080222606659
0.18523418903350833
0.21276262402534485
0.18943071365356445
0.21569365262985227
0.1738089025020599
0.17643991112709043
0.2103033661842346
0.2429606914520264
0.2253410518169403
0.20318534970283508
0.1763957142829895
0.20886743068695068
0.24007338285446167
0.19220802187919617
0.16622021794319153
0.18446701765060425
0.1745302379131317
0.1869319379329681
0.2043476700782776
0.19562503695487976
0.12145667523145676
0.1505652368068695
0.20093873143196103
0.18740129470825195
0.2058261334896088
0.17765185236930847
0.18715161085128784
0.22125497460365293
0.16419798135757446
0.18149903416633603
0.16600576043128967
0.1759951412677765
0.19000321626663208
0.14695963263511655
0.15355300903320312
0.16407760977745056
0.16453495621681213
0.16926494240760803
0.2209228873252869
0.12911489605903623
0.21783232688903809
0.17033129930496216
0.20418620109558103
0.19121721386909485
0.17622971534729004
0.1845254600048065
0.17176583409309387
0.2501274347305298
0.19703155755996704
0.1756167709827423
0.17332732677459717
0.15807777643203735
0.1990548074245453
0.18923005461692807
0.17864400148391724
0.16016218066215515
0.21211305260658264
0.21603617072105408
0.175583153963089
0.1940549314022064
0.18909603357315063
0.2017914056777954
0.16747188568115234
0.1764909029006958
0.1439630091190338
0.2225642502307892
0.18298062682151797
0.21058431267738345
0.17932048439979553
0.18776234984397888
0.19861701130867004
0.14966699481010437
0.21068671345710757
0.17468145489692688
0.151198148727417
0.21241867542266843
0.21172875165939328
0.23477202653884888
0.18538978695869443
0.20350661873817444
0.2122870087623596
0.23570266366004944
0.21200245618820193
0.15527397394180295
0.20162487030029297
0.2328261435031891
0.17982783913612363
0.18322777748107913
0.15061268210411072
0.17507106065750122
0.17678996920585632
0.2145696580410004
0.18739914894104004
0.23595732450485227
0.22135856747627256
0.22394338250160217
0.14804843068122864
0.15067452192306519
0.22775059938430783
0.16249051690101624
0.16748550534248352
0.16329622268676755
0.20803138613700864
0.15034583210945127
0.21375238895416257
0.20532971620559687
0.20280861854553223
0.17184573411941528
0.19469493627548215
0.18716713786125183
0.2238489091396332
0.15589669346809387
0.1149650290608406
0.1785502731800079
0.20696693658828733
0.16700133681297302
0.17086902260780334
0.22422936558723447
0.14546091854572296
0.18550270795822144
0.17091503739356995
0.21133548021316528
0.15978053212165833
0.2041760981082916
0.20514920353889465
0.15680906176567075
0.2565279006958008
0.1909050345420837
0.15502572059631348
0.15844273567199707
0.1189371719956398
0.21401980519294736
0.1695466935634613
0.18060648441314697
0.1922229826450348
0.19507774710655207
0.17826545238494873
0.16608360409736633
0.1881049871444702
0.19656389951705927
0.13902464509010315
0.17257556319236755
0.1560196876525879
0.21735212206840515
0.19826242327690125
0.17381832003593445
0.20072999596595764
0.19997724890708923
0.15888789296150208
0.19355562329292297
0.21698597073554993
0.1819456517696381
0.20551300048828125
0.23774999380111692
0.21171635389328
0.13442277908325195
0.179834246635437
0.229317843914032
0.1521225869655609
0.17513203620910645
0.12437786161899567
0.2023345232009888
0.18623703718185425
0.19956672191619876
0.199665367603302
0.18683141469955444
0.21779701113700864
0.19900211691856384
0.21143975853919983
0.1613020896911621
0.22062730789184568
0.23504209518432617
0.18456080555915833
0.17610794305801392
0.17867574095726013
0.18901774287223813
0.24572050571441648
0.16235002875328064
0.19995865225791928
0.18672463297843933
0.20319032669067383
0.17239737510681152
0.1832236647605896
0.18407487869262693
0.1648848056793213
0.1336122751235962
0.1285942494869232
0.1967888176441193
0.16952642798423767
0.18517497181892395
0.19364878535270688
0.19132444262504575
0.21094098687171936
0.203119158744812
0.13375915586948395
0.17917388677597043
0.2041558027267456
0.17799732089042664
0.2101735472679138
0.25177332758903503
0.18437340855598447
0.1974186599254608
0.1986737847328186
0.18817785382270807
0.23561924695968628
0.1569785475730896
0.21373653411865237
0.21596017479896543
0.1987667977809906
0.16867566108703613
0.18083471059799197
0.18946599960327148
0.21064308285713196
0.140316903591156
0.181951105594635
0.16527041792869568
0.19036361575126648
0.15740185976028442
0.22701352834701535
0.1952621638774872
0.22959807515144348
0.15210330486297607
0.1778239905834198
0.16272288560867307
0.19153946638107297
0.16161519289016724
0.22714495658874512
0.22911751270294187
0.18175619840621948
0.19470754265785217
0.19261953234672544
0.18058764934539795
0.16307073831558228
0.15154865384101868
0.13433706760406494
0.24462479352951047
0.1453820168972015
0.19815531373023984
0.1836848855018616
0.16146937012672424
0.16624677181243896
0.14783704280853271
0.188614159822464
0.22041496634483335
0.1969912946224213
0.19467660784721372
0.17288079857826233
0.18700528144836423
0.25531184673309326
0.21306246519088745
0.17928358912467957
0.20657661557197568
0.1812537312507629
0.19813328981399536
0.2126149833202362
0.1753827929496765
0.1915822923183441
0.1906476616859436
0.1944054663181305
0.1999104917049408
0.219236820936203
0.21904864907264707
0.1987024545669556
0.17787152528762817
0.13137400150299072
0.14534425735473633
0.21972784399986267
0.18295282125473025
0.20603689551353452
0.22152614593505857
0.17779546976089475
0.2090319097042084
0.1941087245941162
0.22375601530075076
0.21055996417999268
0.18415325880050656
0.17519080638885498
0.20268979668617249
0.20327797532081604
0.16356706619262695
0.18879687786102292
0.2129777669906616
0.19584947824478147
0.14899910986423492
0.21380165219306943
0.16818749904632568
0.18315067887306213
0.18372270464897156
0.1792207658290863
0.21090388298034668
0.1862264573574066
0.14680922031402588
0.20789691805839536
0.20637705922126767
0.15862923860549927
0.16318997740745544
0.19859802722930908
0.16127067804336548
0.21436747908592224
0.15630745887756348
0.16488349437713623
0.21977517008781436
0.20578038692474365
0.13102689385414124
0.16264358162879944
0.16578680276870728
0.2011427879333496
0.18955400586128235
0.19925156235694885
0.21093702316284177
0.22441253066062927
0.17115965485572815
0.17877665162086487
0.13603520393371582
0.22462710738182068
0.20552858710289
0.2158917188644409
0.24362507462501523
0.18942761421203613
0.1873844861984253
0.20220488309860227
0.2230682671070099
0.246211439371109
0.18372988700866696
0.18790531158447263
0.1365545094013214
0.1819536089897156
0.18074533343315125
0.15337279438972473
0.19065144658088684
0.22556501626968384
0.1799240410327911
0.17911988496780396
0.20650151371955872
0.205950528383255
0.15603178739547727
0.22552520036697388
0.15886929631233215
0.2247900366783142
0.1570591926574707
0.14855682849884033
0.15498989820480347
0.18950775265693665
0.20138815045356753
0.2040981650352478
0.20501011610031128
0.2404365241527557
0.173618882894516
0.20756840705871585
0.15691149234771729
0.20468220114707944
0.17373779416084287
0.166800856590271
0.1661066710948944
0.19046583771705627
0.18453079462051392
0.22728934884071353
0.15644392371177673
0.2210271656513214
0.2170782685279846
0.2151850461959839
0.20538514852523804
0.1938230991363525
0.2289433479309082
0.14220230281352997
0.15366691350936887
0.2406741976737976
0.15610924363136292
0.19129276275634763
0.20829010009765625
0.20611175894737244
0.21273455023765564
0.2464181482791901
0.18744900822639465
0.21992072463035583
0.1632061004638672
0.18996924161911008
0.24222445487976077
0.18413504958152768
0.20832666754722595
0.21120652556419367
0.19258376955986023
0.24815979599952695
0.1982305347919464
0.17036795616149902
0.1942478716373444
0.20977759361267087
0.2071084678173065
0.20951649546623227
0.18406376242637637
0.16702958941459656
0.2142053246498108
0.21016031503677368
0.20293688774108887
0.16139519214630127
0.16699776053428647
0.1859363615512848
0.19566193222999567
0.20733442902565
0.208888441324234
0.22911939024925232
0.2070777714252472
0.19838786125183103
0.12218715995550156
0.15117409825325012
0.18375569581985476
0.1910827457904816
0.18889924883842468
0.18416449427604675
0.15469354391098022
0.17396831512451172
0.15921008586883545
0.1558106243610382
0.2300196886062622
0.1907792687416077
0.15999343991279602
0.18354558944702148
0.18641737103462216
0.24982053041458127
0.2101237177848816
0.20371013879776
0.18391767144203183
0.2003241777420044
0.19583976268768313
0.1908382475376129
0.1693780422210693
0.1851807236671448
0.2133449912071228
0.19555318355560303
0.200437605381012
0.1796091794967651
0.1642351746559143
0.22134006023406985
0.1882489621639252
0.19599869847297668
0.19623667001724243
0.1885269284248352
0.15360918641090393
0.18600082397460935
0.1741108000278473
0.2287392020225525
0.18100357055664065
0.22388786077499387
0.1872829496860504
0.18173500895500183
0.17045161128044128
0.194707989692688
0.21992105245590207
0.170515239238739
0.18119999766349792
0.14389321208000183
0.21180471777915957
0.1486082822084427
0.16192936897277832
0.23750737309455872
0.21959435939788816
0.19099023938179016
0.18758162856101987
0.1940521001815796
0.19738811254501343
0.21913889050483704
0.17029789090156555
0.2052774131298065
0.20540526509284973
0.21367031335830688
0.1612381935119629
0.15446653962135315
0.216035395860672
0.1640413403511047
0.19140833616256717
0.1574709415435791
0.19246461987495425
0.2263294756412506
0.22448673844337463
0.21177443861961365
0.17365938425064087
0.2230070233345032
0.21431791782379153
0.2158649563789368
0.1644945442676544
0.19549322128295896
0.22471487522125244
0.288330078125
0.184883713722229
0.21163001656532288
0.2107434570789337
0.224284291267395
0.20746496319770807
0.2286906540393829
0.1530400812625885
0.1890714466571808
0.162429541349411
0.1678850948810577
0.1549033522605896
0.2095257937908173
0.2471478879451752
0.18118280172348025
0.2028865218162537
0.17562076449394226
0.1909501552581787
0.1537381112575531
0.20013207197189328
0.25694528222084045
0.14879333972930908
0.21092861890792847
0.19416308403015137
0.2176206409931183
0.2199118733406067
0.16444504261016843
0.18792849779129028
0.19748798012733457
0.18356508016586304
0.21319806575775144
0.1596435308456421
0.20085233449935916
0.2245205044746399
0.1835012137889862
0.18222939968109128
0.2025691270828247
0.12658599019050598
0.22833263874053955
0.18554997444152832
0.17558637261390686
0.21458140015602112
0.23262962698936465
0.19439783692359924
0.1444759964942932
0.20453885197639465
0.183338463306427
0.17744123935699463
0.17770600318908691
0.19721117615699768
0.15514537692070007
0.16484633088111875
0.20116782188415527
0.24317851662635803
0.1709654331207275
0.14880380034446716
0.15730854868888855
0.17831608653068542
0.1749557852745056
0.1812845766544342
0.17055442929267883
0.1939852833747864
0.20283013582229611
0.15545031428337097
0.21878117322921753
0.1539701223373413
0.15475994348526
0.19235679507255557
0.17543363571166992
0.14596468210220337
0.18584254384040833
0.18673864006996155
0.18364018201828
0.2060210406780243
0.17929974198341367
0.1932675540447235
0.1986722946166992
0.18266639113426208
0.16925203800201416
0.17821767926216123
0.1968981027603149
0.20420870184898376
0.21941694617271423
0.21799007058143613
0.1607285439968109
0.19120848178863523
0.2193966507911682
0.2151950895786285
0.1934739053249359
0.24928423762321472
0.12478066980838776
0.20664018392562863
0.18918585777282715
0.22626209259033203
0.1883043348789215
0.19168803095817563
0.18398147821426392
0.22063022851943967
0.20785647630691528
0.16398537158966064
0.208536297082901
0.18914464116096497
0.1530966758728027
0.19013765454292297
0.18036052584648127
0.1736732721328735
0.22448554635047913
0.16366347670555115
0.19759261608123777
0.17293596267700195
0.17864105105400083
0.194309264421463
0.22438111901283264
0.1882953345775604
0.19777897000312805
0.1762884259223938
0.21786576509475708
0.1453755497932434
0.16723129153251648
0.1672156453132629
0.2133837640285492
0.23959624767303464
0.1736295223236084
0.1733068823814392
0.25807252526283264
0.15889126062393188
0.22366502881050107
0.19096839427948
0.17568987607955933
0.2128605246543884
0.21263182163238523
0.16730430722236633
0.19741165637969968
0.1835265755653381
0.17780914902687073
0.19541484117507932
0.18697029352188113
0.19304972887039185
0.2061177492141724
0.15716716647148132
0.168430894613266
0.19343000650405884
0.22223013639450076
0.20330458879470825
0.14450421929359436
0.19623020291328433
0.18231448531150815
0.15902692079544067
0.13001371920108795
0.2232675850391388
0.1888195872306824
0.15459683537483215
0.18727096915245056
0.2316874563694
0.1676449477672577
0.20824587345123288
0.2029881775379181
0.18546855449676516
0.28185018897056574
0.24982336163520807
0.22791430354118347
0.16112077236175537
0.17722705006599426
0.176084965467453
0.1956497132778168
0.26616331934928894
0.20020151138305664
0.14763951301574707
0.16134756803512573
0.15420401096343994
0.20257335901260373
0.2170816659927368
0.2039929926395416
0.1540769636631012
0.21569895744323728
0.20946234464645383
0.2542298138141632
0.19037660956382751
0.1763606071472168
0.15858229994773865
0.1590067744255066
0.19554901123046875
0.21004116535186768
0.17113658785820007
0.2134989798069
0.21334633231163025
0.19652307033538816
0.22046163678169248
0.19126608967781064
0.16476008296012878
0.21168193221092224
0.1854259967803955
0.19956672191619876
0.14584022760391235
0.14961954951286316
0.19161736965179443
0.17123347520828247
0.13131266832351685
0.18099167943000796
0.20274245738983157
0.22542271018028257
0.2534787952899933
0.1521686315536499
0.221542090177536
0.162706196308136
0.212565541267395
0.21541523933410645
0.17768830060958862
0.16188499331474304
0.2108486294746399
0.20024558901786804
0.15144020318984985
0.2033521831035614
0.23088937997817996
0.15611395239830017
0.2007198929786682
0.15357980132102966
0.16665151715278623
0.16329166293144226
0.17003402113914487
0.15901917219161987
0.16485032439231873
0.23913469910621643
0.13507722318172455
0.19134441018104556
0.20474079251289368
0.18947017192840576
0.17877691984176636
0.19174122810363767
0.19821918010711667
0.1796162724494934
0.1807214319705963
0.140485942363739
0.1734638810157776
0.17538991570472717
0.1936506628990173
0.20616957545280457
0.2031848430633545
0.16675502061843872
0.19211545586586
0.2318274974822998
0.21635428071022036
0.20260995626449585
0.14974865317344663
0.22763875126838684
0.1656630039215088
0.19700589776039124
0.15317678451538083
0.2049279510974884
0.1641944944858551
0.19779276847839355
0.15960368514060974
0.20688062906265256
0.2330573797225952
0.21709418296813965
0.1978148818016052
0.27640843391418457
0.18908026814460757
0.23007473349571228
0.20975282788276672
0.19225910305976868
0.19510313868522644
0.23964369297027588
0.2096353769302368
0.16222238540649414
0.17050084471702576
0.20422053337097168
0.18696188926696777
0.22504752874374387
0.1974990367889404
0.20977947115898127
0.20159694552421567
0.20598360896110532
0.17161262035369873
0.21829730272293088
0.18556606769561768
0.24407741427421567
0.2189734578132629
0.22477942705154416
0.1918467283248901
0.16386234760284424
0.18145671486854556
0.20949143171310425
0.16275238990783691
0.17663449048995972
0.2328703999519348
0.21572354435920715
0.16233924031257627
0.1906715631484985
0.192593514919281
0.1854043006896973
0.15017759799957275
0.11920374631881712
0.2068839371204376
0.13618090748786926
0.17761829495429993
0.21524566411972043
0.20880326628685
0.17576023936271667
0.18645304441452024
0.14932796359062195
0.19829890131950376
0.14280638098716736
0.17358326911926267
0.17340996861457825
0.19408932328224185
0.19800880551338196
0.2297227680683136
0.18080103397369385
0.17199519276618955
0.1982001960277557
0.17994597554206848
0.1521710753440857
0.1765083372592926
0.18465295433998108
0.1701015830039978
0.206464558839798
0.21149507164955136
0.15791857242584229
0.20663562417030332
0.26176828145980835
0.1597450077533722
0.22875577211380005
0.19686704874038696
0.21194246411323547
0.15830546617507935
0.1859305202960968
0.23627132177352905
0.203420490026474
0.23023012280464167
0.22561535239219663
0.18427023291587827
0.18275687098503113
0.18769049644470212
0.21789664030075076
0.1724201142787933
0.1673143208026886
0.1682492196559906
0.18281659483909607
0.20325687527656555
0.1988011598587036
0.19686338305473328
0.26870033144950867
0.17287281155586243
0.19090065360069275
0.19572657346725464
0.14660054445266724
0.2058144211769104
0.20858496427536008
0.18153783679008484
0.23097854852676392
0.2428819835186005
0.1400470733642578
0.2260549068450928
0.2515462338924408
0.2149122059345245
0.12702420353889465
0.18088299036026
0.18121367692947388
0.20010679960250852
0.1661801040172577
0.20725086331367487
0.24248287081718445
0.17199784517288208
0.23756280541419983
0.1858114004135132
0.15651232004165647
0.1848987638950348
0.21862483024597168
0.18070027232170105
0.1633581817150116
0.1679019033908844
0.183677077293396
0.17478102445602417
0.17434579133987427
0.205227792263031
0.21204558014869687
0.19855952262878415
0.20889055728912356
0.17406153678894043
0.20995986461639404
0.20703089237213132
0.19678151607513428
0.12340942770242692
0.1950574219226837
0.1830349564552307
0.20499759912490845
0.21131363511085513
0.1349353790283203
0.21168106794357297
0.26088011264801025
0.246820330619812
0.1395915150642395
0.22127351164817807
0.17326751351356506
0.22258287668228147
0.16707634925842285
0.15514880418777463
0.2068392038345337
0.22530826926231384
0.18829068541526797
0.20775106549263
0.20278370380401609
0.19132715463638303
0.20400747656822205
0.13531699776649475
0.18693584203720087
0.22760370373725888
0.1965741515159607
0.20233359932899475
0.1963595747947693
0.14464819431304932
0.22627431154251096
0.23844650387763977
0.18822014331817624
0.1586247980594635
0.19355365633964536
0.16668730974197388
0.1669715046882629
0.1525842547416687
0.18620452284812927
0.18607014417648315
0.2746950685977936
0.19359061121940607
0.18406981229782104
0.1540522575378418
0.22290772199630737
0.22084799408912656
0.2074946165084839
0.20319053530693051
0.1611006259918213
0.16378533840179443
0.1926814317703247
0.15331968665122983
0.2015175223350525
0.20144540071487424
0.15019676089286804
0.20372933149337769
0.20368805527687073
0.2151053845882416
0.18780106306076047
0.17359736561775208
0.17336681485176086
0.21600177884101868
0.1858626902103424
0.22169077396392825
0.19904267787933347
0.16622433066368103
0.20054569840431213
0.16721540689468384
0.19396924972534177
0.16880422830581665
0.14283756911754608
0.1796131432056427
0.21937081217765808
0.1786504089832306
0.23358812928199768
0.19284275174140927
0.15910962224006653
0.18944138288497925
0.1274869441986084
0.21486788988113403
0.2151159942150116
0.1587904989719391
0.1509680449962616
0.15945160388946533
0.22009506821632385
0.2017024457454681
0.22057384252548215
0.14889225363731384
0.17942962050437927
0.21121224761009216
0.21097066998481753
0.17005443572998047
0.13464626669883728
0.17858895659446716
0.17527037858963013
0.17964956164360046
0.1668720841407776
0.15624335408210754
0.2161470651626587
0.17536497116088867
0.22098714113235476
0.17530673742294312
0.1940082013607025
0.17547711730003357
0.18080204725265503
0.1694203019142151
0.18618121743202207
0.21188822388648984
0.19795501232147217
0.24890440702438357
0.18400919437408447
0.17826250195503235
0.19971975684165957
0.17357632517814636
0.21503627300262448
0.1559651792049408
0.20283955335617063
0.19367399811744687
0.18222376704216003
0.1833542287349701
0.2257332503795624
0.2097426652908325
0.232610821723938
0.1834309995174408
0.21543878316879272
0.1607849895954132
0.21873021125793457
0.16888698935508728
0.1627905964851379
0.1287415623664856
0.1902821362018585
0.2204937040805817
0.20629465579986567
0.20683500170707703
0.22254827618598935
0.17276591062545776
0.15591585636138916
0.15401890873908997
0.16590306162834167
0.19846877455711365
0.2038699984550476
0.17475607991218567
0.17401573061943054
0.1552676260471344
0.17091742157936096
0.1593828797340393
0.19062581658363345
0.15400987863540647
0.1530758440494537
0.20679348707199097
0.20441752672195437
0.25175222754478455
0.22032132744789124
0.176801860332489
0.1929031312465668
0.2477890253067017
0.15713569521903992
0.1773509383201599
0.1935313045978546
0.1983378231525421
0.2047720551490784
0.1609567105770111
0.21024897694587708
0.1784730851650238
0.15347829461097717
0.16381746530532837
0.16778329014778137
0.16614094376564023
0.20875340700149536
0.13475266098976135
0.16176429390907288
0.20400437712669367
0.1757751107215881
0.19246393442153928
0.14550930261611938
0.2183662950992584
0.17526492476463315
0.17567232251167297
0.13815456628799438
0.21559077501297
0.21319630742073056
0.21013605594635007
0.1829611361026764
0.13050204515457153
0.19276213645935056
0.2008763551712036
0.16287547349929807
0.2107835114002228
0.16977679729461667
0.1980368494987488
0.15611812472343445
0.1796663999557495
0.1436406672000885
0.18845000863075256
0.23379641771316528
0.19013014435768127
0.1861298084259033
0.1932738423347473
0.16939961910247803
0.18802672624588007
0.1967231631278992
0.1772703230381012
0.19818180799484247
0.2070698440074921
0.19715499877929688
0.1653892993927002
0.1799088716506958
0.19500654935836792
0.15833917260169983
0.16961166262626648
0.16920673847198486
0.1963444948196411
0.1693076193332672
0.20687398314476013
0.1915731430053711
0.18975937366485596
0.21816220879554749
0.17503505945205688
0.19937974214553836
0.18618491291999817
0.21074432134628293
0.19066444039344788
0.17245563864707947
0.20683625340461728
0.1622551679611206
0.19906529784202573
0.16211766004562375
0.21896719932556152
0.20808699727058408
0.1886322498321533
0.1904776394367218
0.1968035101890564
0.19572260975837708
0.160340279340744
0.17653515934944153
0.2414190173149109
0.20378145575523376
0.27796739339828486
0.20300176739692688
0.18068355321884155
0.1824603080749512
0.16836005449295044
0.16198879480361938
0.22763746976852417
0.1596541404724121
0.2302177846431732
0.19569864869117737
0.17324137687683103
0.1829056739807129
0.218064546585083
0.22481903433799744
0.18782183527946472
0.19077101349830627
0.19953885674476624
0.1859632432460785
0.20847272872924805
0.2061079442501068
0.191299706697464
0.20104745030403137
0.21483290195465088
0.20199877023696897
0.22725051641464236
0.2069208323955536
0.18410682678222656
0.18271103501319885
0.2217203080654144
0.208878755569458
0.1849704682826996
0.16131702065467834
0.15378057956695557
0.21475115418434143
0.19617760181427
0.2298389971256256
0.24111923575401303
0.18740954995155332
0.17173147201538083
0.17174115777015686
0.20985281467437744
0.18024757504463196
0.2025078237056732
0.20578548312187195
0.1336873173713684
0.19397982954978943
0.20186081528663635
0.15734261274337769
0.24823206663131717
0.14622651040554047
0.20621520280838007
0.19067460298538208
0.18002861738204956
0.19213220477104187
0.2157302796840668
0.26187410950660706
0.1701246201992035
0.15145906805992126
0.21500608325004575
0.15501493215560913
0.22289809584617612
0.22016087174415588
0.1888042390346527
0.1884388625621796
0.171921044588089
0.17988070845603943
0.21743273735046384
0.1730130910873413
0.1934849917888641
0.19033321738243103
0.19773331284523007
0.1839686930179596
0.20257946848869324
0.22020357847213745
0.23801898956298828
0.1956396698951721
0.19525521993637085
0.21079140901565552
0.1910920739173889
0.1761067509651184
0.2011436223983765
0.1493164300918579
0.1479094922542572
0.2066588997840881
0.1713728308677673
0.1895168423652649
0.20935097336769104
0.20186591148376465
0.16050827503204343
0.16377711296081543
0.19754359126091003
0.18753656744956967
0.1628156006336212
0.22615569829940796
0.18747794628143313
0.19270166754722595
0.161740243434906
0.15628847479820251
0.1729238927364349
0.23028838634490967
0.18184694647789
0.1814565360546112
0.15741443634033203
0.11040552705526352
0.228804349899292
0.15406584739685059
0.19862303137779236
0.19833317399024963
0.21384704113006592
0.191532164812088
0.2190229892730713
0.19032555818557736
0.17278644442558289
0.17881089448928833
0.21636939048767087
0.183386504650116
0.1982845366001129
0.1813913583755493
0.15500640869140625
0.19895964860916135
0.1756758093833923
0.19147104024887085
0.17704138159751892
0.16654565930366516
0.1592962145805359
0.22227883338928223
0.18538451194763184
0.19407737255096436
0.20868822932243347
0.20941242575645447
0.2094048857688904
0.13305866718292236
0.2245357632637024
0.18478858470916748
0.2131047546863556
0.2383458316326141
0.1604105234146118
0.2043159306049347
0.17170080542564392
0.19676595926284793
0.18735674023628235
0.19983512163162231
0.19008556008338928
0.18618878722190857
0.18012234568595886
0.17485666275024414
0.14400070905685425
0.19678303599357605
0.19219669699668884
0.2117096781730652
0.21202245354652405
0.18663719296455383
0.2015102505683899
0.2435331344604492
0.1931132376194
0.21752575039863584
0.14330965280532837
0.22426375746726987
0.18014973402023315
0.17102161049842834
0.20005494356155396
0.1827365756034851
0.19261452555656436
0.16282105445861816
0.19612294435501096
0.21219491958618164
0.20439612865448
0.20992302894592285
0.1537347435951233
0.17989590764045715
0.1999469697475433
0.20510017871856687
0.15928417444229123
0.21650734543800357
0.16120466589927673
0.1852678656578064
0.1953250765800476
0.1638614237308502
0.19858765602111816
0.14603687822818756
0.18153193593025208
0.2134872674942017
0.19752115011215207
0.19645345211029047
0.1944367587566376
0.1948238909244537
0.17946815490722656
0.19267377257347104
0.19851818680763245
0.1836489140987396
0.13870099186897275
0.23816564679145807
0.15793240070343015
0.20766472816467285
0.17521706223487854
0.2178265750408173
0.21933838725090024
0.22927260398864743
0.21072295308113095
0.21806436777114868
0.17052817344665527
0.1748807430267334
0.19252103567123413
0.1982847452163696
0.22901910543441767
0.2307301163673401
0.20093077421188357
0.1702735424041748
0.2356087565422058
0.18774244189262393
0.1750187575817108
0.17880702018737793
0.18655073642730713
0.2129209339618683
0.16671660542488098
0.20849353075027463
0.1189606487751007
0.20183229446411127
0.17593666911125183
0.17578834295272827
0.1735585331916809
0.18968588113784793
0.2114506363868713
0.16393202543258667
0.1631948947906494
0.1677008867263794
0.20159873366355896
0.19302234053611755
0.1748543381690979
0.1978029906749725
0.18228501081466675
0.1559334695339203
0.20547381043434143
0.1543644368648529
0.24746739864349365
0.2346916496753693
0.23098951578140256
0.2077762186527252
0.1854216754436493
0.1833401918411255
0.19881805777549744
0.1935950219631195
0.21526402235031128
0.1643756628036499
0.18521255254745483
0.18298196792602536
0.20024549961090088
0.23257046937942505
0.15545257925987244
0.1767539083957672
0.1419110596179962
0.18469133973121643
0.23311647772789
0.20097550749778748
0.20736959576606753
0.20079874992370603
0.20187759399414065
0.2015332281589508
0.1691828966140747
0.1982007920742035
0.20718860626220703
0.19753962755203247
0.15848785638809204
0.21013414859771729
0.21636563539505005
0.2061169147491455
0.16710445284843445
0.15303373336791992
0.14361354708671567
0.16941961646080017
0.23052862286567688
0.16601732373237607
0.25233301520347595
0.1471893340349197
0.17484119534492493
0.20293092727661127
0.17588269710540771
0.18839651346206665
0.14656563103199005
0.18885278701782224
0.20394277572631836
0.189584881067276
0.24363261461257932
0.1337129771709442
0.1928275525569916
0.23941823840141296
0.18619045615196228
0.22045287489891047
0.14962634444236755
0.12657716870307922
0.20687580108642575
0.21045491099357605
0.19986712932586667
0.1714347004890442
0.1985083222389221
0.23938849568367004
0.17185768485069275
0.20928192138671875
0.15092575550079343
0.1259765923023224
0.16343733668327332
0.18339684605598447
0.15485399961471555
0.2094125747680664
0.21334102749824524
0.19515866041183472
0.17819756269454956
0.18544685840606687
0.19090935587882996
0.21831357479095456
0.18745002150535583
0.23651582002639768
0.1836032271385193
0.25454971194267273
0.18249368667602536
0.19019186496734616
0.194479763507843
0.20835977792739868
0.1842712163925171
0.19726780056953433
0.20597124099731445
0.17222711443901062
0.1921943426132202
0.18573838472366333
0.1484285295009613
0.2272537350654602
0.22124713659286496
0.22496157884597776
0.1949985325336456
0.21823731064796448
0.15606677532196045
0.163117378950119
0.1356082260608673
0.168653666973114
0.21904820203781128
0.1425199806690216
0.18070107698440552
0.182146430015564
0.1881093382835388
0.13960084319114685
0.18898215889930725
0.16982826590538025
0.2137277126312256
0.2159306108951569
0.2509640157222748
0.1731565296649933
0.16144120693206787
0.2031765580177307
0.1863228380680084
0.18212831020355225
0.19965812563896176
0.20920023322105408
0.20965757966041565
0.208877831697464
0.16922149062156677
0.1897774636745453
0.20994144678115845
0.22659432888031003
0.16498607397079468
0.22370955348014832
0.18635502457618716
0.17573845386505127
0.2000475525856018
0.18556547164916992
0.18395724892616272
0.1993635594844818
0.136971116065979
0.19991326332092285
0.20183604955673215
0.227250337600708
0.16115149855613708
0.21107655763626096
0.1673150360584259
0.16128820180892944
0.20471376180648804
0.17399993538856506
0.17207825183868408
0.17889761924743652
0.16402545571327207
0.2062711715698242
0.15318205952644348
0.1874962151050568
0.20099323987960813
0.18054479360580444
0.19722080230712888
0.1626431941986084
0.20341879129409793
0.18624755740165713
0.18769806623458865
0.225292444229126
0.1730756163597107
0.18915352225303647
0.13902929425239563
0.1624873578548431
0.23305612802505493
0.20418277382850647
0.1028737872838974
0.17075127363204956
0.24567162990570068
0.1962512135505676
0.1675034463405609
0.2136763334274292
0.15643107891082764
0.18919146060943604
0.221373587846756
0.2117842733860016
0.12856921553611755
0.16966617107391355
0.17584097385406494
0.18988353013992307
0.18289446830749512
0.13244763016700745
0.21648484468460083
0.16360074281692505
0.1682022511959076
0.1928144097328186
0.17784902453422546
0.21142509579658508
0.21963411569595337
0.1528295874595642
0.18353521823883057
0.17623859643936157
0.16221976280212402
0.18604952096939087
0.1348723471164703
0.22473010420799253
0.20934101939201355
0.18004050850868225
0.17164030671119687
0.179828941822052
0.1848473250865936
0.15408059954643247
0.19906023144721985
0.2078406512737274
0.12612831592559814
0.18361094594001767
0.19100570678710935
0.20318937301635745
0.20497307181358335
0.2273552119731903
0.16594079136848447
0.15154117345809937
0.20764660835266116
0.20932009816169736
0.17813101410865784
0.20300075411796567
0.1671442687511444
0.20936089754104611
0.17733219265937805
0.21003693342208865
0.21249136328697205
0.18952256441116333
0.1828356087207794
0.19883230328559875
0.19051194190979004
0.1283922493457794
0.19384831190109247
0.18707045912742612
0.2060460150241852
0.1416652351617813
0.16941407322883603
0.18494659662246704
0.19656410813331604
0.18020230531692505
0.2204429507255554
0.17979773879051208
0.1841459274291992
0.14815548062324524
0.22756558656692505
0.14575669169425964
0.18136316537857053
0.17848384380340576
0.21347633004188535
0.19761109352111816
0.20599430799484247
0.20894649624824524
0.19831907749176023
0.1789974868297577
0.24356538057327273
0.12192071229219437
0.17636683583259583
0.1552211046218872
0.14029398560523987
0.1987932324409485
0.21830603480339048
0.19956383109092712
0.19950020313262937
0.1684891581535339
0.20980915427207944
0.19442439079284668
0.15228593349456787
0.11984065920114516
0.20098620653152463
0.2294602990150452
0.17108336091041565
0.1713513433933258
0.17512446641921997
0.18403813242912287
0.1754181683063507
0.21303129196166992
0.17212572693824768
0.20120048522949216
0.17471706867218015
0.19496458768844604
0.1762004792690277
0.1898378133773804
0.19676741957664487
0.22808462381362915
0.19509327411651609
0.18249601125717163
0.265821635723114
0.14399635791778564
0.2068487703800201
0.26085180044174194
0.15002962946891785
0.21661996841430664
0.15541386604309082
0.18801850080490112
0.2091587483882904
0.15395140647888184
0.1415541172027588
0.21908509731292725
0.19391193985939023
0.21344783902168277
0.17266902327537537
0.18411517143249512
0.20810845494270325
0.1986500024795532
0.23760360479354856
0.20079126954078677
0.241011381149292
0.1719323694705963
0.18971991539001465
0.16292300820350647
0.18906417489051816
0.19979575276374817
0.178526371717453
0.20784944295883176
0.1562073528766632
0.2154453694820404
0.17315897345542908
0.18496319651603696
0.1642686426639557
0.17166730761528015
0.17820271849632263
0.21629041433334353
0.22974520921707156
0.1628044843673706
0.19013699889183044
0.1384020745754242
0.17880767583847043
0.220840185880661
0.20904740691185
0.20985800027847287
0.2413638532161713
0.2129856050014496
0.22560214996337888
0.2063695788383484
0.20396164059638977
0.2147904634475708
0.1402181088924408
0.1995151937007904
0.12091337889432908
0.21907833218574524
0.19794604182243347
0.19100677967071533
0.19273692369461057
0.17150551080703735
0.18464720249176023
0.1842702031135559
0.2009950578212738
0.19861066341400144
0.2380138039588928
0.1940996050834656
0.20802995562553403
0.16963732242584229
0.2037736177444458
0.20100027322769165
0.12790697813034055
0.18645262718200684
0.1629532277584076
0.1974390149116516
0.1976745426654816
0.1840272843837738
0.21935039758682248
0.17860031127929688
0.16619658470153809
0.19854408502578733
0.21066868305206296
0.17608356475830078
0.1775686740875244
0.1759853363037109
0.19767794013023376
0.2010197937488556
0.2012649476528168
0.2082698345184326
0.12445969134569168
0.19490772485733032
0.14842137694358823
0.17142817378044128
0.16071397066116333
0.194001704454422
0.17819011211395264
0.23580682277679443
0.19152709841728208
0.19453200697898865
0.19409197568893433
0.16375872492790222
0.19093403220176697
0.19572654366493225
0.19870480895042417
0.17812517285346985
0.1920573711395264
0.15859532356262207
0.21259987354278564
0.19715633988380432
0.18243578076362607
0.1908605992794037
0.2153683304786682
0.19952306151390076
0.20322605967521667
0.1625213325023651
0.204471617937088
0.1649726629257202
0.147443950176239
0.21312823891639707
0.16100096702575684
0.267406702041626
0.19429513812065125
0.17053133249282837
0.2206982970237732
0.12619963288307187
0.217182457447052
0.19439351558685303
0.20302262902259824
0.21538448333740237
0.1853996813297272
0.15874525904655457
0.19160524010658264
0.17739281058311462
0.17848044633865356
0.15893805027008057
0.21676573157310483
0.17809823155403137
0.2046935558319092
0.19341248273849487
0.20136895775794983
0.17123374342918396
0.18421366810798645
0.15988311171531677
0.18196970224380493
0.21031931042671204
0.189626544713974
0.1925952434539795
0.18449881672859192
0.1705722212791443
0.20563271641731265
0.15959635376930237
0.19291621446609497
0.16496139764785767
0.16238299012184143
0.18496394157409668
0.1303587257862091
0.1624401807785034
0.20960494875907895
0.18670016527175903
0.19159641861915588
0.1883378028869629
0.2203699350357056
0.17921233177185059
0.1543535590171814
0.1820523738861084
0.21853178739547727
0.1708000898361206
0.18741613626480105
0.20436906814575195
0.20798081159591675
0.19065034389495847
0.17387345433235168
0.20522010326385495
0.21254709362983704
0.18692854046821597
0.2379776835441589
0.11971227079629898
0.2336970567703247
0.19358500838279724
0.16208574175834656
0.22277599573135373
0.1781368851661682
0.1311545968055725
0.2233002185821533
0.19296014308929443
0.16011589765548706
0.22706782817840576
0.1528453230857849
0.2433389127254486
0.2025700807571411
0.2190379500389099
0.1835089325904846
0.21253910660743716
0.18892464041709897
0.19028854370117188
0.1599431037902832
0.16155999898910522
0.21681734919548035
0.1900634467601776
0.19601058959960935
0.19726493954658508
0.20181405544281003
0.1756141185760498
0.19895589351654047
0.1860807538032532
0.19335386157035828
0.1801069974899292
0.15185502171516418
0.18812069296836853
0.19821953773498532
0.1678728461265564
0.21334862709045407
0.15951675176620483
0.17599394917488098
0.2061654031276703
0.20263749361038208
0.225620836019516
0.18187400698661804
0.22318655252456665
0.19792965054512024
0.19143745303153992
0.21192193031311035
0.18415114283561704
0.18697363138198847
0.2006914019584656
0.13241173326969147
0.21764972805976868
0.1733863353729248
0.20100772380828855
0.15267318487167358
0.18716704845428464
0.17121174931526184
0.19129508733749387
0.15561810135841367
0.19184371829032895
0.18653717637062073
0.2138527035713196
0.1731584072113037
0.1830905973911285
0.26218733191490173
0.2384255528450012
0.17567542195320127
0.20890748500823972
0.23142802715301516
0.16016286611557007
0.20002317428588867
0.1826355457305908
0.16285797953605652
0.14306125044822693
0.1826595962047577
0.22727966308593753
0.22734111547470087
0.1714383065700531
0.20425036549568176
0.17202427983283997
0.2254694700241089
0.2142816185951233
0.1746115684509277
0.16366764903068542
0.18968486785888672
0.18093311786651609
0.15651562809944153
0.17478123307228088
0.1556023359298706
0.174177885055542
0.19066193699836728
0.1802612543106079
0.2321767807006836
0.15077754855155945
0.1791202425956726
0.18892407417297363
0.20302358269691467
0.2048068940639496
0.21994549036026
0.13990244269371033
0.23830237984657288
0.15328508615493774
0.19183751940727237
0.22179532051086423
0.21612524986267087
0.20514950156211853
0.16546693444252014
0.1914691627025604
0.2165611684322357
0.22523409128189087
0.22927960753440857
0.16504284739494324
0.19834476709365845
0.1877732574939728
0.21987834572792053
0.21085646748542783
0.21109107136726377
0.18467372655868527
0.17037692666053772
0.21549433469772336
0.17118677496910095
0.23332342505455017
0.15452948212623596
0.17615079879760742
0.23005735874176023
0.17499592900276184
0.18599295616149905
0.22391545772552487
0.15267905592918396
0.19637197256088257
0.2031651735305786
0.17742908000946045
0.15645471215248108
0.20063501596450803
0.2046371698379517
0.18306565284729004
0.18920645117759705
0.20067808032035828
0.1710812151432037
0.17145970463752747
0.2124159932136536
0.1584860384464264
0.1858371794223785
0.14535602927207947
0.18532809615135193
0.1832109987735748
0.16806694865226743
0.1903150379657745
0.2282792031764984
0.1771647334098816
0.18885469436645508
0.20089015364646912
0.20808410644531247
0.1675386130809784
0.2382198870182037
0.22492992877960205
0.2011429071426392
0.1479310393333435
0.21706557273864743
0.18678423762321472
0.1804053783416748
0.18005552887916565
0.1786274015903473
0.1857658922672272
0.17202359437942505
0.1980249583721161
0.18299061059951785
0.19665828347206116
0.178593248128891
0.20889446139335632
0.1188180074095726
0.1873457431793213
0.2317630648612976
0.17557623982429504
0.18585139513015747
0.1926097273826599
0.17256686091423035
0.2053667604923248
0.20194914937019348
0.1843647658824921
0.19243454933166504
0.21322914958000183
0.2638046741485596
0.16134685277938843
0.20640709996223447
0.17732197046279907
0.18452188372612
0.20692095160484317
0.17381995916366577
0.18074676394462583
0.20154827833175656
0.2141183316707611
0.20533016324043277
0.16657039523124695
0.17427310347557068
0.2078588306903839
0.09968625754117964
0.2166471481323242
0.19255372881889343
0.20641484856605527
0.2298455238342285
0.1893552243709564
0.19849488139152527
0.1967192590236664
0.18609219789505005
0.200036883354187
0.1639205515384674
0.2040138840675354
0.13039052486419675
0.11719242483377457
0.14119398593902588
0.20389699935913083
0.2007748782634735
0.15994566679000854
0.19507503509521484
0.18315759301185608
0.23880979418754575
0.15505215525627136
0.19459739327430725
0.18915304541587827
0.21217495203018188
0.21685034036636353
0.18956294655799863
0.15357646346092224
0.19472602009773252
0.194301962852478
0.14216911792755127
0.21072378754615784
0.14996439218521118
0.17649611830711365
0.1637288928031921
0.2449711561203003
0.1434052437543869
0.19093590974807736
0.19759672880172727
0.2119469344615936
0.17812761664390564
0.13367727398872375
0.17954584956169128
0.16463825106620789
0.20200631022453308
0.18607246875762937
0.18461367487907407
0.2031613290309906
0.2181367874145508
0.20204520225524905
0.1892941892147064
0.2085619866847992
0.20992332696914673
0.20475703477859497
0.23643743991851807
0.21327853202819824
0.2013883888721466
0.18665939569473264
0.14941677451133728
0.1581934094429016
0.16723182797431943
0.21006774902343753
0.19127571582794187
0.1896412968635559
0.22032019495964048
0.2324316501617432
0.21553978323936465
0.1998892426490784
0.2073248624801636
0.2662470638751984
0.18211862444877625
0.16096174716949463
0.14852091670036316
0.16937193274497983
0.1742483377456665
0.2055208086967468
0.17164063453674316
0.21639990806579587
0.17055583000183103
0.2220010459423065
0.2444199025630951
0.18618702888488767
0.18283611536026
0.2282065749168396
0.12316624820232391
0.19873651862144473
0.19278186559677124
0.214697539806366
0.20094487071037287
0.17630627751350403
0.17007440328598022
0.19812643527984616
0.23410698771476743
0.1517174243927002
0.18116775155067444
0.16816705465316772
0.2215273678302765
0.2034375965595245
0.130906343460083
0.15225902199745178
0.2080969214439392
0.20801293849945068
0.1877159774303436
0.20683926343917847
0.15109872817993164
0.19191026687622073
0.20957419276237488
0.17662343382835388
0.17495074868202207
0.21400603652000427
0.1990072727203369
0.20407468080520627
0.15963873267173767
0.1655880510807037
0.18555474281311035
0.19006797671318051
0.20424023270606995
0.19219970703125
0.17756003141403198
0.1330053210258484
0.19062423706054688
0.1916552186012268
0.16766220331192017
0.2110934555530548
0.20162513852119443
0.22372668981552124
0.20147043466567996
0.19986286759376523
0.181562215089798
0.17965909838676453
0.2129509150981903
0.24818843603134155
0.19874486327171323
0.16788741946220395
0.2073073089122772
0.1716194450855255
0.21150892972946167
0.20275220274925232
0.21330797672271729
0.2084401249885559
0.1681336760520935
0.19737145304679873
0.1557597815990448
0.22804886102676392
0.20478966832160947
0.21735990047454837
0.24376404285430908
0.18160203099250796
0.24102869629859924
0.19273537397384644
0.13168779015541077
0.18367391824722287
0.185285747051239
0.2322291433811188
0.22335642576217649
0.20706376433372495
0.18413504958152768
0.15002527832984924
0.17000746726989746
0.2144522964954376
0.20447444915771484
0.20149719715118408
0.25549232959747314
0.16019481420516968
0.1780301332473755
0.1453557014465332
0.20662552118301392
0.1778832376003265
0.2014598846435547
0.16788175702095032
0.21466797590255737
0.16496360301971436
0.19356006383895877
0.1626433432102203
0.1954540014266968
0.19926187396049497
0.20898842811584473
0.22615540027618408
0.24300190806388852
0.17795130610466003
0.15547645092010498
0.1867365837097168
0.21698731184005737
0.18003103137016296
0.20225465297698972
0.20327097177505493
0.19625067710876465
0.209404319524765
0.17629489302635193
0.20050716400146484
0.20066243410110476
0.18255123496055603
0.21789786219596863
0.18840038776397705
0.19199764728546145
0.21723991632461548
0.1896439492702484
0.17738723754882812
0.1731901168823242
0.13980862498283386
0.19519972801208496
0.22575730085372925
0.18426892161369324
0.17834359407424927
0.20729508996009824
0.14614488184452057
0.23475077748298645
0.2033391892910004
0.18003949522972107
0.24232032895088196
0.20844212174415588
0.20345512032508847
0.19594547152519223
0.2200957536697388
0.19268476963043207
0.1889987587928772
0.19660818576812744
0.2481415271759033
0.19071778655052185
0.20777398347854611
0.18877238035202024
0.1855510175228119
0.2182205319404602
0.1837390065193176
0.15603357553482056
0.17140477895736694
0.19529655575752256
0.18734222650527957
0.1830900609493256
0.21288809180259705
0.1708868443965912
0.23231476545333865
0.17434734106063843
0.17854732275009155
0.17172476649284363
0.16576123237609863
0.1576392650604248
0.1949694752693176
0.1736609935760498
0.20699656009674072
0.2088450789451599
0.21432623267173767
0.18706214427948
0.17579513788223267
0.1953628659248352
0.24023216962814328
0.22756338119506836
0.19971686601638797
0.1590948700904846
0.19509148597717285
0.16595807671546936
0.19161295890808103
0.17636358737945557
0.21992278099060056
0.1896710395812988
0.19503775238990784
0.16221600770950317
0.20314905047416687
0.16403114795684814
0.19212189316749567
0.24203845858573916
0.19714295864105225
0.20488277077674863
0.21540212631225583
0.18433344364166257
0.23051992058753967
0.1737428605556488
0.18228670954704285
0.20493039488792417
0.21112748980522156
0.22032254934310916
0.1722310185432434
0.2218386232852936
0.15235382318496704
0.16901659965515137
0.19987711310386655
0.18246719241142273
0.17372658848762512
0.20137742161750796
0.20697811245918277
0.15529727935791016
0.22225278615951535
0.20340222120285037
0.20885819196701047
0.1980794370174408
0.1770269274711609
0.17795515060424805
0.1882944703102112
0.22198811173439023
0.2239863574504852
0.18197521567344663
0.2340127229690552
0.18560475111007688
0.1346857249736786
0.19097450375556943
0.22159388661384585
0.19567638635635373
0.2067756950855255
0.11934234946966173
0.1879068315029144
0.18820807337760925
0.21312272548675537
0.16313952207565308
0.20875889062881467
0.22306162118911743
0.15991589426994324
0.17445772886276245
0.19374045729637143
0.2016741633415222
0.2023371458053589
0.16174891591072083
0.18847188353538516
0.21145266294479367
0.16793587803840637
0.2393328547477722
0.22299292683601377
0.13199014961719513
0.17288032174110413
0.18646761775016785
0.2169571816921234
0.17706099152565002
0.1821613609790802
0.17702966928482056
0.1670960783958435
0.2060204446315765
0.16001784801483154
0.2036406695842743
0.1738399863243103
0.19307541847229004
0.17525890469551086
0.220790296792984
0.21056604385375977
0.13486963510513303
0.191506028175354
0.18424129486083984
0.19962260127067563
0.18053647875785828
0.21174782514572144
0.19409936666488647
0.17615967988967896
0.22434693574905396
0.17676222324371335
0.1881892681121826
0.21199399232864377
0.21058160066604611
0.20101198554039
0.1787019670009613
0.2205516993999481
0.1474746465682983
0.17803329229354858
0.2140435874462128
0.15767842531204224
0.1763518750667572
0.22456642985343933
0.14279398322105408
0.1913508772850037
0.18768808245658877
0.2432774007320404
0.15220791101455688
0.16258516907691956
0.1747622191905975
0.19477176666259763
0.18220210075378415
0.18203067779541013
0.1511252522468567
0.16616302728652954
0.19099473953247073
0.1573193073272705
0.16732671856880188
0.16323122382164
0.17123138904571533
0.18675139546394348
0.20160126686096191
0.1657847762107849
0.16722017526626587
0.2000029683113098
0.17562931776046753
0.1372201144695282
0.17475640773773193
0.17411217093467712
0.20711699128150937
0.18707168102264404
0.16205427050590515
0.175334632396698
0.2182466983795166
0.2106804251670837
0.22219401597976685
0.15723708271980283
0.1894967555999756
0.15566936135292053
0.15846940875053403
0.11588449031114578
0.17491519451141355
0.1970864236354828
0.2330603897571564
0.15449464321136475
0.17097765207290647
0.20159605145454407
0.17549172043800354
0.1919374167919159
0.13812008500099182
0.18808507919311523
0.2045538425445557
0.15091657638549805
0.2035240828990936
0.1736486852169037
0.18592888116836548
0.159426748752594
0.18719372153282163
0.1962355673313141
0.22003647685050964
0.14371784031391144
0.19397401809692383
0.22864431142807007
0.19263818860054016
0.17708653211593628
0.18353107571601868
0.21794182062149048
0.20782703161239624
0.20533058047294617
0.18844977021217343
0.21496692299842837
0.15362763404846191
0.1880569159984589
0.17698949575424194
0.13430854678153992
0.19890135526657104
0.1675332486629486
0.21410828828811643
0.20766624808311465
0.2089495658874512
0.24084562063217163
0.1999182999134064
0.1674729287624359
0.20492935180664065
0.15921816229820251
0.15156018733978271
0.1342231035232544
0.2027277946472168
0.219811886548996
0.1821070909500122
0.19779884815216064
0.16826850175857544
0.13277733325958252
0.18589034676551816
0.1955067217350006
0.210146427154541
0.216042160987854
0.19605618715286252
0.20986154675483704
0.17860752344131467
0.13973312079906464
0.2203774452209473
0.18003413081169128
0.2148311734199524
0.2177864909172058
0.19121816754341123
0.17597156763076782
0.147666335105896
0.1347668170928955
0.1797366440296173
0.19277250766754153
0.24224135279655457
0.1903734505176544
0.16315284371376035
0.1639098823070526
0.2002718150615692
0.20276683568954468
0.165971577167511
0.16896438598632812
0.20188331604003903
0.17190960049629211
0.1663896143436432
0.19991219043731687
0.1786687970161438
0.15406742691993713
0.18802657723426816
0.17529258131980896
0.2386537194252014
0.24622151255607605
0.19399309158325195
0.15228864550590515
0.21550709009170527
0.25113615393638605
0.19639334082603452
0.1630871295928955
0.1842555105686188
0.19569674134254453
0.17561873793601987
0.1789979636669159
0.202320009469986
0.21828147768974304
0.2066840827465057
0.15302026271820068
0.1882226765155792
0.20241087675094604
0.1707741022109985
0.16644683480262756
0.23342764377593997
0.2273143231868744
0.21091863512992856
0.18921902775764465
0.2074064016342163
0.2036346197128296
0.17072135210037231
0.23149430751800537
0.17671290040016174
0.1749671995639801
0.18425896763801572
0.1973321437835693
0.1426543891429901
0.2169277369976044
0.21304830908775327
0.1677347719669342
0.19224515557289124
0.20793825387954712
0.11467794328927992
0.19060522317886353
0.19129621982574463
0.25309374928474426
0.20593577623367307
0.15479794144630432
0.15584799647331235
0.178917795419693
0.19062298536300656
0.15453404188156128
0.15965887904167175
0.20582047104835513
0.19626858830451965
0.23373204469680783
0.22434997558593753
0.2646688222885132
0.21459239721298215
0.19381901621818545
0.20082175731658933
0.21309947967529297
0.2467527687549591
0.2379368245601654
0.18371438980102536
0.20042526721954343
0.15819501876831055
0.16215315461158752
0.20300415158271787
0.18575873970985407
0.2036222219467163
0.19457390904426572
0.19463488459587097
0.1789629757404327
0.2165435254573822
0.2084926664829254
0.1627526879310608
0.17193445563316345
0.2063056230545044
0.1725812256336212
0.20708906650543207
0.20968201756477356
0.1711609661579132
0.18615177273750305
0.17673560976982117
0.19558840990066528
0.154240220785141
0.21210134029388428
0.20137423276901245
0.18476688861846924
0.17245697975158691
0.14833849668502808
0.2209725081920624
0.15532240271568298
0.18662738800048828
0.23928704857826233
0.2159196138381958
0.17593690752983093
0.15709543228149414
0.20748457312583923
0.2017929255962372
0.19454994797706604
0.15863341093063354
0.16013875603675842
0.15801769495010376
0.2491266131401062
0.22640326619148252
0.2288430333137512
0.17169705033302307
0.20908296108245847
0.2200151085853577
0.15662282705307007
0.18587374687194824
0.16917821764945984
0.2095531225204468
0.20720121264457703
0.2529713213443756
0.17386379837989807
0.2001391649246216
0.1727834939956665
0.1805952489376068
0.2233209311962128
0.20121175050735476
0.18677759170532224
0.17223861813545227
0.2113075852394104
0.2529682219028473
0.2052589654922485
0.19878020882606504
0.21708443760871887
0.1968320608139038
0.17311277985572815
0.21647393703460693
0.20441132783889768
0.1896116733551025
0.12323864549398422
0.20812335610389707
0.17496389150619507
0.17908412218093872
0.1692020297050476
0.15729594230651855
0.21454766392707825
0.17452931404113767
0.16762369871139526
0.14945262670516968
0.13304924964904785
0.18315571546554563
0.22499173879623413
0.21427556872367856
0.194282740354538
0.15585502982139587
0.15901818871498108
0.26954841613769526
0.1990162134170532
0.1969931721687317
0.20214924216270447
0.17710459232330322
0.19069951772689817
0.15722933411598203
0.1518031060695648
0.2380968928337097
0.19374436140060425
0.19881880283355713
0.18888881802558896
0.17629483342170715
0.15282955765724182
0.17456012964248657
0.18163523077964783
0.1731528341770172
0.26075664162635803
0.23676294088363647
0.1931385099887848
0.1611042320728302
0.185179203748703
0.12767361104488373
0.1869816482067108
0.2185196876525879
0.1622048318386078
0.20241147279739377
0.2279129922389984
0.18241348862648007
0.2180730104446411
0.17222833633422852
0.1919708549976349
0.20292675495147705
0.2194019854068756
0.19472783803939817
0.1960221230983734
0.15217530727386475
0.22447115182876584
0.14037692546844482
0.21284693479537964
0.14620853960514069
0.18204534053802487
0.22317376732826233
0.1774463057518005
0.16654381155967712
0.1765884160995483
0.1954260766506195
0.15627801418304443
0.1889480352401733
0.1459762156009674
0.1901892125606537
0.17185565829277039
0.20356163382530207
0.1770592629909515
0.1362455189228058
0.15879783034324646
0.2010270059108734
0.17414680123329163
0.1569882035255432
0.2042751908302307
0.2750795781612396
0.2031804919242859
0.19048938155174253
0.20084816217422485
0.1946863532066345
0.18288588523864743
0.17067593336105347
0.19068577885627744
0.17898106575012207
0.19092634320259091
0.20974987745285037
0.16034331917762756
0.21963873505592343
0.23790758848190308
0.19577571749687195
0.1745038628578186
0.14682158827781677
0.1575356125831604
0.19398853182792664
0.20497265458106995
0.2094028294086456
0.15932077169418335
0.20433855056762693
0.17993834614753723
0.16390374302864075
0.2043370306491852
0.17294526100158691
0.1860144734382629
0.2074446082115173
0.18955597281455996
0.20371094346046448
0.18111637234687805
0.18072158098220825
0.19455054402351377
0.1568584144115448
0.14690926671028137
0.20003280043601987
0.19143012166023252
0.17158031463623047
0.2484024465084076
0.20548713207244876
0.18739220499992368
0.2322787642478943
0.1607961058616638
0.19136708974838257
0.14106562733650208
0.19948655366897583
0.2005253434181213
0.19567412137985227
0.22341910004615784
0.16561803221702576
0.11401179432868956
0.22832062840461728
0.23484843969345087
0.16243451833724976
0.16270151734352112
0.1845695674419403
0.1614656150341034
0.212141215801239
0.20717886090278623
0.20629441738128665
0.1915434896945953
0.18917971849441528
0.2136909067630768
0.1761687397956848
0.17410808801651
0.14353926479816437
0.18418821692466733
0.19615116715431213
0.2109737992286682
0.22380408644676208
0.20937421917915344
0.15304875373840332
0.17101445794105527
0.19282713532447812
0.22493520379066467
0.18177321553230283
0.16968196630477905
0.18466347455978396
0.19176501035690308
0.20205488801002505
0.19091928005218503
0.1639057695865631
0.18463173508644104
0.20023542642593384
0.236889511346817
0.21862253546714783
0.1608739197254181
0.2068284749984741
0.20503863692283633
0.13643305003643036
0.17365354299545288
0.1957857608795166
0.25038620829582214
0.18306648731231687
0.17047226428985596
0.15519312024116516
0.23026123642921448
0.1638917624950409
0.213547945022583
0.18700554966926572
0.1828427612781525
0.1892937123775482
0.18503305315971372
0.21523144841194153
0.24074429273605344
0.17477822303771973
0.2102313041687012
0.1864972412586212
0.2164194881916046
0.1661953330039978
0.19081035256385803
0.1286278665065765
0.16656646132469177
0.1506071090698242
0.19114601612091064
0.18565997481346128
0.22198057174682617
0.1376335471868515
0.1436045467853546
0.12728729844093323
0.2076707184314728
0.21785706281661987
0.1852239668369293
0.19815516471862793
0.22583317756652832
0.22139018774032593
0.19768667221069333
0.22536563873291013
0.25557008385658264
0.21820905804634091
0.15412428975105283
0.1830407679080963
0.17176496982574463
0.1802087724208832
0.19919106364250183
0.18905931711196897
0.1952844858169556
0.17449811100959775
0.21024435758590695
0.2030426561832428
0.18831846117973328
0.19471904635429385
0.18625089526176447
0.1822073757648468
0.2073601484298706
0.1975103914737701
0.14425474405288696
0.21041023731231687
0.19642490148544312
0.1534152626991272
0.17476031184196472
0.15216973423957825
0.15111759305000305
0.15129035711288452
0.20149406790733335
0.20758268237113953
0.1938744485378265
0.15784475207328796
0.19347697496414185
0.16885113716125488
0.18577340245246887
0.2087710797786713
0.1838987171649933
0.22711136937141416
0.1851171851158142
0.17321324348449707
0.21416616439819333
0.189649760723114
0.19705963134765625
0.18772593140602112
0.17700982093811035
0.16083717346191406
0.1753489375114441
0.2322930693626404
0.21042099595069885
0.1604846715927124
0.18350693583488464
0.16017717123031616
0.16405901312828064
0.20920264720916748
0.1643369495868683
0.1646568179130554
0.16180920600891113
0.13212090730667114
0.22695258259773252
0.17744463682174683
0.1862658262252808
0.225760281085968
0.1632542908191681
0.2021481096744537
0.19709151983261108
0.19264549016952515
0.14934617280960083
0.22658309340476987
0.1988912522792816
0.15035942196846008
0.20771214365959167
0.194306343793869
0.14450868964195251
0.2430410385131836
0.21309375762939453
0.1429290771484375
0.21003457903862
0.25069549679756165
0.17163380980491638
0.16928333044052124
0.197078138589859
0.19704318046569824
0.22120937705039975
0.23159697651863095
0.15850999951362607
0.21746134757995603
0.176712304353714
0.2197014689445496
0.21556437015533447
0.21474772691726685
0.17113634943962097
0.1744387149810791
0.22313952445983887
0.1812443435192108
0.19743108749389648
0.1722298264503479
0.16900238394737244
0.18792477250099185
0.21348771452903748
0.16807743906974792
0.2048063576221466
0.2027705013751984
0.1978442668914795
0.18457689881324768
0.20601511001586917
0.1861242353916168
0.18506720662117004
0.19026419520378113
0.16308975219726562
0.24670010805130005
0.17383286356925964
0.17323037981987
0.18898487091064453
0.153385192155838
0.19808682799339292
0.24438023567199707
0.15409326553344727
0.22872814536094663
0.18648830056190488
0.21281749010086057
0.19030821323394773
0.1980957388877869
0.2183264195919037
0.1731327772140503
0.20607823133468628
0.1758561134338379
0.1997584104537964
0.20640522241592407
0.1945655345916748
0.2115634083747864
0.19256931543350217
0.1649089157581329
0.2035660743713379
0.20008310675621033
0.21263733506202695
0.15099579095840454
0.20210522413253784
0.17752808332443237
0.1925823390483856
0.20424872636795044
0.2094519734382629
0.19522416591644287
0.16854313015937805
0.18539252877235407
0.165622740983963
0.1564516723155975
0.22059628367424008
0.20670887827873227
0.16057083010673523
0.16342779994010925
0.14395195245742795
0.16430065035820007
0.15600210428237915
0.153598815202713
0.17918971180915833
0.21798107028007507
0.183708518743515
0.17964935302734375
0.20825031399726868
0.13855907320976257
0.1975073218345642
0.186858743429184
0.20636782050132751
0.18227258324623108
0.23000025749206543
0.18237531185150144
0.16309288144111633
0.19381684064865112
0.1825979053974152
0.17327746748924255
0.222722589969635
0.1742075681686401
0.16170379519462583
0.22208672761917117
0.15584468841552734
0.1721334159374237
0.21469682455062863
0.15652373433113098
0.1819041073322296
0.2116060554981232
0.21401464939117432
0.21177026629447937
0.2253777086734772
0.195081889629364
0.23047679662704468
0.20744144916534424
0.1521512269973755
0.20896971225738523
0.20620647072792053
0.22603675723075864
0.20028623938560483
0.23325151205062863
0.15939903259277344
0.19448500871658325
0.21063998341560364
0.19229644536972043
0.2269423305988312
0.16410484910011292
0.18974831700325007
0.2121346592903137
0.15576323866844177
0.18626251816749567
0.15532973408699036
0.16496261954307556
0.19664403796195984
0.19190368056297305
0.1666625440120697
0.1779804825782776
0.16930514574050903
0.1566443145275116
0.2274828553199768
0.20242732763290405
0.1877480447292328
0.19816192984580996
0.18817216157913208
0.19171449542045596
0.19950857758522036
0.1718207001686096
0.2189039885997772
0.1840723156929016
0.19690075516700745
0.167452871799469
0.22648608684539795
0.2280237376689911
0.25943440198898315
0.16812700033187866
0.2006833851337433
0.15770435333251953
0.2145562767982483
0.17473304271697998
0.19133526086807248
0.16375082731246948
0.22038865089416504
0.20378720760345456
0.19502919912338257
0.1871628165245056
0.22264006733894348
0.12744063138961792
0.22625756263732913
0.21451950073242188
0.20629125833511353
0.2040136754512787
0.1438966691493988
0.17668837308883667
0.1623019576072693
0.204940527677536
0.1848523318767548
0.18434625864028928
0.1468043029308319
0.21813443303108213
0.14428552985191345
0.15459847450256348
0.17873218655586243
0.20876240730285645
0.1951879858970642
0.2747442126274109
0.17512863874435425
0.18477416038513184
0.16357973217964172
0.20653694868087769
0.17560464143753052
0.20335063338279724
0.1608443260192871
0.178451269865036
0.1881424188613892
0.1772257089614868
0.1561354100704193
0.1922251582145691
0.15030837059020996
0.18860363960266116
0.17664286494255063
0.13887803256511688
0.1690489649772644
0.21928343176841733
0.1918725073337555
0.17494100332260132
0.22306278347969052
0.15965086221694946
0.17183181643486023
0.1685064136981964
0.17669758200645447
0.16789397597312927
0.20897334814071652
0.14913001656532288
0.17474374175071716
0.17792916297912595
0.20737057924270627
0.19291332364082336
0.20245870947837827
0.20924329757690427
0.20645660161972043
0.19896143674850464
0.20133420825004575
0.2125156223773956
0.17094331979751587
0.25133609771728516
0.21485713124275208
0.12829864025115967
0.16951096057891843
0.15961232781410217
0.15081527829170227
0.1737658977508545
0.2252765595912933
0.16115260124206543
0.20063388347625727
0.18144842982292173
0.178524911403656
0.19568231701850888
0.1986384987831116
0.14667874574661255
0.19615665078163144
0.2104416787624359
0.231810063123703
0.1514570116996765
0.20199069380760193
0.19538292288780207
0.19969862699508664
0.2777425348758697
0.1989248692989349
0.21571037173271176
0.143814355134964
0.16275188326835632
0.1950228810310364
0.12423727661371232
0.20371744036674497
0.2261074185371399
0.2182676196098328
0.16386476159095764
0.19242748618125916
0.19117009639739993
0.20085337758064273
0.2184520661830902
0.19133660197257996
0.17657923698425293
0.1795910894870758
0.17963021993637085
0.1694272756576538
0.16881179809570312
0.2359441816806793
0.19072100520133967
0.18276593089103696
0.18727067112922668
0.19318246841430664
0.23107105493545527
0.2077127695083618
0.17115965485572815
0.18942806124687195
0.22514542937278748
0.2186221778392792
0.13764938712120056
0.1836993992328644
0.19294920563697812
0.1605163812637329
0.18056839704513547
0.18449699878692624
0.17391929030418396
0.21067157387733457
0.1959867477416992
0.22963577508926392
0.2154305577278137
0.2388616502285004
0.17826160788536072
0.13434886932373047
0.2002067267894745
0.204772025346756
0.24712431430816648
0.1748943030834198
0.20648908615112305
0.2152756154537201
0.14953589439392087
0.20145979523658752
0.1919659376144409
0.18771034479141235
0.157978355884552
0.2068122625350952
0.17515242099761963
0.24910458922386167
0.1604022979736328
0.167019784450531
0.20013099908828733
0.19198518991470337
0.2194931209087372
0.1685798466205597
0.20406359434127808
0.15891355276107788
0.17731395363807678
0.2183953523635864
0.15148839354515076
0.20815232396125796
0.1943344473838806
0.21262574195861816
0.20005372166633603
0.1903968155384064
0.18262988328933716
0.17169687151908875
0.24000486731529236
0.1911534368991852
0.1871344745159149
0.22475895285606384
0.14754098653793335
0.13260969519615173
0.19610676169395447
0.20654430985450745
0.158645898103714
0.21182575821876523
0.13626381754875183
0.17426079511642456
0.21293821930885315
0.22747960686683652
0.19778224825859067
0.1870536506175995
0.1699385643005371
0.17573896050453186
0.16305938363075256
0.19974312186241147
0.1717953383922577
0.16522839665412903
0.15049168467521667
0.18959304690361023
0.19140154123306277
0.16957497596740723
0.20770627260208127
0.17834267020225525
0.1709063351154327
0.1472046971321106
0.1813625395298004
0.17144787311553955
0.24439787864685056
0.1905846893787384
0.1694117784500122
0.201296329498291
0.2055440843105316
0.16697654128074646
0.2189728319644928
0.1845608353614807
0.22331529855728147
0.1670229434967041
0.19078457355499268
0.22868445515632627
0.18023747205734247
0.13281486928462982
0.1771157681941986
0.21457803249359128
0.19993966817855835
0.17361867427825928
0.20510748028755188
0.1621536016464233
0.20690712332725525
0.20417052507400513
0.20198878645896912
0.2298545837402344
0.1701696217060089
0.2199280560016632
0.19770395755767825
0.1557069718837738
0.1739189326763153
0.18276238441467285
0.16815266013145447
0.23204296827316284
0.21767213940620425
0.2087228298187256
0.18465790152549744
0.223354697227478
0.17472940683364868
0.1599031388759613
0.17981937527656555
0.15261733531951904
0.21638202667236328
0.1821257770061493
0.22177776694297793
0.14503037929534912
0.1394137144088745
0.17506316304206848
0.21134763956069944
0.20977225899696353
0.19423970580101013
0.18400296568870544
0.2747417092323303
0.1995772123336792
0.14601796865463257
0.2091869115829468
0.17742976546287537
0.2656232714653015
0.17374879121780396
0.17582935094833374
0.20689260959625244
0.1873013973236084
0.23031485080718997
0.188899040222168
0.21232524514198303
0.20370492339134216
0.21882906556129453
0.1771033406257629
0.19653281569480896
0.17516452074050903
0.1886032521724701
0.20531469583511353
0.21836277842521667
0.2052800953388214
0.26408469676971436
0.13712593913078308
0.18977025151252744
0.18731606006622317
0.2023507058620453
0.12959294021129608
0.18563827872276303
0.19811463356018064
0.214731365442276
0.2304571568965912
0.18921509385108948
0.19415897130966184
0.17045968770980835
0.21843862533569333
0.2058502733707428
0.16102221608161926
0.13312077522277832
0.1872028410434723
0.1957230567932129
0.1684749126434326
0.1727738380432129
0.19502645730972287
0.20634689927101132
0.15530461072921753
0.14794108271598816
0.18087926506996155
0.23077830672264096
0.1712440848350525
0.17956742644309995
0.233648419380188
0.1507758796215057
0.18375921249389648
0.1957524120807648
0.18098297715187073
0.19994312524795527
0.16484317183494568
0.15144488215446472
0.20735129714012143
0.15360811352729797
0.19874468445777893
0.19278118014335632
0.21464067697525024
0.19015219807624817
0.18497273325920105
0.20105785131454468
0.16912150382995603
0.18408161401748657
0.1816299557685852
0.17759358882904053
0.15593549609184265
0.17121317982673645
0.19494843482971191
0.18673127889633176
0.18370297551155088
0.16866245865821838
0.20643150806427
0.23355180025100708
0.19176390767097476
0.22498252987861636
0.2097931802272797
0.16004487872123718
0.1518583297729492
0.17925339937210083
0.2264939248561859
0.22133013606071472
0.16072034835815427
0.197964608669281
0.19205167889595032
0.1582376658916473
0.1685349941253662
0.15811392664909363
0.18033543229103088
0.18460306525230408
0.20962429046630857
0.20331624150276184
0.2061023712158203
0.22664368152618408
0.2283042669296265
0.16254913806915283
0.18344387412071228
0.15725257992744443
0.19113248586654663
0.16220620274543762
0.223079115152359
0.2028200924396515
0.19176113605499268
0.21758627891540527
0.1765303015708923
0.19503316283226013
0.22591200470924375
0.1983923614025116
0.1699306070804596
0.2510037422180176
0.1819251775741577
0.17378410696983335
0.20597440004348755
0.17839407920837402
0.162365585565567
0.1857438087463379
0.23020872473716733
0.17492631077766418
0.2030481696128845
0.20209473371505737
0.1849762797355652
0.2547394037246704
0.14865833520889282
0.18411120772361755
0.18653181195259091
0.22440949082374567
0.26187556982040405
0.20844227075576785
0.210099458694458
0.20986297726631165
0.22699669003486636
0.18512919545173645
0.20908790826797485
0.173030823469162
0.2732184827327728
0.19440799951553345
0.2106972932815552
0.21743768453598025
0.2034312188625336
0.23932069540023804
0.21474996209144592
0.19236123561859128
0.15273389220237732
0.21402969956398007
0.1813771426677704
0.24323624372482297
0.18894514441490173
0.18303850293159485
0.1984406411647797
0.16325899958610535
0.17780423164367676
0.19738981127738953
0.1988632678985596
0.2013455629348755
0.18461951613426208
0.1696484088897705
0.228584885597229
0.2377289831638336
0.2083378434181213
0.18046101927757263
0.18526679277420044
0.18393594026565552
0.15929239988327026
0.1634531021118164
0.1898685991764069
0.21755018830299375
0.1716174483299255
0.1090644896030426
0.2214123010635376
0.24922087788581848
0.1976609230041504
0.18404260277748108
0.1579229235649109
0.19595104455947876
0.1551581621170044
0.2119634747505188
0.2297480404376984
0.23641204833984372
0.14867238700389862
0.18920359015464783
0.12389349192380904
0.18787071108818051
0.15722069144248962
0.16134336590766907
0.19568970799446103
0.1708349883556366
0.21990016102790833
0.19731405377388
0.1556599736213684
0.17066577076911926
0.2121867537498474
0.22893148660659793
0.16724741458892822
0.16481116414070127
0.17901718616485596
0.19600078463554385
0.18033599853515625
0.18442451953887937
0.20314070582389832
0.21107348799705505
0.1941169500350952
0.18240025639534
0.1707545220851898
0.2001023888587952
0.15798747539520264
0.2368904948234558
0.18123966455459595
0.16449838876724243
0.17295244336128235
0.22933879494667053
0.17337456345558167
0.1910162568092346
0.14328280091285703
0.18888756632804873
0.14213916659355164
0.1862148344516754
0.21647205948829648
0.1875310838222504
0.16430771350860596
0.15811657905578613
0.22229287028312683
0.21276423335075376
0.15633219480514526
0.192917674779892
0.19633981585502625
0.1545078158378601
0.1874621510505676
0.20114535093307492
0.18898791074752808
0.19380265474319455
0.1951046586036682
0.19395187497138977
0.18113228678703308
0.21198260784149167
0.17969337105751035
0.17250564694404602
0.2130912244319916
0.1714858114719391
0.18105965852737424
0.1940889060497284
0.1957499086856842
0.21527165174484247
0.17366254329681396
0.17866888642311096
0.1506650745868683
0.16266527771949768
0.24330243468284607
0.21723634004592893
0.20102658867836
0.13669592142105103
0.15808039903640747
0.186210572719574
0.1610012054443359
0.1890941560268402
0.1494448184967041
0.1478191316127777
0.14849284291267395
0.12857204675674438
0.1766659915447235
0.2081114053726196
0.20139601826667783
0.2046803832054138
0.193323016166687
0.2477192580699921
0.19657847285270688
0.14639222621917725
0.197013795375824
0.161003440618515
0.21019786596298215
0.1963239014148712
0.213001549243927
0.22949373722076416
0.23154404759407043
0.1957968473434448
0.1678244173526764
0.19814908504486084
0.1850442886352539
0.2136269509792328
0.1476919651031494
0.19534501433372495
0.17134132981300354
0.1527673900127411
0.1846711039543152
0.18289989233016968
0.1880331039428711
0.18045359849929807
0.2022860944271088
0.2144562602043152
0.2613199055194855
0.203765332698822
0.21274214982986447
0.20589405298233032
0.16715869307518005
0.1918460726737976
0.17351895570755005
0.17786791920661926
0.1980572044849396
0.15233731269836423
0.16736784577369687
0.17577326297760007
0.1939732730388641
0.2208006381988525
0.20927622914314273
0.23544377088546753
0.19441205263137817
0.1790873110294342
0.22178199887275693
0.2356226146221161
0.18894317746162412
0.16621598601341248
0.16096186637878415
0.21123042702674863
0.1546935737133026
0.19306123256683347
0.16866561770439148
0.22200453281402588
0.18231400847435
0.21196010708808896
0.15734153985977173
0.1347576081752777
0.23295891284942624
0.15437492728233335
0.13874751329421997
0.23086145520210263
0.19842752814292908
0.2258915603160858
0.17670759558677673
0.14224708080291748
0.1593901813030243
0.16096284985542297
0.23328644037246704
0.21073055267333984
0.17700007557868955
0.16143271327018735
0.20458453893661496
0.1657276749610901
0.17675721645355225
0.19076406955718997
0.1846913993358612
0.16872435808181763
0.18448948860168457
0.2124830186367035
0.22699058055877683
0.21571230888366696
0.20267888903617856
0.18015459179878235
0.1855217814445496
0.2275359332561493
0.17052236199378967
0.1996401846408844
0.18956145644187927
0.21626570820808408
0.19515544176101685
0.2316023111343384
0.20556089282035828
0.23322474956512448
0.1500534415245056
0.17091074585914612
0.18630188703536987
0.20167410373687744
0.16281402111053467
0.23038336634635925
0.18331065773963928
0.1924239695072174
0.21991911530494687
0.24383407831192017
0.2029555439949036
0.18673649430274963
0.16016599535942075
0.2043550610542297
0.20924535393714905
0.1657730937004089
0.17215299606323242
0.1462501585483551
0.18273290991783145
0.17143449187278748
0.17262673377990723
0.21765407919883728
0.18099573254585263
0.19103792309761047
0.1854155957698822
0.15739399194717407
0.18570083379745483
0.17933616042137146
0.23532816767692563
0.19756862521171567
0.1272960901260376
0.2111988663673401
0.21672025322914124
0.19130215048789975
0.21140596270561215
0.18435168266296384
0.20951190590858457
0.21980038285255432
0.18189013004302976
0.21252611279487607
0.2006208300590515
0.16911551356315613
0.18600541353225708
0.20969614386558527
0.17887136340141296
0.1898106932640076
0.14750522375106812
0.1513862907886505
0.16547942161560059
0.1839736104011536
0.14895617961883545
0.23416614532470703
0.15801432728767395
0.21284836530685425
0.1809710264205933
0.14512531459331512
0.20256337523460388
0.2098524272441864
0.223309189081192
0.17793521285057068
0.2098117768764496
0.18348801136016843
0.21010178327560425
0.21327850222587583
0.1971217095851898
0.14919131994247437
0.20117703080177307
0.22462305426597595
0.2096054255962372
0.17164888978004456
0.21088299155235288
0.2231845259666443
0.15680572390556335
0.1816444993019104
0.22120845317840576
0.14956650137901306
0.19280120730400083
0.14088571071624756
0.2041351795196533
0.2118360698223114
0.16822075843811035
0.2246599793434143
0.18932193517684937
0.18575236201286316
0.15967684984207153
0.20700982213020325
0.13950252532958984
0.14408528804779053
0.21339917182922363
0.1314835250377655
0.17063462734222412
0.21488580107688904
0.19020363688468933
0.18526330590248108
0.2091468572616577
0.20293626189231873
0.25784024596214294
0.18061873316764832
0.19331037998199463
0.18562585115432736
0.1799655556678772
0.18149977922439572
0.2096388041973114
0.20040515065193176
0.22836562991142273
0.2092580497264862
0.18035656213760373
0.17185863852500916
0.2008658051490784
0.19932860136032104
0.18862634897232053
0.17502322793006897
0.18671694397926328
0.24097853899002075
0.24092277884483335
0.20020711421966553
0.16453751921653748
0.16595080494880676
0.19653168320655823
0.15117886662483215
0.1869937777519226
0.15937760472297668
0.24636647105216977
0.1684826612472534
0.24758464097976685
0.17544224858283997
0.1729608178138733
0.11888402700424194
0.20844915509223935
0.15022456645965576
0.1966465413570404
0.18050244450569153
0.20616063475608823
0.1818530559539795
0.18426653742790225
0.23193669319152832
0.1988060772418976
0.190569281578064
0.14613348245620728
0.1612492203712463
0.18386188149452207
0.18876683712005612
0.2245335876941681
0.21147724986076355
0.1619706153869629
0.16853907704353333
0.14475351572036743
0.19436237215995789
0.1764448583126068
0.214577317237854
0.19879400730133057
0.16551050543785095
0.2561371922492981
0.22600609064102167
0.15761059522628784
0.1963230073451996
0.1881238520145416
0.22386029362678528
0.21680811047554016
0.20656076073646543
0.1920011639595032
0.20180374383926392
0.17340469360351562
0.20822167396545407
0.22658318281173703
0.185104101896286
0.18408736586570737
0.2185351848602295
0.19438084959983823
0.16645151376724243
0.2014945149421692
0.1419950574636459
0.17421779036521912
0.191546767950058
0.1731848418712616
0.1948204338550568
0.19999173283576965
0.17908596992492676
0.132681667804718
0.18066546320915225
0.17527881264686584
0.1565152108669281
0.1456557959318161
0.1060107871890068
0.24250674247741696
0.22132423520088196
0.16232728958129883
0.17416831851005554
0.2069778144359589
0.19716325402259824
0.137863889336586
0.23454606533050537
0.18480429053306577
0.2226108014583588
0.20808133482933044
0.1851098835468292
0.1691366732120514
0.1451156735420227
0.1920776069164276
0.2271418273448944
0.1369420289993286
0.20799013972282407
0.20415818691253665
0.1942195296287537
0.16479656100273132
0.14381033182144165
0.2082853317260742
0.22153177857398984
0.18662241101264956
0.22081479430198667
0.187521755695343
0.16628023982048035
0.2402290105819702
0.21995946764945984
0.21828171610832212
0.23566916584968567
0.1772022247314453
0.17693382501602173
0.14318932592868805
0.17562547326087952
0.20326492190361023
0.18510296940803528
0.1897717118263245
0.16422873735427856
0.20219454169273376
0.1648845374584198
0.2024874687194824
0.15150263905525208
0.18678328394889832
0.166972815990448
0.20729240775108335
0.15683209896087646
0.18188160657882688
0.17860111594200134
0.18743544816970825
0.1725679337978363
0.12876456975936887
0.17849838733673096
0.1863617300987244
0.14443477988243103
0.1703163981437683
0.21296891570091248
0.18548324704170227
0.19162356853485107
0.21128892898559568
0.22819551825523376
0.1858997941017151
0.16732490062713623
0.1881850063800812
0.18890202045440677
0.1975642442703247
0.17232877016067505
0.16298651695251465
0.15067961812019348
0.21002706885337827
0.19377583265304563
0.2200045585632324
0.18380266427993772
0.16120034456253052
0.12670636177062988
0.20366907119750977
0.2126397788524628
0.17131024599075317
0.18178644776344297
0.20860901474952695
0.1911834478378296
0.19908010959625244
0.170135498046875
0.18681141734123227
0.1618180274963379
0.14296656847000122
0.200334906578064
0.2030307352542877
0.18275809288024905
0.18041810393333435
0.19411808252334595
0.19234913587570193
0.1669265329837799
0.2094212472438812
0.1741797626018524
0.16864523291587827
0.22088733315467837
0.20369583368301392
0.20204633474349973
0.22137698531150815
0.1954266726970673
0.19539520144462583
0.18538916110992432
0.2182885110378265
0.15866658091545105
0.1883544623851776
0.21294543147087097
0.200693279504776
0.17547866702079773
0.19781455397605896
0.1659877896308899
0.14171069860458374
0.18103832006454468
0.1731569468975067
0.16174015402793884
0.12700217962265015
0.1832082271575928
0.21215510368347168
0.19219505786895752
0.2037096321582794
0.18661317229270932
0.15268057584762573
0.1304478645324707
0.2114091515541077
0.23279377818107605
0.1959258019924164
0.17009159922599792
0.1757272183895111
0.25581276416778564
0.21495336294174197
0.2267823815345764
0.16279292106628415
0.1850256323814392
0.2623943090438843
0.2271246314048767
0.17542946338653564
0.1620006561279297
0.2311369478702545
0.22531053423881528
0.15532541275024414
0.19954004883766172
0.1442541778087616
0.2181289494037628
0.1263270080089569
0.22204503417015076
0.1655062437057495
0.18902182579040527
0.18722349405288696
0.21317374706268313
0.1562381088733673
0.19160133600234985
0.19902533292770383
0.16275307536125183
0.15060794353485107
0.24286004900932312
0.238308310508728
0.19437003135681152
0.16118982434272766
0.15479117631912231
0.18281957507133484
0.20140296220779416
0.21986925601959229
0.228505939245224
0.20657712221145627
0.16400083899497983
0.18878111243247983
0.16943198442459106
0.12635758519172668
0.16302871704101562
0.23219880461692807
0.1818305552005768
0.18737745285034177
0.15310242772102356
0.1838162839412689
0.20369225740432736
0.18317976593971247
0.1912027895450592
0.2119236886501312
0.14454904198646543
0.2232055366039276
0.1655714511871338
0.16352704167366028
0.19495820999145508
0.22412714362144473
0.19356930255889887
0.21441411972045896
0.20403888821601868
0.2043250203132629
0.18110737204551697
0.21429571509361267
0.1560559868812561
0.1747753620147705
0.1934185028076172
0.1695401668548584
0.24086096882820127
0.18030601739883423
0.2054254412651062
0.2980866134166717
0.17182499170303345
0.21891686320304873
0.17915445566177368
0.16767495870590207
0.189615935087204
0.2084362506866455
0.15443077683448792
0.1776534616947174
0.20655241608619687
0.1886602938175201
0.2134224772453308
0.16815057396888733
0.17985042929649353
0.20524904131889343
0.13677361607551575
0.22900742292404172
0.19404760003089905
0.21727195382118225
0.1223240941762924
0.15884914994239807
0.2064122557640076
0.17016920447349548
0.14626696705818176
0.19094091653823847
0.2527272999286652
0.19494795799255368
0.2024562358856201
0.1860412359237671
0.14321361482143402
0.19350311160087583
0.18734648823738095
0.1899181604385376
0.189009428024292
0.2017518579959869
0.1906926929950714
0.14767201244831085
0.21392947435379028
0.15316492319107056
0.19356390833854675
0.20024415850639343
0.16099542379379272
0.1803731918334961
0.17420515418052673
0.19636550545692444
0.16276931762695312
0.20769834518432617
0.2121354043483734
0.22751834988594052
0.1561630666255951
0.21577370166778564
0.2030687630176544
0.2085537314414978
0.18877869844436643
0.18200600147247317
0.2212931215763092
0.22232332825660703
0.1966504752635956
0.18781155347824097
0.20154216885566711
0.20633205771446228
0.1650334596633911
0.2164909541606903
0.27403029799461365
0.16506201028823853
0.20914632081985476
0.14700782299041748
0.1903802156448364
0.19130367040634155
0.1765475869178772
0.1481933444738388
0.09948200732469559
0.2179640829563141
0.2360449433326721
0.17258337140083313
0.15307343006134033
0.14413711428642273
0.18962475657463077
0.18866443634033203
0.15413224697113037
0.16262495517730713
0.17358162999153137
0.18210390210151672
0.15380772948265076
0.2242182493209839
0.17094004154205322
0.18468216061592105
0.21130353212356567
0.19123622775077817
0.19123786687850952
0.18411967158317563
0.24179989099502563
0.24900671839714048
0.18579402565956116
0.14567355811595917
0.14349952340126035
0.2168275415897369
0.2247104048728943
0.178841233253479
0.16193664073944092
0.2179184257984161
0.20845201611518857
0.1915709674358368
0.1973558068275452
0.19800257682800287
0.24884316325187683
0.2306780219078064
0.14407068490982056
0.1696317195892334
0.15073344111442563
0.18877390027046204
0.19228148460388184
0.20040416717529297
0.17990031838417053
0.16176018118858335
0.17306965589523315
0.2446936666965485
0.1809030175209045
0.199830025434494
0.16628628969192505
0.18617725372314453
0.1757013499736786
0.22666397690773007
0.18753889203071597
0.18027192354202273
0.22229555249214167
0.20753708481788635
0.19755581021308896
0.19170153141021729
0.17619282007217407
0.14213722944259644
0.17871898412704468
0.2124950587749481
0.20080646872520447
0.17624789476394653
0.17597955465316772
0.14542663097381592
0.2152324616909027
0.14106693863868713
0.19610804319381717
0.1718887984752655
0.2706746459007263
0.16451761126518247
0.16717442870140076
0.18210482597351077
0.2158629894256592
0.1921767294406891
0.17891216278076172
0.16469156742095947
0.17153382301330566
0.22963029146194455
0.1746622622013092
0.1932150721549988
0.19883844256401065
0.17744570970535278
0.17491298913955688
0.19369402527809143
0.1738043427467346
0.1790895164012909
0.18284916877746585
0.2243739366531372
0.231663316488266
0.21319666504859924
0.1600222885608673
0.21742430329322812
0.1906428635120392
0.18831795454025269
0.16899865865707395
0.15731552243232727
0.18793085217475888
0.13057464361190796
0.20984798669815063
0.18307814002037048
0.25279417634010315
0.1471177637577057
0.14620858430862427
0.21591985225677487
0.18629157543182373
0.1662588119506836
0.188532829284668
0.20026937127113345
0.2014174461364746
0.1960436701774597
0.1537056565284729
0.15966469049453735
0.20807775855064392
0.1705496907234192
0.15110787749290466
0.15865740180015564
0.19105473160743716
0.17767241597175598
0.16082891821861267
0.18351998925209043
0.20270377397537231
0.17299893498420715
0.14833039045333862
0.21101453900337216
0.1914086639881134
0.19767817854881287
0.23257136344909668
0.20671874284744263
0.18102812767028809
0.20515844225883484
0.1414317488670349
0.16974306106567383
0.20336699485778809
0.21962848305702207
0.19617271423339844
0.19433161616325376
0.20454493165016172
0.18326425552368164
0.2031114399433136
0.19272512197494504
0.15946033596992493
0.1616188883781433
0.17363524436950684
0.1424776315689087
0.18023404479026797
0.18275201320648196
0.22363832592964167
0.19255796074867249
0.20811760425567624
0.18548277020454407
0.21311369538307187
0.24947956204414368
0.15559488534927368
0.14922016859054563
0.2073173224925995
0.1746552288532257
0.20473527908325195
0.17736735939979553
0.19097265601158145
0.18977543711662287
0.19134283065795896
0.16306787729263303
0.1797686219215393
0.2145242691040039
0.17338725924491882
0.22781574726104736
0.17948198318481445
0.2148779332637787
0.21467846632003784
0.19497424364089963
0.24342721700668332
0.1611238420009613
0.18755662441253665
0.16120880842208862
0.1944809257984161
0.2134409248828888
0.14145097136497495
0.2633075714111328
0.20243534445762637
0.15803512930870056
0.21510836482048035
0.1692829430103302
0.20976170897483823
0.2046297788619995
0.17806532979011536
0.1956043243408203
0.1927799880504608
0.1891871690750122
0.1620548665523529
0.1669567823410034
0.1696668565273285
0.17492619156837463
0.19720315933227536
0.17652469873428345
0.1761820912361145
0.19549104571342468
0.19048032164573667
0.18956083059310916
0.21363323926925656
0.2064465582370758
0.20200446248054504
0.19627022743225095
0.22347697615623477
0.19929516315460205
0.17852893471717834
0.21066096425056455
0.224496066570282
0.17032751441001892
0.18715745210647583
0.16763463616371155
0.19467416405677795
0.19480952620506287
0.18863406777381897
0.17814743518829343
0.19020056724548337
0.21112030744552607
0.20848476886749268
0.2643539905548096
0.1396087110042572
0.16294756531715393
0.1905386745929718
0.20916864275932312
0.21900054812431333
0.19237595796585083
0.17983010411262512
0.1896781623363495
0.16337206959724426
0.18892696499824524
0.1991554498672485
0.23638585209846497
0.19398733973503113
0.2266164720058441
0.14771780371665955
0.1605430245399475
0.1883074641227722
0.21270141005516047
0.21978020668029785
0.23272481560707087
0.1925130784511566
0.1845190525054932
0.15464287996292114
0.2138504385948181
0.2025050222873688
0.17896243929862976
0.14871805906295776
0.17304977774620056
0.21928653120994568
0.21706148982048035
0.20086258649826047
0.1752496063709259
0.19878780841827393
0.15578162670135498
0.18868619203567505
0.18814197182655332
0.17026489973068237
0.2098650336265564
0.22101399302482605
0.16411876678466797
0.22063660621643064
0.1872732639312744
0.1781732141971588
0.18217360973358157
0.19472813606262207
0.18190303444862363
0.20158433914184568
0.266711950302124
0.15713629126548767
0.21941614151000977
0.22936511039733887
0.18227696418762207
0.19670650362968445
0.16083067655563354
0.21883744001388547
0.16759613156318665
0.18999716639518735
0.2103605568408966
0.1751817762851715
0.17177236080169675
0.1932224333286285
0.1851138472557068
0.1564723551273346
0.12579031288623807
0.2093050479888916
0.13327637314796448
0.1606147289276123
0.19327870011329648
0.1493290364742279
0.20099869370460513
0.22782164812088007
0.22038298845291135
0.2329654097557068
0.14180877804756165
0.2023715376853943
0.202460378408432
0.1400947272777557
0.17897817492485046
0.2030608355998993
0.20433583855628967
0.16466492414474487
0.18024286627769473
0.1854409873485565
0.19839382171630857
0.23814684152603147
0.21165508031845087
0.21175575256347656
0.19478175044059756
0.20799016952514648
0.2711192071437836
0.17826151847839355
0.16834118962287903
0.18468931317329407
0.18733423948287964
0.18776676058769223
0.21602407097816467
0.20779618620872495
0.157823383808136
0.1817156672477722
0.1891266703605652
0.22928729653358457
0.19226595759391785
0.207502543926239
0.22089076042175287
0.2310886383056641
0.15109840035438535
0.1971289813518524
0.1987670063972473
0.2130843698978424
0.14977428317070007
0.1349367797374725
0.1901342272758484
0.18126115202903748
0.20173335075378415
0.15892112255096436
0.1619063913822174
0.17147237062454224
0.2340548038482666
0.21354401111602783
0.20118799805641172
0.1582132875919342
0.16344159841537476
0.18796360492706296
0.1966387629508972
0.18976840376853943
0.187324583530426
0.23261019587516785
0.22695940732955927
0.1401920914649963
0.1901724636554718
0.18159276247024536
0.20348283648490903
0.17819100618362427
0.2038806676864624
0.14818352460861206
0.2046031951904297
0.20202359557151797
0.18102115392684937
0.1820571720600128
0.167083740234375
0.17609566450119019
0.20442339777946472
0.19403484463691711
0.13676106929779053
0.16929489374160767
0.18202486634254453
0.22273430228233335
0.1707276999950409
0.2541482746601105
0.21657484769821167
0.18829986453056333
0.16878458857536316
0.11883587390184402
0.1769849956035614
0.20652854442596436
0.17981180548667908
0.19383627176284793
0.13890352845191956
0.166241317987442
0.17146384716033936
0.17686527967453003
0.1728958785533905
0.1888228952884674
0.17257720232009888
0.17053943872451782
0.1808462142944336
0.2189078629016876
0.222572922706604
0.2272096276283264
0.1874660849571228
0.15293672680854797
0.20549488067626956
0.18126556277275083
0.20751819014549253
0.20274308323860168
0.22104838490486145
0.202698677778244
0.21313160657882688
0.18905034661293027
0.1312764286994934
0.20001307129859924
0.2200333476066589
0.20404645800590515
0.17501190304756165
0.17071425914764404
0.192206472158432
0.1481788456439972
0.23516878485679624
0.19561368227005005
0.1747361123561859
0.22168725728988647
0.16350212693214417
0.21643584966659543
0.18625932931900024
0.1728897988796234
0.1962406635284424
0.2366577386856079
0.1999499797821045
0.17084679007530212
0.1936816573143005
0.23485776782035828
0.14393648505210876
0.2114717960357666
0.1760808527469635
0.20766156911849973
0.19990327954292297
0.2212488353252411
0.2552540600299835
0.2110563814640045
0.1792086362838745
0.211125522851944
0.16898632049560547
0.1702766120433807
0.19867187738418576
0.16628417372703552
0.19439056515693665
0.20872819423675537
0.20424872636795044
0.1582617163658142
0.24082517623901367
0.22363534569740293
0.1814285516738892
0.1786310374736786
0.22210860252380368
0.19018787145614624
0.22208833694458008
0.24726784229278564
0.18857675790786743
0.22107839584350583
0.1791707873344421
0.18003931641578674
0.19613370299339292
0.1801917552947998
0.20456677675247192
0.18254172801971436
0.213808536529541
0.15310579538345337
0.14291471242904663
0.2308145761489868
0.23345401883125305
0.1617230772972107
0.1740042269229889
0.2019253969192505
0.220881462097168
0.19375160336494443
0.19499322772026065
0.19472068548202515
0.16038277745246887
0.18104752898216248
0.16036388278007507
0.20544618368148804
0.2024085521697998
0.16294914484024048
0.17910483479499817
0.20067119598388672
0.19914379715919492
0.18622919917106628
0.17297577857971191
0.2473910748958588
0.17069977521896362
0.19689109921455383
0.18232443928718567
0.2366411089897156
0.160483181476593
0.15575146675109863
0.18775248527526853
0.16176101565361023
0.22117620706558228
0.15131151676177979
0.20448002219200132
0.14426660537719727
0.19771000742912287
0.17432186007499695
0.20265942811965945
0.1898420751094818
0.13128232955932617
0.2283366620540619
0.17816615104675293
0.1587667465209961
0.1976560056209564
0.2043747305870056
0.18002966046333313
0.2021314799785614
0.20387208461761477
0.16852730512619019
0.2006187736988068
0.17693454027175903
0.19280290603637693
0.20854824781417847
0.2246151268482208
0.208892822265625
0.16970589756965637
0.17691680788993835
0.16556766629219055
0.21146664023399356
0.1968822479248047
0.20702967047691345
0.18815752863883967
0.20700174570083615
0.21124613285064697
0.16889962553977966
0.22526076436042783
0.1916337609291077
0.18344715237617487
0.12765488028526306
0.2477782964706421
0.17475709319114685
0.2314278483390808
0.18723177909851077
0.18071359395980835
0.1667596995830536
0.2258242666721344
0.2653671205043793
0.2237558960914612
0.20631578564643857
0.207569032907486
0.20692980289459229
0.18558597564697263
0.20746645331382751
0.14847110211849213
0.21368491649627683
0.1620013415813446
0.21937513351440427
0.14431267976760864
0.19347256422042847
0.24885478615760803
0.16892069578170776
0.19806519150733948
0.23698335886001584
0.17834901809692383
0.22355791926383967
0.20419973134994504
0.2042847275733948
0.1754457950592041
0.16979697346687317
0.18303805589675903
0.1988833844661713
0.22216188907623288
0.18111538887023923
0.23480239510536197
0.1792316436767578
0.18050763010978696
0.21603459119796753
0.23352083563804624
0.17177510261535645
0.18951544165611267
0.13302472233772275
0.18668052554130557
0.1765022575855255
0.2253309190273285
0.21335890889167783
0.1664202511310577
0.13490797579288483
0.1989688277244568
0.191394716501236
0.16780328750610352
0.178737074136734
0.21999844908714292
0.1577962040901184
0.15361613035202026
0.1938513815402985
0.1736203134059906
0.15780675411224365
0.12576958537101743
0.1463677883148193
0.17043939232826233
0.20228070020675656
0.23086196184158325
0.17605707049369812
0.17636001110076904
0.21625670790672305
0.23372554779052732
0.1753249168395996
0.2100219130516052
0.13890181481838226
0.18936941027641296
0.2225000560283661
0.18269816040992737
0.2155024707317352
0.16775408387184143
0.18134787678718567
0.20354622602462769
0.19666713476181033
0.12855111062526703
0.20370909571647644
0.17361950874328613
0.16548743844032288
0.23509225249290464
0.172111839056015
0.1260947585105896
0.1523012816905975
0.24746379256248477
0.16156581044197083
0.14791730046272275
0.16133692860603333
0.2353235185146332
0.20718353986740112
0.23031815886497495
0.18138322234153748
0.18329402804374692
0.17045044898986816
0.16543102264404297
0.15920433402061462
0.2057867646217346
0.20813584327697757
0.15848234295845032
0.16787505149841309
0.18535876274108887
0.18001264333724976
0.15793469548225403
0.20275849103927607
0.2013542354106903
0.17467498779296875
0.22263312339782715
0.1376327872276306
0.1912639141082764
0.19675815105438232
0.2160731554031372
0.1785091757774353
0.20702749490737915
0.17241743206977844
0.2354992628097534
0.1555534303188324
0.20180076360702515
0.19208529591560364
0.16975849866867063
0.17866235971450803
0.18963032960891724
0.2025514841079712
0.22896981239318848
0.19877877831459043
0.16576188802719116
0.21307644248008728
0.20133233070373532
0.1620522141456604
0.19145190715789795
0.1876012086868286
0.19683954119682312
0.1690974235534668
0.18896120786666873
0.15736988186836243
0.19412913918495175
0.18108996748924253
0.17897865176200867
0.16311392188072205
0.20383068919181824
0.19944134354591367
0.21725457906723025
0.20355254411697388
0.1955295503139496
0.1472991108894348
0.16834384202957153
0.16443860530853271
0.1840863823890686
0.17517921328544617
0.20881959795951843
0.18672841787338257
0.2014081180095673
0.19286414980888367
0.15252661705017087
0.14114171266555786
0.15655365586280823
0.18936762213706967
0.13248342275619507
0.2193518579006195
0.1805523633956909
0.21268677711486816
0.2347896099090576
0.22794342041015625
0.1801101267337799
0.17778655886650083
0.20318329334259036
0.214715838432312
0.19592255353927607
0.21375650167465207
0.1751178801059723
0.18198677897453308
0.18441420793533325
0.21942844986915588
0.1864323914051056
0.21824952960014343
0.19062116742134091
0.187629759311676
0.21962633728981015
0.16686537861824036
0.18589138984680173
0.16513511538505554
0.19450002908706665
0.15207317471504211
0.20840519666671753
0.22920334339141843
0.15763378143310547
0.17781436443328855
0.19143366813659668
0.2303839325904846
0.1566198170185089
0.18145510554313657
0.19094076752662656
0.1806617975234985
0.17807218432426453
0.17420580983161926
0.21242019534111023
0.2302066385746002
0.1186842694878578
0.18911164999008176
0.15420463681221008
0.23312872648239133
0.2489609122276306
0.15764424204826355
0.18994855880737305
0.16212201118469238
0.20575454831123352
0.20997026562690732
0.1897418200969696
0.16617128252983093
0.19884172081947327
0.2014813721179962
0.1880461871623993
0.17702767252922058
0.20607832074165344
0.19270011782646176
0.17577022314071655
0.1893155574798584
0.19849273562431333
0.15893280506134033
0.19465678930282593
0.22148352861404416
0.19896119832992556
0.23769092559814453
0.2109401226043701
0.22649487853050232
0.1702481210231781
0.18300688266754153
0.18140545487403867
0.22780093550682068
0.15046462416648865
0.2236332595348358
0.2045762836933136
0.1763782501220703
0.17094340920448303
0.17126277089118955
0.12876386940479279
0.1836035251617432
0.22196793556213376
0.20149022340774536
0.2542178928852081
0.1276249885559082
0.15792852640151975
0.2584047317504883
0.21422228217124936
0.1520545184612274
0.22818052768707275
0.18682333827018735
0.15250292420387268
0.167901873588562
0.20538529753685
0.20498290657997129
0.21482807397842407
0.18102592229843137
0.18003714084625244
0.14180418848991394
0.189569354057312
0.22279703617095947
0.18307399749755857
0.15979138016700745
0.18956726789474487
0.22260573506355283
0.20195335149765012
0.21301588416099548
0.14412787556648254
0.1619773507118225
0.17178493738174438
0.17771661281585693
0.1674443483352661
0.20693975687026975
0.19076818227767944
0.1615903079509735
0.15815433859825134
0.17975410819053647
0.16681668162345886
0.18853554129600525
0.1676184833049774
0.2109148800373077
0.162769615650177
0.18483030796051023
0.18454760313034055
0.16714340448379517
0.17925772070884705
0.12667220830917358
0.1570940613746643
0.180280864238739
0.20042020082473755
0.2251169979572296
0.2178667187690735
0.2114971876144409
0.22884261608123777
0.17569682002067563
0.17466092109680176
0.1772943139076233
0.22200268507003784
0.2270810902118683
0.1988996863365173
0.16479036211967468
0.16750067472457883
0.14796648919582367
0.17650985717773435
0.18834629654884336
0.21396970748901367
0.16454845666885376
0.1582328975200653
0.21238476037979123
0.2041564583778381
0.2047729790210724
0.18610867857933044
0.19874754548072812
0.16962981224060059
0.19519159197807312
0.2186338007450104
0.22149822115898127
0.16835016012191772
0.18113315105438232
0.1574055254459381
0.1440386176109314
0.15134349465370178
0.17729118466377258
0.20411166548728943
0.15671378374099731
0.16113245487213135
0.20212924480438232
0.17343059182167053
0.1991063952445984
0.20411914587020877
0.2233363091945648
0.2276367545127869
0.2140174210071564
0.1897108554840088
0.1709943413734436
0.21385976672172544
0.20701792836189273
0.18671098351478577
0.2088981866836548
0.21770772337913516
0.19927966594696045
0.17528396844863892
0.21996521949768064
0.20459479093551636
0.19910556077957156
0.18717798590660092
0.1554577350616455
0.20526382327079767
0.146376833319664
0.16525667905807495
0.2300411760807037
0.20642808079719543
0.1789649128913879
0.1835478842258453
0.1574878096580505
0.1771808564662933
0.16417908668518066
0.21260112524032593
0.18496733903884888
0.211001455783844
0.13075435161590576
0.1711074411869049
0.23165127635002136
0.16527104377746582
0.1992712914943695
0.15253224968910217
0.20669484138488767
0.21157062053680417
0.18593135476112363
0.19157052040100095
0.18525695800781247
0.20255714654922485
0.1808669865131378
0.19920364022254944
0.1798073053359985
0.2217898070812225
0.17968145012855527
0.15790677070617676
0.2217203080654144
0.1949014365673065
0.1444138139486313
0.1859724521636963
0.16340771317481995
0.1691775023937225
0.17517653107643127
0.16567263007164
0.16433215141296387
0.1945200264453888
0.18886879086494443
0.23035106062889096
0.16590002179145813
0.18867093324661252
0.20926907658576965
0.1966068148612976
0.2251635491847992
0.2175755202770233
0.20874950289726257
0.16284599900245667
0.12613996863365173
0.2016569077968597
0.14870890974998474
0.19848012924194333
0.16893717646598816
0.13032841682434082
0.16298028826713562
0.18263632059097287
0.23336756229400635
0.1834492385387421
0.19704198837280276
0.16134318709373474
0.20983052253723145
0.18301004171371457
0.16524264216423035
0.19257342815399167
0.1161179170012474
0.24028235673904416
0.18722841143608093
0.14542216062545776
0.19982394576072687
0.22851040959358213
0.16555893421173096
0.20935851335525513
0.21598905324935916
0.13274723291397095
0.23164767026901245
0.19973179697990415
0.23942267894744876
0.22190308570861816
0.16307425498962402
0.2153061330318451
0.2049703001976013
0.1786240041255951
0.20009002089500427
0.17728084325790405
0.1902940273284912
0.2204732298851013
0.18985009193420407
0.17631497979164124
0.20231583714485168
0.15033617615699768
0.20340240001678464
0.2433590590953827
0.1640815436840057
0.2436622977256775
0.208986759185791
0.211970716714859
0.2380187213420868
0.20347142219543457
0.16667404770851135
0.22207292914390564
0.2399238646030426
0.22300463914871213
0.15410384535789487
0.18869724869728088
0.22863876819610596
0.1494610607624054
0.14568385481834412
0.1486433744430542
0.13639798760414124
0.12971752882003784
0.1936713457107544
0.1434197723865509
0.23310416936874387
0.1851280629634857
0.1791326403617859
0.2100085020065308
0.20106407999992368
0.20539861917495728
0.1910690367221832
0.18554079532623288
0.22244614362716675
0.17515689134597778
0.1831735074520111
0.1447652280330658
0.1819181442260742
0.18300619721412656
0.1649375557899475
0.178440123796463
0.207838237285614
0.21042242646217343
0.16893592476844788
0.18129763007164
0.22101715207099917
0.11944104731082916
0.20709651708602905
0.2244716584682465
0.19572597742080688
0.19059225916862488
0.2249603569507599
0.271136999130249
0.20252108573913571
0.14319729804992676
0.1926089823246002
0.1869619786739349
0.17716529965400696
0.17364513874053955
0.20616057515144348
0.21194761991500852
0.18975183367729187
0.16251668334007263
0.18156540393829343
0.19566071033477783
0.19611066579818723
0.18475526571273804
0.16955155134201047
0.17113566398620603
0.18154814839363095
0.2037741839885712
0.17034295201301575
0.22058832645416257
0.1832731068134308
0.1774744689464569
0.17924156785011292
0.20323586463928223
0.19478663802146912
0.17109349370002747
0.2434321343898773
0.21659585833549497
0.20523548126220703
0.155485600233078
0.158932626247406
0.18418875336647036
0.158092200756073
0.15256157517433167
0.15371444821357727
0.2019207775592804
0.16179159283638
0.2005109190940857
0.15614426136016843
0.19894343614578247
0.1753370761871338
0.2047041654586792
0.18135455250740048
0.18214234709739685
0.18903669714927676
0.17891383171081543
0.19192877411842343
0.1836465299129486
0.17760169506072998
0.20119541883468628
0.2115548551082611
0.166414737701416
0.20064562559127808
0.17063429951667783
0.2042447924613953
0.17710530757904053
0.18780374526977536
0.20687988400459287
0.20558717846870425
0.20933234691619876
0.1753033697605133
0.20214086771011353
0.1351299285888672
0.1920512616634369
0.22152283787727356
0.1722182333469391
0.1512456238269806
0.1470908373594284
0.18992468714714048
0.18902018666267395
0.18206238746643064
0.16376492381095886
0.19973042607307437
0.24659571051597595
0.20097967982292173
0.16192218661308289
0.14987754821777344
0.2133541703224182
0.20197707414627075
0.20108324289321897
0.202896386384964
0.18909442424774167
0.14667797088623047
0.21875131130218503
0.23598086833953855
0.20826116204261777
0.18642884492874143
0.1651805341243744
0.17770120501518247
0.17084777355194092
0.170540452003479
0.1575976014137268
0.20524317026138303
0.17781013250350952
0.23072820901870728
0.1845393478870392
0.20873236656188965
0.1971982717514038
0.21170747280120847
0.19201552867889404
0.1989946663379669
0.21834617853164673
0.214656800031662
0.1702974438667297
0.1873672306537628
0.1905417442321777
0.1344429850578308
0.2028013467788696
0.19932180643081665
0.19778078794479367
0.18789055943489075
0.18100643157958984
0.19675350189208984
0.21088871359825132
0.1802515685558319
0.19304105639457703
0.2320381999015808
0.22066175937652588
0.22068339586257932
0.21496453881263727
0.1479431390762329
0.18085581064224243
0.17952018976211548
0.1833360195159912
0.14834460616111755
0.1779315173625946
0.17946857213974
0.14563550055027008
0.17858389019966123
0.20434823632240293
0.1721564531326294
0.2336048781871796
0.20922675728797913
0.17318904399871826
0.20644181966781616
0.2056526839733124
0.15301677584648132
0.180723637342453
0.19431611895561215
0.1880592703819275
0.22454780340194705
0.20945447683334353
0.24848535656929016
0.2127762734889984
0.21794193983078
0.20677766203880313
0.1784883439540863
0.17534857988357544
0.22613978385925287
0.16506251692771912
0.1884077191352844
0.15090736746788025
0.21569696068763727
0.18386238813400269
0.22370046377182007
0.2116513550281525
0.2036636173725128
0.2350257635116577
0.1761210858821869
0.1846300363540649
0.18536975979804993
0.15782183408737183
0.18772462010383603
0.2065804600715637
0.1510097086429596
0.2027466595172882
0.2350602149963379
0.15492349863052368
0.15849754214286804
0.1954481303691864
0.20207664370536804
0.16184207797050476
0.1835827529430389
0.21951550245285037
0.15602451562881467
0.15667399764060974
0.19947767257690427
0.18333354592323303
0.16606327891349792
0.21325671672821045
0.18345496058464048
0.1690442860126495
0.19048625230789185
0.16033974289894104
0.20213052630424497
0.2668031454086304
0.13481423258781433
0.20234015583992004
0.2289247214794159
0.19138318300247192
0.18463546037673953
0.19296497106552124
0.17124372720718384
0.188586950302124
0.24069607257843015
0.19926187396049497
0.23342999815940857
0.2071896493434906
0.1877970993518829
0.16382119059562683
0.1883561015129089
0.1894899308681488
0.19875526428222656
0.21068978309631348
0.22215336561203
0.1573675274848938
0.16658532619476318
0.1886700987815857
0.21479186415672305
0.2123742997646332
0.1554453670978546
0.20305675268173215
0.2135261297225952
0.21892479062080383
0.1826710999011993
0.2081250250339508
0.15271940827369687
0.20636600255966184
0.1872742772102356
0.14166969060897827
0.21487727761268613
0.19543522596359247
0.2090725600719452
0.20144465565681455
0.18016582727432248
0.2554456293582916
0.18799239397048953
0.1857773065567017
0.14969223737716675
0.16838526725769043
0.14826183021068573
0.22477522492408752
0.21239417791366577
0.15304353833198547
0.15908899903297424
0.20910033583641047
0.19428396224975583
0.2014583647251129
0.21048936247825625
0.16601446270942688
0.2058282494544983
0.20671868324279785
0.15501955151557922
0.19448089599609372
0.1939655244350433
0.19923382997512817
0.16369879245758057
0.17067396640777588
0.272961288690567
0.1760890781879425
0.16494086384773254
0.12708693742752075
0.19606503844261167
0.17755314707756042
0.2223420739173889
0.20563673973083496
0.19804155826568604
0.1843152940273285
0.15303853154182434
0.1506463587284088
0.19228360056877136
0.19494667649269104
0.141712948679924
0.21373724937438965
0.15103664994239807
0.17915856838226318
0.26471516489982605
0.16717460751533508
0.1642073690891266
0.1410102546215057
0.18148252367973328
0.12245069444179534
0.19383591413497925
0.149898499250412
0.19748207926750183
0.17909643054008484
0.2082984745502472
0.24405613541603088
0.2689104676246643
0.1685093343257904
0.1456354856491089
0.2111911773681641
0.19653186202049253
0.17280325293540955
0.1509077548980713
0.19313323497772217
0.1916585862636566
0.18698510527610776
0.1683708131313324
0.2538134455680847
0.16860786080360413
0.1621587574481964
0.1939416527748108
0.1713117957115173
0.20121002197265625
0.2028934955596924
0.18533751368522644
0.2076924443244934
0.18040758371353147
0.1821043491363525
0.14167544245719907
0.2288849651813507
0.1625753939151764
0.16171970963478088
0.16723352670669556
0.22638791799545288
0.2014867067337036
0.2045604884624481
0.18631333112716675
0.1925868988037109
0.1478852331638336
0.2072681188583374
0.1824209690093994
0.18432149291038516
0.21526560187339783
0.1781107783317566
0.20450758934021
0.21612849831581116
0.14149245619773865
0.19693604111671448
0.18820101022720337
0.1568982899188995
0.11065130680799484
0.19795262813568115
0.187203586101532
0.23064193129539487
0.14139363169670105
0.2038557529449463
0.2014451324939728
0.17877507209777832
0.2289641499519348
0.1777668595314026
0.22419154644012448
0.1739869713783264
0.18739575147628784
0.12523430585861206
0.120573952794075
0.17436915636062622
0.18704429268836972
0.19948470592498777
0.16049081087112427
0.22224441170692444
0.1927764117717743
0.2341526448726654
0.1897600293159485
0.2577572762966156
0.1694565117359161
0.1559775173664093
0.18497931957244876
0.15236064791679382
0.24168837070465088
0.17250004410743713
0.23526066541671753
0.21305474638938904
0.18477913737297055
0.21540531516075132
0.19398772716522217
0.15200483798980713
0.17508375644683835
0.21150594949722287
0.2278711497783661
0.21645542979240415
0.22401559352874756
0.16064074635505676
0.17053210735321045
0.15093094110488892
0.202974796295166
0.16136056184768677
0.1998253166675568
0.19285717606544492
0.16031014919281003
0.21126282215118408
0.23861819505691528
0.23539489507675168
0.14006221294403076
0.14973902702331543
0.16612917184829712
0.21586474776268005
0.16060101985931396
0.1953541338443756
0.21882337331771848
0.16877099871635437
0.192901611328125
0.16984426975250244
0.1444011777639389
0.1608486771583557
0.1508254110813141
0.19578173756599423
0.19832780957221985
0.2106901705265045
0.19990241527557373
0.1541793942451477
0.19133526086807248
0.1961858570575714
0.16417217254638672
0.19396188855171204
0.21090507507324216
0.2273240685462952
0.23320165276527405
0.19718357920646667
0.1624189019203186
0.18270879983901975
0.19402873516082764
0.1718809604644775
0.19203051924705505
0.17333966493606567
0.2258152067661285
0.2156924307346344
0.20625239610672
0.16002005338668823
0.20390662550926208
0.1948348581790924
0.19629156589508057
0.18724822998046875
0.21607643365859985
0.14060279726982117
0.1632586121559143
0.1939248740673065
0.19578278064727783
0.2409406900405884
0.1851797699928284
0.2006299793720245
0.20375105738639832
0.19105300307273865
0.1843023896217346
0.20871418714523315
0.16011884808540344
0.13623657822608948
0.2271847426891327
0.1714717149734497
0.1910778880119324
0.1577453911304474
0.21595159173011777
0.2101980149745941
0.1646443009376526
0.2019247114658356
0.16084203124046323
0.20925828814506528
0.2407736778259277
0.1924334168434143
0.1835860311985016
0.18246304988861084
0.23224395513534543
0.1764197051525116
0.17913314700126648
0.2136918008327484
0.18097883462905884
0.2116864621639252
0.2074298858642578
0.1921769082546234
0.1896653771400452
0.18783172965049744
0.18149229884147644
0.1528622210025787
0.12116815149784088
0.17808234691619873
0.18288514018058777
0.206910103559494
0.23689574003219604
0.16344168782234192
0.19864594936370847
0.17592105269432068
0.16949224472045898
0.14979568123817444
0.1929544806480408
0.19583696126937863
0.15228456258773804
0.17863032221794128
0.19910860061645508
0.22584208846092224
0.15469229221343994
0.18836283683776853
0.2278197407722473
0.1549722850322723
0.20841139554977417
0.1881642639636993
0.1786345541477203
0.14395800232887268
0.18660917878150937
0.14711099863052368
0.16393306851387024
0.19242775440216064
0.17242732644081116
0.185150146484375
0.20855736732482913
0.17546373605728147
0.21111416816711423
0.15045174956321716
0.1506223976612091
0.2032964527606964
0.2076185643672943
0.20000898838043207
0.20191717147827148
0.22430205345153809
0.16818553209304807
0.21313998103141785
0.2178003489971161
0.149072527885437
0.18786680698394773
0.17463117837905884
0.1958637833595276
0.18586015701293945
0.18114763498306277
0.2123553454875946
0.18849721550941467
0.1924613118171692
0.1472603976726532
0.11050225049257278
0.22671279311180115
0.15391874313354492
0.2257731854915619
0.17923632264137268
0.24345773458480835
0.2119069397449493
0.20367839932441711
0.17899614572525024
0.20288425683975217
0.21278250217437744
0.22214406728744504
0.14121460914611816
0.1708519458770752
0.17783981561660767
0.18794637918472287
0.18518924713134763
0.1639356017112732
0.20492959022521967
0.17353692650794983
0.16650506854057312
0.2038642764091492
0.26819080114364624
0.15994596481323242
0.19178730249404907
0.17478230595588684
0.24635866284370425
0.20002803206443784
0.13565102219581604
0.15068542957305908
0.21429806947708127
0.1729811728000641
0.2049451172351837
0.18205484747886655
0.16717275977134705
0.2169633507728577
0.193151980638504
0.184738963842392
0.1858410537242889
0.18097975850105283
0.20556336641311643
0.15697506070137024
0.18505018949508664
0.16045856475830078
0.17423170804977417
0.22756463289260864
0.1997710466384888
0.2231378257274628
0.15417984127998352
0.21741840243339536
0.16830313205718994
0.19161146879196167
0.1746918261051178
0.16661944985389707
0.2178138494491577
0.15155988931655884
0.2158326208591461
0.17483961582183835
0.1864575147628784
0.1797027885913849
0.18261471390724185
0.18837809562683103
0.19200286269187927
0.1614217758178711
0.16990122199058533
0.21026661992073056
0.21557503938674927
0.19225722551345825
0.1450335383415222
0.21727991104125977
0.15325242280960083
0.20877397060394287
0.20464873313903809
0.1513623595237732
0.17279893159866333
0.1839912235736847
0.1851555407047272
0.19400784373283383
0.1875368356704712
0.2004269361495972
0.14450594782829285
0.1586439609527588
0.20057967305183408
0.2201343774795532
0.17804190516471863
0.18523994088172913
0.2021180689334869
0.19257438182830808
0.17964068055152893
0.17182192206382751
0.1709959506988525
0.17837709188461304
0.20471650362014768
0.2086704671382904
0.19186478853225708
0.2418110966682434
0.13420718908309937
0.2381330728530884
0.16570940613746643
0.2056052386760712
0.1972687542438507
0.1684839129447937
0.20413199067115784
0.21727290749549863
0.17734497785568237
0.1750013828277588
0.1827490329742432
0.18861562013626096
0.18246573209762573
0.15356779098510742
0.23568499088287356
0.17076733708381653
0.17890051007270813
0.21956017613410947
0.2039578855037689
0.2064893543720245
0.23322072625160217
0.19617563486099243
0.2066575586795807
0.18024343252182007
0.14772598445415497
0.16682207584381104
0.1873092353343964
0.150332510471344
0.1703699827194214
0.2089726030826569
0.18666419386863708
0.182188481092453
0.18992066383361816
0.19369530677795407
0.14357730746269226
0.1829981505870819
0.2227626740932465
0.19607269763946533
0.2021009027957916
0.21595141291618347
0.17949733138084412
0.21666184067726132
0.20055490732192996
0.2219088077545166
0.187587171792984
0.17015394568443298
0.2322264015674591
0.19909882545471191
0.18833360075950625
0.17375311255455017
0.21613106131553647
0.19531416893005368
0.16581633687019348
0.22221970558166504
0.20174667239189148
0.19878098368644717
0.1833304464817047
0.17712044715881348
0.15915530920028687
0.1809391379356384
0.1895494759082794
0.21183806657791135
0.20568677783012393
0.21125987172126767
0.18031740188598633
0.2078169882297516
0.18989962339401245
0.23258772492408752
0.16080188751220703
0.1973293423652649
0.1469577997922897
0.20241636037826535
0.1791732907295227
0.169256329536438
0.15127062797546387
0.21025633811950684
0.1386645883321762
0.20103958249092105
0.22444641590118408
0.1601884365081787
0.21966093778610227
0.18389460444450376
0.24369183182716367
0.20513460040092468
0.19941648840904236
0.21659359335899356
0.1777823567390442
0.2022995054721832
0.16684290766716003
0.15635627508163452
0.24177709221839905
0.16675060987472534
0.14950865507125854
0.19487005472183228
0.22950679063797
0.19289591908454892
0.18996810913085935
0.1493743062019348
0.14335057139396667
0.1473467648029327
0.19251993298530576
0.20153686404228208
0.16414198279380798
0.24767401814460757
0.16544538736343384
0.18981140851974487
0.19611003994941711
0.16811883449554443
0.19029268622398376
0.2273162305355072
0.19021582603454587
0.1542072892189026
0.24659299850463867
0.17340803146362305
0.1739924848079681
0.17223170399665833
0.1959035098552704
0.1719565391540527
0.20210084319114685
0.2586214542388916
0.191642701625824
0.1379057765007019
0.17515289783477783
0.15486016869544983
0.18035724759101868
0.21203470230102536
0.21750918030738833
0.1773180067539215
0.15807774662971497
0.2216273546218872
0.19753819704055783
0.19502317905426023
0.19063252210617063
0.1532159447669983
0.1730983555316925
0.19798380136489868
0.1738661229610443
0.16897156834602356
0.15764805674552915
0.14265985786914823
0.24265095591545105
0.19555094838142395
0.2221143543720245
0.19030126929283145
0.19513151049613953
0.20090386271476743
0.2065380811691284
0.2020622491836548
0.2243991792201996
0.23324650526046753
0.15450498461723328
0.22918701171875
0.2216123342514038
0.19419464468955996
0.13713037967681885
0.17702069878578186
0.1849191784858704
0.1923837661743164
0.2287411987781525
0.1883000135421753
0.19261404871940607
0.1676681637763977
0.16699355840682983
0.19200354814529416
0.174515038728714
0.17779356241226196
0.1935279667377472
0.1330651044845581
0.21673318743705747
0.23185116052627563
0.21498104929924008
0.19084125757217407
0.21036073565483093
0.20476078987121585
0.16000348329544067
0.19261395931243896
0.23714846372604367
0.21145161986351013
0.1732042133808136
0.17805874347686768
0.16762802004814148
0.1304033398628235
0.16254559159278867
0.14842727780342102
0.23147767782211304
0.1675824224948883
0.19312936067581177
0.18957087397575376
0.12928764522075653
0.19558185338974
0.1851302683353424
0.19973647594451904
0.2035807967185974
0.21406057476997373
0.2045101821422577
0.18528595566749567
0.20583710074424744
0.20230722427368164
0.1900451481342316
0.20365366339683527
0.17021220922470093
0.13558275997638702
0.19065871834754944
0.16641494631767273
0.18389001488685608
0.2077904641628265
0.13661354780197144
0.19976341724395752
0.20219865441322327
0.19217231869697568
0.1517622172832489
0.199444442987442
0.18327668309211728
0.21418616175651553
0.18457451462745664
0.18726155161857605
0.16513210535049438
0.1371113508939743
0.1896171271800995
0.13293525576591492
0.19597944617271423
0.1941867470741272
0.15668758749961853
0.17479893565177915
0.2155587077140808
0.18994778394699097
0.2122957706451416
0.16981583833694458
0.21290180087089536
0.14996600151062012
0.20007699728012085
0.1768084168434143
0.1804569959640503
0.15320086479187012
0.19773784279823303
0.1951179802417755
0.15592867136001587
0.1611371338367462
0.20739722251892087
0.2207679748535156
0.194572776556015
0.2189844250679016
0.14221861958503723
0.15506824851036072
0.17860111594200134
0.175202339887619
0.19361290335655207
0.15720272064208984
0.17044711112976074
0.22290769219398496
0.21438053250312805
0.21853026747703552
0.16317543387413025
0.16520589590072632
0.18683481216430664
0.22147196531295776
0.17683753371238708
0.14572039246559143
0.24464151263237
0.20702427625656128
0.2175529897212982
0.21616533398628235
0.1674164831638336
0.2090521454811096
0.14732542634010315
0.19706767797470087
0.2106400430202484
0.16849076747894287
0.14799687266349792
0.1853926777839661
0.18841251730918884
0.24347233772277832
0.18401691317558289
0.1787630319595337
0.2053547203540802
0.2208637893199921
0.203803151845932
0.15423643589019775
0.18549224734306333
0.21206730604171753
0.18451198935508728
0.15665286779403687
0.2114182412624359
0.19373261928558347
0.1973964273929596
0.183564156293869
0.17929881811141968
0.21412453055381772
0.1929383873939514
0.23068919777870175
0.17421486973762512
0.20166289806365967
0.2042779624462128
0.2104647755622864
0.17199817299842834
0.188774973154068
0.21820038557052607
0.21341407299041748
0.14169827103614807
0.19956958293914795
0.13618478178977966
0.23185572028160092
0.18684110045433044
0.2297604978084564
0.1864072680473328
0.18053802847862244
0.161948561668396
0.2105189561843872
0.15058463811874387
0.190640389919281
0.179826557636261
0.15491849184036255
0.16527602076530457
0.18068122863769528
0.19725343585014343
0.2134752869606018
0.22522342205047607
0.20582148432731628
0.1748054027557373
0.14761637151241302
0.17575186491012573
0.15972986817359924
0.18191459774971008
0.16796526312828064
0.18126061558723447
0.1699079871177673
0.2130562365055084
0.182937353849411
0.18875375390052795
0.1854816377162933
0.2140675783157349
0.17982688546180725
0.17755627632141113
0.17944684624671936
0.2073128819465637
0.21596443653106687
0.17083993554115295
0.2233421802520752
0.21019110083580017
0.16321641206741333
0.21158349514007568
0.13442566990852356
0.20660710334777832
0.1855213940143585
0.2198661267757416
0.1921873390674591
0.19230785965919492
0.21006101369857788
0.18300560116767883
0.17919334769248962
0.1932282447814941
0.17125552892684937
0.19534230232238767
0.17661607265472412
0.1717955470085144
0.1701168715953827
0.20877969264984128
0.2115424871444702
0.16924232244491577
0.23036232590675357
0.19134378433227536
0.18044543266296384
0.17088168859481812
0.14369067549705505
0.17072802782058716
0.21329882740974423
0.17203474044799805
0.21421435475349423
0.14876505732536316
0.2089291512966156
0.19187372922897336
0.1886897385120392
0.19955033063888547
0.2029287815093994
0.21068203449249268
0.1603214144706726
0.19486504793167117
0.2145043313503265
0.20999017357826233
0.22991955280303955
0.21468454599380493
0.19658195972442624
0.23262932896614075
0.14722463488578796
0.19240304827690125
0.1832402050495148
0.17273232340812683
0.14715808629989624
0.21194934844970703
0.16859659552574155
0.20992809534072876
0.17864397168159485
0.19573038816452024
0.11937274038791656
0.19542217254638672
0.1683497130870819
0.16822561621665955
0.20747715234756467
0.23842611908912656
0.2145957946777344
0.16188970208168027
0.20381402969360352
0.19056934118270877
0.24428063631057736
0.1915129125118256
0.1900395154953003
0.2222877740859985
0.14020562171936035
0.1607500910758972
0.17647099494934082
0.24954754114151
0.19004714488983157
0.1952991485595703
0.2204900085926056
0.21843308210372925
0.18800130486488345
0.18992421030998227
0.16442489624023435
0.20813247561454767
0.19386970996856687
0.15092244744300842
0.21288761496543884
0.17923873662948608
0.14150625467300415
0.18708777427673337
0.17236357927322388
0.14848795533180237
0.1672426164150238
0.19298911094665527
0.20843052864074707
0.21624228358268735
0.16343650221824646
0.2156490981578827
0.20276424288749692
0.2228229343891144
0.19763028621673584
0.18862494826316836
0.15787994861602783
0.18159472942352292
0.20759132504463196
0.2212067544460297
0.18969300389289853
0.16189539432525635
0.1921578347682953
0.167912095785141
0.15065506100654602
0.21748387813568115
0.1796630322933197
0.21210134029388428
0.1861938834190369
0.22539678215980527
0.1658189296722412
0.186830997467041
0.1996024250984192
0.17868870496749875
0.1976923644542694
0.21468216180801392
0.16383522748947144
0.22636035084724423
0.1331160068511963
0.2501727044582367
0.22013291716575625
0.1517130434513092
0.21315959095954892
0.1400175392627716
0.19675809144973755
0.22325429320335388
0.18443334102630612
0.2132171988487244
0.14343449473381042
0.2096179127693176
0.27301785349845886
0.136993408203125
0.21044009923934937
0.1939959228038788
0.19157397747039795
0.17498445510864255
0.17393380403518677
0.1780741810798645
0.1839131712913513
0.1869294345378876
0.19810494780540464
0.19950300455093384
0.14447951316833496
0.19710373878479004
0.15975642204284668
0.1937698721885681
0.23536553978919983
0.13709565997123718
0.18508645892143247
0.18623846769332883
0.1672387421131134
0.19690343737602237
0.13916265964508057
0.1954905390739441
0.1896741092205048
0.20376983284950256
0.17623597383499143
0.1757107377052307
0.25972509384155273
0.14901533722877502
0.21389114856719968
0.18942636251449585
0.18381789326667783
0.1764698624610901
0.21051207184791565
0.2063843011856079
0.17555540800094604
0.2075553238391876
0.22325235605239868
0.2364386320114136
0.23009020090103147
0.15714654326438904
0.185583621263504
0.19221314787864685
0.20072901248931885
0.15781792998313904
0.1970815360546112
0.19763582944869995
0.18045073747634888
0.20256924629211423
0.16844356060028076
0.14651551842689514
0.18501609563827515
0.15998920798301697
0.2457057237625122
0.20596128702163696
0.18185067176818848
0.2124328315258026
0.21795985102653503
0.1966816484928131
0.17507141828536987
0.20609810948371887
0.1902127265930176
0.1444387137889862
0.19588717818260193
0.197000116109848
0.2002224624156952
0.22395631670951843
0.2024381756782532
0.19011241197586057
0.17846643924713135
0.16915827989578247
0.17047664523124695
0.21713027358055115
0.16223984956741333
0.1923718154430389
0.19184881448745728
0.18104851245880127
0.17650100588798523
0.2061578333377838
0.1676364243030548
0.19935092329978943
0.17117717862129211
0.23623254895210263
0.17662155628204343
0.2177025675773621
0.19559603929519653
0.19172200560569763
0.17000693082809448
0.1588081121444702
0.17977136373519895
0.20273128151893613
0.14754658937454224
0.18991264700889587
0.1954765021800995
0.19204795360565183
0.210701584815979
0.1954655647277832
0.18900623917579648
0.23837214708328247
0.23691388964653012
0.14765454828739166
0.1407381296157837
0.21893182396888727
0.17871132493019104
0.2259830832481384
0.23886290192604065
0.18903055787086487
0.19473531842231753
0.21316424012184143
0.21314653754234317
0.15170136094093323
0.18871307373046875
0.2259109318256378
0.2170545160770416
0.23020547628402707
0.22529563307762143
0.1770089566707611
0.22257432341575625
0.1690387725830078
0.17245855927467346
0.2277103960514069
0.24068406224250796
0.14020857214927673
0.17716056108474731
0.17392146587371826
0.2407897710800171
0.18349617719650269
0.19986194372177124
0.20850715041160583
0.19469806551933289
0.1897467374801636
0.22951003909111023
0.23022159934043884
0.12734752893447876
0.1546272039413452
0.18230736255645752
0.21560728549957275
0.233138769865036
0.17968133091926575
0.157156765460968
0.20577839016914368
0.22116416692733765
0.2142018973827362
0.20112094283103943
0.18072086572647092
0.23131307959556577
0.17884820699691772
0.18044358491897583
0.17499670386314392
0.1595800817012787
0.16979053616523743
0.21267932653427124
0.16226166486740112
0.17940014600753784
0.1964227259159088
0.15224891901016235
0.17075073719024658
0.19440990686416623
0.1972556114196777
0.20626842975616452
0.1940675973892212
0.15724006295204163
0.23142367601394653
0.17254751920700073
0.1985610127449036
0.13071194291114807
0.1689692735671997
0.17585790157318115
0.16180717945098877
0.1932052671909332
0.2185710370540619
0.18510332703590396
0.1782047152519226
0.2277427315711975
0.1668295860290527
0.18916034698486328
0.1418778300285339
0.1959208548069
0.24068886041641235
0.20813682675361636
0.18588727712631223
0.17752856016159055
0.17432209849357605
0.22455692291259763
0.21842518448829648
0.20430436730384824
0.18790334463119504
0.13415083289146423
0.22237128019332883
0.1560612320899963
0.21486052870750427
0.198294460773468
0.2552879452705384
0.1614193618297577
0.17255479097366333
0.20123693346977237
0.17093932628631592
0.18044188618659973
0.18435457348823547
0.19245272874832156
0.18561616539955136
0.16375094652175903
0.15832972526550293
0.23316422104835513
0.2049764394760132
0.18710839748382568
0.19095706939697263
0.15324673056602478
0.22476184368133545
0.20229509472846985
0.20577591657638547
0.1693170070648193
0.23651084303855896
0.25269192457199097
0.2025485038757324
0.2143019735813141
0.224613219499588
0.15100234746932983
0.21272167563438413
0.17320945858955383
0.2045336663722992
0.22516134381294248
0.1949492692947388
0.20224514603614807
0.1554202139377594
0.1376006007194519
0.19695049524307248
0.18314182758331296
0.1507169008255005
0.19951018691062927
0.1887130439281464
0.1722835004329681
0.14437350630760193
0.18188682198524475
0.22178557515144348
0.20213660597801208
0.2098844051361084
0.20890891551971436
0.1942960619926453
0.20096027851104736
0.133170485496521
0.1970885992050171
0.2169783115386963
0.1709083914756775
0.14511321485042572
0.154222309589386
0.2741835117340088
0.1933678686618805
0.15649938583374023
0.20348265767097476
0.2089470624923706
0.23362332582473755
0.21361854672431943
0.20452177524566648
0.13990184664726257
0.15945300459861755
0.20422899723052976
0.2093758285045624
0.20727291703224185
0.20244574546813965
0.2125766575336456
0.17592692375183103
0.1865018308162689
0.18664488196372983
0.20766443014144895
0.2148398160934448
0.20195314288139343
0.16567188501358032
0.1505491733551025
0.19872048497200007
0.20171290636062625
0.1955730617046356
0.1962261199951172
0.19814130663871765
0.20322126150131223
0.20275229215621948
0.15618419647216797
0.14545319974422455
0.20257356762886047
0.16966429352760315
0.26672500371932983
0.2269713580608368
0.19877493381500244
0.1975623071193695
0.19217598438262937
0.17237329483032227
0.17774030566215515
0.14611482620239255
0.2312026023864746
0.16213172674179077
0.2054586410522461
0.18103665113449097
0.24293911457061768
0.21724605560302732
0.22805094718933103
0.1890895366668701
0.1607488989830017
0.15794235467910767
0.19895413517951965
0.23257759213447568
0.1486690640449524
0.1961583197116852
0.20663523674011233
0.17157161235809326
0.1872306764125824
0.1410975307226181
0.15801361203193665
0.20452544093132016
0.173740953207016
0.14296215772628784
0.19541844725608823
0.22895383834838867
0.166130393743515
0.20038738846778867
0.17398628592491147
0.17040351033210754
0.19875216484069824
0.19135266542434687
0.2177045941352844
0.2511415183544159
0.22586631774902344
0.15795156359672546
0.16567406058311462
0.13120681047439575
0.1838332712650299
0.2018766701221466
0.17205125093460083
0.19649481773376465
0.18636101484298703
0.17970961332321167
0.16715389490127563
0.1774376630783081
0.20639139413833615
0.2354287803173065
0.17900565266609192
0.19163799285888672
0.2071408033370972
0.1746026575565338
0.13700684905052185
0.20644259452819824
0.18306419253349304
0.1582174003124237
0.24822548031806943
0.20088723301887512
0.2246162295341492
0.20112067461013797
0.151918888092041
0.18648618459701535
0.2173674404621124
0.19092816114425656
0.22457677125930783
0.19682019948959353
0.19703868031501767
0.20748382806777957
0.1744101345539093
0.17236116528511047
0.19916626811027527
0.20349258184432983
0.1883581578731537
0.19291797280311584
0.21550971269607544
0.13383007049560547
0.1643776297569275
0.21568420529365537
0.17924565076828003
0.23917141556739807
0.1655544638633728
0.17501887679100037
0.16973453760147095
0.18480819463729856
0.20140191912651065
0.1954297423362732
0.15758538246154785
0.18859750032424927
0.203605592250824
0.19475284218788144
0.20079249143600464
0.20227074623107913
0.2077970802783966
0.15617015957832336
0.21894600987434387
0.23385924100875852
0.18130216002464292
0.22863611578941345
0.22336310148239133
0.1407117396593094
0.23060226440429688
0.15765729546546936
0.1438666582107544
0.2146625816822052
0.1760261058807373
0.15754163265228271
0.19750991463661197
0.18284371495246887
0.136027991771698
0.1791180968284607
0.162261962890625
0.18545538187026975
0.1928143799304962
0.14838328957557678
0.17108848690986633
0.19048807024955747
0.21094495058059687
0.14010274410247803
0.22018691897392273
0.1786578893661499
0.18531781435012817
0.1961601674556732
0.1156143844127655
0.2004839479923248
0.2084940075874329
0.20414495468139648
0.17055201530456543
0.2014566361904144
0.23436811566352844
0.20297998189926147
0.16903412342071533
0.19806063175201416
0.2049492299556732
0.1679776906967163
0.15767651796340942
0.18306893110275269
0.13864171504974365
0.1710439920425415
0.2043301463127136
0.1761494278907776
0.19717401266098025
0.20992574095726013
0.19318675994873047
0.17834481596946716
0.22525149583816528
0.16223075985908508
0.15767458081245422
0.1961786150932312
0.1693006455898285
0.1988886594772339
0.15894973278045654
0.1451296508312225
0.17155352234840393
0.19832670688629153
0.20086106657981873
0.15784043073654175
0.13818401098251343
0.162544846534729
0.19738891720771787
0.17781171202659607
0.15400370955467224
0.21390071511268613
0.20777502655982968
0.201524555683136
0.20914655923843384
0.24286749958992004
0.17129167914390564
0.20152077078819275
0.2214548587799072
0.2832928597927093
0.17710831761360168
0.18870183825492856
0.19072496891021729
0.15630048513412476
0.16776084899902344
0.194245845079422
0.17956319451332092
0.18802478909492487
0.16156038641929626
0.20523813366889956
0.19557541608810425
0.22957798838615415
0.23486703634262085
0.222231388092041
0.19217377901077273
0.18581414222717285
0.19341677427291873
0.20924675464630127
0.18030160665512085
0.17628929018974304
0.14861440658569336
0.15375912189483643
0.15110984444618225
0.19470828771591184
0.21469831466674805
0.21167790889739993
0.1907165348529816
0.21257025003433228
0.1681176722049713
0.1867066323757172
0.18304958939552307
0.15918776392936707
0.12106678634881972
0.16110092401504517
0.1988775134086609
0.19038468599319455
0.1687029004096985
0.20905426144599917
0.20030167698860168
0.15553581714630127
0.11860010772943495
0.21087646484375
0.14180748164653778
0.17939138412475583
0.2220986783504486
0.20826998353004453
0.16485753655433655
0.1434040516614914
0.14446806907653809
0.21605756878852844
0.15228328108787537
0.23430380225181577
0.21686896681785583
0.1895016133785248
0.1607617735862732
0.20180782675743103
0.16185984015464783
0.17023512721061707
0.18586313724517825
0.1719394028186798
0.1846992075443268
0.19637060165405276
0.2030640542507172
0.17997857928276062
0.17063847184181213
0.22036427259445193
0.2017555832862854
0.17392218112945557
0.16183635592460632
0.1759817600250244
0.19581776857376096
0.16583222150802612
0.18820303678512573
0.15919438004493713
0.14254069328308103
0.1759023070335388
0.15104150772094727
0.24598318338394165
0.15888884663581848
0.22036513686180115
0.16153362393379211
0.1650792360305786
0.1342068612575531
0.17617163062095642
0.1470898389816284
0.16253793239593503
0.2089348137378693
0.16940107941627502
0.19094648957252505
0.1975807547569275
0.18705758452415464
0.19822552800178528
0.1944124102592468
0.2024269700050354
0.19338729977607727
0.18415597081184387
0.2128624618053436
0.19304862618446353
0.17933356761932373
0.19045090675354004
0.17739713191986084
0.20359984040260315
0.17817795276641843
0.19668456912040713
0.2209281027317047
0.19453671574592593
0.2047906517982483
0.19492432475090024
0.2105692028999329
0.21504151821136477
0.1964779496192932
0.23717087507247925
0.21004021167755127
0.16920036077499387
0.2186186909675598
0.2115544080734253
0.17879122495651245
0.22476476430892944
0.19358143210411072
0.17748838663101196
0.15529301762580872
0.1405520737171173
0.13508617877960205
0.18983504176139832
0.19216543436050412
0.17612424492835999
0.21208631992340088
0.2037844359874725
0.16054487228393555
0.23596748709678647
0.2336116433143616
0.23369601368904117
0.190329372882843
0.1695074439048767
0.18187636137008664
0.2048757076263428
0.185818612575531
0.16418299078941345
0.19985640048980713
0.1723734438419342
0.19116732478141785
0.15920016169548035
0.20136624574661252
0.25008344650268555
0.170646071434021
0.1970411241054535
0.16970962285995483
0.19538724422454837
0.1934485733509064
0.2472965121269226
0.20676749944686887
0.20696017146110532
0.18191549181938169
0.13968127965927124
0.14647890627384183
0.27103424072265625
0.15360265970230103
0.16950097680091855
0.16327333450317383
0.19767233729362488
0.2247653305530548
0.1666209101676941
0.2221437692642212
0.21314692497253415
0.20922517776489255
0.22676569223403928
0.1791420578956604
0.17112770676612854
0.17220118641853333
0.14569544792175293
0.20105102658271787
0.19352334737777707
0.20288631319999692
0.22459885478019717
0.1686832010746002
0.15241283178329468
0.1887032985687256
0.2222040891647339
0.18293914198875427
0.1713680624961853
0.16042891144752502
0.20872256159782407
0.16681072115898132
0.1866178512573242
0.23179930448532104
0.185011088848114
0.2219411134719849
0.2325535714626312
0.2052047550678253
0.11387307196855544
0.2117885947227478
0.16460025310516355
0.21729421615600583
0.15604853630065915
0.162264883518219
0.19543251395225525
0.15031921863555908
0.20872336626052856
0.1590130627155304
0.2044570446014404
0.20724031329154968
0.18696117401123047
0.17362451553344727
0.16428083181381223
0.18539947271347043
0.19635435938835144
0.18690210580825803
0.1962055861949921
0.21202927827835083
0.2109129428863525
0.1967008709907532
0.19653940200805664
0.20500418543815607
0.219510018825531
0.19973832368850708
0.20978841185569763
0.18951568007469177
0.19700634479522705
0.18214911222457883
0.2010285556316376
0.17578634619712827
0.21646317839622495
0.2201741933822632
0.23586127161979675
0.17367619276046753
0.13502854108810425
0.13944166898727417
0.23393008112907407
0.2419607937335968
0.1965816617012024
0.21981027722358704
0.21030735969543457
0.1594293713569641
0.1804615557193756
0.21058458089828488
0.20976343750953677
0.21878230571746823
0.19459512829780576
0.2210964858531952
0.18597939610481265
0.21625512838363647
0.18602210283279416
0.16208335757255554
0.2033802568912506
0.20825254917144773
0.22914510965347287
0.1790410578250885
0.21718710660934448
0.13599058985710144
0.19837164878845212
0.1797892451286316
0.1853346526622772
0.17909884452819824
0.19148096442222595
0.2587406635284424
0.1543898582458496
0.1829231083393097
0.19715547561645508
0.19666224718093872
0.2135549485683441
0.15427404642105103
0.1774235963821411
0.18999910354614255
0.2358784377574921
0.17134931683540344
0.18497946858406064
0.15706190466880798
0.2285817265510559
0.18842378258705136
0.18548154830932617
0.19271039962768555
0.17408999800682068
0.2350365519523621
0.2185038626194
0.19515588879585263
0.22932386398315427
0.1686643362045288
0.23501721024513245
0.20570641756057736
0.14072807133197784
0.20151513814926147
0.19368895888328552
0.15491461753845215
0.19404661655426023
0.2141401767730713
0.16449612379074097
0.145725280046463
0.18026056885719297
0.15093350410461423
0.19883671402931213
0.1910308301448822
0.19434902071952817
0.20501893758773804
0.20214402675628665
0.17352622747421265
0.20925638079643247
0.1733609437942505
0.18242040276527405
0.16517528891563416
0.1591811180114746
0.207640677690506
0.1957283914089203
0.16620996594429016
0.18617740273475647
0.20626699924468997
0.19439667463302607
0.2544639110565185
0.23013585805892944
0.1682952046394348
0.1811949908733368
0.22034999728202817
0.24065551161766047
0.20581522583961487
0.2293991148471832
0.1169067770242691
0.2046874165534973
0.1798911690711975
0.15510255098342896
0.16537749767303467
0.17370614409446716
0.1849308013916016
0.2050189971923828
0.17463132739067075
0.2306501269340515
0.18266591429710388
0.211321622133255
0.18488818407058716
0.17189207673072815
0.22086745500564572
0.230782687664032
0.11198558658361434
0.22596254944801328
0.18265083432197568
0.15494799613952637
0.16272684931755063
0.15810468792915344
0.17609068751335144
0.21960508823394773
0.19299051165580747
0.16008931398391724
0.2122160494327545
0.18862801790237424
0.181767612695694
0.1680378019809723
0.16429033875465393
0.16395312547683716
0.16389557719230652
0.1619282364845276
0.1392957419157028
0.17306143045425415
0.17525514960289
0.1971530914306641
0.2024540603160858
0.2110280692577362
0.22570064663887024
0.17599013447761536
0.1836591064929962
0.19823029637336728
0.1810260713100433
0.154636949300766
0.179872065782547
0.1806564033031464
0.1921909153461456
0.16836524009704587
0.1735881268978119
0.22112587094306943
0.18137723207473755
0.19425347447395325
0.16829171776771543
0.1830669343471527
0.19851562380790713
0.17906606197357175
0.1810714304447174
0.19653731584548953
0.21569582819938657
0.17578288912773132
0.27186548709869385
0.1960769295692444
0.2542462646961212
0.1936663389205933
0.2081792652606964
0.1761684417724609
0.16066652536392212
0.17357137799263
0.212752103805542
0.17135271430015564
0.15468475222587583
0.15856412053108215
0.17099085450172424
0.19573271274566648
0.14671573042869568
0.19687014818191528
0.2029118239879608
0.20827460289001465
0.18152001500129697
0.21463134884834287
0.19049897789955136
0.18251898884773252
0.19130906462669367
0.13755390048027039
0.2598336935043335
0.1999607086181641
0.1784878671169281
0.2175292372703552
0.14650917053222656
0.21335431933403012
0.20309272408485407
0.2068342566490173
0.17122015357017517
0.11845441907644272
0.17252787947654724
0.20079749822616577
0.16324111819267273
0.1773609220981598
0.21764296293258664
0.202888548374176
0.17757543921470642
0.14470641314983368
0.20759618282318115
0.20211794972419736
0.22344952821731567
0.23915261030197144
0.2127949297428131
0.18597096204757688
0.193235844373703
0.2054027318954468
0.22004935145378113
0.1777442991733551
0.2028919756412506
0.2246946692466736
0.2219850718975067
0.18180552124977112
0.15443193912506104
0.25723451375961304
0.22188338637351987
0.16510286927223203
0.22210747003555295
0.1772732138633728
0.1531340777873993
0.21827000379562375
0.18894886970520017
0.18147361278533933
0.166047602891922
0.19714039564132688
0.1918213665485382
0.206078976392746
0.2005462944507599
0.20476987957954407
0.22171109914779663
0.21914178133010864
0.20302897691726685
0.2005119025707245
0.24694940447807312
0.2060353755950928
0.19195690751075745
0.19432860612869263
0.16316404938697815
0.19934794306755063
0.16403117775917053
0.20672369003295896
0.18476128578186035
0.18014067411422727
0.2001701593399048
0.20354321599006647
0.22338366508483887
0.15155836939811707
0.19235232472419736
0.20346906781196597
0.23191499710083008
0.20954880118370056
0.19712176918983457
0.1625453531742096
0.21084064245224
0.2062093615531921
0.22816240787506104
0.2068500518798828
0.20188918709754944
0.157412052154541
0.23527333140373227
0.184280127286911
0.1927364766597748
0.2424423098564148
0.20334374904632568
0.21913513541221616
0.21354565024375916
0.13685256242752075
0.17207035422325134
0.20989388227462769
0.20285406708717343
0.20585036277771
0.18238502740859985
0.17283254861831665
0.19163805246353147
0.169863760471344
0.1624433994293213
0.22384777665138245
0.18582314252853396
0.24021378159523007
0.19689098000526428
0.17441684007644653
0.175807923078537
0.20024502277374268
0.1685773134231567
0.17163202166557312
0.190999299287796
0.15233048796653748
0.18782410025596616
0.12666288018226624
0.14358386397361755
0.23502081632614133
0.15316826105117795
0.1671692132949829
0.16265791654586792
0.1821254789829254
0.1281159222126007
0.20970365405082703
0.16664016246795654
0.17831170558929443
0.27881994843482966
0.19761800765991208
0.20663148164749143
0.20491322875022888
0.183037668466568
0.1574753224849701
0.15036654472351074
0.15290763974189758
0.1854343414306641
0.26467105746269226
0.15437212586402893
0.2394225597381592
0.22252577543258664
0.2043883502483368
0.19567701220512393
0.1704103946685791
0.21108365058898923
0.17981639504432678
0.17154639959335327
0.17583400011062622
0.20996829867362976
0.13280630111694336
0.17211207747459412
0.13101732730865479
0.16938936710357666
0.1544572412967682
0.18531358242034912
0.20870062708854675
0.16669481992721555
0.22781723737716675
0.20178839564323425
0.19298857450485227
0.21613845229148865
0.15771594643592834
0.151898592710495
0.1951862275600433
0.17453119158744812
0.2335658967494965
0.23929926753044128
0.19091385602951047
0.18772846460342407
0.1580448746681213
0.2243807017803192
0.18337321281433103
0.2054174840450287
0.19533738493919367
0.18606391549110407
0.19999012351036072
0.21433722972869876
0.16491931676864624
0.1471327394247055
0.1877576410770416
0.22413930296897888
0.22740229964256287
0.22159382700920105
0.2198798954486847
0.18850311636924744
0.19330099225044248
0.16754701733589172
0.1754622459411621
0.22509682178497317
0.18989211320877075
0.22664698958396912
0.1837829351425171
0.19543156027793884
0.14776751399040222
0.17385348677635193
0.1606752872467041
0.1577664613723755
0.17387747764587402
0.19800737500190732
0.23409277200698847
0.14831459522247314
0.20264098048210144
0.12472448498010635
0.1692216992378235
0.21327161788940427
0.1740550994873047
0.2095167338848114
0.1821066439151764
0.17833679914474487
0.184001624584198
0.20207661390304563
0.19896352291107175
0.18676868081092837
0.22198060154914853
0.1429821401834488
0.19480645656585693
0.19228479266166687
0.15666809678077695
0.18503737449646
0.1927284002304077
0.192574679851532
0.19171777367591855
0.16497334837913513
0.16406553983688354
0.17351835966110227
0.19913211464881897
0.20579349994659424
0.24515724182128903
0.20573246479034424
0.14242717623710632
0.2170918583869934
0.1637527048587799
0.18574100732803345
0.20159801840782163
0.13705351948738098
0.13181447982788083
0.2019992172718048
0.19062784314155576
0.2089106738567352
0.20286625623703
0.15103614330291748
0.15711826086044312
0.17065393924713135
0.14904570579528809
0.1585746705532074
0.19694665074348447
0.19990888237953183
0.1563551127910614
0.1949220299720764
0.215632438659668
0.20884087681770325
0.16196927428245544
0.18469402194023127
0.2182332873344421
0.17714115977287292
0.191062331199646
0.14659932255744934
0.16335842013359067
0.18022665381431577
0.21916544437408447
0.17444968223571777
0.22660887241363523
0.1667761504650116
0.20332437753677368
0.2098454236984253
0.1743459403514862
0.21368151903152463
0.19814971089363095
0.1871850788593292
0.21679809689521787
0.2120310068130493
0.1694154143333435
0.19195377826690677
0.17144316434860227
0.1848773658275604
0.19329944252967837
0.19145146012306213
0.19523563981056213
0.24302396178245544
0.15921267867088315
0.19405078887939453
0.22027447819709775
0.18399715423583984
0.19704294204711917
0.2133605778217316
0.16609081625938416
0.22843787074089048
0.1999742686748505
0.18003368377685547
0.1711493730545044
0.2259520888328552
0.18998101353645325
0.18597424030303955
0.2121954560279846
0.19831454753875727
0.24412950873374936
0.20580527186393735
0.2147802710533142
0.21458852291107175
0.22066086530685425
0.17141276597976685
0.1510726511478424
0.20328986644744876
0.1883038282394409
0.20358285307884216
0.2260807156562805
0.19659286737442017
0.20702555775642395
0.1636652648448944
0.21472314000129697
0.18195602297782895
0.18402165174484247
0.1904662251472473
0.21732765436172485
0.17452427744865415
0.20450186729431152
0.15942934155464172
0.19975030422210693
0.17094749212265015
0.1834163963794708
0.2393189072608948
0.16080638766288757
0.20525234937667847
0.2299177050590515
0.190531849861145
0.19201919436454767
0.20075702667236328
0.23018929362297055
0.15714186429977417
0.14564770460128784
0.20434498786926267
0.19628977775573728
0.20558214187622073
0.21694135665893555
0.16175633668899536
0.20113384723663327
0.22443684935569763
0.23627993464469907
0.21210232377052307
0.1761167347431183
0.1974506080150604
0.19876644015312195
0.23451074957847595
0.19286498427391047
0.17082026600837708
0.1676126718521118
0.21697592735290527
0.1864188015460968
0.18556872010231015
0.20487213134765625
0.21402564644813535
0.19831115007400513
0.19492441415786743
0.1601305603981018
0.2002283036708832
0.18837594985961917
0.17778131365776062
0.2683015167713165
0.19381254911422727
0.1883358657360077
0.18090444803237915
0.19722115993499756
0.20441749691963196
0.20159482955932617
0.23098176717758176
0.20605227351188657
0.1625978052616119
0.2278793752193451
0.1964767873287201
0.1713174283504486
0.1829528510570526
0.2045286595821381
0.2502025067806244
0.22161793708801267
0.18152782320976257
0.1674941778182983
0.15436747670173645
0.16671422123908997
0.17965537309646606
0.2195731997489929
0.2055617868900299
0.1886606514453888
0.1468583345413208
0.16980409622192383
0.17301306128501892
0.21489286422729487
0.1857192516326904
0.18837356567382807
0.16714799404144287
0.14669251441955566
0.1769685447216034
0.19268745183944705
0.22607725858688357
0.2575848698616028
0.2107238471508026
0.1689130961894989
0.18862119317054749
0.2242266535758972
0.20071882009506223
0.19258347153663635
0.1638452112674713
0.1635039448738098
0.2517916262149811
0.22011253237724304
0.211069256067276
0.21116375923156736
0.20780873298645017
0.2159796357154846
0.1757202446460724
0.210025817155838
0.18868935108184812
0.17710450291633603
0.17119556665420532
0.20409858226776123
0.1985386610031128
0.1739276945590973
0.16314125061035156
0.1781717538833618
0.2400074601173401
0.2035563886165619
0.16934913396835327
0.1180705949664116
0.1832830309867859
0.20828732848167417
0.16300326585769653
0.17965662479400635
0.15479356050491333
0.1623868942260742
0.20751035213470456
0.166921466588974
0.1842951774597168
0.19291505217552185
0.14729611575603485
0.21776390075683597
0.21846497058868408
0.17003345489501953
0.2355672717094421
0.12830764055252075
0.16038838028907776
0.14312103390693665
0.19785550236701965
0.16013041138648987
0.2158859670162201
0.20494842529296875
0.21884742379188535
0.18029680848121643
0.18198198080062863
0.22972992062568665
0.19977146387100217
0.23744735121726987
0.20305418968200684
0.19970172643661496
0.20723316073417664
0.2177205979824066
0.20409411191940308
0.1929154396057129
0.18708589673042297
0.17165997624397275
0.20922216773033145
0.14840780198574066
0.1745818555355072
0.19895067811012268
0.15553107857704163
0.21402281522750852
0.18706735968589783
0.1461757719516754
0.1973392963409424
0.19921267032623288
0.1992385983467102
0.1812109351158142
0.19019412994384763
0.1544705331325531
0.18923184275627136
0.21501728892326355
0.23558390140533447
0.24461475014686584
0.18698611855506897
0.23101285099983213
0.22772347927093503
0.14850345253944397
0.18984034657478327
0.2026366889476776
0.21408006548881528
0.17461630702018735
0.1684827208518982
0.19168803095817563
0.189106285572052
0.1841088235378265
0.17505761981010437
0.2177260518074036
0.14354681968688965
0.1667438447475433
0.18906345963478088
0.2145569324493408
0.2186746597290039
0.18878534436225888
0.17740780115127563
0.14616620540618896
0.1436219811439514
0.192423939704895
0.1542363464832306
0.13401746749877927
0.190805584192276
0.1665649116039276
0.18810012936592105
0.1616411805152893
0.1580885946750641
0.1659855544567108
0.17422574758529663
0.2005440592765808
0.13048630952835083
0.20773097872734067
0.23202726244926447
0.18301674723625183
0.1719750165939331
0.20942059159278867
0.18724206089973447
0.17842331528663635
0.219959020614624
0.11685449630022048
0.17284083366394043
0.22686874866485596
0.1934381127357483
0.17948666214942932
0.20804536342620847
0.21431696414947507
0.14058880507946014
0.14710363745689392
0.1552651822566986
0.19042804837226868
0.21518149971961972
0.16704076528549194
0.1762065291404724
0.1903133690357208
0.1753392219543457
0.17177030444145203
0.16196677088737488
0.16550862789154053
0.1804186105728149
0.19490379095077515
0.1700252890586853
0.19047707319259644
0.19843992590904236
0.2124062776565552
0.21769040822982788
0.2117465138435364
0.1605514883995056
0.20302936434745789
0.151046484708786
0.16941213607788083
0.1392805576324463
0.2104451954364777
0.13998128473758695
0.17091262340545654
0.21253848075866696
0.19250956177711487
0.22175699472427368
0.17886465787887573
0.1830674707889557
0.1907013952732086
0.18734902143478396
0.1943011283874512
0.20832288265228271
0.21459633111953733
0.17999273538589475
0.2118511199951172
0.2166006565093994
0.18622574210166928
0.19809991121292117
0.2114644646644592
0.150337815284729
0.18661147356033325
0.17557409405708313
0.11509327590465544
0.2250155210494995
0.2304827570915222
0.1998229622840881
0.21902877092361447
0.19163137674331665
0.17314407229423523
0.20578140020370483
0.1846584379673004
0.2398676574230194
0.21428450942039487
0.1963827013969421
0.13110327720642087
0.18912044167518613
0.1981366574764252
0.16503894329071045
0.21651196479797363
0.21325936913490293
0.16302329301834106
0.17694848775863647
0.17516276240348816
0.17116796970367432
0.17546531558036804
0.09481517970561981
0.18916171789169312
0.16412809491157532
0.20357561111450195
0.2241560220718384
0.1977956593036652
0.16271322965621948
0.21346145868301392
0.2025776505470276
0.16882428526878357
0.15239834785461423
0.14393767714500427
0.1728319227695465
0.17600569128990173
0.1764986217021942
0.1813240945339203
0.14224374294281003
0.21005120873451233
0.21396541595458984
0.16335934400558472
0.1703054904937744
0.1630652546882629
0.20884951949119568
0.24313670396804807
0.20658722519874567
0.1876327395439148
0.2191549837589264
0.22083905339241028
0.20449912548065183
0.19985774159431455
0.21546417474746704
0.1617591679096222
0.20378264784812927
0.19249534606933597
0.2279524207115173
0.13441944122314453
0.14224213361740112
0.20692735910415647
0.18068861961364743
0.18186956644058228
0.19764947891235352
0.1675111353397369
0.23978757858276367
0.20664313435554504
0.182253360748291
0.19270041584968567
0.2003191709518433
0.21117767691612244
0.18596863746643064
0.1612635552883148
0.18570446968078613
0.2307516932487488
0.25926220417022705
0.22788074612617487
0.15884512662887573
0.15585017204284668
0.1799110770225525
0.15408560633659363
0.19853889942169187
0.20478296279907224
0.2013782858848572
0.1899946928024292
0.1759726107120514
0.1750372350215912
0.18662574887275693
0.18147388100624084
0.14765506982803345
0.20298191905021667
0.19625380635261533
0.1444687247276306
0.21811616420745847
0.18574443459510803
0.16972869634628296
0.16965937614440915
0.19587573409080505
0.21426594257354736
0.19550415873527527
0.15620195865631104
0.17737165093421936
0.21902504563331604
0.1733429729938507
0.1951215863227844
0.19616150856018064
0.18999060988426208
0.15398690104484558
0.2213464081287384
0.1941891312599182
0.19299399852752683
0.19562011957168576
0.1919700503349304
0.20750319957733157
0.21308067440986636
0.15150195360183716
0.21392551064491272
0.17818787693977356
0.13946986198425293
0.1690956354141235
0.20852190256118772
0.1945758759975433
0.2079172134399414
0.1979089975357056
0.19424432516098025
0.2287076711654663
0.15381518006324768
0.21849370002746585
0.2059584856033325
0.18517076969146729
0.2258780300617218
0.1874134838581085
0.16402769088745117
0.1962425410747528
0.21009027957916257
0.17636260390281677
0.1874641180038452
0.15870895981788635
0.22719144821166992
0.20634379982948303
0.16413649916648865
0.20328998565673828
0.2236565053462982
0.20656633377075195
0.18369373679161072
0.22671887278556824
0.21114507317543027
0.1780482530593872
0.16306376457214355
0.25156477093696594
0.15639230608940125
0.18612465262413025
0.15566569566726685
0.2105467319488525
0.1728784441947937
0.22854721546173093
0.19089642167091367
0.2225784063339233
0.18476253747940063
0.1462593376636505
0.20856615900993347
0.16228723526000977
0.1846000552177429
0.12895503640174863
0.18234893679618835
0.20925799012184143
0.1786564588546753
0.17411652207374573
0.20611298084259036
0.16269490122795105
0.17370519042015076
0.1616079807281494
0.19282686710357663
0.2355771362781525
0.1677228212356567
0.24023661017417908
0.19305390119552607
0.17175081372261047
0.22027349472045896
0.18506202101707456
0.1367034912109375
0.15751641988754272
0.2122462093830109
0.21968606114387512
0.18829309940338132
0.21966728568077087
0.23783203959465024
0.17194226384162903
0.231117844581604
0.1322842836380005
0.16412308812141418
0.23934102058410645
0.19231432676315308
0.2080797255039215
0.15410134196281433
0.1737197637557983
0.20637801289558408
0.16096317768096924
0.17272919416427612
0.15652829408645627
0.1624121367931366
0.18382254242897036
0.195138156414032
0.20294460654258728
0.19944664835929873
0.19964423775672913
0.19702455401420596
0.18411970138549805
0.22622662782669067
0.21968406438827515
0.18376982212066648
0.1864466071128845
0.18824657797813413
0.2359555959701538
0.1782270073890686
0.22364673018455505
0.186731219291687
0.1960256397724152
0.19131314754486084
0.2003783583641052
0.16680827736854553
0.16532334685325623
0.16524800658226013
0.15050387382507324
0.21666020154953
0.2222513258457184
0.1658863127231598
0.1656430959701538
0.21238261461257932
0.1480410397052765
0.18461987376213077
0.15948912501335144
0.1493527591228485
0.1488540470600128
0.23241963982582087
0.17836514115333557
0.19767659902572632
0.1453208476305008
0.15243685245513916
0.19972896575927732
0.2117590010166168
0.22459757328033447
0.19589853286743164
0.15131130814552307
0.19756218791007996
0.18304693698883057
0.15196704864501953
0.17090740799903867
0.19557932019233704
0.22491332888603208
0.15806180238723755
0.20901787281036377
0.2211461365222931
0.16232046484947205
0.13035544753074646
0.18971145153045652
0.20285746455192563
0.17800751328468323
0.19408187270164487
0.18203645944595337
0.21522602438926697
0.1966678500175476
0.22884175181388852
0.17595550417900083
0.1982235014438629
0.20233353972435
0.17524030804634094
0.20602738857269287
0.16888165473937988
0.20776230096817017
0.1654703319072723
0.180172860622406
0.17692717909812927
0.2058088779449463
0.1814199984073639
0.2396465241909027
0.20277208089828488
0.1902559399604797
0.214935839176178
0.19745197892189023
0.16404107213020325
0.16064441204071045
0.26155856251716614
0.15887334942817688
0.19480347633361816
0.2258726358413696
0.17108365893363953
0.19964060187339783
0.13375210762023923
0.21239179372787476
0.1921534240245819
0.21682271361351013
0.19428193569183347
0.1959386169910431
0.1813753843307495
0.2511186003684997
0.1536467969417572
0.18319126963615415
0.21159893274307248
0.23432195186614993
0.17753687500953674
0.2057776749134064
0.19504535198211667
0.1444297432899475
0.19554358720779416
0.17819339036941528
0.1932053565979004
0.2126103043556213
0.19073060154914853
0.18670180439949036
0.22179093956947327
0.21139210462570193
0.16965341567993164
0.20360800623893735
0.19649717211723328
0.20777687430381772
0.19064414501190183
0.23039454221725464
0.19507887959480283
0.1832924485206604
0.19392728805541992
0.1460067331790924
0.20386937260627744
0.2260151207447052
0.16915488243103027
0.20831647515296936
0.1813145875930786
0.1902379095554352
0.2130068242549896
0.20981553196907043
0.1729397475719452
0.16833961009979248
0.1925832033157349
0.20053675770759585
0.2112351953983307
0.19565680623054504
0.21047967672348025
0.17415443062782288
0.21160587668418884
0.2253895401954651
0.23776760697364807
0.20318469405174253
0.20234739780426023
0.16493383049964905
0.22233247756958008
0.2003881633281708
0.21694108843803403
0.22579118609428403
0.15989619493484497
0.20396652817726132
0.1748242974281311
0.1893696486949921
0.23801663517951965
0.1927413642406464
0.1786201298236847
0.24446836113929749
0.1501760184764862
0.21151569485664368
0.20874342322349548
0.19478893280029297
0.21160557866096497
0.2105283737182617
0.19020232558250427
0.17900332808494568
0.19549936056137085
0.22593623399734497
0.16798144578933716
0.1842913627624512
0.22175508737564087
0.17176130414009094
0.2080830931663513
0.16185370087623596
0.1682787239551544
0.2136557698249817
0.18833234906196597
0.2109556198120117
0.11835662275552748
0.16659343242645264
0.18386632204055783
0.2173500061035156
0.1703766882419586
0.19974470138549805
0.21389868855476377
0.2208079695701599
0.21346211433410645
0.24432724714279172
0.15988102555274963
0.17898428440093994
0.20132952928543088
0.19930765032768247
0.19548663496971128
0.21038419008255005
0.17166462540626523
0.21503627300262448
0.1663267612457275
0.18139415979385373
0.19335085153579712
0.20119586586952207
0.1842155754566193
0.18001240491867063
0.19867673516273496
0.14774323999881744
0.16843080520629883
0.19186133146286008
0.1667999029159546
0.2227731943130493
0.24150472879409793
0.21576467156410217
0.20110866427421567
0.1700182557106018
0.20503175258636477
0.2242053151130676
0.18548303842544556
0.1634608805179596
0.11954399198293685
0.16502806544303894
0.15406176447868347
0.17904716730117795
0.15553715825080872
0.24200269579887393
0.22162121534347531
0.20140525698661804
0.13513687252998352
0.2225880920886993
0.21127524971961972
0.19955945014953613
0.20427146553993225
0.1826530694961548
0.1718353033065796
0.15657079219818115
0.1607832908630371
0.20944100618362424
0.21335896849632263
0.20979121327400208
0.19837254285812375
0.19401541352272036
0.2317119538784027
0.2231848835945129
0.1832312047481537
0.18632659316062927
0.2114471197128296
0.22488728165626523
0.18088942766189572
0.18127259612083435
0.15422144532203674
0.20182231068611145
0.14892134070396423
0.16429680585861206
0.2588540613651276
0.20234501361846924
0.20568025112152097
0.21123471856117249
0.16455841064453125
0.14482229948043823
0.1981947124004364
0.19249024987220764
0.19795456528663635
0.18093392252922055
0.1670035421848297
0.17702415585517883
0.19585174322128293
0.1856486797332764
0.24006891250610352
0.17980051040649414
0.20647987723350525
0.1971832811832428
0.18178054690361023
0.19773313403129575
0.19173237681388852
0.19898417592048645
0.17371466755867004
0.15292000770568848
0.19416654109954837
0.18381133675575256
0.1811668574810028
0.18677622079849243
0.16899165511131287
0.1893060803413391
0.22348490357398984
0.17170265316963196
0.1644439697265625
0.14949941635131836
0.1926220655441284
0.20458126068115237
0.2126202583312988
0.1857762634754181
0.1722261607646942
0.15919229388237
0.20985993742942807
0.2131319046020508
0.16322284936904907
0.1803211569786072
0.21201020479202273
0.2014544308185577
0.14026737213134763
0.21637576818466184
0.21444824337959287
0.19625341892242432
0.20078948140144348
0.17141905426979065
0.2058868706226349
0.20411080121994016
0.20803838968276975
0.2092526853084564
0.14429524540901184
0.16951212286949155
0.18183070421218872
0.22154670953750608
0.17933601140975952
0.21221676468849185
0.18312153220176697
0.20128962397575376
0.20282968878746033
0.2049873173236847
0.21976551413536072
0.10977185517549513
0.2685557007789612
0.17913934588432312
0.17423540353775024
0.17279762029647827
0.18233415484428403
0.15847420692443848
0.20696520805358887
0.1857620477676392
0.14684599637985227
0.20689693093299863
0.1926559507846832
0.18513789772987363
0.1958879232406616
0.1643294095993042
0.1688600182533264
0.1843793094158173
0.20264500379562375
0.22333362698554993
0.21033579111099243
0.16590049862861633
0.1934252679347992
0.2104850113391876
0.1761326789855957
0.22823256254196167
0.187113881111145
0.2324935793876648
0.1847802102565765
0.2109384834766388
0.1980368494987488
0.16506245732307434
0.17136743664741516
0.163811594247818
0.2059026658535004
0.190286248922348
0.17900767922401428
0.12915527820587158
0.1760070025920868
0.19616252183914185
0.18984439969062805
0.1815312206745148
0.1718175709247589
0.20416006445884705
0.19540485739707944
0.1887362897396088
0.15175402164459229
0.1556152105331421
0.200605183839798
0.15529775619506836
0.1707290410995483
0.21325635910034177
0.20246973633766172
0.15944957733154297
0.12893465161323547
0.2141636908054352
0.17961546778678894
0.18868994712829587
0.18104848265647888
0.19368019700050357
0.19738933444023127
0.2101779878139496
0.18153557181358335
0.20794269442558289
0.23042210936546323
0.17964833974838257
0.21145665645599365
0.23899418115615845
0.2290205955505371
0.1665976345539093
0.18732988834381104
0.2266169786453247
0.18483239412307736
0.2140304148197174
0.142971932888031
0.2133904695510864
0.2060438096523285
0.1366422176361084
0.18017435073852536
0.1787235140800476
0.202385276556015
0.15574431419372559
0.2310859560966492
0.17803561687469482
0.17487609386444092
0.18001744151115415
0.19875255227088928
0.14901253581047058
0.20569851994514465
0.29798874258995056
0.21174582839012143
0.16258597373962402
0.17308056354522705
0.2027269005775452
0.18740263581275937
0.18701735138893127
0.165086567401886
0.20094254612922668
0.1624277830123901
0.1534549295902252
0.16101333498954773
0.16565191745758057
0.18011420965194702
0.1816781163215637
0.17158979177474976
0.1377738118171692
0.1936936974525452
0.1820736825466156
0.22609809041023252
0.16213861107826233
0.1885806620121002
0.16019439697265625
0.2136673331260681
0.2032209038734436
0.19981533288955688
0.18633228540420527
0.21930187940597531
0.2119862139225006
0.17837348580360413
0.1634318232536316
0.18899643421173093
0.20562219619750977
0.13171616196632385
0.19819802045822144
0.19373565912246704
0.16466575860977173
0.21225735545158383
0.15093743801116943
0.24260252714157104
0.2292959690093994
0.18107417225837708
0.22997641563415527
0.22051098942756647
0.2120096981525421
0.22218564152717593
0.1775892078876495
0.188675194978714
0.21792227029800412
0.1775074601173401
0.1520024538040161
0.16682687401771543
0.18490880727767944
0.19626349210739133
0.17723888158798215
0.14498797059059143
0.20651036500930783
0.20017063617706296
0.2372948527336121
0.19400247931480408
0.18831884860992432
0.1593154668807983
0.25076645612716675
0.22656697034835813
0.19218504428863523
0.15936625003814697
0.20448878407478327
0.148763045668602
0.21632659435272217
0.20013481378555295
0.15554958581924438
0.2037605941295624
0.18275412917137143
0.18577155470848083
0.20020070672035217
0.17805713415145874
0.18405234813690183
0.21874782443046567
0.17029842734336853
0.22166165709495544
0.1909904778003693
0.18995606899261477
0.1799578070640564
0.17299363017082214
0.1780474483966827
0.20757818222045896
0.1492721140384674
0.21951565146446228
0.1685657501220703
0.184516966342926
0.16623035073280334
0.18769639730453488
0.18191638588905332
0.1383172869682312
0.17304751276969907
0.17132949829101562
0.16856971383094788
0.16097918152809143
0.20049825310707087
0.23485857248306277
0.2167075276374817
0.1834417283535004
0.1513081192970276
0.16035887598991394
0.17574909329414368
0.20132339000701904
0.182830423116684
0.17915138602256775
0.2185387909412384
0.1720527410507202
0.1701839566230774
0.19574955105781555
0.19866821169853208
0.15822386741638184
0.1852867007255554
0.21885287761688232
0.20010906457901
0.1721193492412567
0.16583463549613953
0.19312483072280884
0.19083023071289065
0.16305923461914062
0.22885882854461667
0.21059802174568176
0.18943533301353452
0.19732892513275144
0.192682147026062
0.20303660631179807
0.23116403818130493
0.19850715994834897
0.2128540277481079
0.1727168560028076
0.20615652203559875
0.22029846906661987
0.1633247137069702
0.1900941431522369
0.17354953289031982
0.1792316436767578
0.21936351060867307
0.2071378529071808
0.22809246182441711
0.21761253476142883
0.20419952273368835
0.2188304364681244
0.23150303959846497
0.19406357407569885
0.1514534056186676
0.19382104277610776
0.18825894594192505
0.18441686034202573
0.21823871135711667
0.22706368565559387
0.19626170396804807
0.19514465332031247
0.2040998935699463
0.18771094083786008
0.14772766828536987
0.14831000566482544
0.21077787876129153
0.18282008171081543
0.1865070462226868
0.22589421272277832
0.22956255078315732
0.14403000473976135
0.18554711341857913
0.197334498167038
0.18866610527038571
0.2108367085456848
0.19332003593444824
0.1990107297897339
0.20700210332870483
0.17135685682296753
0.1549069583415985
0.19972532987594604
0.2080686390399933
0.20161402225494385
0.18053978681564328
0.2324345409870148
0.15557706356048584
0.13608571887016296
0.20432311296463007
0.24828636646270752
0.20480534434318545
0.22268617153167725
0.19649240374565125
0.19450435042381287
0.19273817539215088
0.22749876976013184
0.20731821656227112
0.1943171918392181
0.14877566695213315
0.19443687796592712
0.21472832560539243
0.21174028515815732
0.1875620186328888
0.12889233231544495
0.19223985075950625
0.20781973004341123
0.1672195196151733
0.17426380515098572
0.15573436021804807
0.214765340089798
0.20447912812232968
0.20364996790885925
0.21367076039314273
0.15436238050460815
0.2145014703273773
0.2059708833694458
0.20991459488868716
0.18750306963920596
0.19890505075454712
0.24224412441253665
0.21117123961448667
0.18913015723228452
0.212252140045166
0.14840196073055267
0.1805546283721924
0.2580654323101044
0.17699843645095825
0.1974453330039978
0.14453890919685364
0.17254838347434995
0.16335353255271912
0.194995641708374
0.17323559522628784
0.17011782526969907
0.1884240210056305
0.17224764823913574
0.2090822458267212
0.24291595816612244
0.14587920904159543
0.18370184302330017
0.1664859652519226
0.18778592348098755
0.20228150486946103
0.21907430887222287
0.1831948161125183
0.20574575662612915
0.1894072592258453
0.19745990633964536
0.22141364216804504
0.1789415180683136
0.19110658764839167
0.19437927007675168
0.16828617453575134
0.17052036523818967
0.13936328887939453
0.20349967479705808
0.1656518578529358
0.15860837697982788
0.14874961972236633
0.20376008749008176
0.18205121159553528
0.2054196000099182
0.2107118368148804
0.21324980258941648
0.19333940744400024
0.16249951720237732
0.20039701461791992
0.17024129629135132
0.2037985920906067
0.1711585521697998
0.17396700382232666
0.17836973071098328
0.16067060828208923
0.12880919873714447
0.21705397963523865
0.21923065185546875
0.17441600561141968
0.19173055887222287
0.1963180601596832
0.1701190173625946
0.14320340752601624
0.18824940919876096
0.17611286044120789
0.1872563064098358
0.19600823521614075
0.1781691610813141
0.19395756721496585
0.1784837543964386
0.21414735913276672
0.19821631908416748
0.23134285211563113
0.18785101175308228
0.14641875028610227
0.14021496474742887
0.20739760994911197
0.21670132875442505
0.1750102341175079
0.21961888670921323
0.1893889605998993
0.19103631377220157
0.203395277261734
0.19324225187301636
0.1851138472557068
0.240256667137146
0.18948629498481753
0.2081037759780884
0.19535949826240537
0.1820455491542816
0.27060538530349726
0.20927149057388303
0.21782842278480527
0.1908903419971466
0.18679094314575195
0.16195666790008545
0.22429785132408145
0.20376184582710263
0.22586464881896967
0.1950671672821045
0.16334179043769836
0.20067635178565976
0.18387115001678464
0.17106026411056519
0.16750213503837583
0.2056420147418976
0.21792662143707275
0.21465930342674253
0.2524381279945373
0.1955394744873047
0.21599507331848145
0.1755884289741516
0.14191333949565887
0.1800854206085205
0.2227760553359985
0.1959328055381775
0.1954704225063324
0.1744321584701538
0.16065785288810727
0.1915270686149597
0.1768566370010376
0.2213376760482788
0.19643327593803403
0.220342755317688
0.20116299390792847
0.18384596705436704
0.18801176548004153
0.1137370392680168
0.20359924435615537
0.2208611369132996
0.2406090199947357
0.2024390399456024
0.2180577516555786
0.207556426525116
0.19709640741348264
0.16887685656547546
0.17569679021835327
0.20503288507461548
0.1838853657245636
0.20786234736442563
0.1579175591468811
0.18171283602714536
0.19594746828079224
0.1428377479314804
0.20065730810165405
0.1846487522125244
0.11603235453367232
0.22134071588516235
0.18216899037361145
0.18236833810806277
0.19547662138938904
0.16100135445594788
0.18730628490448
0.2019837498664856
0.19295468926429749
0.18963661789894104
0.1587792336940765
0.18212202191352844
0.19773271679878235
0.18286165595054624
0.22370231151580808
0.19526758790016172
0.17664942145347595
0.24354684352874756
0.17142796516418457
0.20453307032585144
0.1739349365234375
0.242986261844635
0.1316526234149933
0.21258574724197388
0.1867912709712982
0.23581632971763608
0.20985895395278928
0.16849640011787415
0.1375909000635147
0.21222239732742307
0.19172403216362
0.21065595746040344
0.1687566041946411
0.1762629747390747
0.17034515738487244
0.16150084137916565
0.22174182534217837
0.19165775179862976
0.2193088531494141
0.20190930366516116
0.23396182060241696
0.2104818820953369
0.202275425195694
0.19266492128372192
0.22174525260925287
0.20781755447387693
0.1566031277179718
0.21761006116867063
0.17865142226219177
0.2057679295539856
0.16193649172782895
0.18268418312072757
0.16939139366149902
0.14902162551879883
0.16944408416748047
0.17934665083885193
0.16999182105064392
0.15960735082626343
0.20588010549545288
0.21991676092147827
0.16855427622795105
0.1830390989780426
0.22760552167892456
0.19356697797775269
0.1732659637928009
0.159376323223114
0.16461724042892456
0.21431398391723633
0.14837369322776794
0.19156983494758603
0.18891754746437073
0.11765418946743011
0.18308565020561215
0.18559348583221436
0.19741931557655332
0.15562006831169128
0.16106942296028137
0.20172294974327087
0.18127125501632688
0.14278775453567505
0.19892778992652893
0.1956235766410828
0.18606978654861447
0.19241833686828613
0.23619300127029416
0.21521082520484924
0.17697736620903015
0.21550694108009336
0.19445061683654785
0.1696985960006714
0.17777833342552185
0.17933988571166992
0.1940402984619141
0.1977843940258026
0.2179478406906128
0.2038624882698059
0.1941447556018829
0.24645826220512393
0.17075562477111816
0.19013920426368716
0.21553027629852292
0.1671115756034851
0.21886268258094788
0.143344908952713
0.17326313257217407
0.188150554895401
0.20098602771759036
0.19518667459487915
0.1827827990055084
0.19493055343627927
0.18959045410156247
0.21610203385353088
0.2044192850589752
0.13178607821464539
0.15553027391433716
0.18825244903564453
0.1901136338710785
0.170119971036911
0.22034052014350888
0.23285609483718872
0.220424085855484
0.19064852595329285
0.1875062882900238
0.17300733923912048
0.21926277875900269
0.22112834453582764
0.15793105959892273
0.2160509824752808
0.19941523671150208
0.18127179145812988
0.173274427652359
0.18583384156227112
0.19368180632591248
0.21346792578697205
0.196270614862442
0.22139570116996765
0.14815697073936462
0.23079884052276609
0.16749092936515808
0.20128741860389707
0.1564064621925354
0.2138277292251587
0.2042074203491211
0.1536998152732849
0.20607185363769528
0.18747740983963007
0.1924992799758911
0.2120991945266724
0.18063491582870483
0.18019726872444153
0.15490633249282837
0.1930474042892456
0.21391522884368896
0.12872840464115143
0.21476793289184568
0.15883132815361023
0.21774393320083615
0.1611214280128479
0.1981855034828186
0.21657240390777588
0.20334994792938232
0.1948319375514984
0.19491660594940183
0.20419201254844663
0.1882437169551849
0.16175219416618347
0.21941614151000977
0.13594982028007507
0.2112230062484741
0.19424498081207275
0.20561483502388
0.2006573677062988
0.15506309270858765
0.208759605884552
0.2063640058040619
0.18286728858947757
0.1463600993156433
0.1549183428287506
0.19168362021446228
0.1663447618484497
0.21120893955230713
0.2008240222930908
0.17283254861831665
0.20597028732299805
0.1938810646533966
0.20685368776321408
0.18395152688026428
0.2298547327518463
0.2039175033569336
0.14812013506889343
0.152640163898468
0.16689863801002502
0.16492989659309387
0.17004549503326416
0.14838379621505737
0.15840482711791992
0.14041432738304138
0.21765401959419248
0.19168576598167417
0.16191533207893372
0.1672959327697754
0.206379234790802
0.19747537374496457
0.17155355215072632
0.1604946255683899
0.2003340721130371
0.20283758640289304
0.19547483325004575
0.20998665690422055
0.18233647942543027
0.21520042419433597
0.2373432219028473
0.20284524559974673
0.2197607457637787
0.2035958766937256
0.2116293013095856
0.15355023741722107
0.2412755191326141
0.1565161645412445
0.1997210681438446
0.262747198343277
0.25095871090888977
0.1971153914928436
0.18392947316169736
0.2209767699241638
0.10902143269777297
0.18438896536827087
0.19318708777427676
0.16787371039390564
0.157758891582489
0.2109703719615936
0.16579148173332214
0.2103464603424072
0.20889827609062195
0.20087227225303647
0.180050790309906
0.22016280889511108
0.19978219270706177
0.18536376953125
0.23340412974357605
0.1707363724708557
0.20637896656990048
0.146744042634964
0.17433249950408936
0.15034902095794675
0.22794577479362488
0.2205534279346466
0.203384131193161
0.19895055890083313
0.20068681240081787
0.16664710640907288
0.18569874763488767
0.20572856068611145
0.16073954105377197
0.18830156326293945
0.19319820404052732
0.20170390605926516
0.16491869091987607
0.2102256417274475
0.21056106686592105
0.19612073898315427
0.1344681680202484
0.20594060420989993
0.20277953147888184
0.15218326449394226
0.17526012659072876
0.15058854222297668
0.2126482129096985
0.20360785722732544
0.15895098447799683
0.19913196563720703
0.21445351839065552
0.15630540251731873
0.1762872040271759
0.14079196751117706
0.171766996383667
0.18767419457435608
0.17530369758605957
0.22094699740409848
0.21272939443588257
0.228712260723114
0.18152305483818051
0.22226908802986145
0.18495807051658633
0.192351907491684
0.19058215618133545
0.17129626870155334
0.17373713850975037
0.12036549299955368
0.1853458285331726
0.16009750962257385
0.1848580837249756
0.13529783487319946
0.2424722611904144
0.20365485548973083
0.1502096056938171
0.20441988110542297
0.14376576244831085
0.1993626058101654
0.16967540979385376
0.18053582310676572
0.19282633066177368
0.12190273404121398
0.1839470267295837
0.17260530591011047
0.1789473295211792
0.1962823569774628
0.15222689509391785
0.22627398371696472
0.1447807252407074
0.1739884614944458
0.18112832307815552
0.16706117987632751
0.16479423642158508
0.18552803993225095
0.16931256651878357
0.1707557737827301
0.20941996574401853
0.20816817879676816
0.20003741979599
0.1729384958744049
0.19860538840293884
0.19504401087760925
0.18404343724250796
0.16052284836769104
0.19306471943855283
0.2020303010940552
0.188716858625412
0.15560847520828247
0.1496615707874298
0.19619491696357727
0.17078948020935059
0.2072928547859192
0.22703105211257932
0.15568211674690247
0.19332581758499143
0.1645130217075348
0.20017459988594052
0.24096402525901797
0.1956448554992676
0.1441243588924408
0.19831791520118716
0.1936531364917755
0.19321128726005557
0.19378527998924253
0.16427713632583618
0.16242510080337524
0.21783402562141416
0.26325416564941406
0.18941807746887207
0.1613261103630066
0.1604565978050232
0.20067110657691956
0.25435367226600647
0.2758901715278625
0.2112336158752441
0.1912133991718292
0.17659062147140503
0.2484548091888428
0.192353218793869
0.2155157625675201
0.18615087866783145
0.15504148602485657
0.19274690747261047
0.1560768485069275
0.18945458531379697
0.14261192083358765
0.1634395718574524
0.16204965114593503
0.20245584845542908
0.19747093319892883
0.17703032493591309
0.17716985940933228
0.1475270539522171
0.19981411099433896
0.1808529794216156
0.20272848010063169
0.19699865579605105
0.18659865856170652
0.21797081828117368
0.2258193790912628
0.16732078790664673
0.1705942451953888
0.16818657517433167
0.1787717640399933
0.19709208607673645
0.20134752988815308
0.19086945056915283
0.20110195875167847
0.22673434019088745
0.17590683698654175
0.19376340508461
0.1828942000865936
0.20897653698921204
0.20557978749275208
0.2041219472885132
0.23274025321006772
0.2075225114822388
0.17754626274108887
0.2156696319580078
0.1509377360343933
0.20725059509277344
0.17933231592178345
0.1727682650089264
0.1508851945400238
0.20938962697982788
0.2200073599815369
0.1562330722808838
0.1584608554840088
0.15764889121055603
0.1947079300880432
0.16853952407836914
0.19885140657424927
0.21055063605308527
0.16371849179267883
0.22210356593132016
0.1952739655971527
0.15400582551956177
0.22148448228836057
0.2044338285923004
0.18065842986106873
0.19953536987304688
0.1791049838066101
0.19926390051841733
0.18485820293426516
0.16553401947021484
0.16417506337165833
0.19357419013977048
0.2052096724510193
0.19854778051376343
0.16453656554222107
0.16037744283676147
0.126923531293869
0.1928688287734985
0.26523083448410034
0.14100322127342224
0.185710608959198
0.1632308065891266
0.1554608941078186
0.247956246137619
0.2351384460926056
0.2130948901176453
0.14077687263488767
0.171176940202713
0.15707466006278992
0.19989162683486936
0.1865213513374329
0.24359494447708127
0.18613314628601077
0.19205027818679807
0.19566392898559568
0.18732923269271848
0.22225776314735407
0.16767218708992004
0.18583005666732788
0.2243553996086121
0.19227895140647888
0.1933584213256836
0.2245512306690216
0.2142072916030884
0.1757832169532776
0.16695639491081235
0.20918953418731687
0.21653062105178836
0.14035800099372864
0.14544355869293213
0.1429615020751953
0.2057854533195496
0.15240278840065002
0.2116994261741638
0.217178612947464
0.18474438786506647
0.20872417092323303
0.2336464822292328
0.19284144043922424
0.2166195511817932
0.15039023756980896
0.2067350149154663
0.22052013874053955
0.17451271414756775
0.15851500630378723
0.18880647420883176
0.24860754609107968
0.1922307014465332
0.2264381647109985
0.17053523659706116
0.25044518709182734
0.1349439024925232
0.2223040759563446
0.20966574549674988
0.122322179377079
0.14480379223823547
0.22847083210945127
0.1958085000514984
0.20236724615097043
0.13579106330871582
0.19020086526870728
0.19608056545257568
0.2001066505908966
0.1607508361339569
0.16515013575553894
0.1883710026741028
0.2073197960853577
0.2002722918987274
0.1813945174217224
0.16395670175552368
0.16658291220664978
0.20117652416229248
0.22085317969322205
0.19152525067329407
0.1897893249988556
0.2105597257614136
0.21217986941337583
0.19977834820747373
0.16683703660964963
0.1896653175354004
0.21271455287933347
0.14257681369781494
0.22856870293617249
0.16598382592201233
0.2181974351406097
0.22498217225074768
0.23582282662391665
0.15870893001556396
0.14666545391082764
0.18288478255271912
0.19357711076736447
0.19358694553375244
0.17935270071029663
0.2000422477722168
0.1521119773387909
0.20388951897621155
0.21754434704780576
0.23385125398635864
0.193314790725708
0.1588645577430725
0.18948099017143247
0.17938601970672607
0.21595901250839236
0.19131088256835935
0.16564467549324036
0.1821537613868713
0.2044970989227295
0.22133991122245789
0.2043271362781525
0.15912261605262756
0.1771327257156372
0.216299831867218
0.18602705001831052
0.19403293728828433
0.20544946193695068
0.22786736488342285
0.20604041218757627
0.2176107168197632
0.1655094027519226
0.2135174870491028
0.19318357110023496
0.17373231053352356
0.1867180168628693
0.21381363272666928
0.09187817573547363
0.16829165816307068
0.1944918632507324
0.21364301443099973
0.19093647599220276
0.19956997036933896
0.131076842546463
0.2087389230728149
0.16860249638557434
0.16835230588912964
0.1651807725429535
0.17075589299201965
0.18170318007469177
0.18924796581268313
0.202477902173996
0.18831703066825864
0.17865481972694397
0.20494261384010315
0.18044638633728027
0.20850744843482968
0.19633629918098447
0.17467212677001953
0.22396084666252136
0.15563982725143433
0.18412205576896667
0.1874704360961914
0.1716698408126831
0.18117296695709229
0.19812247157096863
0.2185693085193634
0.20125097036361692
0.16379046440124512
0.2119441628456116
0.18800368905067444
0.20295482873916623
0.16821888089179993
0.2148512899875641
0.16147345304489136
0.18953698873519895
0.19511020183563232
0.16791623830795288
0.2131870687007904
0.15096193552017212
0.17378568649291992
0.21376833319664
0.20318639278411865
0.22174522280693051
0.2061282992362976
0.17711085081100464
0.19486805796623227
0.20782154798507688
0.16708403825759888
0.18935999274253845
0.19695335626602167
0.19116374850273127
0.18414711952209473
0.18982490897178647
0.14438071846961975
0.18326517939567563
0.18621322512626648
0.2019692361354828
0.22067850828170776
0.1905808746814728
0.21133640408515927
0.19859614968299863
0.14136192202568054
0.17514869570732117
0.14491501450538635
0.1880623698234558
0.18847802281379697
0.15854224562644958
0.20763596892356873
0.2284157872200012
0.16713947057724
0.19801485538482663
0.1813424527645111
0.16946446895599365
0.2277510166168213
0.21393069624900815
0.17890173196792603
0.15867942571640015
0.17753353714942932
0.15936395525932312
0.1894012689590454
0.1469467282295227
0.20243355631828308
0.18156668543815607
0.19915783405303955
0.15311408042907715
0.23986893892288208
0.1784898042678833
0.22549954056739807
0.1885966658592224
0.1909799575805664
0.15646585822105408
0.21458393335342407
0.21131980419158933
0.22396719455718997
0.168807715177536
0.188145250082016
0.2434520125389099
0.2032693922519684
0.20694243907928464
0.14003419876098633
0.19603446125984192
0.18129155039787287
0.14709237217903137
0.15949475765228271
0.18860965967178345
0.18192076683044436
0.14254648983478546
0.22983571887016296
0.15534016489982605
0.25402495265007013
0.1779109239578247
0.1754758059978485
0.1583920419216156
0.1957204043865204
0.16944238543510437
0.1620834469795227
0.18016198277473447
0.173313170671463
0.20578688383102417
0.19453155994415283
0.14694786071777344
0.17927151918411255
0.14785486459732056
0.16571342945098877
0.1925201714038849
0.1986578702926636
0.1852237582206726
0.21244078874588007
0.2349156141281128
0.1929880976676941
0.19114795327186584
0.1458601951599121
0.191093385219574
0.21903827786445615
0.278643012046814
0.2223837971687317
0.15278947353363037
0.2043091058731079
0.19053930044174197
0.17255690693855283
0.15771609544754028
0.20578283071517944
0.13067322969436643
0.15214192867279053
0.1824180483818054
0.1790042221546173
0.1963864266872406
0.19626083970069885
0.19624885916709897
0.20102933049201965
0.2046426236629486
0.18860602378845212
0.2330410182476044
0.19668391346931455
0.18440738320350647
0.22317004203796384
0.21054136753082275
0.220030814409256
0.20860061049461365
0.1951256096363068
0.1841139495372772
0.20356729626655576
0.2032878398895264
0.19021522998809812
0.18350228667259216
0.2441544532775879
0.1887824237346649
0.15741282701492307
0.14181846380233765
0.19464099407196045
0.1809504926204681
0.19238632917404172
0.15218207240104675
0.17535129189491272
0.19037979841232297
0.19626498222351077
0.19987645745277405
0.17540451884269714
0.1492319107055664
0.21524146199226377
0.16518959403038025
0.20592612028121948
0.2062203288078308
0.18089541792869568
0.18929836153984067
0.1300849616527557
0.17893865704536435
0.21735048294067383
0.17730313539505005
0.14571671187877655
0.1578945517539978
0.18485936522483823
0.18540129065513608
0.19604748487472531
0.16557633876800537
0.2085261344909668
0.2066529095172882
0.19027480483055115
0.20234861969947812
0.1626988649368286
0.19404682517051697
0.2122724950313568
0.21604627370834353
0.16166138648986816
0.17992961406707764
0.20247465372085569
0.19391945004463196
0.15642318129539487
0.21258953213691711
0.16999462246894836
0.25504627823829645
0.1903093457221985
0.18908533453941345
0.1758745312690735
0.18949732184410092
0.19653087854385373
0.19069084525108335
0.225184828042984
0.1773177981376648
0.25120609998703
0.15980949997901917
0.1396801471710205
0.244358092546463
0.20977073907852167
0.23429676890373227
0.14861273765563965
0.2032169997692108
0.2048456072807312
0.21402958035469052
0.1598827838897705
0.20949161052703855
0.2150164246559143
0.1427893042564392
0.171525776386261
0.21335932612419128
0.141203373670578
0.20927783846855164
0.2286377847194672
0.17117291688919067
0.1918163299560547
0.18043479323387143
0.14865893125534055
0.1747780442237854
0.2156708240509033
0.15286764502525327
0.2168310582637787
0.18545857071876523
0.1626228392124176
0.1945627331733704
0.21404814720153809
0.22526121139526367
0.1842541992664337
0.19584029912948608
0.16475266218185425
0.19871643185615537
0.15357384085655212
0.1828935146331787
0.15984317660331726
0.1917632520198822
0.20154252648353577
0.1873193085193634
0.19581320881843567
0.225674569606781
0.21839627623558044
0.18447935581207275
0.1814967393875122
0.19941049814224243
0.15840101242065427
0.21606114506721497
0.20627322793006897
0.18423667550086972
0.20302957296371457
0.17314335703849792
0.15974527597427368
0.12623924016952515
0.2192639410495758
0.21985474228858948
0.16695305705070496
0.1748012900352478
0.2206902503967285
0.1890962719917297
0.20858377218246457
0.1488493978977203
0.180688738822937
0.21031108498573303
0.19565662741661072
0.172160267829895
0.2114643156528473
0.21551465988159177
0.19630530476570127
0.2556259334087372
0.16441410779953003
0.1670853495597839
0.245048850774765
0.17093050479888916
0.14040449261665344
0.20154526829719543
0.16409817337989807
0.2094772160053253
0.20577892661094663
0.23112407326698303
0.2035638689994812
0.2079186141490936
0.1947754919528961
0.17806759476661682
0.20829376578330996
0.1891106367111206
0.20995756983757016
0.18371248245239255
0.2467282712459564
0.2067066431045532
0.1689709424972534
0.21733897924423215
0.17393213510513303
0.25659170746803284
0.16199123859405515
0.1838212609291077
0.20254638791084287
0.16034388542175293
0.1947699189186096
0.19255700707435608
0.19471111893653867
0.19216150045394895
0.19936770200729367
0.19489952921867368
0.20504069328308103
0.23569622635841367
0.15820765495300293
0.17716962099075317
0.20907703042030332
0.23187902569770807
0.21723732352256772
0.18140456080436704
0.2317010164260864
0.17687579989433289
0.16553503274917603
0.1740667223930359
0.22790828347206116
0.16939589381217957
0.225032776594162
0.20680388808250427
0.19270682334899905
0.23850080370903012
0.2086717188358307
0.2163793742656708
0.20084124803543088
0.2116164863109589
0.18867725133895877
0.20116430521011353
0.15906837582588196
0.16973447799682617
0.20204684138298035
0.15347424149513245
0.1901584565639496
0.21072864532470703
0.16196879744529724
0.18642103672027588
0.21556508541107175
0.21126848459243772
0.13185545802116394
0.1845674812793732
0.20245468616485596
0.16240298748016355
0.15892493724822998
0.1841352880001068
0.2197585701942444
0.1468621641397476
0.19401586055755612
0.15112018585205078
0.17997154593467712
0.2124924957752228
0.2043207883834839
0.1904747188091278
0.23231834173202515
0.1871970295906067
0.17379873991012573
0.18037885427474973
0.16282445192337036
0.18542906641960144
0.16634616255760193
0.1962265372276306
0.15852299332618713
0.1964653730392456
0.14192746579647064
0.22018942236900327
0.21747747063636777
0.17243376374244687
0.12457946687936781
0.21953299641609192
0.22472974658012393
0.22742146253585813
0.224470853805542
0.19348159432411197
0.1891043186187744
0.1429051160812378
0.1817701160907745
0.2574965953826904
0.15668508410453796
0.15004360675811768
0.1640685796737671
0.18205809593200684
0.18206635117530823
0.1804722547531128
0.2353744804859161
0.2183285057544708
0.12858450412750244
0.18544960021972656
0.21482777595520017
0.20474988222122192
0.19100353121757507
0.1622353196144104
0.21014097332954407
0.25634434819221497
0.20114725828170776
0.14167487621307373
0.1461849957704544
0.1948234736919403
0.19298556447029117
0.20406535267829892
0.18780180811882016
0.21501478552818296
0.1894762217998505
0.2127535343170166
0.21298107504844663
0.17116683721542358
0.16462767124176023
0.17371124029159543
0.18643391132354736
0.13666489720344543
0.17593854665756223
0.20957866311073303
0.2293689250946045
0.17798647284507751
0.18508291244506836
0.19506895542144773
0.23440542817115784
0.19247952103614807
0.17386138439178467
0.22471335530281064
0.17062419652938843
0.16699212789535522
0.21267437934875488
0.20448601245880127
0.2234654724597931
0.204768180847168
0.2058977782726288
0.1998136043548584
0.20482352375984192
0.1730164885520935
0.2109637260437012
0.19036644697189328
0.21330943703651428
0.1899227201938629
0.2005199193954468
0.16858911514282227
0.15705075860023499
0.2584633529186249
0.167197048664093
0.17673009634017944
0.179176926612854
0.20254310965538025
0.18233868479728696
0.1689857840538025
0.2215196192264557
0.21348625421524048
0.1267070472240448
0.15386244654655457
0.19912043213844297
0.2282829582691193
0.15575256943702695
0.15502968430519104
0.2361876368522644
0.20960512757301328
0.20710900425910947
0.133146733045578
0.2181759774684906
0.14949908852577207
0.2138370871543884
0.1623624563217163
0.19456616044044492
0.22309085726737976
0.16582000255584717
0.17783048748970032
0.2117583453655243
0.1796768009662628
0.22285962104797363
0.1821630895137787
0.19052630662918088
0.21754828095436096
0.14211449027061462
0.19489550590515137
0.21227672696113584
0.191860556602478
0.17056721448898315
0.19929093122482297
0.1687508225440979
0.23493731021881104
0.20097780227661127
0.18673723936080927
0.1514250636100769
0.2073615491390228
0.15557125210762024
0.1936403214931488
0.1498602330684662
0.22345471382141116
0.19198453426361084
0.21730679273605344
0.193155437707901
0.156406968832016
0.1491539180278778
0.18721956014633176
0.19652402400970456
0.17658120393753052
0.19649288058280945
0.14075776934623718
0.14637550711631775
0.1980938911437988
0.19292885065078733
0.21648576855659485
0.21496260166168207
0.18943113088607788
0.23639842867851257
0.23689359426498413
0.2121266722679138
0.16979187726974487
0.21763762831687927
0.18593263626098633
0.17150792479515076
0.168755441904068
0.1985899209976196
0.18278309702873227
0.195305734872818
0.2415526509284973
0.17443057894706726
0.18711236119270325
0.20562180876731873
0.17860892415046692
0.2103281915187836
0.17849060893058777
0.236979603767395
0.1666392683982849
0.16537722945213315
0.19010874629020688
0.19869637489318848
0.19277051091194153
0.2001245319843292
0.1929418742656708
0.1388935148715973
0.1964120864868164
0.169607937335968
0.1551489531993866
0.1892293393611908
0.15874263644218445
0.1864061951637268
0.19797274470329285
0.125721275806427
0.1899229288101196
0.14905261993408203
0.20319256186485288
0.20311316847801208
0.1953698694705963
0.17308902740478516
0.21839916706085205
0.22147661447525024
0.18235766887664795
0.21409758925437927
0.13554641604423523
0.17533710598945615
0.16128331422805786
0.215999573469162
0.15371814370155334
0.16971340775489807
0.188526064157486
0.1690010130405426
0.16332662105560303
0.2100951075553894
0.2057044506072998
0.1811986267566681
0.17158344388008115
0.1829605996608734
0.1657281219959259
0.18457823991775513
0.139145165681839
0.16267511248588562
0.21660104393959043
0.19333088397979736
0.2191626727581024
0.22538465261459353
0.18907418847084043
0.17734399437904355
0.16779452562332153
0.20163574814796448
0.19916129112243647
0.20095619559288025
0.17228206992149353
0.18964421749114993
0.17628729343414307
0.16446584463119507
0.20976370573043823
0.19408923387527463
0.1925184726715088
0.19418498873710632
0.18157935142517087
0.21650972962379453
0.18939319252967837
0.1862473487854004
0.192356139421463
0.2037656605243683
0.1811262667179108
0.18630990386009216
0.1906687617301941
0.20489591360092163
0.15809449553489685
0.21583890914916992
0.17683187127113342
0.20210731029510495
0.1783534586429596
0.2254548072814941
0.18932506442070007
0.24783360958099365
0.1380592584609985
0.202246218919754
0.16903874278068542
0.2007502317428589
0.20488813519477844
0.14692476391792297
0.16922566294670105
0.14526239037513733
0.25042662024497986
0.16811197996139526
0.16082695126533508
0.16745689511299133
0.1497305333614349
0.22832030057907104
0.16127499938011167
0.2258059084415436
0.2031155228614807
0.17391958832740784
0.1989811062812805
0.1778372228145599
0.2548256814479828
0.18428102135658264
0.19598412513732913
0.21821579337120056
0.1733543574810028
0.1707899272441864
0.22623914480209353
0.19342541694641116
0.2156730890274048
0.19779521226882932
0.19585421681404117
0.1774815022945404
0.18303000926971436
0.12254189699888228
0.23922130465507507
0.21394598484039304
0.18366721272468567
0.22862231731414795
0.1929666697978973
0.15105459094047546
0.20704400539398196
0.19436615705490112
0.1498800814151764
0.20869290828704837
0.19471529126167297
0.1452796459197998
0.1801249086856842
0.2090858817100525
0.1958252191543579
0.13599909842014313
0.18093115091323847
0.20333108305931089
0.19287455081939697
0.17819631099700928
0.17201122641563416
0.2204480469226837
0.18263575434684756
0.1969120502471924
0.24516975879669187
0.18363896012306213
0.1404501497745514
0.18310758471488953
0.18947231769561768
0.17337480187416077
0.16433164477348328
0.1555846929550171
0.23516878485679624
0.21519434452056885
0.13435503840446472
0.23913857340812683
0.18041595816612244
0.17045432329177856
0.11768651008605956
0.1967754662036896
0.20738723874092105
0.1465540826320648
0.21495184302330017
0.146256685256958
0.20142266154289243
0.21496930718421936
0.17442011833190915
0.15010637044906616
0.2424088716506958
0.18578508496284485
0.19600054621696472
0.16055083274841309
0.16681015491485596
0.20181408524513245
0.1520131230354309
0.1594659686088562
0.16629743576049805
0.2004326581954956
0.21203577518463132
0.1588481366634369
0.20430123805999756
0.1920951306819916
0.19428607821464536
0.20089319348335263
0.1854257881641388
0.1638086438179016
0.1713864505290985
0.21040984988212583
0.21069055795669556
0.15731850266456604
0.2159045338630676
0.17708584666252136
0.24860447645187375
0.18088099360466003
0.19830819964408877
0.17213404178619385
0.1790183186531067
0.22487905621528623
0.1727372109889984
0.16828739643096924
0.17161768674850464
0.21125075221061704
0.2135163247585297
0.20550689101219177
0.20090073347091675
0.1900026500225067
0.19495609402656555
0.1367451250553131
0.18526336550712583
0.19304311275482175
0.16188332438468933
0.20940738916397092
0.23619595170021057
0.20406636595726013
0.21084228157997129
0.1800404191017151
0.143056720495224
0.20324724912643433
0.18367943167686465
0.176952987909317
0.2141170799732208
0.16872763633728027
0.16164693236351013
0.1916105151176453
0.2170509696006775
0.1785118281841278
0.22482377290725708
0.1788209080696106
0.1871385872364044
0.231528639793396
0.18906906247138977
0.13453309237957
0.18798580765724185
0.16104212403297424
0.2231125235557556
0.19705906510353088
0.2245255410671234
0.20670723915100095
0.23972022533416748
0.19886857271194455
0.17833107709884644
0.21344277262687683
0.20332804322242737
0.18512690067291257
0.16767016053199768
0.21335431933403012
0.16908571124076843
0.1746155023574829
0.22873005270957944
0.2276315689086914
0.26153284311294556
0.1725616753101349
0.17953991889953613
0.1897723376750946
0.1777348518371582
0.15574350953102112
0.1604645550251007
0.1446712017059326
0.16910231113433835
0.113101489841938
0.21898335218429563
0.18171191215515137
0.16439270973205566
0.1904596984386444
0.17557457089424133
0.22091305255889887
0.21728056669235227
0.19209060072898865
0.1306014060974121
0.16986596584320068
0.20476245880126956
0.27530780434608454
0.23687481880187988
0.19735258817672727
0.20825254917144773
0.20575493574142456
0.1765287220478058
0.19982215762138367
0.14605018496513367
0.24207937717437744
0.15181130170822144
0.24160397052764887
0.20237529277801516
0.1958240270614624
0.17340174317359924
0.18410980701446533
0.15772292017936707
0.17760488390922546
0.18668484687805173
0.1993674337863922
0.19351199269294736
0.19183421134948728
0.16104552149772644
0.16778713464736938
0.16266199946403503
0.19398263096809387
0.17863893508911133
0.2354510128498077
0.1798681616783142
0.16616559028625488
0.1384512037038803
0.21108549833297727
0.1622982621192932
0.17485931515693665
0.16604304313659668
0.15497907996177673
0.13626538217067719
0.19056472182273865
0.1919984519481659
0.19521877169609067
0.1683153212070465
0.19398704171180725
0.20141541957855225
0.1276823878288269
0.2202794253826141
0.16683366894721985
0.17736631631851196
0.14425082504749298
0.18812364339828488
0.19940158724784848
0.20876368880271912
0.1678188443183899
0.2154773473739624
0.1810629963874817
0.1834939122200012
0.20802590250968933
0.2048165202140808
0.15132629871368408
0.18493282794952393
0.17951372265815735
0.17510667443275452
0.20260629057884216
0.17761793732643127
0.20527759194374084
0.19775155186653137
0.23531991243362424
0.1888592541217804
0.14044201374053955
0.20017999410629272
0.19470623135566711
0.1731182038784027
0.18830484151840207
0.15655553340911865
0.18062135577201843
0.2013247311115265
0.13432610034942627
0.20332872867584229
0.22689470648765564
0.21022301912307736
0.14627401530742645
0.1400778889656067
0.2168073058128357
0.13408058881759644
0.218086302280426
0.21164098381996155
0.1879817247390747
0.23783159255981445
0.2008056044578552
0.20087072253227237
0.16325190663337708
0.14041295647621155
0.153957337141037
0.2185317277908325
0.15447893738746643
0.19693550467491147
0.16305989027023315
0.17913702130317688
0.17793574929237363
0.21925902366638184
0.17875659465789795
0.19971528649330136
0.17161446809768677
0.23475855588912964
0.2084633708000183
0.1374716758728027
0.17948639392852783
0.19089588522911072
0.12963712215423584
0.19183859229087827
0.13459907472133636
0.15991654992103577
0.16755709052085876
0.14696073532104492
0.1704154908657074
0.1724550426006317
0.15059152245521543
0.1710893213748932
0.18217527866363523
0.21272620558738708
0.20546585321426392
0.18490314483642575
0.19811013340950007
0.1671602427959442
0.21604540944099423
0.16063308715820312
0.23870974779129028
0.18776905536651609
0.25464013218879694
0.18020066618919367
0.25614768266677856
0.17208746075630188
0.17484229803085327
0.18295639753341675
0.15670713782310483
0.16159233450889587
0.19510969519615173
0.15675508975982666
0.18296849727630612
0.16223812103271484
0.22975718975067136
0.18831172585487363
0.2119808495044708
0.22461307048797607
0.207427978515625
0.149905264377594
0.1332245171070099
0.1907311975955963
0.1677599251270294
0.1711205244064331
0.19953933358192444
0.16236022114753723
0.18435746431350708
0.22602802515029907
0.21754840016365048
0.1693895161151886
0.18684655427932736
0.20646193623542783
0.19802531599998477
0.1952141225337982
0.20579001307487488
0.16294100880622864
0.12444344907999037
0.2238149046897888
0.17823448777198792
0.18228560686111447
0.1794455349445343
0.1635301113128662
0.15579253435134888
0.2006815969944
0.18752172589302063
0.16475602984428403
0.23459514975547793
0.13991926610469818
0.23774918913841248
0.20328837633132932
0.1316109597682953
0.17982250452041623
0.10762957483530045
0.18525651097297668
0.19722774624824524
0.22165796160697937
0.1385417282581329
0.18526217341423035
0.14711925387382507
0.1544269323348999
0.22552466392517087
0.16775763034820557
0.18583297729492188
0.1606334149837494
0.16113597154617307
0.18521529436111447
0.2085515260696411
0.20479255914688113
0.160395085811615
0.20579189062118527
0.21917608380317688
0.235886812210083
0.20991191267967224
0.19571703672409055
0.1678752899169922
0.18197256326675412
0.17408043146133423
0.18310052156448364
0.23080563545227048
0.22560784220695493
0.20265755057334897
0.1970540881156921
0.2177048623561859
0.2417027652263641
0.18585997819900513
0.1649153232574463
0.2215348184108734
0.18563926219940183
0.1715753078460693
0.19909924268722531
0.20055502653121948
0.18758460879325864
0.20232626795768735
0.1746958494186401
0.18735718727111816
0.19739079475402832
0.22267827391624448
0.19305533170700076
0.23844745755195615
0.14385990798473358
0.2202766239643097
0.1911620497703552
0.17407390475273132
0.1908071935176849
0.25312283635139465
0.17526555061340332
0.1796947419643402
0.14476674795150757
0.18602818250656128
0.17472416162490845
0.20034992694854736
0.13096031546592712
0.23764932155609128
0.1963182091712952
0.19798332452774048
0.16111373901367188
0.18375998735427856
0.20302692055702207
0.13148146867752075
0.2067812383174896
0.18629109859466553
0.2073155641555786
0.2241765260696411
0.16764408349990845
0.18176767230033877
0.1696397066116333
0.19405761361122129
0.154363214969635
0.20490896701812744
0.15848523378372192
0.19164028763771057
0.18381595611572263
0.2084776163101196
0.2050151824951172
0.15945610404014587
0.13523805141448975
0.19102796912193296
0.16798698902130127
0.21904724836349487
0.12443336099386217
0.16591927409172058
0.20426219701766968
0.16576844453811643
0.21634012460708615
0.19339412450790405
0.21450594067573547
0.17992326617240903
0.17979896068572998
0.17693355679512024
0.15316373109817505
0.1981104612350464
0.21432089805603027
0.19050732254981995
0.22367364168167117
0.16950297355651855
0.17351242899894714
0.19541147351264956
0.20940497517585757
0.1777045726776123
0.18304032087326047
0.18079796433448792
0.1914287507534027
0.16852408647537231
0.2098197042942047
0.20987388491630557
0.17990562319755554
0.1940540373325348
0.22104138135910037
0.1838253140449524
0.15876081585884094
0.1685725450515747
0.19420647621154785
0.21305021643638608
0.16660600900650024
0.21707683801651
0.195606529712677
0.2107988893985748
0.2297210395336151
0.222973108291626
0.22656026482582087
0.17175155878067017
0.19610527157783508
0.20608118176460263
0.16801771521568298
0.20087271928787231
0.1953239142894745
0.20644259452819824
0.17698192596435547
0.19216427206993103
0.17770281434059143
0.223560094833374
0.19902169704437253
0.21494674682617188
0.14539720118045807
0.180303156375885
0.18942731618881223
0.19392001628875727
0.2094890773296356
0.2282103002071381
0.1994726359844208
0.16740745306015015
0.1831497550010681
0.19014272093772888
0.20694875717163083
0.2257894277572632
0.18265238404273984
0.187691330909729
0.1406712532043457
0.16339561343193054
0.11595644056797028
0.18399420380592343
0.14790457487106323
0.1996842324733734
0.2315663993358612
0.19935157895088196
0.1982455551624298
0.16624632477760315
0.19569250941276553
0.16842025518417358
0.2346192300319672
0.13752347230911255
0.19265297055244443
0.20256200432777405
0.17454466223716736
0.1474117636680603
0.2269130647182465
0.15399494767189023
0.14702513813972473
0.21057772636413571
0.21990707516670227
0.20847287774086
0.1855982542037964
0.1831572651863098
0.1828719675540924
0.1852920651435852
0.14891165494918823
0.18189510703086853
0.21504563093185425
0.15464800596237183
0.17622575163841248
0.187264084815979
0.16611355543136597
0.19137895107269287
0.2019992172718048
0.17602407932281494
0.2002224326133728
0.16088423132896423
0.20882365107536316
0.16571342945098877
0.18720287084579468
0.23433423042297363
0.1681736409664154
0.22472912073135373
0.19667115807533264
0.22540920972824097
0.17055562138557434
0.2032497525215149
0.14388981461524963
0.1814497411251068
0.2334405481815338
0.1704939603805542
0.1529427468776703
0.17983937263488767
0.199180006980896
0.16463276743888855
0.18721333146095276
0.16743317246437073
0.17580464482307434
0.21725624799728396
0.22334209084510803
0.16475152969360352
0.29831767082214355
0.20157188177108765
0.212085485458374
0.2478679120540619
0.19811883568763727
0.18387064337730408
0.16424578428268433
0.19379061460494995
0.17414644360542297
0.21373918652534485
0.15655216574668884
0.1899110376834869
0.25710731744766235
0.2169322967529297
0.22988447546958923
0.18885764479637143
0.09994138032197952
0.16580137610435483
0.16872212290763855
0.1411917805671692
0.2113971710205078
0.22620078921318051
0.15151497721672058
0.18732488155364993
0.21475499868392944
0.17444664239883423
0.180610716342926
0.19217106699943545
0.17367205023765564
0.18122681975364685
0.19299659132957456
0.18728446960449216
0.19526544213294983
0.21899697184562683
0.21104553341865537
0.21277466416358948
0.2472554445266724
0.1918913424015045
0.20068633556365967
0.19158869981765747
0.20804613828659055
0.17487552762031555
0.2094659507274628
0.21207138895988464
0.13458797335624695
0.2069549858570099
0.18812033534049988
0.1685241162776947
0.16249018907546997
0.17515414953231812
0.19647473096847531
0.17063710093498227
0.20039549469947812
0.1560794413089752
0.20842528343200684
0.21321693062782288
0.1932702362537384
0.17105787992477417
0.1702972650527954
0.2097901403903961
0.19479161500930783
0.14989197254180908
0.18401375412940976
0.1540759801864624
0.15855100750923157
0.19754979014396667
0.17542606592178345
0.1964952647686005
0.23469495773315427
0.19742438197135925
0.18974104523658752
0.19588559865951535
0.1872335076332092
0.18442845344543457
0.1922478675842285
0.1462845504283905
0.2338140308856964
0.1773994266986847
0.17847424745559692
0.1791979968547821
0.1694813072681427
0.22598716616630557
0.18760105967521667
0.157197505235672
0.1780790090560913
0.17284932732582092
0.16854551434516907
0.20340877771377563
0.15860620141029355
0.1768309473991394
0.14666426181793213
0.18946546316146848
0.2046771049499512
0.20144036412239075
0.2111903429031372
0.18242552876472476
0.19137758016586304
0.17406338453292847
0.16374382376670835
0.16228380799293518
0.15608718991279602
0.23749721050262448
0.1824602484703064
0.2138021290302277
0.27607691287994385
0.1665557622909546
0.19409984350204468
0.18726336956024167
0.22167730331420896
0.1691872477531433
0.19113999605178836
0.21416044235229487
0.1917942464351654
0.18963247537612915
0.1731758415699005
0.19656339287757876
0.1703079342842102
0.19924432039260864
0.25541746616363525
0.26985824108123774
0.15737435221672058
0.19338133931159973
0.17326977849006653
0.1994910538196564
0.16384682059288025
0.24571672081947327
0.15616613626480103
0.17507043480873108
0.20058342814445493
0.16310513019561768
0.1324440836906433
0.2095914781093597
0.19375577569007876
0.217370867729187
0.20828914642333984
0.2053251266479492
0.25032904744148254
0.13398367166519165
0.22060394287109372
0.23305225372314453
0.15811532735824585
0.2137896716594696
0.2586120665073395
0.2052479386329651
0.19225120544433597
0.20081594586372373
0.22577181458473203
0.2001778781414032
0.1918827593326569
0.1565934717655182
0.20213434100151065
0.18241536617279047
0.24505123496055603
0.1799706518650055
0.18435597419738767
0.22442346811294556
0.18239706754684448
0.17056140303611755
0.14394837617874143
0.2166493237018585
0.12731507420539856
0.19400554895401
0.14958056807518005
0.22317245602607727
0.229956328868866
0.205188512802124
0.18802326917648315
0.1711295247077942
0.20506343245506287
0.16651085019111633
0.2072637677192688
0.16946718096733093
0.14881843328475952
0.2325896918773651
0.1673111617565155
0.2591429948806762
0.1790938377380371
0.1714973747730255
0.18154525756835935
0.24339249730110168
0.1631498634815216
0.2075622379779816
0.17006373405456543
0.24262398481369016
0.17732587456703186
0.19588845968246457
0.2131700813770294
0.18935793638229367
0.18769788742065427
0.17761218547821045
0.14263176918029785
0.13037288188934326
0.18130275607109067
0.19392776489257807
0.17160019278526306
0.1755892038345337
0.26040753722190857
0.22020399570465088
0.1635659635066986
0.2010612785816193
0.22851791977882385
0.1629205048084259
0.18355867266654968
0.19462600350379944
0.22970214486122129
0.17811676859855652
0.1894601285457611
0.1916733086109161
0.17868581414222717
0.19654905796051023
0.18522393703460693
0.19637081027030945
0.17580962181091309
0.1693241000175476
0.22479119896888727
0.2025467157363892
0.21685916185379028
0.1675693392753601
0.19403347373008728
0.19939076900482175
0.1659199297428131
0.16602417826652527
0.19762057065963745
0.20343300700187683
0.19515880942344663
0.17890793085098267
0.1867579221725464
0.201678603887558
0.19697743654251096
0.19797563552856445
0.23126766085624692
0.15944725275039673
0.11643175035715105
0.19279789924621585
0.1500520408153534
0.20568883419036865
0.196361780166626
0.21374493837356567
0.20200285315513608
0.18732669949531555
0.19179928302764887
0.17710983753204343
0.19815939664840695
0.1606580913066864
0.20921412110328677
0.23379769921302795
0.18415921926498413
0.19158905744552607
0.1486264020204544
0.2053144872188568
0.20411407947540283
0.18374449014663696
0.19291210174560544
0.14681340754032135
0.1761905550956726
0.20342800021171567
0.2846759855747223
0.18347191810607913
0.15618008375167847
0.20692878961563113
0.17632979154586792
0.2154367566108704
0.2016296088695526
0.17807820439338684
0.19014766812324524
0.1834319233894348
0.20068737864494324
0.2172560691833496
0.13793131709098816
0.22133153676986692
0.20741987228393555
0.1819760501384735
0.19507691264152527
0.20666563510894773
0.20029008388519287
0.22926408052444455
0.21734884381294248
0.213384747505188
0.2117630243301392
0.20192641019821167
0.22975581884384155
0.1999742686748505
0.16621258854866028
0.1736358106136322
0.19341060519218445
0.19384214282035828
0.22011294960975647
0.2700017094612121
0.1770574152469635
0.15827032923698425
0.23964521288871765
0.22314336895942688
0.15587133169174194
0.2453685700893402
0.1724354326725006
0.17125320434570312
0.18975374102592468
0.19860777258872983
0.16739836335182187
0.19103243947029117
0.16609394550323486
0.15375083684921265
0.14230971038341522
0.1560347080230713
0.164363294839859
0.14803005754947662
0.19874149560928345
0.19354900717735288
0.16175112128257751
0.200474351644516
0.2104242444038391
0.16917002201080322
0.1924024522304535
0.21836125850677487
0.1887081265449524
0.19745048880577087
0.1854945421218872
0.18236094713211057
0.14742636680603027
0.20119300484657288
0.209496945142746
0.1548497974872589
0.1989843547344208
0.20455202460289
0.2179420292377472
0.15657323598861694
0.21009352803230283
0.18517833948135373
0.28119429945945734
0.217520534992218
0.18529522418975833
0.17862743139266968
0.19391113519668576
0.19138252735137937
0.15931537747383115
0.17017289996147156
0.2049819231033325
0.1815543472766876
0.14009732007980347
0.17604985833168027
0.18835267424583435
0.13364964723587036
0.23228490352630612
0.21483144164085388
0.18289759755134585
0.14633089303970337
0.2012035548686981
0.19354850053787231
0.18317061662673953
0.2290019989013672
0.12273072451353072
0.12339180707931519
0.15029674768447876
0.1485665738582611
0.20574539899826047
0.22714489698410037
0.1419585645198822
0.1869588792324066
0.19072842597961423
0.20464655756950376
0.20241704583168027
0.18172472715377808
0.21676716208457944
0.21351987123489377
0.17707288265228271
0.20889899134635925
0.2007814049720764
0.20295307040214536
0.221379429101944
0.1869276463985443
0.13463106751441956
0.19225552678108213
0.2061063051223755
0.24545034766197205
0.16191256046295166
0.16410231590270996
0.1729373037815094
0.13709688186645508
0.20573586225509644
0.23871183395385745
0.1841095983982086
0.18528446555137637
0.20359039306640625
0.1999894380569458
0.24772796034812927
0.2061694860458374
0.1705612540245056
0.20798254013061523
0.19693514704704285
0.17715576291084287
0.1876387596130371
0.170090913772583
0.22074976563453677
0.25245964527130127
0.19552603363990784
0.1897107660770416
0.182743102312088
0.16274115443229675
0.19758498668670652
0.20765894651412964
0.15976440906524658
0.20014908909797668
0.19116187095642087
0.1938128471374512
0.1871881186962128
0.19622585177421567
0.18706905841827393
0.1287713646888733
0.20623141527175903
0.18627849221229556
0.15509384870529175
0.20263749361038208
0.15338134765625
0.18424937129020688
0.150224506855011
0.19451206922531128
0.21285629272460935
0.1861379146575928
0.2009063959121704
0.2237054407596588
0.16793128848075867
0.17356258630752563
0.1948614716529846
0.23376455903053284
0.20842620730400083
0.2031072676181793
0.17855948209762573
0.21296197175979611
0.1934172809123993
0.19834351539611816
0.18880832195281985
0.22778257727622983
0.1558704674243927
0.16602617502212524
0.19886195659637448
0.20716413855552676
0.20674315094947812
0.1963430345058441
0.19374704360961917
0.2054322063922882
0.14744678139686584
0.2627001106739044
0.17611566185951233
0.20155769586563113
0.16874167323112488
0.205689400434494
0.22342121601104736
0.151785671710968
0.16690093278884888
0.20085623860359192
0.19630041718482968
0.14420010149478912
0.18300688266754153
0.1435016691684723
0.19106692075729367
0.19762250781059265
0.19164767861366272
0.17909401655197144
0.1808297634124756
0.20237779617309568
0.2434875965118408
0.1800112426280975
0.17091935873031616
0.19259744882583615
0.12413655966520308
0.18754702806472776
0.2363446652889252
0.20791530609130857
0.1745154857635498
0.16389983892440796
0.2085907459259033
0.20139619708061215
0.15634271502494812
0.19112843275070193
0.23473471403121948
0.20887270569801328
0.20601823925971985
0.18741512298583984
0.15384754538536072
0.19528749585151672
0.1942753791809082
0.19160562753677368
0.22439637780189517
0.17183798551559448
0.19203096628189087
0.2129468023777008
0.1913912296295166
0.1760217249393463
0.21745485067367556
0.20467540621757507
0.22934478521347043
0.18535909056663516
0.20814448595047
0.17324993014335632
0.18659019470214844
0.17133301496505737
0.18993422389030457
0.2133263051509857
0.2016600072383881
0.15297159552574155
0.19207912683486936
0.21148034930229187
0.1701351702213287
0.19375035166740415
0.17425543069839475
0.18810814619064328
0.1473596692085266
0.20112913846969604
0.18799138069152832
0.22990044951438904
0.16320177912712097
0.16302257776260376
0.21704143285751343
0.25033071637153625
0.19248181581497192
0.20726040005683896
0.18093180656433103
0.13563281297683716
0.2381758689880371
0.22239890694618225
0.23456022143363953
0.16808336973190308
0.19877102971076965
0.1334894299507141
0.2243784666061401
0.1850687265396118
0.16466861963272095
0.22368761897087097
0.19237652420997617
0.18567213416099548
0.19792184233665464
0.15329372882843015
0.22046756744384763
0.19848269224166873
0.18866896629333496
0.20664325356483457
0.21577221155166623
0.192668080329895
0.20431217551231384
0.1989911198616028
0.163063645362854
0.18364760279655457
0.24638852477073667
0.1713401675224304
0.18928447365760803
0.20419141650199887
0.2371010184288025
0.1696338653564453
0.15661922097206116
0.21204346418380737
0.2030445635318756
0.18199920654296875
0.1795869767665863
0.1775968074798584
0.20373183488845825
0.17247924208641052
0.19013962149620056
0.204482764005661
0.22333461046218872
0.20980918407440183
0.23157402873039243
0.1998659372329712
0.16391602158546448
0.1696612238883972
0.21272957324981687
0.21393465995788571
0.14354151487350464
0.16575253009796143
0.1581286787986755
0.16447672247886655
0.19446793198585513
0.226167231798172
0.16145825386047363
0.19286292791366577
0.17162853479385376
0.13973182439804077
0.18899172544479367
0.21368765830993647
0.14163291454315183
0.16253978013992307
0.1944497525691986
0.17740195989608765
0.19278112053871155
0.21481436491012573
0.20398265123367307
0.1384992003440857
0.19905105233192444
0.18530702590942383
0.1433311104774475
0.14977580308914185
0.23809954524040225
0.22501602768898007
0.21010646224021912
0.185162216424942
0.19242617487907407
0.1878015100955963
0.16577190160751343
0.19059595465660092
0.2014935910701752
0.19923532009124756
0.22760117053985596
0.2105965614318848
0.20774605870246887
0.2078670561313629
0.19549584388732913
0.21645560860633847
0.1385919004678726
0.12960556149482727
0.19692489504814148
0.22106429934501648
0.16715574264526367
0.22114017605781555
0.19905462861061096
0.18867337703704837
0.2018783986568451
0.15852296352386475
0.22592201828956604
0.1594776213169098
0.17132091522216797
0.20085772871971128
0.14818295836448667
0.1722867786884308
0.2288652062416077
0.1861359775066376
0.18628594279289243
0.22758767008781436
0.2435997426509857
0.22280263900756836
0.17515128850936887
0.1612916886806488
0.1769953966140747
0.20324695110321045
0.1523991823196411
0.15149450302124023
0.18037885427474973
0.21657529473304749
0.18360206484794617
0.18423143029212952
0.20707234740257263
0.16235563158988953
0.20832705497741696
0.18214520812034607
0.18539273738861084
0.189837247133255
0.23578745126724243
0.18947365880012512
0.22104182839393613
0.206857830286026
0.16705524921417236
0.2357804179191589
0.21486073732376096
0.17997267842292783
0.19484880566596985
0.21472704410552976
0.20771268010139465
0.20625460147857663
0.20174002647399905
0.18219327926635745
0.17442628741264343
0.1997278332710266
0.16110199689865112
0.163572758436203
0.15391439199447632
0.17543068528175354
0.21388477087020877
0.21838802099227905
0.20006135106086728
0.15794658660888672
0.1445937156677246
0.2339104115962982
0.21318528056144717
0.2058066427707672
0.1903937757015228
0.19733464717864993
0.16418606042861938
0.17952722311019895
0.1895022094249725
0.1816398799419403
0.21413004398345947
0.18559223413467407
0.2517111897468567
0.16005966067314148
0.18703845143318176
0.21215465664863584
0.20991674065589905
0.19310966134071353
0.19017383456230164
0.1773400902748108
0.19978436827659607
0.16461879014968872
0.20334553718566892
0.20413503050804135
0.16841378808021543
0.1683344542980194
0.1695074439048767
0.18289977312088007
0.20724332332611084
0.15377137064933777
0.1464572548866272
0.1874406933784485
0.2010248303413391
0.22118422389030457
0.1853245198726654
0.18835961818695068
0.22411093115806577
0.19924661517143247
0.1551496386528015
0.16358324885368347
0.1831979751586914
0.22933563590049744
0.19676417112350464
0.1940746307373047
0.2182065546512604
0.15701183676719663
0.20283809304237363
0.12470541149377821
0.1758219301700592
0.17152705788612363
0.1831379234790802
0.14406636357307434
0.2370019257068634
0.17951682209968567
0.1699189841747284
0.21309190988540647
0.20768535137176516
0.20734447240829468
0.1623537540435791
0.18703895807266235
0.21775579452514648
0.20285338163375852
0.1960255205631256
0.1772664487361908
0.1227891519665718
0.16350522637367249
0.1820843815803528
0.1396065056324005
0.16378358006477356
0.2014440596103668
0.20498055219650269
0.17591243982315063
0.16062670946121216
0.20268148183822632
0.2062326073646545
0.16972532868385315
0.23874646425247192
0.23323687911033633
0.19072490930557248
0.2793201506137848
0.2079063057899475
0.2302623391151428
0.1430373638868332
0.2107226848602295
0.182032972574234
0.1788977086544037
0.19259169697761533
0.2028226852416992
0.24185088276863095
0.241769939661026
0.1696212887763977
0.1567178964614868
0.1290329396724701
0.16680234670639038
0.19095146656036377
0.21565863490104675
0.15919217467308044
0.20159676671028137
0.19991549849510193
0.15198355913162231
0.12815353274345395
0.19491359591484067
0.17946413159370422
0.18660277128219604
0.16972652077674863
0.20729833841323847
0.20289111137390137
0.13977861404418945
0.20813778042793277
0.2080940008163452
0.1963239014148712
0.18887636065483093
0.19954678416252136
0.20326665043830872
0.15818411111831665
0.2064701616764069
0.19489514827728271
0.1742303967475891
0.18321463465690607
0.19760099053382876
0.20642566680908203
0.19281896948814392
0.15865805745124817
0.20759937167167664
0.21674624085426328
0.22044506669044492
0.1598290205001831
0.1576194167137146
0.19456586241722104
0.23276689648628235
0.14899012446403503
0.18102949857711792
0.16911524534225464
0.1726396679878235
0.20660150051116943
0.1897403299808502
0.17736846208572388
0.20886927843093872
0.22325223684310916
0.13036657869815826
0.199978232383728
0.13706345856189728
0.21276935935020447
0.1994866132736206
0.19193288683891296
0.16331443190574646
0.21339648962020877
0.18507474660873413
0.14858004450798035
0.16344502568244934
0.1887221336364746
0.20407897233963007
0.16301387548446655
0.21237125992774963
0.20076763629913327
0.2007088661193848
0.16127899289131165
0.1688540279865265
0.15966445207595825
0.1606757640838623
0.19262832403182983
0.21763429045677185
0.20782160758972168
0.16269835829734802
0.14331009984016418
0.22241917252540588
0.1885519027709961
0.20331817865371704
0.2143329083919525
0.18875420093536377
0.21022987365722656
0.16527315974235535
0.14493897557258603
0.18602499365806577
0.16759124398231506
0.1921672224998474
0.20554345846176147
0.20278117060661316
0.25574010610580444
0.19358140230178836
0.15270879864692688
0.2246811389923096
0.18837115168571472
0.18236193060874936
0.22602516412734985
0.1831517517566681
0.1262817680835724
0.18189516663551328
0.24712929129600525
0.173810213804245
0.21105161309242249
0.22175869345664975
0.15872016549110413
0.21065315604209897
0.18742889165878293
0.1749199330806732
0.16812771558761597
0.18531426787376404
0.160883367061615
0.22675132751464844
0.1502489149570465
0.19482159614562988
0.20444828271865845
0.14215192198753357
0.16262772679328918
0.21351605653762817
0.1694607138633728
0.20620420575141904
0.2545015513896942
0.21500679850578308
0.13638809323310852
0.17182788252830505
0.1488949954509735
0.14478203654289243
0.21929097175598145
0.1992368698120117
0.1783030331134796
0.1660105586051941
0.1985023021697998
0.1557794213294983
0.18319696187973025
0.19607648253440857
0.23158261179924008
0.20813488960266116
0.2171743810176849
0.20148605108261108
0.24989062547683716
0.2018286883831024
0.1986026465892792
0.18880531191825864
0.19320592284202573
0.21105173230171204
0.1880055069923401
0.2561465799808502
0.2193176746368408
0.1898144781589508
0.1797124743461609
0.18333715200424197
0.17901206016540527
0.20833981037139887
0.18510049581527707
0.2169480323791504
0.23729673027992249
0.19380202889442444
0.1899746060371399
0.16370630264282227
0.20542678236961365
0.17780828475952148
0.20822983980178836
0.1950179636478424
0.17748999595642087
0.1504339575767517
0.14244970679283142
0.151957631111145
0.15880295634269714
0.20270508527755737
0.16611966490745544
0.14597615599632263
0.17627644538879395
0.11842814832925797
0.1522120237350464
0.20470404624938965
0.24395295977592468
0.21086406707763672
0.24861428141593933
0.14219266176223755
0.19221231341362
0.21639040112495425
0.18945848941802976
0.16972449421882627
0.17922443151474
0.16878938674926755
0.20672732591629028
0.21851679682731628
0.1959015429019928
0.22218576073646543
0.2000144124031067
0.1901399493217468
0.19706839323043823
0.22383695840835569
0.20030131936073303
0.24390339851379397
0.19669488072395325
0.1665080487728119
0.212890625
0.1971135139465332
0.23963493108749387
0.2129090428352356
0.20823439955711365
0.18684431910514832
0.16238334774971008
0.2235155403614044
0.18738040328025815
0.2161654829978943
0.20651376247406003
0.23837339878082275
0.1604514122009277
0.1812461018562317
0.18874219059944153
0.21225562691688535
0.16843029856681824
0.16443777084350583
0.1684057116508484
0.19887471199035645
0.18208369612693784
0.21379470825195312
0.2276272177696228
0.19073697924613953
0.1814175844192505
0.1820150315761566
0.1786539256572723
0.16705456376075745
0.17565804719924927
0.1803104281425476
0.1614731252193451
0.14418959617614746
0.2060528099536896
0.16463714838027954
0.2082866728305817
0.20070466399192807
0.2070047557353973
0.19674754142761233
0.20337456464767456
0.21942684054374692
0.2374899983406067
0.16080990433692932
0.19068434834480283
0.22305387258529663
0.2332508862018585
0.1949276030063629
0.19980430603027344
0.19145020842552185
0.2109608054161072
0.16934818029403687
0.2015148103237152
0.17284512519836423
0.19088131189346316
0.1861938834190369
0.1953542530536652
0.22210609912872317
0.18991488218307492
0.23392480611801147
0.18334633111953733
0.18414419889450076
0.15540367364883423
0.2154465615749359
0.1987497806549072
0.1920284926891327
0.1889359951019287
0.18836727738380432
0.2076339423656464
0.22298380732536316
0.1839870512485504
0.23551666736602783
0.16094672679901123
0.2047904133796692
0.2097459435462952
0.18420448899269104
0.1556399166584015
0.1977254748344421
0.18316215276718137
0.19955661892890927
0.20162257552146912
0.16310474276542664
0.20935529470443723
0.1966966390609741
0.1762562096118927
0.18110230565071103
0.14323243498802185
0.1634298861026764
0.1742441952228546
0.15122628211975095
0.21216723322868347
0.14879560470581055
0.20515868067741397
0.22748911380767825
0.1876015067100525
0.18177020549774167
0.21669837832450864
0.2293014228343964
0.20213952660560608
0.18687793612480164
0.20394501090049744
0.16115260124206543
0.1758187711238861
0.17372465133666992
0.21418756246566767
0.19328409433364868
0.21631109714508057
0.15011274814605713
0.19207701086997983
0.1979045271873474
0.2149706780910492
0.159978449344635
0.2144531011581421
0.18274983763694763
0.20400983095169067
0.14477580785751343
0.14599989354610443
0.17365673184394836
0.20017331838607788
0.16119667887687683
0.16846585273742676
0.1825058460235596
0.19700440764427185
0.21995580196380612
0.1936630606651306
0.19904884696006772
0.20389866828918457
0.1888233423233032
0.1720753312110901
0.1859399974346161
0.18469855189323425
0.20094102621078488
0.2107076048851013
0.20989012718200684
0.16250324249267578
0.21032845973968503
0.2143208086490631
0.1624477505683899
0.2058298885822296
0.20466476678848264
0.2302122414112091
0.1799598932266235
0.21822327375411987
0.1662789285182953
0.2052609026432037
0.18482860922813413
0.16612479090690613
0.17743104696273804
0.20559120178222656
0.1888341009616852
0.1614590883255005
0.1903410255908966
0.22695067524909973
0.2062959969043732
0.18793475627899167
0.17263928055763245
0.15770986676216123
0.19044834375381467
0.163740873336792
0.22567832469940183
0.1730636954307556
0.21433758735656736
0.1834874451160431
0.20306146144866943
0.21484515070915225
0.2118394672870636
0.20858207345008847
0.19321128726005557
0.14648380875587463
0.1679677367210388
0.1821191906929016
0.22034230828285217
0.20093142986297607
0.1649632453918457
0.18703266978263852
0.17396816611289978
0.2015222907066345
0.22626054286956787
0.16668444871902463
0.24187141656875608
0.19924902915954587
0.18228209018707275
0.19897183775901797
0.1836361587047577
0.1739051043987274
0.1844175159931183
0.19195058941841123
0.16444897651672363
0.20645067095756528
0.20831811428070068
0.23453527688980105
0.24296668171882627
0.1682086884975433
0.20114505290985107
0.16533237695693967
0.18736958503723145
0.2063519656658173
0.20566841959953308
0.21803846955299375
0.18869027495384216
0.18910130858421323
0.2369113266468048
0.17616620659828186
0.21003887057304385
0.20188239216804504
0.19448122382164
0.1633622050285339
0.1970542669296265
0.16364768147468567
0.19587573409080505
0.19125816226005557
0.18422126770019528
0.1617656648159027
0.17884784936904907
0.18207633495330808
0.2046590745449066
0.2607905864715576
0.20902982354164124
0.23800575733184812
0.19875118136405945
0.20692431926727292
0.19739282131195068
0.2387315928936005
0.25674477219581604
0.23249575495719907
0.21237960457801816
0.2048894762992859
0.20872023701667783
0.20253223180770877
0.21443951129913327
0.15404611825942993
0.16801950335502625
0.17662018537521362
0.19637358188629153
0.18059992790222168
0.1579911708831787
0.21193942427635193
0.211311399936676
0.2103181481361389
0.20447701215744016
0.21525010466575625
0.22475504875183103
0.1904914677143097
0.18472275137901303
0.218916654586792
0.19601047039031985
0.19402390718460083
0.20300930738449097
0.2134721279144287
0.1920112669467926
0.20388385653495789
0.1614171862602234
0.2041171193122864
0.17581865191459656
0.2413768768310547
0.1841539442539215
0.2118889093399048
0.1514461636543274
0.1882361471652985
0.17692509293556213
0.1759004294872284
0.15652230381965637
0.19654211401939392
0.21006977558135984
0.20281332731246948
0.16853433847427368
0.25228387117385864
0.19682312011718753
0.1700416803359985
0.18331736326217649
0.2388936281204224
0.15918892621994019
0.15132179856300354
0.20718777179718015
0.18953055143356323
0.194023072719574
0.19957131147384644
0.20420685410499567
0.11608460545539856
0.2064548432826996
0.1804228127002716
0.1983230710029602
0.20673128962516785
0.18498530983924863
0.1377395391464233
0.19896447658538816
0.1658601462841034
0.1802040934562683
0.24626123905181885
0.20811799168586728
0.20745280385017395
0.1812948286533356
0.1842972040176392
0.1872272789478302
0.21207764744758603
0.2653506398200989
0.2097344994544983
0.2036568224430084
0.19565182924270627
0.24926793575286865
0.17307797074317932
0.18930938839912412
0.20622402429580688
0.2011283040046692
0.20711320638656616
0.2016578912734985
0.2245086431503296
0.1722051203250885
0.23176947236061096
0.21971547603607175
0.20893225073814392
0.20424222946166992
0.19003367424011233
0.201798677444458
0.26617598533630366
0.20968797802925107
0.1863942444324493
0.18968215584754944
0.16448041796684265
0.23743733763694763
0.1854773461818695
0.1924496591091156
0.20879524946212769
0.1558350920677185
0.1602862179279327
0.20071512460708615
0.19370838999748227
0.20617762207984924
0.23728001117706296
0.16518139839172363
0.23890265822410583
0.18424341082572937
0.18980699777603147
0.2177250385284424
0.17854255437850952
0.17976540327072144
0.19102966785430908
0.13312356173992157
0.16985055804252625
0.19051703810691836
0.15934956073760986
0.19964632391929624
0.209029883146286
0.21411848068237305
0.2122964560985565
0.09900325536727904
0.1816868484020233
0.1596459150314331
0.1753736436367035
0.20286139845848083
0.20667514204978943
0.1647309958934784
0.21707141399383545
0.18651121854782104
0.20755976438522336
0.19440391659736636
0.2022729218006134
0.13532666862010956
0.14262714982032776
0.17469409108161926
0.1868916451931
0.21808356046676636
0.2369922399520874
0.18145471811294556
0.18688884377479556
0.17316526174545288
0.18491315841674805
0.16282114386558533
0.18293464183807373
0.17822206020355225
0.17282366752624512
0.1582917869091034
0.21061465144157407
0.21276119351387024
0.1812402904033661
0.1785036027431488
0.2040004730224609
0.19388678669929504
0.19086161255836487
0.20818006992340088
0.217671662569046
0.1954972147941589
0.1824398338794708
0.12424729019403456
0.16794338822364807
0.19921761751174927
0.13807879388332367
0.19817122817039487
0.13800281286239624
0.19351711869239807
0.18603885173797607
0.2282043099403381
0.1908143162727356
0.17597168684005737
0.19735947251319885
0.21878898143768313
0.18841570615768433
0.18568968772888184
0.16233444213867188
0.17364412546157837
0.18330815434455872
0.2238906025886536
0.17686623334884644
0.15038424730300903
0.2120835781097412
0.18279403448104856
0.1922498643398285
0.18490689992904663
0.21254029870033264
0.262935996055603
0.19659772515296936
0.25811836123466486
0.1825104653835297
0.16227459907531738
0.17609596252441406
0.21374398469924927
0.196887731552124
0.2297847270965576
0.19470000267028809
0.18274155259132385
0.17659232020378113
0.20898878574371335
0.18451139330863953
0.17158883810043335
0.20459672808647156
0.1487932801246643
0.1900876760482788
0.20087498426437375
0.19022586941719052
0.1814004182815552
0.1531754434108734
0.2068257927894592
0.1794053614139557
0.12779518961906433
0.23974379897117612
0.1777304708957672
0.2102950215339661
0.17902550101280212
0.1656932830810547
0.1805274784564972
0.19566872715950007
0.20497205853462216
0.19452691078186035
0.21080848574638367
0.17366892099380493
0.18053144216537476
0.16849279403686523
0.18233290314674375
0.19652110338211057
0.20539164543151853
0.20296260714530945
0.19269797205924988
0.16833814978599548
0.15533581376075745
0.22293227910995483
0.1865542829036713
0.22809383273124692
0.20770704746246335
0.21768951416015625
0.2149696946144104
0.2385671138763428
0.21707606315612793
0.18772161006927487
0.20404964685440063
0.21028611063957212
0.15951290726661682
0.2526051700115204
0.18995189666748047
0.145771324634552
0.15954315662384033
0.162723571062088
0.20110270380973813
0.18255409598350525
0.21195510029792783
0.14025546610355377
0.17612820863723755
0.1947764158248901
0.12716953456401825
0.17656362056732175
0.2133864462375641
0.1708149015903473
0.1926671266555786
0.19185566902160645
0.19466078281402588
0.2556821703910828
0.18743532896041873
0.19834092259407043
0.22157862782478327
0.19705036282539368
0.1581164002418518
0.1991318166255951
0.2253895401954651
0.16119450330734253
0.20634227991104123
0.19293054938316345
0.15741750597953796
0.18136572837829587
0.19202581048011777
0.22182130813598633
0.21320796012878415
0.19944274425506592
0.20380815863609317
0.240499883890152
0.20955690741539
0.20073467493057248
0.2358265519142151
0.16013255715370178
0.1953054368495941
0.2065499722957611
0.19219088554382324
0.18851080536842343
0.23154500126838684
0.15376436710357666
0.20935571193695068
0.21159780025482175
0.1952408850193024
0.1761769950389862
0.17452159523963928
0.19519850611686704
0.184616893529892
0.2062932252883911
0.2143373191356659
0.20058348774909973
0.19540539383888245
0.18783867359161377
0.14270269870758057
0.2401539087295532
0.13044410943984985
0.18869057297706604
0.2546926736831665
0.17763471603393555
0.21242421865463257
0.1924738883972168
0.13866668939590454
0.16473311185836792
0.18673980236053464
0.19636836647987363
0.1567133665084839
0.16769132018089294
0.18439432978630063
0.23318746685981753
0.19250178337097168
0.20436766743659973
0.2011486291885376
0.2284507751464844
0.2041247487068176
0.1844375431537628
0.17631396651268005
0.1863713562488556
0.19666749238967893
0.19491183757781985
0.22008088231086728
0.15851816534996033
0.14999154210090637
0.20601662993431089
0.17667150497436523
0.18422648310661316
0.17643213272094727
0.23450249433517456
0.1738150119781494
0.20796385407447812
0.187976747751236
0.19474634528160092
0.131833478808403
0.18020793795585632
0.21384564042091367
0.15200909972190857
0.15901726484298706
0.2131318151950836
0.1784968078136444
0.21022516489028928
0.2228611409664154
0.20074057579040527
0.21566843986511233
0.19231542944908145
0.2027840614318848
0.17640185356140137
0.24981448054313657
0.15439864993095395
0.2170681059360504
0.2030446827411652
0.20771899819374084
0.1902702748775482
0.1882652044296265
0.1951325237751007
0.21603900194168088
0.19072777032852167
0.14465399086475372
0.22107297182083127
0.20450800657272336
0.1602180004119873
0.199827253818512
0.2204509079456329
0.23172929883003235
0.1624927818775177
0.1956921219825745
0.19074770808219907
0.16967687010765076
0.19696989655494687
0.19278284907341003
0.2153456211090088
0.17851024866104123
0.1605190336704254
0.163192480802536
0.1993628144264221
0.17530947923660278
0.2537615299224853
0.19826093316078183
0.15215307474136353
0.17595413327217102
0.2205812633037567
0.18696066737174988
0.13707703351974487
0.1698740720748901
0.2498691380023956
0.19786792993545527
0.2221248149871826
0.2118995785713196
0.18972086906433103
0.15130168199539185
0.15772056579589844
0.20723292231559756
0.1712821125984192
0.22447693347930908
0.1974749565124512
0.19101211428642273
0.26324462890625
0.23169693350791928
0.1692196428775787
0.1535927057266235
0.17211854457855225
0.16872140765190125
0.22416460514068604
0.2686223089694977
0.2248725593090057
0.18182387948036197
0.21570724248886108
0.22030648589134216
0.1717863380908966
0.17789730429649353
0.189353346824646
0.20311668515205383
0.20150974392890927
0.19941899180412287
0.2240988314151764
0.19628185033798215
0.2503038346767425
0.17613601684570312
0.20674017071723935
0.17349901795387268
0.17165276408195496
0.16791054606437683
0.19215354323387143
0.1950768530368805
0.1939252316951752
0.2091332376003265
0.21013301610946652
0.1930319666862488
0.14961332082748413
0.1751788854598999
0.1369207799434662
0.19806227087974548
0.16430318355560303
0.13993003964424133
0.15213200449943542
0.17362505197525024
0.15422120690345764
0.17288964986801147
0.20438498258590695
0.17769670486450195
0.23200190067291257
0.23138314485549927
0.16401579976081848
0.2252749800682068
0.1373734176158905
0.18378683924674988
0.14129096269607544
0.1678486466407776
0.14630760252475739
0.20011651515960693
0.19580906629562375
0.1539371907711029
0.20739373564720157
0.2141206860542297
0.1420588493347168
0.19037702679634091
0.16860026121139526
0.18382215499877927
0.21480584144592285
0.20613560080528257
0.1961846947669983
0.19545528292655945
0.17987573146820068
0.1895935535430908
0.19845137000083923
0.1323910653591156
0.21537679433822632
0.17240697145462036
0.17495074868202207
0.19071319699287412
0.2289891541004181
0.2060479819774628
0.14726987481117249
0.17234528064727783
0.18012449145317075
0.1957099735736847
0.22811615467071533
0.20397448539733887
0.2234998047351837
0.20087137818336487
0.17860913276672363
0.21008545160293576
0.2027219533920288
0.1737938821315765
0.2013432085514069
0.21044650673866272
0.17302861809730527
0.1744118332862854
0.1953762173652649
0.21108153462409973
0.1922474503517151
0.1963414251804352
0.14770221710205078
0.11816082894802092
0.2621886730194092
0.18582448363304135
0.17556631565093994
0.2270747125148773
0.15609318017959595
0.21016600728034973
0.17315030097961423
0.1531631052494049
0.17304161190986633
0.16866552829742432
0.20174384117126465
0.16657724976539612
0.14476555585861206
0.20901501178741452
0.16764193773269653
0.20427644252777097
0.18551763892173767
0.15266984701156616
0.19832918047904968
0.13894590735435483
0.2015662491321564
0.18141305446624756
0.20003780722618103
0.19244998693466184
0.169018417596817
0.1780884563922882
0.2023073732852936
0.23420473933219907
0.2323278784751892
0.18562209606170652
0.1683754026889801
0.17568475008010864
0.1854917407035828
0.2192537486553192
0.1727752983570099
0.22478434443473813
0.18022820353507996
0.16240349411964417
0.2729373574256897
0.2122918665409088
0.25380396842956543
0.16706526279449463
0.18353784084320068
0.21537730097770688
0.18827736377716064
0.19684499502182007
0.19607177376747129
0.2355705499649048
0.15163081884384155
0.1752082109451294
0.20565083622932437
0.20142629742622373
0.18920341134071353
0.16881617903709412
0.2373124659061432
0.20161539316177368
0.19300296902656555
0.20565119385719297
0.19444164633750916
0.21978512406349185
0.24356064200401303
0.21157827973365784
0.1615055501461029
0.160536527633667
0.19733789563179016
0.1862559914588928
0.2169366478919983
0.20249682664871213
0.1696696579456329
0.18900835514068604
0.19055521488189697
0.19686183333396912
0.1971099078655243
0.17147183418273923
0.1746352910995483
0.20868736505508423
0.17978936433792114
0.13574613630771637
0.24178078770637512
0.17990529537200928
0.23002058267593384
0.19008395075798035
0.20581126213073728
0.2042615115642548
0.15432220697402954
0.21930682659149167
0.2009800970554352
0.17395168542861938
0.19455114006996155
0.16627195477485657
0.19209849834442136
0.17098915576934814
0.17408850789070127
0.2224162518978119
0.25314319133758545
0.2060856819152832
0.23022904992103577
0.18863850831985476
0.16823688149452207
0.17926964163780212
0.20774173736572263
0.220207542181015
0.19380053877830505
0.15174731612205505
0.1655678153038025
0.20035788416862488
0.13073205947875977
0.16535684466362
0.21113887429237363
0.2101876139640808
0.19899457693099973
0.22987279295921323
0.14201541244983673
0.1509842574596405
0.1856641471385956
0.2471960484981537
0.19162577390670776
0.1683734953403473
0.1706116497516632
0.20626720786094663
0.19122421741485596
0.21202173829078677
0.16645219922065735
0.19939568638801572
0.12939390540122983
0.22437182068824768
0.20107936859130857
0.198703795671463
0.16859468817710876
0.18807390332221985
0.1822858154773712
0.18876641988754272
0.1724381148815155
0.17718380689620972
0.19081544876098633
0.21737691760063169
0.22029557824134824
0.1472344696521759
0.1605784296989441
0.1820833683013916
0.15609431266784668
0.2237604856491089
0.23129987716674805
0.20426145195961
0.1815761923789978
0.19992715120315552
0.18294224143028257
0.1977674663066864
0.2092967927455902
0.1499800682067871
0.20526680350303647
0.22168219089508057
0.1874873340129852
0.18536752462387085
0.19557186961174008
0.1759415864944458
0.20396739244461057
0.2123189866542816
0.1567431390285492
0.19232940673828125
0.14765170216560364
0.18129801750183103
0.2037459909915924
0.17556515336036682
0.16753527522087097
0.20005652308464048
0.18437296152114868
0.20307457447052
0.18542328476905823
0.2258973717689514
0.20719271898269653
0.15286678075790405
0.2189753949642181
0.17884886264801023
0.18795937299728396
0.20015531778335569
0.20536327362060544
0.18140360713005063
0.21011465787887573
0.19836938381195068
0.20630225539207456
0.16881173849105835
0.19264662265777588
0.17383727431297302
0.14583012461662292
0.18438559770584104
0.1892956793308258
0.2354986667633057
0.15235483646392822
0.18735209107398984
0.17521780729293823
0.1785158812999725
0.18358847498893735
0.15611690282821655
0.18159690499305725
0.1866009831428528
0.23978564143180847
0.22882962226867676
0.2444977760314941
0.14424951374530792
0.1867724061012268
0.1910759210586548
0.19739213585853577
0.1749458909034729
0.20881977677345276
0.21989369392395017
0.18440771102905276
0.2729044258594513
0.18758490681648252
0.19454607367515564
0.19981473684310916
0.1850004494190216
0.21310505270957944
0.19318220019340515
0.16531449556350708
0.17146706581115723
0.18698859214782715
0.1675029695034027
0.1691249907016754
0.2306757867336273
0.16635093092918396
0.1934145390987396
0.21165952086448667
0.1651244759559631
0.1643090844154358
0.2029314637184143
0.20067015290260315
0.21080133318901065
0.14283514022827148
0.20759448409080505
0.18472591042518613
0.18588721752166748
0.20844268798828125
0.17102357745170593
0.17729169130325317
0.19101279973983765
0.19529497623443604
0.19573697447776797
0.17720001935958862
0.21451550722122192
0.15866044163703918
0.25028184056282043
0.18099588155746457
0.16590416431427
0.22237005829811096
0.17354616522789
0.1388334035873413
0.15754929184913635
0.21005225181579587
0.25887304544448847
0.1983186900615692
0.1817406713962555
0.199959933757782
0.1559601128101349
0.17312189936637878
0.25127169489860535
0.17843598127365112
0.18329182267189023
0.1891189217567444
0.1989888548851013
0.2114361524581909
0.1985667943954468
0.21124291419982913
0.21917259693145752
0.18812990188598633
0.19711285829544067
0.16661614179611206
0.19111189246177676
0.17026638984680176
0.20887216925621033
0.19894897937774655
0.1318669468164444
0.18128693103790283
0.21099695563316345
0.17765209078788757
0.19549885392189023
0.1782255470752716
0.2089276611804962
0.1811990737915039
0.17533370852470395
0.19570460915565488
0.18632909655570984
0.21576538681983948
0.17295950651168823
0.1749385297298431
0.17917338013648987
0.18411263823509216
0.18166270852088928
0.17594844102859497
0.2015137076377869
0.2034097909927368
0.15325242280960083
0.1858287751674652
0.16447922587394714
0.19257599115371704
0.17450574040412903
0.18670549988746643
0.1888217329978943
0.18509441614151
0.17918619513511655
0.20544373989105225
0.2264660596847534
0.17457738518714905
0.1848244071006775
0.2152691185474396
0.20360690355300903
0.19873273372650144
0.19544214010238647
0.20144039392471316
0.1800014078617096
0.2157413363456726
0.22707763314247129
0.227281391620636
0.1517440378665924
0.1509932279586792
0.16536569595336914
0.16648083925247192
0.18292829394340515
0.20923739671707156
0.162388414144516
0.1931343972682953
0.2001208066940308
0.19274339079856873
0.17057564854621887
0.20801985263824463
0.19701924920082087
0.17004260420799255
0.21672773361206052
0.20645010471343997
0.1634503602981567
0.18083712458610532
0.1900432109832764
0.13743120431900024
0.17266759276390076
0.20927637815475464
0.1764632761478424
0.19630226492881772
0.13879263401031494
0.1999283730983734
0.19918623566627505
0.15931439399719238
0.20784032344818115
0.1596076488494873
0.2111351788043976
0.22891452908515927
0.23819234967231753
0.18810319900512693
0.16447749733924863
0.15971943736076355
0.14121457934379575
0.2237701714038849
0.16888168454170227
0.1594582498073578
0.14050917327404022
0.199344664812088
0.15881484746932983
0.22882872819900513
0.18127006292343137
0.2009700238704681
0.1881983578205109
0.1626342236995697
0.21042081713676447
0.19847899675369263
0.2153136432170868
0.1718562543392181
0.18548017740249637
0.1716480851173401
0.21351346373558044
0.18790194392204285
0.17604774236679077
0.21057459712028503
0.19063729047775269
0.19931787252426147
0.21483752131462097
0.15002790093421936
0.18902212381362915
0.16912978887557983
0.2078903019428253
0.1635964810848236
0.17859959602355957
0.18229776620864868
0.21293631196022036
0.2078462839126587
0.21573194861412048
0.17782956361770627
0.19898706674575803
0.16201472282409668
0.26996126770973206
0.2054676413536072
0.23042920231819153
0.1675950288772583
0.16694751381874084
0.18407174944877625
0.1536678969860077
0.1617752909660339
0.18071037530899048
0.14379876852035522
0.18012434244155884
0.1790589690208435
0.20852199196815488
0.1840272843837738
0.2050879001617432
0.1978904604911804
0.15341180562973022
0.2012533247470856
0.22929829359054563
0.1898007690906525
0.15909576416015625
0.2425159215927124
0.19471803307533264
0.1837778687477112
0.17578276991844177
0.1853124797344208
0.1663325726985931
0.20526576042175287
0.21009546518325803
0.1896226406097412
0.21380749344825745
0.1809599995613098
0.18594625592231753
0.23083710670471191
0.18019118905067444
0.16295796632766724
0.19810625910758967
0.1890641152858734
0.2017482817173004
0.1539110243320465
0.17442107200622559
0.18556988239288327
0.21766078472137448
0.18918639421463007
0.2500104308128357
0.19600450992584229
0.2046825587749481
0.19579800963401797
0.2210751175880432
0.19319388270378113
0.159762442111969
0.216724306344986
0.16225460171699524
0.18340957164764404
0.241562694311142
0.22457173466682437
0.2439671754837036
0.1531340777873993
0.20716252923011777
0.2039465308189392
0.17620745301246643
0.21851304173469543
0.2191714644432068
0.19905489683151245
0.11356620490550993
0.20652711391448972
0.20487844944000244
0.19526061415672305
0.1754215657711029
0.22353342175483704
0.18022483587265012
0.20503115653991696
0.16280588507652283
0.2020651400089264
0.1594204008579254
0.1828399896621704
0.20466881990432736
0.1647796928882599
0.14661435782909393
0.18547090888023376
0.18931931257247925
0.1245180144906044
0.1817547976970673
0.15864476561546323
0.16556796431541443
0.22884157299995425
0.2240324020385742
0.15784621238708496
0.2058580219745636
0.2102922797203064
0.11751998960971832
0.2163664400577545
0.215613454580307
0.20223355293273923
0.14271362125873563
0.18437194824218753
0.23055097460746765
0.15703913569450378
0.19564810395240784
0.18219882249832156
0.17165130376815796
0.1693752110004425
0.1999133825302124
0.15369194746017456
0.21534094214439392
0.21366107463836667
0.1777723729610443
0.20866921544075007
0.17038488388061523
0.18014517426490784
0.15395191311836243
0.21464547514915464
0.21118369698524475
0.15053030848503113
0.19498717784881592
0.20170778036117556
0.23334935307502744
0.2746547758579254
0.19772851467132568
0.19005846977233887
0.1850641965866089
0.24318405985832212
0.1966572105884552
0.19572982192039487
0.2075519561767578
0.1818893253803253
0.20914921164512637
0.20395889878273007
0.15711072087287903
0.1892980635166168
0.22724929451942444
0.19884151220321652
0.1631142497062683
0.2274082005023956
0.18489632010459897
0.1669703423976898
0.18919485807418823
0.23015266656875608
0.15544509887695312
0.22419911623001096
0.18858143687248227
0.14231324195861816
0.17782568931579587
0.16775959730148315
0.16937792301177979
0.21651905775070193
0.17223688960075378
0.19601598381996155
0.21852660179138184
0.21071293950080872
0.13416826725006104
0.15087100863456726
0.15037989616394043
0.23530179262161252
0.12849384546279907
0.2133634984493256
0.16552090644836423
0.223931223154068
0.1455983817577362
0.26132887601852417
0.170387864112854
0.18608787655830383
0.16596940159797668
0.17012542486190796
0.17584696412086487
0.17192423343658447
0.17596516013145447
0.18749582767486567
0.1874268352985382
0.21197694540023804
0.18050357699394223
0.2123246788978577
0.16401910781860352
0.19614356756210327
0.2042531669139862
0.1971743404865265
0.13201197981834412
0.18095707893371585
0.1108284369111061
0.14046485722064972
0.18922224640846247
0.1448359489440918
0.19216537475585935
0.1902815401554108
0.15131878852844238
0.18685585260391235
0.16431620717048645
0.2202246189117432
0.2046237289905548
0.21769955754280088
0.1934747397899628
0.20310342311859128
0.22509542107582087
0.16642379760742188
0.17798402905464172
0.166639506816864
0.16515615582466123
0.16043323278427124
0.1985795497894287
0.1625029742717743
0.1760886311531067
0.21517276763916013
0.18108901381492612
0.20213660597801208
0.20503145456314087
0.1999328136444092
0.20270442962646484
0.13639459013938904
0.18226441740989685
0.1955474317073822
0.17430779337882996
0.20696473121643064
0.13549205660820007
0.2248350977897644
0.18031400442123413
0.20462754368782043
0.20219910144805908
0.18940153717994687
0.22813221812248227
0.1881551742553711
0.19262185692787168
0.2165885269641876
0.21818479895591733
0.22652718424797055
0.18104785680770877
0.1780504286289215
0.19901129603385925
0.22595050930976868
0.1987982392311096
0.17027947306632996
0.19451013207435608
0.1991732716560364
0.18038108944892883
0.20948946475982663
0.21135270595550537
0.15142473578453064
0.18061327934265137
0.15864863991737363
0.17846998572349548
0.14009565114974976
0.20660614967346191
0.14736367762088776
0.20464229583740237
0.2295924127101898
0.20245122909545896
0.1906975507736206
0.1918802261352539
0.22691005468368527
0.22277146577835083
0.15079888701438904
0.2389238476753235
0.14256775379180908
0.1681038737297058
0.13671070337295532
0.13297000527381897
0.2073107063770294
0.1695227026939392
0.22352927923202515
0.173793762922287
0.20928117632865903
0.18557241559028623
0.17201706767082214
0.16035684943199155
0.19069990515708923
0.23009732365608213
0.19709503650665283
0.18827342987060544
0.16618674993515015
0.1823546886444092
0.19451850652694705
0.15593212842941284
0.19822031259536743
0.16048893332481384
0.2031655311584473
0.2042839229106903
0.1881568133831024
0.2169572114944458
0.18488684296607968
0.21067377924919128
0.18740946054458615
0.18790841102600095
0.2130454778671265
0.20014554262161252
0.13843682408332825
0.1699355840682983
0.1043701022863388
0.14826723933219907
0.20220983028411865
0.21141302585601807
0.1541271209716797
0.16228815913200378
0.1430559754371643
0.19564396142959595
0.16301822662353516
0.22895342111587524
0.17589396238327026
0.2099260687828064
0.17080941796302795
0.1744316518306732
0.18229317665100095
0.2095054388046265
0.2511853277683258
0.1567126214504242
0.16973161697387695
0.19979435205459595
0.21933817863464355
0.16149058938026428
0.24920490384101868
0.17004799842834473
0.216753751039505
0.21587008237838745
0.17665281891822815
0.18069469928741452
0.20139402151107788
0.18030494451522827
0.17445814609527588
0.20572322607040405
0.17870962619781494
0.1736101508140564
0.2040674388408661
0.1945829689502716
0.16713780164718628
0.1962047517299652
0.2315886318683624
0.22950896620750427
0.1515882909297943
0.2102961540222168
0.17080366611480713
0.1884902119636536
0.2103368639945984
0.18725901842117307
0.18528014421463007
0.20766159892082212
0.1516168713569641
0.18928205966949463
0.1945076882839203
0.1704043447971344
0.22304716706275937
0.20367231965065
0.23752981424331665
0.16597050428390503
0.2173433005809784
0.17611858248710632
0.21926268935203552
0.18311253190040588
0.214775025844574
0.1896217167377472
0.181039959192276
0.2035734951496124
0.21993660926818848
0.2412515580654144
0.22620514035224917
0.2021811008453369
0.1848716139793396
0.16361621022224426
0.18319475650787356
0.19020080566406247
0.17362478375434875
0.2052258253097534
0.18195220828056333
0.21400102972984317
0.18767690658569333
0.15414634346961975
0.22760173678398127
0.17273280024528503
0.17132690548896787
0.2147790491580963
0.1728270947933197
0.1856434643268585
0.1242985650897026
0.1968865394592285
0.18946048617362976
0.20719027519226077
0.20588797330856323
0.1680821180343628
0.2326658666133881
0.20803338289260864
0.20475870370864868
0.1968204379081726
0.18530216813087463
0.166607528924942
0.2130766808986664
0.13332685828208923
0.20216381549835205
0.2091713845729828
0.12611660361289978
0.18278878927230835
0.20715099573135373
0.22231960296630857
0.14837870001792908
0.23093304038047793
0.18944513797760007
0.16412454843521118
0.1550617218017578
0.18847599625587463
0.17055052518844604
0.2040217816829681
0.1844163537025452
0.20234635472297668
0.205613374710083
0.21660563349723813
0.1796918511390686
0.2334226071834564
0.21853503584861755
0.19992488622665405
0.21423667669296265
0.16871625185012817
0.15642789006233215
0.19203707575798035
0.15013232827186584
0.20508283376693723
0.23720997571945193
0.1612926423549652
0.1655483841896057
0.1880491673946381
0.2124556005001068
0.1986985802650452
0.16191580891609192
0.2056620419025421
0.213127464056015
0.1692415475845337
0.22382211685180664
0.15772035717964172
0.18449988961219788
0.1808798313140869
0.19977474212646484
0.18692803382873532
0.1748908758163452
0.20521366596221924
0.19296529889106753
0.13266412913799283
0.19350820779800412
0.14321821928024292
0.19422754645347595
0.19403573870658877
0.20292335748672485
0.17084813117980957
0.2185755968093872
0.15183496475219727
0.20377692580223083
0.21594288945198056
0.1519181132316589
0.1761873364448547
0.15047422051429749
0.17996999621391296
0.15704330801963806
0.186983585357666
0.18183019757270807
0.12398942559957504
0.17993316054344177
0.16742289066314697
0.15400123596191406
0.1793212592601776
0.1953202784061432
0.1920515596866608
0.1913667917251587
0.16831785440444946
0.14677035808563232
0.2189105451107025
0.19285479187965396
0.20710361003875727
0.2135861814022064
0.193280965089798
0.20223107933998108
0.2051410377025604
0.19833493232727048
0.2250605523586273
0.19998887181282043
0.2124740183353424
0.16884970664978027
0.129532590508461
0.19368514418601987
0.14123913645744324
0.19141557812690732
0.1847189962863922
0.192552387714386
0.17227688431739807
0.15169918537139893
0.19740310311317444
0.17292726039886475
0.19860297441482544
0.16801512241363523
0.16231557726860046
0.23145237565040588
0.16834723949432373
0.22029760479927063
0.17965704202651975
0.14406061172485352
0.16189134120941162
0.21717536449432373
0.22657519578933716
0.20910850167274475
0.19587624073028564
0.17319601774215698
0.20071375370025635
0.1590828001499176
0.20594406127929688
0.21707871556282043
0.16239961981773376
0.20053181052207944
0.2227104902267456
0.2113475203514099
0.18535426259040833
0.16390514373779297
0.20299598574638367
0.14500769972801208
0.15986722707748413
0.23104751110076904
0.18889981508255005
0.17022648453712463
0.20661601424217224
0.19373679161071777
0.21538555622100833
0.18951117992401123
0.2186390459537506
0.20115509629249567
0.1914498805999756
0.17305928468704224
0.18348732590675357
0.20489054918289185
0.21079969406127927
0.18046498298645017
0.16130295395851135
0.21249130368232727
0.24175363779067996
0.1463683545589447
0.17210274934768677
0.14817628264427185
0.18947881460189817
0.1626744270324707
0.19036564230918884
0.20160871744155884
0.1480819284915924
0.16790828108787537
0.20237454771995544
0.20542722940444944
0.15359577536582947
0.20951357483863833
0.24005082249641416
0.19276675581932068
0.201010525226593
0.20666494965553284
0.20371162891387937
0.19459122419357297
0.19935467839241028
0.1981878876686096
0.13716329634189603
0.1532251536846161
0.22277423739433289
0.1936434507369995
0.15274319052696228
0.18847239017486567
0.19792127609252927
0.1862165927886963
0.21325427293777463
0.21053883433341977
0.20439383387565607
0.1690810918807983
0.18244397640228271
0.21587571501731873
0.18268707394599917
0.17770886421203613
0.1942980885505676
0.16315945982933044
0.21036896109580996
0.18819451332092285
0.20896619558334353
0.23250341415405276
0.24124658107757568
0.16958820819854736
0.16552302241325378
0.20156744122505188
0.1897844970226288
0.19035440683364868
0.20377346873283383
0.1525830030441284
0.14363917708396912
0.20715051889419556
0.17859461903572083
0.142036035656929
0.15934917330741882
0.19047680497169492
0.20125192403793332
0.2083707749843597
0.1530361771583557
0.19799757003784177
0.17571139335632324
0.1903337240219116
0.20206135511398315
0.2152522504329681
0.1672150194644928
0.2247257232666016
0.23119759559631348
0.1577967405319214
0.1836707293987274
0.1944445371627808
0.23035937547683716
0.16235265135765076
0.1970252096652985
0.20683670043945312
0.20807006955146787
0.1993313431739807
0.2047115862369537
0.16258543729782104
0.2121867537498474
0.19887858629226685
0.218344122171402
0.20656225085258484
0.1543677449226379
0.21175289154052732
0.16533833742141724
0.14804738759994507
0.17014017701148987
0.14404937624931335
0.17156559228897095
0.18604755401611328
0.20728203654289243
0.20662784576416013
0.1395379602909088
0.16816416382789612
0.14142972230911255
0.22223493456840515
0.21448561549186704
0.24048262834548953
0.16596642136573792
0.17877772450447083
0.2619619965553284
0.230261355638504
0.21695497632026672
0.1836823523044586
0.13935509324073792
0.1944715976715088
0.1990697681903839
0.21385282278060916
0.16899594664573667
0.1905519664287567
0.29067859053611755
0.1818261444568634
0.20430141687393188
0.21670266985893247
0.20015379786491397
0.16962894797325134
0.2561063766479492
0.19907262921333313
0.16707849502563477
0.16497287154197693
0.2192344963550568
0.20980533957481384
0.18714439868927
0.1814463436603546
0.14744418859481812
0.14916622638702393
0.17175903916358948
0.21027278900146484
0.15559226274490356
0.15764114260673523
0.21117898821830747
0.20106163620948792
0.19601225852966309
0.18629908561706543
0.16268911957740784
0.20744627714157104
0.1685875654220581
0.17468175292015076
0.2389100790023804
0.1588643491268158
0.2002544105052948
0.248890221118927
0.17753884196281433
0.15098509192466736
0.2226282060146332
0.18768972158432007
0.22667181491851807
0.2277376651763916
0.21851801872253415
0.15719908475875854
0.17738628387451172
0.22018471360206604
0.17567694187164307
0.20270991325378415
0.16601595282554626
0.21401661634445193
0.15437909960746765
0.18728956580162048
0.19327253103256223
0.16263169050216675
0.23962262272834775
0.15807834267616272
0.13651715219020844
0.18642050027847287
0.20329466462135315
0.1852204203605652
0.13908466696739197
0.2199501395225525
0.18613049387931824
0.21075490117073056
0.17478394508361816
0.14398887753486633
0.1416657716035843
0.20290711522102356
0.22115445137023923
0.22318050265312195
0.1969996392726898
0.2336529493331909
0.20896285772323608
0.21069133281707764
0.16985192894935608
0.2026102840900421
0.21563836932182312
0.1913849711418152
0.19180095195770264
0.19751641154289243
0.19945374131202695
0.16282713413238523
0.16340935230255127
0.18259230256080627
0.22159105539321897
0.18611294031143188
0.19553762674331665
0.1875378489494324
0.19572940468788144
0.1756337285041809
0.17769098281860352
0.18411654233932492
0.2476181387901306
0.16300076246261597
0.19304701685905457
0.20741432905197144
0.187498152256012
0.212332546710968
0.1810380220413208
0.15517300367355347
0.17088311910629272
0.19397351145744324
0.18806639313697812
0.2438567876815796
0.1843900978565216
0.2021406590938568
0.1872228980064392
0.2266254425048828
0.15370014309883115
0.1816386282444
0.1383952498435974
0.17986226081848145
0.15516147017478943
0.18309751152992249
0.18007835745811462
0.18375539779663083
0.20431303977966309
0.21435439586639404
0.17112326622009277
0.201997309923172
0.2100679576396942
0.20821338891983032
0.20006686449050903
0.20364093780517575
0.2223495841026306
0.19604220986366272
0.16646346449851987
0.20987683534622192
0.15548071265220642
0.21615508198738095
0.21350327134132385
0.1873640418052673
0.1878899335861206
0.1742225885391235
0.2025117576122284
0.20767605304718015
0.2146320343017578
0.1838784217834473
0.15393543243408203
0.2218663394451141
0.12747183442115784
0.16324657201766968
0.19154241681098935
0.12713485956192017
0.17265012860298157
0.13697847723960876
0.18853229284286496
0.16748425364494324
0.1670740842819214
0.15490594506263733
0.15669071674346924
0.2217682898044586
0.16266754269599915
0.1869942247867584
0.20755684375762937
0.17181646823883057
0.22369036078453064
0.17245393991470337
0.2301750481128693
0.1985202729701996
0.1606934666633606
0.17536571621894836
0.2145681083202362
0.1910168826580048
0.1472458243370056
0.18030601739883423
0.15259987115859985
0.1478154957294464
0.16539731621742249
0.21580415964126584
0.1963950991630554
0.21104243397712708
0.19324228167533877
0.18557459115982053
0.2640819549560547
0.17591410875320435
0.1992189586162567
0.1896246373653412
0.20170336961746213
0.16164350509643555
0.18538385629653928
0.21653059124946597
0.1749039888381958
0.21001887321472168
0.1970600187778473
0.221138596534729
0.17615774273872375
0.16891315579414368
0.15474116802215576
0.18880623579025269
0.21919205784797668
0.2158726453781128
0.1931773126125336
0.2315281331539154
0.24900999665260315
0.17378333210945127
0.16976261138916016
0.1747276484966278
0.20162418484687805
0.17642077803611755
0.21826255321502683
0.19810283184051516
0.21253088116645807
0.15288445353507996
0.1552124321460724
0.250131756067276
0.16215473413467407
0.17642739415168762
0.1970380246639252
0.20263114571571353
0.15686282515525815
0.09927476942539216
0.15570023655891418
0.2418959140777588
0.16488778591156003
0.2101326882839203
0.12909239530563354
0.16730394959449768
0.1972052156925201
0.23482134938240048
0.22582596540451047
0.1657792031764984
0.19219353795051572
0.19293910264968872
0.22027561068534848
0.19010919332504272
0.18647915124893188
0.25080716609954834
0.21161359548568723
0.2328568398952484
0.15944829583168027
0.15695884823799133
0.18696087598800656
0.21188473701477048
0.22368767857551572
0.19251346588134763
0.1695411205291748
0.19994720816612244
0.19130292534828183
0.20250561833381647
0.17458453774452207
0.16892290115356445
0.18348881602287287
0.1496988534927368
0.21658295392990112
0.1002737283706665
0.19036936759948728
0.17537373304367063
0.1558171808719635
0.16033288836479187
0.13979899883270264
0.1750323474407196
0.19946032762527463
0.1467513144016266
0.17023083567619324
0.19236519932746887
0.1682322323322296
0.21938893198966977
0.24314424395561215
0.20968097448349
0.1678224503993988
0.2638269066810608
0.20029839873313904
0.17375972867012024
0.17183789610862732
0.1582815945148468
0.19611909985542297
0.17238256335258484
0.1508120894432068
0.147441029548645
0.1737743616104126
0.17674067616462708
0.15889737010002136
0.25231707096099854
0.1851012408733368
0.2145448625087738
0.20855557918548584
0.16806858777999875
0.20658010244369504
0.2076091170310974
0.20882573723793027
0.20883268117904663
0.20704552531242368
0.1573297381401062
0.19810959696769717
0.1702842116355896
0.1487409472465515
0.16509592533111572
0.19029462337493896
0.22186627984046936
0.22633665800094604
0.1818796992301941
0.19091668725013727
0.21370360255241397
0.16554519534111023
0.1790747344493866
0.1628713309764862
0.1878984570503235
0.15889471769332883
0.22639822959899905
0.20300012826919556
0.17127299308776855
0.2416951954364777
0.1931016445159912
0.21830320358276367
0.18710684776306152
0.2083342969417572
0.18691465258598328
0.16582992672920227
0.10031646490097045
0.2332298159599304
0.17257627844810483
0.19912537932395932
0.128388375043869
0.1734074354171753
0.21947056055068967
0.19910910725593567
0.1689988672733307
0.20176210999488833
0.17204347252845764
0.1645268201828003
0.17117038369178772
0.2098398506641388
0.16920334100723267
0.14467808604240415
0.2136867642402649
0.21297284960746765
0.19929218292236328
0.16862633824348447
0.22292914986610407
0.17224431037902832
0.18179786205291748
0.1730879843235016
0.2182691395282745
0.17317116260528564
0.218528151512146
0.2298077940940857
0.19001471996307373
0.18617796897888184
0.14020821452140808
0.1931018829345703
0.192304790019989
0.18654832243919367
0.20268779993057248
0.1428537368774414
0.18120622634887693
0.214590847492218
0.18693476915359497
0.1630636155605316
0.19822269678115845
0.13952672481536865
0.2109249830245972
0.20079275965690607
0.14136651158332825
0.19478327035903928
0.19317489862442017
0.2005411684513092
0.23158711194992063
0.16758117079734802
0.21061253547668457
0.2367979884147644
0.17385736107826233
0.20760977268218997
0.14520208537578583
0.15853863954544067
0.24113377928733823
0.13697969913482666
0.17430454492568967
0.18621593713760373
0.1989979147911072
0.16981124877929688
0.17886602878570557
0.20154061913490293
0.19056078791618347
0.2055376172065735
0.16135245561599731
0.16175884008407593
0.15536150336265564
0.25008466839790344
0.20934736728668207
0.1361968219280243
0.2252754271030426
0.1448913216590881
0.2134363353252411
0.16837990283966064
0.2071312963962555
0.18809252977371213
0.19486287236213684
0.1697951853275299
0.2050059139728546
0.15165182948112488
0.1863924264907837
0.1868317425251007
0.12290448695421217
0.1859916150569916
0.17651775479316711
0.2007964253425598
0.20067057013511655
0.145715594291687
0.18091332912445068
0.23334595561027527
0.17103058099746704
0.19902431964874268
0.19504046440124512
0.12545397877693176
0.1944470107555389
0.1834252178668976
0.21884059906005857
0.2193357944488525
0.17165148258209229
0.2024695575237274
0.2046931684017181
0.1971280872821808
0.16572746634483335
0.20274603366851807
0.23114013671875
0.17721679806709287
0.2035028040409088
0.16840288043022156
0.18773293495178223
0.2338520586490631
0.14214089512825012
0.19071322679519653
0.16629880666732788
0.17136922478675842
0.19620493054389956
0.20139729976654047
0.16463202238082883
0.18367293477058408
0.17468851804733276
0.18907171487808228
0.19350722432136533
0.18750554323196408
0.1840929090976715
0.16887301206588745
0.23093169927597043
0.15139746665954587
0.17087948322296143
0.25469276309013367
0.16719096899032593
0.19438636302948
0.18658500909805295
0.1747402250766754
0.16027632355690002
0.20227554440498352
0.22961249947547913
0.15997949242591855
0.17964082956314087
0.20080617070198056
0.24237030744552607
0.1654815673828125
0.1291506588459015
0.23053395748138428
0.2319375574588776
0.21942856907844543
0.21098339557647705
0.19801247119903564
0.15166541934013367
0.2057611644268036
0.21252670884132385
0.19811841845512393
0.22154772281646729
0.22647312283515927
0.18662083148956296
0.19065016508102417
0.16108259558677673
0.17674899101257324
0.1991754174232483
0.19377610087394717
0.1916427314281464
0.13283637166023254
0.18412154912948608
0.15056735277175903
0.22121736407279968
0.1482902467250824
0.22825196385383603
0.25752526521682734
0.19061923027038571
0.21719625592231753
0.18166369199752808
0.23059135675430295
0.15106111764907837
0.20290935039520264
0.20306739211082456
0.19038864970207212
0.1800970435142517
0.1891445219516754
0.2094547152519226
0.15381309390068054
0.11630171537399292
0.21799966692924497
0.16559284925460815
0.20882704854011533
0.16492968797683716
0.18001991510391235
0.16501384973526
0.1938645839691162
0.19242906570434568
0.1587677001953125
0.18549636006355283
0.22409921884536743
0.16250231862068176
0.2150172293186188
0.166985422372818
0.15836140513420105
0.1934563517570496
0.13937461376190183
0.2300962209701538
0.20332336425781247
0.1480417251586914
0.12614628672599792
0.216518759727478
0.21016955375671384
0.19708871841430664
0.15531596541404724
0.16408538818359375
0.16355445981025696
0.17548438906669617
0.16504555940628052
0.1322742998600006
0.2180464863777161
0.16636940836906433
0.165703147649765
0.18640258908271787
0.17588695883750916
0.2010430693626404
0.19281560182571408
0.17621731758117676
0.19825822114944455
0.15809530019760132
0.14098727703094482
0.18077230453491208
0.22842004895210263
0.16307538747787476
0.15343022346496582
0.206480473279953
0.1759413778781891
0.18981599807739255
0.13233450055122375
0.20103269815444944
0.2047131061553955
0.2033943831920624
0.15637183189392087
0.19444435834884644
0.21477195620536804
0.20431438088417053
0.17989581823349
0.18917682766914368
0.17093467712402344
0.20473286509513852
0.19359663128852844
0.1589183807373047
0.15368756651878357
0.15662026405334473
0.13247027993202207
0.1857686638832092
0.2027014791965485
0.18601015210151672
0.1689763069152832
0.1635122299194336
0.19293782114982605
0.2141821086406708
0.18968421220779416
0.2274952530860901
0.21367809176445007
0.17120906710624695
0.20759087800979611
0.2388422191143036
0.1864001154899597
0.15907874703407288
0.1708582043647766
0.1677286326885223
0.1844610571861267
0.22469440102577207
0.20360392332077024
0.22217503190040588
0.18277174234390256
0.18239271640777588
0.19260731339454648
0.18355995416641235
0.15939056873321533
0.217752605676651
0.1963578760623932
0.19212156534194944
0.22706878185272217
0.15832233428955078
0.18058305978775024
0.17769932746887207
0.21504503488540647
0.14975666999816895
0.1886352300643921
0.20539036393165588
0.20393505692481995
0.23316258192062375
0.16823840141296387
0.20892664790153503
0.1778302490711212
0.18146198987960813
0.21980965137481687
0.1964887082576752
0.20472502708435056
0.20256870985031128
0.17145970463752747
0.20471048355102536
0.19690796732902527
0.19488707184791565
0.19444954395294187
0.2177056968212128
0.17276707291603088
0.2115565538406372
0.19567313790321353
0.2059772312641144
0.20735794305801392
0.16243058443069458
0.22509270906448364
0.1937074363231659
0.1894245445728302
0.20492917299270627
0.14682067930698395
0.13967126607894895
0.1650658547878265
0.1993920207023621
0.2222243845462799
0.17383286356925964
0.20897772908210757
0.2182536423206329
0.13208559155464172
0.22331812977790833
0.15112954378128052
0.2553690969944
0.22511428594589236
0.1983429491519928
0.20904362201690677
0.1954088509082794
0.15083858370780945
0.20684584975242612
0.1928029954433441
0.22446322441101077
0.15123099088668823
0.20139050483703613
0.1858744025230408
0.22487422823905945
0.17311453819274902
0.15724873542785645
0.18581768870353696
0.16242316365242004
0.19134441018104556
0.1971549689769745
0.15411043167114255
0.2367967367172241
0.20265918970108032
0.2008994221687317
0.1831055581569672
0.21077331900596616
0.17877960205078125
0.2176382541656494
0.16225066781044006
0.1963492035865784
0.20693165063858032
0.18804019689559937
0.10863671451807022
0.18928721547126767
0.1824416816234589
0.1475209891796112
0.17401111125946045
0.16924849152565002
0.19386622309684756
0.17273208498954773
0.2022978961467743
0.1944425106048584
0.1855708062648773
0.20323017239570615
0.17022234201431274
0.28659188747406006
0.2072201073169708
0.15146690607070923
0.24158373475074768
0.19379082322120664
0.18248987197875977
0.17910563945770264
0.19751837849617004
0.20742398500442505
0.197898268699646
0.1597445011138916
0.16069382429122925
0.19509494304656985
0.19198772311210632
0.22760340571403503
0.21407946944236755
0.15696224570274353
0.20035454630851743
0.20313650369644165
0.17548221349716187
0.17297622561454773
0.17879793047904968
0.15001869201660156
0.19895264506340024
0.11220796406269072
0.2034502327442169
0.20321449637413025
0.18321800231933597
0.1572372019290924
0.21292436122894287
0.1788179576396942
0.15609464049339294
0.21543827652931213
0.21803101897239685
0.16885963082313535
0.16932547092437744
0.19399812817573547
0.1807900369167328
0.2130945324897766
0.1995694637298584
0.17524194717407227
0.1955109536647797
0.16963908076286316
0.13886842131614685
0.17994821071624756
0.15897998213768005
0.18612945079803464
0.20111492276191711
0.19229388236999512
0.17606487870216367
0.20618441700935364
0.18303844332695007
0.20561212301254272
0.21192997694015503
0.19425413012504575
0.19553741812705996
0.18224534392356873
0.20993617177009585
0.23957577347755432
0.18679735064506528
0.2421399652957916
0.20328634977340695
0.20264753699302676
0.15532052516937256
0.2196461856365204
0.18628403544425964
0.218925416469574
0.2026460766792297
0.17347195744514465
0.17808544635772705
0.20499154925346372
0.2225630879402161
0.17749351263046265
0.21174505352973935
0.18893560767173767
0.1734788417816162
0.25394341349601746
0.17580890655517578
0.18252989649772644
0.1976551711559296
0.19897973537445068
0.1956862509250641
0.21264192461967468
0.1406283974647522
0.15868601202964783
0.17925837635993955
0.19671455025672913
0.23008131980896
0.21890294551849365
0.14194700121879575
0.15417781472206116
0.241376668214798
0.1880558729171753
0.17535993456840515
0.18227159976959229
0.1867181658744812
0.16935986280441284
0.18677362799644473
0.20968887209892273
0.19373759627342224
0.21900260448455808
0.1999550759792328
0.20142751932144165
0.18708088994026184
0.17149466276168823
0.2162078320980072
0.18376800417900083
0.2152807712554932
0.16328337788581848
0.1949287950992584
0.1787416040897369
0.17992201447486875
0.22213637828826904
0.1624547839164734
0.2296704947948456
0.15024560689926147
0.20065397024154663
0.23208436369895932
0.197803258895874
0.15754070878028867
0.15652966499328613
0.22724220156669617
0.1754414141178131
0.1460566371679306
0.13524621725082395
0.2062802016735077
0.1622888445854187
0.13457539677619934
0.189915269613266
0.29488056898117065
0.19052481651306152
0.1894860565662384
0.1683467328548431
0.17070859670639038
0.16503778100013733
0.17498564720153809
0.2175832688808441
0.189609557390213
0.2112655937671661
0.2074029445648193
0.17752733826637268
0.1746123731136322
0.1878904402256012
0.19031119346618647
0.18984037637710569
0.2121359407901764
0.12803798913955688
0.226358562707901
0.20319330692291257
0.18583282828330996
0.22082272171974185
0.20063439011573792
0.25171783566474915
0.14189033210277557
0.15963491797447205
0.126590758562088
0.17851293087005615
0.17973798513412476
0.1498016119003296
0.18444573879241943
0.1854349374771118
0.1944416165351868
0.17633378505706787
0.2047270834445953
0.20736986398696897
0.18166542053222656
0.2126511037349701
0.1653632819652557
0.13362035155296323
0.20515090227127075
0.224492222070694
0.21418422460556033
0.19805112481117249
0.18258604407310483
0.1781771183013916
0.24343132972717285
0.18576949834823608
0.1563386619091034
0.17299139499664307
0.18694552779197687
0.22795501351356504
0.2313973307609558
0.21508190035820007
0.1906876564025879
0.18295088410377505
0.19427567720413208
0.2001399397850037
0.1922849714756012
0.20596519112586972
0.2593103051185608
0.21309250593185425
0.15259927511215207
0.19692027568817136
0.19083306193351743
0.180921733379364
0.19551920890808103
0.19686388969421384
0.1766950786113739
0.21072065830230713
0.1988477408885956
0.1881476044654846
0.21841174364089963
0.15536621212959287
0.19853243231773376
0.20843595266342163
0.2365448474884033
0.1880309879779816
0.21193611621856687
0.16431719064712524
0.18735453486442563
0.2035309374332428
0.19421795010566711
0.22226408123970032
0.14697307348251343
0.1946527659893036
0.19895508885383603
0.18058630824089048
0.20045620203018188
0.16673371195793152
0.1575391590595245
0.22520712018013
0.17467039823532104
0.1875056028366089
0.2043795585632324
0.26540887355804443
0.21574836969375608
0.18154266476631165
0.20803821086883545
0.22168636322021484
0.1892641484737396
0.1404089331626892
0.18682610988616943
0.1590902209281921
0.1541043519973755
0.16597074270248413
0.1715342402458191
0.19142892956733704
0.15921765565872192
0.16312718391418457
0.15127316117286682
0.2205575108528137
0.17586058378219604
0.20335534214973447
0.17643314599990845
0.22177842259407043
0.2090854048728943
0.1653522551059723
0.2008936107158661
0.22164252400398252
0.14411139488220215
0.2006380558013916
0.20003271102905276
0.21392938494682312
0.1529931128025055
0.15941321849822998
0.13689276576042175
0.2146168947219849
0.17299002408981323
0.1912253499031067
0.15834781527519226
0.16138505935668945
0.1633460819721222
0.1948167383670807
0.22920456528663635
0.13793028891086578
0.20606428384780884
0.18756943941116333
0.22399872541427607
0.18555414676666257
0.15804257988929749
0.17161229252815247
0.19582670927047727
0.23654431104660037
0.21689200401306152
0.19618383049964905
0.1839224398136139
0.16393262147903442
0.16191446781158447
0.15114635229110715
0.18817269802093503
0.24253800511360168
0.17819824814796448
0.15404146909713745
0.18229088187217712
0.19275555014610288
0.21177533268928528
0.21411144733428955
0.20517656207084653
0.1697288155555725
0.18447124958038327
0.20430198311805725
0.21407863497734067
0.17898055911064148
0.20681399106979367
0.15566134452819824
0.15380162000656128
0.15600174665451047
0.16413640975952148
0.17326197028160095
0.20517280697822568
0.17595621943473816
0.11455447226762772
0.27296024560928345
0.15891960263252258
0.17903420329093933
0.16122561693191528
0.16620659828186035
0.1617574393749237
0.2182372808456421
0.1736072599887848
0.21375897526741028
0.1750715672969818
0.15946504473686218
0.2380695641040802
0.18114766478538516
0.1878138780593872
0.19406789541244504
0.16897770762443542
0.22477194666862488
0.14022547006607056
0.21584114432334897
0.16890379786491394
0.2056253552436829
0.21426203846931455
0.1575653851032257
0.17088410258293152
0.1469389796257019
0.1758597195148468
0.19261658191680908
0.20068860054016116
0.19335496425628665
0.21460136771202087
0.1587601602077484
0.23026469349861145
0.17939871549606323
0.21156409382820127
0.183496356010437
0.1904151439666748
0.17746686935424805
0.13983801007270813
0.20314073562622073
0.17542511224746704
0.1824118494987488
0.2197275459766388
0.1815728843212128
0.18250605463981628
0.16014325618743896
0.22319734096527097
0.20503270626068115
0.19086137413978577
0.1678003966808319
0.17421486973762512
0.23780491948127744
0.16918528079986572
0.16866227984428403
0.14241936802864075
0.2713710367679596
0.1784378886222839
0.135174959897995
0.21161890029907224
0.218289852142334
0.15237486362457275
0.20209774374961853
0.16920924186706543
0.13545122742652893
0.2356710433959961
0.2271632254123688
0.2091351747512817
0.15152975916862488
0.19727176427841184
0.18931099772453308
0.22357800602912903
0.15224227309226987
0.16814246773719788
0.16893866658210754
0.18584004044532773
0.16997259855270383
0.19655585289001465
0.16849172115325928
0.18946439027786252
0.1905585825443268
0.16492515802383423
0.17343255877494812
0.19106850028038025
0.20370507240295407
0.20876693725585935
0.16129660606384277
0.16457048058509827
0.22488173842430115
0.16149771213531494
0.1830042004585266
0.1931142210960388
0.24588823318481445
0.18128734827041623
0.18588924407958984
0.16768521070480347
0.1851162016391754
0.20400422811508176
0.19306957721710205
0.1802760064601898
0.18029457330703733
0.16673773527145383
0.20439845323562625
0.17353203892707825
0.17221766710281372
0.22627165913581848
0.1891692876815796
0.15674999356269836
0.18358176946640012
0.22228184342384336
0.22161167860031128
0.18226775527000427
0.17962217330932617
0.1992846727371216
0.22062164545059204
0.17692852020263672
0.17305216193199155
0.20774734020233157
0.23981550335884091
0.2262166440486908
0.19006630778312683
0.21659687161445615
0.1626054346561432
0.20403599739074707
0.21539056301116943
0.167015939950943
0.20350196957588196
0.22774016857147217
0.18165844678878784
0.20934438705444333
0.1660940945148468
0.1960172653198242
0.2444361746311188
0.19204881787300107
0.2326679527759552
0.220746785402298
0.1843339204788208
0.1586649119853973
0.1960870325565338
0.2026989459991455
0.19899168610572812
0.17739862203598022
0.17774194478988647
0.18247899413108823
0.21579688787460327
0.23874783515930173
0.17800262570381165
0.20687830448150635
0.22802948951721191
0.1691792905330658
0.2096528112888336
0.19728219509124756
0.18940240144729611
0.16214340925216675
0.24141299724578855
0.22430795431137085
0.17888689041137695
0.22989705204963684
0.19281995296478271
0.24131351709365845
0.14205887913703918
0.14242368936538696
0.19170713424682617
0.18127015233039853
0.1766728162765503
0.15599149465560913
0.17250394821166992
0.15062636137008667
0.16159087419509888
0.18704357743263245
0.2167711853981018
0.21548232436180115
0.20159995555877683
0.15721729397773743
0.1948135197162628
0.15861940383911133
0.1931015253067017
0.20078453421592712
0.19343665242195127
0.15045776963233948
0.1935683488845825
0.20435035228729248
0.183845728635788
0.1539068818092346
0.2355443835258484
0.16526120901107788
0.2255640923976898
0.18397587537765503
0.17317312955856323
0.22151920199394223
0.16819041967391968
0.22545459866523743
0.21451327204704285
0.2040928304195404
0.22310346364974973
0.17706382274627683
0.1595064103603363
0.19436764717102048
0.23007947206497192
0.17182281613349915
0.1565648913383484
0.2027491629123688
0.20310193300247192
0.20514830946922305
0.15838614106178284
0.12269480526447296
0.24123266339302063
0.17848795652389526
0.1790156066417694
0.22564175724983213
0.17464259266853333
0.18757194280624387
0.152582049369812
0.1812237501144409
0.21856179833412168
0.22038578987121585
0.20327088236808777
0.14524982869625092
0.16645589470863342
0.19989770650863647
0.1718142032623291
0.17123174667358398
0.15256807208061218
0.2021915018558502
0.2078237235546112
0.21824672818183896
0.2118625640869141
0.14062047004699707
0.17405667901039124
0.13726606965065002
0.19757989048957825
0.16607263684272766
0.16329145431518555
0.1959947645664215
0.22878700494766235
0.1820260584354401
0.1890432834625244
0.16217824816703796
0.19801124930381772
0.20561948418617249
0.14892512559890747
0.2181842029094696
0.1868329644203186
0.1962726712226868
0.22547054290771484
0.18576401472091675
0.21617326140403748
0.18372121453285217
0.1794692575931549
0.16986805200576782
0.16000056266784668
0.14933013916015625
0.1480346918106079
0.16910666227340698
0.208280086517334
0.16175195574760437
0.22116401791572568
0.1537436842918396
0.18776869773864743
0.23189345002174375
0.16279694437980652
0.1871255338191986
0.12211334705352785
0.17467474937438965
0.19078612327575684
0.17618447542190552
0.20031303167343137
0.16651141643524167
0.19016093015670776
0.1760202944278717
0.19240280985832212
0.18840914964675903
0.2154870629310608
0.1408005058765411
0.19528093934059143
0.17513826489448547
0.2202700972557068
0.16312068700790405
0.2224193513393402
0.19500297307968137
0.2244988679885864
0.19318160414695737
0.20158314704895017
0.16234660148620603
0.19802257418632507
0.18449699878692624
0.15302598476409912
0.16709491610527039
0.2240204215049744
0.18660077452659607
0.19670158624649048
0.23474392294883728
0.1639205515384674
0.17148178815841675
0.18776768445968628
0.22410705685615537
0.172929048538208
0.14307150244712827
0.1924467980861664
0.21330127120018005
0.17532581090927124
0.21244004368782043
0.169441819190979
0.14641299843788147
0.2240463495254517
0.18652451038360596
0.14783917367458344
0.1957211196422577
0.20668578147888184
0.14924234151840207
0.2043793201446533
0.1960110664367676
0.2103794813156128
0.2099911868572235
0.19168111681938169
0.19851046800613403
0.16316890716552734
0.19337162375450132
0.21754878759384155
0.22390535473823547
0.21172758936882016
0.19246983528137207
0.25017914175987244
0.1709369719028473
0.12971380352973935
0.2482522130012512
0.18031463027000427
0.19138580560684204
0.17046532034873962
0.21527695655822757
0.17323404550552368
0.16258567571640015
0.17575865983963013
0.18951293826103208
0.19686481356620789
0.1303776204586029
0.24769219756126404
0.22275328636169436
0.2352158725261688
0.24396094679832456
0.19126886129379272
0.21048238873481753
0.24185779690742487
0.1834571361541748
0.1669691503047943
0.20897603034973145
0.20380720496177676
0.17675888538360596
0.19835528731346128
0.1632276475429535
0.1890300214290619
0.2095375955104828
0.17977172136306763
0.21675774455070493
0.1836800277233124
0.19866502285003665
0.22475981712341309
0.17016637325286865
0.19712871313095087
0.18651083111763
0.24560967087745664
0.17592149972915647
0.1940867304801941
0.19742870330810544
0.1935857832431793
0.2069741487503052
0.10539919883012772
0.19741934537887573
0.1863163709640503
0.13579648733139038
0.17617779970169067
0.14818909764289856
0.2428742349147797
0.201874315738678
0.1793897449970245
0.17832252383232117
0.2239938378334045
0.20251199603080747
0.20935499668121335
0.1611168384552002
0.20257794857025144
0.16412419080734253
0.16897237300872803
0.2215740978717804
0.20230707526206967
0.19637069106101987
0.19762343168258664
0.13795441389083862
0.25039789080619806
0.18753474950790405
0.182612806558609
0.18697905540466309
0.18349188566207883
0.1446128487586975
0.1868248283863068
0.15580487251281738
0.21950799226760864
0.19382712244987488
0.17480215430259705
0.15237846970558167
0.1774371862411499
0.14635303616523743
0.13724744319915771
0.18553805351257324
0.17295706272125244
0.17345815896987915
0.2154217958450317
0.19163829088211057
0.2246720194816589
0.15446507930755615
0.20296502113342285
0.21798095107078552
0.1350751519203186
0.2021676599979401
0.2091452181339264
0.17093953490257263
0.20349621772766116
0.1837530732154846
0.17163348197937012
0.2088294327259064
0.2016123533248901
0.1827796697616577
0.1665371060371399
0.17541170120239255
0.19192922115325928
0.1972540020942688
0.21156221628189087
0.2092217206954956
0.15098169445991516
0.1760706603527069
0.19523221254348755
0.1715516448020935
0.16530171036720276
0.195047527551651
0.2096840739250183
0.15383848547935483
0.15438631176948547
0.15519246459007263
0.19939297437667847
0.23815941810607913
0.1710968017578125
0.2482134699821472
0.1692720651626587
0.2270592749118805
0.17395782470703125
0.1949085891246796
0.18433913588523865
0.1826211214065552
0.1692071259021759
0.24531272053718567
0.20170348882675168
0.22505167126655576
0.1616390347480774
0.16892901062965393
0.20894014835357663
0.22965180873870847
0.1642310619354248
0.2050033807754517
0.14249941706657407
0.1464268863201141
0.20934611558914185
0.2025587260723114
0.19475257396698
0.16576161980628967
0.1843673288822174
0.1985028386116028
0.1643185019493103
0.23407521843910217
0.19776874780654907
0.2036021053791046
0.2055278718471527
0.20794129371643064
0.16900911927223203
0.22838211059570312
0.13749268651008603
0.1904713213443756
0.22486695647239685
0.2231318652629852
0.20437410473823547
0.20752206444740293
0.191267728805542
0.2037267088890076
0.19952666759490967
0.22172546386718753
0.18638658523559568
0.19536691904067996
0.19310495257377625
0.17121466994285583
0.18224835395812988
0.14035648107528687
0.210340678691864
0.19190567731857297
0.16090071201324463
0.16716101765632627
0.15317144989967346
0.188208281993866
0.1822271943092346
0.1614802777767181
0.1699943244457245
0.20129474997520447
0.17115747928619385
0.12488848716020584
0.1905817985534668
0.16014438867568967
0.18504855036735532
0.20046260952949524
0.17632940411567688
0.20234078168869016
0.15929564833641052
0.2197408676147461
0.1592905819416046
0.19674110412597656
0.20522108674049375
0.1937223970890045
0.20955458283424375
0.20022398233413696
0.20103389024734497
0.16461122035980225
0.21206143498420715
0.11389777064323424
0.17611664533615112
0.2160997986793518
0.18023335933685303
0.17948248982429504
0.15406960248947144
0.1836643218994141
0.20471957325935364
0.19315081834793088
0.22342523932456967
0.2003156542778015
0.1786215901374817
0.18000274896621704
0.18098419904708865
0.22414186596870425
0.17019137740135193
0.14036816358566284
0.16892418265342712
0.16053467988967896
0.153309166431427
0.2079080045223236
0.2098974585533142
0.17422020435333252
0.24584624171257016
0.19682812690734863
0.20482251048088077
0.1453939974308014
0.21072679758071897
0.180987149477005
0.22467386722564697
0.24037536978721616
0.20107549428939817
0.17030420899391174
0.2042432725429535
0.18499866127967837
0.18151009082794187
0.17262718081474304
0.18736135959625244
0.20285907387733457
0.18245133757591248
0.1615796983242035
0.2076585292816162
0.2017776072025299
0.18058255314826965
0.1901578903198242
0.21627140045166013
0.21036139130592343
0.22697505354881287
0.22139129042625427
0.21645405888557437
0.1631125807762146
0.21736887097358704
0.1819360852241516
0.17326688766479492
0.14889779686927795
0.16872018575668335
0.13305699825286865
0.1887314021587372
0.1618654727935791
0.1995643377304077
0.1791195571422577
0.21950653195381165
0.14830641448497772
0.15924391150474548
0.19136112928390503
0.1923185288906097
0.1719900667667389
0.18762913346290588
0.18345767259597776
0.20435014367103577
0.166017085313797
0.2014372944831848
0.19924071431159973
0.18414816260337827
0.17622187733650208
0.15572282671928403
0.19749978184700007
0.20026499032974243
0.1986965537071228
0.18660920858383176
0.20626473426818848
0.22912639379501343
0.19301497936248777
0.1667666137218475
0.2117144763469696
0.1615493595600128
0.1626220345497131
0.16974428296089172
0.208434134721756
0.18598937988281247
0.2019120156764984
0.19743114709854123
0.17069700360298157
0.17479166388511655
0.2094411253929138
0.22441536188125608
0.1979940235614777
0.16142848134040833
0.17093756794929504
0.2028383016586304
0.20489332079887393
0.18687632679939273
0.19334813952445984
0.1894744336605072
0.22235453128814697
0.17677998542785645
0.15940821170806885
0.20788362622261047
0.24020692706108093
0.17790398001670835
0.2672785818576813
0.17168262600898743
0.17544516921043396
0.14899829030036926
0.2221437990665436
0.17391139268875122
0.20305484533309937
0.1832922995090485
0.199409544467926
0.200008362531662
0.2073935568332672
0.19398930668830872
0.14536941051483154
0.1849737763404846
0.1829766631126404
0.16413158178329468
0.19500359892845157
0.20211476087570193
0.18004927039146423
0.17708486318588257
0.2043069303035736
0.19842055439949036
0.18211406469345087
0.21953499317169187
0.190638929605484
0.22194331884384155
0.20173516869544983
0.22560814023017883
0.18307846784591675
0.1682567000389099
0.1744457185268402
0.21414208412170407
0.1530136466026306
0.2041252553462982
0.21306180953979487
0.21172845363616943
0.2067877352237701
0.23247933387756348
0.14027051627635956
0.16000521183013916
0.1905827522277832
0.17999321222305295
0.2079090178012848
0.21373465657234192
0.2497839033603668
0.22773826122283933
0.16750335693359375
0.23462739586830136
0.15474194288253784
0.12200171500444412
0.20973876118659973
0.22325140237808228
0.17832499742507935
0.15504518151283264
0.14073798060417175
0.16089901328086853
0.2252584099769592
0.14061418175697327
0.13443604111671448
0.2026531398296356
0.19842782616615293
0.21672862768173215
0.14956453442573547
0.2212650179862976
0.163345605134964
0.19268828630447388
0.18606847524642944
0.1912270188331604
0.19771888852119443
0.14224398136138916
0.1975352168083191
0.17873159050941467
0.21431076526641843
0.22416231036186215
0.20435410737991333
0.20809534192085263
0.1876511871814728
0.14261955022811887
0.19724121689796448
0.24394929409027097
0.21966096758842468
0.2778071463108063
0.20598027110099792
0.21047383546829224
0.1878903806209564
0.21231856942176816
0.165470153093338
0.21328234672546384
0.14911204576492307
0.2014760375022888
0.20324489474296567
0.2144862115383148
0.1948026120662689
0.2220129370689392
0.17482879757881165
0.16986981034278867
0.17907121777534485
0.21434128284454343
0.1700003743171692
0.227058619260788
0.1932111084461212
0.1621285080909729
0.1925610899925232
0.2139979898929596
0.1572454869747162
0.19483992457389832
0.19838947057724
0.20021674036979675
0.1591995358467102
0.12112791091203688
0.21702909469604487
0.17803695797920227
0.1826331317424774
0.1606614887714386
0.1924850046634674
0.21672844886779785
0.1747579574584961
0.2238711416721344
0.2445278167724609
0.20849573612213132
0.2483749687671661
0.1861570775508881
0.13228285312652588
0.16096562147140503
0.21659129858016968
0.18765729665756223
0.20285305380821228
0.19023132324218753
0.1991918981075287
0.17478185892105103
0.18206587433815
0.17541775107383728
0.20598185062408447
0.15464735031127927
0.21017929911613464
0.1822810471057892
0.1798485815525055
0.17001768946647644
0.2135135233402252
0.16141685843467712
0.2018468081951141
0.17247691750526428
0.21042731404304504
0.21210813522338867
0.20686671137809756
0.21311712265014648
0.1635989248752594
0.2035371959209442
0.24897819757461548
0.17843040823936462
0.21113538742065427
0.2035362422466278
0.21291905641555783
0.1515673995018005
0.17506274580955505
0.17630255222320557
0.247036874294281
0.16146796941757202
0.15349939465522766
0.16258716583251953
0.21094128489494324
0.19955626130104065
0.2143036127090454
0.1935502886772156
0.1639118790626526
0.2123857140541077
0.17486318945884705
0.19972714781761167
0.16208407282829285
0.1962765455245972
0.14313101768493652
0.1486024260520935
0.14032694697380063
0.15159004926681519
0.161959707736969
0.16464164853096008
0.18180873990058896
0.1722964346408844
0.19698345661163327
0.1585696041584015
0.18476051092147827
0.17183944582939148
0.1899792850017548
0.1563780307769775
0.22560426592826843
0.1504656970500946
0.20501866936683652
0.1145971268415451
0.14857470989227295
0.1920572817325592
0.1841246485710144
0.20825892686843872
0.1780736148357391
0.20651188492774963
0.2202041745185852
0.20857763290405276
0.19998687505722043
0.20604044198989868
0.23706975579261777
0.1661040484905243
0.23060762882232663
0.12298239022493362
0.1812882423400879
0.217123806476593
0.1903114914894104
0.21783286333084104
0.20619550347328183
0.21122595667839048
0.18025454878807068
0.16745024919509888
0.20370301604270932
0.16918864846229553
0.14023153483867645
0.18359357118606567
0.19737833738327024
0.12218435108661652
0.24758204817771912
0.15446770191192627
0.1685609519481659
0.20300835371017456
0.16984426975250244
0.1844153702259064
0.1994873285293579
0.18062761425971985
0.18358919024467468
0.15156525373458862
0.23541894555091855
0.19668248295784
0.15077722072601318
0.18459510803222656
0.20166045427322388
0.11072142422199248
0.17424190044403076
0.20841133594512937
0.149958074092865
0.1893255114555359
0.18790352344512937
0.19331705570220947
0.1932923793792725
0.19906800985336304
0.1875593066215515
0.20789381861686704
0.1931612491607666
0.16938209533691406
0.16716295480728147
0.15592354536056519
0.20813968777656555
0.1993882358074188
0.22014921903610227
0.1917877495288849
0.19294920563697812
0.16463997960090637
0.15826344490051267
0.1722331941127777
0.23075106739997864
0.1383468508720398
0.2095089852809906
0.21224188804626465
0.23132014274597168
0.10386084765195847
0.22161448001861567
0.22786799073219297
0.22117128968238833
0.17558833956718445
0.13477127254009247
0.19618982076644895
0.16181731224060059
0.19478926062583923
0.1942605972290039
0.27262648940086365
0.2202891111373901
0.1822291612625122
0.16667023301124573
0.1857493817806244
0.2058541476726532
0.21868014335632324
0.19509989023208615
0.16219192743301392
0.15940755605697632
0.22970500588417053
0.2121155261993408
0.20951098203659055
0.1921868920326233
0.14198902249336243
0.1914869248867035
0.20953407883644104
0.16159981489181519
0.18781694769859317
0.19795918464660645
0.19057735800743103
0.19770529866218567
0.16972646117210388
0.17372488975524902
0.18940791487693784
0.19717830419540405
0.17949682474136353
0.21395811438560483
0.16045981645584106
0.2008919417858124
0.1724589765071869
0.1988854110240936
0.1636759638786316
0.21356716752052307
0.1882305443286896
0.1519572138786316
0.2021327912807465
0.19978004693984985
0.17433056235313416
0.19752612709999084
0.17098408937454224
0.18621453642845157
0.19334915280342105
0.17097485065460205
0.20329925417900083
0.17390155792236328
0.2463242709636688
0.15699470043182373
0.1787143051624298
0.2110013961791992
0.2246569097042084
0.2038620412349701
0.1960439085960388
0.13584411144256592
0.14400674402713776
0.1809704303741455
0.23415532708168027
0.18744418025016785
0.22058606147766116
0.19077929854393005
0.15778544545173645
0.24069091677665713
0.22672006487846372
0.18734166026115415
0.14668312668800354
0.12668964266777039
0.16860204935073853
0.1831587255001068
0.17359712719917297
0.2415142357349396
0.16956523060798645
0.1812414228916168
0.17334651947021484
0.20594659447669983
0.1888587474822998
0.14542953670024872
0.15746062994003296
0.17911657691001892
0.2159463465213776
0.15535297989845276
0.2202042639255524
0.18403181433677676
0.19671157002449036
0.2219921052455902
0.1657973825931549
0.14472830295562744
0.2059112787246704
0.15307927131652832
0.19810569286346436
0.2060198783874512
0.19095951318740845
0.19108739495277405
0.2055193781852722
0.16189199686050415
0.21246740221977237
0.1818043291568756
0.1946244239807129
0.1655167043209076
0.19574904441833496
0.14490842819213867
0.19642263650894165
0.17029449343681335
0.2099251747131348
0.17770737409591675
0.18374121189117432
0.12464050203561781
0.19574245810508728
0.18773302435874936
0.2138502299785614
0.21832248568534848
0.1559754908084869
0.26765426993370056
0.16010186076164243
0.13589933514595032
0.15171679854393005
0.17429029941558835
0.18178194761276245
0.18490436673164368
0.1539711058139801
0.2007834315299988
0.18830767273902893
0.19170197844505313
0.1434192955493927
0.2097571492195129
0.17844867706298828
0.2055034637451172
0.21047815680503845
0.20824196934700007
0.1965257227420807
0.18469294905662537
0.17503508925437927
0.1778557002544403
0.2094978988170624
0.21578276157379153
0.16890588402748108
0.19360768795013428
0.23815560340881348
0.14766602218151093
0.19109538197517395
0.1917603313922882
0.15659666061401367
0.16774284839630127
0.19349685311317444
0.18019959330558777
0.14265200495719907
0.17670422792434692
0.17738518118858335
0.22959622740745544
0.19828698039054873
0.2255464792251587
0.2153039574623108
0.16316381096839905
0.19201976060867307
0.19130134582519528
0.1575638651847839
0.17754653096199036
0.16862791776657104
0.237591415643692
0.17771577835083008
0.14946293830871582
0.155772864818573
0.16381913423538208
0.23167127370834353
0.14248469471931455
0.2029699683189392
0.2123645842075348
0.1816215217113495
0.19857484102249143
0.20635870099067688
0.1855387985706329
0.203471302986145
0.1771928071975708
0.15626195073127747
0.1808861792087555
0.20002877712249756
0.17356324195861816
0.26832848787307734
0.2155041992664337
0.21037694811820984
0.22128427028656003
0.19270434975624084
0.17960098385810852
0.2035532891750336
0.17297592759132385
0.19379901885986328
0.14822030067443848
0.21438473463058472
0.16414418816566467
0.18240931630134585
0.1888320446014404
0.21123936772346497
0.18946877121925357
0.15882888436317444
0.1479305922985077
0.18129777908325195
0.19823718070983887
0.20235401391983032
0.17902231216430664
0.1795097291469574
0.1950893402099609
0.18699017167091367
0.18164128065109247
0.17747145891189575
0.17863887548446655
0.1632835865020752
0.1899802088737488
0.19508212804794312
0.20422670245170596
0.17528530955314636
0.203341007232666
0.20746853947639465
0.13130134344100952
0.2302427291870117
0.146028071641922
0.17502015829086304
0.18593817949295044
0.17249479889869687
0.1843644082546234
0.18413898348808289
0.18310394883155823
0.2238795757293701
0.2039602100849152
0.20691946148872373
0.15885892510414124
0.20716255903244016
0.22668021917343137
0.17613250017166135
0.20031237602233887
0.18758925795555115
0.17368674278259277
0.1925603747367859
0.21355476975440976
0.2203705310821533
0.17943137884140015
0.17059201002120972
0.19949474930763245
0.1611417531967163
0.15175282955169675
0.1740768551826477
0.19322025775909424
0.18495857715606687
0.18591755628585813
0.1861857771873474
0.25707590579986567
0.21663734316825864
0.21427449584007263
0.20757395029067996
0.14787697792053223
0.1827193796634674
0.1964094638824463
0.17359638214111328
0.1483117640018463
0.1815749704837799
0.19853058457374567
0.21182534098625183
0.1641745567321777
0.1910839080810547
0.21020841598510745
0.22920525074005127
0.17668387293815613
0.24742540717124936
0.15871670842170715
0.1860102415084839
0.18713724613189697
0.13322553038597107
0.1895286738872528
0.1599891185760498
0.16197454929351807
0.20201557874679563
0.14923393726348877
0.25120553374290466
0.22795614600181577
0.17711544036865234
0.19085869193077087
0.15886127948760986
0.21657994389534
0.14607578516006467
0.19856145977973935
0.17270052433013916
0.18426728248596191
0.2309553623199463
0.1891992688179016
0.1902125179767609
0.1804823875427246
0.20100682973861692
0.15837407112121582
0.173140287399292
0.14681696891784668
0.15497633814811707
0.13962748646736145
0.1836532950401306
0.1964176297187805
0.19778773188591003
0.19410213828086853
0.19236457347869876
0.1859577000141144
0.18668514490127563
0.2004703879356384
0.15734839439392087
0.13610556721687317
0.17458349466323853
0.1994635164737701
0.1923429369926453
0.21019881963729856
0.15388423204421997
0.21433377265930173
0.19709691405296323
0.1860458552837372
0.2112700641155243
0.20670428872108457
0.18551611900329587
0.19466671347618103
0.23402056097984317
0.17544108629226685
0.20791837573051447
0.2232585251331329
0.14781424403190613
0.15716728568077087
0.16731297969818115
0.2164989411830902
0.2146441340446472
0.23150968551635745
0.1788131296634674
0.19298899173736567
0.16719454526901245
0.14900603890419006
0.23333847522735596
0.16885545849800107
0.1673612594604492
0.19842746853828433
0.1959906220436096
0.2001652419567108
0.2048514485359192
0.1969013214111328
0.16746860742568967
0.1777338981628418
0.1845386028289795
0.15119972825050354
0.22325044870376584
0.17165952920913696
0.17124679684638977
0.22237312793731687
0.20848309993743896
0.15791422128677368
0.18977415561676023
0.1640656292438507
0.191218376159668
0.24164563417434687
0.1752905547618866
0.18439435958862305
0.2069380283355713
0.22733387351036072
0.1735895872116089
0.13880515098571777
0.19765546917915344
0.17816227674484253
0.1625303328037262
0.19525682926177976
0.18295776844024655
0.19851884245872495
0.24207037687301636
0.16707131266593933
0.20678892731666565
0.1904481053352356
0.2032916247844696
0.17574027180671692
0.1784098744392395
0.1816631257534027
0.1861974000930786
0.2487419545650482
0.2178502380847931
0.16950944066047668
0.2269536852836609
0.2362186312675476
0.1853180825710297
0.18673193454742432
0.2047390043735504
0.1669425070285797
0.1943697929382324
0.20536568760871887
0.21603035926818848
0.1933857500553131
0.2007260620594025
0.20212301611900327
0.15565329790115356
0.14306603372097015
0.1849408447742462
0.21651744842529297
0.21921947598457336
0.22624427080154416
0.2010575830936432
0.22710546851158145
0.19011905789375305
0.23661124706268313
0.19633629918098447
0.17343857884407043
0.1062699630856514
0.22032544016838077
0.173100084066391
0.17877069115638733
0.19819200038909912
0.2057397663593292
0.13922011852264404
0.18939566612243647
0.21490696072578433
0.19157055020332336
0.21074774861335757
0.19496220350265503
0.18985185027122495
0.21913594007492063
0.2008443772792816
0.14791350066661835
0.1751367449760437
0.20810621976852417
0.15992110967636108
0.18406087160110476
0.24136418104171753
0.16495537757873535
0.1950353980064392
0.20478478074073792
0.21507540345191956
0.15092742443084717
0.2472257614135742
0.17580148577690125
0.2182527780532837
0.1972730457782745
0.15629392862319946
0.1301230788230896
0.17762857675552368
0.25260987877845764
0.2265021502971649
0.1584527492523193
0.15087515115737915
0.2194728255271912
0.17376857995986938
0.2158416211605072
0.16856560111045835
0.1751742959022522
0.15562498569488523
0.1605096161365509
0.20069652795791623
0.13197654485702515
0.17190471291542053
0.1950686275959015
0.16372093558311462
0.1744808554649353
0.1840141713619232
0.19486236572265625
0.1689051389694214
0.20343664288520807
0.19064307212829587
0.21590924263000488
0.1557582914829254
0.18621745705604556
0.22397357225418088
0.21332004666328433
0.20725363492965695
0.2056993544101715
0.23935422301292417
0.1692220568656921
0.17153069376945496
0.1834529936313629
0.15348964929580688
0.1209397241473198
0.2157690227031708
0.22100371122360227
0.179205060005188
0.19295808672904968
0.1594550609588623
0.16430258750915527
0.23789742588996887
0.18163421750068665
0.21476224064826965
0.233819842338562
0.2068146765232086
0.17351070046424863
0.2086990475654602
0.18863788247108457
0.1935327649116516
0.15580123662948608
0.2042841613292694
0.13868150115013123
0.1879427433013916
0.1598476469516754
0.21702575683593753
0.2054397165775299
0.1962209641933441
0.16110289096832275
0.2181554138660431
0.22546246647834775
0.19958472251892087
0.1351318359375
0.19046899676322937
0.19280096888542173
0.16277360916137695
0.2461971342563629
0.17476877570152283
0.15086007118225095
0.23461404442787168
0.13219620287418363
0.19804137945175168
0.23127049207687375
0.16758155822753906
0.1807047724723816
0.2112038731575012
0.11247285455465315
0.1827915906906128
0.17991286516189575
0.14761415123939514
0.254337340593338
0.21256393194198608
0.13997523486614227
0.1585526466369629
0.15922757983207703
0.16226798295974731
0.25258609652519226
0.21256104111671448
0.1853220462799072
0.20657020807266235
0.18731555342674253
0.1994967758655548
0.19975432753562927
0.19255700707435608
0.1864589750766754
0.16614004969596863
0.21093881130218503
0.19767981767654416
0.20942294597625727
0.18121200799942017
0.19975310564041135
0.22190013527870175
0.163072407245636
0.21349576115608213
0.19866475462913516
0.17015734314918518
0.19535911083221436
0.20420449972152707
0.13445891439914703
0.1861937046051025
0.12965846061706543
0.1859247982501984
0.18857693672180173
0.2221153676509857
0.2041342854499817
0.18570470809936523
0.21557414531707764
0.19851624965667725
0.16198158264160156
0.22248160839080808
0.20834872126579285
0.17395120859146118
0.1899528801441193
0.19452562928199768
0.188652902841568
0.16772177815437317
0.23018234968185425
0.21204307675361636
0.21899116039276123
0.1960796415805817
0.17156556248664856
0.12533408403396606
0.19619333744049072
0.16627511382102966
0.22743690013885495
0.2292179465293884
0.20949050784111023
0.16525745391845703
0.22082674503326416
0.17952904105186462
0.15573936700820923
0.18561306595802307
0.1995375156402588
0.1825464963912964
0.21518704295158383
0.1928294897079468
0.20190635323524475
0.18106991052627563
0.16960996389389038
0.15637719631195068
0.25114208459854126
0.20835769176483157
0.20048362016677856
0.21754646301269528
0.20426273345947263
0.14833557605743408
0.19285887479782104
0.2202245593070984
0.19831615686416623
0.22743558883666992
0.17242959141731262
0.21026960015296936
0.1890732049942017
0.18696093559265137
0.1870011389255524
0.1860445141792297
0.2023598551750183
0.12179551273584364
0.1784975528717041
0.15470582246780396
0.16316568851470947
0.20889681577682492
0.17636367678642273
0.19260361790657043
0.2193138301372528
0.20351147651672363
0.21533420681953433
0.18295970559120175
0.14928247034549713
0.21122369170188904
0.2048883140087128
0.14255835115909576
0.1765986680984497
0.17635312676429749
0.19427376985549927
0.17531144618988037
0.1984466910362244
0.20537224411964417
0.18892201781272888
0.17949619889259338
0.16329187154769895
0.1715623140335083
0.2268812358379364
0.17493492364883423
0.14666907489299774
0.1739431619644165
0.1840724349021912
0.147484689950943
0.14427661895751953
0.1617428362369537
0.15695369243621826
0.1980382204055786
0.20438268780708313
0.190712571144104
0.14084896445274353
0.1549999713897705
0.2125951051712036
0.15957939624786377
0.21303135156631467
0.1996963322162628
0.252915233373642
0.1750016212463379
0.21873918175697327
0.1717306673526764
0.1962948739528656
0.2303738594055176
0.1939837336540222
0.181810200214386
0.20360389351844788
0.1612185537815094
0.1928980052471161
0.15559253096580505
0.22279351949691767
0.14489674568176267
0.2122943103313446
0.11182183772325516
0.13112619519233704
0.18620446324348447
0.18616354465484616
0.19043889641761777
0.1777433156967163
0.1695694923400879
0.17846089601516724
0.2032732665538788
0.17296823859214783
0.1840730905532837
0.19670024514198303
0.23155629634857175
0.1745569407939911
0.22761580348014832
0.24208953976631165
0.20484977960586548
0.17549601197242737
0.17195075750350952
0.1826023161411285
0.22217947244644165
0.16941866278648376
0.1659211814403534
0.23371207714080808
0.193779855966568
0.1930531859397888
0.20117598772048953
0.15663576126098633
0.15906530618667603
0.17285466194152832
0.19691568613052368
0.1610499620437622
0.15907970070838928
0.20025914907455444
0.163418710231781
0.2134861052036285
0.13879001140594482
0.17357072234153748
0.19177284836769104
0.17710712552070615
0.1897083818912506
0.16203606128692627
0.20026886463165283
0.20753195881843567
0.2383742034435272
0.1995493769645691
0.19442102313041687
0.1873673498630524
0.1760463714599609
0.2002593278884888
0.2107157111167908
0.2067732214927673
0.18595409393310544
0.2095134258270264
0.187068909406662
0.1760859489440918
0.22460299730300903
0.16988220810890195
0.20764803886413571
0.1622447967529297
0.16087257862091064
0.17287752032279968
0.19935157895088196
0.19457265734672544
0.18677997589111328
0.2512415051460266
0.18059885501861567
0.17607638239860535
0.17939510941505432
0.19685444235801697
0.19833865761756897
0.19479694962501523
0.17617928981781003
0.18517619371414185
0.20253744721412656
0.19797563552856445
0.22340533137321472
0.15906178951263428
0.1291840374469757
0.1737738847732544
0.19293969869613647
0.2408379912376404
0.20257124304771423
0.21727076172828677
0.22757756710052487
0.1613771021366119
0.17051503062248227
0.19403234124183652
0.21387264132499692
0.20725625753402707
0.19839656352996823
0.22536155581474304
0.18605294823646543
0.16990414261817932
0.12407050281763075
0.16616016626358032
0.19597569108009336
0.21013563871383664
0.17255613207817075
0.22990721464157104
0.20264080166816711
0.19200849533081052
0.1563684046268463
0.2111041843891144
0.20284771919250488
0.18972665071487424
0.1851477324962616
0.270598828792572
0.19749176502227783
0.14519748091697693
0.22111511230468753
0.15655523538589475
0.15786725282669067
0.1493578851222992
0.1460077464580536
0.18709069490432736
0.1802103817462921
0.20624127984046936
0.20405879616737363
0.14951357245445251
0.19538092613220212
0.21242341399192807
0.1789715588092804
0.16984599828720093
0.15967103838920593
0.21831050515174863
0.19527894258499143
0.1945914924144745
0.1887555420398712
0.150067001581192
0.2401693165302277
0.1502169370651245
0.21045687794685364
0.21461954712867737
0.20313718914985657
0.16080415248870847
0.21403995156288144
0.17989316582679749
0.20783162117004397
0.18065991997718808
0.1613124907016754
0.22841420769691467
0.20407128334045407
0.15702426433563232
0.21676418185234067
0.182302325963974
0.15281322598457336
0.24023988842964167
0.17326262593269348
0.22505909204483032
0.16446921229362488
0.17517724633216855
0.2314593195915222
0.18222635984420776
0.21504360437393188
0.17838725447654724
0.2007562518119812
0.21138525009155276
0.1982300579547882
0.18386572599411008
0.1902185082435608
0.14547070860862732
0.1517544388771057
0.19265633821487424
0.14181740581989288
0.18534365296363833
0.1460500955581665
0.17327186465263367
0.16868931055068967
0.23784932494163516
0.2160797417163849
0.1696120798587799
0.1962272822856903
0.15239974856376648
0.19916304945945737
0.19537866115570068
0.118770070374012
0.19712209701538083
0.14810365438461304
0.15522056818008423
0.16244933009147644
0.19970095157623288
0.24793410301208496
0.1860351264476776
0.2061207890510559
0.17883768677711487
0.20564913749694824
0.2147344946861267
0.18339234590530396
0.17310011386871335
0.21819654107093808
0.1790662407875061
0.18896514177322388
0.2133111655712128
0.18358832597732544
0.19668778777122495
0.19878709316253665
0.1552007794380188
0.24503150582313535
0.21911507844924927
0.18298226594924927
0.1843417286872864
0.19747984409332275
0.20425549149513245
0.24230930209159848
0.21594560146331787
0.2291152775287628
0.1905266642570496
0.20457860827445984
0.21425265073776245
0.18337219953536987
0.2051781713962555
0.1815662980079651
0.1870193183422089
0.14583608508110046
0.1636849045753479
0.2000645399093628
0.1813817322254181
0.19319781661033633
0.18303412199020383
0.1816919147968292
0.20148715376853943
0.147242933511734
0.1950460374355316
0.1706363260746002
0.2071610391139984
0.16791915893554688
0.17950627207756042
0.23855710029602048
0.21150097250938413
0.1870388984680176
0.1710384488105774
0.21983423829078677
0.1671132445335388
0.1816273331642151
0.23387157917022705
0.1654609739780426
0.20816439390182492
0.1983119547367096
0.17445382475852966
0.15464720129966736
0.175136536359787
0.20089995861053464
0.16907468438148499
0.19045409560203552
0.17841550707817075
0.23871007561683652
0.2243346869945526
0.20366936922073364
0.18470066785812375
0.2029922008514404
0.2010303735733032
0.20885902643203733
0.15314605832099915
0.1897704005241394
0.1692417860031128
0.15359890460968015
0.19751980900764465
0.1770944595336914
0.17447876930236816
0.23565182089805603
0.16068542003631592
0.2380123734474182
0.23736459016799927
0.18819573521614075
0.19045427441596985
0.2156102955341339
0.19710549712181089
0.21050110459327695
0.18404221534729004
0.23967880010604856
0.16561612486839294
0.2118598222732544
0.19673591852188113
0.218264639377594
0.18853968381881717
0.17728430032730103
0.1850537657737732
0.19406858086586
0.19623136520385745
0.21798881888389587
0.21080657839775083
0.24316930770874023
0.1889776587486267
0.20643857121467593
0.20486247539520264
0.19033643603324887
0.21412336826324463
0.2104836106300354
0.15460246801376343
0.2246433794498444
0.18301334977149963
0.1642143428325653
0.14761202037334442
0.19437327980995175
0.20426905155181885
0.17165544629096985
0.17690864205360413
0.22272592782974243
0.1673814356327057
0.1623578369617462
0.20779019594192505
0.1922655403614044
0.25440922379493713
0.19226065278053284
0.17015713453292847
0.21576911211013797
0.15586444735527039
0.1923663020133972
0.2572563588619232
0.16518810391426086
0.11714716255664824
0.19330033659935
0.15244144201278687
0.14952561259269714
0.15037980675697327
0.18548497557640076
0.25035038590431213
0.2362927496433258
0.1565799117088318
0.24964669346809387
0.1570911407470703
0.22935768961906436
0.18214774131774905
0.15875685214996335
0.18269428610801697
0.17923122644424438
0.19028979539871213
0.15959373116493225
0.20643988251686096
0.14806511998176575
0.18007168173789978
0.21199768781661987
0.20970186591148376
0.16752851009368896
0.2024959027767181
0.19277632236480713
0.22547608613967893
0.2129971385002136
0.15851277112960815
0.22354501485824585
0.1952931880950928
0.15944588184356687
0.20765194296836853
0.20074549317359924
0.1673702597618103
0.22400277853012085
0.1564617156982422
0.20385909080505368
0.18635126948356628
0.1975938975811005
0.18439483642578125
0.18686968088150024
0.2052529752254486
0.1846778094768524
0.19716545939445493
0.2081134915351868
0.2053743004798889
0.18404266238212583
0.18579936027526853
0.17379280924797058
0.18789556622505188
0.1725865602493286
0.13840487599372864
0.1701081097126007
0.18754050135612488
0.21307909488677976
0.1938232779502869
0.19220024347305295
0.19547930359840396
0.17265209555625916
0.163686603307724
0.17353826761245728
0.19124117493629453
0.18952912092208865
0.18550804257392883
0.1732521951198578
0.19759675860404968
0.18541452288627625
0.18550172448158264
0.246856153011322
0.1874502599239349
0.15808036923408508
0.1566203534603119
0.2098753452301025
0.16526412963867188
0.18691068887710569
0.2426842153072357
0.14499783515930176
0.20126721262931824
0.19754880666732788
0.210037499666214
0.19688656926155088
0.22082763910293576
0.20888155698776245
0.16125851869583127
0.18002256751060483
0.22327682375907895
0.2536852955818176
0.2368377149105072
0.23327484726905823
0.1617315411567688
0.16698521375656128
0.1798425316810608
0.1652807593345642
0.2002437710762024
0.17146593332290647
0.19256922602653503
0.19107240438461304
0.21166461706161496
0.19794893264770508
0.22659167647361755
0.18570277094841003
0.2399348020553589
0.19148638844490048
0.23320403695106504
0.20482635498046875
0.18100786209106445
0.1664943695068359
0.213918536901474
0.16070282459259033
0.2037924826145172
0.11910385638475418
0.1857418715953827
0.22341620922088623
0.1484455168247223
0.18606302142143247
0.20463615655899048
0.197689026594162
0.1675739288330078
0.177546888589859
0.24235978722572327
0.19588157534599304
0.20159611105918884
0.18756505846977237
0.16571736335754395
0.16239720582962036
0.1737033724784851
0.14207172393798828
0.18298465013504028
0.19057145714759824
0.18103954195976257
0.166739284992218
0.1718153953552246
0.20825505256652832
0.15460196137428284
0.15822255611419675
0.13179448246955872
0.22117143869400024
0.21312132477760315
0.2381216585636139
0.16162031888961792
0.19800397753715515
0.13489624857902527
0.21533280611038208
0.1582816243171692
0.14653390645980835
0.21126216650009155
0.2332163453102112
0.19905048608779907
0.16733890771865845
0.14961257576942444
0.19791895151138303
0.1900065839290619
0.1753465235233307
0.18799930810928345
0.1769622266292572
0.14745748043060303
0.20075854659080505
0.18928727507591248
0.1483604460954666
0.16073891520500183
0.22296789288520807
0.1277535855770111
0.18738099932670596
0.20912721753120425
0.1752902865409851
0.22414264082908633
0.17609503865242004
0.1298907995223999
0.1883436143398285
0.17105406522750854
0.23077404499053955
0.1850091814994812
0.18522027134895325
0.19204327464103696
0.1906421184539795
0.22153973579406736
0.17074042558670044
0.20894780755043027
0.17575371265411377
0.22774982452392575
0.215674102306366
0.22264647483825684
0.16172021627426147
0.207981675863266
0.19702905416488647
0.239751011133194
0.17332005500793457
0.194659024477005
0.2156337797641754
0.1660335063934326
0.1469460427761078
0.1102805808186531
0.211090624332428
0.1640348732471466
0.130342036485672
0.1996023952960968
0.15417546033859253
0.18965390324592593
0.21085381507873532
0.1416163146495819
0.23156845569610596
0.19753375649452207
0.18338775634765625
0.21927762031555173
0.158976674079895
0.14538884162902832
0.15142664313316345
0.14954692125320435
0.14834570884704587
0.16842839121818542
0.16095659136772156
0.2050119638442993
0.124696746468544
0.19478186964988708
0.17635652422904968
0.18043667078018188
0.1734924018383026
0.19226026535034177
0.20349568128585813
0.17973625659942627
0.14783450961112976
0.15306782722473145
0.2025592625141144
0.1929771602153778
0.17293903231620789
0.2294602692127228
0.18599399924278257
0.21315589547157288
0.19424524903297424
0.20360991358757016
0.19224500656127927
0.18155857920646667
0.15090426802635193
0.1756528615951538
0.19671830534935
0.1278967261314392
0.1417689025402069
0.1725330352783203
0.203560084104538
0.22368052601814273
0.19761657714843753
0.14289310574531555
0.1875644028186798
0.1396281123161316
0.22413843870162964
0.20371559262275693
0.23035675287246704
0.20042061805725095
0.21848091483116147
0.20049250125885007
0.20375776290893555
0.1658315360546112
0.18231898546218872
0.22344520688056943
0.15450617671012878
0.19027650356292725
0.18308174610137937
0.21625512838363647
0.203841894865036
0.176150381565094
0.1824069321155548
0.19462251663208008
0.19666409492492676
0.2275964319705963
0.22362089157104487
0.22477948665618896
0.1911223828792572
0.20867216587066648
0.17431390285491943
0.17602157592773435
0.19723668694496155
0.1894095540046692
0.17909494042396543
0.1707020401954651
0.1560409963130951
0.21238920092582703
0.21906349062919617
0.22038686275482175
0.18751814961433408
0.21799236536026
0.16264361143112183
0.15476971864700317
0.1951836347579956
0.20019790530204767
0.1496323049068451
0.1927948296070099
0.22591471672058103
0.1805080473423004
0.18339914083480835
0.1818740665912628
0.15597787499427795
0.20530450344085693
0.22873723506927487
0.19203725457191467
0.20829302072525024
0.18338364362716675
0.16930869221687317
0.19720137119293207
0.1938752233982086
0.21849310398101807
0.1557043492794037
0.16656169295310974
0.22933247685432437
0.15485739707946777
0.1593721508979797
0.2086436152458191
0.17338800430297852
0.18306532502174375
0.19680407643318176
0.2053087651729584
0.1781107783317566
0.1593676209449768
0.24446183443069455
0.20694419741630557
0.1801837980747223
0.17033642530441284
0.18188613653182983
0.16978439688682556
0.22938230633735657
0.188385546207428
0.1676807701587677
0.172415554523468
0.19295853376388547
0.2425943911075592
0.16768822073936462
0.1952398717403412
0.19491606950759888
0.16806349158287048
0.21097177267074585
0.20211592316627505
0.24340873956680295
0.13779133558273315
0.19471454620361328
0.17433008551597595
0.2157486975193024
0.19519260525703433
0.1731054186820984
0.20734593272209167
0.2136045694351196
0.186063289642334
0.16594526171684265
0.19368019700050357
0.22393149137496948
0.18209186196327207
0.21238949894905088
0.1943156123161316
0.17891141772270203
0.12474095821380617
0.18999642133712769
0.1890404224395752
0.1702291369438171
0.18800067901611328
0.17583268880844116
0.15419089794158936
0.18325680494308472
0.1371254026889801
0.2122902274131775
0.21858057379722595
0.20193710923194885
0.206436425447464
0.22640687227249143
0.1555357277393341
0.2106990218162537
0.21510985493659973
0.19116973876953125
0.1460975706577301
0.14745983481407163
0.1909867525100708
0.18555110692977905
0.20298537611961365
0.19533896446228027
0.19691836833953855
0.194024920463562
0.18879267573356628
0.2319495677947998
0.18641430139541623
0.19667842984199524
0.17321616411209106
0.20604974031448364
0.24306580424308777
0.17300376296043396
0.19533976912498477
0.18989130854606628
0.14747869968414307
0.2074926793575287
0.213172048330307
0.1961592137813568
0.12927940487861633
0.2024131417274475
0.18843460083007807
0.24210858345031736
0.24543261528015137
0.18769255280494687
0.1780567169189453
0.19605767726898196
0.17583703994750977
0.17779624462127683
0.16781780123710632
0.17971396446228027
0.19982057809829712
0.1982536017894745
0.170955091714859
0.19255948066711423
0.19967478513717649
0.21324306726455688
0.18911960721015927
0.20222857594490048
0.20931676030159
0.19358262419700625
0.196915864944458
0.15602564811706543
0.16056033968925476
0.16409698128700256
0.19039407372474673
0.2039282023906708
0.18035843968391416
0.2049272656440735
0.17870929837226868
0.19315651059150693
0.17743712663650513
0.20008400082588196
0.2263791859149933
0.1919842958450317
0.16811755299568176
0.20017001032829285
0.20296961069107053
0.20193102955818176
0.19200554490089417
0.17833340167999268
0.2021688222885132
0.1606198251247406
0.1720747351646423
0.1861772835254669
0.2311634719371796
0.19503712654113767
0.17436552047729492
0.14802363514900208
0.17699041962623596
0.1724032163619995
0.16022950410842896
0.19531121850013727
0.206196129322052
0.20544561743736267
0.18960273265838623
0.2059326469898224
0.13614222407341003
0.21808236837387085
0.20607072114944455
0.21057701110839844
0.197427898645401
0.2175959944725037
0.17577838897705078
0.18537551164627075
0.1793214380741119
0.16120865941047668
0.19106224179267883
0.172488272190094
0.15471714735031128
0.17213544249534607
0.18561044335365293
0.19749176502227783
0.11441517621278761
0.16260689496994019
0.19040894508361816
0.2183712124824524
0.2055356800556183
0.20146566629409793
0.2029520571231842
0.18114045262336728
0.228117436170578
0.16602978110313416
0.21736377477645877
0.19012209773063657
0.20650103688240048
0.1996651589870453
0.16555631160736084
0.20825719833374023
0.22385749220848083
0.19507348537445068
0.19687399268150327
0.16088157892227173
0.20570999383926392
0.16459813714027405
0.1934077739715576
0.1515829861164093
0.16972693800926208
0.17722532153129575
0.20307210087776184
0.18973764777183527
0.2000208795070648
0.15976703166961667
0.20939901471138
0.20553305745124817
0.21313464641571045
0.1858424544334412
0.1964960992336273
0.22653797268867487
0.1895790100097656
0.19362732768058777
0.2153216004371643
0.19631582498550412
0.21024900674819944
0.16043707728385925
0.16172558069229123
0.2134052813053131
0.13735243678092957
0.16154628992080688
0.21903881430625916
0.18213075399398804
0.13474002480506897
0.19635629653930664
0.18454578518867487
0.2095114588737488
0.16811317205429077
0.19294452667236328
0.11546576768159866
0.1478341966867447
0.18490535020828247
0.1810389757156372
0.1621195375919342
0.2054440081119537
0.20296272635459897
0.20907720923423767
0.19338002800941467
0.17011183500289917
0.2087251842021942
0.1701475977897644
0.177150696516037
0.1867748200893402
0.2401798367500305
0.19709911942481995
0.19194024801254272
0.18710291385650635
0.20908725261688232
0.20692425966262817
0.1711520552635193
0.2270694077014923
0.17743220925331116
0.19186723232269287
0.15651819109916687
0.19676485657691956
0.184187114238739
0.1664014458656311
0.18253153562545776
0.15951910614967346
0.25811055302619934
0.19736531376838684
0.22447678446769717
0.16950064897537231
0.20339879393577573
0.21435773372650144
0.15472325682640076
0.1786241829395294
0.18187966942787168
0.17410078644752502
0.22264042496681213
0.1456899642944336
0.20098647475242612
0.18990007042884824
0.14804577827453613
0.2371927499771118
0.23290893435478208
0.17539867758750916
0.2325540781021118
0.22391691803932187
0.1587788164615631
0.18282818794250488
0.17032396793365479
0.19277116656303403
0.16995978355407715
0.2098842561244965
0.2172546088695526
0.18217572569847104
0.1835754215717316
0.14148759841918945
0.15478545427322388
0.24912485480308527
0.17327693104743955
0.23751994967460632
0.18960127234458923
0.1346212923526764
0.1568286120891571
0.1928335726261139
0.17759671807289124
0.17616254091262817
0.17991256713867188
0.16562649607658386
0.16578614711761475
0.16552469134330747
0.15623310208320615
0.14792576432228088
0.17975467443466187
0.1691983938217163
0.17009949684143066
0.1387987583875656
0.2077539265155792
0.21311470866203308
0.2019917070865631
0.1978072226047516
0.18415638804435727
0.1690083146095276
0.1601429283618927
0.20425686240196228
0.211162269115448
0.1729622483253479
0.15584218502044675
0.18860459327697757
0.21675086021423337
0.22976887226104736
0.17115837335586548
0.1698169708251953
0.17921125888824463
0.18235406279563904
0.20770666003227237
0.19672781229019165
0.15637508034706116
0.15275350213050842
0.1673208475112915
0.19781967997550964
0.17906782031059265
0.1737237572669983
0.147464781999588
0.16654270887374875
0.17928525805473328
0.21321409940719604
0.21711057424545288
0.20279768109321597
0.20931804180145264
0.1917685568332672
0.17594796419143677
0.19548428058624268
0.2107885181903839
0.15596723556518555
0.2219142019748688
0.1781192123889923
0.16301462054252625
0.1723126769065857
0.19387498497962952
0.2283296287059784
0.20080643892288208
0.21373850107192996
0.1626194417476654
0.16255584359169006
0.22463443875312805
0.2008967995643616
0.20372602343559265
0.15845295786857605
0.1799681186676025
0.1787855625152588
0.18646252155303955
0.21249577403068545
0.20782029628753665
0.1835918128490448
0.20879119634628293
0.2096461355686188
0.2076689898967743
0.17001685500144958
0.18167927861213684
0.2090434730052948
0.21511387825012207
0.14225399494171143
0.19613745808601377
0.19451877474784848
0.1581849455833435
0.20505151152610776
0.16653180122375488
0.1499984860420227
0.19081190228462216
0.1361652910709381
0.19716846942901609
0.19415390491485596
0.20473468303680417
0.1723722219467163
0.2181406319141388
0.19398391246795652
0.1670529544353485
0.16884687542915344
0.21257859468460083
0.23232996463775635
0.17339786887168884
0.2135930359363556
0.14563515782356262
0.15228056907653809
0.15105333924293518
0.1742253303527832
0.21070510149002075
0.19025748968124387
0.163350909948349
0.1653135120868683
0.19748049974441528
0.16692137718200684
0.2235765755176544
0.1830299496650696
0.16951704025268555
0.17825481295585632
0.18011322617530823
0.13967415690422058
0.176580011844635
0.16862100362777707
0.19804319739341733
0.19619974493980408
0.21948194503784177
0.20227259397506717
0.1488196849822998
0.17017397284507751
0.24003326892852783
0.15495911240577695
0.1759251058101654
0.20653629302978516
0.1874770224094391
0.17800831794738767
0.16344216465950012
0.15497830510139465
0.16684773564338684
0.17049092054367063
0.15866950154304504
0.28582346439361567
0.14925307035446167
0.1775788366794586
0.24087646603584287
0.2140995562076569
0.14093244075775146
0.18620336055755612
0.21917602419853208
0.19487586617469788
0.25469458103179926
0.19967421889305115
0.15517184138298035
0.18730211257934568
0.18818643689155576
0.13834673166275024
0.2041749656200409
0.18778038024902344
0.19614875316619876
0.1665496826171875
0.16686496138572693
0.14904338121414185
0.18030089139938357
0.2072316408157349
0.19359731674194333
0.1966154873371124
0.19918182492256165
0.2183876037597656
0.220145046710968
0.14949998259544373
0.1924341022968292
0.19596868753433228
0.16566959023475647
0.18143901228904724
0.18536949157714844
0.17192313075065613
0.2612392604351044
0.2592114806175232
0.20508694648742676
0.1902983784675598
0.17795702815055847
0.17708942294120789
0.21279487013816836
0.19866785407066345
0.15959572792053223
0.17818781733512878
0.22507852315902707
0.2202036678791046
0.22394561767578125
0.20561543107032773
0.158317893743515
0.18344333767890927
0.1729000210762024
0.16372209787368774
0.1476435363292694
0.17510074377059937
0.1849048137664795
0.16485479474067688
0.233831524848938
0.13137850165367126
0.1952069103717804
0.19402730464935303
0.21408382058143613
0.14630830287933347
0.21764034032821652
0.1904128789901733
0.1787307560443878
0.16778743267059326
0.2126406729221344
0.1675105094909668
0.18679064512252808
0.1657279133796692
0.17414569854736328
0.18410590291023252
0.23508054018020627
0.1731005311012268
0.24145859479904172
0.18322417140007016
0.19905346632003784
0.17200183868408203
0.2069028615951538
0.2233029305934906
0.14617250859737396
0.18698784708976743
0.1990841031074524
0.17422744631767273
0.22842177748680115
0.1519694626331329
0.15258875489234924
0.16508737206459043
0.1247350499033928
0.20659857988357544
0.13582897186279297
0.16999539732933044
0.1581117212772369
0.1654377281665802
0.2014889419078827
0.17891323566436768
0.19949862360954285
0.17163890600204468
0.18859294056892395
0.19680142402648923
0.2054205536842346
0.20736896991729736
0.18085280060768127
0.1666889190673828
0.20576664805412287
0.18069905042648315
0.2084583342075348
0.1945895552635193
0.21229746937751767
0.21015527844429016
0.2080123722553253
0.22391164302825928
0.15222102403640747
0.19071525335311887
0.2083543539047241
0.2497875392436981
0.2206137776374817
0.19794324040412903
0.1759554147720337
0.2435775995254517
0.15043988823890686
0.20477348566055295
0.22958433628082275
0.16667628288269043
0.1592736840248108
0.19174912571907043
0.18344438076019287
0.1904160976409912
0.1539211869239807
0.2027861773967743
0.193100780248642
0.18038856983184812
0.1783374845981598
0.21580809354782104
0.2127789855003357
0.14757260680198667
0.16473788022994995
0.235635906457901
0.16577905416488647
0.14769046008586884
0.16279545426368713
0.18623331189155576
0.2104237377643585
0.18475577235221863
0.1910953223705292
0.185070663690567
0.163752943277359
0.19094043970108032
0.20031189918518064
0.18034097552299497
0.15121185779571533
0.1831452548503876
0.20452088117599487
0.21375519037246704
0.19160455465316767
0.20715031027793884
0.2480933666229248
0.1908657252788544
0.1280008554458618
0.2073909044265747
0.17507585883140564
0.18910279870033264
0.19255545735359192
0.23325958847999567
0.21198180317878723
0.23924481868743896
0.2000965178012848
0.18529614806175232
0.16957488656044006
0.16773414611816406
0.1914615035057068
0.22032102942466733
0.18736889958381647
0.16569125652313232
0.16728484630584717
0.21923550963401797
0.18592071533203125
0.17947927117347717
0.18884581327438357
0.22247451543807983
0.17472267150878906
0.21609771251678464
0.19831135869026184
0.20378014445304873
0.17705798149108887
0.22714269161224365
0.170090913772583
0.18915998935699463
0.18691930174827573
0.23310938477516172
0.17108619213104248
0.21084722876548767
0.14005333185195923
0.23237118124961853
0.1964919865131378
0.18850427865982053
0.15767052769660947
0.2025880515575409
0.17803198099136353
0.21258097887039185
0.16697406768798828
0.13085201382637024
0.2265445291996002
0.19452089071273804
0.1702861189842224
0.16967958211898804
0.15327259898185727
0.1866956651210785
0.22158709168434143
0.16497522592544556
0.16221362352371216
0.19667437672615048
0.1784285604953766
0.2011941075325012
0.18403580784797668
0.18342891335487363
0.22229656577110288
0.1681850254535675
0.18858051300048828
0.2114482820034027
0.20505982637405396
0.1573229730129242
0.2496522068977356
0.1991700828075409
0.18945655226707456
0.1689588725566864
0.19339117407798767
0.13478049635887146
0.16016909480094907
0.2229326367378235
0.1437433362007141
0.18016564846038816
0.20831796526908877
0.2089695632457733
0.17739489674568176
0.19659575819969177
0.17400768399238586
0.185882031917572
0.18024605512619016
0.1770275831222534
0.2006000578403473
0.2051534056663513
0.16322949528694153
0.1867066025733948
0.16637635231018066
0.18377721309661865
0.146039217710495
0.19155669212341309
0.1946641504764557
0.2068977653980255
0.16278690099716187
0.17253997921943665
0.1672016680240631
0.20243301987648007
0.14958548545837402
0.26378333568573
0.24049952626228327
0.15253421664237976
0.1923921704292297
0.16435271501541135
0.16724088788032532
0.22289222478866577
0.1976413130760193
0.19164472818374637
0.15530043840408325
0.1996651589870453
0.21894428133964536
0.15048328042030334
0.14846980571746826
0.2539707124233246
0.1559677422046661
0.19933223724365237
0.1485471278429031
0.13944971561431885
0.21150264143943784
0.20371711254119876
0.1695800423622131
0.2421288788318634
0.18396538496017456
0.1770142912864685
0.18782511353492737
0.13808996975421903
0.15442726016044617
0.22388723492622373
0.1786254644393921
0.15002819895744324
0.25589054822921753
0.2238640785217285
0.183106392621994
0.2061167657375336
0.24967679381370544
0.23038479685783383
0.2021637260913849
0.18152910470962524
0.2625005543231964
0.24334344267845157
0.203245609998703
0.2078015506267548
0.2197921574115753
0.1635577380657196
0.17996948957443237
0.20355555415153503
0.16117194294929504
0.24232438206672668
0.2067647874355316
0.15559259057044983
0.19957855343818665
0.18230244517326355
0.17425119876861572
0.20978042483329767
0.203459233045578
0.2189614176750183
0.2110528647899628
0.18485280871391296
0.2182210683822632
0.1616104245185852
0.1945887804031372
0.2446751892566681
0.20754274725914
0.22356390953063965
0.18703332543373108
0.2112369537353516
0.20222857594490048
0.20544892549514768
0.21922716498374936
0.17197123169898987
0.1594942212104797
0.22303870320320127
0.15593740344047546
0.17741528153419495
0.1656482219696045
0.15892863273620603
0.1770268678665161
0.18846192955970764
0.22304236888885495
0.20680540800094604
0.18586108088493347
0.20046445727348328
0.1988040506839752
0.23049610853195193
0.21022942662239075
0.1531931757926941
0.1567416787147522
0.20780494809150693
0.17388311028480527
0.19124627113342285
0.2064393162727356
0.142867773771286
0.187163770198822
0.20764800906181333
0.17922160029411316
0.2119216620922089
0.23702213168144223
0.21233406662940976
0.19439575076103208
0.16080671548843384
0.19775506854057312
0.18208661675453183
0.15398097038269043
0.2181347906589508
0.19894033670425412
0.19550013542175287
0.21391132473945615
0.1645042598247528
0.24410218000411987
0.20528230071067807
0.19153109192848203
0.2040821611881256
0.1852965950965881
0.15425026416778564
0.18523132801055908
0.2070030868053436
0.20902925729751584
0.22993770241737363
0.1976778507232666
0.1738317906856537
0.19952896237373352
0.19024497270584104
0.1256650984287262
0.17185652256011963
0.2185116410255432
0.1897428035736084
0.18664953112602237
0.16475450992584229
0.13708555698394775
0.13569214940071103
0.18049561977386477
0.1779947280883789
0.1973750591278076
0.21116724610328677
0.1959402859210968
0.168937087059021
0.15473607182502747
0.16163837909698486
0.23907470703125
0.19359686970710757
0.18720003962516785
0.19407901167869568
0.1904245018959045
0.21139022707939148
0.12707749009132385
0.18737947940826416
0.17230647802352905
0.1412314474582672
0.13936731219291687
0.167584627866745
0.259637713432312
0.18771812319755557
0.1565154492855072
0.2169034481048584
0.17517903447151184
0.1988165378570557
0.16003182530403137
0.21670636534690857
0.2001901268959045
0.14774295687675476
0.14968982338905334
0.16229525208473203
0.18814900517463684
0.19168454408645627
0.15048053860664368
0.2113436460494995
0.2195183038711548
0.21967366337776184
0.18723893165588376
0.16275468468666077
0.1994505226612091
0.14300107955932617
0.21282461285591123
0.19802916049957275
0.2025620639324188
0.15830111503601074
0.2003786861896515
0.16284865140914917
0.22627836465835569
0.2272835075855255
0.1778227984905243
0.1928453743457794
0.19030907750129697
0.15266653895378113
0.22841212153434756
0.2041969895362854
0.229028582572937
0.23081400990486145
0.1372622847557068
0.19681826233863833
0.17792001366615295
0.18301331996917725
0.1819050908088684
0.1826491951942444
0.14560043811798096
0.1856147646903992
0.14129871129989624
0.1941944360733032
0.18250268697738647
0.15417352318763733
0.18332943320274356
0.20659157633781436
0.18682172894477844
0.2388189733028412
0.14630457758903503
0.22654867172241208
0.20061790943145752
0.132459819316864
0.20461907982826233
0.1295282393693924
0.18129843473434448
0.13725128769874573
0.2017468512058258
0.20626854896545407
0.16765829920768735
0.15331318974494934
0.1605670154094696
0.19009116291999817
0.23337823152542117
0.18336066603660583
0.1918024718761444
0.22481465339660645
0.28609034419059753
0.2141927480697632
0.15997308492660522
0.2036672532558441
0.1467522084712982
0.168096125125885
0.16480743885040283
0.20520958304405207
0.15988954901695251
0.19137078523635864
0.21531063318252563
0.18570831418037412
0.18979573249816892
0.1779172122478485
0.17816326022148132
0.1934833228588104
0.17704540491104123
0.20618686079978943
0.19311147928237915
0.2246708571910858
0.20344772934913635
0.21948513388633728
0.20789751410484317
0.16578412055969238
0.13397783041000366
0.15244227647781372
0.14995411038398743
0.14044630527496335
0.18456023931503293
0.17579251527786255
0.19364649057388303
0.14828866720199585
0.1800948977470398
0.18884781002998352
0.2313436269760132
0.17303457856178284
0.22360387444496155
0.18839827179908752
0.16423538327217102
