0.05850924178957939
0.06250004470348358
0.15057283639907837
0.16540636122226715
0.18372242152690887
0.08281050622463225
0.20894327759742737
0.053837791085243225
0.1701393872499466
0.07082796096801758
0.08518260717391966
0.01724347658455372
0.21474988758563995
0.18227256834506989
0.19966085255146024
0.13364948332309723
0.19222223758697507
0.13432057201862335
0.09059622138738632
0.16788990795612335
0.031038260087370872
0.025407316163182255
0.1689654439687729
0.14534026384353635
0.09409401565790176
0.15744748711585999
0.15473738312721252
0.23687507212162015
0.16744907200336456
0.16773788630962372
0.20873096585273743
0.123187355697155
-0.08387336134910582
0.156081885099411
0.1868145316839218
0.2053355425596237
0.22722491621971128
0.1098763346672058
0.189977690577507
0.1515802890062332
0.09160447865724564
0.0569966696202755
0.08134566247463225
0.07640060037374496
0.17842650413513184
0.17499911785125732
0.16621752083301544
0.18562799692153928
0.2358106225728989
0.20552806556224823
0.21410576999187467
0.08109275996685027
0.07359329611063004
0.23208944499492645
0.17148862779140472
0.17212502658367157
0.15600942075252533
0.044413797557353966
0.16109202802181244
0.19378130137920377
0.09527581185102463
0.13743814826011655
0.10795598477125168
0.07574505358934401
0.12555207312107086
0.19878053665161127
0.22458350658416748
0.2350357174873352
0.10755228996276855
0.1813277453184128
0.2550155520439148
0.15970925986766815
0.23043736815452573
0.16429199278354645
0.12352407723665236
0.2306695580482483
0.11930637806653976
0.1949543058872223
0.03486013412475586
0.20725971460342407
0.014104342088103294
0.17407675087451935
0.11164411902427672
0.12152715772390364
0.12663234770298004
0.15946684777736664
0.1934888660907745
0.1116153672337532
0.04713482037186623
0.15371543169021606
0.14271144568920135
0.19536243379116056
0.16555096209049225
0.23177820444107053
0.09636335074901581
0.19599977135658264
0.21157087385654447
-0.04761407896876335
0.08779538422822952
0.10631163418293
0.17633293569087982
0.2433316558599472
0.17870695888996124
0.1258164495229721
0.1771615892648697
0.15385930240154266
0.04948947578668594
0.1609313189983368
0.16697989404201508
0.15428076684474945
0.18884398043155673
0.0869179368019104
0.12698397040367126
0.19150476157665247
0.14091382920742035
0.18643610179424283
0.14894627034664154
0.24708892405033112
0.1932488828897476
0.1789412945508957
0.0412035770714283
0.19828946888446808
0.13054044544696808
0.19323006272315976
0.1757573038339615
0.1397319883108139
0.0694679245352745
0.13777406513690948
-0.007814964279532433
-0.05908814072608948
-0.008437706157565117
0.13281048834323883
0.2392321079969406
0.1714239865541458
0.14196015894412994
0.11833272129297256
0.14336273074150083
0.08394812792539597
0.12577398121356964
0.20384781062603
0.05904758349061012
0.13585393130779266
0.13755841553211212
0.2332855314016342
0.1636601686477661
0.08616849035024643
0.17227454483509064
0.11450587958097456
0.26054295897483826
0.13069003820419312
0.19857169687747955
0.15206001698970795
0.1885064393281937
0.17399099469184875
0.1979816257953644
0.019987678155303
0.030198359861969948
0.12507541477680206
0.16936081647872925
0.16686967015266418
0.170301154255867
0.16260762512683868
0.1302495300769806
0.1301983892917633
0.16339796781539917
0.06288580596446991
0.08900633454322816
0.2031783163547516
0.2362200915813446
0.2289491444826126
0.2250860184431076
0.1423562467098236
0.1528102606534958
0.10201486200094224
0.07135201245546341
0.12364011257886887
0.15428680181503296
0.1397910714149475
0.08682142943143843
0.16034884750843048
0.15598280727863312
0.13877098262310028
0.1273803412914276
0.14071400463581085
0.15683148801326752
0.12745283544063568
0.15735334157943723
0.0527772568166256
0.046804029494524
0.15561626851558685
0.12414520233869553
0.17338187992572784
0.10205449163913725
0.11903471499681471
0.1587885171175003
0.14821735024452207
0.1307951062917709
0.16404123604297635
0.16641971468925476
0.15224261581897736
0.055946160107851035
0.18878227472305295
0.18006925284862518
0.21848912537097928
0.11026502400636672
0.04969680681824684
0.1690857857465744
0.1490604430437088
0.24050895869731903
0.07101395726203918
-0.006617777515202761
0.0898583307862282
0.1580519825220108
0.20164683461189273
0.2410734295845032
0.07446365058422089
0.19703710079193115
0.23552314937114716
0.16434518992900848
0.16479213535785675
0.20740734040737152
0.1721935272216797
0.1522983759641647
0.13715024292469025
0.19695875048637393
0.1493375450372696
0.023791903629899025
0.12527363002300262
0.23529855906963348
0.11612220853567123
0.15452805161476135
0.17341069877147675
0.1223517581820488
0.016837401315569878
0.15459775924682617
0.21643389761447904
0.16796819865703583
0.07331091165542601
0.2451668232679367
0.14402152597904205
0.13806217908859253
0.09411143511533736
0.15633460879325867
0.11778568476438522
0.16067089140415192
0.054924760013818734
0.2191710919141769
0.21045494079589844
0.101076140999794
0.06269540637731552
0.200207993388176
0.10431943833827972
0.2109273225069046
0.23187103867530823
0.18538582324981687
0.17970062792301175
0.05391700565814972
0.16076733171939847
0.1754937320947647
0.21102359890937805
0.15620477497577667
0.13872720301151276
0.09423009306192398
0.10803603380918501
0.09717730432748793
0.15086321532726288
0.10605280846357344
0.202445849776268
0.08704432100057603
0.1799352914094925
0.190747931599617
0.12865419685840607
0.2168065160512924
0.14274545013904572
0.12900252640247345
0.19391709566116333
0.07042397558689117
0.1750001162290573
0.19525082409381864
0.05278494954109192
-0.015009613707661629
0.16595812141895294
0.10929155349731444
0.14565153419971466
0.21988198161125183
0.2052405923604965
0.1642544716596603
0.06714403629302979
0.17868266999721527
0.218389093875885
0.13609085977077484
0.2207544893026352
0.21422421932220456
0.20562911033630368
0.1359305828809738
0.17012424767017365
0.1551156789064407
0.19462840259075165
0.16649894416332245
0.20134250819683075
0.17073895037174225
0.0670977309346199
0.2338693290948868
0.237881138920784
0.22146426141262052
0.04198179021477699
0.10623182356357574
0.15324576199054718
0.23111413419246676
0.2020845860242844
0.05029667541384697
0.10686616599559784
0.19103701412677765
0.04403028637170792
0.2036026567220688
0.21726539731025693
0.226252943277359
0.027432380244135857
0.11816732585430144
0.17366135120391843
0.1337108165025711
0.06985628604888916
0.09656351059675217
0.1026955097913742
0.22848866879940033
0.1992911249399185
0.18717052042484283
0.1557859629392624
0.0966961234807968
0.14235568046569824
0.1406974047422409
0.15453016757965088
0.12173520773649216
0.16427521407604215
0.1683601438999176
0.08394524455070494
0.2351609766483307
0.220376580953598
0.08895372599363327
0.20147736370563507
0.2280440777540207
0.12571604549884796
0.04599668085575104
0.03599616140127182
0.0821053609251976
0.15525776147842407
0.16158849000930786
0.12217891961336136
0.08322801440954208
-0.0312577448785305
0.002906728070229292
0.1703229695558548
0.19739367067813876
0.11325696110725401
0.1161537617444992
0.22707445919513705
0.14580170810222623
0.04537544772028923
0.12150976806879044
0.14281998574733734
0.22477532923221588
0.11687095463275908
0.16729123890399933
0.11932826787233353
0.2168761044740677
0.2317513078451157
0.16744019091129303
0.04770858585834503
0.1584489345550537
0.22933991253376007
0.12060406059026718
0.22707907855510712
0.23907384276390076
0.09599561989307405
0.2522364556789398
0.19388113915920255
0.15515871345996857
0.2387109100818634
0.06623833626508713
0.0483928620815277
-0.003905706573277712
0.1576494127511978
0.018250932916998863
0.17723791301250455
0.08222564309835435
0.22917622327804563
0.11221662908792496
0.11300347745418549
-0.10587010532617568
-0.0033739269711077213
0.1920767426490784
0.0646902471780777
0.16530506312847135
0.1276036351919174
0.1704074591398239
0.12140848487615584
0.23321409523487088
0.10889028012752532
0.2311680167913437
0.14218519628047943
0.1718154400587082
0.1361175775527954
0.24129824340343475
0.1961007863283157
0.24334266781806943
0.165112167596817
-0.010228382423520088
0.11162403970956802
0.11837872117757796
0.18383656442165372
0.14665591716766355
-0.01584743522107601
0.1284925192594528
0.2252529263496399
0.21216200292110443
-0.021567353978753086
0.06541189551353455
-0.038413345813751214
0.16641899943351743
0.16245073080062866
0.17252352833747864
0.014976846054196356
0.22919268906116483
0.17853613197803497
0.2082876414060593
0.12154164165258408
0.1820733994245529
-0.00940137542784214
0.13441477715969083
0.18320409953594208
0.24764372408390045
0.08383553475141525
0.15762701630592346
0.021606212481856343
0.10574770718812943
0.1976049691438675
0.031338471919298165
0.12004869431257248
0.13260497152805328
0.1954043209552765
0.16372255980968475
0.14503516256809235
0.08748459815979005
0.08936307579278947
0.10120803862810133
0.16421934962272644
0.16300427913665771
0.13430424034595487
0.06762037426233292
0.23079118132591248
0.1885371059179306
0.07265664637088774
-0.001865180674940348
0.19696195423603055
0.2458452135324478
0.11816866695880889
0.153465136885643
0.15275408327579498
0.1612146943807602
0.25974032282829285
0.14996220171451569
0.1573260873556137
0.23318655788898468
0.1804857701063156
0.2267168015241623
0.14095513522624967
0.0910206064581871
0.1724068373441696
0.05718428269028664
0.22619085013866425
0.1070936694741249
0.07526633143424988
0.21575661003589633
0.21080139279365537
0.2271851599216461
0.14015881717205048
0.06650537252426147
0.12086417526006699
0.20306630432605743
0.24503852427005768
0.06291642785072327
0.20685166120529172
0.21670605242252347
0.2319100648164749
0.20229771733284
0.2038079649209976
0.029729096218943596
0.12315083295106888
0.2059732526540756
0.2228567600250244
0.18258251249790192
0.1958962082862854
0.10284195095300674
0.24043740332126615
0.05700668320059776
0.04175732657313346
0.11009594053030014
0.18906790018081665
0.22409473359584808
0.19229842722415924
0.20070520043373108
0.24256715178489685
0.10451126843690872
0.14812918007373807
0.23484912514686584
0.08147412538528441
0.03468938171863556
0.07341344654560089
0.19161726534366608
0.08665000647306442
0.12192385643720625
0.025056226179003716
0.16010427474975583
-0.004727071616798639
0.12769417464733124
0.06071268394589424
0.093035489320755
0.06907901912927628
0.1992130130529404
0.08753432333469392
0.1352841705083847
0.18577687442302704
0.11236201971769331
0.172256737947464
0.21808719635009763
0.17649461328983307
0.08974070847034454
0.13592956960201263
0.15178439021110535
0.19875134527683255
0.1970035433769226
0.06761524826288223
0.13933280110359192
0.16554535925388336
0.22204527258872983
0.2208270728588104
0.12788009643554688
0.1107167676091194
0.11585747450590132
0.1460880935192108
0.17430225014686584
0.1269802153110504
0.0577276237308979
0.11393402516841888
0.18691629171371457
0.09837727993726729
0.10032308846712112
0.09753020852804185
0.07663637399673462
0.1350264996290207
0.1403881013393402
0.20213595032691956
0.22044959664344788
0.02244386449456215
0.24003084003925323
0.23722685873508453
0.2254931479692459
0.14519952237606049
0.23192332684993744
0.1510183811187744
0.14276862144470215
-0.09938241541385649
-0.0016549439169466496
0.20449499785900116
0.2037847340106964
0.0351199172437191
-0.08205097168684004
0.1511477679014206
0.20109795033931727
0.19314937293529513
0.09740033000707625
0.03893451392650604
0.04722307622432709
0.2506832778453827
0.1405641138553619
0.07959979772567749
0.2330535799264908
0.21518079936504364
0.1375090330839157
0.18478693068027496
0.15462280809879303
0.16185490787029266
0.17675533890724182
0.022868556901812557
0.23397855460643768
0.17878736555576324
0.212350994348526
0.2533055245876312
0.09993021935224532
0.13023559749126434
0.17493070662021637
0.12669049203395844
0.24463404715061188
0.048041895031929016
0.06743685156106949
-0.06171035394072533
0.2279791682958603
0.16571259498596191
0.11426804214715956
0.018080193549394608
0.2137761563062668
0.1498204916715622
0.13085010647773743
0.23084451258182523
0.21753327548503876
0.19269120693206787
0.15278993546962738
0.17026422917842865
0.08803196996450424
0.1315399557352066
0.18393905460834503
0.1124109998345375
0.15002939105033875
-0.013561485335230827
0.1725214719772339
0.16745634377002716
0.09702926129102707
0.12557797133922577
0.0716974213719368
0.1763518899679184
0.20774362981319427
0.23880490660667417
0.031319331377744675
0.21757462620735168
0.1926007717847824
0.12499696761369704
0.042295511811971664
0.17874278128147125
0.14278988540172577
0.14660845696926117
0.06919743865728377
0.13672025501728055
0.12427256256341934
0.20257100462913516
0.04633960872888565
0.08397158235311507
0.19608765840530396
0.07558003067970276
0.2175704687833786
0.1797190010547638
0.05910251662135124
0.22471065819263455
0.13212966918945312
0.2308940291404724
0.22289510071277616
0.08163923770189285
0.13605795800685883
0.17380587756633759
0.08233263343572617
0.12022050470113754
0.18581001460552213
-0.049716584384441376
0.15413056313991547
0.09853865951299667
0.11336290836334229
0.15012994408607483
0.10771283507347106
0.22801911830902097
0.17435976862907407
0.18386174738407132
0.2196781933307648
0.1991536170244217
0.1759791523218155
0.18076242506504056
0.1474219411611557
0.21393078565597531
0.16181005537509918
0.11675898730754852
0.13783776760101318
0.10912638902664185
0.23097507655620572
0.1813783496618271
0.19988802075386047
0.240298256278038
0.16043221950531003
0.22089485824108124
-0.05155162513256073
0.1414990276098251
0.13562838733196259
0.14097164571285248
0.13975028693675995
0.155917689204216
0.12887203693389893
0.11805880814790724
0.2251407504081726
0.19067905843257904
0.1735488623380661
0.06615112721920013
0.1265830397605896
0.037435814738273614
0.13444699347019196
0.11633091419935226
0.1327085942029953
0.05346418544650078
0.13687948882579803
0.0469544194638729
0.11574369668960573
0.23486201465129847
0.16469247639179227
0.18924339115619657
-0.0037337285466492176
0.23711265623569489
0.1064632311463356
0.07827962934970854
0.22930821776390076
0.1679529845714569
0.09917756170034409
0.12060027569532394
0.15549121797084808
0.16348332166671753
0.015840748324990273
0.08836033940315247
0.06843572854995728
0.01006527617573738
0.2278952449560165
0.1859586089849472
0.17992492020130155
0.21656121313571927
0.12671393156051636
0.22742612659931183
0.08128371089696883
0.22993506491184235
0.2521447241306305
0.09083138406276704
0.24807743728160855
0.07115764170885086
0.2092101722955704
0.1949637234210968
0.129596009850502
0.050589617341756814
0.14006374776363373
0.0637691393494606
0.12694686651229858
0.04881409183144569
0.2053353041410446
0.17236866056919095
0.19556203484535217
0.15657350420951843
0.22526226937770844
0.1548204869031906
0.22916840016841888
0.12079448252916336
0.1602213829755783
0.17045696079730988
0.19626469910144803
0.15172812342643735
0.23155130445957184
0.16293571889400482
0.13206033408641815
0.07893544435501097
0.09998743236064912
0.23815698921680448
0.13160055875778198
0.17016254365444183
0.19199834764003756
0.1476819813251495
0.1476510465145111
0.19039823114871976
0.14781998097896576
-0.009235555306077005
0.16661448776721954
0.05478401854634285
0.1355072110891342
0.13624680042266843
0.1981833130121231
0.18767590820789337
0.24391792714595795
0.07403206825256348
0.14010749757289886
0.2492525428533554
0.2066039592027664
0.20281675457954407
0.1356665939092636
0.03483787924051285
0.2084776610136032
0.21741527318954468
0.1614122837781906
0.07562252879142761
0.2509545087814331
0.14384616911411283
0.2114865928888321
0.11799170076847076
0.19414575397968287
0.0915093719959259
0.14591975510120392
0.10691945999860764
0.21057207882404327
0.079704649746418
0.20600877702236173
0.17181433737277985
0.22981917858123777
0.03079604171216488
0.253682404756546
0.20008429884910583
0.11863870173692705
0.2273595035076141
0.11692419648170473
0.2348499298095703
0.15406005084514615
0.2352667599916458
0.06564928591251373
0.19329306483268735
0.14567704498767853
0.1905913203954697
0.017360469326376915
0.23727358877658844
0.18079613149166107
0.21843601763248444
0.08586457371711731
0.014933986589312552
0.0372631773352623
0.13047805428504944
0.20047423243522644
0.020933786407113075
0.1467316895723343
0.022097630426287648
0.11837263405323029
0.19743470847606656
0.01690845564007759
0.015386896207928656
0.19667638838291168
0.17952226102352142
0.12017899006605148
0.08983295410871506
0.17042197287082672
0.13708390295505524
0.22713442146778104
0.1232871040701866
0.15338075160980225
0.19047771394252777
0.07436008751392365
0.1660863608121872
0.1457655429840088
0.1187724694609642
0.16467632353305817
0.23857416212558744
0.06996478885412216
0.13868440687656403
0.14673377573490143
0.18930913507938385
0.010577796027064323
0.1049545481801033
0.22740188241004944
0.15970346331596375
0.22686244547367093
0.24379046261310575
0.24393679201602933
0.21443156898021695
0.13230913877487183
0.1637722998857498
0.08327425271272659
0.13223896920681
0.21184349060058597
0.008483009412884712
0.10005615651607512
0.19796165823936465
0.0740666389465332
0.09649663418531418
-0.02031777612864971
-0.01236402243375778
0.14601992070674896
0.1945132911205292
0.19689233601093287
0.15397514402866364
0.12181534618139266
0.035500504076480865
-0.020181765779852867
0.1483386754989624
0.18341802060604093
0.2389449775218964
0.19745095074176788
0.15973956882953644
0.1022668108344078
0.026018789038062092
0.2297815829515457
0.1501958519220352
0.20399767160415647
0.1997510641813278
0.16045716404914856
0.07174264639616013
0.06357889622449875
0.1712656170129776
0.21784630417823792
0.2317302078008652
0.15576021373271942
0.22787731885910037
0.2528232932090759
0.2198893278837204
0.190805658698082
0.15469597280025482
0.00641824072226882
0.16766491532325745
0.16473285853862762
0.2324693351984024
0.20557837188243863
0.06957515329122543
0.18388511240482328
0.1344739943742752
0.13603943586349487
0.10718648135662077
0.20358145236968997
0.10351450741291046
0.18644461035728452
0.13574470579624176
0.08032549917697905
0.22083789110183716
0.11750724166631699
0.14680327475070953
0.19675292074680328
0.06891285628080368
0.022288529202342037
0.08570056408643721
0.23787790536880493
0.024634990841150284
0.10585273802280426
0.059344183653593056
0.19272468984127045
0.20022687315940857
0.07301602512598036
0.1243748739361763
0.07994349300861359
0.13748644292354584
0.1789548546075821
0.1991356462240219
0.08505942672491074
0.14489756524562836
0.10113491863012312
0.20187573134899137
0.1604030877351761
0.11005177348852156
0.10909329354763032
0.23738977313041687
0.22837263345718384
0.1651785522699356
0.19134745001792908
0.2179653197526932
0.1718631088733673
0.12871812283992767
0.10094591230154036
0.14503803849220276
0.16888798773288727
0.1299675554037094
0.15197785198688507
0.08667811006307603
0.20503701269626615
0.10176334530115128
0.20705094933509824
0.14612950384616852
0.22939781844615936
0.23274566233158112
0.19198524951934812
0.10036533325910568
0.08644338697195053
0.2438845783472061
0.19666822254657745
0.10621725767850876
0.2224178910255432
-0.03985084965825081
0.03903042152523994
0.03921337053179741
0.16124556958675385
0.14438045024871826
0.1269971877336502
0.13797171413898468
0.1060277447104454
0.1934206336736679
0.193891242146492
0.1120934560894966
0.15987564623355863
0.08164458721876144
0.08404693007469177
0.17631672322750092
0.004373715724796057
0.1320444494485855
0.23665128648281095
0.19361101090908048
0.19603317975997925
0.05684014037251472
0.1891009211540222
0.013586310669779776
0.1989222317934036
0.06384009122848511
0.08444020152091981
0.06397149711847305
0.222664937376976
-0.03696504607796669
0.1350199431180954
0.16022397577762604
0.18391200900077817
0.23060779273509976
0.1760741025209427
0.06053910776972771
0.17222340404987335
0.23383414745330808
0.10144493728876113
0.1711433380842209
0.10789092630147933
0.16828861832618713
0.19239576160907745
0.09612871706485747
0.10621234029531477
0.15391787886619568
0.2486580461263657
0.1722177118062973
0.14375443756580353
0.13350501656532288
0.1524275094270706
0.12032239884138109
0.08649738878011702
0.040924374014139175
0.19578269124031064
0.18434305489063263
0.1609491854906082
0.19258569180965424
0.15699394047260284
0.19894495606422424
0.16616664826869965
0.15990735590457916
0.16989870369434357
0.1766761690378189
0.20391143858432767
0.18284425139427185
0.19896282255649567
0.2320924550294876
0.14738209545612335
0.23217456042766568
0.06378433108329773
0.09108540415763856
0.23420707881450653
0.1816144436597824
0.22086286544799805
0.09046219289302826
0.18802292644977567
0.18534140288829803
0.1858232468366623
0.1899846643209457
0.1091800034046173
0.161850243806839
0.18289707601070404
0.24725122749805448
0.1522378176450729
0.1314944624900818
0.198653906583786
0.1879248023033142
-0.06244957074522972
0.1265902817249298
0.18705604970455167
0.1276441067457199
0.08068013936281203
0.19365081191062927
0.20240928232669833
0.17944028973579407
0.1914414018392563
0.15076886117458344
-0.013458719477057455
0.17000527679920197
0.17657186090946195
0.039549391716718674
0.2311857342720032
0.059512022882699966
0.033477023243904114
0.1500912755727768
0.08006145805120467
0.0878811925649643
0.25403785705566406
0.1856398433446884
0.15182895958423615
0.16209037601947784
0.17201313376426697
0.1747674196958542
0.12331754714250565
0.2276795655488968
0.1869327574968338
0.23196806013584137
0.11798608303070068
0.1848221570253372
0.15061187744140625
0.10780363529920578
0.06180727109313011
0.06294546276330948
0.16379229724407196
0.13060420751571655
0.2037236988544464
0.1169711947441101
0.08648574352264403
0.2071273773908615
0.25518909096717834
0.18462008237838745
0.17118504643440247
0.1442389041185379
0.16123990714550018
0.10047077387571333
0.10325577855110168
0.05306372418999672
0.0924260765314102
0.07666102796792984
0.08355394005775452
0.16398413479328156
0.21506930887699127
0.24282829463481903
0.19666391611099243
0.20379868149757385
0.16474173963069916
0.11887376755475997
0.21117712557315824
0.2343362271785736
0.006186777260154486
0.13197197020053864
0.20099641382694244
0.16803736984729767
0.15856148302555084
0.15822629630565643
0.20569278299808505
0.16778305172920227
0.18595546483993527
0.12143125385046004
0.08860962837934494
0.1977091878652573
0.10670960694551468
0.1385696977376938
-0.02623392455279827
0.1695251166820526
0.004623068030923605
0.04905431345105171
-0.02704457938671112
-0.004923081491142511
0.18961058557033536
0.18053437769412997
0.14131125807762146
0.0751972496509552
0.12050383538007736
0.09260008484125136
0.14925362169742584
0.10952450335025787
0.15884578227996826
0.029904132708907127
0.16289566457271576
0.14598368108272552
0.10779573768377304
0.22499197721481323
0.2091258019208908
0.14370973408222198
0.0872829034924507
0.2171117067337036
0.16157054901123047
0.12304449826478958
0.051844831556081765
0.18936572968959808
0.1729678213596344
-0.05443883314728737
0.16353364288806915
0.1567961871623993
0.16622303426265717
0.1384996920824051
0.09644526988267897
0.15566523373126984
0.15643565356731415
0.058526124805212014
0.20359551906585693
0.23360119760036469
0.18021434545516968
0.1574316173791885
0.054070454090833664
0.09415004402399064
0.17230892181396484
0.23248983919620517
0.1492522358894348
0.1479741632938385
0.20100542902946472
0.07788500934839249
0.1057211309671402
0.12588001787662506
0.23633502423763275
0.1522272229194641
0.08640291541814803
0.10198255628347395
0.0760824903845787
0.141912043094635
0.15105390548706055
0.15733657777309415
0.2030397206544876
0.2509310245513916
0.18877285718917847
0.05933999642729759
0.2290371060371399
0.06867922842502594
0.2503882348537445
0.18031676113605496
0.13320587575435638
0.24322365224361417
0.11939679831266405
0.06626377254724503
0.13532893359661102
0.051710624247789376
0.19068096578121185
0.1718442589044571
0.2395346760749817
0.15573209524154663
0.1850999146699905
0.2298150211572647
0.12464671581983566
0.1369086056947708
0.19072569906711576
0.20247952640056607
0.18486326932907104
0.16991128027439115
0.1404741406440735
0.051539327949285514
0.19159063696861267
0.17222236096858978
0.1478455811738968
0.1226995661854744
0.17894931137561798
0.1107971742749214
0.17613637447357175
0.11828605830669404
0.07387702912092207
0.01652701199054718
0.23765137791633603
0.22618116438388824
0.15565447509288788
0.2426188439130783
0.049320686608552926
0.17047178745269775
0.08243811130523682
0.1821327209472656
0.11258674412965775
0.21386633813381195
0.22395269572734833
-0.01329788751900196
0.18626298010349276
0.08347653597593307
0.19034689664840695
0.16237181425094604
0.2480960041284561
0.1526797115802765
0.09004408121109007
0.2295052409172058
0.11965303868055344
0.17873847484588623
0.18533937633037567
0.15022188425064087
0.043498218059539795
0.2122258096933365
0.1739763468503952
0.14389042556285858
0.06652387231588364
0.06353456526994705
0.204867959022522
0.0807202532887459
0.06471012532711029
0.22958941757678983
0.1299085170030594
0.079858161509037
0.19248388707637784
0.13829311728477478
0.10865920037031172
0.13847793638706207
0.15521684288978577
0.11214470118284224
0.18122525513172147
0.1851534694433212
0.1507057100534439
0.16893580555915833
0.17302824556827545
0.15171360969543457
0.1588023155927658
0.09457834810018541
0.1636657565832138
0.23165887594223025
0.12781091034412384
0.1885477602481842
0.225483238697052
0.24142979085445404
0.08183474838733673
0.221560463309288
0.14686693251132965
0.10791504383087158
0.13731630146503448
0.23016971349716184
0.21816202998161316
0.1572347730398178
0.1550079733133316
0.21210531890392303
0.12917576730251312
0.09530078619718552
0.2577551305294037
0.122670017182827
0.21301299333572388
0.14552731812000275
0.08951576799154282
0.11545462161302567
-0.04819141328334808
0.11051655560731888
0.16862398386001587
0.20650380849838257
0.2258494347333908
0.08636169135570526
0.17425595223903656
0.20013071596622467
0.14962665736675262
0.1123564839363098
0.1107274666428566
0.22584185004234317
0.1594354808330536
0.11914970725774764
0.23104487359523773
0.21755804121494293
0.1596156507730484
0.04893369600176811
0.145811527967453
0.2300540804862976
0.1353449374437332
0.18185745179653168
0.04830446094274521
0.1386781483888626
0.1469498872756958
0.15746271610260007
0.10390938073396681
0.05325892195105553
0.22321495413780207
0.010746374726295471
0.1806221157312393
0.15114086866378784
0.1958792358636856
0.15969736874103546
0.1189114674925804
0.2211236208677292
0.21853311359882355
0.17833541333675385
0.10511230677366255
0.21856935322284696
0.22818173468112943
0.15513478219509125
0.20515744388103485
0.11270496994256972
0.19925156235694885
0.19382555782794952
0.15061910450458527
0.23419110476970673
0.052192285656929016
0.1897539347410202
0.19776995480060575
0.2202972024679184
-0.01290764845907688
0.1612446755170822
0.18575637042522433
0.2338692545890808
0.11560704559087752
0.16076748073101044
0.24168886244297028
0.14742298424243927
0.17073653638362885
0.18965421617031095
0.07645366340875626
0.14945240318775177
0.177141934633255
0.2179540991783142
0.24530853331089017
0.1508888602256775
0.2269694060087204
0.23400367796421048
0.0939797684550285
0.17440445721149445
0.22693009674549103
0.05372429639101029
0.23386023938655853
0.20397059619426727
0.20286938548088077
0.23831275105476377
0.169225737452507
0.14952389895915985
0.14999206364154816
0.15900863707065582
0.2337410598993301
0.15785416960716248
0.15086960792541504
0.13692277669906616
0.19906912744045255
0.12217479199171066
0.15864640474319458
0.2039702832698822
0.16681276261806488
0.1230163499712944
0.2562083303928375
0.12952420115470886
0.12222962826490402
0.1051436960697174
0.1126025691628456
0.17033256590366364
0.08241211622953416
0.14875838160514832
0.2241627424955368
0.16950459778308868
0.15590207278728485
0.2111326903104782
0.08697383850812912
0.22611260414123532
0.21701915562152865
0.2071500867605209
0.1989855319261551
0.24647499620914456
0.08190770447254181
0.1283070147037506
0.15272901952266693
0.200904443860054
0.23384931683540344
0.1093965321779251
0.19916778802871704
0.10279543697834014
0.13494938611984253
0.17061345279216766
0.12262623757123949
0.18816539645195007
0.23137684166431427
0.16104009747505188
0.12915708124637604
0.1276216208934784
0.23963552713394165
0.12890811264514923
0.1898668259382248
0.05344505980610848
0.1513463705778122
0.23550285398960116
-0.05660806223750114
0.1794633716344833
0.0900802984833717
0.18016402423381803
0.1566144227981567
0.22652913630008695
0.2021755576133728
0.14282344281673431
0.19862265884876248
0.03295230492949486
0.05211809650063515
0.2237694263458252
0.07129074633121489
0.16146881878376007
0.22429442405700684
0.21947534382343287
0.1220385804772377
0.11853321641683578
0.19707362353801727
0.2273220270872116
0.20814396440982816
0.16927404701709747
0.17736585438251495
0.08940012007951736
0.12892454862594604
0.24618504941463473
0.1546107530593872
0.2027006298303604
0.13122394680976868
0.10377687215805052
0.12029146403074265
0.1342923790216446
0.1333484947681427
0.1578869670629501
0.15979808568954468
0.19293250143527985
0.19286809861660004
0.16048912703990936
0.13983047008514404
-0.08529166132211685
0.20067225396633148
0.15164758265018463
0.23107273876667023
0.14457617700099945
0.07924725860357283
0.23176862299442288
-0.017460325732827187
0.13200904428958893
0.1465063989162445
0.22232665121555328
0.19461913406848907
0.16638945043087003
0.21629230678081512
0.20173622667789456
0.10365370661020278
0.1800389587879181
0.2389387339353561
0.13887606561183927
0.16818875074386597
0.06313641369342804
0.09211668372154237
0.11989644914865492
0.13339500129222867
0.12740518152713776
0.15720339119434357
0.07320446521043777
0.17162303626537323
0.11855559051036833
0.21197552978992465
0.23358123004436487
0.12077537924051283
0.2284730225801468
0.10493429750204086
0.2318294048309326
0.07061576098203659
0.12172205001115798
0.16709323227405548
0.17398448288440704
0.15118013322353363
0.2291646599769592
0.1643742471933365
0.08024910092353821
0.07368952035903929
0.18797503411769864
0.15362802147865295
0.13287808001041412
0.1625998318195343
0.23450748622417447
0.23039762675762177
0.15463887155056
0.22722657024860385
0.17523072659969327
0.17440755665302277
0.10822652280330657
0.13674989342689514
0.12566854059696195
0.20160280168056488
0.24662698805332184
0.1043352484703064
0.15809781849384308
0.123364619910717
0.20389090478420255
0.23361413180828092
0.04833127930760384
0.11336500197649002
0.2371293008327484
0.036447253078222275
0.16944772005081177
0.1570480912923813
0.2125531435012817
0.09339576959609984
0.16159455478191376
0.19385182857513428
0.13910157978534698
0.1950703412294388
0.007945934310555458
0.10931181907653809
0.2340831011533737
0.23883874714374545
0.1598302572965622
0.19628687202930448
0.10785545408725739
0.16503895819187164
0.004270607139915228
0.13270430266857147
0.1642296463251114
0.04302133992314339
0.1718248873949051
0.16061754524707794
0.1282261162996292
0.16344767808914185
0.11626622825860976
0.17281480133533475
0.1825902760028839
0.1893253177404404
0.16123966872692108
0.1997915357351303
0.16586489975452423
0.233879029750824
0.1935918182134628
0.028248606249690052
0.2184399217367172
0.19820222258567807
0.172270730137825
0.030296800658106804
0.12523628771305084
0.18198302388191223
0.15934236347675323
0.21830062568187716
0.21928797662258148
0.12755145132541656
0.23782549798488617
0.15607209503650665
0.12167232483625412
0.1648729294538498
0.17821116745471954
0.15498176217079163
0.09279178828001022
0.1884921193122864
0.0529070720076561
0.19480903446674344
0.1538022607564926
0.16392286121845245
0.24469031393527985
0.22878415882587433
0.23358653485774997
0.2044735848903656
0.07998738437891006
0.16748453676700592
0.07693412154912947
0.22977946698665616
0.17243073880672455
0.14199765026569366
0.13340690732002258
0.18016017973423004
0.07945267111063004
0.12921714782714844
0.16216473281383514
0.14752477407455444
0.177709624171257
0.13936398923397064
0.2012646645307541
0.22626720368862152
0.2271834760904312
0.14347456395626068
0.08791545778512953
0.1588505655527115
0.23141372203826904
0.13125444948673248
0.22152347862720487
-0.0772755593061447
0.19584912061691284
0.23167376220226288
0.23083344101905823
0.06465090811252594
0.2275846153497696
0.23720888793468475
0.1437177062034607
0.225058987736702
0.19637219607830048
0.15724019706249237
0.20365868508815765
0.1736859232187271
0.18831206858158112
0.10731260478496552
0.11270390450954436
0.2345598191022873
0.2394167184829712
-0.006840141955763102
0.2076147347688675
0.15333575010299683
0.19548706710338593
0.19322778284549716
0.06277253478765488
0.22255171835422516
0.16723418235778809
0.1965183466672897
0.15281693637371063
0.02192467264831066
0.1114269495010376
0.171173557639122
0.06746003776788712
0.17550373077392578
0.08357465267181395
0.09241712093353271
0.17324449121952057
0.20073571801185608
0.09803862124681471
0.20870237052440643
0.10612960904836655
0.22983381152153012
0.2221312075853348
0.11069945245981216
0.2015714794397354
0.15287841856479645
0.1095115914940834
0.11117947101593016
0.17417903244495392
0.06568590551614761
0.2193690985441208
-0.02470131777226925
0.08310604095458984
0.13670668005943298
0.24650685489177704
0.2266765981912613
0.18761487305164337
0.22907142341136927
0.1003001257777214
0.12739773094654083
0.032975830137729645
0.11235923320055008
0.12074030190706252
0.13188378512859344
0.19893838465213773
0.23049055039882657
0.2435514330863953
0.05479244515299797
0.08711326867341995
0.21971946954727167
0.1363394856452942
0.15586119890213013
0.1583198755979538
0.188422366976738
0.18861639499664304
0.08531497418880463
0.19301083683967593
0.23197710514068604
0.1306995302438736
0.15606464445590973
0.03567631170153618
0.1408354640007019
0.23654565215110776
0.15493138134479523
0.15154817700386047
0.133362740278244
0.19760605692863464
0.14070227742195127
0.182007297873497
0.13145309686660767
0.18996720016002652
0.024651776999235157
0.22553616762161252
0.1959245055913925
0.24847598373889923
0.1437169313430786
0.13344986736774445
0.02812615595757961
0.199365496635437
0.17516429722309113
0.17746621370315552
0.1310615986585617
0.23292703926563263
0.10878615081310272
0.1357496678829193
0.13924196362495422
0.08631977438926695
0.05255424976348877
-0.0023214020766317844
0.1381029337644577
0.2085416167974472
0.1404469609260559
0.20276145637035367
0.12701398134231567
0.022776300087571144
0.14461137354373932
0.2340940684080124
0.1453879028558731
0.15030223131179807
0.22875042259693143
0.20798788964748385
0.08514680713415146
0.15685583651065826
0.000703615602105856
-0.009470270946621895
0.17200146615505219
0.17093348503112793
0.21683059632778168
0.24364452064037323
0.08049929141998291
0.06862770766019821
0.10239648818969727
0.19470173120498657
0.20457611978054047
0.2196100205183029
0.05594193935394287
0.05875514820218086
0.15258757770061493
0.20517612993717196
0.23233447968959808
0.07684356719255446
0.14023108780384064
0.21532514691352844
0.1875881105661392
0.2297942340373993
0.19502493739128113
-0.09110098332166672
0.06383035331964493
0.07330364733934401
0.19797448813915247
-0.021002145484089848
0.16097941994667053
0.20375199615955353
0.1790442317724228
0.06513497233390808
0.09941602498292923
0.11284738779067992
0.22716441750526428
0.05135096609592438
0.15648628771305084
0.12694901227951047
0.17916646599769592
0.03574200347065925
0.22712768614292145
0.0624348409473896
0.08131036162376404
0.12960544228553772
0.1906142234802246
0.06324932724237442
0.10102606564760208
0.13695070147514343
0.15686435997486115
0.1733604222536087
0.20575283467769623
0.1819486916065216
0.062306661158800125
0.12576189637184143
0.17201963067054749
0.09369955956935881
0.16288049519062042
0.16405121982097623
0.18988250195980072
0.2025710493326187
0.1406962275505066
0.13593469560146332
0.03546420857310295
0.2222696244716644
0.23494014143943784
0.22635094821453092
0.22684384882450104
0.155085027217865
0.152569442987442
0.13587771356105804
0.09187506884336472
0.09428099542856216
0.2386736124753952
0.2121427208185196
0.18880946934223172
0.2064843475818634
0.16485486924648285
0.09697818011045457
0.18439337611198425
0.19700561463832852
0.1648651510477066
0.23504213988780973
0.1640055626630783
0.09485667943954468
0.23239175975322723
0.21218669414520264
0.17737816274166107
0.23585101962089536
0.10985492914915083
0.10664216428995132
0.1688326746225357
0.0943903997540474
0.2427851110696793
0.21894656121730804
0.018399644643068317
0.17680905759334564
0.25150009989738464
0.0683201476931572
0.08231286704540253
0.10942426323890686
0.0728725716471672
0.16267333924770355
0.16391925513744354
0.21371422708034515
0.10027160495519638
0.19230203330516812
0.2469438463449478
0.20921362936496732
0.01859318651258945
-0.019230613484978676
0.17831377685070035
0.09722589701414108
0.2235177904367447
0.22369417548179624
0.13942541182041168
0.212072417140007
0.15240260958671567
0.201639786362648
0.08582743257284163
0.16348575055599213
0.17373879253864288
0.15073657035827637
0.22184009850025177
0.17827482521533966
0.1895285397768021
0.03587564453482628
0.11506037414073944
0.08693667501211166
0.08535933494567871
0.1037258505821228
0.1697268784046173
0.10395777225494383
0.23018355667591092
0.19024060666561127
0.15044043958187103
0.225923165678978
0.17886410653591156
0.11591856181621552
0.18542830646038053
0.1910177767276764
0.17646919190883636
0.17237162590026855
0.16553054749965668
0.24765019118785855
0.2345086485147476
0.14192000031471252
0.09982853382825853
0.19941075146198273
0.2475038319826126
0.13705143332481384
0.1760473400354385
0.13546718657016754
0.07058464735746384
0.18890537321567533
0.12677980959415436
0.09342541545629501
0.18484535813331604
0.06624685972929001
0.22837470471858975
-0.018424371257424355
0.12529078125953674
0.18378435075283048
0.0903363823890686
0.17826546728610992
0.09442301094532014
0.07297291606664658
0.20075708627700803
0.09606754034757614
0.07026828080415726
0.08768883347511292
0.12497391551733016
0.10310377180576324
0.024899762123823162
0.17985758185386655
0.17303429543972015
0.21651916205883023
0.18601247668266296
0.1180003061890602
0.09956646710634232
0.1868140548467636
0.04756907001137733
0.17303602397441864
0.2109484225511551
0.22218032181262967
0.18291328847408292
0.1096048504114151
0.1446181684732437
0.12338874489068984
0.24560199677944183
0.2292819917201996
0.23426282405853271
0.22612689435482025
0.1825649589300156
0.1489790827035904
0.09431388974189758
0.18692846596241
0.17255432903766632
0.18318277597427368
0.02972371317446232
0.23502247035503387
0.1983230412006378
0.21832911670207977
0.15131494402885437
0.1435963660478592
0.1420852690935135
0.1305394023656845
0.23134635388851163
0.20863348245620728
0.12185969203710556
0.219212219119072
0.1511646658182144
0.22709198296070096
0.02146981470286846
0.16104812920093536
0.15835596621036527
0.21099229156970975
0.14898790419101715
0.024559760466217995
0.22159235179424283
0.17058761417865753
0.16593965888023376
0.24011480808258057
0.13236545026302335
0.16853998601436615
0.1998978555202484
0.22193440794944763
0.18909195065498352
0.1503247022628784
0.1878051906824112
0.07475056499242783
0.206088662147522
0.2330634444952011
0.224798321723938
0.17322735488414764
0.18336008489131927
0.19227389991283417
0.09854608029127121
0.17930258810520172
0.2029845863580704
0.13662223517894745
0.11506922543048859
0.14029495418071747
0.2511836588382721
0.13450948894023895
0.18240328133106232
0.06646908819675446
-0.09282858669757843
0.15254729986190796
0.11300689727067947
0.22901277244091037
0.13437339663505554
0.17533503472805023
0.1833438724279404
0.05045173317193985
0.17907287180423737
0.10864324122667313
-0.00715728336945176
0.2081683427095413
0.10749954730272292
0.1924753338098526
-0.014919767156243324
0.15085749328136444
0.1292276829481125
0.09632427245378494
0.061338987201452255
0.20938116312026975
0.11302033066749571
0.223740428686142
-0.001074782107025385
0.23023736476898196
0.0852990075945854
0.1477977484464645
0.2078431993722916
0.14252416789531708
0.17182613909244537
0.17481079697608948
0.1405450701713562
0.06534136831760406
0.13319863379001615
0.19951753318309784
0.11895257979631424
0.018299361690878868
0.07841944694519043
0.19474393129348755
0.0827692076563835
0.14237897098064423
0.13617824018001556
0.155765101313591
0.2508566975593567
0.1325780749320984
0.24388135969638824
0.21186596155166623
0.022018605843186375
0.1083344742655754
0.10023675113916396
0.08479567617177963
0.17136095464229584
0.06074983999133111
0.1938238888978958
0.1669551283121109
0.12110412865877151
0.22929117083549497
0.22848831117153168
-0.00016415352001786232
0.15200741589069366
0.1521621197462082
0.20035719871521
0.1742051392793655
0.23573502898216248
0.23113158345222476
0.17888210713863373
0.1454317420721054
0.21064318716526031
0.24954636394977567
0.21902151405811307
0.17707227170467377
0.11047599464654922
0.14707282185554504
0.027728443965315815
0.10019824653863905
0.14583677053451538
0.22632044553756717
0.2037285715341568
0.12840707600116727
-0.027145760133862492
0.18330051004886627
0.1770324558019638
0.1725681871175766
0.030060933902859688
0.03093445487320423
0.16708484292030334
0.1432092636823654
0.08450210094451904
0.12255268543958664
0.14428576827049255
0.20034481585025787
0.005236278753727674
-0.019133465364575383
0.11465892940759657
0.1883593648672104
0.02955515496432781
0.18617288768291476
0.1510418206453323
0.07775237411260605
0.09466320276260377
0.20105455815792084
0.2476339489221573
0.1592223197221756
0.17394347488880155
0.12048258632421492
0.23675009608268735
0.15634901821613312
0.1645868867635727
0.1418619602918625
0.1794208139181137
0.16167804598808289
0.20779138803482053
0.03187918663024902
0.11720943450927734
0.22139303386211395
0.1593986302614212
0.2194301635026932
0.17659978568553925
0.1678195148706436
0.1445363610982895
0.1035761758685112
0.23801699280738833
0.16061462461948395
0.13949990272521973
0.1418259888887405
0.14370368421077728
0.07907334715127945
0.09792824834585187
0.14001630246639252
0.17243418097496033
0.12717027962207794
0.11810635775327682
0.08009117096662521
0.09628965705633165
0.2368791550397873
0.2254561632871628
0.16397686302661896
0.05692920461297035
0.19224850833415985
0.17556819319725037
0.07293839752674103
0.16596925258636475
0.23166929185390472
0.21245805919170377
0.11896678060293196
0.06260987371206284
0.12847068905830383
0.11700613051652908
0.1542941182851791
0.2421522885560989
0.14075320959091187
0.1894551217556
0.059686657041311264
0.07557443529367447
0.1257711797952652
0.1779247373342514
0.1726272702217102
0.17460563778877258
0.20114891231060028
0.21257954835891724
0.17460438609123227
0.22714366018772125
0.10871057212352753
0.17035642266273499
0.2545832097530365
0.21928979456424716
-0.0561848059296608
0.20635624229907987
0.02217249758541584
0.18241295218467712
0.16158445179462433
0.209416463971138
0.03191177174448967
0.22210811078548431
0.19609861075878143
0.2063015103340149
0.21917591989040372
0.1697821170091629
0.03734484314918518
0.17870408296585083
0.18862785398960116
0.2536970376968384
0.07390450686216353
0.04955427348613739
0.1666921228170395
0.19209717214107516
0.2176433354616165
0.24167534708976743
0.18339295685291288
0.148467555642128
0.1680135875940323
0.11330918967723846
0.10228807479143141
0.24280519783496857
0.04633795842528343
0.17397499084472656
0.22347845137119293
0.20906652510166168
0.18867480754852292
0.02930907718837261
0.12561456859111783
0.14463914930820465
0.08257563412189484
0.14305374026298523
0.11212973296642303
0.18734909594058993
0.12728351354599
0.1917446404695511
0.23761820793151853
0.22356803715229037
0.16681955754756927
-0.0066596404649317265
0.241472989320755
0.1699133962392807
0.034249335527420044
0.15069414675235748
0.17983533442020416
0.1992550790309906
0.10289635509252548
0.15406711399555206
0.22747306525707245
0.21032501757144928
0.19461838901042935
0.16190652549266815
0.14325155317783356
0.09843730181455612
0.05108491331338882
0.15768341720104215
0.20356555283069608
-0.0664837434887886
0.16265973448753357
0.139822855591774
0.12988848984241483
0.023441320285201073
0.1470307558774948
0.10059259831905364
0.018544903025031086
0.1625986248254776
0.17264993488788605
0.12364964932203291
0.22508458793163297
0.2164433151483536
0.1667180359363556
0.11659004539251328
0.13044825196266174
0.11277075856924056
0.0885961204767227
0.1916484087705612
0.23826177418231964
0.1548679918050766
0.15158723294734955
0.18677575886249545
0.06936910003423691
0.07261207699775696
0.1702132374048233
0.14004135131835935
0.06276141107082367
0.15762002766132355
0.0803656354546547
0.12564940750598907
0.17458857595920563
0.1464305967092514
0.07376538217067719
0.181075856089592
0.09912270307540892
0.1352444440126419
0.18043012917041776
0.1751255840063095
0.07513846457004547
0.20829664170742035
0.1445319652557373
0.22871591150760648
0.18805271387100217
0.1167510151863098
0.16385336220264435
0.18007279932498932
0.07310736179351807
-0.0382758304476738
0.12670889496803284
0.1286957710981369
0.2352789044380188
0.24929527938365936
0.16551759839057922
0.17637047171592712
0.1644622832536697
0.2007057219743729
0.20818860828876493
0.15133824944496155
0.17521725594997406
0.16918012499809265
0.1706169694662094
0.0691339373588562
0.21477581560611725
0.14381428062915802
0.22632476687431333
0.2248196750879288
0.09650894254446028
0.18917350471019745
0.17475363612174988
0.14037509262561798
0.11589447408914566
-0.0006871209479868412
0.09341581910848616
0.038304772228002555
0.09819746762514113
0.14581763744354248
0.15141363441944122
0.2136141806840897
0.11980094760656355
0.06349727511405945
0.22931925952434537
0.18734554946422577
0.06506824493408203
0.15380644798278809
0.06597017496824265
0.1270743757486343
0.0864042267203331
0.13876314461231232
0.18002255260944366
0.21472318470478055
0.1981685310602188
0.07666227221488953
0.23204903304576877
0.15265692770481107
0.14358413219451904
0.03282858058810234
0.2282821387052536
0.08051955699920654
0.05426821857690811
0.08733678609132767
0.19982504844665527
0.1092979982495308
0.16536849737167358
0.19199177622795105
0.04386898502707481
0.1987921893596649
0.16519993543624875
0.16353940963745117
0.06083501502871513
0.15213824808597565
0.08341273665428162
0.05039271339774132
0.14777027070522308
0.1662634164094925
0.1764356791973114
0.1868834942579269
0.1501712054014206
0.2289581447839737
0.1049046367406845
0.13576553761959076
0.2047503292560577
0.07139671593904495
0.07718146592378616
0.13120222091674805
0.24152812361717224
0.12487722188234328
0.1563173085451126
0.07398706674575804
0.11418058723211288
0.20680521428585047
0.1853540986776352
0.2042244523763657
0.20817184448242188
0.1726016253232956
0.10919483751058578
0.13074204325675964
0.10895874351263046
0.19432173669338224
0.021394843235611916
0.09081934392452241
0.144855335354805
0.08814372867345811
0.10142400860786437
0.19508616626262665
0.21136942505836487
0.18574126064777371
0.085768423974514
0.23417691886425016
0.16308988630771637
0.12834031879901883
0.150605246424675
0.03168392926454544
0.12267898768186568
0.1477312445640564
0.18189567327499387
0.18253535032272336
0.1828273981809616
0.0931575745344162
0.19624081254005432
0.1087782308459282
0.22329194843769076
0.16196826100349426
0.19156961143016812
0.21013642847537997
-0.003350997809320688
0.08651475608348846
0.06398893147706985
0.06577949225902557
0.13939954340457916
0.13148002326488495
0.22664551436901087
0.15015222132205963
0.2523621618747711
0.20811976492404935
0.1463613063097
0.1814986765384674
0.21401558816432953
0.169917032122612
0.2473207265138626
0.2260441482067108
0.23471073806285855
0.1784268319606781
0.15189261734485626
0.2216728627681732
0.13945142924785614
0.23389209806919095
0.20210731029510495
0.0862540528178215
-0.004023386631160975
0.17894726991653442
0.039212312549352646
0.1694463342428207
0.17436037957668304
0.22917675971984863
0.19623103737831116
0.1160825714468956
0.1208863779902458
0.12251762300729752
0.22819913923740384
0.16813738644123075
0.17556340992450714
0.15889282524585724
0.14763104915618896
0.1302834153175354
0.1352109462022781
0.18289299309253687
0.168959841132164
0.07575523853302003
0.21630291640758517
0.07023175805807114
0.17778290808200836
0.08274802565574646
0.04461735859513282
0.17376846075057983
0.06058930978178977
0.08581162989139555
0.101053886115551
0.10502335429191588
0.22258496284484863
0.15830715000629425
0.24076503515243527
0.08301656693220137
0.1649603396654129
0.08084647357463837
0.21029977500438687
0.04241495952010155
0.22803096473217008
0.2102380692958832
0.14029560983181
0.23298175632953644
0.17951142787933347
0.17013466358184814
0.22807905077934265
0.16395938396453855
0.18856044113636017
0.14077141880989075
0.1761382669210434
0.15341880917549133
0.23392219841480252
-0.037531021982431405
0.21045471727848047
0.06670119613409041
0.15873311460018155
0.1687650978565216
0.2066060155630112
0.17290930449962616
0.16806332767009735
0.22556826472282407
0.19029842317104337
0.16352596879005432
0.12958477437496185
0.19931866228580475
0.11554395407438278
0.1611691564321518
0.1365574449300766
0.10971470922231674
0.14227978885173795
0.2296100556850433
0.20994374155998227
0.14273774623870847
0.011807218194007872
0.1467636078596115
0.12964223325252533
0.2306096702814102
0.206048846244812
0.14709113538265228
0.1457327902317047
0.04794834181666374
0.08734757453203201
0.17315436899662015
0.168885201215744
0.1871007978916168
0.12771956622600555
0.07518867403268814
0.15866072475910187
-0.029937429353594776
0.18767975270748136
0.0284701120108366
0.1869949698448181
0.08676241338253021
0.2284254729747772
0.0906839668750763
0.18560516834259036
0.11606335639953612
0.0792587473988533
0.17891554534435272
0.0613216795027256
0.13268281519412994
0.2311334311962128
0.02118026651442051
0.14858409762382507
0.2229576110839844
0.16795752942562103
0.15115220844745636
0.16355198621749875
0.18675029277801516
0.2422402948141098
0.13951899111270905
0.221564382314682
0.2365546077489853
0.19315628707408905
0.176661416888237
0.22441937029361725
0.1849065870046616
0.127368226647377
0.20535941421985623
0.18321739137172696
0.12935175001621246
0.06921694427728653
0.1733981221914291
-0.012590320780873299
0.20169751346111295
0.15249715745449066
0.14736881852149963
0.2260607481002808
0.17984187602996826
0.11972350627183914
0.16797345876693723
0.05554931238293648
0.11358553916215897
0.17662648856639862
0.11369585245847702
0.19549252092838287
0.23156307637691495
0.08333402872085571
0.12699608504772186
0.1430608183145523
0.14851994812488556
0.1396855115890503
0.12990333139896393
0.12336838990449904
0.23429036140441892
0.1540759801864624
0.1544678658246994
0.17030954360961914
0.047304537147283554
0.1237027272582054
0.08182104676961897
0.07299556583166121
0.03393644466996193
0.09086079150438307
0.12229763716459274
0.2007678896188736
0.16310469806194303
0.13139130175113675
0.1381521075963974
0.2284797132015228
0.11762306839227676
0.13558323681354523
0.2300909161567688
0.12078221887350082
0.1761385202407837
0.1414526402950287
0.17325972020626068
0.16997049748897552
0.19006940722465515
0.22583755850791928
0.19007754325866696
0.14145125448703763
0.1538141816854477
0.14181403815746307
0.16367174685001373
0.08003883808851242
0.2158750146627426
0.22643132507801053
0.1683446764945984
0.15560828149318695
0.1583995223045349
0.12329205125570296
0.11968740075826644
0.13004179298877716
0.18008506298065183
0.13602741062641144
0.19595538079738617
0.08038493990898131
0.0853833481669426
0.08350124955177307
-0.025019256398081776
0.1736617088317871
0.14352208375930786
0.08342017233371735
0.23046354949474332
0.07627872377634048
0.23106376826763156
0.23997974395751956
0.18145692348480225
0.21047300100326535
0.09797167032957076
0.1487533003091812
0.24043713510036469
0.15798449516296387
0.041253771632909775
0.15887917578220367
0.1499684602022171
0.2205277681350708
0.14639773964881897
0.18892043828964236
0.2397461384534836
0.23455357551574707
0.1289493888616562
0.21869756281375885
0.17344553768634796
0.2176222950220108
0.15638363361358643
0.20696818828582764
0.17543406784534454
0.22882395982742307
0.14288195967674255
0.1413007378578186
0.15302902460098267
0.090730719268322
0.18134944140911105
0.16689880192279816
-0.011595981195569038
0.20412048697471616
0.09485890716314317
0.1109836772084236
0.08668775111436845
0.1766129434108734
0.22258442640304563
0.19542610645294187
0.18055985867977145
0.18307852745056152
0.16546539962291715
0.11035235971212388
0.012029018253087996
0.19349323213100436
0.23797693848609924
0.010757626965641975
0.17319893836975095
0.15361662209033966
0.14811475574970245
0.13009865581989288
0.05747007206082344
0.19778446853160855
0.151355043053627
0.22749792039394376
0.17814864218235016
0.22195230424404144
0.06428243219852448
0.2133844941854477
0.05753445252776146
0.0950482040643692
0.15534599125385284
0.064431332051754
0.17830434441566467
0.15379957854747772
0.21015055477619168
0.15094681084156036
0.1179184541106224
0.1823084056377411
0.23127609491348264
0.1164816841483116
0.174163818359375
0.17830972373485565
0.1566382795572281
0.20983004570007324
0.2147168964147568
0.17253278195858
0.1500895917415619
0.12973110377788544
0.09596350044012067
0.14050866663455963
0.2387486547231674
0.16064612567424774
0.12622570991516113
0.1560864895582199
0.09504884481430051
0.19907462596893313
0.2236363589763641
0.2471817880868912
0.16273458302021027
0.14759822189807892
0.21836377680301663
0.1222286745905876
0.09558878093957901
0.15902142226696014
0.14783121645450592
0.20544846355915067
0.16850651800632477
-0.01868467964231968
0.12570473551750183
0.11417484283447264
0.18685917556285855
-0.02045760117471218
0.12255927175283432
0.22631438076496124
0.17941406369209287
0.16192153096199036
0.20468108355998993
0.1272012889385223
0.11633721739053726
0.19818519055843356
0.1341118365526199
0.14156793057918549
0.12356313318014144
0.0499999150633812
0.02951526455581188
-0.02544070594012737
0.1539314240217209
0.1838928908109665
0.19766895473003387
0.08137394487857817
0.2313321828842163
0.2213677316904068
0.15311649441719055
0.1510753631591797
0.07927896827459334
0.17788350582122803
0.21669696271419525
0.1292733997106552
0.10661705583333968
0.2009643316268921
0.1813773661851883
0.013983044773340223
0.13733820617198944
0.17034541070461273
0.15551558136940002
0.17794851958751678
0.13376587629318237
-0.010430620983242989
0.1431480199098587
0.0839945375919342
0.14765095710754395
0.16446085274219513
0.13766179978847504
0.12829366326332092
0.0821802094578743
0.20099568367004397
0.20950695872306824
0.18373979628086087
0.035462893545627594
0.18662683665752408
0.2526298761367798
0.05841833725571632
0.08488946408033371
0.12337987869977952
0.21463337540626523
0.09886642545461655
0.17161394655704498
0.15233424305915833
0.04039791226387024
0.23554806411266327
0.17817407846450803
0.045420806854963296
0.09838644415140153
0.23349693417549133
0.14935973286628723
0.2085533291101456
-0.003151646349579096
0.1773255318403244
0.2476290911436081
0.10651122778654099
0.2149846702814102
0.010930528864264488
0.2169062048196793
0.23065243661403656
0.24810780584812164
0.1914021521806717
0.1921993792057037
0.06704241782426834
0.23078398406505585
0.22360633313655853
0.24901418387889865
0.24052557349205017
0.19457475841045377
0.1720067709684372
0.2438113242387772
0.16112378239631653
-0.03463731333613396
0.13162775337696075
-0.04107881709933281
0.22410784661769864
0.12498878687620162
0.17822133004665375
0.082971952855587
0.08018589764833449
0.14193503558635712
0.22191840410232544
0.16625648736953735
0.17212815582752228
0.1389592736959457
0.13566432893276215
0.17660649120807648
0.0996302217245102
0.15759839117527008
0.15234485268592834
0.2243473082780838
0.1665634661912918
0.20889887213706967
0.23465323448181152
0.19424910843372345
0.1624271720647812
0.10073282569646835
0.1663546711206436
0.1047890856862068
0.22746419906616208
0.19035346806049344
0.22152197360992432
0.1356874257326126
0.1674928516149521
0.04535319283604622
0.14375841617584229
0.21796853840351105
0.12916842103004456
0.019753260537981987
0.17013821005821228
0.2338015586137772
0.2000926584005356
0.06767670065164566
0.14458921551704407
0.13076211512088776
0.016200480982661247
0.23731647431850436
0.10089891403913497
0.07394172251224518
0.06596265733242035
0.17388553917407987
0.1670529991388321
0.2251828908920288
0.1081787571310997
0.09117106348276137
0.17715544998645782
0.24391452968120572
0.011960910633206367
0.20410485565662384
0.18270565569400787
0.1765799969434738
0.21678595244884488
0.18469779193401337
-0.06096769496798515
0.15732307732105255
0.05556553602218628
0.13082990050315857
0.07228422164916992
0.21016010642051697
0.25093865394592285
0.21869461238384247
0.22658322751522064
0.16790372133255005
0.1651596873998642
0.13575217127799988
0.1940288990736008
0.20905341207981107
0.16947244107723236
0.1780150681734085
0.17283259332180023
0.13340085744857788
0.1911398470401764
0.2293574661016464
0.11559095233678816
0.1388896107673645
0.06497848778963089
0.22047095000743863
0.17423848807811737
0.22817145287990567
0.1029735580086708
0.19330660998821256
0.18615467846393585
0.21582864224910736
0.09095180779695511
0.1553778201341629
0.17803852260112762
0.23359981179237363
0.16106794774532318
0.19908639788627625
0.08231744170188902
0.23605546355247495
0.15397416055202484
0.13098758459091187
0.08764544874429703
0.17524458467960355
0.17454008758068085
0.19421853125095367
0.13730865716934204
0.08440983295440675
0.13535334169864655
0.13736955821514127
0.12432392686605452
0.10061390697956084
0.23694954812526703
0.11947973817586897
0.17201383411884308
0.1718139797449112
0.15678261220455167
-0.005532818380743265
0.1807582527399063
0.15337958931922913
0.2384601533412933
0.047632463276386254
0.18068844079971316
0.08503863960504532
0.154643252491951
0.1068783327937126
0.1206594631075859
0.12343782931566238
0.07707618176937102
0.1162971556186676
0.19023573398590088
0.20658825337886808
0.23295731842517847
0.032731249928474426
0.08457943052053452
-0.034116588532924645
0.2200661152601242
0.08724280446767807
0.18794016540050504
0.05520051345229149
0.17452162504196167
0.2253951579332352
0.24107891321182248
0.07077451050281525
0.1886536329984665
0.234316810965538
0.17330525815486908
0.1701427549123764
0.2098630219697952
0.124951995909214
0.10354498773813248
0.124485082924366
0.222117617726326
0.1141826882958412
0.13769133388996124
-0.04820168763399124
0.2247202843427658
0.16081488132476807
0.2418159395456314
-0.012052135542035103
0.18633426725864408
0.23245136439800265
0.09503634274005889
0.18806985020637512
0.18229372799396515
0.09955373406410216
0.15111781656742096
0.1234452947974205
0.2216929197311401
0.155436173081398
0.13911114633083344
0.2405661642551422
0.16338108479976654
0.19251206517219543
0.20329271256923676
0.17053471505641937
0.09559158980846404
0.17831483483314514
0.1433059722185135
0.1545393019914627
0.129824697971344
0.04030847921967506
0.1837494522333145
0.18594087660312647
0.17223809659481049
0.1605001389980316
0.07191158831119537
0.20933733880519864
0.15483243763446808
0.22208580374717712
0.20271824300289157
0.23184694349765775
0.21672052145004272
0.14886513352394104
0.17388103902339935
0.006076929625123739
0.18903498351573944
0.17611505091190338
0.16612876951694489
0.22988735139369965
0.17188258469104767
0.16532011330127716
0.17943593859672546
0.19012098014354703
0.016753775998950005
0.1520613580942154
0.0456836111843586
0.13094104826450348
0.08547832071781158
0.18882779777050016
0.16072568297386167
-0.030854953452944756
0.12920451164245603
0.2152918130159378
0.2249285727739334
0.16445352137088776
0.2010169178247452
0.16338536143302915
0.1741703301668167
-0.00955919735133648
0.19450141489505768
0.1768885999917984
0.08119552582502365
0.10971995443105696
0.1491139978170395
0.12364297360181808
0.20802091062068936
0.08589284867048262
0.22564636170864105
0.08102823793888093
0.12909846007823944
0.021222954615950584
-0.023109572008252144
0.17061816155910492
0.2245546281337738
0.22949153184890747
0.1086864098906517
0.19783110916614527
0.11049132049083708
0.19420005381107328
0.18199093639850616
0.162554532289505
0.13080564141273499
0.13674576580524445
0.06569036841392517
0.22695891559123993
0.12598516047000885
0.18808084726333615
0.2289041429758072
0.19418154656887052
0.170313760638237
0.21941328048706052
0.25088852643966675
0.2056819647550583
0.22357119619846344
0.014516090974211693
0.005123903509229422
0.16335070133209229
0.0693831667304039
0.13464413583278656
0.032817136496305466
-0.003773866686969995
0.2099492698907852
0.1844930648803711
0.09266672283411026
0.1243620291352272
0.17246192693710327
0.150773748755455
0.10952568799257278
0.0060747950337827206
0.15998123586177823
0.15639923512935638
0.21009963750839236
0.19660089910030365
0.2101304978132248
0.13112781941890717
0.07524995505809784
0.108927384018898
0.18449337780475616
0.19730101525783536
0.02406749315559864
-0.02549775876104832
0.21098242700099945
0.10127339512109756
0.147106796503067
0.1878015249967575
0.24681778252124784
0.1790936440229416
0.1921891421079636
0.2258214354515076
0.1579643040895462
0.1072235032916069
0.2132415473461151
0.17951102554798126
0.1438598781824112
0.04104956239461898
0.16782699525356293
0.0765097588300705
0.19254083931446075
0.15621699392795563
0.12157154828310011
0.1054014191031456
0.149313822388649
0.15154078602790833
0.14472784101963043
0.15858615934848783
0.08534737676382063
0.18496721982955927
0.1816783398389816
0.1431552022695541
0.18384225666522977
0.15338200330734253
0.19555118680000305
0.2477503567934036
0.20183297991752625
0.11590126901865004
0.15305428206920624
0.231725350022316
0.0702832043170929
0.11470510065555573
0.19352523982524872
0.2220873385667801
0.18419302999973297
0.12439026683568954
0.043086528778076165
0.12094392627477644
0.1262821853160858
0.1563195437192917
0.18297323584556577
0.17417360842227936
0.13516467809677124
0.1779809445142746
0.06520017981529236
0.136314257979393
0.1861736625432968
0.22454088926315308
0.19081066548824313
0.23758481442928317
0.20977510511875153
0.16162924468517303
0.1438453197479248
0.19411583244800568
0.20324862003326416
0.14495469629764557
0.18811489641666407
0.170325368642807
0.21048589050769803
0.20391488075256348
0.06830006837844849
0.22511188685894007
0.14495357871055603
0.09976068884134291
0.12316031008958817
0.008020291104912758
0.23995414376258847
0.23549896478652957
0.15618740022182465
0.21107046306133273
0.06000142171978951
0.2324177771806717
0.1529906541109085
0.2164841592311859
0.22343152761459353
0.20442053675651553
0.21138662099838257
0.15380890667438507
-0.04249279201030731
0.13988372683525083
0.1407102346420288
0.17889440059661865
0.06726499646902084
0.16822166740894315
0.08052995055913925
0.11952193826436996
0.2158661037683487
0.07566082477569581
0.23516859114170077
0.16041551530361176
0.13017243146896362
0.201458677649498
0.0988728851079941
0.2412816733121872
0.15490160882472992
0.1528439223766327
0.08810105174779893
0.16248725354671478
0.15283185243606567
0.1299309283494949
0.23073859512805936
0.1553315669298172
0.17965559661388397
0.11241635680198668
0.13115189969539642
0.13401810824871063
0.1732199341058731
0.20338340103626248
0.11457298696041109
0.1687946617603302
0.2527888417243957
0.04879701882600784
0.20457316935062408
0.14897789061069489
0.11884713917970656
0.06496930867433548
0.09752275794744493
0.1745755523443222
0.1370980143547058
0.20669880509376523
0.15706922113895416
0.17904365062713623
0.1188547983765602
0.11661905795335768
0.06686189770698547
0.20689228177070615
0.0905959978699684
0.16193515062332153
0.07630433142185211
0.048649098724126816
0.07714813202619553
0.17221951484680176
0.2427574247121811
0.19240231812000275
0.2157380431890488
0.23218803107738492
0.09981379657983781
0.15415269136428833
0.16761723160743713
0.170030876994133
0.121482215821743
0.2307251989841461
0.012507231906056404
0.22241745889186856
0.12065663188695908
0.1712409406900406
0.20418719947338104
0.16902776062488556
0.22956582903862
0.13585421442985535
0.15462346374988556
0.10781076550483704
0.03461897373199463
0.23112577199935916
0.01318126730620861
0.1771029829978943
0.18702964484691617
0.2453332990407944
0.23450243473052976
0.1794483512639999
0.11864171177148818
0.16604889929294586
0.10901259630918501
0.009773725643754004
0.0546073280274868
0.2149680256843567
0.17005597054958344
0.18503132462501523
0.22775872051715848
0.17258094251155853
0.11515482515096664
0.22709953784942624
0.138655424118042
0.22300755977630612
0.1724191457033157
0.20332632958889008
-0.0009522237814962866
0.18895240128040316
0.18028785288333887
0.19613216817379
0.08184251934289932
0.1644369512796402
0.1249137297272682
0.24942220747470853
0.23539105057716367
0.18923465907573697
0.1558367758989334
0.18188107013702393
0.17313966155052185
0.023593246936798092
0.03419804200530052
0.1796487122774124
0.15098491311073303
0.16498248279094696
0.11500710994005205
0.14230938255786896
0.07442566007375717
0.1471525877714157
0.06263893097639084
0.20654897391796112
0.23332534730434415
0.05100715160369873
0.1589311808347702
0.2247527092695236
0.18221925199031827
0.20787540078163144
0.06300301849842072
0.15158791840076447
0.19411073625087735
0.06260202825069427
0.17354188859462738
0.19204257428646088
0.11722903698682784
0.2033797800540924
0.20974154770374295
0.14866074919700623
0.18999014794826508
0.14869098365306854
0.14201070368289948
0.16681502759456635
0.19445951282978055
0.1582820415496826
0.1158321052789688
0.24261848628520963
0.16414816677570343
0.2302044779062271
0.15840667486190796
0.14592571556568143
0.173734113574028
0.1498246192932129
0.15866674482822418
0.21685148775577545
0.07414934039115906
0.22772465646266937
0.1436924934387207
0.1797672063112259
0.16911542415618896
0.21892909705638883
0.19778960943222043
0.2031703740358353
0.1003090962767601
0.17371974885463715
0.12006307393312454
0.18963842093944547
0.13448894023895264
0.11562726646661758
0.184620201587677
0.11612114310264587
0.2556093633174896
0.1777018755674362
-0.0357382595539093
0.18670774996280673
0.1849865764379501
0.23082400858402247
0.2388063818216324
0.18196314573287964
0.03409145399928093
0.12301283329725264
0.1397235244512558
0.14309759438037872
0.15792216360569
0.2274809926748276
0.1772887408733368
0.11783697456121443
0.22204092144966123
0.1649680882692337
0.2290632128715515
0.19134895503520963
0.19418530166149137
0.07608269900083542
0.13179363310337067
0.1718883365392685
0.1552315205335617
0.08584950864315033
0.14522425830364227
0.23191569745540616
0.08867346495389937
0.09015252441167831
0.1979836076498032
0.19775654375553128
-0.0014270362444221971
-0.013542989268898964
0.23665983974933624
0.1769251674413681
0.07183939963579178
0.19126631319522855
0.08717748522758484
0.19984790682792664
0.12495899945497511
0.1652740091085434
0.11515147238969801
0.201984778046608
0.2002288848161697
0.24929292500019076
0.10555582493543623
0.21816687285900116
0.08715504407882689
0.1901431828737259
0.15574656426906583
0.17416730523109436
0.23180317878723145
0.19580592215061188
-0.08973241597414015
0.1346380114555359
0.16540096700191495
0.15044380724430084
0.2421711087226868
0.1913122087717056
0.04743544384837151
0.16461189091205597
0.17908357083797455
0.10131146013736723
0.1620761901140213
0.1771726757287979
0.156494140625
0.20319388806819916
0.17444495856761932
0.19375233352184293
0.19961716234683993
0.16534946858882904
0.23147358000278473
0.15360908210277557
0.16066125035285947
0.18666090071201324
0.2097781002521515
0.1902475506067276
0.18232716619968412
0.11549896001815796
0.017550716176629066
0.09593810886144638
0.22643002867698667
0.13784192502498627
0.06328447163105011
0.18627807497978208
-0.0633372887969017
0.22952888906002045
0.15843041241168976
0.1877298802137375
0.16739578545093536
0.16764841973781583
0.23266880214214325
0.1811523288488388
0.13742108643054962
0.09912990778684616
0.2543434202671051
0.1939958482980728
0.22483165562152865
0.11951852589845656
0.12858086824417114
0.09573058038949966
0.1468110829591751
0.17993207275867462
0.10543638467788696
0.13575948774814603
0.17298154532909393
0.12311967462301254
0.23200489580631256
0.0635114461183548
0.251346617937088
0.16520734131336212
0.10979808121919632
0.17281886935234067
0.2178490906953812
0.19441138207912445
0.2087951302528381
0.19998569786548612
0.15209238231182098
0.15972328186035156
0.17232738435268402
0.23917892575263977
0.03918619826436042
0.15120430290699005
0.08725894242525101
0.18790386617183685
0.09890139102935792
0.2296006381511688
0.15256468951702115
0.08069542050361633
0.21026179194450376
0.11024798452854156
-0.07377592474222182
0.2446126490831375
0.15331177413463593
0.11663209646940231
0.1978507786989212
0.18350750207901
0.10721705108880995
0.2188213616609573
0.11918313056230544
0.12055351585149764
0.23810824751853943
0.15332919359207153
0.1240684911608696
0.21086998283863068
0.2421235293149948
0.2032058537006378
0.189129576086998
0.20680876076221463
-0.0351942777633667
0.24963195621967316
0.07665088027715683
0.05996156111359596
0.19429598748683927
0.05933601036667824
0.15850692987442017
0.09421255439519882
0.1433817595243454
0.23044274747371676
0.16130675375461578
0.1734384447336197
0.14661914110183716
0.2193363457918167
0.10218558460474014
0.20182023942470553
0.13868460059165955
0.2340446263551712
0.17634686827659607
0.23060895502567288
0.08145526796579361
0.0748794674873352
0.18042175471782684
0.07689229398965836
0.0917823314666748
0.17388656735420227
0.14600278437137604
0.20228518545627597
0.16711865365505219
0.10654155164957047
0.222569078207016
0.09795013815164566
0.11456996202468872
0.1831306964159012
0.24076175689697263
0.0893033891916275
0.14145217835903168
0.038503002375364304
0.22422267496585843
0.020592462271451954
0.1894527822732925
-0.01945794187486172
0.22669243812561035
0.23261673748493197
0.13857442140579224
0.21053799986839292
-0.02985719032585621
-0.0021105934865772724
0.18796493113040924
0.15560297667980194
0.05846802517771721
0.09843603521585464
0.12795621156692505
0.08473926782608032
0.18018151819705963
0.13527964055538175
0.0904451385140419
0.10911335051059722
0.09242247045040129
0.013503547757863998
0.15578041970729828
0.2446540743112564
0.23681752383708957
0.08616567403078078
0.21440814435482025
0.10020108520984648
0.0748308226466179
0.06490577757358551
0.12306024879217148
0.09084206074476242
0.10635989159345625
0.22074835002422327
0.04597708955407143
0.08697091042995453
-0.0531449168920517
0.01859491877257824
0.19030745327472687
0.15591982007026672
0.13484583795070648
0.18819391727447507
0.12148534506559372
0.17336101830005643
0.2178489565849304
0.1220906153321266
0.2230863571166992
0.17101027071475983
0.19287197291851044
0.21619072556495664
0.2379118055105209
0.15299558639526367
0.2015274167060852
0.09089206904172896
0.09568991512060163
0.13238316774368286
0.2314596176147461
0.16298939287662506
0.06082989647984505
0.11385207623243332
0.17413952946662903
0.19136641919612885
0.24342022836208344
0.10263274610042572
0.1964646428823471
0.12937790155410767
0.1507169008255005
0.1071171909570694
0.1802860051393509
0.13991379737854004
0.22725956141948697
0.02364151366055012
0.2008136361837387
0.1714734584093094
-0.04206859692931175
0.22867685556411743
0.17637810111045835
0.23670570552349088
0.1672668308019638
0.1519394963979721
0.03756614401936531
0.1399417668581009
0.23623599112033844
0.18210209906101224
0.21275876462459564
0.1835811585187912
0.19940210878849027
0.2285650223493576
0.22789283096790316
0.1657913774251938
0.15090079605579376
0.2483579367399216
0.24435834586620328
0.1969748288393021
0.19733116030693051
0.0995253100991249
0.2131735384464264
0.0786292925477028
-0.06001905724406242
0.2294161021709442
0.15685626864433289
0.20375938713550568
0.23719869554042816
0.07658594101667404
0.2115062773227692
0.23186610639095304
0.18410411477088928
0.11121582984924316
0.12376102060079575
0.23372654616832733
-0.07691138982772827
0.12237574905157088
0.1505923569202423
-0.08241390436887741
0.16267545521259308
0.071764275431633
0.1682997494935989
0.1141405627131462
0.1920625865459442
0.17493648827075958
0.1986393481492996
0.0054690404795110234
0.19434989988803864
0.19577601552009585
0.17039799690246582
0.11004012078046797
0.13793084025382996
0.18182645738124847
0.15226535499095917
0.23468904197216037
0.20778129994869232
0.16246505081653595
0.20910391211509705
0.1618746519088745
0.15462712943553925
0.18248015642166135
0.18403060734272003
0.10548841953277588
0.08877249062061308
0.13802550733089447
0.06873180717229843
0.1497686505317688
0.12642005085945127
0.1559925228357315
0.21875040233135223
0.13631606101989746
0.21443356573581693
0.10182638466358183
0.11872864514589308
-0.06598981469869614
0.24839110672473907
0.22265224158763883
0.19096232950687408
0.016372935846447945
0.14098063111305237
0.1191829964518547
0.17849014699459076
0.12446793168783188
0.22781091928482053
0.16354291141033173
-0.002141865435987711
0.09040560573339462
0.2521310150623321
0.2302864640951157
0.025302188470959663
-0.021124212071299553
0.17687387764453888
0.08119702339172363
0.11658260971307755
0.2274930030107498
0.186470165848732
0.18194149434566495
0.1863977164030075
0.1775824278593063
0.2129942625761032
0.19447720050811768
0.1826139986515045
0.1306677907705307
0.17960773408412933
0.08998823165893553
0.10620713979005812
0.07549502700567245
0.12743157148361206
0.16986544430255887
0.12951186299324036
0.13079035282135007
0.05577390268445015
0.11230362951755524
0.191963329911232
0.14169205725193024
0.15939374268054962
0.22818700969219208
0.23781709372997284
0.1261874288320541
0.2291888892650604
0.13546563684940338
0.23687505722045896
0.12634414434432983
0.0718141421675682
0.19021627306938169
0.1784512847661972
0.22037713229656217
0.1658358722925186
0.0843055322766304
0.10664550960063934
0.15591663122177124
0.14590393006801605
0.1299290657043457
0.05312417820096016
0.13927198946475983
0.17912690341472623
0.07321514934301376
0.21998208761215207
0.03204365447163582
0.0922139063477516
0.21237352490425107
0.07450210303068161
0.1825782209634781
0.21873946487903595
0.23111964762210843
0.22440485656261444
0.11668445169925688
0.09172771871089937
0.13375346362590787
0.2115566581487656
0.002910226117819548
0.19125051796436307
0.19827544689178464
0.1656300127506256
0.09961920231580734
0.13041426241397855
0.1332097202539444
0.09808292239904404
0.16766051948070526
0.11802341789007186
0.1370304375886917
0.08493977040052414
0.1601950079202652
0.110929898917675
0.17473335564136505
0.2254364043474197
0.11693474650382996
0.04011511430144309
0.15598945319652557
0.0827733650803566
0.11638557910919188
0.07940320670604707
0.18075476586818692
0.14996986091136932
0.11435168981552124
0.03860822692513466
0.17701467871665955
0.0774429365992546
0.22585175931453705
0.10497535020112991
0.04952117428183556
0.0995376780629158
0.04016447812318802
0.007309799548238515
-0.07129745185375214
0.13792721927165985
0.12845297157764435
0.246175155043602
0.16591472923755643
0.10442568361759184
0.1642771065235138
0.2041170448064804
0.11543383449316023
0.12671740353107452
0.19581203162670133
-0.009622721001505853
0.12009716778993607
0.20854054391384125
0.21780885756015775
0.094462551176548
0.18933223187923431
0.15365464985370636
0.0839126780629158
0.16873720288276672
0.08748358488082884
-0.029138104990124702
0.12058260291814804
0.061683688312768936
0.17505261301994324
0.23258347809314728
0.16387625038623807
0.18991252779960632
0.22761727869510648
0.1124979853630066
0.08575912564992905
0.21677760779857635
0.1315506398677826
0.04850837215781212
0.2240550667047501
0.11414774507284164
0.22401410341262817
0.22397463023662567
0.15183569490909576
0.13478270173072815
0.18045516312122345
0.04949406906962395
0.1222354546189308
0.174640491604805
0.19606481492519376
0.22457663714885712
0.12900419533252716
0.19589269161224365
0.1664620041847229
0.18280065059661865
0.17769014835357666
0.23920612037181851
0.08046603947877885
0.1742138713598251
0.1328134983778
0.21996384859085083
0.1450679451227188
0.17187310755252838
0.1794726401567459
0.104749895632267
0.21797809004783633
0.18818259239196777
0.020166752859950066
0.2362138032913208
0.12751515209674835
0.18239934742450717
0.12106365710496902
0.17813166975975037
0.14192573726177216
0.17743344604969025
0.22463859617710116
0.1751214414834976
0.10755974054336548
0.15955002605915067
0.17544968426227567
0.05053103342652321
0.14560087025165555
0.16943831741809845
0.15192116796970367
0.13482731580734253
0.08700979501008987
0.036067161709070206
0.13788993656635284
0.07830789685249329
0.14308758080005643
0.16015134751796722
0.06614936888217926
0.15037901699543
0.17380493879318237
0.1298426240682602
0.18716102838516235
0.1951657086610794
0.11752281337976456
0.21925747394561768
0.06350728869438171
0.18651932477951047
0.06360277533531189
0.22479447722435
0.19573913514614105
0.1483575850725174
0.23075273633003235
0.18944942951202393
0.0890718400478363
0.16364656388759613
0.1283109337091446
0.21295042335987088
0.009430894628167152
0.10162335634231567
0.25720587372779846
0.19775642454624176
0.11150681227445602
0.15553516149520874
0.20643760263919833
0.15626166760921478
0.2011766880750656
0.13658612966537476
0.16546656191349027
0.22234962880611417
0.04462855681777
0.17468754947185516
0.11321332305669785
0.14939135313034055
0.13588954508304596
0.197682186961174
0.07783164083957672
0.127411887049675
0.1758081614971161
0.08989667892456055
0.2235009968280792
0.1497707962989807
0.18171863257884976
-0.04161517322063447
-0.1081382855772972
0.1322745829820633
0.23680047690868375
0.16108417510986328
0.1771509051322937
0.1679958999156952
0.19683198630809784
0.1542162001132965
0.11282481253147124
0.13015772402286527
0.03715385869145393
0.21863135695457456
0.2379092425107956
0.21137468516826627
0.08369077742099763
0.1866060048341751
0.16170509159564972
0.1401282250881195
0.1664379984140396
0.1972336024045944
0.1861833184957504
0.1769985407590866
0.21087592840194705
0.11112285405397417
0.09855163097381592
0.23302505910396573
0.1627039611339569
0.18161951005458832
0.16147324442863464
0.1563548892736435
0.20248097181320193
0.2024342268705368
0.1813006550073624
0.09019355475902557
0.23431673645973203
0.15863154828548431
0.04227956011891365
0.16876687109470367
0.15874463319778442
0.1533542424440384
0.03994176909327507
0.1123814508318901
0.20480290055274963
0.22949388623237607
0.22410088777542117
0.11441610008478165
0.012652991339564323
0.11719485372304916
0.11345530301332472
0.09351123124361038
0.18732550740242004
0.10835137963294982
0.16304442286491394
0.14768199622631073
0.17474390566349027
0.22958786785602567
0.18827836215496063
0.2317796349525452
0.14237399399280548
0.16802616417407987
-0.03950468823313713
0.1898232996463776
0.2280105352401733
0.15720319747924805
0.23937201499938965
0.204372838139534
0.22883741557598117
0.21260559558868408
0.10525032132863998
0.11844247579574584
0.19776804745197296
0.06916052103042603
0.13724662363529205
0.15951675176620483
0.22664624452590945
0.14534045755863187
0.1725902110338211
0.09720448404550552
0.13416695594787595
0.17502398788928983
0.22673536837100983
0.12297838181257248
0.056151680648326874
0.1302763670682907
0.1402578204870224
0.2380109280347824
0.13677124679088593
0.15734396874904633
0.1790798008441925
0.2159265875816345
0.2415477484464645
0.1629069298505783
0.08284645527601242
0.12494013458490372
0.23141309618949887
0.18785761296749115
0.18970231711864471
0.028014345094561577
0.1552116423845291
0.21564076840877527
0.15727253258228302
0.09635431319475173
0.08224498480558395
0.11788513511419296
0.022623810917139053
0.22755102813243863
0.1198737546801567
0.2478312700986862
0.22906748950481412
0.1685277074575424
0.1246107742190361
0.17903238534927368
0.07988006621599197
0.16366420686244965
0.14908993244171143
0.18366859853267667
0.21845798194408417
0.1418479084968567
0.17890839278697968
0.23266328871250153
0.142254039645195
0.15039828419685364
0.1599949449300766
0.1797608733177185
0.18804214894771573
0.2436477094888687
0.12219632416963576
0.13864335417747495
0.19238249957561487
0.15123991668224335
0.20774893462657928
0.11798375099897385
0.139731302857399
0.09384286403656003
0.12172935158014296
0.16158598661422727
0.10997334867715836
0.05970829352736473
0.12526769936084747
0.1873689889907837
0.21580791473388672
0.07258125394582748
0.09035076946020126
0.18511204421520236
0.22523878514766693
0.1546872854232788
0.208385705947876
0.04257974773645401
0.19328995048999784
0.1807037889957428
0.14490573108196259
0.012888791039586067
0.15795831382274628
0.13102583587169647
0.1589590311050415
0.001512614544481039
0.17876414954662323
0.004037590231746435
0.18885619938373563
0.16122272610664368
0.233302503824234
0.06227723136544228
0.07778575271368025
0.2304995357990265
0.22409820556640625
0.012530064210295675
0.24087458848953247
0.08383800089359283
0.09021717309951782
0.2338162660598755
0.24082365632057187
0.2304713279008865
0.025295870378613472
0.05599887296557426
0.22735735774040225
0.19640222191810608
0.20847938954830167
0.17186157405376434
0.12323927134275436
0.07984053343534468
0.14013566076755524
0.1072198748588562
0.1529935598373413
0.23563496768474576
0.16961336135864255
0.21888335049152371
0.188136488199234
0.07669831067323683
0.13644026219844818
0.08944782614707945
0.006131881382316351
0.10078345239162444
0.12519648671150208
0.011111496016383173
0.15357764065265656
0.1733378618955612
0.24169756472110748
0.1048775166273117
0.179245725274086
0.23074303567409515
0.17503271996974945
0.1871576756238937
0.13228312134742737
0.1942875236272812
0.1419604867696762
0.24745409190654755
0.2123577296733856
0.08217745274305342
0.12555788457393646
0.135258749127388
0.0245657991617918
0.23500019311904907
0.21476906538009644
0.0863264575600624
0.20807234942913053
0.11341113597154616
0.20159901678562164
0.16387315094470975
0.15140001475811005
0.17591357231140137
0.23475122451782224
0.16027143597602844
0.1510177105665207
0.2383250594139099
0.03401491045951843
0.14469052851200104
0.16728903353214264
0.17734582722187042
0.10889865458011629
0.08396769315004349
0.1306391954421997
0.22564655542373657
0.19217123091220853
0.19105835258960724
0.22049760818481445
0.11064839363098145
0.16874033212661743
0.16532607376575467
0.22997342050075528
0.1750783324241638
0.13493959605693817
0.1629747450351715
0.14522941410541534
0.10863112658262251
0.22305230796337128
0.19442559778690335
0.10748786479234695
0.19067129492759705
0.16465230286121368
0.16393722593784332
0.11786892265081404
0.09901276975870131
0.09268264472484589
0.23184429109096527
0.07509012520313264
0.11613526195287704
0.18923068046569824
0.2225790172815323
0.2025453597307205
0.15015889704227448
0.15739090740680695
0.26149865984916687
0.14991866052150726
0.13776913285255432
0.22851774096488953
0.15655340254306793
0.11441997438669203
0.19792582094669345
0.16531090438365936
0.08208591490983963
0.06938554346561432
0.17317314445972443
0.09654793888330461
0.16495223343372345
0.030096864327788353
0.1791171282529831
0.2059933096170425
0.1931500732898712
0.03139630705118179
0.2075496166944504
0.2178529649972916
0.1806100755929947
0.07592739909887315
0.160207137465477
0.226825013756752
0.1416684091091156
0.1127406731247902
0.1348162740468979
0.17394468188285828
0.07041819393634796
0.12712889909744263
0.250557005405426
0.17010921239852905
0.11646363884210587
0.23658573627471924
0.06241760775446892
0.0359211228787899
0.16632211208343503
0.12864358723163605
0.0918830931186676
0.12129508703947069
0.17329691350460052
0.21534137427806851
0.13899430632591248
0.19376967847347257
0.16999091207981107
0.25999560952186584
-0.06187424436211585
0.032605551183223724
0.19003030657768247
0.13920648396015167
0.09772130846977232
0.05037171021103858
0.1613631397485733
0.07053594291210175
0.1837487369775772
0.15164080262184143
0.20208671689033508
0.0694957822561264
0.09466376155614853
0.1079498752951622
0.0957929790019989
0.11185331642627716
0.08986828476190567
0.20972929894924164
0.1310715675354004
0.16550548374652863
0.10984885692596436
0.24070753157138824
0.15382592380046844
0.09521421045064926
0.1438606083393097
0.15029284358024597
0.14300666749477386
0.1494246870279312
0.04398757591843605
0.20590466260910037
0.16975468397140503
-0.004474295768886805
0.032491534948349
0.24680395424366
0.10291258245706558
0.1711617410182953
0.06195404753088951
0.1431344896554947
0.16202622652053833
0.2019332051277161
0.127547025680542
0.15243659913539886
0.22981663048267365
0.13764619827270508
0.1543487161397934
0.07821127027273178
0.06750613451004028
0.1633314937353134
0.1529841423034668
0.1976074576377869
0.0988246574997902
0.12244411557912827
0.0634843036532402
0.1314975619316101
0.12842553853988647
0.1440553069114685
0.06744382530450821
0.09620682150125504
0.1164010539650917
0.02609904296696186
0.11917190998792648
0.10386502742767333
0.1312153786420822
0.23523129522800443
-0.013966163620352743
0.1538817435503006
0.19478408992290497
0.11968628317117692
0.10552658885717392
0.19133011996746063
0.16209377348423004
0.1801380217075348
0.1910124123096466
0.18378956615924835
0.0735796242952347
0.20211292803287503
0.193913534283638
0.16556023061275482
0.1196725144982338
0.06019598618149757
0.17194847762584686
0.18112221360206604
0.1402413696050644
0.17284052073955536
0.18991583585739133
0.1609837710857391
0.15904991328716278
0.14587825536727905
0.2206256091594696
0.19645199179649356
0.2297106236219406
0.181347131729126
0.1877896338701248
0.1850470006465912
0.11385305970907213
0.018415352329611775
0.02790776453912258
0.13213025033473969
0.17530079185962677
0.25597354769706726
0.14803694188594818
0.17619305849075317
0.16495555639266968
0.23783293366432187
0.10223924368619917
0.15808627009391785
0.09888338297605513
0.11221576482057571
0.13649778068065643
0.15217694640159607
0.14783614873886108
0.09039025753736497
0.10183543711900712
0.15903837978839874
0.15371721982955933
0.20504412055015564
0.1738412231206894
0.193783774971962
0.1512419581413269
0.17005255818367004
0.22836029529571533
0.2244166433811188
0.23199611902236936
0.11538249254226685
0.1910797506570816
0.15058043599128723
-0.06790295988321304
0.20787945389747617
0.14858143031597135
0.1660732626914978
0.11397863924503326
0.14020656049251556
0.23627991974353793
0.20418910682201383
0.24080279469490048
0.17621122300624847
0.14301632344722748
0.07015915960073471
0.23817510902881625
0.242486909031868
0.11123432219028472
0.14037160575389862
0.1839645951986313
0.09016305953264236
0.1444708555936813
0.0735592246055603
0.19622214138507843
0.13016702234745023
0.12177988141775133
0.16886751353740692
0.11673928052186965
0.08840585500001907
0.155570849776268
0.12888264656066895
0.17877864837646484
0.21213191747665405
0.1475505381822586
0.2262701839208603
-0.022649502381682396
0.16560037434101105
0.15707354247570035
0.23129455745220184
0.21558286249637604
0.10478582978248596
0.12733685970306396
0.04228276386857033
0.16342772543430328
0.17086268961429596
0.09369903057813644
0.1913290172815323
0.186204731464386
0.11409251391887663
0.18271133303642273
0.17087692022323608
0.15155552327632904
0.14539790153503415
0.08463253825902937
0.08889199793338774
0.13045425713062286
0.1982082426548004
0.15002714097499847
0.21848151087760925
0.1679886430501938
0.09625325351953505
0.09297235310077667
0.1462709754705429
0.1564445197582245
0.21251316368579865
0.12214463204145432
0.1970128566026688
0.22057168185710904
0.17113719880580902
0.08438552170991898
0.1873209923505783
0.231325164437294
0.23324555158615112
0.10826871544122696
-0.1026626005768776
0.23362627625465396
0.12632550299167633
0.07646922767162323
0.16436465084552765
0.16957630217075348
-0.054314333945512765
0.09222280234098433
0.2286462038755417
0.11586441099643709
0.1806912571191788
0.12331175059080124
0.06527992337942123
-0.03457698971033096
0.12407606095075609
0.09690705686807632
0.10077347606420516
0.18605577945709229
0.0715092197060585
0.1724436730146408
0.16551779210567474
0.2162119299173355
0.2310533970594406
0.18056274950504303
0.0756971538066864
0.15875278413295743
0.1621164232492447
0.24924649298191073
0.19387342035770416
0.2272995561361313
0.2269111126661301
0.24489320814609528
0.04777691513299943
0.07791944593191145
0.1262776404619217
0.1658128052949905
0.17382128536701202
0.18076832592487332
0.1713629513978958
0.14654017984867096
0.22721105813980105
0.06099198386073112
0.2273804396390915
0.25302520394325256
0.11885394901037216
0.13282684981822968
0.12413657456636427
0.2525731921195984
0.18794874846935272
0.10357648879289628
0.06253538280725479
0.12132876366376875
0.1792864352464676
0.12864066660404205
0.174676775932312
0.1465461105108261
0.23961991071701047
0.14603121578693387
0.19122551381587985
0.19166806340217593
0.167909637093544
0.16170853376388547
0.16181518137454987
-0.11384159326553343
0.188165083527565
0.19388905167579648
0.11276309937238692
0.021986691281199452
0.22648064792156217
0.13994893431663513
0.10181795805692671
0.1709718555212021
0.14675347506999967
0.21126621961593628
0.1548050045967102
0.1035662218928337
0.11348769068717957
0.21015988290309903
0.15179948508739471
0.09680958092212676
0.18478895723819727
0.05570533871650696
0.1655425876379013
0.1611424535512924
0.09021740406751633
0.17345593869686127
0.2022831439971924
0.18526186048984528
0.16726163029670715
0.09927139431238174
0.11603245884180068
0.20250248908996585
0.14803569018840787
-0.04029776528477669
0.18524499237537384
0.09892156720161438
0.14600457251071927
0.1244138404726982
0.16319842636585236
0.19140684604644773
0.0765799880027771
0.07196006178855896
0.16932682693004608
0.2361157387495041
0.22535116970539093
0.17391301691532135
0.035896141082048416
0.20980149507522583
0.07249995321035385
0.07388368993997574
0.15633989870548248
0.1134442463517189
0.15065069496631622
0.16457529366016388
0.13351187109947205
0.15248410403728485
0.15319250524044037
0.09465312957763673
0.12307443469762802
0.17665719985961914
0.22511471807956693
0.2477950006723404
0.22730109095573425
0.24380688369274137
0.004290591459721327
0.23281580209732053
0.18101204931735992
0.18925578892230988
0.08784133195877075
0.07555655390024185
0.20247949659824369
0.15903562307357788
0.1647883653640747
0.05991055443882942
0.216232106089592
0.00793791376054287
0.17836390435695648
0.15075381100177765
0.07182575762271881
0.06375698745250702
0.0012617050670087335
0.1477968543767929
0.1445135623216629
0.1494184285402298
0.1093800738453865
0.14214907586574554
0.23074935376644132
0.0468330904841423
0.08970828354358673
0.22112666070461276
0.19149555265903473
0.10332465171813963
0.15144681930541992
0.19594688713550568
0.1729481816291809
0.21801094710826877
0.14759044349193573
0.15399500727653503
0.14057929813861847
-0.015596015378832815
0.19144782423973083
0.1800218969583511
0.1431266814470291
0.17598454654216766
0.011054137721657751
0.22025054693222043
0.17313869297504425
0.19576998054981232
0.21383638679981232
0.189910501241684
-0.01947496272623539
0.150882288813591
0.13921506702899933
0.011548923328518867
0.06083912029862404
0.22769175469875333
0.16977916657924652
-0.004778041038662195
0.17174839973449707
0.1777394860982895
0.247049942612648
0.14338842034339905
0.1776721179485321
0.1653105467557907
0.16066451370716095
0.08976497501134872
0.2279914915561676
0.21842077374458313
0.1830555349588394
0.23102466762065887
0.17345042526721954
0.04530702903866768
0.1930386275053024
0.1714636981487274
0.16595105826854703
0.12720946967601776
0.03642837330698967
0.15774452686309814
0.08302289992570877
0.15474697947502136
0.0640302523970604
0.19017423689365384
0.1823576390743256
0.16317741572856903
0.12225609272718428
0.010138003155589104
0.09485443681478499
0.14842374622821808
0.18127878010272977
0.12271072715520857
0.16210466623306274
0.13335487246513367
0.17351867258548737
0.1867527067661285
0.1690271347761154
0.1155078113079071
0.23400285840034485
0.16603820025920868
0.08600880950689316
0.03380071744322777
0.11030618101358412
0.1646130234003067
0.14009889960289
0.21400235593318936
0.24294345080852509
0.13338880240917203
0.08248747885227203
0.16756851971149445
0.16032798588275907
0.19344137609004972
0.2003786265850067
0.15669783949851987
0.22776319086551663
0.1900096982717514
0.01654861681163311
0.1916913539171219
0.17169614136219025
0.2021709829568863
0.23542800545692444
0.084074467420578
0.17434488236904144
0.16748522222042084
0.1645039469003677
0.1761445105075836
0.22128033638000488
0.2271719723939896
0.2282394617795944
0.16873054206371307
0.17891980707645416
0.12681034207344055
0.22471451759338376
0.048809055238962167
0.19844628870487213
0.20267201960086825
0.08485510200262068
0.2087470144033432
0.187835305929184
0.20887506008148196
0.2504822909832001
0.23473265767097476
0.10593916475772856
0.21502797305583957
0.14749585092067719
0.20296743512153623
0.19111350178718567
0.16219116747379303
0.20588403940200803
0.23902748525142667
0.19121430814266205
0.23091162741184235
0.22023876011371607
0.0008063460700213909
0.08241984993219374
0.23288996517658236
0.2029980421066284
0.10280605405569077
0.18060509860515597
0.10954496264457703
0.22358936071395877
0.19792914390563965
0.16676032543182373
0.15778803825378415
0.1553467959165573
0.09851724654436111
0.1459536254405975
0.23207534849643707
0.020001472905278202
0.1561395674943924
0.06657161563634872
0.09846172481775284
0.13552401959896088
0.10778021067380904
0.15186437964439392
0.15934713184833527
0.22911584377288816
-0.001970051322132349
0.17542137205600739
0.18333837389945984
0.12913507223129272
0.1427452713251114
0.19466416537761688
0.07474730163812637
0.1528702825307846
0.23405063152313232
0.19599929451942444
0.06607866287231445
0.13303270936012268
0.22206468880176544
0.21276719868183133
0.1742706447839737
0.15107011795043945
0.18237358331680295
0.22030438482761383
0.07772187143564224
0.19727841019630432
0.12676341831684113
0.17396286129951477
0.13007982075214383
0.13508664071559906
0.11041948199272156
0.09187611937522888
0.1237761452794075
0.13997407257556915
0.07485014945268632
0.22449439764022827
0.17842447757720947
0.16095714271068573
0.11745885759592056
0.1513008326292038
0.18557234108448029
0.23016628623008728
0.1366232931613922
0.04316592961549759
-0.08890555799007414
0.08184996247291566
0.24471585452556607
0.12466470152139664
-0.0652146264910698
0.03635605797171593
0.23130653798580167
0.04710079357028008
0.22429032623767847
0.18980358541011808
0.15563130378723145
-0.05876512825489044
0.1607530564069748
0.2140851467847824
0.22855041921138763
0.13720785081386566
0.16104762256145477
0.14010797441005707
0.252173513174057
0.21981061995029447
0.08877665549516678
0.13782788813114166
0.07375802099704742
0.1767617166042328
0.07011470198631287
0.20759269595146176
0.13389086723327637
0.05607830360531807
0.16484209895133972
0.2253909856081009
0.18781448900699613
0.15549682080745697
0.21175630390644076
0.16115637123584747
0.17141495645046234
0.18903203308582303
0.1886131018400192
0.18771424889564517
0.038874175399541855
0.09132889658212659
0.13724389672279355
0.05953553691506386
0.17048314213752747
0.12108700722455978
0.23152945935726163
0.14695595204830167
0.15659120678901672
0.15748851001262665
0.18933917582035065
0.13648036122322083
0.24352560937404633
0.19842691719532007
0.11441466212272644
0.2528912127017975
0.16312836110591888
0.21082273125648496
0.12189341336488724
0.12523306906223297
0.23438298702239993
0.1443094164133072
0.009593399241566658
0.11078191548585892
0.18273307383060453
0.17088215053081512
0.21758989989757535
0.1730770319700241
0.07467611134052275
0.185630664229393
0.14077237248420715
0.20067511498928073
0.07953469455242158
0.1262672394514084
0.004860525485128164
0.1622919589281082
0.17442204058170319
0.23439018428325653
0.15285290777683258
0.21014234423637393
0.027488140389323235
0.2318526804447174
0.1141531839966774
0.14850419759750366
0.21308942139148712
0.1870501786470413
0.2272126376628876
0.1503494828939438
0.17530392110347748
0.07036983221769333
0.22166095674037933
0.22360000014305115
0.10808947682380676
0.17458568513393402
0.22713734209537503
0.20543253421783447
0.23463928699493408
0.148377925157547
0.06798714399337769
0.19440042972564697
0.19585360586643216
-0.08986512571573257
0.1888611763715744
0.13475944101810455
0.10836412757635117
0.24539379775524137
0.15130694210529327
0.04825926199555397
0.13966768980026245
0.22801116108894348
0.08670923858880995
0.16171787679195404
0.2051757574081421
0.20450441539287567
0.06804776936769485
0.14080917835235596
0.160579577088356
0.07501876354217529
0.19386948645114896
0.23736219108104703
0.20723979175090787
0.15799248218536377
0.2394251972436905
0.13025464117527008
0.20951755344867704
0.23773466050624847
0.15478630363941193
0.06016526743769646
0.0854380875825882
0.1633787453174591
0.16115732491016388
0.2167888432741165
0.11111726611852644
0.23109517991542816
0.11690706014633177
0.120193712413311
0.17376302182674408
0.04006781056523323
0.1503824144601822
0.1333458125591278
0.17938865721225739
0.19715860486030576
0.15627263486385343
0.19246825575828552
0.17560869455337524
0.18593607842922208
0.09985307604074478
0.0750586986541748
0.24227228760719297
0.20141838490962985
0.19784365594387052
0.0602191872894764
0.18727476894855496
0.1364137828350067
0.1710558384656906
0.14314161241054535
0.1887013614177704
0.15780940651893616
0.232393816113472
-0.02625706605613232
0.1274210810661316
0.1829877346754074
0.15352721512317655
0.12354322522878645
0.19118264317512512
0.23104496300220487
0.11901014298200609
0.11998095363378523
0.11802516132593154
0.20504994690418243
0.11265631020069122
0.1331484615802765
0.060199256986379616
0.10938584059476852
0.08292460441589355
0.0887856110930443
0.20940153300762177
0.17409054934978485
0.16618508100509644
0.1801416128873825
0.1763019561767578
0.15423525869846344
0.15312115848064423
0.14271406829357147
0.23349179327487943
0.12979693710803983
0.18113888800144196
0.08324157446622849
0.24720488488674164
0.05517735704779625
0.18971167504787445
0.1596798151731491
0.1666179597377777
0.022146569564938545
0.20020481944084167
-0.02333243377506733
0.22454048693180084
0.20000873506069183
0.16773419082164764
0.2411494106054306
0.17231875658035278
0.16807106137275696
0.18029944598674771
0.21594944596290588
0.12979111075401306
0.14855454862117767
0.20283618569374084
0.13403862714767456
0.2203533798456192
0.19099269807338717
0.1094147339463234
0.030667079612612724
0.15728360414505005
0.15179531276226044
0.18330045044422147
-0.0446273535490036
0.2562730610370636
0.05394194647669792
0.15566019713878632
0.22100944817066193
0.18096573650836945
0.17465341091156003
-0.002497969660907984
0.11676988750696182
0.12421762198209763
0.22516866028308868
0.1942152827978134
0.1710607409477234
0.17692948877811432
0.226490318775177
0.14677996933460236
0.1330917328596115
0.096412792801857
0.19528266787528992
0.1429794430732727
0.08042509853839874
0.19406394660472867
0.23381625115871427
0.148980051279068
0.09049170464277267
0.12803401052951813
0.192444771528244
0.236533984541893
0.15949673950672147
0.14082254469394684
0.034527961164712906
0.18735425174236295
0.08577576279640196
0.20008723437786105
0.22952659428119657
0.09828539937734605
0.20947572588920596
0.2298613488674164
0.1384669691324234
0.0690913125872612
0.05374888703227043
0.14924772083759308
0.17910513281822205
0.233306884765625
0.156515434384346
0.12358885258436204
0.15092013776302335
0.046283867210149765
0.1020323932170868
0.11420788615942
0.23426908254623413
0.19507931172847748
0.17597272992134094
0.21844428777694705
0.19032488763332367
0.1955644637346268
0.1587228924036026
0.12062973529100418
0.07456003874540329
0.21155671775341037
0.15619148313999176
0.15311367809772491
0.14974775910377502
0.21172146499156952
0.13913635909557343
0.22411109507083887
0.22455629706382751
-0.04410781711339951
0.2138957381248474
0.12684376537799835
0.20805105566978452
0.23046258091926572
-0.009053466841578484
0.1642573773860931
0.05436424538493157
0.198907271027565
0.07813289016485214
-0.02379084564745426
0.14405015110969543
0.029458647593855854
0.15190701186656952
0.153550922870636
0.040533851832151406
0.1613265424966812
0.23810543119907376
0.037463296204805374
0.24068269133567807
0.1476409137248993
0.16938722133636475
0.04293493553996086
0.18378792703151703
0.18280079960823056
0.15899240970611572
0.22129051387310028
0.16352295875549316
0.21007968485355377
0.027725039049983025
0.12680521607398987
0.1516483575105667
0.12117595225572586
0.1862872689962387
0.18070138990879056
0.11700942367315292
0.07812146097421646
0.10763118416070938
0.19746106863021848
0.23263728618621823
0.11114243417978285
0.2041225880384445
0.06630224734544754
0.042954687029123306
0.10232485085725784
0.2068693935871124
0.15298284590244293
0.1536217629909515
0.07639216631650925
0.18310053646564484
0.16275595128536224
0.1289563626050949
0.19197745621204376
0.16382652521133423
0.0688188225030899
0.20237495005130768
-0.014517841860651968
0.1104595586657524
0.09917113184928894
0.11595234274864195
0.08573713153600691
-0.0034233317710459232
0.15516342222690582
0.1611522138118744
0.09173350036144257
0.19208417832851407
-0.021562742069363598
0.20322345197200772
0.19823399186134336
0.06537264585494995
0.21275708079338077
0.17085017263889313
0.1367691308259964
0.14752477407455444
0.19361664354801175
0.07405492663383485
0.04297821596264839
0.02236282452940941
0.1525220274925232
0.1480143666267395
0.14729271829128265
0.18506357073783877
0.07347443699836731
0.18224485218524927
0.14995063841342926
0.1383477598428726
0.20961934328079224
0.17415519058704376
0.17121674120426175
0.2031405717134476
0.11457467824220656
0.2134466618299484
0.1294207125902176
0.16897393763065338
0.10770896822214127
0.16095800697803497
0.087234728038311
0.1464191377162933
0.05849300697445869
0.1810980439186096
0.16438131034374237
0.2144232839345932
0.07952485233545302
0.17277051508426666
0.05096578225493431
0.11088625341653824
0.24256613850593567
0.21694155037403104
0.20047655701637268
0.02384522184729576
0.1559481769800186
0.22659277915954587
0.21136851608753204
0.2254484444856644
0.1577015072107315
0.23496435582637784
0.13601242005825043
0.2105323821306229
0.19077971577644348
0.09015492349863052
0.0591324158012867
0.2323355972766876
0.2282463759183884
0.1430792659521103
-0.03618713840842247
0.19259242713451383
0.1178196221590042
0.14742489159107208
0.11336690932512283
0.22827428579330444
0.20631416141986847
0.23542508482933044
0.1859774738550186
0.20434005558490756
0.24679471552371976
0.18229372799396515
0.09004005044698715
0.178831547498703
0.13036146759986875
0.2401178926229477
0.10265889763832092
0.09343964606523512
0.2448399513959885
0.14706353843212128
0.23456527292728424
0.17326518893241882
0.2362883985042572
0.22295784950256348
0.0963265150785446
0.1732652187347412
0.15998978912830353
0.08710192888975142
0.19708366692066193
0.01653948612511158
0.19584558904170987
0.137083038687706
0.20320670306682584
0.2440529018640518
0.2213052362203598
0.17130210995674133
0.1721985936164856
0.2053869515657425
0.1740300804376602
0.1615902483463287
0.14640186727046967
-0.016034450381994247
0.15572774410247803
0.10181569308042526
0.09959034621715544
0.222505196928978
0.12163852900266647
0.08543279021978377
0.10916455835103989
0.10944682359695435
0.07245157659053801
0.14145250618457794
0.20033593475818637
0.16137199103832245
0.2401059716939926
0.17796318233013153
-0.04216192290186881
0.19149817526340485
0.11333494633436204
0.16619421541690826
0.23294591903686523
0.06338423490524292
0.22458235919475555
0.03677036613225937
0.07794886082410812
0.049856606870889664
0.18349669873714447
0.20658960938453677
0.07985343784093855
0.14086467027664185
0.09462910145521167
0.21482089161872864
0.16227532923221588
0.14061123132705688
0.09455678611993788
0.13598626852035522
-0.0021264315582811832
0.131160169839859
0.18731512129306796
0.19271723926067352
0.2079254537820816
0.13859377801418304
0.2062043398618698
-0.005020453128963709
0.13762658834457395
0.01348418928682804
0.05284691601991653
0.09590920805931091
0.1751442104578018
0.1808800846338272
0.1473819762468338
0.0560610257089138
0.1120714321732521
-0.02402951754629612
0.17449378967285156
0.12461959570646286
0.1031244471669197
0.17422769963741302
0.2136481702327728
0.1255291253328323
0.1353653520345688
0.15306133031845093
0.13880325853824615
0.05765964463353157
0.14296157658100128
0.22845919430255887
0.1842043250799179
0.1736035197973251
0.18285019695758817
0.23773516714572904
0.172599196434021
0.1940344870090485
0.15141381323337555
0.15050020813941956
0.1613440066576004
0.06974761188030243
0.06650259345769882
0.23260362446308133
0.11834480613470076
0.24056102335453036
0.13923995196819303
0.062439952045679085
0.12186904996633528
-0.03065645135939121
0.21851545572280884
0.16005487740039823
0.17448964715003967
0.1591152250766754
0.13443461060523987
0.2471399158239365
0.019089089706540108
0.2281668484210968
0.20965556800365448
0.1958414316177368
0.07997375726699829
0.19991777837276456
0.18088760972023007
0.15232636034488675
0.19133995473384857
0.21966226398944852
0.23077276349067688
0.14118945598602295
0.1422603130340576
0.2055305540561676
0.07813540101051329
0.09977851063013075
0.20403441786766047
0.20953893661499023
0.2305121868848801
0.11435773968696594
0.16112662851810455
0.11431966722011566
0.005627309437841177
0.1573716253042221
0.15454137325286865
0.24727608263492584
0.0723646953701973
0.1798027604818344
0.1797354221343994
-0.055111415684223175
0.2269851118326187
0.22237075865268707
0.2246419787406921
0.25546547770500183
0.15993948280811307
0.18733714520931244
0.17752788960933685
0.1608562022447586
0.0952378436923027
0.10750502347946166
0.11552000045776369
0.14092637598514557
0.1746407151222229
0.24002395570278168
-0.02710850723087788
0.16201283037662506
0.16513632237911224
0.08150199055671693
0.1309269815683365
0.0872816890478134
0.14236980676651
0.1592004746198654
0.18817383050918576
0.16738082468509674
0.171606108546257
0.04840699583292008
0.07748252898454666
0.11635681986808775
0.22534604370594025
0.13377971947193143
0.17705987393856049
0.16786614060401917
0.1499354392290115
0.10949435085058212
0.10781139880418776
0.16125710308551788
0.172820582985878
0.19891484081745148
0.0390232689678669
0.1569644659757614
0.17265962064266205
0.09860794991254807
0.15187804400920868
0.10619833320379256
0.05424388498067856
0.1275264024734497
0.15751944482326508
0.1652325540781021
0.1550924181938171
0.08536569774150848
0.15038152039051056
0.04189824312925339
0.13794739544391632
0.028235116973519325
0.08128047734498978
0.119040809571743
0.17710570991039276
0.15749621391296387
0.15591125190258026
0.04748896136879921
0.23031042516231537
0.2233663648366928
0.10879924148321152
0.1757448762655258
0.17854730784893036
0.09264788776636125
0.19191460311412809
0.20199522376060483
0.2317793965339661
0.1350078284740448
0.09643465280532837
0.14000661671161652
0.05183315649628639
0.05552313849329949
0.2248939871788025
0.1548035591840744
0.19421018660068512
0.10051004588603972
0.05984129384160042
0.13395394384860992
0.2118687480688095
0.20231680572032928
0.06482669711112976
0.2111148685216904
0.2282077521085739
0.09242626279592514
0.0668272152543068
0.15718966722488403
0.09393618255853653
0.1839686185121536
0.11532967537641524
0.08821470290422438
0.036725088953971856
0.11959291249513626
0.13319219648838043
0.16578327119350433
0.14118441939353943
0.2435147762298584
0.2071785777807236
0.14701513946056363
0.07397234439849852
0.11927834898233412
0.22771029174327848
0.07556876540184021
0.06777773797512054
0.17354547977447507
0.19105409085750577
0.09172531962394713
0.06794974207878113
0.1765471249818802
0.2276057004928589
0.23552751541137693
-0.06306944042444229
0.08500051498413086
0.23610395193099973
0.09427084028720856
0.19487048685550687
0.13702723383903503
0.005336543079465628
0.18922436237335205
0.1268821805715561
0.097588449716568
0.06730085611343384
0.17867521941661835
0.08441630750894545
0.14779551327228546
0.030270813032984734
0.06904113292694092
0.14472967386245728
0.20171768963336945
0.22988010942935944
0.13408668339252472
0.2548518478870392
0.2229692488908768
0.13915422558784485
0.24668915569782257
0.2076968252658844
0.19613833725452423
0.03694472089409828
0.1347818374633789
0.11401154100894928
0.116338811814785
0.09479355812072754
0.1899207830429077
0.19819699227809903
0.19114711880683896
0.06683975458145142
0.08055191487073897
0.18838046491146088
0.21180386841297147
0.20216943323612213
0.1768832504749298
0.12960697710514069
0.1235077753663063
0.146101713180542
0.17775879800319672
0.15796174108982086
0.06914734840393065
0.22607927024364471
0.16583667695522308
0.15248991549015045
0.14402945339679718
0.20055331289768216
0.20490868389606476
0.16752274334430695
0.13306348025798795
0.08088342100381851
0.10866764187812804
0.10243677347898485
0.18800559639930725
0.10101441293954848
0.17575840651988983
0.231610968708992
0.03507040813565254
0.1354624629020691
0.23297269642353055
-0.0015719258226454256
0.14026112854480743
0.21205677092075348
-0.02909460850059986
0.15900039672851562
0.08011216670274734
0.1998592019081116
0.2273037284612656
0.2384159564971924
0.18856732547283167
0.07342105358839035
0.1980756372213364
0.17858123779296875
0.14338138699531555
0.0868149623274803
0.17893296480178833
0.05900655314326286
0.1856783479452133
0.163751482963562
0.19461512565612793
0.1563875675201416
0.10571841895580292
0.23304980993270877
-0.007698460016399623
0.07740668952465057
0.17278634011745453
-0.0023510479368269444
0.08676177263259886
0.21494512259960172
0.22517104446887967
0.12416800111532213
0.15744377672672272
0.19082851707935333
0.24838288128376007
0.008370531722903252
0.1439237892627716
0.1523940861225128
0.009680526331067085
0.17755618691444397
0.12678156793117523
0.2042030692100525
0.16496649384498596
0.17684650421142578
0.24703137576580048
0.24892903864383695
0.0765448287129402
0.1773006170988083
0.1498381346464157
0.16447483003139496
0.1087794080376625
0.14958782494068143
0.1278909593820572
-0.0017384723760187624
0.19481882452964783
0.2027643918991089
0.11271920055150984
0.23386885225772855
0.24074277281761167
0.10618607699871065
0.14964537322521207
0.124663807451725
0.11704543977975844
0.13800297677516937
0.2318977564573288
0.09884601831436157
0.21674953401088717
0.10735727101564407
0.2299022525548935
0.1566701382398605
0.1496499329805374
0.03018917329609394
0.14914870262145996
0.18227986991405487
0.20067350566387177
0.16036652028560638
0.17939217388629913
0.0981839299201965
0.14047308266162872
-0.0021202960051596165
0.1859421581029892
-0.08318549394607544
0.16263002157211304
0.08675834536552429
0.22251009941101077
0.20743675529956815
0.2006940990686417
0.145223006606102
0.07061466574668884
0.21140205860137937
0.10933794826269148
0.08356319367885588
0.1922508329153061
0.13783136010169983
0.13034425675868988
0.10075033456087112
0.06616955250501633
0.24247954785823825
0.17902956902980804
0.13773341476917267
0.08111711591482161
0.2163633108139038
0.029038375243544575
0.06497882306575775
0.20398357510566711
0.22874610126018524
0.20311492681503293
0.01525730825960636
0.1939389407634735
0.18906529247760767
0.23183150589466092
0.1904845684766769
0.06297282129526137
0.21155038475990293
0.1884279698133469
0.20358090102672577
0.227297767996788
0.21924398839473724
0.12370657175779343
0.24345742166042328
0.1760341376066208
0.16584937274456024
0.2385874688625336
0.2236444503068924
0.2297024577856064
0.17887549102306363
0.18008220195770264
0.18552920222282407
0.22869926691055295
0.15502028167247772
0.2505944669246673
0.1908964961767197
0.22659040987491608
0.1842980831861496
0.14725519716739655
-0.0310258399695158
0.18885378539562225
-0.055758018046617515
0.17636720836162567
0.12523795664310455
0.03170744702219963
0.10398044437170029
0.058873001486063
0.16749532520771027
0.2250434905290604
0.21669016778469083
-0.024685675278306007
0.1884249895811081
0.19161720573902127
0.1678008884191513
0.2107572704553604
0.17504307627677915
0.16358861327171323
0.1894424110651016
0.16347049176692963
0.0413207821547985
0.14580650627613068
0.17074495553970337
0.188907191157341
0.15921376645565033
0.16787002980709076
0.11846209317445756
0.20616434514522552
0.2301025837659836
0.22241096198558807
0.10850543528795242
0.05197811499238014
0.16641709208488464
0.1802423447370529
-0.010281434282660484
0.12302512675523757
0.15783429145812988
0.09210354834794998
0.2411311566829681
-0.03200991451740265
0.21915853023529047
0.199935644865036
0.02669747732579708
0.20830555260181427
0.1596819758415222
0.009014507755637167
0.13776955008506775
0.1871640384197235
0.1267421990633011
0.17743979394435883
0.21450296044349673
0.24846126139163968
0.16145996749401093
0.10665269941091536
0.09656997770071027
0.16956369578838348
0.16859854757785797
0.23491923511028287
0.08993879705667494
0.1094147264957428
0.15529096126556396
0.1187003180384636
0.19640322029590607
0.16974543035030365
0.03464914485812187
0.07729359716176985
0.09715177863836288
0.1618431657552719
0.12343107908964156
0.1121150329709053
0.11030473560094832
0.170248344540596
0.14481553435325623
0.22472093999385837
0.0885908156633377
0.07439090311527251
0.16952329874038696
0.2090770453214645
0.159283310174942
0.14499907195568085
0.19437249004840848
0.18464460968971247
0.18255452811717987
0.24368067085742953
0.17419137060642242
0.15683035552501678
0.23407313227653503
0.14480485022068024
0.18829382956027985
0.17328764498233795
0.085346482694149
0.14295721054077148
0.1560755670070648
0.07260124385356903
0.20051349699497223
0.17163674533367157
0.21826007962226868
0.1622828096151352
0.028409505262970924
0.19339282810688016
0.2340620309114456
0.15640802681446075
0.15515601634979248
0.22673778235912323
0.10462834686040878
0.0741679146885872
-0.018581667914986607
0.18676449358463287
0.167451873421669
-0.012442158535122871
0.13867349922657013
0.12110137194395064
0.1520950347185135
0.05219465121626854
0.2323932647705078
0.15289150178432465
0.2140626013278961
0.1863212287425995
0.2133189290761948
0.14496922492980957
-0.017252163961529732
0.17294682562351227
0.13028520345687866
0.13471601903438568
0.11989835649728776
0.16743400692939758
0.220241978764534
0.21366508305072784
0.20573388040065765
0.17581886053085327
0.15450693666934967
0.1907540261745453
-0.007730538491159677
0.03587806224822998
0.23499457538127896
0.06384827941656113
0.19675655663013455
0.2375159710645676
0.15101203322410583
0.16346536576747894
0.15907199680805206
0.24433322250843048
0.06617090851068497
0.15664683282375336
0.12833726406097412
0.022239798679947853
0.2079270631074905
0.20664751529693604
0.15575213730335236
0.033478159457445145
0.1875394433736801
0.1603141874074936
0.18375323712825772
0.12031162530183792
0.02757455222308636
0.14162734150886536
0.15504978597164154
0.06152931973338127
0.1724133938550949
0.21700295805931089
0.19773955643177032
0.1304755061864853
0.17696724832057953
0.1330607384443283
0.08296882361173628
0.07348041236400604
0.1015007346868515
0.15340189635753632
0.0024648024700582027
-0.0281120166182518
0.10225199908018112
0.2343527227640152
0.18106506764888763
-0.015252767130732536
0.18050672113895416
0.226928785443306
0.22613438963890076
0.17977400124073029
0.09803225845098495
0.04767471179366112
0.19708193838596344
0.15365780889987943
-0.0441858135163784
0.10196655988693236
0.17076650261878967
0.15962132811546323
0.17373549938201904
0.05977829173207283
0.17837487161159515
0.20417141914367676
0.2474023252725601
0.21246202290058133
0.12174121290445328
0.15668819844722748
0.13745959103107452
0.13535690307617188
0.14500878751277924
0.04985298588871956
0.2379130721092224
0.21087336540222168
0.16338247060775757
0.18471866846084595
0.19063110649585724
0.09850472956895827
0.19120104610919952
0.1034693419933319
0.19452910125255585
0.13984689116477966
-0.028569890186190605
0.1121724620461464
0.15637896955013275
-0.03754644840955734
0.18253137171268463
0.0943443551659584
0.09330654144287107
0.174566313624382
0.1419176161289215
0.01572725735604763
-0.04184625670313835
0.03948941454291344
0.23223054409027097
0.18513481318950653
0.1722506880760193
0.1952241212129593
0.22546331584453583
0.07440140098333359
0.20574440062046048
0.20785632729530332
0.10818833857774734
0.1814454048871994
0.25367993116378784
0.20186810195446012
0.0845613181591034
0.23183527588844297
0.14647915959358215
0.18228627741336825
0.1668335348367691
0.12345754355192184
0.23852138221263883
0.15847715735435483
0.20530547201633453
0.11261782795190813
0.20750792324543
0.18209879100322723
0.10363326966762541
0.1399109810590744
0.2123268395662308
0.08625876903533934
0.24035710096359247
0.23558820784091947
0.1810103952884674
0.08725914359092712
0.07482393831014633
0.07655423879623413
0.15985344350337982
0.23409338295459747
0.05012584850192071
0.18848502635955808
0.07794902473688124
0.1735052615404129
0.23206953704357147
0.11078140139579772
0.014444192871451376
0.16617663204669952
0.15691255033016205
0.13244909048080444
0.2207997888326645
0.22144125401973724
0.1487433165311813
0.16911602020263672
0.04660307988524437
0.12569986283779144
0.09599684923887251
0.17317737638950348
0.17033632099628448
0.17790444195270538
0.23055453598499295
0.06620866805315018
0.09344020485877991
0.12255961447954176
0.011566951870918272
0.0867764800786972
0.005983173381537199
0.1541905701160431
0.17056401073932648
0.1585346907377243
0.18795157968997955
0.15124501287937164
0.07823633402585982
0.11960431188344955
0.06878183037042618
0.03049570135772228
0.2328218370676041
0.1838727742433548
0.21636909246444705
0.14146555960178375
0.19917646050453183
-0.05344803631305695
0.1656343936920166
0.1369675248861313
0.24129270017147064
0.14000537991523743
0.18871626257896423
0.19873946905136108
0.13683335483074188
0.136387899518013
0.2267195135354996
0.15568459033966064
0.24496440589427948
0.17801606655120847
0.06313394755125046
0.16256596148014069
0.1326434165239334
0.11582662910223009
0.1602608412504196
0.18611936271190643
-0.0021399543620646
0.21578660607337952
0.11076033860445023
0.10850251466035842
0.24219985306262967
0.14146403968334198
0.17417193949222565
0.05305695161223412
0.18828408420085904
0.18800003826618197
0.23440080881118772
0.051452606916427605
0.010901577770709991
0.1882936805486679
0.15093959867954254
0.16464351117610931
0.12228307873010635
0.07543130964040755
0.136369988322258
0.097881518304348
0.04380834475159645
0.23901672661304477
0.033088456839323044
0.1386190503835678
0.03598134592175484
0.2037181705236435
0.1845569759607315
0.05785487964749336
0.18917851150035855
0.19193151593208313
0.09507621079683305
0.03859718516469002
0.08894623070955276
0.17155905067920685
0.08122029900550842
0.1698392778635025
0.2263232469558716
0.16013529896736145
0.2225730270147324
0.1552828997373581
0.0885317847132683
0.12446051090955734
0.1989205777645111
0.23098863661289212
0.1133916676044464
0.12124571949243544
0.25373139977455134
0.17884439229965207
0.2266002148389816
-0.0274480190128088
0.09770981222391129
0.11108721792697906
0.24080349504947665
0.17168952524662015
0.2523687779903412
0.13287605345249176
0.12827299535274503
0.13707762956619263
0.19798521697521207
0.22567714750766757
0.17662228643894196
0.20499734580516812
0.1585501879453659
0.0527070052921772
0.15045686066150665
0.15467919409275055
0.19300460815429688
0.12979523837566376
0.065312460064888
0.012767603620886803
0.20809338986873624
0.14380328357219696
0.18598778545856476
0.1204068586230278
0.19636245071887967
0.13393989205360413
0.22440940141677856
0.1299148052930832
0.17789143323898315
0.08154938369989395
0.1515049934387207
0.10176201164722443
0.14854946732521057
0.0696992427110672
0.14895591139793396
0.19559322297573087
0.1756799966096878
0.03222448006272316
0.2376039922237396
0.2490505129098892
0.12507803738117218
0.09491661936044693
0.1895219385623932
0.24085609614849088
0.23491680622100833
0.2502549886703491
0.19815044105052948
0.19332477450370789
0.15441645681858063
0.03104253299534321
0.23219121992588043
0.0714152604341507
0.15192873775959015
0.07242711633443832
0.199219211935997
0.14270491898059845
0.16272619366645813
0.1214253231883049
0.08401752263307571
0.24868641793727875
0.18801449239254
-0.012370849028229712
0.18417836725711825
0.17259128391742706
0.10311511158943176
0.1069059446454048
0.2083525508642197
0.1827459782361984
0.16704325377941132
0.24027429521083832
0.14072103798389435
0.2113628089427948
0.11657987534999847
0.14036805927753448
0.21712696552276609
0.18520639836788175
0.1577356606721878
0.1170920506119728
0.17805971205234528
0.19306440651416776
-0.002170930150896311
0.15118731558322906
0.23115141689777371
0.16250576078891754
0.07802362740039825
0.2245958596467972
0.1701102703809738
0.17733612656593323
0.18152670562267303
0.21636320650577545
0.13846904039382935
0.1481354683637619
0.1024276092648506
-0.014005707576870918
0.2506013810634613
0.18834827840328217
0.1860932409763336
0.08339649438858032
0.06847625225782393
0.06550353020429611
0.03254191204905509
0.16435824334621427
0.1854128539562225
0.18283672630786893
0.10008781403303146
0.14777496457099915
0.1829646527767181
0.2294782847166061
0.19880925118923187
0.19970756769180295
0.22592945396900177
0.22466826438903809
0.22173427045345304
0.22917625308036804
0.1001712903380394
0.1986666172742844
0.16318900883197784
0.22097082436084747
0.14597730338573456
0.2456931322813034
0.226152166724205
0.09210427850484848
0.21231727302074432
0.15084320306777954
0.12145096808671953
0.2318394035100937
0.18057994544506076
0.21221077442169187
0.15796898305416107
0.1458163410425186
0.18986018002033236
0.17231561243534088
0.2354699671268463
0.2299077808856964
0.23428376019001007
0.13153640925884247
0.09520383179187775
0.2409677058458328
0.19678880274295807
0.12525875866413116
0.12739939987659454
0.03826042637228966
0.15161302685737607
0.01420137844979763
0.16727058589458463
0.1860020011663437
0.24362652003765103
0.1453454941511154
0.23561333119869232
0.16810914874076843
0.1983691304922104
0.1797777563333511
0.17626579105854034
0.15166437625885007
0.19739873707294464
0.1613217145204544
0.19684346020221713
0.11171211302280426
0.231443390250206
0.22871106863021848
0.23694215714931488
0.0857284739613533
0.173377588391304
0.0854070708155632
0.2041568458080292
0.10384183377027512
0.14559824764728546
0.09276901185512543
0.15604162216186523
0.06806948035955429
0.09347487241029741
0.23467545211315155
0.09470426291227341
0.09523409605026244
0.13613632321357727
0.10583005845546722
0.18550552427768707
0.1431954056024551
0.14247862994670868
0.1033445969223976
0.13163717091083527
0.1512690931558609
0.2505861520767212
0.02843989245593548
-0.015586411580443382
0.10153952240943909
0.24047698080539703
0.2278876155614853
0.2095419019460678
0.2341905981302261
0.2214861363172531
0.13927419483661652
0.20954570174217224
0.1965044140815735
-0.003534453455358744
0.15316230058670044
0.2338505834341049
0.03729372099041938
0.19316972792148593
0.14744554460048676
0.17423656582832336
0.1412936896085739
0.18608927726745603
0.23146852850914
0.020706066861748692
0.18529839813709256
-0.014132747426629066
0.1595516949892044
0.11952676624059676
0.22690720856189728
0.231706902384758
0.2234729528427124
0.17343780398368835
0.1424766629934311
0.2583245038986206
0.1742268204689026
0.17534197866916656
0.008278554305434227
0.17239849269390106
0.14372600615024567
0.1707550585269928
0.19502024352550504
0.18987901508808133
0.06324197351932526
0.09299738705158232
0.2329777479171753
0.17939971387386322
0.1126262918114662
0.1858137547969818
0.11249483376741408
0.15603072941303253
0.2201465219259262
0.2046605497598648
0.1566302627325058
0.11991495639085768
0.19748136401176447
0.16137446463108063
0.2274133265018463
0.12874987721443176
0.1946362107992172
0.005717344116419554
0.08347956836223601
0.2242024391889572
0.1285523623228073
0.23232647776603696
0.0784071832895279
0.16169722378253937
0.19961450994014737
0.187755823135376
0.16754686832427979
0.0011451146565377712
0.09568733721971513
0.08721382915973662
0.12140417844057085
0.1552666127681732
0.2225186675786972
0.12912242114543915
0.15352818369865415
-0.1076989248394966
0.1508343070745468
0.1095362901687622
0.1379522830247879
0.22111020982265472
0.19725431501865384
0.22437766194343567
0.10011964291334152
0.25409021973609924
0.16994519531726837
0.0561663694679737
-0.07181926816701889
0.1390397697687149
0.023371597751975056
0.10629116743803024
0.109357051551342
0.1912590265274048
-0.046943549066782
0.1315528005361557
0.1524810492992401
0.14184802770614624
0.14201988279819489
0.15471187233924863
0.16980573534965515
0.21443043649196625
0.13723690807819366
0.031591523438692086
0.17288915812969208
0.09160465747117996
0.17108596861362457
0.11287938058376312
0.13228169083595276
0.07553199678659439
0.08905411511659622
0.05333123728632927
0.17537862062454224
0.23937831819057465
0.11638050526380538
0.15854598581790924
0.1132109761238098
0.179780051112175
0.17099054157733917
0.19183100759983063
0.16383518278598783
0.1961696892976761
0.10573745518922804
0.16479508578777313
0.15326502919197083
0.20379503071308133
0.19626885652542117
0.21064428985118863
0.15527962148189545
0.16082064807415009
0.10322954505681992
0.23050031065940857
0.06298934668302536
0.10137154906988144
0.17640121281147003
0.05988758429884911
0.0836053341627121
0.09749274700880049
0.17261044681072235
0.14211757481098175
0.07304982095956801
0.23731011152267456
0.15034304559230804
0.032302845269441605
0.20615969598293304
0.03089708648622036
0.15809161961078644
0.07788117974996567
0.1120460107922554
0.16906757652759552
0.22550897300243375
0.17603883147239685
0.11875372380018234
0.23004415631294248
0.19176509976387024
0.23204150795936584
0.2477715760469437
0.18715326488018036
0.13390798866748807
0.1475667506456375
0.21231961250305173
0.19458639621734616
0.1689675599336624
0.15402427315711975
0.18184435367584229
0.14926511049270627
0.2523477077484131
0.12767870724201202
0.1452251821756363
0.059299353510141366
0.13108696043491364
0.06542491167783737
0.12855909764766693
0.1688209772109985
0.15480925142765045
0.094688318669796
0.15382337570190427
0.12819744646549225
0.2119284421205521
0.15492261946201324
0.10831714421510696
0.24725891649723047
0.128066286444664
0.1723088026046753
0.09879959374666213
0.11630947142839432
0.13285675644874573
0.1200624480843544
0.22888700664043424
0.17436520755290985
0.147462859749794
0.17776577174663544
0.16750456392765045
0.06151292845606804
0.18518479168415067
0.21500833332538605
0.13790015876293182
0.06317663937807083
0.22594070434570312
0.19501908123493197
0.14142839610576627
0.14326927065849304
0.08568433672189713
0.1585686355829239
0.22869712114334104
0.17814277112483978
0.23315101861953733
0.1717977076768875
0.19266296923160553
0.13499470055103302
0.15668681263923645
0.18445341289043424
0.252128928899765
0.18832032382488248
0.1541755050420761
0.09945377707481384
0.11899054795503616
0.10258765518665312
0.15075643360614777
0.11958151310682295
0.23113073408603668
0.10237405449151991
0.012990152463316916
0.15685425698757172
0.09537792950868607
0.11819375306367874
0.052514780312776566
0.21493789553642273
0.23010118305683133
0.10891926288604736
0.1657707542181015
0.19924722611904144
0.2346085160970688
0.09084829688072205
0.2481932193040848
0.14617945253849027
0.11290423572063446
0.1684839129447937
0.16554655134677887
0.22756861150264737
0.1564968377351761
0.13907943665981293
0.22625628113746643
0.02532491274178028
0.08942818641662596
0.16132988035678864
0.23823042213916776
0.17811447381973267
0.08648272603750227
0.1760171502828598
0.211639016866684
0.1121961399912834
0.12251583486795424
0.18191465735435483
0.2521458566188812
0.09124342352151871
0.2199717015028
0.23398317396640775
0.09578800201416016
0.18260300159454343
0.1777674704790115
0.21072943508625033
0.09800027310848237
0.21374291181564328
0.17054566740989685
0.23125286400318143
0.12578192353248596
0.0604318268597126
0.1395295113325119
0.21460595726966855
0.16090862452983856
0.19043590128421783
0.08750059455633163
0.1894931048154831
0.15897023677825928
0.09897704422473907
0.06597264856100081
0.14475862681865692
0.11181723326444624
0.151952788233757
0.19077546894550323
0.11259218305349349
0.15052954852581024
0.0749301090836525
0.09573502093553544
0.21612820029258728
0.06559749692678452
0.13669951260089874
0.1778506636619568
0.21070577204227448
0.1608684808015823
0.1851097196340561
0.08918680995702742
0.17565424740314484
0.031471606343984604
0.13491646945476532
0.13015279173851013
0.08612614870071411
0.10556348413228989
0.22451300919055936
0.01963057927787304
0.1797661334276199
0.19562265276908877
0.17856450378894803
0.12217440456151962
0.06763823330402374
0.06147927418351173
0.20309258997440335
0.16797323524951935
0.18922430276870728
0.022232774645090103
0.18880052864551544
0.09795180708169936
0.04244876280426979
0.2178129404783249
0.11616278439760208
0.18906594812870023
0.12295208126306532
0.23413534462451932
0.04141855612397194
0.2265553921461105
0.1533381938934326
0.23460713028907773
0.1786593645811081
0.2105702608823776
-0.018546340987086296
0.13129745423793793
0.17410589754581451
0.17767579853534698
0.13138237595558167
0.13326819241046903
0.23868732154369357
0.18278031051158905
0.03927985578775406
0.11762567609548567
0.2147273421287537
0.1500211805105209
0.172309473156929
0.059228550642728806
0.1692814975976944
0.18925622105598447
0.06736494600772858
0.14439420402050018
0.10665146261453629
0.1663175672292709
0.1668543666601181
0.2044004052877426
0.18746919929981232
0.06571264564990997
0.13759881258010864
-0.004187671933323145
0.22729437053203583
0.15883685648441315
0.1719253361225128
0.17881768941879272
0.12545092403888702
0.13816219568252563
0.1267017275094986
0.16346724331378937
0.1721826046705246
0.1796249896287918
0.18544498085975647
0.24857075512409207
0.1685045212507248
0.24422450363636017
0.20675079524517057
0.17735059559345245
0.09804534912109376
0.03847535699605942
0.2290474772453308
0.1504669487476349
0.08716577291488646
0.09551617503166199
0.2047110348939896
0.20977936685085297
0.13474813103675842
0.1844685226678848
0.21434746682643888
0.0908120721578598
0.15142600238323212
0.22306966781616208
0.1604813188314438
0.23460374772548676
0.07091457396745682
0.19750235974788663
0.21875572204589844
0.13191954791545868
0.09070850163698195
0.1927431970834732
0.1583844423294067
0.05430145934224129
0.15454520285129547
0.022966036573052406
0.12694279849529266
0.18698531389236447
0.22975581884384155
0.1386038064956665
0.19148601591587064
0.11355526745319366
0.1477433145046234
0.21642883121967316
0.18127404153347013
0.10477250069379807
-0.01793188415467739
0.034690823405981064
0.17638859152793884
0.18632984161376956
0.10718458890914916
0.14440597593784332
0.16929513216018677
0.23140965402126312
0.11903467029333115
0.1308501660823822
0.22906544804573056
0.22808049619197843
0.18781283497810364
0.10214167088270187
0.12686504423618317
0.1489715427160263
0.2135581821203232
0.1925936788320541
0.15366508066654205
0.09945710748434065
0.07060106843709946
0.13484810292720795
0.06901739537715912
0.1662149578332901
0.13463787734508514
0.06799354404211044
0.22021718323230743
0.1622067391872406
0.08311418443918227
0.23952947556972504
0.037113118916749954
0.1401306837797165
0.22626036405563357
0.14413732290267944
0.19651529192924497
0.17906200885772705
0.16020768880844116
0.10854449123144148
0.16451895236968994
0.1688305288553238
0.08737847954034805
-0.016516683623194695
0.17685256898403168
0.05766497179865837
0.1437677890062332
-0.049015458673238754
0.11915599554777144
0.052052076905965805
0.0753520056605339
-0.01165599562227726
0.1815698891878128
0.022246370092034336
0.12184970825910568
0.043528135865926736
0.1468055546283722
0.09547889977693555
0.10704470425844193
0.1588368862867355
0.15497493743896484
0.17802631855010986
0.026155790314078328
0.18134739995002744
0.19933006167411804
0.06818489730358124
0.13656495511531827
0.1649812012910843
0.20497845113277435
0.1585669219493866
0.25214952230453486
0.0409761555492878
0.06787420064210892
0.2276900410652161
0.21073614060878756
0.17336328327655792
0.07016695290803909
0.1949966996908188
0.16828884184360504
0.20389162003993988
0.12597735226154327
0.1500608921051025
0.09682344645261763
0.1228395327925682
0.22600847482681277
0.09361150115728377
0.16564112901687622
0.21781666576862332
0.06340343505144119
0.10773251205682755
0.19626824557781217
0.103189617395401
0.15738292038440704
0.1655299216508865
0.10034150630235672
0.20810262858867645
0.1924891024827957
0.1844477504491806
0.1639236956834793
0.1779500842094421
0.17597800493240356
0.11603576689958572
0.09734181314706801
0.14932109415531158
0.10826548188924788
0.034846231341362
0.08713361620903014
0.23829247057437897
0.17688164114952087
0.21505172550678253
0.2378391772508621
0.12308640033006668
0.15402689576148987
0.08435679227113724
0.17114435136318207
0.2273479253053665
0.13622228801250455
0.2170596867799759
0.13483236730098724
0.17331866919994354
0.1655089557170868
0.019536767154932026
0.2190128117799759
0.1880875825881958
0.22392816841602323
0.11228063702583312
0.02123907394707203
0.17382897436618805
0.09802693873643875
0.188038632273674
-0.08128562569618225
0.1336357444524765
0.13808351755142212
0.08938197791576385
0.18147088587284088
0.07633382081985474
0.1950095295906067
0.1800459772348404
0.23373636603355408
0.18936187028884888
0.1109580621123314
0.0435340590775013
0.19638529419898984
0.2263587564229965
0.06738643348217009
0.140978142619133
0.050505880266427994
0.2263034880161285
0.2208070009946823
0.10341738164424896
0.22020345926284793
0.15826380252838135
0.1689779162406921
-0.0756905823945999
0.05097121745347977
-0.052193213254213326
0.1857811063528061
0.019075760617852208
0.15055324137210843
0.17522810399532318
-0.01724429614841938
0.17605768144130707
0.16772259771823883
0.1753309667110443
0.23872819542884824
0.23194013535976407
0.13429956138134003
0.17829415202140808
0.18259449303150177
0.23214262723922727
0.106440469622612
0.1750473529100418
0.08753520995378494
0.18896134197711945
0.03840222582221031
0.16528667509555817
0.14599323272705078
0.05614708736538887
0.16151975095272064
0.1967705637216568
0.1656922549009323
0.10660343617200851
0.2294814586639404
0.08789015561342238
0.09114850312471388
0.07780929654836655
0.02813568525016308
0.18555215001106265
0.23902069032192233
0.033702947199344635
0.1046810820698738
0.018930228427052494
0.24105672538280487
0.19985091686248777
0.1331595927476883
0.10013402253389359
-0.04088519141077995
0.03780560567975044
0.1324236690998077
0.1308462917804718
0.19941566884517667
0.10463084280490877
0.04993726685643196
0.10530299693346024
0.14989905059337616
0.20944137871265409
0.19453041255474088
0.05552110448479653
0.19166718423366544
0.1880461275577545
0.2282653301954269
0.18735553324222565
0.12257874757051468
0.1163436844944954
0.2189495414495468
0.22325186431407928
0.23541484773159027
0.14762014150619507
0.09045002609491347
0.24612535536289212
0.1611061245203018
0.2261120229959488
0.16979803144931793
0.1037953570485115
0.20353533327579496
0.14944149553775787
0.21983158588409424
0.15066127479076383
0.14141462743282318
0.23558588325977323
0.11041728407144547
0.17288637161254883
0.1606370210647583
0.08922598510980606
0.15729068219661713
0.19282667338848117
0.12756954133510587
0.23964177072048187
0.028267083689570423
0.08600305765867233
0.09560956805944441
-0.06640517711639404
0.1788073629140854
0.22452645003795624
0.0718480572104454
0.1537158191204071
0.14374412596225739
0.24967600405216217
0.15866497159004211
0.1605813354253769
0.15788868069648743
0.24158443510532376
0.21452125906944275
0.21550036966800687
0.12880520522594452
0.2307009249925613
0.15901510417461395
0.1678066849708557
0.18967084586620328
0.12853266298770905
0.20538300275802607
0.16782227158546448
0.02728189341723919
0.12495627254247664
0.15745379030704498
0.19276620447635648
0.15398834645748138
0.055632006376981735
0.1377287358045578
0.21861590445041656
0.19129833579063413
0.2100228816270828
0.03407211974263191
0.16838644444942474
0.058024872094392776
0.05698303505778313
0.123374842107296
0.10215558856725691
0.07827115803956985
-0.07115595042705536
0.16873295605182648
0.08142560720443724
0.23531235754489896
0.16982202231884003
0.1961897164583206
0.028945261612534523
0.1845976561307907
0.21644495427608487
0.07360485941171646
0.2218104153871536
0.16630814969539642
0.02894996665418148
0.2242577224969864
0.23663797974586487
0.23262973129749295
0.1148417592048645
0.19179891049861908
0.2439875453710556
0.22748522460460663
0.17830364406108856
0.15176257491111755
0.16041137278079987
0.16841541230678558
0.1309318244457245
0.16159017384052277
0.14485605061054227
0.15257929265499115
0.1165441945195198
0.09453743696212769
0.214761883020401
0.17455434799194336
0.10647604614496232
0.10833673179149628
0.08714842051267624
0.06306903809309006
0.11922336369752884
0.151398703455925
0.1457231193780899
0.11819492280483244
0.15862637758255005
0.15586890280246735
0.23709468543529513
-0.027826400473713875
0.1982443928718567
0.14929206669330597
0.18700313568115237
0.1672029197216034
0.13238775730133057
0.1606142222881317
0.05496496707201004
0.1461181789636612
0.24268847703933716
0.2167581468820572
0.14168478548526764
0.19954366981983185
-0.0027145505882799625
0.1394131630659103
0.2128573507070541
0.09394060075283049
0.14655949175357819
0.19060726463794708
0.15127255022525787
0.22962278127670288
0.1714644879102707
0.04982835426926613
0.09558660537004471
0.20118148624897003
0.1796070784330368
0.18559835851192477
0.08887700736522673
0.062156882137060165
0.17706939578056335
0.2243628054857254
0.08193486183881758
0.1493558883666992
0.12238659709692
0.10312980413436888
0.11292582005262373
0.19909687340259552
-0.008295120671391487
0.14099793136119843
0.08949264138936995
0.19614250957965848
-0.050463657826185226
0.1267230063676834
0.01646359451115131
0.22029681503772733
0.255996435880661
0.17440499365329742
0.2013416439294815
0.23498137295246124
0.1830173581838608
0.07839679718017578
0.13758769631385803
0.19448167085647583
0.2074226588010788
0.16594703495502472
0.011432597413659096
0.09455787390470503
0.1453726589679718
0.1086728349328041
0.1442657560110092
0.02146626263856888
0.21416033804416656
0.21107880771160123
0.191458061337471
0.14934684336185455
0.233811229467392
0.2227655798196793
0.15457192063331604
0.03726903721690178
0.15328776836395264
0.2264081686735153
0.048275414854288094
0.14438170194625854
0.08492355793714523
0.18364353477954865
-0.05091216415166855
0.15374146401882172
0.15981803834438324
0.16117288172245023
0.20492637157440183
0.19496552646160123
0.23020486533641812
0.21572619676589963
0.16910462081432343
0.1681085228919983
0.08686254173517227
0.13052299618721008
0.17262423038482666
0.13993360102176666
0.1094161793589592
0.14007830619812012
0.1557827740907669
0.06981009244918823
0.19919137656688687
0.1622016429901123
0.15377108752727509
0.14852119982242584
0.08450162410736085
0.22867898643016812
0.17700445652008057
0.11153103411197662
-0.01690921001136303
0.20613937079906464
0.14772774279117584
0.24171140789985657
0.1319523453712463
0.030364746227860447
0.036906812340021126
0.21810200810432437
0.1269110143184662
0.2362399250268936
0.1819727122783661
0.05947218462824821
0.1823431104421616
0.16824932396411896
0.033069219440221786
0.06807694584131241
0.1456526666879654
0.19456495344638824
-0.03592696040868759
0.1737644076347351
0.184798002243042
0.1736132800579071
0.08042515069246291
0.22934065759181976
0.1956303268671036
0.08995857089757918
0.0030556670390069485
0.0859551802277565
0.2386026829481125
0.062122892588377
0.03202841803431511
0.07443232834339142
0.11469847708940505
0.15363818407058716
0.15728043019771576
0.14229868352413175
0.08723177015781401
0.19734488427639008
0.16511423885822296
0.08350522071123123
0.17539842426776883
0.15476875007152557
0.2401161342859268
0.16755324602127075
0.15877480804920197
0.15829576551914215
0.14682020246982574
-0.013158937916159628
-0.04398781433701515
0.21057178080081937
0.1625228077173233
0.18670324981212613
0.22871917486190796
0.20717409253120425
0.13421402871608734
0.15790309011936188
0.16517366468906403
0.2514340877532959
0.13990429043769836
0.22772520780563357
0.10548485070466997
0.236889973282814
0.1330731362104416
-0.0026303105987608433
0.10253342241048811
0.21926528215408325
0.10428179055452345
0.2301151007413864
0.02709968201816082
0.1261762976646423
0.21938246488571167
0.23042364418506625
0.07211718708276749
0.12280354648828506
0.2411837726831436
0.1440417319536209
0.21915732324123385
0.03909121826291084
0.13172802329063416
-0.04738854616880417
0.17150093615055084
0.19559516012668607
0.15383069217205048
0.165695920586586
0.12384741753339767
-0.002559992019087076
0.18683806061744687
0.17689429223537445
0.11525913327932356
0.07740890234708786
0.05112745985388756
0.1423007100820541
0.09094447642564771
0.2148689478635788
0.19324932992458344
0.048131268471479416
0.12958566844463348
0.2370718419551849
0.119458831846714
0.16440391540527344
0.14831174910068512
0.1263730674982071
0.050973813980817795
0.17858518660068512
0.1671988070011139
0.24793948233127597
0.19907806813716888
0.0924856886267662
0.1692184954881668
0.14102788269519803
0.08084926754236221
0.08129119127988814
0.16809245944023132
-0.004883455578237772
0.06479987502098083
0.16860584914684296
0.1780711859464645
0.13013167679309845
0.17009361088275907
0.2185243219137192
0.21896132826805115
0.11218539625406264
0.14219778776168823
0.04932161048054695
0.0685795247554779
0.22342669963836667
0.08336161822080611
0.13274964690208435
0.20717905461788175
0.08553098142147064
0.14106714725494385
0.2340494990348816
0.1659574806690216
0.17044734954833984
0.1376848965883255
0.1550321727991104
0.23014453053474423
0.017447663471102715
0.11377118527889252
0.18204997479915616
0.216755673289299
0.14324498176574707
0.12084471434354782
0.02149692364037037
0.04681827500462532
0.08853714168071747
0.06542558968067169
0.24033583700656888
0.0823592096567154
0.2335401028394699
0.1515589952468872
0.04996740445494652
0.19594402611255643
0.19210432469844815
0.17888225615024567
0.17176726460456848
0.1491708755493164
0.16658176481723783
0.13526955246925354
0.20287631452083588
0.1517648547887802
0.23608350753784177
0.1831921488046646
0.16290469467639923
0.22546826303005216
0.15558922290802
0.1995579153299332
0.1337533742189407
0.07239562273025511
-0.05461808666586876
0.18931709229946136
-0.02757987193763256
0.19746762514114377
0.1962282508611679
0.173322394490242
0.2324118614196777
0.23806059360504153
0.11564964056015015
0.09531395882368088
0.15940111875534055
-0.00688732648268342
0.1279337108135223
0.15389977395534515
0.08246104419231415
0.20745092630386353
0.09343867003917694
0.09086606651544571
0.13212423026561737
0.1800146251916885
0.15458981692790985
0.1209939792752266
0.18450580537319183
0.053920246660709374
0.07370733469724654
0.13574865460395813
0.08332439512014389
0.17233894765377045
0.12314917892217636
0.07914917916059494
0.24742539227008817
0.15181604027748108
0.13936160504817963
0.1483442783355713
0.10570592433214188
0.18365834653377527
0.1043342873454094
0.18848957121372223
0.19379584491252896
0.116825133562088
0.1608792096376419
0.11554359644651412
0.06964270025491713
0.10967588424682616
0.17428557574748993
0.0437050387263298
0.19839610159397125
0.2415015250444412
0.10280103236436844
0.167775496840477
0.15837182104587555
0.06058136746287346
0.09187223762273788
0.11330149322748184
0.21418415009975436
0.14853645861148834
0.12769626080989835
0.17549259960651395
0.15719404816627502
0.1370594352483749
0.20050498843193051
0.16356506943702695
0.11194261163473128
0.15426646173000336
0.14684300124645233
0.1926085501909256
0.20168764889240265
0.1671038717031479
0.16978298127651215
0.1715335100889206
0.02408268116414547
0.2321128249168396
0.11976150423288344
0.07123421132564545
0.17943941056728363
0.20939655601978305
0.1337825208902359
0.150950089097023
0.07581580430269241
0.19371995329856873
0.045609235763549805
0.22565680742263797
0.08891846239566803
0.14368386566638947
0.22558003664016724
0.17532680928707123
0.13265450298786163
0.12302876263856888
0.08061314374208449
-0.07087922841310501
0.1458091139793396
0.2516007423400879
0.07120604068040848
0.03531664237380028
0.2248718589544296
0.0643177181482315
0.22536583244800568
0.13232620060443878
0.090848371386528
0.07534535229206085
0.026894310489296917
0.14919668436050415
0.018242305144667625
0.18760092556476596
0.25302252173423767
0.06454990804195404
0.16743014752864835
0.1775368899106979
0.228293851017952
0.21782414615154264
0.21737059950828552
0.06031033024191856
0.03985584154725074
0.1930290162563324
0.13572014868259427
0.1341640055179596
0.07722196727991104
0.21351954340934756
0.08046252280473709
0.16016079485416412
0.1240045204758644
0.10984022915363312
0.13515163958072662
0.21083146333694455
0.12356852740049362
0.18077194690704343
0.17779074609279633
0.22946687042713165
0.1573239266872406
0.227601021528244
0.15231008827686307
0.11456672847270964
0.17523615062236783
0.23749928176403043
0.1607612520456314
0.14875094592571259
0.17701762914657593
0.14510314166545868
0.25801607966423035
0.1530521810054779
0.1332438886165619
0.2209889441728592
0.2058508992195129
0.20686538517475128
0.08625257760286331
0.19397191703319547
0.20224802196025848
0.19111879169940948
0.1734539419412613
0.23507678508758545
-0.05566629022359848
0.09006461501121521
0.1520119458436966
0.19694082438945767
0.12222271412611008
0.15358449518680573
0.1815817505121231
0.073867067694664
0.17021797597408295
0.12119575589895248
0.05963234230875969
-0.07843949645757675
0.21727705001831052
0.10973281413316727
0.15806879103183746
0.11130451411008833
0.03823887184262276
0.08215177059173584
0.15107141435146332
0.12097572535276412
0.17243240773677823
0.13986726105213165
0.2288553863763809
0.08950937539339066
0.19801191985607147
0.12238384038209917
0.14278563857078552
0.24089334905147552
0.19359982013702393
0.19537560641765597
0.14265961945056915
0.14906899631023407
0.1245286390185356
0.11359389871358871
0.16913029551506042
0.2207698225975037
0.11822149902582169
0.1621028333902359
0.1522931605577469
0.15930777788162231
0.2062378376722336
0.03104680962860584
0.16285385191440582
0.12510408461093903
0.2274408787488937
0.17579147219657895
0.08363280445337294
0.23139165341854093
0.19212548434734344
0.11415638774633408
0.06377127766609192
0.18932080268859863
0.04564448446035385
0.177090123295784
0.11498468369245528
0.18865147233009336
0.14012561738491058
0.04321928694844246
0.1171620637178421
0.2347942143678665
0.11836274713277815
0.18315313756465912
0.1647987961769104
0.1147283911705017
-0.040768887847661965
0.056046638637781136
0.07719197869300842
0.13939638435840607
0.15544268488883972
0.1607058346271515
0.19724543392658236
0.1170940324664116
0.12902787327766418
0.20789225399494168
0.16292439401149747
-0.06212324649095535
0.07299814373254776
0.17658548057079315
0.06638260930776596
0.20722815394401553
0.16634903848171234
0.08644552528858186
0.2272939234972
0.1478685438632965
0.18128159642219543
0.1912347376346588
0.1969207525253296
0.2076648473739624
0.15680666267871857
0.22359766066074369
0.19516740739345553
0.2204989790916443
0.22979402542114255
0.23139560222625727
0.1465236246585846
0.09257467836141585
0.07607880979776382
0.2063453942537308
0.09478319436311722
0.18507441878318784
0.09354510903358461
0.14649051427841187
0.24726952612400052
0.02994735352694988
0.2322314977645874
0.1767437905073166
0.06366779655218124
0.17428739368915555
0.15788908302783966
0.058879267424345016
0.19861052930355072
0.03837465867400169
0.16645716130733487
0.1595742106437683
0.1877959668636322
0.17908130586147308
0.11375894397497176
0.04659448936581612
0.17741264402866364
0.08468446135520935
0.1997008919715881
0.09489858895540237
0.122656412422657
0.123837448656559
0.17534388601779935
0.15143603086471555
-0.09414932876825331
0.20385465025901797
0.2010527849197388
0.1725534051656723
0.2248718589544296
0.1047154739499092
0.029990749433636665
0.19402439892292023
0.12453659623861311
0.20865513384342196
0.1290307641029358
0.08761397004127502
0.16663573682308197
0.16508756577968595
0.23178477585315704
0.1800396740436554
0.10129102319478989
0.12448280304670332
0.05265093222260475
0.20038802921772003
0.1523744761943817
0.17295967042446136
0.026642704382538795
0.1839590519666672
0.17547693848609924
0.044626478105783456
0.13373175263404846
0.02224121429026127
0.21492500603199005
0.16203948855400083
0.15998931229114532
0.07048001885414124
0.12798212468624115
0.24798180162906647
0.13791581988334656
0.2073655277490616
0.19938883185386655
0.13664905726909635
0.16151638329029083
0.1957697719335556
0.18957166373729703
0.24538080394268036
0.1685558706521988
0.18099884688854215
0.1410847008228302
0.23536019027233124
0.139003723859787
0.22146247327327728
0.2233038991689682
0.09796323627233504
0.16449984908103943
0.2161290347576141
0.07888690382242201
0.21675869822502136
0.17446734011173248
0.22041895985603327
0.1953987628221512
0.2259811908006668
0.1810192912817001
0.2520395815372467
0.17377954721450803
0.18755926191806796
0.21766968071460724
0.2279468923807144
0.1983717828989029
0.13870923221111295
0.23973003029823303
0.09931564331054688
0.068221315741539
0.15530382096767423
0.13967737555503845
0.15131115913391113
0.2219768911600113
0.1840057522058487
0.11405424773693083
0.1098826304078102
0.2313012331724167
0.1944848448038101
0.1942790001630783
0.15581081807613373
0.09754647314548492
0.15925471484661102
0.06298141926527023
0.1666506379842758
0.18092094361782077
0.2393537610769272
0.2377750426530838
0.09552586823701857
0.08876123279333113
-0.016774555668234825
0.19576814770698547
0.22677905857563016
0.23304344713687897
0.15646487474441528
0.15978379547595975
0.22866791486740112
0.096109077334404
0.2119373828172684
0.15250836312770844
0.018029665574431416
0.035507235676050186
0.20751649141311643
0.1000201627612114
0.20194043219089508
0.22739042341709137
-0.0070017301477491856
0.17716054618358612
0.15289844572544095
0.15237656235694885
0.18110184371471405
0.12212931364774704
0.08427756279706955
0.07655205577611923
-0.05132734403014183
0.11471340805292128
0.15854164958000183
0.2034661173820496
0.12376459687948226
0.23026229441165924
0.09337431937456131
0.18620219826698303
0.23028807342052457
0.14639721810817719
0.17546220123767853
0.17870719730854034
0.05082126334309578
0.20303143560886383
0.2270740419626236
0.09625187516212463
0.2345396876335144
0.22901564836502075
0.07353132218122481
0.06104830279946327
0.24179202318191528
0.07310705631971358
0.16594576835632324
0.12671226263046265
0.21536968648433685
0.11606718599796297
0.040102537721395486
0.18495793640613556
-0.02171291597187519
0.1717405766248703
0.25549063086509705
-0.020920416340231892
0.171515554189682
0.20220792293548584
0.07809015363454817
0.0921112671494484
0.1680627465248108
0.12949828803539276
0.16877861320972443
0.1505240947008133
0.03583322837948799
0.05109456554055214
0.06966642290353775
0.1954904347658157
0.13225150108337402
0.171732097864151
0.2102454900741577
0.2265972197055817
0.19504660367965695
0.1381767839193344
0.05732118710875511
0.12015523761510848
0.10221990197896956
0.033662136644124985
0.1515938490629196
0.1662844568490982
-0.07286379486322403
0.12468376010656355
0.17853955924510956
0.07472170889377595
0.17191699147224426
0.1890666037797928
0.18466396629810333
0.11418523639440536
0.22983106970787048
0.24790368974208832
0.13280589878559113
-0.08180894702672958
0.22733734548091888
0.1628701239824295
-0.05002286285161972
0.20347027480602264
0.255880743265152
0.1474347859621048
0.037926830351352685
0.19969068467617035
0.14518029987812042
0.1778845340013504
0.23380978405475616
0.22224245965480804
0.005856891628354788
0.23562294244766235
0.133012518286705
0.23307116329669952
0.08970791846513747
0.17970697581768036
0.08207783848047256
0.1978496015071869
0.21368087828159327
0.11827792972326279
0.19472332298755643
0.17577235400676727
0.23589046299457553
0.2101416140794754
0.20300714671611783
0.1970757395029068
0.20650090277194977
0.17947353422641754
0.1655488163232803
0.16877171397209167
0.13270457088947296
0.12581606209278107
0.23996272683143613
0.01157083548605442
0.23087407648563385
0.18486727774143216
0.15052644908428192
0.18444126844406128
0.010269975289702415
0.14213727414608
0.1316402405500412
0.17846207320690155
-0.080752931535244
0.10780871659517288
0.10705570131540298
0.08559533208608627
0.17042724788188934
0.17146214842796323
0.09953637421131134
0.09655159711837769
0.1174936667084694
0.20405972003936768
0.0678819864988327
0.027887357398867607
0.22958317399024963
0.09033072739839552
0.11047907173633575
0.20348605513572687
0.15143325924873352
0.23279990255832672
0.1553989201784134
0.1860659420490265
0.2370061427354813
0.18590475618839264
0.1918724626302719
0.1421685367822647
0.20695993304252625
0.2448623925447464
0.1918450742959976
0.14950674772262573
0.22475144267082212
0.17921878397464752
-0.008498555049300194
0.06540141254663467
0.09136832505464554
0.19103531539440155
0.17014344036579132
0.23322145640850067
0.12688928842544556
0.12748943269252777
0.1290164440870285
0.17527766525745392
0.15348964929580688
0.17610429227352142
0.13822722434997559
0.10718456655740737
0.1635614037513733
0.14733831584453583
0.193943053483963
0.1171022355556488
0.1385008841753006
0.15981316566467285
0.06900142133235931
0.23955965042114255
0.17943254113197327
0.15298967063426971
0.19630862772464752
0.1899046152830124
0.06708817183971405
0.2082120180130005
-0.06203096732497215
0.2349271774291992
0.1683623045682907
0.23522543907165527
0.1802154332399368
0.18025963008403775
0.13654036819934845
0.15404267609119415
0.15036629140377045
0.1494690626859665
0.14947177469730377
0.11491944640874863
0.2361646145582199
0.06363365054130554
0.1581083387136459
0.19113241136074063
0.15320774912834167
0.18501639366149905
0.09322049468755722
0.12106973677873611
0.105436772108078
0.25158801674842834
0.14732618629932404
0.14106357097625732
0.13371486961841583
0.18078459799289703
0.16728252172470093
0.13932767510414124
0.1971990019083023
0.12657882273197174
0.16918478906154633
0.20757900178432465
0.2338972240686417
0.11368884891271593
0.19795767962932584
0.09640479087829587
0.1564664840698242
0.09204394370317459
0.1232420727610588
0.24512167274951932
0.11589825898408888
0.2058699131011963
0.20970691740512848
0.23462282121181488
0.21216951310634613
0.10391945391893385
0.09699460864067075
0.18794988095760343
0.1396721452474594
0.22681106626987457
-0.08144155144691467
-0.06503920257091522
0.19462092220783236
0.19870252907276156
0.22832007706165316
0.05104447901248932
0.1056668311357498
0.17529709637165067
0.1047116369009018
0.18773494660854337
-0.03248092904686928
0.11421868950128557
0.06161670759320259
0.1203695461153984
0.10070489346981049
0.21740615367889404
0.14909683167934415
0.1710367351770401
0.14154161512851715
0.2120874375104904
0.11310365796089172
0.05586013942956925
0.18748925626277924
0.1329532414674759
0.040286079049110406
0.2284882217645645
0.15919676423072815
0.06311780214309692
0.18854546546936035
0.17826370894908905
0.17074809968471527
0.1701611876487732
0.23098140954971316
0.15809722244739532
0.1183127611875534
0.1307009905576706
0.05652221664786338
0.15385814011096954
0.11212380975484848
0.15899217128753662
0.0197652168571949
0.1559697538614273
0.1967305541038513
0.15837731957435608
0.1919856816530228
0.09446594864130019
0.09601416438817978
0.181873232126236
0.14732219278812408
0.08423342555761337
-0.02171402610838413
0.14651095867156982
0.09621183574199677
0.1582874059677124
0.16274352371692655
0.14885543286800385
0.16873417794704437
0.1246187314391136
0.1809001266956329
0.13039906322956085
0.13927970826625824
0.15962845087051392
0.08791732043027878
0.179989293217659
0.23016721010208127
0.1604202836751938
0.15577588975429535
0.20001567900180817
0.08458252996206284
0.15264083445072174
0.11915112286806107
0.16316261887550354
0.19425043463706967
0.19033102691173556
0.17615264654159543
0.08941883593797684
0.1714448779821396
0.1629665642976761
0.021749237552285194
0.13800643384456635
0.15543515980243683
0.0928138047456741
0.18644870817661283
0.15912586450576782
0.1806137710809708
0.10030212253332138
0.15493294596672058
0.21485492587089536
0.23629534244537356
0.1573464423418045
0.14301958680152893
0.11802490055561064
0.1635131686925888
0.20786131918430328
-0.0024661668576300144
0.2289360463619232
0.18303990364074707
0.2535316050052643
0.12793512642383575
0.1035032495856285
0.22473463416099548
0.19650667905807492
0.18968190252780917
0.19532945752143857
0.2095123082399368
0.21621574461460116
0.23323495686054227
0.12785521149635315
0.07378199696540833
0.12832069396972656
0.22785617411136627
0.1546902060508728
0.16288027167320251
0.22489047050476077
0.09802271425724028
0.18766358494758603
-0.002728885505348444
0.2197515368461609
0.21942654252052307
0.1078495755791664
0.1485605388879776
0.14691658318042755
0.2123392224311829
0.18934886157512665
0.1120244488120079
0.17767266929149628
0.15591569244861603
0.15506741404533386
0.22406385838985443
0.0662425085902214
0.06501112133264542
0.021318258717656132
0.1463445276021957
0.17323455214500427
0.15850159525871277
0.06132249906659126
0.17127625644207
0.029010182246565815
0.23080797493457797
0.15773507952690125
0.09263434261083603
0.1662480980157852
0.15761207044124603
0.1003185510635376
0.029637744650244713
0.1690530627965927
0.1118774339556694
0.0905611142516136
0.19317355751991272
0.18313308060169217
0.04836734756827354
0.04885157197713852
0.13752569258213043
0.02681172080338001
0.16172504425048828
0.12155892699956893
0.18734717369079587
0.04396077618002892
0.05870785191655159
0.19221355020999908
0.23426909744739527
0.2023162990808487
0.0832410082221031
0.2239948660135269
0.07700666785240173
0.16880078613758087
-0.003284203354269266
0.23554678261280057
0.08391083776950835
0.04991258680820465
0.14589105546474457
0.17983116209506989
0.15482036769390106
0.07980325818061827
0.24195939302444455
0.11669749021530151
0.10129916667938232
0.2029665857553482
0.19028382003307345
0.12571069598197937
0.12941354513168335
0.09070582687854768
0.18697549402713773
0.08736126124858856
0.08995766937732697
0.1804705262184143
0.19651712477207184
0.17760908603668213
0.0422920435667038
0.20405839383602145
0.1390983015298843
0.1292763203382492
0.17729587852954865
0.16784892976284027
0.16487495601177216
0.14429278671741483
0.18870113790035248
0.1662444919347763
0.2390572875738144
0.2216585874557495
0.21538187563419345
0.012960223481059074
0.14865490794181824
0.009093860164284706
0.15600134432315826
0.2244904339313507
0.01697465032339096
0.14400242269039154
0.08254058659076689
0.20912370085716248
0.18117624521255493
0.18866775929927823
0.18062490224838257
0.12340030819177628
0.205052062869072
0.22570151090621948
0.1576545238494873
0.1979428827762604
0.062248531728982925
0.22358401119709012
0.15546609461307523
0.14086954295635223
0.19999553263187408
0.10064218938350676
0.16039879620075223
0.1908430308103561
0.07655692845582962
0.22763682901859283
-0.01974255032837391
0.22596050798892972
0.08934808522462845
0.17961765825748444
0.18085086345672607
0.017094954848289486
0.0470869205892086
0.2204395830631256
0.20612026751041407
0.17961172759532928
0.15975914895534515
0.07117769122123718
0.15754131972789764
0.19459208846092224
0.122825987637043
0.17617128789424896
0.21103231608867645
0.09262079745531082
0.22248904407024384
0.16096407175064087
0.02744968794286251
-0.006386714521795511
0.15337882936000824
0.09528020024299619
0.19564902782440183
0.1691499501466751
0.1316363662481308
0.15449045598506927
0.2010122388601303
0.06706631183624268
0.2156732678413391
0.22044019401073453
0.0786963179707527
0.13040679693222043
0.056144237518310554
0.09842618554830553
0.10825858265161514
0.1748637855052948
0.04679804667830467
0.2001846432685852
0.1726854294538498
0.14778761565685272
0.18324461579322812
0.1256565302610397
0.14880986511707303
0.191686287522316
0.15806375443935394
0.07530315965414046
0.13123939931392667
0.16512788832187653
0.20632523298263547
0.19831912219524384
0.10706084966659545
0.21204765141010284
0.17547275125980377
-0.004713325295597314
0.18617554008960724
0.20380763709545133
0.09803426265716551
0.1332213431596756
0.20577131211757657
0.1490221321582794
-0.03981338068842888
-0.1334389895200729
0.14743103086948395
0.22743795812129972
0.2159872055053711
0.05517904832959175
0.12445542961359024
0.11728761345148087
-0.01576061360538006
0.12859198451042175
0.22262747585773468
0.10677533596754074
0.114119715988636
0.2068846821784973
0.14942620694637299
-0.012597406283020971
0.1809351146221161
0.1546964645385742
0.039482574909925454
0.1771225333213806
0.09897872805595397
0.2350635379552841
0.15014004707336423
0.13694696128368375
0.13547775149345395
0.23474301397800443
0.2309613525867462
0.1471200734376907
0.13765782117843628
0.20492331683635712
-0.05595941469073296
0.08460357040166855
0.11104101687669754
0.14630159735679626
0.21245427429676053
0.07362417131662367
0.14563699066638947
0.2202514410018921
0.1664322167634964
0.10958211869001389
0.10842349380254744
0.10814091563224792
0.05828404799103737
0.12067659944295885
-0.02406059019267559
0.18561062216758728
0.1840013265609741
0.21769267320632932
0.07866854965686798
0.07424098253250122
0.16810469329357147
0.2289884984493256
0.2209632098674774
0.15597301721572876
0.015640677884221077
0.04917627200484276
0.08487004786729811
0.15213248133659363
0.18122515082359317
0.1093517392873764
0.05102148279547691
0.23458175361156464
0.12616996467113495
0.13952191174030304
0.15340182185173035
0.13521312177181244
0.05549205467104912
0.2027048021554947
0.12482427805662157
0.18511439859867093
0.18253557384014127
0.170866459608078
0.20764535665512085
0.13697145879268646
0.08605875819921492
0.13868379592895508
0.13214732706546783
0.2339757978916168
0.20344717800617215
0.1994199305772781
0.0908629298210144
0.21553152799606323
0.2312777191400528
0.184712752699852
0.149218812584877
0.22778405249118805
0.22745335102081296
0.014316467568278313
0.16589750349521637
0.23194845020771024
0.2510567605495453
0.0646679550409317
0.23459894955158236
0.1801939755678177
-0.010478908196091652
0.2115558236837387
-0.09865449368953706
0.12002190202474594
0.2071876674890518
0.23962710797786713
0.13117220997810364
0.057426352053880685
0.0644155889749527
0.2398304492235184
0.2421106845140457
0.16469234228134155
0.053743693977594376
0.1698777824640274
0.039059903472661965
-0.008977180346846579
0.2161901146173477
0.19429711997509
0.2231338173151016
0.05180718377232552
0.16909572482109067
0.17886431515216827
0.1600971817970276
0.17755873501300812
0.13713254034519196
0.188625693321228
0.028011662885546684
0.21802884340286252
-0.09896986931562424
0.15015242993831635
0.15541431307792664
0.16743922233581543
0.21445694565773007
0.0334392748773098
0.19650563597679135
0.12033026665449142
0.04687314108014106
0.22220470011234283
0.22518065571784973
0.14530961215496063
0.08498113602399826
0.18285630643367767
0.22295203804969788
0.14584045112133026
0.1492790728807449
0.2521233260631561
0.12896880507469177
0.21462026238441467
0.16555915772914886
0.19712448120117188
0.1888765245676041
0.19004595279693604
0.20165897905826569
0.07572165876626968
0.1849333941936493
0.18666429817676544
0.14745688438415527
0.1831102818250656
0.1719553917646408
0.1429910510778427
0.017008844763040543
0.08903448283672333
0.05269624665379524
0.13715407252311707
0.2229100614786148
0.2491684705018997
0.0749674141407013
0.17251494526863098
0.14061777293682098
0.2178368717432022
0.16252857446670532
0.18221676349639887
0.1060921400785446
0.10363741964101791
0.1212373748421669
0.11925222724676132
0.08452943712472916
0.20028285682201383
0.12393309921026228
0.040087129920721054
-0.036492649465799325
0.17912323772907257
0.12976281344890594
0.19990164041519165
0.18628044426441193
0.21498189866542816
0.1471744030714035
0.1695369184017181
0.22540901601314545
0.11189319938421248
0.19974166154861447
0.0900661051273346
0.005129089113324881
0.23840254545211792
0.11614587157964706
0.21603028476238248
0.0036081406287848954
0.1936810910701752
0.19068560004234317
0.1840403527021408
0.247921958565712
0.227034792304039
0.1849401146173477
0.1604604870080948
0.18228779733181
0.17845065891742706
0.1524503082036972
0.11339537054300308
0.13430248200893402
0.20401889085769653
0.15854355692863464
0.1955664157867432
0.09248257428407668
0.2192060202360153
0.17423589527606964
0.1802614778280258
0.12735599279403687
0.2252177447080612
0.16785897314548492
0.08438650518655777
0.1520812213420868
-0.08246952295303343
0.14267458021640775
0.06738271564245224
0.15883956849575043
0.139235720038414
0.22528746724128723
0.07337393611669539
0.03862350061535835
0.200957253575325
0.08911237120628357
0.17327870428562164
0.1748199313879013
0.19054779410362244
0.1838560104370117
0.1379580795764923
0.0945669487118721
0.07365451753139494
0.13581311702728271
0.09017941355705261
0.2075328081846237
0.1477677226066589
0.07548974454402924
0.122632198035717
0.12273123115301132
0.09900068491697311
0.034282341599464417
0.21205528080463407
0.06652501970529556
0.176823228597641
0.23583681881427765
0.11054702848196028
0.1392817348241806
0.1609746515750885
0.20452667772769928
0.03519362583756447
0.1614268720149994
0.033772170543670654
0.1171635165810585
0.15554052591323853
0.20437131822109225
0.18317221105098724
0.15906313061714172
0.23269774019718167
0.15607987344264984
0.1998058259487152
0.24749024212360385
0.11674176156520844
0.20427678525447843
0.1699194312095642
0.08041996508836746
0.07063526660203934
0.23083728551864624
0.11896779388189316
0.1415296494960785
0.08840693533420561
0.12786264717578888
0.0706680417060852
0.20770062506198883
0.14395222067832947
0.1354350298643112
0.23360432684421537
0.026165636256337162
0.22870731353759763
0.13642381131649017
0.20946852862834928
0.08114935457706451
0.17179386317729947
0.19637280702590945
0.15393902361392975
0.10422894358634947
0.15864895284175873
0.1073767840862274
0.17010268568992615
0.13224343955516815
0.16064251959323883
0.13710902631282806
0.11414728313684464
0.10292717069387436
0.22881728410720825
0.2290719896554947
0.2222052663564682
0.16730822622776031
0.1382044106721878
0.16133885085582733
0.03240010514855385
0.1983960717916489
0.17300458252429962
0.09823855012655258
0.0400027371942997
0.2088014930486679
0.10463692992925644
0.1564018279314041
0.19125825166702273
0.017326107248663902
0.19724665582180023
0.15837500989437103
-0.03838172182440758
0.15468566119670868
0.17963744699954987
0.13680896162986755
0.17295977473258972
0.1226615235209465
0.18799622356891632
0.13123105466365814
0.1799498051404953
0.10299032181501389
0.11006032675504684
0.1793873161077499
0.10100915282964706
0.12376718968153
0.06712427735328673
0.14295761287212372
0.07841815799474716
0.17303016781806943
0.14930143952369687
0.03477388992905617
0.155691921710968
0.16833694279193878
0.17544154822826383
0.12614643573760986
0.14086957275867462
0.01999286375939846
0.13163989782333374
0.055632542818784714
0.13083215057849884
0.1866242438554764
0.1492335349321365
0.143238365650177
0.16689828038215637
0.24331162869930267
0.17163684964179993
0.2361576110124588
0.20684480667114255
0.0663270652294159
0.1724107414484024
0.19698943197727203
0.21315561234951017
0.12445297092199324
0.1735525280237198
0.22691555321216583
0.2135624587535858
0.04599231109023094
0.020920209586620327
0.05037577077746391
0.1726320832967758
0.2382938116788864
0.15805037319660187
0.19410593807697296
0.18196065723896024
0.19347822666168207
0.0679449662566185
0.1841667890548706
0.11537253856658936
0.07337612658739091
0.2489088326692581
0.07734818756580351
0.19604505598545077
0.1542680263519287
0.2136566638946533
0.2346656024456024
0.17257438600063324
0.23368249833583832
0.19045217335224152
0.2338828593492508
0.09687308222055437
0.16513197124004364
0.16368098556995392
0.11548971384763716
0.016230950132012367
0.09307163208723068
0.18936160206794736
0.1812896877527237
0.23185479640960693
0.13716371357440948
0.18103964626789093
0.12613089382648468
0.07426175475120544
0.17151756584644315
0.0769139900803566
0.18018075823783877
0.16996462643146515
-0.02944116108119488
0.05214817821979523
0.13504253327846527
0.1386478692293167
0.10939921438694
0.04920291155576706
0.03167622536420822
-0.0011150934733450413
0.14889414608478546
0.11962343007326126
0.11662789434194563
0.24342285096645355
0.1658548265695572
0.11639059334993362
0.1722668409347534
0.19114036858081815
0.19850392639636996
0.18087773025035855
0.09116605669260024
0.11288968473672865
0.18382836878299716
0.16980697214603424
0.09095761924982072
0.15512603521347043
0.13103148341178894
0.17762984335422516
0.10891453176736832
0.0006864159367978573
0.16345785558223724
0.15673476457595825
0.18147911131381989
0.18248720467090607
0.2112881988286972
0.1761653870344162
0.21654222905635837
0.051911871880292886
-0.029428962618112564
0.1569310873746872
0.04926881566643714
0.1049232631921768
0.18083216249942777
0.07171045988798141
0.18942491710186005
0.18072597682476044
0.16523228585720062
0.22889952361583707
0.13979266583919525
0.06661558151245117
0.19762928783893585
0.13411833345890045
0.061191637068986886
0.219491183757782
0.17815037071704865
0.09672653675079344
0.15041302144527435
0.23213922977447507
0.1896779388189316
0.041405126452445984
0.07880984991788864
0.140693262219429
0.1473574936389923
0.14379799365997314
0.19155567884445193
0.19424855709075928
0.2252560406923294
0.15954892337322235
0.24063424766063687
0.1907006651163101
0.11985207349061965
0.14332948625087738
0.19603373110294345
0.11643845587968826
0.17833001911640167
0.17307451367378235
0.1453484445810318
0.18331654369831085
0.23341797292232516
0.0546322576701641
0.19045667350292203
0.007464704569429158
0.11099721491336823
0.15373475849628448
0.19149607419967649
0.16993355751037595
0.08788954466581345
0.13401325047016144
0.20979382097721097
0.20588640868663788
0.07442946732044221
0.11540907621383666
0.0034375502727925777
0.17715652287006378
0.22853389382362363
0.1265132576227188
0.15057538449764252
0.172232523560524
0.09013601392507552
0.06525538116693497
0.13195353746414185
0.0796830430626869
0.249983623623848
0.22625793516635892
0.1955816149711609
0.19749151170253756
0.16850847005844116
0.17917831242084503
0.16320756077766418
0.13720746338367462
0.13692407310009003
0.24337273836135864
0.07859736680984497
0.05558405444025993
0.06463087350130081
0.04098150134086609
0.1582186073064804
0.1584852784872055
0.2126126438379288
0.12328272312879562
0.1577194184064865
0.23968155682086945
0.17748530209064484
0.19181682169437408
0.22125945985317233
0.232518807053566
0.1734497994184494
0.07875362038612364
0.2332495152950287
0.12994603812694547
0.1996596157550812
0.24231912195682523
0.10574781149625778
0.12509438395500183
0.06529907137155533
0.17216846346855164
-0.052216172218322754
0.09097252786159517
0.23472972214221957
0.19328916072845456
0.1420034021139145
0.14022748172283173
0.17574819922447205
0.20075155794620517
0.18768326938152316
0.12979449331760406
0.18169222772121427
0.10888683050870895
0.1563854068517685
0.22748066484928128
0.12926329672336578
0.06170109286904335
0.07320494204759596
0.08972493559122084
0.21373622119426727
0.18711687624454496
0.18825213611125943
0.1158297285437584
0.12038298696279524
0.15414710342884064
0.2040708214044571
0.1633942425251007
0.06952890008687973
0.19487930834293363
0.2015398740768433
0.13191063702106476
0.12494116276502608
0.18054272234439847
0.2280437648296356
0.19994112849235532
0.12242240458726882
0.23731812834739685
0.1719812303781509
0.16450320184230804
0.10351059585809708
0.1855863183736801
0.17257040739059448
0.08489666879177092
0.059712711721658714
0.16643550992012024
0.09531664103269576
0.120069183409214
0.06642743200063705
0.17004898190498352
0.19660653173923487
0.04355891421437264
0.16911588609218595
0.21895751357078552
0.20824259519577024
0.09716112166643143
0.08870691806077957
0.1483846753835678
0.17955748736858368
-0.02155421115458012
0.027180297300219532
0.06958810985088348
0.035526953637599945
0.10377436876296996
0.16494183242321014
0.15831999480724335
0.18913026154041288
0.12793956696987152
0.14341597259044647
0.17110401391983032
0.23870523273944852
0.1474914103746414
0.23256176710128784
0.1927456259727478
0.17280109226703644
0.15706114470958707
0.18940620124340057
0.14585886895656583
0.1496019959449768
0.13635970652103424
0.18097530305385587
0.17477424442768097
0.20495174825191495
0.2078791856765747
0.1987479776144028
0.10007967054843903
0.03405269980430603
0.15183576941490173
0.007219990249723197
0.09792403876781464
0.17582844197750092
0.13121619820594788
0.19176085293293
0.09505384415388109
0.1712552309036255
0.13163278996944427
0.18998071551322937
0.1667485386133194
0.2205142825841904
0.14160393178462982
0.20437169075012207
0.19604191184043884
0.048023998737335205
0.14160116016864777
0.24032470583915713
0.1772674173116684
0.168123722076416
0.18514017760753632
0.14385147392749786
0.03219938650727272
0.182975634932518
0.15063901245594025
0.0636432021856308
0.23981529474258423
0.09347123652696608
0.22678087651729584
0.1390773355960846
0.1758193075656891
0.12184181064367294
0.1289699375629425
0.18423046171665192
0.2027507573366165
0.18315337598323825
0.04889878258109093
0.174892321228981
0.21160808205604556
0.044134628027677536
0.08625867962837219
0.18304723501205444
0.08990180492401123
0.17613713443279266
0.15259800851345062
0.23691788315773007
0.10015639662742613
0.059742856770753854
0.07822994887828827
0.2049414664506912
0.18533256649971008
0.19252607226371765
0.17043684422969818
0.04582775756716728
0.10789372771978378
0.12453358620405196
0.18942186236381528
-0.025321388617157936
0.12128377705812454
0.1231418028473854
0.1528159976005554
0.24213972687721247
0.2172599881887436
0.2506386637687683
0.2279905527830124
0.1192394271492958
0.11906632035970688
0.0504823625087738
0.15672212839126587
0.08126159757375717
0.18628342449665067
0.21303837001323697
0.23645915091037753
0.04223493114113808
0.2083498388528824
0.14734886586666107
0.16625837981700897
0.18309758603572843
0.09469834715127945
0.1698857843875885
0.20692011713981628
0.19632418453693387
0.060053955763578415
0.22653786838054657
0.15768618881702423
0.17445950210094452
0.2123979777097702
0.13654941320419312
0.20114295184612277
0.07616417855024338
0.09944690018892288
0.17915137112140656
0.18782410025596616
0.23003458976745603
0.1453489065170288
0.03540298715233803
0.05259774625301361
0.11074678599834442
0.15681232511997223
0.15893672406673431
0.21560126543045044
0.13538822531700134
0.08183299750089645
0.18665510416030884
0.13715407252311707
0.10596783459186553
0.17664222419261932
0.07548318803310394
0.06949766725301743
0.1565193384885788
0.09651269763708113
-0.041041087359189994
0.1506153792142868
0.14349843561649323
0.01320226304233074
0.11757036298513412
0.17320822179317474
0.2305269092321396
0.12484701722860336
0.05530323460698128
0.11060767620801924
0.17338712513446808
0.2003284841775894
0.1469833105802536
0.019861882552504536
0.11362572759389876
0.05245592817664146
0.04519284889101982
-0.09086887538433075
0.16019506752490997
0.1500469297170639
0.20408453047275543
0.10515215992927553
0.022500881925225254
0.18865886330604556
0.04224916547536849
0.23101763427257535
0.15636742115020752
-0.0289522223174572
0.19432383775711057
0.12674228847026825
0.08284024149179457
0.23459999263286593
0.04626449197530746
0.05635240301489831
0.22040659189224243
0.16985084116458893
0.1923188865184784
0.11369234323501586
0.05743420496582985
0.15526215732097623
0.2028294950723648
0.17221945524215698
0.14756710827350616
0.14936795830726624
0.13527292013168335
-0.01583068259060383
0.08213276416063309
0.1427234709262848
0.13671784102916715
0.028398027643561363
0.06265804916620255
0.16988876461982727
0.2371235638856888
0.2230829745531082
0.1944803148508072
0.11664476245641708
0.10720526427030563
0.1773899495601654
0.10395339131355284
0.14116723835468292
0.22669951617717743
0.20506927371025083
0.22161127626895905
0.24308989942073825
0.15852762758731842
0.0674360990524292
0.1869980990886688
0.17044295370578763
0.07413344830274582
0.13624075055122375
0.13144512474536896
0.14461158215999603
0.09916226565837859
0.13132119178771973
0.23718123137950897
0.19080425798892972
0.2127743810415268
0.055513866245746606
0.17271360754966736
0.07226017862558365
0.1773805469274521
0.2324102967977524
0.15858799219131467
0.0487651340663433
0.12623299658298492
0.1892018616199493
0.15992575883865356
0.1977969855070114
0.09222695976495743
0.033323984593153
0.252327173948288
0.19901765882968905
0.09739612787961961
0.22325731813907623
0.16875824332237244
0.23563940823078156
0.12701156735420227
0.10896744579076766
0.147402286529541
0.23913899064064023
0.18360160291194916
0.09725181758403778
0.14011108875274658
0.06147940829396248
0.2457572370767593
0.23534430563449857
0.07097619026899338
0.1626337319612503
0.1855785697698593
0.02088279463350773
0.2172945588827133
0.14916086196899414
0.11992567032575609
0.17745539546012878
0.2494877725839615
0.14980167150497437
0.08257698267698288
0.13569331169128415
0.1783333122730255
0.11309202760457993
0.18418996036052704
0.13231198489665985
0.15575869381427765
0.08461927622556686
0.10433306545019148
0.14001937210559845
0.09832513332366943
-0.03392154723405838
0.1359071135520935
0.14342820644378662
0.0802702084183693
0.035019610077142715
0.05364431068301201
0.06566048413515091
0.20292566716670987
-0.014124080538749695
0.10992372035980225
0.11171428859233856
0.19263984262943268
0.16361957788467407
0.1602024883031845
0.14517241716384888
0.07366004586219788
0.1280927211046219
0.19353677332401276
0.16956022381782532
0.1737503558397293
0.2189473062753677
0.19558776915073395
0.23893991112709043
0.1498085856437683
-0.03556586056947708
0.16510313749313354
0.07768601924180984
0.03250816836953163
0.1480050832033157
0.16335728764533997
0.04374018684029579
0.16481398046016693
0.2113405615091324
0.1583857536315918
-0.04666249826550484
0.09023513644933699
0.05887629464268684
0.20987625420093536
0.2269655168056488
0.17210514843463895
0.13923759758472443
0.199681892991066
0.16722935438156128
0.10388384759426116
0.16704945266246796
0.15044040977954865
0.21187491714954376
0.2400386780500412
0.08773886412382124
0.1719788759946823
0.17937663197517395
0.2144266664981842
0.18160350620746607
0.08711595088243484
0.13514958322048187
0.18484210968017575
0.06827452033758163
0.08538176119327545
0.17712710797786713
0.22658042609691617
0.12260984629392624
0.054537255316972726
0.18469062447547913
0.1271924525499344
0.226170152425766
0.13687916100025177
0.07411479949951172
0.23601220548152924
0.18173055350780487
0.12815700471401215
0.0669228658080101
0.1372261494398117
0.14327095448970795
0.14143969118595123
0.16067510843276975
0.12545712292194366
0.21001879870891568
0.18217164278030396
0.1372883766889572
0.18594758212566373
0.16428415477275848
0.14995534718036652
0.10551013797521593
0.23655049502849576
0.2509344518184662
0.12517443299293518
0.2244786471128464
0.23124247789382932
0.14500394463539124
0.07935552299022673
0.14306335151195526
0.1575065404176712
0.1757548302412033
0.20024172961711884
-0.01094195432960987
0.1959516257047653
0.12250082939863204
0.19576825201511383
0.07292117923498154
0.20099510252475736
0.08428430557250977
0.08280205726623534
0.13330823183059692
0.12749363481998444
0.2374742180109024
0.12290238589048384
0.14944200217723846
0.13230235874652863
0.1933233737945557
0.1793641746044159
0.16470755636692047
0.1189720556139946
0.12040405720472336
0.13768254220485687
0.1349523514509201
0.23804184794425964
0.19323322176933289
0.1737506091594696
0.11992833763360976
0.1793873161077499
0.17289772629737854
0.15036137402057648
0.09492750465869904
0.06432648003101349
0.18208855390548703
0.11873353272676468
0.11110876500606535
0.15188664197921753
0.18797893822193143
0.10199826955795288
0.24267828464508057
0.05451932922005653
0.2147578001022339
0.13978074491024017
0.15440335869789124
0.1979086995124817
0.10618887096643448
0.02987873367965221
0.04309697076678276
0.19752247631549835
0.03840763121843337
0.1052114889025688
0.18161572515964508
0.23838928341865537
0.2340590953826904
0.2469530254602432
0.1602557748556137
0.23620425164699557
0.12260308116674425
0.21261306107044217
0.19582124054431915
0.14869888126850128
0.09856219589710237
0.1339363157749176
0.2114510387182236
0.14687462151050568
0.1373387575149536
0.08393937349319458
0.23678649961948395
0.15497957170009613
0.13586796820163727
0.19680331647396088
-0.009264329448342323
0.1617068499326706
0.20987221598625183
0.19385792315006256
0.07873215526342392
0.20493219792842865
0.22194881737232208
0.19981859624385837
0.029342243447899815
0.18808351457118988
0.16535736620426175
0.15603332221508026
0.06429441273212433
0.07576728612184525
0.22585664689540863
0.215494841337204
0.12749478220939636
0.14774425327777863
0.15980397164821625
0.2342770844697952
0.24125541746616364
0.2313684374094009
0.1926916539669037
0.18459145724773407
0.15271255373954773
0.10529428720474245
0.10954475402832033
0.15578137338161469
0.15572141110897064
0.20281346142292023
0.17347873747348783
0.16227398812770844
0.17321257293224335
0.0870884284377098
0.0715821385383606
0.156562939286232
0.23331929743289948
0.19462017714977264
0.14732155203819275
0.04568930715322495
0.16531582176685333
0.23217166960239408
0.18965512514114377
0.0857059508562088
0.0018335855565965171
0.18732303380966184
0.14160172641277313
0.18270127475261688
0.195616215467453
0.19756118953228
0.1306614875793457
0.2350454032421112
0.112260602414608
0.17207829654216766
0.19491076469421384
0.16646112501621246
0.20878925919532773
0.22735716402530673
0.1986340433359146
0.12605044245719907
-0.037712205201387405
0.08210929483175276
0.13873057067394257
0.2073397785425186
0.2409472614526749
0.13231004774570465
0.21491019427776337
0.19821248948574063
0.13293835520744324
0.09519672393798828
0.12152896076440813
0.1672626435756683
0.07449638843536377
0.1623697727918625
0.1804166883230209
0.23335446417331693
0.2050578147172928
0.22882279753685
0.22101564705371857
0.12185747176408768
0.09682756662368774
0.1809169799089432
0.17779257893562317
0.2513015568256378
0.17906393110752103
0.033372119069099426
0.1733167469501495
0.09996921569108963
0.16484256088733673
0.1263056248426437
0.120679534971714
0.061219904571771615
-0.010585574433207512
0.16187837719917297
0.11405997723340988
0.22489282488822937
0.198198527097702
0.06642501801252365
0.018246736377477642
0.13864208757877347
0.16249112784862518
0.16877393424510956
0.04896364733576775
0.15683060884475708
0.16514985263347623
0.20027735829353327
0.061299819499254234
0.1762096881866455
0.10842324048280716
0.16768868267536163
0.2106429189443588
0.10097373276948927
0.17533285915851593
0.08456292003393173
0.09404254704713821
0.2093377709388733
0.187914714217186
0.1386699378490448
0.1668289452791214
0.13124482333660123
0.2047028690576553
0.2327914535999298
0.21168671548366544
0.09428345412015915
0.19586215913295743
0.18515656888484955
0.19348473846912384
0.206114798784256
0.24302567541599276
0.18591324985027316
-0.03717313706874848
0.023786058649420735
0.15208397805690765
0.11339976638555525
0.14874078333377838
0.16368599236011505
0.19432558119297028
0.03861384466290474
0.1847426146268845
0.22715483605861664
0.21118725836277008
0.15262861549854279
0.11618562787771224
-0.03797594830393791
0.2316710501909256
0.17709983885288239
0.16133078932762146
0.13780751824378967
0.15772946178913116
0.17635157704353333
0.22350269556045527
0.15174512565135956
0.07447225600481033
0.1240251287817955
0.2144983261823654
0.15055973827838895
0.176898255944252
0.08892661333084105
0.2142529934644699
-0.03494580090045929
0.06011485680937767
0.22984319925308228
0.15736712515354156
0.24122704565525052
0.17038212716579437
0.15594980120658875
0.14959341287612915
-0.06393303722143173
0.1688978224992752
0.16323404014110565
0.14820325374603271
0.22588910162448883
0.14030902087688446
0.057744991034269326
0.22832660377025604
0.14081035554409027
0.0519237257540226
0.1497429460287094
0.06629628688097
0.007691485341638327
0.16346801817417145
0.1801996678113937
0.06544436514377594
0.048466719686985016
0.14690561592578888
0.1377023160457611
0.1308949589729309
0.18135562539100647
0.08604507893323897
0.1638513058423996
0.022418072447180748
0.09936708211898804
0.12749348580837247
0.23125593364238736
0.10741399973630904
0.08215353637933731
0.1842939853668213
0.1754647195339203
0.1041947454214096
0.13671337068080902
0.147531196475029
0.11787641793489456
0.16331885755062103
0.15829819440841675
0.010070553049445152
0.20056952536106107
0.09981505572795871
-0.035588815808296204
0.16837541759014127
0.2452806979417801
0.15440906584262848
0.1617625504732132
0.058168727904558175
0.13373920321464539
0.07017269730567932
0.13785986602306363
0.24520309269428253
0.17023707926273343
0.12848904728889465
0.11228679120540618
0.1875687390565872
0.23437105119228363
0.15070907771587372
0.16496579349040985
0.17121730744838715
0.18357896804809568
0.15691372752189636
0.03290364891290665
0.035703059285879135
0.15491779148578644
0.16870296001434326
0.2314014285802841
0.060086850076913834
0.1085485890507698
0.16413824260234833
0.19505162537097928
0.17308641970157623
0.1434185653924942
0.185152605175972
0.11327232420444489
0.2201614081859589
0.20511268079280853
0.1918963193893433
0.15340353548526764
0.21765649318695068
0.12755924463272095
0.11505195498466492
0.11223002523183823
0.0672089084982872
0.18268686532974243
0.19419595599174497
0.11934544891119005
0.20063188672065732
0.1424388736486435
0.14880827069282532
0.18192471563816073
0.1338079869747162
0.15845060348510742
0.20646315813064572
-0.015640785917639732
0.17828954756259918
0.2053036391735077
0.19700476527214048
0.05039945617318153
-0.012379409745335577
0.2288150042295456
0.192856639623642
0.22959068417549133
0.1602929979562759
0.12120550125837326
0.0768212229013443
0.18748800456523892
0.1408248394727707
0.24106107652187347
0.20636682212352753
0.2103454917669296
0.20460067689418793
0.01610531471669674
0.16997668147087097
-0.0036155343987047672
0.1417140960693359
0.19120346009731287
0.1485505253076553
0.1031973883509636
0.1119454801082611
0.2503043711185456
0.15949702262878415
0.21490557491779327
0.03735652193427086
0.1266816109418869
0.20185324549674988
0.15399618446826935
0.2099706083536148
0.06633272022008896
0.2001672983169556
0.18693046271800995
0.1480414122343063
0.20754870772361755
-0.04493528231978416
0.15110503137111664
0.0924164280295372
0.15470339357852936
0.09744704514741896
0.2282289266586304
0.19986851513385767
0.03291541710495949
0.19545055925846097
0.1151278093457222
0.18623834848403928
0.12890101969242096
0.2317950874567032
0.2337389439344406
0.1459790915250778
0.06054295971989632
0.13121025264263153
0.20019648969173431
-0.027531513944268223
0.16860635578632355
0.16909019649028778
0.15833643078804016
0.23670749366283417
0.24348780512809756
0.2373439222574234
0.19360895454883573
0.2024926394224167
0.09517625719308852
0.14327439665794373
0.07812524586915971
0.15242540836334229
0.22756220400333405
0.014751136302947998
0.11824426800012589
0.2342471927404404
0.13477455079555511
0.015115637332201004
0.1953716427087784
0.2507374584674835
0.1226012036204338
0.1277243047952652
0.1565610021352768
0.18747824430465695
0.19621968269348145
0.17827284336090088
0.1587843894958496
0.13347603380680084
0.13319917023181915
0.1223648115992546
0.07820092886686325
0.011456625536084177
0.22310239076614377
0.12427902966737749
0.2283109277486801
0.17772279679775238
0.06061737611889839
0.1393955796957016
0.16763047873973846
0.10344772040843964
0.18530547618865967
0.11619489639997482
0.1718831956386566
0.13995051383972168
0.23464863002300265
0.06444265693426132
0.12961207330226898
0.20211026072502136
0.021329734474420547
0.1425068825483322
0.024777015671133995
0.2393776178359985
0.18781469762325287
0.13142086565494537
0.18111437559127808
0.10290849953889845
0.0279643926769495
0.2315699607133865
0.16704347729682922
0.15460626780986783
0.18801768124103543
0.13500961661338806
0.13950131833553314
0.15996550023555756
0.16595371067523956
0.10870813578367232
0.07758030295372009
0.15682972967624664
0.22781915962696075
-0.0024125673808157444
0.18692135810852048
0.2398874908685684
0.17723263800144196
0.13606679439544675
0.14312593638896942
0.08827694505453108
0.1619967669248581
0.10300903767347336
0.12181384116411208
0.1449546366930008
0.20869328081607816
0.20788720250129697
0.14794990420341492
0.1852989345788956
0.14909128844738007
0.16902630031108856
0.1937328428030014
0.1384133547544479
0.06218113377690315
0.23674039542675016
0.2364589869976044
0.24457649886608124
0.1203671619296074
0.10592573136091232
0.11171209067106246
0.2011438459157944
0.1599138230085373
0.1902648359537125
0.056037213653326035
0.13764658570289612
0.19264739751815796
0.0761704072356224
0.24654279649257657
0.16838553547859192
0.21695341169834137
0.15816722810268402
0.06996416300535202
0.05098705738782883
0.15976198017597198
-0.025372805073857307
-0.030583694577217106
0.1574524492025375
0.0921398550271988
0.16843585669994354
0.12445760518312454
0.2073412537574768
0.17532221972942352
0.2347277402877808
0.04555320367217064
0.1581272929906845
0.1733211725950241
0.2352993190288544
0.22243273258209229
0.18541061878204343
0.19354148209095
0.11880712956190108
0.1774834841489792
0.1198197677731514
0.18363134562969208
0.16379882395267487
0.03651389852166176
0.11972489207983016
0.1660066395998001
0.21581269800662997
0.1707172840833664
0.16138067841529846
0.11634901911020278
0.14901895821094513
0.1877543032169342
0.1517522484064102
0.1750664860010147
0.19059880077838895
0.07165858894586563
0.08196517825126648
0.197766438126564
0.041195206344127655
0.09525562077760696
0.2075608968734741
0.07215573638677597
0.24755488336086276
0.10561466217041016
0.2351267486810684
0.19489158689975736
0.246878519654274
0.23056344687938687
0.22441090643405917
0.1851605921983719
0.2491318732500076
0.18768008053302765
0.1362956017255783
0.12665383517742157
0.23347760736942288
0.20151881873607635
0.17523518204689023
0.18007485568523407
0.2302071154117584
0.14401520788669586
0.11764075607061386
0.18318842351436612
-0.0582570768892765
0.23100468516349792
0.10625087469816208
0.17122597992420197
0.15103131532669067
0.14692701399326324
0.23535965383052823
0.23946158587932584
0.2015240341424942
0.13705092668533325
0.1660107970237732
0.21486620604991913
0.15622909367084503
0.08306644111871718
0.18526808917522433
0.1774347573518753
0.023002421483397484
0.11205621808767317
0.17644518613815308
0.15164831280708313
0.16664373874664307
0.02707991190254688
0.23543752729892728
0.1986762434244156
0.13274845480918884
0.22219936549663544
0.17336818575859067
0.18680566549301147
0.1929941326379776
0.18736064434051516
0.06662720441818237
0.23871742188930511
0.1503266394138336
0.12146634608507156
0.22114144265651703
0.19366429746150968
0.11477165669202805
0.09972845762968063
0.14166297018527985
0.0640602558851242
0.1039164513349533
0.12291108816862106
0.19156837463378903
0.1979616731405258
0.19615606963634488
0.17949752509593964
0.1571056097745895
0.10136500746011734
0.20849755406379697
0.15723459422588348
0.16630259156227112
0.15605151653289795
0.13490912318229675
0.15185825526714325
0.20831416547298431
0.17143546044826508
0.03230830281972885
0.1877378076314926
0.035610657185316086
0.18172423541545868
0.041994918137788766
0.20326311886310575
0.1908942013978958
0.15777336061000824
0.1295008361339569
0.11975540965795516
0.1624210029840469
0.16837801039218903
0.1361868977546692
0.1883990913629532
0.10244966298341752
0.21721859276294708
0.14775565266609192
0.1740494519472122
0.18441176414489743
0.13014377653598783
0.13022564351558685
-0.01565759815275669
0.14893795549869537
0.1498996466398239
0.13978733122348783
0.22900544106960297
0.1306861788034439
0.13397537171840668
0.11064543575048447
0.14256899058818817
0.1626422256231308
0.17522196471691132
0.14649833738803864
0.1535600870847702
0.10742125660181044
0.1896051615476608
0.1807817667722702
0.12000346928834917
0.06214783713221549
-0.04419362172484398
0.15298451483249664
0.09551147371530531
0.10000868886709212
0.16728948056697843
0.0748746171593666
0.1316196471452713
0.10696626454591752
0.15273980796337128
0.21332979202270508
0.09329318255186081
0.12256862968206404
-0.022053783759474754
0.07708021253347395
0.08621546626091003
0.11240843683481216
0.11814683675765993
0.1594327837228775
0.16777831315994263
0.06406795978546143
0.1124921068549156
0.24182637035846713
0.1722574084997177
0.19859765470027924
0.20850262045860288
0.02863977663218975
0.0511760376393795
0.18716114759445193
0.16973043978214264
0.12594561278820035
0.1443583369255066
0.13607537746429443
0.11966723948717116
0.172319695353508
0.08839111775159837
0.10804270952939989
0.17806822061538696
0.07332781702280045
0.13203786313533783
0.11778374761343002
0.16759927570819855
0.14843696355819702
0.24572454392910004
0.24533696472644803
0.245493546128273
0.11555861681699751
0.18887013196945193
0.16287143528461456
0.18994794785976407
0.041352912783622735
0.11899814754724503
-0.06466083228588104
0.051023390144109726
0.11484628915786745
0.2101738601922989
0.22103302180767057
0.2064027488231659
0.2407225072383881
0.09481270611286163
-0.003622433636337519
0.12958432734012604
0.08996271342039107
0.13839504122734067
0.18625423312187195
0.158829003572464
0.23970945179462433
0.14839012920856476
0.1048273965716362
0.18551912903785703
0.19783981144428253
0.0489455983042717
0.04270523414015769
0.031005477532744408
0.16564016044139862
0.16114479303359985
0.1896294206380844
0.0914340615272522
0.14791911840438843
0.2531372010707855
0.1474071890115738
0.10058508813381196
0.20707537233829496
0.2353261560201645
0.24959631264209747
0.17300325632095337
0.1775391697883606
0.0641000047326088
0.13288478553295135
0.2258156388998032
0.18124563992023468
0.19505302608013156
0.18960846960544583
0.08064581453800201
0.047080408781766885
0.17633254826068878
0.17310708761215207
0.041353493928909295
0.100985549390316
0.21193772554397583
0.22801433503627777
0.20861054956912997
0.025683535262942318
0.2321496605873108
0.08745905011892319
0.124734990298748
-0.010098060593008997
0.08474326878786087
0.16880619525909424
0.07570558041334152
0.13833554089069366
0.12149583548307417
0.11469028890132904
0.12093529850244522
0.13158924877643585
0.19870012998580927
0.08175752311944962
0.11095762997865675
0.09926770627498625
0.1926270127296448
0.18334344029426572
0.03694343194365501
0.19219793379306796
0.17231710255146027
0.18734067678451535
0.20537869632244113
0.07922033220529555
0.10604296624660492
0.1925201714038849
0.23316766321659088
0.21647839248180387
0.2050605267286301
0.12385090440511703
0.07093028724193573
0.07571598142385481
0.1639331877231598
0.18346948921680448
0.16506703197956085
0.14984640479087827
0.22527125477790833
0.16424719989299774
0.21163924038410184
0.1749122589826584
0.2119585573673248
0.08035956323146819
0.2057736814022064
0.2073759883642197
0.04850005730986595
0.16174232959747314
0.23284322023391724
0.1824689656496048
0.1867995858192444
0.20292852818965912
0.21015773713588717
0.04023034870624542
0.09227778017520905
0.14487655460834503
0.18924014270305636
0.17662565410137177
0.2230515331029892
0.08146216720342636
0.15521790087223053
0.1698009222745895
0.07191271334886551
0.16372953355312347
0.14149655401706696
0.17225883901119232
0.04064260795712471
0.04510635882616043
0.19994318485260007
0.2006497234106064
0.1924908012151718
0.23208539187908167
0.16331596672534943
0.21470788121223447
-0.01467020995914936
0.057832296937704086
0.14625616371631622
0.14159312844276428
0.21708203852176663
0.16951100528240204
0.019049903377890583
0.16152818500995636
0.14840073883533475
0.1824542135000229
0.18801818788051605
0.22784267365932465
0.23127055168151853
-0.00027102651074528694
0.14370663464069366
0.17530936002731323
0.23431995511054993
0.22501058876514435
0.2239318937063217
0.11023058742284773
0.14176972210407257
0.1580953299999237
0.14275766909122467
0.09047610312700272
0.15784646570682523
0.022233465686440468
0.15673065185546875
0.22243697941303253
0.13643336296081543
0.07500459998846054
0.19869829714298248
0.11988035589456558
0.21279132366180417
0.1880446821451187
0.14013060927391052
0.12197688966989516
0.20360819995403287
0.22708298265933993
0.12149255722761154
0.14886710047721863
0.119514100253582
0.1656689494848251
0.17708732187747955
0.1581970900297165
0.1899740099906921
0.14490528404712677
0.15374781191349027
0.09797732532024384
0.2344513833522797
0.23492252826690677
0.15003423392772675
0.23477447032928464
0.13989639282226562
0.17657773196697235
0.14229106903076172
0.1308833509683609
0.13517571985721588
0.1615709811449051
0.1322968304157257
0.14752620458602905
0.10882281512022018
0.2258359342813492
0.12995564937591553
0.16166479885578156
0.090253047645092
0.21793450415134427
0.1705677360296249
0.2438219636678696
0.1584246456623077
0.20256811380386353
0.16495268046855927
0.18936732411384585
0.2298540323972702
0.16417403519153595
0.1955488920211792
0.23760060966014865
0.1459161788225174
0.15775327384471893
0.20462697744369504
0.07303708046674728
0.18144260346889493
0.2376360297203064
0.1129167303442955
0.11279191821813583
0.1810999661684036
0.1921768933534622
0.09171799570322035
0.12463975697755812
0.08377835899591446
0.08702772855758667
0.031274352222681046
0.1916726976633072
0.04039425775408745
0.01636173576116562
0.16096176207065582
0.1660753637552261
0.12254848331212996
0.13707511126995087
0.027860170230269432
0.05454554408788681
0.15263032913208008
0.19937537610530853
0.1456337869167328
0.243995264172554
0.19827504456043243
0.17924031615257263
0.21468210220336917
0.018766591325402256
0.22429572045803073
0.18730643391609192
0.1716448813676834
0.12683305144309995
0.21864102780818936
0.1274987161159515
0.1719866245985031
0.14945848286151883
0.06218039616942406
0.1897517889738083
0.22221991419792173
0.1545903980731964
0.2072395533323288
0.13917165994644165
0.17789645493030548
0.2201389372348785
0.18643219769001007
0.1813268214464188
0.18537858128547668
0.1985349953174591
0.09505476057529448
-0.04633646458387375
0.05171199887990952
0.1872849017381668
0.22767437994480133
0.07142559438943863
0.1169617250561714
0.021258099004626278
0.22634826600551605
0.07471936196088791
0.1525498479604721
0.22861868143081665
0.20483149588108063
0.228952556848526
0.18053963780403137
-0.02153300866484642
0.13454417884349823
0.1855602264404297
0.18022201955318448
0.21495641767978668
0.1056559532880783
0.11186378449201584
0.15243370831012723
0.18961329758167264
0.15969911217689514
0.1794753521680832
0.20293371379375455
0.2234379351139069
0.2340496927499771
0.23760725557804108
0.1784934401512146
0.0210323017090559
0.2354378402233124
0.14691752195358276
0.1859186142683029
0.22727979719638824
0.18456244468688965
0.04966114833950996
0.17173700034618375
0.1617072969675064
0.12015224248170853
0.029398066923022274
0.13555824756622314
0.22186292707920077
0.17840896546840668
0.18354600667953488
0.20480059087276456
0.13027897477149963
0.21316313743591309
0.1671113520860672
0.05287625268101692
0.18502783775329587
0.13896889984607697
0.18252177536487577
0.04515046253800392
0.1973663568496704
0.07614947110414505
0.17806407809257507
0.18962617218494413
0.18120439350605008
0.16826312243938446
0.2424374222755432
0.22438925504684448
0.06958498805761337
0.17602837085723877
0.21948890388011927
0.13977022469043732
0.241103395819664
0.1962329298257828
0.18427707254886627
0.02351805940270424
0.205812469124794
0.1472606211900711
0.20406995713710785
0.13995495438575745
0.15824048221111295
0.17256972193717957
0.24273128807544708
0.14736084640026093
0.20040208101272583
0.22500826418399808
0.24456132948398593
0.1149882897734642
0.200481042265892
0.1969692409038544
0.10496903210878372
-0.02107901684939861
0.08806151896715164
0.2134748697280884
0.16528411209583282
0.245894655585289
0.1578262597322464
0.17812661826610565
0.20205821096897125
0.012836413457989693
0.07925315946340561
0.09936017543077469
0.07994968444108963
0.16835083067417145
0.1190606877207756
0.1824870258569717
0.14219464361667633
-0.022284368053078648
0.19016461074352264
0.20003086328506467
0.12679438292980194
0.09095859527587889
0.24109883606433868
0.18318136036396024
0.22271269559860227
0.1767875850200653
0.11216580122709274
0.14395426213741302
0.03962985798716545
0.13076330721378326
0.14576299488544464
0.036705657839775085
0.23543654382228849
0.1317700892686844
0.11334584653377532
0.1690232753753662
0.08893202990293504
0.13624124228954315
0.14124342799186707
0.1940898150205612
0.1668698638677597
0.16706079244613647
0.14068026840686798
0.11398584395647048
0.18917053937911987
0.1839756816625595
0.15596699714660645
-0.030249314382672306
0.2094944268465042
0.09353206306695938
0.1786353290081024
0.04640384390950202
0.1156257838010788
0.22380058467388156
0.1683506816625595
0.18941862881183624
0.23406039178371427
0.15616145730018616
0.041233375668525696
0.13267943263053894
0.1322920024394989
0.12052717059850691
0.1163382977247238
0.18936999142169952
0.16955696046352386
0.16276219487190247
0.24631871283054352
0.10315580666065216
0.10038960725069046
0.15268678963184357
0.17314673960208893
0.1851514428853989
0.21049734950065607
0.12066373974084854
0.091996930539608
0.10314584523439407
-0.0050459192134439945
0.22685538232326508
0.11452998965978622
0.0744323655962944
0.1950152963399887
0.11537747085094452
0.10986849665641785
0.13261543214321136
0.1086278036236763
0.21454675495624545
0.18731796741485596
0.20440036058425903
0.1920864135026932
0.1959063559770584
0.19748675823211667
0.0061354576610028735
-0.04120724275708199
0.18471984565258023
0.18840254843235013
0.014846080914139748
0.16158851981163025
0.2416303902864456
0.15948742628097534
0.1663905531167984
0.035113558173179626
0.24829469621181488
0.09624174982309341
0.11715270578861237
0.13607150316238403
0.04002039507031441
0.10246066004037856
0.059577684849500656
0.09569676220417023
0.0161563903093338
0.0933750867843628
0.15591774880886075
0.21874733269214633
0.11799664050340652
0.199756532907486
0.09766601771116255
0.14350773394107819
0.10333714634180068
0.23305152356624603
0.20779941976070404
0.15426214039325714
0.11576569825410842
0.17680995166301727
0.13039763271808624
0.18429203331470487
0.00862656719982624
0.1412981003522873
0.12555928528308868
0.2126641422510147
0.11549226194620132
0.11827179044485092
0.13836590945720673
0.10935943573713303
0.0021503842435777187
0.2052621394395828
0.14099018275737762
0.19780197739601132
0.13306280970573425
0.0993460938334465
0.1600925475358963
0.14430023729801175
0.15653119981288907
0.17417468130588531
0.11548607796430588
0.21460601687431333
0.2025669068098068
0.10396023839712142
0.1408382952213287
0.22899647057056427
0.19866041839122767
0.1761178970336914
0.1971043050289154
0.062158141285181046
0.15905019640922546
0.09074517339468001
0.1830421537160873
0.17343579232692719
0.16598160564899445
0.15568754076957703
0.13331370055675507
0.1744072288274765
0.16686496138572693
0.07431557774543762
-0.06789407134056091
0.1169573590159416
0.10968512296676636
0.17083249986171722
0.19153429567813876
0.20624998211860657
0.14210256934165955
0.15465255081653595
0.2125902771949768
0.11289344727993011
0.232317253947258
0.23333132266998288
0.08893585205078125
0.2314453125
0.05112449079751968
0.023350300267338753
-0.08535543829202653
0.11099359393119812
0.06677130609750748
0.22728534042835236
0.11736182868480682
0.17738841474056244
0.17442752420902252
0.06532002985477448
0.17655442655086517
0.14567793905735016
0.10313379019498824
0.231702521443367
0.2291334420442581
0.2050972133874893
0.12094252556562424
0.17352931201457977
0.1164952889084816
0.15264976024627683
0.0069796345196664325
0.23309396207332608
0.1412516087293625
0.20864771306514737
0.1327732801437378
0.13798947632312775
0.17200590670108795
0.1580086201429367
0.17473916709423065
0.2136143743991852
0.21475233137607572
0.1671440154314041
0.16349083185195923
0.2271736115217209
0.17924514412879944
0.08013949543237686
0.23767507076263428
0.23436133563518524
0.16006268560886383
0.153810515999794
0.23101830482482913
0.12134291976690292
0.12542060017585754
0.15814007818698883
0.10295972973108292
0.23234777152538297
0.24476258456707
0.09347859770059584
0.21440942585468287
0.12630558013916016
0.14045746624469757
0.2189466059207916
0.1919475346803665
0.16671036183834076
0.14253631234169006
0.10740632563829422
0.24526618421077728
0.14656849205493927
0.2175784260034561
0.14351825416088104
0.18828202784061432
0.07088152319192886
0.1799580603837967
0.17930741608142853
0.13395750522613523
0.13473820686340332
0.2294052690267563
0.10432391613721848
0.18726275861263275
-0.0515749491751194
0.18770666420459747
0.1527094691991806
0.23237133026123047
0.24474929273128507
0.04577476531267166
0.042808473110198975
0.2156633734703064
0.2292025089263916
0.1149902269244194
0.2362520396709442
0.12302484363317488
0.1816626191139221
0.17974324524402618
-0.014694118872284887
0.16976891458034515
0.23320697247982025
0.12482743710279463
0.18186652660369876
0.1302743703126907
0.15423882007598877
0.14804816246032715
0.18130511045455927
0.22680458426475525
0.1412741094827652
0.10417743772268297
0.1759790331125259
0.17973716557025907
0.24782265722751615
0.08421127498149872
0.07959305495023726
0.2322810590267181
0.22953395545482635
0.16195787489414215
0.11849965155124664
0.1802808791399002
0.07482599467039107
0.07553908228874207
0.11312310397624968
0.22877018153667447
0.001309677492827177
0.23946793377399445
0.1972649246454239
0.2095184475183487
0.22199371457099917
0.18417748808860776
0.14700329303741455
0.14219936728477478
0.2154656797647476
0.14122378826141355
0.19666838645935056
0.20198391377925873
0.11251965165138245
0.14766021072864532
0.1557644158601761
0.06481683999300003
0.04164257273077965
0.19092725217342377
0.0863041952252388
0.23084419965744016
0.21743036806583405
0.011930106207728384
0.13513919711112976
0.10285604000091551
0.143856942653656
0.014854079112410544
-0.046925317496061325
0.16110448539257047
0.20055840909481049
0.2024877369403839
0.2153931111097336
0.1869952380657196
0.18675479292869568
0.15470613539218903
0.22223341464996335
0.06284110993146896
0.19773565232753756
0.20036369562149048
0.2490410953760147
0.17785309255123138
0.1256011575460434
0.07365752756595612
0.13670797646045685
0.14120960235595703
0.14983819425106049
0.24662832915782928
0.14484934508800507
0.18607743084430692
0.100336454808712
0.179596945643425
0.23479790985584256
0.11432456225156784
0.18557704985141757
0.11688821017742156
0.21451072394847867
0.0668143704533577
0.24379862844944
0.17751680314540863
0.10676423460245132
0.11064203828573226
0.020922884345054623
-0.03970455750823021
0.14313451945781708
0.1967737376689911
0.16192848980426788
0.19143681228160855
0.1377849131822586
0.20788033306598663
0.19321078062057492
0.14719046652317047
0.1836889088153839
0.23883596062660217
0.24146370589733124
0.10454705357551573
0.13176722824573517
0.14169685542583463
0.08884775638580322
0.0701003298163414
0.12853261828422546
0.15167212486267087
0.19485552608966827
0.12409441918134688
0.191473126411438
0.24840427935123444
0.16504882276058197
0.14078877866268155
0.02744399569928646
0.0692848339676857
0.04363043233752251
0.22893291711807248
0.03148084133863449
0.16133280098438263
0.06499446928501129
0.05485868453979492
0.24068693816661835
0.10550933331251144
0.2157706171274185
0.23453280329704285
0.13570384681224823
0.20475274324417117
0.01417221873998642
0.08640521764755249
0.2167338579893112
0.14993742108345032
0.02397271431982517
0.11222774535417555
0.14430539309978485
0.1643841713666916
0.1853657811880112
0.1889337748289108
0.11529416590929031
0.10005071014165878
0.20712387561798093
0.15595196187496185
0.23370192945003507
0.04136808216571808
0.1835760325193405
0.2469657510519028
0.09437795728445053
0.22194562852382657
0.2014606446027756
0.20635385811328888
0.17814937233924863
0.1489308625459671
0.10514932870864868
0.11003065854310988
0.2186669409275055
0.050665784627199166
0.05556092411279678
0.13008613884449005
0.18838481605052948
0.06625048816204071
0.09815333783626556
0.14546930789947507
0.10820382833480834
0.21436308324337003
0.2310783565044403
0.15880121290683746
0.10614150017499924
0.188625767827034
0.1290498971939087
0.17652730643749237
0.1471993774175644
0.10120182484388351
0.23922637104988095
0.17652808129787445
0.12357238680124281
0.13002608716487885
0.14614425599575043
0.1899244487285614
0.20116291940212247
0.14665450155735016
0.17313285171985626
0.22264732420444489
0.1652020812034607
0.12982682883739471
0.17126621305942535
0.15549954771995544
0.19735506176948547
0.12580193579196927
0.0940844640135765
0.08922525495290755
0.05734569951891899
0.09913403540849683
0.1919011026620865
0.23565611243247983
0.24144783616065976
0.13216827809810638
0.08082816004753111
0.2233081012964249
0.22865961492061612
0.2451046258211136
0.16687749326229095
0.2172306180000305
0.16211390495300293
0.1676630973815918
0.16388976573944092
0.166396364569664
0.17460931837558746
0.014120075851678848
0.12914299964904785
0.21998871862888336
0.15333615243434906
0.2376198172569275
0.17186827957630155
0.19358098506927487
0.16532279551029205
0.1449032425880432
0.14776837825775146
0.17798550426959991
0.15532031655311584
0.17923836410045624
0.1806305944919586
0.17828308045864105
0.22745703160762784
0.10394661873579024
0.18094684183597565
0.1930393278598785
0.24075064063072205
0.22734299302101132
0.18589456379413605
0.21778786182403564
0.14367122948169708
0.261482834815979
0.22620220482349396
0.22118999063968656
0.24097134172916407
0.0929350331425667
0.22065219283103943
0.2031830698251724
0.0483146496117115
0.1857500374317169
0.13122017681598663
0.21607157588005063
0.14532190561294556
0.13632063567638397
0.1428026258945465
-0.05456928163766861
0.20545728504657745
0.19846458733081815
0.1456807106733322
0.2162718176841736
0.19308163225650787
0.21878045797348025
0.11916073411703108
0.22612981498241425
0.17417772114276883
0.20586273074150083
0.18426370620727536
0.13944238424301147
0.13087351620197296
0.08103208243846893
0.24600727856159207
0.21673621237277985
0.08449333161115646
0.11186183989048004
0.07820969074964523
0.23206005990505216
0.14079943299293518
0.22896894812583923
0.13534006476402283
0.0890219286084175
0.22950109839439392
0.17908261716365814
0.13034223020076752
0.0810720846056938
0.153165265917778
0.18678669631481168
0.22679685056209564
0.09995584934949875
0.1872103214263916
0.05047063156962395
0.22025796771049497
0.2165992259979248
0.10226284712553024
0.16266378760337827
0.08126141875982285
0.21282626688480377
0.10832362622022627
0.143467515707016
0.17500384151935575
0.211282417178154
0.1930340677499771
0.2000669091939926
0.14437152445316315
0.1500748246908188
0.20847728848457336
0.1250830590724945
0.1949829459190369
0.1442631036043167
0.16598579287528992
0.01238945685327053
0.169001504778862
0.22629375755786893
0.12856487929821014
0.15812519192695615
0.2192479521036148
0.18636994063854215
0.2422407269477844
0.04240165278315544
0.16654859483242035
-0.040465254336595535
0.0963149443268776
0.22472359240055084
0.20748239755630493
0.2424841672182083
0.2372909039258957
0.15076158940792084
0.12254149466753005
0.16242171823978424
0.05258169770240784
0.1106654182076454
0.018080903217196465
0.13331156969070435
0.2095992416143417
0.198435977101326
0.16970358788967133
0.14635474979877472
0.23211459815502167
0.19081634283065796
0.16112148761749268
0.011358948424458504
0.2308108359575272
0.07817568629980086
0.1428997814655304
0.13684140145778656
0.18265539407730105
0.20877479016780853
0.19704587757587433
0.194645032286644
0.12348050624132156
0.023034512996673584
0.1801462322473526
0.16311264038085935
0.09536059945821762
0.22799907624721527
0.19070230424404144
0.1890532225370407
0.2093727141618729
0.08173327893018721
0.07738511264324188
0.16225898265838623
0.08292411267757414
0.1502321809530258
0.13785642385482788
0.15052594244480133
0.2353747636079788
0.1288604438304901
0.1913367658853531
0.06592409312725067
0.145395427942276
0.13325096666812897
0.1738649308681488
0.19346624612808228
0.08047247678041458
0.1847771257162094
0.14657838642597198
-0.08457637578248978
0.22016432881355283
0.07258590310811996
0.10604277998209
0.1613958775997162
0.1583050042390823
0.13001829385757446
0.20457549393177032
0.13906632363796234
0.05546189844608306
0.1653069704771042
0.16166606545448303
0.2369159162044525
0.1229238137602806
0.20639069378376007
0.2346831113100052
0.13286761939525604
0.096182644367218
0.2378066182136536
0.2226563394069672
0.15026503801345825
0.22412291169166565
0.19656646251678464
0.10855042189359664
0.1570797711610794
0.14301316440105438
0.1596413105726242
0.07297766208648682
0.05693366006016731
0.21723055839538571
0.05709973350167274
0.17152084410190582
0.15733131766319275
0.15511302649974823
0.026885872706770897
0.12559600174427032
0.01461532898247242
0.19837842881679532
0.049711160361766815
0.15070675313472748
0.13685379922389984
0.0783347636461258
0.13783453404903412
0.16143111884593964
0.23860944807529447
0.08597224205732346
0.05600351095199585
0.1768789142370224
0.21948067843914032
0.1977791637182236
0.13549767434597015
0.19577036798000333
0.1758272796869278
0.19346705079078677
0.08760340511798857
0.05500337481498718
0.24328531324863437
0.12584686279296875
0.15346716344356537
0.1764674037694931
0.20982554554939273
0.10089699178934096
0.07814749330282211
0.2396128624677658
0.19491834938526156
-0.013398712500929832
0.10232020914554596
0.13844832777976987
0.12370147556066512
0.18945810198783877
0.1510937660932541
0.22338877618312836
0.1893010586500168
0.15466444194316864
0.043575409799814224
0.160990372300148
0.08283809572458267
0.08339299261569978
0.12565205991268155
0.19588761031627652
0.233970120549202
0.18396534025669095
0.14658880233764648
0.20247794687747955
0.23219452798366544
0.14889340102672577
0.10385886579751968
0.2256993353366852
0.17578373849391937
0.1749652624130249
0.1702606230974197
0.11666906625032424
0.20317170023918152
0.11683406680822372
0.028528107330203056
0.17511822283267975
0.0889715850353241
0.17344091832637787
0.1985584944486618
0.2230903059244156
0.07625000178813934
0.18731895089149475
0.202234610915184
0.1906590014696121
0.1953652799129486
0.08267553895711897
0.09498560428619383
0.11869039386510848
0.2419391572475433
0.19305205345153809
0.1568143218755722
0.10532588511705399
0.1302753388881683
0.18803636729717252
0.1759529560804367
0.24440194666385648
0.0532752126455307
0.1121985986828804
0.19043657183647156
0.1989077776670456
0.14161257445812225
0.1642766147851944
0.10643907636404036
0.21068604290485385
0.20550809800624847
0.014350509271025656
0.14808955788612363
-0.04345620051026344
0.19233301281929016
0.11204323917627335
0.16288019716739655
0.2494691759347916
0.16679444909095764
0.1587361246347427
0.2038389891386032
0.2339416146278381
0.12334053963422777
0.1401882767677307
0.25768211483955383
0.18127752840518951
0.08626924455165863
0.2012011557817459
0.22066701948642728
0.23337458074092865
0.1885320097208023
0.1686856299638748
0.25131532549858093
0.10268712043762208
0.12385220080614089
-0.07940820604562758
0.1900482475757599
0.1918926537036896
0.15679611265659332
0.1735718995332718
0.11327812075614928
0.18699784576892847
0.1427159607410431
0.10264521092176436
0.2048913538455963
0.2013200670480728
0.136597603559494
0.22206319868564603
0.11423435062170029
0.18575243651866913
0.09923826903104782
0.08076713234186172
0.16615523397922516
0.17457354068756104
0.231490895152092
0.18632441759109497
0.07042059302330017
0.15810845792293549
-0.09102267026901245
0.11399881541728972
0.07284998148679733
0.190671369433403
0.2316598892211914
0.16233296692371368
0.09328501671552658
0.16237613558769226
0.09379943460226059
0.11140812933444975
0.15731750428676605
0.22739994525909424
0.08394105732440947
0.10207512229681016
0.14325702190399167
-0.014757750555872915
0.1396443098783493
0.1666601598262787
0.2092198133468628
0.16002309322357175
0.19336064159870148
0.20114304125308993
0.16952282190322876
0.15596382319927216
0.19646321237087247
0.1601761430501938
0.23862008750438687
0.1765771061182022
0.201262891292572
0.13970230519771576
0.03703546524047852
0.17123928666114807
0.1602139174938202
0.22465479373931885
0.2394167929887772
0.1760195642709732
0.14194773137569427
0.17828574776649475
0.12414567917585372
0.20972539484500885
0.17053832113742828
0.06097676232457161
0.1336970180273056
0.22652693092823029
0.0774005353450775
0.1714271456003189
0.2321290820837021
-0.018346453085541725
0.17417915165424347
0.023391833528876305
0.0766790434718132
0.0899413600564003
0.18846522271633148
0.20615702867507932
0.23684532940387723
0.04715663939714432
0.15048672258853912
0.1251063048839569
0.14786863327026367
0.10995898395776749
0.16583167016506195
0.08874940127134323
0.21565380692481995
0.17900992929935455
0.1771373301744461
0.23096406459808347
0.12219011038541792
0.17921243607997894
0.010295085608959198
0.13918027281761167
0.15927864611148834
0.16475073993206024
0.22744640707969663
0.09501174837350845
0.1402558535337448
0.15656211972236633
0.1552745550870895
0.19674886763095853
0.19037707149982447
0.11107797920703888
0.15023626387119293
0.14494891464710236
0.17090649902820587
0.10402215272188187
0.18276874721050265
0.17362727224826813
0.21318967640399927
0.011051069945096968
0.22332336008548737
0.2378888726234436
0.2548644244670868
0.20490163564682007
0.06536652892827988
0.020002465695142743
0.13708005845546722
0.21852803230285645
0.13964287936687467
0.23641486465930936
0.244487538933754
0.18373377621173856
0.1536387950181961
0.21077123284339905
0.13994064927101135
0.18936245143413544
0.17520351707935333
0.11652895063161849
-0.08535227179527281
0.19234670698642728
0.13106463849544525
0.19366125762462613
0.10754503309726716
0.23334839940071103
0.16911025345325467
0.19771382212638852
0.2272707968950272
0.15564365684986115
0.05879591777920722
0.2334411293268204
0.17630808055400848
0.25181701779365534
0.22609825432300568
0.09049040824174881
0.05097241699695587
0.2019615024328232
0.07964304834604262
0.16714651882648468
0.16872370243072507
0.22354966402053836
0.2335939109325409
0.1552424132823944
0.18159382045269007
0.14881087839603424
0.22122471034526825
0.15351633727550507
0.11508833616971968
0.24097199738025665
0.15745854377746582
0.03018597327172756
0.076649509370327
0.2150617986917496
0.20807710289955136
0.1749468594789505
0.05992484465241432
0.21100424230098724
0.172824427485466
0.15826004743576047
0.14740948379039764
0.13421984016895294
0.20458871126174927
0.04804562777280808
0.1143624261021614
0.10071539133787157
0.231328085064888
0.16149616241455078
0.18813276290893555
0.1161513701081276
0.07655607908964157
0.19074295461177823
0.13688355684280396
0.20394498109817505
0.17079918086528778
0.10898970067501068
0.05132143944501877
0.25380367040634155
0.24066735804080963
0.18900139629840848
0.19107043743133545
0.07000746577978134
0.03706284612417221
0.226386159658432
-0.024701181799173355
0.153799369931221
0.19461290538311005
0.20095764100551605
0.14836639165878296
0.13941101729869843
0.16833460330963135
0.06031559780240058
0.16297850012779236
0.1605323702096939
0.15554253756999967
0.1333988904953003
0.10464663803577424
0.1656683087348938
0.1160592958331108
0.11503638327121735
0.13864493370056152
0.15920154750347135
0.14080733060836792
0.18898431956768036
0.08344393223524092
-0.04497082158923149
0.1646490693092346
0.14802610874176023
0.16779954731464383
0.10066986829042435
0.11505664885044097
0.19917626678943637
0.06838210672140121
0.02836883254349232
0.2076474726200104
0.16526637971401215
0.21726530790328977
0.07972838729619981
0.14711968600749967
0.018894048407673836
0.11063425987958908
0.22384151816368103
0.16109661757946014
0.1396026909351349
0.17260505259037015
0.1827208399772644
0.18545980751514435
0.1843794733285904
0.14723733067512512
0.2281000465154648
0.20542524755001068
0.1831623017787933
0.11137484014034273
0.2400917410850525
0.13595087826251984
0.18404389917850492
0.16500967741012573
0.16387321054935455
0.14967991411685944
0.14773833751678467
0.14913444221019745
0.15645988285541534
0.2023773044347763
0.2263552099466324
0.16203069686889648
-0.04880232736468315
0.1849871128797531
0.1523519605398178
-0.06318645179271698
0.2099528461694717
0.2159743905067444
0.1709591448307037
0.1816480457782745
0.17215338349342346
0.25342416763305664
0.06259257346391678
0.20462514460086825
0.15342146158218384
0.0647788867354393
0.12422575801610947
0.23480965197086331
0.15440687537193298
0.07142575085163116
0.16200381517410278
0.23228313028812408
0.2113841623067856
0.18055205047130585
0.12377467006444932
0.10049308091402052
0.22752283513545987
0.21255502104759216
0.1187458112835884
0.1143745332956314
0.1525915116071701
0.18624943494796753
0.1253198534250259
0.11899589747190475
0.23230406641960144
0.20399747788906095
0.13105329871177673
0.24969469010829923
0.16295397281646729
0.22079968452453613
0.14133332669734955
0.1236693188548088
0.11882104724645615
0.16967555880546567
0.17828337848186493
0.23835285007953644
0.14777508378028867
0.1829150766134262
0.10966040939092636
0.09677469730377197
0.2493372708559036
0.059937585145235055
0.19875012338161469
0.11867740005254744
0.2209614664316177
0.12083887308835985
0.15717558562755585
0.1300041526556015
0.14210857450962067
0.22638724744319916
0.15218472480773923
0.22908295691013336
0.18375350534915924
0.04064321890473366
0.16915461421012878
0.12150610238313674
0.22880874574184415
0.12668225169181824
0.1815118491649628
0.15048478543758392
0.18469588458538053
0.1492081582546234
0.1814545691013336
0.2475145012140274
0.08295729011297227
0.21382521092891693
0.10474054515361785
0.16095642745494843
0.22617839276790616
0.12154018133878708
0.2120208591222763
0.17622554302215576
0.06890798360109329
0.02742106281220913
0.21713258326053617
0.13179168105125427
0.1370486468076706
0.22062166035175323
0.25176277756690973
0.20701360702514648
0.12024735659360884
0.10192116349935532
0.1421951949596405
0.23486557602882385
0.23680441081523892
0.1820223182439804
0.21272277832031247
0.17734591662883759
0.12953144311904907
0.23090556263923645
0.06202409043908119
0.19565694034099576
0.11272887885570526
0.1021209955215454
0.2289322465658188
0.15006418526172635
0.18904732167720795
0.1521085947751999
0.21687130630016327
0.16089212894439697
0.151251420378685
0.08224175870418547
0.029873711988329887
0.19307422637939453
0.22955353558063507
0.15372775495052335
0.2406906336545944
0.18201316893100736
0.239839568734169
0.20829822123050687
0.09867906570434569
0.14094312489032745
0.1143682524561882
0.12541714310646057
0.10751943290233612
0.24152339994907376
0.14453153312206268
0.22546456754207608
0.1587340384721756
0.22756369411945343
0.25368586182594294
0.1292046010494232
0.08235641568899153
0.17558930814266205
0.19593180716037753
0.17819981276988983
0.01156075857579708
0.16056735813617706
0.1618535816669464
0.17484532296657562
0.1673792451620102
0.10127786546945572
0.0752493366599083
0.051115121692419045
0.2242813855409622
0.18053384125232697
0.2053796947002411
0.12013015896081924
0.16226164996623993
0.15469393134117126
0.21099349856376648
0.1924903243780136
0.23582790791988367
0.08071500808000563
0.06674153357744217
0.2532236874103546
-0.0009801858104765415
0.13623128831386566
0.17127113044261932
0.10751960426568984
0.12319471687078476
0.08660785108804703
0.07607769966125488
0.18637295067310333
0.08128146827220915
0.21293434500694275
0.15353639423847198
0.2065514028072357
0.11030251532793044
0.10681789368391036
0.22109863162040713
0.09029896557331085
-0.03511505573987961
0.06788652390241623
0.19148580729961395
0.1744779795408249
0.21704356372356412
0.178523913025856
0.17290835082530975
0.11005812883377077
0.17202040553092957
0.2326736152172089
0.23153109848499295
0.2328656613826752
0.13203203678131104
0.2017396241426468
0.2358185052871704
0.19599138200283048
0.1704394370317459
0.2086578756570816
0.1325184553861618
0.14297793805599213
-0.040679387748241425
0.13138844072818756
0.08477461338043213
-0.023534314706921577
0.15694694221019745
0.0952240601181984
0.1630786806344986
0.14002299308776855
0.133311465382576
0.2330303341150284
0.11205311864614485
0.15225161612033844
0.10433729737997056
0.23090216517448425
0.08775835484266281
0.18165062367916107
0.03566017746925354
0.16660717129707336
0.18452806770801544
0.1279633492231369
0.23356267809867856
0.08144567161798477
0.15766340494155884
0.11354810744524002
0.10485906153917313
0.19186814129352567
0.19530631601810453
0.13419225811958313
0.23732520639896393
0.06711437553167343
0.15491938591003415
0.17417778074741364
0.026497231796383858
0.06814178079366684
0.24879886209964752
0.09248243272304536
0.16221614181995392
0.22015465795993805
0.20958875119686127
0.09004899859428404
0.15846380591392517
0.09474984556436537
0.15240567922592163
0.2369956970214844
0.1913433074951172
0.16552989184856415
0.1994260400533676
0.16012583673000336
0.1855430155992508
0.04657075181603432
0.228946715593338
0.19241303205490112
0.15392428636550903
0.11309364438056944
0.07766626775264741
0.19556944072246552
0.15682493150234222
0.21204034984111783
0.1746843457221985
0.1426003873348236
0.15704701840877533
0.18302468955516812
0.12749437987804413
0.17297488451004028
0.09733051061630248
0.17272676527500153
0.21985577046871185
0.23186554014682767
0.12914657592773435
0.17176684737205505
0.2170587182044983
0.13078267872333527
0.2309887260198593
0.123387910425663
0.21680153906345367
0.17186154425144196
0.1380902528762817
0.18722501397132876
0.20242290198802948
0.05096586421132088
-0.06821924448013306
0.02565302513539791
0.15882019698619843
0.19769415259361267
0.23151470720767972
0.03158086538314819
0.11649557203054428
0.17355595529079437
0.1956144273281097
0.10206889361143112
0.10318391025066376
0.16100820899009705
0.2228246778249741
0.179703488945961
0.1873624473810196
0.1635785549879074
-0.055683873593807214
0.2246045470237732
-0.011048287153244019
0.20065632462501523
0.10369854420423508
0.13524599373340607
0.0937211290001869
0.2044794261455536
0.15591678023338315
0.10999419540166853
0.11476535350084303
0.15790854394435883
0.07537917047739029
0.17709997296333313
0.1570119708776474
0.12144411355257034
0.2044529020786285
0.12229114025831223
0.1572304219007492
0.04389755800366402
0.17186151444911957
0.16635048389434814
0.10370432585477828
0.045762304216623306
0.15860499441623688
-0.08779377490282057
0.14222468435764313
0.1809412240982056
0.17614674568176267
0.03205098956823349
0.2070845812559128
0.12081805616617201
0.1948215216398239
0.1445295512676239
0.16483692824840543
0.042786020785570145
0.07264258712530136
0.12066636234521864
0.23497024178504944
0.19634674489498136
0.1428915113210678
0.1954144984483719
0.15544693171977997
0.10347963869571684
0.18443353474140167
0.04088045284152031
0.21843738853931427
0.1368938386440277
0.05000844970345497
0.09485802054405212
0.17078465223312375
0.1583118438720703
0.17834104597568512
0.16601599752902985
0.20816817879676816
0.16089603304862976
0.11706950515508652
0.20572690665721893
0.19940844178199768
0.13818849623203275
0.16984207928180695
0.20298437774181363
0.2275613993406296
0.07766211777925491
0.17442046105861664
0.01910645328462124
0.15927743911743164
0.11198701709508896
0.1561199277639389
-0.041384581476449966
0.22818268835544583
0.18173234164714813
0.1245666965842247
0.17643077671527863
0.17913706600666046
0.15089397132396698
0.1860913634300232
0.055988360196352005
0.1373329907655716
0.23552332818508148
0.15839920938014984
-0.029796889051795002
0.14796574413776395
0.2353805750608444
0.2402445375919342
0.2362332493066788
0.2277878969907761
0.048734668642282486
0.20206356048583984
0.19846324622631076
0.14062149822711945
0.1798444241285324
0.2485991567373276
0.1429816633462906
0.17039425671100616
0.07552924752235411
0.1975718289613724
0.23216612637043
0.06022028997540474
0.2429475039243698
0.13541609048843384
0.20052827894687647
0.2073225826025009
0.16341640055179596
0.11063475906848907
0.23346082866191864
0.16648384928703308
0.1332271546125412
0.15620411932468414
0.20798917114734647
0.010473918169736862
0.03852969780564308
0.1714986264705658
0.18768633902072904
0.16296793520450592
0.18241827189922327
0.22009100019931796
0.1523590385913849
0.17918390035629272
0.16349072754383087
0.17741550505161283
0.17247766256332395
0.14392240345478055
0.23041874170303345
0.198729544878006
0.20650349557399747
0.1618037074804306
0.10955918580293655
0.08521918207406996
0.19330494105815887
0.09039997309446336
0.13673771917819977
0.17168833315372467
0.022471945732831955
0.25295379757881165
0.11132936179637908
0.1358925849199295
0.10826890915632248
0.15047985315322876
0.14732521772384644
0.041603371500968926
0.11593068391084672
0.22227148711681363
0.19750021398067477
0.15054284036159515
0.15255106985569
0.05755700543522834
0.2267448455095291
0.10397211462259293
0.1964631080627441
0.1972591131925583
0.15231820940971375
0.21371972560882568
0.08780762553215027
0.15926747024059296
0.06381134688854218
0.17178671061992645
0.21180735528469083
0.14183276891708374
0.22639189660549164
0.12207699567079544
0.1580512374639511
0.22568143904209137
0.0013036704622209072
0.16245464980602264
0.06584834307432175
0.19020511209964752
0.22165726125240323
0.14889556169509888
0.14875750243663788
0.03332725539803505
0.2280855029821396
0.040406938642263406
0.011797014623880386
0.22331459820270536
0.1834329217672348
0.029677065089344975
0.21037250757217407
0.06338757276535034
0.06200535222887993
0.17608417570590973
0.23693643510341644
0.15237738192081451
0.11726417392492294
0.0028382441960275173
0.22396667301654813
0.13701887428760529
0.20505170524120328
0.17374981939792633
0.1547592133283615
-0.06788934767246246
0.24371321499347687
0.17608214914798737
0.12859968841075897
0.1568508148193359
0.145419180393219
0.16836236417293549
0.2161920517683029
0.17084361612796783
0.07253244519233702
0.16819842159748075
0.23328648507595065
0.18880103528499603
0.24275965988636017
0.10884421318769454
0.10955198109149931
0.016214242205023766
-0.06280745565891266
0.024503542110323902
0.13321883976459503
0.18024902045726776
0.20650123059749603
0.20719511806964877
0.020106082782149315
0.04444973543286324
0.18198432028293607
0.12416289001703262
0.16148801147937775
0.1322665810585022
0.13945871591567993
0.126775786280632
0.20962271094322205
0.2245466262102127
0.23867002129554749
0.14693470299243927
0.12016961723566057
0.09190870076417923
0.052850861102342606
0.18573309481143951
0.16730116307735443
0.11849556118249892
0.107384592294693
0.2205548286437988
0.16173188388347623
0.15696102380752563
0.18131728470325467
0.23408758640289304
0.18846808373928073
0.21217836439609528
0.22537890076637268
0.22113552689552307
0.1855187565088272
0.127055361866951
0.205216646194458
0.15232732892036435
0.23096270859241483
0.17146156728267667
0.1396593600511551
0.12531331181526184
0.07584472745656966
0.12129906564950942
0.1264645904302597
0.15650145709514615
0.07599965482950209
0.1129596158862114
0.17708943784236908
0.21153850853443143
0.1889912635087967
0.23516179621219635
0.16710519790649414
0.06183745339512825
0.2045598030090332
0.18416036665439603
0.13946236670017242
0.2447662502527237
0.14696072041988373
0.13729383051395416
0.08517595380544662
0.1376836448907852
0.24049748480319977
0.03048703260719776
0.1749604195356369
0.20015776157379153
0.16631311178207395
0.1500941514968872
0.14900940656661987
0.19823823869228363
0.15057159960269928
0.18275658786296844
0.17672699689865112
0.21450214087963104
0.12524516880512235
0.14101427793502808
0.06552097946405411
0.0823715031147003
-0.04597814753651618
0.06549207121133804
0.1854335814714432
0.10693471878767012
0.24044512212276456
0.2482726722955704
0.12298301607370377
0.19867658615112305
0.06816477328538895
0.1849360167980194
0.09078957140445709
0.06449674069881439
0.17891950905323029
-0.0419311560690403
0.13878177106380463
0.1924874037504196
0.14391596615314484
0.05494973435997962
0.031416069716215134
-0.03547286614775658
0.21718704700469968
0.15863767266273499
0.18337045609951017
0.09347897768020627
0.22740699350833887
0.23438967764377597
0.18238647282123563
0.23161610960960388
0.20436719059944153
0.07791842520236969
0.22449176013469696
0.16915079951286316
0.20042562484741208
0.17776647210121155
0.11758438497781752
0.13856814801692963
0.19226516783237457
0.11391139775514603
-0.003986450377851725
0.19959515333175656
0.12102217227220537
0.15881226956844327
0.010650675743818285
0.15214978158473969
0.12184973806142808
0.13503262400627136
0.05285201594233513
0.11141184717416765
0.11240762472152709
0.15613538026809692
-0.039944183081388474
0.23439428210258484
0.10324125736951828
0.11544793099164961
0.23361404240131375
0.18189282715320587
0.021443551406264305
0.08869311958551408
0.05624983087182045
0.1361177563667297
0.0663902536034584
0.04019270464777946
0.13599783182144165
0.0316503569483757
0.11462540179491044
0.2151972949504852
-0.03488021716475487
0.2354167401790619
0.12372735887765884
0.21185630559921265
0.2361043393611908
0.08017079532146454
0.042826253920793526
-0.023101435974240303
0.2286473363637924
0.22569753229618073
0.18633003532886505
0.20956344902515409
0.2285302430391312
0.19963358342647552
0.18452022969722748
0.2002366781234741
0.1385524421930313
0.2256952673196793
0.16470451653003693
0.1460136920213699
0.2053900808095932
0.21056613326072687
0.07697608321905136
0.07370846718549728
0.10550915449857712
0.20641179382801053
0.24962462484836576
0.1526093631982803
0.19743698835372925
0.10103940218687056
0.17856054008007047
0.08536558598279953
0.1724071353673935
0.22975012660026553
0.14486533403396606
0.16287890076637268
-0.03712454438209534
0.09715022891759872
0.1919332444667816
0.03236665949225426
0.04549042508006096
0.23719322681427
0.14274904131889343
0.07258588820695877
0.20784482359886167
0.15190370380878448
0.18722912669181824
0.04351996257901192
0.19355483353137967
0.11889778822660446
0.20078997313976288
0.14944495260715485
0.1431552022695541
0.11542078107595444
0.1148414984345436
0.16075126826763153
0.20581023395061487
0.21102070808410645
0.2277648597955704
0.11746958643198012
0.2110005170106888
0.18642161786556244
0.2105323225259781
0.1717558652162552
0.17586372792720795
0.145575612783432
0.10629449039697648
0.22845318913459775
0.157097727060318
0.016846822574734688
0.2360951006412506
0.16144320368766785
0.17138886451721191
0.2149862498044968
0.23177775740623477
-0.05080223456025124
0.21552738547325132
0.20562115311622617
0.011270107701420784
0.08003765344619752
0.09898279607295989
0.17621289193630219
0.21060316264629364
0.18900507688522336
0.1307580918073654
0.06509001553058624
0.08355312794446945
-0.019182709977030758
0.16221745312213895
0.03702792525291442
0.11734255403280258
0.11544150859117508
0.16238071024417877
0.03897770121693611
0.06954842060804367
0.061276774853467934
0.11373565346002577
0.13426165282726288
0.19096034765243527
0.1737474650144577
0.11295298486948012
0.1738581657409668
0.2025521546602249
0.16480301320552823
0.11469170451164244
0.124901182949543
0.1665021926164627
0.19427405297756195
0.2059791833162308
0.16157712042331696
0.12440577894449234
0.1177130937576294
0.16421394050121307
0.14819656312465668
0.1953258514404297
0.13353107869625092
0.25002989172935486
0.12634484469890594
0.1356573700904846
0.17588715255260468
0.12833018600940704
0.23638954758644104
0.1892055720090866
0.19923837482929227
0.18852576613426208
0.14609381556510925
0.056222211569547646
0.06994323432445526
0.1771154552698135
0.20325599610805511
0.20046600699424744
0.14587360620498657
0.08498164266347885
0.1599649041891098
0.07097093015909195
0.0750034675002098
0.15813428163528442
0.12445252388715744
0.1716890186071396
0.12161716073751448
0.20584143698215485
0.17618688941001892
0.2544556558132172
0.05347897484898567
0.14685191214084625
0.20381075143814087
0.02834118343889713
0.1998928934335709
0.13412292301654816
0.07960716634988783
0.16003616154193878
0.11016435176134108
-0.012921037152409552
0.17471982538700104
0.1749507337808609
0.12710820138454437
0.11816299706697464
0.20601321756839752
0.16094355285167694
0.1236727312207222
0.16070128977298737
0.08074416220188141
0.24150463938713077
0.011950483545660973
0.17190618813037872
0.22161749005317688
0.1523195207118988
0.1488298922777176
0.1639912873506546
0.20157028734683993
0.20723134279251096
0.2050267904996872
0.19340841472148892
0.16579453647136688
0.13848623633384705
0.11678894609212875
0.09795454144477843
0.15343302488327026
0.1757390946149826
0.1357901096343994
0.1034756377339363
0.2154429405927658
0.22582750022411344
0.14984288811683655
0.1185075044631958
0.1141008362174034
0.16464407742023468
0.07578886300325394
0.18192772567272184
0.03529728576540947
0.06156619265675545
-0.014924416318535805
0.1273586004972458
0.10436213761568068
0.02329308725893497
0.22778573632240293
0.1166539266705513
0.11807680875062943
0.15581412613391876
0.1347692459821701
0.07303018122911453
0.05308065935969353
0.14546866714954376
0.16919533908367157
0.18116255104541776
0.23433350026607516
0.18584375083446503
-0.02680995874106884
0.2006361782550812
0.22609297931194303
0.22517782449722287
0.13857585191726685
0.17660169303417203
-0.00825739838182926
0.22032131254673004
0.12267305701971054
0.11762285232543944
0.2353404015302658
0.2234284281730652
0.15186260640621185
0.17089809477329254
0.1981629580259323
0.15757083892822263
0.1633395403623581
0.09736441820859908
0.2213406413793564
0.00014108559116721153
0.11224876344203948
0.17568464577198029
0.15582264959812164
0.1555937826633453
0.17318464815616608
0.13882265985012054
0.21860362589359283
0.0037180013023316865
0.12112919241189957
0.13343212008476257
0.18650266528129575
0.21526727080345157
0.17601265013217926
0.17428551614284515
0.1755802184343338
-0.012283498421311378
0.13579751551151276
0.20419390499591827
0.2054470330476761
0.10827936977148056
0.04740060493350029
0.059726174920797355
0.10099218785762785
0.12731589376926422
0.1708575040102005
0.1770199090242386
0.2441226989030838
0.025303570553660393
0.2273240238428116
0.2327732592821121
0.22082842886447904
0.1245439276099205
0.24354179203510284
-0.03343978151679039
0.18751724064350128
0.21372693777084353
0.20070227980613708
0.1380431205034256
0.14392870664596555
0.031950075179338455
0.23765106499195096
0.12721796333789823
0.10229384899139404
0.10142692178487776
0.22863276302814484
0.054200641810894006
0.09420404583215712
0.05193610116839409
-0.005391492042690516
0.19379322230815887
0.16691504418849945
0.10812167078256608
0.2290329486131668
0.11870235949754714
0.095950648188591
0.13803082704544067
0.09652356058359146
0.10719864815473557
0.15956105291843414
0.20888401567935944
0.15460386872291565
0.2375379502773285
0.21181097626686096
0.22930437326431277
0.1594172716140747
0.13219128549098969
0.19646956026554108
0.14657936990261075
0.09666962921619417
0.2125331461429596
0.16923855245113373
0.16234098374843595
0.023342264816164967
0.06534341722726822
0.23281441628932953
0.012476487085223196
0.17216259241104123
0.135770782828331
0.11911902576684952
0.23676756024360657
0.18252623081207275
0.07205531001091003
0.08105553686618805
-0.05213660001754761
0.20506277680397036
0.17299498617649078
0.22637107968330383
0.13367724418640137
0.17415057122707367
0.20327259600162503
0.19629552960395807
0.05915878340601921
0.1661464273929596
0.14909420907497406
0.1347990036010742
0.1899401098489761
0.2354766130447388
0.11621858924627304
0.2050487697124481
0.1652955859899521
0.18712776899337769
0.20951704680919647
0.21338909864425656
0.20433135330677032
0.09974414855241776
0.23572428524494168
0.22115145623683927
0.19616076350212097
0.14293402433395383
0.1792066395282745
0.24852479994297028
0.1288056522607803
-0.024854028597474095
-0.00016354629769921303
0.10589006543159483
0.10313396900892256
0.14023169875144958
0.19150254130363464
0.17987799644470215
0.171209454536438
0.16816599667072296
0.002236766275018453
0.04068128392100334
0.19385673105716705
0.1580033302307129
0.14696581661701202
0.12743778526782987
0.1936448961496353
0.19453103840351105
0.15826664865016937
0.23524960875511167
0.1277114301919937
0.0974544882774353
0.22724875807762143
0.14348195493221283
0.17487283051013947
0.15007829666137695
0.23199506103992465
0.15399301052093503
0.15461289882659912
0.246416375041008
0.22514468431472776
0.199870690703392
0.09906160831451416
0.11198761314153673
0.24534644186496732
0.011994682252407072
0.1038900911808014
-0.00907730869948864
0.0928288996219635
0.18549372255802157
0.12214273959398268
-0.030640507116913795
0.18542887270450592
0.16541676223278043
0.1945287734270096
0.08756958693265915
0.14956265687942505
0.16916121542453763
0.2004375159740448
0.24289435148239133
0.179969921708107
0.14388933777809143
0.19704556465148923
0.1850009113550186
0.23113395273685453
0.17909181118011475
0.18562354147434235
0.0840661972761154
0.20870493352413175
0.2295496165752411
0.21944433450698847
0.07472883909940718
0.1019451394677162
0.14159701764583588
0.17475463449954987
0.13491979241371155
0.22126834094524384
0.2437986582517624
0.1893552988767624
-0.04726243391633034
0.10382003337144852
0.18355874717235565
0.1229635551571846
0.16195011138916016
0.23918242752552032
0.13273942470550537
0.12049803882837296
0.1927032023668289
0.15950359404087067
0.15862973034381866
0.21784453094005585
0.2392491102218628
0.0638827383518219
0.16486908495426175
0.16814781725406647
0.05784839019179344
0.09096764773130415
0.18663369119167328
0.11688607931137084
0.011950159445405006
0.2078459709882736
0.22743941843509677
0.13298527896404266
0.17547734081745148
0.13417108356952667
0.09904707223176956
0.19253529608249664
0.1131945624947548
0.1385015845298767
0.14232358336448667
0.2089298963546753
0.1577548384666443
0.07411660999059677
0.20079940557479856
0.1837534457445145
0.092606820166111
0.12850594520568848
0.12922510504722595
0.1200566217303276
0.21106891334056851
0.05369555577635765
0.06740617007017136
0.1077333390712738
0.17317168414592743
0.13618886470794675
0.07363765686750413
0.19585750997066495
0.018466336652636528
0.15866442024707794
0.20714671909809113
0.22855420410633087
0.15244172513484955
0.18511663377285004
0.10525400191545486
0.1585499197244644
0.16249233484268188
0.05765936896204949
-0.013422129675745964
0.17650657892227173
0.2182468473911285
0.20977230370044708
0.10354720801115036
0.1158057227730751
0.16324204206466675
0.13860194385051727
-0.017197465524077415
0.18950325250625608
0.13756865262985227
0.15498782694339752
0.16981938481330872
0.1474863439798355
0.09396968781948088
0.1803975850343704
0.07573752850294113
0.06559038907289505
0.1284555345773697
0.16502434015274048
0.0016483007930219171
0.21200659871101377
0.07613907009363174
0.1505574733018875
0.18306554853916168
0.18304483592510223
0.141459122300148
0.1586487889289856
0.12682452797889707
0.17288939654827115
0.17200055718421936
0.2118433713912964
0.13016526401042938
0.22626684606075287
0.09639507532119752
0.19053737819194796
0.20758579671382904
0.13450081646442413
0.16118671000003815
0.09430724382400511
0.19589300453662872
0.2216061502695084
0.15764035284519196
0.2217611223459244
0.22120770812034607
0.23440881073474884
0.10578372329473495
0.0809805616736412
0.151510089635849
0.17369742691516876
0.15462373197078705
0.06872706115245819
0.16448086500167847
0.14558590948581696
0.23366302251815796
0.19979108870029447
0.1087214946746826
0.0916292890906334
0.17513799667358398
0.24541445076465607
0.23763491213321683
0.22877489030361173
0.1570082455873489
-0.07997124642133711
0.16034841537475583
0.07138118892908096
0.1200423315167427
0.23952734470367432
0.1463576704263687
0.07719996571540833
0.1295919567346573
0.1794099658727646
0.22639800608158112
0.12582466006278992
0.1337643265724182
0.014028947800397871
0.2185492962598801
-0.049335733056068413
0.1565168648958206
0.23944646120071408
0.048948615789413445
0.16109682619571683
0.06330018490552902
0.16818243265151975
0.20743192732334137
0.08352762460708618
0.15220396220684052
0.1564098447561264
0.17599560320377347
0.18865109980106357
0.1436934620141983
0.0802484005689621
0.16776210069656372
0.19091719388961792
0.11443562805652618
0.14202888309955597
0.18146842718124387
0.17098873853683472
0.13422039151191711
0.15791253745555875
0.17707791924476624
0.1768113076686859
0.12195735424757004
0.11752459406852722
0.11622426658868788
0.08411285281181334
0.19570808112621307
0.09966468065977097
0.21642570197582245
0.05462982878088951
0.04616079851984978
0.19003181159496307
0.16438566148281095
0.1322370171546936
0.1643974930047989
0.16953681409358978
0.0874451845884323
0.2230670005083084
0.11973122507333755
0.056267526000738144
0.12898100912570953
0.037519030272960656
0.19469717144966123
0.12541194260120392
0.1812637597322464
0.23471385240554807
0.13494132459163663
0.12373255938291548
0.14730118215084076
0.19358272850513455
0.1755550354719162
0.08473871648311616
0.0977739170193672
0.16921204328536987
0.1760098785161972
0.18833382427692413
0.22141864895820615
0.18954268097877505
0.2213425189256668
0.13228075206279755
0.11895931512117384
0.020677134394645687
0.13919676840305328
0.06165127828717232
0.19005167484283447
0.19126641750335693
0.18907175958156583
0.1471011787652969
0.1765618473291397
0.23168480396270752
0.1792428344488144
0.17028923332691193
0.1707610934972763
0.11882521957159042
0.04826120659708977
0.1773678362369537
0.22723811864852905
0.15084320306777954
0.23279443383216855
0.14762082695960999
0.030796049162745476
0.13388647139072418
0.09078189730644226
0.09639424830675124
0.13415312767028809
0.194634810090065
0.2377161383628845
0.13181293010711667
0.15107932686805725
0.146612286567688
0.11262626200914382
0.1008828654885292
0.23026929795742035
0.10697589069604872
0.07257939875125885
0.13072781264781952
0.2286978214979172
0.131427064538002
0.1519500762224197
0.13745523989200592
0.06011621281504631
0.1385182738304138
0.18394489586353305
0.22562809288501737
0.1508437842130661
0.038136690855026245
0.14435754716396332
0.14611195027828217
0.1927272230386734
0.1572173833847046
0.1159297227859497
0.15016593039035797
0.17382805049419403
0.17116805911064148
0.15837298333644867
0.1573413908481598
0.07453724741935731
0.22459270060062408
0.1296638697385788
0.15702100098133087
0.21380269527435303
0.1556872725486755
0.23843386769294736
0.22567303478717804
0.2050727754831314
0.14632925391197205
0.13416332006454468
0.17382265627384183
-0.00813307426869869
0.11840111762285233
0.2079094499349594
0.18362991511821744
0.20688076317310333
0.20972090959548953
0.2316736131906509
0.1957125812768936
0.02670583687722683
0.14646248519420624
0.17247992753982544
0.14047153294086456
0.19619579613208768
0.11145757883787157
0.20264013111591336
0.14531973004341123
0.1598634421825409
0.22996871173381803
0.16396594047546387
0.24663977324962613
0.23506259918212888
0.0882337838411331
0.16145570576190948
0.14263272285461423
0.16362200677394867
0.1812790483236313
0.17878517508506775
0.1262536346912384
0.1743982285261154
0.09834078699350356
0.18162342905998227
0.17969073355197906
0.11760442703962326
0.08941115438938141
0.2372030317783356
0.19175067543983457
0.17029573023319244
0.19264172017574313
0.15328653156757355
0.14033423364162445
0.21444372832775116
0.12524600327014923
0.07101882994174957
0.06557880342006683
0.18102844059467316
0.1195112094283104
0.11180678755044936
0.17609120905399323
0.15628457069396973
0.1311972290277481
0.1353645771741867
-0.04633145034313202
0.15596364438533783
0.1629427075386047
0.23298293352127075
-0.0281252134591341
0.19511273503303528
0.24554045498371124
0.2340547889471054
0.2474919706583023
0.09991087764501572
0.1821512132883072
0.210632398724556
0.17562948167324066
0.1397523134946823
0.1636866182088852
0.15662595629692075
0.1083441451191902
0.18829430639743805
0.06823386996984482
0.09874653071165085
0.15771283209323883
0.19042667746543884
0.1678624004125595
0.04606491699814797
0.18669061362743375
0.17898790538311005
0.09194661676883696
0.1622096747159958
0.1603296548128128
0.1842965930700302
0.1482384204864502
0.20805297791957852
0.22845835983753204
0.1301456242799759
0.0672001987695694
0.1997660994529724
0.1332471668720245
0.0019032335840165613
0.2497202306985855
0.07979857176542282
0.12539735436439514
0.18452109396457672
0.1233745589852333
0.14908082783222198
0.21972729265689847
0.1597438007593155
0.177334725856781
0.10288334637880324
0.19143845140933993
0.236799955368042
0.14547479152679443
0.15722951292991638
0.13144168257713315
0.1464668959379196
0.13379894196987152
0.15658937394618988
0.18735359609127045
0.17121849954128265
0.009932240471243858
0.23258386552333832
0.1630636304616928
0.11595355719327927
0.16206198930740356
0.12021774798631668
0.20850838720798487
0.0984540954232216
0.2388814240694046
0.14793579280376434
0.22198860347270963
0.07890433818101883
0.1626393347978592
-0.004022786859422921
0.08342197537422179
7.189204916357994e-05
0.25375857949256897
0.13576893508434296
0.14816203713417053
0.026321401819586757
0.1687764078378677
0.18087472021579745
0.11859451979398727
0.1560087949037552
0.16402797400951383
0.08557751029729843
0.12521451711654663
0.16111473739147186
0.1498657464981079
0.18259750306606287
0.0523812547326088
0.17717468738555908
0.16637079417705536
0.2289295345544815
0.05444779619574546
0.20254483819007876
0.09545866400003432
0.15633852779865265
0.11639582365751266
0.23578476905822757
0.02652003802359104
0.22895984351634976
0.11636990308761597
0.1524340659379959
0.15995410084724426
0.05026321485638618
0.20842188596725464
0.14064474403858185
0.24586369097232816
0.15588220953941345
0.09339133650064467
0.1244683638215065
0.2559047341346741
0.113399900496006
0.14655016362667084
0.16372030973434448
0.18112212419509888
0.1915580630302429
0.07813924551010132
0.1363396197557449
0.1692190170288086
0.25107702612876887
0.16814982891082764
0.15742655098438263
-0.006953528616577386
0.1491703987121582
0.04723956808447838
0.08030001074075699
0.17100457847118375
0.1773393303155899
0.07144243270158768
0.22353745996952057
0.1338418424129486
0.14608187973499298
0.21186387538909912
0.2050089985132217
0.22314536571502683
0.21168597042560575
0.20330362021923065
0.23681713640689847
0.179857537150383
0.0981094613671303
0.15962545573711395
0.18146868050098416
0.2087275981903076
0.0871911346912384
0.25817927718162537
0.09946928918361664
0.16876567900180817
0.10546073317527772
0.18766252696514127
0.05696411058306695
0.11880872398614883
0.2288583666086197
0.23339816927909848
0.04313680529594421
0.180305615067482
0.13603270053863523
0.12357028573751448
0.1854257732629776
0.044373542070388794
0.006726992782205343
0.17760463058948517
0.13519850373268127
0.019150583073496815
0.12483412772417068
0.21958576142787933
0.05470900610089302
0.06761748343706131
0.146512433886528
0.1136443093419075
0.05280032381415367
0.1471971720457077
0.08942994475364685
0.13991041481494904
0.14573036134243011
-0.05608731508255005
0.20670028030872345
0.13891254365444183
0.25250065326690674
0.1638466864824295
0.13861243426799774
0.15220026671886444
0.12380006164312363
0.24700941145420077
0.18688602745532987
0.1601504534482956
0.189398854970932
0.1861066967248917
0.18099273741245267
0.039496328681707375
0.14184732735157013
0.16855572164058685
0.1607375144958496
0.23561520874500275
0.17247098684310913
0.10724210739135742
0.21447050571441648
0.21974521875381467
0.1772833466529846
0.17815424501895905
0.14703746140003204
0.1884649991989136
0.23656722903251648
0.1308196187019348
0.144065722823143
0.13540296256542203
0.22899588942527768
0.10214324295520782
0.10976337641477583
0.14581093192100525
0.09299162775278093
0.15604388713836667
0.0938415452837944
0.14286701381206512
0.14414139091968536
0.1709436327219009
0.14824962615966797
0.13965949416160583
0.14054076373577115
0.20044712722301483
0.2517867684364319
0.10649029910564423
0.22891354560852048
0.12171069532632828
0.050901401787996285
0.2240327149629593
0.01744304783642292
0.053491152822971344
0.14663834869861603
0.1750185340642929
0.06862744688987732
0.20107384026050568
0.1550886183977127
0.1932205408811569
0.13435937464237213
0.09745968133211136
0.0960342064499855
0.13098885118961334
0.15067674219608307
0.19452981650829315
0.17314033210277557
0.18899925053119657
0.017083749175071716
0.09663962572813034
0.22818224132061005
0.11415841430425644
0.09654805809259415
0.1715870052576065
0.1367790251970291
0.2246011197566986
0.12048397213220596
0.2249155342578888
0.18429405987262723
0.2317419946193695
0.1768561750650406
0.05641646310687065
0.08635298162698746
0.16700056195259094
0.17902538180351257
0.08094441890716551
0.10852009057998656
0.15724965929985046
0.15909793972969055
0.1255429834127426
0.1759185492992401
0.15113617479801175
0.050782088190317154
0.0940924659371376
-0.011807864531874657
0.15986892580986023
0.17244745790958405
0.03145584836602211
0.17289526760578156
0.20907992124557492
0.12633942067623138
0.178904727101326
0.18572573363780973
0.23675261437892917
0.04487910494208336
0.02816762961447239
0.1528160721063614
0.17744867503643036
0.15528579056262967
0.11839105933904648
0.16923829913139343
0.22920137643814087
0.2384246587753296
0.2038467824459076
0.1693328469991684
0.1665077954530716
0.18696588277816767
0.10237360000610352
0.1282697468996048
0.17142339050769803
0.18353591859340668
0.02548176981508732
0.16849598288536072
0.07831060886383057
0.2240655422210693
0.10468266159296036
0.02616614662110805
0.07361688464879988
0.20001737773418424
0.22303925454616544
0.20168134570121765
0.23487964272499084
0.03159736469388008
0.1858896166086197
0.14128772914409635
0.21107174456119537
0.010071229189634325
0.2352149039506912
0.1049768328666687
0.15467895567417145
0.09950943291187286
0.1663958728313446
0.1846804320812225
0.11446315050125122
0.20987503230571744
0.23653525114059448
0.14141294360160828
0.1208379492163658
0.16605220735073087
0.16539587080478668
0.08163733780384062
0.13307228684425354
0.1634282022714615
0.17429053783416748
0.16227684915065765
0.17195849120616913
0.24443979561328888
0.11701109260320663
0.16565372049808502
0.1346057653427124
0.2222541719675064
0.23503103852272036
0.15457306802272797
0.1882314831018448
0.117303229868412
0.23625433444976807
0.15273799002170563
0.1764405518770218
0.16848903894424438
0.17221142351627347
0.13566099107265472
0.24390091001987457
0.03438564017415047
0.12500201165676117
0.14338985085487363
0.1472429633140564
0.16327494382858276
0.20445242524147036
0.12837326526641843
0.036299392580986016
0.14282105863094327
0.20318825542926788
0.12162090092897417
0.14621703326702115
0.1280185431241989
0.1390644758939743
0.14071862399578094
0.13752853870391843
0.17187441885471344
0.0785740688443184
0.04660609737038612
0.10780470818281172
0.18579410016536713
0.21449919044971463
0.14813770353794095
0.18430037796497345
0.18807561695575717
0.2294435203075409
0.1357356458902359
0.10621687024831772
0.1442475467920303
0.1862017214298248
0.16936667263507843
0.1883506178855896
0.16134770214557648
0.2159646898508072
0.19536925852298737
0.13756752014160156
0.17530985176563263
0.12042469531297684
0.17849837243556976
0.13289029896259308
0.20868904888629916
0.16535209119319916
0.15843646228313446
0.1963275969028473
0.16517166793346405
0.16978725790977478
0.15317507088184357
0.18838506937026975
0.17109401524066925
0.08430401980876921
0.2363425046205521
0.08919168263673782
0.1151040270924568
0.17587114870548248
0.2099647521972656
0.16356417536735535
0.01923355646431446
0.09207377582788467
0.06856997311115265
0.15272818505764008
0.1526242345571518
0.22207002341747284
0.1913396120071411
0.239959716796875
0.08757886290550232
0.13576458394527435
0.2004960924386978
0.15188005566596985
0.13596954941749573
0.1372247040271759
0.1309615820646286
0.002060235943645239
0.23029641807079315
0.1233229711651802
0.2291991114616394
0.2348448485136032
0.09338413923978803
0.18591250479221344
0.1503499448299408
0.157100573182106
0.13372343778610227
0.2179352045059204
0.1780693382024765
0.15484651923179626
0.13076762855052948
0.19456288218498227
0.10471011698246002
0.23058901727199557
0.1257294714450836
0.19722898304462433
0.176153764128685
-0.031449396163225174
0.17894212901592255
0.06562674045562744
0.15502633154392242
0.1047237366437912
0.16280916333198547
0.05558140575885773
0.16855569183826447
0.21103067696094513
0.06653985381126404
-0.09936913102865219
0.22308069467544556
0.07643691450357437
0.10357515513896942
0.1794157475233078
0.1475004106760025
0.2372671216726303
0.1153804138302803
0.23702122271060944
0.12539225816726685
0.22215804457664487
0.133296400308609
0.2045453637838364
0.15489976108074188
0.05704835429787636
0.1185515597462654
0.1095827743411064
0.08607521653175354
0.15437038242816925
0.1608470380306244
0.19549660384655
0.1173405945301056
0.1706562489271164
0.1959062218666077
0.15299318730831146
0.19056908786296844
0.2474234253168106
0.21879391372203824
0.2548268437385559
0.1518207490444183
0.13890013098716736
0.1661861687898636
-0.015015916898846626
0.1622498631477356
-0.052746422588825226
0.22681136429309845
0.09538868814706801
0.13132901489734647
0.17376889288425443
0.10212040692567824
0.08897842466831206
0.1928768455982208
0.18866895139217377
0.230025053024292
0.11457018554210661
0.14810585975646973
0.075197733938694
0.07057378441095352
0.17972463369369507
0.13083906471729279
0.21048207581043243
0.04502660781145096
0.004653369542211294
0.135542631149292
-0.009823909029364586
0.18856774270534515
0.07748261839151382
0.16974683105945587
0.19325369596481323
0.06837566941976547
0.21191769838333127
0.1668052226305008
0.1325824111700058
0.06556648761034012
0.16417819261550903
0.24197036027908325
0.1604640632867813
0.15406808257102966
0.09121375530958176
0.15875573456287384
0.14195536077022552
0.1151689812541008
0.14558176696300507
0.17150364816188812
0.2525615692138672
0.18327385187149048
0.18700994551181796
0.17242081463336945
0.16394068300724027
0.16588716208934784
0.12790603935718536
0.2035745829343796
0.1990687996149063
0.2359878569841385
0.2233978658914566
0.16253788769245148
0.15800435841083527
0.13345380127429962
0.17526859045028687
0.22481569647789
0.07225564122200012
0.031248385086655617
0.2171679735183716
0.17890603840351105
0.11052954941987991
0.1257534027099609
0.20783789455890653
0.1632943898439407
0.18778322637081143
0.22948335111141205
0.2381381392478943
0.10829298943281172
0.1744389832019806
0.05505022779107094
0.11501358449459076
0.18993814289569852
0.14541564881801605
0.22232846915721893
0.1238228604197502
0.23855078220367432
0.096971295773983
0.23047964274883273
0.11528671532869338
0.14982403814792633
0.05719493702054024
0.137787327170372
0.12496038526296616
0.04166432470083237
0.16093334555625916
0.2353035807609558
0.14176280796527863
0.02176555059850216
0.15265251696109772
0.1376071125268936
0.1885535567998886
0.16686256229877472
-0.01702670380473137
0.09580496698617937
0.08784969896078108
0.23014722764492035
0.10754811018705368
0.22401472926139832
0.08116676658391953
0.15547224879264832
0.2167062908411026
0.1447782963514328
0.20053456723690033
0.12147291749715804
-0.03397725895047188
0.090646855533123
0.22053162753582
0.10292143374681471
0.1813207715749741
0.08096470683813095
0.08456959575414658
0.19694089889526367
0.18778596818447116
-0.057367127388715744
0.17955823242664337
0.20418712496757507
0.0980679765343666
0.1416637897491455
0.19783326983451843
0.1337725669145584
0.17342515289783475
0.16101743280887604
0.028910426422953606
0.09421318024396896
0.08577392250299452
0.12206441909074783
0.08963245898485182
0.1592480093240738
0.16373324394226074
0.228231742978096
0.20281608402729037
-0.00299556041136384
0.2206777185201645
0.13028471171855927
0.1553029865026474
0.1589914709329605
0.15404413640499115
0.1815175861120224
0.23770858347415924
0.1894299238920212
0.16024303436279297
0.05202445387840271
0.25397196412086487
0.17432743310928345
0.13649947941303253
0.1443224400281906
0.20795977115631104
0.011762430891394615
0.1960546672344208
0.09829921275377272
0.15030811727046967
0.15211006999015808
0.11149518191814423
0.1486700028181076
0.1940607726573944
0.22794713079929352
0.23811291158199313
0.21334268152713773
0.14428654313087463
0.2050576210021973
0.1387990564107895
0.188601016998291
0.13235025107860565
0.02178268134593964
0.18303972482681277
0.17547999322414398
0.2338005155324936
0.10639416426420212
0.1914817541837692
0.13872669637203217
0.02834277041256428
0.12562225759029388
0.23459629714488983
0.2379771023988724
0.1702294796705246
0.11074697226285934
0.02891096659004688
0.12498026341199873
0.2032552808523178
0.1610676497220993
-0.09821981936693192
0.19707003235816956
0.16497361660003662
0.00568971550092101
-0.012042636051774023
0.08678533881902695
0.1846841424703598
0.1619361937046051
0.1801439672708511
0.2074846774339676
0.03561931475996971
0.18298682570457456
0.12252477556467056
0.2301120758056641
0.225958913564682
-0.047301698476076126
0.15084658563137054
0.2122064977884293
0.2344769388437271
0.189178079366684
0.0424947626888752
0.16345249116420743
0.08970876038074493
-0.02274654619395733
0.16763634979724884
0.12543897330760956
0.25449755787849426
0.12333255261182784
0.10785775631666183
0.2407419979572296
0.23139639198780057
0.196629211306572
0.18909598886966705
0.1849749982357025
0.2267950773239136
0.15134769678115845
0.18952685594558716
-0.010255036875605583
0.2539978325366974
0.22417397797107697
0.17549435794353485
0.0315222330391407
0.1820530146360397
0.12351468950510024
0.019191777333617207
0.2388577610254288
0.14752699434757233
0.1303095519542694
0.14291848242282867
0.232890859246254
0.2010284215211868
0.14750380814075467
0.17879343032836914
0.12744753062725067
0.14449164271354675
0.15408118069171903
0.17165683209896088
0.10746750980615616
0.16366492211818695
0.15825138986110687
0.1395467221736908
0.22174863517284396
-0.06707179546356201
0.2463371902704239
0.15694712102413175
0.16069018840789795
0.1706782728433609
-0.10764800012111664
0.08455448597669601
0.1866697520017624
0.0055199055932462215
0.17594216763973236
0.19960804283618927
0.22829677164554596
0.1476105898618698
0.1534646600484848
0.1743277609348297
-0.023180751129984852
0.07990721613168716
0.22219629585742953
0.11203210800886154
0.19325272738933563
0.17041105031967163
0.13559179008007047
0.1044578179717064
0.11502636969089508
0.12748584151268005
0.22541111707687375
0.16180452704429626
0.047718923538923264
-0.08320207148790358
0.20244719088077545
0.2138322442770004
0.09659414738416672
0.17193503677845
0.15268059074878693
0.21118806302547452
0.1660366058349609
0.12139148265123367
0.1722463220357895
0.1553683429956436
0.070958711206913
0.20595324039459229
0.11796876043081284
0.1132185161113739
0.1740221530199051
0.1881229430437088
0.22126632928848264
0.06945475935935974
0.12486752122640608
0.1609954982995987
0.18247266113758087
0.2329828441143036
0.12878452241420743
0.19659771025180817
0.22756297886371607
0.1182115226984024
0.18310658633708957
0.15175214409828186
0.12300331145524979
0.12257765978574751
0.06985162198543549
0.10358592122793196
0.13845166563987732
0.09102996438741685
0.06647080183029175
0.1127430349588394
0.2234707325696945
0.15089231729507446
0.17675597965717316
0.09108499437570573
0.15556848049163818
0.09834390878677368
0.24902401864528656
0.2457769066095352
0.23285543918609616
0.152042955160141
0.00789639540016651
0.024876927956938744
0.0938250944018364
0.11638397723436356
0.23129835724830627
0.1884506791830063
0.09392131865024567
0.03573250398039818
0.0716058686375618
0.23072287440299988
0.17701774835586548
0.06679549813270569
0.1867520660161972
-0.060125049203634255
0.08868830651044844
0.19842989742755887
0.20527212321758273
0.16495759785175323
0.24341124296188357
0.01860142685472965
0.21568837761878967
0.18561606109142303
0.14624236524105072
0.19221647083759308
0.24818678200244904
0.023514948785305023
0.07971057295799254
0.22386798262596128
0.058097835630178445
0.08641124516725539
0.15397809445858
0.22519537806510925
0.2220707535743713
0.1342058628797531
0.15698952972888947
0.16606052219867706
0.07853568345308304
0.12294568866491316
0.11288753896951675
0.18668077886104584
0.08264459669589996
0.1307426542043686
0.15966108441352844
0.09160453081130979
-0.05364323407411575
0.1545463502407074
0.1990152597427368
0.11421882361173628
0.16260525584220886
0.16905657947063446
0.18249332904815677
0.09773046523332596
0.20057077705860135
0.1791052669286728
-0.002325566951185465
0.1631275564432144
0.17014361917972565
0.1267615407705307
0.1727016568183899
0.05748904123902321
0.240170493721962
0.14766204357147217
0.2245319336652756
0.18855236470699313
0.10453319549560545
0.12268009036779404
0.1780382543802261
0.1381847858428955
0.23434938490390775
0.04989179596304893
0.1655379980802536
0.09563502669334413
0.15124939382076263
0.23674742877483368
0.1222342774271965
0.1880522221326828
0.24061948060989377
0.22816510498523712
0.20291106402873993
0.1333456188440323
0.06064087525010109
0.03740214183926582
0.2368948310613632
0.16306808590888977
0.14838464558124542
0.09661936759948729
0.1361253559589386
0.18676589429378507
0.17582421004772186
0.18484024703502652
0.12568669021129608
0.10084947943687438
0.15765643119812012
0.18565528094768524
0.11282380670309065
0.14974516630172727
0.1795949339866638
0.0587746761739254
0.15552745759487152
0.1725226193666458
0.18943630158901212
0.13681691884994507
0.1687946170568466
0.17027825117111206
0.13867032527923584
0.034500859677791595
0.11240247637033463
0.1913471817970276
0.14377015829086304
0.0373360700905323
0.21389833092689517
0.20487390458583832
0.15510401129722595
0.05437343195080757
0.1238160952925682
0.06188875809311866
0.14781540632247925
0.18078868091106412
0.23723025619983676
0.20986618101596832
-0.0410497821867466
0.11892565339803696
0.16467981040477753
0.23643437027931213
0.0014547440223395824
0.2490111142396927
0.16759698092937467
0.17593000829219818
0.14774954319000244
0.16460873186588287
0.17239339649677277
0.10919072479009628
0.1489417254924774
0.22770987451076508
0.09989837557077408
0.22441960871219635
0.08924267441034317
0.21959108114242556
0.203464150428772
0.0913381353020668
0.13128645718097687
0.06971172243356705
0.10512638837099075
0.2259927839040756
0.18671876192092893
-0.03757620975375176
0.13499043881893155
0.22413320839405057
0.24118542671203613
0.17717789113521576
0.064893439412117
0.2326922118663788
0.20748503506183624
0.20851413905620572
0.19136027991771695
-0.04375628009438515
0.21099051833152768
0.18324278295040128
0.04921345040202141
0.18380504846572876
0.20134516060352323
0.22293700277805328
0.2120293974876404
0.2030446380376816
0.1876002699136734
0.23557306826114652
0.13184180855751035
0.16596730053424835
0.1579418033361435
0.15577514469623563
0.21705296635627744
0.112856425344944
0.04575646296143532
0.1891743689775467
-0.07972481101751326
0.1756334751844406
0.11506522446870804
0.011046105995774267
0.13705192506313324
0.09463623911142349
0.22895224392414093
0.12812119722366333
0.15738658607006073
0.025496350601315495
0.05920088663697243
0.1854295879602432
0.20037764310836792
0.22750745713710785
0.2392975836992264
0.18885405361652371
0.1540914922952652
0.13728901743888855
0.039927806705236435
0.1632774323225021
0.22933740913867953
0.17845362424850464
0.19261461496353147
0.17382313311100006
0.1137487068772316
0.230347141623497
0.24068182706832883
0.20157508552074432
0.16741301119327545
0.182575598359108
0.08453348278999329
0.14050783216953275
0.08823656290769577
0.20565690100193024
0.1961415261030197
0.1853987276554108
0.1727287620306015
0.11963021010160446
0.145991250872612
0.20892368257045743
0.0587538443505764
0.03200021758675575
0.22814449667930603
0.15316729247570035
0.22401732206344604
0.17572437226772308
0.1203816905617714
0.11949799209833144
0.187407985329628
0.2549121379852295
0.13731344044208527
0.21473270654678345
0.06772681325674057
0.207198828458786
0.20947957038879397
0.2562479078769684
0.18591530621051788
0.11347412317991255
0.23608992993831637
0.16382895410060883
0.15724681317806244
0.20781640708446503
0.13437363505363464
0.15987879037857056
-0.016176113858819008
0.10989163070917128
0.13761663436889648
0.001580988522619009
0.182390570640564
0.16751527786254883
0.10719261318445204
0.1413203328847885
0.18346306681632996
0.09066170454025267
0.18954114615917203
0.044023100286722176
0.07099181413650513
0.1875099092721939
0.12308444827795029
0.1711367219686508
-0.016524510458111763
0.10789970308542252
0.15893320739269257
0.19268588721752167
0.1050318107008934
0.18948437273502347
0.05386937782168388
0.04005385562777519
0.23018419742584229
0.19690360128879547
0.24891866743564603
0.1755288690328598
0.1480911523103714
0.12338725477457047
0.16309162974357605
0.18181656301021573
0.23475269973278043
0.03758964315056801
0.19795082509517667
0.12450603395700453
0.15689191222190857
0.04882341623306274
0.1585823893547058
0.115384042263031
0.18839381635189056
0.11202339828014372
0.2524004876613617
0.22810371220111847
0.165721133351326
0.17136193811893463
0.07177846878767014
0.13852901756763458
0.21330389380455017
0.17085519433021543
-0.02604656852781773
0.17256461083889008
0.15418872237205505
0.17083053290843964
0.1622963845729828
0.1637182980775833
0.044187098741531365
0.026457747444510456
0.17007757723331451
0.1546228975057602
0.10948704928159712
0.17436914145946503
0.06940260529518127
0.11426494270563124
0.1991451680660248
0.2073392868041992
0.1799064725637436
0.1384089887142181
0.13001729547977448
0.10785616189241408
0.1762627512216568
0.21908438205718997
0.07216668874025343
0.16650547087192535
0.11541958898305892
0.11055227369070052
0.14869529008865356
0.22040490806102753
0.18390844762325287
0.1856046617031097
0.09680188447237015
0.011970771476626396
0.07127612829208374
0.19131964445114133
-0.04012008756399155
0.1913563460111618
0.21226641535758967
0.14427331089973447
0.12641987204551697
0.14353705942630768
0.1178074926137924
0.09328719228506088
0.16524963080883026
0.19974619150161743
0.15739010274410248
0.033878792077302926
0.127275213599205
0.15027843415737152
0.11194541305303572
0.21600499749183652
0.14610736072063446
0.16876105964183807
0.02751173637807369
0.25429266691207886
0.18995562195777893
0.17765550315380096
0.06368758529424667
0.2332099974155426
0.06714039295911789
0.20063388347625727
0.05911823734641075
0.17002028226852417
0.17992879450321195
0.06649281829595566
0.24915249645709991
0.23009325563907623
0.208608940243721
0.14037330448627472
0.13538090884685516
0.1882351785898209
0.2308346778154373
0.027652276679873463
0.19029563665390012
0.09349039196968079
-0.02641265094280243
0.2379644066095352
0.1472897231578827
0.10445566475391388
0.131052628159523
0.13086986541748047
0.18588124215602875
0.1735616773366928
0.15485511720180511
0.1562270224094391
-0.01932197622954845
0.1457924246788025
0.08102328330278397
0.2411683797836304
0.07396281510591507
0.009784160181879997
0.1057491973042488
0.22117452323436737
-0.018227631226181984
0.12530501186847687
0.2270097583532333
0.1855514347553253
0.09703943133354188
0.20122499763965607
0.14693504571914673
0.10095617920160292
0.21888828277587888
0.054313648492097855
0.2460183948278427
0.04931964352726936
0.077099472284317
0.22531621158123016
0.19197674095630643
0.15102197229862213
0.22972044348716733
0.1823585629463196
0.221702441573143
0.08389817178249358
0.05442477762699127
0.15984272956848145
0.1012173518538475
0.14692296087741852
0.166988268494606
0.07488482445478438
0.14440470933914185
0.09882680326700209
0.07623603194952011
0.23665690422058103
0.16625021398067474
0.16783776879310608
0.0909421667456627
0.22217062115669248
0.04856010526418686
0.18317393958568573
0.18420563638210297
0.04342879727482796
0.17291535437107086
0.02630752883851528
0.1788155883550644
0.10948860645294188
0.14850108325481415
0.2305093854665756
0.05156314745545387
0.18231944739818573
0.23516225814819333
0.1595049351453781
0.1533005982637405
0.09916859120130539
0.14335116744041443
0.1652994602918625
-0.0214566383510828
0.18058444559574127
0.1651486903429031
0.01833855733275413
0.22719524800777435
0.19295933842659
0.2302633225917816
0.1921956092119217
0.24069294333457944
0.043633464723825455
0.16071264445781708
0.10223650187253952
0.18528747558593753
0.18533016741275787
0.23015712201595304
0.04218830540776253
0.1448076218366623
0.16748324036598203
0.1349194198846817
0.14470209181308746
0.18557175993919367
0.21881018579006195
0.2103758007287979
0.2195240557193756
0.14590509235858917
0.14215891063213348
0.13330353796482086
0.14896675944328308
0.1355023831129074
0.08859870582818985
0.05870328471064568
0.0509660579264164
0.11173518747091292
0.1659221649169922
0.23126657307147977
0.016922784969210625
-0.04997370019555092
-0.00839577428996563
0.0804310142993927
0.1683993935585022
0.1399114578962326
0.172913521528244
0.15607950091362
0.2307575047016144
0.16933800280094147
-0.033526476472616196
0.12559600174427032
0.21320141851902008
0.2008336037397385
0.2275845557451248
0.10875183343887328
-0.053795576095581055
0.23053008317947388
0.05028564855456352
0.06185844168066978
0.16545553505420685
0.17720620334148407
0.12635868787765503
0.23157258331775665
0.20318171381950376
0.12405975908041
0.17199845612049103
-0.029818573966622353
0.19737307727336884
0.024535438045859337
0.18989352881908417
-0.039039719849824905
0.1918990910053253
0.23390722274780276
0.13509845733642578
0.20697106420993805
0.1750241369009018
0.1374911218881607
0.13222870230674744
0.12594996392726898
0.13060560822486875
0.12229787558317184
0.17334826290607452
0.2552339732646942
0.2251196503639221
0.1212945356965065
0.03827819600701332
0.23887766897678372
0.23938345909118647
0.14252756536006927
0.11365790665149687
0.19643624126911163
0.2003717124462128
0.007071950938552618
0.10544177144765852
0.1509903520345688
0.13705991208553314
0.16082899272441864
0.19313861429691315
0.1744992583990097
0.17504003643989563
0.1868673861026764
0.1325427144765854
0.15827268362045288
0.10929732024669649
0.1326690763235092
0.1988234668970108
0.22377011179924008
0.13329951465129852
0.08465836942195891
0.21215511858463287
0.21934346854686737
0.1499454826116562
0.1587858498096466
0.19331806898117063
0.14482754468917847
0.18670286238193512
0.24336637556552887
0.21117809414863584
0.07997067272663116
0.03212118521332741
0.17337718605995178
0.17649461328983307
0.14113886654376984
0.09924400597810744
0.22788576781749725
0.1020367294549942
0.08277732133865356
0.17511440813541412
0.07353525608778
0.13108438253402707
0.09890387952327728
0.0404636450111866
0.06329814344644547
0.08342134952545166
0.1696024388074875
0.23114936053752896
0.23160050809383392
0.14871127903461456
0.1441403180360794
0.14109157025814056
0.07054243981838225
0.1212809607386589
0.19666245579719543
0.21591420471668243
0.16614125669002533
0.17410576343536377
0.1507689207792282
0.11880884319543839
0.1827498823404312
0.19433040916919708
0.17731566727161407
0.22875550389289853
0.12343674153089523
0.08843247592449187
0.1362321525812149
0.2215574085712433
0.1165281906723976
0.09467702358961104
0.16785012185573575
0.11433251202106476
0.21503737568855283
0.1369236558675766
0.169412299990654
0.1849220842123032
0.10847087949514388
0.08966249972581862
0.12010886520147324
0.08253607898950575
0.21145425736904144
0.12535981833934784
0.1999519169330597
0.1558993011713028
0.19583578407764435
0.09294446557760239
0.19425994157791135
0.23440575599670407
0.19830541312694547
0.1666761338710785
0.22232316434383392
0.1140097826719284
0.17458389699459076
0.1902208775281906
0.22220212221145627
0.12138750404119492
-0.04067832604050636
0.04834188520908356
0.14824530482292175
0.06746756285429001
-0.0031563774682581425
0.11913991719484328
0.25009122490882874
0.1768987476825714
0.2118527442216873
0.23551487922668457
0.15967300534248352
0.06403231620788574
0.19749800860881803
0.16703437268733978
0.1517283320426941
0.04045472666621208
0.15486757457256317
0.23127745091915128
0.1437101364135742
0.08978702127933502
0.23041142523288727
0.04920288920402527
0.1360720545053482
0.12116537243127821
0.1548432558774948
0.22552606463432312
0.17671974003314972
0.12476866692304613
0.11510813981294632
0.03773630410432816
0.11927210539579391
0.15217158198356628
0.1996342986822128
0.20410992205142972
0.14468231797218323
0.19743184745311737
0.2244001626968384
0.20107571780681607
0.12233790010213852
0.05681351944804192
0.23809850215911865
0.10806921869516373
0.16865487396717072
0.05931827798485756
0.12505362927913663
0.16274793446063995
0.17950259149074554
0.16688726842403412
0.18441097438335416
0.19227367639541623
0.08499138057231903
0.2513594329357147
0.15731234848499298
0.1108819991350174
0.23901057243347168
0.2041092664003372
0.13904231786727905
0.12516768276691437
0.07750402390956879
0.18652863800525665
0.1891111433506012
0.14940480887889862
0.23529358208179477
0.14252310991287231
0.2291614860296249
0.1756245642900467
0.15134327113628387
0.1819743663072586
0.11153168976306917
0.22607211768627167
0.10414949804544447
0.17354384064674375
0.05152417346835136
0.04963264986872673
0.1629379689693451
0.19731591641902924
0.16140057146549225
0.14032605290412903
0.06873993575572968
0.1264961212873459
0.1872621327638626
0.03679012879729271
0.136057510972023
0.21976177394390103
0.12051021307706831
0.11004403978586196
0.2505253851413727
0.18879319727420807
0.2277259826660156
0.1261613368988037
0.24455459415912628
0.1717328131198883
0.13612116873264313
0.22559338808059687
0.18625356256961825
0.1283581703901291
0.21667905151844025
0.19172960519790647
0.15448905527591705
0.15756936371326447
0.1860125809907913
0.20700953900814056
0.16698454320430756
0.18608687818050385
0.13907520473003387
0.17939640581607819
0.16407813131809235
0.05168907716870308
0.14874817430973053
0.18398286402225492
0.23003059625625608
0.14099448919296265
0.12731668353080747
0.08524628728628159
0.15088166296482086
0.14779694378376007
0.1811697632074356
0.20538063347339633
0.21903808414936063
0.16682371497154236
0.22774662077426913
0.1256343573331833
0.10192225128412245
0.10378310829401016
0.1119461953639984
0.1278546303510666
0.198311060667038
0.083442859351635
0.15712489187717435
0.22017771005630493
-0.01501481421291828
0.1612023413181305
0.12353395670652388
0.1938583254814148
0.13688474893569946
0.18015567958354947
0.1934872418642044
0.11121149361133575
0.1859179884195328
0.008428858593106268
0.1130155324935913
0.17329469323158264
0.1503717601299286
0.13780954480171204
0.20868588984012604
0.19433812797069547
0.15046365559101105
0.10904822498559952
0.09432816505432129
0.16151152551174164
0.2339031547307968
0.22769849002361295
0.1113165020942688
0.18046277761459353
0.13806326687335968
0.09366451948881149
0.11172603070735931
0.22722832858562467
0.19593130052089688
0.14588315784931183
0.1664080172777176
0.112221859395504
0.1326988935470581
0.1600468009710312
0.18954274058341977
0.12624947726726532
0.16177991032600403
0.152369424700737
0.06914598494768143
0.1598216742277145
0.10362719744443892
0.16702544689178467
0.2371917963027954
0.15608011186122894
0.19457013905048368
0.2314672619104385
0.17978854477405548
-0.071952223777771
0.23362883925437927
0.08970943838357925
0.13218636810779572
0.22498703002929688
0.10464396327733992
0.11066797375679016
0.1811159700155258
0.16974367201328275
0.206890732049942
0.14336948096752167
0.15356892347335815
0.12301399558782576
0.007713913451880216
0.08354005962610243
0.22088164091110227
0.1739140897989273
0.13652105629444122
0.1420125663280487
0.13956844806671143
0.09895908832550047
0.2143903821706772
0.12679605185985565
0.1882788985967636
0.029164979234337807
0.14397889375686643
0.023627931252121925
0.13121791183948517
0.2325951457023621
0.23537166416645047
0.16913683712482452
0.131902813911438
0.12956476211547852
0.08593638241291046
0.06474286317825317
0.1030796393752098
0.19401513040065765
0.2423347681760788
0.1790349930524826
0.18791100382804873
0.1753302961587906
0.07270942628383635
0.05623149499297143
0.06870195269584656
0.1851400136947632
0.19305481016635892
0.0501631535589695
0.08800289779901505
0.20165942609310153
0.21495725214481357
0.0872710645198822
0.13144433498382568
0.036689791828393936
0.13237543404102323
0.06001006439328194
0.21195642650127408
0.12899857759475708
0.24063608050346372
0.16065336763858795
0.23602658510208127
0.1906781494617462
0.18422409892082212
0.16830869019031525
0.12913399934768677
0.019602416083216667
0.07867109030485153
0.1939436346292496
0.17116639018058777
0.19337600469589236
0.14251349866390228
0.024653857573866844
0.1243116334080696
0.15995930135250092
0.1871435046195984
0.00014349212870001793
0.12004781514406204
0.12534542381763458
0.09751559793949129
0.10143276304006577
0.16349634528160095
0.11184585839509964
0.1541333794593811
0.06455021351575851
0.14929206669330597
0.20530597865581512
0.08459581434726715
0.17861963808536527
0.16149058938026428
0.0751291960477829
0.14165647327899933
0.20798224210739133
0.1876152604818344
0.1355742514133453
0.18912218511104584
-0.04713926091790199
0.17617832124233243
0.2110499739646912
0.16892151534557343
0.20923490822315216
0.1191663071513176
0.254508912563324
0.13399283587932587
0.1212809607386589
0.025344161316752437
0.21914421021938324
0.15959826111793518
0.1643182337284088
0.15818779170513153
0.13804830610752103
0.23540905117988584
0.1272635906934738
0.15599989891052246
0.06982938945293427
0.07871940732002257
0.14060240983963013
0.16491086781024933
0.23758618533611295
0.1320982277393341
0.09419693797826768
0.22412817180156708
0.08742792904376982
0.15460418164730072
0.16251762211322784
0.1376979500055313
0.1804840862751007
0.15921436250209808
0.1588868945837021
0.18898279964923856
0.1577603369951248
0.1527351289987564
0.1669842153787613
0.1788206845521927
0.158078595995903
0.23647882044315335
0.13738630712032318
0.10836768895387648
0.13326527178287506
0.17999963462352753
-0.013735251501202583
0.18257714807987213
0.23107595741748807
0.2320363074541092
0.18266937136650083
0.18018405139446256
0.22951121628284452
0.15211360156536102
0.1496097892522812
0.24874167144298556
0.07172896713018417
0.20100419223308563
0.1530447155237198
0.20102889835834503
0.030676009133458138
0.170342817902565
0.1162002682685852
0.07094515860080719
0.1654575914144516
0.1904345899820328
0.20762719213962555
0.17732785642147064
-0.02944258041679859
0.16369172930717468
0.11961062997579575
0.01255091093480587
0.1387740671634674
0.13918659090995789
0.1972966343164444
0.1879826933145523
0.2283657193183899
0.15737687051296234
0.10723286867141724
0.10792335867881774
0.18379391729831693
0.15641695261001587
0.18546819686889648
0.2314905673265457
0.12486133724451064
0.10009705275297164
0.12700004875659943
0.17989955842494965
0.20822827517986295
-0.05083150416612625
0.21459741890430448
0.23586614429950717
0.15990176796913147
0.1274189054965973
0.10535787791013716
0.13986478745937347
0.23355065286159515
0.07875486463308334
0.21063886582851407
0.09949993342161177
0.1755562722682953
0.2207787781953812
0.1385846883058548
0.15487608313560483
0.11540795117616652
0.132478266954422
0.052660662680864334
0.1196027472615242
-0.03705256059765816
0.23389311134815216
0.19697080552577967
0.18034742772579196
0.1428893804550171
0.13048122823238373
0.14082442224025726
0.0333593375980854
0.18364177644252777
0.20409600436687467
0.18007291853427887
0.21592567861080167
0.1899378001689911
0.14386682212352753
0.16829140484333038
0.16276755928993225
0.10665763914585112
0.2205090820789337
0.19867856800556183
0.1543755829334259
0.22053098678588867
0.17073394358158112
0.1928411275148392
0.24934925138950348
0.24000310897827148
0.23177431523799896
0.06533781439065933
0.22148646414279935
0.10597617179155348
0.139720156788826
0.06246713176369667
0.11203107982873917
0.17155270278453827
0.15336602926254272
0.2305297553539276
0.19443933665752408
0.16470757126808167
0.21249380707740784
0.1810806542634964
0.09556542336940765
0.17403651773929596
0.04996231570839882
0.16774047911167145
0.21722529828548431
0.20788535475730896
0.16269879043102264
0.1372169405221939
-0.009445441886782646
0.11991835385560988
0.007803849410265683
0.18178933858871457
0.13444194197654724
0.044854238629341125
0.056706715375185006
0.15841172635555267
0.11360947042703629
0.16191449761390686
0.1877683997154236
0.1730145961046219
0.20058345794677732
0.1985335797071457
0.22531782090663907
0.22677345573902127
0.22554387152194977
0.232819527387619
0.07664904743432999
0.20726726949214933
0.21126194298267365
0.20847834646701807
0.19975212216377256
0.0759575366973877
0.14765839278697968
0.18238867819309235
0.1562373787164688
0.08970250189304352
0.1995161771774292
0.06292055547237396
0.17075319588184357
0.1729900687932968
0.1155622974038124
0.2278165966272354
-0.004808271769434214
0.19647465646266937
0.17695860564708707
0.14872273802757263
0.23048596084117887
0.17553874850273132
0.17343547940254211
0.21726541221141812
0.1756373643875122
0.2059317380189896
0.21605534851551053
0.1519336700439453
0.09900135546922685
0.15570384263992307
0.07601749151945114
0.14716672897338867
0.1428772360086441
0.026719791814684868
0.17811989784240723
0.1313871592283249
0.1751798838376999
0.19305722415447235
0.071776382625103
0.18072426319122317
0.17108623683452606
0.18516062200069427
0.110243521630764
0.19909778237342837
0.171048104763031
0.16299597918987274
0.12320051342248917
0.16253310441970825
0.13036422431468964
0.1481793075799942
-0.05907392129302025
0.2207406312227249
0.08493195474147795
0.24225895106792447
0.18438790738582608
0.03626146167516708
0.1638072282075882
-0.052975110709667206
0.05339573323726655
0.12677623331546783
0.22558216750621796
0.2345397621393204
0.14318837225437164
0.18058899044990537
0.18456631898880005
0.1693170815706253
0.12681029736995697
0.2011166960000992
0.22888226807117465
0.1530141979455948
0.23802961409091947
0.09134388715028761
0.18245036900043488
0.12755019962787628
-0.04251883924007416
0.17491519451141355
0.122917540371418
0.057616043835878365
0.1347762793302536
0.13655893504619598
0.20973940193653104
0.09881671518087388
0.05918969586491585
0.2118491679430008
0.17704740166664124
0.07930794358253479
0.17283914983272552
0.17353136837482452
0.17157773673534393
0.25041913986206055
0.145398810505867
0.12409888952970503
0.11677724868059158
0.12890468537807465
0.245904341340065
0.17329861223697662
0.18737392127513883
0.23154252767562863
0.017405234277248383
0.224965825676918
0.12735842168331146
0.1825858503580093
0.12734340131282806
0.1697811484336853
0.11040733009576796
0.19699835777282715
0.17732395231723783
0.05857977643609047
0.20207045972347257
0.035270590335130685
0.1009095087647438
0.13301488757133484
0.0397242046892643
0.21616984903812408
0.13563455641269684
0.18256132304668424
0.10953853279352188
0.14120443165302277
0.12029200047254562
0.1972153335809708
0.17766888439655304
0.1087203249335289
0.12770526111125946
0.19281618297100067
0.16187922656536102
0.16524280607700348
0.17795707285404205
0.1342846006155014
0.24843417108058927
0.15624810755252838
0.16756390035152435
0.08213920891284943
0.1564006507396698
0.23955056071281436
0.15742672979831696
0.03210968151688576
0.2380117028951645
0.09032994508743286
0.232637032866478
0.19457563757896423
0.15156847238540647
0.07645516097545622
0.14000114798545835
0.22090387344360352
0.07340777665376662
0.19931349158287048
0.1273244470357895
0.10226661711931229
-0.025911713019013405
0.20852296054363248
0.1905214339494705
0.07428292185068129
0.09580697864294051
0.14334677159786224
0.04957232251763344
0.17711716890335083
0.012146739289164543
0.060001496225595474
0.16053389012813568
0.16479261219501495
0.2035213261842728
0.2555870711803436
0.11756273359060287
0.06625808030366898
0.22025854885578156
0.1915735155344009
0.23971663415431976
0.17076042294502258
0.2037770003080368
0.07429613173007965
0.15792573988437653
0.10381630063056944
0.1762029528617859
0.23716184496879575
0.17336638271808624
0.24764652550220487
0.0900399312376976
0.1935632973909378
0.07834000140428543
0.08900079876184462
0.19453682005405423
0.13412828743457794
0.2328042238950729
0.1227150484919548
0.11074467003345488
0.14919887483119965
0.12179499119520187
0.1475726217031479
0.15528784692287445
0.14911210536956787
0.1191013976931572
0.160638228058815
0.20611898601055145
0.1608743667602539
0.1090850681066513
0.19952616095542908
0.1733248233795166
0.17162638902664185
0.23700393736362457
0.09564937651157379
0.1629936844110489
0.14145691692829132
0.1995062083005905
0.18835608661174771
0.15029573440551755
0.1862807124853134
0.1963336616754532
0.09839723259210585
0.15759840607643127
0.15214459598064423
0.16383026540279388
0.1767818182706833
0.19350604712963104
0.15740686655044556
0.22208504378795624
0.16668379306793213
0.21877089142799375
0.1359959691762924
0.23043538630008695
0.17799754440784454
0.05896757170557976
0.17148971557617188
0.11158683151006699
0.04063820093870162
0.166482612490654
-0.04174035415053368
0.16886179149150848
0.09936129301786423
0.07932941615581512
0.25459450483322144
0.1955520659685135
0.18284903466701508
0.030047452077269558
0.22604279220104215
0.08429367840290068
0.11104711145162582
0.0783834233880043
0.18507944047451017
0.1534573882818222
0.17229945957660675
0.10151806473731995
0.08061635494232178
0.088249072432518
0.15377235412597656
0.1775841861963272
0.0434720516204834
0.1808462589979172
0.06227694824337959
0.04759003967046738
0.1303132027387619
0.15921618044376373
0.121456079185009
0.017770228907465935
0.09084293246269226
0.08970595896244049
0.15603226423263547
0.17501138150691986
0.13003520667552948
0.14621973037719727
0.1256691962480545
0.23071129620075223
0.2493091970682144
0.10767482966184616
0.09994079917669296
0.23825015127658844
0.12906818091869354
0.1573854088783264
0.194838747382164
0.01153220422565937
0.16844996809959412
0.05258534476161003
0.09588931500911713
-0.09120312333106993
0.05665601417422295
0.161357119679451
0.2341910153627396
0.22929769754409793
0.1620415896177292
0.026308028027415276
0.1025107055902481
0.16224585473537445
0.1940462589263916
0.2250704914331436
0.12352921813726424
0.11336081475019454
0.07693278044462205
0.21317514777183527
0.09027400612831117
0.17342722415924072
0.20532183349132535
0.1556808203458786
0.18131008744239807
0.219468891620636
0.16615542769432068
0.17198346555233
0.23696668446063995
0.21850468218326569
0.05428742989897728
0.1841156631708145
0.10346543043851852
0.09051765501499176
0.17598748207092285
0.21695829927921292
0.12927161157131195
0.11127504706382751
0.2284022718667984
0.10627495497465132
0.1296305954456329
0.11200021207332612
0.23287673294544217
0.1814046949148178
0.0010770983062684536
0.1791640669107437
0.13159070909023285
0.1561661511659622
0.117689810693264
0.1524645239114761
0.12500594556331635
0.121687151491642
0.12737037241458893
0.11641592532396317
0.2246506959199905
0.1165228709578514
0.1433398276567459
0.13113541901111603
0.15363265573978424
0.2079780399799347
0.13550890982151031
0.12810873985290527
0.09190628677606583
0.2367137223482132
0.2273610681295395
0.12221331149339676
0.14227561652660367
0.18914812803268433
0.1968693733215332
0.12736588716506958
0.20345501601696012
0.14025269448757172
0.19660161435604093
0.11214487999677658
0.22491396963596344
0.1729712039232254
0.129104346036911
0.06285212934017181
0.13005115091800687
0.16220833361148834
0.11986938863992692
0.17824269831180573
0.12556025385856628
0.11623229831457138
0.17684827744960785
0.020516715943813324
0.20467792451381683
0.14282013475894928
0.17530854046344757
0.14514590799808502
0.13731315732002258
0.22942771017551425
0.23084536194801328
0.1698833554983139
0.202787920832634
0.2089931666851044
0.14549851417541504
0.19293947517871857
0.20808297395706177
0.12935547530651093
0.1377132683992386
0.14722801744937897
0.16316062211990356
0.15871767699718475
0.094973623752594
0.1318923681974411
0.14390096068382263
0.1801249384880066
0.19019074738025665
0.140162855386734
0.2053737044334412
0.12775118649005887
0.19359642267227167
0.14620378613471985
0.17543116211891174
0.023507444187998768
0.23283182084560397
0.17659662663936615
0.09338069707155229
0.23948524892330167
0.16698476672172546
0.07784190028905869
0.19240954518318176
0.12302491813898087
0.1886790543794632
0.20864607393741608
0.14994244277477264
0.17242828011512756
0.22098654508590695
0.2232275158166885
0.0676785558462143
0.1069551333785057
0.10656610876321793
0.2203172445297241
0.1388840079307556
0.12887275218963623
0.18691603839397433
0.09212660044431686
0.18835127353668207
0.23509749770164487
0.1624379605054855
0.15882979333400726
0.14840738475322723
0.09023287147283554
0.19869406521320343
0.21851225197315216
0.14661115407943723
0.16595225036144257
0.18407513201236725
0.19627369940280917
0.1369236558675766
0.19618397951126096
0.06228475645184517
0.12984156608581543
0.20296724140644076
0.04040912166237831
0.2104368954896927
0.14390382170677185
0.1621236354112625
0.20836834609508517
-0.05018912255764008
0.14254398643970487
0.22016979753971097
0.08817491680383682
0.10400224477052689
0.1759640872478485
0.1763606071472168
0.07298585027456284
0.22928924858570096
0.12581057846546173
0.11639568954706192
0.159164160490036
0.23320990800857544
0.19726903736591336
0.18026231229305267
0.10517880320549013
0.05652589723467826
0.18688125908374784
0.24814976751804352
0.24470700323581693
0.18458591401576996
0.22966746985912323
0.1713922768831253
0.21306066215038297
0.05540740489959717
0.14000315964221954
0.11991221457719801
0.15592084825038907
0.008066127076745033
0.24778164923191073
0.18839398026466367
0.015627028420567513
0.11046623438596724
0.11857742071151732
0.15824221074581146
0.17019334435462952
0.12245767563581467
0.1376466602087021
0.17296485602855682
0.11125189810991289
0.07739961147308348
0.1848577111959457
0.15417106449604034
0.2017163783311844
0.17082911729812622
0.1599655449390411
0.2127665728330612
0.14984731376171112
0.09055265039205553
0.12025705724954604
0.2515946328639984
0.12414061278104782
0.15841747820377347
0.09338460117578505
0.14815931022167203
0.20550186932086945
0.16059888899326324
0.07378547638654707
0.1091829240322113
0.11152125149965286
0.11884201318025588
0.1114521473646164
0.17583835124969482
0.034328561276197433
0.22516582906246185
0.15949279069900513
0.17930717766284943
0.2325161248445511
0.20282618701457977
0.13912484049797058
0.07019403576850891
0.18315263092517847
0.2126899212598801
0.08017639815807343
0.10343202948570251
0.19617511332035065
0.15514685213565826
0.14828817546367645
0.1952008008956909
0.17004844546318054
0.11981254070997238
0.11096362024545668
0.13965798914432523
0.22687970101833344
0.21662576496601105
0.015067150816321371
0.1277823895215988
0.02128049172461033
0.2461767345666885
0.23626580834388727
0.04554582014679909
0.11736629903316496
0.19171078503131864
0.16877426207065582
0.08768025785684586
0.2420236170291901
0.05891242995858192
0.22765307128429407
0.11360719799995422
0.09951748698949811
-0.0067506940104067326
0.20019644498825076
0.16687646508216855
-0.004747765604406595
0.1785816103219986
0.14830923080444336
0.06966166198253632
0.11199796199798584
0.1788456290960312
0.1380232721567154
0.08280003815889359
0.1478721797466278
0.034285884350538254
0.1632833033800125
0.16194002330303192
0.05850761756300926
0.018949592486023903
0.1737733632326126
0.19400048255920407
-0.06559416651725769
0.09217889606952669
0.17985697090625763
0.22848474979400635
0.1693494617938995
0.14397744834423065
0.1996993124485016
0.19022975862026212
0.12553660571575165
0.13454321026802063
0.13939453661441803
0.1360693722963333
0.15064863860607147
0.15072080492973328
0.064890556037426
0.16992177069187164
0.17546872794628143
0.06066011264920235
0.0651952251791954
0.1874067783355713
0.04585484042763711
0.1443859338760376
0.18400992453098297
0.18362848460674283
0.14193078875541687
0.14842908084392548
0.17002305388450623
0.1454869955778122
0.11194535344839096
0.19030921161174771
0.13666535913944244
0.09770904481410979
0.09099898487329484
0.11097287386655807
0.20128796994686127
0.1758735030889511
0.10688216239213943
0.07397555559873582
0.11068113893270493
0.1380968540906906
0.11781538277864456
0.1004827469587326
0.171182319521904
0.22655887901782987
0.19591084122657773
0.17152419686317444
0.07651377469301222
0.1283537000417709
0.14567711949348447
0.07588306069374083
0.18419991433620447
0.15027227997779846
-0.02072269655764103
0.11250016838312148
0.22283627092838287
-0.008588636294007301
0.17074452340602875
0.13944917917251587
0.07841318100690842
0.06727267801761627
0.22881528735160828
0.1906699985265732
0.18470485508441925
0.19530336558818817
0.09013253450393677
0.20987696945667264
0.1375894695520401
0.04478602483868599
0.17531074583530426
0.14697246253490448
0.14812332391738892
0.10333029180765152
0.1066492646932602
0.14209675788879395
0.18624231219291687
0.16991810500621796
0.05433921143412591
0.15963296592235565
0.021692367270588875
0.19150559604167935
0.16081418097019196
0.18235699832439425
0.18401481211185453
0.16043703258037567
0.05945653095841408
0.08243618160486221
0.21939970552921292
0.22905398905277247
0.1622254103422165
0.1854245811700821
0.12083251029253005
0.20284180343151087
0.14913251996040344
0.14442290365695953
0.02988525666296482
0.1618182212114334
0.16262546181678772
0.24965937435626984
0.14325666427612305
0.1669120043516159
0.18390916287899017
0.20040766894817352
0.05008718371391296
-0.006914025638252497
0.17711442708969116
0.16818444430828094
0.16783191263675687
0.22811099886894223
0.14385829865932465
0.16970118880271912
0.17005835473537445
0.11675824224948884
0.10960291326045989
0.035147663205862045
0.16113443672657013
0.24076902866363523
0.2000843584537506
0.11802541464567184
0.23583322763442996
0.1526111364364624
0.1799350529909134
0.15411992371082303
0.05307795479893684
0.17121486365795135
0.18250615894794464
0.09815823286771774
0.12269682437181471
0.20302666723728177
0.24853496253490448
0.21820107102394104
0.1088409349322319
0.232441321015358
0.19955445826053617
0.17944025993347168
0.012563539668917656
0.12378039211034773
0.1262192279100418
0.14498348534107208
0.1857004165649414
0.06804287433624268
0.15004433691501615
0.1709553450345993
-0.08882391452789305
0.23222106695175168
0.23383481800556183
0.1738135665655136
0.1325559914112091
0.11052008718252182
0.17357932031154633
0.14000682532787323
0.1962170451879501
0.1524086445569992
0.21580831706523892
0.1820431351661682
-0.02433979697525501
0.23659029603004453
0.1970399022102356
-0.014686716720461844
0.08525802940130234
0.24392147362232208
0.09186321496963502
0.10712266713380812
0.23796601593494413
0.18836815655231476
0.14737893640995023
0.17621664702892303
0.11942429095506668
0.10181748121976852
0.23447646200656888
0.0939500406384468
0.17507024109363556
0.07610508054494858
0.1544080376625061
0.10983259230852128
0.090479739010334
0.060332346707582474
0.19707743823528287
0.10808267444372176
0.13279125094413757
0.09771498292684556
0.10818231850862504
0.2358725070953369
0.06815732270479202
-0.02202245593070984
0.12403694540262222
0.20475409924983975
0.17990513145923615
0.1311955600976944
0.19570569694042203
0.0801960453391075
0.0028866431675851345
0.18199984729290009
0.2373969405889511
0.08428122103214264
0.16474246978759763
0.1495782285928726
0.14819736778736115
0.2291477471590042
0.17798665165901184
0.16132666170597076
0.1407681107521057
0.2021523118019104
0.07476072758436203
0.12482000142335892
0.011961668729782104
0.14148409664630887
0.2050178349018097
0.17112721502780914
0.0515974685549736
0.22772586345672607
0.13686899840831757
0.181803435087204
0.1539587676525116
0.2157523483037949
0.08369620889425276
0.13321520388126373
0.17944633960723877
0.18666325509548187
0.17183877527713776
0.21563054621219635
0.18616440892219543
0.05829450860619545
0.11672908812761305
0.22784671187400815
0.1779291033744812
0.22164998948574063
0.1283920854330063
0.10882209986448288
0.13411898910999298
0.10989805310964584
0.21142269670963287
0.025023428723216057
0.2060684710741043
0.1179390549659729
0.1726405918598175
0.2305201590061188
0.18663151562213895
0.11167221516370772
0.10754822939634325
0.1343097537755966
0.19092032313346863
0.19833277165889737
0.21231441199779513
0.1821221262216568
0.10683561116456984
0.17400424182415009
0.21609775722026825
0.19135750830173487
0.20940332114696503
0.21984003484249115
0.2472447901964188
0.09520167112350464
0.2015695720911026
0.24715931713581085
0.14663273096084595
0.11240790039300919
0.16322913765907288
0.15684816241264343
0.04958664998412132
0.10396133363246916
0.14114320278167725
0.1957812458276749
0.22518454492092127
0.086248978972435
0.15908795595169067
0.14497044682502747
0.2212461084127426
0.18888105452060697
0.18754373490810397
0.24870498478412628
0.04502784088253975
0.09603231400251389
0.2427445352077484
0.21355317533016205
0.2289766222238541
0.2080451101064682
0.10074122995138168
0.04442173987627029
0.1928323358297348
0.1985892802476883
0.08846371620893478
0.17877723276615143
0.1124102994799614
0.05399281159043312
0.23465287685394287
0.14638680219650269
0.08415553718805313
0.17768408358097076
0.12549184262752533
0.20765842497348783
0.11545372754335403
0.0780741423368454
0.13860000669956207
0.1678438037633896
0.21468254923820493
0.10144530236721037
0.22743888199329376
0.1117640435695648
0.0916047915816307
0.12332362681627272
0.12560084462165833
0.15071840584278107
0.12887515127658844
0.18931956589221957
0.17673082649707794
0.18872247636318207
0.012137794867157936
0.1341930478811264
0.1820531934499741
0.08702822029590607
0.034323591738939285
0.23559930920600888
0.15942522883415222
0.1683141142129898
0.07200086861848831
0.11778663843870162
0.17554621398448944
0.24482782185077667
0.15218831598758695
0.22906561195850367
0.19908837974071503
0.17469950020313263
0.15718291699886322
0.034967269748449326
0.23180298507213593
0.22843636572360992
0.2186960130929947
0.036801617592573166
0.13678957521915436
0.053401973098516464
0.18983733654022217
0.18081100285053253
0.09692522138357161
0.182429313659668
0.17924849689006803
0.21827019751071927
0.17303673923015594
0.12107814103364944
0.17393557727336884
0.22360290586948395
0.1444813311100006
0.23256857693195343
0.22063611447811127
0.16582398116588593
0.15410280227661133
0.16971759498119354
0.11242323368787764
-0.04457884654402733
0.1511664241552353
0.03959763050079346
0.2261487990617752
0.0644167885184288
0.09542057663202284
0.21319805085659027
0.18543075025081637
0.18000653386116028
-0.04971786588430405
0.21356444060802457
0.21503646671772003
0.024069851264357567
0.12191858142614365
-0.022263523191213608
0.1410805732011795
0.01987691782414913
0.15089572966098783
0.07983749359846115
0.1595963090658188
0.16168496012687683
0.2424675524234772
0.1079934388399124
0.08940763771533966
0.12580594420433044
0.0722396671772003
0.14600884914398193
0.22227086126804352
0.05159379914402962
0.24075281620025635
0.1976114362478256
0.16514146327972412
0.08244186639785767
0.13805751502513883
0.21296297013759613
0.2117546647787094
0.07701104134321213
0.18823410570621488
0.16922885179519653
0.01613149233162403
0.13476325571537015
0.22718942165374756
0.22894814610481265
0.2113841623067856
0.22679369151592252
0.1561255306005478
0.17511600255966187
0.15195445716381073
0.18622522056102753
0.16859586536884308
0.1542356163263321
0.1418917030096054
0.12088891118764876
0.13025565445423126
0.14742469787597656
0.09540588408708572
0.2244868129491806
0.08942893892526625
0.15759475529193878
0.1672956645488739
0.03538862243294716
0.12683001160621643
0.1488076150417328
0.24893410503864288
0.03030194155871868
0.07641811668872833
0.19087894260883329
0.16043728590011597
0.15709975361824036
0.20280691981315607
0.2408052235841751
0.24649466574192047
0.1858392357826233
0.0923382118344307
0.05821576341986656
0.2321493625640869
0.2482134848833084
0.23515436053276065
0.17385299503803253
0.15578693151474
-0.009355878457427025
0.19109322130680084
0.13933734595775604
0.1849568635225296
0.15743878483772275
0.08540024608373643
-0.06590119004249573
0.2296201437711716
0.13284553587436676
0.10742215812206268
0.2175782173871994
0.17882610857486725
0.17270886898040771
0.23399506509304047
0.21395258605480197
0.1484619826078415
0.1970060765743256
0.09911008179187775
0.16605409979820251
0.23837982118129727
0.1728345900774002
0.19141525030136108
0.046843186020851135
0.04964679852128029
0.04991034790873528
0.07151136547327042
0.15207022428512573
0.10778772085905076
0.20600940287113187
0.22402541339397433
0.2261180728673935
0.02742157690227032
0.11917557567358016
0.13672444224357605
0.12340260297060011
0.1540750116109848
0.2282907068729401
0.23532140254974365
0.1668526828289032
0.06222055479884148
0.15805509686470032
0.07185991108417511
0.0368526354432106
0.14165686070919037
0.16995197534561157
0.1415448933839798
0.18204124271869657
0.14499054849147797
0.1614110916852951
0.1937634497880936
0.1615605056285858
0.22854989767074585
0.13624131679534912
0.17460860311985016
0.14456970989704132
0.17359648644924164
0.14648407697677612
0.1534430235624313
0.11352612823247908
0.16310308873653412
0.186841681599617
0.155185267329216
0.2185852527618408
0.15741057693958282
0.07202308624982834
0.183840274810791
0.1726367175579071
0.1890604645013809
0.06822679191827774
0.2264297157526016
0.1703663468360901
0.18983657658100128
0.1639072746038437
0.19123613834381104
0.1512327343225479
0.24467460811138156
0.13444378972053528
0.17864014208316803
0.1860547512769699
0.23597438633441925
0.16622121632099152
0.02777818404138088
0.1425832360982895
0.12255606800317764
0.21788544952869413
0.13014431297779083
0.19029375910758967
0.10806191712617874
0.1837924271821976
0.22526079416275024
0.182842031121254
0.1555912345647812
0.13649411499500275
0.2151637226343155
0.1574421375989914
-0.02821688912808895
0.09502054005861281
0.19685517251491544
0.2287607043981552
0.2303783595561981
0.1445062905550003
0.22098134458065033
0.19630670547485352
0.1036243513226509
0.088820181787014
0.13904844224452972
0.13953454792499542
0.14281103014945984
0.16329866647720337
0.1655627340078354
0.24857698380947116
0.2306470274925232
0.13224421441555023
0.151251420378685
0.0981767252087593
0.0739649310708046
0.17894046008586884
0.22362470626831052
0.1557421237230301
0.13881537318229675
0.18156780302524567
0.040841273963451385
0.11714208871126174
0.14555539190769196
0.14235028624534607
0.11598988622426985
0.1912608593702316
0.17160010337829587
0.2004309445619583
0.23415838181972504
0.17082656919956207
0.1784488558769226
0.14471121132373807
0.2372950166463852
0.1973595917224884
0.16878440976142883
0.1354573220014572
0.20132477581501007
0.1858452260494232
0.11356823146343233
0.21270132064819333
0.19490569829940796
0.08684954047203064
0.164886936545372
0.17598335444927216
0.1285024732351303
0.1970339268445969
0.112438827753067
0.10388126224279404
0.15708331763744354
0.20234243571758273
0.03626272082328796
0.04615934565663338
0.19360981881618497
0.1433531790971756
0.1846748888492584
0.18567991256713867
0.11236178129911421
0.17388415336608887
0.17054423689842224
0.1865975260734558
0.17007528245449066
0.09152975678443907
0.0069084069691598415
0.15066437423229215
0.1900212913751602
0.23858283460140228
0.20806424319744113
0.23472443222999567
0.11382901668548584
0.1895723193883896
0.23152877390384677
0.2275263220071793
0.11134617030620574
0.13816045224666595
0.17945490777492523
0.08086074888706206
0.15225259959697723
0.13035060465335843
0.020720677450299263
0.1601022183895111
0.16718246042728424
0.04906522110104561
0.2151586562395096
0.16923184692859647
0.16272960603237152
0.054479893296957016
0.10181768238544464
0.233223021030426
0.15917713940143585
0.20023834705352783
0.20228593051433563
0.17408405244350433
0.17829005420207977
0.22540698945522308
0.13900038599967957
0.16008363664150238
0.17889633774757385
0.09079018235206605
0.14924703538417816
0.1357249021530151
0.09218650311231613
0.18794932961463928
0.16758854687213895
0.2521591186523437
0.20073167979717252
0.14680869877338407
0.1480189710855484
0.22712431848049164
0.07664562016725539
0.08828366547822952
0.14489929378032684
-0.04443398863077164
0.12115398794412612
0.1862642467021942
0.20415689051151276
0.11505526304244997
0.22960083186626437
0.1695118099451065
0.11596115678548811
0.21721510589122767
0.22275047004222867
0.07087694853544235
0.09622300416231155
0.1326817125082016
0.15666182339191437
0.1135151833295822
0.15537492930889127
0.0756605342030525
0.09347634017467497
0.15635240077972412
0.23434217274188995
0.09472481161355971
0.15869165956974027
0.026760814711451527
0.13970233500003815
0.1606585681438446
0.17566102743148804
0.10891216248273848
0.13288776576519012
0.13970108330249786
0.1874270588159561
0.15595079958438873
0.2199393659830093
0.14745521545410156
0.20646369457244876
0.21076714992523196
0.17524686455726624
0.0671282634139061
0.2445134669542313
0.12126430124044418
0.08092214167118073
0.21578575670719144
0.2317358106374741
0.2339050620794296
0.18243515491485596
0.2150423377752304
0.07337887585163116
0.023733837530016896
0.09940487891435625
0.19722670316696167
0.07258170843124388
0.23995038866996765
0.08401893824338913
0.011723382398486136
0.240502804517746
0.17979232966899872
0.14102628827095032
0.16886742413043976
0.16798673570156095
0.1344799846410751
0.12986239790916443
0.2162940353155136
0.14547303318977356
0.0782913640141487
0.22578720748424527
0.21216292679309845
0.16789232194423676
0.14665551483631134
0.09667006880044936
0.16616730391979215
0.061023931950330734
0.19996394217014313
0.13496685028076172
0.14411349594593048
0.09294035285711288
0.17732499539852142
0.17374862730503082
0.11573105305433272
0.22112086415290833
0.17804424464702606
0.181999534368515
-0.08170619606971741
0.09248396754264832
0.19257718324661252
0.0881148874759674
0.23512731492519376
0.18477557599544525
0.19091565907001493
0.17960152029991147
0.12119904905557632
0.1577318161725998
0.23130814731121063
0.10701904445886612
0.1863231509923935
0.1361943781375885
0.2218502908945084
0.1566201001405716
0.13867118954658508
0.03521692007780075
0.13707180321216583
0.20792274177074432
0.12805156409740448
0.05231286585330963
0.11715585738420486
0.1593027114868164
0.21798191964626312
0.07296966016292573
0.1641230136156082
0.14883041381835935
0.16444148123264313
0.1184774860739708
-0.04392999783158302
0.0927027240395546
0.1515408754348755
0.18239761888980863
0.08789897710084915
0.21270135045051572
0.20422822237014768
0.07530658692121506
0.0770648494362831
0.16618528962135315
0.1328439861536026
0.22381624579429624
0.1634489148855209
0.12151338905096054
0.1770467311143875
0.16032131016254425
0.14012154936790466
0.22224293649196625
0.22661015391349792
0.18501636385917664
0.16521871089935303
0.03135944530367851
0.1032722070813179
0.1589282751083374
0.17365257441997528
0.12187180668115616
0.12890499830245972
0.17632707953453064
0.12088935822248457
0.14773820340633392
0.12102466076612473
0.13674047589302063
0.10722973197698592
0.1906042993068695
0.07536429166793822
0.14777182042598724
0.046513080596923835
0.24101661145687103
0.19888387620449063
0.10100966691970824
0.11510362476110458
0.06073487922549248
0.16863010823726654
0.21727000176906583
0.228044793009758
0.09344249218702316
0.1537831872701645
0.2250008434057236
0.20611876249313357
0.08396968245506287
0.19660733640193936
0.12001972645521164
0.12993861734867096
0.13559718430042267
0.1945433020591736
-0.021038873121142387
0.2259541004896164
0.17050175368785858
0.14605571329593658
0.16009344160556793
0.2059288322925568
0.21178244054317477
0.20991387963294983
0.12898817658424375
0.1510315239429474
0.05570165067911148
0.17008964717388153
0.17261554300785065
0.16012899577617645
0.15531235933303833
0.22587397694587708
0.17217031121253967
0.06250181794166565
0.156287744641304
0.10594037175178528
0.14931075274944303
0.11927560716867446
0.14925341308116913
0.14590023458003995
0.13318671286106107
0.034944243729114526
0.06963557004928589
0.2416200488805771
0.1467352658510208
0.113883838057518
0.22312448918819427
0.10339891165494917
0.039740540087223046
0.13490135967731476
0.167192742228508
0.19033998250961304
0.14386247098445892
0.1755519062280655
0.20720516145229337
0.10378382354974745
0.16178904473781583
0.12401378899812698
0.1284404844045639
0.16787798702716827
0.2076135724782944
-0.07961405068635939
0.1618359237909317
0.22900508344173431
0.151606023311615
0.1798848658800125
0.14494262635707855
0.13444936275482175
0.19837504625320437
0.0538182444870472
0.20670680701732635
0.13810531795024872
0.1702078282833099
0.20719248056411743
0.18488019704818723
0.08408254384994505
0.13356588780879974
0.11262933164834976
0.20243269205093384
0.013218691572546957
0.034514252096414566
0.11535269767045973
0.13846395909786224
0.13435488939285278
0.15340907871723175
0.17100873589515686
0.10571521520614624
0.17756648361682892
0.04997529461979865
0.08609821647405624
0.23232661187648773
0.25054341554641724
0.2389348596334457
0.1870018094778061
0.029069511219859123
0.17464925348758695
0.18444681167602536
-0.07181764394044876
0.1391829550266266
0.17318381369113922
0.2133508920669556
0.1810457110404968
0.1423334628343582
0.0012872642837464807
0.08779006451368333
0.2470731884241104
0.08983174711465836
0.12696795165538788
0.1472938060760498
0.21068674325942996
0.13567510247230527
0.2229537516832352
0.2410278469324112
0.14783547818660736
0.20037396252155304
0.1712462604045868
0.10186002403497696
0.19072335958480835
0.12074575573205948
0.22627399861812592
0.15923894941806793
0.13654612004756927
0.1871017813682556
0.07360442727804184
0.1665591448545456
0.08288517594337462
0.14515629410743713
0.16374939680099487
0.12841278314590454
0.08718801289796829
0.11213508993387222
0.16781024634838104
0.22927299141883847
0.11922570317983627
0.05664782598614693
0.13045556843280792
0.17728509008884427
0.24968259036540985
0.2040020376443863
0.1629386395215988
0.07919137179851533
0.011327898129820824
0.15299279987812042
0.059822294861078255
0.009077658876776695
0.22992028295993805
0.16460217535495758
0.00786343403160572
0.13478805124759674
0.03116138093173504
0.1708308309316635
0.09664086997509001
0.11227329075336456
0.16655342280864716
0.17748694121837616
0.03923717141151428
0.11729883402585985
0.19604869186878204
0.18084928393363953
0.16347451508045197
0.056396503001451485
0.12917277216911316
0.23508651554584503
0.19442385435104367
0.08168529719114302
0.16996920108795166
0.19550563395023343
0.23299416899681089
0.17215378582477567
0.2044900953769684
0.16616277396678925
0.1804800182580948
0.19738517701625824
0.09295029193162918
0.1565525382757187
0.06056215241551399
0.14902757108211517
0.20017188787460327
0.05123935267329216
0.1288963109254837
0.20928752422332764
0.08863659948110579
0.14926375448703763
0.19110605120658877
0.09628079831600189
0.1805749088525772
0.2077026069164276
0.1457792967557907
0.18274644017219543
0.23809115588665009
0.17801956832408905
0.15961353480815887
0.178646057844162
0.1529165506362915
0.1651748418807983
0.10690297931432724
0.07471581548452377
0.0370890349149704
0.2375630289316177
0.15781202912330627
-0.036191552877426154
0.13435018062591553
0.25000038743019104
0.0470903180539608
0.1093267872929573
0.17072829604148865
0.12206337600946426
0.13653643429279327
0.1339275687932968
0.22877056896686557
0.09436102956533432
0.08570308983325958
0.11714931577444077
0.23953412473201752
0.08328586071729661
0.16160647571086884
0.1139114275574684
0.19418324530124664
0.13606643676757812
0.1853182166814804
0.18781308829784396
0.19496308267116544
0.14957518875598907
0.1337394267320633
0.09944844245910643
0.10760612785816193
0.054937858134508126
0.14993135631084442
0.1128564476966858
0.15178935229778287
0.053027771413326256
0.14648683369159698
0.21135355532169345
0.2080669105052948
0.09675205498933792
0.16396065056324005
0.08575022220611571
0.1549762338399887
0.09586786478757858
0.23460996150970456
0.1669670194387436
0.16225235164165497
0.22031788527965543
0.19371424615383148
0.13272719085216522
0.09226852655410767
0.25059691071510315
0.23200552165508273
0.19323132932186127
0.05918316915631294
0.15777631103992462
0.155581995844841
0.1520787924528122
0.127986341714859
0.13661383092403412
0.13152767717838287
0.17656043171882627
0.09117601811885832
0.20641228556632996
0.14962229132652283
0.18689876794815063
0.09232736378908157
0.12488498538732529
0.1582147628068924
0.22984664142131803
0.15270100533962247
0.23321397602558133
0.1697016209363937
0.19569364190101624
0.20192535221576688
0.14381791651248932
0.16797824203968048
0.19011713564395905
0.09501752257347107
0.15359455347061157
0.05528784170746803
0.15456099808216095
0.11739657074213028
0.24966906011104584
0.19302986562252045
0.0300739835947752
0.11603582650423049
0.11435304582118988
0.13526509702205655
-0.04515252262353897
0.0603470541536808
0.17638695240020752
0.053008131682872765
-0.004552746657282114
0.08126630634069441
0.20319823920726776
0.2154572755098343
0.07842560112476349
0.12068269401788712
0.21721865236759183
0.024163348600268364
0.13336500525474548
0.13039745390415192
0.19605921208858487
0.12727485597133636
0.10117416828870772
0.15452027320861816
0.1757563352584839
0.13797856867313385
0.2315426766872406
0.14822359383106232
0.23358304798603055
0.14359894394874573
0.16819569468498227
0.15070036053657532
0.15461622178554535
0.1817013174295425
0.0462302602827549
0.06497231870889664
0.14583732187747955
0.179818257689476
0.14216946065425873
0.229276105761528
0.1910186856985092
0.20480351150035855
0.04885805398225784
-0.054112236946821206
0.2381206899881363
0.08674173057079315
0.1422024518251419
0.1821834295988083
0.16786630451679227
0.13866104185581207
-0.01921393908560276
0.07760527729988098
0.2529337406158447
0.11629261076450348
0.106454998254776
0.17325130105018616
0.16803328692913055
0.21673373878002167
0.13809259235858917
0.11352897435426712
0.2305439859628677
0.17931194603443143
0.12443257123231888
0.1865394115447998
0.20898480713367465
0.185467466711998
0.21219711005687716
0.02860333956778049
0.1424899250268936
0.1507006734609604
0.16263088583946228
0.23995752632617953
0.21387457847595212
0.16693708300590515
0.1707456260919571
0.24093440175056455
0.19474633038043973
0.17114730179309845
0.14043813943862915
0.1963377743959427
0.06662189215421677
-0.0042530172504484645
0.15064950287342072
0.09411656111478803
0.13337036967277527
0.1511646807193756
0.1995811611413956
0.14000095427036283
0.21676643192768097
0.07112624496221542
0.1660957932472229
0.018863525241613388
0.20233266055583957
0.21100743114948273
0.20468074083328247
0.07405377924442291
0.10757815837860107
0.14922787249088287
0.1659899055957794
0.19999922811985013
0.1309903115034103
0.04142959043383598
0.15923407673835754
0.10731775313615798
0.09494765102863312
0.18539784848690033
0.03078548423945904
0.22056780755519864
0.2200717329978943
0.05095978453755379
0.1569429636001587
0.23906943202018735
0.10648386180400848
0.17973382771015167
0.09187882393598557
0.006538485642522573
0.098571740090847
0.06918879598379135
0.09534104913473128
0.09378804266452787
0.04269174486398697
0.2466074377298355
0.19553320109844208
0.24910809099674225
0.20744623243808744
0.13753671944141388
0.14705289900302887
-0.10832856595516203
0.19229164719581604
0.18876756727695465
0.18360163271427157
0.09384715557098387
0.2366593033075333
0.05394294112920761
0.14501293003559113
0.16088347136974335
0.057342592626810074
0.1771717369556427
0.145089790225029
0.19204293191432953
0.23581188917160037
0.06858797371387482
0.21664336323738095
0.09147559106349944
0.2113906145095825
0.1095360592007637
-0.0388173907995224
0.2456963211297989
0.11989613622426985
0.1374688297510147
0.12142524868249892
0.195635586977005
0.1944429725408554
0.236313670873642
0.18863818049430847
0.14811360836029053
0.10033798962831496
0.22427988052368164
0.1803062856197357
0.14036117494106293
0.1779394298791885
0.24048401415348047
0.174713134765625
0.1831800639629364
0.03096487559378147
0.13248544931411743
0.1746511608362198
0.20147541165351868
0.23924444615840912
-0.06157560274004936
0.12174060195684432
0.21456716954708097
0.0469721145927906
0.19759003818035123
0.2188253551721573
0.16239364445209503
0.18393437564373016
0.16937145590782163
0.2321854382753372
0.23145808279514313
0.05170322582125664
0.1793632209300995
0.18749894201755524
0.15509022772312164
0.09606648236513136
0.08713918924331665
0.10537613928318024
0.2132185250520706
0.15600179135799408
0.1722407191991806
0.11358172446489334
0.09062206745147704
0.16459865868091583
0.06501412391662598
0.196228489279747
0.03484012559056282
0.11833203583955763
0.12789443135261536
0.16659261286258695
0.1534615010023117
0.18438684940338132
0.18068261444568637
0.1828330159187317
0.16945521533489227
0.2082555443048477
-0.05608329549431801
0.24038970470428464
0.11712851375341415
0.11428555101156233
0.19789400696754453
0.13163937628269196
0.1456156224012375
0.18938776850700376
-0.1131247878074646
0.06008167937397957
0.12950344383716583
0.13021941483020782
0.058278497308492654
0.1431124210357666
0.17049916088581085
0.21066124737262723
0.14400790631771088
-0.03463862091302872
0.1760856807231903
0.06889976561069489
0.16338659822940826
0.197495236992836
0.08432622253894806
0.2412760704755783
0.22138820588588717
0.11491022258996964
0.02409224025905132
0.23161610960960388
0.15312165021896362
0.2053661197423935
0.13596490025520325
0.2039891928434372
0.20859929919242856
0.1481027454137802
0.16032572090625763
0.14093482494354248
0.19609270989894864
0.1585361212491989
0.18956515192985532
0.10341054946184158
0.14852674305438995
0.15517254173755643
0.23219795525074005
0.10598612576723097
0.056363429874181754
0.10526711493730544
0.15958644449710843
0.24174408614635468
-0.0211959108710289
0.09530884772539137
0.1880929321050644
0.1019417718052864
0.2061631977558136
0.05610330775380135
0.16771481931209564
0.10189149528741837
0.24090692400932312
0.1275130659341812
0.176194429397583
0.18477299809455872
0.16592498123645782
0.24118126928806305
0.06529482454061508
0.14773385226726532
0.1664857119321823
0.16401144862174988
0.08909523487091064
0.1470036506652832
0.1807171255350113
0.17991627752780914
-0.0663837268948555
0.1271667629480362
0.22704997658729556
0.1868767291307449
0.13226264715194702
0.18437498807907104
0.1150314137339592
0.13839417695999143
0.15958845615386963
0.08942932635545729
-0.08801975101232529
0.22424834966659543
0.19739924371242523
0.1630762070417404
0.12868373095989227
0.15039078891277313
0.13063804805278778
0.1328638195991516
0.0995774120092392
0.17280679941177368
-0.007861191406846046
0.22229734063148496
0.19579748809337613
0.1761104017496109
0.13176719844341278
0.1672476828098297
0.2036799788475037
0.1444672644138336
0.1377511769533157
0.1028047576546669
0.03731992468237877
0.13565638661384583
0.16046245396137235
0.22919325530529025
0.1035669296979904
0.06768930703401566
0.1962829679250717
0.04251020029187202
0.22070857882499692
0.13935063779354095
0.1288926899433136
-0.04953864589333534
0.1806938797235489
0.21299634873867035
0.2122124880552292
0.18321952223777768
0.10154246538877489
0.2460314184427261
-0.009052203968167305
0.16663962602615356
0.17140160501003265
0.22622209787368772
0.1703955978155136
0.15461386740207672
0.17151321470737457
0.13486424088478088
0.24006314575672147
0.1814894825220108
0.1421835720539093
0.1463075578212738
0.05260048434138297
0.12705364823341367
0.10086639970541
0.08494558185338974
0.15748757123947144
0.08122869580984116
0.09029552340507507
0.2263929694890976
0.22423207759857175
0.15183185040950775
0.14958710968494415
0.23566631972789764
0.2058497369289398
0.11372040957212448
0.1307724565267563
0.18024317920207977
0.14228442311286926
0.17492583394050598
0.09725399315357208
0.12523981928825378
0.1259353756904602
0.18012963235378265
0.15549226105213165
0.24606235325336456
0.11323099583387373
0.08207979798316956
0.22759069502353668
0.1005582809448242
0.19388905167579648
0.11567319184541702
0.18188336491584775
0.2456994205713272
0.10555963963270187
0.1064831167459488
0.2048865705728531
0.1454239636659622
0.1583903431892395
0.1268484890460968
0.05402521044015884
0.08234022557735443
0.16148525476455688
0.14137211441993713
-0.059022288769483566
0.1726556420326233
0.11451033502817153
0.2174874842166901
0.0867917463183403
0.21100500226020807
0.03454060107469559
0.0701763927936554
0.13542968034744263
0.024776948615908623
0.0828237310051918
0.1558016538619995
-0.030397094786167145
0.23033329844474792
0.05424463376402855
0.24457021057605743
0.24922855198383329
0.16456742584705353
0.16889570653438568
0.24066150188446045
0.17018775641918182
0.2352536767721176
0.19744570553302765
0.23053088784217837
0.06490911543369293
0.21926409006118772
0.15609276294708252
0.12737537920475006
0.1113765686750412
0.16530913114547727
0.19256438314914703
0.1685860306024551
0.2082878798246384
0.19677107036113736
0.19684274494647977
0.14608751237392423
0.14960473775863647
0.04793579503893852
0.09659758955240248
0.10086024552583694
0.11052051186561584
0.11883241683244704
0.11596900969743729
0.17642048001289368
0.22601100802421567
0.20533625781536105
0.04155205935239792
0.12470515817403792
0.1493181586265564
0.1167302131652832
0.08790653198957443
0.12450367957353592
0.09094547480344771
0.027198148891329765
0.23675684630870816
0.07851795107126237
0.008451523259282112
0.1545881628990173
0.16129565238952637
0.016112660989165306
0.02559845708310604
0.0905272290110588
0.1711912602186203
0.12358290702104568
0.12555956840515137
0.21483375132083887
0.07429154217243193
0.15030762553215027
0.19171397387981412
-0.001013836357742548
0.19868309795856476
0.1926897019147873
0.14124749600887299
0.1601315289735794
0.23477348685264587
0.08246485888957977
0.1426735818386078
0.08734244108200073
0.1506262570619583
0.1940668821334839
0.14997880160808563
0.16776204109191895
0.00680690398439765
0.17867159843444824
0.11911656707525252
0.10188723355531693
0.023424183949828148
0.2307564467191696
0.1675293892621994
0.17430050671100616
0.15127871930599213
0.1837313920259476
0.09497154504060744
0.09186571091413498
0.15759877860546112
0.1719256043434143
0.1435483545064926
0.16748613119125366
0.1618528664112091
0.011869074776768684
0.05636454001069069
0.21613258123397827
0.17733578383922577
0.17004673182964325
0.23413364589214325
0.18600858747959137
0.22929053008556363
0.13712333142757416
0.1829979121685028
0.08418595790863037
0.02616248093545437
0.1435377299785614
0.17031612992286682
0.09890886396169662
0.18043607473373413
0.1668267548084259
0.2078004628419876
0.15612086653709412
0.16956767439842224
0.1331968754529953
0.20571395754814148
0.11919125169515608
0.1792907863855362
0.16117699444293976
0.1881898641586304
0.19898889958858487
0.17724156379699707
0.14788293838500977
0.01209828071296215
0.1589307337999344
0.1828356236219406
0.11000354588031767
0.12396784871816637
0.13979938626289368
0.14030925929546356
0.20821046829223633
0.18140344321727753
0.11299724131822586
0.18723608553409576
0.23799696564674375
0.23516727983951569
0.13219416141510007
0.21971757709980008
0.10411251336336136
0.05686406418681145
0.06187359616160393
0.14096131920814514
0.172863632440567
0.1554633229970932
0.18441569805145264
0.23139739036560056
0.23169265687465668
-0.026809221133589745
0.12084078043699265
0.09971258044242857
0.145738884806633
0.008147263899445532
0.12178275734186172
0.058674920350313194
0.1829966306686401
0.1953918784856796
0.13124938309192655
0.006788340862840414
0.19930061697959897
0.1467798501253128
0.23912541568279264
0.20577494800090787
0.2469548732042313
0.11772875487804411
0.11869259923696517
0.17930878698825836
0.23896412551403043
0.22801360487937927
0.1604223996400833
0.22899772226810453
0.08181795477867126
0.19676367938518524
0.04608551412820816
0.1149485483765602
0.1829221397638321
0.062486667186021805
0.11784077435731888
0.09345909208059312
0.09507741779088974
0.20156255364418027
0.1592140346765518
0.07719089835882186
0.0979851558804512
0.2572336196899414
0.20803327858448029
0.17064128816127777
0.2360192984342575
0.22913749516010284
0.23205617070198056
0.15670111775398254
0.12519612908363342
0.23736058175563807
0.15523891150951383
0.14866724610328674
0.16278192400932312
0.13448263704776764
0.1723172515630722
0.13961049914360046
0.23820029199123385
0.10790786147117613
0.1502511203289032
0.09458155184984209
0.09618727117776871
0.21116194128990173
0.09114407002925871
0.12081538885831831
-0.06874775886535645
0.08261814713478088
0.14263707399368286
0.1646416336297989
0.06523190438747406
0.1728840321302414
-0.02143373899161816
0.20277775824069977
0.1440524458885193
0.13389165699481964
0.24525310099124908
0.184799998998642
0.14871373772621155
0.2229149490594864
0.034975290298461914
-0.00867580808699131
0.21487255394458768
0.15525291860103607
0.216283455491066
0.20763534307479856
0.20334234833717343
0.18580992519855496
0.0839204266667366
0.13014186918735504
0.09769860655069353
0.19269245862960813
0.01610172353684902
0.15823936462402344
0.12910541892051697
0.23060932755470276
0.18837343156337735
0.16129086911678314
0.15281172096729279
0.13048817217350006
0.10086284577846528
0.18224859237670896
0.24099378287792203
0.2146762311458588
0.13530291616916656
0.154804527759552
0.17686881124973297
0.23547665774822235
0.12406785041093826
0.15240012109279633
0.14627504348754883
0.141263946890831
0.152052640914917
0.1947274059057236
0.17378778755664823
0.08631493151187895
0.13914497196674347
0.09611043334007265
0.08499781042337418
0.17893774807453156
0.17878256738185883
0.21847063302993772
0.2038448750972748
0.25251638889312744
0.22526468336582184
0.01595710776746273
0.1499183475971222
0.17990143597126007
0.11434947699308395
0.22108411788940427
0.10876909643411636
0.1275746375322342
0.1274774670600891
0.16952864825725555
0.19951146841049197
0.11476462334394454
0.2127790600061417
-0.006576447281986474
0.19249828159809113
0.09459149837493896
0.19093334674835205
0.16061608493328094
0.14075858891010284
0.09367482364177705
0.19073809683322904
0.24729235470294952
0.22877182066440585
0.16283737123012543
0.23774772882461548
0.2454483658075333
0.16939611732959747
0.23305626213550568
0.22488395869731903
0.15502120554447174
0.18999290466308597
0.18214957416057584
0.1845855861902237
0.16156812012195587
0.24367590248584747
0.202376127243042
0.12453540414571762
0.2026625424623489
0.20761230587959287
0.12761567533016205
0.14160676300525665
0.06696739047765732
0.15958586335182187
0.18125265836715695
-0.007857421413064003
0.194644495844841
0.24358153343200684
0.22537140548229215
0.0840979814529419
0.19641326367855072
0.21663102507591248
0.23762227594852448
0.15608744323253632
0.02563750557601452
0.23148436844348907
0.125994473695755
0.1549444943666458
0.2025039345026016
0.24434418976306915
0.21507446467876437
0.13259725272655487
0.1171296089887619
0.1486717313528061
0.11651770770549774
0.24539931118488312
0.17593464255332947
0.24246416985988617
0.08816760033369064
0.16474920511245728
0.09540078788995743
0.030488362535834312
0.05500036850571632
0.1962505280971527
0.1606326550245285
0.1642335057258606
0.23215092718601224
0.011495629325509071
0.22026552259922028
0.14307135343551636
0.11365609616041183
0.2232670485973358
0.22902145981788635
0.23141163587570193
0.1864127814769745
0.09489655494689939
0.18124112486839292
0.21681538224220276
0.20112811028957367
0.10877427458763123
0.08869471400976181
0.21495534479618073
0.21982713043689728
0.09821243584156035
0.15426410734653473
0.1957593858242035
0.1892865598201752
0.2362697869539261
0.197672501206398
0.13011011481285095
0.09152037650346757
0.18094976246356964
0.18366235494613647
0.23299218714237213
0.2337801307439804
0.21701051294803617
0.19196961820125577
0.2286439687013626
0.14694006741046903
0.12622350454330444
0.18338629603385925
0.10513076931238174
0.05261810123920441
0.1449589878320694
0.14830952882766724
0.24026991426944727
0.2503750026226044
0.16281889379024503
0.2485690265893936
0.20561330020427704
0.06826763600111008
0.18131236732006076
0.21590512990951535
0.19208498299121857
0.13675357401371002
0.16307656466960907
0.20293156802654264
0.1603243350982666
0.12837745249271393
0.07125074416399002
0.15312404930591583
0.1087762638926506
0.2008809000253677
0.0964399054646492
0.18568687140941617
0.06656450778245926
0.22313950955867767
0.20064179599285123
0.17645536363124847
0.1927359402179718
0.12797655165195465
0.1488232463598251
0.16907183825969696
0.23233555257320404
0.18871314823627472
0.2305773049592972
0.15599344670772552
0.23567567765712735
0.1514822095632553
0.13244421780109403
0.23393066227436063
0.19080422818660736
0.1390066295862198
0.06606508046388626
0.2244621068239212
0.122101329267025
0.013603299856185911
0.22881139814853668
0.21491330862045288
0.10600198060274124
0.0721151903271675
0.12717565894126892
0.06837362796068192
0.11866933852434158
0.18349073827266693
0.2301208972930908
0.052985314279794686
0.18488800525665283
-0.0625753402709961
0.08840032666921614
0.17009110748767853
0.16961096227169037
0.07355086505413054
0.12508906424045563
0.19896326959133148
0.1069563403725624
0.15233458578586578
0.18165193498134613
0.1908285021781921
0.17530371248722076
0.23261480033397677
0.08877434581518173
0.08592372387647629
0.1651136130094528
0.15281207859516144
0.23918837308883664
0.07209360599517822
0.2022656798362732
0.181530624628067
0.24506787955760956
0.07852662354707718
0.12045957893133163
0.2129535526037216
0.1985470354557037
0.15505199134349823
0.13657142221927643
0.13504178822040555
0.216072216629982
0.22874693572521207
0.16456443071365356
0.15381328761577606
0.18513555824756625
0.15835554897785187
0.23138645291328433
0.1637517511844635
-0.014935290440917017
0.22419673204422
0.12300779670476912
-0.013686591759324072
0.1683523654937744
0.24083174765110013
0.16573280096054077
0.129360094666481
0.16783447563648224
0.10963579267263412
0.1181756481528282
0.10151316970586775
0.20065380632877347
0.23238825798034668
0.07205921411514282
0.2224848419427872
0.13268762826919556
0.08031579852104187
0.048714935779571526
0.1897602826356888
0.1631155163049698
0.21296070516109464
0.04299066215753555
0.0728670135140419
0.23598298430442807
0.21848203241825104
0.23784540593624115
0.11681132763624193
0.1670948565006256
0.11417358368635176
0.09948359429836272
0.1299419403076172
0.11366838216781616
0.21405939757823944
0.1265052706003189
0.08669206500053404
0.0997934713959694
0.139043390750885
0.22562421858310697
0.23422083258628845
0.13156495988368988
0.12180718034505844
0.1897650361061096
0.21966977417469025
0.24153658747673035
0.19239039719104767
0.13825444877147675
0.1857085973024368
0.19002684950828552
0.05141205713152885
0.11593064665794373
0.18474628031253812
0.20158135890960693
0.1169675663113594
0.11655510962009429
0.23174041509628293
0.1473703235387802
0.20293180644512177
0.12875741720199585
0.1157698631286621
0.18615360558032987
0.07489916682243347
0.24980853497982025
0.20805199444293973
0.19858022034168243
-0.03606030344963074
0.07094155997037888
0.1740394830703735
0.013362843543291092
0.09300468116998672
0.13802729547023773
0.19740085303783417
0.19610904157161713
0.04605022445321083
0.06851322203874588
0.09672863781452179
0.22580984234809875
0.04807525128126144
0.23644365370273593
0.2446441203355789
0.10382337868213652
0.20358785986900327
0.1379934549331665
0.07768052071332932
0.16256780922412872
0.11863192915916441
0.06234629079699516
0.1977645605802536
0.10217666625976562
0.2319253385066986
0.007465959992259741
0.11621811240911484
0.10480666905641556
0.13504652678966522
0.05117432400584221
0.14358089864253995
0.20420002937316892
0.1214604601264
0.15248206257820127
0.16599532961845395
0.08322013914585114
0.19209401309490204
0.16609695553779602
0.22895447909832
0.20146816968917847
0.1014963760972023
0.17804808914661407
0.1846360415220261
0.19475850462913516
0.12315862625837326
0.1249404028058052
0.1496792435646057
0.13329055905342102
0.1421779990196228
0.1382880061864853
0.2447355538606644
0.045828673988580704
0.028093138709664345
0.1527440249919891
0.14576946198940277
0.22517503798007965
0.08786886930465698
0.05282669141888618
0.16709664463996887
0.13853195309638977
0.12225203961133956
0.07175017893314362
0.0217856727540493
0.11207519471645357
0.19960968196392057
0.10191691666841506
0.1633244901895523
0.18571089208126068
0.12375392764806747
0.1657831221818924
0.07199084013700485
0.06544111669063568
0.038846522569656365
0.13405950367450714
0.1021820679306984
-0.00028079235926270485
0.09371657669544223
0.13259077072143555
0.15682481229305267
0.1454924643039703
0.11087534576654434
0.1576321572065353
0.07142279297113419
0.202541708946228
0.06653214246034622
0.2352194786071777
0.12444158643484116
0.17576988041400907
0.19801867008209229
0.1680917888879776
0.10408413410186768
0.17666669189929962
0.18859048187732697
0.1848609149456024
0.11245304346084593
0.15252576768398285
0.15455633401870728
0.15682505071163175
0.2000611275434494
0.15388216078281403
0.05166137591004372
0.15773834288120267
0.10829215496778488
0.16814382374286652
0.17545489966869354
0.1738786548376083
0.2298681288957596
0.003758916165679693
0.1751074194908142
0.09396293759346008
0.15586338937282562
0.1559104472398758
0.12220364063978197
0.22432833909988403
0.11023767292499542
0.1392924040555954
0.03931879624724388
0.13955043256282806
0.08253213763236998
0.20525515079498288
0.19568665325641632
0.053154278546571725
0.16882045567035675
0.12205643206834792
0.06916254013776779
0.17118404805660248
0.13441461324691772
0.031275033950805664
0.10425126552581788
0.18487916886806488
0.20628611743450165
0.10012348741292952
0.15535812079906464
0.13489235937595367
0.17753848433494568
0.0997502952814102
0.08055340498685837
0.24097216129302976
0.14353500306606293
0.02102484740316868
0.03785109519958496
0.1808945685625076
0.1351247280836105
0.12275869399309158
0.1808553636074066
0.05780875310301781
0.19763462245464325
0.2320944517850876
0.11770768463611601
0.06280393153429031
0.14181627333164215
0.11366598308086397
0.13368993997573853
0.10717957466840744
0.1662665605545044
0.22259165346622467
0.13054026663303375
0.07389786094427107
0.08409009128808974
0.14627352356910703
0.1903989017009735
0.23509496450424197
0.17686711251735687
0.1181667149066925
0.17155280709266663
0.20768387615680692
0.17495988309383392
0.187287762761116
0.0857810527086258
0.14585788547992706
0.1542060375213623
0.09014890342950821
0.17018797993659973
0.02134070545434952
0.228635236620903
0.1496380120515823
0.187256321310997
0.2102487683296204
0.16726207733154297
0.16007940471172333
0.09991977363824844
0.19430339336395264
0.2223171144723892
0.06926494091749191
-0.01843995414674282
0.10499749332666396
0.17663422226905823
0.10710199177265169
0.17148058116436005
0.19445307552814484
0.09451265633106232
0.04957469180226325
0.18403862416744232
0.14627470076084137
0.21330761909484863
-0.019078964367508888
0.1535126119852066
0.20626935362815857
0.2438829392194748
0.12497758120298384
0.08671582490205763
0.1476446837186813
0.12766554951667783
0.18408854305744168
0.051882304251194
0.15015897154808044
0.14750345051288605
0.1560307145118713
0.22971922159194944
0.23076000809669492
0.19085146486759183
0.14363066852092743
0.17157922685146332
0.1875791549682617
0.11118121445178984
0.18345895409584043
0.08318784832954407
0.12660276889801023
0.05104754865169525
0.1695617139339447
0.1411982029676437
0.1231422945857048
0.18170566856861117
0.12976770102977753
0.16284014284610748
0.1908283233642578
0.08984328061342238
0.13791018724441528
-0.030975135043263435
0.10598383843898772
0.13776342570781708
0.24104483425617215
0.1792793571949005
0.06474235653877257
0.2285156399011612
0.054238274693489075
0.16110725700855255
0.13893261551856995
0.1407124251127243
0.12304703146219252
0.15113015472888947
0.19024701416492465
0.16658392548561096
0.10737170279026031
0.09473727643489836
0.15051670372486115
0.17431721091270447
0.15032753348350525
0.19238005578517917
0.17768129706382751
0.23150879144668576
0.205956906080246
0.18892936408519745
0.1925117373466492
0.20944866538047793
0.16153205931186676
0.2342093139886856
0.13820230960845947
0.1797412782907486
0.24629975855350492
0.18838094174861908
0.13287638127803802
0.2264348864555359
0.17494866251945496
0.2426816821098328
0.13044013082981107
0.23078587651252744
0.04679754748940468
0.21872563660144803
0.1952668130397797
0.12931708991527557
0.23704674839973447
-0.045076798647642136
0.17805959284305573
0.13390761613845825
0.02876301296055317
0.16374070942401883
0.17717792093753815
0.18385182321071625
0.14884190261363983
-0.012752221897244452
0.12395640462636948
0.09841560572385791
0.1716034859418869
0.22629910707473755
0.14291691780090332
0.15824921429157257
0.10137488692998886
0.04155245050787926
0.13313670456409454
0.16352537274360657
0.20465718209743497
0.13704551756381989
0.1721682250499725
0.22362160682678223
0.12724794447422028
0.08474236726760864
0.16890665888786316
0.1851312071084976
0.23535776138305664
0.19172655045986173
0.18128041923046112
0.200675830245018
0.08766290545463562
-0.003749413881450891
-0.004043732304126024
0.11172830313444136
0.1489630788564682
0.15614424645900726
0.13820084929466248
0.2463623732328415
0.17910709977149963
0.1365024596452713
0.1249263510107994
0.16482387483119965
0.24088099598884585
0.1155422031879425
0.11929843574762344
0.05025302246212959
0.20156969130039212
0.11982320994138716
0.22743110358715057
0.21930526196956637
0.07451533526182175
0.19659054279327393
0.15776269137859344
0.16668511927127838
0.12575580179691315
0.024558255448937416
0.12359491735696793
0.16480381786823273
0.24062752723693848
0.1676446944475174
0.2326775789260864
0.1832159459590912
0.1722215861082077
0.09872397035360336
0.15364328026771543
0.04404628649353981
0.10431621968746184
0.21611948311328888
0.191073939204216
0.09019262343645097
0.2049348056316376
0.03296183794736862
0.23393005132675168
0.17020277678966522
0.22499136626720428
0.10171476751565932
0.22484734654426572
0.1448816210031509
0.22734682261943817
0.09964591264724733
0.08652694523334502
0.10603214055299758
0.19094911217689517
0.24060091376304624
0.19030360877513883
0.22368407249450684
0.1637886017560959
0.11658648401498795
0.0626910850405693
0.12179728597402573
0.16660939157009125
0.238397479057312
0.18211697041988367
0.15017609298229215
0.145730659365654
0.12140915542840956
0.04349110648036003
0.225921630859375
0.22738629579544067
0.09211089462041856
0.05051548779010773
0.15285782516002655
0.13312911987304688
0.18023313581943512
0.008254433050751686
0.09414644539356232
0.10357928276062012
0.16758081316947937
0.22920320928096768
0.23679187893867487
0.05221517756581306
0.02693461440503597
0.1407204121351242
0.217375323176384
0.0774855688214302
0.14063525199890137
0.12766291201114655
0.16991819441318512
0.2432406842708588
0.2301744967699051
0.20890669524669647
0.018259525299072266
0.016325294971466064
0.04303959757089615
0.14564594626426697
0.17000150680541992
0.20440150797367093
0.1833971589803696
0.2063562124967575
0.11020045727491377
0.18380561470985407
0.13726486265659332
0.0704106017947197
0.22466188669204712
0.07936134934425354
0.0996047705411911
0.03365462273359299
0.02660214714705944
0.11840846389532088
0.2136179208755493
0.23793201148509976
0.1673217415809631
0.19800890982151031
0.010568460449576376
0.18428678810596463
0.19798703491687772
0.12342455238103867
0.22627803683280945
0.07559080421924591
0.24032555520534515
0.1980442553758621
0.195489838719368
0.14181740581989288
0.24083565175533292
0.244010791182518
0.19721548259258273
0.18879316747188568
0.19243182241916656
0.14348436892032623
0.07867131382226944
-0.02464997209608555
0.1946462243795395
0.2051624059677124
0.24647395312786105
0.012700634077191353
0.22308711707592008
0.15452618896961212
0.13250529766082764
0.05239355564117432
0.10313935577869417
0.03775675967335701
0.2511429488658905
0.1013759598135948
0.010321645066142082
0.21464335918426516
0.09486871212720872
0.05066584423184394
0.14768630266189575
0.16132822632789612
0.1029079183936119
0.08673860132694243
0.1393435001373291
0.12557862699031827
0.1999851316213608
0.06341743469238281
0.24231015145778656
0.10994599014520644
0.08940594643354416
0.1137186288833618
0.10972309112548828
0.16466012597084043
0.12395145744085312
0.04945524781942368
0.1056973710656166
0.03461178764700889
0.19360865652561188
0.23049381375312805
0.14354713261127472
0.16637977957725525
0.17838110029697418
0.18614099919795987
0.09201236814260481
0.1521176844835281
0.13615275919437408
0.20008672773838043
0.16464947164058685
0.16338901221752167
0.11992061883211136
0.17076259851455688
0.007810303475707769
0.17198455333709717
0.129529669880867
0.12844732403755188
0.1735355108976364
0.16508318483829498
0.196787104010582
0.20189115405082703
0.16343997418880463
0.12605662643909454
0.1935848295688629
0.14034412801265717
0.11841083317995071
0.043615296483039856
0.23539336025714877
0.20088277757167816
0.16187551617622375
0.13274407386779785
0.15584868192672727
0.14504699409008026
0.18923437595367432
0.22808212041854856
0.05190030112862586
0.1477154791355133
-0.011126672849059103
0.16494886577129364
0.1062553897500038
0.14813493192195892
0.17526419460773468
0.08761606365442275
0.1103539615869522
0.18530163168907163
0.15407191216945648
0.18230219185352323
0.1475708931684494
0.2192211002111435
0.24285908043384552
0.09504861384630205
0.16993163526058197
0.17364101111888883
0.13911393284797668
0.14446695148944855
0.24124906957149503
0.2076231390237808
-0.0006384351290762424
0.15144795179367063
0.2041354030370712
0.03360220789909363
0.11498651653528212
0.22992505133152008
0.03527538850903511
0.1688200682401657
0.19951260089874268
0.17006565630435944
0.08804669976234435
0.1344105452299118
0.1306670755147934
0.16329701244831085
0.12525172531604767
0.14578180015087128
0.11817287653684616
0.2032383382320404
0.19903340935707087
0.1670505851507187
0.10713104903697968
0.1413983404636383
0.1816251426935196
0.11850535124540328
0.1394873410463333
0.15234830975532532
0.04482573643326759
0.18595148622989652
0.20086370408535004
0.16583304107189178
0.2208930850028992
0.18363203108310697
0.237809494137764
0.2152072638273239
0.14262674748897552
0.10913137346506117
0.08831606060266495
0.09144652634859085
0.062379252165555954
0.17753642797470093
0.04319513216614723
0.1623122990131378
0.12694950401782987
0.15600962936878204
0.19161757826805115
0.2319924682378769
0.1211133524775505
0.20381636917591092
0.239787682890892
0.241621658205986
0.12176493555307388
0.2077261060476303
0.1849175989627838
0.1308102309703827
0.19867968559265137
0.09490954130887984
0.2552295923233032
0.1744428128004074
0.15138037502765656
0.19632086157798767
0.18545280396938324
0.19179533421993253
0.2161852270364761
0.0985332652926445
0.18424758315086365
0.1757306009531021
0.22043336927890775
0.17257997393608093
0.1497938632965088
0.1703452467918396
0.13012968003749847
0.2382803559303284
0.1865968406200409
0.23497252166271207
0.04160073027014732
0.15366800129413605
0.07262279093265533
0.20927028357982635
0.21059514582157132
0.10487202554941176
0.1534973829984665
0.16650477051734924
0.1393611431121826
0.20866189897060397
0.13156355917453763
0.157880038022995
0.1513836532831192
0.2215198576450348
0.09138863533735277
-0.025513403117656708
0.16219012439250946
0.21850670874118805
0.026862150058150288
0.2367424517869949
0.16232965886592865
0.12697161734104156
0.21051952242851257
0.1808482259511948
0.2501154839992523
0.18203960359096527
0.09974421560764311
0.25079867243766785
0.10466479510068892
0.1012125164270401
0.16886775195598602
0.1842893213033676
0.2230915129184723
0.20179608464241028
0.026536835357546806
0.11648008227348328
0.1147138625383377
0.024012446403503414
0.02524940483272076
0.1161518171429634
0.23360008001327515
0.125568225979805
0.125637024641037
0.1616612821817398
0.13702982664108276
0.17946012318134308
0.1685108095407486
-0.060891933739185326
0.044142168015241616
0.0728079155087471
0.16498975455760956
0.04668328911066055
0.1572331339120865
0.1817570924758911
0.07936757802963258
0.11174061894416808
0.226590096950531
0.24606211483478543
-0.02557399682700634
0.15718822181224823
0.15854302048683167
0.1104566976428032
0.00295524625107646
0.16570770740509033
0.08743052929639816
0.06892964988946915
0.14458198845386505
0.05238091945648193
0.20567815005779264
0.04171225428581238
0.16556745767593384
0.2443875223398209
0.0913547724485397
0.15593823790550232
-0.04320947453379631
0.15546701848506927
0.223986491560936
0.21800473332405088
0.17245574295520782
0.11160360276699066
-0.008230654522776604
0.1618950217962265
0.1425074189901352
0.16720080375671387
0.1640605479478836
0.14534904062747955
0.1951856166124344
0.19217680394649503
0.22451907396316528
0.07698971778154373
0.24680037796497345
0.18185442686080927
0.2321706712245941
0.11500587314367294
0.23585720360279083
0.1875033527612686
0.15267132222652435
0.20276811718940732
0.19798286259174344
0.10372915118932724
0.11891696602106094
0.17631611227989197
0.13296636939048767
0.11429404467344284
0.07029612362384796
0.1129382848739624
0.08133047819137573
0.22894702851772308
0.013726694509387016
0.1747368425130844
0.08469082415103912
0.06800885498523712
0.18395276367664337
0.1177421361207962
0.1072712242603302
-0.007672781590372325
0.23399676382541656
0.05225811526179314
0.10684709995985033
0.08851134032011032
-0.018853420391678807
0.11740532517433167
0.2216016501188278
0.0785357877612114
0.18207985162734985
0.161929652094841
0.2540208101272583
0.11989017575979231
0.2440517097711563
0.10127889364957808
0.1913229525089264
0.14492417871952057
0.1579717993736267
0.12615670263767242
0.19928137958049771
0.17143502831459043
0.09442047774791715
0.17297644913196564
0.1601485311985016
0.09189818799495696
0.21167339384555817
0.24700598418712613
0.16481062769889832
0.14358623325824735
0.1384393721818924
0.16819958388805387
0.1839303821325302
0.2340563237667084
0.2299098074436188
0.10459957271814346
0.06180071458220482
0.13339456915855408
0.23708225786685944
0.1729470044374466
0.12034975737333296
0.1127580478787422
0.07763121277093886
0.12620092928409576
0.20259924232959747
0.20485733449459076
0.2398875504732132
0.1787053495645523
0.19176314771175385
0.1461161822080612
0.16950224339962003
0.1777934283018112
0.09670913964509967
0.14197473227977753
0.13468635082244873
0.19360987842082977
0.21772710978984833
0.1559210568666458
0.03731359913945198
0.19370363652706143
0.13703627884387967
0.14699815213680267
0.0928187146782875
0.13782374560832977
0.21537554264068604
0.12127403169870377
0.2014949470758438
0.08086248487234116
-0.06932540982961655
0.20784206688404083
0.06349797546863556
0.14529231190681455
-0.014249375090003012
0.16144929826259613
0.159667506814003
0.17932267487049103
0.17857523262500763
0.17315323650836945
0.12482082098722456
0.08895898610353468
0.1894716173410416
0.22562676668167117
0.13706298172473907
0.14775829017162323
0.16065239906311035
0.16674520075321195
0.1499195247888565
0.14856867492198944
0.1792842596769333
0.24361877143383023
0.1556299328804016
0.18381589651107788
0.19697923958301544
0.12662644684314728
0.09742095321416855
0.08778469264507292
0.23729123175144196
0.1079772338271141
0.10217503458261488
0.0935938283801079
0.1735488921403885
0.09984479099512099
0.10802707076072691
0.13833244144916534
0.14151103794574735
0.23047488927841184
0.21933980286121368
0.15267257392406464
0.2099025845527649
0.14380593597888947
0.2560931146144867
0.16235817968845367
0.18907077610492704
0.22126449644565585
0.22728222608566284
0.14747484028339383
0.1365021914243698
0.04331586509943008
0.14697866141796112
0.07695832848548889
0.22365666925907132
0.1915285438299179
0.18638528883457184
0.17642270028591156
0.1692408174276352
0.16090181469917297
0.1893504709005356
0.20714400708675385
0.14837341010570526
0.09666352719068529
0.17791785299777985
0.17746473848819733
0.12264194339513779
0.12161953002214432
0.117112897336483
0.18132083117961884
0.16531971096992493
0.06720595061779022
0.15250955522060394
0.15008960664272308
0.23556916415691373
0.17296244204044342
0.14807686209678647
0.1793731451034546
0.13107694685459137
0.1568136364221573
0.18704594671726224
0.12465836852788924
0.21027900278568268
0.10385498404502869
0.17071513831615448
0.177157461643219
0.24053801596164703
0.08048778772354126
0.19429664313793185
0.18306313455104828
0.16321837902069092
-0.0019743205048143864
0.2289123386144638
0.17476226389408112
0.18466876447200772
0.2246539145708084
0.09331277012825011
0.17909501492977142
0.07837355881929396
0.07991578429937361
0.1439439356327057
0.20554588735103607
0.054418765008449554
0.08844634145498276
0.14892615377902985
0.1907492429018021
0.1715107560157776
0.15720893442630768
0.19269175827503204
0.2317214906215668
0.1474141627550125
0.17892886698246002
0.08133002370595933
0.14790520071983335
0.22320143878459928
0.05096496269106865
0.12708891928195953
0.14587093889713287
0.06977789849042892
0.200370654463768
0.16705968976020813
0.1131737232208252
0.15396814048290253
0.23305867612361908
0.12685832381248474
0.2488624602556229
0.030040835961699482
0.05544744059443474
0.17935699224472043
0.19393156468868253
0.2115134447813034
-0.1142984554171562
0.2064664214849472
0.23057027161121368
0.1501301676034927
0.2438742071390152
0.08422591537237166
0.056555774062871926
0.22388619184494016
0.2124506384134293
0.22542360424995425
0.015455486252903938
0.17456935346126556
0.23582763969898224
0.12891188263893127
0.1777201145887375
0.21045164763927457
0.1910834163427353
0.1465129107236862
0.12729427218437195
0.17308931052684784
0.18131475150585172
0.21331678330898285
0.23652513325214383
0.06638714671134949
0.23055152595043185
0.21324600279331207
0.23245263099670407
0.19391392171382904
0.14125113189220428
0.16849620640277863
0.11756617575883864
0.03713136911392212
0.16126917302608487
0.18066430091857913
0.12759430706501007
0.1400652974843979
0.1671508103609085
0.17543321847915647
-0.028344849124550816
0.16871915757656095
0.2325845658779144
0.10599450021982192
0.11965902894735336
0.164327934384346
0.1397007703781128
0.07746379822492598
0.13361963629722595
0.0917396992444992
0.18590889871120447
0.11743270605802536
-0.022746557369828224
0.23750509321689603
0.1150706633925438
0.23697450757026672
0.13510151207447052
0.13352738320827484
0.18916867673397064
0.17483986914157867
0.19817353785037997
0.13044142723083496
0.1935712546110153
0.20501758158206937
0.22086426615715024
0.1759970337152481
0.09401478618383408
0.02867557667195797
0.22792455554008484
0.23298417031764984
0.14856041967868805
0.13088063895702362
0.17962150275707245
0.13007590174674988
0.026602247729897496
0.15709702670574188
0.19011272490024567
0.21464681625366208
0.1803597062826157
0.04085841774940491
0.15020327270030975
0.0824143961071968
0.23068745434284207
0.12063526362180708
0.1347884088754654
0.24808143079280853
0.13905851542949677
0.21134574711322784
0.06326231360435486
0.10212327539920805
0.12713490426540375
0.11398982256650925
0.03957017883658409
0.22717593610286713
0.14487390220165253
0.12884746491909027
0.2074992507696152
0.181579664349556
0.13556741178035736
0.19728685915470123
0.1855299025774002
0.13791723549365997
0.18283894658088684
0.10333452373743056
0.188409224152565
0.16224457323551175
0.24120843410491943
0.19465307891368863
0.09224229305982588
0.1180431991815567
0.20487122237682345
0.20791304111480713
0.15718472003936768
0.061238449066877365
0.22083173692226407
0.08954443037509918
0.1762780398130417
0.16512311995029447
0.14163571596145627
0.14940603077411652
0.1893385201692581
0.20675389468669889
0.18621276319026947
0.1948967278003693
0.1557977944612503
0.15931293368339539
0.07719646394252777
0.07242300361394882
-0.04916958510875702
0.11969111114740372
0.1428353190422058
0.1292800009250641
0.18408335745334625
0.14157746732234955
0.04964387789368629
0.20298241078853607
0.11245972663164137
0.1381404548883438
0.15481530129909515
0.19631120562553403
0.16867481172084808
0.2463205009698868
0.053769227117300034
0.21162164211273196
0.16898581385612488
0.18249469995498657
0.19324450194835663
0.12902267277240753
0.14760296046733856
0.15796101093292236
0.09407928586006163
0.10302098840475082
0.08219252526760101
0.13691194355487823
0.10198702663183212
0.05369574949145317
0.16259057819843292
0.14163942635059357
0.09468724578619005
0.1743005663156509
0.1952071636915207
-0.038295939564704895
0.11995353549718855
0.2193237990140915
0.15533901751041412
0.15554101765155792
0.23132103681564328
0.12463536113500596
0.22878378629684448
0.17646698653697968
0.10203199833631516
0.03467637673020363
0.11629926413297652
0.2184225618839264
0.23049277067184448
0.05882277712225913
0.22549043595790863
0.1036807745695114
0.2390393167734146
0.18733279407024384
0.20621991157531736
0.19013153016567233
0.14208807051181793
0.13812801241874695
0.2219140976667404
0.14990453422069547
0.08649686723947525
0.09557729214429855
0.1424913704395294
0.19880951941013336
0.12531055510044095
0.2230800837278366
0.10694904625415802
0.15372924506664276
0.15388551354408264
-0.08331291377544403
0.2012900859117508
0.2147907316684723
0.08460627496242523
0.1700211316347122
0.16136890649795532
0.2324083596467972
0.15789465606212616
0.1815060526132584
0.12745343148708344
0.1427270770072937
0.07543417811393738
0.101363867521286
0.16820457577705383
0.13849027454853055
0.07277799397706985
0.038056079298257835
0.18591342866420743
0.2375614494085312
0.15532104671001434
0.10825300961732864
0.205405667424202
0.19583429396152496
0.13188786804676056
0.1562492996454239
0.19467747211456296
0.09012579917907715
0.11296416819095612
0.22901605069637296
0.1305171102285385
0.21400457620620728
0.23460407555103305
0.1093463972210884
0.1588127762079239
0.15289144217967987
0.1526726335287094
0.19403229653835297
0.09530939906835555
0.15203797817230225
0.21957969665527344
0.22841577231884
0.09714864194393157
0.09982331842184065
0.1900567710399628
0.13635100424289703
0.12316782027482986
0.1942379325628281
0.1909276992082596
0.22772057354450223
-0.05719773843884468
0.2537136375904083
0.2397744059562683
0.19537152349948883
0.1525532752275467
0.039777722209692
0.1912851631641388
0.16967737674713135
-0.005856497678905725
0.16328485310077667
0.16718001663684845
0.20064863562583923
0.14856590330600739
0.11011606454849245
0.14137664437294006
0.06559672951698303
0.1475297063589096
0.06999136507511139
0.16500277817249298
0.14896328747272491
0.18561963737010956
0.07989683747291566
0.179787740111351
0.16663850843906403
0.17631131410598755
0.1839925646781921
0.19156524538993835
0.17569684982299805
0.053561225533485406
0.18984226882457733
0.1034012883901596
0.2006226032972336
0.015135591849684715
0.11334577947854996
0.06339734047651291
0.12486008554697035
0.17259816825389862
0.06546028703451157
-0.05990828201174736
0.1793362647294998
0.21263667941093445
0.2375917285680771
0.100599505007267
0.1929102838039398
0.15931597352027893
0.23430965840816495
0.08659198135137558
0.1770823299884796
0.12286227196455
0.1492469757795334
0.1424476057291031
0.2345223128795624
0.056697126477956765
0.12743307650089264
0.15454880893230438
0.16101230680942535
0.1874533444643021
0.19251255691051483
0.10527233034372328
0.17560583353042603
0.20304106175899503
0.16153554618358612
0.11764793097972868
0.14728794991970062
0.05867094174027442
0.11446622759103776
0.15424425899982452
0.19917012751102448
0.15063819289207458
0.13151440024375916
0.15681160986423492
0.05850807949900627
0.17870168387889862
0.12426310032606123
0.1887178421020508
0.1773667335510254
0.0939359664916992
0.2231959402561188
0.1548432409763336
0.0665779784321785
0.16917146742343903
0.22668051719665527
0.06955654174089432
0.09577241539955139
0.12689726054668427
0.20265845954418185
0.21964022517204285
0.18188978731632233
0.24645246565341947
0.24519233405590057
0.24281880259513852
0.13428106904029846
0.12393300980329512
0.23536464571952817
0.05375257506966591
0.022375339642167088
0.07443878799676894
0.21699328720569608
0.16436833143234253
0.17406411468982697
0.10100750625133514
0.23403038084506989
0.15478764474391937
0.10055099427700041
0.11389189213514328
0.04752964526414871
0.12268155068159103
0.10594157129526138
0.1538856476545334
0.09358347207307816
0.07093555480241776
0.15733318030834198
0.13575126230716705
0.07827182859182356
0.10308564454317092
0.1180822029709816
0.19132059812545776
0.03761595115065575
0.2186026871204376
0.1592084914445877
0.18789082765579224
0.1592215001583099
0.17082630097866058
0.19659282267093656
0.1483476608991623
0.14704224467277527
0.14946402609348297
0.09312386065721513
0.16145502030849457
0.09573962539434433
0.14259487390518188
0.20984590053558347
0.10350102186203002
0.19703952968120572
0.05295874550938606
0.13067699968814847
0.07637409865856169
0.12546899914741516
0.25357964634895325
0.19107645750045776
0.1811077147722244
0.13571612536907196
0.1540222465991974
0.07683934271335603
0.19786296784877777
0.0831640213727951
0.17048007249832153
0.1589312106370926
0.15363945066928864
0.05460962280631065
0.1497221738100052
0.004212457221001387
0.1124349907040596
0.04260960966348648
0.13317960500717163
0.185175895690918
0.1832024157047272
0.15825723111629486
0.21731312572956085
0.12566469609737396
0.21631667017936704
0.24565161764621732
0.155106320977211
0.17375285923480988
0.1636139452457428
0.17756600677967072
0.14123652875423431
0.11829891800880432
0.2504398822784424
0.06723001599311829
0.2152388095855713
0.1620563119649887
0.19299243390560153
0.17006485164165497
0.1588316410779953
0.058855514973402016
0.19685710966587064
0.057543594390153885
0.20984257757663727
0.20697461068630216
0.11663614958524704
0.1136653646826744
0.2237233817577362
0.19201605021953583
0.16336366534233093
0.09754519909620285
0.2210911065340042
0.15851372480392456
0.2246141731739044
0.14449243247509003
0.03418628126382828
0.1605658084154129
0.18587897717952728
0.10796841979026794
0.1094791516661644
0.19794918596744537
0.11600402742624281
0.1841365545988083
0.07289426028728485
0.20838198065757751
0.16847959160804749
0.1554628014564514
0.24257580935955048
0.12163584679365158
0.14614073932170868
0.02058029733598232
0.14793838560581207
-0.021759113296866417
0.17450541257858276
0.18896515667438507
0.04337005317211151
0.18646712601184845
0.08945935219526291
0.160014271736145
0.17539694905281067
0.19362251460552213
0.13961631059646606
0.1570746749639511
0.1982639729976654
0.14462043344974515
0.1486760526895523
0.17487776279449463
0.16303651034832
0.10922411084175108
0.11904831975698472
0.11042769253253935
0.2415188103914261
0.18041296303272247
0.05421924591064453
0.1588304191827774
0.1828383505344391
0.19856067001819608
0.23630516231060028
0.14318110048770905
0.060425762087106705
0.20468468964099884
0.09741964936256409
0.17434938251972198
0.10808562487363815
0.1972617506980896
0.1700106710195541
0.189001128077507
0.184958815574646
0.23942811787128448
0.24869908392429352
0.21092085540294647
0.12131979316473009
0.15707343816757202
0.1311378628015518
0.1943617612123489
0.14469194412231445
0.24027536809444427
0.06899970769882202
0.19288478791713717
-0.005187655333429575
0.16705238819122314
0.2302442491054535
0.17187719047069547
0.09720729291439056
0.12860552966594696
0.16384749114513397
0.10147766768932343
0.1323973536491394
0.12150665372610092
0.14187084138393402
0.17094211280345917
0.15365339815616608
0.07408541440963745
0.19492971897125244
0.1711922287940979
0.11319153755903244
0.1932824999094009
0.08810552954673767
0.07626154273748396
0.10044071823358536
-0.008497634902596474
0.2397000342607498
0.1360221952199936
0.19145803153514865
0.07324241846799849
0.029140258207917213
0.21044938266277316
0.1742510050535202
0.16960129141807556
0.03799863159656525
0.07598663866519928
0.12651313841342926
0.22154262661933896
0.13411368429660797
0.18425872921943665
0.22870284318923953
0.17550797760486603
0.2041124403476715
0.1093270480632782
0.22334653139114377
0.15549860894680023
0.10767557471990584
0.08531197905540465
0.20982459187507627
0.23287680745124817
0.16440048813819885
0.19111099839210513
0.2360600382089615
0.1819371581077576
0.24060778319835663
0.24124611914157867
0.1514066457748413
0.05686527118086815
0.1609336882829666
0.12291312962770462
0.2620653808116913
0.13830913603305817
0.09201927483081816
0.191110834479332
0.15469658374786377
0.1775743067264557
0.1397143304347992
0.2228449434041977
0.1779894381761551
0.07616303116083145
0.18548215925693512
0.17846421897411346
0.19218634068965912
0.15213197469711304
0.18504379689693448
0.050935544073581696
0.011647688224911688
0.09450835734605789
0.22974883019924164
0.14663398265838623
0.2329139858484268
0.16959916055202484
0.16734442114830017
0.2361267060041428
0.16395165026187897
0.21713317930698395
0.22845034301280973
0.17093627154827115
0.17676472663879395
0.2337676286697388
0.1448720246553421
0.12901251018047333
0.16147948801517487
0.15630531311035156
0.07887662947177888
-0.013630451634526253
0.1880142837762833
0.16110455989837646
0.12337697297334672
0.20058174431324005
0.08286178857088089
0.19862349331378937
0.10388293862342834
0.20320425927639008
0.1881907135248184
0.2139447033405304
0.16780827939510343
0.09309982508420944
0.220005065202713
0.006454713176935911
0.1621621996164322
0.17209576070308685
0.07540776580572128
-0.052713844925165176
0.17797131836414337
0.06057078018784523
0.16149824857711792
0.13041791319847107
0.17687179148197174
0.011190084740519524
0.08285038918256758
0.042338870465755456
0.18547643721103668
0.09630323201417923
0.19615377485752103
0.22496807575225833
0.14702840149402618
0.1925655752420425
0.19854559004306796
0.19341622292995447
0.02478922344744205
0.22490149736404416
0.11358914524316788
0.10234735161066057
0.16610373556613922
0.20243845880031583
0.12306196242570876
0.14558614790439603
0.2348613291978836
0.13219748437404633
0.1391458362340927
0.2446322590112686
0.2167447805404663
0.17402015626430511
0.1574949026107788
0.11682036519050598
0.23595212399959564
0.17271938920021057
0.1683281511068344
0.1468309462070465
0.21491459012031555
0.1965407431125641
0.10561635345220564
0.20163863897323608
0.1775759607553482
0.05925248935818672
0.14925090968608856
0.19131116569042203
0.1947273164987564
0.18172375857830048
0.13802786171436307
0.19451393187046048
0.12699787318706512
0.0863252654671669
0.09329398721456528
0.12078211456537245
0.20019033551216123
0.0838392972946167
0.1763947457075119
0.2359795719385147
0.23561252653598783
0.08215986192226411
0.15004263818264008
0.1826647371053696
0.15182814002037048
0.21612040698528287
0.14254845678806305
0.1609412282705307
0.216288298368454
-0.039723906666040414
0.14431466162204742
0.11974167078733444
0.15827320516109467
0.05537429079413415
0.22651477158069608
0.19355817139148712
0.17835400998592377
0.23087538778781888
0.14880229532718658
0.18806210160255432
0.057129096239805215
0.2258774787187576
0.11555913835763933
0.16326530277729034
0.09133375436067581
0.08813140541315079
0.0748777389526367
0.046237070113420486
0.18317970633506772
0.18080301582813263
-0.059365425258874886
0.1946427226066589
0.13777464628219604
0.08743812143802643
0.022564642131328583
0.11932405084371565
0.128708153963089
0.2236250936985016
0.16852524876594543
0.17342437803745267
0.17559944093227386
0.22442586719989777
0.20265428721904755
0.09149938076734544
0.1453685313463211
0.10793496668338776
0.07062619179487228
0.0867067500948906
0.158880278468132
0.17514337599277496
0.12330450862646102
0.18244703114032745
0.14276325702667236
0.10680001229047777
0.08312734961509705
0.044485457241535194
0.03544696792960167
0.15900184214115143
0.12119194120168685
0.2337189018726349
0.15121841430664062
0.09737215191125868
0.17119839787483215
0.23356193304061887
0.10360754281282424
0.18541447818279264
-0.02112165279686451
0.1501576006412506
0.1311006247997284
0.1569108814001083
0.15935370326042175
0.18912093341350555
0.1525314897298813
0.23130519688129425
0.1446687877178192
0.11511040478944778
0.16553963720798492
0.1533902883529663
0.23773811757564545
0.2029413878917694
0.2029883414506912
0.2022502571344376
0.1010192260146141
0.06486298888921738
0.233164981007576
0.15868420898914337
0.16778506338596344
0.19969478249549863
-0.043498657643795006
0.07159266620874405
0.14376677572727203
0.12973268330097198
0.2228713035583496
0.13081642985343933
0.13623125851154327
0.17585371434688568
0.15458056330680847
0.1601373106241226
0.04656439274549484
0.17812903225421903
0.17795027792453763
0.2314343303442001
0.14443962275981903
0.15772219002246857
0.130878284573555
0.13341929018497467
0.1724606603384018
0.05901961401104927
0.11891009658575057
0.20397834479808807
0.07100707292556763
0.14058564603328705
0.19540476799011233
0.12859417498111725
0.10779325664043427
0.13627617061138153
0.24266292154788968
0.19060619175434113
0.18950077891349792
0.08745256811380385
0.22882358729839325
0.14891447126865387
0.13876456022262573
0.11621566861867905
0.21115814149379727
0.14195609092712402
0.18468014895915985
0.1543903946876526
0.06993647664785385
0.1470477432012558
0.09420589357614516
0.24652166664600367
0.03734520822763442
0.06112896278500557
0.1435692459344864
0.18903626501560208
0.07111924141645432
0.17040753364562988
0.09061535447835922
0.18054248392581937
0.2024359554052353
0.198069766163826
0.049865558743476875
0.20455043017864227
0.20726986229419708
0.14200752973556519
0.18012596666812897
0.03908614441752434
0.08878565579652786
0.03293051198124885
0.18306101858615875
0.114680178463459
0.23848719894886017
0.1710767149925232
0.21287062764167783
0.1766800880432129
0.2250937521457672
0.12316062301397324
0.12062052637338638
0.06946712732315063
0.24580301344394684
0.20633007586002347
0.1593269407749176
0.19309507310390472
0.24373672902584076
0.21558851003646848
0.13199155032634735
0.014925988391041756
0.16240505874156952
0.18012970685958862
0.1683485209941864
0.0013664900325238705
0.08447290211915971
0.09100523591041566
0.21281149983406064
0.14007805287837982
0.12510946393013
0.18821339309215543
0.19481094181537628
0.23513513803482053
0.19495572149753568
0.14848564565181732
0.16722926497459412
0.2451201230287552
0.07029985636472702
0.16673079133033752
-0.014116803184151648
0.10878708213567732
0.18239848315715787
0.0945355147123337
0.15249623358249664
0.011810427531599998
0.1978448182344437
0.09472581744194031
0.11345627158880232
0.16483710706233978
0.2154445052146912
0.14208605885505676
0.20930372178554532
0.1718010455369949
0.2185617685317993
0.21744149923324585
0.1531865745782852
0.06409270316362381
0.21366019546985623
0.17898578941822052
0.15117277204990387
0.23098857700824735
0.044582661241292953
0.22272679209709167
0.17388562858104703
0.24111455678939817
0.13394494354724884
0.12179554253816605
0.07444062829017638
0.05820870772004128
0.19150619208812716
0.1552438586950302
0.142506405711174
0.22777713835239408
0.22251807153224945
0.2144600600004196
0.13176502287387848
0.14171350002288818
0.23130021989345553
0.011999180540442467
0.08754490315914154
0.21694542467594144
0.0639006569981575
0.12749402225017548
0.05374328792095184
0.1046835482120514
0.11931819468736649
0.2112278491258621
0.10224039852619173
0.1785544604063034
0.1713278889656067
0.25247451663017273
0.08502223342657089
0.18916915357112885
0.1688545048236847
0.18824236094951627
0.1647365242242813
0.14643758535385132
0.07829368859529494
0.14650513231754303
0.19845783710479736
0.14003440737724304
0.1978992968797684
0.20564337074756625
0.10492942482233047
0.12453342229127884
0.164700448513031
0.11313415318727492
0.2119751274585724
-0.004892969969660044
0.14470994472503662
0.22379519045352933
0.14032919704914093
0.1994813829660416
0.152505561709404
0.0679875984787941
0.15629234910011292
0.10206961631774902
0.22864046692848203
0.19196031987667084
0.23658742010593412
0.2185380905866623
0.0505913570523262
0.07402178645133971
0.06035018339753151
0.18654789030551913
0.1562017053365707
0.181754007935524
0.1498522311449051
0.15133599936962128
0.16254441440105438
-0.007251931820064782
0.1684691309928894
0.14753636717796323
0.21429599821567533
0.1370840072631836
0.016011798754334446
0.12705017626285553
0.04758978635072708
0.19249530136585236
0.21088252961635587
0.2557510435581207
0.14354483783245087
0.1567099392414093
0.24268528819084167
0.11335863918066023
0.10636241734027863
0.09264009445905683
0.13590924441814423
0.23115359246730804
0.12577933073043823
0.10049249976873396
0.1641627997159958
0.15849213302135468
0.18517570197582245
0.15723952651023865
0.187029242515564
0.19333547353744504
0.09256626665592192
0.20671795308589933
0.1887904554605484
0.1157739982008934
0.13134454190731049
0.22528176009655
0.1572277694940567
0.10977678745985033
0.12689274549484253
0.1457974463701248
0.14648206532001495
0.19349782168865204
0.07692782580852509
0.21224325895309448
0.02397027425467968
0.03745804727077484
0.1925814151763916
0.15085507929325104
0.15436087548732755
0.2108174115419388
0.16021029651165009
0.04559220373630524
0.1752801239490509
0.16294893622398376
0.09229546785354614
0.1662071794271469
0.07808705419301985
0.16679722070693967
0.14460539817810059
0.12440625578165054
0.18895591795444489
0.15398110449314115
0.07080221176147461
0.18840862810611725
0.20925413072109225
0.15569011867046356
0.18632833659648892
0.13379168510437012
0.14733649790287015
0.1826995015144348
0.06446438282728195
0.20765276253223416
0.06616237014532089
0.1840752214193344
0.0032567917369306087
0.19979180395603177
0.1515829712152481
0.1703719049692154
0.1870553940534592
0.12581448256969452
0.22198763489723203
0.22707806527614596
0.15580712258815765
0.1792071908712387
0.21680690348148343
0.2089129537343979
0.0814720019698143
0.17694450914859772
0.14587080478668213
0.0089042279869318
0.07128070294857025
0.14617113769054413
0.1524229198694229
0.18659916520118716
0.2601008415222168
0.17067275941371915
0.18605901300907132
0.1889921873807907
-0.06769759953022003
0.16783578693866727
0.08342858403921126
0.11312168091535568
0.17070411145687103
0.1411600559949875
0.0652250424027443
0.12854303419589996
0.14047169685363767
0.13706959784030914
0.13342231512069702
0.15891557931900024
0.1333925724029541
0.13272063434123993
0.1813509315252304
0.0723215863108635
0.12535706162452695
0.203464075922966
0.15531812608242035
0.12824542820453644
0.16215598583221436
-0.014970364049077034
0.17248056828975675
0.17802265286445615
0.16869735717773435
0.16249270737171173
0.12760587036609647
0.08467576652765274
0.19006778299808505
0.17648367583751678
0.0726514533162117
0.14457912743091583
-0.002635503653436899
0.15831096470355988
0.08936085551977156
0.16842737793922424
0.24494121968746185
0.06434883922338486
0.23531745374202728
0.15199226140975952
0.1922397017478943
0.2105966955423355
0.07003820687532425
0.16419093310832977
0.15318520367145538
0.12661872804164886
0.1399535685777664
0.15301300585269928
0.1551455706357956
0.021141754463315007
0.218547597527504
0.15889854729175568
0.072849802672863
0.08869417011737822
0.14817805588245392
0.19192668795585632
0.10793425142765044
0.2328453361988068
0.08026931434869766
-0.003059601876884699
0.14429809153079987
0.1641702502965927
0.1111711859703064
0.2263684123754501
0.23674096167087555
0.15608493983745575
0.15557289123535156
0.03038530983030796
0.132945254445076
0.19072879850864408
0.1930726617574692
0.09822294116020201
0.15975788235664368
0.2435268610715866
0.15913744270801544
0.1893687695264816
0.240603506565094
0.1414310485124588
0.16644535958766937
0.08470790833234787
0.19541461765766144
-0.00023614848032593727
0.1950378268957138
0.1485178917646408
0.2413757294416428
0.00034689297899603844
0.1960593014955521
0.1596517711877823
-0.05081143602728844
0.1418224722146988
0.08349093794822691
0.23069567978382113
0.13304059207439423
0.21402962505817413
0.162738099694252
0.1814537048339844
0.16549137234687805
0.202154204249382
0.1267130970954895
0.22463573515415192
0.18141062557697296
0.156594380736351
0.15211936831474304
0.06621897220611572
0.07478385418653488
0.20868176221847531
0.19551418721675873
0.2338549643754959
0.14891943335533142
0.22511105239391327
-0.05939580127596855
0.19154471158981323
0.046943172812461846
0.10449764877557755
0.1387968808412552
0.09529927372932434
0.14031966030597687
0.12516699731349945
0.058723438531160355
0.1615464985370636
0.20925237238407132
0.062294814735651016
0.20921914279460904
0.18962804973125455
0.07117154449224472
0.17659971117973328
0.1628065854310989
0.14162446558475494
0.15987412631511688
0.14283084869384763
0.07871463149785995
0.2192728668451309
0.1317503452301025
0.23469150066375727
0.09429331868886948
0.14620560407638547
0.18970853090286252
0.10120592266321182
0.13889102637767792
0.2179875820875168
0.14634084701538083
0.23537354171276087
0.1752781122922897
0.17532898485660553
0.09811699390411377
0.22136552631855008
0.19612807035446167
0.12474887818098068
0.14944805204868317
0.21062010526657104
0.17864143848419187
0.028473367914557457
0.24153217673301697
0.12564983963966367
0.14216174185276031
-0.0501856841146946
0.11980596929788588
0.11547941714525221
0.1159762367606163
0.1147451475262642
0.08091241866350174
0.11232485622167589
0.16646020114421844
0.14583295583724976
0.15630200505256653
0.1892080157995224
0.23284801840782163
0.22979559004306796
0.160873144865036
0.08782968670129776
0.20254017412662503
0.10754691809415816
0.18513634800910947
0.08950018882751466
0.1858714669942856
0.13901972770690915
0.18104396760463717
0.19458815455436704
0.1314166635274887
0.090763159096241
0.17083868384361267
0.16501618921756744
0.186629980802536
0.2209298312664032
0.1993303745985031
0.04144663736224175
0.1816298216581345
0.2209455966949463
0.23564618825912476
0.1754656285047531
0.19615264236927032
0.13805057108402252
0.0900757536292076
0.021655617281794548
0.20883217453956604
0.1455715000629425
0.15480618178844452
0.12840677797794342
0.12089986354112624
0.11300427466630936
0.2071826457977295
0.10671543329954147
0.23248368501663208
0.10446365922689436
0.20790968835353849
0.04733115807175636
0.1049944683909416
0.1150578036904335
0.15263786911964417
0.14734527468681335
0.14265745878219604
0.12179317325353622
0.20258556306362152
0.2015673667192459
0.1362030059099197
0.1071246787905693
0.15888765454292297
0.18051654100418088
0.01611916534602642
0.1836324483156204
0.07803811132907867
0.07969426363706589
0.1747099757194519
0.07045953720808029
0.14708100259304047
0.1863335818052292
0.045412156730890274
-0.04833380505442619
0.2157030254602432
0.16107921302318573
0.13584497570991516
0.17332570254802704
0.12485171109437943
0.03945912793278694
0.10187599807977676
0.17636336386203763
0.21269932389259336
0.19205527007579803
0.18500809371471405
0.17829103767871857
0.17442403733730316
0.024330047890543938
0.14361894130706787
0.15725596249103546
0.22655934095382688
0.1275189369916916
0.19985215365886688
0.09081544727087021
0.16513876616954803
0.12327105551958084
0.14863871037960052
0.11373258382081984
0.04623060300946236
0.1690647006034851
0.21158576011657715
0.02228681929409504
0.12192559987306593
0.057922009378671646
0.12623560428619385
2.27256678044796e-05
0.22346056997776031
-0.030690925195813176
0.1742800325155258
0.02024468220770359
0.19807223975658417
0.09172698855400083
0.07772237062454222
0.18028832972049716
0.18731664121150968
0.13754448294639587
0.2169567793607712
0.18409144878387448
0.02742396108806133
0.16880744695663452
0.02100877277553081
0.21144102513790128
0.20463417470455167
0.20826409757137296
0.12315795570611952
0.12300213426351549
0.0941784605383873
0.13365159928798676
0.16829276084899902
0.2248893231153488
0.206406444311142
0.1492343097925186
0.06913021951913834
0.09513261914253235
0.20131060481071472
0.0831775665283203
0.09638073295354845
0.13055987656116483
0.18780381977558133
0.11361920833587646
0.0767035186290741
0.2085077911615372
0.04151337221264839
0.116419717669487
0.18225316703319547
0.2314899414777756
0.21678350865840912
0.12910528481006622
0.18281036615371704
0.06431063264608383
0.17045651376247406
0.1962249726057053
0.10407804697751998
0.22551950812339783
0.222146138548851
0.11474041640758514
0.1466286927461624
0.10655032843351364
0.19039711356163025
0.17153318226337433
0.05067691951990128
0.10540276765823364
0.07104116678237915
0.15201827883720395
0.10050365328788756
0.18369893729686737
0.12548263370990753
0.0364493764936924
0.15646305680274963
0.14654196798801422
0.17307429015636444
0.19863250851631165
0.19937242567539212
0.22318850457668304
0.21775104105472565
0.19535726308822632
0.09256916493177413
0.15422993898391724
0.12047845870256424
0.19598272442817688
0.18429388105869293
0.14238303899765015
0.032699938863515854
0.1053399220108986
0.20368900895118716
0.2363048940896988
0.16112120449543
0.07389381527900694
0.1451416164636612
0.07302026450634001
0.1852136999368668
0.19335784018039703
0.2087219208478928
0.11514122784137724
0.12607473134994507
0.12264653295278548
0.2001070976257324
0.20942413806915283
0.21008746325969696
0.1146676391363144
0.1569460779428482
-0.06712959706783295
0.16820921003818512
0.05719899013638496
0.244126096367836
0.16317595541477203
0.21727006137371063
-0.005852992180734873
0.043354321271181114
0.17577193677425385
0.24027459323406217
0.19253371655941007
0.2257119715213776
0.15800704061985016
0.15211699903011322
0.2389062196016312
0.14944110810756683
0.07947789132595062
0.10830480605363844
0.15762171149253845
0.16246788203716278
0.0017951778136193752
0.09598018974065779
0.2376951277256012
0.2158089578151703
0.23783673346042636
0.2087048441171646
0.16666293144226074
0.13781984150409698
0.03376941382884979
0.11536354571580885
0.22232641279697415
0.16165147721767423
0.22848771512508392
-0.04464652761816978
0.13780473172664642
0.1011948361992836
0.201851025223732
0.11717185378074646
0.16653192043304443
0.05581000819802284
0.226524755358696
0.21788668632507324
0.17758090794086456
0.08169880509376524
0.09976578503847122
0.11771465837955473
0.1297314614057541
0.1573488414287567
0.2103310972452164
0.2234698385000229
0.1613340526819229
0.23446108400821683
0.19810199737548828
-0.006295850966125728
0.1047697216272354
0.09583400934934616
0.08940822631120682
0.01682526059448719
0.17172746360301971
0.1510487198829651
-0.04789674282073975
0.1538935899734497
0.08872883766889571
0.1480097770690918
0.16525159776210785
0.1850052922964096
0.15231351554393768
0.183190792798996
0.1035909280180931
0.06857050210237503
0.16565898060798645
0.2548941969871521
0.24554483592510223
0.10032800585031508
0.16879385709762573
0.17261867225170135
0.122397743165493
0.14465121924877167
0.23096399009227753
0.10206200182437895
0.09779930859804152
0.14132489264011383
0.1839732974767685
0.1488828808069229
0.2402799278497696
0.13370978832244873
0.12361391633749008
0.07461039721965788
0.20889113843441007
0.2294185012578964
0.13040807843208313
0.1773258000612259
0.1649949699640274
0.2398514002561569
0.1575381904840469
0.13219992816448212
0.18371722102165225
0.23764146864414212
0.22676555812358856
0.12592925131320953
0.16142448782920835
0.09927506744861601
0.15082992613315582
0.1804066300392151
0.04295717924833298
0.09130030870437622
0.13405857980251312
0.13300807774066925
0.1812782287597656
0.030489915981888768
0.23552323877811432
0.1643454134464264
0.15499326586723328
0.2238082140684128
0.19111746549606323
0.029995625838637352
0.10920574516057968
0.16364504396915436
0.13180050253868103
0.2107367366552353
0.1861737370491028
0.031207932159304615
0.18652762472629547
0.22214812040328977
0.1037296950817108
0.1187218353152275
0.25066930055618286
0.17215068638324735
0.1396181434392929
0.06399720162153244
0.1300366073846817
0.16045236587524414
0.1779831498861313
0.16497039794921875
0.1624261736869812
0.12993426620960236
0.12511998414993286
0.09649451822042464
0.20456446707248688
0.1975507289171219
0.24072933197021484
0.23108869791030884
0.14232240617275238
0.06132495775818825
0.20080292224884036
0.19223985075950625
0.16679251194000244
0.1400398164987564
0.1652696281671524
0.18555866181850436
0.1487841159105301
0.20085658133029935
0.19121481478214264
0.12053658813238144
0.03418252244591713
0.10887029021978378
0.058824557811021805
0.17646707594394684
0.20410014688968656
0.14493624866008759
0.2515281140804291
0.18090209364891047
0.13120310008525848
0.17757710814476013
0.2341056019067764
0.16161328554153442
0.17419582605361938
0.1110326275229454
0.1680656522512436
0.22469118237495425
0.06696992367506027
0.041667580604553216
0.23348698019981384
0.09819775074720383
0.22547368705272677
0.20247466862201688
0.0934145972132683
0.22871316969394684
0.18648041784763336
0.07522240281105042
0.17275379598140717
0.022162364795804024
0.09943505376577376
0.12927545607089996
0.23401689529418945
0.22572501003742215
0.2144782841205597
0.004674216266721487
0.1669500321149826
0.1984270066022873
0.1081227883696556
0.062063198536634445
0.23579123616218567
0.13477873802185059
0.032701898366212845
-0.009639309719204903
0.1823262125253677
0.11596889048814772
0.188078835606575
0.22838208079338077
0.020651038736104965
0.11568460613489152
0.1674875169992447
0.1034611240029335
0.17452044785022736
0.20754913985729215
0.15842677652835843
0.1548389345407486
0.19064053893089292
0.18883176147937772
-0.015337930992245674
0.2356710582971573
0.23858328163623807
0.18155278265476224
0.23267292976379397
-0.014180598780512808
0.08681802451610565
0.17423485219478607
0.1750383228063583
0.0848013088107109
-0.06430267542600632
0.1545305997133255
0.1601809710264206
0.23484893143177032
0.19331055879592893
0.11069320887327194
0.1371069699525833
0.1959079951047897
0.20686863362789157
0.14503334462642667
0.16953958570957184
0.11257608979940414
0.15638582408428192
0.1794249266386032
0.1387432366609573
0.23226238787174225
0.18550734221935272
0.19410090148448944
0.1629339903593063
0.04786888137459754
0.2432081252336502
0.07126069068908691
0.18054257333278656
0.017809411510825157
0.21774137020111084
0.18216915428638455
0.08960506319999696
0.13577263057231903
0.18950597941875455
0.15124942362308502
0.07208593189716339
0.015780335292220116
0.18197213113307953
0.10435586422681808
0.10299444198608398
0.1769980788230896
0.1977578550577164
0.1568055897951126
0.15457642078399658
0.14664658904075623
0.19140444695949557
0.1402476280927658
0.16264186799526215
0.16286411881446838
0.12007521837949751
0.19147683680057523
0.1230149045586586
0.05901292338967323
0.16704198718070984
0.06911809742450714
0.24124555289745328
0.1906574219465256
0.19390952587127683
0.06197564676403999
0.1903681606054306
0.125040665268898
0.1680847555398941
0.15267446637153623
0.2007545381784439
0.11896201223134995
0.24513985216617584
0.13740728795528412
0.11372753977775572
0.23543526232242584
0.2188616245985031
0.017334681004285812
0.0812361016869545
0.16889284551143646
0.19351214170455927
0.1903700977563858
0.1521719396114349
0.21233603358268735
0.17671893537044525
0.11555788666009902
0.20925447344779968
0.13609850406646729
0.008574498817324638
0.19200257956981656
-0.005364677403122187
0.149519145488739
0.05902029946446418
0.18718521296978
0.10781718045473097
0.1557580679655075
0.22476799786090848
0.20993247628211972
0.13727252185344696
0.07655206322669984
0.14736199378967285
0.18536172807216644
0.0527961440384388
0.11758843809366226
0.1387801617383957
0.18193836510181427
0.19697521626949313
0.185660257935524
0.11511646211147308
0.20814578235149384
0.1338786333799362
0.14303934574127197
0.2284497320652008
0.20703001320362088
0.16197991371154785
0.21607336401939392
0.06593990325927734
0.14953215420246124
0.14788396656513214
0.14485706388950348
0.19715315103530884
0.11542559415102004
0.1568995863199234
0.19563369452953336
-0.060079749673604965
0.1861291527748108
0.18687136471271515
0.19621382653713224
0.047288794070482254
0.1052061691880226
0.09389527142047882
0.18281559646129608
0.17389506101608276
0.21819056570529935
-0.012249713763594627
0.22587504982948303
0.207998588681221
0.12551625072956085
0.1579965204000473
0.1938198357820511
0.21770010888576508
0.16023190319538116
0.2520853579044342
0.09682029485702513
0.10739732533693312
0.12122754007577896
0.1929195076227188
0.09285861253738403
0.13946525752544403
0.1604531556367874
0.11835286766290665
0.06450996547937393
0.1020156517624855
0.21959149837493896
0.15025930106639862
0.15848571062088013
0.14117892086505887
0.1244969442486763
0.1811375170946121
0.13236239552497864
0.1508958488702774
0.07709598541259764
0.15922445058822632
0.11683180928230284
0.17367056012153623
0.08690353482961655
0.1956173926591873
0.15565556287765503
0.2298591583967209
0.20258976519107816
0.09635580331087112
0.0982113853096962
0.1422913819551468
0.030264170840382573
0.04313741996884345
0.13308896124362943
0.06266621500253677
0.11479925364255904
0.23395179212093356
0.19440260529518127
0.029064035043120384
0.12787120044231415
0.06384655833244324
0.23998095095157623
0.1892525255680084
0.15029333531856537
0.22197365760803223
0.11544377356767654
0.1798419803380966
0.024225955829024315
0.13065294921398163
0.0925610736012459
0.10985154658555984
-0.07837246358394624
0.1696250885725021
0.15972748398780823
0.12333064526319504
0.1642276346683502
0.13181456923484802
-0.04071883112192154
0.17277292907238007
0.01850277744233608
0.08587397634983063
0.13672032952308655
0.09090663492679599
0.228410005569458
0.032218832522630685
0.13749314844608307
0.18268121778965
0.19474877417087555
0.17697741091251373
0.23866277933120728
0.2088405042886734
0.17816153168678284
0.08816372603178024
0.05677929893136024
0.03842606395483017
0.11209936439990996
0.2153862863779068
0.08273014426231384
0.20345900952816007
0.06929100304841995
0.11179734021425249
0.02964049018919468
0.15180955827236176
0.05082410946488381
0.045166198164224625
0.10941190272569656
0.16825580596923828
0.2303432673215866
0.09071145206689833
0.1955360174179077
0.20789776742458344
0.08454851061105728
0.16870255768299103
0.22107256948947904
0.13781572878360748
0.23959039151668549
0.12644925713539124
0.23866370320320127
0.13117609918117523
0.1342100203037262
0.22738920152187347
0.10977715998888016
0.1830443888902664
0.14381603896617887
0.11198417097330092
0.21580079197883603
0.0831121727824211
0.1579768657684326
0.1669730395078659
0.1824107617139816
0.16860157251358032
0.20080688595771787
0.2305908352136612
0.1725184470415115
0.20625765621662137
0.006011936347931624
0.1869293600320816
0.13311544060707092
0.1641162633895874
0.18876697123050687
0.11190415918827055
0.1458026021718979
-0.06107906624674797
0.055717367678880685
0.14625723659992218
0.19000905752182007
0.23407550156116483
0.07129400968551636
0.06642435491085052
0.1405244022607803
0.16323299705982208
0.20293439924716947
0.0580032505095005
0.23194546997547147
0.061656061559915536
0.23537838459014887
0.22809822857379916
0.15326906740665436
0.1609332412481308
0.23624514043331143
0.1579584926366806
0.04311489686369896
0.16275484859943387
0.1809997260570526
0.19230873882770536
0.15733270347118375
0.11388392746448515
0.016406675800681114
0.16363467276096344
0.15628512203693387
0.12475130707025528
0.2240154594182968
0.0971829742193222
0.22940765321254727
0.20420026779174805
0.1643003672361374
0.12052880972623824
0.14311347901821136
0.08036894351243971
0.2083991914987564
0.11881526559591292
0.04599869251251221
0.23011963069438932
0.1273413449525833
0.2068132758140564
0.18856121599674225
0.17057164013385773
0.23088999092578888
0.055549576878547675
0.12962596118450165
0.17378300428390503
0.1306689828634262
0.12088134139776228
0.09716016054153441
0.19240435957908633
0.2365053743124008
0.23077367246150968
0.22010071575641632
0.010471990332007408
0.0770053416490555
0.1762550175189972
0.09085620194673538
0.17120108008384705
-0.060963645577430725
0.23059788346290588
0.08292846381664275
0.1685243248939514
0.13695138692855835
0.20840175449848172
0.12613938748836517
0.13680516183376312
0.1064321920275688
0.12714892625808716
0.006119606550782919
0.07900015264749528
0.09156230837106703
0.1841696947813034
0.1708758175373077
0.03235645219683647
0.14508363604545593
0.22878284752368927
0.10679461061954498
0.1984678655862808
0.19675335288047793
0.14299584925174713
0.15514999628067017
0.196296826004982
0.15950587391853333
0.1702418476343155
0.06724004447460175
0.1248726174235344
0.07231215387582779
0.17474159598350525
0.23302423954010007
0.20036207139492035
0.18433912098407745
0.14544174075126648
0.2363795638084412
0.20055240392684937
0.12622477114200592
0.17349420487880707
0.22983677685260767
0.1736319214105606
0.23131185770034793
0.19139616191387177
0.0891786590218544
0.20506489276885984
0.1864069700241089
0.12282652407884596
0.07397247850894928
0.15410974621772766
0.19728082418441767
0.15896059572696683
0.23352807760238647
0.19574062526226044
0.22050009667873385
0.13708247244358063
0.18504345417022705
0.23128499090671537
0.18487919867038727
0.21686404943466184
0.08078295737504958
0.13022436201572418
0.15410086512565613
0.1207716390490532
0.15171761810779572
0.1406402438879013
0.03030161000788212
0.19291929900646207
0.21438284218311307
0.1958753168582916
0.08190059661865233
0.10727491229772568
0.20680175721645355
0.13139408826828003
0.18971069157123563
0.12082614749670029
0.15873979032039642
0.08017795532941818
0.1824542731046677
0.094755619764328
0.1848306357860565
0.10985156148672104
0.22733697295188904
0.12419793754816057
0.23270206153392792
0.14493493735790253
0.12538860738277435
0.15029610693454742
0.1988830417394638
0.2416828125715256
0.11912480741739272
0.2388531118631363
-0.013522369787096975
0.21688237786293027
0.18319514393806455
0.10947822779417037
0.22534216940402985
0.20161335170269007
0.2096184194087982
0.06497430056333542
0.06122191622853279
0.2559144198894501
0.14140793681144714
0.2266321927309036
0.13576962053775787
0.1602531522512436
0.1369646042585373
0.07437036931514741
0.14174407720565796
0.05950431898236275
0.08697671443223953
0.22623278200626373
0.24325749278068545
0.1404405981302261
0.09541857987642288
0.036188226193189614
0.1708872765302658
0.1470765471458435
0.04946386069059372
0.18423838913440704
0.12749449908733368
0.1721474975347519
0.1590779721736908
0.13917116820812225
0.22606179118156436
0.13400906324386597
0.2411088794469833
0.2404233664274216
0.18452326953411105
0.16561642289161682
0.22304135560989377
0.150077685713768
0.18452413380146024
0.14574341475963593
0.12474264949560164
0.11746624857187273
0.1640312522649765
0.20189549028873444
0.1333552449941635
0.15062372386455536
-0.04342216625809669
0.12997554242610931
0.0974208265542984
0.19153174757957456
0.2047557681798935
0.2348964959383011
0.08904729038476944
0.10678210854530334
0.15239106118679047
0.12531213462352753
0.14344702661037445
0.0964343398809433
0.16308365762233734
0.14204715192317963
-0.04098253324627876
0.19764937460422516
0.12408333271741868
0.1761222630739212
0.09490069746971129
0.16512511670589447
0.16892419755458832
0.19186228513717649
0.10416886955499648
0.12051274627447128
0.13889069855213165
0.1483953148126602
0.11562553793191908
0.06364426016807556
0.11682289093732832
0.12029751390218733
0.16887475550174713
0.13502313196659088
0.10739987343549728
0.17435769736766815
0.1610046625137329
-0.0308624729514122
0.2020195871591568
0.1785098910331726
0.16763505339622495
0.10802844166755676
0.07918109744787216
0.0858103111386299
0.11813968420028687
0.22610376775264737
0.08767379820346832
0.1651008427143097
0.10405827313661575
0.23265121877193448
0.113618366420269
0.10058651864528656
0.24870161712169647
0.2230641096830368
0.16147677600383759
0.13401390612125397
0.1666078269481659
0.14988885819911957
0.15562954545021057
0.12095361202955245
0.17888058722019196
0.1912826895713806
0.16571132838726044
0.14999915659427643
0.0915198177099228
0.19741711020469663
0.08726750314235686
0.06267911940813065
0.163619264960289
0.1712239235639572
0.11334141343832016
0.13921029865741727
0.1383829563856125
0.20092664659023285
0.15317212045192719
0.19904752075672147
0.08956780284643173
0.17525736987590787
0.22296540439128876
0.16391222178936005
0.14485314488410947
0.25567755103111267
0.14216159284114835
0.2392375320196152
0.22627633810043332
0.1771927922964096
0.1890060156583786
0.188086062669754
0.15406830608844757
0.14061911404132843
0.09858425706624983
0.17789113521575928
0.051983200013637536
0.22696977853775024
0.07312697917222977
0.15415550768375397
0.04218734800815582
0.1641608029603958
0.23601381480693817
-0.014861511066555975
0.08784870803356169
0.12358101457357407
0.22840556502342224
0.17631725966930387
0.2029462456703186
0.11535705626010893
0.19890205562114716
0.13589462637901306
0.194534495472908
0.20268797874450684
0.15203715860843658
0.09266751259565352
0.1964651048183441
0.15842337906360626
0.1456182152032852
0.1482825130224228
0.18773943185806277
0.06957797706127167
0.14005638659000397
0.20283187925815585
0.16299711167812347
0.1123431846499443
0.17050038278102875
0.1017000526189804
0.22546951472759247
0.15131299197673795
0.009795622900128365
0.06749363988637924
0.20438025891780853
0.10435078293085098
0.10408229380846024
0.13080868124961853
0.15323340892791748
0.1862948536872864
0.15253160893917084
0.1183582618832588
0.22636842727661127
0.1753641813993454
0.2370863705873489
0.22233891487121585
0.2473846822977066
0.2461310476064682
0.10784952342510223
0.14709682762622833
0.2430658787488937
0.16624410450458527
0.18875375390052795
0.18062803149223328
0.20604172348976132
0.20592370629310608
0.16012011468410492
0.15465913712978363
0.200479656457901
0.14504781365394592
0.1826113313436508
0.13706855475902557
0.10056177526712416
0.13399802148342133
0.12678001821041107
0.134959414601326
0.23662030696868896
0.19874043762683868
0.16730897128582
0.1004517674446106
0.1806453615427017
-0.02047223784029484
0.07782373577356337
0.14522196352481842
0.14403901994228363
-0.08583302050828932
0.21953213214874268
0.16111226379871368
0.11946891993284224
0.14892327785491943
0.14958520233631134
0.11363700777292252
0.09762738645076752
0.1103413850069046
0.19823850691318512
0.17286723852157593
0.23933763802051544
0.19436587393283844
0.24380917847156525
0.13306720554828644
0.23464451730251312
0.23830202221870425
0.13832411170005798
0.11258717626333235
0.13918913900852203
0.1776757538318634
-0.03235205262899399
0.12868119776248932
0.18770374357700348
0.17865528166294095
0.1117452159523964
0.10417673736810684
-0.014538614079356192
0.22898997366428372
0.13377003371715543
0.002426763530820608
0.19845174252986908
0.09875153750181198
0.1752330511808395
0.1588348150253296
0.19126848876476288
0.1994258612394333
0.13960495591163635
0.22578413784503937
0.18223978579044345
0.14839103817939758
0.1840950697660446
0.21032750606536865
0.2062103897333145
0.1637529581785202
0.12862993776798248
0.06433792412281036
0.09224429726600648
0.1221025064587593
0.21516992151737213
0.23109804093837735
0.23149795830249784
0.22036238014698029
0.0808274894952774
0.2365271896123886
0.12109994143247604
0.14208470284938812
0.03654196858406066
0.20838026702404025
0.09973012655973433
0.18173331022262573
0.07947038859128952
0.09619361907243729
0.09562042355537415
0.1655348241329193
0.17807483673095703
0.2005871832370758
0.07624427974224089
0.1380951851606369
0.25601130723953247
0.20628406107425687
0.1581854373216629
0.2379455119371414
0.13876880705356595
0.15660934150218964
0.20462892949581143
0.14613492786884308
0.1822559088468552
0.23397465050220487
0.22612051665782928
0.2285587340593338
0.22406075894832608
0.03127547353506088
0.09226322919130323
0.15891392529010773
0.12654197216033936
0.20772553980350492
0.14570826292037964
0.10199857503175735
0.18202306330204007
0.1744202226400375
0.1951910704374313
0.08591075241565704
0.1403141617774963
0.048517171293497086
0.14126065373420715
0.1077478602528572
0.14814624190330505
0.2232665866613388
0.05174097046256065
0.1913258284330368
0.2292145937681198
0.06783445924520493
0.21181738376617432
0.08817620575428009
0.1462050825357437
0.19106644392013547
0.23636719584465024
0.20418815314769745
0.07120656222105026
0.11144109070301056
0.033378418534994125
0.1895355135202408
0.10713385045528412
0.10559163242578506
0.19619816541671753
0.1510957032442093
0.23105861246585843
0.14386270940303802
0.12154621630907057
0.08532287180423737
0.11805485934019087
0.08673790842294693
0.1617746502161026
0.00034875934943556786
0.1817559152841568
0.03909502923488617
0.020458878949284557
0.0948575958609581
0.17715661227703094
0.1661730110645294
0.13226157426834106
0.18355275690555567
0.19580011069774628
0.10714729875326157
0.16248883306980133
0.17798341810703275
0.2184901386499405
0.19984908401966092
0.13532079756259918
0.08176513761281966
0.17020320892333984
0.006277801003307104
0.03588511049747467
0.16637031733989716
0.23968882858753204
0.21778050065040588
0.22182168066501615
0.10154234617948532
0.13936741650104523
0.07849069684743881
0.20856751501560208
0.12539196014404297
0.196065291762352
0.120856873691082
0.10595107078552246
0.14528672397136688
0.12121371179819108
0.12860041856765747
0.1235615536570549
0.02165550924837589
0.19543288648128507
0.12037854641675948
0.06428884714841843
0.13356988131999967
0.14638160169124603
0.13119156658649445
0.027300039306283
0.11961113661527632
0.1999547183513641
0.02511619962751865
0.1431928426027298
0.1552157998085022
0.15775926411151883
0.09066092222929002
0.060331325978040695
0.10059835016727448
0.062577985227108
0.04383106157183647
0.17217794060707092
0.08030539751052856
0.165762260556221
0.06891614943742752
0.157223641872406
0.21413736045360565
0.16218553483486176
0.23553366959095
0.23780123889446256
0.20257319509983063
0.17844331264495847
0.2064540535211563
0.14336387813091278
0.17673227190971375
0.2417619079351425
-0.039701886475086205
0.08432219177484512
0.1827619820833206
0.14737193286418915
0.1195223107933998
0.12041331082582472
0.19897897541522977
0.06395276635885239
0.054900135844945915
0.20475004613399503
0.17878961563110352
0.1830783784389496
-0.031977687031030655
0.23261551558971405
0.13023583590984344
0.11995672434568404
0.154148668050766
0.21338219940662384
0.22871489822864527
0.17217397689819336
0.1455310583114624
0.15238486230373383
0.1650706976652145
0.20208437740802765
0.029908431693911552
0.17722655832767487
0.23683273792266843
0.16764959692955017
0.24472911655902865
0.19014835357666013
0.17797304689884183
0.20843036472797397
0.02796531282365322
0.17836496233940125
0.0878618136048317
0.1642492264509201
0.09221858531236649
0.22324907779693604
0.12432145327329636
-0.08942113071680069
0.017137976363301277
0.0496378131210804
0.0014419010840356348
0.10914909094572069
0.18239296972751615
0.1572284996509552
0.18608394265174863
0.20014700293540957
0.1643899828195572
0.22242309153079984
0.19480694830417636
0.11485404521226882
0.15283912420272827
0.2113172858953476
0.09811142086982728
0.11917177587747572
-0.019321341067552567
0.2075943499803543
0.16856269538402557
0.1419486552476883
0.2325790971517563
0.17385733127593994
0.14373041689395905
0.16075046360492706
0.0965048298239708
0.2364901304244995
0.09598004072904585
0.1775602251291275
0.20696493983268735
0.17614957690238953
0.20853233337402344
0.15041041374206543
0.041007183492183685
0.1385551542043686
0.2200183868408203
0.19249440729618073
0.08703090995550156
-0.03444329649209976
0.2313019782304764
0.09343177080154419
0.07339171320199966
0.11271711438894272
0.1978646218776703
0.09959623217582703
0.15412984788417816
0.17961712181568143
0.1225794181227684
0.10677545517683028
0.21291592717170715
0.18233212828636167
0.2383519858121872
0.22950594127178192
0.1645684391260147
0.07923343032598494
0.18388362228870392
0.21390600502491
0.20235760509967804
0.2152172029018402
0.16766703128814697
0.06968526542186737
0.15659530460834503
0.237640380859375
0.18658994138240811
0.171360045671463
-0.03777590021491051
-0.023818491026759148
0.21568359434604645
0.12987284362316132
0.15844309329986572
0.24212633073329923
0.1891664266586304
0.18248175084590912
0.12969085574150083
0.12315956503152849
0.191339448094368
0.17650501430034635
0.16862337291240692
0.2308979481458664
0.15441186726093292
0.019802669063210487
0.15509264171123505
0.16794975101947784
0.18062028288841248
0.24240273237228396
0.12625974416732788
0.16481757164001465
0.18114803731441495
0.14862872660160065
0.264882355928421
0.15889906883239746
0.15310509502887723
0.1295655071735382
0.13257385790348053
0.19490049779415128
0.23354053497314453
0.13133132457733154
0.057034756988286965
0.14203043282032013
0.03898860141634941
0.19903440773487088
0.1810005158185959
-0.01649748347699642
0.1513243019580841
0.1293126195669174
0.01822213269770145
0.1811009496450424
0.0420147068798542
0.208474799990654
0.1896768510341644
0.13154780864715576
0.14106906950473783
0.24818463623523712
0.22748610377311704
0.1752428263425827
0.16257409751415253
0.121718131005764
0.11007876694202424
0.09409818798303603
0.15439555048942563
0.1700523942708969
0.0435526929795742
0.1237867847084999
0.1123523786664009
0.15448664128780365
0.18040134012699127
0.19065769016742704
0.2305338829755783
0.02705421857535839
0.17858166992664337
0.17123572528362274
0.1345514804124832
0.17899933457374573
0.1495358794927597
0.22738036513328552
0.22203299403190607
0.1643145382404327
0.0827636793255806
0.11132652312517166
0.18492351472377777
0.21563388407230377
0.16451804339885712
0.13680686056613922
0.2411206811666489
0.10372646152973176
0.05798393860459328
0.1771169155836105
0.13270168006420135
0.10561509430408476
0.11074554175138472
0.17194870114326477
0.023441603407263756
0.13258826732635498
0.22678565979003903
0.16529878973960876
0.14158910512924194
0.1932138353586197
0.14890940487384796
0.20109392702579496
0.22084917128086087
0.20388482511043549
0.18408772349357605
0.23760637640953064
0.05420990288257599
0.06070676818490028
0.17705167829990387
0.1283667683601379
0.14937621355056763
0.16094519197940826
0.1196976527571678
0.1580844223499298
0.23342436552047727
0.1279020458459854
0.11954724043607712
0.22410018742084503
0.22498068213462827
0.13386651873588562
0.08991072326898576
0.1764935404062271
0.06419958174228668
0.019949762150645256
0.23200972378253937
0.1973620057106018
0.11381726711988448
0.18853415548801425
0.17116965353488922
0.13160176575183868
-0.005711468402296305
0.0802357867360115
0.1505520790815353
0.2260267585515976
0.06987056881189345
0.2226654142141342
0.1740548014640808
0.19038783013820648
0.15413998067378995
0.23374062776565552
0.1417992264032364
0.1825173944234848
0.09106422960758208
0.04564057290554047
0.1649925857782364
0.17793026566505432
0.17949071526527405
0.20252512395381927
0.12913034856319427
0.1300326436758041
0.0667785033583641
0.10451343655586243
0.1592617928981781
0.13415662944316864
0.13219496607780457
0.14822272956371307
0.1757877767086029
0.15590099990367887
0.13955990970134735
0.06757362931966782
0.2346306145191193
0.1910904347896576
0.15364739298820496
0.08315230160951614
0.0855371356010437
0.18617349863052368
0.13970094919204712
0.23618449270725247
0.16212433576583862
0.23332795500755313
0.1807115077972412
0.21496437489986417
0.04467369243502617
0.19444331526756287
0.19274289906024927
0.1752849668264389
0.08684933930635452
0.1315929144620895
0.12603837251663208
0.11168965697288512
0.13142621517181396
0.06240806356072426
0.13852860033512115
0.14676211774349213
0.13731609284877777
0.2395608276128769
0.0624546967446804
0.17781279981136322
0.12910377979278564
0.15870510041713715
0.1226784810423851
0.1116771176457405
0.17917869985103607
0.2248094230890274
0.23228500783443448
0.1466812640428543
0.11867737025022505
0.21522867679595947
0.2095323950052261
0.0962759181857109
0.06400930881500244
0.2435939908027649
0.212479904294014
0.17622177302837372
0.03752593696117401
0.15197794139385223
0.2276981621980667
0.23373535275459287
0.01573099009692669
0.17005042731761932
0.21437522768974304
0.1481478363275528
0.19169901311397552
0.16161192953586578
0.20931504666805267
-0.08473219722509384
0.17012058198451996
0.11888565868139266
0.1404634267091751
0.18060992658138275
0.1657407432794571
0.13045595586299896
0.23196130990982053
0.16760066151618955
0.12611541152000427
0.13211792707443237
0.14457575976848602
0.059202078729867935
0.233852282166481
0.1889861971139908
0.06664437055587769
-0.015975194051861763
0.0038826032541692257
0.03985138610005379
-0.017807791009545326
0.15740005671977997
-0.01987899281084537
0.1531339734792709
0.19120524823665616
0.1537961512804031
0.052882429212331765
0.19082723557949063
0.13677369058132172
0.08975332975387573
0.1507084220647812
0.14914901554584503
0.19091008603572843
0.19582249224185944
0.14766477048397064
0.07399601489305496
0.20856024324893951
0.233819842338562
0.18237856030464167
0.24931879341602323
0.020952606573700905
0.14721044898033142
0.12865854799747467
0.15089051425457
0.21231961250305173
0.1251954287290573
0.00483689596876502
0.1591934710741043
0.22500132024288175
0.04202284291386604
0.23736411333084104
-0.03300873935222626
0.13734091818332672
0.1136660873889923
-0.0017794114537537096
0.22332750260829923
0.20273821055889127
0.1441507488489151
0.1871485859155655
0.14530976116657257
0.12257377058267592
0.15362367033958435
0.16143101453781128
0.15271919965744019
0.1702057272195816
-0.014334524050354956
0.1606924682855606
0.18647189438343048
0.23148527741432187
0.1505567282438278
0.07944927364587782
0.1412411779165268
0.10075030475854872
0.06064543500542641
0.1446021944284439
0.2093188315629959
0.1915812641382217
0.1831848621368408
0.1668149083852768
0.16863638162612915
0.09872845560312273
0.23315741121768951
0.05596955120563507
0.12961788475513458
0.2128246873617172
0.021691473200917244
0.15864624083042145
0.17447762191295624
0.09942292422056198
0.16865141689777374
0.1943117678165436
0.18941743671894076
0.06939030438661575
0.09428761154413225
0.05104167759418488
0.05358040705323219
-0.0028792978264391422
0.10717251151800156
0.08826573938131331
0.1911623328924179
0.19774208962917328
0.09541784226894377
0.23168513178825376
0.18484085798263547
0.050717372447252274
0.23560093343257904
0.13483722507953644
0.19756636023521423
0.24689026176929477
0.066734179854393
0.22216488420963287
0.160347580909729
0.1385594755411148
0.12223239988088608
0.1833330988883972
0.1361781507730484
0.16903559863567352
0.1690816432237625
0.12300363928079604
0.1820223480463028
0.1043996289372444
0.1439233273267746
0.20489417016506195
0.12195100635290144
0.20633389055728912
0.16680805385112762
0.20802055299282077
0.21251900494098663
0.19702586531639096
0.16110633313655853
0.225247323513031
0.09348777681589127
0.062140483409166336
0.08194177597761154
0.1661531925201416
0.21387965977191925
0.1255333572626114
0.23624172806739807
0.015549130737781525
0.16919471323490143
0.18181802332401276
0.24288658797740936
0.14768242835998535
0.202547088265419
0.16217197477817535
0.1617780476808548
0.1225040927529335
0.16846676170825958
0.1499718278646469
-0.025867162272334095
0.16684629023075104
0.1566104292869568
0.15347521007061005
0.14247454702854156
0.20546698570251465
0.06451082974672318
0.19264572858810425
0.2242192178964615
0.224246010184288
0.16630588471889496
0.1995856016874313
0.25025123357772827
0.1324612945318222
0.24066604673862457
0.19537036120891568
0.10201575607061386
0.19700132310390472
0.15789346396923065
0.09946821630001068
0.11054732650518416
0.2263212352991104
0.15083126723766327
0.18570710718631744
0.15982814133167267
0.19597402215003967
0.14282210171222687
0.163190558552742
0.19339831173419952
0.11073362082242964
0.16276317834854123
0.12340173870325089
0.14114391803741455
0.17548468708992004
0.2145277708768845
0.1318376213312149
0.009951701387763023
-0.03672479093074799
0.11705397069454192
0.1312588006258011
0.17456388473510742
0.20030248165130612
0.13760361075401306
0.17894364893436432
0.1518997699022293
0.2305256277322769
0.17795653641223907
0.19084058701992035
0.20158390700817108
0.18629248440265653
0.0512784831225872
0.10749516636133193
-0.03646538406610489
0.14777183532714844
0.2264561951160431
0.17049275338649747
0.17866478860378265
0.183004692196846
0.035059843212366104
0.04363588988780975
0.2040062844753265
0.10510029643774033
0.14162607491016388
0.14607544243335724
0.18285153806209564
0.2014203518629074
0.16963420808315277
0.2336116284132004
0.18487077951431277
0.22880227863788605
0.017687397077679634
0.1828129589557648
0.23520228266716003
0.2355513572692871
0.10319229215383528
0.22871054708957672
0.12026803940534592
0.18950690329074857
0.04460208117961884
0.18391701579093933
0.1896923631429672
0.20850513875484464
0.18395403027534485
0.2042391449213028
0.1263555884361267
0.2037740647792816
0.20012898743152616
0.20821784436702728
0.1222160831093788
0.17719630897045135
0.20263858139514923
0.07891578227281569
0.1417306512594223
0.23527342081069944
0.18169738352298737
0.15866616368293762
0.13027246296405792
0.1294141411781311
0.22961206734180448
0.15323548018932343
0.054956965148448944
0.21791601181030276
0.16141125559806824
-0.04811958596110344
0.0211064126342535
0.15887586772441864
0.18023020029067996
0.05388184264302254
0.1031278371810913
0.116017185151577
0.13635078072547913
0.19046033918857572
0.08572417497634886
0.1672528088092804
0.1968692243099213
0.2310056835412979
0.19352538883686063
0.14537592232227323
0.18116413056850436
0.16477562487125397
0.13671262562274933
0.17523862421512604
0.12118590623140336
0.15797564387321472
0.21155901253223416
0.05367502197623253
0.12751393020153043
0.15848056972026825
0.07698746770620346
0.14966945350170135
0.191941037774086
0.12581010162830353
0.24701304733753204
0.22740164399147036
0.23812453448772433
0.18549972772598264
0.19599927961826324
0.13599459826946259
0.2222278118133545
0.1557410359382629
0.19061432778835297
0.17577128112316132
0.20291496813297272
0.09880145639181136
0.16032135486602783
0.22709767520427704
0.18221755325794217
0.2228661924600601
0.16522975265979767
-0.017298804596066475
0.060178715735673904
0.15426942706108093
0.05064187571406365
0.1022426262497902
0.23636354506015775
0.19380076229572296
0.11083763092756271
0.16735371947288513
0.2490248531103134
0.1605447679758072
0.13707822561264038
0.17196805775165555
0.18841959536075592
0.1298977881669998
0.23320809006690976
0.09307832270860673
0.08375532180070877
-0.04744927957653999
0.08276180922985077
0.18049199879169464
0.1381608545780182
0.21247138082981107
0.16998852789402008
0.23229528963565824
0.16319920122623444
0.15231589972972867
0.08168884366750717
0.15270476043224335
0.16423277556896207
0.19997452199459076
0.23668424785137177
0.08039024472236633
0.09731848537921904
0.23110295832157132
0.13996721804141998
0.07059184461832047
0.19317777454853055
0.21397970616817477
0.20113645493984225
0.21933954954147336
0.09175381809473036
0.15574920177459717
0.20316363871097565
0.19715861976146695
0.189582422375679
0.149969682097435
0.0898246169090271
0.07461108267307281
0.07290896028280258
0.16408729553222656
0.22133882343769076
0.1870375871658325
0.22554539144039157
0.16908204555511475
-0.01011398620903492
0.22089247405529025
0.24514801800251007
0.16530953347682953
0.1416052132844925
0.17420797049999237
0.14150620996952057
0.2076263576745987
0.06846535205841064
0.18468962609767917
0.13281655311584473
0.07005035877227783
0.19976559281349185
0.11392875760793685
0.2011437565088272
0.16190505027770996
0.152600958943367
0.22748215496540067
0.19243815541267395
0.17920123040676117
0.22384831309318545
0.25128015875816345
0.19094529747962952
0.1025928258895874
0.06589846312999725
0.13590143620967865
0.18052394688129425
0.14280860126018524
0.099147729575634
0.12274054437875748
0.151824489235878
0.14212338626384735
0.19655472040176392
0.14845535159111023
0.22861869633197784
0.23368631303310397
0.24707789719104767
0.23731805384159088
0.17274464666843414
0.10469086468219756
0.16199003159999847
0.12896601855754852
0.1145872175693512
-0.028109556064009663
0.18924929201602933
0.16903649270534515
0.2116488814353943
0.16449138522148132
0.14759908616542816
0.15398795902729034
0.1446343809366226
0.07105208188295364
0.2172633558511734
0.20271630585193637
0.2267733663320541
0.20733295381069183
0.11239100247621536
0.17930276691913605
0.232868567109108
0.1552889496088028
0.02484970912337303
0.1483830213546753
0.1330958753824234
0.22213087975978849
0.23838569223880768
0.008452204987406729
0.09226546436548232
0.14161834120750427
0.15657903254032135
0.13676242530345917
0.15555457770824432
0.12058349698781969
0.1825930625200272
0.25587427616119385
0.20780412852764127
0.14115901291370392
0.17700089514255524
0.0886053517460823
0.023153746500611305
0.16288405656814575
0.23214940726757047
0.09314626455307008
0.12301083654165268
0.1833099275827408
0.07238407433032988
0.09310599416494368
0.1083332672715187
0.11099316924810408
0.2422276884317398
0.11287060379981995
0.2289522737264633
0.20095787942409515
0.21417175233364105
0.13416095077991483
0.23036110401153564
0.1627974957227707
0.21267434954643247
0.16020061075687408
0.17216907441616058
-0.014837998896837234
0.0815809816122055
0.1416447013616562
0.2091539055109024
0.1451636701822281
0.14427487552165985
0.054112859070301056
0.17863647639751434
0.08780419826507568
0.10707370936870574
0.2313083857297897
0.2263261824846268
0.09915494173765182
0.18556995689868927
0.15289005637168884
0.058445509523153305
0.1511615812778473
0.1965710520744324
0.2302245795726776
0.1256612241268158
0.21613459289073944
-0.007753776852041483
0.15390123426914215
0.22669257223606107
0.12371215969324112
0.1816732883453369
0.2306993156671524
0.14208711683750153
0.10675901919603348
0.06967399269342422
0.2368071973323822
0.21765065193176267
0.11346556991338728
0.1906515508890152
0.19791731238365173
0.17793627083301544
0.1436152458190918
0.12988150119781494
0.03904986754059792
0.100623719394207
0.1186189129948616
0.11302284896373747
0.14389772713184357
0.21746085584163663
0.18313854932785037
0.1621233969926834
0.14078779518604279
0.23254083096981049
0.2387985289096832
0.16566576063632965
0.018196955323219296
-0.005085690412670374
0.2286744564771652
0.09413187205791472
0.17446814477443695
0.22545725107192996
0.09685010462999344
0.08977030217647552
0.1927744299173355
0.05275065451860428
0.06367525458335876
0.14323268830776215
0.12790483236312866
0.1362265646457672
0.11449196934700012
0.21605986356735227
0.14838865399360657
0.1407465785741806
0.1831061094999313
0.056206438690423965
0.05307579040527344
0.177653968334198
0.18333370983600616
0.12310465425252914
0.1966068595647812
0.12285653501749037
0.10922843962907793
0.21832457184791565
0.23160915076732635
0.11344622075557707
0.1654093861579895
0.17112162709236145
0.17129020392894745
0.16313430666923523
0.008465947583317757
0.21038945019245148
0.1758987456560135
0.13151536881923676
0.11420637369155884
0.23603335022926328
0.14002792537212372
0.1575596183538437
0.23147606849670407
0.2236086279153824
0.22658878564834595
0.06546010822057724
0.18044428527355197
0.161026731133461
0.10030103474855422
0.15417663753032684
0.1993659883737564
0.14320632815361023
0.1035485193133354
0.12223964184522627
0.12232133001089096
0.16816239058971405
0.1603505164384842
0.07721122354269028
0.11628900468349455
0.13251084089279175
0.15049147605895996
0.20943073928356168
0.15724454820156095
0.11318515986204147
0.23010182380676267
0.16064360737800598
0.19794002175331116
0.08644212037324905
0.15924909710884094
0.22712297737598416
-0.00792243517935276
0.12690596282482147
0.16979919373989105
0.1545902043581009
0.13117799162864685
0.08931671828031541
0.123068206012249
0.125591903924942
0.2200229614973068
0.18512311577796936
0.15067364275455475
0.13084734976291656
0.23960211873054504
0.15816935896873474
0.17407943308353424
0.12744849920272827
0.19420087337493896
0.17838801443576813
0.21028991043567655
0.23216080665588376
0.13883431255817413
0.09103275090456009
0.18293742835521695
0.1831032484769821
0.20332731306552887
0.13007956743240356
0.02427295781672001
0.14102543890476227
0.19568562507629397
0.1694444864988327
0.16010691225528717
0.19879280030727384
0.0835513025522232
0.17463113367557523
0.14741985499858856
0.19194830954074857
0.1527382135391235
0.19813232123851776
0.13284340500831604
0.026424413546919823
0.05448548123240471
0.22239236533641812
0.04195423796772957
0.15812213718891144
0.1609957367181778
0.13970480859279633
0.14206479489803314
0.11875373870134352
0.1647761762142181
0.21977765858173368
0.200275793671608
0.18367449939250943
0.1377782970666885
0.1610414832830429
-0.06924789398908615
0.12518921494483948
0.07848654687404633
0.20075392723083496
0.2575402855873108
0.19981707632541656
0.1565373986959457
0.24513904750347135
0.11390727758407591
0.2509554624557495
0.18447662889957428
0.1501878947019577
0.1503460854291916
0.21606183052062988
0.1153709441423416
0.23464475572109225
0.18518026173114777
0.1882699131965637
0.21837933361530304
0.07244512438774109
0.1870069056749344
0.1690017431974411
0.18598218262195587
0.14582087099552155
0.12806759774684906
0.15504483878612518
0.1831294745206833
0.16287556290626523
0.22604297101497647
0.07565447688102722
0.19874615967273712
0.17895476520061493
0.14937253296375275
0.11767281591892242
0.15288303792476654
0.1709919273853302
0.17835144698619843
0.11677289754152297
0.07669354975223541
-0.004258128348737955
0.11742546409368516
0.1973305195569992
0.2407626509666443
0.11357680708169936
0.16712920367717743
0.22170649468898773
0.032409444451332085
0.17265300452709198
0.18515142798423767
0.210442915558815
0.17423479259014127
0.20398990809917447
0.10429518669843672
0.05021759867668152
0.19069100916385648
0.15486280620098114
0.20999595522880557
0.15469256043434143
0.17182405292987823
0.05236939713358879
0.17893381416797635
0.23164264857769007
0.15886925160884857
0.18954920768737793
0.18004679679870603
0.16194933652877808
0.16273401677608487
0.08278479427099229
0.22328233718872073
0.1271025389432907
0.16683097183704376
0.20898286998271945
0.17882896959781647
0.23171673715114596
0.18432310223579407
0.2366751730442047
0.14778713881969452
0.21022309362888336
0.1818123310804367
0.12100519984960556
0.17877940833568573
0.06696849316358566
0.08763042837381363
0.15289823710918427
-0.07272889465093613
0.1601673811674118
0.12145308405160904
0.23206777870655057
0.24866078794002527
0.13006004691123962
0.08080873638391495
0.04331767186522484
0.214144304394722
0.23594914376735687
0.14657063782215118
0.18899957835674283
0.16509735584259033
0.20228879153728485
0.11492901295423508
0.21019858121871948
0.1377924680709839
-0.0652085691690445
0.23224376142024997
0.15257583558559415
0.1330721229314804
0.013580655679106712
0.09697572141885757
0.18933145701885223
0.1372767835855484
0.019064193591475487
0.09020034223794936
0.03486369922757149
0.09318125247955322
0.22262354195117953
0.14847241342067719
0.25365409255027765
0.18142703175544736
0.1864873021841049
0.16240541636943817
0.1471474915742874
0.09006407111883163
0.1744440644979477
0.09665832668542862
0.22991585731506348
0.0334852933883667
0.2012367844581604
0.2110401391983032
0.1911296397447586
0.1102338209748268
0.1869051158428192
0.13185210525989532
0.156195268034935
0.04952093958854675
0.2289646416902542
0.18154726922512052
0.003798117395490408
0.048838749527931206
0.1841825693845749
0.20211227238178253
0.08360669761896133
0.10633475333452223
0.1787525862455368
0.2272966355085373
0.08636234700679779
0.22126467525959012
0.19591395556926727
0.1462094634771347
0.22742816805839536
0.027760552242398265
0.18685735762119293
0.17613793909549713
0.22959983348846436
0.15656794607639313
0.14711812138557434
0.15005691349506378
0.17202840745449066
0.19806423783302307
0.22298304736614227
0.14250378310680387
-0.0720568299293518
0.19753728806972504
-0.026969233527779576
0.17051006853580475
0.16237251460552216
0.13829530775547028
0.2231309562921524
0.14282704889774323
0.13448435068130493
0.14441925287246704
0.1254773736000061
0.09819450229406355
0.16385842859745023
0.1796988695859909
0.11249574273824692
-0.03143747523427009
0.2429509311914444
0.12981040775775907
0.123337022960186
0.21010740101337433
0.15312892198562622
0.20405253767967224
0.06950622797012329
0.11045660823583602
0.13510912656784055
0.1881529241800308
0.1718694269657135
0.17664948105812073
0.21980957686901087
0.16567078232765195
0.05075017362833023
-0.0029676505364477634
0.2266513407230377
0.14618708193302155
0.18213413655757904
0.14802680909633636
0.09989773482084274
0.17088013887405396
0.13599255681037903
0.2056984305381775
0.06649630516767502
0.1088183894753456
0.2136404663324356
0.19326508045196533
0.22564394772052765
0.15356518328189847
0.1553170531988144
0.2334643602371216
0.20625349879264832
0.0734090805053711
0.23402942717075348
0.08007725328207016
0.1465919464826584
0.08919817209243774
0.14017553627490997
0.1741880476474762
0.2166728377342224
0.11851734668016432
0.17411868274211884
0.13339202105998993
0.15281949937343595
0.210661455988884
0.09203877300024033
0.08906073123216629
0.2333984076976776
0.195505291223526
0.08900544047355652
0.12487217038869856
0.2274087518453598
0.14055891335010529
0.1474645882844925
0.17163659632205963
0.16122475266456604
0.006933582480996847
0.22730402648448944
0.05105852708220482
0.224180206656456
0.19302846491336825
0.20958571135997767
0.13164205849170685
0.11505639553070068
-0.01127667911350727
0.11339441686868668
0.13062028586864471
0.16641609370708463
0.17858581244945526
0.20264399051666257
0.23433445394039157
0.09393870085477829
0.166151225566864
0.1915562599897385
0.08770874887704849
0.12864848971366882
0.16767443716526031
0.109182670712471
0.2017817050218582
0.24179621040821075
0.1407099813222885
0.20990458130836487
0.16917802393436432
0.09110423922538755
0.200298935174942
0.135749414563179
0.16615034639835355
0.17215393483638763
0.19335302710533145
0.13810925185680387
0.2218177169561386
0.08666745573282243
0.16092638671398163
0.12028463929891586
0.188376858830452
0.11853952705860137
0.07985617965459822
0.15466438233852386
0.04881910979747772
0.10805772989988328
0.16717126965522766
0.13222962617874143
0.02568388544023037
0.20813700556755063
0.14764682948589325
0.17223982512950897
0.16600716114044187
0.15674494206905365
-0.053067240864038474
0.1836905926465988
0.16747161746025083
0.11696527153253557
0.10787757486104964
0.17977586388587952
0.1933507174253464
0.19450470805168152
0.1127968356013298
0.20547305047512052
0.13143295049667358
0.021227503195405006
0.06811220198869705
0.15730851888656616
0.1355472058057785
0.24620117247104645
0.14236238598823547
0.19368174672126767
0.11975067108869553
0.16787199676036835
0.08988502621650694
0.1663861721754074
0.2341667711734772
0.0714411810040474
0.07489059120416641
0.1527588814496994
0.21251967549324036
0.0786980465054512
0.16954033076763153
0.12654602527618408
0.10564782470464706
0.17006392776966095
0.12849144637584686
0.03957020118832588
0.11425033211708067
0.10367466509342192
0.033393144607543945
-0.005344762001186608
0.2278895527124405
0.16199156641960144
0.15139366686344147
0.2480728775262833
0.07562047988176346
0.1781216561794281
0.18309736251831052
0.11561734974384308
0.06234891340136528
0.15412868559360504
0.0359981544315815
0.23133353888988492
0.179330512881279
0.06450951844453812
0.10013311356306076
0.06672777980566025
0.12483990937471388
0.22642914950847623
0.1956216394901276
0.13245828449726105
0.2364905923604965
0.070956751704216
0.14423029124736783
0.1914650052785873
0.192981019616127
0.21142163872718808
0.236431285738945
0.1477439850568771
0.1152680292725563
0.114429734647274
0.20645789802074432
0.07214874774217604
0.24798350036144257
0.18336851894855496
0.2248743027448654
0.05933212861418724
0.2299818843603134
0.07733866572380067
0.22032019495964048
0.15079902112483978
0.1533207595348358
0.15778872370719907
0.09233961254358292
0.23440463840961456
0.16448228061199188
0.21615682542324063
0.046471461653709405
0.23042066395282745
0.16169418394565582
0.23195527493953705
0.06164951995015144
0.2047836631536484
0.12830528616905212
0.18038620054721832
0.12251283973455428
0.19351236522197723
-0.015636002644896507
0.10601335763931274
0.08380458503961563
0.1604435294866562
0.16463832557201383
0.16932125389575958
0.18803729116916656
0.07044629007577896
0.2132296860218048
0.12265508621931076
0.19466313719749448
0.1528143733739853
0.09443121403455734
0.18768268823623657
0.2362728714942932
0.1855754107236862
0.23738487064838407
0.22048459947109225
0.12606780230998993
0.23029367625713348
0.23146866261959076
0.15536119043827057
0.08742686361074446
0.20509907603263852
0.1789768785238266
0.14779046177864075
0.15628524124622345
0.18217417597770688
0.1765146106481552
0.1742131859064102
0.17565999925136566
0.19025470316410065
0.13421794772148132
0.11086206883192062
0.15381936728954315
0.22557333111763
-0.03806254640221596
0.17267844080924988
0.17263099551200867
0.09570305049419404
-0.030512923374772072
0.22608600556850436
0.07182566076517105
0.1586296409368515
0.021891754120588303
0.16343115270137787
0.22206149995326996
0.16523407399654388
0.05823905393481255
0.22078923881053925
0.1009574830532074
0.1511479914188385
0.16406254470348358
0.16896314918994904
0.16217876970767975
0.21112458407878876
-0.0317949540913105
0.09897206723690033
0.20615147054195404
-0.006500954274088144
0.1730833351612091
0.1855531334877014
0.19311363995075223
0.11054102331399916
0.1798218339681625
0.08592108637094498
0.1701069176197052
0.204487219452858
0.09561008960008621
0.2046479433774948
0.09732682257890701
0.15396852791309357
0.1886516362428665
0.18212847411632535
0.11070640385150908
0.1917732805013657
0.21905279159545896
0.17401304841041565
0.17329691350460052
0.10662963241338728
0.182930201292038
0.09366167336702345
0.16531521081924438
0.14526198804378507
-0.010934742167592049
0.2253409177064896
-0.07961136847734451
0.04591979458928108
-0.050983525812625885
0.24022555351257324
0.2093515396118164
0.002654803451150656
0.0921519249677658
0.17272256314754486
0.12092890590429306
0.18403120338916776
0.12527047097682953
0.21831752359867093
0.15182437002658844
0.22378832101821897
0.18161186575889587
0.07057329267263412
0.14472614228725433
0.140506774187088
0.20147369801998136
0.14826087653636932
0.1563246101140976
0.1357669234275818
0.230574831366539
0.2060751020908356
0.08709795027971268
0.209493950009346
0.11552539467811584
0.16591645777225494
-0.007410796824842691
0.25219500064849854
0.23599906265735623
0.09240362793207169
0.18856105208396912
0.1293952912092209
0.2265627235174179
0.10469835251569748
0.010452231392264366
0.12728577852249143
0.16904953122138977
0.1236804649233818
0.14822278916835785
0.1441725194454193
0.07329346239566803
0.21473607420921323
0.17295771837234497
0.23221568763256076
0.19992147386074063
0.15029019117355347
0.2344980239868164
0.13014188408851624
0.15602777898311615
0.19425252079963684
0.20618146657943723
0.18806342780590057
0.142496258020401
0.20383983850479123
0.1372622549533844
0.2070399522781372
0.07988888025283813
0.16221065819263458
0.1525319218635559
0.16778114438056943
0.18267026543617249
0.061532359570264816
0.18109692633152008
0.17906489968299863
0.1260814219713211
0.16149766743183136
0.2325432449579239
0.2236590534448624
0.18335910141468048
0.1203685477375984
0.16071103513240814
0.1741511821746826
0.21142570674419403
0.11801027506589888
0.08093384653329849
0.12497354298830032
0.14678102731704712
0.19279140233993527
0.1828889101743698
0.12714427709579468
0.17355546355247495
0.016853420063853264
0.23124827444553372
0.13214831054210663
0.18257443606853485
0.07870897650718689
0.2512778341770172
0.13165582716464996
0.21774554252624512
0.16648413240909576
0.22774454951286316
0.15693439543247223
0.17120850086212158
0.11596116423606873
0.14895479381084442
0.11885849386453629
0.11569821089506148
0.06410626322031021
0.24002841114997864
0.20142005383968356
0.1534394323825836
0.21290758252143857
0.1345692276954651
0.24583078920841217
0.18362246453762052
0.1622720956802368
0.17721299827098846
0.07550250738859177
0.09368530660867692
0.13349328935146332
0.07515738904476164
0.1582118570804596
0.18993709981441495
0.16237054765224457
0.184673085808754
0.1778147965669632
0.15956133604049683
0.21430386602878568
0.13423113524913788
0.21598039567470553
0.24890662729740143
-0.046051736921072006
0.1293354034423828
0.09116401523351667
0.08944863826036453
0.16098399460315704
0.17399750649929047
0.07336298376321793
0.23329265415668488
0.1681484580039978
-0.06630819290876389
0.1230257824063301
0.14648811519145963
0.13804899156093595
0.202957347035408
0.24195414781570437
0.18850834667682648
0.13978224992752075
0.12121022492647172
0.17430831491947174
0.23210926353931427
0.16662926971912384
0.11059010773897172
0.19011785089969635
0.0745730772614479
0.14482064545154572
0.10048753768205641
-0.06315519660711288
0.046233125030994415
0.10485897213220596
0.1182040199637413
-0.03530692309141159
0.10044366866350173
0.10731076449155807
0.21240274608135223
-0.04006990045309066
0.18639419972896573
0.1540270894765854
-0.046664010733366006
-0.0036714733578264713
-0.0689091756939888
-0.03265078365802765
0.23335570096969604
0.09026866406202316
0.16550056636333463
0.014677310362458227
0.1658157855272293
0.1769186109304428
0.19853042066097257
0.16580288112163544
0.07047504931688309
0.19370554387569427
0.19293685257434845
0.09143877774477005
0.20757940411567688
0.20110416412353516
0.21275462210178372
0.1915585696697235
0.18013049662113187
0.19363291561603543
0.1517658084630966
0.19073279201984403
0.1388663798570633
0.1269368678331375
0.1308356076478958
0.18726450204849243
0.147531658411026
0.22981552779674527
0.08143272250890733
0.11446957290172576
0.16565553843975067
0.1277248114347458
0.20683926343917847
0.19220782816410065
0.022156288847327232
0.20929279923439023
0.06478608399629593
0.12757638096809387
0.14297707378864288
0.013829024508595467
0.24888457357883453
0.08226768672466278
0.16504739224910736
0.21725837886333463
0.22762994468212128
0.16787585616111755
0.2406402826309204
-0.03875155001878738
0.05368807911872864
0.13124890625476837
0.15507355332374573
0.05933484807610512
0.1759471744298935
0.11214195191860198
0.057436306029558175
-0.10180871188640594
0.23640140891075132
0.19569294154644007
0.1863427311182022
0.12407708913087843
0.046010229736566544
0.13175417482852936
0.08770573884248732
0.20642645657062528
0.0952669158577919
0.02625579573214054
0.1864921003580093
0.1589004248380661
0.23537804186344144
0.09148268401622771
0.19466254115104675
0.1221112236380577
0.16752088069915771
0.2385292649269104
0.060586001724004745
0.06476578116416931
0.12336484342813492
0.07540886104106903
0.11398675292730331
0.17813794314861295
0.1933292895555496
0.09119028598070145
0.1941111385822296
0.20288012921810153
0.15920028090476987
0.17345356941223145
0.1996462643146515
0.1312844306230545
0.09134571254253389
0.2075893580913544
0.1650819480419159
0.07027260959148407
0.2426002770662308
0.04453609883785248
0.13661788403987885
0.10121462494134902
0.17033162713050842
0.05394065007567406
0.22191658616065976
0.1803472489118576
0.1353946030139923
0.1495625525712967
0.12088414281606674
0.17469730973243713
0.22958073019981384
0.16680490970611572
0.19164861738681796
0.24093823134899137
0.10824690759181976
0.1964411437511444
0.055049467831850045
0.11293793469667435
0.13149337470531464
0.1651157587766647
0.2045540064573288
0.10589371621608734
0.23634730279445648
0.10290340334177016
0.1059083268046379
0.18771812319755557
0.1937864124774933
0.2188673168420792
0.08711580187082289
0.1732439249753952
0.17646498978137967
0.20021438598632807
0.17873495817184448
0.11000825464725494
0.19138123095035553
0.1901492029428482
0.21607561409473416
0.20056679844856265
0.0841979905962944
0.16340990364551544
0.17651017010211945
0.07561982423067092
0.22290736436843872
0.16732800006866455
0.11968045681715012
0.2180504649877548
0.11830813437700272
0.20268876850605008
0.24725548923015597
0.2540099322795868
-0.005943956319242716
0.18247944116592407
0.19158624112606049
0.0743170753121376
0.1617508679628372
0.15633483231067655
0.23936399817466733
0.14384636282920835
0.13717104494571683
0.24462096393108368
0.0773187130689621
0.19202809035778043
0.10791292786598204
0.19657649099826807
0.2270614802837372
0.1342991143465042
0.2439327985048294
0.10217302292585372
0.1794617921113968
0.18301795423030853
0.1950482875108719
0.1263740509748459
0.22509293258190155
0.10857496410608292
0.2349625527858734
0.20360280573368073
0.19827042520046237
0.14626048505306244
0.23762188851833344
0.09310662001371384
0.15011392533779144
0.01119828037917614
0.19139057397842407
0.06587748974561691
-0.06409325450658798
0.1776578426361084
0.1927448064088821
0.11874947696924208
0.2092869132757187
0.09840427339076996
0.12279196828603745
0.15139608085155487
0.09217868000268936
0.15691997110843658
0.22759218513965607
0.19343565404415128
0.10785862058401108
0.17070510983467102
0.10195368528366087
0.17966176569461823
0.23701415956020355
0.1733808070421219
0.2208745926618576
0.1821393519639969
0.10499367862939835
0.12243366986513136
0.14519451558589935
0.13129933178424835
0.2316884845495224
0.14878727495670319
0.19869886338710785
0.19887919723987577
0.23908559978008273
0.04740665853023529
0.14207971096038818
0.056144315749406815
0.15306846797466278
0.12342991679906844
0.15593360364437103
0.19736693799495697
0.10680640488862991
0.14742952585220337
0.20642797648906708
0.12014878541231155
0.11499997228384017
0.1784355193376541
0.197678804397583
0.11964554339647292
0.19148999452590945
-0.06270106881856918
0.12473993748426436
0.21247074007987976
0.22112382948398593
0.11222510784864424
0.029991423711180687
0.1799977868795395
0.14796642959117887
0.16881625354290009
0.22593620419502256
0.15859602391719818
0.1677422076463699
0.1733326017856598
0.10770262032747269
0.11787735670804976
0.18674518167972565
0.18539467453956604
0.1386273354291916
0.16712616384029388
0.1993107944726944
0.0653550997376442
0.220742791891098
-0.026472739875316616
0.1301468014717102
0.18809746205806727
-0.028935499489307404
0.22249168157577515
0.1923065334558487
0.1655805855989456
0.16153177618980408
0.09947510808706285
-0.07824125140905379
0.2191259413957596
0.09550089389085768
-0.039797276258468635
0.1692296266555786
0.05997033044695854
0.16035036742687225
0.08269168436527251
0.23108811676502228
0.1217619851231575
0.08951614797115326
0.2222512364387512
0.1926654279232025
0.1721404641866684
0.14057646691799164
0.2233215421438217
0.13664348423480988
0.20752207934856412
0.18633955717086792
0.1046665906906128
0.16635586321353912
0.08740445971488953
0.22522996366024017
0.16762126982212067
0.037452798336744315
0.0203593485057354
0.1761973351240158
0.2010161131620407
0.1193557009100914
0.07248551398515701
0.13058848679065704
0.12253474444150925
0.15420497953891754
0.2332482784986496
0.1793127208948135
0.13014686107635498
0.23186025023460388
0.11737895756959917
0.12271127849817276
0.2330583333969116
0.2296652644872665
0.07227098196744919
0.19110064208507535
0.02878863550722599
0.19032691419124603
0.08081354200839996
0.22132138907909396
0.19570933282375333
0.03995119035243988
0.19617678225040436
0.19931022822856903
0.1396319419145584
0.23345391452312467
0.049082916229963296
0.17839190363883972
0.0027281022630631924
0.21934229135513303
0.20295085012912753
0.09495339542627335
0.16194115579128265
0.13417936861515045
0.1713165044784546
0.232775554060936
0.14465123414993286
0.23051925003528595
0.021448923274874687
0.17197151482105255
0.05315002426505089
0.2244291603565216
0.22987742722034452
0.07235131412744522
0.09736448526382446
0.19639249145984647
0.18449069559574127
0.24251525104045868
0.14350834488868713
0.1812192052602768
0.17890962958335876
0.1674226075410843
0.18759801983833313
0.15614613890647888
0.2169819325208664
0.2247673124074936
0.16956137120723724
0.09293163567781448
0.061736930161714554
0.11894967406988144
0.10830966383218764
0.12400811165571211
0.23940254747867584
0.16482362151145935
0.2303159534931183
0.18292002379894257
0.10052191466093063
0.1655253916978836
0.16955256462097168
0.1342227607965469
0.1681709587574005
0.15220339596271515
0.2215170115232468
0.10870716720819472
0.189682736992836
0.15515778958797455
0.2138963341712952
0.21196377277374268
0.082015760242939
0.09553538262844083
0.07841040939092636
0.22897654771804807
0.10918185114860535
0.1949835419654846
0.23216401040554047
0.15792061388492584
0.032370179891586304
-0.06657128781080246
0.1742628663778305
0.16218137741088867
0.14168372750282288
0.024345235899090767
0.17239919304847717
0.11394590139389038
0.0873914510011673
0.1739329695701599
0.18181137740612033
0.1965660899877548
0.22596503794193268
0.17554177343845367
0.08101563155651091
0.2210862785577774
0.0012814602814614773
0.18906302750110623
0.1603001207113266
0.10728839039802553
0.17282311618328094
0.157399982213974
0.25211086869239807
0.22623872756958008
0.16284935176372528
-0.029809730127453804
0.08520130813121796
0.21017096936702728
0.15764592587947843
0.14655728638172147
0.13352440297603607
0.1950431317090988
0.187214270234108
0.08898834884166716
0.11377549171447753
0.1065872311592102
0.2370837479829788
0.1751173585653305
0.14407959580421448
0.10742955654859541
0.1864692121744156
0.011856334283947945
0.1401638239622116
0.19977122545242307
0.1229204013943672
0.09618757665157318
0.0755431279540062
0.19652462005615237
0.1369921118021011
0.17457859218120575
0.23135457932949063
0.14691494405269623
0.06828761845827103
0.08728727698326112
0.1762920469045639
0.130487859249115
0.16198836266994476
0.18682073056697843
0.0846962258219719
0.08163582533597946
0.249660924077034
0.20790661871433255
0.14922674000263214
0.18407225608825684
0.24804894626140597
0.09476224333047865
0.05440645292401314
0.21326957643032077
0.11146240681409836
0.16231210529804227
0.1791381388902664
0.16056878864765167
0.11601966619491576
0.19937539100646967
0.16358236968517303
0.24009527266025543
0.09217670559883116
0.1483812779188156
0.14223189651966095
0.169019415974617
0.18182484805583957
0.10590242594480515
0.14163638651371002
0.1649683564901352
0.12769226729869843
0.17456313967704773
0.12212616950273512
0.14772112667560575
0.09635545313358307
0.13024868071079254
0.1608586460351944
0.1522725075483322
0.12258421629667282
0.06361288577318192
0.09888186305761336
0.16219161450862885
0.09750855714082717
-0.009558865800499916
0.18089766800403595
0.16053879261016843
0.1971446126699448
0.07550998777151108
0.0784047916531563
0.1268235296010971
0.0633123368024826
0.196452721953392
0.1379067748785019
0.1635867953300476
0.2036147266626358
0.06166836246848106
0.18450315296649927
0.2312609106302261
0.17328985035419464
0.22383674979209897
0.21256430447101596
0.08354648947715758
0.23104281723499295
0.13943849503993988
0.09303684532642365
0.1748167872428894
0.0931638926267624
0.1970079094171524
0.1600339561700821
0.22077113389968872
0.09627451747655869
0.10525503754615784
0.162882000207901
0.16725853085517883
0.19458235800266263
0.10128041356801985
0.12184198945760726
0.13315020501613617
0.1223238930106163
0.17394469678401947
0.22141544520854947
0.19365221261978147
0.19754864275455475
0.21915386617183685
0.043242473155260086
0.23178960382938385
0.1493433266878128
0.15356488525867462
0.18515218794345853
0.15917541086673737
0.17019309103488922
0.10391418635845184
0.17656515538692474
0.1501343548297882
0.07632797211408614
0.17388133704662323
0.1809402704238892
0.19984224438667297
0.18335267901420596
0.21321089565753937
0.1974575370550156
0.14206773042678833
0.20185355842113492
0.1744423806667328
0.15834523737430573
0.22635500133037567
0.209925040602684
0.16467484831809995
0.20590047538280487
0.022780561819672585
0.009728075936436653
0.027123475447297096
0.16121153533458707
0.09356125444173811
0.19232729077339167
0.1583361178636551
0.1959113031625748
0.17205868661403656
0.11556170880794524
0.03607987239956856
0.19899651408195493
0.22389578819274905
0.014903178438544272
0.1308627873659134
0.17854304611682892
0.13859744369983673
0.1777283102273941
0.16730307042598724
0.1663162261247635
0.22385133802890775
0.1533939689397812
0.12570247054100037
0.16577540338039398
0.1976976990699768
0.12135375291109084
0.20009960234165192
0.1897755861282349
0.19983807206153867
0.1708366423845291
0.07463327795267105
0.09444489330053328
0.1237819567322731
0.1897992640733719
0.19979958236217496
0.21173560619354248
0.1836280971765518
0.11972372978925704
0.146924689412117
0.04447535425424576
0.15194784104824066
0.1439869254827499
0.03687967732548714
0.23721204698085785
0.25511759519577026
0.1151268407702446
0.16447678208351135
-0.09277753531932832
0.17240144312381744
0.09705518931150435
-0.016568021848797798
0.12338850647211073
0.1583040952682495
0.14584966003894803
0.09105444699525832
0.19119156897068024
0.17748670279979703
0.19625055789947507
0.1878836303949356
0.17788457870483398
-0.0449276678264141
0.23454917967319489
0.1404685229063034
0.1836363077163696
0.06588240712881088
0.07209879904985428
0.08830950409173965
0.08182568103075027
0.018697651103138924
0.15489664673805237
0.20401465892791748
0.13089755177497864
0.09190142899751665
0.12057098001241684
0.18899817764759064
0.15225721895694733
0.24319033324718475
0.2243114560842514
0.1802518218755722
0.25270703434944153
0.22828130424022677
0.12058710306882858
0.15680405497550964
0.11897666007280348
0.22773237526416776
0.22965747117996213
0.21264873445034027
0.23244448006153104
0.2462468594312668
0.05883971229195594
0.16392859816551208
0.2523021697998047
-0.0005571101792156696
0.20973847806453705
0.24614436924457553
0.12648850679397583
0.2207351475954056
0.04072492197155952
0.24700810015201569
0.14715541899204254
0.16856996715068817
0.17422430217266083
0.13662679493427277
0.08921216428279875
0.23487086594104767
0.16275261342525482
0.16545888781547546
0.1852803826332092
0.22028206288814545
-0.03807831183075905
0.15990059077739716
0.1971725672483444
0.20081578195095065
0.11719167977571487
0.13361522555351257
0.2303816080093384
0.22521625459194183
0.21391941606998444
0.14506474137306213
0.022803178057074543
-0.007010238710790873
0.1534319669008255
0.11998475342988968
0.06564886122941971
0.17865608632564545
0.18838785588741305
0.17945168912410736
0.234343096613884
0.13677208125591278
0.23852550983428955
0.1570100635290146
0.16035257279872894
0.23777526617050168
0.2413123250007629
0.08156904578208923
0.11936304718255995
0.1135442927479744
0.2348109632730484
0.21807329356670377
0.18741099536418915
0.07006518542766571
0.10530262440443038
-0.019950443878769875
0.18006660044193268
0.1272967159748077
0.2413788139820099
0.09198863804340361
0.16145561635494232
0.08159556239843369
0.24301765859127045
0.05699411407113075
0.1399672031402588
0.15239591896533966
0.07027476280927658
0.1404394656419754
0.0993743985891342
0.2145839631557465
0.15092872083187103
0.13589918613433835
0.10742083936929701
0.23353832960128784
0.030184676870703697
0.13597552478313446
0.22373615205287933
0.118502140045166
0.1236717477440834
0.0926770120859146
0.04985328391194344
0.2415914684534073
0.013175005093216896
0.21883869171142575
0.15991914272308347
0.14534573256969452
0.17999085783958435
0.19189800322055817
0.11676163226366044
0.21202866733074188
0.1333846002817154
0.15885116159915924
0.22280701994895932
0.1736132651567459
0.1818053126335144
0.14438079297542572
-0.014691868796944618
0.11678269505500792
0.19648076593875885
0.11381896585226058
0.1525695025920868
0.0816146433353424
0.18189842998981476
-0.044194098562002175
0.19483752548694608
0.13745577633380887
0.18230903148651123
0.20925447344779968
0.18235643208026883
0.19977147877216336
0.17045265436172485
0.12921780347824097
0.14127808809280396
0.1178385242819786
0.1526747494935989
0.17966504395008087
0.16736970841884613
0.1244744285941124
0.17343373596668243
0.1316722184419632
0.1870097368955612
0.09294506162405014
0.16295872628688812
0.2409820705652237
0.22009290754795077
0.13277007639408112
0.19837428629398343
0.1362241357564926
0.18723900616168973
0.12526358664035797
0.13197050988674164
0.1747252345085144
0.15914732217788696
0.2334478348493576
0.13910670578479767
0.16358868777751923
0.09904422610998152
0.241604208946228
0.14584468305110931
0.17903518676757812
0.1186419054865837
0.12485634535551073
0.04413875564932823
0.18172034621238708
0.2294658720493317
0.11242874711751936
0.048189058899879456
0.07015349715948105
0.17972098290920255
0.14822219312191007
0.18670144677162168
0.09570275992155075
0.04716530442237855
0.08957717567682266
0.14886368811130524
0.15742887556552887
0.2150818556547165
0.1166366934776306
0.031373508274555206
0.11321743577718733
0.113698311150074
0.10668639838695526
0.09575643390417099
0.1543879508972168
0.09422973543405533
0.13845176994800568
0.20798926055431363
0.18742786347866056
0.22363536059856412
0.22611628472805023
0.15916310250759125
0.17902645468711853
0.22860749065876007
0.1018199548125267
0.2258339822292328
0.20533061027526853
0.1593579798936844
0.24967961013317108
0.14698778092861176
0.11417976021766663
-0.06256642937660217
0.170869842171669
0.15013104677200317
0.16026882827281952
0.13121946156024933
0.14945527911186218
0.22726555168628687
0.1871108114719391
0.017978759482502937
0.15272559225559235
0.0018217465840280056
0.052359819412231445
0.1783262938261032
0.20240645110607147
-0.010562991723418236
0.13273948431015015
0.049375977367162704
0.1958673447370529
0.17701993882656095
0.17270530760288239
0.07508189231157303
0.1941073685884476
0.15803289413452148
0.132344052195549
0.052699655294418335
0.1238606348633766
0.16639713943004608
0.24059900641441345
0.18919967114925385
0.11513935029506683
0.10726010799407958
0.05686618760228157
0.021879808977246284
0.16229660809040067
0.006495335604995489
0.1608394831418991
0.18737131357192996
0.1203428730368614
0.12380530685186386
0.17516182363033295
0.17081990838050842
0.15941569209098816
0.11730390042066574
0.17719992995262146
0.18193186819553372
0.08830364793539046
0.09030523151159286
0.19812740385532376
0.12019690126180647
0.10925201326608656
0.23791439831256864
0.1498192399740219
0.18843816220760343
0.19711889326572415
0.0881177932024002
0.13961194455623627
0.10839074850082396
0.02693364955484867
0.0899028405547142
0.14997556805610657
0.18385101854801175
0.24610193073749545
0.21089498698711395
0.23232434689998624
0.14528432488441467
0.15039199590682983
0.1547831743955612
0.1999731659889221
0.06607471406459808
0.25036364793777466
0.03051081858575344
0.10358576476573944
0.056629691272974014
0.11695176362991332
0.04722787067294121
0.18185134232044217
0.11450522392988204
0.13832481205463407
0.13051246106624603
0.15250164270401
0.09171105921268465
0.15729734301567075
0.17498424649238586
-0.09502020478248595
0.2365661710500717
0.1850690990686417
0.11347059905529022
0.15823246538639069
0.0332559235394001
0.20926873385906217
0.19227285683155057
0.11116350442171095
0.2403700798749924
0.2244534641504288
0.051083322614431374
0.15179598331451416
0.16728475689888
0.10113436728715897
0.13346621394157407
0.15644045174121857
-0.005236281547695398
0.183628112077713
0.18363888561725616
0.12955738604068756
0.17760278284549713
0.032330941408872604
0.1494873613119125
0.09121836721897124
0.20459933578968048
0.07491432875394821
0.15470652282238007
0.06382367014884949
0.15716950595378876
0.17059852182865143
0.19946345686912537
0.10719311982393263
0.057973455637693405
0.04554117098450661
0.18940308690071103
0.1407892256975174
0.23328228294849396
0.19362269341945648
0.07527460902929306
0.1072511151432991
0.14326082170009613
0.08881313353776932
0.14871807396411896
0.1549646258354187
0.2476963847875595
0.18432702124118805
0.15411800146102905
0.11036356538534164
0.196919783949852
0.10295449197292328
0.11313527077436449
0.20635424554347992
0.19443644583225247
0.19309313595294952
0.10721205174922945
0.020744560286402702
0.20382790267467496
0.17682789266109467
0.2231164872646332
0.22016388177871704
0.08704268932342529
0.17045603692531583
0.2327365130186081
0.07721307873725891
0.1443185955286026
0.016285890713334084
0.17008791863918304
0.2280500680208206
0.1047246679663658
0.1965373009443283
0.15852700173854828
0.20287400484085083
0.18835341930389404
0.15497316420078275
0.09567572176456451
0.19893221557140353
0.2072841376066208
0.16134685277938843
0.24444548785686487
0.2098232060670853
0.20735977590084076
0.18417532742023468
0.15429019927978516
0.2124052494764328
0.1338626593351364
0.20225857198238367
0.10176515579223631
0.18629245460033417
0.14676468074321747
0.1126275435090065
0.127693772315979
0.15009917318820953
0.15024153888225555
0.11934607475996016
0.17275570333003995
0.17669418454170227
-0.07437239587306976
0.1913811415433884
0.07635410130023955
0.04845251888036728
0.19395099580287933
0.23721483349800107
0.12489109486341476
0.16771291196346283
0.09004793316125868
0.1982656568288803
0.20294903218746185
-0.08706752955913542
0.1939446181058884
0.1519421488046646
0.16086034476757047
0.14795884490013123
0.09700643271207808
0.08837109059095383
0.07086614519357681
0.0604773573577404
0.10402640700340272
0.20855577290058133
0.17865124344825745
0.1670464426279068
0.15515156090259552
0.11374399811029434
0.12575487792491913
0.1588901728391647
0.18584464490413663
0.17096133530139923
0.04426960274577141
0.0946020931005478
0.09543628245592115
0.06418631970882416
0.21754713356494904
0.1614679843187332
0.1349082738161087
0.11893527954816818
0.13481716811656952
0.16522713005542755
0.10513686388731001
0.07935380190610884
0.15197589993476868
0.20167890191078183
0.2396239638328552
0.1433202475309372
0.11765366047620772
0.10920587927103043
0.1280359923839569
-0.023479150608181957
0.16907741129398343
0.11095860600471497
0.1622992157936096
0.08804121613502502
0.1953308433294296
0.164823517203331
0.09765063971281053
0.10888753086328506
0.03093242458999157
0.23258398473262784
0.14172619581222534
0.03595854341983795
0.11095386743545532
0.0905701667070389
0.14025704562664032
0.2019997090101242
0.08993847668170929
0.14175279438495636
0.16387900710105896
0.16655252873897552
0.052917588502168655
0.1693515181541443
0.21686653792858124
0.1077238917350769
0.17119331657886505
0.19402536749839783
-0.006597077939659357
0.1426643282175064
0.22429871559143064
0.1683785617351532
0.17769691348075867
0.15317948162555695
0.09387911111116408
0.1993117481470108
0.16820095479488373
0.1479986011981964
0.1726430505514145
0.1746428608894348
0.17298154532909393
0.180420383810997
0.08765803277492523
0.1372053325176239
0.18514455854892728
0.12230924516916276
0.182527095079422
0.18843607604503632
0.1651327013969421
0.15419761836528778
0.0958818420767784
0.21376794576644895
0.15060006082057953
0.13889746367931363
0.08436211198568344
0.23138369619846344
0.22865962982177732
0.20046101510524747
0.15569962561130524
0.1744360774755478
0.18209128081798556
0.1666712611913681
0.15520818531513214
0.17993657290935516
0.15623275935649872
0.1423061639070511
0.1594388633966446
0.19163306057453156
-0.06556890904903412
0.08009626716375352
0.12611199915409088
0.19009521603584287
0.16941548883914948
0.01529126428067684
0.23216450214385984
0.1451979428529739
0.10593477636575697
0.16610124707221985
0.22597694396972656
0.15610171854496002
0.22015438973903656
0.1829513609409332
0.1673058271408081
0.13688139617443085
0.003203683998435736
0.23937587440013883
0.1319681853055954
0.23834052681922913
0.19248828291893005
0.17445965111255643
0.1807974278926849
0.14218395948410034
0.13373659551143646
0.18844632804393768
0.20399388670921323
0.13168393075466156
0.21189972758293152
0.17886151373386383
0.1715986281633377
0.100652739405632
0.21040399372577667
0.2235765904188156
0.21336950361728668
0.16443417966365814
0.006778424140065908
0.15113289654254913
0.16989126801490784
0.13113950192928314
0.18168051540851596
0.08014522492885588
0.2069653868675232
0.1651441305875778
0.23805768787860873
0.1723194718360901
0.15090079605579376
0.1856623739004135
0.157183900475502
0.027621937915682793
0.16671012341976163
0.043951284140348434
0.14890742301940915
0.23634037375450132
0.19840280711650848
0.21330547332763672
0.05948220565915108
0.06284169107675552
0.1414891928434372
0.23674319684505463
0.06402596086263657
0.11891090124845503
0.043332505971193314
0.1884465962648392
0.17312364280223846
-0.07420029491186142
0.07435930520296095
0.14835454523563385
0.1392492651939392
0.17351040244102478
0.13091565668582916
0.15862327814102173
0.10262707620859146
0.14091484248638153
0.13147315382957458
0.21257883310317996
0.1834426075220108
0.22722311317920685
0.1438753455877304
0.1436278074979782
0.2007551342248917
0.1934438794851303
0.045009791851043694
0.004983001854270697
0.1410343050956726
0.1183646246790886
-0.04385393112897873
0.05914895609021186
0.2221553474664688
0.14310015738010406
0.06365898996591568
0.10081724822521208
0.17945972084999084
0.007604209240525962
0.17149192094802856
0.23479793965816495
0.18843857944011688
0.12117259949445724
0.17771467566490173
0.1733463704586029
0.15219189226627347
0.2322358787059784
0.05162319540977479
-0.10338317602872849
0.17838968336582184
0.21059350669384
0.16493614017963407
0.23131345212459564
0.1000412106513977
0.060115862637758255
0.18370153009891513
0.2121783941984177
0.23352652788162231
0.15302316844463348
0.2346570193767548
0.16391028463840485
0.2107187658548355
0.1696094125509262
0.14964355528354645
0.15389399230480194
0.2034558057785034
0.14758262038230896
0.13745330274105072
0.09784054756164551
0.1600321978330612
0.13600297272205353
0.17778412997722623
0.25466597080230713
0.11793053150177
0.12223640829324722
0.09625700116157533
0.2146909385919571
0.13512514531612396
0.16855905950069427
0.1717681884765625
0.18544532358646393
0.12798365950584412
0.12852333486080167
0.11195167154073717
0.21587489545345304
0.10181494057178496
0.16379240155220032
0.09964652359485626
0.20593930780887604
0.03994691744446754
0.17978166043758392
0.12440637499094008
0.1684637814760208
0.1679387241601944
0.22443066537380216
0.12968994677066803
0.19600695371627808
0.1721416562795639
0.1935419589281082
0.06244962289929389
0.07502593100070953
0.1551237553358078
0.17054994404315948
0.14385244250297546
0.11479346454143524
0.20513953268527985
0.21493099629879
0.1470748335123062
0.17495737969875336
0.2330292612314224
0.1909576207399368
0.13497696816921234
0.13403788208961487
0.1728527545928955
0.13920153677463531
0.17819426953792572
0.18639031052589417
0.09666132181882858
0.16822330653667447
0.16554488241672516
0.14702026546001434
0.236118882894516
0.19528080523014069
0.19943140447139737
0.09835227578878401
0.2034691870212555
0.04245429486036301
0.05223185196518897
0.11036727577447893
0.06420668959617615
0.1263410747051239
0.07406286895275117
0.17276878654956815
0.18896472454071045
0.11961942166090012
0.14877119660377502
0.12558041512966156
0.1317695528268814
0.08167823404073715
0.17166073620319366
0.22527439892292023
0.23058056831359863
0.08821753412485121
0.20474113523960116
0.1545172482728958
0.14415781199932098
0.18024699389934537
0.16977889835834503
0.1306448131799698
0.189985454082489
0.18076275289058685
0.14284998178482056
0.09605550765991211
0.1233820989727974
0.10445547103881836
0.2321307063102722
0.2400260716676712
0.1920306235551834
0.1921278685331345
-0.06053319200873375
0.1869100779294968
0.021992040798068047
0.18206284940242767
0.05603631213307381
0.1588306576013565
0.16511087119579315
0.08696181327104568
0.1672220677137375
0.24065263569355008
0.23948316276073453
0.08017715066671371
0.12718944251537323
0.056942153722047806
-0.060938067734241486
0.09509531408548355
0.1706593781709671
0.1386645883321762
0.20033222436904907
0.170491561293602
0.15783725678920743
0.2332950383424759
0.09445418417453763
0.09243068099021912
0.18912306427955627
0.14700356125831604
0.1434796005487442
0.12953796982765195
0.23075295984745023
0.19018088281154633
-0.07000265270471573
0.1438699960708618
0.15351141989231107
0.1675487905740738
0.18865844607353208
0.20814491808414456
0.12334407120943068
0.13140700757503507
0.17216190695762634
0.2429334819316864
0.08893612772226332
0.027584960684180256
0.15962617099285123
0.23512265086174008
0.10342971235513689
0.16907520592212677
0.2377410978078842
0.1455983519554138
0.1648072600364685
0.16525287926197052
0.2334158569574356
0.21701088547706604
0.23934938013553617
0.11509712785482407
0.1867748349905014
0.10930658131837843
0.033568982034921646
0.13724975287914276
0.012016447260975836
0.15449504554271698
0.1190916821360588
0.16046832501888275
0.10631736367940901
0.16169609129428864
0.05318528786301613
0.13056428730487823
0.1541084498167038
0.13479723036289215
0.05151548981666565
0.12026450783014296
0.0700453594326973
0.12678714096546173
0.18446014821529388
0.210702046751976
0.07196810096502304
0.18897704780101776
0.20727713406085968
0.14577461779117584
0.22738614678382876
0.018527088686823845
0.04088613763451576
0.04336175322532654
0.2071948200464249
0.23016755282878876
0.10219147056341173
0.22203753888607025
0.1363920420408249
0.21279832720756528
0.043667148798704154
0.12026389688253401
0.185123547911644
0.1985813230276108
0.12332738190889359
0.11825007945299149
0.22619064152240756
0.17284169793128967
0.1999031752347946
0.1789560467004776
0.22430770099163053
0.08341509848833084
-0.005431039724498987
0.2039523124694824
0.16052234172821045
0.19880561530590057
0.16489197313785553
0.22699588537216184
0.2032875418663025
0.16868114471435547
0.0382794514298439
0.05379878729581833
0.112555593252182
0.1038949340581894
0.07501190900802611
0.22885499894618988
0.13895449042320251
0.1354503631591797
0.17152631282806396
0.24410147964954376
0.1397048532962799
0.1544739454984665
0.1470676064491272
0.22144854068756104
0.13946767151355743
0.23140196502208707
0.18352632224559784
0.2491064220666885
0.1488501727581024
0.18311747908592224
0.1949142813682556
0.1791839301586151
0.2192149758338928
0.17731298506259918
0.07797159254550934
0.23627643287181851
0.0601038821041584
0.14029213786125183
0.004341838415712118
0.16156136989593503
0.19333960115909576
0.22594964504241943
0.056120339781045914
0.1397942006587982
0.12361060827970503
0.1051480323076248
0.16290226578712463
0.13876864314079285
0.19204576313495636
0.1784246563911438
0.06177864596247673
0.16683892905712128
0.04988976195454597
0.16171663999557495
0.24751354753971097
0.19111068546772003
0.16755126416683197
0.1453741043806076
-0.009293166920542719
0.22851224243640897
0.07452754676342009
0.009618684649467468
0.23220022022724152
0.14220109581947327
0.131793811917305
0.20620256662368772
0.13264739513397217
0.07968991249799728
0.0719183012843132
0.18600144982337952
0.20250612497329712
0.1511935442686081
0.21523363888263705
0.1971184611320496
0.12606152892112732
0.17876403033733368
0.18227556347846985
0.09911844879388808
0.12192969769239424
0.1849365681409836
0.15501199662685394
0.09493623673915864
0.10862872004508972
0.18577970564365384
0.174861803650856
0.11095861345529556
-0.0343097522854805
0.05965980514883995
0.19354453682899475
0.041865937411785126
0.15172116458415985
0.19107078015804288
0.08452209830284119
0.14085857570171356
0.1937814503908157
0.06406085193157196
0.11907988041639328
0.22764894366264343
0.1176282986998558
0.07314533740282057
0.07428690791130067
0.23948104679584503
0.1545996367931366
0.0002872287295758724
0.160981222987175
0.1447780281305313
0.12242456525564192
0.23334352672100067
0.1174853816628456
0.15710875391960144
0.03173055872321129
0.13158433139324188
0.09175779670476912
0.23134635388851163
0.1835249215364456
0.15380160510540009
0.15659716725349426
0.2316604107618332
-0.010244162753224373
0.1479237675666809
0.1229010745882988
0.08849775791168212
0.15369850397109985
0.0490398108959198
0.1182829812169075
0.10271532088518141
0.19074778258800504
0.18300135433673856
0.09149374067783357
0.005707287695258856
0.08920740336179733
0.08442425727844238
0.01508755050599575
0.08107797801494598
0.16210587322711945
0.13037942349910736
0.2182675898075104
0.2136291265487671
0.1724404543638229
0.24279187619686127
0.11310277134180068
0.16406022012233734
0.15398560464382172
0.22335727512836456
0.20741330087184903
0.1689847856760025
0.09095173329114914
0.131876602768898
0.12630830705165863
0.12191813439130784
0.14334742724895477
0.18828484416007996
0.05953378602862358
0.17647840082645416
0.1391485184431076
0.22406162321567533
0.17636851966381073
-0.09052354842424391
0.19699169695377347
0.18902353942394257
0.15539804100990295
0.08111564815044403
0.196469321846962
0.21511580049991608
0.14721077680587769
0.09323713928461075
0.1931437999010086
0.16502763330936432
0.18483608961105344
0.23118600249290464
0.1626150608062744
0.13651947677135468
0.06404440104961395
0.23034243285655973
0.03837427124381065
0.23268669843673703
0.18173378705978396
0.24687124788761136
0.12201767414808272
0.06569550186395645
-0.07899985462427139
0.05949055030941963
0.20154720544815063
0.09207028895616531
0.10389600694179534
0.14281417429447174
0.25496354699134827
0.0242473129183054
0.13415084779262543
0.05629881843924522
0.22081485390663144
0.1870170086622238
0.037097107619047165
0.17809489369392395
0.06903007626533508
0.22667348384857175
0.08639431744813919
-0.08357062190771104
0.08122764527797699
0.0546317733824253
0.12371564656496048
0.18532367050647733
0.09972944110631943
0.14093101024627683
0.18792192637920377
0.22296370565891263
0.05623983219265938
0.042964313179254525
0.2192634642124176
0.1985027343034744
0.1612190157175064
0.1397605985403061
0.1501040160655975
0.004013323690742254
0.23187169432640076
0.1892061084508896
0.058426719158887856
0.15236838161945343
0.058785680681467056
0.10154338926076888
0.21916225552558896
0.06979114562273026
0.24264609813690183
0.1797523647546768
0.13698165118694303
0.12749268114566803
0.09784291684627534
0.2262093424797058
0.11421626061201096
0.2275855839252472
0.22689950466156003
0.1916514486074448
0.17745281755924225
0.012053674086928368
0.2130811512470245
0.05850320681929588
0.21335843205451965
0.178838774561882
0.12132617086172104
0.21950900554656985
0.1685696393251419
0.14067910611629486
0.13175688683986664
0.16599224507808685
0.1728622168302536
0.019541559740900997
0.22598351538181305
0.205098420381546
0.09421613067388535
0.203901931643486
0.016353821381926537
0.09515856951475143
0.21443645656108856
0.18374313414096832
0.12881392240524292
0.16705356538295743
0.17057462036609647
0.08809739351272583
0.15627089142799375
0.2075986862182617
0.2299201935529709
0.027959676459431648
0.22481971979141235
0.23265801370143888
0.15277180075645447
0.14464156329631803
0.13769085705280304
0.10835985839366911
0.21297545731067655
0.2229953855276108
0.07003848999738693
0.16206689178943634
0.1477668732404709
0.20239101350307465
0.1117679849267006
0.1715543121099472
0.09829899668693542
0.13197293877601624
0.016077544540166855
0.10011222958564758
0.11792118102312088
0.14103780686855316
0.07192565500736237
0.08445053547620773
0.08354046195745468
0.24416454136371607
0.23004966974258423
0.1454380303621292
0.13359703123569489
0.22859960794448847
0.06034621223807335
0.18547025322914124
0.08797685801982878
0.0983106717467308
-0.0521794967353344
0.19249397516250608
0.11461652070283888
0.10214398801326752
0.08916658163070679
0.13946861028671265
0.11490087956190108
0.15397681295871735
0.17360132932662964
0.206192210316658
0.17701973021030426
0.23900894820690155
0.22385290265083313
0.14247526228427887
0.11877699941396712
0.22470788657665247
0.23840640485286713
0.1129622682929039
0.19458363950252527
0.1114441379904747
0.14419735968112943
0.2243445962667465
0.09487012028694154
0.17917977273464203
0.08283332735300064
0.22792674601078036
-0.009803993627429008
0.11697538942098616
0.08070574700832368
0.028223665431141853
0.05214481055736542
0.11734455078840256
0.2048960775136948
0.05013072118163109
0.1219162419438362
0.08308826386928558
0.16958661377429962
0.2284659296274185
0.18553942441940308
0.2256075143814087
0.17092150449752808
0.20143593847751615
0.15570615231990814
0.20193852484226224
0.14860284328460693
0.17201237380504608
0.0333266444504261
0.18530592322349548
0.15595698356628415
0.11877819150686264
0.17827822268009183
0.12344671040773392
0.21737350523471832
0.19252289831638336
0.09488118439912797
0.12815089523792267
0.18389812111854556
0.15014527738094327
0.17518138885498047
0.23044808208942413
0.1743037849664688
0.15706808865070343
0.20749162137508392
0.13596278429031372
0.15754367411136627
0.22639660537242887
0.15166600048542023
0.1426233202219009
0.15188616514205933
0.20707370340824127
0.19103978574275968
0.05801572278141976
0.23834837973117828
0.21829974651336667
0.19015963375568387
0.06645309180021286
0.19883175194263455
0.2145782709121704
0.1383482664823532
0.10103996098041534
0.2374841868877411
0.20721252262592316
0.15039922297000885
0.2519025206565857
0.22661317884922028
0.2301229387521744
0.057672325521707535
0.13377641141414642
0.17864252626895905
0.1652284860610962
0.08884609490633011
0.0728399381041527
0.13133101165294647
0.1755584478378296
0.1498996466398239
-0.05445988103747368
0.21262554824352264
0.1548819988965988
0.21005156636238095
0.2372348606586456
0.2412464469671249
0.06477434933185577
0.1353341042995453
0.15206500887870789
0.12879465520381927
0.1935308277606964
0.22944197058677676
0.20235551893711087
0.15050336718559265
0.056634027510881424
0.0059108748100698
0.18429283797740936
0.16308139264583588
0.07523551583290099
0.16868621110916135
0.007850710302591326
0.11262331157922743
0.14095179736614227
0.20889796316623688
0.1345343142747879
0.10675401985645294
0.2294389456510544
0.19232700765132904
0.1997651904821396
0.19318680465221405
0.1178274229168892
0.11679393798112868
0.19655916094779968
0.16327054798603055
0.09706545621156691
0.06113867089152336
0.08387649804353715
0.18564797937870023
0.13985145092010498
0.1943565458059311
0.08939344435930253
-0.07541514933109283
0.17412255704402924
0.048979822546243675
0.19089435040950772
0.1390293389558792
0.22859789431095123
-0.03073507733643055
0.19253434240818024
0.04545508325099945
0.18961940705776212
0.23091943562030792
0.23009839653968808
0.23482331633567807
0.1128888353705406
0.14519546926021576
0.1857102662324905
0.2295261770486832
0.21715302765369413
0.18697626888751984
0.12493611127138136
0.2469667345285416
0.1400194615125656
0.20161072909832
0.16014577448368073
0.18199379742145536
0.1535847634077072
0.07725207507610321
0.1538909077644348
0.14266523718833923
0.2262156009674072
0.11912541836500168
0.07296685874462126
0.024075815454125404
0.11090202629566193
0.08966378122568129
0.1633113324642181
0.06912042200565338
0.24882028996944427
0.1406799554824829
0.17646320164203644
0.13950076699256897
0.16055653989315033
0.0708392933011055
0.16927257180213928
0.18553397059440607
0.11381684988737106
0.17924806475639343
0.13560503721237183
0.08171436935663222
0.0769844576716423
0.13031579554080963
0.2182797938585281
0.12695516645908356
0.1058918610215187
0.16821938753128052
0.10430577397346497
0.12439925223588943
0.16160245239734647
0.13741561770439148
0.18537689745426175
0.18395869433879847
-0.009043481200933456
0.12977339327335355
0.1362461298704147
0.1440742313861847
0.12245552986860277
0.13515041768550873
0.13009515404701233
0.23250122368335724
0.2433030605316162
0.23091897368431089
0.19667787849903104
0.16920767724514008
0.11657986044883728
0.1382168084383011
0.16442085802555084
-0.0042725526727736
0.05076206848025321
0.135328471660614
0.25006285309791565
0.14578822255134583
0.10393083840608595
0.2124865800142288
0.14367106556892395
0.1580217480659485
-0.045195743441581726
0.17742203176021576
-0.09081458300352097
0.11902319639921188
0.11152856796979904
0.17608958482742307
0.09347448498010637
0.0954032465815544
0.1594405323266983
0.14931634068489075
-0.08843253552913666
0.08959197252988814
-0.016770867630839348
-0.02284239046275616
0.15489540994167328
0.24517132341861725
0.11137793213129044
0.16002087295055387
0.22028806805610657
0.13227355480194092
0.15390022099018097
-0.015794606879353523
0.1618071049451828
0.2083788514137268
0.19200335443019864
0.006200802978128195
0.1339750587940216
0.06133680418133736
0.10707230120897292
0.07243272662162781
0.14595845341682434
0.13123182952404022
0.0016310042701661587
0.21531666815280917
0.09015641361474992
0.18714584410190585
0.2345903515815735
0.13110189139842987
0.1732327789068222
0.14971818029880524
0.180789977312088
0.1453062742948532
0.22103147208690643
0.22926095128059387
0.0791982114315033
0.2022019922733307
0.15191657841205597
0.1653521358966827
0.14856156706809995
0.16862469911575317
0.21570338308811188
0.1703353077173233
0.18616344034671783
0.13300752639770508
0.18018685281276703
0.114448145031929
0.13800302147865295
0.21234245598316193
0.017188897356390953
0.23005162179470065
0.2191172242164612
0.24274636805057523
0.1839356869459152
0.2241163402795792
0.2398177832365036
0.09264323860406877
0.027490919455885887
0.1914948672056198
0.17989598214626312
0.12921880185604095
0.031016865745186806
0.21313713490962985
0.17496557533740997
0.1803196221590042
0.044812530279159546
0.20439006388187408
0.1696052998304367
0.22340478003025052
0.13724824786186218
0.1339135766029358
0.11847423762083052
0.24215678870677948
0.15480713546276093
0.12992580235004425
0.13277190923690796
0.07814168930053712
0.1613074094057083
0.05426250398159027
0.22733326256275177
0.13297487795352936
0.09690383076667784
0.2503608763217926
0.18926076591014865
0.18498921394348145
0.22791197896003723
0.10037792474031448
0.1672869473695755
0.08021672815084457
0.22362060844898224
0.10132475942373276
0.2301635146141052
0.18908138573169708
0.07627399265766142
0.07618492841720581
0.16209621727466583
0.13736972212791443
0.23638702929019928
0.2235433459281921
0.20636297762393951
0.03157305344939232
0.18289215862751007
0.106364868581295
0.14974655210971832
0.18434329330921173
0.14410726726055145
0.18138699233531952
0.19191670417785645
0.1760520488023758
0.1617373526096344
0.07143893092870712
0.2046366184949875
0.23717512190341947
0.12471335381269454
0.0814555287361145
0.1828276365995407
0.1297331005334854
0.2367905229330063
0.16996599733829498
0.09389170259237288
0.1562441438436508
0.23529377579689023
0.1304035782814026
0.024615854024887085
0.1515447050333023
0.11622725427150726
0.24848885834217072
0.14631688594818115
0.07548728585243225
0.13586704432964325
0.10934992879629137
0.10709647089242937
0.048339873552322395
0.02497082762420177
0.1472635269165039
0.08073848485946654
0.23256509006023407
0.12190661579370499
0.18503023684024808
0.1711473762989044
0.11138610541820526
0.21227042376995087
0.2195850908756256
0.13960586488246915
0.08823934942483902
0.1827178746461868
0.169253870844841
0.146683007478714
0.06229567900300026
0.2337951213121414
0.1682225912809372
0.20955869555473328
0.13022787868976593
0.19890138506889343
0.1636390835046768
0.1701703518629074
0.051139120012521744
0.1942759305238724
0.09181355684995651
0.2335506230592728
0.116845041513443
0.10175515711307524
-0.011885678395628927
0.10525862127542496
0.22434502840042117
0.12544935941696167
0.1490286290645599
0.13471314311027527
0.2021406441926956
0.03167754039168358
0.16609592735767365
0.056925568729639046
0.11124827712774275
0.07670336216688156
0.1342957764863968
-0.045829590409994125
0.17450129985809326
0.12975084781646729
0.20043194293975833
0.18137051165103912
0.15618489682674408
0.16320349276065826
-0.020892998203635212
0.17582398653030396
0.12273047119379044
0.17574326694011688
0.15411697328090668
-0.012363793328404427
0.11628735065460204
0.054599478840827935
0.1797904074192047
0.09448441118001936
0.1808587908744812
0.05313701555132866
0.155795618891716
0.10428123921155928
0.0941113382577896
0.20098058879375455
0.1321745663881302
0.2345871776342392
0.057338785380125046
0.11272606998682022
0.013248715549707413
0.14334265887737274
0.14468969404697418
0.16027812659740448
0.2249358296394348
0.19728244841098783
0.1686066836118698
0.05535150691866875
0.04773237556219101
0.18870493769645688
0.0796927660703659
0.252578467130661
0.2248895764350891
0.02380427159368992
0.19825729727745056
0.17751063406467435
0.17947666347026825
0.23728585243225095
0.1837588995695114
-0.08290597796440125
0.18531565368175504
0.03781259432435036
-0.006326687056571245
0.16174446046352386
0.04079290851950645
0.18391214311122892
0.1815911829471588
0.18185497820377347
0.1705015003681183
0.03108910284936428
0.07110279798507689
0.04482106491923332
0.23200355470180511
0.16433708369731903
0.11393982917070387
0.13900098204612732
0.21875415742397308
0.20595088601112363
0.1696118265390396
0.10608215630054472
0.15007109940052032
0.11400073021650314
0.14902816712856293
0.18743012845516205
0.11542925983667372
0.17135405540466309
0.19089458882808685
0.1087721362709999
0.22312298417091367
0.18512190878391263
0.09647014737129213
0.17327429354190826
0.13370190560817719
0.1706988662481308
0.19288989901542664
0.11846234649419785
0.2265925854444504
0.22365336120128632
0.247166320681572
0.18026667833328247
0.18396307528018951
0.21551293134689328
0.17836225032806396
0.12588858604431152
0.15883949398994443
0.22338654100894928
0.14604812860488892
0.1805358976125717
0.19857236742973328
0.20647913217544556
0.13450582325458527
0.17474955320358276
0.1915684789419174
0.20873212814331052
0.24348102509975436
0.08682356774806976
0.05983860418200493
0.19398690760135648
0.17913518846035004
0.07990957051515579
0.09213942289352417
0.1757397502660751
0.127493754029274
0.16021116077899933
0.09004063159227371
0.21779586374759677
0.21224965155124664
0.22818587720394132
0.16570498049259183
0.2462864965200424
-0.01960466988384724
0.15712891519069672
0.22207751870155332
0.14680302143096924
0.23714713752269745
0.06988764554262161
0.1956556737422943
0.17684821784496307
-0.06641620397567749
0.18025152385234833
0.026089513674378395
0.025759352371096608
0.2422375977039337
0.15286673605442047
0.1948046237230301
0.1318744271993637
-0.01013321243226528
0.23159824311733243
0.22622425854206085
0.08647332340478897
0.21522654592990875
0.1543798595666885
0.16342774033546448
0.20930194854736328
0.2102570682764053
0.10920221358537673
0.17624637484550476
0.25483468174934387
0.2038905769586563
0.0658285915851593
0.05595730245113373
0.19778519868850708
0.1796797066926956
0.14814604818820953
0.10903476178646088
0.15208230912685394
0.07024071365594864
0.2483810931444168
0.14451931416988373
0.16749025881290436
0.1657976657152176
0.036737930029630654
0.20024989545345304
0.04317140206694602
0.11485064029693604
0.12345867604017256
0.016738781705498695
0.11292409151792526
0.18135496973991397
0.16003213822841644
0.18505012989044187
0.11897293478250504
0.1377374529838562
0.08081589639186859
0.14996026456356049
0.21891014277935028
0.03521521016955376
0.1975329667329788
0.17104296386241913
0.18805749714374545
0.14087767899036407
0.07457678765058517
0.13345307111740112
0.1839257180690765
0.17313630878925323
0.2364796996116638
0.08729273825883865
0.16104163229465485
0.1758766621351242
0.21244189143180847
0.1885628551244736
-0.04863857105374336
0.08957275748252867
0.1396348923444748
0.19998048245906827
0.22076620161533356
0.09146761149168015
0.08082030713558197
0.1896239072084427
0.14689145982265472
0.23057290911674497
0.1311335116624832
0.10483279079198836
0.061409320682287216
0.19255082309246063
0.029259635135531425
0.14923538267612457
0.09218496829271315
0.2569342255592346
0.01158071868121624
0.18636815249919889
0.14055873453617096
0.1884559243917465
0.17659226059913635
0.1975407302379608
0.15354607999324799
0.04262195900082588
0.1846552342176437
0.12341680377721786
0.19075684249401087
0.028752444311976433
0.12514162063598633
0.18510656058788297
0.09950795024633408
0.10568126291036604
0.09092634171247481
0.12431702762842178
0.172568142414093
0.13174031674861908
0.16473214328289032
0.1173328086733818
0.1999609470367432
0.12691225111484528
0.08992331475019456
0.11683245748281477
0.22562681138515472
0.09132764488458632
0.08674371242523193
0.2128783017396927
0.23218424618244168
0.1485702246427536
0.11640559136867525
0.21331702172756195
0.11555870622396468
0.16666780412197113
0.16287098824977875
0.07764781266450883
0.10113107413053513
0.21996961534023285
0.10014722496271132
0.2022006064653397
0.20729912817478177
0.20633582770824432
0.21397350728511808
0.13213883340358734
0.17068134248256683
0.1737234890460968
0.1602145880460739
0.06810200214385985
0.1828000843524933
0.11868689209222792
0.13891105353832245
-0.013914870098233221
0.1756820976734161
0.14483089745044708
0.21238605678081512
0.040340043604373925
0.22502501308918
0.12412796169519424
0.2282019406557083
0.20634493231773376
0.11893966048955916
0.02460064552724361
0.1382906585931778
0.1279335767030716
0.10717330127954484
0.1089092418551445
0.11173534393310545
0.1604149341583252
0.14617858827114105
0.13560174405574799
0.188113734126091
0.18861764669418332
0.1928672939538956
0.2372521460056305
0.22867976129055023
0.1428249627351761
0.2313271909952164
0.22180110216140747
0.15785153210163116
0.19867028295993805
0.24936504662036893
0.06299982219934464
0.09927801042795181
0.1723656803369522
0.18635807931423187
0.11671961098909378
0.2505305409431457
0.1628312915563583
0.17092160880565643
0.06447014957666397
0.13609412312507627
0.1177067682147026
0.14829710125923157
0.16519899666309357
0.16614829003810883
0.1952433735132217
0.06459149718284607
0.230801522731781
0.17840604484081268
0.09342835843563081
0.24491931498050687
0.13601234555244443
0.21460473537445068
0.169796884059906
0.1046234294772148
0.22513681650161743
0.21832683682441711
0.16466400027275083
0.19188745319843287
0.18154124915599823
0.031710442155599594
0.002341521438211202
0.16167742013931274
0.17397452890872955
0.1040879413485527
0.10568027198314665
0.17173345386981964
0.227898582816124
0.14122584462165833
0.23861947655677795
0.07681360095739363
0.20655488967895508
0.03752132877707481
0.16617362201213837
0.227552130818367
0.01862573809921741
0.13775071501731873
0.14281494915485382
0.242840513586998
0.251381516456604
0.22725206613540647
0.12148331850767136
0.1622239351272583
0.12902964651584625
0.1663471907377243
0.24000953137874603
0.1283315271139145
0.24005089700222013
0.08416005969047545
0.17789910733699799
0.10144697874784468
0.049733381718397134
0.04150036349892616
0.05836313590407372
-0.04509324580430984
0.25170496106147766
0.18303042650222776
0.07530838251113892
0.16815774142742157
0.15291281044483185
0.15748359262943268
0.20318005979061127
0.17025011777877808
0.1585676223039627
0.1893388777971268
-0.002620446030050516
0.12567614018917084
0.16788353025913239
0.22128684818744657
0.14173288643360135
0.12973971664905548
0.1227417066693306
0.10643684118986128
0.05814388766884804
0.1707831025123596
0.22988580167293549
0.14387178421020508
0.1972420960664749
0.0771278217434883
0.10986111313104628
0.11572001129388808
0.19561301171779633
0.029209157451987263
0.1311051994562149
0.13643409311771393
0.15995140373706815
0.22829203307628632
0.1341245323419571
0.1655164361000061
0.2068083733320236
0.180394783616066
-0.0015073702670633793
0.06537184119224548
0.21351318061351776
0.12081948667764664
0.16277985274791715
0.21285791695117953
0.07674798369407654
0.19249345362186432
0.11738734692335127
-0.033611804246902466
0.06200721487402916
0.11109011620283125
0.22517691552639008
0.1265406459569931
0.10252942889928816
0.2401869297027588
0.10052904486656188
0.2368164211511612
0.13219377398490903
0.19999597966670987
0.058292705565690994
0.005698399152606726
0.2137868404388428
-0.00513367960229516
0.23052918910980225
0.14492811262607574
0.18218427896499637
0.17070002853870392
0.18155911564826965
0.2257399708032608
0.22775135934352875
0.17570297420024872
0.1564885526895523
0.18679527938365936
0.08115419745445251
0.18190538883209229
0.23025821149349207
-0.03429299220442772
0.14732176065444946
0.04724317044019699
0.18491391837596893
0.2285668253898621
0.12460560351610184
0.13225948810577393
0.2365807741880417
0.22458355128765103
0.06267880648374556
0.15194545686244965
0.2109413892030716
0.16878117620944977
0.22897119820117953
0.13320381939411163
0.13793693482875824
0.18135018646717072
0.17837753891944885
0.1996160447597504
0.17625634372234344
0.16912005841732025
0.06429165601730347
0.04815380647778511
0.20771823823451996
0.12834535539150238
0.16721460223197937
0.11344745010137557
0.2243555784225464
0.16269131004810333
0.2271549105644226
0.039546895772218704
0.11939602345228197
0.21235525608062744
0.15862716734409332
0.053742635995149605
0.17091529071331024
0.157245472073555
0.23588301241397855
0.18644234538078308
0.2394006699323654
0.12554313242435455
0.10189796239137648
0.11532613635063171
0.15432186424732208
0.13484445214271543
0.09382636100053789
0.17867468297481537
0.14638978242874143
0.015077432617545128
0.1448415070772171
0.13498134911060333
0.18763355910778043
0.221953883767128
0.17778898775577545
0.10528361052274704
-0.05064186453819274
0.1809295415878296
0.06377994269132614
0.12419351190328598
0.12120843678712843
0.21612118184566495
0.013349993154406548
0.0888163298368454
0.13916665315628052
0.0864056944847107
0.09366695582866669
0.21472978591918945
0.19358986616134644
0.048708882182836526
0.18498456478118896
0.1791948229074478
0.02584913559257984
0.1715463250875473
0.2173977494239807
0.19809164106845853
-0.04868215695023537
0.14598016440868375
0.07476923614740372
0.1990521401166916
0.1621878743171692
0.23006708920001984
0.1609770506620407
0.22969226539134976
0.07878457754850388
0.18828406929969788
0.13024394214153287
0.15068645775318143
0.18314926326274872
0.20318821072578433
0.21837304532527924
0.2197450250387192
0.1841925531625748
0.14542387425899503
0.21295396983623505
0.09807444363832472
0.15526741743087769
0.1467483341693878
0.1412600576877594
0.1933496445417404
0.0140161644667387
0.22994582355022433
0.17061747610569
0.10803217440843582
0.14489875733852386
0.183017298579216
0.19389683008193967
0.20307727158069608
0.20339447259902957
0.11810465902090073
0.18016749620437625
0.06392209976911545
0.08926672488451005
0.18100713193416595
0.23147788643836972
0.08009395748376846
0.17551957070827484
0.20073564350605008
0.15152107179164886
0.15890446305274963
0.13057531416416168
0.13202370703220367
0.23301826417446136
0.04763328656554222
0.227955162525177
0.22916205227375033
0.0037477589212358
0.10011879354715349
0.1689624935388565
0.02729671262204647
0.0804218128323555
0.060704056173563
0.15321828424930573
0.11569926142692565
0.21228916943073273
0.1884753704071045
0.1836253851652145
0.16251729428768155
0.05660508200526237
0.1406531184911728
0.16908079385757446
0.10711850970983504
0.17581865191459656
0.10893340408802032
0.19013246893882751
0.02370099909603596
0.20577003061771393
0.11664998531341551
0.1718597114086151
0.119887076318264
0.23439419269561768
0.21208527684211728
0.18263293802738187
0.03650462627410889
0.0674385130405426
0.17260408401489255
0.11550761014223097
0.15459264814853668
0.252251535654068
0.1655801385641098
-0.023933352902531624
0.24028632044792173
0.23255527019500727
0.14213836193084717
0.08493619412183762
0.21136485040187836
0.16366654634475708
0.19080038368701932
0.14171044528484344
0.19613133370876312
0.16841672360897064
0.11754480749368668
0.21952879428863523
0.13490505516529083
0.011867819353938103
0.15905040502548215
0.11148186773061752
0.19536443054676053
0.22619131207466123
0.09454886615276337
0.16367599368095395
0.09895545989274977
0.17793940007686615
0.15590979158878326
0.07685995101928712
0.16859140992164612
0.18607790768146515
0.07408916205167769
0.19038142263889313
0.2038576453924179
0.12210663408041
0.2276165336370468
0.18046970665454865
0.1099805310368538
0.15748177468776703
-0.01812487468123436
0.17868696153163907
0.21687476336956024
0.15597394108772275
0.19893762469291687
0.1210746094584465
0.1786247342824936
0.19400918483734128
0.0959547981619835
0.15162740647792816
0.10087059438228609
0.1976673454046249
0.17245258390903473
0.16753298044204712
0.0697142705321312
0.22976131737232208
-0.03787825629115105
0.13767796754837036
0.142727330327034
0.1486337035894394
0.19641685485839844
0.1595965474843979
0.1452071517705917
0.25593140721321106
0.13593022525310516
0.05606096237897873
0.06582220643758774
0.1638198345899582
0.12470541149377821
0.12533600628376007
0.19311787188053128
0.1795017570257187
0.01989809237420559
0.14576707780361176
0.17467771470546722
0.18520252406597135
0.1794806569814682
0.07565506547689436
0.1801894009113312
0.20732809603214264
0.15893320739269257
0.1536843329668045
0.15405119955539703
0.058460187166929245
0.0011076121591031551
0.11029035598039628
0.16963203251361847
0.07413150370121002
0.2272249460220337
0.22720323503017423
0.08758786320686339
0.07511145621538162
0.08075539022684097
0.05255837365984917
0.1999262422323227
0.028555287048220634
0.12249185889959335
0.19927342236042023
0.15852732956409454
0.001037979032844305
0.1649194359779358
0.10101979970932005
-0.0156495850533247
0.22898568212985992
0.23065631091594696
0.21936941146850583
-0.06812392175197601
-0.003763715270906687
0.22253355383872983
0.15986260771751404
0.17462791502475739
0.16262105107307434
0.22251036763191223
0.04451784864068031
0.20892566442489624
-0.027674706652760506
0.07128445059061049
0.20628288388252256
0.05387204140424728
0.1364673674106598
0.18149904906749725
0.20177610218524927
0.2065284699201584
0.15452030301094055
-0.03166480362415314
0.19400669634342196
0.15734754502773285
0.18581163883209229
0.023694936186075207
0.10500580072402954
0.15130306780338287
0.12372512370347977
0.16020549833774567
0.12325628846883772
0.20851789414882657
0.20282690227031708
0.09806668013334274
0.18114306032657623
0.17918752133846283
0.03649899736046791
0.21282123029232025
0.15089760720729828
0.219241201877594
0.22075240314006803
0.18246181309223172
0.19359916448593137
0.20785303413867953
0.18910296261310575
0.13348510861396787
0.10325507074594496
0.19845174252986908
0.14832425117492676
0.06454841047525406
0.049721289426088326
0.19159309566020963
0.0861952304840088
0.18294066190719604
0.14648801088333127
0.0044697015546262256
0.21022531390190125
0.1605544090270996
0.1999688297510147
0.2088478356599808
0.20793667435646057
0.2199404537677765
0.1852495223283768
0.033001188188791275
0.24319593608379364
0.1634434312582016
0.13269664347171783
0.230867013335228
0.16516816616058347
0.16067688167095184
0.1030181497335434
0.13796019554138184
0.1480654329061508
0.13515689969062805
-0.0011984449811279772
0.19975315034389493
0.20742487907409668
0.18245239555835724
0.229922354221344
0.16847778856754303
0.18844911456108093
0.10151589661836624
0.11849769204854964
0.11065194010734558
0.16571824252605438
0.14700834453105927
0.06604182720184326
0.09819947183132173
0.17440436780452728
0.16501685976982117
0.21029540896415713
0.14470793306827545
0.1674986630678177
0.1895876377820969
0.10458601266145706
0.1962726563215256
0.20174385607242584
0.04175673797726631
0.19606612622737885
0.12367310374975204
0.09721036255359648
0.21106387674808505
0.24798931181430817
0.14088404178619385
-0.011478817090392113
0.09347982704639433
0.16814720630645752
0.1587674468755722
0.046379778534173965
0.02387635596096516
0.15592046082019803
0.2178509682416916
0.1793401837348938
-0.020026661455631256
0.1456216126680374
0.1566060036420822
0.23250792920589447
0.2473221868276596
0.22785227000713348
0.2488424926996231
0.12403208762407301
0.1467643827199936
0.20778189599514008
0.1015908271074295
0.21180802583694455
0.1836172193288803
0.17358887195587158
0.13205696642398834
0.18185147643089292
0.12826012074947357
0.10732167214155196
0.1640174239873886
0.1361103504896164
0.22943389415740967
0.1821671277284622
0.23768845200538635
0.09116751700639725
0.009703615680336952
0.22132062911987305
0.1835841089487076
0.16569234430789948
0.22374947369098663
0.12600700557231903
0.19886961579322812
0.18289770185947415
0.1570870727300644
0.23326788842678073
0.1909825950860977
0.024195164442062374
0.14717905223369598
0.1840692907571793
0.1652492582798004
0.1159033328294754
0.17429596185684204
0.20320856571197507
0.22490431368350983
0.16249088943004608
0.15313793718814847
0.1285504400730133
0.189204141497612
0.23536938428878784
0.1905469596385956
0.2359706312417984
0.21864189207553864
0.12019788473844528
0.1907433718442917
0.22902244329452515
0.1405528485774994
0.1584145575761795
0.11457762867212296
0.1335992068052292
0.11808487772941588
0.15368027985095975
0.20986624062061307
0.2116195857524872
0.1732751578092575
0.1254622787237167
0.18974994122982025
0.13689886033535004
0.1918896734714508
0.13730143010616302
0.19727161526679993
0.1603468507528305
0.19236028194427487
0.13205136358737943
0.05098626390099525
0.15466962754726407
0.05054377019405365
0.04650020971894264
0.1253044456243515
0.18902023136615756
-0.012196963652968407
0.22874170541763303
0.18451981246471405
0.16847187280654907
0.1481630802154541
0.1541910022497177
0.22696326673030853
0.08068486303091049
0.17166189849376678
0.19231897592544556
0.15011118352413175
0.2342616021633148
0.04616742953658104
0.20339603722095487
0.11090636998414992
0.139122873544693
0.11552530527114868
0.10506661981344224
0.029990261420607567
0.11603648960590363
0.1476975381374359
0.15982301533222198
0.12983180582523343
0.03424787521362305
0.11335855722427368
0.18252041935920715
0.05890307202935218
0.14328140020370483
0.03627528622746468
0.08968595415353775
0.23583330214023593
0.18074239790439603
0.1269527971744537
0.1282950788736343
0.1002918854355812
0.24451537430286407
0.19618459045886996
0.15856535732746124
0.10406313091516493
0.21126095950603485
0.18524549901485443
0.12115027755498886
0.10863349586725234
0.021874381229281425
0.171126589179039
0.09105647355318067
0.15469510853290555
0.08485984057188034
0.23678694665431976
0.10274320840835573
0.19344104826450348
0.16909699141979215
0.06415849924087524
0.18841491639614105
0.1285963803529739
0.14955051243305206
0.2474605888128281
0.10612045973539352
0.16099338233470917
0.19212821125984192
0.03264263644814491
0.08906336128711699
0.2216919511556625
0.12126647680997849
0.12191634625196456
-0.023521343246102333
-0.0745139643549919
0.1806449592113495
-0.030179256573319435
0.14062586426734924
0.22809825837612152
0.1358518153429031
0.010087495669722555
0.21974660456180567
0.23595918715000153
0.11472605913877489
0.1470077484846115
0.08288354426622391
0.043675370514392846
0.16927991807460785
0.2285437136888504
0.08931706845760345
0.22472710907459256
0.16974149644374847
0.12381636351346968
0.12179253250360488
0.03560816124081612
0.12824656069278717
0.1685861200094223
0.09080035239458083
0.21860828995704648
0.18191395699977875
0.2285993844270706
0.16575081646442413
0.17798840999603271
0.15475530922412872
0.1720809042453766
0.22900731861591336
0.1522979885339737
0.13282202184200287
0.09294547885656355
0.1580023169517517
0.18018285930156708
0.04698600247502327
0.025137150660157204
0.1320754587650299
0.1250963658094406
0.25340217351913447
0.14745491743087769
0.08982011675834654
0.1299486607313156
0.1634216010570526
0.08037825673818588
0.18858785927295685
0.09180819988250732
0.17167776823043823
0.15215785801410675
0.0710330680012703
0.15588173270225525
0.11411317437887192
0.1514204889535904
0.21294899284839633
0.2057848423719406
0.23486550152301788
0.2027636021375656
0.13779005408287048
0.163205549120903
0.1836780607700348
0.14019955694675443
0.2306748181581497
0.11185228079557417
0.19843830168247223
0.18125922977924344
0.154181107878685
0.12239410728216173
0.03125090152025223
0.18207933008670807
0.03418907895684242
0.13585074245929718
0.13672153651714325
0.19792278110980988
0.07855197787284851
0.14569948613643646
0.13377229869365692
0.06445164233446121
0.1384151726961136
0.2052961885929108
0.0695713683962822
0.19306267797946927
0.0974367931485176
0.1693470329046249
0.23801399767398837
0.15250886976718903
0.23383189737796783
-0.01060369424521923
0.23823417723178864
0.1678825169801712
0.1659783571958542
0.1278821676969528
0.07613053172826768
0.1055268421769142
-0.01956178806722164
0.10421481728553772
0.16811014711856842
0.13521340489387512
0.16050150990486145
0.18839339911937716
0.16514490544795987
0.12850594520568848
0.06416521221399307
0.12027374655008316
0.16953657567501068
0.1139831766486168
0.031015263870358467
0.22712548077106476
0.07958538830280304
0.16640599071979523
0.17601323127746582
0.1837567687034607
0.1816355586051941
0.23380546271800995
0.20041091740131375
0.22906483709812164
0.16877973079681396
0.1014980301260948
0.1364344209432602
0.08817891031503677
0.1389068216085434
0.08727855980396271
0.24963076412677765
0.2262602001428604
0.10362528264522552
0.18957380950450897
0.16063375771045685
0.14321520924568176
0.153982013463974
0.0024448311887681484
0.12682366371154785
0.18557290732860565
0.20303507149219513
0.23925901949405673
0.2227918803691864
0.18203456699848172
0.0809631273150444
0.1308867186307907
0.057975735515356064
0.1872635930776596
0.18212369084358213
0.09307921677827836
0.20440046489238736
0.23562829196453092
0.04356956109404564
0.16169701516628265
0.10396658629179
0.10943561792373656
0.12040554732084274
0.23311544954776764
0.14783449470996857
0.24610473215579984
0.13216456770896912
0.13569302856922147
0.1561852991580963
0.0868672803044319
0.1948619931936264
0.1361796110868454
0.16566985845565796
0.1812269985675812
0.016760291531682014
0.17008984088897705
0.13190200924873352
0.17247043550014496
0.04402095824480057
0.17676085233688354
0.18810316920280457
0.1211269125342369
0.13205228745937347
0.15599967539310455
0.23062165081501007
0.16190290451049805
0.15733937919139862
0.14933359622955322
0.09860163927078248
0.22892074286937716
0.059424687176942825
0.16677652299404144
0.17987804114818573
0.19319641590118408
0.10081490129232407
0.11361277848482132
0.12153980880975725
0.11941684037446976
0.17875762283802032
0.20997478067874908
0.19100628793239596
0.16167812049388883
0.21804036200046537
0.1087825745344162
0.19157052040100095
0.12531575560569763
0.23226140439510343
0.09967143833637235
0.23923230171203613
0.1523379236459732
0.11407885700464249
0.11748910695314407
0.10924255102872849
0.18627332150936127
0.138449028134346
0.0269926842302084
0.1568337231874466
0.13424013555049896
0.1520109921693802
0.15641085803508759
0.06307107210159302
0.18421702086925504
0.0005179918371140957
0.19654132425785065
0.15849609673023224
0.19712628424167636
0.09725195914506912
0.14867939054965973
0.16646535694599152
0.16170337796211243
0.16374439001083374
0.2163723856210709
0.24412114918231964
0.1829930692911148
0.1641550213098526
0.17030344903469083
0.09222164005041121
0.029945945367217064
0.19916316866874692
0.13311754167079923
0.21259739995002744
0.14652197062969208
0.17688745260238647
0.1485038697719574
0.206941232085228
0.20727799832820887
0.07214271277189255
0.12111539393663406
0.2268100082874298
0.1587408035993576
0.1548183113336563
0.1466279178857803
0.12049748748540878
0.07442980259656906
0.06728775054216385
0.008637294173240662
0.19994041323661804
0.1589226871728897
0.1828623861074448
0.2162127494812012
0.14818811416625977
0.18661119043827057
0.08472387492656708
0.011727580800652504
0.06169572100043297
0.16882652044296265
0.05293383821845055
0.09883519262075424
0.08294203132390976
0.1276901215314865
0.12287985533475876
0.07771193981170654
0.09344049543142319
0.1816075295209885
0.11863841861486434
0.07741562277078627
0.1385578215122223
0.06434773653745651
0.10045481473207472
0.173051118850708
0.15710924565792084
0.13609765470027924
0.09801625460386275
0.13558845221996307
0.007610575761646032
0.1361946314573288
0.24887536466121676
-0.0008595497347414492
0.047353677451610565
0.10869950056076048
0.14473338425159454
0.14466652274131775
0.13776370882987976
0.18545639514923093
0.06779132783412933
0.1579544097185135
0.21190911531448364
0.18821550905704496
0.16187451779842377
0.03985022380948067
0.14551173150539398
-0.04582606628537177
0.2263827621936798
0.2139785587787628
-0.03815760463476181
0.08248390257358551
0.17395031452178955
0.21034488081932068
0.11875250190496443
0.07378434389829636
0.06446187943220139
0.12356927245855331
0.11620321869850159
0.13796113431453705
0.18904270231723783
0.08272227644920349
0.06399095058441162
0.12720687687397003
0.14654874801635742
0.13772238790988922
0.2360508888959885
0.07289587706327438
0.13682034611701965
0.2360999435186386
0.23921881616115567
0.09876533597707747
0.24165041744709012
0.2557635009288788
0.14454194903373718
0.19488681852817533
0.1785029023885727
0.172123983502388
0.1883351653814316
-0.005788302514702082
0.17295466363430023
0.18637306988239288
0.1890108436346054
0.2539041042327881
-0.032420895993709564
0.1451573222875595
0.15469519793987274
0.2186024039983749
0.13969726860523224
0.24227251112461087
0.025935156270861626
0.07984290271997452
0.13336442410945892
0.1693325936794281
0.20325365662574768
0.1808561086654663
0.20029884576797485
0.15713998675346375
0.15565261244773865
0.20992155373096463
0.1909689754247665
0.21138720214366913
0.2133551388978958
0.14442504942417145
0.15636560320854187
0.15301188826560974
0.2227381020784378
0.22430773079395291
0.14803190529346466
0.14722104370594025
0.06381113827228546
0.13617549836635587
0.11422526091337204
0.179969385266304
0.22349943220615384
0.17634810507297516
0.14687468111515045
0.14035628736019135
-0.06864482909440994
0.14119598269462583
0.06633234024047852
0.03394298627972603
0.18538577854633329
0.1373298615217209
0.1111813336610794
0.1506236344575882
0.12701904773712158
0.1877713054418564
0.14477999508380887
0.13450799882411957
0.1464250087738037
0.06533369421958923
0.09656386077404022
0.007303887512534856
0.252479612827301
0.12778514623641968
0.2405053079128265
0.16770043969154355
0.19270302355289456
0.22628855705261233
0.16902825236320496
0.08718258142471313
0.09703575819730759
0.03708817809820175
0.13170383870601654
0.17888833582401276
0.20420975983142847
0.16841425001621246
0.13815657794475555
0.18807487189769745
0.1212717518210411
0.2359239161014557
-0.019350649788975716
0.17250356078147888
0.18191324174404144
0.16044120490550995
0.09231653809547424
0.19074490666389465
0.23549629747867584
0.16056284308433533
0.15722337365150452
0.16904228925704956
0.15836302936077115
0.007932970300316809
0.10283736884593964
0.18895573914051053
0.21703059971332553
-0.07638128101825714
0.1877654939889908
0.16134822368621826
0.08267833292484283
0.25255197286605835
0.1544995158910751
0.13183510303497314
0.19244726002216336
0.2424248903989792
0.18902739882469177
0.11020676046609879
0.21601976454257965
0.13019840419292447
0.1592242270708084
0.12990008294582367
0.180427685379982
0.16511717438697815
0.184035524725914
0.0744689404964447
0.20443828403949735
0.23422738909721372
0.23146148025989527
0.23538199067115784
0.2477369457483292
0.09549123793840408
0.18768420815467837
0.13625819981098175
0.20253778994083405
0.09485597163438798
0.18551130592823029
0.19446493685245517
0.09120913594961166
0.1256575733423233
0.2218521535396576
0.1890663504600525
0.22029285132884976
0.08080895245075226
0.15020002424716947
0.09685458987951279
0.1617959290742874
0.027064090594649315
-0.016705570742487907
0.07797827571630478
0.1459043323993683
0.1515592783689499
0.23358264565467837
0.12011421471834181
0.18864822387695312
0.1709742397069931
0.18575116991996765
0.09546615183353424
0.016686541959643364
0.1605664938688278
0.17571993172168732
0.23899319767951965
0.2072269916534424
0.12903809547424316
0.04480284824967384
0.05245967581868172
0.22134049236774445
0.1823612004518509
0.18366084992885587
0.10272670537233353
0.10514167696237564
0.16548755764961243
0.0585971213877201
0.1657002717256546
0.19097477197647092
0.2521588206291199
0.2355833202600479
0.12485503405332564
0.1742921769618988
0.14719289541244507
0.12030311673879623
0.14865443110466003
0.19304193556308744
-0.1175740212202072
0.20194049179553983
0.10332706570625304
0.12727059423923492
0.10729555040597916
0.05202078446745872
0.12519022822380063
-0.06716190278530121
0.14753879606723783
0.19371330738067624
0.15448243916034698
0.19907552003860476
0.06438710540533066
0.19342346489429477
0.09873437881469727
0.09511896222829817
0.1086636260151863
0.21051964163780207
0.1859658807516098
0.24212992191314697
-0.058078665286302567
0.15806977450847623
0.10275179892778397
0.2320956438779831
0.14726053178310394
0.18089821934700007
0.19373163580894473
0.23235642910003665
0.18088996410369876
0.14256294071674347
0.17671911418437955
0.0868174210190773
0.12532982230186462
0.1674937605857849
0.22884282469749448
0.17192770540714264
0.1761421114206314
0.027586719021201134
0.08921682834625244
0.22349026799201965
0.20355260372161865
0.11553139984607697
0.03939768299460411
0.1661127656698227
-0.0306547936052084
0.13495150208473203
0.04151837900280952
0.14872200787067413
0.18399953842163083
0.13085569441318512
0.057764384895563126
0.17218442261219025
0.23355387151241305
0.20448410511016843
0.18305356800556183
0.10399387776851654
0.09936898201704024
0.2380181849002838
0.2120377868413925
0.14371050894260406
0.14978145062923431
0.16253100335597992
0.13878794014453888
0.23168303072452545
0.2137732803821564
0.0584820844233036
0.1462220400571823
0.19615007936954496
0.215799942612648
0.0216775294393301
0.15247589349746704
0.11995434015989304
0.17669828236103055
0.06328977644443512
0.11617930978536604
0.1315113753080368
0.17817965149879456
0.07522570341825485
0.08967367559671403
0.04529586806893349
0.1842527687549591
0.08056468516588211
0.241050124168396
0.19739180803298953
0.14983360469341278
0.2271358221769333
0.16187123954296112
0.16132189333438873
0.0756033807992935
0.07606672495603561
0.20401428639888763
0.10338961333036421
0.15157149732112885
0.16048170626163483
0.22101326286792755
0.18211218714714048
0.22363921999931333
0.07522790133953094
0.14271672070026395
0.18641318380832672
0.2118709087371826
0.1333390027284622
0.07898672670125961
0.18659950792789456
0.049139045178890235
0.1466936320066452
0.18897047638893127
0.2341056913137436
0.13819843530654907
0.24201788008213043
0.13461117446422577
0.16537857055664062
0.1428795754909515
0.1018807664513588
0.1827994138002396
0.21481071412563324
0.15269719064235687
0.17950949072837827
0.15594492852687836
0.18867336213588717
0.1196124479174614
0.13620485365390775
0.1607305109500885
0.14811073243618011
0.09863130003213881
0.10201380401849745
0.16274049878120422
0.1398554295301437
0.13070450723171234
0.12704765796661377
0.18443363904953
0.12537468969821927
0.1394405961036682
0.18429437279701233
0.048357173800468445
0.006364395376294851
0.20762890577316284
0.1684282422065735
0.193391814827919
0.23050811886787412
0.20719645917415616
0.1757284253835678
0.1457693725824356
0.07888755947351454
0.05953766778111458
0.09698995947837827
0.2189900428056717
0.12307588011026382
0.206640288233757
0.23275114595890045
0.1208072081208229
0.14849071204662323
0.20192147791385648
0.1618403047323227
0.13978879153728485
0.17968469858169556
0.18732839822769165
0.233050674200058
0.24019154906272888
0.15145526826381683
0.1718495637178421
0.23166777193546292
0.1427283138036728
0.0856599286198616
0.13581378757953644
0.04947865381836891
0.15484930574893951
0.1781375557184219
0.2162689417600632
0.2256041914224625
0.2307681888341904
0.22500883042812347
0.18428093194961548
0.19101937115192413
0.2334568351507187
0.21352718770504
0.15362988412380219
0.2026648670434952
0.09480716288089752
0.18913698196411127
0.2412063032388687
0.06709098815917969
0.17376109957695007
0.24877776205539703
0.10004232078790665
0.15476106107234955
0.10270213335752489
0.14719821512699127
0.1661301553249359
0.2300408035516739
0.10370507091283798
0.20882663130760193
0.03513564541935921
0.16033008694648743
0.12419085949659348
0.1872470825910568
0.10105551034212112
0.09057211875915527
0.1572047173976898
0.1013810709118843
0.2374826222658157
0.031549818813800805
0.20816552639007568
0.19224996864795685
0.1947382688522339
0.14558817446231842
-0.05048491433262825
0.09414201229810713
0.23114006221294403
0.17463715374469757
0.050148312002420425
0.1802605390548706
0.16974008083343503
0.09705925732851027
0.08407114446163177
0.1826501488685608
0.11433398723602294
0.190779909491539
0.1329589486122131
0.15381215512752533
0.080133818089962
0.14436130225658417
0.04391125962138176
0.0705227330327034
0.19468745589256287
0.20422999560832977
0.23334161937236783
0.12130355089902876
0.07412349432706831
0.18034756183624268
0.22780892252922055
0.10900406539440156
0.17806538939476013
0.1110495552420616
0.19007582962512967
0.16070400178432465
0.07605292648077011
0.16196325421333313
0.13387209177017212
0.23949754238128665
0.23575234413146967
0.18753114342689517
0.18097187578678128
0.24383439123630524
0.17057237029075623
0.16577084362506866
0.23885442316532132
0.180856928229332
0.1651918739080429
0.19817160069942477
0.22861148416996
0.20067696273326877
0.03213954716920853
0.23391297459602356
0.23124356567859647
0.16052289307117462
0.1728874146938324
0.09156294912099838
0.13414494693279266
0.17434751987457275
0.12602047622203827
0.2234757095575333
0.17223282158374786
0.007838210090994835
0.08892568945884705
0.21774379909038544
0.2193845957517624
0.12874670326709747
0.10631947219371796
0.13119082152843475
0.08652853220701218
0.12113574892282485
0.0739775225520134
0.15135283768177032
0.14776939153671265
0.07013306766748428
0.19358141720294952
0.17471133172512054
0.12454282492399216
0.10668061673641203
0.1832779496908188
0.20679019391536713
-0.009537773206830025
0.2489266246557236
0.20762141048908236
0.20907109975814817
0.07661459594964981
0.23119106888771057
0.011820945888757704
0.17228123545646667
0.17260010540485382
0.026117959991097447
0.1696464866399765
0.17308463156223297
0.18343080580234528
0.1979316473007202
0.16662900149822235
0.24031420052051544
0.15275654196739197
0.22696447372436523
0.16134220361709595
0.21573154628276825
0.1572027951478958
0.11968018859624863
0.17134857177734375
0.1871693432331085
0.12754298746585843
0.1911823004484177
0.10695958882570265
0.0214157085865736
0.1527368277311325
-0.08730639517307281
0.22412440180778503
0.17198090255260468
0.17989732325077057
0.09193945676088333
0.23824553191661835
0.12074968963861464
0.1456708461046219
0.155985027551651
0.15601733326911926
0.19164884090423584
0.09626863151788712
0.1171211078763008
0.2384212017059326
0.12086419016122817
0.06177628412842751
0.1395469754934311
0.10672570765018465
0.19238318502902985
0.16274817287921903
0.14184208214282987
0.1062355563044548
0.16691645979881287
0.1209077164530754
0.1685807853937149
0.19304729998111725
0.15824075043201447
0.2302454262971878
0.052658654749393456
0.03973392769694328
0.0520508848130703
0.21826735138893127
0.04387020319700241
0.1270649880170822
0.1837967038154602
-0.01722711510956287
0.1909422725439072
0.23112882673740384
0.24448828399181363
0.1667192578315735
0.18917424976825717
0.20981793105602264
0.1055367887020111
0.07415854930877684
0.10684455931186676
0.23118968307971957
0.12356450408697128
0.14238734543323517
-0.04826274886727333
0.1706904023885727
0.2244204580783844
0.13151498138904572
0.2230825275182724
0.1950700134038925
0.10079800337553024
0.20948092639446256
0.16707195341587067
0.20613624155521393
0.20364119112491608
0.17049452662467957
0.1124810352921486
0.06816763430833817
0.2389438897371292
0.1625923067331314
0.01602817513048649
0.17553657293319702
0.18780453503131864
0.21438384056091309
0.13633759319782257
0.14115570485591888
0.2305806279182434
0.240362212061882
0.032299451529979706
0.2199338525533676
0.06709330528974533
0.1065722182393074
0.1679381877183914
0.03062608651816845
0.174142986536026
0.08716795593500137
0.23323513567447665
0.10163690894842148
0.16269738972187042
-0.06442829966545105
0.03901441022753716
0.1811518371105194
0.20213283598423004
0.1648215353488922
0.1652456372976303
0.17164859175682068
0.09706275165081024
0.07806054502725601
0.2299204170703888
0.17840726673603055
0.14522932469844818
0.0895276740193367
0.10007848590612411
0.016117973253130913
0.14940810203552246
0.2393539994955063
0.11789879947900772
0.2410153150558472
0.09618373215198515
0.1735352724790573
0.1787836253643036
0.15805618464946747
0.1558927446603775
0.14859232306480408
0.14981473982334137
0.17602720856666565
0.08129313588142395
0.1858898848295212
0.14780691266059875
0.23278568685054776
0.22921791672706604
0.2073007971048355
0.14831286668777463
0.13960804045200348
0.1379195600748062
0.16101102530956268
0.1612493097782135
0.14193935692310333
0.16121165454387665
0.15344613790512085
0.237847238779068
0.23433361947536469
0.2415449619293213
0.18015718460083008
0.1928013265132904
0.18496499955654144
0.15603752434253693
0.05720219388604164
0.03572675958275795
0.103285051882267
0.22945263981819153
0.1943357139825821
0.17170341312885284
0.19723233580589292
0.19393190741539
0.1838981807231903
0.18532736599445343
0.13651145994663239
0.1406504064798355
0.16451087594032288
0.14498840272426605
0.20163461565971372
0.18113733828067777
0.08893360942602156
0.0633402019739151
0.1579759269952774
0.21358774602413175
0.056930627673864365
0.14932255446910858
0.035982225090265274
0.10365963727235794
0.2175355851650238
0.03585391491651535
0.19383041560649872
0.13656850159168243
0.22224335372447968
0.14915321767330167
0.03639376908540726
0.10615020245313644
0.1806386560201645
0.20025916397571564
0.14846569299697876
0.16787688434123993
0.10669326037168501
0.21880862116813657
0.1322399526834488
0.17361240088939667
0.19994489848613736
0.0939604565501213
0.1155017390847206
0.07482881098985672
0.17011575400829315
0.12699072062969208
0.19705387949943545
0.22966621816158292
0.1028941497206688
0.0698743537068367
0.17485485970973969
0.17665044963359833
0.11412235349416731
0.11570198833942412
0.08783170580863953
0.08596307784318925
0.16863955557346344
0.12463852018117905
0.1432880014181137
0.10832875967025755
0.1805091053247452
0.2404153198003769
0.222107395529747
0.2357099801301956
0.19368889927864075
0.15951977670192719
0.062234174460172646
0.23246686160564425
0.14615876972675323
0.16721084713935852
0.15639416873455048
0.023567220196127888
0.17922452092170715
0.1886597275733948
0.0742819607257843
0.18168596923351288
0.17686620354652405
0.10336984694004057
0.11546070128679276
0.10098890215158463
0.1736374944448471
0.1517620086669922
0.2053641825914383
0.14826330542564392
0.02879066579043865
0.2332692593336105
-0.055024433881044395
0.15803954005241394
0.13418476283550262
0.1705520898103714
0.0413103960454464
0.08764064311981201
0.07565007358789445
0.2285136431455612
0.01672774739563465
0.13095109164714813
0.2423066049814224
0.1921909600496292
0.14373674988746643
0.13446252048015594
0.18708224594593048
0.1440729796886444
0.15995468199253082
0.18063460290431976
0.1663452535867691
0.17138969898223877
0.21106518805027008
0.10849089920520782
0.17518405616283417
0.19633086025714877
0.19179619848728177
0.09125318378210068
0.19733335077762604
-0.07392248511314392
0.2164851874113083
0.14800386130809784
-0.026635905727744102
0.15478187799453735
0.07814940810203552
0.11810491234064102
0.1458112895488739
0.15237592160701752
0.17061559855937955
0.10549883544445036
0.17054787278175354
0.07973790168762207
0.16006402671337128
0.21988384425640103
0.1815719157457352
0.03894275799393654
0.09605257958173753
0.08340809494256973
0.12815643846988675
0.1849918365478516
0.19367195665836331
0.11623121798038483
0.13834704458713531
0.1495785415172577
-0.05903660133481026
0.22601404786109924
0.14443956315517423
0.17474763095378876
0.13145869970321655
0.09303607791662216
0.2360161691904068
0.15777388215065002
-0.06691966205835342
0.21825566887855527
0.08254351466894148
0.14812336862087247
0.09551088511943816
0.11794441193342207
0.07991626858711241
0.21950250864028928
0.10812200605869292
0.24307335913181305
0.1461317390203476
0.19540786743164065
0.0535433404147625
0.08653028309345245
0.12796954810619354
0.1500425487756729
0.007587069179862738
0.17176289856433868
0.15321022272109985
0.2053832709789276
0.20374666154384613
0.07911651581525801
0.17170272767543793
0.17504867911338806
0.1319756060838699
0.2326766401529312
0.23165474832057953
0.21843940019607544
0.044587086886167526
0.11373740434646606
0.23098060488700864
0.08161662518978119
0.13584426045417783
0.1948735862970352
0.11282210797071456
0.09700166434049606
0.09094879776239395
0.20848666131496427
0.20310552418231964
0.20575068891048431
0.1858733147382736
0.1138123944401741
-0.01821012422442436
0.06012803688645362
0.17155145108699799
0.20685137808322904
0.22032852470874784
0.08406823873519897
0.08600515872240065
-0.005944876465946436
0.17290061712265015
0.18213309347629547
0.1544562429189682
0.1702861338853836
0.11026018112897872
0.23749485611915588
0.18163844943046567
0.21253852546215057
-0.034996770322322845
0.18809661269187927
0.17061282694339752
0.0831797868013382
0.09700069576501846
0.2038305550813675
0.15506567060947418
0.1680336147546768
0.14769630134105682
0.07797768712043762
0.16289067268371582
0.052480299025774
0.13896077871322632
0.1713815480470657
0.08923592418432236
0.16221317648887634
0.18945156037807465
0.1401008516550064
0.17171797156333923
0.11551734060049056
0.16038063168525696
0.12541310489177704
0.14385250210762024
0.21548201143741608
0.1768750697374344
-0.01844793371856213
-0.022301314398646355
0.1273381859064102
0.17841289937496185
0.0706629827618599
0.08002619445323944
0.1703488975763321
0.24058254063129425
0.1914814859628677
0.07868473976850508
0.1935097575187683
0.08052089065313339
0.052071385085582726
0.212930366396904
0.10623860359191895
0.1217619851231575
0.048795156180858605
0.060832370072603226
0.22968094050884247
0.1118205115199089
0.1762402504682541
0.19166241586208344
0.17369887232780457
0.19467128813266757
0.028275011107325557
0.1880804151296616
0.24472339451313016
0.20160625874996185
0.208541676402092
0.11427637934684752
0.12492219358682632
0.17778287827968595
0.21149633824825287
0.16675010323524475
0.151301771402359
0.1959089487791061
0.11197555810213088
-0.0526856817305088
0.23338249325752256
0.24432606995105743
0.16160957515239716
0.2072485387325287
0.12535129487514496
0.16750134527683258
0.10235965251922607
0.09239257127046584
0.19318662583827967
0.12430361658334732
0.17953740060329437
0.08712510019540785
0.1760174185037613
0.14370261132717133
0.14782816171646118
0.1668872237205505
0.11847949773073196
0.18773405253887177
0.1294655203819275
0.09406401216983795
0.2261328250169754
0.2273715436458588
0.2262060344219208
0.1252707988023758
0.16916488111019135
0.1739395707845688
0.1309307962656021
0.17092348635196683
0.1490033119916916
0.16006647050380707
0.03441449627280235
0.0240206029266119
0.21918329596519473
0.13943685591220856
0.13386903703212738
0.17381544411182404
0.05659859254956245
0.16775603592395782
0.06955865770578384
0.2467818707227707
0.20366682112216947
0.18181054294109344
0.19076544046401975
0.16859352588653564
0.20703141391277316
0.13260675966739655
0.12983408570289612
0.14109466969966888
0.1324436068534851
0.14034326374530792
0.1730833500623703
0.07177828997373581
0.13942544162273407
0.07354947924613953
-0.008220857009291649
0.12615342438220975
-0.0017385059036314487
0.1377374082803726
0.13345204293727875
0.1661442667245865
0.14723987877368927
0.12648987770080566
0.08192364126443864
0.14283747971057892
-0.01643386296927929
-0.0018305764533579347
0.16465981304645538
0.19148737192153928
0.100128673017025
0.14887981116771698
0.24823884665966037
0.22267346084117887
0.17070630192756653
0.14755411446094513
0.15078921616077423
0.16717983782291412
-0.0475430004298687
-0.007958533242344856
0.21303158998489377
0.2345304936170578
0.1995299607515335
0.08924459666013716
0.1271499395370483
0.08464298397302628
0.22827625274658203
0.1326322853565216
0.21653009951114652
0.12918230891227722
0.2016906291246414
0.05738714709877968
0.2053442597389221
0.1896805167198181
0.20509791374206543
0.14145003259181976
0.19722564518451688
0.047946806997060776
0.19931137561798093
0.21964749693870544
0.03783227875828743
0.13793917000293732
0.16391156613826752
0.15202029049396515
0.006161847617477179
0.149188831448555
0.2501887083053589
0.18310177326202393
0.15924906730651855
0.1759095937013626
0.13340356945991516
0.23237234354019165
0.1796341836452484
0.14090184867382047
0.1789967268705368
0.1126319020986557
0.1999952048063278
0.13162030279636383
0.10254696756601332
0.19994647800922397
0.18525926768779755
0.1219830885529518
0.12297933548688889
0.16147999465465543
0.1573532223701477
0.19391377270221713
0.11366604268550871
0.17024876177310944
0.113967664539814
0.01757393591105938
0.19427990913391116
0.13698606193065643
-0.010123556479811668
0.05931409075856209
0.23330898582935333
0.18082641065120697
0.17140457034111023
0.18648807704448697
0.15695540606975555
0.2500278651714325
0.24134050309658048
0.11727531999349594
0.23307017982006076
0.13748206198215485
0.1295124590396881
0.05803314968943596
0.20064853131771088
0.14414344727993011
0.2423516660928726
0.15462295711040497
0.04005631431937218
0.2303754538297653
0.1183278113603592
0.14728116989135742
0.18603873252868647
0.16535030305385587
0.13219384849071503
0.2333361506462097
0.1705649495124817
0.10688377171754836
0.16498345136642456
0.1223529502749443
0.18135719001293185
0.03886956349015236
0.17268559336662292
0.22427977621555328
0.18275935947895047
0.19448114931583405
0.24805213510990143
0.12812024354934692
0.23660872876644132
0.20995941758155823
0.08491492271423341
0.24235491454601288
-0.051865875720977776
0.21669079363346097
0.1688929796218872
0.03154892101883888
0.20342501997947687
0.2299477905035019
0.1442061811685562
0.17851896584033966
0.2113221883773804
0.16562196612358093
0.13644365966320035
0.07602354884147645
0.19767437875270844
0.20005859434604645
0.08989813923835753
0.06168477609753609
0.14194107055664062
0.10848862677812576
0.18692117929458615
0.20945383608341217
0.07785017043352127
0.18970246613025665
0.04550590738654137
0.15831851959228516
-0.006597666535526513
0.17649467289447784
0.21793116629123688
0.24025209248065948
0.08695412427186966
0.2062748819589615
0.14992952346801755
0.1422937959432602
0.22192786633968356
0.11122413724660872
-0.06534882634878159
0.136161208152771
0.16374631226062775
0.10485436767339706
0.23233298957347867
0.024645032361149788
0.1517319530248642
0.19523653388023376
0.2186278849840164
0.15224023163318634
0.13338617980480194
0.17333464324474335
0.1305374652147293
0.1759846657514572
0.006565203424543142
0.23635677993297577
0.1536085456609726
0.1903154253959656
0.1266941875219345
0.13431985676288605
0.13585878908634183
0.06361201405525208
0.06033029779791832
0.09330040961503983
0.2043502181768417
0.11150673776865004
0.00908500887453556
0.18960030376911163
0.0995381250977516
0.239322692155838
0.1758413165807724
0.2000868171453476
0.14202627539634705
0.17461848258972168
0.13882343471050262
0.17737333476543427
-0.009597068652510643
0.07614715397357939
0.1802296936511993
0.16639113426208496
0.16006629168987274
0.16990244388580322
0.1828642785549164
0.1784556806087494
0.13146789371967316
0.025751745328307152
0.1555606871843338
0.030904734507203106
0.2333805114030838
0.19332952797412872
0.15476295351982117
0.15297566354274747
0.06433141976594925
0.2432571649551392
0.23869159817695615
0.1756756603717804
0.17173723876476288
0.17590180039405823
0.013483816757798193
0.19175541400909424
0.10786426067352294
0.18633373081684113
0.14077240228652954
0.17808882892131803
0.1338924616575241
0.22174473106861117
0.09675023704767229
0.19856044650077817
0.177848681807518
0.0994180217385292
0.10869450867176056
0.14763225615024567
0.15790842473506927
0.2418716996908188
0.13291823863983154
0.22558438777923584
0.2229465991258621
0.03988814726471901
0.20316579937934875
0.10452423244714736
0.17574627697467804
0.08354060351848601
0.18307124078273773
0.1971793621778488
0.14847321808338165
-0.048406071960926056
0.12950143218040466
-0.016163906082510948
0.17951820790767667
0.12148908525705336
0.2297755181789398
0.19683091342449188
0.04053177312016487
0.20757430791854856
0.2048415094614029
0.05402390286326408
0.22375082969665527
0.19265186786651609
0.11007852852344512
0.16254068911075592
0.17105376720428467
0.2459252029657364
0.15992207825183868
0.09124437719583511
0.17585526406764984
0.12472947686910628
0.08021165430545808
0.14723950624465942
0.1914624571800232
0.17776967585086823
0.1862658113241196
0.1616692841053009
0.19992612302303317
0.1902309358119965
0.18693162500858304
0.11683784425258636
0.23391242325305936
0.09042539447546004
0.1821082234382629
0.0968041941523552
0.02625913731753826
0.1736377328634262
0.22799457609653473
0.11257282644510268
0.17450031638145447
0.1810184270143509
0.16063521802425385
0.08923733234405516
0.22751730680465695
0.1642656922340393
0.0939732640981674
0.2071990668773651
0.2036484330892563
0.06658429652452469
0.1447989046573639
0.1575889140367508
0.1246405318379402
0.1365041583776474
0.19034688174724576
0.17727679014205933
0.11725500971078873
0.18629904091358185
0.081617571413517
0.15990488231182098
0.10955189913511276
0.12732721865177155
0.1645056903362274
0.22677010297775269
0.18313144147396088
0.2058657556772232
0.07529739290475845
0.15016813576221466
0.18001757562160492
0.19421739876270291
0.2358059734106064
0.0909438282251358
0.17763788998126984
0.13452367484569547
0.19707949459552765
0.15901291370391843
0.14855968952178955
0.10045552998781204
0.11173944920301436
0.23942813277244568
0.15081121027469635
0.17186887562274933
0.145680770277977
0.1812320053577423
0.1419207602739334
0.09703077375888824
0.23255920410156247
0.1139303520321846
0.10937802493572236
0.17485760152339935
0.1744711548089981
0.2065436094999313
0.13801704347133636
0.2333502173423767
0.16587576270103455
0.06795931607484818
0.20370410382747647
0.1821235716342926
0.2138899117708206
0.06406146287918091
0.12844480574131012
0.17632067203521729
0.13119058310985565
0.19553078711032867
0.1547798365354538
0.15754520893096924
0.19223815202713007
0.1895587742328644
0.1301007717847824
0.18071892857551572
0.223543643951416
-0.012083860114216805
0.09150346368551254
0.18289874494075772
0.18554192781448364
0.15962238609790802
0.2331126183271408
0.17646627128124237
0.15211918950080872
0.1933661848306656
0.17426635324954987
0.1406383365392685
0.16338638961315155
0.13034655153751373
0.1583247035741806
0.1344727128744125
0.1466434746980667
0.2297330945730209
0.1431889683008194
0.24692241847515103
0.11639761924743652
-0.05389184132218361
-0.00028715888038277626
0.19635897874832156
0.11915680021047592
0.1472533643245697
0.23983386158943176
0.189172238111496
0.22702442109584808
0.12379776686429976
0.1817936599254608
0.1567205041646957
0.23795802891254425
0.22984464466571808
0.07365018129348755
0.19098123908042908
0.08304861932992934
0.12417735904455184
0.08054911345243454
0.15771503746509552
0.23413416743278503
0.04490174725651741
0.14199255406856537
0.16483744978904724
0.19704890251159668
0.16432751715183258
0.191571906208992
0.1365309506654739
0.24831934273242953
0.19559685885906217
0.12388283759355544
0.1642005890607834
0.13610734045505524
0.16830366849899292
0.006365691777318716
0.11074474453926086
0.2422388046979904
0.2180172502994537
0.14024746417999268
0.14768683910369873
0.15898478031158447
0.1793603152036667
-0.03434676304459572
0.1983619779348373
0.03304021432995796
0.2277802973985672
0.1740335375070572
0.15193817019462583
0.19578352570533752
0.2331758290529251
0.18094444274902344
0.21539898216724396
0.210007444024086
0.07947885245084761
0.132476344704628
0.10319266468286514
0.24292008578777316
0.23352037370204923
0.08162350952625273
0.026517370715737343
0.1318100541830063
0.21063633263111117
0.18787766993045807
0.1420280784368515
0.19500772655010223
0.2252245843410492
0.16715647280216217
0.04627384245395661
0.05751273408532143
0.2077055126428604
0.13548974692821503
0.1997766345739365
0.20073427259922028
0.11998233944177628
0.07477424293756485
0.1458945870399475
0.1201258674263954
0.14564615488052368
0.15159311890602112
0.11468192189931868
0.07843828201293945
0.11992108076810835
0.16735203564167023
0.04384703561663628
0.17202220857143402
0.19113264977931976
0.11028607189655304
0.2336539179086685
0.10118792206048964
0.16473309695720673
0.14689210057258603
0.14770656824111938
0.08704519271850587
0.15633432567119598
0.15550504624843595
0.2134837955236435
0.2320139408111572
0.1909509599208832
0.1797521859407425
0.14773520827293396
0.1318962126970291
0.23413740098476407
0.07845506072044371
0.12202510982751846
0.22567830979824063
0.15217769145965576
0.14188168942928314
0.17269326746463776
0.04477076232433319
0.1728055775165558
0.12963251769542694
0.08579375594854355
0.19227513670921323
0.22447435557842252
0.12276460975408554
0.18754786252975464
0.2332430928945541
0.20981322228908536
0.16721723973751068
0.1050472930073738
0.1800910383462906
0.1821755021810532
0.2270097583532333
0.12430914491415024
0.18212038278579712
0.12417655438184738
0.1085614338517189
0.04456643015146256
0.16679514944553375
0.13212521374225616
0.21572317183017728
0.13801078498363495
0.14893607795238495
0.15909405052661896
0.23726235330104828
0.19262027740478516
0.11445649713277815
0.23536428809165957
0.22605715692043304
0.17905409634113312
0.1344716101884842
0.2473817616701126
0.16136999428272247
0.17786632478237152
0.15569265186786652
0.04843560978770256
0.22377575933933255
0.13584299385547635
0.09463634341955185
0.15262657403945923
0.17466621100902557
-0.02543149702250957
0.22581876814365384
0.06224143877625465
0.23357458412647247
0.18352334201335904
0.10040842741727828
0.25084856152534485
-0.0005753510631620884
0.18466587364673612
0.02577299065887928
-0.03783240541815758
0.23503701388835904
0.16217072308063507
0.23323582112789157
0.19611991941928864
0.18719567358493805
0.07780429720878601
0.012429634109139442
0.14987845718860626
0.05922222509980202
0.07690625637769699
0.195668950676918
0.19348643720149997
0.19523413479328156
0.20645108819007876
0.17346173524856567
0.11745470762252808
0.15403644740581512
0.14833323657512665
0.1316392570734024
0.2344800978899002
0.16211380064487457
0.15564967691898343
0.16685807704925537
0.13908804953098297
0.14387068152427673
0.08868765085935593
0.08811895549297331
0.13294394314289093
0.07800581306219102
0.1876654475927353
0.2512774169445038
0.1701879650354385
0.14490476250648499
0.15892575681209564
0.08302747458219528
0.17155025899410248
0.18770037591457367
0.15249598026275635
0.15851442515850067
-0.02448778599500656
0.13532254099845886
0.18415363132953644
0.12159290164709093
0.1322794109582901
0.10900399833917616
0.14325217902660367
0.23853543400764465
0.09627863019704817
0.1815640777349472
0.15582378208637235
0.23304927349090576
0.18108989298343656
0.2280305176973343
0.11996548622846603
0.13662080466747284
0.16844436526298523
0.16252319514751434
0.2247355878353119
0.1624945104122162
0.16698509454727173
0.048732388764619834
0.18909382820129397
0.15337306261062622
0.18547093868255612
0.04603433236479759
0.10645482689142229
0.15911690890789032
0.11001821607351304
0.1504662185907364
0.23264503479003903
0.2327512502670288
0.22764770686626437
0.14193828403949735
0.15656132996082303
0.08584190160036087
0.21037156879901883
0.23240984976291656
0.12796880304813385
0.15810929238796234
0.10264255106449129
0.1501498371362686
0.13836058974266052
0.1897079944610596
0.14969764649868011
0.1782473623752594
0.2273889034986496
0.24049551784992215
0.1467047482728958
0.23976221680641172
0.16988436877727509
0.07404472678899765
0.23444016277790067
0.11376578360795973
0.1827797889709473
0.07101910561323166
0.23908202350139615
0.10837491601705553
0.14771157503128052
0.07893542945384979
0.1613091379404068
0.24791271984577176
0.047611389309167855
0.07788247615098953
0.14580003917217255
0.10752529650926589
0.11631258577108385
0.13072054088115692
0.2037607580423355
0.1612924486398697
0.19695390760898593
0.15558697283267975
0.20510645210742953
0.11079112440347672
0.10941939800977706
0.052276194095611565
0.2197953760623932
0.23777200281620023
0.18902432918548584
0.18788801133632657
0.1675388365983963
0.1982479691505432
0.11555393785238265
0.09873545169830322
0.13771018385887146
-0.05024417117238045
0.14372314512729645
0.2150271236896515
0.1453809291124344
0.20649708807468412
0.15624991059303284
0.15586450695991516
0.04248886927962303
0.14540645480155945
0.17779503762722015
0.09028920531272888
0.17373622953891754
0.12598346173763275
0.031964026391506195
0.1108602061867714
-0.021589843556284904
0.15726619958877563
-0.03342686966061592
0.061173204332590096
0.18296130001544952
0.1933768838644028
0.2370350807905197
0.2142785936594009
-0.045460339635610574
0.21727429330348969
0.15617819130420685
0.059609759598970406
0.15097004175186157
0.1740639954805374
0.13958783447742462
0.23450084030628204
0.19537808001041407
0.2333876341581345
0.16710264980793
0.1447062790393829
0.1821191906929016
-0.03200384974479675
0.11370398849248886
0.1479814648628235
0.21081788837909696
0.20207433402538297
0.1345384269952774
0.06746012717485428
0.09061077237129213
0.14415712654590607
0.12034571915864944
0.18369700014591217
0.0980011224746704
0.19189701974391937
0.2033063918352127
0.1563643366098404
0.1612577587366104
0.24313755333423612
0.1489984542131424
0.1767551749944687
0.16553723812103271
0.011994479224085808
0.15379582345485687
0.020473944023251534
0.10210044682025908
0.21654176712036127
0.13272719085216522
0.112913079559803
0.2243499606847763
0.17175322771072388
0.2222013622522354
0.14593836665153503
0.13730664551258087
0.18366853892803192
0.15841245651245117
0.22262273728847504
0.249650314450264
0.20126865804195404
0.06595753878355026
0.17634572088718414
0.1524500995874405
0.14372755587100983
0.1185980811715126
0.16275352239608765
0.17733877897262573
0.09843081235885619
0.21998198330402371
0.23410752415657043
0.233479842543602
0.11200492829084396
0.22405353188514707
0.17724283039569855
0.1413048952817917
0.17563945055007935
0.16242092847824097
0.17902784049510956
0.16432072222232819
0.161492720246315
0.14307859539985657
0.11359890550374983
0.19711391627788544
0.22494141757488248
0.12717580795288083
0.16046105325222015
0.1777465045452118
0.15695609152317047
0.11232517659664154
0.1257911920547485
0.2352770119905472
0.10746282339096068
0.06837401539087296
0.031397778540849686
0.15617388486862183
0.12485260516405104
0.17172855138778687
0.1753082126379013
0.12983332574367523
0.1458294838666916
0.1832946091890335
0.1582212001085281
0.17066480219364166
0.17870698869228363
0.23980768024921417
0.17232944071292877
0.18753261864185333
0.2072616070508957
0.14954625070095062
0.08087613433599472
0.21732564270496368
0.03092893026769161
0.12448405474424362
0.2170095145702362
0.18333968520164487
0.2376118153333664
0.17056287825107574
0.21234090626239777
0.12347813695669174
0.17319032549858093
0.16304372251033783
0.18368105590343475
0.16323213279247284
0.005695996340364218
0.1816921830177307
0.08158992975950241
0.25467121601104736
0.17444254457950592
0.15304119884967804
0.0888546034693718
0.13811048865318298
0.15131554007530212
0.13718561828136444
0.19160471856594083
0.11415406316518784
0.2122133672237396
0.2142547965049744
0.06932814419269562
0.23674260079860687
0.1394687443971634
0.020162878558039665
0.0666251927614212
0.18532909452915192
0.1238490268588066
0.1090872213244438
0.22260142862796783
0.16044184565544128
0.16595640778541565
0.09425255656242369
0.23998011648654935
0.2390054017305374
0.23165564239025116
0.18181249499320984
0.1679677516222
0.1805923879146576
0.11853969097137453
0.19997866451740265
-0.03232334554195404
0.14632622897624967
0.17986167967319489
0.23712497949600217
0.15071390569210052
0.1797964870929718
0.1785861104726791
0.10749894380569458
0.1474739909172058
0.22595183551311487
0.13417403399944303
0.1123865470290184
0.1561451107263565
0.2381637394428253
0.10887759178876875
0.23420144617557523
0.21263891458511353
0.20010466873645785
0.18297608196735385
0.12445642799139021
0.1702928990125656
0.20035314559936523
0.14362233877182007
0.16141833364963531
0.23133252561092377
0.24179674685001373
0.0799827128648758
0.11677386611700057
0.16033007204532623
0.19088630378246307
0.18215760588645932
0.21338027715682983
0.14380165934562683
0.10159667581319808
0.003814259078353643
0.19963487982749936
0.19267363846302032
0.2033286690711975
0.20862287282943723
0.15092284977436063
0.15256972610950467
0.17619596421718595
0.009183550253510477
0.18543705344200132
0.15994225442409515
0.1738111525774002
0.16180585324764252
0.21748067438602448
0.17634156346321103
0.08995898067951201
0.20555405318737033
0.19847503304481504
0.15515843033790588
0.16744433343410492
0.15289707481861115
0.1389910727739334
0.16606923937797546
0.1626053899526596
0.0695192888379097
0.1725810021162033
0.17879149317741394
0.13733981549739835
0.1514820009469986
0.25203612446784973
0.07557568699121475
0.19550542533397677
0.23196278512477875
0.18919040262699127
0.2536717653274536
0.1813339740037918
0.1189352348446846
0.17697007954120636
0.13994787633419037
0.09523582458496092
0.15353919565677643
0.16999603807926175
0.23521739244461057
0.18247143924236295
0.16781188547611237
0.1507141888141632
0.2109110504388809
0.18271909654140472
0.165607288479805
0.15287993848323822
0.14182895421981812
0.0876268222928047
0.1710613518953323
0.06072364374995232
0.029824664816260334
0.16124598681926727
0.1767913848161697
0.223242849111557
0.15467694401741028
0.017043372616171837
0.07517646998167038
0.1438300907611847
0.22140710055828092
0.21046786010265353
0.15442316234111783
0.16656138002872467
0.20159728825092316
0.092314712703228
0.17944107949733734
0.13771632313728333
0.06955068558454514
0.06593656539916992
0.13327758014202115
0.210564449429512
0.22488604485988617
0.24267111718654633
0.22539354860782623
0.23228074610233304
0.22605179250240323
0.16182349622249603
0.1743314117193222
0.18555133044719696
0.15875838696956635
0.1722567230463028
0.18026018142700195
0.13699249923229215
0.22225521504879
0.17281953990459442
0.12011566013097764
0.21770887076854703
0.16143330931663513
0.1375249475240707
0.22952979803085327
0.0630287304520607
0.15069828927516937
0.03830825164914131
0.1776176542043686
0.14535081386566162
0.1915389746427536
0.0024895831011235714
0.1833810955286026
0.07189467549324036
0.20691938698291776
0.12677808105945587
0.1490205079317093
0.07472758740186691
0.16850855946540833
0.18277819454669952
0.1779796332120895
0.08869547396898268
-0.0013642781414091587
0.11762315779924391
0.06420905143022537
0.22324304282665247
0.16606540977954865
0.15565408766269684
0.1143168658018112
0.17126396298408508
0.18483553826808927
0.17612268030643463
0.17578716576099396
0.22969807684421537
0.1515773981809616
0.18264017999172208
0.02777653746306896
0.18396349251270291
0.16885696351528168
0.010464942082762718
0.17319084703922272
0.1541943997144699
0.15922503173351288
0.22848686575889587
0.1969798654317856
0.014089299365878103
0.2406068593263626
0.1981067657470703
0.2013859897851944
0.1429930180311203
0.1434071809053421
0.198499396443367
0.1405491679906845
0.08509628474712372
0.09529747068881987
0.17595285177230835
0.22088150680065155
0.20108263194561005
0.09400849789381027
-0.011678798124194143
0.1348865032196045
0.2341355532407761
0.11268352717161179
0.23378132283687592
0.18812161684036252
0.21376438438892365
0.09663381427526474
0.18788127601146695
0.14170025289058685
0.17913611233234403
0.1420135498046875
0.22182828187942505
0.10423814505338667
0.16796627640724182
0.1969708949327469
0.09913074225187299
0.16565944254398343
0.226128488779068
0.18424780666828156
0.17013220489025116
0.2211503833532333
0.22183217108249664
0.12992756068706512
0.19594600796699524
0.08517007529735565
0.25451943278312683
0.17009378969669342
0.1870736926794052
0.19698965549468997
0.12251769751310349
0.2274544984102249
0.24123761057853696
0.17374394834041595
0.14973792433738708
0.16395045816898343
0.2123456448316574
0.19192010164260864
0.21479269862174988
-0.01770210824906826
0.18553887307643888
0.2244387120008469
0.14125990867614746
0.07279150187969206
0.11777759343385696
0.08559640496969223
0.2314606606960297
0.17783960700035095
0.17188818752765656
0.1637008637189865
0.16396118700504303
0.13292460143566132
0.20833794772624967
0.234157457947731
0.20239523053169248
0.11194245517253876
0.06368186324834824
0.2459142357110977
0.1944737285375595
0.22519563138484955
0.18220613896846768
0.12031885236501692
0.07874891906976701
-0.07779041677713394
0.1712420284748077
-0.06813009828329086
0.15211670100688934
0.08216787129640579
0.20155563950538635
0.09713531285524368
0.07720841467380524
0.1882641762495041
0.16563014686107635
-0.048942223191261285
0.16075648367404935
0.08328437805175781
0.14802120625972748
0.2335253953933716
0.09371665865182877
0.14788614213466644
0.0901874378323555
0.21405196189880368
0.22460733354091644
0.13394202291965485
0.11762993037700652
0.13301968574523923
0.11296700686216354
0.09346238523721696
0.10182607173919676
0.15017955005168915
0.13660992681980133
0.08581959456205368
0.011284040287137032
0.1077405661344528
0.044911250472068794
-0.018133336678147316
0.1274377703666687
0.14875556528568268
0.2178190648555756
0.24050897359848025
0.1078515127301216
0.13438408076763153
0.15230469405651093
0.1231388673186302
-0.00779900187626481
0.13111285865306854
0.25442078709602356
0.15374119579792023
0.1797104924917221
0.1412331908941269
0.1545916348695755
0.17242847383022308
0.22732509672641757
0.18150494992733
0.05785944685339928
0.18908353149890897
0.0978333503007889
0.12891067564487457
0.11704955995082857
0.0728183314204216
0.23505091667175287
0.14122547209262848
0.14339394867420197
0.23615543544292447
0.047323718667030334
0.18293339014053345
0.17686055600643155
0.2030058652162552
0.17835284769535065
0.1441039741039276
0.0284442026168108
0.08879851549863814
0.23359344899654388
0.1589047014713287
0.09778057783842087
0.10357016324996948
0.1631082445383072
0.21427036821842196
0.020929519087076187
0.16013844311237335
0.052911471575498574
0.06536471098661423
0.1113700047135353
0.12721207737922668
0.21664533019065857
0.2294781059026718
0.023418711498379707
0.11098284274339676
0.19401569664478305
0.16392098367214203
0.16036713123321533
0.1692233830690384
0.11397409439086914
0.23475974798202515
0.24540807306766513
0.24655117094516757
0.15047551691532135
0.1012626215815544
0.11202123016119005
0.18235597014427185
0.1996822953224182
0.14002926647663116
0.07566320896148682
0.1813692897558212
0.23832273483276367
0.06226832792162895
0.23418675363063807
0.2150714546442032
0.1804321855306625
0.213931068778038
0.08362668752670288
0.033830657601356506
0.17697161436080933
0.11406181007623672
0.19363024830818176
0.16067104041576383
0.17897644639015195
0.23713064193725583
0.24739502370357516
0.19018886983394623
0.16298064589500427
0.23545576632022855
0.251444935798645
0.17697055637836456
0.2043318003416061
0.2251680493354797
0.1899292767047882
0.13576380908489227
0.19555222988128665
0.18245401978492737
0.11994493752717972
0.10351727902889252
0.11188407242298126
0.18574698269367215
0.04383803531527519
0.20033244788646695
0.1849866211414337
0.0703425332903862
-0.04634740576148033
0.18392784893512723
0.06485550105571747
0.24439837038517
0.22632166743278503
0.21940137445926663
0.09723589569330215
0.2176663726568222
0.05335552617907524
0.014408698305487633
0.05952798947691917
0.1480434685945511
0.09851707518100737
0.1998644322156906
0.20241056382656095
0.08317168056964874
0.14064176380634308
0.1853356510400772
0.13592933118343353
0.19132703542709353
0.1796783059835434
0.04914113506674767
0.12239410728216173
0.14805389940738675
0.16456370055675507
0.1953292340040207
0.02771136723458767
0.20329369604587555
0.23100693523883817
0.205297514796257
0.144121915102005
0.09397920221090317
0.22462461888790128
0.13632886111736295
0.12944208085536957
0.18199980258941648
0.23477576673030853
0.18101835250854487
0.2356736809015274
0.13545577228069303
0.1522783190011978
0.21868561208248136
0.1248619332909584
0.0769878178834915
0.08042609691619873
0.17308627068996427
0.22867028415203092
0.16313238441944122
0.001859599258750677
0.12155517190694808
0.1764450967311859
0.18510469794273376
0.1842970699071884
0.15120472013950348
0.029469771310687065
0.09234655648469925
0.20097011327743527
0.22507654130458832
0.14196142554283142
0.09015748649835585
0.14392496645450592
0.16602946817874908
0.23543156683444977
0.12367152422666548
0.13479001820087433
0.17252428829669952
0.19746825098991397
0.1740816831588745
0.06800926476716995
0.2370479553937912
0.1856813281774521
0.1122514232993126
0.06753439456224442
0.1118987277150154
0.14601814746856687
0.20136684179306033
0.08327323198318481
0.22922715544700625
0.12117420881986618
0.149567112326622
0.1734073311090469
0.14442206919193268
0.18391387164592743
0.2072327882051468
0.14182429015636444
-0.03148622065782547
0.23053063452243805
0.15516142547130585
0.0805261582136154
0.19232194125652316
0.17167061567306519
0.1939300447702408
0.1426035314798355
0.13760946691036224
0.18424636125564572
0.15186153352260587
-0.08869635313749313
0.18082962930202484
0.16297827661037445
0.11876945942640305
0.23510393500328064
0.12635400891304016
0.1229388043284416
0.15567104518413544
0.16171318292617795
0.11213424056768416
0.2372959554195404
0.202851265668869
0.19190335273742676
0.18282733857631683
0.20207844674587247
0.1275968998670578
0.11169506609439848
0.1756938099861145
-0.035500768572092056
0.22980378568172452
0.23425713181495664
0.08911494165658951
0.04734585806727409
0.1806844770908356
0.18281750380992887
0.06795571744441986
0.2462501972913742
0.06573224812746048
0.144910529255867
0.1777479201555252
0.1562352031469345
0.21239784359931943
0.1494489163160324
0.2353069931268692
0.1309814304113388
0.17655903100967407
0.25102654099464417
0.06264100968837738
-0.002978470642119646
0.2425737231969833
0.16384150087833405
0.22485080361366272
0.19637073576450348
0.06935980916023254
0.22840173542499545
0.1644297093153
0.17358499765396118
0.13271331787109375
0.22490644454956052
0.1453340649604797
0.13195084035396576
0.16937792301177979
0.05279066413640976
0.16972103714942932
0.19917176663875577
0.099994957447052
0.21585692465305328
0.11945385485887527
0.04078476130962372
0.14880146086215973
0.2376071661710739
0.2291415184736252
0.060576070100069046
0.17538349330425262
0.17325133085250854
0.22463996708393097
0.23804116249084473
0.1931898146867752
0.10989482700824736
0.166549950838089
0.14650358259677887
0.07597773522138596
0.0751429796218872
0.24719940125942233
0.08973101526498793
0.15944086015224457
0.01820359192788601
0.05677810683846474
0.1673974096775055
0.09865780919790271
0.1799541860818863
0.24811826646327967
0.1704576462507248
0.14413054287433624
0.1513187736272812
0.22900627553462985
0.18053159117698667
0.0158978383988142
-0.004877320025116205
0.15349794924259183
0.1772432178258896
0.23184995353221893
0.1772264689207077
0.19159458577632904
0.18715548515319824
0.1652718037366867
0.17000938951969147
0.2341812402009964
0.10068920999765396
0.251657634973526
0.04927250370383263
0.21207720041275024
0.02294983901083469
0.09565547853708269
0.20606176555156708
0.1583183705806732
0.1548100858926773
0.19243375957012177
0.18707722425460813
0.2390493601560593
0.1843203902244568
0.1632165014743805
0.2126450091600418
0.2140471637248993
0.14654330909252167
0.19706718623638156
0.14922337234020233
0.21276910603046417
0.15451167523860931
0.006921400781720877
0.07347612828016281
0.15023216605186462
0.23165179789066315
-0.05204631760716438
0.1875290125608444
0.2380136400461197
0.084275983273983
0.14459346234798431
0.17802640795707703
-0.04575129970908165
0.13136111199855804
0.1467278152704239
0.17639890313148499
0.23137608170509336
0.06436153501272202
0.11848063021898268
0.1120295599102974
0.15892665088176727
0.1525047868490219
0.08840958029031754
0.07468487322330473
0.23071642220020291
0.15011869370937347
0.11689699441194534
0.2034598737955093
0.08788919448852539
0.13908077776432037
0.14974594116210935
0.11311627179384232
0.024475038051605225
0.11581987887620925
0.04902419447898865
0.18799327313899997
0.16420692205429077
0.10066697001457214
0.1815424412488937
0.1451985090970993
0.1687767654657364
0.05717540904879569
0.24788619577884677
0.019771995022892952
0.13821154832839963
0.10472524166107176
0.1388363093137741
0.14946694672107697
0.15788115561008453
0.1401551216840744
0.19748754799366
0.169548362493515
0.23267844319343567
0.08903039246797562
-0.03603062406182289
0.19715580344200132
0.1766221821308136
0.20208697021007535
0.08072587847709654
0.1682004481554031
0.06022283807396889
0.1878221184015274
0.1671586036682129
0.1578143686056137
0.17385078966617584
0.22917686402797696
0.11412438005208968
0.13315409421920776
0.1840977519750595
0.2026134878396988
0.1987139284610748
-0.06766734272241592
0.1820938736200333
0.1498977392911911
0.20516087114810944
0.08393039554357529
0.14981897175312042
0.13015486299991608
0.18901680409908292
0.1646798551082611
0.11487392336130142
0.1693264991044998
0.13455225527286527
0.07943134754896165
0.1810981333255768
0.09831155836582185
0.07893902063369752
0.057609569281339645
0.15748080611228943
0.08742990344762802
0.1740596741437912
0.16041572391986847
0.18069052696228027
0.14855431020259857
0.1734996885061264
0.17214880883693695
0.23474878072738647
0.011946838349103928
0.2534491717815399
0.03114519827067852
-0.057365912944078445
0.23977190256118772
0.1488439291715622
0.16358612477779388
0.09876494854688643
0.1631847470998764
0.1753709465265274
0.1762556433677673
0.048796005547046654
0.19055311381816864
0.2171092927455902
0.07526534050703047
0.11416957527399064
0.1038662940263748
0.13932131230831146
0.24570409953594208
0.17697957158088684
0.15775100886821747
0.223573699593544
0.22579590976238248
0.221636176109314
0.1400831788778305
0.17204652726650238
0.13739167153835297
0.15445870161056519
0.24184514582157132
0.125440314412117
0.14610426127910614
0.18952901661396024
0.21062482893466947
0.2520183026790619
0.11482574790716173
0.2405880242586136
0.14240330457687375
0.08223922550678253
-0.04542399570345879
0.19904866814613345
0.21226243674755096
0.13769507408142087
0.23657597601413727
0.1826367825269699
0.22205486893653867
0.10139961540699004
0.21690766513347623
0.1492675095796585
0.06115061417222023
0.064295195043087
0.1116381213068962
0.13889180123806
0.08952593058347702
0.09868098050355913
0.1703110039234161
0.2339995503425598
0.13074669241905212
-0.035436250269412994
0.18597595393657684
0.23711661994457245
0.03913218528032303
0.18812017142772677
0.20324882864952087
0.10782404989004137
0.1715399473905563
0.18507049977779388
0.22475121915340424
0.17853631079196927
0.03291824087500572
0.07082519680261612
0.1011950597167015
0.14735223352909088
0.12991516292095184
0.1984199583530426
0.13085168600082395
0.12109392136335372
0.18663401901721957
0.15429340302944183
0.0022922917269170284
0.04425198212265968
0.17561601102352142
0.15593354403972623
0.18628835678100583
0.188579723238945
0.12630115449428558
0.16478753089904785
0.24866576492786407
0.04471863806247711
0.12156244367361067
0.15418939292430875
0.19335056841373444
0.1894526034593582
0.19172199070453644
0.06523612141609192
0.0646132230758667
0.022185251116752625
0.01038612611591816
0.1834040880203247
0.2286916673183441
0.048342294991016395
0.1724948137998581
0.19507719576358795
0.17883603274822235
0.23167772591114044
0.13945500552654266
0.19957163929939273
0.16301919519901276
0.22577720880508423
0.23154732584953308
0.23515330255031583
0.10968559980392456
0.09103590250015257
0.059489209204912186
0.1401943266391754
0.2246026545763016
0.09519071131944656
0.1500638723373413
0.1497928500175476
0.1602930873632431
0.1257636845111847
0.118770532310009
0.11048758029937744
0.152616947889328
0.17858634889125824
0.2299228012561798
0.24565900862216947
0.18583859503269196
0.1906830072402954
0.16157563030719757
0.17721590399742126
0.1968932598829269
-0.027539489790797237
0.0799412801861763
0.1591310352087021
0.23083582520484924
0.09941342473030089
0.11994905024766922
0.17866888642311096
0.17120228707790375
0.09303480386734007
0.1469605416059494
0.176995649933815
0.1586507260799408
0.17459256947040555
0.054891280829906464
0.1407107710838318
0.22082090377807617
-0.055874038487672806
0.17301034927368164
0.1601349264383316
0.1695396900177002
0.04944101721048355
0.2385709583759308
0.16641454398632047
0.22711201012134552
0.14496852457523343
0.17726445198059082
0.18999679386615756
0.12662841379642487
0.13077983260154724
0.1636456400156021
0.23667429387569427
0.18294523656368253
0.17579898238182068
0.03865401819348335
0.14883194863796234
0.20028173923492432
0.18266420066356656
0.16179382801055908
0.1922732889652252
0.1692781299352646
0.18568818271160123
0.23916606605052948
0.11373886466026306
-0.02710810489952564
0.009805934503674509
0.15604829788208008
0.14119544625282288
0.1389135867357254
0.19640611112117767
0.1558887809514999
0.23449258506298065
0.13234993815422058
0.17342273890972135
0.17283308506011963
0.15546077489852905
0.05198868364095688
0.11876095086336136
0.1047363132238388
0.19644097983837128
0.12351753562688828
0.15909384191036224
0.1056549847126007
0.06010400131344795
0.07580988109111786
0.21244286000728607
0.16882765293121335
0.15278968214988708
0.2066990286111832
0.12364258617162704
0.15303190052509308
0.15786044299602509
0.2281973361968994
0.17100843787193298
0.08596542477607727
0.1766756772994995
0.2008028477430344
0.212960422039032
0.19776400923728943
0.12947651743888855
0.17698343098163605
0.1470794677734375
0.16286565363407135
0.205936536192894
0.21387273073196408
0.1700276285409927
0.20075966417789456
0.09102511405944824
0.08007348328828812
0.03114062361419201
0.008924702182412148
0.099932961165905
0.1259455233812332
0.1379157304763794
0.14838074147701263
0.06142608448863029
0.17469783127307892
0.08240082859992981
0.25282731652259827
0.1711315959692001
0.20916524529457087
0.1284116357564926
0.18591940402984616
0.16660867631435394
0.0800834596157074
0.15438060462474823
0.0841788575053215
0.08020685613155365
0.09344591945409775
0.17272447049617767
0.2009374350309372
0.13267119228839874
0.09512820839881897
0.23986274003982544
0.0959903672337532
0.1153399497270584
0.19590963423252103
0.1399727165699005
0.1591641455888748
0.07658076286315918
0.20516741275787356
0.23226799070835116
0.1978371888399124
0.05646127089858055
0.2300150692462921
0.2272796779870987
0.17906828224658966
0.10730067640542984
0.08902665227651597
0.11125727742910384
0.08034557104110716
0.1911491900682449
0.07732661813497542
0.16159258782863617
0.22625291347503665
0.10608566552400588
0.058877725154161446
0.17518797516822815
0.19520263373851776
0.16316212713718414
0.15631426870822906
0.19543591141700745
0.1883336454629898
0.16816404461860657
-0.027070531621575356
0.16036388278007507
0.08226172626018524
0.08948053419589996
0.18151032924652097
0.18149606883525848
0.13379861414432523
0.19547173380851743
0.1744400858879089
-0.02999098971486092
0.1690290719270706
0.2504943311214447
0.2075214385986328
0.0016221306286752224
0.16053353250026703
0.21224032342433927
0.08364577591419221
0.21142905950546265
0.12930063903331757
0.07087866216897964
0.1601744443178177
0.23406381905078888
0.2239601165056229
0.2338556945323944
0.17901942133903503
0.19836439192295077
0.22704449295997617
0.16226886212825775
0.0524604357779026
0.1712459027767181
0.15343402326107025
0.16072891652584076
0.12957118451595306
0.11791060864925385
0.17757628858089447
0.1462544947862625
0.12923923134803772
0.1634410172700882
0.16869285702705383
0.11631744354963303
0.15574656426906583
0.0202559232711792
0.22664792835712433
0.18916064500808716
0.16893248260021207
0.13273145258426666
0.08856140822172165
0.1659330129623413
0.09703103452920912
0.15367545187473297
0.20811112225055692
0.13680307567119598
0.22762267291545868
0.1517437994480133
0.05423872545361519
0.1873592287302017
0.15075905621051788
0.1386791467666626
0.1938904970884323
0.145019993185997
0.18336884677410123
0.26122921705245966
0.14259681105613708
0.1635812669992447
0.14535941183567047
0.23060454428195956
0.08969686925411224
0.04188835993409157
0.06808547675609589
0.17333382368087769
0.21282050013542173
0.17087459564208984
0.137661412358284
0.16180840134620667
0.22855983674526212
0.16601739823818207
0.18162271380424497
0.14767368137836456
0.09322107583284378
0.0998120978474617
0.18158803880214688
0.1671249121427536
0.06948002427816391
0.15108926594257355
0.24212560057640076
0.1165805608034134
0.2170400023460388
0.22667564451694489
0.018668217584490776
0.13622325658798215
0.13065101206302643
0.11692669987678528
0.14697971940040588
0.16411088407039642
0.12339686602354048
0.07188551127910614
0.12055211514234541
0.18723605573177335
0.03628617152571678
0.1025295928120613
0.15327252447605133
0.23332053422927856
0.2058783620595932
0.11247918754816057
0.1589832901954651
0.18520905077457428
0.13729026913642883
0.17822249233722687
0.1526733785867691
0.09414963424205779
0.06667507439851761
0.16756825149059296
0.21918427944183347
0.146855890750885
0.0699915811419487
0.17126353085041046
0.1251188963651657
0.09240689128637312
0.15959475934505463
0.22070658206939697
0.13735938072204587
0.1886901557445526
0.1503040641546249
0.14229772984981537
0.16393935680389404
-0.002499079797416925
0.2070167064666748
0.12145528942346571
0.19777311384677887
0.21646578609943387
0.06258874386548996
0.174304261803627
0.0706692487001419
0.10935570299625395
0.023439018055796623
0.21916770935058597
0.20576429367065427
0.16849438846111295
0.224724143743515
0.1788567751646042
0.09647729247808456
0.16050587594509125
0.16059324145317075
0.1887836158275604
0.16541773080825803
0.07254569977521896
0.1728234440088272
0.15993501245975494
0.2094048708677292
0.0916580930352211
0.20133335888385767
0.21116895973682404
0.16581405699253082
0.17217977344989777
0.12136466056108473
0.1538120061159134
0.20648019015789032
0.22621034085750577
0.1455787718296051
0.21352842450141904
0.05306867137551308
0.2411340624094009
0.14109574258327484
0.1156456097960472
0.13514666259288788
0.18041151762008664
0.11620113253593443
0.10073735564947128
0.1762361377477646
0.23235900700092316
0.09526876360177992
0.11710988730192184
0.199077382683754
0.16000695526599884
0.18483805656433103
0.24275170266628265
0.243522584438324
0.16477836668491364
0.0771375223994255
0.23376591503620148
0.02014685608446598
0.255764365196228
0.1967094987630844
0.15528462827205655
0.14842373132705688
0.22611357271671292
0.19251872599124908
0.05039570853114128
0.18410661816596985
0.14884029328823087
0.21995964646339417
0.04610506072640419
0.2255143374204636
0.1650083363056183
0.1729495674371719
0.1018744334578514
0.12034469097852706
0.16548019647598267
0.10205059498548508
0.10474297404289244
0.10643678158521652
0.05685530975461006
0.16755899786949155
0.09667523205280305
0.1702599823474884
0.20122195780277247
0.19843453168869016
5.0955917686223984e-05
0.09911210089921953
0.0770106315612793
-0.06496383249759674
0.07746488600969313
0.11718249320983885
0.11682847887277605
0.12208575755357742
0.13986621797084808
0.17093785107135773
0.149827778339386
0.24640221893787384
0.03368103876709938
0.2321293205022812
0.10020028799772263
0.2280016243457794
0.18631951510906217
0.09273689985275267
0.1740071326494217
0.07584594935178755
-0.06799643486738205
0.09761085361242294
0.21296399831771848
0.058055344969034195
0.15533135831356049
0.184170663356781
0.1601928025484085
0.09230781346559523
0.24638877809047696
0.0730203241109848
0.1442684382200241
0.183022603392601
0.1708548069000244
0.18855643272399905
0.10485558211803436
0.190201997756958
0.15774881839752197
0.14665405452251434
0.20592615008354187
0.15060947835445404
0.19977228343486783
0.029834235087037086
0.1994909942150116
0.23216468095779416
0.2274179309606552
0.1336718499660492
0.05068355426192284
0.1778498142957687
0.15594708919525146
0.1829950660467148
0.16089296340942383
0.10681869834661484
0.09018001705408096
0.23214715719223025
0.04475580528378487
0.17291976511478424
0.19101472198963165
0.2379828244447708
0.12674151360988617
0.1225493475794792
0.16287837922573087
0.16448760032653809
0.14108745753765106
0.21314711868762967
0.1024281233549118
0.05439014732837677
0.20940834283828733
0.22863437235355377
-0.0216325968503952
0.22503824532032007
0.1864529848098755
0.20877464115619657
0.14775080978870392
0.16810600459575653
0.16269712150096893
0.024554379284381863
0.13904333114624023
0.1489957720041275
0.16708452999591827
0.06116018071770668
0.2028140276670456
0.20565760135650635
0.22269178926944727
0.08371880650520323
0.042816292494535446
0.16162094473838806
0.12553952634334564
0.20729801058769223
0.07323183119297028
0.1172596588730812
0.19395478069782257
0.13181491196155548
0.154849573969841
0.11871712654829024
0.23901961743831637
0.09547125548124312
0.09277398139238355
0.23957492411136627
0.1402812898159027
0.11576194316148757
0.21837677061557767
0.16883908212184906
0.12223031371831893
0.2135826200246811
0.05732903257012367
0.2140088528394699
0.1458442658185959
0.1576482057571411
0.1679081618785858
0.16961710155010223
0.1436357349157333
0.15581171214580536
0.16541032493114471
0.15143658220767975
-0.011520983651280403
0.11782019585371016
0.1916275769472122
0.048393022269010544
0.21349063515663144
0.18172089755535123
0.188460573554039
0.23334370553493497
0.1581519246101379
0.1540805548429489
0.05635349079966545
0.0895743742585182
0.2265090048313141
0.16476738452911377
0.08383942395448685
0.23472733795642847
0.25382936000823975
0.16953323781490323
0.15526865422725675
0.21425488591194153
0.17432980239391327
0.09445299953222273
0.1479574590921402
0.17131248116493225
0.1307591050863266
-0.029897252097725868
0.2075534015893936
0.05088463053107262
0.12026708573102952
0.16738523542881012
0.16274107992649078
0.1792219877243042
0.15914131700992584
0.19391791522502896
0.1591040790081024
0.12408440560102461
0.17715080082416534
0.2539721727371216
0.0718250647187233
0.12513606250286102
0.2210741490125656
0.015960579738020897
-0.09552814066410063
0.11077015846967696
0.2231350690126419
0.1701945960521698
0.1831254810094833
0.15881614387035367
0.1849393993616104
0.23441348969936368
0.08703771233558655
0.1265973001718521
0.11465034633874892
0.1668308973312378
0.128910094499588
0.2213987857103348
0.12376778572797777
0.20931941270828247
0.0733487457036972
0.0015548854134976864
0.20512039959430692
0.1897679567337036
0.10462378710508347
0.2198534607887268
0.1351446509361267
0.1843975335359573
0.06310642510652542
0.13305552303791046
0.07815404236316681
0.13275472819805145
0.2162631005048752
0.0954981967806816
0.1005600020289421
0.16985858976840973
0.17762522399425507
0.023330323398113247
0.10505606979131699
0.19959323108196256
0.17398656904697418
0.09551838785409927
0.11599385738372801
0.15898145735263824
0.0824437290430069
0.20041172206401825
0.14136837422847748
0.11314066499471664
0.05069787427783012
0.22985993325710297
0.17867830395698547
0.044720929116010666
0.18563868105411527
0.03610358014702797
0.13940857350826263
0.22863046824932096
0.2296735644340515
0.16850358247756958
0.08238480985164641
0.1205758973956108
0.19134743511676788
0.11228208243846892
0.22871145606040957
0.14102052152156827
-0.06205896660685539
0.15824110805988312
0.19783295691013336
0.22322542965412137
0.08276736736297606
0.12767618894577026
0.14373163878917694
0.2258380502462387
0.13609708845615387
0.14691574871540067
0.19825936853885648
0.1708814948797226
0.09450866281986237
0.0668126717209816
0.1754082590341568
0.21717067062854767
0.187236562371254
0.19617885351181033
0.14273881912231445
0.21009805798530576
0.1838250160217285
0.22327707707881927
0.15532848238945007
0.19435514509677887
0.1596250981092453
0.13130506873130798
0.09618098288774489
0.07711227983236314
0.1748969852924347
0.07903185486793518
0.15316005051136017
0.13106749951839447
0.21650604903697968
0.07199916988611221
0.11491059511899948
0.1186409443616867
0.21733425557613367
0.1420466899871826
0.1418250948190689
0.10442794859409332
0.16915790736675262
0.09663767367601393
0.1783798187971115
0.22359454631805417
0.050035830587148666
0.21251393854618073
0.15206988155841827
0.18510304391384125
0.06563996523618698
0.1992405205965042
0.10940390080213545
0.1784263402223587
0.16317421197891235
0.22731362283229828
0.14175434410572052
0.15855184197425842
0.12424799054861067
0.151506707072258
0.14503316581249237
0.16238929331302643
0.09229560941457747
0.07612068951129913
0.12375681847333908
0.23888243734836576
0.21693305671215057
0.0791381224989891
0.118226557970047
0.16037581861019135
0.20240299403667447
0.19785733520984647
0.17848922312259674
0.12750129401683807
0.15617360174655914
0.12341906875371932
0.19831836223602292
0.16460181772708893
0.1147698387503624
0.1647038459777832
0.2082403898239136
0.2362605780363083
0.1964840143918991
0.046884607523679726
0.14576230943202972
0.12927547097206116
0.1798063367605209
0.08199658989906311
0.11854352802038191
0.18185728788375852
0.08569996058940886
0.1416216343641281
0.06386255472898483
0.17434225976467133
0.2189175933599472
0.1616667807102203
0.16830027103424072
0.029376951977610588
0.23045480251312253
0.23468250036239624
0.15463978052139282
-0.0036263042129576206
0.03397698327898979
0.016145309433341026
0.14239580929279327
0.03892834112048149
0.22806020081043243
0.1731400489807129
0.1426999717950821
0.11514503508806229
0.10673169046640396
0.17364899814128876
0.12893229722976685
0.11206573992967604
0.06967232376337051
0.22192704677581787
0.12907809019088745
0.1591147631406784
0.1678427755832672
0.22421108186244965
0.1701965034008026
0.1716863065958023
0.11035769432783125
0.21669000387191767
0.09880680590867996
0.14777812361717224
0.1579885482788086
0.24537514150142667
0.1765483021736145
0.11923400312662125
0.07600050419569014
0.18187037110328677
0.05468377098441124
0.1466408520936966
0.05684984847903252
0.09075415134429933
0.06076231226325035
0.24277727305889127
0.11693692207336424
0.16296236217021942
0.15626530349254608
0.1343204379081726
0.14065107703208923
0.22550798952579496
0.07375743985176086
-0.011732591316103935
0.12958981096744537
0.17887286841869354
0.17022383213043213
0.1439712941646576
0.18814681470394132
0.24687828123569489
0.23069994151592252
0.16640682518482208
0.14672045409679413
0.1584150344133377
0.032849546521902084
0.17105259001255035
0.10679341852664948
0.1016947403550148
0.1721162497997284
0.222988024353981
0.09084457159042358
0.16681361198425293
0.2142561376094818
0.10411646217107771
0.24426124989986417
0.18565791845321652
0.08667989820241928
0.16843457520008087
0.20713119208812716
0.16492320597171783
0.13758839666843414
-0.032315030694007874
0.05901535972952843
-0.07103119045495987
0.1384863555431366
0.16254717111587524
0.2225032448768616
0.0954826921224594
0.1769067347049713
0.17419324815273285
0.16676282882690427
0.1824832707643509
0.1309666931629181
0.1876802444458008
0.15303154289722443
0.15783144533634183
0.0015370934270322323
0.1647089272737503
0.2049735635519028
0.1699085831642151
0.2311718910932541
0.18979452550411224
0.1101694405078888
0.11233554035425186
0.1330210268497467
0.15104185044765472
0.1179310828447342
0.2442713528871536
0.24351881444454196
0.14105823636054993
-0.04601125791668892
0.16074316203594208
0.1453225165605545
0.21422360837459564
-0.04908530041575432
0.013085223734378815
0.16658128798007965
0.21728430688381195
0.20194070041179657
0.07215908914804457
0.10189451277256012
-0.020756112411618233
0.17560850083827972
0.2108319103717804
0.2258329540491104
0.03098656423389912
0.15711554884910583
0.12127014249563216
0.24543915688991544
0.15073372423648834
0.14130081236362457
0.13772568106651306
0.11330529302358627
0.08858429640531541
0.13961784541606903
0.08721864223480225
-0.0019531608559191223
0.19350819289684293
0.18160124123096463
0.0881861224770546
0.21999676525592804
0.17576991021633148
0.1843726336956024
0.1742820292711258
0.12140499800443648
0.22478802502155304
0.24242058396339417
0.15466909110546112
0.13529203832149503
0.17649529874324799
0.24074481427669525
0.23662666976451877
0.2236171513795853
0.15338079631328583
0.20804503560066223
0.18432115018367767
0.15971894562244415
0.11062157154083252
0.14928491413593292
0.14014756679534912
0.02128652669489384
0.22934646904468536
0.12640203535556793
0.17077481746673584
0.12354069203138351
-0.07846236228942871
0.08282329142093657
0.1759444922208786
0.14619587361812592
0.11076901108026505
0.16873297095298767
0.20861792564392087
0.1644240170717239
0.21917377412319183
0.028845263645052906
0.1469406485557556
0.07119620591402054
0.15638601779937744
0.1976957619190216
0.17301231622695923
0.2091158032417297
0.1226133033633232
0.0954449102282524
0.114274300634861
0.136753112077713
0.08693586289882661
0.1075415089726448
0.21461211144924164
0.0759158805012703
0.11736402660608292
0.1904722899198532
0.0775386095046997
0.08865924179553986
0.17671716213226318
0.17031928896903992
0.1669175773859024
0.17788121104240415
0.17338347434997559
0.14170514047145844
0.029155438765883442
0.16395945847034454
0.19663096964359283
0.14816510677337646
0.1087568551301956
0.06030828133225441
0.15046322345733643
0.05800768360495567
0.17214991152286527
0.16196478903293607
0.15141066908836365
0.24989591538906095
0.07464960962533952
0.2421043962240219
0.14396382868289948
0.18373920023441315
0.0450659915804863
0.118074931204319
0.0866556018590927
0.17001701891422272
0.22970128059387207
0.0960516408085823
0.12806786596775055
0.11003750562667847
0.22234842181205747
0.2503109574317932
0.2296292334794998
0.105852410197258
0.18850427865982053
0.22713817656040192
0.22413682937622073
0.2559473216533661
0.23348872363567352
0.08572164177894592
0.12920822203159332
0.18394874036312103
0.19086802005767825
0.1061195358633995
0.121028371155262
0.16718974709510803
0.1274353712797165
0.17959198355674744
0.23766358196735385
-0.0010682330466806889
0.16888438165187836
0.2003038078546524
0.19127695262432096
0.14999344944953918
0.18075393140316007
0.17218096554279327
0.08638226240873335
0.2247045785188675
0.16100133955478668
0.06517121940851212
0.12123244255781172
0.2511066794395447
0.16522009670734403
0.19844253361225128
0.16409839689731595
0.13346745073795319
0.1768893152475357
0.18908992409706116
0.14313720166683197
0.22450879216194153
-0.07039191573858261
0.1949492543935776
0.1521949917078018
0.2188062816858292
0.1885327845811844
0.05945374444127082
0.20124469697475436
0.19253192842006683
0.20566895604133603
0.1939668953418732
0.17051891982555387
0.07055298984050751
0.11640656739473342
0.22603465616703036
0.17641769349575043
0.22321769595146176
-0.044862937182188034
0.2314893454313278
0.23190201818943024
0.15848369896411896
0.1899077147245407
0.15581248700618744
0.12192868441343307
0.17227758467197418
0.2066572904586792
0.07388527691364288
0.14360225200653076
0.11317725479602812
0.21434520184993744
0.2297015339136124
0.17188410460948944
0.19542531669139865
0.2079987674951553
0.11121951788663864
0.0520111545920372
0.21410979330539703
0.17806915938854215
0.1519457250833511
0.12356167286634444
0.14963819086551666
0.18288822472095487
0.09769809991121292
0.09573461115360259
-0.030423255637288094
0.005725295748561621
0.23575060069561005
0.1719685196876526
0.223021000623703
0.11351936310529707
0.16094473004341123
0.1646084040403366
0.2316090017557144
0.18304316699504847
0.23205889761447904
0.16836422681808472
0.020058376714587208
0.054928801953792565
0.03814255818724632
0.15138304233551023
0.05317071080207825
0.2132408171892166
0.18663351237773892
0.10160843282938004
0.1138513758778572
0.19424042105674744
0.2343655377626419
0.07028486579656601
0.12913306057453156
0.22632640600204468
0.24690641462802887
0.13326652348041534
0.057544056326150894
0.1872955709695816
0.217140793800354
0.1010698527097702
0.14151994884014127
0.1397317200899124
0.059518102556467056
0.12479595094919203
-0.015068994835019112
0.18045134842395785
0.19788455963134763
0.15247733891010284
0.18946832418441767
0.094380185008049
0.20497135818004608
0.004366768058389424
0.18119159340858457
0.10307737439870834
0.10944967716932295
0.13234934210777283
0.1632670611143112
0.182427778840065
0.13726073503494263
0.18205578625202176
0.1643759310245514
0.08434227854013443
0.18577326834201807
0.050814077258110046
0.1754312664270401
0.0555279552936554
0.14719083905220032
0.1975476294755936
0.07122551649808884
0.1009860709309578
0.09943149238824844
0.20722369849681851
0.0930984690785408
0.2248629778623581
0.13406363129615784
0.21097712218761444
0.01932704262435436
0.03736008331179618
0.18048943579196927
0.16205014288425443
0.23036015033721924
0.14485573768615723
0.13301025331020355
0.14345373213291168
0.16990666091442108
0.19545577466487885
0.19073826074600217
0.12271910160779952
0.1090213432908058
0.19601573050022125
0.13824887573719025
0.19233570992946625
0.061669226735830314
0.13297858834266663
0.13732527196407318
0.1713113635778427
0.1003529205918312
0.16349588334560394
0.19310663640499115
0.15714649856090543
0.16709797084331512
0.08700560033321379
0.04719178751111031
0.23672981560230252
0.014344310387969015
0.16266994178295135
0.1594244688749313
0.14631642401218414
0.2303610593080521
0.145599827170372
0.1689447909593582
0.2245858311653137
0.10957709699869156
0.14365024864673615
0.18914958834648127
0.1315212249755859
0.0455695316195488
0.16591060161590576
0.12766937911510468
0.11898597329854964
0.14196424186229703
0.08047926425933837
0.09442386031150816
0.1380329430103302
-0.09441629052162169
0.19165541231632233
0.2504798769950866
0.1258947104215622
0.09155284613370895
0.1964024305343628
0.25096639990806574
0.10628750175237656
0.1598445028066635
0.18638089299201965
0.03952863067388535
0.08541028201580046
0.14029242098331451
0.1448940485715866
0.17452995479106903
0.1837711185216904
0.19154082238674164
0.23556520044803617
0.17455148696899414
0.17053428292274475
0.2112524211406708
0.19155955314636233
0.21216411888599396
0.17898891866207123
0.203090563416481
0.17726236581802368
0.18654681742191315
0.12137969583272933
-0.05286656320095062
0.21008557081222531
0.12454251199960709
0.1914036124944687
0.19656799733638763
0.12934772670269012
0.1734139770269394
-0.0069128074683249
0.1896265596151352
0.17238254845142365
0.22954608500003812
0.15524128079414368
0.14427457749843595
0.19621331989765167
0.16698400676250455
-0.05925667658448219
0.12263973802328108
0.18945886194705963
0.14442647993564603
0.18240492045879364
0.22167749702930448
0.09979485720396042
0.15263746678829193
0.11055577546358109
0.1987778842449188
0.14058421552181244
0.10080213844776152
0.14801836013793945
-0.04919963702559471
-0.0014092535711824892
0.21819575130939484
0.12050481885671616
0.2353787124156952
0.10790305584669112
0.1518869549036026
0.23342911899089813
0.009998871013522146
0.15574613213539124
0.08859635889530182
0.23222754895687103
0.21130970120429993
0.11875674873590468
0.1609153300523758
0.012821787968277931
0.19623053073883057
0.23200508952140808
0.25264403223991394
0.11403650790452956
0.15204526484012604
0.17649690806865692
0.23193594813346863
0.10169830173254012
0.1384141445159912
0.07926896959543228
0.14211533963680267
0.1888856142759323
0.15715079009532928
0.04445841163396835
0.18750306963920596
0.1842870861291885
0.11400450021028519
0.20433463156223297
0.17345489561557767
0.17639344930648804
0.10922036319971085
0.2082588076591492
0.1364946216344833
0.08209554851055145
0.0652470737695694
0.1355503648519516
0.1713535189628601
0.09410038590431213
0.23316414654254916
-0.01427939347922802
0.15785403549671173
0.10240229219198226
0.15653224289417267
0.1292416155338287
0.17585463821887967
0.19541196525096893
0.23667266964912412
0.0729461759328842
0.1914297193288803
0.16128714382648468
0.193715900182724
0.18378794193267825
0.15736840665340424
0.2324130982160568
0.15562674403190613
0.1820979863405228
0.11991728097200392
0.07468143105506897
0.06960710883140564
0.2226656526327133
0.23592184484004972
0.13548065721988675
0.04695472866296768
0.08657310158014297
0.09584270417690276
0.05374141409993172
0.08551734685897827
0.07408171147108078
0.179659903049469
0.1916540563106537
0.17373700439929962
0.23106300830841064
0.07999139279127121
0.17387425899505615
0.16774843633174896
0.08079323172569275
0.1736779361963272
0.17744968831539154
0.1287619024515152
0.03154631331562996
0.1843954026699066
0.12849850952625275
0.22810131311416623
0.06859423965215683
0.16369526088237762
0.23969148099422452
0.06569770723581314
0.1386897712945938
0.24145954847335813
0.1800246238708496
-0.08072052896022797
0.1575205773115158
0.00456923758611083
0.15652166306972504
0.16769997775554657
0.15680734813213348
0.09652875363826752
0.20942087471485135
0.18505267798900604
0.24820204079151156
0.06932717561721802
0.22712714970111847
0.14855118095874786
0.07915033400058745
0.15509454905986783
0.177425354719162
0.17965154349803925
0.10033010691404343
0.15009696781635284
0.06864359229803085
0.22275879979133603
0.07873768359422684
0.17026658356189728
0.2078110724687576
0.2070776075124741
0.027380434796214104
0.042792055755853646
0.24551458656787872
0.11222051829099657
0.21111783385276797
0.19482003152370447
0.22995945811271667
0.10555475950241087
0.17157158255577087
0.14540013670921323
0.2153560370206833
0.19876705110073087
0.152707040309906
0.22437834739685056
0.16902707517147064
0.12927083671092987
0.2252416759729385
0.1255814433097839
-0.036653969436883926
0.1471799463033676
0.20690523087978363
0.22108009457588196
0.14818499982357025
0.04953832551836968
0.23003806173801425
0.06728018075227737
0.07225306332111359
0.18118299543857572
0.09780538827180862
0.13187384605407715
0.17167405784130096
0.2031085044145584
0.1362387090921402
0.2229667454957962
0.2113986164331436
0.21600218117237088
0.047547485679388046
0.23188084363937375
0.2015381306409836
0.16335265338420868
0.018217431381344795
0.08673052489757539
0.24483363330364227
0.1730327159166336
0.18160925805568692
0.19585417211055756
0.21514812111854556
0.17993852496147156
0.0658205896615982
0.215100422501564
0.1534281224012375
0.06706956773996353
0.16426782310009003
0.15273334085941315
0.1692700833082199
-0.03887228667736053
0.18038055300712583
0.22177997231483457
0.23169471323490143
0.15355372428894043
0.21987219154834747
0.20993244647979736
0.1471586972475052
0.2308959513902664
0.145341619849205
0.14407233893871307
0.23577536642551425
0.05985547229647637
0.19186267256736755
0.13538670539855957
0.16110436618328094
0.1448124796152115
0.16143099963665009
0.19648256897926328
0.17856585979461667
0.14943870902061462
0.17480017244815826
0.10085726529359816
0.21621480584144592
0.01706313155591488
-0.024828935042023655
0.07424410432577133
0.09771596640348433
0.17734462022781372
0.2369026094675064
0.023475242778658863
0.1239759251475334
0.1462717205286026
0.1236562207341194
0.08038050681352614
0.07318156957626343
0.22695092856884
0.2090907990932465
0.0024093142710626125
0.019953586161136627
0.1304636150598526
0.07253124564886093
0.08139901608228683
0.19350886344909668
0.16030696034431455
0.1821285635232925
0.16216303408145905
0.14770296216011047
0.21255882084369657
0.1414278149604797
0.17586258053779602
0.13419663906097412
0.129709854722023
0.20570041239261627
0.06979391723871231
0.12878106534481049
0.08785796165466307
0.18246160447597504
0.20637743175029755
-0.048543911427259445
0.199026957154274
0.2392839938402176
-0.022328043356537815
0.21594704687595367
0.2001132220029831
0.13277345895767212
0.2315203547477722
0.1634378582239151
0.16942675411701202
0.22408224642276764
0.2186198383569717
0.16364985704421997
0.17865438759326935
0.19041140377521515
0.1510953903198242
0.12224433571100234
0.18710334599018097
0.18249790370464325
0.18479283154010767
0.18890260159969327
0.11010082811117172
0.18388606607913968
0.15815718472003937
0.15857551991939545
0.0635252520442009
0.08718129247426985
0.09063327312469481
0.17326690256595612
0.15402229130268097
0.1880720406770706
0.1567990481853485
0.10217119008302689
0.2340300381183624
0.17931129038333893
0.05464527010917664
0.2244088500738144
0.16045962274074554
0.22503064572811127
0.2261684685945511
0.09864997863769533
0.14905902743339539
0.1733054220676422
0.13417157530784607
0.016306040808558464
0.13193507492542267
0.20747101306915283
0.19094134867191315
0.1277952939271927
0.15076150000095367
0.1867098957300186
0.1824017763137817
0.20258781313896176
0.19646461308002472
0.1372368186712265
0.2251979261636734
0.15050463378429413
0.17885135114192963
0.04797542467713356
0.1406647115945816
0.21043741703033447
0.041136372834444046
-0.03863716498017311
0.025571687147021294
0.11573746800422668
0.1292552500963211
0.10649216175079344
0.20399771630764008
0.09900259226560593
0.2227231413125992
0.08483050763607025
0.08074476569890976
0.16261161863803864
0.0879850760102272
0.22065310180187225
0.17025689780712128
0.15103769302368164
0.08372201025485992
0.17763182520866394
0.08746236562728883
0.06545180827379227
0.16243617236614227
0.10203273594379424
0.1276876330375671
0.24448053538799283
0.1975015103816986
0.23084029555320737
0.23632442951202393
0.2247624397277832
0.19872440397739408
0.17908617854118347
0.14351704716682434
0.09463430196046829
-0.022416388615965843
0.12981976568698883
0.22502453625202176
0.1705048382282257
0.1261058747768402
0.2202058434486389
0.12288091331720352
0.024650001898407936
0.2354401797056198
0.11957155913114548
0.13101957738399503
0.1519378274679184
0.15709233283996582
0.1288404017686844
0.12504135072231293
0.182963952422142
-0.02412004582583904
0.22732277214527127
0.16053427755832672
0.06512533128261566
0.082855723798275
0.08625078946352005
0.21471621096134183
0.076445072889328
0.1472245752811432
0.18974642455577848
0.22918675839900968
0.09805142134428024
0.15746162831783295
0.09574702382087709
0.10670122504234313
0.21253846585750577
0.09657593071460724
0.04730252921581268
0.17650598287582395
0.21071702241897583
0.1588589996099472
0.21216270327568051
0.22521616518497467
0.22425504028797147
0.1163605973124504
0.1019480749964714
0.15884192287921903
0.22534513473510745
0.19665388762950897
0.019685527309775352
0.04669983685016632
0.22598004341125488
0.15195249021053314
0.1753528118133545
0.221779465675354
0.12421192973852156
0.17851778864860535
0.05122561752796173
0.0931750014424324
0.22238650918006897
0.07045923173427582
0.14122383296489716
0.23749990761280057
0.1786561608314514
0.18969461321830747
0.22515517473220825
0.2438228875398636
0.04107881337404251
0.15930636227130887
0.12051992863416672
0.2166772037744522
0.22516480088233948
0.17647403478622437
0.18545688688755035
0.21808387339115143
0.12721426784992218
0.12197854369878768
0.23596137762069705
0.022581694647669792
0.11163104325532912
0.06390748918056488
0.20792753994464877
0.2200672477483749
0.23216982185840607
0.1632709354162216
0.1672452688217163
0.12564854323863983
0.16114188730716705
0.08478247374296188
0.14355643093585968
0.22457098960876465
0.1733892261981964
0.08116207271814345
0.042630132287740714
0.18627302348613736
0.21188938617706296
0.1679374724626541
0.19339476525783536
0.05772106721997261
0.07181215286254883
0.0926540270447731
0.0006836741231381893
0.1700408160686493
0.1621619313955307
0.2099403142929077
-0.0761675089597702
0.14423686265945435
0.0960218459367752
0.22602513432502744
0.0910266563296318
0.2059745341539383
0.2069915384054184
0.17041723430156708
0.20354966819286344
0.16342835128307343
0.006592047866433858
0.108353354036808
0.1696225106716156
0.046070147305727005
0.11475783586502077
0.17325712740421295
0.1420679986476898
0.23888801038265228
0.23622630536556244
0.16323517262935638
0.1332447379827499
0.21656452119350436
0.23794662952423093
0.20209857821464536
0.1620657444000244
0.16362740099430084
0.1709323674440384
0.16208690404891968
0.12170452624559402
0.10022143274545668
0.13800932466983795
0.22189614176750183
0.1696099191904068
0.11953649669885635
0.16717104613780975
0.16501346230506897
0.1207597479224205
0.15809732675552368
0.22163100540637967
0.19046348333358765
-0.0176872406154871
0.2065729796886444
0.18331943452358243
0.19274081289768216
0.16345946490764615
0.19356629252433777
0.15493406355381012
0.24166613817214963
0.19231554865837097
0.16242264211177823
0.15265774726867676
0.16176293790340424
0.1754316687583923
0.22421032190322876
0.153890922665596
0.2162175625562668
0.056575130671262734
0.07263295352458954
0.12237834185361862
0.11492031812667847
0.14262479543685913
0.13971590995788574
0.17622466385364532
0.1865573078393936
0.14638188481330872
0.19886592030525208
0.11634031683206558
0.13517458736896515
0.20684446394443512
0.2072303295135498
0.04847076907753944
0.0024908198975026608
0.15971000492572784
0.2218712866306305
0.13717064261436462
0.15197403728961945
0.06643743813037872
0.13430280983448029
0.04993699863553047
0.14363029599189758
0.13499107956886292
0.19459828734397888
0.2254048436880112
0.19002796709537503
-0.08341763913631438
0.17628729343414307
0.17212052643299103
0.08627381175756454
0.15433631837368011
0.16637536883354187
-0.003347268793731928
0.20268988609313965
0.17272160947322843
0.20021124184131625
0.13089080154895782
0.2017638832330704
0.20818792283535004
0.2360450774431229
0.13023364543914795
0.1572418510913849
0.23445375263690948
0.1449424922466278
0.2055557817220688
0.20287342369556427
0.1444665640592575
-0.0018653762526810167
0.20103028416633603
0.15963245928287506
0.10397650301456451
0.1786070317029953
0.15633249282836914
0.12796589732170105
0.21095661818981168
0.0052877250127494335
0.16231529414653778
0.14955492317676544
0.17254720628261566
0.12576916813850403
0.12035631388425828
0.1088348627090454
0.1632395088672638
0.13223032653331757
0.15859472751617432
0.08788422495126723
0.05913442000746727
0.20470742881298065
0.06109551712870598
0.08844102174043654
0.1932605355978012
0.16360874474048615
0.15071190893650055
0.15927205979824066
0.12317796796560287
0.17066596448421478
0.04252050444483757
0.06226992979645729
0.12529240548610687
0.2297990173101425
0.12227316945791245
-0.00904097966849804
0.1179286241531372
0.2253766804933548
0.2457498461008072
0.20171590149402616
0.23848931491374967
0.11166369169950484
-0.009252382442355156
0.24078486859798431
0.225486233830452
0.08327636867761613
0.18417446315288544
0.20602332055568692
0.1351882666349411
0.1866043210029602
0.20097245275974276
0.12967173755168915
0.17197303473949432
0.1436033993959427
0.1123042181134224
0.24655036628246307
0.17918331921100616
0.15330736339092255
0.2143411636352539
0.1856473386287689
0.23489964008331296
0.151235431432724
0.1893901228904724
0.23138694465160367
0.20272995531558993
0.1375284194946289
0.2206769287586212
0.0872928500175476
0.147344172000885
0.14111417531967163
0.19824400544166565
0.19165703654289243
0.1273324340581894
0.17448875308036804
0.120002381503582
0.13832148909568787
0.10988257825374605
0.09913385659456253
0.13881109654903412
0.18839557468891144
0.15265361964702606
0.20123364031314847
0.16273550689220428
0.16809116303920743
0.19472120702266693
0.192004069685936
0.10716816037893297
0.15432776510715485
0.041906893253326416
0.11783397942781448
0.1387043595314026
0.19596765935420987
0.2309471964836121
0.1377655118703842
0.20377130806446075
0.2188322991132736
0.1442614644765854
0.17691467702388763
0.17912162840366364
0.07242106646299362
0.1833920776844025
0.13803689181804657
0.24785096943378448
0.19434128701686856
0.23510728776454923
0.13092149794101715
0.22969648241996765
0.1080479547381401
0.15353207290172577
0.010214893147349356
0.23586145043373108
0.20494066178798676
0.1693211942911148
0.08671583980321884
0.20602627098560333
0.09180682897567748
0.14561352133750916
0.1706181764602661
0.1498218923807144
0.19262613356113437
0.17269720137119293
0.21841898560523984
0.14812307059764862
0.17767837643623352
0.13879792392253876
0.24577365815639493
0.2054920792579651
0.2323473691940308
0.08989267051219939
0.15516546368598935
0.1781850308179855
0.23275385797023773
0.10077466070652008
0.1654168665409088
0.2322995811700821
0.2151905447244644
0.22949783504009247
0.1056065633893013
0.06492911279201508
0.11017777770757677
0.16264492273330688
0.160977303981781
0.09845883399248125
0.16127221286296844
0.1644469052553177
0.16460798680782318
0.06981713324785233
0.07717973738908766
0.18459123373031616
0.03196650370955467
0.24295641481876373
0.10061082988977432
0.13424549996852875
0.14273199439048767
0.07162623852491379
0.2475370019674301
0.20393921434879303
0.10537993162870408
0.14262010157108307
0.2313715368509293
0.1885903924703598
0.07546933740377426
0.2385340481996536
0.15427468717098236
0.025320967659354206
0.18598991632461548
0.14955666661262512
0.1341048926115036
-0.05191093310713768
0.16955237090587616
0.2339903861284256
0.2314567118883133
0.16495119035243988
0.050731252878904336
0.2530717253684997
0.21931172907352448
0.06457463651895523
0.195550799369812
0.1732758581638336
0.0928421840071678
0.16607913374900815
0.24492718279361725
-0.06324134767055511
0.18115366995334625
0.19347693026065824
0.16977174580097198
0.15421906113624573
0.1506839096546173
0.14648085832595825
0.18280865252017972
0.13402633368968964
0.10968228429555892
0.14346161484718323
0.1191236600279808
0.2222068011760712
0.05679173395037651
0.16022290289402008
0.13753238320350647
0.19386629760265353
0.16128931939601898
0.2184223830699921
0.14968551695346832
0.15798620879650116
0.21690206229686737
0.1199289783835411
0.16356445848941803
0.08664831519126893
0.2428115010261536
0.13972516357898712
0.16562102735042572
0.2175208479166031
0.23455259203910828
0.22327463328838348
0.1613963097333908
0.06163312867283821
0.13888943195343015
0.170157328248024
0.009201729670166968
0.14636169373989105
0.180427759885788
0.133738711476326
0.06249184533953667
0.24101930856704712
0.16397853195667267
0.2412564903497696
0.09431846439838408
0.1347016841173172
0.07031849771738052
0.1440262347459793
0.07550591975450516
0.22093440592288968
0.11714576929807662
0.2119750678539276
0.09854788333177567
0.16126354038715363
0.15527944266796112
0.16017249226570127
0.22795109450817108
0.17782869935035703
0.10006608068943024
0.23179711401462555
0.18200503289699557
0.17277173697948456
0.12008389085531233
0.1423940807580948
0.13831816613674164
0.1865891665220261
0.17615653574466705
0.13464033603668213
0.1825042814016342
0.1095193400979042
0.1193285956978798
0.1547485589981079
0.22131869196891785
0.1625813394784927
0.1544161885976791
0.08182894438505171
0.01450568251311779
0.2049591839313507
0.16199177503585815
-0.0291325468569994
0.2174178659915924
0.20756950974464417
0.12268587201833724
0.23164887726306915
0.0016653179191052911
0.2128188759088516
0.20754067599773407
0.1635146141052246
0.21036957204341888
0.13913904130458832
0.14054997265338895
-0.004533043596893549
0.1996451169252396
0.13799960911273956
0.16867327690124512
0.19918701052665713
0.05671600624918938
0.17562972009181976
0.04428216069936752
0.15651102364063263
0.2055935114622116
0.17994973063468933
0.09312279522418976
0.15288865566253662
0.16277867555618286
0.22195404767990112
0.07600130885839462
0.16226656734943387
0.19285207986831665
0.08163865655660629
0.18340623378753665
0.11035925894975662
0.08948030322790147
0.2330830842256546
0.09172338247299193
0.17390248179435727
0.13331171870231628
0.1931248605251312
0.0870044529438019
0.016577748581767082
0.19205805659294128
0.15801750123500824
0.07665903121232985
0.12609852850437164
0.23016338050365448
0.1350688338279724
0.07593753933906555
0.1129971444606781
0.05391791835427284
0.1699950248003006
0.10057590156793594
0.1270786076784134
0.23751951754093167
0.23307426273822784
0.1777234524488449
0.10382936149835587
0.19099560379981995
0.15405206382274628
0.0962269604206085
0.23041377961635587
0.13670749962329865
0.1402629017829895
0.07302804291248322
0.17220948636531827
0.1937001794576645
0.23890651762485504
0.1924401968717575
0.16408607363700867
0.1410587579011917
0.19369374215602875
0.09822693467140195
0.11912872642278673
0.19406259059906003
0.20151245594024655
0.06455881893634796
0.23292298614978793
0.17746491730213165
-0.009650537744164467
0.11068877577781676
0.18404531478881836
0.148546501994133
0.1073525995016098
0.11160778254270552
0.19502392411231995
0.16844578087329865
0.1248970404267311
0.1601206213235855
0.15985697507858276
0.1953152567148209
0.12267334014177322
0.15812933444976807
0.18524204194545743
0.20302632451057437
0.1760975569486618
0.13168832659721375
0.1822771430015564
0.1447172611951828
0.15800897777080536
0.1643531620502472
0.06490316241979599
0.18094345927238464
0.1785551905632019
0.1932237446308136
0.1308325082063675
0.13046371936798096
0.17498071491718292
0.052372712641954415
0.1311044842004776
0.15218020975589752
0.17939484119415283
0.163876935839653
0.2092284709215164
0.21835841238498688
0.10833849012851716
0.24171888828277588
0.13209179043769836
0.14984606206417084
0.1876879632472992
0.20321884751319885
0.11302919685840607
0.15707339346408844
0.15163886547088623
0.19309952855110168
0.23474289476871488
0.15601660311222076
0.22537739574909207
0.11898953467607498
0.14446496963500977
0.2086491137742996
0.19179548323154447
0.15696291625499725
0.022128619253635406
0.12256135791540144
0.1339141875505447
0.1898298412561417
0.12535707652568817
0.16897417604923248
0.13372290134429932
0.12108611315488815
0.17489469051361084
0.14394627511501312
0.1606131941080093
0.0032482235692441463
0.17506085336208344
0.14327594637870789
0.20910079777240756
0.23174890875816345
0.20099677145481107
0.15418861806392667
0.19697721302509308
0.23642960190773007
0.15254606306552887
0.1801256686449051
0.22993832826614377
0.15818484127521515
0.0956914573907852
0.1291799396276474
0.1249101385474205
0.1974117606878281
0.22926311194896695
0.11249540746212004
0.2149706482887268
0.21490617096424103
0.13330326974391937
0.17532324790954587
0.05473177134990692
0.08102069795131683
0.0889989510178566
0.2330799251794815
0.21684850752353668
0.08316446095705032
0.23688656091690063
0.09934429079294205
0.24271000921726224
0.14160190522670743
0.20477671921253204
0.20534002780914304
0.14503546059131622
0.1855944246053696
0.2007008790969849
0.1793118119239807
0.09644309431314467
0.2381111830472946
0.11734617501497269
0.1405450254678726
0.21486227214336395
0.1993778944015503
0.07024545967578888
0.03825241327285767
0.2193426936864853
0.2497984319925308
0.181914746761322
0.07972727715969084
0.13664038479328156
-0.03855126351118088
0.23930758237838745
0.2399745136499405
0.1318446397781372
0.12420373409986496
0.15227195620536804
0.22117607295513156
-0.00010258564725518227
0.2211756855249405
0.20924772322177887
0.2354082018136978
0.06303883343935013
0.17798592150211334
0.13209368288516998
0.22619409859180448
0.1780160814523697
0.22932413220405576
0.2126827836036682
0.09606351703405379
0.22046566009521484
0.1150294318795204
0.16369490325450897
0.09914909303188325
0.24115692079067233
0.04470796883106232
0.12781305611133575
0.21598033607006076
0.15055178105831146
0.1399686634540558
0.1540611237287521
0.1662934273481369
0.16197507083415985
0.19064512848854065
0.1639805883169174
0.09504809230566023
0.11399851739406584
0.1781117469072342
0.2363527864217758
0.22857306897640228
0.0782899558544159
0.1631939262151718
0.18776209652423856
0.19532635807991028
0.15075181424617767
0.16122084856033325
0.15773625671863556
-0.04322246089577674
0.21376341581344604
0.22619298100471497
0.2360890507698059
0.0989595726132393
0.200198233127594
0.1659671366214752
0.1310891360044479
0.1905634105205536
0.15595729649066925
0.16510777175426483
0.19123257696628568
0.11307165026664732
0.19339619576931
0.14508280158042908
0.2353174388408661
0.1639113873243332
0.18773174285888672
0.2266397178173065
0.07979273051023483
0.20870856940746307
0.2137845009565353
0.030444702133536335
0.06628622859716415
0.17921440303325653
0.18472893536090848
0.1641872674226761
0.21874198317527768
0.15307389199733734
0.14686329662799835
0.1999347060918808
0.1802963763475418
0.24913819134235385
0.17915733158588407
0.10693854093551636
0.1879260540008545
0.24958555400371552
0.211916446685791
0.19920010864734647
0.13924662768840787
0.13365353643894196
0.1406780332326889
0.08369293808937071
0.1207265481352806
0.13075493276119232
0.232092946767807
0.07099118828773499
0.10778459161520004
0.046122051775455475
0.1943799704313278
0.16999059915542603
0.2364897578954697
0.22093014419078824
0.1352446675300598
0.17825148999691007
0.08436157554388046
0.05525586009025574
0.23137046396732328
0.16216391324996948
0.21788156032562253
0.12523777782917023
0.12620745599269867
0.15130947530269623
0.019283926114439964
0.09492190927267073
0.12575532495975494
0.048029843717813485
0.119038425385952
0.08270847797393799
0.08534749597311021
0.17914952337741852
0.06510522216558456
0.10295978933572768
0.2261058539152145
0.1917515993118286
0.1385524421930313
0.04882391914725304
0.1685122698545456
0.21157266199588773
0.2332440614700317
0.21963979303836825
0.24097277224063876
0.23974454402923584
0.17051707208156583
0.1219787374138832
0.1656416207551956
0.2122367471456528
0.16910460591316223
0.2549761235713959
0.20654650032520291
0.09895112365484236
-0.06696725636720657
0.23259291052818296
0.1840226501226425
0.15823285281658173
0.1886683255434036
0.15990610420703888
0.19165079295635223
0.10660812258720397
0.2235136777162552
0.20094299316406247
0.09010697156190872
0.1480625718832016
0.1470409631729126
0.14821206033229828
0.2284542471170425
0.0778021588921547
0.13923488557338715
0.06074004247784615
0.2082669287919998
0.11209820955991744
0.13151493668556213
0.06169221922755241
0.12656205892562866
0.23112232983112332
0.1303092390298843
0.18254052102565765
0.16432805359363556
0.10989501327276228
0.18500579893589017
0.21674764156341553
0.05513985455036163
0.17495037615299225
0.19530197978019717
0.05754585191607475
0.17208267748355863
0.1184662953019142
-0.0616476871073246
0.1567650735378265
0.07314376533031462
0.10648945719003676
0.20498152077198029
0.08911351859569548
0.12302521616220474
0.1626794785261154
0.23267465829849243
0.18518860638141632
0.18651646375656128
0.2303362488746643
0.07516943663358688
0.0974779799580574
0.1559278666973114
0.18265555799007413
0.1210748180747032
0.12768124043941495
0.12481681257486343
0.11832111328840256
0.16362185776233673
0.10528767853975296
0.16223149001598358
0.14616577327251434
0.13869810104370117
0.17045429348945615
0.14152224361896515
0.11325495690107344
0.21723207831382751
0.1013609766960144
0.2136136293411255
0.0718848705291748
0.03398975357413292
0.2132539004087448
0.20469971001148224
0.14089711010456085
0.186880961060524
0.1749180555343628
0.03674836829304695
0.1305011510848999
0.19547541439533236
0.06002426519989967
0.07052701711654663
0.21156352758407593
0.026374841108918193
0.1946254521608353
0.2472286969423294
0.16163890063762665
0.15587639808654785
0.2062839716672897
0.230716273188591
0.2293361872434616
0.1712560802698135
0.1621236354112625
0.1105223000049591
0.03573122248053551
0.23751862347126007
0.07108930498361588
0.02666718326508999
0.11894986778497696
0.08464806526899338
0.18582719564437863
0.13048948347568512
0.14290569722652435
0.24984456598758695
0.2340185195207596
0.18477223813533783
0.17521308362483978
0.03916088119149208
0.23295883834362033
0.09432367980480194
0.19949649274349207
0.1055423617362976
0.16897855699062347
0.17582155764102936
0.08000296354293822
0.25604721903800964
0.22675739228725436
0.231213241815567
0.16582453250885007
0.00788022018969059
0.20491488277912137
0.18258501589298248
0.22127582132816315
0.23997262120246887
0.022095499560236927
0.18457458913326263
0.1169254183769226
0.1290513277053833
0.1381232589483261
0.10798452049493788
0.1659880131483078
0.1206408366560936
0.09222380071878432
0.1175621673464775
0.21364423632621765
0.17930328845977783
0.1952899396419525
0.16465426981449127
0.1422635018825531
0.21946804225444796
0.12498653680086136
0.11244890838861464
0.23675717413425443
0.12965498864650726
0.18367955088615415
0.18079213798046112
0.18339528143405917
0.167551651597023
0.12014210969209672
0.012880558148026466
0.25424739718437195
0.10284677892923356
0.25462812185287476
0.1619562953710556
0.14172415435314178
0.20207123458385468
0.18482501804828644
0.2129300683736801
0.12772582471370697
0.20537982881069183
0.157332643866539
0.23703111708164212
0.16934742033481595
0.117672860622406
0.23656117916107175
0.17262309789657593
-0.05577805638313293
0.1436574012041092
0.1780535727739334
0.1024842858314514
0.13729839026927948
0.16126979887485504
0.2527827322483063
0.23679919540882113
0.23026643693447116
0.11430386453866959
0.10689302533864974
0.177279993891716
0.15826772153377533
0.0875699445605278
0.12167423218488692
0.14476151764392853
0.19233018159866333
0.17431423068046567
0.11880374699831008
0.1914287954568863
0.15183894336223602
0.15778999030590057
0.14712731540203094
0.2368582785129547
0.1495406478643417
0.07711983472108841
0.15326142311096191
0.17028014361858368
0.1941050291061401
0.05950111523270607
0.18382641673088077
0.12441863864660264
0.15273717045783997
0.1448146551847458
0.15317568182945251
0.1907442659139633
0.0565144382417202
0.14953947067260742
0.044120173901319504
0.07751342654228209
0.2436634749174118
0.1788649708032608
0.10492108762264252
0.10514891892671584
0.09695251286029816
0.2016788274049759
0.11059457063674925
-0.06835615634918213
0.20061852037906647
0.21053868532180783
0.19175943732261655
0.11079666018486022
0.15287216007709503
0.1708751767873764
0.21003574132919312
0.09877156466245651
0.12580174207687375
0.1771210879087448
0.13124287128448486
0.046844732016325
0.19793836772441864
-0.014345979318022728
0.13684649765491483
0.2550132274627685
0.19268232583999637
0.041192077100276954
0.12347065657377244
0.15085099637508392
0.19260293245315552
0.09507332742214201
0.18808890879154205
0.19425292313098907
0.2068500369787216
0.21818089485168457
0.2300146520137787
0.20550014078617093
0.07061051577329636
0.0903737023472786
0.19188252091407773
0.18035386502742767
0.08474236726760864
0.1185721531510353
0.2064821571111679
0.17572183907032013
0.14734311401844025
0.1922742426395416
0.1925976723432541
0.06563997268676758
0.19606076180934903
0.2172565311193466
0.15317021310329437
0.0786798819899559
0.06394588202238083
0.20641382038593287
0.0382884256541729
0.07637570798397064
0.1814918965101242
0.22877070307731628
0.24545295536518097
0.09401550143957138
0.18078087270259857
0.12126221507787704
0.15166042745113373
0.1755774617195129
0.16614723205566406
0.04861653223633766
0.09096644818782806
0.18118545413017273
0.13585667312145233
0.21921043097972867
0.14244146645069122
0.23785950243473047
0.18338665366172793
0.09351802617311475
0.2449403554201126
0.07632353901863098
0.11451194435358047
0.091061994433403
0.0644080638885498
0.13865140080451965
0.020132521167397496
0.24054770171642303
0.2271287590265274
0.2540307343006134
0.1564011573791504
0.16835246980190277
0.18069568276405332
0.2057309448719025
0.06884133815765381
0.20251841843128204
0.17162927985191345
0.2177017033100128
0.24234189093112943
0.02237818017601967
0.04638747125864029
0.21728624403476715
0.02622957713901997
0.06775897741317749
0.17276769876480103
0.1771368831396103
0.1546161025762558
0.2070923149585724
0.20316968858242035
0.1590171903371811
0.22705774009227753
0.13722218573093414
0.1300518363714218
0.15492960810661316
0.16337844729423523
0.18832790851593015
0.20026659965515137
0.09963868558406828
0.0576498843729496
0.18694080412387848
0.24257951974868772
0.07450019568204878
0.09976165741682051
0.14846853911876678
0.1890193670988083
0.2253926545381546
0.1084536835551262
-0.06815305352210999
0.08238450437784195
0.15504537522792816
0.127221941947937
0.13862694799900055
0.08098645508289337
0.10999463498592375
0.11035916954278945
0.23480916023254397
0.15597863495349884
0.18139137327671048
0.18495957553386688
0.15900695323944092
0.11446129530668259
0.1130591332912445
0.0944414809346199
0.1304166465997696
0.1756078153848648
0.16908204555511475
0.1845223307609558
0.1814122051000595
0.2343148738145828
0.000914053525775671
0.184591606259346
-0.06238244101405144
0.07444923371076582
0.22555314004421237
0.2317385375499725
0.19146789610385892
0.18772014975547793
0.20829324424266812
0.24106623232364652
0.1412040740251541
0.13762274384498596
0.1774820238351822
0.23243434727191925
0.1850624978542328
0.024743249639868736
0.05723296478390694
0.15228836238384247
0.20637707412242887
-0.07351689785718918
0.23312686383724207
0.19983710348606107
0.19387684762477875
0.1665971428155899
0.1493150293827057
0.06368735432624817
0.14523182809352875
0.20300753414630887
0.04836403951048851
0.1763910949230194
0.05820934101939201
0.22823069989681244
0.13767635822296143
0.16468946635723114
0.01126180775463581
0.22703994810581207
0.18124233186244965
0.11427407711744308
0.12448685616254807
0.197809174656868
0.17078961431980133
0.06554064899682999
0.08234499394893646
0.13474948704242706
0.07054135948419571
0.15823249518871307
0.05594556406140328
0.10712376981973648
0.1462988406419754
0.24640841782093048
0.16524094343185425
0.1405440717935562
0.04406782612204552
0.21356932818889615
0.23439298570156095
0.10834670811891556
0.1811400204896927
0.08250648528337479
0.16183039546012878
0.05112938955426216
0.09606225788593292
0.22843651473522184
0.0996238887310028
0.12783250212669373
0.0676979050040245
0.11753155291080473
0.1469750702381134
0.18651588261127472
0.10775617510080336
0.02025250159204006
0.1834843307733536
0.1214844211935997
0.07233110815286636
0.17215655744075775
0.049936600029468536
0.19194750487804407
0.13960640132427216
0.11318501085042952
0.15919966995716095
0.23304225504398343
0.15412157773971555
-0.00012995535507798195
0.14487560093402863
0.16960127651691437
0.19318558275699613
0.009167129173874857
0.10443247854709624
0.24506570398807523
0.2422208935022354
0.13831323385238647
0.16519008576869965
0.23642393946647644
0.15910141170024872
0.14302241802215576
0.1532631069421768
0.2029850035905838
0.24342387914657593
0.16429968178272247
0.23462758958339688
0.11522635817527772
0.1408340036869049
0.22660352289676663
0.16686207056045532
0.24340547621250153
0.12771728634834287
0.1182372123003006
0.17274324595928192
0.1852978616952896
0.16829060018062592
0.1837455183267593
0.12931226193904877
0.12735392153263092
0.183366522192955
0.12862747907638547
0.10579981654882432
0.126385360956192
0.20117437839508057
0.10343427211046217
0.18558107316493988
0.17625536024570465
0.10359340161085127
0.11183135956525803
0.09414990991353987
0.09613623470067978
0.13408727943897247
0.16156472265720367
0.07952966541051865
0.1169864386320114
0.17912337183952332
0.20331114530563357
0.21194830536842343
0.1852200925350189
0.20287632942199707
0.16958528757095337
-0.09470915794372559
0.24675466120243073
0.15540696680545807
0.21020859479904172
0.12544299662113187
0.2140250653028488
0.18216304481029513
0.2306903898715973
0.09259310364723203
0.12834943830966947
0.1272638887166977
0.1749903708696365
0.1093342825770378
0.22253577411174771
0.2221514284610748
0.16987617313861847
-0.06873541325330734
0.12757492065429688
0.06487710773944855
0.21598954498767847
0.120155431330204
0.0309994462877512
0.09976290911436081
0.05745695158839226
0.16915670037269592
0.17123566567897797
0.22386939823627472
0.16797059774398804
0.21127940714359283
0.1266530305147171
0.06879246979951859
0.13869668543338776
0.12002908438444136
0.12604080140590668
0.1737050563097
0.01941457949578762
0.12740379571914673
0.188031867146492
0.1331244707107544
0.07074631750583649
0.20346814393997192
0.2192905992269516
0.06452634185552597
0.09855337440967561
0.2383974641561508
0.18684639036655423
0.13421396911144257
0.12362243980169296
0.1329755187034607
0.13674858212471008
0.10763618350028992
0.07170642167329788
0.23066650331020355
0.19490502774715424
0.1736220419406891
0.10350338369607924
0.23004801571369168
0.13160479068756104
0.03010541759431362
0.17614270746707916
0.11652835458517075
0.16721221804618835
0.17368270456790924
0.1419326514005661
0.1351879984140396
0.17581121623516083
0.15876013040542603
0.13271670043468475
0.21437263488769528
0.19161608815193176
0.23626449704170227
0.1555078476667404
0.25232264399528503
0.22537849843502045
0.21609409153461456
0.10701099783182144
0.10399366915225983
0.15436939895153043
0.17330746352672577
0.14742161333560944
0.06607364118099213
0.18168218433856964
0.04053319618105888
0.1710013598203659
0.10760363936424255
0.20610056817531583
0.07628236711025238
0.19898390769958496
0.10568545758724213
0.14565835893154144
0.23338565230369568
0.19973930716514587
0.13571593165397644
0.18291668593883517
0.2261527329683304
0.0928760915994644
0.23714318871498108
0.19766105711460116
0.2447944134473801
-0.05989670753479004
0.23362140357494357
0.21414659917354584
0.1573726385831833
0.127398744225502
0.1617298275232315
0.1173398271203041
0.1994956135749817
0.10673509538173676
0.21321117877960205
0.1959868520498276
0.036696653813123696
0.1100042164325714
0.0984572097659111
0.22719794511795044
0.17104899883270264
0.25256112217903137
0.1329469084739685
0.11248558014631271
0.07822322100400925
0.08642609417438507
0.16053301095962524
0.023593338206410408
0.11966725438833235
0.13294261693954468
0.19037984311580655
0.10620122402906416
0.054178744554519646
0.21626527607440948
0.0887954831123352
0.20851989090442655
0.20124427974224088
0.1533789485692978
0.03875436261296272
0.23125495016574857
0.2081936746835709
0.08288803696632385
0.16789069771766663
-0.023360883817076683
-0.026302121579647064
0.21288621425628665
0.06489143520593643
0.04152997955679893
0.15838633477687836
0.1757703274488449
0.112512968480587
0.11588822305202484
0.17992420494556427
0.17380657792091367
0.10042719542980194
0.08026706427335739
0.1498243659734726
0.11868388205766676
0.1913325637578964
0.13544492423534393
0.08092594891786574
0.1350494623184204
0.10654077678918839
0.09463094919919968
0.15746276080608368
0.11397990584373474
0.19110485911369324
0.1627100110054016
0.22684685885906217
0.21314944326877597
0.027437781915068623
0.0728343054652214
0.20341588556766513
0.17781907320022583
0.23035709559917447
0.17119349539279935
0.18394990265369413
0.13883499801158905
0.0333947017788887
0.20169387757778168
0.23641765117645264
0.15247346460819244
0.06351014971733093
0.15204899013042447
0.11883596330881117
0.07476582378149033
0.06545223295688629
0.06072773411870003
0.03633317723870277
0.23587521910667417
0.06659617274999619
0.198396235704422
0.15590323507785797
0.15949219465255737
0.123857282102108
0.1570460349321365
0.16726242005825043
0.1564542055130005
0.07874232530593872
0.17611223459243774
0.2239932864904404
0.18324901163578036
0.1076951026916504
0.18411763012409207
0.10265397280454636
0.19577232003211972
0.18394505977630612
0.008536061272025107
0.20667679607868197
0.19237935543060303
0.04225613549351692
0.20856226980686188
0.11310655623674391
0.19379098713397977
0.12363234907388689
0.16439615190029144
0.17309546470642087
0.210091769695282
0.14700551331043243
0.08266773819923402
0.09392493218183517
0.17572790384292603
0.23282931745052335
0.062475670129060745
0.11839456111192705
0.1643856316804886
0.2473255842924118
0.23507094383239743
0.23306889832019803
0.14334328472614288
0.11537309736013412
0.22257800400257113
0.1172608733177185
0.24148501455783844
0.2161420285701752
0.1486234813928604
0.16743330657482147
0.08278430253267288
0.06169120594859123
0.1500672996044159
0.16915401816368103
0.19564618170261383
0.18564823269844052
0.10288529843091963
0.06394252926111221
0.12771129608154297
0.21556998789310453
0.17300011217594147
0.0728488638997078
0.16952423751354215
0.10631667822599412
0.18364517390728
0.16270600259304047
0.18851608037948608
0.14488013088703156
0.24040253460407257
0.198305144906044
0.0003044693730771541
0.15028829872608185
0.17894040048122406
0.06565997749567032
0.0802338495850563
0.2114035934209824
0.04403366521000862
0.13412117958068848
0.13799135386943817
0.2087760418653488
0.1258565783500671
0.16291449964046478
0.17137111723423004
0.12834466993808746
0.07827378809452058
0.23641660809516904
0.21205087006092072
0.10339263826608656
0.11912275105714797
0.21255339682102203
0.012160858139395712
0.11760724335908888
0.2155578285455704
0.16938698291778564
0.14474040269851685
0.2420620173215866
0.20968805253505704
0.06472743302583694
0.17606832087039948
0.07151136547327042
0.1883367747068405
0.1822614222764969
0.231736958026886
0.03871102258563042
0.09655580669641495
0.1701727509498596
0.2315654754638672
0.07693754136562347
0.24348545074462888
0.23354873061180115
0.24370993673801425
0.2133023291826248
0.1881048083305359
0.1667864620685577
0.15836861729621887
0.1487378031015396
0.16400365531444547
0.1442418098449707
0.03751153126358986
0.11698779463768004
0.2324453443288803
-0.011946940794587135
0.11876886337995528
0.1802067905664444
0.09347222745418547
0.056239459663629525
0.07545773684978485
0.18056768178939817
0.25038236379623413
0.1598925143480301
0.11110582947731018
0.24259789288043973
0.18816880881786344
0.1519894003868103
0.189592108130455
0.21668571233749387
0.1981472820043564
0.1957949250936508
0.23021399974823
0.21501159667968753
0.12384965270757677
0.12639500200748444
0.1813266724348068
0.1596750169992447
0.19667434692382807
0.19779978692531583
0.12524467706680295
0.1698198765516281
0.22972056269645688
0.0816430076956749
0.20853902399539948
0.1356982588768005
0.1291634738445282
0.1952317506074905
0.2235509008169174
0.1706596314907074
0.20937646925449369
0.20697554945945737
0.011356081813573836
0.09292775392532349
0.1852785795927048
0.2272658497095108
-0.0035532177425920963
0.17612706124782562
0.23504380881786344
-0.058165695518255234
0.1534036248922348
0.1842513531446457
0.11428820341825484
0.12188499420881271
0.14974500238895416
0.11162715405225752
0.23390747606754303
0.09441467374563216
0.1749187558889389
0.15465903282165527
0.1707034558057785
0.22810555994510648
0.24303291738033292
0.13305731117725372
0.07295902818441392
-0.017811710014939308
0.15709340572357175
0.12455984205007552
0.24494336545467377
0.06542466580867767
0.12079181522130966
0.09741120785474776
0.20532025396823883
0.123800627887249
0.12445949763059616
0.1016012355685234
0.1714622974395752
0.15934021770954132
0.11942244321107864
0.1351921707391739
0.1438436061143875
0.1538996547460556
0.10260603576898573
0.1250649392604828
0.14425833523273468
0.21991685032844543
0.1727408915758133
0.20320910215377808
0.16764354705810547
0.17285820841789243
0.12333045154809952
0.11528467386960985
0.124195896089077
0.23132471740245816
0.07813855260610579
0.04565967991948128
0.05392305180430412
0.13633450865745544
0.11599369347095488
0.0588596649467945
0.21385084092617035
0.038773924112319946
0.20681960880756375
0.11173951625823975
0.1407867819070816
0.17169064283370972
0.1257697194814682
0.11591454595327376
0.17718932032585144
0.06712765246629715
0.21339409053325653
0.13484512269496915
0.1715122014284134
0.10091250389814375
0.05997686460614205
0.14591653645038605
0.09961377829313278
0.203827366232872
0.17020155489444733
0.1493977457284927
0.13663320243358612
0.22558535635471344
0.1804917007684708
0.22788673639297485
0.017732150852680206
0.2051936835050583
0.1281147450208664
0.1502360999584198
0.16605310142040253
0.15807652473449707
0.17804060876369476
0.13402606546878815
0.05448842421174049
0.23112709820270536
0.1968439072370529
0.05253743752837181
0.1245855763554573
0.2400187700986862
0.1387539803981781
0.05543253198266029
0.11677629500627516
0.1686772257089615
0.10932432115077972
0.06222600862383842
0.20656387507915497
0.06088194623589516
-0.00973754934966564
0.1433361917734146
0.1589045524597168
0.16051606833934784
0.22621725499629972
0.14775435626506803
0.23052123188972476
0.05174266546964645
-0.02389010973274708
0.04657845944166184
0.07842378318309784
0.17579135298728943
-0.029394915327429768
0.024242404848337173
0.17372529208660123
0.18311350047588348
0.2070583552122116
0.16630643606185913
0.012519007548689842
0.13636541366577148
0.19202463328838348
0.1806832253932953
0.2330526560544968
0.1502688229084015
0.18464888632297516
0.13313351571559906
0.09879782795906067
0.17110605537891388
0.21736095845699313
0.20345163345336917
0.16805462539196014
0.1427619308233261
0.22565685212612152
0.17833749949932098
0.21813830733299253
0.24410505592823029
0.23359082639217377
0.1156923621892929
0.10682626813650133
0.12613320350646973
-0.03945501893758774
0.1797199100255966
-0.004994160030037165
0.16055341064929962
0.21379829943180084
0.2261696010828018
0.239268496632576
0.06439372152090073
-0.004138628486543894
0.22905883193016047
0.18022646009922028
0.08740659803152083
0.1751122772693634
0.17952562868595123
0.17790180444717407
0.03809398040175438
0.08606412261724472
0.225136399269104
-0.042489882558584206
0.11298199743032455
0.04621604457497597
0.15394367277622223
0.2293429225683212
0.17338772118091583
0.18436460196971893
0.024661434814333916
0.2054971009492874
0.06641504913568497
0.06532762944698334
0.09555622190237043
0.046630699187517166
0.141697958111763
0.2522238790988922
0.12237212806940077
0.2338615506887436
0.15748314559459686
0.14253874123096466
0.1647193431854248
0.029145320877432823
0.0735272467136383
0.17245514690876007
0.10678771138191225
0.17049366235733032
0.15611949563026428
0.11653190106153488
0.17945101857185364
0.17574912309646606
0.23452062904834747
0.2097778767347336
0.21047039330005643
0.1183757707476616
0.2315993010997772
0.23152591288089752
-0.046542417258024216
0.10294728726148604
0.15391522645950317
0.09627168625593184
0.237071231007576
0.1480727344751358
0.10814935714006424
0.1797042340040207
0.21615974605083463
0.07582361996173857
0.2492295056581497
0.18832074105739596
0.07773711532354355
0.23365537822246552
0.18967168033123016
0.17068637907505035
0.09528759866952896
0.17427095770835876
0.1170806661248207
0.2481223791837692
0.11354171484708786
0.20520050823688507
0.17362093925476074
0.20010441541671753
0.06635597348213196
0.22749608755111692
0.004604955669492483
0.13850678503513336
0.19980899989604947
0.04421542957425117
0.1342589110136032
0.1528942734003067
0.14302286505699155
0.17186622321605682
0.17294564843177795
0.12673451006412506
0.23285908997058868
0.09474442899227142
0.14733241498470306
0.102139413356781
0.2082022577524185
0.1308968961238861
0.1900220364332199
0.16537149250507355
0.13333064317703247
0.16831918060779572
0.229104608297348
0.054768167436122894
0.1530887633562088
0.1553807556629181
0.18775683641433716
0.18590085208415985
0.1795789450407028
0.03449600562453269
0.18542020022869113
0.1698634177446365
0.09263435751199722
0.006846181582659482
0.15421238541603088
0.15840645134449005
0.16288067400455475
0.11884521692991255
0.12447898834943771
0.16579067707061768
0.08766075223684312
0.07314597815275192
0.16032224893569946
0.05076361447572708
-0.014731613919138908
0.17263661324977875
0.17311501502990723
0.17004792392253876
0.23164162039756772
0.07104022055864334
0.1388426572084427
0.2166668325662613
0.16802470386028287
0.15687324106693268
0.1203075125813484
0.13224366307258603
0.173226997256279
0.10243415087461472
0.1956331729888916
0.007457138504832982
0.08549145609140396
0.03496913984417915
0.08859207481145857
0.193642720580101
0.13482488691806793
0.15397563576698303
0.12075372785329817
0.20279936492443085
0.22760240733623505
0.15822415053844452
0.13000209629535675
0.20213724672794345
0.1971207708120346
0.2220599055290222
-0.04756633564829826
0.17404618859291077
0.1653185486793518
-0.025880170986056328
0.15798717737197876
0.20896528661251068
0.11053778976202012
0.13538490235805511
0.0599595345556736
0.17087118327617645
0.2151693552732468
0.16094417870044708
0.1504683941602707
0.11712291836738586
0.16955934464931488
0.17975667119026184
0.1506887674331665
0.22970224916934967
0.1956443041563034
0.03932728990912437
0.19131553173065183
0.031226547434926036
0.22191196680068967
0.0962630808353424
0.18715430796146393
0.245869055390358
0.1667107492685318
0.17474131286144257
0.1994261294603348
0.012059083208441734
0.17134638130664823
0.2508135735988617
0.13487623631954193
0.147504523396492
0.05852368846535683
0.10445474088191986
0.19129937887191767
0.12526273727416992
0.09586761891841888
0.1300705522298813
0.18797507882118225
0.1674854606389999
0.11833395808935164
0.16126158833503723
0.11381825059652328
0.10674593597650528
0.2217256873846054
0.14431941509246826
0.16590991616249084
0.12394919246435164
0.2027747333049774
-0.013974860310554504
0.23317712545394895
0.07275760918855667
-0.03385431319475173
0.1824893802404404
0.2280165404081345
0.1884407848119736
0.23067490756511688
0.1501728594303131
0.23010118305683133
0.13870324194431305
0.07375059276819229
0.22322377562522888
0.19465617835521695
-0.0010132775641977787
-0.03566598892211914
0.132332906126976
0.07511980086565018
-0.005774664226919413
0.23161084949970245
0.20341040194034576
0.13333649933338165
0.12602604925632477
0.21693915128707883
0.1512453407049179
0.2340613752603531
0.24633194506168363
0.14000408351421356
0.09658079594373704
0.18195998668670652
0.09980839490890504
0.21624295413494113
0.07985106110572816
0.051949888467788696
0.08318987488746643
0.17512506246566772
0.035831432789564126
0.2151365429162979
0.004014888312667608
-0.000109019223600626
0.05981716886162758
0.15346522629261017
0.2400145083665848
0.15904144942760468
0.16125307977199554
-0.01755845732986927
0.10282770544290543
0.15373903512954712
0.233927384018898
0.1408879905939102
0.23315501213073728
0.204536572098732
0.1912849992513657
0.1795035749673843
0.061396930366754525
0.2258964031934738
0.1351726800203323
0.11990871280431747
0.15028025209903717
0.1386522352695465
0.21619556844234464
0.13661625981330872
-0.05918763205409049
0.1806155890226364
0.06144454702734947
0.0527072437107563
0.19050163030624387
0.12901903688907623
0.14929518103599548
0.1405652016401291
0.1521696001291275
0.12916557490825653
0.18132317066192624
0.13338975608348846
0.08592131733894348
0.1469443142414093
0.17268648743629456
0.2283909171819687
0.18593530356884
0.16997107863426208
0.12022045999765396
0.038279790431261056
-0.044528648257255554
0.178863063454628
0.18772393465042117
0.13972970843315125
0.08558877557516098
0.05407160148024559
0.23427531123161316
0.18907296657562253
0.13702933490276337
0.14775580167770383
0.17556209862232208
-0.007327152881771326
0.023447362706065174
0.24585671722888944
0.13846057653427124
0.19875676929950717
0.228042796254158
0.10240555554628372
0.16052661836147308
0.1307854801416397
0.18107709288597104
0.0901625081896782
0.03203996643424034
0.2364504635334015
-0.016549086198210716
0.1126745268702507
0.10186346620321272
0.11326446384191512
0.16340161859989166
0.1832076609134674
0.16343204677104947
0.2232181578874588
0.13749811053276062
0.1525333672761917
0.14116978645324707
0.231490358710289
0.18387143313884732
0.23231272399425504
0.1727004498243332
0.13597284257411957
0.1972280591726303
0.17808444797992706
0.1417488306760788
0.12733574211597443
0.130608469247818
0.15285593271255493
0.17513297498226163
0.18657781183719635
0.11039034277200697
0.12336782366037367
0.18440842628479004
0.09438806772232056
0.1874079704284668
0.09814536571502684
0.15105675160884857
0.14358443021774292
0.12728644907474515
0.09311936795711517
0.1779462844133377
0.1853748708963394
0.16786877810955048
0.1332740932703018
0.20794060826301572
0.15455837547779083
0.07750023901462555
0.1427137404680252
0.1254367083311081
0.033023882657289505
0.16328169405460355
0.23267726600170133
0.2237987369298935
0.15049976110458374
0.23541232943534848
0.17405961453914642
0.18042801320552823
0.19310496747493744
0.1435563564300537
0.1461992710828781
0.1322492957115173
0.11064391583204268
0.035677049309015274
0.1230730339884758
0.13068698346614835
0.06453609466552734
0.16442708671092987
0.2184294015169144
0.1776992231607437
0.20017631351947784
-0.00017517292872071266
0.18542434275150296
0.13985885679721832
0.0460527203977108
0.11871474236249924
0.12091242522001266
0.1363225132226944
0.2302062958478928
0.1846166700124741
0.1650435775518417
0.22459024190902707
0.20946754515171048
0.21622830629348755
0.056154761463403695
0.18420635163784027
0.10324884951114655
0.08163199573755264
0.1845083087682724
0.22486950457096097
0.1749146431684494
0.09548529982566832
0.23893897235393524
0.19941122829914093
0.1043223962187767
0.14701513946056363
0.21354661881923676
0.07650423049926758
0.19544938206672668
0.10511776059865952
0.17946816980838776
0.07206772267818451
0.1542546898126602
0.24357463419437408
0.1097280904650688
0.24852974712848663
-0.006733177695423365
0.13353942334651947
0.16301383078098297
0.19502271711826324
0.17443783581256866
0.14855889976024628
0.16926634311676023
0.13040177524089813
0.2360704094171524
0.19563589990139008
0.14619356393814087
0.22717794775962827
0.1416601985692978
0.21476832032203677
0.20870859920978543
0.13094206154346466
0.06018060818314552
0.14234235882759094
0.16947336494922635
0.19059844315052032
0.039489004760980606
-0.005540924612432718
0.038174983114004135
0.03173225000500679
0.1632431149482727
0.12416359037160872
0.10205072164535522
0.04026439040899277
0.14019377529621124
0.1460288166999817
0.21415834128856656
0.15657432377338407
0.18626300990581512
0.16390863060951233
0.22653745114803317
0.10971774905920029
0.06836531311273575
0.2068914473056793
0.10723998397588728
0.18537029623985288
0.1143832728266716
0.026133423671126366
0.19185806810855863
0.24945004284381864
0.15678261220455167
0.1868306398391724
0.024593042209744453
0.09759053587913512
0.1673688441514969
0.15155790746212003
0.12815718352794647
0.0429619736969471
0.2293255180120468
0.1451992094516754
0.05137619748711585
0.19022546708583832
0.20636443793773648
0.17192992568016052
0.13845863938331604
0.1001388132572174
0.13186953961849213
0.2338935881853104
0.1614144891500473
0.00021682074293494225
0.16719400882720947
0.08092416077852249
0.15369461476802823
0.12337607890367508
0.13469186425209043
0.15476135909557343
0.11895781010389328
0.2456151992082596
0.2190866321325302
0.17804552614688873
0.22042965888977048
0.0642375573515892
0.0740625113248825
0.16158632934093475
0.22809408605098724
0.11775725334882736
0.06069226935505867
0.019930945709347725
0.19389578700065607
0.15455646812915802
0.12901978194713593
0.17787261307239532
0.14867688715457916
0.24078525602817533
0.1916830390691757
0.18908165395259857
0.19040851294994357
0.23382045328617093
0.12734290957450867
0.13108085095882416
0.20144380629062647
0.13151216506958008
0.2089913785457611
0.13413958251476288
0.10111816972494124
0.10753241926431656
0.13548190891742706
0.16186770796775815
0.15678510069847107
0.22068521380424497
0.13906605541706085
0.06180549785494804
0.22836528718471527
0.13536176085472107
0.221310630440712
0.12603215873241425
0.19049778580665588
0.1332033723592758
0.1235349103808403
0.09461530297994611
0.17395728826522827
0.1233834996819496
0.155841663479805
0.16359703242778778
0.12076949328184128
0.1390929818153381
0.19153009355068207
0.19298142194747925
0.10896217077970503
0.23553456366062164
0.14385564625263214
0.11090791225433348
0.09516819566488266
0.1713888049125671
0.09383542090654372
0.14764390885829923
0.14365239441394803
0.16479821503162384
0.14612649381160736
0.06640145927667618
-0.06146000698208809
0.21023981273174283
0.17245474457740784
0.11592129617929459
0.11375174671411514
0.207256019115448
0.22333592176437375
0.18343029916286469
0.008997295051813126
0.11356861889362337
0.13495655357837677
0.08800207823514937
0.17091859877109528
0.15203389525413513
0.22893674671649927
0.21430730819702148
0.18445037305355072
0.2105410993099213
0.14723528921604156
0.22139401733875275
0.19838142395019528
0.11963630467653275
0.244944766163826
0.19169817864894864
0.06900324672460556
-0.0008636047132313251
0.20613931119441983
0.1899674087762833
-0.0408053994178772
0.12618394196033475
0.18175514042377472
0.1765853464603424
0.17911334335803983
0.21860891580581665
0.12543992698192596
0.017472995445132256
0.15384352207183835
0.22948132455348969
0.1822046935558319
0.1014626920223236
0.03666755184531212
0.05710400268435478
0.1693735271692276
0.15238793194293976
0.18604303896427157
0.23377166688442233
0.17225335538387299
0.036113254725933075
0.04195154085755348
0.10711171478033064
0.224827378988266
0.18704405426979065
0.148921936750412
0.07117898017168045
0.09540767222642897
0.05349993705749512
0.1531529426574707
0.19583626091480252
0.20492370426654813
0.09311457723379137
0.12756358087062836
0.23504501581192017
0.14776511490345
0.20937348902225492
0.1517886072397232
0.22138594090938568
0.20654527842998505
0.1971772462129593
0.1006741002202034
0.18628840148448944
0.2002244591712952
0.09050439298152925
0.1935832649469376
0.10981892794370653
0.15548337996006012
0.1839967221021652
0.21853607892990112
0.20451341569423676
0.13371893763542175
0.1922432482242584
0.22858785092830655
0.16990095376968384
0.1717156171798706
0.22180624306201932
0.12707042694091797
0.11450325697660446
0.2324654310941696
0.20919860899448395
0.1606289893388748
0.2069741040468216
0.12501871585845947
0.17385385930538175
0.12252912670373917
0.22987796366214752
0.0965004190802574
0.1850246340036392
0.07640264928340912
0.11782530695199966
0.14894115924835205
0.20489385724067688
0.15996989607810974
0.1441897302865982
0.1943821161985397
0.13736917078495023
0.06649845838546753
0.21835505962371823
0.18530060350894928
0.18891921639442444
0.06168729439377785
0.1647663563489914
0.19022209942340848
0.1595586389303207
0.22173231840133664
0.16779978573322296
0.1852098107337952
0.053538523614406586
0.19486533105373385
0.0039332858286798
0.23520460724830627
0.23506996035575864
0.04145408049225807
0.1650971472263336
0.21477665007114408
0.22374555468559265
0.13991008698940277
0.16538360714912415
0.1867248862981796
0.18497838079929352
0.15069206058979034
0.19719818234443665
0.16516174376010895
0.22303132712841037
0.2414520233869553
0.1400555521249771
0.15319503843784332
0.18478234112262723
0.2210508733987808
0.17705607414245603
0.23805722594261167
0.17220847308635712
0.08150603622198106
0.022505290806293488
0.23125787079334256
0.15049223601818085
0.10773245990276337
0.09407785534858704
0.10970697551965712
0.22285611927509308
0.121546171605587
0.04246593639254569
0.1627318561077118
0.12258798629045486
0.16906854510307312
0.15894480049610135
0.1888008266687393
0.10798250883817671
0.15540394186973572
0.08509065210819244
0.08116110414266585
0.1807297319173813
0.13218669593334198
0.14069430530071259
0.16861484944820404
0.15534308552742004
0.15069814026355743
0.0646156296133995
0.11505138128995895
0.057036902755498886
0.13794393837451935
0.20116035640239716
0.17528799176216123
0.19683134555816648
0.12325774878263472
0.16549044847488403
0.1576765328645706
0.14754195511341095
0.02574378810822964
0.07038785517215729
0.08666229993104935
0.24855370819568637
-0.014580445364117622
0.06509113311767578
0.1430515497922897
0.11966405063867568
0.14604884386062622
0.18008506298065183
0.1361953765153885
0.12677961587905884
0.08724532276391983
0.13240978121757507
0.11046857386827467
0.15789544582366943
0.15405872464179993
0.15161240100860596
0.2352685034275055
0.17831732332706451
0.22245201468467712
0.2007077485322952
0.19288380444049835
0.14470647275447843
0.1647643595933914
0.11257485300302504
0.10863115638494492
0.060623113065958016
0.10157182067632677
0.15150772035121915
0.23054461181163788
0.13148261606693268
0.14518801867961884
0.14960642158985135
0.2000921219587326
0.0833899900317192
0.030492743477225304
0.154474139213562
0.1176844611763954
0.19635742902755737
0.23943834006786344
0.15781183540821075
0.141623318195343
0.16178496181964874
0.18113704025745392
0.16420891880989075
0.19641180336475367
0.19557090103626248
0.13529177010059357
-0.04443514719605446
0.20616017282009125
0.16295979917049408
0.15428273379802704
0.20499752461910248
0.09076274931430817
0.1633973866701126
0.11042781174182892
0.10832957178354265
0.14645881950855255
0.05834537371993065
0.09888678789138794
0.2185268402099609
0.1992931216955185
0.22318190336227417
0.10754173994064332
0.07790905982255934
0.2420683056116104
0.14719390869140625
0.15687324106693268
0.13769392669200897
0.03472315892577171
0.11738383769989012
0.1653641164302826
0.17249234020709991
0.16814196109771729
0.13291658461093903
0.16392146050930023
0.13822700083255768
0.1830741316080093
0.24025551974773407
0.1101292222738266
0.2202546149492264
0.21568623185157773
0.24213300645351407
0.21544861793518064
0.11839671432971954
0.1507643610239029
0.1555950492620468
0.10955960303544998
0.22572477161884308
0.22930297255516047
0.22373473644256592
0.13471479713916779
0.17706932127475739
0.23631551861763
0.18652175366878507
-0.03247420117259025
0.20116940140724185
0.01526055671274662
0.1459839791059494
0.18270744383335116
0.14228978753089905
0.2093740552663803
0.21806524693965912
0.1681906133890152
0.18288433551788327
-0.016111819073557854
0.05660569295287132
-0.001784259919077158
0.2330843955278397
0.09877862036228181
-0.009600361809134483
0.20150290429592127
0.21533820033073425
0.1304674595594406
0.1196649894118309
0.07625854760408401
0.04560176655650138
0.013092698529362679
0.030660441145300865
0.23565699160099027
0.07413874566555022
0.20739151537418363
0.2540493905544281
0.1869586557149887
0.098946712911129
0.0653923749923706
0.20117363333702087
0.17436841130256653
0.1029095947742462
0.1924690157175064
0.26074209809303284
0.2007879316806793
0.1865020841360092
0.12662069499492645
0.1770891100168228
0.1214618906378746
0.19222231209278104
0.19172377884387967
0.1626733690500259
0.14804893732070923
0.17939764261245728
0.1964180022478104
0.11878583580255508
0.0071283127181231976
0.1742684692144394
0.04605622217059136
0.13444922864437103
0.033714186400175095
0.14781410992145538
0.23433278501033783
0.06546366959810257
0.19208358228206637
0.17982999980449677
0.08793286979198454
0.15041710436344147
0.1397354155778885
0.17804701626300812
0.17032532393932343
0.17175030708312988
0.18602897226810453
0.04451456665992737
0.12142249196767808
0.08442877233028413
0.07102740556001663
0.18068857491016388
0.11840374022722244
0.06843738257884979
0.1684993952512741
0.21219031512737277
0.21792219579219815
0.13813422620296478
0.15748919546604156
0.15185652673244476
0.17269277572631836
0.19220978021621704
0.16525624692440033
0.16956229507923126
0.025734497234225277
0.09360640496015549
0.11453796178102492
0.16294939815998075
0.21842846274375916
0.1775063723325729
0.0847603902220726
0.10291651636362076
0.20520968735218048
0.1253782957792282
0.06220825389027596
0.20144356787204745
0.2408002465963364
0.15893064439296722
0.24331453442573547
0.07951200753450394
0.21369262039661407
0.23258402943611145
0.12010767310857771
0.22806765139102933
0.14778916537761688
0.1867928504943848
0.11933497339487076
0.17567205429077148
0.15532176196575165
0.1857176572084427
0.049295101314783096
0.19893500208854675
-0.015028098598122597
0.21181674301624295
0.1389072686433792
0.20823425054550168
0.031070960685610768
-0.03461236879229545
0.05582640692591667
0.1995035856962204
0.00918700732290745
0.14311994612216947
0.08722437918186188
0.17558489739894867
0.08433301746845245
0.157497838139534
0.06822235882282257
0.12860380113124847
0.11224759370088576
0.15852735936641693
0.09199626743793488
0.18156565725803372
0.1717441976070404
0.120942123234272
0.18922702968120572
0.1587347835302353
-0.00399707118049264
0.18710641562938687
0.1749855279922485
0.08278790116310118
0.16603979468345642
0.1689157336950302
0.15551641583442688
0.15483497083187103
0.1315186321735382
0.22239238023757932
0.1300196796655655
0.14490212500095367
0.14680089056491852
0.15316534042358398
0.21336370706558228
0.22635070979595184
0.1664822548627853
0.14321735501289368
0.19577831029891968
0.1289499998092651
0.11610257625579833
0.17256048321723935
0.114875391125679
0.23715330660343167
0.15189379453659055
0.16095338761806488
0.16436649858951569
0.1401359885931015
0.15771357715129852
0.1654765009880066
0.20792697370052335
0.147450253367424
0.05131993815302849
0.2308364063501358
0.10655985027551652
0.19568116962909696
0.1487578451633453
0.23627710342407224
0.2123779058456421
0.18644812703132627
0.1685275435447693
0.06434445828199387
0.22316159307956693
0.20072498917579648
0.18262964487075803
0.11867875605821608
0.1410595178604126
0.20569178462028503
0.22406156361103055
-0.021859733387827877
0.013395888730883598
0.13117675483226776
0.06619519740343094
0.029917052015662197
0.1738794893026352
0.1677301675081253
0.13066914677619934
0.03880934417247772
0.20057925581932068
0.23063088953495023
0.22276324033737183
0.1189497336745262
0.18075779080390927
0.123320572078228
0.18938349187374115
0.2418023943901062
0.1400832086801529
0.1058785617351532
0.16210143268108368
0.05930557474493981
0.19998934864997864
0.1174257919192314
0.20465244352817533
0.2019539177417755
0.1681724637746811
0.1850596517324448
0.10469184070825575
0.14302624762058258
0.1794816106557846
0.06471046805381775
0.1478806585073471
0.17167645692825317
0.05055322870612144
0.213118776679039
0.09327603876590727
-0.04074358195066452
0.22864334285259247
0.22614601254463196
0.21835023164749143
0.22956596314907077
0.20860837399959564
0.13840611279010773
0.2337763160467148
0.10866855084896088
0.04024848714470863
0.19561819732189176
0.10602849721908568
0.13875815272331235
0.21221108734607697
0.11336655914783476
-0.0430721789598465
0.23425735533237457
0.15543921291828156
0.15277987718582153
0.2276073396205902
0.1737881451845169
-0.05024928227066994
0.20222872495651245
0.2270142287015915
0.11368782073259352
0.17894347012043
0.1079379990696907
0.2518187463283539
-0.00853835605084896
0.2124810367822647
0.2010027915239334
0.17061738669872284
0.1579156070947647
0.14362825453281403
0.2108120024204254
0.15623123943805695
0.18150673806667328
0.12749017775058746
-0.022941963747143745
0.23618336021900177
0.105434313416481
0.23326940834522247
0.1645347625017166
0.1467532515525818
0.1469823569059372
0.17544053494930267
0.23052583634853363
0.10415636748075484
0.07713732868432999
0.22235797345638275
0.17565645277500153
0.17676927149295807
-0.027117855846881863
0.16728509962558746
0.21287782490253448
0.1745697408914566
0.21395690739154813
0.16296686232089996
0.0677800327539444
0.0805819034576416
0.1615009754896164
0.10707687586545944
0.08894684910774232
0.02172017842531204
0.07466290146112442
0.16427959501743317
0.22623327374458313
0.21168217062950132
0.08793004602193832
0.14274446666240692
-0.006467851344496012
0.19802337884902957
0.21706865727901456
0.22701044380664823
0.20543384552001956
0.16948892176151276
0.18778222799301147
0.14399570226669312
0.0025580390356481075
0.238114595413208
0.18647155165672305
0.1796899288892746
0.17755664885044095
0.14452748000621796
0.1847602277994156
0.1716879904270172
0.19213740527629847
0.23002518713474276
0.126803919672966
0.20620641112327573
0.23960164189338684
0.0077045648358762256
0.11616680771112442
0.17847420275211334
0.12948699295520782
0.13180972635746002
0.06584814190864563
0.1557537168264389
0.23693908751010892
0.08558891713619232
0.20189927518367767
0.21962326765060425
0.07521937042474745
0.23850661516189572
0.008090713992714884
0.1448151022195816
0.16249804198741913
0.0007088105194270611
0.22403596341609955
0.11432702839374542
0.12539125978946683
0.13472503423690796
0.1603328436613083
0.053139351308345795
0.11211264878511427
0.10391828417778017
0.12878781557083127
0.20669440925121307
0.1549401432275772
0.11702992767095564
0.1733965128660202
-0.04208314791321754
0.17971612513065338
0.05250916257500648
0.16705673933029175
0.14192789793014526
0.24465973675251007
0.23567932844161987
0.23003302514553073
0.18598754703998563
0.1503009647130966
0.04786719754338264
0.12014605849981308
0.15991652011871335
0.11004052311182022
0.2181199789047241
0.12775669991970062
0.22619058191776276
0.10616763681173325
0.17424827814102173
0.17967434227466583
0.2058648318052292
0.15767039358615875
0.2038925737142563
0.1305382251739502
0.1862220913171768
0.07124731689691544
0.15451286733150482
0.16489072144031525
0.12246667593717576
0.09773986786603928
0.14498884975910187
0.1633022427558899
0.19697439670562744
0.17957149446010587
0.2081308811903
0.20873034000396729
0.22634890675544736
0.14952263236045835
0.1809958517551422
0.167889267206192
0.22409449517726895
0.15494616329669952
0.04243573173880577
-0.07023582607507706
0.12519635260105133
0.21997439861297607
0.06478948146104813
0.14442560076713562
0.231782391667366
0.2268169671297073
0.14159421622753143
0.18927086889743805
0.19823275506496427
0.23785586655139923
0.17379671335220337
0.18160738050937647
0.14954312145709991
0.19924144446849823
0.21588496863842008
0.19187785685062408
0.23570729792118073
0.1717575639486313
0.11425437033176422
0.2013142853975296
0.11487109959125517
0.0890798345208168
0.1469108015298843
0.14810901880264282
0.23620833456516263
0.1471853256225586
0.13330326974391937
0.12573131918907163
0.07817202061414719
0.06690628081560135
0.15360525250434875
0.2328507751226425
0.02471223659813404
0.04506342485547066
0.17453861236572263
0.23589907586574557
0.1977993994951248
0.16248710453510284
0.16715474426746368
0.09115125238895416
0.15502320230007172
0.1521582007408142
0.2429641932249069
0.06453865021467209
0.09886341542005539
0.2517595589160919
0.1720707267522812
-0.007441075984388589
0.15315212309360504
0.1677071899175644
0.12746164202690125
0.14009030163288116
0.17974169552326202
0.08434479683637619
0.11454495042562483
0.25288400053977966
0.09942886978387833
0.09201811999082563
0.08129240572452545
0.08792553097009657
0.1331307291984558
0.17324799299240112
0.18761761486530304
0.16384024918079376
0.16995270550251007
0.10994084179401396
0.20370659232139587
0.13615059852600095
0.20900429785251615
-0.0969046130776405
0.12695434689521787
-0.023852651938796043
0.24480380117893216
0.19208659231662753
0.1024402305483818
0.051903024315834045
0.19284914433956143
0.1395892947912216
0.1692335456609726
0.09296602755784988
0.19915843009948728
0.14877985417842865
0.20863124728202817
0.04955117031931877
0.1388811022043228
0.14439310133457184
0.14621862769126892
0.15449416637420654
0.19006118178367612
0.12504634261131287
0.22944678366184235
0.09065143018960951
0.2354172170162201
0.060969267040491104
0.20156803727149963
0.1775231510400772
0.18237321078777316
0.018831124529242516
0.1800135225057602
0.193564236164093
0.23903632164001465
0.13287572562694547
0.11566908657550812
0.16578702628612518
0.12733589112758636
0.2259366065263748
0.19228479266166687
0.1711442619562149
0.18334044516086576
0.09959068149328233
0.20337291061878204
0.17967359721660614
0.1753890365362167
0.17865152657032013
0.17674520611763
0.16280235350131989
0.19152802228927607
0.19993318617343905
0.04784407839179039
0.17474645376205444
0.15858756005764008
0.18100757896900177
0.19679614901542664
0.20515580475330353
0.20303694903850555
0.15440547466278076
0.16360659897327423
0.17643891274929047
0.13756152987480164
0.17700494825839996
0.17747248709201813
0.13942158222198486
0.07373640686273575
0.14830517768859863
0.09612765908241273
0.21367201209068296
0.23739986121654513
0.1305425763130188
0.1364205777645111
0.20091739296913144
0.17411862313747406
0.1822578459978104
0.23683211207389832
0.18143548071384427
0.1908540725708008
0.18764209747314453
0.13545316457748413
0.1492908000946045
0.03693433478474617
0.051051884889602654
0.18238343298435208
0.22966934740543363
0.06828693300485611
0.06279290467500687
0.07748548686504365
0.10042616724967957
0.1979263424873352
0.09241765737533568
0.09749596565961836
0.23059110343456268
0.23993003368377683
0.0476757250726223
0.2244870960712433
0.1975153535604477
0.10438288003206252
0.1974138468503952
0.22429567575454712
0.15938955545425415
0.09012875705957411
0.02387935295701027
0.2059642523527145
0.1845279037952423
0.1396267861127853
0.05987159535288811
0.04224810376763344
0.08413810282945633
0.2350734621286392
0.2001633644104004
0.18457181751728055
0.18043649196624756
0.18812133371829984
0.1737195998430252
0.22888322174549103
0.10615668445825575
0.23525460064411163
0.170754536986351
0.12627728283405304
0.0865035206079483
0.187414824962616
0.0841967985033989
0.18456242978572843
0.24669499695301053
0.1841159611940384
0.15545429289340973
0.14914309978485107
0.06948549300432205
0.05139051005244255
0.204315647482872
0.1804019957780838
0.16944532096385956
0.1332312971353531
0.12309058755636217
0.22393919527530673
0.117434561252594
0.19508150219917297
0.1982536613941193
0.19984345138072968
0.21819917857646945
0.05583573505282401
0.24634601175785065
0.15357129275798795
0.06499093770980835
0.16781674325466156
0.1746579110622406
0.22343821823596957
0.05304699018597602
0.23208780586719513
0.08154603093862532
0.046445105224847794
0.1234683021903038
0.16593435406684875
0.07322406023740768
0.14027267694473267
0.1369334906339645
0.13252189755439758
0.21679146587848663
0.09459177404642104
0.1239662691950798
0.09376219660043715
0.1499263197183609
0.04460204392671585
0.19499994814395905
0.016347168013453484
0.21316066384315488
0.12740446627140045
0.1521712690591812
0.23068223893642423
0.16511972248554227
0.019581245258450508
0.07024093717336655
0.047840904444456094
0.19378070533275604
0.12600882351398468
0.14094747602939603
0.1894580274820328
0.0972701534628868
0.0414149984717369
0.23025475442409515
0.17488574981689453
0.08976045995950697
0.02845132164657116
0.08224425464868546
0.0011784485541284084
0.1315125823020935
0.09364543110132216
0.15272264182567596
0.22720214724540713
0.10266952961683272
0.07595624774694441
0.13237802684307098
0.20681303739547727
-0.0006297887302935123
0.23182207345962524
0.1614641547203064
0.16428788006305695
0.1593763083219528
0.08272343873977661
0.19603879749774927
0.14796914160251615
-0.041470397263765335
-0.007144967559725046
0.16622449457645416
0.13386063277721405
0.07576897740364073
0.19257831573486328
0.06846416741609573
0.11419896036386488
0.15771366655826569
0.15827971696853635
0.22541435062885284
0.09841758012771606
0.07875052839517593
0.23194895684719083
0.15627016127109528
0.22996605932712555
0.1815575212240219
0.19043201208114624
0.2382328808307648
0.21318238973617556
0.1808737814426422
0.22711424529552457
0.1226951852440834
0.09403833001852036
0.24491645395755768
0.05314273014664649
0.07452373951673508
0.07863009721040724
0.21282449364662168
0.18415771424770355
0.19112253189086917
-0.023401616141200066
0.139859139919281
0.13137699663639069
0.02667906694114208
0.020647617056965828
0.23480255901813507
0.21860703825950625
0.176937535405159
0.2345827966928482
0.1007881537079811
0.13691608607769012
0.1770547479391098
0.23245802521705627
0.20956596732139587
0.230060875415802
0.16044981777668
0.18666790425777435
0.2247522473335266
0.08452817797660828
0.23644061386585236
0.11225875467061996
0.15104417502880096
0.1732508689165115
0.1240612044930458
0.17476780712604523
0.20725631713867188
0.19885466992855072
0.23824821412563324
0.23731525242328644
0.16151627898216248
0.1456827074289322
0.14326658844947815
0.23558159172534943
0.06859643757343292
0.19337226450443268
0.2354611158370972
0.18665938079357147
0.1277107149362564
0.2297671139240265
0.10165026783943176
0.0982850193977356
0.03849570080637932
0.17771172523498535
0.19160556793212888
0.1118614450097084
0.17933709919452667
0.10485276579856873
0.21128322184085843
0.22774167358875275
0.09848012775182725
0.0772159770131111
0.15985120832920074
0.23377230763435364
0.0740286335349083
0.1261265128850937
0.2298350781202316
0.0938756987452507
0.17092153429985046
0.22867892682552335
0.12075310200452805
-0.051203493028879166
0.1866603046655655
0.1660824567079544
0.2178771197795868
0.21173785626888275
0.24496431648731232
0.15236230194568634
0.2156120985746384
0.10672510415315628
0.187632754445076
0.25104987621307373
0.11542736738920212
0.1018352210521698
0.16011208295822144
0.23415042459964752
0.07026398181915283
0.1239090785384178
0.14464151859283447
0.1524766981601715
0.03187863901257515
0.15991395711898804
0.2160823494195938
0.20400939881801605
0.16739700734615323
0.16242925822734833
0.13567212224006653
0.23836669325828552
0.24004872143268585
0.14950348436832428
0.19437345862388608
0.1388501226902008
0.19003187119960785
0.1614744663238525
0.2476292699575424
0.1344155520200729
0.1494467556476593
0.0777720734477043
0.2002194672822952
0.13093727827072144
0.17007918655872345
-0.011175783351063728
0.12870405614376068
0.1666814237833023
0.23757667839527127
0.1678459495306015
0.12736733257770538
0.17893676459789276
0.1377919465303421
0.10949508100748062
0.1808219403028488
-0.006532995495945215
0.1977844089269638
0.16297033429145813
0.15126655995845795
0.09695186465978622
0.11300050467252731
0.18525265157222748
0.11306533962488174
-0.01383361779153347
0.16289828717708588
0.21068675816059113
0.17385129630565643
0.1735813021659851
0.13575661182403564
0.2285853177309036
0.1797151416540146
0.17830096185207367
0.09945394843816756
0.15094709396362305
0.13459092378616333
0.1171218603849411
0.175551638007164
0.16555216908454895
0.19273243844509125
0.23280902206897733
0.23757968842983243
0.2217101603746414
0.038791019469499595
-0.10930802673101424
0.11862089484930038
0.10155517607927322
0.1068323478102684
0.1826665699481964
0.08709980547428131
0.04997178167104721
0.14682164788246155
0.07979509979486465
0.225274458527565
0.028265150263905525
0.17275406420230863
0.24151349067687988
0.1613277792930603
0.03982599824666977
0.07759721577167512
0.20969113707542417
0.13061895966529846
0.03561270236968994
0.06438809633255005
-0.07265309244394302
0.21265055239200592
0.20016057789325717
0.23820154368877408
0.1640339493751526
0.16722624003887177
-0.06225983425974846
0.22279654443264008
0.0974377915263176
0.15872301161289215
0.0416635237634182
0.111506886780262
0.24263788759708405
0.17179518938064575
0.17685739696025848
0.09063150733709335
0.16027913987636566
0.1939956694841385
0.18637385964393613
0.12825533747673035
0.12378688901662827
0.1611744314432144
0.14306648075580597
0.12351327389478683
0.1240200027823448
0.1229756847023964
0.22008047997951508
0.09774015098810197
0.12314078956842422
0.13315856456756592
0.15866263210773468
0.17100046575069427
0.14103470742702484
0.1823481172323227
0.17556773126125336
0.17944082617759705
0.05324872955679893
0.05985603854060173
0.147165447473526
0.17850176990032196
0.19312073290348047
0.23746010661125183
0.18871949613094327
0.14286999404430387
0.15717433393001556
0.16970926523208618
0.057566482573747635
0.2512466311454773
0.17296750843524933
0.063909150660038
0.08323610574007033
0.18376399576663968
0.14533907175064087
0.08851283043622969
0.12152526527643204
0.08789184689521788
0.03346678242087364
0.13524086773395538
0.12587571144104004
0.05364114046096802
0.17177535593509674
0.13463346660137177
0.15885357558727264
0.10843556374311449
0.20284718275070193
0.15359066426753995
0.24516715109348297
0.07783176749944688
0.12837207317352295
0.10379239171743392
0.23269566893577573
0.07691431790590286
0.22456882894039157
0.11635180562734604
0.19037173688411713
0.06900782883167267
0.22630131244659424
0.15994159877300262
0.17327527701854703
0.2361510545015335
0.10153169929981232
0.1005040928721428
0.18064968287944796
0.1663451790809631
0.17566347122192383
0.09898452460765839
0.1786431074142456
0.18706138432025907
0.14471440017223358
0.062379207462072365
0.25089892745018005
0.1541006714105606
0.14478272199630737
0.02286134846508503
0.1748700588941574
0.09014798700809479
0.1630650907754898
0.2014622241258621
0.18164697289466855
0.08157704025506973
0.2068859487771988
0.15283432602882385
0.16410697996616364
0.08748760074377061
0.15777139365673065
0.12867875397205353
0.2290744185447693
0.2365515828132629
-0.004030572716146708
0.22815462946891785
0.2563779652118683
0.15141023695468903
0.07668428868055342
0.16352367401123047
0.14289142191410065
0.157695934176445
0.08061889559030531
0.022058028727769848
0.14164777100086212
0.14545138180255887
0.19690464437007904
0.15475048124790192
0.1429217159748077
0.12987498939037323
0.16108421981334686
0.17850537598133087
0.027527092024683952
0.18800264596939087
0.17836076021194458
0.19274100661277768
0.1431557983160019
0.0115433968603611
0.01032855175435543
0.1785869002342224
0.147270530462265
0.1845757961273193
0.19068424403667447
0.2355395555496216
0.14358745515346527
0.18975527584552765
0.10167302936315536
0.19573023915290833
0.18593405187129972
0.10406950116157532
0.10908236354589462
0.1457438766956329
0.15499524772167203
0.12136513739824296
0.10429021716117857
0.1744297295808792
0.14412860572338104
0.23066774010658264
0.15209057927131653
-0.04623781517148018
0.12404052168130875
0.07114594429731369
0.08187446743249893
0.1588643342256546
0.14851386845111847
0.13242070376873016
0.18835268914699557
0.1639515906572342
0.1318901479244232
0.12657687067985535
0.1826459616422653
0.2249695509672165
0.23426540195941925
0.06428271532058716
0.008813632652163506
0.22152017056941983
0.16635869443416595
0.23117734491825104
0.1717311590909958
0.2465245872735977
0.09069989621639252
0.11920433491468428
0.18964166939258573
0.15716487169265747
0.15080565214157104
0.18363048136234283
0.2289274483919144
0.1093323305249214
0.19715966284275052
0.17364457249641418
0.12073301523923873
0.16066125035285947
0.19062773883342743
0.24385137856006625
0.1028675064444542
0.16316275298595428
0.24852587282657623
0.16867612302303314
0.17853187024593353
0.2326655238866806
0.0867733284831047
0.11681964248418808
0.1289568543434143
0.20454169809818268
0.1055041030049324
0.17485375702381134
-0.01480039581656456
0.17068274319171903
0.22739149630069727
0.23373113572597504
0.1752748340368271
0.18519590795040128
0.09161505103111267
0.10679186880588531
-0.003288628999143839
0.16854505240917203
0.1408190280199051
0.06815038621425629
0.15502339601516724
0.11765519529581069
0.1783546805381775
0.1629871129989624
0.09553613513708113
0.23671264946460724
0.1420864164829254
0.1701975017786026
0.15013793110847473
0.1405268907546997
0.21309934556484225
0.1546848714351654
0.13336537778377533
0.03717577084898949
0.0767294093966484
0.2168535441160202
0.2642997205257416
0.13861361145973203
0.10070794075727461
0.13965497910976407
0.18764278292655945
0.06915486603975296
0.15340684354305267
0.182977631688118
0.15089423954486847
0.2438472956418991
0.2029884159564972
0.022654207423329357
0.06486758589744568
0.2321311831474304
0.1617124378681183
0.10437576472759245
0.08540435135364531
0.1453241854906082
0.20082584023475647
0.07234684377908705
0.1122119203209877
0.23442690074443817
-0.07837577909231187
0.13438747823238373
0.21549309790134427
0.22800233960151672
0.14257903397083282
0.1286672204732895
0.11439083516597748
0.1743967980146408
0.05619407817721367
0.09731999784708024
0.0773199126124382
0.13249601423740387
0.1843561679124832
0.22743900120258329
-0.05698866024613381
0.21971815824508664
0.0542893148958683
0.1726895123720169
0.0734584480524063
0.017249813303351402
0.12207361310720444
0.2213839143514633
0.011092927306890488
0.23345962166786197
0.08819674700498581
0.10406584292650221
0.1479833871126175
0.08104544878005981
0.1870291382074356
0.1661807894706726
0.23063105344772336
0.11553075164556505
0.21065685153007507
0.12904004752635956
0.0438966415822506
-0.08985243737697601
0.2353876680135727
0.20368477702140808
0.08232761174440384
0.09325817227363585
0.14678318798542023
0.1323857307434082
0.20266763865947723
0.12522746622562408
0.07780782878398894
0.18495725095272064
0.21624356508255005
0.15449966490268707
0.018247192725539207
-0.04281137511134148
0.09560855478048323
0.09683644771575928
-0.02008567191660404
0.16335761547088623
0.17046396434307098
0.23350343108177185
0.08458387851715088
0.1262700855731964
-0.04471585527062416
0.10052134096622468
0.0371282733976841
0.16609281301498413
0.20183509588241577
0.11176570504903792
0.15893468260765076
0.10276980698108672
0.19812031090259552
0.23696687817573547
0.20531772077083588
0.08235338330268861
0.07532466202974318
0.19477690756320956
0.14393319189548492
0.137098029255867
0.15536954998970032
0.11819790303707121
0.15477946400642395
0.1431284099817276
0.2290053218603134
0.09358611702919006
-0.05072188749909401
0.10444595664739607
0.18978863954544067
0.12186869233846664
0.1806405931711197
0.196464404463768
0.01322510652244091
0.15364183485507965
0.1224389597773552
0.20295491814613345
0.18299849331378937
0.23076994717121124
-0.02805357240140438
0.20808230340480804
0.12836970388889313
0.12044692784547804
0.23432257771492004
0.1814487278461456
0.15555222332477567
0.1272226870059967
0.1834077388048172
0.14934289455413818
0.08011240512132643
0.170792356133461
0.1693826913833618
0.23780687153339383
0.09315391629934312
0.12665563821792603
0.07253634184598921
0.16046388447284698
0.1736866980791092
0.06113371625542641
0.09586688876152039
0.1944277584552765
0.19428507983684537
0.1122341826558113
0.10253453254699708
0.08047782629728317
0.15366873145103455
0.17742839455604553
0.13564343750476837
0.1818314641714096
0.05437349155545235
0.2008064836263657
0.2493523210287094
0.16317881643772125
0.1225702241063118
0.19107507169246676
0.16254083812236783
0.10903415083885191
0.08290673792362213
0.16590408980846405
0.16252622008323667
0.1263730674982071
0.18121694028377527
0.18981119990348813
0.13308613002300262
0.01749596558511257
0.13293525576591492
0.14991599321365356
0.20503169298172
0.14607679843902588
0.23387484252452848
0.08148524910211563
0.17114509642124176
0.24983002245426175
0.0853172242641449
0.22964636981487277
0.1740841120481491
0.20254202187061307
0.201039120554924
0.1222616657614708
0.09498562663793565
0.10110258311033248
0.10511936247348784
0.20529200136661527
0.21253132820129397
0.08146465569734573
0.2367302626371384
-0.04066082462668418
0.1321837157011032
0.14305490255355835
0.14643411338329315
0.06445662677288055
0.08773954957723618
0.22539095580577848
0.1828827261924744
0.1492403894662857
0.12598195672035217
0.07274699956178665
0.1648740321397781
0.05986354872584343
0.14712116122245789
0.11073092371225356
0.1032576635479927
0.14341701567173004
0.1895916759967804
0.15969304740428925
0.14013059437274933
0.08900860697031021
0.24951587617397308
0.17353422939777374
0.23348452150821683
0.07248618453741074
0.08820083737373352
0.06720719486474991
0.0786878392100334
0.15217195451259613
0.06885097175836563
0.12680518627166748
0.17402157187461853
0.1650712490081787
0.15000461041927335
0.12707942724227905
0.18163424730300903
0.2129722684621811
0.13934826850891113
0.14121286571025848
0.13307315111160278
0.13664038479328156
0.1448819786310196
0.17774461209774017
0.23621247708797452
-0.050084847956895835
0.19537489116191864
0.09329320490360259
0.13417954742908475
0.0143674798309803
0.17865063250064847
0.1934671849012375
0.20056748390197757
0.14417849481105804
0.07067335397005081
0.09402620047330856
0.11770028620958328
0.11175718158483504
0.11619334667921066
0.07264746725559233
0.08265560120344163
0.17313098907470703
0.2177066653966904
-0.021715691313147545
-0.025096992030739784
0.10872531682252884
0.08568833023309708
0.1817437708377838
0.08745355159044266
0.11492605507373808
0.14686448872089383
0.20040468871593475
0.18378156423568723
0.06171305850148201
0.1833603531122208
0.15503178536891937
0.1837332993745804
0.09744718670845032
0.1566995233297348
0.10022807121276855
0.21876657009124756
0.1829708367586136
0.20743663609027865
0.2166769653558731
0.1841325014829636
0.19279292225837708
0.17490732669830322
0.11689043045043944
0.10355758666992188
0.11710204184055328
0.14148344099521637
0.12599094212055206
0.2262192517518997
0.13865043222904205
0.1626918911933899
0.22704432904720304
0.1728665828704834
0.16551510989665985
0.16760163009166715
0.13963089883327484
0.184286430478096
0.11884496361017229
0.22449478507041928
0.07963597774505614
0.2301345467567444
0.15279695391654968
0.14238114655017853
0.23593689501285553
0.22454982995986936
0.033505704253911965
0.15904149413108823
0.13292284309864044
0.21272937953472135
0.06733012199401855
0.1268826276063919
0.17560361325740814
0.18001703917980194
0.11433739960193634
0.16428999602794647
0.23979575932025907
0.13326258957386017
0.14375464618206024
0.14146320521831512
0.1506662666797638
0.2252614051103592
0.22606573998928073
0.17251014709472656
0.23568253219127652
0.18949811160564425
0.2001401484012604
0.09988966584205629
0.18524309992790225
0.13036535680294037
0.14855502545833588
0.06086452677845954
0.183539554476738
0.0982537642121315
0.15655602514743805
0.15863028168678284
0.047969076782464974
0.14227595925331116
0.2117606997489929
0.1606735736131668
0.23391532897949216
0.05246878787875176
0.1893397122621536
0.17716582119464874
0.16463953256607056
-0.006936913821846248
0.12487470358610152
0.2031735330820084
0.17177556455135343
0.08157730847597122
0.21577443182468412
0.009302264079451561
0.2297070473432541
0.2306819409132004
0.048704467713832855
0.13748206198215485
0.19467847049236295
0.12184042483568192
0.16588662564754486
0.05903636291623116
0.18238599598407745
0.18649208545684812
0.1638866513967514
0.066904217004776
0.110743410885334
0.11554362624883652
0.22228215634822843
0.10283409804105759
0.03849641233682632
0.24440269172191617
0.22612096369266513
0.14869950711727142
0.16369231045246124
0.1695890873670578
0.24087822437286377
0.08952976018190384
0.08894646912813185
0.22620949149131772
0.22964780032634732
0.09896526485681532
0.15014721453189847
0.1409682184457779
0.16505484282970428
0.19505314528942108
0.111635260283947
0.17524947226047516
0.2349745482206345
0.12596984207630155
0.15663091838359833
0.1948445290327072
0.11880799382925032
0.16349677741527557
0.16797137260437012
0.22171151638031003
0.19838228821754453
0.17070162296295166
0.11434895545244216
0.019252287223935127
0.04152185097336769
0.07746785879135133
0.2109713405370712
0.23815970122814176
0.09952668100595474
0.17317737638950348
0.139164537191391
0.1825367659330368
0.16923718154430387
0.20043532550334928
0.11060168594121932
0.17327576875686643
0.2313106805086136
0.12155958265066145
0.10625292360782625
0.10224422067403792
0.06616082787513733
0.1143394187092781
0.20659197866916656
0.09062981605529784
0.19724702835083008
0.19245445728302
0.2158356606960297
0.18112836778163907
0.05543267726898193
0.16669496893882751
0.14218366146087646
0.06329371780157089
0.16631053388118744
0.2107220888137817
0.02498594857752323
0.23616020381450653
0.03461233153939247
0.15844570100307465
0.013320537284016607
0.17435814440250397
0.08958821743726729
0.16317205131053925
0.17297028005123138
0.10244242846965788
0.13728749752044675
0.11290619522333144
0.18334178626537323
0.15559633076190948
0.1678352057933807
0.1958665996789932
0.18510209023952484
-0.029556356370449063
0.12281057983636856
0.18388880789279935
0.13657592236995697
0.201730951666832
0.17941103875637054
0.11427998542785645
0.09391295909881592
0.2470554858446121
0.10913952440023422
0.028280554339289665
-0.015409445390105247
-0.000899991486221552
0.17621229588985443
0.11950791627168655
0.15206466615200043
0.16822035610675812
0.1628698855638504
-0.01868758723139763
0.22991205751895905
0.10460306704044342
0.13956956565380096
0.1392900049686432
0.01546570472419262
0.10790655761957169
0.16419221460819244
0.19641152024269104
0.2195386439561844
0.1818092316389084
0.2499522417783737
0.15192370116710663
0.2132890671491623
0.23124827444553372
0.1274273693561554
0.13928312063217163
0.058960456401109695
-0.08112678676843643
0.20313963294029236
0.22929698228836057
0.19190317392349243
-0.05810106173157692
0.15098989009857175
0.17713353037834167
0.22309343516826627
0.14680133759975433
0.1086803153157234
0.04373171553015709
0.24770529568195343
0.20458723604679108
0.193710058927536
0.23250000178813932
0.1379573792219162
0.13768519461154935
0.1606808602809906
0.17347879707813263
0.18045787513256076
0.22273975610733032
0.20577681064605713
0.010418275371193884
0.20519164204597476
0.1656639128923416
0.0753711387515068
0.2237849533557892
0.04392586648464202
0.14791323244571683
0.09470383822917938
0.1527494639158249
0.14244206249713895
0.12770183384418488
0.08902367204427718
-0.0521073155105114
0.12387339025735856
-0.0023874328471720214
0.1766686588525772
0.10578959435224532
0.16336581110954285
0.11361375451087952
0.24075633287429807
0.17516161501407623
0.2033744305372238
0.15257807075977323
0.17282642424106595
0.20449151098728177
0.19051645696163175
0.17153368890285492
0.19870413839817047
0.14728954434394836
0.1915506571531296
0.1736152023077011
0.03947943076491356
0.23520888388156888
0.15216504037380219
0.199853777885437
0.11055875569581984
0.18131715059280396
0.17425814270973203
0.18515406548976895
0.21057990193367004
0.23222674429416656
0.1419152468442917
0.18504835665225983
0.13669849932193756
0.1754566580057144
0.10607275366783142
0.18657244741916656
0.19546641409397125
0.23227860033512115
0.10064419358968733
0.11286499351263046
0.19181935489177704
0.225997731089592
0.11033187061548232
0.13730975985527039
0.15963764488697052
0.11461347341537476
0.08601731061935423
0.22838658094406128
0.2102231979370117
-0.10828253626823424
0.19958555698394773
0.12025050073862076
0.07744965702295302
0.11138635873794556
0.05852961912751198
0.0763450562953949
0.14981742203235626
-0.014924177899956703
0.17938335239887235
0.03558339551091194
0.11480162292718887
0.13859684765338895
0.06148552522063255
0.18061526119709012
0.07466365396976472
0.07633393257856369
0.23131605982780457
0.19037003815174103
0.14410038292407987
0.16441769897937775
0.17805235087871552
0.12178560346364974
0.11911865323781969
0.08862965553998947
0.1115112379193306
0.2059897482395172
0.045231405645608895
0.16418321430683136
0.1582690179347992
0.22873578965663907
0.21603707969188687
0.18754565715789795
0.19324727356433868
0.1620323807001114
0.205055832862854
0.1512332707643509
0.17813636362552643
0.1529153138399124
0.14705829322338104
0.14621637761592865
0.13147024810314178
0.15695394575595856
0.16463743150234222
0.21032892167568207
0.13709032535552979
0.2128449380397797
0.1492539495229721
0.16936534643173215
0.21250486373901367
0.19562138617038727
0.12290837615728378
0.19419173896312716
0.23343208432197568
0.187837228178978
0.18898726999759677
0.16488075256347656
0.20619913935661316
0.2224934250116348
0.20188842713832852
0.055130530148744576
0.17330943048000336
0.22309376299381256
0.1961901783943176
0.15168140828609467
0.11998967081308363
0.17768244445323944
0.08608535677194595
0.206601157784462
0.2235724031925201
0.11543670296669006
0.20506374537944796
0.044530101120471954
0.12762968242168427
0.08926934748888014
0.16264523565769196
0.15188482403755188
0.1972676217556
0.14059321582317352
0.08549661189317702
0.1632930040359497
0.07343539595603943
0.1766650229692459
0.1938321143388748
0.07442734390497206
0.14548738300800323
0.15786896646022797
0.1379774957895279
0.15051190555095673
0.21411585807800287
0.09020352363586424
0.225479394197464
0.1720078736543655
0.105232372879982
0.19837079942226407
0.1962087005376816
-0.10760706663131712
0.07555602490901947
0.19921518862247467
0.1364397406578064
0.1254524439573288
0.10516081005334854
0.166829913854599
0.1758265346288681
0.1901397258043289
0.09538690000772476
0.24889047443866727
0.13194577395915985
0.16412021219730377
0.17532305419445035
0.20267176628112793
0.19120018184185028
0.202079638838768
0.11420713365077972
0.12748540937900543
0.19675098359584808
0.23210038244724276
0.09374026209115982
0.14159564673900604
0.0504193902015686
0.23022715747356412
0.17995013296604156
0.017946893349289894
0.23504294455051425
0.12295912951231001
0.1479070633649826
0.09995008260011673
0.17774184048175812
0.04722252488136292
0.17488963901996613
0.090900681912899
0.1741899400949478
0.19806136190891263
0.15276475250720975
0.06388207525014877
0.152778223156929
0.12541472911834717
0.08336209505796432
0.15351147949695587
0.1981183886528015
0.04834658280014992
0.1309291273355484
0.14425866305828094
0.13709864020347595
0.16725970804691315
0.1453088670969009
0.17780958116054535
0.1876723915338516
0.1993468552827835
0.1480182260274887
0.11025617271661758
0.2523272931575775
0.12330355495214462
0.1809740513563156
0.04252113401889801
0.15857195854187012
0.22445672750473025
0.22099915146827695
0.007777204271405934
0.16520728170871735
0.061037015169858926
0.22730545699596405
0.09779050201177597
0.09315155446529388
0.13973145186901093
0.043010257184505456
0.1895877569913864
0.06993959099054337
0.05989741161465645
0.1410001665353775
0.06353772431612015
0.20784345269203183
0.22821618616580963
0.17072080075740814
0.19483816623687744
0.09484691917896271
0.15170367062091827
0.13045459985733032
0.1070071831345558
0.13468895852565765
0.19556409120559687
0.10200995951890944
0.056481335312128074
0.13731558620929718
0.13200820982456207
0.1394653618335724
0.041528400033712394
0.18282990157604215
0.10716862231492996
0.1526002138853073
0.21135573089122767
0.189141109585762
0.24105766415596008
0.17683051526546478
0.17505671083927155
0.09699489921331404
0.07357401400804518
0.2317017167806625
0.15740038454532623
0.21285589039325717
0.032414041459560394
0.15151415765285492
0.06813663989305496
0.17465589940547943
0.1544709950685501
0.13927070796489716
0.16651993989944458
0.1445426642894745
0.12228847295045853
0.25082710385322565
0.1943707466125488
0.18212489783763883
0.020886434242129322
0.16278918087482452
0.199557825922966
0.21012355387210843
0.19572125375270844
0.01313633657991886
0.13823090493679047
0.16604776680469513
0.15087915956974027
0.19882978498935697
0.12318820506334303
0.19323937594890597
0.2069051563739777
0.03365475311875343
0.24328084290027616
0.1662171483039856
0.2325982749462128
0.1271289438009262
0.20643484592437744
0.16972772777080536
0.17989493906497955
0.1533162146806717
0.23086757957935333
0.21554848551750183
0.039954859763383865
0.1627320498228073
0.17368201911449432
0.24756009876728055
0.045713309198617935
0.1736121028661728
0.2232404947280884
0.1515904515981674
0.09254802018404008
0.2040560245513916
0.24297100305557248
0.13622814416885376
0.1379404217004776
0.056072846055030816
-0.0035256058908998966
0.18644846975803372
0.13615088164806363
0.04456827417016029
0.08687184005975723
0.1773042231798172
0.1674842983484268
0.12110606580972672
0.09915021061897276
0.1781901866197586
0.04540543630719185
0.15274249017238617
0.12943057715892792
0.09228829294443129
0.16665254533290863
-0.06442981213331223
0.2290142327547073
0.12896020710468292
0.16708187758922577
0.07785803079605103
0.2206214517354965
0.13172423839569092
0.17893506586551666
0.09549972414970398
0.1335635483264923
0.23435096442699432
0.1318446844816208
0.1983196437358856
0.12437162548303604
0.15505185723304749
0.1609720140695572
0.17971432209014893
0.16418923437595367
0.13091647624969482
0.19558463990688324
0.13027004897594452
0.08350145816802977
0.11953454464673996
0.2404561638832092
0.2319336086511612
0.18651993572711945
0.19031257927417755
0.14394782483577728
-0.026777105405926704
0.242857426404953
0.17770373821258545
0.14438068866729736
0.2289111167192459
0.15313489735126495
0.1585712879896164
0.14115239679813385
0.1816123127937317
0.06824733316898346
0.04347307607531548
0.15395836532115936
0.18404069542884824
-0.0720406174659729
0.03227229043841362
0.22311800718307492
0.08654060959815979
0.20610295236110687
0.13806574046611783
0.2100857049226761
0.23269370198249817
0.20682662725448608
0.13920478522777557
0.11871486157178877
0.13570983707904816
0.2266271263360977
0.16381271183490753
0.20634067058563232
0.16823111474514008
0.08444400876760481
0.1429694890975952
0.1892925649881363
-0.06016185879707336
0.11293456703424452
0.0795435458421707
-0.02608656696975231
0.19278551638126373
0.05978871509432793
0.1934266835451126
0.16341833770275116
0.1705087274312973
0.152009978890419
0.22114384174346924
0.16202710568904877
0.21837911009788516
0.206002339720726
0.04691358655691146
0.15749408304691315
-0.005819218698889017
0.1530715674161911
0.1795264333486557
0.21735797822475436
0.17094527184963226
0.12270260602235794
0.06748424470424652
0.0233109463006258
0.16981647908687592
0.14188604056835175
0.14442558586597443
0.06539392471313477
0.072518952190876
0.09277284890413283
0.011734886094927788
0.06025783345103264
0.1523313075304031
0.09348753094673155
0.20573322474956512
0.10843518376350401
0.18247926235198972
0.2199785113334656
0.1401110589504242
0.1620086431503296
0.14632569253444672
0.23177583515644076
0.23305213451385495
0.20743468403816223
0.02372326888144016
0.13116808235645294
0.1601714789867401
0.23206424713134763
0.12053143233060835
0.18005940318107605
0.19320718944072723
-0.03859109804034233
0.19764554500579837
0.1670478582382202
0.14033253490924835
0.2271211743354797
0.16705168783664703
0.22519491612911224
-0.013658547773957253
0.14354464411735535
0.17659735679626465
0.2024895250797272
0.15923446416854858
0.18666023015975952
0.18162815272808075
0.059579748660326
0.11037775874137878
0.19042156636714933
0.14585648477077484
0.1962919980287552
0.2212017327547073
0.22803111374378204
0.05703883245587349
0.23762886226177213
0.1211601123213768
0.14641869068145752
0.050121869891881936
0.20967797935009
0.18423768877983093
0.20714873075485227
0.13648398220539093
0.1929523199796677
0.1548013538122177
0.2498032599687576
0.21826629340648648
0.143147274851799
0.23032556474208832
0.16027911007404327
0.16317246854305267
0.1041366159915924
0.23401619493961331
0.2400368303060532
0.031986024230718606
0.14847248792648315
0.09268779307603837
0.19107903540134427
0.08794588595628737
0.18284806609153748
0.16038937866687775
-0.004000330809503794
0.10916770249605177
0.1875709444284439
0.09218160063028336
0.12537707388401031
0.12673635780811307
0.20861791074275968
0.1685563623905182
0.07051141560077667
0.18568478524684903
0.18209382891654968
0.22348971664905548
0.1487035900354385
-0.031359780579805374
0.22040931880474088
0.15735705196857452
0.10823620110750198
0.21311900019645688
0.06494211405515671
0.2017667442560196
0.1306753009557724
0.19121798872947687
0.17500899732112885
0.17383946478366852
-0.06810184568166733
0.1213335320353508
0.23628292977809903
0.2002021223306656
0.23953311145305636
0.24838759005069727
0.03612925484776497
0.09822698682546616
0.154290571808815
0.15103039145469663
0.1279693692922592
0.19819261133670807
0.1603672057390213
0.02705191634595394
0.22936172783374784
0.17597343027591705
0.05763090029358864
0.10982266813516615
0.11886470764875412
0.1367657333612442
0.146168053150177
0.1634175032377243
0.07160627841949463
0.1431317776441574
0.2258048355579376
0.1480572670698166
0.18118739128112793
0.17640258371829987
0.1937410533428192
0.2516402900218964
0.16854198276996613
0.21836745738983157
0.1946886032819748
0.2146589159965515
0.13960221409797668
0.18431967496871948
0.21077610552310944
0.22915132343769076
0.19438181817531583
0.161330446600914
0.17502455413341522
0.19425952434539795
0.18950574100017548
0.03673913702368736
0.12452443689107894
0.1682014763355255
0.1645810455083847
0.18573731184005737
0.06453127413988113
0.1277163028717041
0.14815662801265717
0.1725064516067505
0.1759645044803619
0.19593775272369385
0.23002009093761444
0.17926321923732755
0.139625683426857
0.10729123651981352
0.23137903213500977
0.05039101094007492
0.18862660229206085
0.10027193278074265
0.14946614205837247
0.1524364203214645
0.16698341071605682
0.15308307111263275
0.1888874024152756
0.0880911275744438
0.17575907707214355
0.16407011449337003
0.18312564492225647
0.24129058420658112
0.11048422008752821
0.07470048218965529
0.21096418797969815
0.2337920367717743
0.14200417697429657
0.11543679982423782
0.12516701221466064
0.1632174253463745
0.13928692042827606
0.05713513866066933
0.07399996370077133
0.2411751747131348
0.13194578886032104
0.06093756482005119
0.1500694155693054
0.1441209614276886
0.10261879116296768
0.15142998099327087
0.07979293167591096
0.15796655416488647
0.10068044811487196
0.14514419436454773
0.047496598213911057
0.09395761042833328
0.13337014615535736
0.17014263570308685
0.13897833228111267
0.23234014213085172
0.16380146145820615
0.2175348252058029
0.21653959155082703
0.07069264352321625
0.12727436423301697
0.231157049536705
0.13871146738529205
0.10237449407577515
0.13803029060363767
0.1964491754770279
0.10732942819595336
0.10563672333955763
0.2066154032945633
0.14272630214691162
0.1441531479358673
0.21677608788013455
0.199989914894104
0.10672153532505035
0.18920271098613736
0.18897384405136108
0.08159638941287993
0.23881183564662933
0.14985820651054382
0.13298819959163663
0.14281590282917023
0.24089038372039795
0.06367387622594833
0.1748180240392685
0.1689605861902237
0.2105151861906052
0.175171360373497
0.1865873485803604
0.2088904529809952
-0.05843654274940491
0.1018744260072708
0.2384305149316788
0.1711139976978302
0.14366517961025238
0.1967648416757584
0.22572208940982816
0.18255965411663053
0.07923843711614607
0.1766693145036697
0.1849797815084457
0.10014902800321578
0.13673217594623563
0.01873728632926941
0.2196829617023468
0.24336218833923337
0.1840870976448059
0.19251661002635956
0.05793705210089684
0.08285893499851225
0.12692612409591675
0.23941360414028168
0.20308981835842127
0.19913652539253235
0.1620720773935318
0.18757028877735135
0.18326979875564572
0.11951952427625656
0.23522157967090607
0.1069815084338188
0.09261719137430192
0.1527259349822998
0.17697392404079437
0.09418509900569917
0.2406907379627228
0.21780693531036377
0.2108570635318756
0.17402364313602448
0.23534268140792847
0.15019483864307404
0.14788082242012024
0.22714009881019592
0.19111886620521543
0.18484173715114596
0.21833753585815427
-0.01469563879072666
0.1836486309766769
0.19224752485752103
0.22838038206100464
0.16468237340450287
0.22324739396572116
0.11609580367803572
0.16371534764766693
0.18451280891895291
0.13752701878547668
0.2206229269504547
0.08607196062803267
0.20886240899562836
0.1469876617193222
0.14726348221302032
0.1837613880634308
0.23603253066539764
0.061853628605604165
0.15971499681472778
0.24640350043773648
0.17857582867145538
0.15209464728832245
0.22226594388484955
0.12620939314365387
0.0066646127961575985
0.17384035885334015
0.17792744934558868
0.16067622601985931
0.18136897683143613
0.15649528801441193
0.23902450501918793
0.18433415889739993
0.07595173269510269
0.11251220107078552
0.20854805409908292
0.12577395141124725
0.19006785750389096
0.182638481259346
0.17722652852535248
0.23318797349929807
0.03365122526884079
-0.0180694367736578
0.1834903508424759
0.04416888579726219
0.2148734480142593
0.1450040489435196
0.25225213170051575
0.1314266175031662
0.12280983477830885
0.203401580452919
0.08146574348211288
0.16738151013851163
0.17299568653106687
0.12927353382110596
0.08443918824195862
0.1517377346754074
0.22284087538719177
0.21754340827465057
0.1575082391500473
0.1364065706729889
0.1485573798418045
0.11770118027925491
0.16532520949840543
0.18331877887248993
0.2259704917669296
0.11099952459335329
0.12848974764347076
0.11726152151823044
0.2269206792116165
0.14822785556316376
0.21111023426055908
0.22404728829860687
0.12714141607284543
0.2350238263607025
0.17610390484333038
0.169961616396904
0.1314701735973358
0.22272880375385284
0.21580375730991364
0.08580049127340317
0.15000544488430023
0.1501609832048416
0.10323400050401688
0.11144898831844328
0.16494832932949066
0.1899283230304718
0.18294812738895416
0.11603377759456635
0.13765402138233185
0.17007775604724884
0.13646084070205688
0.20710742473602292
0.16654859483242035
0.14521943032741547
0.09530228376388547
0.19007934629917145
0.1048753634095192
0.08532959967851639
0.24430458247661593
0.017449455335736275
0.2047617882490158
0.21422070264816284
0.14235685765743256
0.1665368676185608
0.15631003677845
0.02784471027553081
0.17703886330127716
0.1914435476064682
0.03987106680870056
0.11276430636644363
0.1766413003206253
0.17788468301296234
0.022181568667292595
0.17729605734348297
-0.022010358050465584
0.2046635150909424
0.19998003542423248
0.1007966324687004
0.17835675179958344
0.20752994716167447
0.17872054874897003
0.1173643097281456
0.03861235454678536
0.21739226579666135
0.0889798179268837
0.09088186919689177
0.2238611131906509
0.13887694478034973
0.10788442939519882
0.15803995728492737
0.14600637555122375
-0.05823516845703125
0.18902887403965
-0.029135195538401604
0.09918157011270524
0.22310422360897064
0.06846950203180313
0.191554918885231
0.21426607668399808
0.12486059218645096
0.1897766888141632
0.16539828479290009
0.18273235857486725
0.22388119995594025
0.15352006256580353
0.08158275485038757
0.16737695038318634
0.19324737787246704
0.2446270138025284
0.1136121079325676
0.13545283675193787
0.13601179420948029
0.07264059036970137
0.07415063679218291
0.16773979365825653
0.22809436917304993
0.1894012689590454
0.13359050452709198
0.20933549106121063
0.18387217819690704
0.14150795340538025
0.1854655593633652
-0.011597262695431708
0.23387466371059415
0.2202797830104828
0.06786283850669861
0.19599491357803345
0.20138652622699735
0.1854849010705948
0.09234206378459929
0.16559924185276031
-0.06337086856365204
0.11561916768550871
0.13046373426914215
0.16758587956428528
0.19908173382282257
0.14068596065044403
0.04153352603316307
0.13804441690444946
0.0977136492729187
0.08339372277259825
0.13202238082885742
0.04246186837553977
0.18132613599300385
0.18040512502193448
0.06789042055606842
0.1884080469608307
0.1684182733297348
0.12997858226299283
0.22768844664096832
0.1591324359178543
0.0019362508319318292
0.2423668205738068
0.19800904393196103
0.06150446459650993
0.1594216674566269
0.1742311120033264
0.16215546429157257
0.10520092397928237
0.19923205673694608
0.13265268504619598
0.18601207435131076
0.20344461500644684
0.07864842563867569
0.18697962164878845
0.24562831223011017
0.2431330531835556
0.11748117208480834
0.19784648716449735
0.13354019820690155
0.0911046341061592
0.1818902939558029
0.1160290315747261
0.1607156991958618
0.05827835574746132
0.07071784883737564
0.1672408431768417
0.14849762618541715
0.1760038584470749
0.14552359282970428
0.12767659127712247
0.18496985733509064
0.11414756625890732
-0.0320153683423996
0.17628833651542664
0.09254090487957
0.23116838932037356
0.177743062376976
0.1596311181783676
0.03166569396853447
0.11313921958208084
0.12630702555179596
0.08894547820091246
0.1750275194644928
0.23569923639297485
0.19985982775688169
0.15572994947433472
0.15688656270503995
0.10355407744646072
0.17405784130096436
0.23520900309085843
0.1963175982236862
0.20983518660068512
0.15472908318042755
0.19601382315158844
0.14423289895057678
0.13078051805496216
0.07715789228677748
0.16518975794315338
0.20846067368984225
-0.015988802537322044
-0.019699053838849068
0.174973264336586
0.04690200462937355
0.1286254525184631
0.15645632147789
0.06912720948457718
0.14733311533927915
0.23281697928905487
0.1343376338481903
0.1374543458223343
0.132574126124382
0.18045790493488312
0.16263732314109802
0.07230838388204575
0.16958944499492645
0.1523011475801468
0.20754347741603849
0.12187489122152328
0.07881740480661392
0.1907161772251129
0.14171408116817474
0.0516686737537384
0.16979841887950897
0.06284887343645096
0.1297578662633896
0.19090075790882113
0.0011682859621942043
0.13366881012916565
0.19240039587020877
0.13944563269615173
0.18321242928504944
0.18018805980682373
0.11602840572595596
0.21620061993598935
0.18915101885795596
0.18291504681110385
0.1779443919658661
0.1970057636499405
0.043266844004392624
0.19352710247039795
0.12415193766355515
0.13071289658546448
0.16938617825508115
0.0883857160806656
0.05429014936089516
0.14976978302001953
0.05947321280837059
0.148855522274971
0.198818102478981
0.16574135422706604
0.10611923784017561
0.23520679771900177
0.07731784880161285
0.17407839000225067
0.204157829284668
0.20756840705871585
0.1417035013437271
0.23318204283714292
0.16488994657993317
0.2446170002222061
-0.04046473279595375
0.2467417269945145
0.1869990527629852
0.13146328926086423
-0.008212791755795479
0.1717831939458847
0.10448959469795228
0.12817279994487762
0.07584888488054276
0.19214366376399997
0.14187824726104736
0.1765345185995102
0.13987277448177335
0.2341931313276291
0.13466860353946683
0.15719611942768097
0.1015527918934822
0.1643088459968567
0.1975044310092926
0.11180289089679718
0.18283928930759427
0.18506142497062683
0.21148964762687683
0.18737429380416873
0.11617524921894072
0.2048303335905075
0.1875223368406296
0.2227832525968552
0.13591939210891724
0.22226950526237488
0.14167840778827667
0.007409145589917897
0.1216636523604393
0.15452884137630463
0.147959902882576
0.19615623354911804
0.19328820705413816
0.08103533834218979
0.24702899158000943
0.2092963457107544
0.039034675806760795
0.14413554966449735
0.018477017059922215
0.16267894208431244
0.13736532628536224
0.18099500238895416
0.20138706266880035
0.23198808729648593
0.20909056067466733
0.1639620065689087
0.22796319425106049
0.09657966345548627
0.22416348755359647
0.20329008996486664
0.14108754694461823
0.22672192752361295
0.18910658359527588
-0.04287254437804222
0.1700508743524551
0.19557173550128937
0.1341065019369125
0.10656213015317915
0.1313616633415222
0.1433342546224594
0.1765376478433609
0.22831757366657257
0.18089900910854337
0.22536003589630127
0.23119698464870447
0.1796760261058807
0.16879208385944366
0.1638004034757614
0.1155356392264366
0.07525291293859482
0.231928750872612
0.08076382428407669
0.17712309956550598
0.1839472204446793
0.1384344696998596
0.1874399930238724
0.15308184921741483
0.1859344691038132
0.21215586364269257
0.05666138604283333
0.17487843334674835
0.11451707780361176
0.1281934678554535
0.04974062368273735
0.14092770218849182
0.1304255723953247
0.1590334177017212
0.20800624787807465
0.245395228266716
0.08999305218458174
0.1609542220830917
0.15272124111652374
-0.0275628212839365
0.19708970189094543
0.08372524380683899
0.11450849473476409
0.1690106987953186
0.16987641155719757
0.20683801174163816
0.17989565432071683
0.17237906157970428
0.21829633414745328
0.16690115630626678
0.002685239072889089
0.22834725677967072
0.1805582493543625
0.10925753414630889
0.24565951526165009
0.0701235979795456
0.1703602373600006
0.18317987024784088
0.1417936533689499
0.2003794014453888
0.17635859549045563
0.09239468723535536
0.1614111363887787
0.097310833632946
0.1861591786146164
0.1870674043893814
0.08211257308721542
0.08355159312486649
0.22408322989940643
0.06126264110207558
0.21944639086723328
0.08451317250728606
0.1371041238307953
0.12762045860290527
0.17963585257530212
0.23177100718021393
0.18809179961681363
0.13662877678871155
0.098200224339962
0.21868471801280973
0.1308736801147461
0.16725490987300873
0.1457819640636444
0.12579236924648285
0.16990041732788083
0.16911835968494415
0.15109093487262723
0.1844436079263687
0.1462993025779724
0.2131551951169968
0.14699414372444153
0.061716582626104355
0.09600124508142471
0.23702445626258847
0.1896372586488724
0.19026364386081693
0.16146761178970337
0.13702471554279327
0.20126117765903473
0.19211602210998532
0.21653793752193448
0.2201969176530838
0.1403421312570572
0.22011874616146088
0.22648413479328156
0.1392853558063507
0.18416091799736023
0.1244487389922142
0.20067565143108368
0.23846484720706937
0.14949762821197507
0.20345966517925265
0.01725434698164463
0.12757249176502228
0.16385020315647125
0.12190958112478256
0.025655066594481468
0.1682923585176468
0.08340013027191162
0.18270039558410645
0.1453188806772232
0.12718378007411957
0.1125134527683258
0.13579685986042023
0.18572841584682465
0.1407575011253357
0.1784914582967758
0.15909619629383087
0.23314295709133148
0.15031051635742188
0.05753905698657036
0.15312530100345612
0.25214827060699463
0.0734860524535179
0.1568993330001831
0.1438244879245758
0.1788162887096405
0.04284882545471192
0.16312070190906525
0.1847218871116638
0.1207885667681694
0.19051624834537503
0.10676679760217667
0.06964469701051712
0.0928170159459114
0.19191767275333405
0.145219087600708
0.19161631166934967
0.0625600665807724
0.24776615202426913
0.1792061477899551
0.12384118884801865
-0.0284819807857275
0.15818701684474945
0.21131746470928192
0.02362156473100185
0.17508037388324735
0.14248761534690857
0.13775072991847992
0.2202933728694916
0.19432853162288663
0.16974706947803497
0.20606310665607447
0.2363667190074921
0.18768981099128723
0.090884767472744
0.14846260845661163
0.060783360153436654
0.18786941468715668
0.08494247496128082
0.05054501071572304
0.16531009972095487
0.012076715007424355
0.18081335723400116
0.1602542549371719
0.127430722117424
0.1121022179722786
0.09283071011304855
0.10790788382291792
0.23401123285293576
0.17364381253719327
0.13579072058200836
0.1521061807870865
0.251960426568985
0.14421246945858
0.12789997458457947
0.0682719424366951
0.22399643063545227
0.1684219390153885
0.19636611640453336
0.18518184125423431
0.09467470645904541
0.178792342543602
0.21336708962917328
0.14559538662433624
0.07272116094827653
0.1682559698820114
0.18765680491924283
0.1369493156671524
0.12427165359258652
0.15726174414157867
0.17564235627651215
0.10576360672712326
0.08971571922302246
0.10837594419717787
0.14255432784557343
0.1792215257883072
0.006565870251506567
0.2337174415588379
0.1083948016166687
0.12179002910852432
0.2503276467323303
0.10134515166282652
0.1937868297100067
0.07407446950674057
0.10717666149139404
-0.10127879679203032
0.14630796015262604
0.21819038689136505
0.17454266548156738
0.25001344084739685
0.19317854940891263
0.1840181052684784
0.11826509982347488
0.08784138411283493
0.029748098924756047
0.1757560521364212
0.156780868768692
0.13987697660923004
0.2235032618045807
0.23478844761848447
0.006651253905147313
0.1657918244600296
0.19365362823009488
0.10708481073379517
0.12273434549570084
0.10589376837015152
0.19452525675296783
0.172735795378685
0.20401400327682492
0.1632072776556015
0.18858583271503448
0.0855266824364662
0.106610931456089
0.2183896452188492
0.06006835773587226
0.23371340334415436
0.1399322599172592
0.19334661960601807
0.10460994392633438
0.10847621411085127
0.2363319993019104
0.16523857414722443
0.12274254113435744
0.156826913356781
0.13695929944515228
0.17710323631763458
0.16797444224357605
0.16640014946460724
0.20177428424358368
0.16810275614261627
0.13678379356861115
0.14704205095767975
0.1331077665090561
-0.05058726668357849
0.21530406177043915
0.1676490604877472
0.16205738484859467
0.23882445693016047
0.21449038386344907
0.028864657506346703
0.17764829099178314
0.18261785805225367
0.12903474271297455
0.21786405146121976
0.16716986894607544
0.2274370491504669
0.23041439056396484
0.07152882218360901
0.04423941299319267
0.07121592015028
0.18459512293338773
0.18844586610794067
0.195339098572731
0.15114951133728027
0.16532085835933685
0.14581163227558136
0.19121171534061432
0.08968012779951094
0.12927967309951782
0.1939473897218704
-0.06342307478189468
0.25256317853927607
0.10757479816675186
0.1498938947916031
0.12052523344755171
0.17407160997390747
0.17469966411590576
0.0356854572892189
0.21896348893642423
0.11126835644245148
0.10998234152793884
0.14680582284927368
0.18516162037849423
0.14491651952266693
0.19117124378681183
0.1699860841035843
0.08467614650726318
0.17454442381858823
0.215024933218956
0.13583968579769135
0.19196081161499023
0.18259966373443604
0.16991201043128967
0.16613593697547913
0.2248946726322174
0.18179984390735623
0.12103679031133652
0.16639740765094757
0.18490464985370636
0.08706693351268768
0.12069275230169296
0.10159654915332794
0.07680106908082962
0.16346611082553864
0.15909512341022491
0.13919468224048615
0.061830777674913406
0.14333420991897583
0.0777684822678566
0.13743740320205688
0.22821258008480072
0.15141277015209198
0.09376550465822221
0.16169936954975128
0.09804791957139967
0.13544392585754395
0.22817198932170868
0.17642079293727875
0.20795515179634091
0.19564615190029144
0.0608716793358326
0.16762323677539823
0.14681635797023773
0.15849547088146207
0.13135892152786255
0.10058794170618056
0.15632392466068268
0.021512905135750767
0.1566096395254135
0.23648060858249664
-0.017768520861864086
0.1804802119731903
0.13060514628887177
0.19982847571372983
0.10948134213685988
0.2017056494951248
0.12730824947357175
0.027620216831564903
0.10362011194229125
-0.03246548026800156
-0.02670185454189777
0.20151440799236295
0.0901304706931114
0.12694670259952545
0.17608600854873657
0.04293159767985344
0.20652316510677335
0.17287872731685638
0.2355920970439911
0.18819405138492584
0.23354546725749967
0.1695757359266281
0.0974542424082756
0.2376820147037506
0.15096677839756012
0.1593313217163086
0.12994562089443207
0.13115820288658142
0.061521779745817184
0.1682811826467514
0.0654027983546257
0.22547367215156555
0.13764776289463043
0.08090360462665558
0.1316779851913452
0.10229594260454176
0.1708922982215881
0.09764923900365827
0.10719672590494156
0.15343965590000153
0.12322048097848892
0.10202526301145552
0.2499486953020096
0.11241045594215392
0.19291619956493375
0.06639979779720305
0.17174650728702545
0.15373621881008148
0.05982359126210213
0.21018487215042117
0.2239670753479004
0.04182061180472373
0.15619651973247528
0.1508003920316696
0.18830643594264984
0.08633637428283691
0.21709746122360227
0.2357555776834488
0.1662246435880661
0.22774358093738556
0.23363144695758817
0.23983187973499295
0.13951753079891205
0.102092444896698
0.17914313077926636
0.017526892945170403
0.1757183074951172
0.13486352562904355
0.15232796967029572
0.09677978605031969
0.07741358876228333
0.17068295180797577
0.11476749181747437
0.11430246382951736
0.21473586559295652
0.14897087216377258
0.11144041270017624
0.0478818416595459
0.17334453761577606
-0.0643538385629654
0.18278823792934415
0.17158445715904236
0.10277699679136276
0.11066407710313796
0.1133931204676628
0.178003191947937
0.19988311827182767
0.18591825664043424
0.14115180075168607
0.15925802290439603
0.22446079552173612
0.19549520313739777
0.11302880942821503
0.11688753217458724
0.1722021251916885
0.2204735577106476
0.24826224148273468
0.2119479030370712
0.049096651375293725
0.06459376960992813
0.23063763976097104
0.11931636184453964
0.22409674525260925
0.1585405319929123
0.1595455706119537
0.16064386069774628
0.22339497506618497
0.10148616135120392
0.22489820420742035
0.16020359098911283
0.21162912249565125
0.16876451671123505
0.14305049180984497
0.08544192463159561
0.23512831330299375
0.19826383888721463
0.14088685810565948
0.20188607275485992
0.1522977352142334
0.06011796370148658
0.01505609042942524
0.06951364129781723
0.19935745000839236
0.09877509623765944
0.1749640554189682
0.1517931371927261
0.1980039477348328
0.1796686202287674
0.030259804800152775
0.12408239394426344
0.08449946343898773
0.22425206005573273
0.2408903241157532
0.12393399327993392
0.21514444053173065
0.15314768254756927
0.23741282522678372
0.1526406854391098
0.18454161286354065
0.15113188326358795
0.19877228140830996
0.20549441874027247
0.12842223048210144
0.10882539302110672
0.23437552154064176
0.1301417201757431
0.14797629415988922
0.21996819972991943
0.1421077847480774
0.13437187671661377
0.09030032902956009
0.04380569607019424
0.12241285294294356
0.13667346537113187
0.12076016515493392
0.12785986065864563
0.23068974912166595
0.10395702719688416
0.21418096125125885
0.16773287951946259
0.031986333429813385
0.13624483346939087
0.1635654717683792
0.1258516013622284
0.2271610796451569
0.1839526742696762
0.09812629967927933
-0.07065460830926895
0.06425117701292038
0.1652930378913879
0.215278223156929
0.2337268590927124
0.17289917171001434
0.1319788694381714
0.14050164818763733
-0.0015941509045660496
0.245862290263176
0.11323560029268263
0.2228838801383972
0.017981743440032005
0.15714646875858307
0.1767909079790115
0.1720121055841446
0.12280023843050004
0.11700766533613204
0.12315966933965682
0.1894270032644272
0.2123163789510727
0.14253346621990204
0.1826927214860916
0.18929243087768555
0.09983614087104797
0.06108146533370017
0.12225451320409773
0.221016988158226
0.018240099772810933
0.22193720936775208
0.10942936688661575
0.21558842062950132
0.08097288012504578
0.13314004242420197
0.08233930170536041
0.09527997672557831
0.22075070440769196
0.17575195431709287
-0.01713794283568859
0.17372332513332367
0.1461880654096603
0.04176952317357063
0.1986443251371384
-0.004216576460748911
0.20290835201740265
0.21451082825660703
0.15690717101097107
0.050576526671648026
0.13040991127490997
0.18640576303005216
0.1379885375499725
0.203078493475914
0.169220969080925
0.22385703027248385
0.15389324724674225
0.21188841760158536
0.12689413130283356
0.14747655391693115
0.10187909007072447
0.1904335170984268
-0.02834293618798256
0.17179729044437408
0.12385951727628708
0.058331090956926346
0.13580144941806793
0.11364972591400146
0.11320917308330536
0.12091968208551405
0.07218670099973679
0.178358256816864
0.21023277938365936
0.21854297816753387
0.1744772344827652
0.04229765757918358
0.1145203486084938
0.11529663205146788
0.2303874492645264
0.15017646551132202
0.1587928682565689
0.17481181025505063
0.050287436693906784
0.16207382082939148
0.2205695062875748
0.21641395986080167
0.1703975647687912
0.2270587533712387
0.23296667635440824
0.17277410626411435
0.17044620215892792
0.126703679561615
0.23441602289676663
0.1970341056585312
0.19892363250255585
0.1389397382736206
0.061977166682481766
0.06561271846294403
0.10347647964954376
0.21919871866703036
0.072360098361969
0.03402817249298096
0.19107313454151156
-0.01863356865942478
0.10844575613737106
0.19699223339557648
0.1346452683210373
0.12117322534322739
0.15650074183940887
0.08689123392105103
0.11026854068040848
0.22025446593761444
0.07028601318597794
0.09270901978015901
0.1815728694200516
0.16684789955615997
0.137413889169693
0.1801661252975464
0.09985387325286864
0.07785791158676147
0.22037750482559204
0.2116452008485794
0.16164928674697876
0.1297864466905594
0.16870363056659698
0.04429308325052261
0.0978921130299568
0.18617482483386996
0.23156504333019257
0.1339292973279953
0.13404230773448944
0.1580909788608551
0.12006739526987076
0.22741882503032684
0.16104441881179807
0.18382105231285092
0.21380986273288727
0.21914274990558624
0.1369960606098175
0.1985580325126648
0.23037953674793243
0.14960330724716187
0.23264722526073453
0.24747546017169952
0.23536464571952817
0.14932610094547272
0.14486509561538696
0.09986398369073869
0.24481047689914703
0.11980339139699936
0.12520259618759155
0.23198863863945007
0.08956987410783766
0.07335914671421051
0.16113236546516418
0.1485445350408554
0.22125704586505887
0.07637561112642288
0.18861173093318936
0.160933718085289
0.18309122323989868
0.19637374579906464
0.13585086166858673
0.2216496914625168
0.15075907111167908
0.1369044929742813
0.2402985841035843
0.17429019510746002
0.18991211056709287
0.1830882877111435
0.08487056940793991
0.0708271861076355
0.013464003801345823
0.1310362070798874
0.09555293619632721
0.06608507037162781
-0.007288633380085229
0.23223255574703217
0.10048096626996994
0.15861722826957703
0.2246257811784744
0.102504201233387
0.1156155988574028
0.24834175407886505
0.2383102923631668
0.07478246837854385
0.1276932656764984
0.16268934309482574
0.12780775129795074
0.13976848125457764
0.06823112815618515
0.15201526880264282
0.14926846325397491
0.10454902797937392
0.18728646636009216
0.21523214876651764
0.16399912536144257
0.17470338940620422
0.225813552737236
0.100310817360878
0.222814217209816
0.1406002938747406
0.16551543772220612
0.13708092272281647
0.08416818082332611
0.08786909282207489
0.1952207386493683
0.23394538462162015
0.019791172817349437
0.07269623130559921
-0.04783056303858757
0.12349715083837508
0.19636982679367063
0.17655049264431
0.13936248421669006
0.030445894226431847
0.10248834639787673
0.15874187648296356
0.22453132271766665
0.1578952670097351
0.11724506318569183
0.1613273322582245
0.04950765147805214
0.18677391111850736
0.15228083729743955
0.16798703372478485
0.051902104169130325
0.1686939150094986
0.19288888573646543
0.22906246781349185
0.16682878136634827
0.12406083196401596
0.1674804240465164
0.1367596536874771
0.15622811019420624
0.13122805953025815
0.24230206012725833
0.17326223850250244
0.1089012622833252
0.05670783296227455
0.1793951541185379
0.19849057495594025
0.2010827511548996
0.19709934294223783
0.1259639412164688
0.1267833560705185
0.15256069600582123
0.15718874335289
0.06088647618889809
0.15967127680778503
0.17917960882186887
0.09207049757242201
0.15425555408000946
0.1925039887428284
0.15100981295108795
0.12726853787899017
0.16597171127796173
0.168427973985672
0.251655250787735
0.1937314420938492
0.1444246917963028
0.0893603190779686
0.17454464733600616
0.16359150409698486
0.16195367276668549
0.19917356967926023
0.21338121592998505
0.16176424920558927
0.07631559669971466
0.10593010485172272
0.07945206761360168
0.19336457550525665
0.16733285784721375
0.08568336069583891
0.11738097667694092
0.238235205411911
0.12838716804981232
0.1442236453294754
0.23256094753742215
0.13389764726161957
0.1967101544141769
0.03563004359602928
0.10593104362487792
0.09969636052846909
0.17687101662158966
0.15657587349414823
0.20782786607742307
0.18271735310554504
0.04990007355809212
0.042029108852148056
0.19643701612949369
-0.020215628668665882
0.23322395980358124
0.2212287038564682
0.24411724507808685
0.0804634988307953
0.14019162952899933
0.1909093409776688
0.04078520834445953
0.15443769097328186
0.10079121589660645
0.1019209176301956
0.1411602944135666
0.2291656583547592
0.10250010341405869
0.23133267462253568
0.1914069354534149
0.18263638019561768
0.1327383518218994
0.1775267869234085
0.12108043581247328
0.0012816204689443111
0.18440543115139008
0.1502208709716797
0.16174836456775665
0.1635333150625229
0.03980525955557823
0.07231685519218445
0.10613375157117844
0.08763301372528076
0.12873435020446777
0.14965748786926267
0.18247103691101077
0.1476677656173706
0.009898027405142784
0.10063052922487258
0.06432090699672699
0.07794653624296188
0.14097031950950623
0.14421504735946655
0.08936121314764023
0.09414420276880264
0.24264129996299744
0.1786111146211624
0.14698566496372223
0.19386447966098783
0.2177425175905228
0.1475123018026352
0.1615690439939499
-0.0374811589717865
0.21950152516365048
0.19388209283351895
0.16837646067142487
0.20496159791946408
0.1669849306344986
0.14397118985652924
0.14169642329216003
0.22934241592884064
0.09037490934133528
0.1648714393377304
0.1707189530134201
0.15375663340091705
-0.01636241190135479
0.18073418736457825
0.2432321012020111
0.19012489914894104
0.1866755932569504
0.12198563665151596
0.08992065489292143
0.048409756273031235
0.18323995172977448
0.1349798887968063
0.08493196219205856
0.23353908956050873
0.1950024515390396
0.03788718953728676
0.07462365925312042
0.1460162252187729
0.16172270476818085
0.14802773296833038
0.17705373466014862
0.20391398668289185
0.12463026493787764
0.13177479803562164
0.09753256291151047
0.09902836382389069
0.10056465119123457
0.17826244235038757
0.17536839842796323
0.1605636328458786
0.18433071672916407
0.1872074156999588
0.10457470268011092
0.23473203182220456
0.08821260929107666
0.17537181079387665
0.23548877239227292
0.1324365586042404
0.15812836587429047
0.17154924571514127
0.09353901445865632
0.12479443103075027
0.1816034764051437
0.17446149885654447
0.2330913841724396
0.15715020895004272
0.16965200006961823
0.2085745185613632
0.13078351318836212
0.1297387331724167
0.2454466670751572
0.12784259021282196
0.0463891215622425
0.22976289689540863
0.16448557376861572
0.20392207801342008
0.18278987705707553
0.24309848248958588
0.15127871930599213
0.06190647557377815
0.11609113216400146
0.24104271829128265
0.08601077646017073
0.1336265653371811
0.1839100271463394
0.18682973086833957
0.1890423148870468
0.13336946070194244
0.2306206971406937
0.1487569957971573
0.19865228235721588
0.2420443892478943
0.23367047309875488
0.12145034223794936
0.1965834349393845
0.16893179714679718
0.172385111451149
0.2147715538740158
0.11406444758176804
0.1756703108549118
0.1964106112718582
0.1290753334760666
0.010140364989638329
0.1650552898645401
0.09549301862716675
0.005430282559245825
0.18919803202152247
0.19681002199649808
0.1486337035894394
0.2109965533018112
0.23164372146129608
0.23529238998889923
0.08927194774150848
0.1887390911579132
0.20651327073574063
0.16791202127933502
0.16688956320285797
0.13120265305042267
0.22457896173000333
0.14054781198501587
0.1365443915128708
0.1376836597919464
0.205418273806572
0.12988249957561493
0.2225235402584076
0.11281868070363998
0.15214203298091888
-0.031440891325473785
0.21344606578350067
0.19502080976963043
0.1783364862203598
0.19536441564559937
0.19005319476127625
0.19968040287494657
0.22692605853080747
0.22011396288871765
0.06980149447917938
0.14678864181041715
0.2410658299922943
0.14329023659229279
0.14949974417686462
0.20007897913455963
0.04762060567736626
0.1496843546628952
0.10511750727891922
0.18675808608531952
0.22817969322204587
0.1267045885324478
0.1726718693971634
0.18021346628665924
0.1636486053466797
0.1812283843755722
0.09697255492210387
0.0820835679769516
0.15369506180286407
0.1475832760334015
0.1601279377937317
0.025920184329152107
0.14459213614463806
0.07932408154010771
0.1920544356107712
0.16083720326423645
0.21014089882373807
0.041046883910894394
0.0612817220389843
0.17830844223499298
0.17615261673927307
0.22226206958293915
0.1921896785497665
0.13719625771045685
0.1453399956226349
-0.10150950402021408
0.12427052110433578
0.2388978600502014
0.15062396228313446
-0.005367149133235216
0.19011242687702176
0.040217515081167214
0.1681971698999405
0.18950194120407104
-0.018612923100590702
0.17619696259498596
0.14346535503864288
0.11710589379072188
0.12899057567119598
0.1114850416779518
0.15467198193073273
0.15042650699615479
0.24413727223873136
0.1519513577222824
0.22994165122509
0.1613202542066574
0.14023201167583463
0.09180505573749542
0.13882362842559814
0.07326717674732208
0.2052148133516312
0.10972988605499268
0.1743040531873703
0.22255995869636533
0.18108978867530823
0.2126350700855255
0.2519139945507049
0.1374051570892334
0.019323518499732018
0.12208332866430283
0.18204791843891144
0.23400890827178955
0.13183613121509552
0.15001153945922852
0.12422797828912734
0.1629523932933807
0.24952788650989527
0.17366603016853333
-0.02487806417047977
0.1585530191659927
0.06335672736167908
0.24921159446239471
0.044280022382736206
0.16389547288417816
0.22058629989624023
0.2326185256242752
0.18726596236228943
0.16615889966487885
0.2468624860048294
0.000655436422675848
0.2150091975927353
0.23974061012268064
0.15684811770915985
0.01286168210208416
0.11481592059135436
0.13615188002586365
0.17530694603919983
0.17327795922756195
0.06759367138147354
0.012821104377508163
0.17212791740894315
0.036038625985383994
0.23373869061470032
0.14409469068050385
0.1645130068063736
0.12204880267381668
0.0852305591106415
0.2504352331161499
0.22910776734352112
0.1638394296169281
0.15715274214744568
0.2035191506147385
0.1627439707517624
0.24314701557159424
0.16098056733608243
0.12730558216571808
0.08699063211679457
0.13818922638893127
0.21773190796375275
0.19504414498806
0.13388709723949432
0.027820659801363945
0.19113032519817352
0.10247381776571272
0.177896648645401
0.24411325156688687
0.1834147870540619
0.10343168675899504
0.1476663202047348
0.1832809001207352
0.08183878660202025
0.23829080164432523
0.08654506504535675
0.08535215258598326
0.18401862680912015
0.0727303996682167
0.10253114253282548
0.17919747531414032
0.196223184466362
0.00599530478939414
0.1415744572877884
0.1717619150876999
0.16555146872997284
0.1406690627336502
0.050148244947195046
0.09080567210912704
0.19236613810062408
0.1401842087507248
0.17531494796276093
0.21587979793548584
0.17623551189899445
0.142788365483284
0.22499139606952667
0.2151474356651306
0.19718690216541288
0.1926881968975067
0.009839413687586784
0.2192063331604004
0.16735199093818665
0.08848500996828078
0.22717396914958957
0.1566527634859085
0.18186415731906888
0.03552566468715668
0.14865104854106903
0.23461948335170743
0.08739825338125229
0.16093088686466217
0.17337295413017273
0.11247893422842024
0.17824099957942963
0.18973296880722043
0.1893601268529892
0.1592400223016739
0.146019846200943
0.031693827360868454
0.2001923769712448
0.18334625661373136
0.2235950976610184
0.19534555077552795
0.07861436158418654
0.08891205489635468
0.23891164362430567
0.23112685978412628
0.11934668570756912
0.2209627330303192
0.1650550812482834
0.13003551959991455
0.23671390116214752
0.1956462413072586
0.1643025428056717
0.14075201749801636
0.10613402724266052
0.015020934864878654
0.23255211114883423
0.14185474812984467
0.18028943240642548
0.16835875809192655
0.11729716509580612
6.60773366689682e-07
0.11800505220890044
0.1368037909269333
0.22011671960353849
0.18078276515007016
0.08014246076345444
0.06899610906839371
0.0918380692601204
0.22881637513637543
0.1817906349897385
0.15231887996196747
0.14626330137252808
0.23921941220760343
0.17825783789157867
0.16693370044231415
0.13858263194561005
0.08870991319417953
0.21723406016826627
0.12607350945472717
0.12562736868858335
0.17274281382560727
0.09270379692316057
0.1484682559967041
0.16823460161685944
0.15642358362674713
0.1754886358976364
0.1164519190788269
0.18801383674144745
0.2344290316104889
-0.05348652228713036
0.1645911335945129
-0.021746478974819183
0.11391406506299973
-0.042245831340551376
0.14568431675434113
0.23926150798797607
0.2428170740604401
0.09981630742549896
0.1670697182416916
0.1040620133280754
0.05084025487303734
0.1527639478445053
0.1403830349445343
0.1845707893371582
0.14396987855434415
0.08082007616758345
0.009029386565089224
0.159262016415596
0.10762292891740798
0.233625128865242
0.15202133357524872
0.21932534873485565
0.0741591677069664
0.18162739276885984
0.1634814739227295
0.11361337453126907
0.1993011087179184
0.1842699497938156
0.1646669954061508
0.06060462072491646
0.2502911686897278
0.1728292554616928
0.12930521368980408
-0.026593670248985287
0.19099017977714536
0.07918371260166168
0.19583679735660553
0.23329447209835047
0.07572517544031142
0.18064540624618527
0.16771598160266876
0.20716550946235657
0.17828944325447083
0.07342983037233353
0.14703474938869476
0.016163816675543785
0.20308552682399747
0.22864486277103424
0.16431623697280884
0.1663711816072464
0.1537356674671173
0.14144958555698395
0.1795833706855774
0.13214482367038727
0.23819755017757413
0.09942485392093657
0.05831962451338768
0.08151914179325102
0.19118365645408633
0.1966518461704254
0.13062913715839383
0.1427786499261856
0.2027684301137924
0.009946653619408607
0.188748300075531
0.12578271329402924
0.11851989477872849
0.2176901400089264
0.1152283102273941
0.11329539865255356
0.15487803518772125
0.1889222711324692
0.19161783158779144
0.21540996432304385
0.17311570048332214
0.17813892662525177
0.18752171099185944
0.16794881224632263
0.12570153176784515
0.1500893086194992
0.18513213098049164
0.22724191844463348
0.10502737015485764
0.2113742232322693
0.1198008880019188
0.0853142812848091
0.024707263335585598
0.2284727841615677
0.1501535028219223
0.1802093535661697
0.17050564289093015
0.2420836836099625
0.16233697533607483
0.24686647951602933
0.13105379045009613
0.2397334724664688
0.2069188207387924
0.08783237636089326
0.10330398380756378
0.1868007332086563
0.22649881243705747
0.07206552475690842
0.15822310745716095
0.11967385560274124
0.18327474594116208
0.1561633050441742
0.1346781849861145
0.06476498395204544
0.20985837280750275
0.1415067762136459
0.1109982058405876
0.220889151096344
0.1654566377401352
-0.013291196897625923
0.16167499125003815
0.0794086828827858
0.13287968933582303
0.2168334126472473
0.11580119282007216
0.15916110575199127
0.06535220891237259
-0.012969492003321648
0.036828868091106415
0.00974629633128643
-0.01904431544244289
0.15809985995292664
0.24720455706119537
0.24744386970996857
0.22815541923046112
0.20345269143581393
0.24517227709293363
0.0722939521074295
0.14517949521541595
0.1317336857318878
0.2488439828157425
0.07753343135118483
0.17505978047847748
0.2047441601753235
0.23457780480384824
0.10119310766458511
0.1258736252784729
0.15900097787380219
0.18997107446193692
0.2246617823839188
0.1730261892080307
-0.019549056887626648
0.10859130322933196
0.16477151215076447
0.15407244861125946
0.17589245736598969
0.22359713912010193
0.13726745545864105
0.20740024745464325
0.18090641498565677
-0.02854892797768116
0.10448024421930312
0.20194572210311887
0.17829349637031555
0.16097126901149747
0.24031321704387665
0.1619248241186142
0.14303715527057648
0.0590909831225872
0.2273459881544113
0.12572552263736725
0.23633547127246857
0.17697109282016754
0.18047310411930084
0.22905266284942624
0.21057312190532684
0.15619419515132904
0.15372276306152344
-0.03945139050483704
0.17840096354484558
0.2386186718940735
0.14484696090221405
0.17805470526218414
0.2438537031412125
0.2060340046882629
0.06045897677540779
0.20402458310127256
0.21373756229877472
0.05006179958581925
0.2483277767896652
0.16031493246555328
0.23687386512756348
0.16488127410411835
0.2163996994495392
0.18911372125148773
0.1473015695810318
0.2367122173309326
0.13813544809818268
0.12364334613084792
0.07103053480386734
0.15903659164905548
0.16992454230785367
0.09780754148960112
0.23183538019657132
0.12205260246992113
0.18157340586185453
0.17102612555027008
0.2070623189210892
0.0033602374605834484
0.23770172894001007
0.21995647251605988
0.09694454818964003
0.16150756180286407
0.2034877836704254
0.15886129438877103
0.1096382737159729
0.17955981194972992
0.16451939940452576
0.22298343479633329
0.11873552948236464
0.021837377920746803
0.21469487249851224
0.19198809564113617
0.21709926426410675
0.23150685429573056
0.213196262717247
0.2333266735076904
0.23483361303806305
0.1848832815885544
0.20085950195789337
0.1512131243944168
0.10414448380470276
0.1990744471549988
0.19719412922859192
0.03205881267786026
0.13307587802410123
0.20013730227947235
0.1204538270831108
0.03745669499039649
0.23843787610530853
0.09067752212285997
0.10284835845232008
0.18988297879695887
0.15257373452186584
0.04516519978642464
0.057839158922433846
0.19869329035282132
0.15273413062095642
0.1115545779466629
0.12526674568653107
0.20156146585941315
0.05348273366689681
0.16756494343280792
0.2321878671646118
0.10314734280109404
0.12246135622262953
0.1112770140171051
0.0293163675814867
0.11588372290134429
0.15498964488506317
0.162688210606575
0.1862298548221588
0.04643217101693153
0.04669906571507454
0.126579150557518
0.055061843246221535
0.11378336697816847
0.048979762941598885
0.17288295924663544
0.26208409667015076
0.15584763884544373
0.20989772677421567
0.12534528970718384
0.20958764851093287
0.11355740576982498
0.09903679043054579
0.215749517083168
0.16606508195400238
0.1322513371706009
0.15658347308635712
0.11907339841127396
0.15910567343235016
0.19758939743041992
0.2426518350839615
0.04219015315175056
0.11083137989044188
0.14491413533687592
0.11722327023744585
0.2161031365394592
0.16826863586902618
0.101582832634449
0.2118786722421646
0.14418162405490875
0.1111779436469078
0.17786769568920135
0.17232368886470795
0.17906351387500763
-0.055170472711324685
0.1563536375761032
0.17908470332622528
0.1652807593345642
0.1192094013094902
0.024146411567926407
0.18014758825302124
0.21881076693534848
0.19960777461528775
0.1808171421289444
0.16233584284782407
0.2120098173618317
0.2122735530138016
0.2055603116750717
0.11013102531433104
-0.006955190096050501
0.17631004750728607
0.15499424934387207
0.009128089994192125
0.17420178651809692
0.20321390032768247
0.09684791415929793
0.22743175923824313
0.14104188978672028
0.14028064906597135
0.22286736965179443
0.18704853951931
0.228766605257988
0.07736191898584364
0.23040455579757688
0.15798670053482056
0.20083592832088473
0.06059623882174492
0.18804210424423215
0.14249932765960693
0.20562680065631864
-0.03789328783750534
0.08848480135202406
0.2263329774141312
0.23600275814533236
0.08061864227056502
0.22218379378318784
0.21015132963657376
0.09076464921236038
0.23365361988544464
0.10170228034257887
0.15953591465950012
0.1344986706972122
0.16985589265823364
0.233421191573143
0.22379595041275024
0.21982188522815704
0.18230828642845157
0.08424406498670578
0.13516996800899503
0.14113609492778778
0.08429525047540665
0.17890943586826324
0.04501676186919212
0.21236683428287503
0.18598361313343048
0.16598708927631378
0.16384367644786835
0.1582649201154709
0.0423031896352768
0.2069709748029709
0.16031397879123688
0.17363904416561127
0.15112842619419095
0.12952756881713867
0.19908852875232697
0.18927034735679624
0.08277125656604768
0.04883971437811852
0.16795819997787476
0.1423518806695938
0.1929437816143036
-0.07838468998670578
0.09080354869365692
0.09600034356117249
0.14741432666778564
0.15651288628578186
0.14918239414691925
0.14197255671024323
0.13510817289352417
0.1510435938835144
0.15977510809898376
0.24555350840091705
0.20457957684993744
0.13603609800338745
0.1896565407514572
0.11807846277952194
0.24302099645137784
0.1453610211610794
0.19262881577014923
0.15397010743618011
0.18834608793258664
0.14773809909820557
0.1828303933143616
0.08097126334905624
0.1585714966058731
0.24920828640460968
0.1597747653722763
0.0887284129858017
0.06730879098176956
0.14203806221485135
0.22942428290843964
0.1811175048351288
0.18306510150432584
0.1281307190656662
0.1469789296388626
0.1936772018671036
0.18702800571918488
0.15237846970558167
0.14818920195102692
0.10067522525787352
0.2219424992799759
0.0664239376783371
0.18078745901584625
0.07262726128101347
0.03279375284910202
0.22589032351970673
0.15139375627040863
0.19356893002986908
0.199556902050972
0.16493411362171173
0.15045680105686188
0.12338017672300337
0.16118134558200836
0.09787837415933608
0.17683251202106476
0.14212566614151
0.16389571130275726
0.1862487643957138
0.1612711399793625
-0.01122811622917652
0.2337259650230408
0.1567934602499008
0.22082163393497467
0.21541474759578705
0.22847823798656464
0.033747423440217965
0.24352335929870603
0.18092137575149536
0.0659734383225441
0.17070496082305908
0.0829395204782486
0.14389990270137787
0.16886095702648163
0.12064316123723984
0.1807949095964432
0.2350570559501648
0.1922714710235596
0.16631463170051575
0.14904163777828217
0.17867420613765717
0.11939529329538344
0.10714457184076308
0.24012851715087888
0.03408506140112877
0.06742352247238159
0.018006592988967896
0.21682642400264737
0.16719810664653778
0.20809094607830048
0.18702347576618197
0.19191402196884155
0.15464048087596893
0.22890096902847287
0.1504562944173813
0.20270870625972748
0.15241707861423492
0.1647963672876358
0.07023780047893524
0.17771092057228088
0.1504773497581482
0.15174171328544617
0.0654209703207016
0.1499105542898178
0.2362458258867264
0.1753767728805542
0.13932523131370544
0.13619837164878845
0.11054302752017973
0.1679756790399551
0.18055206537246704
0.12643633782863617
0.2166408449411392
0.2074725329875946
0.10440330952405928
0.08870268613100052
0.18145333230495447
0.16791360080242157
0.13431058824062347
0.12512728571891785
0.15319472551345825
0.184332937002182
0.207744225859642
0.14053164422512054
0.12788788974285123
0.10923344641923904
0.16641123592853546
0.20003914833068848
0.15814919769763947
0.06763634085655212
0.1295197755098343
0.15983588993549347
0.14592783153057098
0.14756883680820465
-0.013870051130652428
0.22506415843963623
0.24329915642738345
0.15111270546913147
0.1426081508398056
0.17436422407627103
0.17233632504940033
0.1126985177397728
0.0964791178703308
0.1229557916522026
0.22324199974536893
0.1107892170548439
0.13764047622680664
0.08564800769090652
0.2299186885356903
0.1840175837278366
0.16205166280269623
0.11829166114330292
0.2340783327817917
0.1699805110692978
0.10733220726251602
0.11891592293977736
0.22711302340030673
0.07231710106134415
0.07570864260196684
0.1868854314088821
0.22131043672561643
0.18104352056980133
0.17972517013549805
0.15852099657058716
0.14969439804553983
0.202643558382988
0.1734767109155655
0.09202251583337785
0.23113796114921567
0.1420496553182602
0.20994277298450467
0.19014640152454376
0.23664662241935727
0.1929626315832138
0.10065642744302748
0.06496924161911011
0.21957325935363767
0.2072385996580124
0.16870829463005063
0.06733010709285736
0.16718067228794095
0.048669125884771354
0.19949695467948916
0.22847600281238556
0.1499618887901306
0.11682409793138504
0.15865159034729004
0.1686539649963379
0.24421079456806183
0.12332429736852644
0.08769240230321884
0.21642084419727323
0.08365100622177123
0.1518452614545822
0.1285281926393509
0.22278374433517456
0.2524354159832001
0.12373679131269454
0.23754769563674927
0.08426770567893982
0.13895396888256073
0.1952001005411148
0.2190818041563034
0.2169363796710968
0.15330971777439115
0.05995495989918709
0.16508251428604123
0.1671434789896011
0.23598575592041013
0.17999400198459625
0.2084226757287979
-0.0341762900352478
-0.05004400759935379
0.02885322459042072
0.0890619233250618
0.05131469666957855
0.12576501071453094
0.1885729134082794
0.22487473487854004
0.08097603172063828
0.15631461143493652
0.09152334928512573
0.13581842184066772
0.1467854231595993
0.23448877036571503
0.19268174469470975
0.12598063051700592
0.09104768931865692
0.1897745579481125
0.13422437012195587
0.02407435700297356
0.1523960679769516
0.12497516721487044
0.17071184515953064
0.04955148696899414
0.15586131811141968
0.07807453721761702
0.1861794590950012
0.0030883862636983395
0.23153887689113617
0.1489850282669067
0.24265657365322116
0.2070718854665756
0.15165658295154572
0.1728040874004364
0.1375792920589447
0.10556066781282424
0.23435968160629272
0.15309442579746246
0.1735270470380783
0.1950405389070511
0.1916752904653549
0.014469461515545843
0.16258645057678223
0.14930319786071777
0.06908993422985077
0.19797931611537933
0.13149821758270264
0.13268621265888214
0.21102619171142575
0.10496624559164049
0.19415616989135745
0.1628246158361435
0.22637026011943817
0.12012503296136856
0.22601477801799771
0.07890806347131729
-0.08084923774003983
0.14734292030334473
0.1336308717727661
0.14079633355140686
0.14556021988391876
0.13340814411640167
0.16411764919757843
0.17582307755947113
0.2016697973012924
0.1706470400094986
0.1698886752128601
0.07045075297355652
0.17674013972282407
0.13298727571964264
0.1709469109773636
0.06071620061993599
0.23435835540294647
0.15164461731910703
0.10037139058113098
0.1388292759656906
0.12125884741544724
0.17067532241344452
0.21654354035854337
0.16774512827396393
0.2080185562372208
-0.0240315031260252
0.14410234987735748
0.1762254387140274
0.08197579532861708
0.08823218196630478
0.19375985860824585
0.1293310523033142
0.24460674822330475
0.11287053674459456
0.2163148671388626
0.2257284373044968
0.1837903708219528
0.23654215037822723
0.10371368378400803
0.24010734260082245
0.2451561540365219
0.12087566405534744
0.09389726072549823
0.1963287442922592
0.06961347907781601
0.09670868515968321
0.22459173202514648
0.09708203375339507
0.19361156225204468
0.2448206692934036
0.1948835402727127
0.12557803094387054
0.07263430207967758
0.08516976982355116
0.0601520873606205
0.07519707828760147
0.2332540899515152
0.18959487974643707
0.175636887550354
0.13254998624324799
0.09368294477462769
0.20415413379669187
0.1722113341093063
0.1289457529783249
0.20746086537837985
0.1325160413980484
0.23208796977996823
0.2504943609237671
0.08415208011865616
0.19024357199668884
0.09662321954965591
0.17499960958957672
0.16978515684604645
0.16719050705432892
0.17858503758907318
0.04394557699561119
0.09638375788927078
0.14921094477176666
0.18258652091026303
0.13158369064331055
0.06458785384893417
0.17127270996570587
0.056150879710912704
0.14820843935012817
0.12340327352285384
0.18572433292865756
0.203804150223732
0.23189444839954376
0.19694828987121585
0.20159210264682767
0.1861592084169388
0.17880190908908844
0.1568508893251419
0.12858164310455322
0.16330517828464508
0.2356693893671036
0.24203890562057492
0.23053300380706787
0.22928330302238464
0.20138187706470487
0.1522562950849533
0.11790617555379868
0.13174669444561005
0.18919312953948972
0.1560978889465332
0.19710075855255127
0.041758377104997635
0.16189773380756378
0.17176197469234467
0.19438605010509488
0.17577514052391052
0.08281666040420531
0.13852901756763458
0.18532899022102356
0.2122773677110672
0.1423385590314865
0.17168782651424408
0.11467277258634569
0.15334738790988922
0.12360679358243942
0.22235275804996488
0.20730631053447723
0.16492463648319244
0.18777740001678464
0.23249782621860504
-0.0848231315612793
0.17559795081615448
-0.036200251430273056
0.1521271914243698
0.14130355417728424
0.11200319975614548
0.1496926099061966
0.219189926981926
0.10922381281852722
0.09461945295333862
0.13324236869812012
0.13006718456745148
0.13933436572551727
0.1616869419813156
0.1863916367292404
0.2415450215339661
0.1428916901350021
0.13801369071006775
0.09208305925130844
0.07456854730844498
0.11056043952703476
0.16031931340694427
0.2273356765508652
0.13983948528766632
0.10086982697248457
0.04297473281621933
0.19238074123859403
0.05871684476733208
0.18112266063690183
0.06012580171227455
0.21770438551902768
0.22514761984348297
-0.0424114167690277
0.2302142232656479
0.2446056753396988
0.08909320086240768
0.16606828570365903
0.1253160536289215
0.2301139384508133
-0.08935500681400299
0.2489475756883621
0.222256600856781
0.20522239804267883
0.1356458216905594
0.1869671493768692
0.1608876734972
0.17262154817581177
0.17470230162143707
0.11210193485021593
0.1054982915520668
0.23628987371921537
0.1303061544895172
0.09232300519943235
0.05354035645723343
-0.049292299896478646
0.18000085651874542
0.11361997574567793
0.2201875001192093
0.18662840127944944
0.17091107368469238
0.04606805741786957
0.11409876495599745
0.1333785057067871
0.2114509344100952
0.08424611389636993
0.1215880736708641
0.013021601364016531
0.23250432312488556
0.07446247339248657
0.14326496422290802
0.1203666403889656
0.02939905785024166
0.20683108270168304
0.2103514522314072
0.23730725049972531
0.12704376876354215
0.10964208096265791
0.19170686602592468
0.10602756589651108
0.1483328342437744
0.18072105944156647
0.14597906172275543
0.2135020047426224
0.15075092017650604
0.17594192922115323
0.1556388288736343
0.10058129578828812
0.15519045293331146
0.033853959292173386
0.15403614938259125
0.11509355902671813
0.10014326125383376
0.1536538153886795
0.1593320667743683
0.08591043204069138
0.2073006480932236
0.1495026648044586
0.0444946326315403
0.1851862519979477
-0.008566660806536673
0.22716951370239255
0.18396519124507904
0.17209212481975555
0.17364023625850675
0.1899939924478531
0.13366156816482544
0.12676870822906494
0.22463028132915497
0.19158600270748136
0.13693906366825104
0.1569586545228958
0.1494077891111374
0.07092522829771042
0.057908009737730026
0.17994841933250427
0.09320247918367386
0.20722587406635284
0.06252153217792511
-0.02480895817279816
0.23767517507076263
0.09954469650983809
0.09592844545841216
0.07659849524497987
0.1102793887257576
0.18746669590473172
0.10898786038160324
0.21393828094005585
0.08474896103143693
0.183743417263031
0.06831852346658707
0.06138357892632485
0.16081726551055908
0.16207678616046903
0.1551075279712677
0.16637171804904935
0.07253818958997726
0.15339189767837524
0.18690781295299527
0.13823519647121427
0.1643345206975937
0.20897941291332245
0.03926265239715576
0.1570027619600296
0.1756357103586197
0.1202356144785881
0.18854285776615143
0.20839750766754153
0.0847475081682205
0.013800805434584616
0.05848271027207375
0.06054162606596947
0.19344146549701688
0.15632471442222595
0.18613602221012115
0.22376973927021024
0.1826029270887375
0.1374952048063278
0.22964613139629364
0.15894651412963867
0.1474788933992386
0.06402162462472916
0.14186163246631622
0.1490086168050766
0.10917448252439498
0.19404287636280057
0.237778902053833
0.023585472255945206
0.029408654198050495
0.17146089673042297
0.19019736349582672
0.06743034720420837
0.059901919215917594
0.06426241248846054
0.10494078695774078
0.15592162311077115
0.14675484597682953
0.12678538262844083
0.23842543363571167
0.2105723470449448
0.2029758244752884
0.11121445149183272
0.15564492344856262
0.20786267518997192
0.18153278529644007
0.12697499990463257
0.2313080132007599
0.07627153396606445
0.1643382757902145
0.20062294602394104
0.0838581919670105
0.10603556036949156
0.23278799653053284
0.20503972470760343
0.03765195608139038
0.12230785936117172
0.17128176987171173
0.09753843396902083
0.1815219223499298
-0.0001047351397573948
0.14541952311992645
0.2184338420629501
0.19697083532810208
0.06296475976705551
0.16571663320064545
0.250275194644928
0.14834044873714447
0.2202482670545578
0.1239984855055809
0.01811528019607067
0.04164751246571541
0.13808216154575348
0.03933144733309746
0.1986134648323059
0.14581920206546783
-0.028114596381783485
0.17384129762649536
0.11654288321733473
0.23433315753936768
0.1572052389383316
0.1625349521636963
0.12419261783361434
0.21700362861156464
0.12807895243167877
0.1574719101190567
0.13074074685573575
0.16229413449764252
0.13011370599269867
0.2367482483386993
0.18014374375343323
0.18434901535511017
0.15704300999641418
0.2595943510532379
0.13827158510684967
0.05503566190600395
0.06484997272491455
0.1491696685552597
0.1367947608232498
0.21087636053562164
0.21838702261447904
0.06807196885347366
0.10178323090076447
0.07575283199548721
0.09968095272779463
0.1667194664478302
0.1903985291719437
0.05177643150091171
0.1357007622718811
0.1496451050043106
0.05273071676492691
0.1607154756784439
0.14809709787368774
0.16375431418418884
0.0230714064091444
0.2257573455572128
0.17586587369441986
0.0021328120492398735
0.08175567537546156
0.17549799382686615
0.1870688647031784
0.02616930939257145
0.1902776509523392
0.14306175708770752
0.18483115732669833
0.16012893617153168
0.24504701793193817
0.18030212819576263
0.11959903687238692
0.08268655836582182
0.16785083711147308
0.13137148320674896
0.160280704498291
0.14122731983661652
0.05224871262907982
0.2377588450908661
0.12842543423175812
-0.02257433347404003
0.18016529083251956
0.15724244713783264
-0.019002703949809074
0.1136726662516594
0.15338629484176636
0.10067739337682724
0.11558254808187483
0.03177381679415703
0.2115604132413864
0.1921057254076004
0.16791972517967224
0.05627507343888282
0.21262450516223907
0.2262611538171768
0.10866836458444595
0.11058887094259262
0.14079733192920685
0.23166935145854947
0.12067926675081252
0.15760068595409393
-0.00626336270943284
0.11623575538396835
0.18566739559173584
0.2223524898290634
0.08420737087726593
0.05251605436205864
0.07128944993019104
0.23322750627994537
0.22621549665927887
0.1431591659784317
0.20973171293735504
0.22595559060573575
0.18881420791149137
0.24224925041198728
0.16087011992931363
0.24325253069400787
0.1525636464357376
0.13745903968811035
0.07308432459831236
0.15958240628242493
0.11435726284980773
0.10592035204172134
0.15502049028873444
0.193514421582222
0.19982554018497467
0.188090905547142
0.19629423320293424
0.07351636886596678
0.09094636887311935
0.232646107673645
0.1752832531929016
0.2310752272605896
0.13798977434635162
0.07795456796884535
0.18475718796253204
0.1510038822889328
0.1697995811700821
0.08778158575296403
0.18408353626728055
0.14512333273887634
0.12844534218311307
0.10011836141347884
0.18922324478626248
0.17369045317173004
0.17777176201343536
0.0778372585773468
0.17140351235866547
0.18112552165985107
0.19801306724548337
0.004698900040239096
0.2407322824001312
0.21386826038360596
0.20052938163280487
0.16897104680538175
0.15989351272583008
0.07001141458749771
0.11151474714279173
0.15020497143268585
0.1831577569246292
0.05733554437756538
0.17714644968509674
0.18876604735851288
0.1562850922346115
0.11743486672639845
0.23921862244606015
0.17996874451637268
0.14218206703662872
0.19404698908329007
-0.0215628445148468
0.23158885538578036
0.2255791127681732
0.06537558138370514
0.11813723295927048
0.23838853836059568
0.21610476076602933
0.22151236236095428
0.135727196931839
0.1212046816945076
0.1778559237718582
0.15684299170970917
0.19503675401210785
0.2276986241340637
0.1684517115354538
0.17736829817295074
0.1405678689479828
0.1939210593700409
0.04896542057394981
0.12807579338550568
0.10551401227712633
0.15573084354400635
0.1480515748262405
0.06620550900697708
0.07549282908439635
0.2245831936597824
0.13413743674755096
0.062199000269174576
0.11917006224393845
0.15118683874607086
0.16082973778247833
0.10565904527902605
0.06519889831542969
0.14601512253284454
0.15630941092967987
0.02860707603394985
0.0732746571302414
0.14251923561096191
0.19496010243892667
0.1675934940576553
0.18748772144317624
0.175525963306427
0.23191250860691073
0.175472155213356
0.17811532318592072
0.10928310453891754
0.09120040386915208
-0.005700888577848673
0.2130349278450012
0.22620028257369995
0.21797482669353485
0.2279948443174362
0.09310562908649443
0.1427047699689865
0.17333179712295532
0.1908994019031525
0.2199198007583618
0.10168992727994917
0.1853887438774109
0.09646628051996232
-0.020725438371300697
0.05286991968750954
0.1505205929279327
0.0760001465678215
0.13104148209095
-0.01930614933371544
0.17802287638187408
0.1271841824054718
0.24989797174930567
0.09678292274475096
0.1388426125049591
0.11103415489196776
0.13994628190994263
0.1622839719057083
0.16294874250888824
0.20729009807109833
0.11886569112539291
0.12167362123727798
0.09001991897821425
0.1363174468278885
0.1417849361896515
0.22480535507202148
0.18464432656764984
0.21100565791130063
0.24787335097789764
0.17082548141479492
0.20476606488227844
0.1705118715763092
0.12593092024326324
0.07269266247749329
0.17180123925209043
0.1275569349527359
0.061770904809236526
0.1658870130777359
0.2390180230140686
0.08307264745235443
-0.02508547343313694
0.2303902506828308
0.23691980540752408
0.0743272453546524
0.1878399848937988
0.2191472798585892
0.032275017350912094
-0.008210109546780586
0.21601727604866028
0.1907161772251129
0.1178404614329338
0.11478552967309952
0.22887009382247925
0.19053792953491208
0.22894807159900665
0.13280591368675232
0.189156711101532
0.11728771030902863
0.184628427028656
0.1999109536409378
0.15854977071285248
0.02311923913657665
0.1873885542154312
0.08274946361780167
0.22478510439395905
0.12390702217817307
0.17016220092773435
0.09728000313043593
0.15085162222385406
0.12623585760593414
0.21673382818698883
0.10490424185991289
0.1843605637550354
0.22055287659168243
0.059108849614858634
0.14109332859516144
0.03147740662097931
0.2232704162597656
0.08738690614700317
0.11686385422945023
0.16458530724048615
0.1401265412569046
0.12889567017555237
0.20356127619743347
0.18938107788562772
0.15773405134677887
0.1628374010324478
0.2001672238111496
0.16378422081470487
-0.0791424959897995
0.04623999074101448
0.15616710484027863
0.13384030759334564
0.20502661168575287
0.20361740887165067
0.19557350873947144
0.19480942189693448
0.20113947987556455
0.15478071570396423
0.22623732686042783
0.23649777472019196
0.02293751575052738
0.1781311184167862
0.2021431028842926
0.13072602450847623
0.14138880372047424
0.16968505084514615
0.1802163124084473
0.15229928493499756
-0.049039050936698914
-0.06078113988041878
0.09538994729518889
0.206170067191124
0.1916949599981308
0.19376300275325772
0.14791926741600037
0.22407782077789304
0.033893659710884094
0.24390558898448944
0.08475859463214874
0.13114508986473083
0.11042878776788712
0.19489537179470065
0.09895722568035123
0.20806188881397247
0.03916741535067558
0.1590165942907333
0.0399852953851223
0.16058367490768433
0.14584635198116302
0.2250026613473892
0.1470038145780563
0.2006703019142151
0.24903108179569244
0.19082729518413544
0.2125370651483536
0.14158014953136444
0.02033123187720776
0.1714760810136795
0.04753993824124336
0.14713911712169647
0.09188660234212877
0.18854399025440216
0.16013091802597043
-0.05501400306820869
0.1604328006505966
0.21218422055244443
0.17701508104801175
0.22672457993030548
0.10346407443284988
0.14117522537708282
0.21890033781528473
0.23747538030147552
0.14019256830215454
0.10158126801252364
0.13306914269924164
0.15761445462703705
0.17477895319461823
0.1994665414094925
0.12955996394157407
0.15432822704315183
0.1999752372503281
0.1861464232206345
0.18784834444522855
0.06948063522577286
0.13039833307266235
0.24403853714466092
0.16120484471321103
0.12951041758060455
0.10909226536750792
0.21454951167106628
0.1678871214389801
0.20037485659122467
0.19744321703910828
-0.03609583154320717
0.13270635902881622
0.08676908165216446
0.2019357532262802
0.18268074095249176
0.07631272822618483
0.20416010916233063
0.19454434514045715
0.09196772426366806
0.15530472993850708
-0.0020316974259912968
0.1454860419034958
0.06668562442064285
0.23398761451244357
-0.028768161311745644
0.1420850306749344
0.2271365076303482
0.08355123549699782
0.1549205631017685
0.04577182233333588
0.18809807300567624
0.190542533993721
0.1064356416463852
0.108427457511425
0.17807257175445557
0.22293873131275177
0.14761663973331451
0.1314399689435959
0.21215373277664185
0.23860903084278104
0.1026749312877655
0.114353246986866
0.2541670501232147
0.17666423320770264
0.17908929288387299
0.08278048783540724
0.13527807593345642
0.11555764079093932
0.2237888127565384
0.22042573988437647
0.13964225351810455
0.21998552978038788
0.21188654005527496
-0.08283618092536926
0.13285212218761444
0.030173854902386665
0.20835433900356287
0.0955643430352211
0.17202621698379517
0.2005888670682907
0.07894846051931381
0.20540969073772433
0.11769582331180573
0.1696961671113968
0.1729920655488968
0.10676049441099165
0.16495373845100403
0.1838400512933731
0.0905115529894829
0.18471349775791168
0.2166574150323868
0.08429402112960814
0.1883636564016342
0.170979306101799
0.13935673236846924
0.10254669189453124
0.09815803915262222
0.14770089089870453
0.16188286244869232
0.005824656691402197
0.19294975697994232
0.1696043461561203
0.12480472773313522
0.17549909651279447
0.21841502189636233
0.12035173922777176
0.06688999384641647
0.15357275307178497
0.16718244552612305
0.14928637444972992
0.14721432328224182
0.17791254818439484
0.03691146895289421
0.0684894248843193
0.20532637834548953
0.2319865971803665
0.2582913339138031
0.09354864060878752
0.15938453376293182
0.08678381890058517
0.22122664749622345
0.22525671124458313
0.10190466791391373
0.12154936045408248
0.2442414313554764
0.18972881138324735
0.09450054913759232
0.16525180637836456
0.24338610470294952
0.11261741071939468
0.1457231044769287
0.12578299641609192
0.2475606054067612
0.20398882031440732
0.11610720306634902
0.12597858905792236
0.07756514102220534
0.11382388323545456
0.2318875640630722
0.02764897607266903
0.14289253950119019
0.23339913785457608
0.19545991718769076
0.23533880710601807
0.0858796164393425
0.14189724624156952
0.1134628877043724
0.17099218070507047
0.1530493050813675
0.16016441583633423
0.18525703251361847
-0.006632222328335047
0.1649222820997238
0.1891323029994965
0.10910701006650925
0.1577361524105072
0.23470114171504972
0.1084086149930954
0.19745631515979767
0.07281521707773209
-0.027950424700975415
0.04717117175459862
0.1786060482263565
0.22902968525886533
0.10822723060846327
0.1029859110713005
0.10934766381978989
0.21045528352260587
0.24962134659290316
0.20863300561904907
0.13616417348384857
0.1399170607328415
0.118217371404171
0.1968865394592285
-0.028067635372281075
0.1501072198152542
0.13019414246082303
0.16574101150035858
0.22536969184875488
0.17079176008701324
0.07103370130062103
0.13656173646450043
0.13075849413871765
0.02866840176284313
0.17780713737010956
0.16692419350147247
0.12990583479404447
0.07125215977430344
0.11575368791818617
0.15662769973278043
0.17807580530643463
0.1488047093153
0.14849551022052765
0.2207452654838562
0.16493231058120728
0.23357895016670227
0.1312809586524963
0.1607958823442459
0.10059479624032974
0.11225254088640212
0.1921996474266052
0.23146811127662656
0.14982156455516815
0.24852617084980008
0.17778602242469788
0.11321356892585754
0.07362311333417891
0.20476563274860385
0.09183378517627715
0.1505335569381714
0.2202903777360916
0.18426072597503665
0.17249898612499237
0.1713014841079712
0.21045811474323273
-0.07757356762886046
0.2047758996486664
0.23141308128833768
0.2194240838289261
0.07692062109708786
0.22522176802158356
0.19901119172573087
-0.02305085025727749
0.13607050478458405
-0.006606175098568201
0.10975189507007597
0.016488706693053246
0.040827494114637375
0.255308598279953
0.22851108014583588
0.18660718202590945
-0.03433636575937271
0.14777971804141998
0.18396934866905207
0.03956024721264839
0.10791411250829697
0.23420946300029755
0.14168359339237213
0.06509701162576675
0.20182348787784576
0.16549037396907806
0.22924332320690155
0.2342180013656616
0.1652645319700241
0.011725375428795815
0.040502946823835366
0.17639456689357755
0.2140331119298935
0.1987415701150894
0.004629099275916815
0.2214198261499405
0.19660611450672147
0.14054878056049347
0.2238425463438034
0.07679735124111174
0.18109920620918277
0.16515083611011505
0.1008293405175209
0.2279933840036392
0.2231147736310959
0.15545080602169037
0.23087455332279205
0.1795024275779724
0.20736633241176605
0.22975115478038788
0.19871707260608676
0.13962359726428983
-0.015867305919528008
0.22742609679698944
0.14865422248840332
0.18916594982147217
0.13656865060329437
0.18848288059234616
0.1107352003455162
0.1893010288476944
0.09129370748996735
0.1110820695757866
0.2245441377162933
0.20323303341865537
0.060901302844285965
0.2509637176990509
0.13806714117527008
0.238287016749382
0.16247908771038055
0.15211829543113708
0.09978557378053664
0.04478633403778076
0.17227789759635925
0.19580490887165067
-0.05624384805560112
0.2456946521997452
0.09704186022281647
0.03624534234404564
0.21887473762035367
0.1651927679777145
0.23176930844783783
0.21606710553169248
0.19632123410701752
0.22343505918979645
0.050627809017896645
0.195515900850296
0.2376442402601242
0.06046800687909126
0.14514076709747314
0.23049595952034
0.17533907294273376
0.17424044013023376
0.15730305016040802
0.2537170946598053
0.15472160279750824
0.23761424422264096
0.13356800377368927
0.19470480084419248
0.15642811357975006
0.20197239518165588
0.1595330834388733
0.19411833584308624
0.086354561150074
0.06378168612718582
0.1036059558391571
0.20082007348537445
0.15549996495246887
0.10707727819681168
0.24862556159496307
0.2294202744960785
0.17967437207698822
0.16884469985961914
-0.010364361107349396
0.07427336275577545
0.1745191067457199
0.19308289885520932
0.13825097680091855
0.09247565269470215
0.21837459504604337
0.12817822396755219
0.07351911813020706
0.035840827971696854
0.1617896407842636
0.18324436247348783
0.17884492874145508
0.11182774603366852
0.15436972677707672
0.20677614212036127
0.17392082512378693
0.03596169874072075
0.1257636845111847
0.13367411494255063
0.06914159655570984
0.07787083089351654
0.19791345298290247
0.17270220816135406
-0.035999052226543427
0.19116757810115811
0.0958145409822464
0.10946028679609297
0.0986962541937828
0.14711110293865204
0.1801652014255524
0.22187088429927823
0.19996310770511627
0.12144017964601515
0.06200740858912468
0.08047116547822952
0.1366620510816574
0.1101856306195259
0.15629632771015167
0.1603017300367355
0.23130646347999567
0.1497928947210312
0.10176439583301544
0.0461784265935421
0.11613906174898148
0.18567137420177457
0.0828549936413765
0.20051847398281095
0.22419966757297516
0.19730572402477264
0.13531534373760223
0.20786580443382263
0.13909979164600372
0.07800642400979996
0.225039467215538
0.21993237733840945
0.11309802532196044
0.2402605563402176
0.07946573942899704
0.030291324481368065
0.12661966681480408
0.1894597560167313
0.037224482744932175
0.1290554255247116
0.0680827870965004
0.2299064993858337
0.23382098972797397
0.14507286250591278
0.05421828106045722
0.21050944924354556
0.2008657455444336
0.19844789803028104
0.13363866508007047
0.12391910701990128
0.02989326976239681
0.102654792368412
0.15146252512931824
0.041148271411657326
0.24695463478565216
0.10353574901819228
0.15028123557567596
0.2532203495502472
0.13305479288101196
0.12745438516139984
0.16587066650390625
0.11264703422784804
-0.030369846150279045
0.17684413492679596
0.08260175585746765
0.16937114298343658
0.20831744372844696
0.11814919859170912
0.18673320114612577
0.20404323935508728
0.2011331468820572
0.23642270267009732
0.12153399735689165
0.1553407460451126
0.12430641800165176
0.2378730922937393
0.23183299601078036
0.19568967819213867
0.09455452114343645
0.22005631029605863
0.20010641217231753
0.08621247857809065
0.1330386698246002
0.23605720698833463
0.19770129024982447
0.11763545125722884
0.13728053867816925
0.12669765949249268
0.19409704208374023
0.1860067695379257
0.0871307924389839
0.20718003809452057
0.1857464760541916
0.22402961552143097
0.208892360329628
0.04772898182272911
0.13872729241847992
0.1672115921974182
0.20227946341037753
0.1661776900291443
0.13028393685817719
0.1559591442346573
0.01951410062611103
0.12958666682243347
0.16824699938297272
0.1436144858598709
0.1717725247144699
0.0948633998632431
0.21746478974819183
0.16302256286144257
0.2363697439432144
0.15221600234508514
0.17522701621055603
0.18805536627769473
0.23498548567295077
0.07705719023942947
0.2305211424827576
0.07066673785448073
0.23024724423885343
0.13539652526378632
0.088632233440876
0.1685861200094223
0.16879595816135406
0.14547444880008695
0.13534049689769745
0.18576736748218536
-0.047191042453050606
0.2101418823003769
0.10337979346513748
0.20323370397090912
0.1449778825044632
0.17767390608787537
0.15383745729923248
0.07818762212991713
0.1963366270065308
0.22852452099323273
-0.0887937694787979
0.09570255130529405
0.16998587548732755
0.1354411095380783
0.1326022893190384
0.10654344409704208
0.2021164000034332
0.18935672938823697
0.16907157003879547
0.19960637390613556
0.18181179463863367
0.17930425703525543
0.1887202113866806
0.030272463336586952
0.13714785873889923
0.08773916214704514
0.20960007607936856
0.11250202357769012
0.14888592064380643
0.1395919173955917
0.15196171402931213
0.1832449585199356
0.231359988451004
0.236418291926384
0.24907661974430084
0.1267978399991989
0.18961919844150543
0.13821837306022644
0.09535260498523712
-0.05367196351289749
0.19162203371524808
0.2403142601251602
0.17599369585514069
0.1902901232242584
0.20237399637699127
0.07343823462724684
0.24184708297252652
0.17707706987857819
0.16343607008457184
0.225988045334816
0.22473411262035367
0.09405733644962311
0.02064434997737408
0.100860558450222
0.18132032454013824
0.21684695780277247
0.2232503890991211
0.16450387239456177
0.24774958193302157
0.1320401430130005
0.16209429502487183
-0.05484098941087722
0.11594588309526443
0.23182012140750885
0.19296367466449735
0.09666340053081512
0.1693686991930008
0.19886584579944608
0.1639077216386795
0.028076445683836937
0.15955598652362823
0.13508422672748563
0.1288267970085144
0.1583784371614456
0.2215150743722916
0.15019910037517548
0.0810842290520668
0.06425412744283676
0.19327013194561005
0.1370314210653305
0.19013606011867523
0.17030225694179535
0.13536785542964935
0.1715158373117447
0.12966927886009216
0.0839368924498558
0.06013989821076393
0.06554528325796127
0.1310863047838211
0.07738182693719863
0.025568054988980293
0.1468290239572525
0.16546563804149628
0.22540529072284696
0.15446162223815915
0.0810377150774002
0.1780254989862442
0.12601414322853088
0.23425988852977753
0.11720355600118636
0.1481722593307495
0.0790920853614807
0.15682104229927063
0.13291026651859283
0.040343087166547775
0.12696605920791623
0.19550134241580963
0.20809809863567352
0.18508654832839963
0.22361192107200625
0.2367893606424332
0.22249670326709747
0.1685042530298233
0.18249201774597168
0.22186876833438876
0.1214124783873558
0.1710517853498459
0.13081271946430206
0.15553580224514008
0.06391765177249908
0.1364645957946777
0.09612575918436049
0.13540785014629364
0.07572665810585022
0.0879470556974411
0.08656627684831619
0.08288313448429108
0.180169478058815
0.10421975702047348
0.15148459374904633
0.2212379276752472
0.0607021190226078
0.15192110836505887
0.11172215640544891
0.009104223921895027
0.10576411336660384
0.11173036694526672
0.016493238508701324
0.13347449898719788
0.21212173998355863
0.11439999192953108
0.16294847428798676
0.1978110074996948
0.18497483432292935
0.132345512509346
0.2340148240327835
0.14664112031459808
0.12012528628110884
0.16409273445606232
0.2375706136226654
0.16307856142520905
0.1312483251094818
0.14913426339626312
-0.04969612136483192
0.22050465643405917
0.1482582837343216
0.11429964005947112
0.13724558055400848
0.21793988347053528
0.18978337943553925
0.15947376191616058
0.17578919231891632
0.15900374948978424
0.20116299390792847
0.09826333075761795
0.1608626693487167
0.12704335153102875
0.20797796547412872
0.2081492692232132
0.2033077776432037
0.1513201594352722
0.1490848809480667
0.18258079886436465
0.2228664606809616
0.04347793385386466
0.16324467957019803
0.12894408404827115
0.20669758319854736
0.07805892080068588
0.13519546389579773
0.23011910915374756
0.23440176248550412
-0.011640267446637152
0.16135896742343903
0.07282444834709166
0.14859898388385773
0.2250724136829376
0.24875496327877045
0.16937898099422455
0.23701852560043332
0.09714443236589432
0.18291807174682617
0.135258749127388
0.2110983580350876
0.14696660637855527
0.1992103010416031
0.01954269967973232
0.19296853244304657
0.19764028489589688
0.13546681404113767
0.2263257801532745
-0.002763541880995035
0.10539743304252625
0.2007617354393005
0.2206671237945557
0.18681821227073667
0.1720224767923355
0.13642722368240356
0.08640196174383163
0.17268551886081696
0.14105159044265747
0.2421439439058304
0.09868688881397247
0.193831279873848
0.07095129042863846
0.11595965176820756
0.14693281054496765
0.13769270479679108
0.06583315134048462
0.15996384620666504
0.178339421749115
0.255932480096817
0.11665860563516615
0.06476840376853943
0.22446106374263763
0.21982266008853912
0.14625437557697296
0.1381399929523468
0.17063073813915253
0.2190493941307068
0.15656678378582
0.18502198159694672
0.20560456812381744
0.23513583838939664
0.15639761090278623
0.1297547072172165
0.13961893320083618
0.15367881953716278
0.2265671938657761
0.21077416837215424
0.11347007751464844
0.18893748521804807
0.25026771426200867
0.1755787432193756
0.06776048988103867
0.03792769834399223
0.23471044003963473
0.10065650194883347
0.08586450666189194
0.2264859527349472
0.1727542132139206
0.2031177133321762
0.05391238257288933
0.15696394443511963
0.19027332961559293
0.0644579604268074
0.06915250420570374
0.08448760956525801
0.1736154705286026
0.15736572444438934
0.17140090465545654
0.19370852410793304
0.1514451801776886
0.13441322743892667
0.08761493861675262
0.1687069684267044
0.16376043856143951
0.210307851433754
0.15624298155307767
0.1755022555589676
0.117033950984478
0.1187601014971733
-0.0028100223280489445
0.04574274644255638
0.16749219596385956
0.1672631949186325
0.2333772033452988
0.1373219937086105
0.062069062143564224
0.2342539876699448
0.21162511408329007
0.16641564667224884
0.1954964250326157
0.2371467649936676
0.14576037228107452
0.14729063212871552
0.22679299116134644
0.14143863320350647
0.1834181696176529
-0.0787593275308609
0.20022623240947723
0.12791867554187775
0.22509819269180295
0.17563679814338684
0.21820037066936487
0.22223542630672452
0.1332578957080841
0.08630092442035675
0.1798298805952072
0.17073430120944977
0.15987607836723328
0.17687979340553284
0.153969407081604
0.1357537806034088
0.004305570852011441
0.07196370512247086
0.16028402745723724
0.11538902670145033
0.1118989959359169
0.06353097409009933
0.22945700585842127
0.059698019176721566
0.05602375045418739
0.1465245336294174
0.034673284739255905
0.1611569970846176
0.18815848231315607
0.12735576927661896
0.179257795214653
0.21544356644153595
0.24905495345592496
0.18473649024963376
0.14829295873641968
0.15247991681098935
0.10870426893234252
0.23876364529132843
0.17005732655525208
0.16049039363861084
0.12514793872833252
0.18480500578880313
0.13192962110042572
0.0807933434844017
0.054495956748723984
0.21765741705894473
0.15256384015083313
0.05717112496495247
0.08954183757305145
0.17411132156848907
0.1984728127717972
0.1651577204465866
0.2183942943811417
0.13553103804588315
0.119926355779171
0.22216565907001493
0.07567905634641646
0.15621492266654968
0.17742356657981873
0.18811278045177457
0.14954178035259247
0.14759741723537445
0.15681256353855133
0.1883434951305389
0.12097840756177902
0.1965952813625336
0.17358754575252533
0.08497337996959686
0.08637991547584532
0.1297370344400406
0.2263498157262802
0.13486905395984647
0.1716134399175644
0.1300794929265976
0.09619397670030592
0.06963961571455002
0.1728474199771881
0.22396142780780792
0.12843404710292816
0.18547646701335904
0.0753542110323906
0.15904350578784943
0.1293051540851593
0.18407092988491056
0.22175753116607663
0.1175057217478752
0.19663894176483157
0.10945341736078262
0.13117368519306183
0.10214770585298538
0.11945868283510208
0.21849443018436432
0.1804771274328232
0.12908519804477692
0.22825004160404205
0.22499139606952667
0.1365598887205124
0.053064916282892234
0.20554774999618527
0.08714240789413452
0.17002715170383453
0.1639327108860016
0.06650599837303162
0.18704065680503845
0.18028275668621063
0.1902179569005966
0.2224838882684708
0.13894180953502655
0.11624985188245772
0.25682109594345087
0.1807543784379959
0.117469422519207
0.18585816025733948
0.09969206899404524
0.12909764051437375
0.2195538878440857
0.14005698263645172
0.08232067525386809
0.1548347175121307
0.041889540851116173
0.20802579820156095
0.2249832898378372
0.1523361504077911
0.0162157341837883
0.20262552797794345
0.01199154369533062
0.15838511288166046
0.17361977696418762
0.08793416619300842
0.2269142121076584
0.18362314999103543
0.1479692310094833
0.17392168939113617
0.07152697443962097
0.18231517076492307
0.2209424376487732
0.17606352269649503
0.11803524941205978
0.13555200397968292
0.15851397812366483
0.16229571402072906
0.18081113696098328
0.22774498164653775
0.12662971019744873
0.1300874650478363
0.1878499537706375
0.2046557515859604
0.22105820477008817
0.07861384004354478
0.20523338019847867
0.005295680370181799
0.1521083116531372
0.16968606412410736
0.1479305475950241
0.1664292961359024
0.11208585649728776
0.028336601331830025
0.20962101221084595
0.0939495489001274
0.14757399260997772
0.22703945636749268
0.1363918036222458
0.173276886343956
0.23594464361667636
0.17306768894195557
0.2046713083982468
0.15752790868282318
0.23030239343643188
0.1829557418823242
0.1649377793073654
0.04012339934706688
0.17136134207248688
0.23418395221233368
0.17762817442417145
0.1521899253129959
0.2416749596595764
0.11072576791048049
0.16532734036445615
0.19548644125461576
0.19985127449035645
0.2313506305217743
0.1459965407848358
0.22679337859153748
0.11695710569620132
0.17079509794712067
0.16843752562999725
0.1556078344583511
0.15233124792575836
-0.005555602256208657
0.20382481813430783
0.20633698999881744
0.22856195271015167
0.1167292222380638
0.20018005371093753
0.14570182561874387
0.07826449722051619
0.036380920559167855
0.01655261032283306
0.1775102466344833
0.23371772468090057
0.09670217335224152
0.13666436076164243
0.2178470939397812
0.164775550365448
0.16578562557697296
0.190089613199234
0.0515650287270546
0.21336384117603305
0.19858209788799283
0.1153375431895256
0.07304299622774124
0.16679972410202026
0.05511872097849846
0.18850244581699369
0.1282876878976822
0.1197650209069252
0.033598918467760086
0.14633534848690033
0.04995135962963104
0.2275908589363098
0.23681560158729556
0.14139290153980255
0.04323017969727516
0.23219767212867737
0.08937696367502211
0.1556210219860077
0.1963418275117874
0.14753980934619904
0.07123707234859467
0.14395073056221008
0.23633380234241483
0.10425862669944765
0.16416068375110626
0.22760088741779327
0.07508978992700575
0.1529826819896698
0.18158769607543945
0.20284773409366608
0.15696510672569275
0.2235959768295288
0.18803556263446808
0.13440655171871185
0.10557848960161208
0.08244585245847702
0.059925224632024765
0.10657670348882677
0.060846257954835885
0.17026184499263763
0.15829347074031827
0.22256340086460116
0.11662987619638442
0.07785794138908386
0.19628480076789853
0.15407375991344452
0.24387241899967196
0.05127408355474472
0.12236642092466354
0.21449807286262512
0.1375294327735901
0.21776109933853147
0.2066734284162521
0.1741652637720108
0.22685132920742035
0.05305294319987297
0.23168328404426572
0.135128453373909
0.1314015835523605
0.16057260334491727
0.13554774224758148
0.11261140555143356
0.13080377876758575
0.14050669968128204
0.23003654181957245
0.21445460617542264
0.09139757603406906
0.17951808869838715
0.23518915474414823
0.13534577190876007
0.003156953956931829
0.056222770363092416
0.17970027029514313
0.1246955320239067
0.10278528183698654
0.20304612815380096
0.12551982700824735
0.21909037232398984
0.230785995721817
0.19212351739406583
0.018494706600904465
0.08277861028909683
0.16847190260887146
0.19908757507801053
0.19791926443576807
0.15172739326953888
0.08304351568222045
0.12513825297355652
0.16812120378017423
0.15667283535003662
0.17909029126167297
0.15165178477764127
0.10116728395223616
0.230176255106926
0.2210984826087952
0.1047721952199936
0.1489075869321823
0.14566205441951752
0.16008569300174713
0.1746186316013336
0.1093413159251213
0.15235497057437897
0.17352266609668732
0.09641013294458387
0.10308334976434708
0.2145014703273773
0.23677991330623624
0.09056632220745087
0.18141844868659973
0.006466751452535391
0.19950105249881744
0.06071815267205238
0.19814562797546384
0.232999250292778
0.16701069474220276
0.10500746220350264
0.23391745984554288
0.04855016246438026
0.1601709276437759
0.12709566950798035
0.11617830395698547
0.16707384586334229
0.20048452913761136
0.15316233038902283
0.12255660444498062
0.17501048743724823
0.18482474982738492
0.136569544672966
0.2302217185497284
0.18422213196754453
0.25055447220802307
0.13230258226394653
0.17002977430820465
0.09832644462585448
0.19671411812305448
0.22910548746585843
0.20480312407016757
0.24044319987297055
0.07883463054895401
0.18520835041999817
0.1396800726652145
0.12999241054058075
0.09540912508964537
0.23284275829792023
0.11375846713781355
0.1588091105222702
0.08871420472860336
0.0734054446220398
0.02546808309853077
0.24214898049831393
0.15619726479053497
0.14240112900733948
0.21475726366043088
0.1804973632097244
0.15438780188560483
0.13231870532035828
0.14074166119098663
0.23980008065700528
0.19406290352344513
0.17705996334552765
0.05861502513289452
0.026758411899209023
0.2178122103214264
0.1922745704650879
0.24094022810459137
0.12499941140413284
0.18491674959659576
0.2128238528966904
0.15274928510189056
0.01413140632212162
0.1370323151350021
0.16738513112068176
0.18808114528656003
0.10892734676599503
0.1356756091117859
0.07869254052639006
0.09699703007936476
0.18196445703506467
0.10718370229005812
0.16029582917690277
0.19763825833797452
0.21780237555503845
0.16768406331539154
0.07789938896894456
0.1698154658079147
0.23845551908016205
0.18794971704483032
0.18763600289821625
0.10570382326841354
0.17161738872528076
0.20651113986968997
0.06976655125617981
0.18248729407787323
0.15088218450546265
0.11872249096632004
0.22313986718654633
0.10881727188825609
0.1390971690416336
0.05618744716048241
0.16701777279376984
0.20440442860126493
0.05568188428878784
0.1757730096578598
0.2269710600376129
0.0825354978442192
0.22918426990509036
-0.02202438376843929
0.1265069544315338
0.192221000790596
0.2137403339147568
0.014195043593645096
0.17719067633152008
0.2312060445547104
0.20859627425670624
0.1377476304769516
0.158140167593956
0.24360446631908417
0.13671721518039703
0.1411140412092209
0.17261569201946259
0.16810168325901031
0.08772429078817366
0.12899313867092133
0.1353159099817276
0.2005395144224167
0.040620122104883194
0.17626838386058807
0.2246656119823456
0.18726305663585663
0.1405360847711563
0.04724565520882607
0.2189234644174576
0.17430968582630155
0.17993982136249542
0.12965913116931915
0.17514014244079587
0.23128183186054227
0.1984902173280716
0.18547917902469635
0.23334553837776184
0.2281880080699921
0.2216501086950302
0.18470092117786407
0.08849975466728209
0.21719776093959808
0.06633169949054718
0.1945921629667282
0.1607259213924408
0.14376996457576752
0.21981067955493927
0.19490809738636017
0.15320198237895963
0.08810419589281082
0.2228336036205292
0.16027717292308807
0.1918211132287979
0.1464606076478958
0.24938125908374784
0.143626406788826
0.14696742594242096
0.17521436512470245
0.037221577018499374
0.18337984383106232
0.1839842200279236
0.17237190902233124
0.1536814570426941
0.14314761757850647
0.0382707379758358
0.18554824590682983
0.1647893190383911
0.19240437448024747
0.1712633520364761
0.19604423642158508
0.14202122390270233
0.08495883643627167
0.12764181196689603
-0.015611419454216955
0.1532791405916214
0.19562004506587985
0.18750476837158203
0.19504082202911377
0.23698966205120087
0.22549505531787872
0.19688622653484344
0.21652311086654663
0.16598288714885712
0.0894639790058136
0.18629892170429227
0.16379977762699127
0.20020531117916107
0.2199374288320541
0.06649080663919449
0.22052986919879916
0.14756739139556885
0.18852958083152768
0.15035954117774963
0.09780605882406233
0.08669542521238327
0.15829263627529144
0.1897866576910019
0.225154772400856
0.11825834959745408
0.03816963359713554
0.1348099708557129
0.04761914908885956
-0.018516646698117256
0.09374865144491197
0.20465102791786197
0.1436365842819214
0.1796097308397293
0.22051297128200528
0.15774263441562653
0.11148413270711897
0.13338084518909454
0.14057984948158264
0.19340273737907407
0.1795399785041809
0.12070082873106001
0.23777431249618527
0.17987661063671112
0.13749420642852783
0.18289856612682345
0.24375058710575104
0.22542975842952728
0.17074307799339294
0.12448377162218092
0.1521139144897461
0.18149490654468536
0.17039203643798828
0.1707230359315872
0.21607665717601776
0.1326516419649124
0.06837805360555649
0.11398928612470625
0.15051335096359253
-0.003733328077942133
0.17389746010303497
0.16614434123039243
0.2016894817352295
0.19160935282707212
0.09406129270792007
0.14568351209163663
0.04080168530344963
0.05955052748322487
0.13510800898075104
0.23806677758693692
0.14397494494915009
0.23755280673503876
0.14297062158584595
0.18220420181751248
0.022155530750751492
0.11038377881050108
0.1437702625989914
0.16905097663402557
0.1374635398387909
0.06670819967985153
0.18156753480434415
0.09331049770116806
0.11568837612867355
0.04806056246161461
0.0026723123155534267
0.2309309244155884
0.21745239198207852
0.20686520636081693
0.06872736662626265
0.23231066763401031
0.22998948395252228
0.04382730275392532
0.1834518164396286
0.21988664567470553
0.15497706830501556
0.04994240775704384
0.1566004902124405
0.12708806991577148
0.10787840187549592
0.1827806979417801
0.23028013110160828
0.11139730364084244
0.19821594655513763
0.19240060448646543
0.14827845990657806
0.24890534579753876
0.14973799884319303
0.1593964844942093
0.21609362959861755
0.15469567477703094
0.17237545549869537
0.13653086125850675
0.14942528307437897
0.04042675346136093
0.06911980360746384
0.1491553634405136
0.05792442336678505
0.22466111183166504
0.17945717275142667
-0.022386204451322556
0.1721862256526947
0.1997954100370407
0.17649045586585999
0.18284927308559415
0.13773301243782043
0.14208462834358215
0.23910386860370636
0.09380557388067245
0.06024666503071785
0.13665704429149628
0.20284567773342127
0.13522201776504517
0.11823511123657227
0.06759919971227646
0.15634088218212128
0.08425229042768478
0.14015452563762665
0.0690411925315857
0.090752936899662
0.18270453810691836
0.013294143602252007
0.1402008086442947
0.15701903402805328
0.1771651953458786
0.11441706866025925
0.164342999458313
0.13416151702404022
-0.07302337139844894
0.17490337789058685
0.12233615666627884
0.09947934001684189
-0.020454181358218197
0.24413131177425385
0.13065184652805328
0.10924697667360304
0.18105992674827573
0.13665603101253507
0.11017335951328276
0.13337627053260803
0.18524520099163053
0.17507572472095487
0.09528207778930664
0.08455599099397659
0.09020747244358063
0.22165335714817047
0.2199322134256363
0.034469231963157654
0.01424618624150753
0.22861397266387937
0.21270066499710083
0.14825601875782013
0.1229570135474205
0.2350997477769852
0.16403041779994965
0.1717495024204254
0.1417986899614334
0.16018943488597867
0.12953966856002808
0.1318640261888504
0.2332777827978134
0.18239320814609528
0.08183974772691727
0.010364243760704994
0.20495496690273285
0.126267209649086
0.18331912159919736
0.18188844621181488
0.19020065665245056
0.19355872273445127
0.13077999651432037
0.15733717381954193
0.2224392592906952
0.1761513203382492
0.15650907158851624
0.18486560881137848
0.25023671984672546
0.1564415693283081
0.10442229360342024
0.17760412395000455
0.029883636161684986
0.18364684283733368
0.10193588584661484
0.03977847471833229
0.12282123416662216
0.21646276116371155
0.14279772341251373
0.2111387252807617
0.07318637520074844
0.20837058126926425
0.13499607145786283
0.028633898124098774
0.2352659702301025
0.052843574434518814
0.2050534188747406
0.1293501853942871
0.1753317266702652
0.1988649815320969
0.11895828694105148
0.16179077327251434
0.1289609968662262
0.04482777789235115
0.12866176664829254
0.12927307188510895
0.20963570475578308
0.21337434649467468
0.13996915519237518
0.23941402137279513
0.2364230155944824
0.2132506817579269
-0.002334939781576395
0.1686122566461563
0.1825045198202133
0.20655180513858795
0.17035941779613495
0.11178516596555708
0.1075298711657524
0.14971883594989777
0.1822713762521744
0.109103225171566
0.15287896990776062
0.045405592769384384
0.15284928679466248
0.04402809962630272
0.11653319746255875
0.10095422714948654
0.19081252813339236
0.2349202930927277
0.12605194747447968
0.13514627516269684
0.1717309057712555
0.2273453623056412
0.12574590742588043
0.029773591086268425
0.007245433982461691
0.05462448671460152
0.13881318271160123
0.21131446957588196
0.17503957450389862
0.02231733314692974
0.11362047493457794
0.18443885445594788
0.22227667272090912
0.18954592943191528
0.22165024280548093
0.1791587620973587
0.1411440223455429
0.143233060836792
-0.015565799549221992
0.058478038758039474
0.0877634808421135
0.08304552733898163
0.23139746487140653
0.050364386290311806
0.18481366336345673
0.13876597583293915
0.20435839891433716
0.18904362618923187
0.1921242028474808
0.13347299396991727
0.09700736403465272
0.24704934656620023
0.17017723619937897
0.15550383925437927
0.20245760679244995
0.02177376113831997
0.1874206066131592
0.10627051442861556
0.13687174022197723
0.08176925778388977
0.1046120673418045
0.17495599389076233
0.026427878066897392
0.18582855165004727
0.1313115507364273
0.2317703366279602
0.23567040264606476
0.1225411370396614
0.23739275336265564
0.1124528720974922
0.2103291302919388
0.2433359920978546
0.18396027386188507
0.186906173825264
0.2220158129930496
0.08251954615116118
0.16079364717006683
0.141752690076828
0.22256076335906985
0.09330197423696517
0.17605805397033691
0.17516280710697174
0.17169080674648285
0.23340448737144473
0.10178852081298828
0.17858989536762235
0.09365136176347731
0.11723322421312332
0.13982342183589935
0.10097578912973404
0.21839970350265503
0.15390987694263458
0.12697531282901764
0.005630174186080694
0.07900429517030717
0.09143532067537309
0.1664002537727356
0.11398334801197052
0.05286000296473503
0.15711010992527008
0.17148412764072418
0.1327754706144333
0.136143758893013
0.13747507333755493
0.18178679049015045
0.1653318554162979
0.16003547608852386
0.1370963603258133
0.14113664627075195
0.14740896224975583
0.23579993844032288
0.17792947590351105
0.15496039390563965
0.04003207013010979
0.15408556163311005
0.114166758954525
0.10675985366106032
0.17675599455833435
0.23235270380973813
0.13929417729377747
0.10072791576385498
0.05893734470009804
0.1663212776184082
0.009804047644138336
0.17638002336025238
0.16617481410503387
0.2109463065862656
0.06147199496626854
0.21417963504791257
0.11961174756288528
0.14875663816928864
0.15793703496456146
0.11777199059724808
0.1669103354215622
0.23160351812839508
0.10525088012218475
0.20190683007240293
0.18504004180431363
0.1659285873174667
0.14537931978702545
0.14691755175590515
0.22908106446266172
0.08176030963659286
0.20899078249931333
0.1671949326992035
0.23189572989940643
0.18965609371662137
0.057773862034082406
0.17528687417507172
0.09812885522842409
0.21120639145374295
0.18813079595565796
0.24552099406719208
0.18965014815330505
0.11477325856685638
0.17648665606975555
0.02928420715034008
0.12964479625225067
0.2280505299568176
0.19095493853092196
0.1940152496099472
0.20618274807929993
0.1290631890296936
0.16167987883090973
0.20621012151241305
0.16313354671001434
0.24201554059982297
0.10176661610603333
0.2380940467119217
0.1233462020754814
0.14651983976364136
0.12736111879348755
0.21813902258872983
0.0796864926815033
0.1820843070745468
0.1789218932390213
0.09509960561990738
0.056946281343698495
0.1977791488170624
0.13911716639995575
0.22844707965850833
0.1948252171278
0.1138848289847374
0.0604068748652935
0.1765228509902954
0.06125902757048607
-0.03377380594611168
0.17523439228534698
0.15355555713176727
0.13510574400424957
0.235309898853302
0.19910992681980133
0.23080661892890927
0.15535469353199005
0.24170136451721191
0.004990053828805685
0.16764605045318604
0.1488969326019287
0.05371292307972908
0.20287390053272247
0.06045789644122124
0.19039724767208097
0.24351514875888824
0.11330718547105788
0.19970284402370447
0.16278912127017975
0.2523387968540192
0.09175331145524977
0.08442093431949614
0.09967523068189621
0.19695599377155304
0.17279072105884552
0.05643649026751518
0.24414528906345367
0.06791053712368011
0.09112698584794998
0.07345038652420045
0.14405380189418793
0.1720234900712967
0.23032088577747345
0.2356324940919876
-0.008107105270028114
0.16727493703365323
0.05657254531979561
0.13280771672725675
0.12311794608831404
0.006647139322012663
0.13726072013378143
0.16763921082019803
0.1432192325592041
0.1566823571920395
0.23955735564231873
0.12769460678100583
0.06271913647651672
0.18242147564888
0.23255254328250885
0.13006862998008728
0.22274258732795715
0.19701877236366272
0.16246657073497772
0.15575985610485077
0.24834944307804108
0.11241247504949568
0.2158388048410416
0.04202812910079956
0.2269489020109177
0.1288293749094009
0.19339600205421448
0.1276574283838272
0.153468981385231
0.09661804884672165
0.10149583220481873
0.14954037964344025
0.17614950239658356
0.21551661193370816
0.07501661032438278
0.19777028262615204
0.19319935142993927
0.07871945202350616
0.15706998109817505
0.15482832491397855
0.1985977441072464
0.10850990563631056
0.2250988930463791
0.05004232004284859
0.12686671316623688
0.11412771046161652
0.19064646959304807
0.0909007340669632
0.15617622435092926
0.1804460138082504
0.11560958623886108
0.16064663231372833
0.08994928747415543
0.06467846035957336
0.1641719490289688
0.21274006366729736
0.16505450010299683
0.1317080408334732
0.07997159659862518
0.10974299162626266
0.1898978799581528
0.09764256328344344
0.12870262563228607
0.16386018693447113
0.1704520732164383
0.25818809866905207
0.20513853430747983
-0.0018731006421148777
0.1665264070034027
0.22852319478988647
0.13111865520477295
0.22721123695373532
0.2466857880353928
0.037272758781909936
0.1185893341898918
0.11870921403169632
0.08762233704328537
0.2108953297138214
0.18215037882328036
0.14624436199665067
0.16944192349910736
0.016143137589097023
0.2285524755716324
0.1838446706533432
0.17985539138317108
0.18373265862464905
0.18478183448314664
0.1341247111558914
0.032354723662137985
0.09475696831941603
0.12361177057027815
0.16209493577480316
0.2310819625854492
0.1582970768213272
0.0935918912291527
0.22991107404232025
0.08625464886426924
0.1102176085114479
0.21029959619045255
0.13958078622817993
0.13422520458698273
0.13550904393196103
0.1385431736707687
0.1442200392484665
0.1320773214101791
0.15266661345958707
0.1817976385354996
0.1013696864247322
0.17848804593086243
0.01829441823065281
0.2204517126083374
0.2428966164588928
0.10297995060682295
0.2329532206058502
0.10772595554590224
0.12204904109239578
0.1519162803888321
0.08527281135320662
0.16699813306331635
-0.04071436449885368
0.14845125377178192
0.22401396930217743
0.16990017890930176
0.14916583895683289
0.20792655646800995
0.12852729856967926
0.15811629593372345
0.17848102748394012
0.10527811199426652
0.1175946369767189
0.1766063421964645
0.24570797383785248
0.17935588955879211
0.08030102401971817
0.035917725414037704
0.18107204139232635
0.1828593462705612
0.08708193898200989
0.20900958776474
0.20622245967388156
0.15993079543113708
0.14105971157550812
0.22914989292621607
0.048326801508665085
0.11910796910524368
0.13145354390144348
0.12195425480604172
0.17651759088039398
0.12540936470031738
0.2010471075773239
0.21937221288681033
0.013277230784296988
0.07668227702379225
0.11467092484235764
0.1627320498228073
-0.007936542853713036
0.16945846378803253
0.20295052230358124
0.1007845029234886
0.16997022926807404
0.10588738322257996
0.17561419308185575
0.12485883384943008
0.20251496136188507
0.19391630589962003
0.21910865604877472
0.1625855416059494
0.23282794654369357
0.11505977064371108
0.2008115500211716
0.15282806754112244
0.22741381824016568
0.20020899176597595
0.14163579046726227
0.16035036742687225
0.18862147629261017
0.18385007977485657
0.18930928409099576
0.1847490519285202
0.16754700243473053
0.13846005499362943
0.10133758187294006
0.09347184747457504
0.1590324491262436
0.17087502777576447
0.22853587567806244
0.016838854178786274
0.18702131509780884
0.20393843948841092
0.2058902084827423
0.17269210517406464
0.16391417384147644
0.14684121310710907
0.1365835964679718
0.15930519998073575
0.11609330028295516
0.14734409749507904
0.0876276046037674
0.17590180039405823
0.23164139688014984
0.21198588609695437
0.20083299279212952
0.09836796671152115
0.23112991452217105
0.16644807159900665
0.1946171671152115
0.22536846995353696
0.18577525019645688
0.19956037402153012
0.14805935323238373
0.06965131312608719
0.07079603523015976
0.23473110795021057
0.20743791759014127
0.1015259101986885
0.15846602618694303
0.20656414330005643
0.09133167564868928
0.13128601014614105
0.23229475319385529
0.09859091788530348
0.11142811924219131
-0.028281645849347115
0.18390196561813357
0.11495605856180192
0.1691771298646927
0.24817912280559537
0.22821736335754397
0.06820082664489746
0.0955527052283287
0.04674987867474556
0.20827864110469815
0.14179857075214383
0.0628979504108429
0.06996753811836243
0.15888793766498563
0.18544061481952667
0.07880380004644395
0.22783896327018735
0.15847319364547727
0.22181320190429688
0.06000965461134911
0.03624764457345009
0.046867456287145615
0.10979710519313812
0.235612228512764
0.1174282357096672
0.20920701324939728
0.10800416022539137
0.06798091530799866
0.07327793538570403
0.1338661164045334
0.13451926410198212
0.1147243157029152
0.007647582795470954
0.13552066683769226
0.09937576204538344
0.20162829756736755
0.16188614070415497
0.13805066049098969
0.1064700186252594
0.17010386288166046
0.1619156301021576
0.05843208357691765
0.17335326969623563
0.15498650074005127
0.17840220034122467
0.18618036806583405
0.04793044552206993
0.23597894608974457
0.165518656373024
0.05790494754910469
0.1732693463563919
0.19445075094699857
0.15421785414218903
0.17385081946849823
0.23103894293308255
0.033564914017915726
0.13705222308635712
0.20162172615528104
0.2492534965276718
0.17514048516750336
0.2267020493745804
0.1291619837284088
0.24284012615680692
0.02699085883796215
0.11543373018503188
0.12354447692632677
0.1782597005367279
0.15692256391048431
0.24305482208728793
0.10059449076652525
0.1604875773191452
0.1501324027776718
0.13286657631397247
0.1483362764120102
0.22110281884670255
0.18319968879222867
0.10666099190711976
0.1099461242556572
0.2251673638820648
0.02443565987050533
0.20805935561656952
0.18330565094947812
0.13145312666893005
0.10054995864629744
0.1546109169721603
0.11411134153604507
0.24042750895023343
0.2033366709947586
0.22022269666194916
0.08302272111177443
0.165007084608078
-0.0498972162604332
0.1969250738620758
0.17409679293632507
0.14357727766036987
0.09206501394510269
0.0333964079618454
0.07380412518978119
0.17507578432559967
0.16465583443641663
0.12077759951353072
0.17529608309268951
0.2068395167589188
0.15154649317264557
0.2286864072084427
0.14284382760524747
0.2258918583393097
0.18843829631805417
0.20037187635898593
0.23028485476970673
0.20614616572856903
0.17189140617847443
0.03599228337407112
0.19185821712017057
0.14333640038967133
-0.025407349690794945
0.14018414914608
0.1247059479355812
0.07312284409999846
0.09569539874792099
0.04232275485992432
0.2156052440404892
0.1207469031214714
0.16034014523029327
0.09290961176156995
0.21448676288127896
0.14881660044193268
0.21136547625064847
0.16956904530525208
0.07578393816947937
0.24312259256839752
0.1581474095582962
0.19629830121994016
0.17686067521572113
0.16423520445823667
0.04187459871172905
0.08230026811361311
0.11408235877752304
0.17787937819957733
0.1270877569913864
0.009448319673538208
0.24697203934192655
0.11277128010988235
0.10536859929561614
0.24026648700237277
0.18837019801139832
0.24522705376148224
0.2552801072597504
0.17773014307022095
-0.009864429011940956
0.10180441290140152
0.15254245698451996
0.20451192557811737
0.19131985306739807
0.1951848268508911
0.16441655158996582
0.1971493661403656
0.14988315105438232
0.23160748183727264
0.199015274643898
0.18045175075531003
0.18889294564723969
0.10038209706544876
0.16623049974441528
0.1696252077817917
-0.04944217205047608
0.15808402001857755
0.10080016404390336
0.08332079648971556
0.20167036354541776
0.15774579346179962
0.18071849644184113
0.1403302252292633
0.12333185225725173
0.17423340678215027
0.16838189959526062
-0.011029200628399847
0.20660005509853363
0.11931086331605913
0.11243463307619093
0.14865946769714355
0.13473239541053772
0.06418922543525696
0.16865734755992887
0.11714135855436324
0.09463438391685484
0.17353703081607819
-0.003058692906051874
0.1621781289577484
0.060688648372888565
0.18623356521129608
0.09827536344528198
0.1542617380619049
0.16105857491493225
0.14433956146240234
0.1157533973455429
0.2126833945512772
0.17607149481773376
0.20675688982009888
0.038486946374177926
0.11435649544000624
0.15874527394771576
0.08307128399610518
0.12092738598585127
0.10155218839645384
0.11074891686439514
0.16948340833187103
0.03929310664534569
0.2216491252183914
0.17907552421092987
0.18102620542049408
0.1880124509334564
0.24545104801654813
0.18165178596973416
0.012060273438692091
0.11911793798208235
0.1101345717906952
0.18237547576427457
0.15256892144680023
0.18973278999328613
0.13514818251132965
0.10902030766010284
0.1411934345960617
0.23618447780609128
0.06256922334432602
0.1772830635309219
0.14116255939006803
0.13838051259517667
0.10875053703784943
0.13615310192108154
0.09665464609861374
0.156035378575325
0.11803817003965376
0.18998722732067108
-0.009029893204569817
0.16566357016563416
0.2117108702659607
0.15163324773311615
0.17502324283123016
0.09658826887607574
0.08573480695486067
0.046600740402936935
0.252053827047348
0.23624418675899503
0.11549889296293259
0.1842166632413864
0.12050681561231612
0.17201387882232666
0.052842188626527786
0.0897475853562355
0.15973180532455444
0.1753655970096588
0.1308545172214508
0.24070088565349576
0.1398838460445404
0.16083194315433502
0.25854167342185974
0.23390090465545652
0.15334254503250122
0.08888491988182068
0.14535021781921387
0.13015474379062653
0.0502467155456543
0.12948592007160187
0.08519130200147629
0.09388195723295213
0.103291817009449
0.1956154555082321
0.17160139977931976
0.23142386972904205
0.14057147502899167
0.1253790706396103
0.1261252760887146
0.20574527978897092
0.11550195515155792
0.17473179101943967
0.09187470376491545
0.1477631777524948
0.217193216085434
0.19360376894474027
0.1892906278371811
0.1693948656320572
0.16440214216709137
0.07162746042013168
0.17944364249706268
0.22036524116992953
0.14962521195411682
0.09947743266820909
0.23533356189727783
0.2336252182722092
0.14024744927883148
0.18712717294692996
0.19302555918693545
0.1756809949874878
0.17732147872447968
0.23414769768714905
0.15319690108299255
0.1931341141462326
0.14921225607395172
0.22408111393451688
-0.0008731507696211338
0.21153251826763156
0.009752480313181875
0.23520182073116305
0.18668188154697415
0.15540626645088196
0.1243075355887413
0.21039962768554688
0.07980579882860182
0.07535059005022049
0.18451717495918277
0.11111744493246078
0.2351892739534378
0.11890675872564316
0.0881582200527191
0.22625891864299771
0.17094187438488007
0.2049918621778488
0.07761844992637634
0.16919903457164764
0.2272070199251175
0.07280468195676804
0.22188082337379453
-0.026163874194025997
0.1966027468442917
0.07772789150476454
0.23846296966075897
0.15614786744117737
0.10752808302640914
0.20638425648212433
0.1908831149339676
0.14305712282657623
0.11493677645921709
0.034904710948467255
0.1515698283910751
0.18323490023612976
0.19041953980922696
0.13989774882793427
0.11379993706941605
0.23130135238170624
0.17373614013195035
0.12300706654787064
0.2085369974374771
0.1676788181066513
0.22340354323387143
0.2300210893154144
0.09103098511695859
0.2449814826250076
0.16754254698753357
0.1948554962873459
0.04768746718764305
0.11311794072389603
0.07917343825101852
0.0947955846786499
0.17844529449939728
0.2489841729402542
0.1179169788956642
0.10715697705745696
0.042897071689367294
0.2111654281616211
0.23501138389110565
0.12079747766256332
0.037475135177373886
0.2073070257902145
0.08431465178728102
0.23751020431518555
0.1272161453962326
0.13081978261470795
0.1813335567712784
0.18814842402935028
0.11632158607244492
0.1303882598876953
0.20364443957805636
0.2222589701414108
0.23148952424526212
0.18555814027786252
0.10092675685882568
0.18754661083221436
0.18364389240741727
0.054862841963768005
0.060551811009645455
0.23278762400150296
0.10267771035432816
0.15407447516918182
0.2236662209033966
0.18361176550388336
0.15897804498672485
0.11688631027936935
0.22057987749576569
0.19351105391979215
0.19794739782810208
0.12540297210216522
0.22625035047531128
0.22671501338481903
0.14523287117481232
0.16175849735736847
0.20741869509220123
0.1387895494699478
0.18106068670749664
0.07895506173372269
0.11248447746038436
0.06750251352787018
0.1362624168395996
0.16128019988536835
0.20411379635334012
0.16767637431621552
0.22349093854427335
0.09108656644821168
0.23518170416355133
0.22504475712776184
0.1133466437458992
0.19429299235343933
0.20108485221862793
0.24374975264072415
0.15568494796752927
0.20802015066146848
0.10650079697370528
0.175071120262146
0.09457872807979584
0.06151888892054558
0.12275534123182295
0.06393495947122574
0.07234525680541992
0.18135634064674375
0.09864383190870285
0.1317091733217239
0.0786965563893318
0.2122187465429306
0.0646708682179451
0.22703202068805692
0.22210316359996796
0.12980125844478607
0.22692109644412997
0.22189787030220032
0.1977016776800156
0.12928412854671478
0.23196595907211304
0.18655724823474884
0.23759137094020844
0.07943426817655563
0.1911642700433731
0.12373397499322893
0.13354070484638214
0.1783272475004196
0.17129743099212646
0.2562894821166992
0.06772179901599884
0.08258825540542601
0.14629356563091278
0.23415350914001465
0.2355531454086304
0.14299798011779785
0.1787494421005249
0.06362590938806534
0.16482257843017578
0.1756402552127838
0.12680210173130035
0.03809180483222008
0.04634950682520866
0.09524394571781158
0.1631835252046585
0.08465499430894852
0.17194630205631256
0.1380905956029892
0.15614186227321625
0.16164495050907135
0.2365572303533554
0.19575251638889313
0.061389852315187454
0.2331043630838394
0.06857847422361374
0.1833219975233078
0.18188440799713132
0.04177865758538246
0.23070636391639707
0.17580841481685638
0.22727610170841217
0.10969074815511703
0.13708065450191495
0.1676526963710785
0.1889863759279251
0.14413373172283173
0.16281229257583618
0.237956628203392
0.08703625947237015
0.1788484901189804
0.2165837436914444
0.23184464871883392
0.24934329092502597
0.11578226834535597
0.08813808858394624
0.24395979940891263
0.04224000126123428
0.15430878102779388
0.23716451227664948
0.10761214792728424
0.17163561284542084
0.1197652444243431
0.07888401299715042
0.13542278110980988
0.0333956815302372
0.07331397384405136
0.15054644644260406
0.09721209853887557
0.1851927489042282
0.12722647190093994
0.1132875680923462
0.09549447894096375
0.23830519616603849
0.08592248708009718
0.1871192902326584
0.17345635592937467
0.0006185895763337612
0.18515039980411527
0.2090371698141098
0.17103783786296844
0.15662693977355957
0.14143986999988556
0.22651343047618863
0.06590557098388672
0.10998987406492232
0.01933453045785427
0.2098916471004486
0.25465068221092224
0.08206366747617722
0.1259244680404663
0.09473229944705965
0.1516413688659668
0.21348311007022855
0.1357537806034088
0.19307811558246607
0.1752742975950241
0.14170683920383453
0.22572132945060727
0.09456513822078703
0.16708838939666748
0.11771474033594131
0.1477082222700119
0.07682834565639494
0.08774351328611374
0.1453737914562225
0.16359077394008636
0.07647716253995894
0.15970823168754575
0.22418662905693051
0.17236784100532532
0.15650275349617004
0.12386777251958848
0.20813991129398343
0.1365333795547485
0.0587189607322216
0.2017328590154648
0.1889118254184723
0.138210728764534
0.13739638030529022
0.06169517710804939
0.10710883140563963
0.15656504034996033
0.08063892275094987
0.056796032935380936
0.12507793307304382
0.13386262953281403
0.22087547183036804
0.2054990530014038
0.05345073342323303
0.2035994976758957
0.17140360176563263
0.18035848438739777
0.17857934534549713
0.2026978433132172
0.143935427069664
0.19660353660583496
0.14056305587291715
0.16507224738597867
0.1929437518119812
0.15276141464710236
0.027273559942841526
0.23673661053180692
0.23496685922145844
0.1530957669019699
0.06827615201473236
0.12302833050489424
0.1522820144891739
0.22404624521732328
0.1640201061964035
0.15535371005535123
0.19936436414718628
0.18248571455478668
0.17531345784664154
0.054575126618146896
0.19622352719306943
0.17141209542751312
0.18167445063591003
0.1973028779029846
0.11029403656721117
0.06663034856319427
-0.0063392953015863895
0.1238313540816307
0.12922459840774536
0.16570717096328735
0.17300395667552948
0.1893610507249832
0.20784813165664673
0.18829895555973047
0.2033928334712982
-0.001563048455864191
0.22332111001014707
0.22478736937046048
0.01714497245848179
0.18461927771568296
-0.08727542310953139
0.16724567115306854
0.13086603581905365
0.14664779603481293
0.15116144716739655
0.218332439661026
0.1982968896627426
0.1914915442466736
0.21004174649715424
0.16676129400730133
0.18030637502670288
0.17593510448932648
0.19129736721515653
0.21273143589496607
0.21885718405246732
0.1970827281475067
0.1963265091180801
0.1662491410970688
0.20993128418922424
0.10216107219457626
0.22556357085704803
0.07599326968193054
0.14916086196899414
0.18403874337673187
0.2192001640796661
-0.055347587913274765
0.07874215394258499
0.22329483926296237
0.20724159479141235
0.13507409393787384
0.13630272448062897
0.15255914628505707
0.08056569099426268
0.07609621435403824
0.2313154488801956
0.19672057032585144
0.18129995465278623
0.08708904683589934
0.24011088907718656
0.10375772416591644
0.23088660836219788
0.15653063356876373
0.13737331330776215
0.03154033422470093
0.16981476545333862
0.1946239322423935
0.15252237021923065
0.08196023851633072
0.044001974165439606
0.14493760466575623
0.2299794703722
0.06420021504163742
0.1540146917104721
0.05217649042606354
0.20957691967487332
0.1586722880601883
0.15985147655010223
0.16887041926383972
0.24567843973636627
0.13073107600212097
0.20173726975917816
0.1564292460680008
0.14337037503719327
0.13968266546726227
0.19104440510272977
0.13189537823200223
0.2289121448993683
0.16755174100399017
0.1277685314416885
0.08502479642629622
0.210256889462471
0.2186853140592575
0.1738550364971161
0.23010148108005524
0.1206282302737236
0.11803445965051652
0.10232066363096236
0.1570003181695938
-0.00853412039577961
0.14222627878189087
0.23031254112720487
0.15884859859943387
0.12954409420490265
0.18071591854095456
0.2357785999774933
0.18477492034435272
0.0024199350737035275
0.16934186220169067
0.1699673980474472
0.16692779958248138
0.10828156024217604
0.09383183717727661
0.1476222276687622
-0.03443734347820281
0.1571807712316513
-0.01875575818121433
0.19813691079616544
0.2015516608953476
0.15989036858081815
0.15335871279239655
0.14742228388786316
0.19838035106658933
0.17952977120876312
0.11146669834852219
0.21293269097805023
0.004995857831090689
0.17088158428668976
0.1410863697528839
0.1371760368347168
0.18683202564716336
0.13009141385555267
0.11618610471487044
0.1162661835551262
0.22586438059806824
0.20782253146171567
0.23351328074932096
0.22854404151439664
0.09102939069271088
0.1438622772693634
0.1920970678329468
0.11749394237995148
0.22864572703838348
0.014499776065349579
0.2227706611156464
0.12228789180517197
0.22213031351566315
0.23054206371307373
0.17444780468940735
0.2183256298303604
0.04654795676469802
0.17392952740192413
0.21095542609691617
0.15338292717933655
0.22173036634922028
0.18712176382541656
0.11502739042043685
0.07972396910190582
0.2392061352729797
0.2116699665784836
0.16298189759254456
0.20625460147857663
0.07015165686607361
0.17930541932582855
0.08194809406995773
0.05998823419213295
0.10299990326166152
-0.01804872043430805
0.1725759655237198
0.16046173870563507
0.22404129803180692
0.23980495333671567
0.012345330789685248
0.1631963700056076
0.12010925263166428
0.11223465949296953
0.1339537501335144
0.19065572321414948
0.21090130507946012
0.14693574607372284
0.1775403916835785
0.18712469935417173
0.17707489430904388
0.13884952664375305
0.185216948390007
0.16450755298137665
0.18563784658908844
0.1794419139623642
0.1283476948738098
0.009744388982653616
0.041387774050235755
0.16171762347221375
0.15732455253601074
0.14787684381008148
0.1417046934366226
0.16031533479690552
0.1329787969589233
0.15059621632099152
0.11307808011770248
0.14563259482383728
0.23425160348415372
0.1300405114889145
0.067084901034832
0.22705592215061188
0.1410744935274124
0.00928240455687046
0.094819538295269
0.1620279997587204
0.225837841629982
0.14176557958126068
0.18383315205574036
0.1386866271495819
0.1665605753660202
0.06492799520492554
0.1786593645811081
0.19238074123859403
0.14865149557590485
0.11407134681940077
0.13826486468315125
0.23393820226192477
0.18174517154693604
0.17756463587284088
0.13149818778038025
0.1828922778367996
0.05190378800034523
0.18882195651531217
0.20312470197677607
0.19229809939861295
0.1631377786397934
0.11585602909326552
0.13627158105373383
0.18078723549842837
0.17094698548316956
0.02485319413244724
0.20724765956401825
0.09242159128189088
0.10323400050401688
0.08703405410051347
0.12107177823781969
0.20376399159431455
0.08285284787416458
0.01531936042010784
0.012739818543195724
0.1177736148238182
0.22490547597408292
0.1729477047920227
0.1565430760383606
0.04590368270874024
0.18378891050815585
0.14023639261722565
0.19382815062999725
0.1673343330621719
0.12681782245635986
0.13147222995758057
0.14387424290180206
0.17126095294952393
-0.047087892889976495
0.18983910977840424
0.1664053201675415
0.18319089710712433
0.19090573489665985
0.18150940537452695
0.21992430090904236
0.17635267972946167
0.23164753615856168
0.09935762733221054
0.19267909228801727
0.13229115307331085
0.2518945634365082
0.1947180926799774
0.19269949197769165
0.17171211540699005
0.16530749201774597
0.2163151502609253
0.11938566714525221
0.11206422001123428
0.07060018181800842
0.10656763613224028
0.16414931416511536
0.09319215267896652
0.019251240417361256
0.1332058012485504
0.17936411499977112
0.1793157011270523
0.1895541399717331
0.20463760197162628
0.15445272624492645
0.0409657098352909
0.08586857467889786
-0.0555720143020153
0.12599134445190427
0.1036972850561142
0.18675974011421204
0.11854593455791472
0.19204361736774445
0.13852348923683167
0.1618439108133316
0.1300823539495468
0.2080656141042709
0.21681176126003265
0.21367470920085904
0.20017053186893463
0.2490630000829697
0.20270581543445587
0.23183108866214752
0.22921304404735565
0.15996794402599335
0.22954051196575165
0.20762525498867035
0.22933350503444672
0.22238624095916748
0.19788935780525208
0.10272300988435744
-0.07526686787605284
0.05997181311249733
0.17680005729198456
-0.08293366432189941
0.03333960846066475
0.17457693815231323
0.03344969823956489
0.24752594530582428
0.2102359235286713
0.1263824850320816
0.011854976415634155
0.23351643979549408
0.04974197968840599
0.12012895196676254
0.06038596108555794
0.22570849955081937
0.14693641662597656
-0.09563807398080826
0.2076343148946762
0.17822323739528656
0.15244857966899872
0.15356306731700897
0.11188451945781708
-0.05038762092590332
0.17933858931064603
0.24169157445430756
0.025105176493525505
0.03484664857387543
0.22327545285224917
0.1704910844564438
0.1786288470029831
0.19806733727455136
0.2174615412950516
0.20830857753753665
0.15507464110851288
0.22971330583095553
0.173616424202919
0.06747395545244217
0.13079942762851715
0.14543670415878296
0.1343565285205841
0.04327807202935218
0.14828351140022275
0.22737012803554532
0.10289182513952257
0.1680697202682495
-0.0485972948372364
0.12231504172086716
0.05722368136048317
0.08860190957784653
0.1153492033481598
0.2349952608346939
0.13842567801475525
0.15775826573371887
0.2205495536327362
0.06078201159834862
0.116879440844059
0.2230060249567032
0.08072558045387267
0.14738593995571136
0.2043798714876175
0.04264064878225327
0.07956305891275404
0.221472829580307
0.17640866339206696
0.24815668165683744
0.18993793427944183
0.1803289204835892
0.16261620819568634
-0.0040032216347754
0.12254301458597185
0.1610480695962906
0.18554134666919708
0.07408786565065384
0.20551465451717377
0.18069179356098172
0.07015790790319443
0.24531786143779755
0.21769709885120392
0.22409419715404513
0.1782642751932144
0.022603292018175125
0.12186985462903976
0.23222942650318143
0.20912595093250275
0.15535636246204376
0.1853025257587433
0.18391138315200803
0.045858893543481834
0.16047801077365875
0.047057148069143295
0.17588591575622559
0.12064997106790543
0.16468064486980438
-0.02505684457719326
0.24092455208301544
0.2226824760437012
0.10873579233884811
0.09931197762489319
0.17692469060420987
0.2371361702680588
0.19015176594257355
0.11823134124279022
0.1788099110126495
0.19117878377437592
0.1166764721274376
-0.052155688405036926
0.0766698494553566
0.1827222555875778
0.2204226404428482
0.21039411425590515
0.1446900963783264
0.1688871830701828
0.18091963231563568
0.24235953390598297
0.12990494072437286
0.1749885082244873
0.121951125562191
0.09668572247028352
0.09848419576883315
0.23077918589115143
0.14512884616851807
0.18890313804149628
0.2105891704559326
0.2108522206544876
0.1847164481878281
0.13369116187095642
0.17808839678764343
0.14534060657024384
0.0639214888215065
0.2063114792108536
0.1737605333328247
0.09940747916698457
0.19667199254035947
0.1862657368183136
0.09185902029275894
0.17067240178585052
-0.0018163793720304964
0.14474929869174957
0.1866998374462128
0.18967829644680023
0.2325831800699234
0.2514093816280365
0.1552688628435135
0.04653137549757957
0.15312530100345612
0.1731213927268982
0.04541030153632164
0.14625151455402374
0.17021186649799347
0.1048247143626213
0.17717312276363373
0.14072059094905853
0.23253600299358368
0.031166544184088704
0.17560474574565887
0.13480551540851593
0.1919332146644592
0.18108697235584256
0.0819200724363327
0.1902136653661728
0.2213609516620636
0.07868906110525131
0.20756664872169492
0.19737432897090912
0.17314814031124115
0.22609706223011017
-0.048095472157001495
0.18704499304294583
0.07780063897371292
0.15667766332626343
0.11786150187253952
0.12029560655355452
0.10632231086492538
0.09337969124317168
0.14919528365135193
0.24396200478076932
0.15370334684848783
0.07532749325037001
0.24454398453235623
0.0985804721713066
0.22161258757114408
0.04783358797430992
0.11497985571622849
0.15645740926265717
0.20057573914527893
0.10145878046751022
0.1415441930294037
0.21202288568019864
0.15627619624137878
0.20137174427509308
0.08371859788894653
0.06605491042137146
0.18860192596912384
0.1904787570238113
0.15087281167507172
0.12651589512825012
0.16238750517368317
0.22373874485492704
0.17340786755084991
0.23761868476867676
0.12682220339775083
0.10353092104196548
0.2342884987592697
0.19307076930999756
0.226544052362442
0.2256809771060944
0.1048159897327423
0.1269882321357727
0.23528023064136505
-0.03632406145334244
0.23581895232200625
0.16992433369159698
0.13314707577228546
0.15414778888225555
0.060608137398958206
0.16671819984912872
0.18652133643627167
0.1040130630135536
0.12572768330574036
0.1997186094522476
0.14284725487232208
0.23088480532169345
0.11943157762289049
0.12865865230560303
0.17979414761066437
0.10282320529222488
0.1660710573196411
-0.07195631414651871
0.16336755454540253
0.11964421719312668
0.1354123055934906
0.12633006274700165
0.17231039702892303
0.14851482212543488
0.1934906393289566
0.17459078133106232
0.18211157619953156
0.16515327990055084
0.2323570400476456
0.07493935525417328
0.22874109447002408
0.15598200261592865
0.14675606787204742
0.17558997869491577
0.0773604139685631
0.09678498655557632
0.147504523396492
0.11182731389999388
0.1685173064470291
0.07336688041687012
0.10003039240837096
0.23672935366630557
0.24818988144397733
0.15786607563495636
0.14190925657749176
0.19026620686054227
0.13269095122814178
0.23018060624599457
0.10350316762924194
0.2080155164003372
0.06047795340418816
0.23283636569976807
0.17858538031578064
0.17759643495082855
0.1657775193452835
0.24619795382022855
0.22867584228515625
0.18309883773326877
0.20393894612789157
0.16909702122211456
0.148012638092041
-0.008243916556239128
0.12459974735975264
0.19007723033428192
0.2027834504842758
0.17589662969112396
0.13350932300090787
0.17046107351779935
0.1997596174478531
0.17764319479465485
0.22360022366046903
0.2258484363555908
0.06525082141160965
0.09356173872947693
0.18573801219463348
0.16523869335651395
-0.02070932276546955
0.18785445392131803
0.14045675098896027
0.16092088818550107
0.10151603817939758
0.08807457238435745
0.21158367395401
0.11869090050458908
0.12442720681428908
0.2191195636987686
0.2501662671566009
-0.1028292328119278
0.16865988075733185
0.14940249919891355
0.1562162488698959
0.19959211349487305
0.1385492831468582
0.2411621659994125
0.15925392508506775
0.13041914999485016
-0.018022235482931137
0.1982152760028839
0.05582104250788689
0.11008740216493607
0.20006726682186127
0.21031154692173004
0.18236182630062103
0.12504509091377258
0.12501204013824463
0.2243768721818924
0.16147054731845856
0.03742121905088425
0.17966361343860626
0.12888404726982117
0.09177123010158537
0.17221428453922272
0.1270457953214645
0.10513413697481155
0.24447451531887052
0.09207765012979507
0.011246385052800179
-0.005587948951870203
0.16251631081104279
0.17026273906230927
0.1726807206869125
0.10178495198488235
0.23042456805706024
0.14418518543243408
0.15749691426753995
0.16098079085350037
0.23590339720249176
0.22529959678649905
0.1310761272907257
0.1667019873857498
0.24878014624118805
0.2402566820383072
0.130540668964386
0.23647385835647583
0.12264538556337357
0.1660269796848297
0.07348652184009552
0.2074088603258133
0.20639120042324063
0.228899210691452
0.23805896937847135
0.09655766934156416
0.20753748714923856
0.2163950353860855
0.19205138087272644
0.2236267179250717
0.10349590331315994
0.11695486307144164
0.20581187307834625
0.19077612459659576
0.04771369323134422
0.18771909177303317
0.23534008860588077
0.18551769852638245
0.2135261297225952
0.09844022244215012
0.19651462137699127
0.061551030725240714
0.2164134830236435
0.23487636446952817
0.1487499326467514
0.052214492112398155
0.14348332583904266
0.1810215413570404
0.109762504696846
0.05185016989707946
0.20424942672252652
0.02392415516078472
0.16649548709392548
0.13929878175258636
0.15637215971946716
0.2098083347082138
0.2267957627773285
0.20396278798580167
0.19456578791141513
0.17967613041400907
0.1661057025194168
0.19072839617729187
0.16175462305545807
0.18053531646728516
0.14970062673091888
0.17592133581638336
0.20586909353733063
0.1535908728837967
0.23270048201084137
0.18366383016109464
0.14344656467437744
0.2257472425699234
0.08874117583036423
0.14333541691303253
0.12835294008255005
0.12179601937532424
0.14541013538837433
0.14015960693359375
0.17043982446193695
0.09927638620138168
0.17637944221496582
0.030915984883904457
0.1412716805934906
0.08773472160100938
0.03973260894417762
0.23374938964843753
0.18283776938915247
0.132149338722229
0.1610794961452484
0.1928213536739349
0.22149838507175443
0.24101343750953677
0.10419219732284545
0.15431796014308927
0.17195753753185272
0.1783488243818283
0.007491154130548239
0.22805669903755188
0.2123830169439316
0.09539470821619034
0.07439545542001724
0.07404836267232896
0.1683288961648941
0.16854752600193024
0.027945728972554207
0.16153094172477722
0.14550668001174927
0.12885649502277374
0.2052464187145233
0.14819079637527463
0.23311012983322144
0.2327900826931
0.16791945695877075
0.2480565756559372
0.13162384927272797
0.1419714242219925
0.21251969039440155
0.2398196756839752
0.15414695441722867
-0.052559472620487206
0.13947325944900513
0.1427483856678009
0.09659522771835329
0.20500101149082184
0.23524512350559235
0.08602318167686462
0.19831509888172147
0.18203140795230863
0.21435655653476715
0.1541110128164291
0.1446309983730316
0.24170443415641785
0.20635852217674253
0.03649254888296127
0.16992968320846555
0.09086277335882186
0.14035815000534055
0.0038701775483787055
0.16505837440490723
0.05211198329925537
0.12505976855754852
0.18715976178646088
0.1339064985513687
0.1668526828289032
0.1022822931408882
0.2001434415578842
0.11071794480085372
0.18697421252727509
0.19610838592052457
0.07487723231315613
0.21788956224918363
0.2433734089136124
0.15588898956775665
-0.03558951243758201
0.1969538778066635
0.06511610001325607
0.22682456672191617
0.18068827688694
0.038810316473245614
0.12721915543079376
0.19732795655727384
0.1648070067167282
0.239891454577446
0.0825624093413353
0.15067370235919952
0.12201697379350662
0.04191653430461884
0.09953009337186813
0.1562995612621307
0.07144573330879211
0.2405644059181213
0.07531116902828217
-0.028009550645947456
0.19172413647174835
0.1211867704987526
0.12924882769584656
0.20914968848228452
0.20780175924301147
0.158526211977005
0.13918505609035492
0.18639415502548215
0.06648444384336472
0.04582805559039116
0.20105840265750885
0.10397136956453323
0.18098250031471247
0.2332415729761124
0.17577172815799713
0.12671132385730743
0.2332450747489929
0.15747351944446564
0.03611262515187264
0.15165165066719055
0.16364921629428864
0.07877746969461441
0.1734931468963623
0.1502533107995987
0.13581122457981107
0.19640648365020752
0.21935123205184937
0.19406308233737943
0.07833057641983032
0.15473024547100067
0.1063343808054924
0.20659542083740237
-0.06782294064760208
0.14911074936389923
0.02948587946593761
0.1281466782093048
0.23488149046897888
0.16312839090824127
0.23682969808578488
0.06040542945265769
0.09866806119680403
0.0468837209045887
0.2277061641216278
0.1557269990444183
0.13529925048351288
0.2313839495182037
0.19361512362957
0.1258598268032074
0.16385294497013092
0.13568289577960968
0.22389625012874603
0.1539609581232071
0.18104179203510284
0.16231197118759155
0.14415834844112396
0.23012617230415344
0.16145165264606476
0.12699288129806519
0.17046348750591278
0.19389392435550687
0.17325879633426666
0.19495931267738345
0.11705093830823898
0.10186395794153212
0.20166434347629547
0.16420339047908783
0.07347612082958221
-0.08185210824012755
0.1856655329465866
-0.11097389459609984
0.20475988090038297
0.16998751461505887
0.24636428058147433
0.19793637096881864
0.01485317386686802
0.10874559730291367
0.16409127414226532
0.23026554286479947
0.17538608610630035
0.16912920773029327
0.10249040275812148
0.1260003000497818
0.09594380855560303
0.237375482916832
0.21054528653621676
0.22241333127021787
0.18527874350547793
0.08213814347982407
0.1671462208032608
0.19018799066543576
0.06571347266435623
0.06315303593873978
0.14095887541770935
0.17097291350364685
0.058412160724401474
0.21844595670700076
0.2194985598325729
0.18008482456207275
0.1638360172510147
0.16642500460147855
0.07823897898197174
0.2179984748363495
0.16850177943706512
0.15046407282352448
0.16211695969104767
0.2131558656692505
0.13135364651679993
0.21041904389858243
0.19427232444286344
0.10298091918230055
0.05697211250662804
0.15562956035137177
0.1316862404346466
0.12210800498723984
0.05737947300076485
0.03435215726494789
0.07649511843919754
0.1716999113559723
0.11173567920923232
0.008195584639906883
0.18231327831745148
0.20222537219524384
0.2041628658771515
0.12715330719947815
0.06665665656328201
0.23239257931709287
0.17616108059883115
0.11043694615364073
0.11275525391101836
0.08635066449642181
0.15513694286346436
0.11123496294021606
0.15075986087322235
0.12487771362066268
0.1215228959918022
0.12141714245080948
0.17527136206626892
0.1877036690711975
0.09169674664735794
0.03498595207929611
0.22403472661972043
0.11124119907617568
0.11548879742622375
0.15005962550640106
0.1604825258255005
0.2071736752986908
0.16101381182670593
0.18914654850959775
0.1305094212293625
0.03113899566233158
0.1888589113950729
0.13906902074813843
0.1601884514093399
0.11742490530014038
0.2027752548456192
0.09053321927785872
0.18752463161945343
0.07848618179559708
0.2132030576467514
0.1420115977525711
0.1886451989412308
0.12777720391750336
0.18436871469020844
0.1897979974746704
0.046555042266845696
0.2041412740945816
0.03266019746661186
0.12303479760885239
0.18213389813899997
0.17222389578819275
0.2463611513376236
0.201629102230072
0.18634784221649167
0.11165950447320938
0.09462638199329376
0.15499646961688995
0.09262556582689284
0.2296120971441269
0.14238660037517548
0.1982955634593964
0.19956727325916288
0.0890987366437912
0.07255861908197403
0.18294985592365265
0.15860064327716827
0.06000486388802528
0.19096384942531583
0.18600238859653473
0.10134048014879227
0.19230996072292328
0.19137634336948395
0.1767100840806961
0.05990816280245781
0.18826104700565335
0.1106773018836975
0.19290341436862943
0.03088991157710552
0.16585174202919006
0.1749555766582489
0.13957440853118896
0.03569311276078224
-0.029864287003874775
0.134583443403244
-0.07581067830324174
0.22764103114604947
0.14958007633686063
0.0524953119456768
-0.040445726364851
0.1509822309017181
0.19901669025421145
0.16389577090740204
0.12550552189350128
0.19354960322380063
0.029867714270949364
-0.045574799180030816
0.14776381850242615
0.1929961591959
0.07902973890304565
0.11460045725107192
0.24297067523002625
0.23311880230903623
0.11987002938985825
0.13489866256713867
0.16908331215381622
0.13772475719451904
0.14251570403575897
0.1123807355761528
0.11799470335245132
0.14611728489398956
0.14289264380931854
0.12304303795099258
0.193460077047348
0.24821405112743375
0.16434592008590698
0.11031346768140791
0.17355896532535553
0.07210166007280348
0.15765322744846344
0.15550623834133148
0.19170553982257843
0.1835893839597702
0.1991507858037949
0.2475208789110184
0.15318244695663452
0.13794776797294617
0.12117727845907213
0.08062925934791566
0.13909099996089935
0.08315038681030273
0.2328329086303711
0.18893814086914065
0.2159404307603836
0.15576161444187164
0.14599661529064178
0.109668992459774
0.11750223487615584
0.10141342133283617
0.1051068976521492
0.1026153564453125
0.18734094500541687
0.21794643998146057
0.20812723040580747
0.1529136449098587
0.09984693676233293
0.09944810718297958
0.059435006231069565
0.10632312297821044
0.11019873619079588
0.15359295904636383
0.05144680291414261
0.15597961843013763
0.1579839140176773
0.1500777304172516
0.17798180878162384
0.1775255501270294
0.12719933688640594
0.1912057846784592
0.1853822320699692
0.19360826909542084
0.02437377348542213
0.05524425208568573
0.1944640427827835
0.19141682982444763
0.20215657353401184
0.18416853249073029
0.2336384207010269
0.19731625914573667
0.06404181569814682
0.1651923954486847
0.162862166762352
0.08224935084581374
0.16899333894252777
0.12736070156097412
0.1718614548444748
0.1809895187616348
0.17573751509189603
0.17660211026668549
0.1959669142961502
0.159261092543602
0.1366777867078781
0.1458662897348404
0.23554669320583344
0.19036997854709625
0.16671930253505707
0.06898803263902664
0.10960157215595244
0.15562309324741364
0.10867124050855637
0.18383726477622983
0.18837249279022217
0.23657304048538208
0.042548805475234985
0.2313597202301025
0.005040144082158804
0.22878253459930417
0.10751499980688096
0.140492245554924
0.15674351155757904
0.11386855691671371
0.19687578082084653
0.1742289513349533
0.2207196056842804
0.23372130095958707
0.1870397478342056
0.1279481202363968
0.11045587807893752
0.1538981944322586
0.1684078425168991
0.16523291170597076
0.11093629151582717
0.04363631829619408
0.07381705194711685
0.11346813291311264
0.235459566116333
0.141663521528244
0.10687955468893053
0.18337343633174896
0.15155665576457977
-0.0318797305226326
0.21433675289154047
0.211427703499794
0.13790859282016754
0.1388842612504959
0.16727694869041443
0.0932924598455429
0.1638910323381424
0.09658528864383696
0.05199288576841354
0.18458078801631927
0.15623944997787476
0.06339527666568756
0.16348488628864288
0.22459417581558228
0.1317000538110733
0.1564913839101791
0.22646903991699216
0.18729017674922943
0.09515045583248137
0.1349899023771286
0.0987330377101898
0.12536355853080747
0.14272461831569672
0.1493841856718063
-0.027485368773341175
0.160712793469429
0.16282039880752563
0.17270760238170624
0.14453928172588348
0.16746176779270172
0.14463277161121368
0.22581426799297327
0.1411011964082718
0.006118269171565771
0.09974928200244904
0.13690710067749023
0.05906521901488304
0.06343197077512741
-0.04591887816786767
0.182174414396286
0.195330947637558
0.18706868588924408
0.154315784573555
0.19462147355079648
0.09755506366491315
0.15665961802005768
0.04945863783359528
0.16823638975620267
0.21501003205776212
0.15020127594470975
0.18926604092121124
0.1648041009902954
0.07969599962234497
0.23496724665164948
0.2310632616281509
0.21908938884735107
0.17029722034931183
0.1683908849954605
0.2346258610486984
0.07305246591567993
-0.03830841556191444
0.14573396742343903
0.1941371709108353
0.22925332188606265
0.232663556933403
0.04275079071521759
0.21146507561206815
0.13450731337070465
0.11328421533107756
0.17253969609737396
-0.027797842398285862
0.22608564794063568
0.17053167521953583
0.17019644379615784
0.2053493559360504
0.1708044707775116
0.10331744700670242
0.2224479764699936
0.15823711454868317
0.21456456184387207
0.15557409822940826
0.22984118759632113
0.11383145302534103
0.0862358808517456
-0.07249897718429565
0.12490765005350112
0.184925839304924
0.20794992148876193
0.07430455088615417
0.21208567917346957
0.22943659126758573
0.1967775523662567
0.17176006734371185
0.24435658752918243
0.2331601530313492
0.15777422487735748
0.24473424255847928
0.22588659822940824
0.1556166261434555
0.101896271109581
0.10556218773126602
0.02875731699168682
0.1296301037073135
0.07560103386640547
0.048147957772016525
0.20249731838703156
0.1539282202720642
0.09229980409145357
0.25692400336265564
0.13205845654010773
0.02127804420888424
0.24614910781383517
0.16215533018112183
0.1501404196023941
-0.04096886143088341
0.1944251209497452
0.1746741682291031
0.23427206277847287
0.011088548228144644
0.19934682548046112
0.04734103754162788
0.1964636743068695
0.1677701622247696
0.20519508421421048
0.0773177370429039
0.06758349388837814
0.1214637979865074
0.14268553256988523
-0.06697583943605423
0.11535767465829848
0.05642260983586311
0.0953536257147789
0.21583747863769528
0.11558083444833755
0.18313220143318176
0.05550220236182213
-0.0051966370083391675
0.16596554219722748
0.0643339455127716
0.08600863069295883
0.1765359491109848
0.05549467727541924
0.2349011301994324
0.16623736917972565
0.2064751237630844
0.04476262629032135
0.22116902470588684
0.19963897764682767
0.10224074870347977
0.15025471150875092
0.14793936908245087
0.23194247484207156
0.1665232479572296
0.13279563188552856
0.12400954216718672
0.20103454589843753
0.12423258274793623
0.13499948382377625
0.22928847372531888
0.1431681364774704
0.10505535453557968
0.14232759177684784
0.11971335858106612
0.14672738313674927
-0.04976481571793556
0.15664277970790863
0.1263627856969833
0.14604903757572174
0.1157807484269142
0.2136816531419754
0.16269899904727936
0.17977482080459595
0.19943498075008392
0.12028569728136063
0.12785704433918
0.23635576665401456
0.18425615131855008
0.2234826982021332
0.08592870831489563
0.09456095099449155
0.17604702711105347
0.23404675722122192
0.2180796414613724
0.09350735694169998
0.2186020463705063
0.13948191702365875
0.11673227697610856
0.19919028878211972
0.11085961014032364
0.22433356940746307
0.18870453536510468
0.18365277349948883
0.23065792024135587
0.15171517431735992
0.20890797674655917
0.19144538044929504
0.21084566414356232
0.1142539158463478
0.12503981590270996
0.22467480599880216
0.09581319242715837
0.23310312628746033
0.21082474291324613
0.15229882299900055
0.1613726019859314
0.2274689823389053
0.12542669475078583
0.15238046646118164
0.18401682376861567
0.09924934804439545
0.23532843589782715
0.12609441578388214
0.12738654017448425
0.18325456976890564
0.05103566125035285
0.10837794840335845
0.20948575437068936
0.1414292603731155
0.1003040075302124
0.1773224174976349
0.15643848478794095
0.1480875164270401
0.12363991886377335
0.09413915872573853
0.18939904868602753
0.11557479947805405
0.19556300342082977
0.17382644116878507
-0.03137873858213425
0.1939736753702164
0.10079528391361237
0.23080134391784668
0.09442315995693207
0.11690079420804976
0.10944499820470809
0.20117972791194916
0.12508082389831543
0.17338967323303223
0.17534999549388883
0.11463622003793716
0.21863506734371185
0.16157713532447815
0.22886353731155396
0.15696175396442413
0.23109017312526703
0.1996824741363525
0.17420445382595062
0.14534726738929749
-0.050162892788648605
0.19922536611557007
0.181599423289299
0.166757270693779
0.195867583155632
0.18330921232700348
0.2305652946233749
0.20613616704940796
0.07895722985267638
0.2337394505739212
0.1111973449587822
0.13989540934562683
0.20741714537143707
-0.004826257470995188
0.12717747688293457
0.13148380815982819
0.218560129404068
0.1845853179693222
0.23044505715370175
0.15441106259822843
0.10964376479387283
0.03524624556303024
0.1651221662759781
0.1578148603439331
0.22702285647392273
0.1593962162733078
0.06028504297137261
0.12356247752904892
0.1204194352030754
0.13361762464046478
0.10956927388906477
0.170599102973938
0.11005626618862152
0.10100293904542922
0.16467618942260742
0.21255192160606384
0.23419472575187683
0.119875006377697
0.11701709032058716
0.10135450959205627
0.20942626893520355
0.15250392258167267
0.14813825488090515
0.16418789327144623
0.18465568125247955
0.1231485679745674
0.25431933999061584
0.17975829541683197
0.19286511838436127
0.1701088398694992
0.1535828858613968
0.1598232537508011
0.2317212671041489
0.17887260019779205
0.1866033524274826
0.1599146872758865
0.2187016010284424
0.1055535450577736
0.20703764259815216
0.10365278273820876
0.13526399433612823
0.20832644402980804
0.19479645788669583
0.10834148526191711
0.16372403502464294
0.10578640550374983
0.1975368559360504
0.20553790032863617
0.1781550496816635
0.0641036108136177
0.1320768445730209
0.15334270894527435
0.17776475846767423
0.2164200991392136
0.10934830456972122
0.15510976314544675
0.16276757419109344
0.1989823430776596
0.11165469139814375
0.02215707115828991
0.10550832748413085
0.22642213106155396
0.1546838730573654
0.18440867960453036
0.1785765439271927
0.22736778855323792
0.18823085725307465
0.094501294195652
0.24045296013355252
0.17511822283267975
0.19051940739154813
0.13121777772903442
0.1314592808485031
0.185433492064476
0.09285958856344224
0.17319492995738983
0.15839718282222748
0.2104959338903427
0.23321257531642917
0.23529975116252896
0.13178186118602753
0.08097956329584122
0.1771889626979828
0.11435399949550629
0.19389574229717252
0.19944171607494357
0.1543075293302536
0.22810994088649747
0.1547379493713379
0.20729930698871607
0.15512396395206451
0.1324167549610138
0.13704952597618103
0.17154258489608765
0.23733119666576383
0.054495178163051605
0.0736241042613983
0.16922520101070404
0.1555558294057846
0.1204257681965828
0.18245457112789157
0.1622329205274582
0.13765308260917664
0.05965663865208626
0.1492239236831665
0.09465976059436798
0.132867693901062
0.1807754188776016
0.18887585401535037
0.032489094883203506
0.1664489209651947
0.15658885240554807
0.14963375031948087
0.17382074892520905
0.1305866092443466
0.21062734723091123
0.1472991704940796
-0.04723728075623512
0.2261284440755844
0.07732978463172913
0.20368376374244687
0.19687154889106753
0.170734241604805
0.08802741020917891
0.18081586062908167
0.1147950366139412
0.07538938522338867
0.12660524249076843
0.12352947145700453
0.1868450194597244
-0.03704351931810379
0.1965197175741196
0.19255155324935916
0.15029561519622803
0.0803152397274971
-0.05007472634315491
0.19288815557956693
0.2301307171583176
0.0036903521977365017
0.036151934415102005
0.010606369003653526
0.17001637816429138
0.08370312303304672
0.20286685228347776
0.15705935657024384
0.09770895540714265
0.22976022958755493
0.18968339264392847
0.22716093063354487
0.17472676932811737
0.19922719895839688
0.14483796060085297
0.15853962302207947
0.09740444272756577
0.10232907533645628
0.08308478444814682
0.13703154027462003
0.24523298442363736
0.09924085438251495
0.18279343843460083
0.19091862440109247
0.19445249438285828
0.1574356108903885
0.17549026012420654
0.1506010144948959
0.11776207387447356
0.23742614686489105
0.20516851544380188
0.13280366361141205
0.14706455171108243
0.22160367667675016
0.12149780243635176
0.1337902694940567
0.1896577626466751
0.0083570946007967
0.2057176232337952
-0.014905566349625587
0.24962227046489716
0.19174584746360776
0.17067250609397888
0.17300264537334442
0.13996891677379608
0.16832585632801056
0.10106495767831802
0.030217954888939857
0.06712669134140015
0.12311363965272903
0.1842638403177261
0.10164155811071396
0.1301404684782028
0.09853373467922209
0.12093249708414076
0.09812016785144805
0.22471819818019864
0.23988530039787287
0.2137518674135208
0.10175376385450365
0.17032158374786377
-0.027949636802077293
0.05262869223952293
0.167315736413002
0.04988685250282288
0.24855898320674896
0.09054404497146606
0.16727741062641144
0.1342601180076599
0.23796145617961884
0.14145322144031525
0.24371476471424103
0.1942526549100876
0.10717848688364028
0.012818006798624992
0.1898008733987808
0.20721799135208127
0.054409276694059365
0.22875811159610748
0.20955806970596316
0.12554019689559937
0.19954250752925873
0.08959291130304337
0.12486805766820908
0.19134309887886047
0.19386842846870425
0.12563657760620117
0.24767442047595975
0.06616444140672684
0.2476654201745987
0.19892434775829315
0.06702077388763428
0.18806754052639008
0.1475164294242859
0.19160056114196777
0.18080186843872073
0.18073520064353943
0.17128653824329376
0.22144557535648343
0.11705496162176132
0.131709024310112
0.1534939706325531
0.08321554958820343
0.10010457783937454
0.2164107710123062
0.15309910476207733
0.14721156656742096
0.1269073337316513
0.19527043402194977
0.05274415761232376
0.12076961249113081
0.1811985671520233
0.009608177468180656
0.17949803173542023
0.1229896917939186
0.16032612323760986
0.1955902576446533
0.10146407037973404
0.14351195096969604
0.1713077425956726
0.10371631383895874
0.1598447561264038
0.12958075106143951
0.14732468128204343
0.14214974641799927
0.10040614753961564
0.16595087945461273
0.18018294870853424
0.19736801087856287
0.20023389160633087
0.13664287328720093
0.12127948552370071
0.06755994260311127
0.1457892507314682
0.21346776187419889
0.179875448346138
0.0338154211640358
0.17152847349643707
0.0013019046746194363
0.23189647495746607
0.17883522808551788
0.043208032846450806
0.07312160730361937
0.18645018339157104
0.18497000634670255
0.14234505593776703
0.18148811161518097
0.1369241327047348
0.1840849667787552
0.1268215775489807
0.1782575398683548
0.18380236625671384
0.22986045479774475
0.16346751153469083
0.09056200832128525
0.1651950180530548
0.151987224817276
-0.002804929856210947
-0.06105173751711845
0.1865445971488953
0.1141439452767372
0.1716669350862503
0.06557325273752213
0.21007804572582245
0.22992444038391116
0.12143635004758833
0.1353444457054138
0.16988828778266907
0.15891852974891663
0.13718660175800323
0.014447567984461784
0.19513346254825592
0.04979542642831802
0.12914958596229553
0.23357222974300385
0.16604058444499967
0.1631840020418167
0.029923276975750923
0.13346479833126068
0.13065147399902344
0.20401784777641296
0.17153681814670563
0.20456980168819427
0.1669413298368454
0.22917610406875608
0.18645478785037997
0.18426890671253204
0.11493029445409773
0.1725303679704666
0.09024514257907869
0.07314302027225494
-0.006947765592485665
0.18623021245002744
0.19136591255664823
0.2351439595222473
0.06681530177593231
0.22234053909778595
0.19386947154998777
0.10658805817365646
0.16785454750061035
0.099226713180542
0.07262406498193741
0.2353680580854416
0.09743469208478928
0.1638037860393524
0.12747104465961456
0.12698246538639069
0.2338635474443436
0.16837207973003387
0.06461963057518005
0.12692140042781827
0.25166606903076166
0.06956222653388977
0.12109669297933578
0.07253259420394897
0.1315162628889084
0.2268144637346268
0.14513008296489716
0.11373727768659592
0.002986777108162641
0.23543211817741397
0.24667812883853912
0.2482568174600601
0.1915707290172577
0.1197887286543846
0.11580906808376312
0.13303734362125397
0.07134859263896942
0.15955983102321625
0.0814126655459404
0.14391182363033295
0.18311586976051328
0.25318270921707153
0.2431205362081528
0.17278164625167847
0.20297180116176605
0.17450945079326627
0.2085126340389252
0.23587526381015775
0.16567985713481903
0.17655609548091888
0.1430048495531082
0.10718133300542831
0.09039117395877838
0.18487615883350367
0.06799829751253128
0.17743557691574097
0.17607904970645905
0.11834988743066788
0.18645258247852323
0.09559577703475952
0.19893531501293185
0.17914198338985443
0.11896366626024246
0.20046357810497284
0.13403566181659698
0.1989998370409012
0.1705191284418106
0.21809734404087064
-0.05441196635365486
0.13834990561008453
0.2128798961639404
0.17284955084323883
0.23524668812751767
0.18440774083137512
0.1896926909685135
0.11484447866678237
0.19659523665905
0.219280943274498
0.18033839762210843
0.20420649647712708
0.16612476110458374
0.1615341156721115
0.1787583976984024
0.18316917121410367
0.2313281446695328
0.244639590382576
0.06256607919931412
0.2325459718704224
0.16229061782360077
0.17189256846904755
0.19456432759761808
0.1467546820640564
0.21798574924468997
0.20090991258621213
0.2254544049501419
0.17438675463199615
0.19980444014072415
0.1365016996860504
0.15362030267715454
0.23266136646270752
0.24506856501102448
0.02131972834467888
-0.05409717932343482
0.11941839009523392
-0.024100275710225105
0.15646779537200928
0.19290952384471893
0.14425282180309296
0.21035116910934448
0.11716382950544356
0.22202418744564056
0.12764257192611694
0.11955174058675765
0.0847807005047798
0.07038227468729019
0.18677741289138797
0.19332304596900937
0.024906950071454048
0.11625030636787415
0.1552041620016098
0.003789148759096861
0.02760283090174198
0.18267951905727384
0.14530125260353088
0.11852840334177016
0.1503698080778122
0.1292670965194702
0.2177318334579468
0.16978566348552704
0.22643400728702545
0.08481413871049881
0.20489373803138727
0.14840127527713776
0.16181844472885132
0.18370796740055084
0.2359229475259781
0.19792868196964264
0.15377070009708405
0.1821047514677048
0.143695667386055
0.1591718941926956
0.2019924819469452
0.0925222709774971
0.08987483382225037
0.1964934766292572
0.15299446880817413
0.06403365731239319
0.22922275960445404
0.1727309376001358
0.19001440703868863
0.1711508184671402
0.1453215777873993
0.1829570233821869
0.14187772572040555
0.1252802014350891
0.2571282088756561
0.17117251455783844
0.1824535131454468
0.14926613867282867
0.18271049857139587
0.2468630820512772
0.13821473717689514
0.1655568927526474
0.17949052155017853
0.15620751678943634
0.04836377874016762
0.15673252940177915
0.03874140605330467
0.05875209346413612
0.16948965191841123
0.23309746384620664
0.22919033467769623
0.1033911034464836
0.05396660789847373
0.1654040366411209
0.032111428678035736
0.03642267733812332
0.14021256566047668
0.07260323315858841
0.1220632866024971
0.18768130242824557
0.10591162741184235
0.18724003434181213
0.029809048399329185
0.19435808062553403
0.12199161201715468
0.08650287240743637
0.1825077384710312
0.2252913862466812
0.16375701129436493
0.16108520328998563
0.21576561033725736
0.10875790566205978
0.09839277714490889
0.1982286423444748
0.19696880877017972
0.18893963098526
0.22736713290214536
0.17009983956813812
0.18781994283199313
0.0834771990776062
0.10557476431131362
0.21337826550006864
0.14195300638675687
0.1466070860624313
0.19255952537059784
0.09902157634496687
0.13967405259609222
0.11759043484926224
0.1521642953157425
0.14841845631599426
0.19662539660930636
0.17415575683116913
0.2326187640428543
0.1320497840642929
0.12496977299451828
0.13947811722755432
0.18676026165485385
-0.06353949755430222
0.20008750259876248
0.19381251931190488
0.16529077291488647
0.180789515376091
0.1364990919828415
0.18328915536403656
0.17919081449508667
0.13060230016708374
0.07428974658250807
0.12260039895772933
0.22169964015483856
0.23061613738536835
0.1114317774772644
0.23059992492198944
0.18498651683330533
0.23313631117343905
0.1749086230993271
0.21633946895599365
0.1868944317102432
0.15474022924900055
0.13806612789630887
0.08279094845056534
0.0611724741756916
0.24710561335086825
0.0961117073893547
0.22722730040550232
0.20138199627399445
0.09875082224607469
0.1199485883116722
0.20862038433551788
0.20773644745349884
0.1219593659043312
0.06576071679592133
0.1515013426542282
0.14791668951511383
0.1475687175989151
0.054562393575906754
0.21160663664340967
0.12284500151872633
0.19959454238414764
0.20499926805496213
0.1279347985982895
0.1509825885295868
0.1424979418516159
0.19733378291130063
0.18371711671352384
0.16867215931415555
0.12055204063653945
0.1347832232713699
0.12321726232767104
0.1486482471227646
0.20743443071842196
0.2100227177143097
0.1804489642381668
0.23709581792354584
0.17527884244918823
-0.05190528184175491
0.048724453896284096
0.1710820347070694
0.20736391842365265
0.2470238357782364
0.1214129254221916
0.1560513824224472
0.16491584479808807
0.11869629472494124
0.10962549597024916
0.05874551460146904
0.23607219755649567
0.14207395911216736
0.22649694979190824
0.10921064764261244
0.10309158265590668
0.0917937755584717
0.18978728353977203
0.088150292634964
0.16104905307292938
0.13500583171844482
0.12833715975284576
0.15082791447639465
0.06224739924073219
0.17107994854450223
0.16079793870449066
0.05561686679720879
0.1919885128736496
0.2350909262895584
0.06376740336418152
0.2417447865009308
0.17829051613807678
0.17487183213233948
-0.04910382255911827
0.13249792158603668
0.16568367183208463
0.22525493800640103
0.06409285217523575
0.2323876768350601
0.10956477373838425
0.09687872231006622
0.23437723517417908
0.20982123911380768
0.17979007959365845
0.20565317571163175
0.2129790484905243
0.08258862048387526
0.1759648323059082
0.0629667267203331
0.09517544507980345
0.14608125388622284
0.13163810968399048
0.0973479226231575
0.07906877994537354
0.17794565856456757
0.16473104059696195
0.08500596880912781
0.15745942294597623
0.18172165751457212
0.16898629069328308
0.1981743425130844
0.06409738957881927
0.19152650237083435
0.12462415546178816
0.14097531139850616
0.14138349890708923
0.16592149436473846
0.012970099225640295
0.17604656517505643
0.006535546388477087
0.24258118867874143
0.0761382058262825
0.1911902278661728
0.15997181832790375
0.14211557805538175
0.12622462213039398
0.22522589564323425
0.18436263501644132
0.1951080858707428
0.18111415207386017
0.10379164665937424
0.15949028730392456
0.15010377764701843
0.17228545248508453
0.21795439720153809
0.21700748801231384
0.24431850016117093
0.12328051775693892
0.13322985172271729
0.18142157793045044
0.1496625691652298
0.22463639080524445
0.13964304327964783
0.24608270823955533
0.19220297038555145
0.025733241811394688
0.2441747933626175
0.2375291585922241
0.22979091107845304
0.1014135256409645
0.22962717711925504
0.0425412505865097
0.13889749348163605
0.1763268411159515
0.1593550592660904
0.04596752673387528
0.19211885333061215
0.11899764090776443
0.05105900019407272
0.14527972042560575
0.19902993738651276
0.05678989365696907
0.12368073314428328
0.2317359745502472
0.15808118879795074
0.18113772571086884
-0.02730212174355984
0.03901547566056252
0.22775095701217649
0.19054414331912997
0.15805423259735107
0.17340463399887085
0.23406067490577695
0.0697169229388237
0.10804327577352524
0.062464270740747445
0.2352161556482315
0.14908665418624875
0.17316196858882904
0.2301926165819168
0.1925001293420792
0.15262800455093384
0.08122083544731139
0.2186744660139084
0.038482438772916794
0.17486563324928284
0.0377761535346508
0.0972885489463806
0.08462884277105331
0.10417916625738144
0.13351593911647797
0.13372226059436798
0.2073799818754196
0.1292176842689514
0.10956175625324248
0.2533279061317444
0.1883132755756378
0.08687891066074371
0.12842105329036713
0.1667075157165527
0.12661853432655334
0.17875491082668304
0.19517940282821652
0.1669868528842926
0.0555918961763382
0.13838163018226624
0.18412993848323825
-0.022075312212109562
0.12538577616214752
0.20468252897262573
0.10887081176042555
0.1167546808719635
0.1372445970773697
0.2147155851125717
0.06362225115299225
0.1317702084779739
0.23065878450870517
0.2020641714334488
0.2290214002132416
0.043177515268325806
0.1648830771446228
0.027582054957747456
0.1810125559568405
0.17558501660823822
0.16687020659446716
0.13229121267795563
0.029170876368880272
0.12010832875967024
0.19724975526332852
0.15152226388454437
0.1406600326299667
0.1260419636964798
0.1218644306063652
0.22379770874977112
0.2253633290529251
0.14210128784179688
0.04057075828313828
0.17305786907672882
0.16418316960334775
0.058589968830347054
0.030503025278449055
0.16243241727352142
0.04307886585593224
0.1748647540807724
0.1094699427485466
-0.02397373132407665
0.24614621698856357
0.10102536529302596
0.07435096055269241
0.06226320937275887
0.1459151953458786
0.1293631941080093
0.11545002460479736
0.11291707307100296
0.18441116809844968
0.056516584008932114
0.240665003657341
0.1624578982591629
-0.010044952854514122
0.17785176634788513
0.12545010447502136
0.22999899089336395
0.17992766201496124
0.17016689479351044
0.0949435457587242
0.03887241333723068
0.12624919414520264
0.14143326878547668
0.17294777929782867
0.188955619931221
0.23530282080173487
0.1977074891328812
0.17247380316257477
0.2428735047578812
0.005407699849456549
0.12069430202245712
0.1066669151186943
0.15056078135967255
0.15737463533878326
0.05735369399189949
0.21333773434162137
0.19370542466640472
0.07580257952213286
0.026362301781773567
0.07924561947584152
0.08881188184022902
0.18110208213329315
0.16943280398845673
0.21998350322246552
0.09294954687356947
0.15803207457065582
0.22267536818981168
0.1420784443616867
0.07125737518072128
0.16110980510711667
0.04331671819090843
0.04515277221798897
0.02006580121815205
0.1214781180024147
0.12655256688594818
0.19409729540348047
0.16251657903194427
0.1903586387634277
0.15617012977600095
0.04652337729930878
0.07424914091825485
0.23035384714603424
0.1467014104127884
0.13273729383945465
0.06494619697332382
0.15426655113697052
0.22201639413833615
0.1896954029798508
0.15908701717853546
0.07412898540496826
0.11931275576353072
0.1432371288537979
0.0681896060705185
0.2315174490213394
0.1867738515138626
0.17009596526622772
0.19238807260990143
0.1502009630203247
0.17250290513038635
0.13296987116336823
0.14391203224658966
0.13897748291492462
0.1816883236169815
0.08213007450103758
0.22688245773315427
0.12959541380405426
0.15211521089076996
0.15483875572681427
0.25356167554855347
0.18613189458847043
0.12554092705249786
0.12252121418714523
0.2365392744541168
0.09000367671251297
0.10895480215549468
0.10829360783100128
0.18628008663654327
0.1347469985485077
0.19367764890193936
0.23010702431201932
0.07805337011814117
0.1578475385904312
0.1415988057851791
0.12865938246250153
0.13612107932567596
0.19276495277881625
0.18266500532627103
0.21675537526607516
0.048312749713659286
0.16019250452518463
0.14432029426097867
0.2475152164697647
0.20826834440231323
0.16756221652030945
-0.03896050155162811
0.19538988173007965
0.18854138255119324
0.15567919611930847
0.07331738620996475
0.1974507570266724
0.22420318424701688
0.14541245996952057
0.1943257302045822
0.1488774865865707
0.1508958488702774
0.17796944081783295
0.10953282564878464
0.08032926917076112
0.212109237909317
0.15698648989200592
0.13272361457347867
0.14397920668125153
0.2284320294857025
0.21152859926223755
0.11321541666984558
0.1579434424638748
0.15389563143253326
0.18243372440338132
0.06361337006092072
0.2340988516807556
-0.003454501274973154
0.09743433445692062
0.14512105286121368
0.20629411935806277
0.18826495110988617
0.020448824390769005
0.14760485291481018
0.2103891521692276
0.18788240849971768
0.18533118069171903
0.22828322649002075
-0.021355481818318367
0.14192219078540802
0.16451561450958252
0.1882012039422989
0.13444598019123075
0.1138680949807167
0.12932561337947843
0.21718551218509677
0.18949168920516968
0.15081134438514707
0.1170237585902214
0.06642717868089676
0.17501647770404816
0.20067337155342105
0.19237382709980008
0.149602010846138
0.1740685403347015
0.09613069146871567
0.22242970764636996
0.1256020814180374
0.11957252770662308
0.165266215801239
0.09387248009443283
-0.04814272001385689
0.1385776847600937
0.03502403199672699
0.11043430119752884
0.06608044356107712
0.08003830909729005
0.23277895152568817
0.10513036698102952
0.19399738311767575
0.100151889026165
0.10422510653734209
0.2463020831346512
0.1545245200395584
0.13760283589363098
-0.010422585532069206
0.2397790551185608
0.027067551389336583
0.0942048653960228
0.15196147561073303
0.21309845149517057
0.1094568222761154
0.16627070307731628
0.06812261790037155
0.17304281890392303
0.1209701821208
0.09867049753665923
0.023741172626614567
0.22130851447582245
0.109491765499115
0.13038158416748047
0.14860467612743375
0.17318184673786163
0.24082960188388824
0.11329303681850432
0.17211446166038513
0.18440939486026764
0.11672697961330412
0.12873803079128265
0.20957455039024356
0.12833987176418304
0.2331099957227707
0.15276215970516205
0.13670137524604797
0.11439154297113419
0.22402261197566983
0.16332541406154633
0.16873180866241455
0.101335808634758
0.23381175100803372
0.028411949053406715
0.11133737117052078
0.1782421916723251
0.14301584661006927
0.15432099997997284
0.1682557910680771
0.2217482477426529
0.04903773218393326
0.03350359946489334
0.15694662928581235
0.24020014703273773
0.22319605946540833
0.04091813787817955
0.1899430602788925
0.13086821138858795
0.18332885205745697
0.18470460176467893
0.06977751106023788
0.1944735199213028
-0.06315379589796066
0.08764543384313582
0.09113180637359619
0.19152940809726715
0.093583844602108
0.10410095006227492
0.1885484755039215
0.09892355650663376
0.1804358959197998
0.07048630714416504
0.11702439934015274
0.06875168532133102
0.08861812949180603
0.14316794276237488
0.16252820193767548
0.197179839015007
0.1725579649209976
0.22623582184314728
0.22590537369251248
0.2310228794813156
0.15447700023651123
0.2356659024953842
0.23519867658615112
0.056575026363134384
0.19208753108978271
0.162048801779747
0.16975003480911255
0.12981103360652924
0.07183699309825897
0.21004576981067655
0.19728519022464752
0.06287676841020584
0.15729366242885587
0.1772239655256271
0.16716410219669342
0.19694311916828156
0.027886671945452687
0.1893056482076645
0.06919676065444946
0.16738401353359222
0.1397314816713333
0.2257415801286697
0.19399456679821012
0.17796207964420319
0.1810504645109177
0.22135330736637115
0.0508914478123188
0.14646600186824799
-0.06228417530655861
0.17953890562057495
0.22607119381427765
0.10660342127084732
-0.029586814343929287
0.16777676343917847
0.1884860992431641
0.0914495661854744
0.11822669208049774
0.07284962385892867
0.1963443458080292
0.1613730788230896
0.17025747895240784
0.042507179081439965
0.18757732212543488
0.24685062468051913
0.22576960921287537
0.19629460573196408
0.18942660093307492
-0.03532513603568077
0.18023699522018433
0.10102581232786179
0.15354527533054352
0.17494766414165497
0.18152160942554477
0.05117322877049446
0.17067007720470428
0.020516376942396164
0.15021811425685883
0.13235445320606232
0.17589198052883148
0.2006128877401352
0.22021248936653137
0.18826122581958768
0.22410097718238833
0.2053900957107544
0.2003076821565628
0.21106319129467008
0.2079332023859024
-0.0668862834572792
0.1563795506954193
0.06156936660408974
0.06883013248443604
0.07204248011112213
0.18382415175437927
0.23460306227207184
0.0637330487370491
0.13873717188835144
0.1419437676668167
0.20387616753578183
0.1238122209906578
0.22466440498828888
0.10093451291322708
0.22945597767829892
0.1956710070371628
0.13819409906864166
0.15408454835414886
0.23781092464923856
0.16625815629959106
0.04355325549840927
0.14640064537525177
0.13127443194389343
0.23522403836250305
0.2020358294248581
0.2372446656227112
0.18936069309711456
0.19792574644088745
0.16793158650398254
0.18018811941146848
0.16123095154762268
0.15293340384960175
0.20791910588741305
0.06817233562469481
0.16915014386177063
0.1258959025144577
0.13079138100147247
0.13232682645320892
0.1660839021205902
0.0667615756392479
0.1678866297006607
0.1104697734117508
0.20170803368091583
0.14602060616016388
0.2268764525651932
0.21816137433052063
0.12213607877492905
0.006677036639302969
0.14766861498355863
0.1766657680273056
0.20461963117122647
0.07237455993890761
0.12865407764911652
0.10268030315637589
0.1688147932291031
0.17477187514305115
0.23905088007450104
0.005757161881774664
0.23074541985988617
0.18347157537937164
0.1770324259996414
0.15155015885829923
-0.02805734612047672
0.14233438670635223
0.2262352555990219
0.23550225794315335
0.1338702291250229
0.17186607420444489
0.07190096378326416
0.1602426916360855
0.13869276642799375
0.23239837586879727
0.23819200694561005
0.13509172201156616
0.14250685274600983
0.17794165015220642
0.18465211987495425
0.16258816421031952
0.18274636566638944
0.23475392162799835
0.2145666033029556
-0.0010708929039537907
0.23701769113540647
0.11845982819795609
0.2192855328321457
0.017992323264479637
0.13992120325565338
0.12317306548357008
0.18378184735774997
0.1552865356206894
0.23383966088294983
0.1483120173215866
0.16355247795581815
0.17021116614341736
0.19770368933677676
0.08550719916820526
0.16749282181262967
0.16386546194553375
0.15744777023792267
0.1098404675722122
0.14796704053878784
0.11975052207708357
0.1831905692815781
0.17682403326034543
0.16354723274707794
0.14685615897178647
0.19924889504909515
0.12721143662929535
0.01831167936325073
0.136259987950325
0.24765087664127347
0.18717403709888455
0.1922907382249832
0.14838965237140656
0.09977250546216963
0.23291938006877896
0.13713814318180084
0.11226435750722884
0.11685886234045029
0.07554642111063004
-0.05195276066660881
0.10117851942777632
0.16615243256092072
0.08604737371206284
0.043132659047842026
0.029484836384654045
0.19612275063991544
0.2311014533042908
0.194861114025116
0.08949441462755203
0.19608615338802335
0.18107859790325165
0.13585172593593595
0.2394515424966812
0.11973493546247482
0.22135277092456815
0.11623376607894896
0.17026779055595395
0.13284291326999664
0.1877265423536301
0.22030645608901975
0.11787284910678864
0.13177169859409332
0.16134820878505707
0.22926317155361173
0.11182987689971924
0.13242904841899872
0.1337592899799347
0.024133106693625447
0.18378570675849917
0.1519334763288498
0.1419026106595993
0.11762548238039015
0.1352775990962982
0.10480835288763046
0.2100181728601456
0.1389724165201187
0.15416456758975983
0.12868280708789823
0.16866666078567505
0.15950444340705872
0.13675715029239655
0.1400950253009796
0.11969999223947524
0.20472624897956848
0.22090002894401553
-0.040896907448768616
0.06482803821563721
-0.04606279358267784
0.166281059384346
0.2082684338092804
0.13886210322380063
0.18210303783416748
0.12866000831127167
0.22707569599151609
0.19990925490856168
0.23454968631267548
0.03637561947107315
0.19659478962421417
0.21034641563892365
0.1771724969148636
0.14992721378803253
0.14497892558574677
0.1593831479549408
0.16983966529369354
0.12562888860702515
0.21384838223457336
0.23375368118286127
0.08093684911727905
0.16638217866420743
0.23521913588047028
0.14228667318820953
0.1486140638589859
0.24212212860584256
0.21122872829437253
0.22096125781536105
0.11615388840436935
0.17048679292201996
0.1047380045056343
0.0102150347083807
0.17807497084140775
0.13153107464313507
0.24664856493473047
0.15932005643844604
0.14853964745998383
0.18792875111103055
0.19558629393577573
0.1315888464450836
0.15272647142410278
0.1208028420805931
0.15990377962589264
0.2373154312372208
0.1968316435813904
-0.03310324996709824
0.16830657422542572
0.1428627073764801
0.16223073005676267
0.191145658493042
0.1844735145568848
0.15249846875667572
0.1829901188611984
0.02463015541434288
0.13908599317073822
0.1772475391626358
0.1413620561361313
0.10203925520181656
0.09227862209081648
0.159159854054451
0.23170652985572812
0.20042411983013156
0.13121338188648224
0.12910990417003632
0.22170820832252505
0.05909981206059456
0.2295091152191162
0.15155193209648132
0.19538114964962003
0.19893905520439148
0.11626151949167252
0.15664292871952057
0.07129022479057312
0.12825234234333038
0.2348633706569672
0.1991642713546753
0.2095639854669571
0.21405085921287537
0.16722549498081207
0.08705179393291473
0.1044800654053688
0.14223186671733856
0.05212251469492912
0.13276417553424835
0.025338703766465187
0.03401028364896774
0.1450270712375641
0.12494639307260512
0.1878352612257004
0.02891021035611629
0.2308959811925888
0.07414098083972931
0.2139749974012375
0.22534349560737607
0.1504814177751541
0.07811743766069411
0.2233364433050156
0.20291040837764737
0.17494671046733856
0.22946341335773468
0.18010996282100675
0.0774863213300705
0.15067429840564728
-0.03845930099487305
0.24017211794853208
0.1598483920097351
0.19626568257808685
0.1373089104890823
0.172380730509758
0.11418729275465012
0.20267778635025024
0.1066177412867546
0.1301619857549667
0.09279669076204303
0.038350556045770645
0.2542658746242523
0.08203157037496567
0.19072638452053073
0.17242608964443207
0.1505168080329895
0.20655253529548645
0.1677318662405014
0.14188216626644135
0.21345891058444977
0.05460686609148979
0.14426754415035248
0.16320115327835083
0.1810894161462784
0.17233742773532867
0.06994205713272095
0.0006447113119065762
0.2031061053276062
0.05381392687559128
0.22829493880271912
0.19776774942874908
0.053521629422903054
0.05779512599110603
0.22424334287643433
0.0477895401418209
0.18886832892894745
0.11023011803627014
0.11377881467342375
0.13525815308094025
0.1372646689414978
0.1116570606827736
0.23307965695858
0.21934019029140472
0.10914544016122817
0.09588245302438737
0.2296406328678131
0.19875676929950717
0.19885900616645807
0.1293102651834488
0.1069345623254776
0.07783710956573486
0.19969172775745392
0.110823355615139
0.18104031682014465
0.07280945032835007
0.12467160075902937
0.14228157699108124
0.09503280371427536
0.19216999411582944
0.15668867528438568
0.1443655788898468
0.0985490009188652
0.07824104279279709
0.1917461454868317
0.11746156960725784
0.09216728061437607
0.17194236814975739
0.19112022221088407
0.038872987031936646
0.22957620024681089
0.11918883770704268
0.19239693880081177
0.23722440004348755
0.17151865363121033
0.22411708533763883
0.07835760712623596
0.11425522714853285
0.11518219858407974
0.1460251361131668
0.235964834690094
0.1905956119298935
0.0753578469157219
0.0796586200594902
0.15136833488941193
0.11085232347249983
0.18103264272212985
0.20612479746341705
0.1720544993877411
0.09154877066612244
0.1832740753889084
0.17720167338848114
-0.029208259657025337
0.12122035771608353
0.22072412073612213
0.11132005602121352
0.18765659630298612
0.19346144795417783
0.21589127182960513
0.13141334056854248
0.19434240460395807
0.09753956645727155
0.23939558863639832
0.2026463598012924
0.19003596901893613
0.20372487604618073
0.2110408842563629
0.16115419566631317
0.13805989921092987
0.12370815128087996
0.07772448658943176
0.1535317748785019
0.18996326625347135
0.13261286914348602
0.08196460455656052
-0.01305779255926609
0.12493706494569778
0.03317629545927048
0.19505901634693143
0.22692646086215967
0.06209892407059669
0.06884768605232239
0.0973157361149788
0.23287095129489896
0.2175406366586685
0.14698241651058197
0.19938023388385767
0.22522176802158356
0.16001556813716888
0.15874552726745603
0.0628218874335289
0.1636100262403488
0.002100141253322363
0.05645812675356865
0.09675169736146928
0.11622651666402815
0.09029444307088853
0.13877590000629425
0.05956535413861275
0.209201380610466
0.17204782366752625
0.09693532437086104
0.15673065185546875
0.1131707653403282
0.2100214809179306
0.13604159653186798
0.2060770243406296
0.18365778028965
0.18225249648094177
0.06382561475038528
0.18783281743526456
0.18959872424602509
0.185008242726326
0.17933084070682523
0.23304209113121033
0.1255272924900055
0.15116634964942932
0.196340873837471
0.17901967465877533
0.1520371437072754
0.14068759977817535
0.1774618774652481
0.06590075045824051
0.18010950088500977
0.17938746511936188
0.16194210946559906
0.05484890565276146
0.22924937307834625
0.20080500841140747
0.10554533451795578
0.17112614214420319
0.1189328357577324
0.1959735006093979
0.23007990419864652
0.1441845744848251
0.19523233175277707
0.2421418130397797
0.1816774159669876
0.1350374072790146
0.23438586294651031
0.20539036393165588
0.1227232739329338
0.10496921837329865
0.2000516504049301
0.16180987656116483
0.16934090852737427
0.20856322348117828
0.22045086324214933
0.09962433576583862
-0.03363390266895294
0.1595780849456787
0.13631989061832428
0.1288158148527145
0.17291118204593658
0.14999602735042572
0.07323770970106125
0.19671592116355896
0.15585285425186157
0.17431388795375824
0.14964626729488373
0.134333074092865
0.12657989561557767
0.10637995600700378
0.1278616487979889
0.07119271159172058
0.06652626395225525
0.20927053689956665
0.1987314224243164
0.24050025641918185
0.15244220197200775
0.18617095053195956
0.1879660189151764
0.1439887434244156
0.17947994172573087
0.048514734953641885
0.23506115376949313
0.20829218626022336
0.1940812319517136
0.06524337083101273
0.09529633074998856
0.0919935330748558
0.23013927042484283
0.1869575530290604
0.17452271282672882
0.10191275924444199
0.23511776328086853
0.15085461735725403
0.16609387099742887
0.17452304065227509
0.06891456246376038
0.22668583691120148
0.011780057102441788
0.1620553880929947
0.13069109618663788
0.21702636778354645
0.1557449102401733
0.05558663234114647
0.025390921160578728
0.13350792229175568
0.07879050076007843
0.18969181180000305
0.17486508190631866
0.1289527118206024
0.09083643555641174
0.17880524694919586
0.06132877245545387
0.10364843159914015
0.08569522947072983
0.16415333747863767
0.2542158365249634
0.19305284321308133
0.213916540145874
0.22666577994823453
0.16444532573223114
0.14223630726337433
0.14894188940525055
0.09102340042591096
0.08773321658372879
0.1706770360469818
0.16246092319488523
0.17774100601673126
0.19597764313220975
0.17549292743206024
0.18317167460918424
0.08022639155387878
0.16480131447315216
0.2409791052341461
0.07674448937177658
0.15369683504104614
0.15878255665302277
0.1630679816007614
0.1821712553501129
0.2363729029893875
0.09699124842882156
0.13236354291439056
0.023452293127775192
0.16659711301326752
0.22410829365253448
-0.010473059490323067
-0.054640546441078186
0.12804614007472992
0.15151874721050262
0.21128568053245544
0.06579523533582687
0.139928862452507
0.23778381943702695
0.16383254528045654
0.055122364312410355
0.17566421627998352
0.05540050938725472
0.10646851360797882
0.1161651387810707
0.12245475500822069
0.20174044370651245
0.1186414211988449
0.1413246989250183
0.13425423204898834
0.06817711889743805
0.19450077414512637
0.18963412940502167
0.08647865802049635
0.12357612699270248
0.19632078707218167
0.10097166150808334
0.17281585931777954
0.20846296846866608
0.19076263904571533
0.1699167639017105
0.23080964386463165
0.10050218552350997
0.09248048067092896
0.15941156446933746
0.21377785503864288
0.164093479514122
0.15427322685718536
0.07903164625167847
0.15031887590885162
0.22680702805519104
0.09601069986820222
0.19414298236370087
0.17932257056236267
0.1373593658208847
0.21061754226684568
0.04606525972485542
0.15787243843078613
0.05002705007791519
0.21688513457775116
0.23333388566970825
0.12042909115552902
0.1673212498426437
0.14015384018421173
0.1602860391139984
0.2428065240383148
0.1163039430975914
0.12255462259054184
0.1675637811422348
0.003324558492749929
0.14305685460567474
0.11085803061723708
0.16901621222496033
0.25155463814735407
0.0704876184463501
0.1691119223833084
0.21659578382968905
0.22209961712360385
0.12598924338817596
0.21051496267318723
0.19302177429199216
0.1591114103794098
0.2222098857164383
0.14487256109714508
0.19262574613094327
0.1581823080778122
0.18602333962917328
0.1479511857032776
0.07966507226228715
0.05977588519454002
0.1925010532140732
0.1506444811820984
0.1369958072900772
0.1832979768514633
0.18218933045864105
0.2215643376111984
0.11958936601877213
0.10334564000368118
-0.0015111141838133335
0.173197403550148
0.0486733578145504
0.17871776223182678
0.15492890775203705
0.2551737427711487
0.017653681337833405
0.21449838578701017
0.17781472206115723
0.20705044269561768
0.2072131037712097
0.05573088675737381
0.20043721795082087
0.16912072896957395
0.15764695405960083
-0.08547093719244003
0.13395175337791443
0.17606358230113983
0.17113411426544187
0.1891614943742752
0.15520484745502472
0.158998504281044
0.08422906696796417
0.025523526594042775
-0.03185127675533295
0.16939860582351685
0.19997791945934293
-0.02454707585275173
0.21963386237621307
0.18597178161144257
0.18281567096710205
0.1918649524450302
0.10113083571195602
0.23196962475776672
0.21349954605102536
0.20679087936878204
0.18689115345478055
0.04050764068961144
0.02244476787745953
0.2542903423309326
0.20000849664211276
0.1217525079846382
0.2350582778453827
0.13287244737148285
0.22090329229831693
0.15917494893074036
0.2382296174764633
0.03871039673686028
0.08165263384580611
0.13819319009780884
0.2036414295434952
0.14269329607486725
0.19193701446056363
0.2282634526491165
0.21108116209506989
0.09602879732847212
0.04692477732896805
0.14572753012180328
0.14385366439819336
0.193258598446846
0.022482892498373985
0.21615333855152127
0.13508501648902893
0.052764829248189926
0.13871867954730988
0.17755208909511566
0.16872543096542358
0.17434869706630707
0.188691720366478
0.16878069937229156
0.1259550005197525
0.1389213055372238
0.15019766986370087
0.07171689718961716
-0.07180935889482498
0.20306704938411713
0.22042647004127505
0.16986460983753204
0.1097198650240898
0.22194090485572812
0.20604483783245087
0.2323310822248459
0.16608558595180511
0.14303837716579437
0.1736239343881607
0.04051882773637772
0.20050983130931851
0.19828213751316073
0.2247437089681625
0.14572198688983917
0.15293307602405548
0.13381217420101163
0.20600190758705136
0.027032168582081795
0.2152913212776184
0.1743943840265274
0.1648735553026199
0.03796898201107978
0.13986897468566895
-0.03665248677134514
0.21259824931621552
0.1456330269575119
0.07080259174108505
0.15756626427173615
0.1658593863248825
0.16955730319023132
0.12421976774930953
0.02610518969595432
0.13265784084796903
0.21168364584445956
0.13853080570697784
0.1609232872724533
0.21305583417415616
0.09626206010580064
0.15195143222808835
0.13327641785144803
0.15562814474105835
0.17787617444992063
0.16058519482612607
0.11268450319766998
0.2261144071817398
0.1897265464067459
0.06642760336399078
0.11213303357362749
0.16840434074401855
0.23567821085453036
0.24217848479747767
0.09872733056545256
0.18577720224857328
0.2112433165311813
0.16432781517505643
0.19040824472904205
0.13115884363651276
0.034072909504175186
0.0641557052731514
0.23066700994968412
0.14828850328922272
0.16524355113506317
0.13957926630973816
0.19423656165599823
0.07715386897325516
0.23620013892650604
0.19318273663520807
0.06718768179416656
0.1366496980190277
0.10574537515640257
0.16711996495723724
0.17063598334789276
0.2477466017007828
0.11752907931804656
0.18872353434562683
0.23694580793380737
0.011822344735264778
0.14019598066806793
0.15729168057441711
0.22222377359867093
0.16674651205539703
0.17721207439899445
0.1767970770597458
0.11683622002601624
0.22278566658496857
0.1540995091199875
0.135368674993515
0.23510573804378507
0.17415623366832733
0.06857094913721085
0.23487800359725952
0.16874387860298157
0.059404153376817696
0.10466238856315611
0.13603664934635162
0.13308782875537872
0.1590446978807449
0.2054806351661682
0.1809877306222916
0.05272697284817696
0.13582298159599304
0.08465387672185898
0.13594673573970795
0.237368643283844
0.17553089559078217
0.23619233071804047
0.16763024032115936
-0.022053709253668785
0.23749603331089017
0.11545393615961073
0.1890575736761093
0.20683389902114868
0.02421431802213192
0.19803909957408905
-0.020908860489726063
0.23444214463233948
0.10877167433500289
0.18902121484279633
0.022416165098547932
0.19718919694423676
0.22288215160369876
0.16365975141525269
0.003170573618263006
0.056466106325387955
0.043117094784975045
0.062125254422426224
0.18616187572479248
0.1014132648706436
0.19189387559890747
0.20093891024589536
0.15836279094219208
0.03982873633503914
0.06584005057811737
0.23605568706989288
0.09887003898620605
0.123658187687397
0.19983325898647308
0.15137173235416412
0.1852359771728516
0.2434648722410202
0.15920521318912506
0.11497161537408827
0.04792651906609535
0.11321403086185455
0.10755706578493118
0.22528536617755887
0.175693079829216
0.18568770587444303
0.04429589584469795
0.1687615066766739
0.015923334285616875
0.24185989797115323
0.11749685555696487
0.11449021846055984
0.18391725420951843
0.13323308527469635
0.1789865642786026
0.12974104285240173
0.13679292798042297
0.17531640827655792
0.10471854358911514
0.11255131661891936
0.18523962795734403
0.12503428757190704
0.10471687465906145
0.05107161030173302
0.16514457762241364
0.06481800228357315
0.05850955471396446
0.17866016924381256
0.19656258821487424
0.1985792964696884
0.1991095393896103
-0.04667316004633904
0.1281515657901764
0.2430758327245712
0.20598727464675903
0.1530378609895706
0.1645860970020294
0.1942325383424759
0.18087415397167203
0.1829950660467148
0.11566807329654692
0.16525067389011383
0.1418311446905136
0.13872681558132172
0.22450990974903104
0.1387408971786499
0.167246013879776
0.2342297732830048
0.17860527336597443
0.19990681111812592
0.10479457676410676
0.1477252095937729
0.17609764635562897
0.1792432814836502
0.1848972588777542
0.2317699044942856
0.20187026262283325
0.05198824778199196
0.07682614773511887
0.03973676636815071
0.1936906427145004
0.15921582281589508
0.2328026443719864
0.11659755557775496
0.13624390959739685
0.18184565007686612
0.0971137136220932
0.1716984063386917
0.23506797850131989
0.15530143678188324
0.06469563394784927
0.1609121859073639
0.17474305629730225
0.23006197810173035
0.17502692341804504
0.1724113970994949
0.1120915487408638
-0.0008368664421141148
0.02279222570359707
0.09272428601980208
0.23673672974109647
0.23027454316616056
0.027173267677426335
0.1533624529838562
0.038115743547677994
0.1614685356616974
0.13281266391277313
0.16980986297130585
0.21562807261943817
0.1864192485809326
0.155810609459877
0.07969990372657776
0.21984355151653287
0.17783053219318387
0.04185155034065247
0.16636116802692413
0.12404411286115646
0.18169604241847992
0.1352391093969345
0.2517874538898468
0.10823523253202438
0.215802863240242
0.1420554667711258
0.1431158035993576
0.1536436378955841
0.13694165647029877
-0.0003939070738852024
0.025956543162465092
0.16553156077861783
0.2009163796901703
0.20061491429805756
0.22824682295322415
0.034063689410686486
0.18383152782917023
0.2161078304052353
0.17060770094394684
-0.016612762585282322
0.15069831907749176
0.2004792392253876
0.13024824857711792
0.15826837718486783
0.1599083840847015
0.16496707499027252
0.14211739599704742
0.18568418920040128
0.1624922156333923
0.21687711775302887
0.1912453919649124
0.03212437778711319
0.19277600944042203
0.22552143037319183
0.15262059867382047
0.1744110137224197
0.187657967209816
0.16117484867572784
0.21667052805423737
0.174909308552742
0.17907264828681943
0.08757159113883971
0.20360893011093137
0.13568821549415588
0.20167969167232516
0.1825094968080521
0.248114749789238
0.14109604060649872
0.15000315010547635
0.22545379400253293
0.20010168850421903
0.1621660739183426
0.1946857422590256
-0.01979284919798374
0.12044810503721236
0.2304198145866394
0.18170465528965
-0.019343027845025063
0.13908782601356506
0.1241520270705223
0.133106529712677
0.23115551471710205
0.16391344368457794
0.11952314525842667
0.132720485329628
0.08314829319715501
0.19432871043682096
0.24004091322422028
0.1911388486623764
0.20224133133888245
0.17614170908927915
0.14203147590160367
0.23124106228351596
-0.04364405199885368
0.14903517067432404
0.09448172897100449
0.10131631791591644
0.03230006620287895
0.16064797341823575
0.22772055864334104
0.052029062062501914
0.06573719531297684
0.1648435890674591
0.2554652988910675
0.0836379826068878
0.165315642952919
0.19587174057960513
0.1928721517324448
0.18023635447025296
0.24051694571971893
0.18892310559749603
0.02334006503224373
0.228580042719841
0.14153699576854703
0.20494376122951508
0.11347269266843796
0.028932666406035423
0.08217205852270126
0.1739349067211151
0.22668312489986417
0.2274547964334488
0.21086540818214417
0.11365849524736404
0.1480843722820282
0.2500868141651153
0.15011906623840332
0.15357263386249542
0.1266868561506271
0.16225869953632355
0.1555156260728836
0.2017770558595657
0.059373486787080765
0.1911708563566208
0.1901966482400894
0.11824194341897964
0.16667823493480682
0.18996249139308927
0.2040933072566986
0.12967391312122345
0.1839737445116043
0.1388500928878784
0.17377705872058868
0.22480402886867523
0.20933520793914795
0.2375518083572388
0.14151135087013245
0.1644628345966339
0.07170353084802628
0.14062929153442383
0.23200272023677823
0.043306399136781686
0.14945170283317563
0.011713439598679543
0.1172795593738556
0.2030550986528397
0.21562646329402924
0.21085689961910248
0.053812962025403976
0.17217552661895752
0.14156991243362427
0.07758269459009169
0.16011470556259155
0.11552898585796356
0.15123455226421356
0.08843956887722014
0.24089200794696808
-0.04615547880530357
0.21348404884338376
0.18049374222755432
0.1389058381319046
0.0594131164252758
0.17403554916381836
0.1518671065568924
0.11885621398687363
0.1675044298171997
0.16535215079784393
0.20067524909973145
0.1376660019159317
0.23469923436641693
0.1426846534013748
0.19627220928668973
-0.009645840153098106
0.1989122778177261
0.046762999147176736
0.16916976869106293
0.162743479013443
0.1375116854906082
0.23448486626148224
0.232623428106308
0.035615433007478714
-0.04139219224452973
0.13062886893749237
0.1931033283472061
0.03748709335923194
-0.026963809505105015
0.23040169477462769
-0.011631557717919348
0.22304013371467593
0.07757172733545302
0.08495670557022095
0.1935521513223648
0.25963553786277765
0.10815051943063736
0.2261056900024414
0.18573926389217377
0.11774203926324844
0.2194501608610153
0.25097545981407166
-0.03093954175710678
0.15227067470550537
0.2263328731060028
0.22965149581432345
0.17697663605213165
0.08660978823900223
-0.01441429741680622
0.04968656599521637
0.15228299796581268
-0.020500062033534047
0.23628114163875577
0.1806240081787109
0.1484452188014984
0.2297447174787521
0.13789896667003632
0.05105043575167656
0.1742977499961853
0.2031843662261963
0.2305207401514053
0.1588001847267151
0.20412927865982053
0.1654142290353775
0.006198672112077475
0.16136945784091947
0.0743832141160965
0.2132875472307205
0.1215732917189598
0.10839726775884628
0.15019099414348602
0.1873158812522888
0.18789613246917725
0.19532136619091037
-0.0071476721204817295
0.1448148936033249
0.1923319101333618
0.09038106352090836
0.190574511885643
0.1738532930612564
0.23140725493431089
0.16911156475543976
0.17636679112911224
0.1809798628091812
0.23259420692920685
0.09587896615266801
0.13626447319984436
0.22256372869014737
0.18243820965290067
0.11655658483505248
0.1614001840353012
0.18274691700935364
0.1539979726076126
0.1981385350227356
0.22939310967922208
0.1461222767829895
0.17591935396194458
0.18789103627204892
0.075933575630188
0.17473554611206055
0.1956372708082199
0.0809834897518158
0.13639722764492035
0.15096627175807953
0.03706634044647217
0.1891809701919556
0.09698881953954697
0.16281628608703613
0.20660516619682312
0.13093094527721405
0.12863436341285703
0.24331672489643097
0.131783589720726
0.17904570698738098
-0.04588551074266434
0.1543135046958923
0.2298175543546677
0.02818526141345501
0.05024848505854607
0.18247979879379272
0.1461115926504135
0.03551381081342697
0.16439251601696014
0.15677973628044128
0.07878685742616653
0.06773924082517624
0.04991554468870162
0.2235989421606064
0.207746297121048
0.13679613173007965
0.09869252890348433
0.17432205379009247
0.11601347476243971
0.10159137099981308
0.2286822199821472
0.14133420586585999
0.15850511193275452
0.02323365770280361
0.12980924546718595
0.201342836022377
0.1662311404943466
0.08754724264144897
0.11244384199380875
0.23094613850116727
0.11477992683649064
0.020287439227104187
0.15199364721775055
0.160176083445549
0.16834641993045807
0.11852478235960005
0.1915621906518936
0.1990066319704056
0.1878038793802261
0.2082965224981308
0.21567942202091217
0.15832185745239255
0.14975909888744354
0.2037058025598526
0.12225990742444992
0.12540923058986664
0.1296805590391159
0.12281032651662827
0.08370817452669142
0.16442371904850006
0.18985591828823087
0.15052147209644315
0.17860548198223114
0.08691541105508803
-0.02093888632953167
0.10705115646123886
0.1881304085254669
0.11772407591342926
0.1430724412202835
0.15590618550777435
0.05445946380496025
0.05979174748063088
0.1761922985315323
0.15490062534809113
0.18586571514606476
0.21910007297992704
0.15032966434955597
0.21139825880527496
0.1631514877080917
0.13824261724948883
0.15682590007781982
0.06036396697163582
-0.05226137861609458
0.16081498563289642
0.17452506721019745
0.18844211101531985
0.2395597547292709
0.17836157977581024
0.08126110583543777
0.09219346940517424
0.192016676068306
0.16610880196094513
0.19078542292118073
0.15398307144641876
0.19442248344421384
0.1908523142337799
0.10559096187353134
0.2036952972412109
0.19773335754871368
0.16691890358924863
-0.08712530881166458
0.1528631895780563
0.012836331501603127
0.10742057114839552
0.1484518200159073
0.05694733187556266
0.1888293027877808
0.2252882868051529
0.13154515624046323
0.22835844755172727
0.18794302642345428
0.1602676659822464
0.18204124271869657
0.07888642698526382
0.1291726678609848
0.08775966614484787
0.23622752726078036
0.14726105332374573
0.12798723578453064
0.22490353882312772
0.034655775874853134
0.06056039407849312
0.07689125090837479
0.13667695224285123
0.17547455430030823
0.1651092916727066
0.19458164274692533
0.19343094527721405
0.19833537936210632
0.009305533021688461
0.09943736344575882
0.2341523915529251
0.1302700638771057
0.1502605825662613
0.10557543486356737
0.2315537482500076
0.13314062356948853
0.24899651110172272
0.19590206444263455
0.21800486743450165
0.13835032284259796
0.17814132571220395
0.006198128219693899
0.24181203544139865
0.06819333136081696
0.13070033490657806
0.1725049912929535
0.11413725465536116
0.2056136578321457
0.17306774854660034
0.15483562648296356
0.20019328594207764
0.1292390674352646
0.10684651881456377
0.2028361409902573
0.16332295536994934
0.1737801730632782
0.18520565330982208
0.173540398478508
0.23728469014167783
0.1872258186340332
0.15783683955669403
0.23044033348560333
0.1983303427696228
0.1812722533941269
0.14475172758102417
0.1268198937177658
0.11921864002943038
-0.03154195472598076
-0.020932151004672047
0.07570311427116394
0.2233673185110092
0.0900765061378479
0.10072439163923264
0.13880258798599243
0.17349012196063995
0.13777180016040802
0.11566833406686781
0.10996555536985396
0.17708303034305573
0.20310325920581815
0.2275329679250717
0.13934533298015594
0.17091016471385956
0.08096979558467865
0.20479898154735565
0.12321450561285018
0.19303251802921292
0.15247346460819244
0.09592285752296448
0.10438436269760132
0.16476468741893768
0.23524667322635648
0.19500558078289032
0.23373496532440183
0.14156675338745117
0.22956122457981107
0.05225387588143349
0.11285532265901564
0.04084843024611473
0.15142922103405
0.20677404105663297
0.15364468097686768
0.14581939578056335
0.19306011497974396
0.18205200135707852
0.08211299031972885
0.20773790776729584
0.2350925952196121
0.17046473920345306
0.17774246633052823
0.2160770297050476
0.23288561403751373
0.16941700875759125
0.17282836139202115
0.13432271778583527
0.23657643795013428
0.1838926076889038
0.17895293235778809
0.14270922541618347
0.2286299616098404
0.15921801328659055
0.15837739408016205
0.13444708287715912
0.1554279625415802
0.11275174468755722
0.08609094470739363
0.14411205053329468
0.22892288863658905
0.23388080298900604
0.18201588094234464
0.24829830229282376
0.2285938113927841
0.2197396159172058
0.16244389116764069
0.11646830290555953
0.21375812590122223
0.2340628951787949
0.10273869335651396
0.15898697078227997
0.1879883110523224
0.12673090398311615
0.24202041327953336
0.07365106791257858
0.2441265732049942
0.1264204978942871
0.08070629090070723
0.1646661013364792
0.010580452159047127
0.15960428118705747
0.18328027427196503
0.12974447011947632
0.17441041767597198
0.18722428381443024
0.12285492569208144
0.18412411212921145
0.1334010660648346
0.13876700401306152
0.18375431001186368
0.2043126970529556
0.22363586723804477
0.15929092466831207
0.10057852417230606
0.10229653865098952
0.14822301268577576
0.14600488543510437
0.1693640649318695
0.21626959741115567
0.07047536224126816
0.1274237036705017
0.1043216288089752
0.1760551482439041
-0.08830577880144118
0.23512883484363556
0.08488975465297699
0.10237717628479004
0.1648685187101364
0.19789309799671173
0.1746118813753128
0.16879937052726743
0.11526958644390106
0.2233688086271286
0.1001010164618492
0.24958123266696927
0.2353925108909607
0.2017848491668701
0.14161857962608335
0.17056213319301605
0.1575271189212799
0.12624461948871613
0.1622743308544159
0.23204673826694489
0.20009912550449369
0.22346086800098416
0.2383214235305786
0.20405980944633484
0.07563340663909912
0.2036449611186981
0.1861786246299744
0.12026234716176985
0.2292344719171524
0.17507103085517883
0.2297265976667404
0.18887777626514435
0.187056764960289
0.1503968983888626
0.2509868443012237
0.0953756496310234
0.13830868899822235
0.13089774549007416
0.19647973775863647
0.2466838508844376
0.2482246309518814
0.09608641266822816
0.038488060235977166
0.15873654186725616
0.1647595316171646
0.15144458413124084
0.18262697756290436
0.07088502496480942
0.19182750582695007
0.0675315111875534
0.14857594668865204
0.14721672236919403
0.10316184908151627
0.17570942640304563
0.16075946390628815
0.05558396130800247
0.04070637375116348
0.07923478633165358
0.12750189006328583
0.22890639305114743
0.2366858273744583
0.16110263764858243
0.20167848467826843
0.05067456886172295
0.22773264348506927
0.13740137219429016
0.0301902499049902
0.23115904629230496
0.0796317383646965
0.08713676035404205
0.14380580186843872
0.17194317281246185
0.15072442591190338
0.2137930542230606
0.19905655086040497
0.19748403131961825
0.2243376225233078
0.09064872562885283
0.15956173837184906
0.1528053432703018
0.18388795852661127
0.2456390410661697
0.1671720594167709
0.08922559767961502
0.1578378826379776
0.07305207848548889
0.19043701887130737
0.1456448584794998
0.18378221988677976
0.24206183850765228
0.24377320706844327
0.11154305189847946
0.07127051055431366
0.12656481564044952
0.12940914928913116
0.1625729352235794
0.19475112855434415
0.1254485696554184
0.16308800876140594
0.08107565343379974
0.128276064991951
0.1462206393480301
0.22467797994613647
0.12999729812145233
0.17225606739521027
0.16203580796718595
0.1902971714735031
0.21416519582271573
0.008580775931477545
0.20343808829784396
0.18351320922374725
0.1794967949390411
0.1538337618112564
0.10952150076627731
0.1998998820781708
0.19349662959575653
0.014257261529564856
0.18889068067073825
0.15682758390903473
0.13884210586547852
0.2006460279226303
0.1956440955400467
0.15985697507858276
0.1592544317245483
0.1560559123754501
0.10883766412734984
0.1844440400600433
0.20866701006889343
0.07451065629720688
0.1789965182542801
0.2404815107584
0.15735523402690887
0.12707291543483734
0.21731704473495483
0.1415235251188278
0.12711846828460693
0.19814780354499817
0.06573105603456497
0.07363323867321014
0.2507801055908203
0.2394957989454269
0.20731934905052185
0.13861899077892303
0.09874283522367475
-0.06973360478878021
0.185200110077858
0.11755504459142684
0.23353423178195956
0.1027730479836464
0.124062679708004
0.05450776219367981
0.0790783017873764
0.22477586567401883
0.1938113123178482
0.22474534809589383
0.06413473188877106
0.2238539159297943
0.23275206983089447
0.1842804849147797
0.09206540882587434
0.035108838230371475
0.12501676380634308
0.14433695375919342
0.14390349388122559
0.17629458010196683
0.1317090094089508
0.07925651222467422
0.1553496420383453
0.12911827862262723
0.21818964183330533
0.22042556107044217
0.1980486363172531
0.04816197231411934
0.20421741902828217
0.18291062116622925
0.05942641571164131
0.10574127733707428
0.1392136663198471
0.24757252633571625
0.07162482291460037
0.2309766262769699
0.24163970351219177
0.16853125393390656
0.22481419146060944
0.059082675725221634
0.10288355499505995
-0.04362894594669343
0.061396460980176926
0.1276250034570694
0.16412900388240814
0.1075705885887146
0.10885298997163773
0.044153157621622086
0.1953426152467728
0.04313452914357185
0.23813380300998688
0.24667437374591827
0.22939498722553253
0.2164800316095352
0.032003551721572876
0.11487416923046112
0.2001797407865524
0.15227924287319183
0.15927840769290924
0.16598980128765106
0.15942601859569547
0.116702102124691
0.18279577791690824
0.1315106898546219
0.20842623710632324
-0.03701981157064438
0.20598021149635315
0.17268966138362885
0.23861564695835116
0.12947720289230347
0.19952993094921112
0.10277117043733595
0.13843382894992828
0.1293059140443802
0.19106703996658325
0.14542661607265472
0.176117405295372
0.138423815369606
0.25426068902015686
0.15312440693378448
0.07057639211416245
0.17857202887535095
0.1975421756505966
0.1820853799581528
0.09077876806259155
0.14939121901988983
0.14028483629226685
0.22413779795169833
0.18413367867469788
0.08850233256816864
0.23072442412376404
0.24669478833675385
0.0825427994132042
0.16895483434200287
0.18614190816879272
0.2095246464014053
0.1581733077764511
0.14285457134246826
0.17258277535438535
0.14681124687194824
0.1631612777709961
0.2514466941356659
0.1606835424900055
0.2536827027797699
0.13016660511493683
0.11456069350242613
0.24987365305423737
0.022017233073711395
0.23830014467239377
0.23619879782199857
0.18325601518154144
0.1863684803247452
0.0828091874718666
0.19074198603630063
0.07872361689805984
0.1938231587409973
0.09462351351976393
-0.02433261834084988
0.2275148630142212
0.15557120740413663
0.2407986968755722
0.14267028868198395
0.24124057590961456
0.05647428706288338
0.11911406368017197
0.1958080381155014
0.13614635169506073
-0.06810393184423447
0.15493135154247284
0.10256993770599364
0.11092565208673476
0.19486133754253387
0.22633410990238187
0.23493821918964383
0.0759354829788208
0.031043170019984245
0.13731123507022855
0.060454580932855606
0.18440742790699005
0.09045908600091934
0.14417341351509094
0.24958454072475436
0.08955801278352737
0.09360402077436449
0.18718351423740384
0.06398704648017883
0.1612912267446518
0.08424635231494902
0.17614926397800443
0.11149097979068756
0.1010238453745842
0.180563285946846
-0.016465170308947563
-0.08117923140525818
0.10100816935300828
0.18706972897052765
0.15259167551994324
0.16093935072422028
0.2083132117986679
0.18341314792633057
0.17901618778705597
0.15662185847759247
0.2214350253343582
0.17034825682640076
0.02710363082587719
0.17354613542556763
0.21046558022499084
0.17419558763504028
0.1952809691429138
0.11928286403417589
0.1995171457529068
0.123049296438694
0.1780872493982315
0.06473463028669357
0.1430394351482391
0.10041407495737076
0.1348937749862671
0.24578095972537997
0.18737544119358063
0.18839092552661893
0.2051173597574234
0.03303520008921623
0.08961491286754608
0.12371998280286788
0.15491600334644315
0.2447923570871353
0.0753144398331642
0.0879170075058937
0.24331156909465787
0.15142078697681427
0.0305431354790926
0.24349850416183472
0.12325484305620192
0.22892971336841583
0.0598689429461956
0.1569400578737259
0.1524105817079544
0.15650507807731628
0.13827788829803467
0.09134221822023392
0.22646771371364596
0.18965612351894376
0.08368294686079025
0.1053350418806076
0.24872417747974396
0.17255383729934692
0.2255665957927704
0.11050627380609512
0.18817122280597687
-0.04991847276687622
0.20675553381443024
0.2314705699682236
0.16129125654697418
0.1800849288702011
0.1322420984506607
0.05567062273621559
0.1856312304735184
0.0940958857536316
0.17532320320606232
0.22144959867000577
0.1915069669485092
0.2168829441070557
0.12752394378185272
0.0531332977116108
0.12145882099866868
0.20016707479953763
0.1114075258374214
0.15924932062625885
0.19098803400993347
0.10254767537117004
0.19366003572940824
0.0748627409338951
0.2097253650426865
0.1051213964819908
0.19182060658931727
0.21015740931034088
0.16838155686855316
0.20546121895313263
0.09747689217329024
0.23030008375644684
0.23581022024154663
0.152967169880867
0.07145963609218597
0.1997855752706528
0.15053294599056244
0.17915834486484528
0.19515416026115415
0.13353341817855835
0.1668938547372818
0.146150603890419
0.17835421860218048
0.17690050601959229
0.17502810060977936
0.09128130972385406
0.17403985559940338
0.10488265007734297
0.15738439559936523
0.08476978540420531
0.2368775308132172
0.25178909301757807
0.07503975927829742
0.15657487511634827
0.1101728156208992
0.22251643240451807
0.11375139653682707
0.2018566131591797
0.227669820189476
0.14941786229610443
0.10876476764678956
0.15320043265819547
0.20039463043212888
0.1674085110425949
0.23366080224514008
0.1117098331451416
0.07487643510103226
0.19877520203590396
0.08303026854991914
0.1660843938589096
0.2397479712963104
0.14094738662242887
-0.04899485036730766
0.12690812349319458
0.06202079728245735
0.01819844357669353
0.1378030925989151
0.1676286906003952
0.16546663641929626
0.0017675473354756832
0.05922471359372138
0.04509245231747627
0.2417289167642593
0.1612126976251602
0.04489464312791824
0.025823699310421944
0.16102749109268188
0.11095453053712843
0.1066443771123886
0.13623957335948944
0.19959862530231476
0.21786612272262573
0.17218835651874542
0.2302708327770233
0.05157255008816719
0.17188484966754913
0.1696326583623886
0.25698456168174744
0.16479061543941495
0.16490337252616882
0.14322645962238312
-0.0013755657710134983
0.04771638289093971
0.1538390964269638
0.2356228828430176
0.24644948542118073
0.21224015951156616
0.20037950575351715
0.0845590829849243
0.20579010248184204
0.11350192874670029
0.12561985850334167
0.18311928212642667
0.17584265768527985
0.1989442855119705
0.24479080736637115
0.16970916092395782
0.04725553840398789
0.16355100274085999
0.1909017115831375
0.09114383161067961
0.20851042866706848
0.20699118077754972
0.19654716551303864
0.1013599708676338
0.05592421069741249
0.06627260148525238
0.2220623046159744
0.21981824934482572
0.23546445369720456
0.11962088197469713
0.034961286932229996
0.012258106842637062
0.1765316277742386
0.08777804672718048
0.10876979678869247
0.18279023468494413
0.18745093047618863
0.10379235446453094
0.19416379928588867
0.1690179705619812
-0.01884319819509983
0.08639947324991226
0.17475004494190216
0.12408765405416489
0.19389139115810397
0.17541570961475372
0.20686596632003784
0.1455143839120865
0.1901875287294388
0.01010754145681858
0.19466793537139887
0.06454145908355713
0.2240271121263504
0.1692100614309311
0.23572044074535367
0.1709265410900116
0.1672542691230774
0.1916793882846832
0.08087810128927232
0.0320155993103981
0.06385371088981628
0.18026018142700195
0.18243616819381717
0.1395211964845657
0.10076639056205748
0.14722342789173126
0.1690261662006378
0.15511156618595123
0.13975481688976288
0.14145027101039886
0.23315267264842987
0.24878956377506256
0.20698136091232297
0.06857121735811234
0.17699074745178223
0.15635474026203156
0.13160651922225952
0.19797591865062716
0.13803783059120178
0.20364107191562647
0.24450533092021945
0.11295684427022933
0.1678139567375183
0.20286162197589877
0.1484551578760147
0.10352178663015364
0.07153584808111191
0.23055563867092127
0.20140789449214933
0.1738787144422531
0.1792173683643341
0.15087056159973145
0.17624405026435852
0.17558462917804718
0.19839495420455927
0.2508778274059296
0.16547314822673795
0.16101668775081635
0.11570605635643004
0.2005958706140518
0.1213858053088188
0.13025884330272675
-0.014445723965764044
0.11979078501462936
0.1123904064297676
0.1328938603401184
0.12832261621952057
0.1404855102300644
0.1838243305683136
0.1899285912513733
0.12874644994735715
0.013500286266207697
0.05632133409380913
0.05812476947903633
0.1522618681192398
0.15207107365131378
0.14966332912445068
0.21657654643058777
0.11214113980531693
0.11143410950899124
0.18994413316249847
0.1211719736456871
0.18274037539958957
0.06836134195327759
0.15604205429553983
0.1473844200372696
0.008287729695439337
0.03879310563206673
0.007309412118047475
0.16922844946384427
0.15703015029430387
0.12066351622343063
0.1138906553387642
0.22581243515014648
0.2292848825454712
0.2012522667646408
0.18921305239200592
0.1710083782672882
0.1728040874004364
0.2105633169412613
0.15767307579517365
0.14211010932922363
0.1589786857366562
0.15464021265506744
0.06467834860086441
0.19295042753219604
0.12525516748428345
0.1349314451217651
0.030879197642207146
0.17609108984470367
0.10661175101995468
0.03653119131922722
0.20533962547779083
0.14833974838256836
0.1646357774734497
-0.025384435430169106
0.1408400982618332
0.051514733582735055
0.16369563341140747
0.13224516808986664
0.23365472257137296
0.19145767390728
0.158364400267601
0.2228086292743683
0.15909631550312042
0.2313099056482315
0.1288703680038452
0.2248968333005905
0.16800339519977567
0.23481522500514984
0.1835151165723801
0.08936120569705963
0.16395749151706696
0.0930931717157364
0.18321843445301053
0.17240092158317563
0.12208741158246994
0.15349261462688446
0.18718357384204865
0.17133507132530212
0.1791406273841858
0.2273709625005722
0.06062097474932671
0.17773662507534027
0.047675136476755135
0.23778536915779117
0.1947147250175476
0.2237782031297684
0.04960240423679352
0.08573409914970398
0.13383375108242035
0.2558236122131348
0.13287968933582303
0.17591281235218048
0.03968791663646697
0.19219692051410675
0.18663814663887024
0.21375130116939545
0.206789031624794
0.20328150689601895
0.16149166226387024
0.1636851131916046
0.059483904391527176
0.2186582237482071
0.23495279252529144
0.23507013916969297
0.16637961566448212
0.20896831154823303
0.1558072566986084
0.18342895805835724
0.2409628927707672
0.17158375680446625
0.05796525999903679
0.14511479437351227
0.15797376632690427
0.16606973111629486
0.19090883433818817
0.20731522142887115
0.22622902691364288
0.16995513439178467
0.03034075535833836
0.2454902678728104
0.13931980729103088
0.06567942351102829
0.02196511253714561
0.18300355970859528
0.15172600746154785
0.16570498049259183
0.19781468808650968
0.06857407093048096
0.21366350352764127
0.13729529082775116
0.18628679215908048
-0.06109588220715522
0.04470808804035186
0.2249048948287964
0.08224312961101533
0.09761722385883331
0.04997861757874489
0.11608130484819412
0.19125987589359283
0.1403131932020187
0.11670382320880889
0.04069719836115837
0.14285050332546234
0.21258099377155304
0.05503198504447937
0.16737666726112363
0.1863565891981125
0.24790884554386136
0.011602338403463364
0.0800574943423271
0.11550638824701308
0.22792641818523407
0.1875671148300171
0.18035572767257688
0.144274964928627
0.057166513055562966
0.05383066460490227
0.18735210597515103
0.014646148309111595
0.16791832447052
0.2299084514379501
0.12482675164937972
0.1865263432264328
0.1935828328132629
0.15768247842788696
-0.0026980401016771798
0.13029155135154724
0.014344969764351845
0.23615819215774536
0.117234967648983
0.13363321125507355
0.15338943898677823
0.0829416587948799
0.2475699931383133
0.1128532588481903
0.13474898040294647
0.23503892123699188
0.217202290892601
0.06275232881307602
0.20475022494792935
0.0931607186794281
0.2072527706623077
0.1490604132413864
0.11025828123092651
0.15875285863876343
0.1584517806768417
-0.05052400007843971
0.19269205629825592
0.2331876903772354
0.1696689873933792
0.15987984836101532
0.18510232865810397
0.1987681984901428
0.20467050373554227
0.08696335554122925
0.10461781173944472
0.19574566185474396
0.12485509365797041
-0.05762762576341629
0.21633589267730713
0.22645747661590576
0.1451199501752853
-0.01288008876144886
0.17343702912330627
0.2187812626361847
0.1436222940683365
0.15702928602695465
0.16938473284244537
0.12105961889028548
0.17930711805820465
0.1267503052949905
0.23561951518058777
0.21162749826908112
0.16605517268180847
0.026470696553587917
0.17873606085777283
0.14526961743831635
0.15146528184413907
0.21418751776218412
0.13188721239566803
0.1733364313840866
0.2357933074235916
0.1875309348106384
0.164959117770195
0.145569771528244
0.20962643623352048
0.16753317415714264
0.14627085626125336
0.24810250103473663
0.06705596297979355
-0.0230010487139225
0.1454896181821823
0.17507372796535492
0.12964077293872833
0.17558689415454865
0.23132251203060153
0.12367323786020278
0.13577932119369507
0.1278919279575348
0.1680462658405304
-0.04457113519310951
0.04834454879164696
0.15849147737026215
0.13906727731227875
0.23518572747707367
0.06779687106609344
0.22989536821842196
0.10939164459705351
0.17432932555675507
0.228852853178978
0.12970057129859924
0.12087983638048172
0.06168732419610024
0.09986023604869841
0.19114603102207184
0.17627471685409543
0.18556405603885648
0.139125257730484
0.16131374239921567
0.21001379191875455
0.2292034476995468
0.1784430891275406
0.13038794696331024
0.08342868089675902
0.1778992265462875
0.11089268326759338
-0.004794253502041101
0.13329334557056427
0.11073952168226242
0.23456665873527527
0.12299253791570663
0.09511945396661758
0.07360248267650604
0.11328618228435516
0.06996120512485504
0.165806382894516
0.228658989071846
0.07802825421094894
0.21915148198604584
0.14756327867507935
0.16524986922740936
0.22407491505146024
0.13344143331050873
0.12644363939762115
0.15188224613666534
0.2042894810438156
0.060552459210157394
0.12502188980579376
0.14867402613162994
0.22880569100379944
0.10753729194402693
0.11522405594587326
0.15385489165782928
0.16246123611927032
0.13653843104839325
0.06057444587349892
0.05871284380555153
0.18445853888988492
0.029908904805779457
0.1604679822921753
0.18960992991924283
0.13640208542346954
0.16308711469173431
0.12334073334932329
0.18549789488315585
0.1380639225244522
0.21181251108646393
0.22673469781875608
0.19597668945789337
0.108570359647274
0.2038959562778473
0.238548144698143
0.17513442039489746
0.17653053998947144
0.13891442120075223
0.16561360657215118
0.18646715581417084
0.17669375240802765
0.1216600313782692
0.21510468423366544
0.09901729226112364
0.163112536072731
0.20371557772159576
0.1050274148583412
0.21391226351261136
0.19673024117946625
-0.057195942848920815
0.14178641140460968
0.13738836348056793
0.1887189894914627
0.07267089188098907
0.09569385647773743
0.13283295929431915
0.039348054677248
0.09320297837257384
0.12307072430849075
0.07796375453472137
0.13110744953155515
0.20817010104656217
0.16695611178874967
0.14294786751270294
0.12402012199163436
0.22578823566436768
0.05014443397521973
0.19260343909263608
-0.029660306870937347
0.06215560063719749
0.21300765872001648
0.23959243297576904
0.16194786131381989
0.14500950276851654
0.09680347144603728
0.16497844457626343
0.16592620313167572
0.2209645509719849
0.22625093162059784
0.07065556943416595
0.2081421464681625
0.12486866861581802
0.2045455425977707
0.10683260858058928
0.15644682943820953
0.1863789260387421
0.09819418936967848
0.15993674099445343
0.022770261391997337
0.17474059760570526
0.25081059336662287
0.2347780615091324
0.05545472726225853
0.19337111711502075
0.15595316886901855
0.17284847795963287
0.13270287215709686
0.22830116748809812
0.14598916471004486
0.15486858785152435
0.14367778599262235
0.06989692151546478
0.04333356022834778
-0.05110527202486992
0.14397007226943967
0.0831434056162834
0.16591529548168182
0.14043737947940826
0.09110464155673981
0.044503092765808105
0.1840781718492508
0.24819947779178617
0.11732900142669676
0.13498982787132263
0.1692485064268112
0.18468300998210904
0.16696031391620636
0.13974393904209137
0.09152211248874664
0.21674665808677676
-0.0006172084249556065
0.14760203659534454
0.19327296316623688
0.2068377137184143
0.11988597363233566
0.2147339880466461
0.05601121857762337
0.19536666572093964
0.15118612349033356
0.11859061568975449
0.17575420439243317
0.19323973357677457
0.2030591368675232
0.2522307932376861
0.15989743173122406
-0.03359471634030342
0.1371344029903412
0.15738587081432343
0.19354385137557983
0.10665183514356612
0.20656655728816983
0.2245601862668991
0.0798759013414383
0.10121107846498488
0.18810468912124637
0.2272036969661713
0.2076402902603149
0.07966012507677078
0.11354552209377287
0.14886832237243652
0.1747133731842041
0.06347522884607315
0.16966839134693143
0.08319162577390671
0.08149593323469163
0.16100534796714783
0.23428742587566373
0.22288352251052856
0.12205154448747633
0.1623242050409317
0.12642686069011688
0.09033013880252838
0.11936033517122269
0.2523823380470276
0.20650337636470795
0.21615184843540192
0.12061095982789992
0.21270711719989777
0.24802412092685697
0.14984139800071716
0.01448930986225605
0.08621778339147566
0.10950148850679396
0.20530012249946597
0.13897651433944702
0.24336889386177063
0.10808619111776352
-0.012906143441796303
0.17028795182704923
0.12669920921325684
0.21195428073406217
0.22125945985317233
0.13656531274318695
0.004010756965726614
0.184911385178566
0.08587614446878433
0.255085825920105
0.06680756062269211
0.0822359248995781
0.1853595525026321
0.1315759569406509
0.0448063425719738
0.18257789313793185
0.07658936828374863
0.2379141002893448
0.12841039896011353
0.1401953101158142
0.059814665466547005
0.19838419556617737
0.018445309251546856
0.11449433863162994
0.1356143206357956
0.18472883105278012
0.10492772608995436
0.12806987762451172
0.16948264837265015
0.11802195012569427
0.17089615762233734
0.14948664605617523
0.19613419473171237
0.23859584331512448
0.1854684799909592
0.24232660233974457
0.16934865713119507
0.1680368334054947
0.2000204026699066
0.18633580207824707
0.09846270829439165
0.1974845379590988
0.17652271687984467
0.1355467587709427
0.1603526622056961
0.20764686167240143
0.19406327605247495
0.10409840941429138
0.1870172023773193
0.18693475425243375
0.1677129864692688
0.17811541259288788
0.20514746010303497
0.19718436896800995
0.1474321037530899
0.11710228770971298
0.171769842505455
0.092299185693264
0.19196701049804688
0.22352114319801328
0.12843260169029236
0.12135114520788191
0.23341186344623563
0.2418680042028427
0.1436922550201416
0.21464185416698453
0.08024074137210846
0.1590566188097
0.006547295954078436
0.14902031421661377
0.1505102515220642
0.05829986557364464
0.19081410765647888
0.027582643553614616
0.182739332318306
0.18375958502292636
0.14892849326133728
0.18837979435920715
0.23034013807773593
0.06258149445056915
0.13776011765003204
0.19077999889850616
0.11064051836729048
0.23129101097583768
0.1136212572455406
0.20052096247673035
0.16341905295848846
0.19064265489578247
0.0375157818198204
0.1778464913368225
0.12496181577444077
-0.02313000150024891
0.08159641921520233
0.16623757779598236
0.07981481403112411
0.17823846638202667
0.057381760329008095
0.13356247544288635
0.1754151880741119
0.20814843475818637
0.24121686816215515
0.166496604681015
0.1570722609758377
0.03771795704960823
0.1160307005047798
0.16956226527690887
0.22456176578998563
0.06773743033409119
0.22362303733825684
0.026646895334124565
0.15343649685382843
0.2206874042749405
0.20181354880332944
0.1262785792350769
0.14039650559425354
0.19190336763858795
-0.03964965045452118
0.14543429017066956
0.204569011926651
0.0202095340937376
0.12470478564500807
0.23815956711769104
0.10802672803401948
0.12765228748321533
0.16419236361980438
0.14562509953975675
0.21725203096866608
0.19510731101036072
-0.037960026413202286
0.08519767224788666
0.2179845869541168
0.11402207612991332
0.25398167967796326
0.23770360648632047
0.0544973686337471
0.1697918027639389
0.17213696241378784
0.1762482225894928
0.13785569369792938
0.17145775258541107
0.17213819921016693
0.1330326944589615
0.2431321293115616
0.198109433054924
0.13378052413463593
0.1867288798093796
0.23422794044017792
0.25065091252326965
0.1790745109319687
0.21843580901622767
0.18543004989624023
0.21453236043453217
0.15822716057300568
0.11534606665372849
0.0008842512033879758
0.2628922164440155
0.19386665523052213
0.16322745382785797
0.20146398246288297
0.07985398173332214
0.23506924510002136
0.1179446205496788
0.17528122663497925
0.2240009754896164
0.223860964179039
0.22143183648586276
0.1602555066347122
0.00034727668389678
0.15163338184356687
-0.05778207257390022
0.23155142366886136
0.0947846695780754
0.191172793507576
0.19350528717041013
0.03139512240886688
0.1340202838182449
0.23074118793010712
0.1013919562101364
0.22974361479282376
0.17984335124492645
0.1881636828184128
0.05679325386881828
0.25026431679725647
0.237926721572876
0.1716170758008957
0.19934414327144623
0.16403430700302124
0.18375486135482788
0.19857266545295715
0.13688184320926666
-0.028236018493771557
0.23137871921062467
0.167134627699852
0.1828089505434036
-0.02071022801101208
0.2235647737979889
0.15457522869110107
0.21598728001117704
0.06367923319339752
0.10448601841926573
0.15010064840316772
0.09984714537858963
0.1329738050699234
0.18858465552330017
0.1784515231847763
0.14383380115032196
0.18299271166324613
0.12585769593715668
0.18280108273029327
0.11723103374242783
0.09914638102054597
0.20350851118564603
0.1911998391151428
0.1838945597410202
0.15447472035884857
0.22193081676959991
0.12047291547060011
0.1237608566880226
0.16788132488727567
0.16660252213478088
0.1871161907911301
0.14015920460224152
0.09576132893562317
0.04992808774113655
0.07901350408792494
0.1804189831018448
0.0932455062866211
0.22011135518550873
0.24896581470966336
0.15094397962093353
0.18848754465579984
0.19821618497371676
0.15135736763477323
0.2086916416883469
0.11574972420930862
0.13452976942062375
0.13328401744365692
0.0509115606546402
0.1538713127374649
0.1224764809012413
0.1721794754266739
0.16762760281562805
0.18391366302967072
0.21647167205810544
0.23227600753307345
0.16122078895568848
0.1630593091249466
0.010365301743149756
0.21484339237213132
0.20810131728649137
0.0007938533090054989
0.23148560523986816
0.19999144971370697
0.165568009018898
0.09751797467470168
0.16235430538654327
0.16201665997505188
0.16033576428890228
-0.008878795430064201
0.1384800225496292
0.1753753423690796
0.18329717218875885
0.08496002107858659
0.18273673951625824
0.1950402110815048
0.20754657685756683
0.23820652067661283
0.1696079522371292
0.1753586381673813
-0.008058836683630942
0.1834736913442612
0.1540297120809555
0.13151897490024567
0.2486902624368668
0.20484226942062375
0.1547326296567917
0.23235879838466644
0.16045252978801727
0.19342167675495148
0.23795439302921292
0.082951582968235
0.1638864129781723
0.09065861999988559
0.2135983258485794
0.12425412982702257
0.19632185995578763
0.2400241941213608
0.1004793345928192
0.09938419610261917
0.14235572516918182
0.13173846900463104
0.15723906457424164
0.08430676907300949
0.2013082504272461
0.1577739268541336
0.16173844039440155
0.1888157278299332
0.1983139365911484
0.1765976846218109
0.19015593826770785
0.10466085374355316
0.17751388251781464
0.12648572027683258
0.1756477653980255
0.1618279665708542
0.25236639380455017
0.15179565548896787
0.1881369799375534
0.17579494416713715
0.14755378663539886
0.14885282516479492
-0.007544355932623149
0.03703324869275093
0.23060065507888797
0.12029813975095748
0.016535786911845207
0.2286066859960556
0.15383362770080566
0.17251275479793549
-0.06132495030760765
0.21588246524333957
0.20817261934280396
0.23235133290290833
0.14387859404087067
0.1670333296060562
0.1831335872411728
0.15282386541366577
0.2042827010154724
0.023464322090148922
0.21865080296993253
0.08456795662641525
0.22504229843616483
0.2073158025741577
0.06607404351234436
0.12200035899877548
0.1756613403558731
0.15319408476352692
0.1292998492717743
0.1293313056230545
0.23069967329502103
0.11759164929389952
0.125201478600502
0.202413871884346
0.22056861221790316
0.14986245334148407
0.028227718546986576
0.20995943248271945
0.04928849264979362
0.10494289547204971
0.24316805601119995
0.16100020706653595
0.21234868466854093
0.17245228588581085
0.15489980578422546
0.16885019838809967
0.16483545303344727
0.08501624315977097
0.1492277830839157
0.20353703200817108
0.13502417504787445
0.15310099720954895
0.1651315540075302
0.204709991812706
0.17377178370952606
0.17127633094787595
0.20078220963478088
0.1310164779424667
0.20329031348228452
0.11419720202684402
0.1419094204902649
0.1769106090068817
-0.04777514562010765
0.22374169528484344
0.16327208280563354
0.1692131459712982
0.24034950137138367
0.1340690106153488
0.159010648727417
0.07673005014657974
0.17944467067718503
0.09245689958333968
0.22546459734439847
0.14286215603351593
0.17298799753189087
0.19787652790546417
0.19378291070461276
0.2377234399318695
0.0021106614731252198
0.1780797094106674
0.13083182275295255
0.13263659179210663
0.191856786608696
0.22367678582668304
0.17998912930488586
0.1445415765047073
0.10225897282361984
0.23048220574855804
0.09748753160238266
0.22414767742156985
0.20801499485969543
0.09832047671079636
0.152782142162323
0.19064177572727203
0.19171930849552157
0.15711279213428497
0.1899063140153885
0.05829964950680733
0.05074682459235191
0.2022467255592346
0.03587123379111289
0.2073165327310562
0.1886405050754547
0.23755744099617004
0.2356806248426437
0.08327865600585938
0.0015396974049508572
0.227520689368248
0.2346748411655426
0.09421264380216599
0.2401495724916458
0.1150950938463211
0.19880963861942288
0.13280795514583588
0.17432691156864166
0.15464912354946136
0.15402446687221527
0.219545379281044
0.12830480933189392
0.1772891730070114
0.17650212347507477
0.0968119129538536
0.10837773233652113
0.1844734996557236
0.20484997332096097
0.10281256586313248
0.1281580775976181
0.18928200006484985
0.15855808556079865
0.08777353912591934
0.11879744380712508
0.18206949532032007
0.09536924958229065
0.021036662161350247
-0.055239658802747726
0.20207796990871427
0.19998297095298767
0.1636524498462677
0.19722159206867215
0.16570286452770233
0.12378055602312088
0.1653820425271988
0.2327396720647812
0.038780074566602714
0.1945098042488098
0.15623778104782104
0.23722304403781888
0.2305139899253845
0.19183613359928128
0.15388789772987363
0.08778004348278044
0.16859836876392365
0.2186779826879501
0.08343932777643204
0.14512501657009125
0.22087500989437103
0.17287275195121765
0.19489024579524997
0.044393822550773614
0.143737331032753
0.19887076318264008
0.16493426263332367
0.18453568220138547
0.22849445044994357
0.1470961719751358
0.01983479969203472
0.01890585385262966
0.148528590798378
0.22114454209804532
0.09122377634048462
0.2140948325395584
0.09505228698253632
0.18653772771358487
0.1739968508481979
0.15534186363220215
0.13598766922950745
0.171800434589386
0.026021631434559826
0.19241176545619965
0.08904559165239334
0.1535821259021759
0.164833664894104
0.10479217022657394
0.1778036057949066
0.13445959985256195
0.08727923780679703
0.11398952454328536
0.11289695650339127
0.144887775182724
0.2640356123447418
-0.0006999061442911625
0.23711690306663516
0.1262168437242508
0.24937270581722257
0.1452294886112213
0.17676205933094025
0.1741667538881302
0.2533071041107178
0.20850688219070437
-0.044452909380197525
0.13675656914710999
0.09718624502420424
0.10888900607824324
0.18364632129669187
0.2467458099126816
0.1583322435617447
0.18075309693813324
0.1658874899148941
0.20875705778598783
0.0034181564114987846
0.23703016340732572
0.2053416818380356
0.14507503807544708
0.10051265358924864
0.17694173753261566
0.15417687594890594
0.181345596909523
0.19194419682025907
0.07746881246566771
0.13795985281467435
0.19474253058433527
0.18535326421260837
0.18737192451953888
0.1358473300933838
0.1911513060331345
0.1627792865037918
0.1894303113222122
0.13589602708816528
0.16705933213233948
0.24593158066272733
0.06274352222681046
0.09120400995016098
0.23753076791763303
0.17243123054504395
0.111618272960186
0.0941850021481514
0.06183352693915367
0.20078955590724945
0.23505453765392303
0.07020663470029831
0.14695855975151062
0.18428103625774384
0.22787210345268247
0.13541963696479797
0.10309246182441711
0.19370125234127045
0.18124714493751523
0.18591803312301636
0.1449710577726364
0.05790236219763756
0.20176023244857788
0.17952057719230652
0.19921207427978516
0.11719032377004623
0.1884111315011978
-0.00010065222159028052
0.23592740297317505
0.12091321498155592
0.22556591033935544
0.07826615869998932
0.18445461988449097
0.17067892849445343
0.1015116050839424
0.16253721714019775
-0.0008228183723986147
0.16264745593070984
0.1819543689489365
0.1816992163658142
0.15051497519016263
0.036661509424448006
0.17164765298366547
0.16882063448429108
0.21815581619739527
0.17542774975299835
0.19633817672729487
0.022688955068588257
0.2067275047302246
0.04502730071544647
0.187998428940773
0.15233920514583588
0.14316610991954803
0.02157028950750828
0.14018720388412476
0.1705351620912552
-0.06727387756109238
0.10507507622241972
0.1275973618030548
0.11368064582347868
0.19576947391033167
0.19932295382022855
0.16543151438236237
0.191955640912056
0.12924249470233917
0.25119408965110773
0.12541005015373227
0.16590866446495056
0.1460355669260025
0.07700762897729874
0.09023535251617432
0.21491585671901703
0.1690412014722824
0.2376043200492859
0.13906995952129364
0.08959146589040755
0.1783870905637741
-0.006445738021284342
0.17427726089954376
0.15668009221553802
0.19735045731067655
0.23595108091831207
0.22762690484523773
0.162330761551857
0.05639968439936638
0.1480795294046402
0.13773562014102936
0.1979466676712036
0.0629395842552185
0.22726346552371976
0.11352138966321944
0.13048018515110016
0.17168584465980527
0.17084890604019165
0.16507403552532196
0.04996076598763466
0.1901816874742508
0.0953296720981598
0.15214037895202637
0.20902083814144132
0.11034998297691344
0.21481934189796448
0.14886748790740967
0.21100583672523496
0.1748761087656021
0.25349074602127075
0.07625035941600798
0.16204388439655304
0.17574758827686307
0.15681733191013336
0.237176775932312
0.14725586771965027
0.1531035602092743
0.10137917846441268
0.12961708009243011
0.24068124592304227
0.1401567310094833
0.2184668928384781
0.16235800087451935
0.16140690445899963
0.1303769052028656
0.1196685805916786
0.23737047612667084
0.10300197452306747
0.25233015418052673
0.18517814576625824
0.17354607582092285
-0.06109154596924782
0.11963696032762527
0.20863384008407593
0.1704052984714508
0.09350524842739104
0.2244683802127838
0.20544324815273285
0.16867026686668396
0.1803978979587555
0.1737478673458099
0.0724683403968811
0.14277537167072296
0.12375273555517197
0.12935975193977356
0.12825818359851837
0.12338244169950484
0.14993028342723846
-0.009809138253331184
0.24375070631504056
0.08283813297748564
0.17511165142059326
0.22636751830577848
0.20877470076084137
0.23451407253742215
0.15847910940647125
0.1003708839416504
0.19096170365810397
0.2271316647529602
0.07716741412878035
0.1615107953548431
0.13089637458324432
0.1683121770620346
0.1824271529912949
0.15340591967105863
0.15753458440303802
0.1198267862200737
0.21039052307605743
0.13560831546783447
0.16507260501384735
0.024232976138591766
0.16874448955059052
0.2275516539812088
0.16196350753307343
0.14669373631477356
0.19511620700359344
0.13169102370738983
0.18537376821041107
0.20426487922668457
0.12102844566106796
0.17082451283931732
0.10937993228435516
0.1663677990436554
0.084769107401371
0.11806192249059676
0.15966542065143585
0.2141493260860443
0.11049185693264008
0.2356005609035492
0.18548150360584256
0.09171246737241745
0.14178599417209625
0.0446285791695118
0.17896999418735504
0.22546333074569705
0.09873456507921219
0.19927123188972476
0.17047522962093353
0.06796894967556
0.1358763426542282
0.12833622097969055
0.057497311383485794
0.1603434532880783
0.22944205999374387
0.22945491969585416
0.21784485876560208
0.19034229218959808
0.08878348767757414
0.12270446866750716
0.16781626641750336
0.2343062609434128
0.1679326295852661
0.1583772897720337
0.21385987102985385
0.13388489186763763
0.1910001039505005
0.08453523367643356
0.22063647210597992
0.06384366750717163
0.04757584631443024
0.15297265350818634
-0.0033241347409784794
0.19179588556289673
0.23683504760265353
0.080771304666996
0.23213157057762143
0.11896071583032608
0.14054580032825467
0.20656962692737577
0.09995387494564056
0.23204489052295685
0.1461062729358673
0.15246444940567017
0.1261574774980545
0.1485118716955185
0.17366011440753937
-0.006225901190191507
0.2307323515415192
0.1678141951560974
0.14428947865962982
0.21999992430210116
0.2224079519510269
0.010254746302962303
0.1870106905698776
0.20267620682716367
0.10581982880830763
0.1031770408153534
0.12566623091697693
0.0005768849514424801
0.1721852868795395
0.10374222695827484
0.06867567449808121
0.1431570202112198
0.1678825467824936
0.2246122509241104
0.11578748375177383
0.1255047768354416
0.223293736577034
0.19877342879772184
0.07119503617286682
0.21103577315807345
0.06833440810441971
0.11205219477415083
0.057360175997018814
0.12551353871822357
0.18762522935867307
0.15124444663524628
0.2373037785291672
0.1066143736243248
0.12419701367616652
0.2370474487543106
0.12998944520950317
0.07611660659313203
0.2371835559606552
0.14257113635540009
0.11386073380708694
0.16722074151039124
-0.022927822545170784
0.17202849686145782
0.0945161357522011
0.18081189692020416
0.14378641545772552
0.19637899100780487
0.16587552428245544
0.2285331338644028
0.0813834071159363
0.12791071832180023
0.1825018972158432
0.17474563419818878
0.12197855859994888
0.15374289453029633
0.06806793063879013
0.18888323009014127
0.16735737025737762
0.09241440892219543
0.17390312254428864
0.17754921317100525
0.14052289724349976
0.18189232051372528
0.12719202041625977
0.19663578271865845
0.19327373802661893
0.17077355086803436
0.09992557764053343
0.14489819109439847
-0.024855384603142735
0.15174008905887604
0.09290811419487
-0.011818507686257362
0.16979749500751495
0.19423013925552368
0.18025164306163788
0.235099732875824
0.08372828364372253
0.22917358577251437
0.11306026577949524
0.180572509765625
0.16565418243408203
0.235814169049263
0.07075374573469162
0.057869289070367806
0.053435273468494415
0.14564938843250275
0.1878228336572647
0.17351575195789337
0.23805855214595795
0.1799037009477615
0.18473224341869357
0.05161428451538086
0.21404023468494413
0.17701299488544464
0.05664173886179924
0.1793917417526245
0.11142419278621672
0.12916317582130432
0.07550766319036484
0.1436869353055954
0.10250752419233322
0.12392156571149826
0.09745993465185165
0.17408321797847748
0.1765623539686203
0.08706922084093094
0.18371614813804624
0.016417069360613823
0.09697102755308153
0.2492209225893021
0.09674569964408873
0.16738168895244598
0.13783705234527588
0.2494954615831375
0.23257088661193848
0.17692099511623383
0.18083202838897705
0.18711529672145844
0.15948843955993652
0.1990738958120346
0.16184557974338531
0.11007472872734068
0.21482135355472565
0.230289489030838
0.19491602480411527
0.23238845169544217
0.11124318838119505
0.062293428927659995
0.10997170954942705
0.12038026005029678
0.10863346606492996
0.1824711710214615
0.15233604609966278
0.039995260536670685
0.22447307407855988
0.1901777386665344
0.1768721491098404
0.08624281734228134
0.22678130865097043
0.13811741769313812
0.12096744030714036
0.2291322499513626
0.24694170057773593
0.13336701691150665
0.10487132519483566
0.01939201913774013
0.09477078914642334
0.1544676572084427
0.1438140720129013
0.16263757646083832
0.08582012355327606
-0.02671161852777004
0.09155835211277008
0.08744562417268753
0.11316244304180144
-0.0319068469107151
0.21075858175754547
0.13223598897457123
0.17235703766345975
0.17112183570861816
0.12731805443763733
0.07158853113651276
0.139463409781456
0.19812555611133573
0.1894916594028473
0.20288877189159396
0.1933068335056305
0.13058768212795255
0.08693253248929977
0.12003704160451888
0.19541956484317777
0.22225922346115112
0.14180918037891388
0.21722237765789032
0.250165730714798
0.11296363174915312
0.1907648295164108
0.11191285401582717
0.1189526543021202
0.1830652505159378
0.2243746370077133
0.20596352219581604
0.10435875505208968
0.15502530336380005
0.17813090980052948
0.189038410782814
0.2092003673315048
0.1289687305688858
0.15623891353607175
0.16272862255573273
0.1823212057352066
-0.020907538011670113
-0.05703897774219513
0.08480923622846603
0.11986658722162245
0.21350251138210297
0.19829095900058744
0.17726005613803864
0.0626467689871788
0.1336340755224228
0.07350580394268036
0.20623512566089633
0.1521114706993103
0.2033574432134628
0.17697109282016754
0.22917301952838895
0.2235928028821945
0.14414958655834198
0.22108303010463717
0.10570567101240158
0.18189291656017303
0.016117846593260765
0.1519644409418106
0.16134698688983917
0.18844622373580927
0.2379542291164398
0.11906855553388596
0.18174059689044952
0.06168271228671074
0.018406881019473076
0.1660059541463852
0.1435258835554123
0.08198812603950499
0.2268657237291336
0.10542748123407364
0.20753382146358487
0.1431904286146164
0.13186292350292203
0.19720223546028137
0.14041586220264435
0.09026502817869185
0.20598329603672028
0.08074750751256943
-0.04910872876644135
0.06258081644773483
0.17702998220920563
0.04740019142627716
0.13696798682212827
0.10277267545461655
0.058457959443330765
0.22604061663150787
0.14712318778038025
0.1000010073184967
0.1808781325817108
0.15120093524456024
0.017711766064167023
0.1665629893541336
0.12179472297430038
0.16215363144874573
0.22185553610324857
0.22268454730510712
0.22454245388507843
0.22216771543025968
0.21581315994262693
0.20331722497940063
0.1433028280735016
0.14190255105495453
0.13816931843757627
0.1424809843301773
0.19362804293632507
0.10595809668302536
0.24211315810680387
0.2294435948133469
0.19606055319309235
-0.0415458120405674
0.09447796642780305
0.1986442059278488
0.20326869189739227
0.1480356603860855
0.23113405704498288
0.16852523386478424
0.2521542012691498
0.16747622191905975
0.16654761135578156
0.12002625316381454
0.18024896085262296
0.0609034039080143
0.21023587882518768
0.23833955824375153
0.14919207990169525
0.1437193602323532
0.17471809685230255
0.0657704547047615
0.18197499215602875
0.2187339961528778
0.006167126353830099
0.18740685284137723
0.1566350609064102
0.15853628516197205
0.1407516598701477
0.07873340696096419
0.13077840209007263
0.03763285651803017
0.1183350533246994
0.15222658216953275
0.227393701672554
0.23077930510044095
0.1283070594072342
0.0839782878756523
0.16956664621829987
0.1031651571393013
0.2218065708875656
0.14611725509166715
0.13817784190177915
0.21121717989444727
0.196777805685997
0.16486522555351257
0.21621982753276825
0.15252692997455597
0.1698448210954666
0.16293513774871826
0.2306210696697235
0.09970799088478088
0.16204577684402463
0.20176230370998385
0.12533412873744965
0.16096031665802
0.21568432450294492
0.19285050034523007
0.08904987573623657
0.19227463006973264
0.0007044686935842037
0.06059324368834496
0.19009575247764587
0.1201200857758522
0.14150093495845795
0.2401413768529892
0.15915840864181519
0.04668373987078667
0.17373977601528168
0.15040242671966553
0.18042583763599396
0.17973628640174863
0.16469828784465787
0.20246392488479611
0.1877637356519699
0.07171259820461273
-0.05218492075800896
0.1457524597644806
0.20995475351810453
0.11605904251337051
0.06994102150201797
0.0848957523703575
0.16170936822891235
0.18900704383850095
0.12408805638551712
-0.03177676349878311
0.22455827891826627
0.22894352674484247
0.10047332197427748
0.2021571844816208
0.10213691741228104
0.10639255493879318
0.0519026517868042
0.19529594480991364
0.2056412696838379
0.18121545016765597
0.1592481434345245
0.22278109192848203
0.16738276183605194
0.22414281964302063
0.20115397870540616
0.20487426221370697
0.2503309547901153
0.23964032530784607
0.05503223091363906
0.18709577620029447
0.17252637445926666
0.18993647396564484
0.13335074484348297
0.2190948575735092
0.2207093834877014
0.019482912495732307
0.14078977704048157
0.18398100137710569
0.1684984713792801
0.23213396966457367
0.1693442016839981
0.18891526758670807
0.17059455811977386
0.18704877793788907
0.15076759457588196
0.21572954952716827
0.1691470891237259
0.07126583904027939
0.15222731232643127
0.10440864413976668
0.1315486431121826
0.18528051674366
0.1353672593832016
0.09118518233299255
0.10299311578273772
0.24153144657611847
0.2209938317537308
0.21656583249568936
0.16342701017856595
0.15311764180660248
0.16313694417476654
0.1780773401260376
0.18540613353252408
0.13275687396526337
0.14644736051559448
0.17517615854740143
0.1805148869752884
0.1707509309053421
-0.08043045550584793
0.19821946322917935
-0.04018876701593399
0.1711456328630447
0.00017341366037726402
0.16385044157505035
0.1614273637533188
0.16901253163814545
0.2511539161205292
0.16333983838558197
0.06967973709106445
0.1255016177892685
0.10112297534942626
0.06892550736665726
0.07844746857881546
0.15280435979366302
0.17291949689388275
0.05063211545348168
0.24682314693927765
0.2411832958459854
0.20815567672252652
0.17975535988807678
0.24280832707881927
0.09040962159633635
0.05429675057530403
0.18385097384452817
0.04982050135731697
0.09244935214519501
0.2295561879873276
0.1761258840560913
0.08639712631702422
0.18987812101840967
0.14593805372714996
0.2350763976573944
0.16559848189353943
0.17438262701034543
0.17769666016101837
0.16777820885181427
0.15804870426654816
0.1221712902188301
0.15512157976627347
0.17353321611881256
0.031029796227812767
0.16635592281818387
0.09599492698907852
0.048406220972538
0.15421931445598602
0.08205507695674896
0.026968305930495266
0.23116572201251984
0.22553332149982447
0.228002205491066
0.08692604303359985
0.08531907945871353
0.09716078639030457
0.22865141928195956
0.2337988168001175
0.1773645132780075
0.021373663097620007
0.10104256123304368
0.22948379814624784
0.14246635138988495
0.16518492996692655
0.1365041732788086
0.13988305628299713
0.22891880571842196
0.2089979946613312
0.1674918681383133
0.1018773466348648
0.11143303662538528
0.23326928913593287
0.06987740099430084
0.15585383772850037
0.1178811341524124
0.1942738890647888
0.10686426609754562
0.1617446094751358
0.0793364867568016
0.2335737496614456
0.15336529910564423
0.16346606612205505
0.030854539945721623
-0.02062086947262287
0.1339077055454254
0.2045048028230667
0.20517751574516296
0.14341412484645844
0.22708551585674283
0.20444476604461667
0.16336423158645627
0.16572557389736176
0.22554512321949005
0.15448203682899475
0.1004512682557106
0.10659407079219818
0.23576770722866056
0.20996786653995517
0.23000295460224152
0.06316395103931427
0.18801219761371607
0.0808456614613533
0.1336914300918579
0.23282960057258603
0.1518246978521347
0.22266469895839688
0.14689986407756803
0.1460510641336441
0.04708190634846687
0.22201354801654813
0.24601678550243375
0.1580214351415634
0.21793873608112332
0.1794969141483307
0.22829078137874603
0.22431357204914093
0.05927611514925957
0.16683053970336914
0.17161038517951965
0.16078750789165497
0.17656676471233368
0.24047283828258517
0.1900296062231064
0.23698848485946652
0.16662906110286713
0.07035540789365768
0.1997158080339432
0.09233927726745603
0.006964927073568106
0.12170559912919998
0.18924856185913083
0.11004438251256941
0.1571863740682602
0.13601164519786835
0.18550273776054385
0.16118653118610382
0.038484953343868256
0.07512997090816499
0.09334916621446608
0.16860787570476532
0.17943452298641205
0.20179726183414456
0.1622447520494461
0.10478493571281432
0.19481866061687467
0.21150387823581693
0.10792544484138487
0.14678038656711578
0.1991373747587204
0.04588661342859268
0.1123482659459114
0.24586258828639984
0.2012062221765518
0.22675462067127228
0.1375782340764999
-0.07965390384197235
0.2484314888715744
0.23087207973003387
0.11388523131608964
0.16971884667873383
0.19423624873161316
0.11017534881830215
0.1805719882249832
0.14589063823223114
0.16656093299388883
0.21319852769374847
0.18811731040477753
0.16262207925319672
0.18354214727878568
0.15841662883758545
0.1836721748113632
0.18608085811138156
0.21729430556297305
0.13890133798122406
0.21921925246715543
0.14115063846111295
0.2289264798164368
0.16759788990020752
0.13659027218818665
0.052992887794971466
0.19878618419170377
0.1455535739660263
0.15984304249286652
0.20542487502098083
0.1069049835205078
0.15086425840854645
0.12527772784233093
0.08691496402025223
0.14039961993694303
0.04700583964586258
0.23386965692043304
0.20692786574363708
0.09691532701253891
0.2300284057855606
-0.0705404132604599
0.08581420779228209
0.10835417360067368
0.13743363320827484
0.06043389067053794
0.16094812750816345
0.1845447868108749
0.18104934692382807
0.1826712936162949
0.08613907545804977
0.138942152261734
0.045173995196819305
0.16335339844226837
0.15470969676971436
0.17709524929523468
0.25664570927619934
0.23837660253047943
0.16449496150016785
0.1801583617925644
0.1251128911972046
0.03602493181824684
0.18043823540210724
0.24063971638679504
0.1923638731241226
0.09494960308074953
0.2354053109884262
0.1801408678293228
0.24637888371944427
0.2010426819324493
0.21326804161071777
0.1681191474199295
0.04440704360604286
0.23852093517780304
0.1590844988822937
0.256833553314209
0.10506855696439744
0.1512116640806198
0.23355832695961
0.20002324879169464
0.17542289197444916
0.22941589355468753
0.20345233380794525
0.20887984335422516
0.16696394979953763
0.15054361522197723
0.18339087069034576
0.05212116241455078
0.18087562918663025
0.22650393843650815
0.14223581552505493
0.13861395418643951
0.17935936152935028
0.006912663113325833
0.23222830891609192
0.18504825234413144
0.1438423991203308
0.14896582067012787
0.23281587660312647
0.1950817704200745
0.2083895653486252
0.19441919028759
0.08761314302682877
0.14907121658325195
0.17250609397888184
0.23346601426601407
0.15566976368427277
0.11273171752691268
0.15654714405536652
0.20212568342685697
0.23599420487880704
0.2333585023880005
0.19549322128295896
0.18946756422519684
0.15742929279804227
0.14270514249801636
0.1756966263055801
0.1752006709575653
0.0714857205748558
0.19144129753112793
0.15764890611171722
0.2385370433330536
0.003024091478437185
0.1585647016763687
0.018308067694306374
0.12683051824569702
0.12173665314912796
0.15130183100700378
0.207875981926918
0.1608845442533493
0.17382358014583588
-0.0328068733215332
0.15597765147686005
0.1532260775566101
0.165590763092041
0.1842415481805801
0.1490920782089233
0.15066848695278168
0.23354117572307584
0.22733496129512784
0.15658877789974213
0.1847618073225021
0.16563755273818967
0.197879821062088
0.16370147466659543
0.1319049447774887
0.16031581163406372
0.16005100309848783
0.1888583451509476
0.07412688434123993
0.20054365694522855
0.2465836852788925
0.1039988026022911
0.15666727721691132
0.12136865407228468
0.1961934119462967
0.17115886509418488
0.21153266727924344
0.14226363599300385
0.09308750182390212
0.11997989565134048
0.13791446387767792
0.1011275202035904
0.0905550941824913
0.09739243239164352
0.1874444931745529
0.0887303426861763
0.15202219784259796
0.1984252333641052
0.18766941130161283
0.131869375705719
0.1954985409975052
0.20433008670806885
0.12507294118404388
0.14286848902702332
0.18388283252716064
0.18135358393192288
0.20066277682781217
0.1398545503616333
0.1470474898815155
0.22585992515087128
0.12680365145206451
0.2368160635232925
0.15812905132770538
0.04475561156868935
0.06656936556100845
0.10272598266601562
0.08569278568029404
0.2103016674518585
0.23847199976444244
0.18490378558635712
0.12493955343961716
0.20020610094070437
0.17103931307792664
0.1874244809150696
0.22201430797576904
0.18248458206653595
0.17306163907051086
0.18167679011821744
0.177529975771904
0.08432144671678543
0.16271628439426422
0.21204257011413571
0.1900775134563446
0.16592203080654144
0.21137866377830505
0.1913175731897354
0.1382589042186737
0.1412438601255417
0.11497489362955092
0.17928926646709442
0.19560496509075165
0.20874683558940887
0.03365600481629372
0.1280678957700729
0.09628154337406158
0.16288451850414276
0.2500077784061432
0.11187591403722764
0.06551109999418259
0.12228145450353622
0.044775240123271935
0.14281730353832245
0.13008654117584229
0.007396209519356489
0.23197999596595764
0.20131847262382507
0.14379452168941495
0.15716341137886047
-0.08430352061986923
0.13712061941623688
0.1342729926109314
0.22933362424373624
0.023213619366288185
0.07102653384208679
0.19320882856845853
0.2095180302858353
0.09803710132837296
0.25208088755607605
0.09856232255697249
0.05651171877980232
0.17864485085010529
0.17941266298294067
0.2163618355989456
0.1381453424692154
0.19466985762119293
0.16519238054752347
0.114613376557827
0.22858802974224088
0.22855122387409207
0.14212070405483243
0.18582862615585327
0.208615705370903
0.09114477783441544
0.1258193701505661
0.22324377298355105
0.22836391627788544
0.05409432202577591
0.17601390182971954
0.08645293116569519
-0.03412868455052376
0.21556289494037628
0.1308375597000122
0.1371830850839615
0.13540510833263397
0.23591998219490048
0.16851846873760223
0.16802595555782318
0.25008606910705566
0.1426774561405182
0.14612458646297455
0.06896140426397324
0.18422435224056244
0.1436394900083542
0.2385844588279724
0.21961089968681333
0.036378823220729835
0.16591545939445496
0.17147578299045563
-2.203742042183876e-05
0.16667859256267548
0.19723139703273773
0.13702949881553647
0.1286875158548355
0.15772861242294312
0.20494647324085236
0.11448899656534194
0.194951593875885
0.0012142970226705074
0.21433494985103607
0.17828576266765594
0.10766509920358656
0.2351410388946533
0.1717359721660614
0.21424055099487305
0.13726286590099335
0.2502131760120392
0.180354967713356
0.16692622005939484
0.1647842973470688
0.12542180716991425
0.216840460896492
0.10479840636253356
0.10904756933450697
0.18686266243457797
0.2179628163576126
0.21579959988594052
0.1271919459104538
0.2033614814281464
0.07680901885032652
0.2432076185941696
0.23187081515789032
0.18904002010822296
0.16581542789936063
0.16634012758731842
0.09402444213628769
-0.019043689593672752
0.05464129522442818
0.19685330986976624
0.18181581795215607
0.1730535626411438
0.17349904775619507
0.2196026295423508
0.24273131787776947
0.1381881088018417
0.10935252904891968
0.24918575584888455
0.11529082804918288
0.16595689952373505
0.04012415558099747
0.20799000561237332
0.15163318812847135
0.21854384243488312
0.10528134554624556
0.07970429211854935
-0.04903670027852058
0.09717189520597456
0.20236825942993164
0.19912414252758023
0.1282423883676529
0.17162580788135529
0.1392045021057129
0.10474192351102828
0.16683046519756317
0.1573714166879654
0.16144792735576627
0.1917181462049484
0.1811192482709885
0.07820750027894972
0.23749789595603943
0.10475403815507887
0.01681634597480297
0.16014309227466583
0.20503033697605133
0.22732253372669217
-0.03340006247162819
0.19671069085597992
0.12965039908885956
0.18630579113960263
0.18149854242801663
0.17679688334465027
0.0685613751411438
0.16477680206298828
0.1664622575044632
0.06265692412853241
0.18361450731754303
0.1613492965698242
0.17062611877918243
0.16904424130916595
0.14951960742473602
0.17896710336208344
0.16382746398448944
0.1499735116958618
0.12802310287952423
0.026401421055197716
-0.08980896323919296
0.22840245068073273
0.20727485418319705
0.15498574078083038
0.16778181493282318
0.016333594918251038
0.11715970933437347
0.1294353753328323
0.08342076092958449
0.12770649790763855
0.2038515657186508
0.12658339738845825
0.12365009635686874
0.184690535068512
0.032756343483924866
0.23012109100818637
0.2366337776184082
0.1680266112089157
0.14506955444812775
0.1712411493062973
-0.010146902874112127
0.16991807520389557
-0.019746815785765648
0.18589694797992704
0.05498259514570236
0.13618598878383636
0.1205981746315956
-0.02361503802239895
0.09891265630722045
0.1613018661737442
0.10510123521089552
0.03685925528407097
0.14800843596458435
0.14467331767082214
0.19559724628925323
0.14979824423789978
0.1674224883317947
0.0656074807047844
0.11524289846420288
0.2389986217021942
0.09634728729724883
0.0024339496158063407
0.10160582512617113
0.18447379767894745
0.14723004400730133
0.11557628214359283
0.148487389087677
0.1347990036010742
0.13959084451198575
0.15007074177265167
-0.0024412074126303196
0.08390779793262482
0.15096354484558103
0.09854233264923096
0.219402015209198
0.20489686727523804
0.03444843739271164
0.1983118951320648
0.2184205502271652
0.17371699213981628
0.13578441739082336
-0.06501682102680206
0.1663879156112671
0.1582653671503067
0.10410635918378829
0.10609550029039382
0.1024787425994873
0.18110477924346924
0.20833182334899905
0.051306847482919686
-0.03223864734172821
0.1031397059559822
0.1517484188079834
0.22795680165290833
0.01878437586128712
0.03181510418653488
0.1291593462228775
0.23825064301490784
0.059809897094964974
0.23222963511943817
0.2571907341480255
0.1316477358341217
0.09984349459409712
0.14351625740528107
0.029815068468451496
0.017405522987246513
0.09487791359424592
0.24961610138416288
0.09126432240009309
0.23677466809749603
0.05161861702799797
0.0506407655775547
0.039545562118291855
0.12520037591457367
0.14557841420173645
0.036069247871637344
0.15402132272720337
0.1531551629304886
0.17975275218486783
0.10768721252679823
0.1388142704963684
0.19680583477020264
0.15073181688785553
0.15658409893512723
0.12177450209856032
0.0950028970837593
0.08493726700544357
0.1812122613191605
0.2060069888830185
0.1527581810951233
0.21726509928703308
0.18284697830677032
0.22806724905967712
0.206282839179039
0.22560694813728327
0.20867185294628143
-0.043924789875745766
0.0954827442765236
0.20869651436805725
0.23738564550876615
0.09790235012769699
0.20900212228298187
0.18930990993976596
0.1395398825407028
0.1983023434877396
0.2249301373958588
0.12108250707387924
0.14165185391902924
0.21670173108577728
0.14328576624393463
0.031790487468242645
0.1882464587688446
0.16427437961101532
0.12490005046129227
0.07371012121438979
0.16533130407333374
0.2018209993839264
0.23223240673542023
0.19173283874988556
0.2293877750635147
0.2425284832715988
0.15582458674907684
0.235648974776268
0.1540842205286026
0.1737002581357956
0.23399265110492704
0.04786277934908866
0.196554496884346
0.19283306598663327
0.10374996811151505
0.21694955229759216
0.1667606681585312
-0.002558002714067697
0.12568716704845428
0.09757421165704729
0.1685260385274887
0.20192570984363556
0.22887249290943143
0.17569488286972043
0.06747813522815704
0.21261246502399445
0.12458235770463943
0.19113461673259732
0.22957240045070648
0.13575516641139984
0.19167678058147433
0.13397575914859772
0.03254302963614464
0.014776678755879402
0.21255330741405487
0.08540420979261398
0.10253476351499556
-0.01449420116841793
0.13327853381633759
0.1830144077539444
0.2232867926359177
0.11331834644079208
0.17822489142417908
0.1045166403055191
0.25178202986717224
0.16547103226184845
0.06633582711219788
0.119933120906353
0.22639112174510956
0.1789318323135376
0.08637524396181105
0.2394464015960693
0.19112057983875275
0.1297554075717926
0.02953425608575344
0.16015975177288055
0.23698802292346957
0.1811455637216568
0.10527358949184416
0.05097312852740288
-0.05711136013269424
0.18902510404586792
0.1358440667390823
0.23422469198703763
0.17399434745311737
0.20885910093784327
0.1624397188425064
0.013176076114177704
0.14428865909576416
0.09965618699789049
0.08480244874954222
0.2002449929714203
0.18206343054771423
0.18780596554279327
0.16603106260299683
0.06624400615692139
0.10126948356628417
0.2013084143400192
0.18015824258327484
0.22381533682346344
0.15866275131702423
0.22638948261737823
0.2458826452493668
0.07875415682792662
0.16991905868053436
0.08875423669815062
0.22540913522243497
0.18476252257823944
0.2206178903579712
0.23351894319057465
0.18128074705600736
0.027393342927098278
0.20821504294872284
0.16524584591388702
0.09578097611665724
0.14748555421829224
0.09899144619703293
0.09246961772441864
0.23997353017330167
0.0671580508351326
0.061961207538843155
0.20238634943962097
0.1454993039369583
0.1973311752080917
0.22249671816825864
0.17314141988754272
0.09895852208137512
0.24084551632404327
0.14241139590740204
0.11352629214525221
0.18931244313716888
0.21066515147686005
0.15296603739261627
0.2242325246334076
0.07839183509349824
0.12204828113317488
0.23545604944229123
0.16294322907924652
0.0772847905755043
-0.03656644001603127
0.1570056527853012
0.1394868046045303
0.22562424838542935
-0.027266548946499825
0.23725061118602753
0.19546975195407867
-0.05835288390517234
0.15780238807201383
0.0941428393125534
0.054634373635053635
0.13043782114982605
0.2500385642051697
0.09855225682258606
0.164264515042305
0.20943690836429596
0.22966779768466947
0.10086549073457717
0.1066598892211914
0.011884836480021477
0.15052403509616852
0.152252659201622
0.104854054749012
0.2372533529996872
0.16299965977668762
0.20033375918865204
0.17466005682945251
0.15826289355754852
0.20809972286224365
0.15228618681430817
0.11690913885831831
0.09627780318260191
0.23966999351978305
0.22957077622413635
0.1537557691335678
0.09896763414144517
-0.0021109790541231632
0.10699642449617384
0.10779422521591187
0.12050118297338484
0.12631157040596008
0.17462280392646787
0.2026793211698532
0.1797088235616684
0.12663763761520383
0.1684788316488266
0.1796348541975021
0.15017199516296387
0.14007887244224548
0.14657416939735413
0.181118905544281
0.21203045547008517
0.1362980753183365
0.24080455303192136
0.24665935337543488
0.11228474974632265
0.17702041566371915
0.21776594221591947
0.0810350701212883
0.14675629138946533
0.2533358335494995
0.08796973526477812
0.1489090472459793
0.16820284724235535
0.0738622769713402
0.06795299053192139
0.1066245511174202
0.24339504539966583
0.213422492146492
0.17594383656978607
0.12458396703004836
0.13650551438331604
0.03041155077517033
0.15208281576633453
0.21410764753818512
0.02979507483541965
0.24652959406375885
0.16722312569618225
0.20526257157325745
0.186099112033844
0.19441489875316617
0.13689924776554108
0.1864250749349594
0.1387912780046463
0.09535200148820877
0.15688107907772064
0.16255508363246915
0.1577666848897934
0.04864950850605965
0.12896628677845
0.21092428267002103
0.22589315474033356
0.1611829251050949
0.1429909914731979
0.1367432028055191
0.2309533655643463
0.08213769644498825
0.047473255544900894
0.13711757957935333
0.20294173061847687
0.2252255231142044
0.14187109470367432
0.12202305346727373
0.11996286362409592
0.2245764583349228
0.083144947886467
0.0655798390507698
0.13018624484539032
0.13750500977039337
0.11963646858930588
0.12811969220638275
0.12746284902095795
0.17851583659648895
0.18246875703334808
0.16480077803134918
0.1947676986455917
0.24108779430389404
0.1931098848581314
0.1912531703710556
0.2030456215143204
0.03703956678509712
0.08641987293958664
0.08668526262044905
0.1548355370759964
0.0616036094725132
0.23699989914894104
0.19009606540203092
0.20623864233493805
0.2107476741075516
0.22401525080204007
0.177667036652565
0.1506848186254501
0.16272631287574768
0.2015885412693024
0.1268848329782486
0.2426167279481888
0.21506968140602112
0.2015935331583023
0.18870705366134644
0.1322074383497238
0.1292314380407333
0.14350610971450803
0.23445233702659607
0.07821714878082275
0.18208812177181244
0.2321815490722656
0.06909255683422089
0.13205894827842712
0.22884269058704376
0.23247115314006803
0.12367697805166245
0.1381706744432449
0.12627185881137848
0.18653538823127744
0.19616290926933289
0.1320902109146118
0.15287433564662933
0.18428297340869904
0.192423477768898
0.12668728828430176
-0.024636419489979744
0.18772803246974945
0.18991519510746
0.08685841411352156
0.024201223626732823
0.12249102443456648
0.1918826848268509
0.17632554471492767
0.14195282757282257
0.16042254865169525
0.25425860285758967
0.17704564332962036
0.104640856385231
0.15438172221183777
0.2079815864562988
0.14543350040912628
0.15683145821094513
0.08110735565423965
0.17636454105377197
0.24698482453823087
0.18053071200847623
0.16811759769916534
0.1924549490213394
0.07500094175338745
0.11439079791307448
0.2283720821142197
0.22932732105255127
0.22682338953018188
0.17252694070339203
0.23222346603870392
0.18848851323127744
0.12557192146778107
0.15166179835796356
0.1286819875240326
0.1002606526017189
0.17584586143493652
0.05607888475060463
0.2070622444152832
0.1520395427942276
0.167403444647789
0.15054823458194733
0.1813412010669708
0.14343871176242828
0.20923554897308347
0.13963279128074646
0.11437860876321793
0.07308220118284225
0.16552937030792236
0.1735987365245819
0.24791349470615384
0.2149571627378464
0.1811802238225937
0.139542356133461
0.2194795459508896
0.18734057247638705
0.183428019285202
0.15670225024223328
0.20225918292999268
0.22513145208358765
0.136276975274086
0.17040163278579712
0.016300296410918236
0.18715067207813263
0.13399197161197662
0.09646638482809065
0.11787771433591843
0.020471777766942974
0.24284134805202484
0.13305389881134033
0.1736662983894348
0.13293038308620453
0.16937480866909027
0.12549972534179688
0.10661165416240692
0.14727087318897247
0.05397448316216469
0.13215084373950958
0.06761789321899414
0.10848130285739899
0.19765366613864896
0.0716409906744957
0.10790210962295532
0.17086844146251678
0.19582244753837583
0.13298611342906952
0.04372269660234451
0.18917304277420044
0.019474824890494343
0.059482548385858536
0.23499485850334167
0.19244040548801425
0.1324789673089981
0.24091400206089017
0.20132029056549072
0.19065578281879425
0.20822717249393463
0.11870134621858595
0.058475103229284286
0.03677711263298988
0.17190591990947723
0.08426658809185027
0.25112518668174744
0.1825994551181793
0.20074224472045896
0.15362104773521423
0.17539094388484955
0.15612702071666715
0.1238873228430748
0.16733942925930023
0.11262182146310806
0.17381003499031067
0.1437989771366119
0.18518203496932983
0.20427237451076508
0.16059456765651703
0.16243998706340787
0.1296713948249817
0.13236375153064728
0.05165385827422143
0.19173829257488248
0.20325464010238647
0.11112378537654875
0.2245066910982132
0.171354278922081
0.06509286165237427
0.23305113613605496
0.24463222920894623
0.04014665260910988
0.14021849632263184
0.1465362310409546
0.16879315674304962
0.06929660588502884
0.15498442947864532
0.18651749193668363
0.20695887506008148
0.16796094179153442
0.181523472070694
0.19510923326015472
0.17983587086200714
0.018675303086638447
0.13524006307125092
0.20691755414009091
0.1449812203645706
0.2270507514476776
0.11153776198625565
0.18862055242061612
0.19529050588607788
0.09757968038320541
0.0410284735262394
0.18382970988750455
0.1128023937344551
-0.03635475784540176
0.11307842284440994
0.11804459244012833
0.1331184357404709
0.13922014832496643
-0.017205817624926567
0.18071649968624115
0.19617938995361328
0.145835742354393
0.20422734320163727
0.13948006927967072
0.06925622373819351
0.18950381875038144
0.16348592936992645
0.1859184056520462
0.20512001216411593
0.206763818860054
0.06667914986610413
0.017060061916708946
-0.005397083703428506
0.17448779940605164
0.1746280342340469
0.1563529521226883
0.15364794433116913
0.10610270500183104
0.1068616434931755
0.17068947851657867
0.1909305453300476
0.2145432680845261
0.14368335902690887
0.16807998716831207
0.16753754019737244
0.20122545957565308
0.09366078674793245
0.1483008563518524
0.1312337964773178
0.06431218981742859
0.2091258317232132
0.07236482948064803
0.10654153674840929
0.09882781654596327
0.13847501575946808
0.1607336550951004
0.19754813611507413
0.12477896362543106
0.1671888679265976
0.13772593438625336
-0.07272115349769592
0.12224476784467696
0.14857397973537445
0.06641267985105515
0.23700584471225736
0.029788849875330925
0.1885017901659012
0.1433403342962265
0.19033721089363095
0.21345381438732147
0.2507704794406891
0.18134832382202148
0.17791669070720673
0.02140458114445209
0.21197335422039032
0.1890540271997452
0.1144212856888771
0.01862558163702488
0.1360519379377365
0.18682560324668884
0.1404820829629898
0.0486098937690258
0.21778954565525052
0.11625099927186965
0.23700810968875885
0.1804418712854385
0.1666187196969986
0.05841844156384468
0.11402449011802672
0.2196419984102249
0.08354533463716507
0.19747222959995267
0.19616948068141937
0.14781421422958374
0.20203919708728793
0.22777779400348663
0.1518471986055374
0.11346065998077393
0.1622495204210281
0.10241830348968504
0.19222192466259
0.10039929300546646
0.22920067608356476
0.11486507207155228
0.23867057263851163
0.1779366433620453
0.13733108341693878
0.1089186817407608
0.07783123850822447
0.08478783816099168
0.14718750119209287
0.12633274495601654
0.13694871962070465
0.1677589863538742
0.10280128568410872
0.1588166505098343
0.18431183695793152
0.1511467546224594
0.08798711746931075
0.17504937946796417
0.1845762133598328
0.13119588792324066
0.14220280945301056
0.17485575377941132
0.19392988085746765
0.10626564174890518
0.08094796538352966
0.18545761704444885
0.18152312934398648
0.2006489783525467
0.15474431216716766
0.2566142976284027
0.018235588446259495
0.12344340234994888
0.07451893389225006
-0.08436571806669235
0.1620088368654251
-0.024008261039853096
0.247063472867012
0.16264517605304718
0.1896862685680389
0.18663249909877777
0.1857757866382599
0.17256321012973783
0.13671937584877014
0.23816612362861636
-0.0976836010813713
0.15525327622890472
0.09199003130197524
0.06253447383642197
0.1258394718170166
0.0073971799574792385
0.23079536855220795
0.163046658039093
0.10753629356622696
0.10037320107221603
0.08148119598627089
0.22414791584014887
0.13798214495182037
0.17941713333129883
0.08268029242753983
0.13442541658878326
0.17375962436199188
0.1892201155424118
0.16896654665470123
0.19538973271846768
0.2241007536649704
-0.0004325085319578648
0.17949236929416656
0.13042576611042023
0.15431450307369232
0.20076097548007965
0.23476789891719815
0.056582603603601456
0.12172000855207445
0.138285830616951
0.1502840667963028
0.17580874264240265
0.0222468301653862
0.1089322566986084
0.23223233222961423
0.1754654347896576
0.09486871212720872
0.16849611699581146
0.11911094933748244
0.2227472513914108
0.17404083907604215
0.22104650735855105
0.18709732592105863
0.04865693673491477
0.1658187359571457
0.15470553934574127
0.16830356419086456
0.176996648311615
0.11960960179567336
0.14268542826175687
0.2051788419485092
0.13616403937339783
-0.011218851432204247
0.12638963758945465
0.16249731183052063
0.1523291915655136
0.14040803909301755
0.20653070509433744
0.14456726610660553
0.1003136560320854
0.18578344583511353
0.22399798035621643
0.1381540447473526
0.20559403300285337
0.23003356158733368
0.19041761755943296
0.05402355268597602
0.24986506998538968
0.17932362854480743
0.22190760076045987
0.24933381378650665
0.16128943860530853
-0.05684901028871536
0.11728233098983765
0.0702667310833931
0.1930725425481796
0.09670490026474
0.2064073830842972
0.11628378927707672
0.142033651471138
0.11185894161462784
0.09924637526273727
0.20095402002334595
0.16877399384975433
0.10687574744224548
0.14073015749454498
0.1755436807870865
0.20784251391887665
-0.018399661406874657
0.14127092063426971
0.1386205404996872
0.22925995290279388
0.22802364826202393
0.20219552516937253
0.2360878586769104
0.15853972733020782
0.08582913875579835
0.195451021194458
0.04918932169675827
0.08795537054538727
0.20699609816074369
0.23597468435764313
0.11503858864307404
0.22432969510555267
0.13279969990253448
0.13534103333950043
0.07539600133895874
0.20996426045894623
0.1831638664007187
0.1925239711999893
0.19521450996398923
0.21301825344562528
0.07793737202882767
0.15272338688373563
0.20325118303298953
0.04168645665049553
0.1463221162557602
0.2382404953241348
0.1463734060525894
0.04805561527609825
0.11216238886117937
0.2228481471538544
0.21180857717990875
0.090567409992218
0.17739291489124298
0.1888160854578018
0.2235116809606552
0.1439467221498489
0.1692560762166977
0.1713117957115173
0.15060162544250488
0.08154561370611191
0.19203662872314453
0.057768497616052635
0.23900026082992556
0.04655713960528374
0.030953219160437584
0.16832618415355682
0.16761000454425812
0.17145200073719025
0.13899865746498108
0.023999953642487522
0.1550307124853134
0.17067687213420868
0.15542735159397125
0.03447851166129112
0.1555800884962082
0.16995741426944733
0.03562133386731148
0.19532445073127744
0.09343089908361435
0.09143490344285966
0.174734428524971
0.010724982246756552
0.15545298159122467
-0.004647018853574991
0.16751308739185333
0.06788761168718338
0.13641871511936188
0.2062717378139496
0.16704730689525604
0.19399848580360407
0.14688760042190552
0.014063633978366852
0.11242572963237762
0.23145805299282077
0.06376445293426514
0.22778357565402985
0.16343972086906433
0.05714030936360359
0.09384716302156448
0.1645096242427826
0.14775753021240234
0.012989623472094536
0.09086158871650697
0.1676248461008072
-0.02889016084372997
0.1308332085609436
0.0372333861887455
0.16670161485671997
0.20758916437625885
0.22164697945117953
0.04878173395991325
0.15653736889362335
0.23254613578319547
0.12169840186834335
0.15636180341243744
0.12038242071866988
0.16688469052314758
0.23115327954292297
0.22740857303142548
0.2277561277151108
0.05387471616268157
0.18484313786029813
0.035128045827150345
0.12809722125530243
0.09941251575946809
0.1073957309126854
0.18471482396125796
0.16197390854358673
0.15312989056110382
0.234104186296463
0.2349494844675064
0.15182901918888092
0.1262521892786026
0.09452211111783981
0.15507623553276062
0.194817379117012
0.21983037889003756
0.17891250550746915
0.2330733686685562
0.2131783217191696
0.1139882206916809
0.040020253509283066
-0.019709529355168343
0.04686127230525017
0.18801911175251007
0.1068265214562416
0.13145965337753296
0.08984570950269699
0.13789348304271698
0.2403922230005264
0.1056993007659912
0.202315017580986
0.14846912026405334
0.18523433804512024
0.22521616518497467
0.24037642776966092
0.1559915542602539
0.1550959348678589
-0.022822884842753407
0.15624244511127472
0.056878294795751565
0.17715243995189667
0.1911291629076004
-0.0471581369638443
0.2388051599264145
0.22287194430828092
0.09142068773508073
0.1799960881471634
0.07242999970912933
0.21908074617385864
-0.04733416065573692
0.13085035979747772
0.1731261759996414
0.1926849335432053
0.12409878522157668
0.1809343993663788
0.14701557159423828
0.19943471252918243
0.17242306470870972
0.15806712210178375
0.08008124679327011
0.03717690706253052
0.047613639384508126
0.16020189225673676
0.22145122289657593
0.09200680255889891
0.0341973677277565
0.11004143208265305
0.16251011192798615
0.17709609866142273
0.14894872903823853
0.22022326290607447
0.07292280346155167
0.1665959507226944
0.13606011867523193
0.02616228722035885
0.17488698661327362
0.20738044381141665
0.08256559818983078
0.13957567512989044
0.17279039323329923
0.2125702202320099
0.22723595798015597
0.2521532475948334
0.21760901808738708
0.18125535547733304
0.1888425648212433
0.11780843883752821
0.04423746094107628
0.14729212224483487
0.15893563628196716
0.17173434793949127
0.14116378128528595
0.1975889950990677
0.07298700511455536
0.1930628567934036
0.23292325437068936
0.17307068407535553
0.14390258491039276
0.08576615899801254
0.1969628483057022
0.23647320270538327
0.1381600052118301
0.15465413033962247
0.13574776053428647
0.09741521626710893
0.06249332055449486
0.11665675789117812
0.22659112513065335
0.24211212992668152
0.209898978471756
0.1167561262845993
0.11180438101291656
0.19388757646083832
0.24362401664257047
0.1766781210899353
0.21380187571048737
0.17639145255088806
0.17380903661251068
0.098906472325325
0.08402489870786665
0.05391530320048332
0.19254048168659207
0.18529294431209564
0.15693432092666623
0.11066958308219908
0.17885389924049375
0.04810260608792305
0.21246582269668576
0.19307599961757657
0.07552384585142134
0.15288567543029785
0.23876555263996124
0.11040707677602768
0.22824811935424805
0.16823261976242063
0.19536654651165009
0.24084746837615967
0.05619971826672553
0.14077334105968475
0.09027865529060365
-0.04158908873796463
0.10618167370557784
0.06336333602666855
0.0652732402086258
0.2350513190031052
0.2278532236814499
0.16135238111019135
0.10204803198575972
0.04018118605017663
0.016117917373776436
0.19599913060665128
0.130429670214653
0.13267670571804047
0.161333367228508
0.16132257878780365
0.09267071634531021
0.16043365001678467
0.13730803132057187
0.2396889626979828
0.12881672382354736
0.2375124543905258
0.14074450731277463
0.20642632246017456
0.11361590772867201
0.1701185703277588
-0.0037585557438433166
0.10168635100126266
0.11664341390132904
0.1853229254484177
0.03566063567996025
0.2086488753557205
0.1693838536739349
0.06365351378917694
0.14784905314445496
0.1632561236619949
0.01004805974662304
-0.09562306851148605
0.08927644789218903
0.15233050286769867
0.08867709338665009
0.2398506700992584
0.22967933118343356
0.12690772116184235
0.04962103813886642
0.12863276898860931
0.225938081741333
0.23006902635097504
0.24159239232540128
0.16950170695781708
0.16811655461788175
0.14869162440299988
0.1923847645521164
0.1619873195886612
0.22500778734683993
0.24666024744510648
0.1355319619178772
0.1537492275238037
0.2081392407417297
-0.009584398940205574
0.1922529935836792
0.030795862898230553
0.0787525400519371
0.07518148422241211
0.17190437018871307
0.23340339958667755
0.16472747921943665
0.1676664501428604
0.14414305984973907
0.13557933270931244
0.07820950448513031
0.20758171379566193
0.1758359670639038
0.18543015420436856
0.2374877482652664
0.15252497792243955
0.08281851559877396
0.02161250449717045
0.15547038614749908
0.16971735656261444
0.10486479848623276
0.023447277024388317
0.16180109977722168
0.0922209694981575
0.20845009386539456
0.11185000091791152
0.16713817417621613
0.13848455250263214
0.2470349222421646
0.21558769047260284
0.19154553115367887
0.16189201176166534
0.2200699597597122
0.23072679340839383
0.16137570142745972
0.1923112124204636
0.1008983701467514
0.15599046647548676
0.1496809273958206
-0.030759586021304127
0.1898253709077835
0.14519041776657104
0.08213149011135101
0.1655231416225433
0.21715877950191495
0.23028264939785004
0.20567159354686737
0.1605820655822754
0.2332638055086136
0.1672847270965576
0.15216733515262604
0.042575348168611526
0.15231859683990479
0.21615667641162872
0.21894399821758273
0.15453800559043884
0.15181107819080353
0.15206041932106018
0.16740958392620087
0.1370168924331665
0.025003002956509594
0.22759905457496643
0.19745029509067533
0.09003380686044693
0.19882990419864652
0.1290145069360733
0.17057462036609647
0.12037224322557448
0.1381167024374008
0.1935277283191681
0.17271797358989716
0.18578356504440308
0.07906474173069
0.0629311054944992
0.07355103641748428
0.16183997690677643
0.06834602355957031
0.1916319727897644
0.09234513342380525
0.21891348063945767
0.18306322395801544
0.16555047035217285
0.1704583764076233
0.12527789175510406
0.13782821595668793
0.20819625258445737
0.23394222557544708
0.16729144752025604
0.22589682042598724
-0.007093357387930155
0.22324460744857788
0.060785431414842606
0.12184081226587296
0.206030398607254
0.2063134461641312
0.1707746535539627
0.16573798656463623
0.10027087479829788
0.24617262184619904
0.14079058170318604
0.06590260565280913
0.23290832340717316
0.1486608237028122
-0.013327090069651604
0.1268510669469833
0.2091917544603348
0.21907763183116913
0.157908633351326
0.23385465145111084
0.15704558789730072
0.11487257480621337
0.13584038615226743
0.17172706127166748
0.1417761892080307
0.21025297045707703
0.060452144593000405
0.12010136991739272
0.18048472702503204
0.23408582806587216
0.13713756203651428
-0.04573069140315056
0.24277125298976895
0.22478653490543363
0.12641727924346924
0.2242518663406372
0.19415661692619324
0.07295434176921843
0.14945940673351288
0.09702369570732115
0.23218628764152527
0.13090607523918152
0.16716991364955902
0.08680522441864012
0.21850171685218808
0.22933451831340787
0.22775550186634064
0.12143421918153761
0.08154427260160446
0.18584933876991272
0.15893639624118805
0.13258394598960876
0.22113279998302457
0.13817374408245087
0.22536855936050412
0.1502811461687088
0.08811084181070326
0.16043692827224731
0.10251051932573318
0.1319260150194168
0.20428709685802457
-0.0226911474019289
-0.017185376957058907
0.182734414935112
0.125397726893425
0.17815348505973816
0.09976809471845625
0.18642105162143707
0.19856067001819608
0.23337376117706296
0.16605894267559052
0.2096961587667465
0.24341750144958496
0.2219074070453644
0.18859826028347013
0.17393377423286435
0.07042962312698364
0.14385919272899628
0.15284584462642667
0.2250153869390488
0.15428966283798215
0.1279381811618805
0.17492379248142242
0.23266516625881195
0.17701132595539093
0.1552267223596573
0.2165861278772354
0.1375199109315872
0.10269489139318466
0.187335267663002
0.23622211813926697
0.15667934715747833
0.19501619040966037
0.18118076026439664
0.2109042257070541
0.2417755424976349
0.19049586355686188
0.1905149072408676
0.08508876711130142
0.09151934832334518
0.23559030890464783
0.1082472801208496
0.1795356571674347
0.22286491096019745
0.23149216175079343
0.06937728077173233
0.23972110450267792
0.12712189555168152
0.1460772305727005
0.1766029596328735
0.21683035790920255
0.0539378933608532
0.07517238706350327
0.1457078903913498
0.22099071741104123
0.04219673573970795
0.09476183354854584
0.14584968984127045
0.08671403676271439
0.10733506828546524
0.2062094211578369
0.1962948888540268
0.16635791957378387
0.19918419420719144
0.1665273159742355
0.17785565555095673
0.01756763458251953
0.07485193759202957
0.03140704706311226
0.1040116772055626
0.1492435187101364
0.15624944865703583
0.1958792060613632
0.24466516077518463
0.11983535438776016
0.13282878696918488
0.13305313885211945
0.2095617651939392
0.1701437085866928
0.20651467144489288
-0.007762684021145105
0.2021307796239853
0.23174674808979037
0.21161361038684845
0.17013902962207794
0.05713147297501564
0.09605403244495392
0.16188491880893707
0.07729385048151016
0.16135205328464508
0.19008265435695648
0.21319755911827087
0.04301714524626732
0.21308431029319763
0.1565759927034378
0.23236402869224548
0.1771546900272369
0.1677693873643875
0.1252126842737198
0.1097557097673416
0.22969554364681244
-0.09878341108560562
0.17893095314502716
0.186340406537056
0.1363103538751602
0.17668725550174713
0.2478559762239456
-0.04560487344861031
0.17291131615638733
0.11192268878221512
0.19241724908351895
0.11080945283174513
0.1408863365650177
0.21473126113414764
-0.02426488697528839
0.12776891887187955
0.11824100464582445
0.0518123060464859
0.0975816249847412
0.1276935338973999
0.11657648533582687
0.16912440955638883
0.03162147477269173
0.16488994657993317
0.21938045322895047
0.07611115276813507
0.18831123411655423
0.1500779688358307
-0.06796150654554367
0.23094855248928073
0.20766998827457428
0.0507584847509861
0.17689625918865204
0.16398131847381592
0.16403239965438843
0.22475792467594144
0.16572508215904236
0.19149230420589447
0.16698642075061798
0.18514367938041687
0.19785502552986145
0.19539643824100492
0.19760484993457797
0.23467859625816345
0.21428835391998288
0.1220032200217247
0.20096388459205627
0.1837070435285568
0.17729298770427704
0.22771961987018585
0.14719912409782407
0.2394024282693863
0.21306051313877103
0.07558170706033705
0.1069418415427208
0.14631514251232147
0.15641675889492035
0.20170335471630096
0.2332664579153061
0.15202423930168152
0.15181569755077362
0.09536478668451309
0.14152325689792633
0.001395826693624258
0.16099585592746735
0.1684163361787796
0.1353600174188614
0.10532476007938384
0.17557524144649503
0.1132749244570732
0.2322406619787216
0.17939622700214383
0.17990775406360626
0.1871780604124069
0.2356946021318436
0.14390940964221954
0.17475225031375885
0.15070666372776031
0.19958515465259552
0.02932117320597172
0.13125310838222504
0.11084873229265212
0.1410038024187088
0.14171145856380463
0.18652562797069547
0.18430428206920624
0.14923095703125
0.18350206315517423
0.16596396267414093
0.10264857858419418
0.13251906633377075
0.2331292033195496
0.22358223795890808
0.23889523744583127
0.2413521707057953
0.23462191224098203
0.1672699898481369
0.15401533246040344
0.14001393318176267
0.2159242331981659
0.11750674992799758
0.12027227133512496
0.15749920904636383
0.1592998057603836
0.09851264208555219
0.23042927682399747
0.17253614962100983
0.14461928606033325
0.17233411967754364
0.17465771734714508
0.16938652098178864
0.14991655945777893
0.06869658082723618
0.07267817109823227
0.1900166422128677
0.1470719426870346
0.1989787518978119
0.20607449114322665
0.03873151168227196
0.2553173005580902
0.05625394359230995
0.10229019820690156
0.22758962213993073
0.15217234194278717
0.10476116091012953
0.13223485648632047
0.12570394575595856
0.09727814048528673
0.13038919866085052
0.1080445721745491
0.06444418430328369
0.23835891485214236
0.22312118113040924
0.17741970717906952
0.2299327105283737
0.15874403715133667
0.02110580727458
0.16633649170398712
0.23300635814666748
0.16201648116111755
0.15868161618709564
0.20369526743888852
0.1741960197687149
0.1448794901371002
0.10514480620622633
0.22664229571819303
0.04047123342752457
0.1595814079046249
0.22153197228908536
0.16964504122734067
0.10045678168535233
0.03471442684531212
0.0812319815158844
0.11024541407823563
0.14219163358211517
0.011609239503741264
0.17469719052314758
0.12651251256465912
0.17893879115581512
0.08438631147146225
0.07020146399736404
0.13048695027828217
0.22625271975994113
0.15493933856487274
0.23461647331714633
0.231520876288414
0.2420990616083145
0.025810765102505684
0.20784011483192444
0.17961572110652924
0.15716363489627838
0.0512988194823265
0.15648922324180603
0.07611127942800522
0.18439725041389465
0.2369341105222702
0.1771698147058487
0.07044665515422821
0.08274266868829726
0.22001667320728305
0.12212338298559187
0.19282083213329315
0.1719179004430771
0.18139973282814023
0.1989882588386536
0.11521126329898834
0.211667463183403
0.12920451164245603
0.10962046682834624
0.12683324515819547
0.1321655660867691
0.16776475310325623
0.1004512906074524
0.22188563644886017
0.13668878376483917
0.11997062712907793
0.1395500749349594
0.10044005513191225
0.1221163347363472
0.2279388457536697
0.15532176196575165
0.1566079407930374
0.13167649507522583
0.1665077656507492
0.157321035861969
0.15234605967998505
0.13177095353603363
0.1926070749759674
0.21025380492210388
0.15623243153095245
0.09445003420114516
0.1459151655435562
0.06590345501899719
0.14647929370403287
0.18849563598632807
0.17724530398845673
0.09880737215280531
0.1855827122926712
0.17599008977413175
0.22314591705799103
-0.056094620376825326
0.21545073390007016
0.19400678575038907
0.11518379300832748
0.1511201411485672
0.06293629109859467
0.19032354652881625
0.11933071166276932
0.20367936789989471
0.17499957978725433
0.15191371738910675
0.0940873697400093
0.11267665773630142
0.15876394510269165
0.12885725498199463
0.09411532431840897
0.1373303085565567
0.20245049893856049
0.0848589688539505
0.06974132359027863
0.1383780986070633
0.10973163694143297
0.12784072756767273
0.18826384842395785
0.1069195494055748
0.18757514655590057
0.186430498957634
0.12304019182920456
0.10761316120624542
0.15488995611667633
0.18293954432010648
0.08516054600477217
0.23842962086200717
0.1498303264379501
0.2045862376689911
0.07750924676656723
0.18899063766002652
0.22382487356662753
0.18757812678813932
0.20511071383953092
0.06774432212114334
0.20468923449516296
0.04965260624885559
0.12768331170082092
0.09461504966020584
0.1569557785987854
0.19264332950115204
0.24551589787006375
0.14526009559631348
0.2224799990653992
0.1646323800086975
0.1944463402032852
0.1919400244951248
0.19071991741657257
0.20692779123783112
0.17374558746814728
0.04657895490527153
0.04570720344781876
-0.0122020673006773
0.2143100053071976
0.19496576488018036
0.22573347389698029
0.17534740269184113
0.15781128406524658
0.23929831385612488
0.028624115511775017
0.15672563016414642
0.16105736792087555
-0.02663443051278591
0.18939365446567533
0.2192555665969849
0.17567960917949677
0.24804700911045077
0.22195459902286527
0.14777320623397827
0.17093004286289215
0.22845414280891416
0.09044213593006134
0.1290888339281082
0.21676994860172272
0.1867364197969437
0.19542567431926727
0.1851144582033157
0.16610731184482574
0.1527460366487503
0.2534521520137787
0.08063758909702301
0.07641143351793289
0.1294807642698288
0.052405375987291336
0.16027303040027618
0.017899254336953163
0.032637227326631546
0.22261887788772583
0.11162373423576354
0.1321689486503601
0.12076305598020552
0.17395725846290588
0.18633770942687988
0.09732957929372787
0.2286744862794876
0.15218524634838104
0.15602783858776093
0.11918381601572035
0.23986099660396573
0.1665876656770706
0.23529772460460663
0.005544660147279501
0.1261381059885025
0.23373477160930636
0.24794371426105496
0.21411697566509247
0.05347299948334694
0.16109269857406616
0.08154114335775374
0.09239552915096283
-0.024008972570300106
-0.061237912625074394
0.19295229017734528
0.12958689033985135
0.20906312763690948
0.13570664823055267
0.24710573256015775
0.1592935174703598
0.2195737510919571
0.1141352578997612
0.2133022993803024
0.20239774882793424
0.2511774003505707
0.13518787920475006
0.06347992271184921
0.08993188291788101
0.09553146362304688
-0.04643593728542328
0.185251846909523
0.18838906288146967
0.06628739833831787
0.1904902011156082
0.11404535919427872
0.18009153008460999
0.23524409532547
0.18401923775672913
0.16837717592716217
0.02528706006705761
0.10704605281352995
0.10174531489610672
0.20993079245090485
0.1572599858045578
0.11695941537618636
0.1973102390766144
0.11953245848417282
0.10853079706430437
0.10903284698724745
0.20240987837314603
0.13548727333545685
-0.01037982292473316
0.08887755870819092
0.07865507900714874
0.14404304325580597
0.1706841140985489
0.17251530289649963
0.20188607275485992
0.19644908607006076
0.2207813113927841
0.0864325240254402
0.08429803699254988
0.1472148448228836
0.1439295709133148
0.14619480073451996
0.11334284394979476
0.1097729280591011
0.1691057980060577
0.2366637736558914
0.11850502341985703
0.1541031450033188
0.08761509507894517
0.239332377910614
0.16831566393375397
0.14680062234401703
0.25642484426498413
0.14223016798496246
0.123565636575222
0.25533992052078247
0.14649870991706848
0.11741376668214797
0.18810424208641047
0.1529427021741867
0.18564061820507047
0.13033561408519745
0.08401668071746826
0.22070877254009247
0.12167876213788986
0.10571559518575668
0.13967290520668027
0.16939611732959747
0.1101342886686325
0.06941794604063034
0.05484028533101082
0.1035899594426155
0.128780260682106
0.023836230859160423
0.11450798064470293
-0.0372760035097599
0.0006401217542588711
0.12132202833890914
0.1855146139860153
0.18697607517242432
0.1422371119260788
0.0442509539425373
0.1406603306531906
0.24076552689075467
0.20042043924331665
0.24907200038433075
0.17089703679084775
0.1725323498249054
0.16384147107601163
0.12463749200105669
0.15706707537174225
0.15777412056922913
-0.008215082809329033
0.11541815102100372
0.06892874091863632
0.23084484040737152
0.07311073690652846
0.1417810022830963
0.029163097962737083
0.1562853306531906
0.10513082891702652
0.13575066626071927
0.09845985472202301
0.14601238071918488
0.1949723809957504
0.09259786456823349
0.22169686853885648
0.19275549054145807
0.19552282989025116
0.055087082087993615
0.17560550570487976
0.17224667966365814
0.10374499857425688
0.09724804759025571
0.2280907928943634
0.2344938218593597
0.18375013768672943
0.1722465455532074
0.09395340085029602
0.1895644813776016
0.20172540843486783
0.2007339596748352
0.19765135645866397
0.19941495358943936
0.1370021402835846
0.21551406383514404
0.09996630996465683
0.028561005368828773
0.16598190367221832
0.2401003986597061
0.23333485424518585
0.23361049592494965
0.1755496710538864
0.2259254604578018
0.1551721692085266
0.09494814276695251
0.22275395691394803
0.222085639834404
0.1719074249267578
0.0904574617743492
0.19560950994491577
0.0599479116499424
0.1545734852552414
0.18267084658145905
0.0912838950753212
0.10267036408185957
0.0724973976612091
0.1334211528301239
0.2005364298820496
0.19914190471172327
0.16516168415546417
0.1664913296699524
0.05271681025624275
0.0251519288867712
0.10706700384616852
0.1613243669271469
0.19118303060531616
0.12032582610845564
0.20634810626506803
0.23416759073734283
0.13815878331661224
0.1510576456785202
0.20259191095829007
0.21493521332740784
-0.02023552358150482
0.1006268635392189
0.15242157876491547
0.17837306857109067
0.07703275978565216
0.15397898852825165
0.12671200931072235
0.016423895955085754
0.15078581869602203
0.20354816317558289
0.1582428514957428
0.17797280848026276
0.22981606423854828
0.1904636770486832
0.05037852004170418
0.17392118275165555
0.15151095390319824
-0.01991039700806141
0.18930137157440183
0.23904637992382047
0.23870129883289337
0.0901133716106415
0.1581854373216629
0.19918124377727509
0.17016269266605377
0.1750243604183197
0.13771378993988037
0.181846484541893
0.22593070566654205
0.18327422440052032
0.2546922266483307
0.09508121013641357
0.2189713567495346
0.10744617134332655
0.1963074207305908
0.22559709846973416
0.19589366018772125
-0.0033277892507612705
0.12200397998094557
0.17079170048236847
0.13815397024154663
0.17760591208934784
0.13600164651870728
0.23887044191360476
0.057369913905858994
0.15794813632965088
0.12999744713306427
0.19784043729305267
0.20614321529865265
0.07280268520116806
0.16208492219448087
0.1839580982923508
0.22689762711524963
0.11884445697069168
0.14974722266197205
0.18048138916492465
0.05639258399605751
0.2239371091127396
0.17149846255779266
0.15774719417095184
0.12291648238897324
0.1262633353471756
0.0717100277543068
0.23564280569553372
0.22040221095085144
0.15959177911281583
0.15023298561573029
0.10401777178049088
0.11305006593465804
0.17110081017017365
0.2155364006757736
0.1902000159025192
0.10574053972959518
0.16399449110031128
0.15781761705875397
0.1639644056558609
0.14105524122714996
0.18164996802806851
0.19466161727905276
0.029109204187989235
0.23548251390457156
0.12958551943302155
0.05224053561687469
0.14899331331253052
0.1890103965997696
0.22652630507946012
0.16078542172908783
0.12788283824920654
0.12172789126634596
0.08066184073686598
0.1671782284975052
0.16886651515960693
0.1876937597990036
0.24172770977020264
0.22787109017372129
0.17445474863052368
0.17378540337085724
0.22270233929157257
0.18307368457317352
0.10899832099676132
0.13302291929721832
0.24716292321681976
0.22392964363098145
0.19039227068424225
0.19242656230926516
0.07850301265716551
0.09620030969381331
0.15146949887275696
0.1118655502796173
0.19446992874145508
0.1704755276441574
0.2230198234319687
0.11387872695922852
0.08321746438741685
0.02166197076439857
0.19225844740867612
0.20700082182884216
0.1228840872645378
0.23056383430957797
0.1881642788648605
0.07161350548267365
0.20773322880268097
0.15243807435035703
0.24098314344882965
0.1235709711909294
0.05953959748148918
0.11761936545372008
0.19642449915409088
0.04047326371073722
0.11630261689424513
0.24359187483787537
0.12581193447113037
0.19496552646160123
0.2158908843994141
0.15137307345867157
0.18219564855098724
0.12609316408634183
0.16965815424919128
0.2198951244354248
0.19520354270935056
0.1127694696187973
0.02714390493929386
0.09768225252628326
0.1324305683374405
0.17785413563251495
0.2543056905269623
0.22683104872703552
0.10672599077224731
0.20926330983638763
0.05753615126013756
-0.0061510787345469
0.11772505939006804
0.13133461773395538
0.17508549988269803
0.15970094501972198
0.2132917493581772
0.1336748898029327
0.15976901352405548
0.14288224279880524
0.17207002639770508
0.23111420869827273
0.19881749153137207
0.18524491786956787
0.09888838231563568
0.1531500667333603
0.17298229038715363
0.10547223687171936
0.22758737206459043
0.18402034044265747
0.17366303503513336
0.16167105734348297
0.11234506219625472
0.2368424087762833
0.16422566771507263
0.21663181483745572
0.17717905342578888
0.13571865856647491
0.19217291474342343
0.0777790918946266
0.1561231166124344
0.1940443068742752
0.08571578562259674
0.1805167645215988
0.20496012270450592
0.18888659775257113
0.14426656067371368
0.1089249923825264
0.1704777032136917
0.19254198670387268
0.05516396835446358
0.21283699572086331
0.16058552265167236
0.12344149500131608
0.15240080654621124
0.14200755953788757
0.059238087385892875
0.09757996350526808
0.16762621700763702
0.02195307426154613
0.10704362392425536
0.09614637494087219
0.03400362655520439
0.228055402636528
0.13999700546264648
0.19176937639713287
0.15992765128612518
0.16021235287189484
0.1231553629040718
0.233697772026062
0.15501695871353147
0.12352240830659866
0.17648841440677643
0.1941237449645996
0.11411760002374648
0.17585036158561707
0.1935785859823227
0.2067575454711914
0.142789825797081
0.13668274879455566
0.09839468449354173
0.17456640303134918
0.06983998417854309
0.2357681393623352
0.12480732053518297
0.16723589599132535
0.11024720221757887
0.18280534446239471
0.06529583036899567
0.03609850630164146
0.14357829093933103
0.17899630963802335
0.14843647181987762
0.11714179813861846
0.18423146009445193
0.15939754247665405
0.1144747883081436
0.12947776913642883
0.2236821800470352
0.21682779490947723
0.05496593564748764
0.07242323458194733
0.22248218953609464
0.2114345878362656
0.22974644601345065
0.2307825982570648
0.16512250900268555
0.23580724000930783
0.16461731493473053
0.14553599059581757
0.18868540227413175
0.15629281103610992
0.13903628289699554
0.2481950670480728
0.1098657175898552
0.1472521126270294
0.25176307559013367
0.205525204539299
0.20943766832351685
0.1697026789188385
0.22469145059585569
0.0997435376048088
0.07019124925136566
0.08943641930818556
0.16367504000663757
0.1801777631044388
0.09737031161785123
0.19573131203651428
0.09415181726217267
0.08682175725698471
0.07368647307157516
0.10998719930648804
0.16956457495689392
0.12731629610061643
0.18215562403202057
0.1854481250047684
0.21915537118911743
0.1278057098388672
0.10733789205551147
0.17354050278663635
0.10672084987163544
0.22858317196369168
0.1804230958223343
0.23185370862483975
0.08839151263236998
0.16477659344673157
0.21276506781578064
0.13105937838554382
0.21533577144145963
0.015986701473593712
0.2018751949071884
0.1298294961452484
0.19024300575256348
0.24736009538173676
0.1761539727449417
0.20180891454219815
0.15001358091831207
0.1147785037755966
0.2105112373828888
0.17381449043750763
0.22397556900978088
0.22244979441165924
0.10836528986692429
0.12936389446258545
0.16851957142353055
0.007791867014020681
0.16721774637699127
0.1418636292219162
0.06907014548778534
0.13402380049228668
0.1159333661198616
0.08141929656267166
0.15558606386184692
0.1800784021615982
0.13503599166870117
0.10325690358877182
0.15622566640377045
0.0755706876516342
0.18561978638172147
0.19981542229652405
0.20167590677738187
0.15784491598606107
0.24801345169544217
0.08785215765237808
0.1402509957551956
0.16240914165973663
0.21483942866325376
0.07346205413341522
0.17994184792041779
0.15823358297348022
0.16728372871875763
0.22971077263355252
0.1739526391029358
0.23501525819301605
0.22571562230587003
0.10837689787149428
0.11106695979833602
0.18664662539958957
0.13303688168525696
0.16381438076496124
0.2211837023496628
0.11109546571969985
0.14302358031272888
0.1721534878015518
0.07830075919628142
0.20160873234272003
0.16712592542171478
0.2124692350625992
0.1656939536333084
0.17814868688583374
0.19700483977794647
0.2205923944711685
0.1977996677160263
0.15479780733585355
0.2283267080783844
0.1019747108221054
0.12839730083942413
0.19093821942806244
0.19875530898571012
0.20905768871307373
0.15435048937797546
0.24966563284397125
0.044432513415813446
0.2061283737421036
0.2163383364677429
0.2003193348646164
0.23400138318538663
-0.004534690175205469
0.23030649125576017
0.17569948732852936
0.12387656420469284
0.20713563263416288
0.1797516644001007
0.0410454086959362
0.2004558593034744
0.06285706162452698
0.11754042655229568
0.13127434253692627
0.14590467512607574
0.16456849873065948
0.123449869453907
0.17552991211414337
0.23840554058551788
0.1882777363061905
0.020564286038279533
0.11977770179510117
0.19824676215648648
0.22489692270755768
0.1023855283856392
0.1895846724510193
0.24745382368564603
0.06916967034339905
0.13366690278053284
0.2165105491876602
0.069373719394207
0.16240981221199036
0.1875427216291428
0.1422024518251419
0.07615783065557478
0.08421915024518967
-0.07068968564271927
-0.029609905555844303
0.19773046672344208
0.12414281815290452
0.10254838317632677
0.24909658730030057
0.24231706559658048
0.24405081570148468
0.04422781243920326
-0.05906176194548607
0.0850868821144104
0.15590836107730863
0.2285582572221756
0.17990103363990784
0.1478411555290222
0.2004031091928482
0.11320298910140993
0.21772252023220065
0.2288772016763687
0.20432101190090177
0.17977188527584076
0.1208629235625267
0.11555708199739456
0.0882691517472267
0.15835270285606384
0.007273168768733741
-0.00990415923297405
0.0817529186606407
0.20543213188648224
0.12799018621444702
0.17063994705677032
0.06616179645061493
0.23835566639900208
0.18075695633888245
0.1838746815919876
-0.01627872698009014
0.11031855642795561
0.07185870409011841
0.09215182811021805
0.10406897217035292
0.156347393989563
0.16930626332759857
0.04407760128378868
0.04909941926598549
0.1361578106880188
0.19242189824581143
0.1785915493965149
0.1580279171466827
0.20690794289112088
0.19131301343441007
0.1321035921573639
0.21549442410469052
0.16401299834251404
0.06562214344739914
0.10683631896972656
0.19131936132907867
0.16797558963298795
0.1319229155778885
0.11750438064336775
0.21318744122982025
0.038598570972681046
0.04652322456240653
0.18389491736888883
0.099226713180542
0.09416490048170088
0.12354712933301924
0.23304456472396848
-0.08849916607141495
0.1780687719583511
0.05768785998225212
0.1816406697034836
0.09977740049362183
0.16244632005691528
0.16989754140377045
0.158949077129364
0.1589871346950531
0.08685183525085449
0.1424892097711563
0.1360778659582138
0.21401979029178617
0.2356480360031128
0.18349269032478327
0.13523963093757627
0.06092656031250954
0.08103401213884354
0.15785174071788788
0.13127648830413818
0.1781259328126907
0.1200542077422142
0.1731916218996048
0.188872829079628
0.16032861173152924
-0.020585281774401665
0.11998725682497025
0.165307879447937
0.012812720611691473
0.1076182797551155
0.23115418851375577
0.08908670395612717
0.18181778490543363
0.0956202670931816
0.09324596822261809
0.16353921592235565
0.0908208191394806
0.03592967242002487
0.0391760841012001
0.2545917928218841
0.08741795271635054
0.13601385056972504
-0.07972457259893417
0.17882013320922852
0.0381510816514492
0.07663317769765852
0.14100976288318634
0.15392354130744934
0.043207727372646325
0.12640610337257385
0.17862795293331146
0.18898917734622955
0.09761355817317961
0.08535978943109512
0.22804228961467743
0.06342276185750961
0.20191133022308347
0.19073626399040225
0.19155725836753845
0.00025909533724188805
0.1310635507106781
0.1594272255897522
0.13616397976875305
0.13007694482803345
-0.05057571455836296
0.21011744439601895
0.15229398012161255
0.1009649783372879
0.23778969049453733
0.012252958491444588
0.12739363312721252
0.0933517888188362
0.19054798781871796
0.15133877098560333
0.15507985651493073
0.08748163282871246
0.16974005103111267
0.13099931180477142
0.1781209260225296
0.11237677186727524
0.17118263244628906
0.19970574975013727
0.22467797994613647
0.1444483697414398
0.23582775890827176
0.13564790785312653
0.0555703304708004
0.1036100834608078
0.17075377702713013
0.2263444513082504
0.1339398622512817
0.20947702229022977
0.13968844711780548
-0.06540174037218094
0.20762567222118375
0.07184965908527374
0.1074960008263588
0.16316618025302887
0.12673905491828918
0.13367201387882233
0.10582852363586424
0.22785755991935727
0.10810480266809464
0.19929569959640503
0.15038472414016724
0.18372213840484616
0.09258455783128737
0.247346505522728
0.2348013520240784
0.1513233333826065
0.12226728349924088
0.22444617748260495
0.20928393304347992
0.18352369964122767
0.19075967371463773
0.059431757777929306
0.15639348328113556
0.1449446827173233
0.10228212922811508
0.1205526813864708
0.1411859393119812
0.24793304502964017
0.11478256434202194
0.252191424369812
0.18354801833629608
0.19010783731937408
0.06935907900333405
0.17065797746181488
0.1664476692676544
0.23582971096038816
0.11522884666919708
0.04508880898356438
0.08430507034063339
0.16992631554603577
0.09596263617277144
0.17790135741233823
0.13133417069911957
0.16067254543304443
0.208054780960083
0.09009496122598648
0.1828022450208664
0.24943216145038605
0.1392774134874344
0.17470058798789978
0.1523158103227615
0.11733893305063248
0.2080862522125244
0.20655702054500577
0.03813903778791428
0.16871817409992218
0.054834876209497445
0.022131793200969696
0.11125003546476364
0.19524915516376493
0.2268264889717102
0.11793682724237442
0.201977401971817
0.23068131506443024
-0.09876032918691635
0.17881688475608823
0.10532443970441818
0.22349755465984344
0.1714106649160385
0.10688772052526474
0.1586941033601761
0.08463502675294877
0.23136271536350247
0.18474985659122467
0.2262822985649109
0.11764704436063766
0.044739481061697006
0.03106601350009441
0.07321939617395401
0.19662119448184967
0.23305200040340424
0.06193605437874793
0.15647602081298828
0.22329844534397125
0.19350335001945493
0.23965434730052948
0.049743179231882095
0.10103383660316469
0.17811770737171173
-0.032750222831964486
0.2070772349834442
-0.02753443270921707
0.2526983916759491
0.06381351500749588
0.189200296998024
0.12142970412969588
0.14140599966049194
0.21359862387180328
0.1478024572134018
0.11655936390161514
0.15128116309642792
0.22909907996654513
0.045766193419694894
0.10922392457723616
0.17793720960617063
-0.0066055641509592524
0.2142003923654556
0.1817539185285568
0.09964790940284728
0.15759681165218353
-0.045310623943805695
0.19228245317935944
0.02693377248942852
0.10473453998565672
0.197785809636116
0.23642398416996
0.15072160959243774
0.23037005960941315
0.11777130514383316
0.15062081813812256
0.13369183242321014
0.15331624448299408
0.03330852463841438
0.13315854966640472
0.1705326735973358
0.1502469033002853
0.2378355413675308
0.15968647599220276
0.051971707493066795
0.18310438096523285
0.05192909762263297
0.10329604893922804
-0.0028923251666128635
0.0986730381846428
0.19912464916706085
0.19808648526668549
0.1841667592525482
0.1478707641363144
0.22814927995204923
0.1316595822572708
0.10677392035722733
0.009052896872162819
0.10766547918319702
0.22441063821315765
0.1915494799613953
0.1375264674425125
0.23751242458820343
0.14228348433971405
0.1903008371591568
0.237630233168602
0.1759486049413681
0.1869283765554428
0.2118774652481079
0.22646054625511167
0.18435209989547727
0.2367573380470276
0.21340824663639069
0.0645059123635292
0.1608213633298874
0.1427048295736313
0.19253928959369657
0.19188494980335236
0.20667798817157745
0.0411958284676075
0.19920258224010468
0.12252893298864365
0.11848944425582884
0.15622401237487793
0.18436041474342343
0.15737299621105194
0.06080691143870354
-0.029549637809395794
0.036462325602769845
0.07663135230541229
0.1560273319482803
0.04319087788462639
0.07636845856904982
0.0928131714463234
0.2203262597322464
0.15688619017601013
0.09128765761852264
0.11876695603132248
0.1397417187690735
0.20558626949787137
0.17886246740818024
0.15894927084445953
0.15316243469715118
0.16524270176887512
0.06266950815916061
0.14086273312568665
0.18112318217754364
0.23178477585315704
0.15453387796878815
0.058222342282533646
0.18271555006504056
0.1874533444643021
0.1732697635889053
0.13237856328487396
0.14675664901733398
0.0048278397880494595
0.23891501128673556
0.21689690649509427
0.13575643301010132
0.11415339261293413
0.15320609509944916
0.07384143769741057
0.09671601653099059
0.15637236833572388
0.104650117456913
0.17999716103076935
0.19126227498054504
0.19340023398399356
0.23739649355411527
0.18661586940288544
0.18892434239387512
0.1822393387556076
0.16089048981666565
0.2394213825464249
0.22564439475536344
0.14690358936786652
0.18632562458515167
0.10186683386564253
0.15686576068401337
0.14189036190509796
0.10385446995496748
0.05623159930109978
0.04212645441293717
0.1384776085615158
0.23015114665031436
0.11956065148115158
0.1939664781093597
0.18766115605831143
0.1474616378545761
0.16480889916419983
0.17972876131534576
0.18990053236484528
0.22966931760311127
0.23276750743389127
0.2145599722862244
0.08715789765119553
0.1225455328822136
0.2394912391901016
0.1574152261018753
0.25614678859710693
0.16844759881496427
0.0927254781126976
0.15839628875255585
0.12332271784543992
0.1819400042295456
-0.019251791760325432
0.215625524520874
0.143121600151062
0.209187850356102
0.09560196101665498
0.158437117934227
0.16145378351211548
0.03380535542964935
0.16125306487083435
0.0891093537211418
0.1437733918428421
0.12688784301280975
0.20607270300388336
0.15549452602863312
-0.014180259779095648
0.13596364855766296
0.2362497448921204
0.16983641684055328
0.047574304044246674
0.15020759403705597
0.13386641442775726
0.2391881048679352
0.2400764226913452
0.17347568273544312
0.23248380422592163
0.24164415895938876
0.2417795658111572
0.1662442535161972
-0.051514867693185806
0.20286038517951965
0.16386252641677856
0.20848560333251956
0.08587006479501724
0.17622576653957367
0.14854782819747925
0.09461589157581328
0.165944442152977
0.2304006516933441
0.15565508604049683
0.2291181683540344
0.03593358397483826
0.16805395483970642
0.12925058603286743
0.08155275881290436
0.21653230488300323
0.09307684749364853
-0.005693776998668909
0.1642785370349884
0.2232123464345932
0.08539459854364395
0.051692817360162735
0.11595124751329422
0.08310062438249587
0.1739891618490219
0.205691322684288
0.14160631597042084
0.24991358816623688
0.2481127232313156
0.05482441931962967
0.09430830925703047
-0.09404858946800233
0.05439433455467224
0.21903899312019348
0.1055118665099144
0.1431739628314972
0.1528775244951248
0.14404331147670743
0.2366604506969452
0.11107001453638075
0.18335862457752228
0.20808999240398407
0.2493705302476883
0.1514948606491089
0.16156025230884552
0.1081327274441719
0.1785927712917328
0.17863669991493225
0.1860074996948242
0.2059665471315384
0.10693708062171936
0.12214835733175276
0.23128816485404968
0.1734304279088974
0.03735509142279625
0.14960910379886627
0.103761188685894
0.1619182974100113
0.2315494418144226
0.18822830915451047
0.1894498765468597
0.16448546946048737
-0.004392931703478098
0.22575600445270536
0.16058982908725739
0.1521044373512268
0.13741342723369598
0.165157288312912
0.14750011265277863
0.1290360689163208
0.07385414093732835
0.09856816381216048
0.167874738574028
0.17795582115650177
0.14546255767345428
0.14340145885944366
0.227753221988678
0.20491749048233032
0.1426057517528534
0.15970481932163239
0.2352215945720673
0.22429516911506647
0.1814350783824921
0.25476589798927307
0.17943209409713745
0.08715886622667313
0.10297854244709014
0.04520362988114357
0.2339908480644226
0.11493833363056181
-0.014988118782639503
0.23152890801429749
0.11902620643377304
0.00929621048271656
0.15126405656337738
0.1494937688112259
0.06814073026180267
-0.028019892051815983
0.2052093893289566
0.05106564983725548
0.13809698820114136
0.18798571825027463
0.14283037185668945
0.1496158093214035
0.1807740181684494
0.20132023096084595
0.20973198115825653
0.2510717809200287
0.19894254207611084
0.23013316094875333
0.2140455096960068
0.16269187629222867
0.19145627319812772
0.2198550850152969
0.04868104308843613
0.1953013390302658
0.18745620548725128
-0.04275382310152054
0.19492144882678983
0.15136878192424774
0.19868168234825132
0.16160951554775238
0.1309245079755783
0.1590757519006729
-0.04165453091263771
0.16366596519947052
0.05469760298728943
0.08404301851987839
-0.04627640172839165
0.14229260385036469
0.13887228071689603
0.16086231172084808
0.1328381448984146
0.18973809480667117
0.232128769159317
0.175387442111969
0.13945549726486206
0.09054280072450636
0.0782809928059578
-0.007539635989814995
0.1044817492365837
0.24911238253116608
0.17404429614543915
0.17986159026622772
0.15622669458389282
0.1335238367319107
0.11467835307121275
0.152964785695076
0.1511459648609161
0.2195047587156296
0.09768486768007278
0.1503390520811081
0.08897355943918227
0.13312111794948575
0.23261259496212003
0.09986540675163268
0.1564585119485855
0.17499558627605438
0.22583641111850736
0.1948562115430832
0.10338843613862991
0.17298917472362518
0.2071092277765274
0.1917635947465897
0.08607715368270874
0.17865274846553802
0.06551714986562729
0.1498817354440689
0.08031854033470154
0.146988645195961
0.17774058878421783
0.1409233957529068
0.02446012757718563
-0.0442134402692318
0.21947290003299716
0.12462741881608964
0.21691972017288208
0.19162829220294952
0.13156364858150482
0.11939980834722518
0.11824241280555724
0.05033792182803153
0.12635444104671478
0.06905040889978409
0.12873268127441406
0.1401592642068863
-0.008342562243342398
0.2319665551185608
0.04645664617419242
0.07132811099290848
0.23027870059013367
0.022689012810587883
0.0666549801826477
0.11821670085191727
0.21625493466854093
0.02359631098806858
0.13636711239814758
0.1892171949148178
0.1569747030735016
0.11571674793958664
0.10056544840335845
0.16869136691093445
0.22835110127925873
0.21066802740097043
0.18064977228641513
0.18386282026767728
0.11943434923887251
0.12030907720327376
0.14664940536022186
0.18937106430530548
0.1869218796491623
0.09757492691278456
0.09023699909448624
0.15580053627490997
0.185614749789238
0.08695345371961594
0.1908036917448044
0.24108821153640747
0.21318249404430387
0.18923266232013705
0.22191816568374637
0.13985931873321533
0.14249424636363983
0.1631251722574234
0.16357310116291046
0.22752948105335236
0.17850469052791595
0.1553974449634552
0.1133304014801979
0.23913210630416873
0.24525196850299835
0.22510112822055817
0.0960271880030632
0.10798826068639757
0.19817014038562772
0.2013013660907745
0.10054538398981094
0.22279116511344907
0.23882995545864105
0.1345660537481308
0.1376170665025711
0.13063399493694303
0.12424232810735703
0.22303344309329984
0.2085639089345932
0.0319136343896389
0.09819203615188599
0.07153183966875076
0.15484757721424103
0.14207713305950165
0.22657248377799988
0.1305551379919052
0.1483413130044937
0.13908427953720093
0.1588505059480667
0.17537899315357208
0.17041385173797607
0.1420077234506607
0.15809576213359833
0.09982348233461379
0.17689110338687897
0.2131522446870804
0.2328054755926132
0.05723406001925469
0.18293246626853943
0.12382767349481583
0.1723792254924774
0.037870541214942925
0.22777694463729856
0.05517769232392311
0.15426282584667203
0.22706104815006256
0.15721368789672852
0.24214418232440948
0.12284358590841292
0.1172063574194908
0.17155416309833527
0.07063523679971695
0.17491082847118375
0.21150822937488556
0.242041289806366
0.058705639094114304
0.2441880851984024
0.21012194454669952
0.2432347983121872
0.10337429493665697
0.11118785291910172
0.11972164362668992
0.0867982879281044
0.15768130123615265
0.16835929453372955
0.1650332361459732
0.17994825541973114
0.17017512023448944
0.1478108316659927
0.18874405324459076
0.1487133651971817
0.1368623524904251
0.17963716387748718
0.13039182126522064
0.10438599437475204
0.22827911376953125
0.09125166386365889
0.1711662709712982
0.1802213042974472
0.14367638528347015
0.17264941334724426
0.24416126310825348
0.11766742169857024
0.23647026717662809
0.1318611204624176
0.1542614847421646
-0.02784552983939648
0.21545676887035367
0.12012424319982529
-0.06447961926460266
0.12468796223402023
0.08972255885601044
0.11709210276603697
0.22300030291080475
0.1118895411491394
0.22504322230815887
0.1933090686798096
0.144039049744606
0.16735170781612396
0.19764310121536252
0.237222358584404
0.1373394280672073
0.10249947756528854
0.07688292860984802
0.1860368102788925
0.18243728578090668
0.1239352449774742
0.2152575105428696
0.16583174467086792
0.12934578955173492
0.22715099155902865
0.14684276282787323
0.09043981879949568
0.10643883794546127
0.22603987157344815
0.15869347751140594
0.15716321766376495
0.19715960323810575
0.07608361542224883
0.23378804326057437
0.02830713056027889
0.15302591025829315
0.09306272119283676
0.13871408998966217
0.1602754145860672
0.2326282262802124
0.1674627810716629
0.18515892326831815
0.10961192101240158
0.17504273355007172
0.10988561064004898
0.10522928088903429
0.10544869303703308
0.2055900990962982
0.2041674703359604
0.2229623943567276
0.09702974557876587
0.06659802049398422
-0.06591842323541641
0.20726804435253143
0.1870757192373276
0.17315833270549774
0.23476116359233856
0.1688669919967651
0.10710752010345458
0.20076839625835416
0.12293808907270432
0.14442022144794464
0.1901778727769852
0.14139939844608307
0.15359584987163544
0.22702766954898837
0.0941350758075714
0.19637450575828552
0.1324036568403244
0.029596196487545967
0.14956803619861603
0.0780692994594574
0.24382559955120087
0.033932995051145554
0.047048449516296394
0.08149806410074234
0.1723787933588028
0.1654083281755447
0.19023254513740537
0.09535113722085951
0.24224697053432465
0.03576880320906639
0.06290553510189056
0.08240336924791336
0.1827857047319412
0.03679518401622772
0.1333498656749725
-0.03016352467238903
0.06148235127329826
0.17090395092964172
0.13763888180255887
0.20034193992614743
0.23225547373294833
0.06945205479860306
0.15726058185100555
0.2045772522687912
0.16626082360744476
0.07920151203870773
0.05142943561077118
0.170649915933609
0.14389529824256897
0.07148564606904984
0.08810045570135117
0.22967851161956787
0.1661442071199417
0.034702006727457047
0.19950290024280548
0.16410699486732483
0.15472348034381866
0.13658535480499268
0.13465885818004608
0.14963549375534055
0.16187147796154022
0.17380020022392273
0.1476314216852188
0.145015686750412
0.17488279938697815
0.15927569568157196
0.11532863974571228
0.18141762912273407
0.17459519207477567
0.23721341788768768
0.12122651189565659
0.12965400516986847
0.10926189273595809
0.1690860092639923
0.1805575042963028
0.17238402366638184
0.212349534034729
0.18720686435699463
0.07816458493471146
0.19187442958354947
-0.006717825774103403
0.18694053590297696
0.13206154108047485
0.1417190134525299
0.2187005579471588
0.1581360548734665
0.2152061015367508
0.15268884599208832
0.15390136837959287
0.18108993768692017
0.1852436065673828
0.2480118423700333
0.14341941475868225
0.12276471406221388
0.17646710574626923
0.1908219009637833
0.05131891742348671
0.09460970014333726
0.2384517192840576
0.1575474590063095
0.16935779154300687
0.1832237541675568
0.18620266020298004
-0.05180979147553444
0.17709951102733612
0.17834097146987915
0.08731303364038467
0.15149986743927
0.18165080249309537
0.22387577593326569
0.23743529617786407
0.13777391612529755
0.11694096773862837
0.04486730694770813
0.1943081170320511
0.11478198319673538
0.1519358903169632
0.2252827137708664
0.20171211659908292
0.17973764240741727
0.07517103105783463
0.17082682251930237
0.045533116906881325
0.13523851335048676
0.1814839392900467
0.08923601359128952
0.11716023832559584
0.1790858954191208
0.17294429242610931
0.181519016623497
0.08687710016965866
0.17816877365112305
0.19456590712070465
0.17572644352912903
0.16944997012615204
0.16638900339603424
0.011356672272086143
0.15607817471027374
0.08299389481544495
0.14383387565612793
0.1123123988509178
-0.04748467728495598
0.19767524302005768
0.2347402423620224
0.17024128139019012
0.13908645510673523
0.23976971209049225
0.14138445258140564
0.06751837581396103
0.12955151498317719
0.20961153507232663
0.11601843684911728
0.10948102921247482
0.15751793980598447
0.1225982829928398
0.17756350338459015
0.20484228432178497
0.1464279294013977
0.10903839021921156
0.15687231719493863
0.10193658620119093
0.06508441269397736
0.12774325907230377
0.15165425837039948
0.20261992514133453
0.16314363479614255
0.18084399402141568
0.19594821333885193
0.189781054854393
-0.07017803937196732
0.1197032406926155
0.2299956828355789
0.09121790528297424
0.2194010764360428
0.161979541182518
0.16992096602916715
0.10923875123262404
0.19240587949752808
0.09536429494619368
0.17021620273590088
0.16219590604305267
0.13278250396251678
0.13612103462219238
0.17856352031230927
0.09625244140625
0.24302399158477783
0.060848657041788094
0.23048163950443268
0.08788286894559859
0.21354971826076508
0.017418814823031425
0.2271340489387512
0.2374054193496704
0.10197921842336655
0.1710889637470245
0.1514689177274704
0.21627584099769592
0.1510968804359436
0.19813713431358335
0.18464516103267667
0.13352175056934357
0.1377536654472351
0.17170350253582
0.10972148925065994
0.1987963169813156
0.1363641619682312
0.20259073376655576
0.1533459424972534
0.1690516173839569
0.18420556187629697
0.19972033798694608
0.0950607880949974
0.0976072922348976
0.1209062412381172
-0.011293908581137655
0.18422774970531464
0.18914073705673215
0.2190309315919876
0.22884555160999295
0.19026297330856323
0.24858014285564425
0.20424824953079224
0.1879935711622238
0.22825422883033752
0.06261719763278961
0.233456626534462
0.19618134200572968
0.08111856132745743
0.16295738518238068
-0.0607859380543232
0.13963072001934052
0.11194223910570145
0.2282444089651108
0.16979028284549713
0.20511548221111295
0.19160930812358856
0.12951385974884033
0.11822723597288132
0.1740700751543045
0.08308211714029312
0.1805400103330612
0.2271296977996826
0.17861823737621307
0.17056746780872345
0.08731056749820709
0.13105185329914093
0.2395727187395096
0.19652773439884183
0.08247373998165129
0.15901146829128265
0.21983592212200165
0.23725958168506625
0.19896899163722992
0.13629260659217834
0.10162721574306488
0.13878026604652405
0.18264678120613095
0.01452202908694744
0.1813938468694687
0.2183948904275894
0.11398134380578993
0.18647517263889313
0.1962639689445496
0.05934136733412743
0.2128765434026718
0.17768323421478271
0.18758158385753632
0.14875413477420807
0.16869327425956726
0.22534134984016416
0.21375806629657745
0.22736483812332156
0.11134304851293564
0.1699398308992386
0.17355714738368988
0.2317951023578644
0.21159036457538605
0.20450788736343384
0.03294195979833603
0.10886283963918685
0.10345587879419325
0.22561068832874295
0.1992422193288803
0.16926291584968567
0.04688375815749168
0.02585790120065212
0.21099290251731873
0.14093653857707977
0.13373158872127533
0.14637762308120728
0.18938879668712613
0.2289416193962097
0.05863462761044502
-0.04662057384848595
0.08445275574922562
0.06544853746891022
0.21068501472473145
0.16744579374790192
0.1932724565267563
0.1325254887342453
0.0063837445341050625
0.1318981796503067
0.1700495034456253
0.2419182062149048
0.1453872174024582
0.19234378635883329
0.17536982893943787
0.14862312376499176
0.182381734251976
0.13402724266052246
0.23558354377746585
-0.04515646770596504
0.0603695847094059
0.18884824216365811
0.17279790341854095
0.2146614640951157
0.19409061968326569
0.20251576602458957
-0.026834486052393917
0.21691168844699857
0.24205593764781952
0.14558400213718414
0.14562301337718964
0.2000044882297516
0.13686928153038025
0.13256072998046875
0.12411629408597946
0.1803392916917801
-0.015644339844584465
0.225628599524498
0.14684633910655975
0.041103545576334
0.17414627969264984
0.18991312384605408
0.07018441706895828
0.10540159791707993
0.14310331642627716
0.20131178200244904
0.19922022521495816
0.2352643758058548
0.2099228650331497
0.21298052370548248
0.09036105126142499
0.15486280620098114
-0.013722261413931847
0.1574384719133377
0.10276901721954344
0.1685778647661209
0.20995624363422397
0.17014442384243011
0.1604347676038742
0.21823026239871976
0.09479506313800813
0.2178197950124741
0.12900471687316895
0.1535346359014511
0.19983920454978943
0.2185075730085373
0.19398771226406095
0.12089889496564864
0.13938257098197937
0.218926414847374
0.1567525565624237
0.11357981711626051
0.17418570816516876
0.21279616653919217
0.12713828682899475
0.19583384692668915
0.048222742974758155
0.20050878822803497
0.25426945090293884
0.1114376112818718
0.08852009475231169
0.06770677864551544
0.1773933619260788
-0.0442112535238266
0.15582646429538727
0.0920250192284584
0.17149485647678375
0.1806621998548508
0.09187401086091997
0.15085506439208984
-0.05946659669280052
0.22827614843845367
0.15220756828784943
0.13592730462551117
0.21888330578804016
0.09424535185098648
0.18326617777347565
0.22445718944072723
0.23548848927021024
0.12364152818918228
0.10873007029294968
0.25195905566215515
0.19239111244678497
0.1715170443058014
0.21212869882583615
0.21707643568515775
0.1408216655254364
0.12048829346895217
0.23332948982715607
0.12349911779165268
0.1621826738119125
0.15918530523777008
0.18707326054573056
0.22828494012355804
0.047059480100870126
0.15342585742473602
0.14736314117908475
0.21620826423168185
0.19844602048397064
0.1558330804109573
0.11676146835088728
0.05369233340024948
0.1432599127292633
0.1419266015291214
0.14122866094112396
0.21421226859092712
0.2351216226816177
-0.05141796544194221
0.122416652739048
0.19953542947769165
-0.03581363335251808
0.21989272534847257
0.15358440577983856
0.1826123148202896
0.1330147236585617
0.14591000974178314
0.09719958901405334
0.12626439332962036
0.2031845450401306
0.19061365723609924
0.22297799587249756
0.16777902841567993
0.22634148597717285
0.1737241297960281
0.05696747079491615
0.17236120998859403
0.2344553768634796
0.05456795543432236
0.16227777302265167
0.1854669153690338
0.14007417857646942
0.027153296396136284
0.18328113853931427
0.04700041189789772
0.1628541797399521
0.05552801862359047
0.12295875698328018
0.15311141312122345
0.06947783380746841
0.22755299508571625
0.07312920689582823
0.14058713614940643
0.07411399483680725
0.0667240172624588
0.2370799034833908
0.1246846094727516
0.15823327004909515
0.19201323390007016
0.16477198898792267
0.06814959645271301
0.1589357703924179
0.07616932690143585
0.17316456139087677
0.19753892719745636
0.256771445274353
0.24324582517147064
0.09704277664422989
0.1573466509580612
0.15374082326889038
0.06917779892683029
0.19157202541828156
0.1985881179571152
0.2481036931276321
0.09965230524539949
0.23148286342620847
0.23334394395351407
0.2327774465084076
0.24816380441188807
0.19887232780456543
0.14339253306388855
0.027370573952794075
0.07132867723703384
0.2063783258199692
0.2247486710548401
0.07263056933879852
0.20386548340320587
0.17970553040504456
0.19497366249561307
0.20056612789630887
0.07265927642583847
0.12117352336645126
0.14788269996643066
0.111007422208786
0.12376251071691512
0.09232877939939499
0.1594121903181076
0.13193592429161072
0.055883362889289856
0.22395145893096924
0.12113841623067856
0.10241922736167908
0.18624432384967804
0.08009658008813858
0.0669436976313591
0.07160325348377228
0.196684405207634
0.15932682156562805
0.18895728886127472
0.06596767902374268
0.17686207592487335
0.1855961382389069
0.08574260771274567
0.07044454663991928
0.18652881681919095
0.19462895393371585
0.18308369815349576
0.21190761029720304
0.11806151270866394
0.23367995023727417
0.176947221159935
0.19157792627811432
0.20032174885272977
0.13551168143749237
0.20899243652820587
0.24500615894794464
0.10803094506263732
0.17086681723594663
0.21544991433620447
0.06827015429735184
0.05161170661449432
0.14673404395580292
0.13785742223262787
0.12599143385887146
0.1957756280899048
0.1301840990781784
0.20233984291553497
0.2316720932722092
0.1839937120676041
0.16051457822322843
0.12959977984428403
0.22599324584007263
0.14023078978061676
0.03825512528419495
0.20649375021457672
0.19329991936683652
0.16137395799160004
0.15098620951175687
0.12567688524723053
0.17271743714809415
0.20248056948184967
0.15534664690494537
0.2365538328886032
0.050557732582092285
0.16791777312755585
0.1682101339101791
0.20112819969654083
0.16235917806625366
0.0994977131485939
0.14779312908649445
0.048672184348106384
0.2228461652994156
0.15094037353992462
0.14931991696357727
0.23056940734386444
0.15615622699260712
0.14006628096103668
0.06685231626033783
0.11733154952526093
0.21610236167907715
0.13266460597515106
-0.00633508013561368
0.2469368427991867
0.09383495151996611
0.07797744125127792
0.23615838587284088
0.2118179947137833
0.015310054644942284
0.1991970986127853
0.0952148586511612
0.10031937807798384
0.16108490526676175
0.20147673785686487
0.19085608422756195
0.15079252421855927
0.23732419312000275
-0.02584598772227764
0.13289324939250946
0.14645275473594663
0.19332921504974365
0.15663973987102509
0.23043642938137052
0.09090354293584824
0.22694285213947296
0.12896694242954254
0.19851009547710416
0.12394926697015762
-0.022823823615908623
0.22859621047973633
0.23844955861568448
0.1835114806890488
0.18782399594783783
0.1584210991859436
0.11174122989177704
0.13714252412319183
0.06432007998228073
0.18824850022792816
0.1466654986143112
0.05232490226626396
0.19867070019245148
0.13200260698795319
0.18730384111404416
0.24024416506290436
0.1404244601726532
0.2060479670763016
0.15312646329402924
0.1902958452701569
0.1760701090097427
0.14184430241584775
0.1358906775712967
0.05242322012782097
0.09529774636030196
0.15943543612957
0.13938011229038239
0.21937045454978943
-0.016173793002963066
0.15634536743164062
0.16477175056934357
0.17719651758670807
0.174116849899292
0.15381909906864166
0.15150925517082214
0.2210577130317688
0.1891827881336212
0.1805003881454468
0.18111699819564817
0.23823246359825132
0.1187245175242424
0.14965905249118805
0.18203239142894745
0.17581437528133392
0.1799904853105545
0.12003972381353378
0.20461615920066836
0.1010788008570671
0.17297197878360748
0.13288241624832153
0.04599293693900108
0.165518119931221
0.07061533629894257
0.042840790003538125
0.14269135892391205
0.1661713421344757
0.21100445091724396
0.20247216522693637
0.2250925302505493
0.1363326758146286
0.2297532707452774
0.1728297472000122
0.11853875219821929
0.08034511655569075
0.07811595499515533
0.10179132223129272
0.2368713468313217
0.1596471220254898
0.1114264503121376
0.17830267548561096
0.14792251586914062
0.1959118545055389
-0.04865233227610588
0.15376077592372894
0.17101119458675385
0.06819114834070206
0.15640701353549957
0.13743086159229279
0.11152540892362595
0.10303086787462234
0.16878460347652435
0.061397019773721695
0.12174042314291
0.1531371623277664
0.1428934633731842
0.1018284037709236
0.1368141919374466
0.10968883335590363
0.17237091064453125
0.1342839002609253
0.23611615598201752
0.19240792095661163
0.16573190689086914
0.18354871869087216
0.20876018702983856
0.12289395183324812
0.024624163284897804
0.1583074182271957
0.08469779789447784
0.15550629794597623
-0.06774231046438217
-0.012066038325428963
0.15272538363933563
0.11439377814531326
0.10785803943872452
0.18793945014476776
0.14184975624084473
0.24721099436283112
0.23005211353302
0.1939787119626999
0.1708066314458847
0.1832839399576187
0.15897278487682343
0.06830412149429321
0.17257371544837952
0.1466066688299179
0.04723147302865982
0.186228945851326
0.10532721877098083
0.16139169037342072
0.123353473842144
0.11292100697755812
0.205058827996254
0.22570644319057465
0.10569622367620468
0.16419480741024017
0.19159884750843048
0.2167580723762512
0.18533799052238464
0.077471561729908
0.13688193261623383
0.12116599828004836
0.1798965483903885
0.15439981222152707
0.12801523506641388
0.15580002963542938
0.05133070796728134
0.048182975500822074
0.16008318960666656
0.06517060846090317
0.15265361964702606
0.21134214103221893
0.17585022747516632
0.14094959199428558
0.2238460034132004
0.18271298706531525
0.0497104711830616
0.23760043084621427
0.23445330560207367
0.23602330684661865
0.19049878418445587
0.24623085558414456
0.20850859582424164
0.15808789432048795
0.23289118707180023
-0.03718586638569832
0.23082119226455688
0.22442059218883517
0.22396153211593628
0.2519920766353607
0.04892013594508171
0.1455389708280563
0.1711514443159103
0.13325904309749603
0.1806183755397797
0.15801943838596344
0.2311295717954636
0.14730599522590637
0.07843865454196931
0.1406099796295166
0.15559160709381104
0.22922243177890775
0.15310820937156677
0.08833329379558563
0.04019131511449814
0.08349910378456116
0.18869782984256744
0.06617941707372665
0.10674929618835448
0.24383704364299771
0.22387322783470157
0.22505030035972595
0.18016235530376437
0.2198532521724701
0.06497355550527573
0.19912335276603696
0.1770779937505722
0.1713222861289978
0.12592460215091705
0.22354112565517423
0.10884712636470795
0.11170617491006853
0.07411719858646394
0.176033154129982
0.17745448648929596
0.1120464652776718
0.2555902898311615
0.152165487408638
0.1709076017141342
0.24127624928951263
0.2473393529653549
0.08400887995958328
0.1552818864583969
0.1553816944360733
0.10938265919685364
0.2106705456972122
0.1884801089763641
0.12326892465353012
0.18535090982913968
0.24374227225780487
-0.031210387125611305
0.14531470835208893
0.1848292499780655
0.17465411126613617
0.2110387086868286
0.12747099995613098
0.1286141574382782
0.12917038798332214
0.13455010950565338
0.0688679963350296
0.24609805643558505
0.1873940676450729
0.1290721446275711
0.0890408530831337
0.024620823562145237
0.10070426762104034
0.23111216723918915
0.06973081082105637
0.22676549851894376
0.16781164705753326
0.19386142492294312
0.12930108606815338
0.13832509517669675
0.2204999476671219
0.2096959501504898
0.23790128529071808
0.1395605504512787
0.1317729651927948
0.17021209001541135
0.13070397078990936
0.23973248898983
0.24038679897785184
0.15238694846630096
0.22906231880187988
0.018638612702488896
0.04313577711582184
0.19104537367820737
0.12195899337530136
0.09774130582809448
0.21607160568237305
0.19334037601947784
0.12101037055253983
0.14229170978069303
0.2010392099618912
0.18140728771686557
0.2096924185752869
0.2339826673269272
0.20452666282653809
0.24874608218669889
0.18012353777885437
0.1058819591999054
0.08922553807497025
0.1547517627477646
0.1530696600675583
0.12760035693645477
0.15901240706443787
0.172597274184227
0.18421553075313568
0.16705361008644104
0.17068086564540863
0.20006220042705533
0.16942089796066284
0.11068902164697648
0.1743955761194229
0.1490763872861862
0.1316934823989868
0.2277453988790512
0.06969228386878967
0.09137381613254547
0.16969312727451324
0.16296350955963135
0.1718989610671997
0.15944500267505643
0.14281629025936127
0.03748321160674095
0.179881289601326
0.0912402793765068
0.07275074720382689
0.1961834877729416
0.13908113539218903
0.10674936324357986
0.1835900992155075
0.2103665322065353
0.2615661919116974
0.1341550499200821
0.1360844075679779
-0.02482428215444088
0.06333598494529724
0.1881760060787201
0.0957505777478218
0.022617755457758904
0.10994626581668852
0.2162096202373505
0.10673670470714568
0.16139791905879974
0.09820274263620377
0.1749249696731567
0.18296879529953
0.16282419860363007
0.151288241147995
0.15878193080425262
0.16971425712108612
0.11798304319381712
0.16151829063892365
0.04227974638342857
0.1195571944117546
0.1814908981323242
0.205279141664505
0.09053200483322144
0.0863099992275238
0.17965732514858243
0.0811653882265091
0.13767975568771362
0.23692427575588224
0.1265503317117691
0.06427080929279327
0.15326668322086334
-0.028707042336463928
0.23018121719360352
0.10927336663007736
0.13642023503780365
0.2131102681159973
0.15934795141220093
0.15864057838916779
0.23642611503601077
0.1170043721795082
0.18205370008945465
0.06477397680282593
0.10600406676530838
0.1602095067501068
0.06619870662689209
0.124685637652874
0.04575403407216072
0.2545641660690308
0.11922790855169296
0.16456981003284454
0.23809373378753665
0.24080947041511533
0.23351508378982544
0.15506939589977264
0.199153795838356
0.1546042114496231
0.14639486372470856
0.025170570239424706
0.07300946861505507
0.05392516776919365
0.062127333134412766
0.13000707328319547
0.17960648238658905
0.22948141396045685
0.21310842037200928
0.1949085891246796
0.12970630824565887
0.19901275634765625
0.1565697193145752
0.0835777148604393
0.16215400397777557
0.12088163942098616
0.07173716276884079
0.18071845173835757
0.2307216227054596
0.1646302193403244
0.16047553718090057
0.012460839003324509
0.15401971340179443
0.23505394160747528
0.16476933658123016
0.1418011337518692
0.16104935109615323
0.1384611576795578
0.02268972434103489
0.23896454274654388
0.183684915304184
0.1423746347427368
0.19402818381786344
0.10092493146657944
0.18364474177360532
0.21870948374271393
0.1359148472547531
0.14423146843910217
0.17680828273296356
0.08810382336378098
0.11498398333787918
0.1760498732328415
0.004958444740623236
0.13795144855976105
0.11775612831115723
0.19024427235126493
0.1729922741651535
0.22156397998332977
0.0683443620800972
0.20565031468868253
0.2362808734178543
0.1607327163219452
0.12315692752599716
0.09759849309921265
0.2036609798669815
0.1504579335451126
0.16305647790431976
0.2049706727266312
0.08202601969242096
0.1662067174911499
0.17299355566501615
0.10443396866321564
0.15032726526260376
0.1857195347547531
0.16710130870342255
0.16597260534763336
0.13910891115665436
0.20479014515876767
0.20393116772174835
0.05907267704606056
0.13510623574256897
0.23516030609607697
0.14067718386650083
0.13469479978084564
0.12629689276218414
0.1549949198961258
0.06733144819736481
0.18317811191082
0.1469721347093582
0.17158308625221252
0.18116371333599088
0.06510285288095474
0.2298438400030136
0.11442220211029051
0.15530698001384735
0.12091376632452012
0.1751481145620346
0.1420888751745224
0.15103887021541595
0.07990758866071701
0.19145400822162628
0.1684933751821518
0.13486789166927335
0.1802058070898056
0.2427560389041901
0.12777571380138397
0.2268626838922501
0.2170097976922989
0.00435476889833808
0.2507207691669464
0.2172754257917404
0.12054669111967085
0.1635567396879196
0.2302353233098984
0.0604381375014782
0.21706825494766235
0.09828773140907288
0.13265201449394226
0.22931063175201416
0.17129920423030853
0.019985834136605263
0.17553137242794037
0.11402810364961624
0.14656217396259308
0.1484466940164566
0.1963966488838196
0.22874777019023892
0.164059579372406
0.19938410818576807
0.12240748852491377
0.1942249983549118
0.18824544548988345
0.17938019335269928
0.11236339062452316
0.1699236035346985
0.13376083970069885
0.12831240892410278
-0.01534917764365673
0.16309869289398193
0.17414997518062592
0.21272157132625577
0.15984298288822174
0.15572556853294373
0.23864980041980743
0.10728118568658827
0.18700425326824188
0.17236866056919095
0.2335061877965927
0.12593545019626615
0.12731844186782837
0.2146397680044174
0.01534818671643734
0.21158720552921292
0.1946631819009781
0.21544514596462247
0.24939002096652985
0.13727501034736633
0.13433384895324707
0.04208776727318764
0.1773836612701416
0.1578381210565567
0.18990184366703036
0.10838313400745392
0.14326922595500946
0.1735046952962875
0.19576512277126312
0.13686633110046387
0.09461084753274915
0.14600171148777008
0.1725310981273651
0.19275139272212985
-0.01592964120209217
0.22659496963024137
0.22584986686706543
0.19772233068943024
0.029889972880482677
0.05055302754044533
0.0935833603143692
0.08651073276996611
0.12077408283948898
0.13948407769203186
0.1429585367441177
0.22559113800525665
0.06962035596370697
0.1280282884836197
0.10432682931423189
0.15993043780326843
0.12957774102687836
0.1262017637491226
0.1079191043972969
0.18765230476856232
0.11027973890304564
-0.016085436567664146
0.12198110669851304
0.1248125210404396
0.05184139683842658
0.08851178735494612
0.1116199791431427
0.05093022808432579
0.040155816823244095
0.015891922637820244
-0.02573910169303417
0.06796912848949432
0.12732894718647003
0.1960426419973373
0.17774216830730438
0.04630652442574501
0.08475127071142195
0.09706469625234605
0.0914570614695549
0.039048876613378525
0.2022809535264969
0.13735224306583405
0.13082383573055267
0.20383858680725095
0.18221315741539
0.16745980083942413
0.06723218411207199
0.23194207251071927
0.2038136124610901
0.13134644925594327
0.1637585610151291
0.19284042716026303
0.13640521466732025
0.21568284928798676
0.162355899810791
0.14936378598213196
0.13898590207099915
0.1965806931257248
0.14509689807891843
0.07964655011892319
0.0661008358001709
0.04464097321033478
-0.05871419608592987
0.21134743094444275
0.06428491324186325
0.10080461949110033
0.09209132194519043
0.25118446350097656
0.20032592117786407
0.18660204112529755
0.12705986201763153
0.24313621222972867
0.18171952664852145
0.200436994433403
0.17504556477069855
0.17506223917007446
0.23212806880474088
0.08247064799070358
0.18206895887851715
0.2294653207063675
0.171201154589653
0.1783616840839386
0.0955805853009224
0.17148008942604065
0.19820395112037656
0.0937708169221878
0.10996188968420029
0.21125783026218412
0.16374358534812927
0.16863948106765747
0.11927776783704756
0.12392165511846542
0.21624554693698883
0.11440756916999816
0.1821741461753845
0.02394193597137928
0.16331161558628082
0.1579207330942154
0.21659551560878756
0.08945591747760771
0.18497206270694727
0.13495950400829315
0.07496294379234315
0.1126234456896782
0.1169307455420494
0.05845524743199349
0.13750691711902618
0.021788062527775764
0.2471155673265457
0.18376013636589048
0.09383351355791093
0.0936802253127098
0.17730577290058136
0.17183180153369904
0.011086510494351389
0.14568789303302765
-0.06540746241807938
0.12201189249753952
0.09872250258922578
0.16586947441101074
0.17534729838371277
0.12911784648895264
0.052067309617996216
0.0845145136117935
0.1736612170934677
0.0686560794711113
0.07111076265573502
0.1548447608947754
0.1381468027830124
0.1497517079114914
0.10260219871997832
0.09983854740858078
0.12064393609762192
0.1754302829504013
0.17890523374080655
0.12921059131622314
0.14625810086727142
0.11736413836479188
0.20143721997737885
0.041260767728090286
0.0841512531042099
0.09539269655942915
0.11747369170188904
0.09366596490144728
0.18834181129932404
0.22000679373741147
0.23972731828689572
0.1668959408998489
0.18337653577327728
0.1992862373590469
0.10053667426109313
0.1849673092365265
0.10432405024766922
0.19576223194599152
0.1520950049161911
-0.029327021911740303
0.10689294338226318
0.2322542518377304
0.1419088989496231
0.06758105009794235
0.16921676695346832
0.18795956671237943
0.143644317984581
0.22861455380916595
0.10862647742033003
0.24267561733722687
0.11435721814632416
0.156489297747612
0.15480399131774902
0.017679089680314064
0.19278635084629056
0.15574003756046295
0.109114408493042
0.0983358845114708
0.15871888399124143
0.1397874504327774
0.07967372238636015
0.033558476716279984
0.16429896652698517
0.12767717242240903
0.03443479910492897
0.2300274223089218
0.21416679024696353
0.14569883048534393
0.19337947666645047
0.12482360750436781
0.21127875149250033
0.16564485430717468
0.16209740936756134
0.23598857223987577
0.2185814380645752
0.15963122248649597
0.20393697917461395
0.13944087922573087
0.07762526720762253
0.1909470111131668
0.03318212553858757
0.07920796424150467
0.18412837386131287
0.0882808640599251
0.19037465751171112
0.09869533777236937
0.17891706526279447
0.24876801669597623
0.019889121875166893
0.1406033486127853
0.17114554345607755
0.1709265112876892
0.20200398564338684
0.1977136880159378
0.107296422123909
0.12008056789636612
0.09938057512044905
0.14498296380043027
0.2071185261011124
0.17888198792934415
0.18596328794956207
0.19088126718997955
0.10346655547618865
0.12624333798885343
0.22553642094135284
0.1482241153717041
0.1972465068101883
0.1654365360736847
0.2208757847547531
0.07837053388357161
0.06905173510313034
0.1658068746328354
0.06752630323171616
0.16986368596553802
0.06657743453979492
0.1927506327629089
0.07861862331628798
0.2509028613567352
0.17884044349193573
0.1578396111726761
0.22991816699504847
0.07828697562217712
0.18796168267726895
0.09228717535734177
0.16290827095508575
0.1992058306932449
0.1444127857685089
0.1648654192686081
0.16508780419826508
0.12178763002157213
0.16203559935092926
0.14680592715740204
0.1434800773859024
0.1949685513973236
0.054163262248039246
0.1670537292957306
0.21840240061283112
0.23712594807147977
0.22001306712627408
0.20090214908123016
0.17906969785690308
0.132126584649086
0.2237790375947952
0.13656112551689148
0.12657277286052704
0.24670355021953583
0.17361088097095487
0.1891836374998093
0.16744877398014069
0.15139377117156982
0.08439713716506958
0.07115062326192856
0.10238731652498244
0.089069664478302
0.1776079386472702
0.22210049629211423
0.167990505695343
0.20690666139125824
0.1732896864414215
0.16133341193199155
0.2085238546133041
0.08667260408401489
0.2527733445167541
0.1313382387161255
0.17011184990406036
0.13922248780727386
0.05860495939850807
0.12220474332571028
0.08655422925949097
0.2357156127691269
0.2170236259698868
0.18530483543872836
-0.03528647497296333
0.23297613859176636
0.06438269466161728
0.16341815888881683
0.145333930850029
0.180149108171463
0.13378979265689847
0.17782580852508545
0.16101382672786713
0.024180326610803604
0.2378592938184738
0.03629537299275398
0.14156804978847504
0.12054642289876936
0.1732053905725479
0.1679355353116989
0.1692769080400467
0.23475423455238345
-0.10704629868268967
0.22331710159778595
0.13340680301189423
0.1720892637968063
0.11605676263570784
0.026050982996821404
0.23873205482959747
0.06492310017347336
0.182696133852005
0.209332212805748
0.22077423334121704
0.1565922051668167
0.2109902799129486
0.16634364426136017
0.13175316154956815
0.19039937853813169
-0.03652697801589966
0.10030052065849304
0.2497856765985489
0.06875886768102646
0.17280402779579163
0.19340848922729487
0.23019488155841827
0.11856823414564133
0.18394170701503756
0.13434354960918427
0.18755342066287997
0.14421267807483673
0.11974107474088667
0.14329975843429563
0.09565412998199463
0.18252496421337128
0.17172400653362274
0.17287184298038483
0.1932257264852524
0.09764086455106737
0.10374882817268372
0.11564605683088303
0.17810958623886108
0.0631817951798439
0.1680431216955185
0.12663578987121582
0.12312274426221848
0.1960426419973373
0.1278797835111618
0.17387397587299347
0.06440850347280502
0.17164422571659088
0.23010192811489105
0.029149426147341728
0.15702584385871887
0.17130884528160095
0.20149230957031247
0.20127119123935697
0.15376506745815277
0.1821782737970352
0.13853077590465543
0.14747865498065948
0.2302100658416748
0.1401446908712387
0.21960946917533877
0.18343026936054227
0.0023272945545613766
0.10780829936265944
0.19825336337089536
0.1794958859682083
0.1760512739419937
0.1780879646539688
0.17270810902118683
0.1189155951142311
0.07887061685323715
0.19803994894027707
0.1576794534921646
0.13309122622013092
0.2260521501302719
0.16660408675670624
0.11748255789279936
0.18655455112457275
0.010613957419991491
0.18725837767124176
0.12556986510753632
0.08070309460163116
0.23378776013851163
0.16789059340953827
0.005201616790145636
0.1967754811048508
0.15010948479175568
0.2340553253889084
0.19654701650142667
0.21228380501270291
0.1345420926809311
0.10635165870189665
0.10060496628284454
0.22438253462314603
0.032681405544281006
0.10668295621871948
0.18628069758415225
0.13572365045547485
0.1098065748810768
0.21067453920841217
0.13238392770290375
0.11155565083026885
0.194929763674736
0.14708192646503448
0.10012155771255492
0.03236978501081467
0.16229669749736783
0.1569807082414627
0.10512907803058624
0.190152570605278
0.11348587274551392
0.17457811534404755
0.12407229095697402
0.1581132411956787
0.23242133855819705
0.19643008708953855
0.1706815809011459
0.03223516047000885
0.203662633895874
0.15301449596881866
0.24398224055767057
0.09246566146612167
0.18218393623828888
0.11098913848400116
0.2128310054540634
0.08815979212522505
0.1472385674715042
0.2307962030172348
0.20158958435058597
0.19617444276809687
0.21005550026893613
0.10755570977926254
0.15153440833091736
0.23201240599155423
0.23159602284431455
0.12051507085561752
0.21535113453865048
0.20112238824367523
0.13508224487304688
0.224342942237854
0.09905173629522324
0.0022620870731770992
0.17988313734531403
0.10408693552017212
0.18345992267131803
0.16421255469322205
0.2472349554300308
0.03033873625099659
0.2160332351922989
0.16396687924861908
0.12699104845523834
0.2352285385131836
0.19402454793453217
0.24488718807697296
0.04830871894955635
0.167629674077034
0.140813410282135
0.22491635382175443
0.13414514064788818
0.21262602508068085
0.16526733338832855
0.043183449655771255
0.16671939194202423
0.11770761758089064
0.11104538291692732
0.2276652753353119
0.15637795627117157
0.16758970916271207
0.2392230182886124
0.19253908097743988
0.20580777525901797
0.10047896951436996
0.0969374030828476
0.11369094252586363
0.07919441908597946
0.12336193770170212
0.152625635266304
0.13737709820270538
0.08555848151445389
0.15578097105026245
0.08516563475131987
0.10665608197450636
0.20451582968235013
0.2273637354373932
0.23497131466865537
0.19482070207595825
0.09773465991020201
0.1148143485188484
0.15044173598289487
0.10481085628271102
0.17176218330860135
0.14624156057834625
-0.0068121240474283695
0.09266079962253569
0.09955934435129164
0.17527733743190765
0.09063120931386948
0.22840379178524017
0.1273382157087326
0.045430440455675125
0.08476471155881882
0.1622672528028488
0.12287167459726332
0.20740075409412384
0.19029872119426727
0.07121943682432175
0.14141817390918732
0.16994629800319672
0.17371000349521637
0.11641352623701096
0.1795581430196762
0.2323860675096512
0.1725681871175766
0.15248440206050873
0.1704944223165512
0.18433074653148648
0.033577386289834976
0.054398979991674416
0.09180103987455368
0.17223577201366425
0.13090203702449799
0.1690547913312912
0.17799822986125946
0.2366237044334412
0.1497243493795395
0.1233142390847206
0.12491463869810104
0.17524023354053497
0.06138558313250542
0.188880518078804
0.14300766587257385
0.059711892157793045
0.1751708984375
0.23031304776668549
0.10969776660203932
0.15267424285411835
0.06803809106349945
0.1569981426000595
0.2159152925014496
0.1277714371681213
0.06919429451227188
0.15371955931186676
0.19540101289749143
0.1780116707086563
0.20490966737270355
0.16466024518013
0.2249789386987686
0.1574563980102539
0.2157356888055801
0.17818039655685425
0.17472721636295319
0.14703038334846497
0.1532939076423645
0.09974154829978944
0.15903298556804657
0.006747783627361059
0.05947475507855415
0.11463731527328493
0.1451503485441208
0.12395457178354265
0.0537901446223259
0.09639301151037216
0.21841338276863095
0.23803475499153137
0.01340297982096672
0.08098480850458145
0.1909560114145279
0.22369107604026797
0.1764022409915924
0.13260678946971893
0.23188935220241544
0.07540980726480483
0.16388340294361115
0.20616792142391205
0.05216512084007263
0.19915394484996796
-0.06307552009820938
0.09503104537725449
0.13314484059810638
0.020458847284317017
0.09539318829774857
0.24143843352794647
0.14175103604793549
0.2297540307044983
0.18491367995738983
0.2177143543958664
0.15560901165008545
0.10123484581708908
0.038565486669540405
0.08568496257066727
0.1980709284543991
0.061106476932764046
0.2307846397161484
0.24146702885627744
0.05491948127746583
-0.0512445978820324
-0.006594425532966852
0.14847460389137268
0.1753347814083099
0.2087034732103348
0.10702354460954666
0.08658220618963242
0.05546852201223373
0.23360727727413175
0.15321119129657745
0.15349145233631134
0.19822366535663605
0.15032358467578888
0.21468412876129153
0.23115156590938568
0.15660053491592407
0.17114897072315216
0.1551883965730667
0.21617157757282257
0.08180389553308488
0.18345364928245544
0.23486457765102384
0.12224218994379044
0.14482907950878143
0.18681044876575467
0.1381170153617859
0.17165501415729523
0.11178984493017197
0.17527103424072263
0.2080863267183304
0.16001677513122559
0.2349301874637604
0.07142042368650436
0.028547363355755802
0.13094781339168549
0.2356573790311813
0.19052331149578092
0.07323674112558365
0.17550769448280334
0.12227622419595718
0.1113561764359474
0.20131702721118927
0.09569402039051057
0.11752816289663313
0.14310212433338165
0.1426045447587967
0.1859702318906784
0.22749851644039157
0.09145487844944
0.08329582959413528
0.1659100353717804
0.23355664312839508
0.194338783621788
0.21828623116016388
0.13652165234088895
0.13855440914630887
0.13343699276447296
0.1387093216180801
0.16224379837512967
0.24053639173507688
0.15945349633693695
0.11366353183984756
0.09678122401237488
0.18257577717304227
0.1642526239156723
0.12350260466337204
0.13017058372497559
0.11737377196550368
0.20895686745643613
0.1827645301818848
0.03284556791186333
0.126344233751297
0.059389907866716385
0.01799423061311245
0.15611736476421356
0.11280936002731325
0.10391486436128616
0.1486205607652664
0.06747683882713318
0.1287231594324112
0.23317034542560575
0.1966336816549301
0.20001088082790372
0.1649136245250702
0.16313855350017548
0.1513313502073288
0.08920215815305708
0.06915392726659775
0.24276229739189148
0.17179863154888153
0.1798381060361862
0.04355833306908608
0.09077367186546323
0.22550955414772036
0.11437534540891647
0.16175295412540436
0.14266943931579587
0.24028062820434568
0.22626662254333496
0.17652292549610135
0.029104156419634816
0.09438581019639967
0.17596976459026337
0.17412787675857544
0.12227272242307662
0.14359699189662933
0.09678571671247481
0.24030840396881104
0.22212062776088717
0.11098285019397736
0.23612745106220245
0.237585112452507
0.16204921901226044
0.10461059957742692
0.1614726483821869
0.16967807710170743
0.14847034215927124
0.08047434687614441
0.17766998708248138
0.11245223879814148
0.14612692594528198
0.1541694551706314
0.09247674793004988
0.1490156054496765
0.11047517508268356
0.012202495709061623
0.2550041079521179
0.1739836037158966
0.11762968450784685
0.0622810460627079
0.11925404518842696
0.20216430723667145
0.027862543240189552
0.10424619168043137
0.15541964769363403
0.1467940658330917
0.23412764072418207
0.16052959859371185
0.12548938393592834
0.17251209914684296
0.2451554089784622
-0.0121342446655035
0.24049897491931915
0.04173565283417702
0.15134590864181519
0.07077957689762115
0.08857201039791107
0.11827307939529418
0.22602339088916776
0.1267937123775482
0.22318579256534576
0.16472364962100983
0.06951083242893219
0.18349216878414157
0.159624382853508
0.011579656973481178
0.1888466328382492
0.1461593061685562
0.09090644121170047
0.16608645021915436
-0.018071040511131287
0.22313907742500305
0.11371700465679167
0.19249059259891513
0.1197899654507637
0.1235259100794792
0.0574115477502346
0.23570726811885837
0.2377126067876816
0.24165111780166623
0.18858344852924344
0.17956402897834775
0.15054497122764587
0.1753147691488266
0.04604428634047508
0.16296781599521637
0.21254584193229675
0.12096215039491652
0.12587840855121613
0.14210817217826843
0.10953222960233688
0.2006142884492874
0.05314180999994277
0.18464623391628265
-0.014455867931246756
0.05068910866975784
0.03856508061289787
0.20086564123630524
0.11973877996206284
0.217569962143898
0.18696436285972595
0.06356687098741531
0.18397210538387296
0.16483061015605927
0.0224706307053566
0.17090146243572235
-0.03503685444593429
0.24821521341800687
-0.010187583044171332
0.2056252807378769
0.20781560242176053
0.12216468900442123
0.15939266979694366
0.15387669205665588
0.21267898380756375
0.13541607558727264
0.22918236255645752
0.23538680374622345
0.2230428010225296
0.11414133757352828
0.23847816884517667
0.19760316610336304
0.18526117503643036
0.13271357119083405
0.22800563275814056
0.16270233690738675
0.14447703957557678
0.1563713252544403
0.1619674116373062
-0.01760062761604786
0.1647222340106964
0.1596280336380005
0.11364763230085372
0.0738241896033287
0.2250278443098068
0.09243194758892061
0.08496940135955809
0.15017558634281158
0.1363065540790558
0.12758128345012665
0.0977773219347
0.19391858577728271
0.14979612827301023
0.213232696056366
0.12326625734567642
0.22521838545799253
0.10866819322109222
0.23205232620239255
0.1655535250902176
-0.08119519799947737
0.22132274508476257
0.203977033495903
0.21158641576766968
0.10597548633813858
0.09101895987987518
-0.010989608243107796
0.18059599399566648
0.18113471567630768
0.20237663388252256
0.2272025495767593
0.23220960795879364
0.1881484091281891
0.15680357813835144
0.11575153470039368
0.017994163557887077
0.2404484152793884
0.17686782777309415
0.18557916581630704
0.14036324620246887
0.1723317950963974
0.20410324633121488
0.07411259412765504
0.23461858928203583
0.1760051995515823
0.2329445332288742
0.14055179059505463
0.2032005041837692
0.1805563718080521
0.132721409201622
0.14103958010673523
0.2464735060930252
0.09869238734245299
0.0030331811867654324
0.14607971906661987
0.037573318928480155
0.06958630681037903
0.119548462331295
0.18259868025779724
0.20956967771053317
0.23859262466430664
0.22958435118198395
0.2549150288105011
0.1623726189136505
0.23728184401988983
0.04683001711964607
0.1800639033317566
0.1445324569940567
0.1868402808904648
0.15259471535682678
0.19306249916553497
0.08150950819253922
0.1701131910085678
0.15640829503536224
0.22538708150386808
0.2266564667224884
0.06834601610898972
0.1721584051847458
0.09435836225748062
0.15028613805770874
0.09671080857515336
0.14952942728996277
-0.06448714435100555
0.03590783104300499
0.08042322844266891
0.19197328388690948
0.15275053679943085
0.14819952845573425
0.16936400532722473
0.16170591115951538
0.08702255040407181
0.1857079118490219
0.03298797458410263
0.23291659355163571
0.1238505020737648
0.1578509509563446
0.14378942549228668
0.13697221875190735
0.14317192137241364
0.1917655318975449
0.16555596888065338
0.013158237561583517
0.24309267103672028
0.06854306906461716
0.15352889895439148
0.17604181170463562
0.19222061336040497
0.20617650449275968
0.03597690537571907
0.2073771804571152
0.016328444704413414
0.18478529155254364
0.07367839664220811
0.04552661255002022
0.195546954870224
0.11278427392244338
0.02121010608971119
0.2290959507226944
0.014398196712136269
0.1651146113872528
0.13327552378177643
0.10636142641305923
0.23050399124622345
0.0602491982281208
0.04272161051630974
0.2176330089569092
0.004935023840516806
0.24134878814220428
0.1532163172960281
0.23049093782901764
0.0822751447558403
0.1487038880586624
0.20167697966098783
0.08334755152463913
0.13423703610897064
0.026234375312924385
0.18823747336864471
0.1409389227628708
0.14389885962009427
0.08247143775224684
0.1903859376907349
0.15818335115909576
0.19126051664352417
0.08815470337867738
0.17008869349956512
0.1013326272368431
0.08641710132360457
0.06818680465221405
0.2297032326459885
0.23302690684795377
0.1031154617667198
0.17928166687488556
0.019052186980843544
0.16215206682682037
0.030018044635653492
0.10649772733449936
0.17731720209121704
0.07067033648490906
0.19629235565662384
0.07803810387849806
0.23527100682258603
0.17713682353496552
0.1786562204360962
0.16289663314819336
0.18109685182571408
0.1856548637151718
0.12095234543085098
0.12736831605434415
0.07209013402462004
0.09140626341104509
0.17142091691493988
0.20528091490268707
0.188530832529068
0.1859770864248276
0.11142785102128983
0.1578197330236435
0.21178607642650604
0.11627987772226332
0.1468776911497116
0.14097854495048523
0.15136004984378815
0.013191763311624525
0.07735149562358856
0.19213208556175232
0.18901772797107697
0.14897948503494263
0.029439678415656086
0.20937336981296537
0.18147434294223783
0.1085713729262352
0.060272131115198135
0.12964719533920288
0.14544509351253507
0.16917000710964203
0.10680515319108964
0.2357192188501358
0.09481125324964525
-0.0768098160624504
0.1388932764530182
0.16767309606075287
0.23287053406238556
0.17492906749248505
0.16323420405387878
0.015686100348830223
0.20390015840530396
0.12437667697668076
0.18641336262226105
0.1333085000514984
0.0686098262667656
0.15909269452095032
0.1812452971935272
0.20695291459560397
0.17104505002498627
0.23507471382617953
0.0279048066586256
0.21612021327018735
0.1525547355413437
0.16670550405979156
0.1792282462120056
0.16256198287010193
0.17118240892887115
0.1526639014482498
0.0824429839849472
0.15394209325313568
0.1818059980869293
0.18537499010562897
0.1447479277849197
0.22834888100624084
0.05786334350705146
0.10828189551830292
0.21498554944992063
0.06314150243997574
0.1934940367937088
0.20349641144275665
0.13745978474617004
0.029150931164622303
0.16646476089954376
0.20856623351573944
0.13201862573623657
0.2168916612863541
0.17210613191127777
0.1633006781339645
0.1637199968099594
0.05176113173365593
0.11911603063344955
0.15086261928081512
0.15831007063388824
0.09156861901283264
0.06974772363901137
0.14359904825687408
0.10009802132844924
-0.018938811495900158
0.20486725866794583
0.14310403168201447
0.15464912354946136
0.17576874792575836
0.10778694599866868
0.16112105548381803
0.23274679481983185
0.18443699181079865
0.047053281217813485
0.15866780281066895
0.1982941776514053
0.22427166998386383
0.05078646168112754
0.13223063945770264
0.14176484942436218
0.226611852645874
0.1534307152032852
0.09856130927801132
0.20334531366825104
0.16693054139614105
0.11844898015260696
0.07026252150535583
0.14784415066242218
0.10884580016136168
0.2256968319416046
0.22291928529739377
0.17405410110950467
0.18530036509037015
0.16005028784275055
0.12284604460000992
0.22594009339809415
0.24207982420921323
0.20761387050151825
0.21097607910633087
0.02564151771366596
0.16389140486717224
0.13661786913871765
0.06939276307821274
0.10149932652711868
0.2278284430503845
0.23514695465564728
0.21694855391979215
-0.04544961079955101
0.1598203033208847
0.19033882021903992
0.04626200720667839
0.22221817076206207
0.07950994372367859
0.12560926377773285
-0.009218087419867517
0.14279069006443024
0.1365640014410019
0.10329252481460573
0.2029748409986496
0.11757419258356094
0.19015870988368988
0.09690684080123901
-0.004377076867967844
0.03418947011232376
0.1456208378076553
0.15072602033615112
0.237224355340004
0.16698449850082395
0.2490571290254593
0.143021360039711
0.12856927514076233
0.17013804614543915
0.017191875725984573
0.17499426007270813
0.19997867941856384
0.15054363012313843
0.023580698296427727
0.10625328868627548
0.1655243933200836
0.1420309841632843
0.013031920418143272
0.11725203692913055
0.17662824690341947
0.1739131361246109
0.1156632974743843
0.18797059357166288
0.10886959731578826
0.1422533243894577
0.2256359755992889
0.2135522812604904
0.05658511444926262
0.1255529820919037
0.17366771399974823
0.23309016227722168
-0.06900427490472794
0.18433208763599396
0.1909463256597519
0.0237183328717947
0.14071486890316007
0.19167765974998477
0.11186177283525466
0.24153517186641693
0.22631379961967468
0.22902308404445648
0.1407678872346878
0.1371418982744217
0.09259913116693495
0.23429322242736816
0.21342675387859344
0.1423821002244949
0.236328199505806
0.14408515393733978
0.009788710623979568
-0.01391882449388504
0.23213106393814087
0.17374145984649658
0.2286809533834457
0.05628679320216178
0.22427971661090848
0.18943805992603305
0.05004023388028145
0.2534184157848358
0.09819482266902925
0.04708629846572876
0.14679041504859924
0.16076597571372983
0.05876185372471809
0.08004830032587051
0.17469458281993863
0.13261039555072784
0.07996820658445358
0.10169250518083572
0.019177313894033432
0.1002698466181755
0.07611037790775299
0.1713239550590515
0.2404357343912125
0.1400332152843475
0.17398449778556824
0.16284818947315216
0.01820321194827557
0.16808800399303436
0.1799346953630447
0.026954347267746925
0.1821046322584152
0.23922927677631375
0.09845156222581863
0.15214815735816956
0.22667349874973297
0.057954642921686166
0.1781221330165863
0.225207582116127
0.21936728060245517
0.13610513508319855
0.1042964607477188
0.1530185341835022
0.20120121538639069
0.11941095441579817
0.23139624297618863
0.1581311821937561
0.1965187638998032
0.16929204761981964
0.11282693594694136
0.13204172253608704
0.09160546958446503
0.11389475315809248
0.14775164425373075
0.18135087192058563
0.1953284442424774
0.1243688389658928
0.1889838874340057
0.14598825573921204
0.08859927207231522
0.17753034830093384
0.18789225816726685
0.21322712302207944
0.09647484868764877
0.18633539974689484
0.11388567090034483
0.2304319143295288
0.23611387610435483
0.23238833248615265
0.2118595987558365
0.13993884623050687
0.09228362888097763
0.13444887101650238
0.1859050095081329
0.15745475888252258
-0.01984419673681259
0.16512763500213623
0.09576506167650223
0.234343484044075
0.0353701114654541
0.22297085821628568
0.12823934853076935
0.18810291588306427
0.14199919998645782
0.1744970828294754
0.18022683262825007
0.1567272990942001
0.14566436409950256
0.09352682530879974
0.1630093902349472
0.172374427318573
0.15861861407756803
0.1514538675546646
0.1736214309930801
0.17615211009979248
0.12014713138341904
0.2419249564409256
0.13201777637004852
0.028029004111886024
0.19962248206138608
0.18795418739318848
0.17967335879802704
0.20226018130779264
0.1316012740135193
0.22216157615184784
0.11174359917640686
0.2330012619495392
0.03827876970171928
0.20152094960212708
0.10717471688985825
0.129758283495903
0.07670848816633224
0.24719776213169095
0.17531277239322662
0.062435995787382126
0.09919933229684828
0.12275870889425276
0.175267294049263
0.15504013001918793
0.21358831226825717
0.25285300612449646
0.056191761046648026
0.04797346517443657
0.20415182411670685
0.163111612200737
0.20631255209445956
0.10895873606204987
0.15048415958881378
0.22378240525722504
0.1684550791978836
0.06280285865068436
0.14878281950950623
0.16497084498405457
0.1949736773967743
0.22617635130882263
0.12477161735296248
-0.05019204318523407
0.09038299322128297
0.014497721567749975
0.2422986328601837
0.06136993691325188
0.05093918740749359
0.18835116922855377
0.14242525398731232
0.18796187639236447
0.18893301486968997
0.23992455005645752
0.16119809448719025
0.13158278167247772
0.14723835885524747
0.09838766604661939
-0.03279313072562218
0.1339307278394699
0.16068696975708008
0.048864856362342834
0.2128067761659622
0.16159215569496155
0.14268356561660767
0.12765635550022125
0.1810253709554672
0.11768507957458496
0.04057570546865463
0.10501133650541304
0.04734930023550987
0.16588295996189115
0.0055410428903996944
0.1835053116083145
0.14325411617755887
0.1413843333721161
0.011584851890802383
0.1857469081878662
0.2030661702156067
0.17486794292926788
0.23496384918689728
0.1840006858110428
0.13400079309940338
0.1549587994813919
0.06710091978311539
0.2240765690803528
0.10394066572189332
0.18282443284988403
0.1345810443162918
0.2108495980501175
0.10552327334880827
0.2209867089986801
0.20765669643878937
0.07195291668176651
0.17895174026489255
0.21092797815799716
0.24176090955734247
0.23406071960926053
0.014115305617451668
0.08277702331542967
0.183325856924057
0.14756476879119873
0.14800171554088593
0.03919017687439919
0.10973387956619261
0.15312965214252472
0.022462097927927967
0.2037239968776703
0.1546511352062225
0.19629414379596713
0.08810766041278838
0.1091565042734146
0.01869933307170868
0.22659312188625333
0.16704289615154266
0.10120908170938492
0.13135425746440887
0.08046597987413406
0.14299936592578888
0.04596220701932907
0.24706907570362088
0.2204802334308624
0.10948456078767776
0.09428094327449799
0.01592918299138546
0.11361987888813017
0.1578979045152664
0.1576653867959976
0.1999415308237076
0.15973608195781708
0.16187094151973724
0.23906715214252472
0.22592103481292725
0.24633426964282987
0.10950324684381484
0.09400755912065506
0.20103223621845245
0.17453576624393463
0.18272690474987033
0.10204863548278809
0.18287949264049527
0.18313211202621457
0.23604108393192288
0.10469873249530792
0.2231154143810272
0.2185188978910446
0.17248503863811493
0.16161149740219116
0.18147221207618716
0.0766008123755455
0.22339610755443573
0.2308824211359024
0.18464277684688568
0.22198624908924103
0.1320524215698242
0.21727101504802704
0.1762443333864212
0.11932870000600813
0.15887106955051422
0.07336854189634323
0.22786723077297208
0.09149960428476332
0.16873872280120847
0.22446285188198087
0.11609309166669844
0.09663527458906172
0.16954107582569122
0.20839069783687592
0.24001288414001465
0.16670720279216766
0.16628864407539368
0.1677901595830917
0.06142538413405418
0.14440301060676575
0.23856376111507413
0.2457195073366165
0.18454392254352567
0.043002910912036896
0.1402124315500259
0.15032173693180084
0.20462845265865323
0.1770140826702118
0.05163875222206116
0.13379110395908356
0.1658918410539627
0.2210899442434311
0.16516251862049103
0.116164892911911
0.1311355084180832
0.15911255776882172
0.17766426503658295
0.12447961419820784
0.07527682930231094
0.17000426352024078
0.13303931057453156
-0.0009053596295416355
-0.012574071064591408
0.056214164942502975
0.1292014867067337
0.1752847284078598
0.15724816918373108
0.1418621391057968
0.1353112161159515
0.09711269289255142
0.23526461422443387
0.2025036513805389
0.1767459213733673
0.17091010510921478
0.1297743022441864
0.18316735327243805
0.19067037105560303
0.1620842069387436
0.08416001498699187
0.11710596829652786
0.17094385623931885
0.23075702786445615
0.11443126201629639
0.02823866717517376
0.09577128291130066
0.20600581169128415
0.2203865498304367
0.16094802320003507
0.12713110446929932
0.2284339070320129
0.019267113879323006
0.22130843997001648
0.08844901621341705
0.16474302113056183
0.0949675515294075
0.23339565098285675
0.12133605033159256
0.09671657532453537
0.240206241607666
0.06593230366706848
0.1598115712404251
0.0987936183810234
0.09940970689058304
0.07846445590257645
0.11046333611011504
0.1616310477256775
0.16600628197193143
0.13455255329608917
0.058618489652872086
0.12444406002759932
0.18764980137348172
0.19484728574752808
0.11223942786455154
0.1224827691912651
0.14134854078292847
0.2019068747758865
0.12167907506227492
0.1799965053796768
0.14713615179061887
0.2392248660326004
0.1951354295015335
0.019357794895768166
0.1950315982103348
0.19343529641628265
-0.010757876560091972
0.08738155663013458
0.19996416568756104
0.16733618080615997
0.16073815524578094
0.16230081021785736
0.22645750641822812
0.15406523644924164
0.20241463184356687
0.2088099271059036
0.17576998472213745
0.09338098019361497
0.13198886811733243
0.23634247481822968
0.19255103170871732
0.08462265878915785
0.1124059408903122
0.23577333986759183
0.04487264156341553
0.22179411351680756
0.16872566938400269
0.10049082338809968
0.17153765261173248
0.15703946352005005
0.21040113270282745
0.18901227414608
0.20140032470226288
0.11196251213550568
0.17698805034160614
0.0887652188539505
0.17467717826366425
0.13125300407409668
0.11666034907102583
0.03869495913386345
0.16816574335098267
0.2058180719614029
0.1625738888978958
0.1643233746290207
0.2270343452692032
0.22737556695938113
0.23298873007297516
0.04911632463335991
0.2005401402711868
0.17699113488197327
0.2117263227701187
0.16960462927818298
0.16180624067783356
0.07176634669303894
0.23419129848480225
0.1745215207338333
0.17826272547245023
0.194921150803566
0.16130615770816803
0.12615208327770233
0.21936693787574768
0.20445242524147036
0.176133930683136
0.16909123957157135
0.16405604779720306
0.16935738921165466
0.23428091406822205
0.21981640160083768
0.17108890414237976
0.20211152732372284
0.21999000012874603
0.16057924926280975
0.21412946283817288
0.1035529375076294
0.19060882925987244
0.12530063092708588
0.12370064109563828
0.22904589772224423
0.13105712831020355
0.0760633945465088
0.22470951080322263
0.25203737616539
0.12828682363033295
0.1748056858778
0.09564473479986191
0.2370891124010086
0.2331366986036301
0.17082421481609344
0.17860834300518036
0.12708500027656555
0.23175950348377228
0.20725850760936737
0.13140375912189484
0.16972090303897855
0.1929023116827011
0.19230908155441284
0.13763393461704254
0.23425401747226715
0.09789896756410599
0.0978233739733696
0.10286349058151244
0.22002515196800232
0.14152131974697113
0.13468903303146362
0.16863501071929932
0.12201441079378128
0.1281200796365738
0.10855188220739365
0.197776272892952
0.24461670219898224
0.19775262475013727
0.14675559103488922
0.16389700770378113
0.15513126552104947
0.14745137095451355
0.2474617213010788
0.062460843473672874
0.12694142758846283
0.048038560897111886
0.12232572585344315
0.14161427319049835
0.1398407220840454
0.1029585227370262
0.09722566604614256
0.04560118541121482
0.1391163468360901
0.18292172253131864
0.24337942898273468
0.20477636158466336
0.15882128477096555
0.1715704649686813
0.19400323927402496
0.19103644788265228
0.11864077299833296
0.0015708147548139095
0.2329325079917908
0.19930234551429749
0.018271626904606816
0.1552522778511047
0.1251159906387329
0.15258626639842987
0.1663323789834976
0.14522178471088407
0.14471302926540375
0.023217579349875447
0.14462599158287048
0.012562001124024391
0.13269896805286407
0.2194689214229584
0.18629531562328336
0.1877862513065338
0.1664668172597885
0.1473361998796463
0.2162468135356903
0.13460290431976318
0.22798137366771695
0.2100052833557129
0.23183147609233856
0.20492681860923767
0.036251988261938095
0.14387322962284088
0.1953435391187668
0.17164240777492523
0.126012846827507
0.041280847042799
0.13940611481666565
0.15232950448989868
0.17969822883605957
0.2189263999462128
0.15585018694400787
0.18099358677864075
0.2290351837873459
0.1952583193778992
0.168330118060112
0.1810090094804764
0.2197525054216385
0.23469170928001404
0.08779126405715942
0.15964946150779724
0.08046358823776245
0.22598180174827573
0.2048946917057037
0.14830392599105835
0.21009032428264615
0.15772630274295807
0.10265116393566132
0.05434164777398109
0.11667460203170776
-0.04131371155381203
0.17177514731884003
0.235835924744606
0.2379838526248932
0.16066758334636688
0.12064581364393234
0.10484033077955245
0.08247970044612883
0.03309297561645508
0.03740615025162697
0.1787317991256714
0.19151340425014493
0.22236618399620056
0.145090714097023
0.043790560215711594
0.18833832442760468
0.08255206793546675
0.10418348759412764
0.17296768724918363
0.00635742349550128
-0.04228803515434265
0.02589607797563076
0.11443502455949783
0.02023753337562084
0.14456455409526825
0.1531403362751007
0.22612397372722623
0.1580062359571457
0.059113141149282455
0.16079010069370267
0.226245790719986
0.14701968431472778
0.21105395257472992
0.06914713978767395
0.2376800626516342
0.08728493750095366
0.08428403735160828
0.168328657746315
0.14776556193828583
0.1370418220758438
0.2352849245071411
0.1196875348687172
0.1234421506524086
0.09916683286428452
0.12021348625421524
0.1334904134273529
0.2283409535884857
0.08657396584749222
0.17224903404712677
0.21981917321681976
0.23609502613544464
0.19450703263282773
0.24408812820911407
0.07761111110448837
0.08430611342191696
0.07065223902463913
0.14251169562339783
0.1941993683576584
0.15715287625789642
0.20774246752262115
0.14543060958385468
0.18953014910221097
0.19099271297454837
0.17842401564121246
0.10822132974863052
0.12563203275203705
0.11113207042217255
0.17950011789798737
0.22443951666355133
0.18850992619991305
0.061986248940229416
0.12605734169483185
0.12366751581430437
0.17843353748321533
0.1966400295495987
0.15963661670684814
0.1945874989032745
0.1696498990058899
0.12050726264715193
0.11689803749322893
0.10737953335046768
0.06237173452973366
0.17690065503120422
0.01822425238788128
0.19566449522972104
0.09041554480791093
0.2328094244003296
0.17912185192108154
0.15181414783000946
0.17886321246623993
0.15755470097064972
0.14849503338336945
0.16598342359066007
0.19372501969337463
0.10594990849494934
0.0573480911552906
0.12386717647314072
0.195512980222702
0.20038391649723047
0.15517690777778623
0.2267786264419556
0.1431169956922531
0.1867557317018509
0.1454586684703827
0.14571379125118256
0.1562422662973404
0.22722820937633517
0.15575763583183289
0.15677373111248016
0.04506193473935127
0.1698058396577835
0.20875997841358185
0.22813232243061063
0.14255478978157043
0.16876401007175443
0.1460198611021042
0.21971026062965396
0.1057528480887413
0.2445765882730484
0.18278641998767847
0.14047272503376007
0.21630926430225367
0.2308601886034012
0.2546904981136322
0.16392722725868225
0.15853844583034515
-0.017497343942523003
0.1641177237033844
0.1584463119506836
0.22673560678958887
0.12354626506567
0.19547972083091733
0.1677395850419998
0.2041320353746414
0.2342526018619537
0.17444922029972076
0.1848164349794388
0.0680231973528862
0.18380938470363617
0.18200092017650604
0.19760990142822263
0.07509633898735046
0.1615392565727234
0.18251191079616544
0.1982722133398056
0.09826626628637312
0.23239915072917935
0.21281836926937103
0.2096625119447708
0.24136225879192352
0.19820700585842127
0.23422515392303464
0.18534648418426516
0.12387552112340929
0.2012135684490204
0.17312265932559967
0.16886721551418304
-0.062165971845388406
0.16911697387695312
0.1194525435566902
0.17826439440250397
-0.010343139991164207
0.24391670525074005
0.07183309644460678
0.18722160160541532
0.1832392364740372
0.1954014748334885
0.24734200537204745
0.23834453523159027
0.1768573373556137
0.1770821064710617
0.1678597331047058
0.2139554172754288
0.05911005660891533
0.155540332198143
0.08030787855386734
0.139738067984581
0.22933310270309448
0.11509335786104202
0.1760182827711105
0.025073328986763958
0.17447195947170255
0.08415240794420241
0.13760001957416534
0.1335848718881607
0.23018458485603327
0.09586316347122192
0.18581946194171903
0.14122401177883148
0.10997731238603592
0.17238052189350128
0.24350678920745847
0.06683114171028137
0.17148670554161072
0.16596023738384247
0.19032819569110873
0.10366877168416976
0.1330946385860443
0.1667896807193756
0.1373242437839508
0.15862272679805756
0.16977238655090332
0.0980507805943489
0.16107068955898285
0.15904031693935394
0.1766968071460724
0.04905387759208679
0.13821253180503845
0.22805029153823847
0.15071086585521698
0.19133250415325165
0.009406264871358871
0.1264964789152145
0.0387008860707283
0.07388235628604889
0.19777368009090424
0.1663195639848709
0.18389128148555756
0.14127770066261292
0.19348956644535065
0.08990537375211716
0.18602579832077024
0.16284124553203583
0.11597806215286253
0.16262821853160858
0.11955247074365616
0.2231665998697281
0.19504956901073453
0.12897770106792447
0.12425699084997176
0.14361728727817535
0.17722585797309875
0.2022695243358612
0.24534426629543304
0.1918414682149887
0.22490714490413663
0.1740178018808365
0.23712085187435153
0.13940599560737607
-0.04142975062131882
0.06521535664796829
0.19894470274448395
0.2134710103273392
0.16570989787578583
0.1808326989412308
0.17104284465312955
0.23143139481544492
0.17593654990196228
0.12284599989652632
0.1001155897974968
0.16750764846801755
0.1925111562013626
0.2076736688613892
0.18352721631526947
0.06387375295162201
0.1391419023275375
0.05656793341040611
0.2349078804254532
0.1276528686285019
0.2275152951478958
0.17839276790618896
0.1746593862771988
0.2282269299030304
0.18723927438259125
0.1893087923526764
0.10826003551483154
0.18757364153862
0.16954317688941956
0.2220910936594009
0.060470033437013626
0.16590501368045807
0.2329313158988953
0.18109844624996185
0.22621963918209076
0.14988358318805695
0.09292327612638472
0.044595595449209206
0.03136930614709854
0.03725041821599007
0.15103472769260406
0.0834091007709503
0.17442339658737183
0.08118095993995665
0.0754210501909256
0.08744353801012038
0.1954371482133865
0.13563926517963407
0.10939324647188187
0.2476473897695541
0.19311997294425964
0.018053490668535233
0.2283305823802948
0.15635085105895996
-0.00591640779748559
0.19543148577213287
0.12228598445653915
0.039776887744665146
0.1654670536518097
0.10215937346220016
0.22764983773231504
0.23721779882907867
0.22832009196281436
0.20091743767261505
0.18560434877872467
0.14356276392936707
0.20907360315322876
0.1851326674222946
0.12058294564485549
0.19101057946681976
0.2371718138456345
0.1688248515129089
0.20407895743846893
0.1684163063764572
0.23753894865512848
0.14415334165096283
0.19193351268768313
0.15309269726276395
0.19560584425926208
0.16911955177783966
0.23513977229595184
0.12870794534683228
0.2003587037324905
0.07184688001871109
0.2258627265691757
0.1124528869986534
0.12171915918588638
0.15081055462360382
0.129701167345047
0.19102574884891513
0.15879829227924347
0.016192683950066566
0.11741066724061965
0.15651845932006836
0.14861716330051422
0.1323409527540207
0.1725451499223709
0.17118309438228607
0.2298499047756195
0.12726788222789764
0.22576157748699188
-0.020649099722504612
0.048410046845674515
0.1572527140378952
0.1171630248427391
0.11276889592409133
0.03339808061718941
0.0934978500008583
0.10649944096803664
0.11865966767072676
0.14076076447963715
0.13419313728809357
0.19382403790950772
0.13316023349761963
0.09135436266660689
0.19818554818630216
0.17200152575969696
0.054262548685073846
0.11132071167230606
0.1448788344860077
0.09431729465723036
0.1850344389677048
0.24745137989521024
0.20885370671749115
0.029862044379115105
0.17158718407154083
0.24707938730716705
0.07821667194366455
0.07950375229120255
0.12695159018039703
0.22068294882774356
0.09950722008943555
0.17642386257648468
0.004138683434575796
0.22937934100627896
0.1857129782438278
0.20778723061084747
0.2010370641946793
0.23365649580955505
0.1219935342669487
0.2104244977235794
0.1369096040725708
0.0754755213856697
0.11918718367815016
0.1695128232240677
0.2014151066541672
0.2109587788581848
0.2363688796758652
0.2262098044157028
0.17098961770534515
0.187424436211586
0.2357751429080963
0.09340061992406845
0.1617940217256546
0.17841078341007233
0.21638374030590057
0.09151899069547652
-0.026309365406632423
0.2259417623281479
0.1310863047838211
0.10481809079647064
0.1838562935590744
0.21193078160285947
0.15868188440799713
0.21229252219200132
0.15328526496887207
0.23785853385925287
0.16754241287708282
0.2424088269472122
0.1554863601922989
0.16312570869922635
0.12202685326337814
0.13016299903392792
0.2208725214004517
0.002608270850032568
0.019937239587306976
0.22645267844200132
0.06118297204375267
0.10072246193885805
-0.02154428139328957
0.15845854580402374
0.07168586552143097
0.1661831885576248
0.0032616197131574154
0.1296965330839157
0.18261729180812836
0.23706425726413727
0.1990470439195633
0.143010213971138
0.15173812210559845
0.19620205461978912
0.16256405413150787
0.24605675041675568
0.07342245429754257
0.14490206539630887
0.20718203485012052
0.1211973950266838
0.10124608129262924
0.14811480045318604
0.12190521508455276
0.1822938174009323
0.2117880582809448
0.14359931647777557
0.1472528576850891
0.17455177009105682
0.11788656562566756
0.18363118171691892
0.21791709959506989
0.13162744045257568
0.10438498854637146
0.09242639690637587
0.2314201295375824
0.0637832060456276
0.11027293652296066
0.17986924946308136
0.15426726639270782
0.22792598605155945
-0.03807009384036064
0.09293607622385024
0.22090910375118253
0.18867687880992887
0.038403548300266266
0.19707335531711576
0.15676601231098175
0.18519674241542816
0.046226691454648965
0.052493561059236526
0.061925668269395835
0.12839126586914062
0.11089413613080978
0.18282441794872284
0.18562647700309756
0.2437120825052261
0.22946825623512268
0.2231190055608749
0.10479570180177689
0.04958026483654976
0.18489731848239896
0.21277022361755368
0.1037730798125267
0.0805511623620987
0.25570064783096313
0.209282711148262
0.23409518599510193
0.16463766992092133
0.01031242311000824
0.10697254538536072
0.07265082746744157
0.2315155118703842
0.0881991758942604
0.12606529891490936
0.1047695055603981
0.2173834592103958
0.24068734049797055
0.164974108338356
0.11233561486005784
0.22080311179161072
0.05525323376059532
0.11948352307081223
-0.004924254957586527
0.20307515561580655
0.07675272226333618
0.17744871973991394
0.1915791630744934
0.14064127206802368
0.23863759636878967
0.2170555740594864
0.2405405640602112
0.16993562877178192
0.06464749574661255
0.11773838847875596
0.08542869240045547
0.12067236751317977
0.1332617849111557
0.1377351880073547
0.2327747493982315
0.21545161306858063
0.04503196105360985
0.12143784016370772
0.19171936810016632
0.17097024619579315
0.09626147896051408
0.2389206141233444
0.11761026829481123
0.21952737867832184
0.14060485363006592
0.15064048767089844
0.14024583995342255
0.21130226552486417
0.2376553863286972
0.09454407542943953
0.1353446394205093
0.17908957600593567
0.18258583545684812
0.13793905079364777
0.18191917240619657
0.18331600725650787
0.16431735455989835
0.17091646790504456
0.2255520224571228
0.12238255888223648
0.17576606571674347
0.139069065451622
0.1703241914510727
0.15575571358203888
0.13436086475849152
0.05393224209547042
0.21715284883975983
0.17261500656604767
0.1541711688041687
0.19771841168403623
0.136351078748703
0.12544938921928403
0.13193486630916595
0.15205110609531403
0.0735190138220787
0.08974365144968031
0.13619500398635864
0.13284602761268616
0.217009112238884
0.152400866150856
0.1467840075492859
-0.0783814564347267
0.2337409108877182
0.23424258828163144
0.238729864358902
0.1323413997888565
0.14383980631828308
0.1438158005475998
0.18773618340492249
0.22821165621280673
0.1654587835073471
0.2422295957803726
0.11803926527500153
0.17908330261707303
0.17072267830371857
0.21147106587886808
0.19042904675006864
0.11447375267744064
0.2378103584051132
0.19274243712425232
0.2489158362150192
0.01913144066929817
0.1575300097465515
0.25008103251457214
0.17043752968311307
0.20434723794460297
0.22983914613723755
0.10359425842761992
0.1562795042991638
0.13266734778881073
0.1951526403427124
0.15396051108837128
0.15925247967243195
0.16668933629989624
0.1893751323223114
0.23895080387592316
0.16126300394535065
0.1919968873262405
0.1412530094385147
0.10917815566062929
0.018457764759659767
0.12618075311183927
0.19781838357448575
0.1902243196964264
0.17150922119617462
0.2350008338689804
0.23401577770709991
0.2184452712535858
0.1754618138074875
0.11008423566818236
0.1899634748697281
0.16413165628910065
0.2417973279953003
0.15339156985282895
0.24989764392375943
0.17401741445064545
0.21360386908054352
0.1467212438583374
0.012542491778731346
0.18561337888240811
0.06981359422206879
0.17995800077915192
0.16699244081974027
0.19494126737117767
0.2047147750854492
0.1386652439832687
0.20355446636676788
0.15967421233654022
0.17315250635147095
0.1598508507013321
0.2122008055448532
0.0552104227244854
0.18523618578910828
0.18807999789714813
0.15738894045352936
0.2374665290117264
0.1838366389274597
0.1513429284095764
0.19871859252452848
0.22485499083995816
0.09765715152025223
0.05505935475230217
0.147410050034523
0.1595303565263748
0.13107380270957947
0.13599617779254913
0.15509366989135742
0.15693430602550507
-0.005468698684126139
0.18103812634944916
0.039743222296237946
0.17034971714019775
0.1361417770385742
0.1279206424951553
0.11360026895999908
0.05644585564732552
0.22550348937511444
0.08775655180215836
0.23784928023815155
0.2050553113222122
-0.05088280886411666
0.17766417562961578
0.12518279254436493
0.20010109245777127
0.14083172380924225
0.11907736212015152
0.16715113818645477
0.0328410305082798
0.24544571340084076
0.13514496386051175
0.1666750609874725
0.1860346347093582
0.1627809852361679
0.16235579550266263
0.13738776743412015
0.0918830707669258
0.16392116248607635
0.12375511974096298
0.14610786736011505
0.23008787631988523
0.14750340580940247
0.24385847151279447
0.09348352998495102
0.14281584322452545
0.22564102709293363
0.09804899245500563
0.24113689363002777
0.07433954626321793
0.18208706378936768
0.06281723827123642
0.09929845482110976
0.17253227531909943
0.1679881513118744
0.13845913112163544
0.17305684089660645
0.1558329164981842
0.11387088894844057
0.2046372890472412
0.1678786128759384
0.20403543114662168
0.18838141858577728
0.24801544845104215
0.1083160564303398
0.13083516061306
0.17952777445316315
0.1418268382549286
0.17876388132572174
0.19033782184123993
0.1500038057565689
0.22912235558032987
0.21098189055919647
0.07899522036314009
0.22557072341442108
0.19176872074604037
0.19050477445125577
0.09410400688648224
0.1352180689573288
0.21509407460689545
0.2507557570934296
0.146613210439682
0.23699767887592316
0.05881616845726967
0.20010732114315033
0.04466753825545311
0.2201700657606125
0.19379816949367523
0.11222046613693236
0.05166582390666008
0.19700373709201807
0.12178956717252731
0.05469778925180435
0.1511362791061401
0.17412348091602323
0.16762994229793549
0.1590435355901718
0.22670076787471768
0.22974178194999692
0.04770214483141899
0.2068420499563217
0.13578249514102936
0.11024136096239089
-0.009727617725729942
0.11166312545537949
0.12124963849782944
0.18120403587818143
0.15213839709758759
0.04776377230882645
0.09533102065324783
0.19560866057872767
0.1650981903076172
0.1487140506505966
0.06433744728565216
0.17762576043605804
0.10472319275140762
0.14921967685222623
0.2047809213399887
0.11437387019395828
0.1292445808649063
0.19823177158832553
0.22619982063770291
0.24549068510532376
0.022515611723065376
0.1122663989663124
0.17020654678344727
0.1134081184864044
0.16705018281936643
0.11170565336942671
0.18073882162570956
0.2310997098684311
0.24051666259765625
0.1908635050058365
0.05193999782204628
0.14543695747852323
0.18085525929927823
0.21130630373954767
0.1937956064939499
0.17642514407634735
0.17722035944461823
0.14614830911159515
0.2223823368549347
-0.021174041554331776
0.13740777969360352
0.20570746064186096
0.23107922077178955
0.16471193730831146
0.16574005782604215
0.11707625538110732
0.11690597981214523
0.1956232786178589
0.15336404740810394
0.13371029496192932
0.11114300787448884
0.23218171298503876
0.08559420704841612
0.20670895278453824
0.1311311572790146
0.1420079320669174
0.1782749742269516
0.22298789024353027
0.09765961766242981
0.14652976393699646
0.09808497875928879
0.15340130031108856
0.1698177009820938
0.1588790267705917
0.13816367089748383
0.11113232374191284
0.09038552641868591
0.23893842101097104
0.09479940682649612
0.1175386756658554
0.20289818942546844
0.1887903064489365
0.0386030226945877
0.10888201743364334
0.04468984529376029
-0.013589771464467049
0.09313967823982239
0.19423571228981015
0.1802803575992584
0.18178130686283112
0.13180655241012573
0.1497502326965332
0.0302457008510828
0.08368964493274687
0.23641102015972135
0.07167544960975647
0.24071215093135837
0.16740369796752927
0.03256850317120552
0.09982235729694366
0.22867269814014435
0.1120392084121704
0.13358397781848907
0.24670673906803128
0.07640066742897034
0.19692061841487885
0.23333854973316193
0.18980436027050016
0.11607901006937026
0.2189304083585739
0.2015596181154251
0.05684008076786994
0.1708393394947052
0.05899206921458244
0.2240401655435562
0.2331493943929672
0.1445833444595337
0.16292454302310944
-0.01346064917743206
0.17030279338359833
0.1619923859834671
0.2329030483961105
0.22196026146411893
0.21374428272247317
0.14445149898529053
0.09258671849966048
0.21703091263771057
0.22450254857540128
0.06746158748865128
0.17478443682193756
0.15541963279247284
0.2351618856191635
0.23076473176479337
0.19250120222568512
0.20521171391010284
0.2392674386501312
0.22264125943183896
0.1561698168516159
0.15558157861232755
0.22949075698852536
0.20576713979244232
0.15761135518550873
0.03648568317294121
0.13925300538539886
0.12900766730308533
0.0774221122264862
0.18012332916259763
0.15062223374843595
0.16022196412086487
0.07901600748300552
0.17231911420822144
0.1625995934009552
0.2348487675189972
0.11118058115243912
0.23798952996730804
0.19803266227245328
0.13293182849884033
0.14456807076931
0.1625949889421463
0.16822367906570435
0.2296723276376724
0.09235430508852004
0.1779776960611343
-0.009910011664032936
0.12701988220214844
0.2310283929109573
0.23747727274894717
0.2282312512397766
0.12743322551250455
0.001397052314132452
0.17043031752109528
0.1657630056142807
0.20176978409290316
0.23186247050762177
0.1878604292869568
0.12642855942249298
0.21219421923160553
0.17648762464523315
0.08542612940073013
0.0038025206886231895
0.12395798414945602
-0.007518232334405182
0.16772593557834625
0.13617053627967834
0.18403789401054385
0.23894567787647247
0.22483845055103305
0.12203819304704666
0.2153467833995819
0.11197181791067123
0.11597593873739243
0.24691800773143768
0.1917899399995804
0.14452719688415527
0.1607392579317093
0.11571709066629408
0.18564039468765256
0.17923355102539062
0.1637817621231079
0.17656292021274567
0.08915084600448608
0.1833038479089737
0.1351824402809143
0.17050452530384064
0.12915100157260895
0.08960140496492387
0.13150490820407867
0.17978635430335999
0.23304761946201324
0.1633901447057724
0.12605783343315125
0.034870345145463943
0.19073422253131864
0.2301907390356064
-0.03979025408625603
0.22390685975551605
0.18805165588855743
0.15698295831680295
0.16331103444099426
0.07691210508346556
0.06667652726173401
0.04126141592860222
0.12377964705228804
0.11731033772230148
0.09395735710859297
0.0892064720392227
0.2266729027032852
0.13764098286628723
0.1623707115650177
0.18516243994235992
0.21584875881671903
0.14931102097034454
0.14350128173828125
0.1440054178237915
0.2075766772031784
0.11767394095659256
0.10081329196691512
0.09980786591768263
0.05828427150845528
0.0744519457221031
0.11781541258096694
0.1396721750497818
0.17169368267059326
0.08364718407392502
0.16285261511802673
0.2202262431383133
0.09014136344194412
0.17393912374973297
0.19361841678619385
0.12688584625720975
0.18448378145694727
0.16064466536045074
0.23110394179821012
0.15902110934257507
0.01826477982103825
0.22894841432571408
0.15394361317157745
0.10772159695625304
0.20428727567195887
0.15568597614765167
0.1435967981815338
0.15405432879924774
0.1750505417585373
0.20756995677948
0.1577284336090088
0.21469892561435697
0.0037404573522508144
0.2436363399028778
-0.006317796651273966
0.24633927643299103
0.14958283305168152
0.06584348529577255
0.2214511036872864
0.13664451241493225
0.03981894999742508
0.15915444493293762
0.12619721889495847
0.14390291273593903
0.04369057342410088
0.12315503507852554
0.07007084041833878
0.1931585520505905
0.16448654234409332
0.16142061352729797
0.18673925101757047
0.22945377230644223
0.10409653931856155
0.1300022006034851
0.23482869565486908
0.1855623871088028
0.05884692445397377
-0.033875077962875366
0.1637587994337082
0.08107712864875793
0.2287888377904892
0.17580555379390717
0.14949940145015717
0.15388283133506775
0.06259219348430634
0.14725759625434875
0.21871976554393768
0.13841186463832855
0.2421381026506424
0.24276550114154813
0.0956670343875885
0.16150794923305511
0.07322926074266434
-0.04514123871922493
0.20185023546218872
0.14115609228610992
0.17448247969150543
0.15843121707439423
0.10772565752267836
0.19482778012752527
0.2216849774122238
0.18285796046257016
0.14839449524879456
0.045641642063856125
0.10392255336046217
0.16088317334651947
0.1271329969167709
0.14198729395866394
0.1663063019514084
0.09677129238843916
0.11976606398820876
0.1506819128990173
0.08364226669073103
0.08909770101308823
0.008936503902077673
0.11121921241283415
0.18636316061019895
-0.006532995495945215
-0.0052306451834738255
0.17047838866710663
0.09174390882253648
0.10871942341327669
0.18151734769344327
0.11319281905889512
0.117283396422863
0.2312080413103104
0.14047551155090332
0.22826239466667173
0.19731828570365903
0.16134130954742432
0.24369968473911283
0.17960600554943085
0.11795111745595932
0.17258939146995544
0.20738317072391513
0.16246354579925537
0.16358907520771027
0.2238049805164337
0.08556026220321654
0.18887969851493835
-0.12064222246408463
0.1027947962284088
0.18222565948963165
0.11036974936723708
0.09421065449714659
0.09820535033941269
-0.024385593831539158
0.106392003595829
0.17247048020362854
0.19393128156661987
-0.02429511211812496
0.04685584828257561
0.07613096386194229
0.16338245570659635
0.0367075689136982
0.021036637946963314
0.18959915637969968
0.08280609548091888
0.01398935355246067
0.15617267787456512
0.1831966191530228
0.1598594635725021
0.17555716633796692
0.10567177832126616
0.09856799244880675
0.08538687229156494
0.18572203814983368
0.19379617273807523
0.1724023073911667
-0.06642920523881912
0.16372229158878326
0.16187024116516113
0.18082524836063385
0.007114639040082693
0.17224618792533875
0.08616729825735091
0.05974540486931801
0.09099154174327849
0.1376904994249344
0.1712864190340042
0.19530391693115237
0.21934378147125244
0.19239309430122373
0.13964559137821195
0.19817163050174716
0.08760569244623184
0.2138572186231613
0.06020412221550941
0.17132027447223663
0.0833233967423439
0.1175646036863327
0.17490230500698087
0.1734801083803177
0.15135307610034943
0.03570399805903435
0.05289473384618759
0.1833154112100601
0.06489268690347672
0.15788960456848145
0.05497356131672859
0.18721629679203036
0.10527654737234116
0.20519572496414185
0.18008969724178314
0.11667151749134064
0.16153474152088165
0.10874465852975844
0.19954767823219297
0.02817924134433269
0.1607332080602646
0.04783273115754128
0.23152056336402893
0.09298539906740189
0.06590208411216736
0.015587983652949331
0.1746302992105484
0.09838083386421204
0.11654815077781676
0.1569880098104477
0.08813004195690155
0.20667009055614471
0.1472221463918686
0.1678037196397781
0.08940097689628601
0.18559835851192477
0.2031483054161072
0.23416662216186523
0.07791799306869507
0.13865517079830167
0.12903042137622833
0.1607531905174255
0.2038811296224594
0.1922830194234848
0.16426967084407806
0.24214230477809903
0.19135408103466037
0.20738328993320465
0.1584600955247879
0.17655949294567108
0.21438859403133392
0.0811765119433403
0.1991323679685593
0.12427642196416853
0.24081535637378687
0.08011012524366377
0.10626064985990524
0.24855627119541168
0.2466517835855484
0.23658861219882965
0.10187183320522308
0.17034080624580383
0.077410489320755
0.17487598955631256
0.13422344624996185
0.18475329875946045
0.13457173109054563
0.1974971741437912
0.13228796422481537
0.22949980199337003
0.12425490468740465
0.19129429757595065
0.2015157788991928
0.20649784803390503
0.11931174248456954
0.14905615150928497
0.15537673234939575
0.1943340301513672
0.19641123712062836
0.18425489962100983
0.2277279794216156
0.1893286257982254
0.2057071030139923
0.1615113615989685
0.0988834872841835
0.23341830074787137
-0.004466264043003321
0.16960333287715912
0.06332830339670181
0.0033939271233975887
0.10949884355068205
0.23576830327510837
0.16652259230613708
0.20364111661911008
0.2179405391216278
0.16909438371658325
0.09480316191911696
0.18216897547245023
0.2321158200502396
0.17585362493991852
0.23025321960449216
0.11546238511800765
0.08756262063980103
0.10983582586050032
0.21121814846992487
0.17653420567512512
0.18760049343109128
0.0485883243381977
0.08425085991621017
0.19950567185878756
0.04975332319736481
0.21787460148334503
0.10043691098690032
0.15582840144634247
0.13732445240020752
0.13022650778293607
0.17668430507183075
-0.003400350455194712
0.10286391526460648
0.18897394835948944
0.105682872235775
0.22387900948524475
0.1943683475255966
0.245183065533638
0.21045850217342377
0.10600968450307846
0.16401831805706024
0.12497463077306747
0.1405005007982254
0.17151693999767303
0.22469256818294525
0.11148042231798172
0.17370851337909698
0.16419970989227295
0.17980435490608215
0.12295757979154585
0.17570841312408447
0.16386264562606812
0.14338751137256622
0.22333271801471713
0.2048458307981491
0.14315097033977509
0.1659197062253952
0.06029592081904411
0.20482596755027768
0.16263385117053983
0.1937761753797531
0.2213145047426224
0.16421999037265775
0.15559181571006775
0.15956854820251465
0.2572008073329925
0.17551825940608978
0.1101645603775978
0.16400067508220673
0.1326526552438736
0.23753254115581512
0.115681953728199
0.1398132890462875
0.10934149473905563
0.2366760224103928
0.19281770288944244
-0.005465711001306772
0.12768270075321195
0.1921866238117218
0.12488435953855515
0.09943654388189316
0.19359050691127777
0.0908799096941948
0.24996455013751984
0.2325536459684372
0.18918496370315552
0.21739779412746427
0.20556527376174927
0.20343430340290067
0.19070936739444727
-0.007137502077966928
0.1663469225168228
0.13584960997104645
0.24515070021152496
0.1335074007511139
0.12295394390821456
0.16447409987449646
0.055331192910671234
0.1707657426595688
0.1611955165863037
0.16479526460170743
0.08112241327762604
0.20474447309970853
0.0075568794272840014
0.14614905416965485
0.07952556014060974
0.12254052609205245
-0.01931968703866005
0.10868819057941435
0.13856597244739532
0.16940300166606903
0.25136941671371454
0.12936215102672577
0.12716327607631683
0.1594935804605484
0.06267742067575455
0.23874583840370175
0.02274625189602375
0.0856529027223587
0.19409333169460297
-0.09308863431215286
0.09378307312726974
0.15655551850795743
0.19274379312992093
0.19254902005195615
0.2053123563528061
0.06544061750173569
0.15564818680286407
0.20854054391384125
0.16271089017391205
0.2043694108724594
0.1493392437696457
0.18409205973148343
0.23242616653442383
0.21492917835712433
0.24479396641254425
0.23026220500469208
0.14346979558467865
0.09690552204847337
0.1424061805009842
0.16501455008983612
0.06159304454922676
0.16323788464069366
0.2238604575395584
0.15284161269664764
0.20850691199302676
0.1639842987060547
0.1316906213760376
0.0761771947145462
0.16106627881526947
0.1800526976585388
0.1548684537410736
0.033837396651506424
0.04987930878996849
-0.07223068922758102
0.20731393992900848
0.24707020819187164
0.1162194088101387
0.173978254199028
0.03309662267565727
0.09117002040147779
0.19144454598426816
0.2326466739177704
0.13862963020801544
0.1262436956167221
0.1703035980463028
0.045387789607048035
0.1655120700597763
0.2313263714313507
0.17135773599147797
0.15596021711826324
0.1679229885339737
0.11463744193315505
0.2182534784078598
0.06985780596733093
0.1641675978899002
0.1759839653968811
0.1320841759443283
0.17769458889961243
0.2067687660455704
0.20838552713394165
0.2053414881229401
0.14197480678558347
0.1958671361207962
0.17386749386787415
0.2345794886350632
0.1639399081468582
0.20648361742496488
0.11517157405614852
0.2076229006052017
0.1278214156627655
0.1982850283384323
0.16878463327884674
0.1756059229373932
0.14923225343227386
0.1872487515211105
0.08333745598793028
0.12941594421863556
0.1730492115020752
0.15306593477725983
0.1415235847234726
0.105424202978611
0.1158321499824524
0.16212989389896393
0.12091220170259476
0.10710080713033676
0.06515008211135864
0.11875771731138228
0.1367305219173431
0.1294180005788803
0.15881596505641937
0.21600361168384552
0.11346492916345596
0.24597315490245816
0.2209690511226654
0.1192672774195671
0.22038966417312625
-0.059656459838151925
0.09899923950433731
0.04853701218962669
0.1531765908002853
0.23521704971790316
0.2325914651155472
0.18338762223720553
0.16754527390003204
0.15116915106773376
0.1408848017454147
0.17548213899135587
0.02726764418184757
0.0626688301563263
0.051270872354507446
0.12054301053285597
0.10207896679639816
0.2506950795650482
-0.0006320723332464695
0.1697836071252823
0.2220942974090576
0.15169626474380493
0.16215576231479645
0.04029157385230064
0.1689811795949936
0.18988959491252896
0.23799826204776764
0.1581764966249466
0.17753364145755768
0.16025996208190915
0.13597027957439423
0.07934536784887315
0.2361799627542496
0.05476953089237213
0.1592499166727066
0.13238643109798431
0.11216603964567184
0.17257358133792877
0.11884739249944686
0.17338804900646207
0.13941796123981476
0.0898492857813835
0.16920210421085355
0.16284491121768951
0.1586497277021408
0.12255240231752396
0.19948452711105344
0.11662568151950836
0.09688527137041093
-0.0006598518230021
0.13813231885433197
0.15067146718502045
0.19147753715515137
0.14150094985961914
0.17460256814956665
0.18319246172904968
0.16778826713562012
0.1160261258482933
0.1644972860813141
0.05023367702960968
0.11660996079444884
0.16535542905330655
0.15374746918678284
0.14217136800289154
0.1858877390623093
0.17372813820838928
0.17616258561611176
0.13609151542186737
0.1509876400232315
0.11115667223930357
0.188291534781456
0.10734296590089797
0.19260507822036743
0.14037606120109558
0.1566663682460785
0.09349351376295088
0.09888408333063123
0.07685513794422148
0.21541005373001096
0.11430530995130538
0.1410095989704132
0.10195204615592957
0.05912834778428078
0.17215992510318756
0.2499599903821945
0.1560767292976379
0.15041904151439667
0.20224712789058685
0.17160591483116147
0.19650836288928983
0.2325650453567505
-0.029498415067791935
0.1864858716726303
0.11327692121267317
0.16358964145183563
0.1797088086605072
0.11287689954042435
0.12107264250516891
-0.01246940903365612
0.14994390308856964
0.0773056223988533
0.09103829413652419
0.17907139658927915
0.15570101141929626
0.17956295609474182
0.0857260450720787
0.2092847973108292
0.1805920898914337
0.15759621560573575
0.0924251601099968
0.1935502141714096
0.1869266778230667
0.15173402428627014
0.21473380923271176
-0.08104684203863144
0.1517486721277237
0.2384526580572128
0.14628270268440247
0.2371634542942047
0.08119086176156996
0.111592099070549
0.16868393123149872
0.2101960778236389
0.17038480937480927
0.11876212805509569
0.04108673706650733
0.17955702543258667
0.1559329330921173
0.018793130293488503
0.11889313906431198
0.17147479951381683
0.23286011815071103
0.14407546818256378
0.2484506517648697
0.11811675876379012
0.24483059346675873
0.1586199402809143
0.15432481467723846
0.1618368029594421
0.16310653090476987
0.22930653393268585
0.16939909756183624
0.225728377699852
0.1454925388097763
0.17871274054050443
0.20677562057971957
0.22727607190608975
0.1520308256149292
0.13400579988956451
0.1555180847644806
-0.007879069074988365
0.13978074491024017
0.14332705736160278
0.17004038393497467
0.20256781578063965
0.1061292216181755
0.15838240087032318
0.1581602543592453
0.22541473805904388
0.08668660372495651
0.1619220674037933
0.22140218317508695
0.16531978547573087
0.1706058531999588
0.12793120741844177
0.09081452339887619
0.22777903079986567
0.247883602976799
0.12275851517915724
0.1974672228097916
0.115352101624012
0.18284063041210172
0.13280723989009857
0.20204393565654755
0.1823289394378662
0.11997605115175249
0.23337207734584808
0.13863132894039154
0.15122051537036896
0.10319657623767851
0.01972270756959915
0.18576890230178836
0.06883922219276428
0.15800057351589203
0.1608433574438095
0.23083162307739255
0.17444191873073575
0.13678230345249176
0.25175270438194275
0.03684423491358757
0.16862653195858
0.23493453860282895
0.12394612282514572
0.1509966403245926
0.13971562683582303
0.13790170848369598
0.15601199865341187
0.15191897749900815
0.1785479336977005
0.18037171661853793
0.16529037058353424
0.21738123893737793
0.21717874705791476
0.12462785094976424
0.2343360334634781
0.1914161592721939
0.24689550697803497
0.22100068628787997
0.1811758130788803
0.2284201830625534
0.19624124467372892
0.15107478201389313
0.11323891580104828
0.1174955368041992
0.22524367272853849
0.16859595477581024
0.07691819220781326
0.11453110724687576
0.08198960870504379
0.10681656748056412
0.1880193501710892
0.027912454679608345
-0.003051287028938532
-0.034327153116464615
0.13114728033542633
0.08427803218364716
0.23176756501197812
0.19850218296051023
0.08302495628595352
0.19579972326755524
0.034997045993804925
0.18969081342220304
0.16275334358215332
0.10061429440975188
0.12882716953754425
0.06558237224817276
0.2432560473680496
0.03962935507297516
0.08517293632030487
0.23458875715732572
0.07952702790498732
-0.0491328164935112
0.1563917100429535
0.189607173204422
0.09137482196092604
0.07160400599241257
0.1604423224925995
0.2306072860956192
0.0644826665520668
0.14018647372722623
0.2106658965349197
0.12829215824604034
0.2229517847299576
0.11228011548519135
0.16918350756168363
0.11252237111330032
0.08269582688808441
0.04638247191905975
0.07411146163940428
0.136249840259552
0.22024966776371
0.14010076224803925
0.10817424952983856
0.09977480024099349
0.12878315150737762
0.24847920238971713
0.1721995770931244
0.13854168355464935
0.2249686568975449
0.1411939114332199
0.13311882317066193
0.09062897413969041
0.040979232639074326
0.16777244210243225
0.13479723036289215
0.18278992176055908
0.036987487226724625
0.17053909599781036
0.15743251144886017
0.1948939114809036
0.20324186980724332
0.13282728195190427
0.025364695116877556
0.15636560320854187
0.21522228419780728
0.12935079634189603
0.076457180082798
0.12615549564361572
0.18568111956119537
0.13056965172290802
0.1534680277109146
0.153815820813179
0.08721491694450377
0.060978982597589486
0.189969539642334
0.18145449459552765
0.05135870352387428
0.07294703274965286
0.05127635970711708
0.18339635431766513
0.15296579897403717
0.17593230307102203
0.22017987072467804
0.20263533294200897
0.08621484786272049
0.12108432501554488
0.0884659066796303
0.10336528718471528
0.16167393326759338
0.11431618779897688
0.208381250500679
0.17737208306789398
0.11669833213090897
0.1915962249040604
0.19976896047592163
0.13705243170261383
0.1692184805870056
0.005005942191928625
0.1834281384944916
0.2338786423206329
0.1613173633813858
0.11749536544084548
0.12212463468313216
0.10105811804533003
0.0902123674750328
0.17078274488449097
0.15021972358226776
0.06327752768993378
0.1286133378744125
0.26030489802360535
0.15006180107593536
0.18990148603916168
0.24128444492816925
0.12920232117176056
0.08295047283172606
0.23219354450702667
0.06629355996847153
0.11483622342348097
0.13350987434387207
0.19230386614799497
0.181892991065979
0.21314768493175504
0.21075876057147977
0.17088554799556732
0.05916576460003853
0.0404156930744648
0.07566924393177032
0.16642563045024872
0.10388248413801192
0.17699070274829865
0.11767753213644028
0.19006238877773285
0.1815282851457596
0.24773077666759488
0.11013996601104736
0.1373886913061142
0.15250717103481293
0.21049827337265012
0.2289985716342926
0.1255315393209457
0.20956002175807953
0.21220020949840543
0.15096376836299896
0.011155121028423308
0.22550292313098907
0.22856910526752472
0.12501700222492218
0.12996837496757507
0.20881894230842593
0.1319066137075424
0.2122211754322052
0.11714685708284378
0.13828764855861664
-0.008440490812063217
0.14510320127010343
0.052549976855516434
0.16704808175563812
0.23216301202774048
0.14370185136795044
0.15535840392112732
0.11755305528640748
0.04160739481449127
0.11474443972110748
0.22715072333812716
0.037198036909103394
0.1926373988389969
0.10617974400520323
0.17176102101802823
0.23721544444561005
0.07079748809337616
0.23644851148128507
0.23824493587017057
0.18554480373859403
0.19202682375907895
0.13384909927845
0.0885786861181259
0.1887546628713608
0.14165329933166504
0.06951945275068283
0.11956294625997543
0.11589818447828291
0.09685874730348588
0.1903634816408157
0.10330156981945036
0.13163603842258453
0.14808800816535947
0.11133744567632677
0.1424960047006607
0.06386367231607437
0.1833211779594421
0.01867361180484295
0.20721612870693207
0.17421835660934448
0.181410014629364
0.05822770670056343
0.19324739277362823
0.21248966455459595
0.17310592532157895
0.09713734686374664
0.07554459571838379
0.153706356883049
0.22778861224651337
0.1689094752073288
0.2045569866895676
0.22734227776527405
0.175323948264122
0.11922471970319748
0.09870792925357817
0.16516833007335663
0.19410219788551328
0.08914025127887724
0.07913325726985931
0.11867611855268478
0.22632944583892825
0.17941391468048096
0.07484848797321318
0.17390434443950653
0.23988682031631467
0.1622672528028488
-0.027599086984992027
0.15366671979427335
0.06177332624793053
0.22929631173610687
0.00010971492156386375
0.23212730884552
0.13895791769027707
0.2336765229701996
0.25261035561561584
0.031927116215229034
0.22121287882328036
0.15078227221965787
0.1510806828737259
0.06833728402853012
0.18022494018077848
0.054313655942678445
0.17436057329177856
0.1447601169347763
0.13288670778274536
0.1902223378419876
0.1535494178533554
0.19185397028923035
0.18346770107746124
0.2037522792816162
0.2514982521533966
0.1837427914142609
0.1619725078344345
0.22942994534969327
0.1583722084760666
0.0962923243641853
0.2308083027601242
0.19206754863262177
0.1513957381248474
0.09295609593391417
0.13916334509849548
0.19812829792499545
0.18002787232398987
0.1816781312227249
0.12638922035694122
0.19996853172779083
0.24164530634880063
0.22970695793628687
0.19705218076705927
0.19653835892677307
0.035061780363321304
0.21651457250118253
0.17882411181926727
0.1306520700454712
0.17498557269573212
0.21914480626583097
0.15686188638210297
0.023733943700790405
0.1195245161652565
0.0804695412516594
0.23152719438076017
0.168690487742424
0.10058138519525528
0.22233240306377408
0.21129833161830905
0.2361866980791092
0.06379574537277222
0.20783011615276337
0.16918583214282987
0.0820840373635292
0.24497295916080475
0.13279281556606293
0.2473675161600113
0.145706906914711
0.16541188955307007
0.1655515283346176
0.15576426684856415
0.16794563829898834
0.13087625801563263
0.2380901724100113
0.1753835678100586
0.1949585527181625
0.18056707084178925
0.12816907465457916
0.15375402569770813
0.2115333527326584
0.19051581621170044
0.06016950681805611
0.09754638373851776
0.21115212142467496
0.1285632848739624
0.1619514226913452
0.13732929527759552
0.08959735929965973
0.21636074781417847
0.09666976332664488
0.16983233392238617
0.15101633965969083
0.22569121420383453
0.05137426033616065
0.13084794580936432
0.19886817038059235
-0.027684586122632023
0.1915010362863541
0.1987121105194092
0.12483397871255875
0.12856130301952362
0.23365400731563568
0.1837836354970932
0.02754850499331951
0.1781388074159622
0.1296660155057907
0.16608527302742004
0.19817952811717987
0.13958004117012024
0.19417525827884677
0.08523730933666229
0.07198279350996017
0.22836126387119293
0.11491693556308746
0.21127347648143768
0.08828537911176682
0.09492184221744536
0.13315972685813904
0.169740691781044
0.1799907237291336
0.21418578922748563
0.21311549842357635
0.09560344368219376
0.22041593492031095
0.1638260632753372
0.19490014016628265
0.12468218058347702
0.16801168024539948
0.16201381385326383
0.17843256890773773
0.08747537434101103
0.14204557240009308
0.14307665824890137
0.2230049967765808
0.18897917866706848
0.21509794890880585
0.1843620538711548
0.14881931245326996
0.1757487803697586
0.1830476075410843
0.17185859382152557
0.22668595612049103
0.15566742420196533
0.19389468431472776
0.14561156928539276
0.13205750286579132
0.23002146184444427
0.10695481300354004
0.099500373005867
0.15833885967731476
0.191079705953598
0.19368599355220795
0.1262420266866684
0.142718106508255
0.1705593317747116
0.22681893408298487
0.060734014958143234
0.16832230985164642
0.11115992814302444
0.18639983236789703
0.05281729996204376
0.2203051596879959
0.1478307694196701
0.17018339037895203
0.22423428297042847
0.13217683136463165
0.11626465618610382
0.1580400913953781
0.25240507721900934
0.13185076415538788
0.21332684159278867
0.23121637105941767
0.1515381783246994
0.1620192676782608
0.12025698274374008
0.2428053766489029
-0.03136741369962692
0.23232914507389069
0.09263412654399872
0.1789730191230774
0.10789015144109725
0.10322827100753784
0.214512512087822
0.10278784483671188
0.07778183370828627
0.1648211032152176
0.217507004737854
0.15939240157604215
0.14720912277698517
0.21061180531978607
-0.03200996294617653
0.10987962037324904
0.18625427782535553
0.1276736557483673
0.22139036655426023
0.2414529919624329
0.08743716031312943
0.20356862246990204
0.05732342973351479
0.1850586086511612
0.17579197883605957
0.16650812327861783
0.1011415719985962
0.1402026116847992
0.23898811638355252
0.11783219128847122
0.2148885875940323
0.1762087047100067
0.17561835050582883
0.20315460860729215
0.03657033294439316
0.23556332290172577
0.1779160052537918
0.19162051379680636
0.1892057955265045
0.0852520689368248
0.23745062947273252
0.0972394123673439
0.08471156656742096
0.05470225214958191
0.23962514102458957
0.16287042200565338
0.1587315946817398
-0.04071110859513282
0.05477704480290413
0.14605364203453064
0.18152590095996857
0.17326720058918
0.15012525022029877
0.19720004498958588
0.23300974071025848
0.1844804883003235
0.2267472594976425
0.2395894080400467
0.1390889137983322
0.2211279273033142
0.23718006908893585
0.05071495845913887
0.1696731299161911
0.09646743535995485
0.18936754763126373
0.11902876943349838
0.1845500320196152
0.09509408473968506
0.16590304672718048
0.011251619085669516
0.01431257091462612
0.14858101308345795
0.19177006185054776
0.02260996960103512
0.17086665332317352
0.1159163862466812
0.08315402269363403
0.19631092250347135
0.23602181673049927
0.14332035183906555
0.12589113414287567
0.20651863515377045
0.14727672934532163
0.2350187301635742
0.19500328600406647
0.04413620755076408
0.13002251088619232
0.12077020853757858
0.08035438507795334
0.2375052720308304
0.1816323846578598
0.0790095180273056
0.1781899780035019
0.130592480301857
0.18301355838775635
0.15961547195911407
0.2092876732349396
0.13954824209213257
0.09272667765617369
0.2048355937004089
0.03696879372000694
-0.010482842102646828
0.17631840705871582
0.1424676924943924
0.16723521053791046
0.11648768931627272
0.18520519137382507
0.1849094331264496
0.22220478951931
0.23681189119815824
0.18638132512569427
0.204537495970726
0.183257520198822
0.160569965839386
0.15792438387870789
0.11045727878808977
-0.01221107505261898
0.14759038388729095
0.09136231243610382
0.18425916135311127
0.17669573426246643
0.1489938199520111
0.13880588114261627
0.0890694186091423
0.23536755144596097
0.10668010264635086
0.15101830661296844
0.20416381955146787
0.1769091039896011
0.14973853528499603
0.17105668783187866
0.1314493864774704
0.16171769797801971
-0.03316269814968109
0.05203687772154808
0.1657627522945404
0.11131688207387924
0.08417793363332748
-0.05964139848947525
0.2383878827095032
0.13358959555625916
0.12694139778614044
0.1934671401977539
0.06340009719133377
0.1428156346082687
0.23388023674488068
0.13058802485466003
0.17244136333465576
0.16519127786159515
0.18690161406993863
0.10551858693361282
0.15304075181484222
0.2320874780416489
0.15321503579616547
0.1324792355298996
0.16095232963562012
0.13075929880142212
0.18947230279445648
0.1801256686449051
0.06798018515110016
0.22662599384784696
0.07723265141248703
0.020074209198355675
0.07332820445299149
0.1621676534414291
0.12606005370616913
0.17712679505348203
0.21579535305500033
0.12321717292070387
0.16399426758289337
0.1681750863790512
0.07467833906412125
0.004471392836421728
0.1990855038166046
0.08968936651945114
0.15443353354930875
0.024267638102173805
0.23579566180706024
0.13609011471271515
0.12016846984624863
0.06335059553384781
0.1983780860900879
0.19302295148372647
0.1576775759458542
0.09466864913702012
0.12572680413722992
0.15217821300029755
0.02261980809271336
0.23303957283496857
0.13303831219673157
0.11275526136159895
0.17166878283023834
0.14542795717716217
0.2263833433389664
0.039035018533468246
0.11620747298002244
0.18636699020862577
0.08777067810297011
0.18598143756389615
0.07830988615751265
0.06670679897069931
0.054255247116088874
0.15104049444198608
0.1821375787258148
0.17204788327217102
0.15058660507202148
0.04468519985675812
0.10967613011598588
0.20253288745880127
0.04063913971185684
0.10118701308965682
0.1307038962841034
0.14651505649089813
0.057037804275751114
0.23841050267219543
0.1759004145860672
0.20696882903575897
0.08034028112888336
0.08539683371782304
0.11625950783491135
0.23412708938121796
0.10870521515607832
0.19665546715259552
0.15810498595237732
0.16586913168430328
0.17160888016223907
0.18838506937026975
0.011267228052020071
0.16324886679649353
0.06710173934698105
0.1518239676952362
0.1907387524843216
0.11898780614137648
0.1372517496347427
0.1750468760728836
0.18264473974704745
0.15192590653896332
0.2249240875244141
0.1393589824438095
0.0939716026186943
0.013321811333298683
0.13609637320041656
0.08659455925226212
0.10651135444641112
0.13068172335624695
0.22515240311622617
0.16800104081630707
0.08897323161363602
0.23095829784870148
0.2052369862794876
0.2231403142213821
0.16781334578990936
0.1366046667098999
0.07218323647975922
0.19629612565040588
0.24685536324977875
0.2012435793876648
0.23157545924186704
0.19263628125190732
0.24724702537059784
0.024481909349560738
0.12623487412929535
0.20257744193077087
0.048860948532819755
0.15934297442436218
0.15576958656311035
0.14879344403743744
0.08720211684703827
0.09654420614242552
0.08609012514352798
0.1303693056106567
0.2084852904081345
0.23935155570507047
0.1564985066652298
0.14577512443065643
0.1342119425535202
0.16240692138671875
0.17938978970050812
0.20576071739196777
0.15518294274806976
0.10907303541898727
0.17179371416568756
0.04771056771278381
0.2345164567232132
0.1863546520471573
0.07357696443796156
0.22422684729099276
0.17460390925407407
0.06635384261608124
0.23550677299499512
0.10693946480751036
0.04258294031023979
0.23216277360916135
0.18259464204311368
0.08912171423435211
0.2275672405958176
0.15647397935390472
0.14332078397274017
0.1788218319416046
0.07984499633312225
0.131546288728714
0.1706422120332718
0.22094519436359403
0.1868431717157364
0.11558104306459425
0.06820551306009293
0.15729589760303497
0.1587754338979721
0.1497190147638321
0.02725338749587536
0.20381028950214383
0.12673768401145935
0.0688365176320076
0.1577194780111313
0.24135591089725492
0.17324750125408173
0.2141752541065216
0.17063920199871063
0.19122537970542908
0.20251974463462827
0.20791745185852048
0.11807236820459364
0.06531515717506409
0.14645901322364807
0.2340545952320099
0.1179121732711792
0.1924862563610077
0.12690101563930511
0.18772444128990173
0.13422994315624237
0.1219308152794838
0.21295882761478424
0.22631849348545077
0.2518521249294281
0.10874094069004057
0.030517419800162315
0.18000172078609467
0.14669965207576752
0.1355239599943161
0.18172869086265564
0.14635418355464935
0.08471060544252396
0.13152021169662476
0.15085379779338837
0.030360234901309013
0.10718145221471786
0.13913573324680328
0.1554100215435028
0.1633480340242386
0.12487750500440596
0.23685450851917264
0.24828411638736725
0.23807705938816073
0.1965251713991165
0.17526020109653473
0.08684130758047104
0.07704731822013856
0.15956455469131467
0.19952346384525296
0.23326508700847623
0.17885127663612363
0.1782819032669067
0.09128203988075256
0.07915165275335312
0.24155057966709137
0.14896996319293976
0.19629944860935208
0.17678429186344147
0.17542041838169095
0.1762683391571045
0.19349487125873563
0.03904033452272415
0.16844932734966278
0.20434889197349548
0.12749628722667694
0.22014427185058597
0.18640542030334473
0.18660412728786469
0.08241063356399536
0.13052095472812653
0.16150341928005219
0.16337768733501434
0.10374610871076584
0.23241950571537015
0.21305847167968753
0.11752015352249144
0.14729107916355133
0.10676924884319304
0.02478660456836224
0.19683636724948883
0.1623273193836212
0.13348741829395294
0.16273170709609985
0.1896097809076309
0.1862702518701553
0.1418529450893402
0.10051003098487854
-0.01859395019710064
0.15156669914722443
0.19613903760910037
0.19594062864780423
0.162875235080719
0.19468875229358676
0.1774531751871109
0.15581881999969482
0.17533721029758453
0.0756748616695404
0.09513741731643677
0.19446013867855072
0.17617078125476837
0.1633535474538803
0.14922744035720825
0.23304376006126404
0.18152497708797452
0.0820697471499443
0.15850646793842316
0.22997033596038816
0.05610385909676552
0.1102662608027458
0.1054794192314148
0.24470664560794833
0.1576271206140518
0.1547500044107437
0.06248941645026207
0.23817671835422516
0.05110619589686394
0.17065513134002683
0.19662396609783167
0.02500523440539837
0.10764843970537184
0.23393566906452176
0.1781005710363388
0.24355082213878632
0.10482603311538696
0.21580977737903595
0.025936344638466835
0.1751396209001541
0.20011459290981287
0.19395436346530917
0.18746688961982727
0.20555517077445984
0.15113519132137299
0.13975122570991516
0.01225677505135536
0.14000037312507627
0.1948738545179367
0.18076165020465848
0.036012455821037286
0.23604483902454376
0.0872938856482506
0.2436979562044144
0.1429599970579147
0.19131930172443387
0.1322565525770187
0.1400747150182724
0.20191848278045652
0.16546107828617096
0.22657616436481476
0.19788384437561035
0.1898025721311569
0.23430217802524567
0.2376340329647064
0.15916718542575836
0.14037248492240903
0.07376473397016525
0.16466189920902252
0.1371687352657318
0.14097298681735992
0.20972929894924164
0.15068204700946808
0.02003772743046284
0.10660349577665328
0.24583955109119413
0.06820105016231537
0.12961050868034363
0.039673637598752975
0.20959556102752683
0.15584634244441986
0.24952451884746552
0.1399913877248764
0.127788245677948
0.1843026429414749
0.12419336289167404
0.18071375787258148
0.23814867436885837
0.18671964108943936
0.0521126426756382
0.08429390192031859
0.13518297672271729
0.11493132263422012
0.07814199477434158
0.2006833106279373
0.2513152062892914
0.15976612269878387
0.18090903759002683
0.1003272607922554
0.18911068141460416
0.14051733911037445
0.09808534383773805
0.21767558157444
0.18510784208774567
0.15474127233028412
0.1294555515050888
0.1157291904091835
0.1842815428972244
0.17254091799259183
0.1581912785768509
0.13994397222995758
0.17401693761348724
0.1907743066549301
0.16090936958789823
0.23783019185066223
0.18322160840034485
0.19946797192096713
0.15938134491443634
0.1577540785074234
0.19069524109363556
0.1996222585439682
0.14547224342823029
0.12821762263774872
0.08062560111284256
0.19618849456310272
0.14033247530460355
-0.010003218427300451
0.24574221670627597
0.10386384278535842
0.06982538849115372
0.12944559752941132
0.07771201431751251
0.10796308517456055
0.12603397667407987
-0.0026641176082193847
0.14420537650585175
0.057766351848840714
0.08906535059213638
0.1819951981306076
0.1388091892004013
0.1317986696958542
0.2282477468252182
0.08225569128990173
0.22515507042407987
0.18204396963119504
0.08903706818819046
0.14588885009288788
0.24216659367084503
0.1438850313425064
0.1556306034326553
0.1832399815320969
0.14741015434265137
0.21370111405849457
0.1926451474428177
0.13723018765449524
0.197357177734375
0.046817440539598465
0.0823449194431305
0.19211629033088684
0.1707109957933426
0.21474458277225492
0.07347791641950606
0.1288918703794479
0.11951082199811935
0.17709286510944366
0.17720657587051392
0.17936623096466064
0.09373831003904343
0.08339598029851913
0.18507014214992523
0.16830594837665555
0.17009174823760986
0.16189636290073395
0.1872747391462326
0.11555014550685883
0.15311770141124725
0.11987378448247908
0.16970987617969513
0.056772734969854355
0.07084045559167862
0.21651321649551392
0.24149172008037567
0.19362549483776087
0.1436944156885147
0.027225909754633904
0.13954958319664
0.21553924679756165
0.18390224874019623
0.1631078869104385
0.21602724492549896
0.20270615816116333
0.009775804355740547
0.10826332867145538
0.20371362566947937
0.17024193704128265
0.2071290612220764
0.23474375903606412
0.22121737897396088
0.11266501992940901
0.17179258167743683
0.2163462191820145
0.19595153629779813
0.23301012814044952
0.21293142437934875
-0.02866286970674992
0.22967076301574707
-0.06876861304044724
0.11001335829496384
0.1847592890262604
0.17570723593235016
0.008672559633851051
0.12078068405389784
0.1747264415025711
0.23823489248752597
0.18158964812755585
0.235888347029686
0.18644820153713224
0.1508893370628357
0.017409270629286766
0.1807972341775894
0.1804818958044052
0.113546721637249
0.22363044321537015
-0.0020448737777769566
0.11719293892383575
0.12607423961162567
0.17170101404190063
0.19561065733432767
0.16630360484123227
0.1782967746257782
0.17200523614883423
0.22981701791286469
0.1673789024353027
0.20821453630924225
0.12683981657028198
0.17690683901309967
0.1917308419942856
0.1838958710432053
0.19903290271759036
0.21778586506843567
0.1185430958867073
0.1986059546470642
0.22172223031520844
0.18512229621410367
0.22297225892543793
0.22574590146541595
0.1989474594593048
0.19672961533069608
-0.05221562460064888
0.16864530742168427
0.2263645380735397
0.14263851940631866
0.04559607431292534
0.05511731281876564
0.12373305112123488
0.26190587878227234
0.09572858363389967
0.11364272981882095
0.18342579901218412
0.1402292102575302
0.14377854764461517
0.14126333594322205
0.12766288220882416
0.10179083049297331
0.15117421746253967
0.20571251213550568
0.2525675594806671
0.1773575246334076
0.172647163271904
-0.052103880792856216
0.13327862322330475
0.17428864538669586
0.17216745018959043
0.23755155503749847
-0.03600763902068138
0.23556730151176447
-0.01344059221446514
0.13902896642684937
0.1536525934934616
0.11261013895273209
0.1539991945028305
0.2481205612421036
0.15313835442066193
0.15666069090366364
0.0014187335036695004
0.14040903747081757
0.006053363438695669
0.103642076253891
0.1383067816495895
0.168682262301445
0.10806492716073988
0.1963859051465988
0.187540665268898
0.14293159544467926
0.1586657613515854
0.15484935045242307
0.15692853927612305
0.10850541293621065
0.1613838821649551
0.197209432721138
-0.055092670023441315
0.16989301145076752
0.09424374997615814
0.16023334860801697
-0.01174364797770977
0.19381350278854367
0.11781196296215056
0.18979841470718384
0.10612039268016817
0.21635305881500244
0.22537799179553983
0.18645393848419187
0.07600082457065582
0.09475057572126387
0.06983791291713715
0.1360358893871307
0.19556330144405365
0.15169084072113037
0.15116256475448608
0.1691485047340393
0.0805058628320694
0.09091471880674362
0.17750343680381775
0.08673312515020369
0.2404588013887405
0.16586792469024658
0.047005493193864815
-0.018511028960347172
0.13670438528060913
0.15040461719036102
0.1456661969423294
0.20001249015331268
0.23043279349803925
0.017866922542452812
0.11745837330818176
0.2498600035905838
0.2130189538002014
0.0942251607775688
0.07211548089981078
0.24365769326686856
0.19416809082031247
0.1517532765865326
0.08754942566156387
0.15987850725650787
0.1876240372657776
0.21126379072666168
0.0038622594438493247
0.0776756703853607
0.06632261723279953
0.08867925405502318
0.24212792515754697
0.1697690635919571
0.1543980687856674
0.14649143815040588
0.14822129905223846
0.0848163440823555
0.03264999762177467
0.10551276057958602
0.19197669625282288
0.03898473456501961
0.24985556304454803
0.14385689795017242
0.13814513385295868
0.000157815869897604
0.09678827971220016
0.04094846919178963
0.16500142216682434
0.15653295814990997
0.1650435775518417
0.11858565360307692
0.18928055465221405
0.2328546494245529
0.1870555728673935
0.1498945504426956
0.08711623400449754
0.18211689591407773
0.12904323637485504
0.2385529577732086
0.1846739649772644
0.19814927875995636
0.058338467031717293
0.15763221681118011
0.1648561656475067
0.16600309312343595
0.22589676082134247
0.1435660868883133
0.14547637104988098
0.21005578339099884
0.10823165625333786
0.15617430210113523
0.18575374782085416
0.12396749109029769
0.18270987272262573
0.212297797203064
0.15201199054718015
0.0576542504131794
0.20245461165905
0.1323557198047638
0.18063172698020932
0.17873920500278473
0.1369736939668655
0.11122768372297286
0.11533982306718826
0.19902445375919345
0.16429004073143005
0.11505819112062454
0.13820725679397583
0.23497591912746427
0.09025227278470992
0.1938390284776688
0.21926327049732208
0.11025834828615189
0.2301622778177261
0.12906785309314728
0.23786969482898712
0.06866208463907242
0.1850336641073227
0.19463646411895752
0.13368703424930573
0.12035831063985825
0.1836300641298294
0.10091353952884674
0.10547997802495956
0.184577152132988
0.18173040449619293
0.2454533725976944
0.16397361457347867
0.1929284781217575
0.2246393412351608
0.03942861780524254
0.22789014875888824
0.11904094368219376
0.19398671388626096
0.1306255608797073
0.03813258931040764
-0.05547245219349861
0.16356216371059415
0.12627962231636047
0.18126355111598969
0.17375603318214417
0.1432417780160904
0.1974802017211914
0.1909912675619125
0.18926976621150968
0.07376433908939362
0.19237054884433744
0.18665696680545807
0.14242926239967346
0.09964507073163986
0.09798266738653184
0.13754403591156003
0.08409588038921356
0.21995653212070465
0.17060062289237976
0.12838880717754364
0.1038057580590248
0.1279001086950302
0.1859222799539566
0.1390494853258133
0.22710226476192477
0.15925461053848267
0.17439083755016327
-0.010570170357823372
0.18223343789577484
0.15029282867908475
0.1316344439983368
0.04712683334946632
0.17379887402057648
0.055261891335248954
0.16260623931884763
0.17161674797534943
0.1965603828430176
0.16423097252845764
0.18482874333858487
0.16623003780841827
0.1345986574888229
0.10515908151865004
0.15884223580360413
0.22187852859497073
0.23420134186744687
0.12180016189813613
0.24992032349109647
0.2253553867340088
0.08261845260858534
0.250139981508255
0.20047789812088007
0.07772331684827805
0.15428732335567474
0.12173502892255784
0.22177492082118988
0.13167619705200195
0.23228056728839877
0.23282358050346372
0.1605825573205948
0.12271150201559065
0.20834797620773315
0.1487218290567398
0.16625919938087463
0.24499930441379547
0.17773947119712827
0.20584076642990112
0.18085752427577967
-0.0018022009171545503
0.11217366158962248
0.15317335724830627
0.1489306390285492
0.037553571164608
0.12098952382802965
0.1331250965595245
0.15618906915187836
0.2313184589147568
0.14974863827228546
0.16002944111824036
-0.056968163698911674
0.15278054773807523
0.2000574469566345
0.1578490138053894
0.16728870570659635
0.0508522130548954
0.22130878269672397
0.2567141354084015
0.21453882753849027
0.17925484478473663
0.0815436914563179
0.16322959959506989
0.1522562950849533
0.221345379948616
0.2179567664861679
-0.01333407498896122
0.14892058074474335
0.13184410333633423
0.15545181930065155
0.2237933427095413
0.14720429480075836
0.09183686971664429
0.17637531459331512
0.12780015170574188
0.10277916491031645
0.2129196673631668
0.16199977695941925
0.14093972742557523
0.04029225558042526
0.21779994666576383
0.09306391328573227
0.05075308308005333
0.11388389021158218
0.1606621891260147
0.14689841866493225
0.010377662256360054
-0.03889910504221916
0.14900021255016327
0.1390773504972458
0.009872054681181908
0.2269316166639328
0.1897657662630081
0.2025693655014038
0.109942726790905
0.05362349003553391
0.19954687356948847
-0.0769413113594055
0.22800537943840024
0.12538856267929077
0.17616881430149078
0.09373352676630019
0.15341849625110626
0.1265166401863098
0.2119067758321762
0.03647926077246665
0.19688063859939572
0.059848185628652566
0.23386250436306
0.19048841297626493
0.1656963676214218
0.1800420731306076
0.1558847725391388
0.17426042258739471
0.1689511090517044
0.1685846447944641
0.24732454121112823
0.17511624097824097
0.19316227734088895
0.18826425075531003
0.17918117344379425
0.1342656761407852
0.1998450607061386
0.14488130807876587
0.09908083081245422
0.1792396456003189
0.13952039182186127
0.16280807554721832
0.17612531781196594
0.1645030379295349
0.08776336163282393
0.2340407818555832
0.14519751071929932
0.21447631716728208
0.13350895047187805
0.24651218950748444
0.08506909012794495
0.19027890264987943
0.20191574096679688
0.1402890980243683
0.20191292464733124
0.1893494725227356
0.02070409059524536
0.22797903418540957
0.1520090401172638
0.1128079667687416
0.24395008385181427
0.19064980745315552
0.1481589823961258
0.13206519186496735
0.20445208251476288
0.19452345371246335
0.1619717627763748
0.1815674751996994
0.17029201984405515
0.05784599855542183
0.06811368465423584
0.1962495595216751
0.15026141703128815
-0.011618057265877724
0.22347113490104675
0.06304606795310974
0.20885781943798065
0.20161907374858856
0.23592765629291532
0.22576473653316495
0.21224376559257507
0.15569472312927246
0.18147799372673035
0.18033207952976224
0.0804247260093689
0.1861669570207596
0.18516762554645536
0.16237790882587433
0.20911984145641327
0.15091107785701752
0.10265501588582993
0.22059305012226105
0.20350353419780728
0.166909858584404
0.1953431665897369
0.23138789832592008
0.13344472646713257
0.1729138046503067
0.2372455298900604
0.2318238317966461
0.18421007692813876
0.1659727841615677
-0.02386827208101749
0.16161267459392548
0.057916376739740365
0.14196570217609403
0.18464119732379916
0.13310593366622925
0.07887177169322966
0.2409818023443222
0.17188285291194916
-0.016573602333664894
0.19972924888134
0.1711217015981674
0.13815519213676453
0.1837960183620453
0.22616796195507047
0.1919970065355301
0.1392359584569931
0.1272309571504593
0.2110319286584854
0.15626390278339383
0.243765190243721
0.09976366162300108
0.21589429676532745
0.18936829268932345
0.04110681638121605
0.16472128033638
0.23377305269241333
0.24696622788906095
0.2266031950712204
0.10999394953250884
0.16871577501296997
0.14072275161743164
0.2271616756916046
0.1557559221982956
0.20324966311454767
0.0784713476896286
0.1908831298351288
0.2286444753408432
0.2281784862279892
0.05860560014843941
0.13468880951404572
0.21454101800918576
0.20233462750911713
0.15624655783176422
0.11905284970998764
0.1887765675783157
0.23755678534507751
0.23436258733272552
0.14945973455905914
0.2016184329986572
0.2366439551115036
0.14736978709697723
0.11432871967554092
0.10525517165660858
0.16410812735557556
0.22525495290756223
0.018226010724902156
-0.030670342966914177
0.1246468350291252
0.2212272733449936
0.19558496773242953
0.13043251633644104
0.21722052991390228
0.17200683057308197
0.16173473000526428
0.1854973137378693
0.03596002236008644
0.15212811529636383
0.162092387676239
0.19220884144306183
0.1407260298728943
0.1198597177863121
0.11112388968467712
0.12298662215471268
0.15608654916286469
0.17342720925807953
0.18836431205272677
0.2349051982164383
0.24376814067363736
0.1703183501958847
0.136726513504982
0.23980401456356049
0.1380924880504608
0.22835597395896912
0.16091640293598175
0.2387407273054123
0.1431727260351181
0.14389865100383759
0.17342139780521393
0.19928933680057523
0.10353156179189682
0.2210625857114792
0.11862096935510635
0.024893013760447506
0.1664608269929886
0.18178416788578036
-0.03614690527319908
0.08779814839363098
0.2389362454414368
0.06710901111364365
0.06760534644126892
0.13559843599796295
0.23233310878276825
0.12508398294448853
0.16461418569087982
0.17673517763614655
0.20232845842838287
0.0518818013370037
0.20981670916080475
0.22265297174453733
0.15339775383472443
0.08774980902671814
0.07121741026639937
0.007463819812983274
0.08787284046411514
0.13128282129764557
0.1843028515577316
0.1737259030342102
0.2303370386362076
0.1239117607474327
-0.047408856451511376
0.1909157037734985
0.1728789210319519
0.23097290098667145
0.23040896654129028
0.18407015502452848
0.06157558038830757
0.12678031623363495
0.1595052033662796
0.18984104692935944
0.19623814523220065
0.09706219285726547
0.17045028507709503
0.19366025924682617
0.16754589974880219
0.13755926489830017
0.18337915837764737
0.1727554351091385
0.1564040184020996
0.23441913723945615
0.2127343565225601
0.14601130783557892
0.08461121469736099
0.17788915336132047
0.1757832020521164
0.13102515041828156
0.12472329288721085
0.19251106679439545
0.04921242967247962
0.2254958599805832
0.13406692445278168
0.09647268801927567
0.159259632229805
0.24016188085079196
0.20784644782543185
0.13852357864379883
0.2263313978910446
0.23841412365436557
0.1713096499443054
0.1283527910709381
0.24134422838687897
0.19679033756256104
0.23661936819553372
0.1621263027191162
0.1990743577480316
0.243277370929718
0.16808199882507324
0.11746921390295029
0.1864883452653885
0.19920542836189273
0.22835895419120789
0.06831446290016174
0.0617060624063015
0.12045813351869585
0.23264774680137637
0.06079300865530968
0.20146302878856656
0.140779972076416
0.16652195155620575
0.175189808011055
0.06185084953904152
0.1846119165420532
0.13689617812633514
0.19043900072574613
0.21814988553524017
0.22227966785430908
0.14509356021881104
0.09207085520029071
0.19507926702499387
0.17363609373569489
0.171140119433403
0.13933517038822174
0.17757640779018402
0.17515625059604645
0.21364589035511017
0.08429041504859923
0.21359828114509585
0.15661683678627014
0.11838983744382858
0.10766778141260148
0.12649892270565033
0.16532939672470093
0.20670831203460693
0.12790723145008087
0.17798785865306854
0.20742011070251465
0.2068527638912201
0.16973070800304413
0.11964268237352373
0.18681493401527405
0.2256556898355484
0.12107423692941664
0.25355619192123413
0.1680602878332138
0.14873941242694855
0.15690745413303375
0.10109780728816986
0.24841363728046417
0.19547350704669952
0.17394576966762543
0.1780506521463394
0.19755466282367704
0.10648059844970705
0.15897615253925323
0.20404906570911407
0.22351522743701932
0.14821715652942655
0.22086755931377408
0.15007828176021576
0.24547792971134183
0.12411128729581831
0.16579025983810425
0.1669103056192398
0.18224631249904633
0.2267078906297684
0.1454416066408157
0.1420661062002182
0.22779928147792816
0.1880503296852112
0.0628490149974823
0.23623669147491452
0.05590653046965599
0.15535102784633636
0.04492451623082161
0.22018021345138547
-0.03439028188586235
0.18613438308238983
0.15381722152233124
0.19507743418216705
0.07185041159391403
-0.0797976478934288
0.17599041759967804
0.2008692771196365
0.23022975027561188
0.15062829852104187
0.1572422832250595
0.1984862834215164
-0.002118720207363367
0.15854240953922272
0.22158621251583097
0.03419642150402069
0.2154836058616638
0.18653960525989527
0.24186949431896207
0.10759352892637251
0.2386219352483749
0.1422218382358551
0.19108156859874725
0.1749470978975296
0.2196349948644638
0.09891521930694579
0.14269034564495087
0.07764744013547897
0.0690082237124443
0.23610900342464447
0.18885527551174164
0.1443003416061401
0.07029340416193008
0.22242392599582672
0.19627089798450467
0.16275380551815033
0.14318092167377472
0.21772582828998563
0.17014840245246887
0.12578865885734558
0.17615045607089996
0.15339575707912445
0.11259810626506804
0.11975907534360884
0.1561240404844284
0.16955120861530304
0.11196143180131912
0.1682319343090057
0.10068921744823456
0.11250198632478713
0.0808597281575203
0.18413989245891568
0.24162785708904264
0.2241527736186981
0.17916354537010193
0.1819533258676529
0.057190228253602975
0.16608756780624387
0.21889369189739227
0.1622716039419174
0.03964368253946304
0.24008701741695404
0.11290637403726576
0.08079937100410461
0.1644473522901535
0.16872145235538483
0.04247898980975151
0.16503283381462097
0.2339722365140915
-0.03449522703886032
0.10463157296180724
0.10535193234682085
0.22816957533359528
0.14953260123729703
0.15682341158390045
0.09233470261096953
0.20387639105319977
0.19044949114322665
0.16526362299919128
0.19718898832798004
0.19005070626735687
0.15592198073863983
0.13509900867938995
0.09126251935958862
0.18121555447578433
0.13635121285915375
0.0955578237771988
0.19445620477199557
0.2473273128271103
0.203860342502594
0.14499635994434357
0.09411043673753737
0.15338309109210968
0.1491168737411499
0.1149473488330841
0.1702546775341034
0.09390588849782944
0.1925000995397568
0.09999547898769377
0.16592572629451752
0.153613343834877
0.06549990922212601
0.22257885336875916
-0.07697992026805876
0.13324041664600372
0.14375965297222135
0.12324573844671248
0.19669166207313535
0.06156151369214058
0.15838967263698575
0.09912440925836563
0.20071536302566528
0.24631576240062716
0.13237489759922028
0.15602022409439087
0.08951429277658463
0.1452033817768097
0.1567319482564926
0.1813777834177017
0.16174308955669403
0.12467702478170394
0.1731353849172592
0.2171873897314072
0.10671447962522505
0.22194950282573697
0.09452415257692336
0.21261191368103027
0.002527048345655203
0.1497039943933487
0.10831110179424285
0.12013932317495346
0.18012334406375885
0.13163398206233978
0.16243620216846466
0.16770347952842712
0.1843586266040802
0.0934758335351944
0.21699440479278564
0.096152164041996
0.12942153215408325
0.06502226740121841
0.06115591153502464
0.13959605991840363
0.1502885669469833
0.09174183756113052
0.22675521671772003
0.10167599469423294
0.15183235704898834
0.18585704267024997
0.07259438931941986
0.13898514211177823
0.15036505460739136
0.15458177030086517
0.03639300167560577
0.15771591663360596
0.1538821905851364
0.146673321723938
0.2197560966014862
0.1886434108018875
0.08594394475221635
0.18997932970523837
0.029657313600182533
0.15312068164348602
0.18807861208915713
0.02675138972699642
0.09451618790626524
0.23623475432395932
0.023432122543454167
0.05802774056792259
0.03789953142404556
0.012608664110302923
0.1942797154188156
0.16988489031791687
0.0453849695622921
0.24888502061367035
0.23859335482120517
0.20916496217250824
0.1650124490261078
0.17735891044139862
0.02281033806502819
0.16670003533363342
0.22331285476684568
0.07533698529005049
0.14360365271568298
0.23766112327575684
0.04430239275097847
0.16936656832695007
0.01590987853705883
0.09950999915599824
0.02300627902150154
0.2468610554933548
0.04596230760216713
0.15157602727413175
0.23370780050754547
0.17351838946342468
0.17591314017772675
0.18942396342754364
0.1979138255119324
0.13495458662509918
0.16095060110092163
0.14203466475009918
0.17130647599697113
0.2488152235746384
0.200381800532341
0.17788104712963104
0.23504538834095
0.13234999775886536
0.16679233312606812
0.20324921607971191
0.12807530164718628
0.06815121322870255
0.09634244441986085
0.19893696904182437
0.23624595999717712
0.1907132565975189
0.10471007227897644
0.19115616381168363
0.1175309047102928
0.1626826971769333
0.17042841017246246
0.20070601999759677
0.2517121136188507
0.18384887278079984
0.20198637247085569
0.1082683578133583
0.11594002693891524
0.049120165407657616
0.13701099157333374
0.22964774072170255
0.11862734705209732
0.12480900436639784
0.17758867144584656
0.2056875079870224
0.12099864333868025
0.08812485635280609
0.12984038889408112
0.1470467299222946
0.1283102035522461
0.17495344579219818
0.04553908482193946
0.07112569361925125
0.1427205502986908
0.12736414372920987
0.15389712154865265
0.16928422451019287
0.23923154175281525
0.1040341630578041
-0.0607854388654232
0.16301558911800385
0.07667069137096405
0.051144782453775406
0.24088908731937408
0.16085775196552277
0.11433012038469315
0.23425261676311487
0.23708915710449216
0.15031056106090543
0.16164605319499967
0.13132047653198242
0.17059369385242462
0.13769216835498807
0.19973583519458768
0.17625285685062408
0.16409537196159363
0.18610744178295133
0.1390645056962967
0.09730158001184464
0.0430663712322712
0.24266149103641513
0.11236696690320969
0.0398300401866436
0.09707479923963545
0.21570564806461331
0.1439209133386612
0.11256072670221327
0.19823029637336728
0.09775440394878387
0.14883610606193542
0.2471040636301041
0.10546138137578964
-0.04859565198421478
0.22750526666641235
0.1838840544223785
0.2258115112781525
0.24080625176429749
0.2498983293771744
0.15825676918029785
0.18702925741672516
0.13881918787956235
0.166656956076622
0.07940921187400819
0.10221140831708908
0.13504987955093384
0.18440999090671537
0.2321198284626007
0.1307792365550995
0.06286713480949402
0.22668372094631195
0.013243591412901878
0.13373373448848724
0.19695331156253812
0.18686842918396
0.11766373366117476
0.1012306660413742
0.16081924736499786
0.19426570832729337
0.13301442563533783
-0.007272603455930947
0.1946440786123276
0.18296776711940765
0.1779481470584869
0.15687166154384613
0.23345784842967987
0.1676710993051529
0.04027353599667549
0.24392722547054288
0.07481907308101654
0.11521731317043304
0.13089720904827115
-0.00816994346678257
0.23390913009643555
0.22854249179363248
0.23382742702960968
0.1722998470067978
0.105275958776474
0.17369864881038663
0.07847011834383011
0.1856907159090042
-0.001923008356243372
0.18431998789310453
0.1210668459534645
0.1452214866876602
0.06862395256757736
0.10993672907352448
0.08003032952547073
0.21782933175563807
-0.05544138699769974
-0.016142884269356728
0.16651606559753415
0.19131499528884888
0.17034170031547546
-0.07820487767457962
0.1393802314996719
0.17310859262943268
0.13976724445819855
0.1271737962961197
0.07438433915376662
0.2009121775627136
0.0829550102353096
0.13589562475681305
0.09523030370473859
0.18693482875823972
0.10241036862134932
0.029091937467455864
0.20687095820903775
0.05805746093392372
0.18071322143077848
0.23151236772537231
0.08402947336435318
0.13851352035999298
0.14974109828472135
0.16911499202251434
0.15013174712657928
0.1906025856733322
-0.0127242561429739
0.17792512476444244
0.1457288563251495
0.15260940790176392
0.12516212463378906
0.1601588279008865
0.15288792550563812
0.18637865781784055
0.18391691148281095
0.14015300571918488
0.1135377362370491
0.19435171782970428
0.16235581040382385
0.21118058264255524
0.17008991539478302
0.12306544929742812
0.13188536465168
0.12613528966903687
0.21320608258247373
0.21365459263324735
0.01658160798251629
0.18308480083942413
0.12139842659235
0.05578885227441788
0.07992319762706755
0.16826193034648895
0.15289966762065887
0.17622995376586914
0.10983790457248688
0.1216116026043892
0.2269946485757828
0.061921928077936166
0.17528806626796722
0.17195360362529755
0.2088449150323868
0.0770125687122345
0.0645551085472107
0.1782579869031906
0.15958869457244873
0.1802940368652344
-0.04625805467367172
0.1874639987945557
0.23601463437080383
0.20149804651737213
0.1157127246260643
0.06311957538127899
0.1165391057729721
0.22920654714107516
0.11237051337957382
0.21077655255794525
0.12088041752576828
0.23298949003219604
0.23543646931648252
0.21573723852634427
0.10873322933912276
0.06037091091275215
0.24102018773555756
0.1679098755121231
0.1228501722216606
0.12605653703212738
0.05363192036747933
0.10829784721136092
0.230874627828598
0.11799115687608717
0.16049526631832123
0.1667620986700058
0.22833471000194547
0.1901158094406128
0.13950586318969727
0.17323531210422516
0.11155935376882552
0.217007115483284
0.1842469424009323
0.11987077444791792
0.14671145379543304
0.13703839480876923
0.1078098490834236
0.12936915457248688
0.1992662996053696
0.19672289490699768
0.19459609687328336
0.08705670386552809
0.21218945086002347
0.09558650106191635
0.11435728520154952
0.14955522119998932
0.1666601151227951
0.14761219918727875
0.12561918795108795
0.16874583065509796
0.0904712900519371
0.04472140595316887
0.20386748015880585
0.16684214770793915
0.10807400941848753
0.05293691158294678
0.15021599829196927
0.14038817584514615
0.07024717330932617
0.16450443863868713
0.11889690905809402
0.13377994298934937
0.17964798212051392
0.23679451644420624
0.084682397544384
0.08267567306756973
0.24530951678752896
0.06339395046234131
0.23038767278194427
0.09561462700366972
0.09473813325166702
0.20140905678272247
0.14850269258022308
0.10662131756544112
0.2436339408159256
0.11481470614671709
0.10028552263975143
0.23817248642444608
0.2509138286113739
0.14530302584171295
0.247732475399971
0.17995619773864746
0.13876070082187653
0.06452351808547974
0.12158911675214767
0.227360874414444
0.03329918906092644
0.08639820665121078
0.25081750750541687
0.14800503849983215
0.21227322518825528
0.20124869048595428
0.16343502700328827
0.11785585433244704
0.17684373259544373
0.21688143908977509
0.07667212188243867
0.18759609758853912
-0.054314311593770974
0.17571450769901276
0.05502041056752205
0.2312534153461456
0.07322734594345091
0.006659188773483038
0.1240175887942314
0.24062146246433255
0.1847863346338272
-0.020249050110578537
0.23096249997615811
0.20334574580192563
0.23814359307289124
0.13543537259101868
0.22501660883426663
0.1525532454252243
0.23837003111839292
0.11386218667030334
0.1549493223428726
0.1613258421421051
0.11525297909975052
0.17634855210781095
0.11948174983263016
0.1153431236743927
0.18458184599876404
0.16742919385433197
0.09466478973627089
0.09656714648008345
0.23786456882953644
0.08755375444889069
0.1951952874660492
0.09021475166082382
0.21277584135532376
0.1630878299474716
0.12336427718400957
0.036056604236364365
-0.019099546596407887
0.1361013501882553
0.07840257138013838
0.13840162754058835
0.19039316475391388
0.2526449263095856
0.2155955731868744
0.05619842931628227
0.02539714239537716
0.19235524535179135
0.1690344661474228
0.1922598332166672
0.13806693255901337
0.08617968112230302
0.2052316814661026
0.1403486281633377
0.0930357426404953
0.24214269220829007
0.2163027971982956
0.2051711082458496
0.12874281406402588
0.03510143980383873
0.21528723835945127
0.02803542651236057
0.1414797306060791
0.13548558950424194
0.11232656240463255
0.08505772799253462
0.0957244336605072
0.09609784930944441
0.15969014167785645
0.12495652586221694
0.18170835077762604
0.1362503170967102
0.1850158125162125
0.19488181173801425
0.14596638083457947
0.06322745978832245
0.11230397969484328
0.11641960591077805
0.11352849006652832
0.23198552429676053
0.12558798491954803
0.23322755098342893
0.1971930265426636
0.10151030123233797
0.2061758190393448
-0.04754040762782097
-0.07587825506925584
0.08542151004076003
0.212061271071434
0.10874033719301224
0.15167216956615448
0.23782311379909515
0.16744475066661835
0.24769197404384613
0.1434059292078018
0.17505931854248047
0.17513753473758695
0.1864415556192398
0.11464741826057434
0.07823611050844193
0.14327315986156464
0.16860458254814148
-0.013596722856163979
0.17711293697357175
0.08797455579042433
0.12323196977376936
0.18116189539432523
0.16305388510227203
0.07469440996646881
0.13338814675807953
0.17925925552845
0.1761641502380371
0.1466732770204544
0.2051932662725449
0.20493312180042264
0.19073931872844696
0.19364064931869504
0.15427483618259427
0.15576781332492828
0.19133885204792023
0.1243063434958458
0.2342016100883484
0.15595676004886627
0.22783417999744413
0.1487665623426437
0.21341346204280853
0.15296626091003415
0.09081486612558365
0.11716677993535995
0.05247090384364128
0.229202002286911
0.0504986084997654
0.19413994252681727
0.1826220005750656
0.09430262446403503
0.217373326420784
0.10959801077842712
0.09088692814111708
0.1392814069986343
0.13218648731708527
0.14660483598709106
0.2151973247528076
0.10809355229139328
0.1502118557691574
0.22815601527690887
0.20860405266284943
0.17549018561840057
0.1726713478565216
0.18998999893665316
0.16732344031333923
0.1862880736589432
0.21454188227653503
0.2136996239423752
0.16748787462711334
0.12565572559833527
0.10788575559854507
0.2133003622293472
0.2338583320379257
0.1465213447809219
0.21880160272121427
0.2238929271697998
0.12078628689050674
0.024029143154621124
0.1620139181613922
0.17441758513450623
0.15647317469120023
0.12176743894815444
-0.0006310069002211094
0.2336823493242264
0.08245057612657547
0.19060827791690824
0.23214049637317655
0.13399235904216766
0.24473752081394196
0.20067797601222992
0.13489072024822235
0.1854082942008972
0.06531623005867004
0.1745658367872238
0.16555257141590118
0.1106998696923256
0.18316911160945887
0.19404952228069303
-0.020570201799273487
0.0986594185233116
0.18526674807071683
0.15430030226707458
0.06251616775989532
0.09526450186967848
0.1813160330057144
-0.016800979152321815
0.1727066934108734
0.22838519513607025
0.18533217906951904
0.00823635421693325
0.22448082268238068
0.05010499432682991
0.013410551473498344
0.1696394383907318
0.1782943457365036
0.21723888814449313
0.23149645328521729
0.04482876881957054
0.07148419320583344
0.15841473639011383
0.18295276165008545
0.015317000448703764
0.19491316378116608
0.103804774582386
0.155959352850914
0.09303639829158784
0.1309129297733307
0.14209100604057312
0.22202149033546448
0.23858587443828583
0.17694374918937683
0.19639866054058075
0.18344956636428836
0.2280704528093338
0.19071334600448608
0.2259373962879181
0.06356444954872131
0.233899250626564
0.17297612130641937
0.10315661132335661
0.09758434444665907
0.21352392435073847
0.1369772106409073
0.15432685613632202
0.19441491365432736
0.22607453167438507
0.12909598648548126
0.13561940193176267
0.24276231229305267
0.231600284576416
0.017075469717383385
0.177103191614151
0.12786884605884552
0.07242773473262787
0.1410045176744461
0.18268246948719025
0.12676815688610077
0.05454092472791672
0.07292991876602173
0.17691403627395627
0.16430141031742096
0.229227676987648
0.07852204889059065
0.19796015322208405
0.1702233850955963
0.11486095190048216
0.21084406971931455
0.07844959199428558
0.09878186881542204
0.18886388838291168
0.06413375586271286
0.18457444012165067
0.1346367746591568
0.2578178942203522
0.21086736023426053
0.1603993773460388
0.11686378717422484
0.24400813877582553
0.19078053534030917
0.13561029732227323
0.10891464352607728
0.229310005903244
0.10961416363716124
0.17323964834213257
0.11777140945196152
0.11228921264410018
-0.02588936872780323
0.05078888684511185
0.18301881849765775
0.13232137262821195
0.15262755751609802
0.23126178979873657
0.16907474398612976
0.11782959103584288
0.07371007651090622
0.1987319141626358
0.24272783100605008
0.1190630868077278
0.18373958766460416
0.19445484876632688
0.08637665212154387
0.19579799473285675
0.1889224350452423
0.12816683948040009
0.18140773475170133
0.14664599299430847
0.1136614680290222
0.14853964745998383
0.19020818173885343
0.029811864718794823
0.1829941421747208
0.22168086469173431
0.23097610473632807
0.12097231298685072
0.0694885179400444
0.15510950982570648
0.02644462697207928
0.1734565496444702
0.1672169268131256
0.16413959860801697
0.1234934851527214
0.15377981960773468
0.16606633365154266
0.13866825401782987
0.1989054977893829
0.12361686676740646
0.025495408102869987
0.24622921645641327
0.23264338076114652
0.15113885700702667
0.23734685778617856
0.17306360602378845
0.1180429682135582
0.1772703379392624
0.10851723700761796
0.21621154248714447
0.1866319924592972
0.05471562221646309
0.18185560405254364
0.18346717953681943
0.215735986828804
0.15630210936069489
0.23096111416816711
0.13445310294628143
0.1627528816461563
0.0664532259106636
0.23337791860103607
0.1783236265182495
0.06770268082618713
0.1968473643064499
0.1610223799943924
0.06525614857673645
0.16462863981723783
0.18591389060020447
0.23911552131175995
0.1031411588191986
-0.03540351986885071
0.2021413296461105
0.07573379576206206
0.20511047542095184
0.13881100714206696
0.24139086902141568
0.16299715638160703
0.05438772216439247
0.06594793498516083
-0.05642443895339966
0.23328207433223724
0.16782274842262268
0.183873787522316
0.23954243957996368
0.16334252059459686
0.22166861593723297
0.15089461207389832
0.14386604726314545
0.06987548619508743
0.10238311439752577
0.17477406561374664
0.17646785080432892
0.13228732347488403
0.006100756581872702
0.1030648797750473
0.010078931227326391
0.10281042009592056
0.19441494345664975
0.12416382879018784
0.16305570304393768
0.1680738478899002
-0.033443555235862725
0.11862418055534361
0.15288327634334564
0.1750868409872055
0.16440890729427335
0.1713566482067108
0.1769522726535797
0.23508740961551663
0.24063245952129364
0.13337495923042297
0.10711289197206496
0.1426171064376831
0.17475540935993195
0.25149574875831604
0.11172948032617568
0.22929407656192777
0.1981898993253708
0.2295539826154709
0.14445091784000397
0.1823140382766724
0.1906733363866806
0.2382820695638657
0.13846968114376068
0.20839382708072665
0.07469436526298523
0.14623843133449554
0.08692917227745056
0.12395907193422316
0.09742350131273267
0.139797642827034
0.25001099705696106
0.11581780016422272
0.22884336113929749
0.23012575507164
0.1695253700017929
0.11153565347194672
0.13428626954555511
0.19163711369037628
0.16515102982521057
0.1959833651781082
0.23620291054248807
0.1117822527885437
0.13466694951057434
0.11145351082086564
0.1422593742609024
0.1936060935258865
0.16905321180820465
0.016322080045938492
0.08703187853097916
0.23158299922943115
0.030716007575392723
0.233689546585083
0.119331918656826
0.04151780158281326
0.015284651890397072
0.02369310893118381
0.035902876406908035
0.03576796874403953
0.1119677722454071
0.07142099738121033
0.02603316493332386
0.18951648473739624
0.20734059810638428
0.2162420153617859
0.14860497415065765
0.09414030611515044
0.23334662616252896
0.11860062181949615
0.14819639921188354
0.13306985795497894
0.10764917731285097
0.21133820712566373
0.11085054278373718
0.23117664456367487
0.158830389380455
0.19011725485324857
0.0796118751168251
0.15573252737522125
0.21111471951007843
0.20788700878620148
0.09858575463294984
0.12969015538692474
0.10117697715759276
0.1967779844999313
0.20986752212047577
0.09982513636350632
0.15705688297748563
0.12127403169870377
0.23671704530715945
0.061057228595018394
0.13650362193584442
0.17350952327251434
0.2116833329200745
0.1823527961969376
0.19992172718048093
0.12869104743003845
0.12807314097881317
0.1409385651350021
0.15223544836044312
0.131132572889328
0.23624660074710843
0.19959531724452967
0.12702006101608276
0.14840151369571683
0.12679864466190338
0.16684627532958984
0.22144459187984464
0.20629537105560303
0.090562142431736
0.15542852878570557
0.13929714262485504
0.027730559930205345
0.12964466214179993
0.2152758985757828
0.1231466308236122
0.1984940320253372
0.12676502764225006
0.1997717320919037
0.08375547826290129
0.19023923575878143
0.19407555460929873
0.16766448318958282
0.2237960249185562
0.2065802216529846
0.18700893223285675
0.1547025591135025
0.08590824156999587
0.14270900189876556
0.15983720123767853
0.06147677078843117
0.1861932873725891
0.05102145671844482
0.18578828871250153
0.23060208559036252
0.1109761819243431
0.2240291088819504
0.2152013331651688
0.14742764830589294
-0.006268745753914118
0.04719407483935356
0.03018983267247677
0.24940313398838043
0.16061964631080627
-0.04416725784540176
0.08296040445566177
0.17026175558567047
0.13718551397323608
0.15140491724014282
0.20255742967128756
0.0426565445959568
0.13090303540229797
0.08631978929042816
0.06054210290312767
0.09583743661642073
0.10176370292901991
0.231378436088562
0.02896325476467609
0.20966850221157077
0.09353669732809065
0.20810002088546753
0.07072914391756058
0.1695130616426468
0.1411195993423462
0.12647153437137604
0.12520483136177063
0.011381281539797781
0.0474897101521492
0.1956326812505722
0.17186574637889862
0.09306411445140839
0.15932138264179227
0.21750366687774655
0.13503044843673706
0.014095546677708624
0.12256298214197157
0.10862274467945097
0.22405114769935608
0.16857336461544037
0.22986958920955655
0.19434615969657895
0.024567289277911183
0.20424418151378632
0.05844423547387123
0.15847247838974
0.2329808473587036
0.1653953343629837
0.09518451988697053
0.14990006387233734
0.05595356598496437
0.22690278291702273
0.14673925936222076
-0.08082301169633865
0.14409892261028287
0.1955266147851944
0.16824780404567719
0.0997803285717964
0.1895565688610077
0.09705299884080887
0.14309419691562653
0.15953589975833893
0.07952366024255753
0.2349321097135544
0.10087383538484572
0.19895608723163605
0.1902948766946793
0.21075539290905
0.21872034668922424
0.10112343728542328
0.1913578659296036
0.1066860407590866
0.2202995866537094
0.17076078057289124
0.20168110728263852
0.20027692615985873
0.14541152119636536
0.22270987927913663
0.1483163982629776
0.07421531528234483
0.13144268095493317
0.05157869309186936
0.16350410878658295
0.2026645243167877
0.10213956981897354
0.1058356761932373
0.21015404164791107
0.23282741010189056
0.17184169590473175
0.16809983551502228
0.18752093613147733
0.0391826368868351
0.14299115538597107
0.2355913072824478
0.07094717770814896
0.18515779078006744
0.16335353255271912
0.1586492955684662
0.2103270888328552
0.16217826306819916
0.04377980157732964
0.1246107742190361
0.18309535086154935
0.10176169127225876
0.1725771427154541
0.11099175363779068
0.08856853097677232
-0.042122647166252136
0.10195452719926834
0.22097359597682953
0.08429495245218277
0.13237379491329193
0.18077003955841064
0.12366940826177596
0.05382895469665527
0.16637226939201355
0.18050582706928253
0.18560908734798431
0.031920965760946274
0.15098769962787628
0.2317475527524948
0.09401921182870863
0.07373097538948059
0.15529268980026245
0.19781699776649475
0.11104418337345125
0.0590604729950428
0.12106689065694808
0.09807743132114409
0.14525669813156128
0.2017958164215088
0.20831744372844696
0.17099235951900482
0.24199818074703217
0.1305229812860489
0.20782680809497836
0.11763393133878708
0.12300067394971848
0.056108061224222176
0.1754501909017563
0.17037265002727509
0.06852080672979355
0.1372706443071365
0.07370764762163162
0.08274690061807632
0.12879659235477448
0.04338866099715233
0.13773907721042633
0.21041904389858243
0.16575850546360016
0.14335420727729797
0.02678539790213108
0.1847204715013504
0.23216272890567777
0.20741023123264313
0.15273618698120117
0.18951140344142917
0.14813147485256195
0.16895364224910736
0.15650056302547455
0.11529097706079484
0.1386616975069046
0.11951255053281784
0.16793537139892578
0.124358169734478
0.2524591386318207
0.04727830737829208
0.12725304067134857
0.05882446840405464
0.2329130619764328
0.07050304114818573
0.10116442292928696
0.07998836040496826
0.07439614832401276
0.2325581908226013
0.19167387485504153
0.20042435824871063
0.194494292140007
0.21336530148983
-0.10053624957799911
0.19170515239238736
0.09632246941328047
0.15415209531784055
0.20174226164817807
0.1584257036447525
0.18575526773929596
0.1456686407327652
0.16428755223751068
0.16909267008304596
0.2087479680776596
0.07545097172260284
0.23397724330425265
0.012651683762669563
0.06705682724714279
0.2099795639514923
-0.0778511166572571
0.2293979227542877
0.12049707025289536
0.12660472095012665
0.11860857158899309
0.2209320366382599
0.025744488462805748
0.058058280497789376
0.19999586045742035
0.09958555549383165
0.2286638021469116
0.19614900648593905
0.09576337784528732
0.19009439647197723
0.16635835170745847
0.1111062467098236
0.11668665707111359
0.129484161734581
0.08771957457065582
0.2101333141326904
0.20193594694137573
0.2287249714136124
0.15498268604278564
0.17782951891422272
0.15101805329322815
0.18723510205745697
0.1815766841173172
0.1890714317560196
0.04704190790653229
0.15216602385044095
0.11772625893354416
0.13223950564861295
0.1713474839925766
0.07370255887508392
0.1715163141489029
0.05680634453892708
0.19594348967075348
0.12916480004787445
0.20861054956912997
0.044031772762537
0.24875302612781525
0.10902916640043259
0.1180918589234352
0.2155160903930664
0.1968772262334824
0.15217335522174835
0.12806363403797147
0.11499616503715517
0.17522789537906647
0.08766762912273408
0.0251991618424654
0.1551913470029831
0.1616906225681305
0.17073051631450653
0.19643947482109067
0.15328598022460935
0.17729361355304718
0.013550395146012306
0.19211964309215543
0.15917304158210754
0.10041408985853197
0.06293405592441559
0.24574078619480133
0.1636328548192978
0.2019403576850891
0.182441771030426
0.15429843962192535
0.1530073434114456
0.2282336503267288
0.19305551052093503
0.20313648879528043
0.12759621441364288
0.19577090442180636
0.13471223413944244
0.24931173026561737
0.1963437646627426
0.2325635403394699
0.016014941036701202
0.22634123265743253
0.1483137160539627
0.11427643150091173
0.12066384404897688
0.07850832492113113
0.04813247546553612
0.24820975959300995
-0.04085414484143257
0.09583883732557295
0.24083903431892395
0.17019303143024445
0.16266973316669464
0.18518772721290588
0.1190785989165306
0.05401105061173439
0.1674670577049255
0.2457536607980728
0.12086235731840132
0.17210789024829865
0.1283876746892929
0.18049825727939603
0.230904221534729
0.17530766129493713
0.12708446383476257
0.10903567820787428
0.1285004764795303
0.09964746236801149
0.10291818529367446
0.15990780293941495
0.15146811306476593
0.1577174812555313
0.16491000354290009
-0.047297980636358254
0.15274731814861295
0.17441077530384064
0.12310852855443954
0.199836865067482
0.15975423157215118
0.239916667342186
0.16559778153896332
-0.05151913687586784
0.20583356916904447
0.12201615422964096
0.17088286578655243
-0.046400412917137146
0.07119981199502945
0.19487498700618744
0.13829508423805237
0.08318118751049042
0.12991100549697876
0.04816591367125511
0.15716172754764557
0.12879896163940427
0.11123522371053696
0.12375066429376602
0.05441886931657791
0.20071159303188324
0.06638403981924057
0.17554712295532227
0.14029131829738617
0.0513860285282135
0.106693297624588
0.23604111373424527
-0.048348814249038696
0.10383854061365128
0.0644863098859787
0.23845963180065155
0.09260476380586624
0.1166676878929138
0.20259958505630493
0.1324968189001083
0.1311572939157486
0.22823429107666013
0.15990908443927765
0.1830611675977707
0.1427857130765915
0.182973712682724
0.18642814457416532
0.13942456245422363
0.1134389042854309
0.17933057248592377
0.16441231966018677
0.16444930434226987
0.20425349473953247
0.08773905783891676
0.03753301873803139
0.19665895402431488
0.1460958421230316
0.05806482210755348
0.14142188429832458
0.08582388609647751
0.1689578741788864
0.1558668464422226
0.15868878364562988
0.04761486873030663
0.2424543648958206
0.12954218685626984
0.15960292518138883
0.07829675823450089
0.20426395535469052
0.159743532538414
0.172079935669899
0.13631966710090637
0.1958421617746353
0.15065713226795197
0.05616202205419541
0.10456740111112595
0.13405479490756989
0.15819938480854034
0.17397332191467285
0.15170755982398987
0.007067420985549688
0.17049364745616913
0.1509983390569687
0.08402147144079208
0.23829995095729828
0.14887952804565427
0.18705645203590396
0.10665030777454376
0.11149211227893828
0.037043798714876175
0.12833648920059204
0.19331820309162137
0.13141672313213348
0.24749328196048737
0.1627565026283264
0.14155934751033783
0.23480845987796783
0.22314278781414032
0.1909906268119812
0.2498644441366196
0.2077400833368301
0.02028311043977737
0.18728506565093997
0.09064614027738573
0.1592808812856674
0.1283973753452301
0.09263661503791808
0.002187614794820547
0.15224185585975647
0.1282343715429306
0.20936863124370572
0.12316038459539412
0.23282055556774137
0.06068392470479012
0.1557999402284622
0.18226774036884308
0.02241224236786365
0.063073068857193
0.12757672369480133
0.1907578259706497
0.23203168809413907
0.006430670153349638
0.13234709203243256
0.1506631225347519
0.21903885900974276
-0.025616025552153587
0.2254241853952408
0.07398715615272523
0.2003534436225891
0.1843716949224472
0.08206520229578018
0.05743202194571495
0.16801197826862335
0.1811290234327316
0.12956626713275907
0.023684302344918248
0.1231066808104515
0.1471235305070877
0.1161009967327118
0.20149759948253632
0.11232441663742064
0.09152177721261978
0.12129589170217514
0.16647295653820035
0.14694802463054657
0.17513175308704376
0.05086539313197136
0.1132439747452736
0.13221171498298645
0.2521626353263855
0.20008470118045807
0.1711866557598114
0.22282510995864868
0.2201724350452423
0.179568350315094
0.08681232482194899
0.20238883793354037
0.20120446383953092
0.12240707129240036
0.10865599662065505
0.14141413569450378
0.21848721802234647
0.19979605078697205
0.161432147026062
0.04078306257724761
0.06675859540700912
0.1723208725452423
0.16259299218654633
0.23147688806056976
0.19938066601753235
0.2461534887552261
0.14663928747177124
0.1648602932691574
0.17955899238586423
0.22587452828884125
-0.0404047928750515
-0.026317261159420013
0.202251210808754
0.2372706234455109
0.2135411351919174
0.11145529150962828
0.14208191633224487
0.1855168491601944
0.0962327420711517
0.1741487830877304
0.1718987673521042
-0.002689892891794443
0.16475726664066315
0.20293252170085904
0.21105989813804624
0.17602013051509857
0.12682954967021942
0.21994714438915247
0.2341383844614029
0.16933755576610565
-0.008317412808537483
0.22879594564437863
-0.05704333260655403
-0.056824177503585815
0.11393550783395769
0.23417334258556363
0.2335858792066574
0.23292049765586853
0.18133521080017087
0.25683534145355225
0.150021955370903
0.17284239828586578
0.2066892683506012
0.19767859578132627
0.0904126837849617
0.12625759840011597
0.15099735558032987
0.18982090055942533
0.09058294445276259
0.136410191655159
0.18417651951313016
0.1597682237625122
0.15835018455982208
0.16653740406036377
0.1576455384492874
0.22416506707668304
0.24410687386989596
0.06912141293287277
0.1883971989154816
0.14114634692668915
0.060061704367399216
0.16120539605617523
0.05331849679350853
0.21087047457695007
0.22112201154232025
0.14687268435955048
0.12530829012393951
0.1789202243089676
0.17496140301227567
0.15751656889915466
0.15621879696846008
0.16792428493499756
0.14504176378250122
0.190309539437294
0.14590226113796234
0.23113693296909327
0.14166425168514252
0.0678926631808281
0.1835908889770508
0.19065603613853452
0.2182608246803284
0.15622682869434357
0.1490509063005447
0.21816374361515045
0.07666567713022232
0.10180335491895676
0.1083572432398796
0.2483973652124405
0.22654765844345087
0.1278866082429886
0.1389093846082687
0.19479893147945404
0.232004389166832
0.157405748963356
0.1847860664129257
0.1838292330503464
0.14708971977233887
0.1269157826900482
0.22389605641365048
0.1978671848773956
0.09533098340034483
0.1575079560279846
0.2503871023654938
0.1791532337665558
0.20829142630100247
0.14639128744602203
0.17022322118282318
0.17241112887859344
0.19215936958789823
0.14998300373554227
0.029375312849879265
0.11804552376270294
0.11633647978305817
0.11290082335472106
0.07663936913013458
0.17906607687473297
0.16633953154087067
0.14992181956768036
0.21468332409858704
0.17934478819370267
0.07100997865200043
0.16607248783111572
0.17410330474376678
0.24292397499084473
0.20909269154071808
0.196999654173851
0.15802593529224396
0.015644868835806847
0.2181115597486496
0.16026005148887634
0.2367730736732483
0.06643833965063095
0.19659289717674253
0.12937156856060028
0.19374713301658633
0.13558772206306455
0.20353747904300687
0.003395081963390112
0.1547343134880066
0.05445485189557076
0.16702108085155487
0.23352687060832977
0.15518443286418915
0.17414015531539917
0.22794334590435028
0.05273643136024475
0.1647891253232956
0.23601984977722168
0.17028193175792694
0.1674147993326187
0.16259047389030457
0.22607655823230743
0.1199221983551979
0.1156083419919014
0.20178405940532684
0.2408260256052017
0.20896612107753756
0.10346630960702896
0.1651357263326645
0.04818987101316452
0.18091247975826263
0.13178838789463043
0.2156577706336975
0.15946634113788605
0.1992790848016739
0.15555576980113983
0.0815708041191101
0.1426525115966797
0.08674307912588118
0.1406178921461105
0.2085580676794052
0.1739385575056076
0.1400390863418579
0.09768596291542052
0.139391228556633
0.06782159954309464
0.19939233362674716
0.05945554003119469
0.05832678452134132
0.1304057091474533
0.04830161854624748
0.0999414250254631
0.20090293884277344
0.23193128407001493
0.12410085648298264
0.0073003447614610195
0.008632319048047066
0.0737750455737114
0.21601837873458865
0.2212650924921036
0.23481987416744232
0.1575966328382492
0.11286331713199615
0.135747492313385
0.14153651893138883
0.17784802615642548
0.1260734498500824
0.23044919967651367
0.16686217486858368
0.07214369624853134
0.03347242996096611
0.199627622961998
0.1652531623840332
0.23729251325130463
0.16673891246318817
0.1648293435573578
0.1416284143924713
0.15522584319114685
0.1587056815624237
0.1801854819059372
0.08872666209936142
0.12003620713949203
0.2291766256093979
0.1368509978055954
0.0959545522928238
0.1721886247396469
0.1460830122232437
0.16331174969673157
0.16417087614536283
0.1161041185259819
0.08752541244029999
0.1464873105287552
0.2323868423700333
0.1630427837371826
0.18487583100795743
0.09000322967767715
0.16805092990398407
0.21509644389152527
0.11964961141347884
0.027322126552462574
0.09239178150892256
0.16415344178676605
0.13650621473789215
0.19835312664508817
0.20934851467609403
0.0899704471230507
0.09537500888109209
0.2625633180141449
0.21077504754066467
0.23023302853107447
0.07528722286224365
0.20633698999881744
0.16551075875759125
0.1350883990526199
0.14587093889713287
0.1692213863134384
0.041745718568563454
0.11747791618108748
0.20434829592704767
0.08397089689970016
0.19018785655498505
0.10463543981313704
0.16365312039852142
0.15273170173168182
0.2466268688440323
0.09504367411136627
0.015883417800068855
0.17158009111881256
0.2101301401853561
0.1902778595685959
0.18539054691791532
0.22371952235698697
0.03428053855895996
0.10392411798238754
0.156121626496315
0.0275620948523283
0.1905740350484848
0.13726510107517242
0.104131318628788
0.20104062557220456
0.12605658173561096
0.08978884667158128
0.242598369717598
0.09576821327209473
0.06339222937822342
0.16330893337726593
0.24372766911983487
0.2247039824724197
0.17887797951698303
0.08102169632911682
0.17116299271583557
0.11864595860242844
0.07327720522880554
0.14438731968402863
0.14832453429698944
0.16739271581172943
0.21805571019649503
0.14106255769729614
0.10297860950231552
0.05919021740555763
0.08008848875761032
0.12361977249383926
0.16288252174854279
0.07364146411418913
0.12903280556201935
0.21535210311412809
0.07724090665578842
0.18327319622039795
0.22024372220039368
0.18644133210182187
0.07063628733158112
0.10518255829811096
0.1164223775267601
0.12356249243021011
0.24104849994182584
0.13887201249599457
0.19387362897396088
0.18976427614688876
0.17276854813098907
0.2394545674324036
0.0906001478433609
0.1555292159318924
0.23253631591796875
0.19507434964179993
0.22033365070819852
0.18055030703544617
0.16692091524600983
0.22171314060688016
0.2122090607881546
0.1501963585615158
0.19969435036182404
0.1684141308069229
0.09366730600595474
0.15339095890522003
0.15023502707481384
0.17818140983581543
-0.030502112582325932
0.1892496794462204
0.1036924347281456
0.20155109465122223
0.14424817264080048
0.21291618049144745
0.25227174162864685
0.1527819186449051
0.20533251762390137
0.11911859363317488
0.18202807009220123
0.1968595385551453
0.1694070994853973
0.19363494217395785
0.14228975772857666
0.19425542652606964
0.09096140414476393
0.17085213959217072
0.19394949078559875
0.16055040061473846
0.16384442150592804
0.10795988142490386
0.08025006204843521
0.14150351285934448
0.14924873411655426
0.09932287037372589
0.1819864809513092
0.019707400351762768
0.22100590169429776
0.226295068860054
0.07306326925754547
0.0781882181763649
0.22788950800895688
0.13807696104049683
0.14864496886730194
0.1254437267780304
0.1995383948087692
0.11762404441833496
0.04807456210255623
0.257917582988739
0.23617850244045255
0.2101285308599472
0.11208017170429228
0.20110456645488736
0.08042679727077484
0.16386611759662628
0.16326360404491425
0.18969708681106567
0.18792361021041873
0.044609371572732925
0.16366620361804962
0.15924343466758728
0.12103239446878432
0.21109315752983093
0.1191866025328636
0.14213696122169495
0.1738426685333252
0.13499015569686887
0.21727000176906583
0.1860263645648956
-0.008303331211209297
0.1468280404806137
0.17780232429504395
0.1522352546453476
0.1752222627401352
0.18563424050807953
0.15792244672775269
0.15007200837135315
0.2422667294740677
0.13455414772033691
0.1723606437444687
0.12466423958539961
0.1058717593550682
0.11568199843168259
0.16618843376636505
0.2124100923538208
0.2090100198984146
0.1997448205947876
0.17557331919670105
0.15435759723186493
0.06997223198413849
0.21441513299942017
0.15063509345054626
0.049289681017398834
0.18830063939094543
0.1857490688562393
0.2069539576768875
0.17628438770771027
0.17314180731773376
0.18928386270999908
0.16103695333003995
0.13073882460594177
0.12732024490833282
0.1458159238100052
0.1229955479502678
0.2124867141246796
0.19820357859134677
0.14570815861225128
0.16612374782562256
0.07750236988067627
0.1851169466972351
0.1229543462395668
0.10350065678358078
0.15644550323486328
0.15685492753982544
0.23038816452026367
0.1233709380030632
0.15737172961235046
0.1070135310292244
0.211419090628624
0.22340045869350436
0.16067300736904144
0.062223467975854874
0.08091164380311966
0.13010443747043607
0.19885653257369995
0.13405129313468933
0.16399009525775907
0.12662504613399503
0.22177515923976895
0.18590559065341947
0.1726386845111847
0.18075139820575717
0.17364968359470367
0.1263686865568161
0.2116485983133316
0.05616504326462746
0.05281871184706688
0.1744661033153534
0.09404156357049942
0.09661323577165604
0.13761502504348755
0.218840554356575
0.19293071329593656
0.09332946687936784
0.08744639158248901
0.068723663687706
0.19727174937725067
0.15832087397575378
0.16557595133781433
0.1726376712322235
0.19013692438602448
0.07767187803983688
0.16489888727664948
0.1897653043270111
0.19318239390850067
0.23314546048641205
0.20298804342746732
0.20320811867713928
0.1550166606903076
0.0952489897608757
0.05976595357060432
0.22728900611400604
0.060269620269536965
0.05473100766539574
0.10050331056118011
0.15894462168216705
0.11172371357679368
0.10489630699157713
0.07724005728960037
0.2490903288125992
0.1161014214158058
0.24031738936901087
0.23386715352535248
0.17591841518878937
0.17392276227474213
0.1486601084470749
0.16200672090053558
0.1647006720304489
0.08382333070039749
0.23357431590557096
0.2327163815498352
0.07938477396965027
0.23492772877216336
0.17766273021697998
0.12472014874219894
0.05064389482140541
0.10817494243383408
0.17484368383884427
0.1445990949869156
0.18362174928188324
0.14261746406555176
0.1193910166621208
0.06896556168794632
0.06973757594823837
0.18677018582820887
0.09757059067487715
0.19259847700595853
0.083133265376091
0.009049011394381523
0.11272715777158736
0.07805002480745316
0.18455928564071652
0.17418490350246427
0.172504261136055
0.15071053802967072
0.013139249756932259
0.1252770721912384
0.10852739959955215
0.14287440478801727
0.19191929697990415
0.031015669927001
0.1839935332536697
0.0567682571709156
0.10670467466115952
0.11725126206874847
0.25008660554885864
0.1844346076250076
0.20737503468990323
0.11488089710474014
0.1752049624919891
0.17388461530208588
0.10860400646924973
0.19403521716594696
0.1510646939277649
0.1816150993108749
0.1382269710302353
0.22273914515972135
0.110371433198452
0.17341969907283783
0.15285412967205048
0.2304527461528778
0.19862067699432373
0.16429421305656433
0.13555435836315155
0.16426502168178558
0.12065400928258896
0.1015387251973152
0.19609364867210388
0.21328280866146088
0.22586672008037567
0.12474431842565536
0.11286178231239317
0.15753935277462003
0.05400319769978523
0.17923466861248016
0.05370130017399788
0.10293982923030852
0.23595373332500455
0.10080552846193312
0.1767006367444992
0.1846523284912109
0.13733516633510587
0.2269051820039749
0.10549280047416688
0.1619524508714676
0.0990661382675171
0.23253893852233887
0.19087471067905423
-0.024244194850325584
0.05878217145800591
0.1643247157335281
0.12646497786045074
0.05006498470902442
0.19959513843059537
0.23207363486289975
0.10507518053054808
0.12541566789150238
0.1293402463197708
0.24685128033161163
0.15699513256549835
0.17167989909648895
0.15074624121189115
0.15270085632801056
0.16204519569873807
0.1761365383863449
0.1631011813879013
0.23802016675472257
0.1864021867513657
0.09276004135608672
0.12664300203323364
0.14021073281764984
0.152935653924942
0.07999727874994278
0.182647243142128
0.010357080027461052
0.173260897397995
0.18791426718235013
0.17502497136592865
0.18354548513889313
0.1623861938714981
0.2600923478603363
0.1540684998035431
0.1867046505212784
0.18634001910686487
0.19932329654693604
0.011770281940698624
0.24512369930744168
0.17286427319049835
0.1850004643201828
0.1638987362384796
0.17225350439548492
0.0931718572974205
0.23607309162616727
0.2213639467954636
0.2355239391326904
0.12560804188251495
0.05095507577061653
0.03787156566977501
0.22958092391490936
0.13458581268787384
0.1708599478006363
0.0854964554309845
0.13160279393196103
0.14070385694503784
0.02067773602902889
0.14519672095775604
0.1371697038412094
0.2188978940248489
0.1896932423114777
0.04815026372671127
0.19459374248981476
0.18327674269676208
0.16322216391563416
0.11703650653362274
0.20833592116832733
0.06145743653178215
0.22685088217258453
0.15989276766777039
0.13410620391368863
-0.03154391422867775
0.1637877970933914
0.1605195105075836
0.08216913789510728
0.232869490981102
0.07114489376544952
0.09002458304166794
0.1656135767698288
0.07996219396591185
0.19867466390132904
0.14197023212909698
0.12310948222875596
0.2248405963182449
0.1801190823316574
0.22093914449214933
-0.0632154569029808
0.1320130079984665
0.22278530895709991
0.08343023806810379
0.18851561844348907
-0.027470758184790608
0.08184482902288436
0.17599888145923615
0.17008765041828156
0.13503456115722656
0.1244801953434944
0.17853449285030365
0.18182167410850525
0.10739729553461073
0.1910406649112701
0.17657293379306793
0.1469903588294983
0.10700946301221848
0.1278686672449112
0.18287996947765353
0.16953198611736295
0.1723787933588028
0.07260335981845854
-0.10302762687206268
0.2446198612451553
0.14792573451995847
0.10593395680189133
0.1484505385160446
0.17138664424419403
0.18176324665546417
0.23158137500286105
0.23071978986263275
0.1459529399871826
0.16192276775836945
0.15048924088478088
0.07396434247493744
0.04526098072528839
0.23285558819770807
0.07043875008821487
0.23724254965782163
0.1458418369293213
0.05917537584900856
0.2013579308986664
0.23667173087596893
0.1546739786863327
0.2311410754919052
0.11190484464168549
0.09041319787502287
0.19087158143520355
0.16958433389663696
0.18385137617588043
-0.006004138384014368
0.1402433216571808
0.09566318243741988
0.2349224090576172
0.06284625083208084
0.10478933900594713
0.1938543915748596
0.15325365960597992
0.250900000333786
0.1272236853837967
0.11913301795721054
0.14743946492671967
0.16350619494915009
0.1849166601896286
0.2203530967235565
0.1611057072877884
0.14388683438301086
0.1442612111568451
0.1617474853992462
0.04357597604393959
0.1307736039161682
0.18206585943698883
0.2069852203130722
0.19641262292861936
0.06803908944129944
0.16932697594165802
0.04011841118335724
0.2109823375940323
0.24127130210399628
0.22518426179885864
0.1449757218360901
0.18401144444942477
0.1266157031059265
0.0850408226251602
0.19034616649150848
0.11077547818422316
0.20082187652587888
0.10980425775051116
0.2497461885213852
0.17027689516544342
0.11145710945129395
0.19423638284206393
0.23999169468879697
0.18282122910022733
0.1813470274209976
0.13796909153461456
0.20833274722099304
0.15555790066719055
0.21655583381652832
0.22940781712532043
0.1633160263299942
0.13770784437656403
0.23981605470180511
0.22543980181217196
0.05527481809258461
0.16472481191158295
0.228480726480484
0.23104368150234225
0.16424350440502167
0.20804020762443545
0.1919120103120804
-0.03834668546915054
0.03473203256726265
0.20553563535213473
0.17850027978420255
0.08269686996936798
0.1875329166650772
0.16715288162231445
0.0958111584186554
0.0763377845287323
0.19404937326908112
0.23513700067996976
0.1355384737253189
0.23515929281711576
0.04636324569582939
0.2080562263727188
0.17741589248180387
0.1567889004945755
0.19168259203433993
0.2287191301584244
0.15188653767108917
0.1858614534139633
0.13915894925594327
0.1902620643377304
0.01730196364223957
-0.06677692383527756
0.07553777098655699
0.18178661167621607
0.16753295063972473
0.013774270191788672
0.15100078284740448
0.0711337998509407
0.16169461607933044
0.17642174661159515
0.25059956312179565
0.24672336876392365
0.15058280527591705
0.08254804462194441
0.06352970004081726
0.14971642196178436
0.0552019476890564
0.21578504145145416
0.18698711693286893
0.13926517963409424
0.1706413775682449
0.06853007525205612
0.18046340346336365
0.10264809429645538
0.008824996650218964
0.1777055412530899
0.2253461331129074
0.21005800366401672
0.07526258379220961
0.0957133024930954
0.1722034364938736
0.15770457684993744
0.06217509135603905
0.20498789846897125
0.15576602518558502
0.08080877363681793
0.20757780969142917
0.1841946393251419
-0.005790563765913248
0.15369553864002228
-0.027883088216185566
0.12150021642446517
0.14191769063472748
0.09514589607715607
0.06438854336738585
0.10287586599588394
0.2234739810228348
0.12108636647462843
0.17498785257339475
0.1782315224409103
0.18245385587215424
0.10075413435697556
0.13758023083209991
0.17140035331249237
0.053029656410217285
0.1369219422340393
0.1652812212705612
0.013341067358851433
0.12019404023885726
0.1021301820874214
0.2401929348707199
0.151356503367424
0.08237441629171371
0.11971967667341232
0.020136686041951176
-0.015523852780461311
0.0481741800904274
0.17757204174995422
0.10473620146512984
0.1684726923704147
0.14725692570209503
0.18675096333026883
0.14956948161125183
0.053432907909154885
0.20893579721450803
0.1915089040994644
0.2495340555906296
0.08900769799947737
0.11555510014295578
0.14034433662891388
0.23571188747882843
0.18819138407707212
0.1374697983264923
0.143350288271904
0.11647863686084747
0.1418419778347015
0.16257058084011075
0.18904584646224973
0.11670673638582228
0.20490036904811856
0.19821618497371676
0.09134352952241896
0.17645379900932312
0.17436422407627103
0.21814219653606412
0.01938246749341488
0.1313493698835373
0.13537244498729703
0.21701999008655548
0.15847553312778473
0.12505662441253662
0.1652870327234268
0.1639454215764999
0.20800219476222992
0.16632105410099027
0.1127004623413086
0.13321413099765775
0.23783902823925016
0.08603441715240479
0.14995072782039642
0.18977566063404083
0.20178209245204923
0.11624780297279357
0.12299900501966476
0.13494151830673215
0.11440592259168623
0.1180598959326744
0.18110573291778564
0.1427297741174698
0.1445549726486206
0.12865127623081207
0.12782050669193268
0.14675502479076383
0.14625222980976105
0.11883815377950668
0.23908464610576627
0.18503373861312863
0.1825711280107498
0.19640521705150604
0.1975602358579636
0.15940497815608978
0.17556647956371307
0.2205603718757629
0.004176662769168615
0.10347716510295868
0.19574785232543945
0.09760278463363647
0.1590766608715057
0.22923405468463895
0.17742498219013214
0.04368707165122032
0.21397627890110013
0.07327399402856825
0.18938665091991425
0.1493687927722931
0.16098712384700775
0.1301988661289215
0.13008087873458862
0.22400011122226715
0.11941232532262802
0.15147273242473602
0.21426425874233243
0.10932735353708269
0.05584234744310379
0.1661301553249359
0.20294980704784396
0.2197926640510559
0.15220157802104947
0.2429195791482925
0.2430333197116852
0.18066717684268951
0.20478962361812592
0.18193925917148593
0.22282929718494413
0.1950068175792694
-0.003357107285410166
0.1658710539340973
0.17015658318996427
0.218888595700264
0.15141448378562927
-0.029471185058355328
-0.0031420686282217503
0.03909783437848091
-0.02742093987762928
0.1424884796142578
0.2310401946306229
0.17812184989452362
0.1550104320049286
0.16030514240264893
0.20303368568420407
0.20359928905963895
0.06415314227342606
0.1628800183534622
0.21700152754783633
0.17818132042884827
0.06629934161901474
0.12176006287336348
0.1025734469294548
0.17547310888767242
0.10610949993133544
0.16370123624801636
0.19194057583808896
0.1015520617365837
0.23387970030307767
0.09828475117683409
0.24031819403171537
0.19030028581619263
0.10555335134267808
0.1651596426963806
0.07996847480535507
0.1971238851547241
0.17162048816680908
0.1441877633333206
0.12252501398324966
0.17114174365997314
0.15675175189971924
0.19060535728931427
0.18543805181980133
0.09866636991500854
0.1927548795938492
0.05995544418692589
0.05861006304621696
0.24617938697338104
0.037794899195432656
0.08208631724119185
0.018334234133362767
0.1381208449602127
0.16697099804878235
0.2320247143507004
0.14271725714206696
0.20463235676288605
0.11317511647939682
0.18794049322605133
0.1855468302965164
0.11105765402317049
0.1468829959630966
0.08976809680461884
0.1804796606302261
0.2548867166042328
0.016472483053803444
0.18392865359783167
0.1803029626607895
0.12168604880571364
0.12997876107692719
0.16377516090869904
0.22810748219490048
0.169507697224617
0.1780598610639572
0.21054670214653012
0.08434591442346573
0.19485256075859067
0.11587340384721756
0.18377734720706937
0.17407473921775815
0.02836778573691845
0.23666469752788544
0.15692704916000366
0.18722639977931976
0.05658112093806266
0.1439327597618103
0.12456079572439192
0.0560900941491127
0.06125066056847572
0.009641868993639946
0.032087963074445724
0.2161184847354889
0.2122686058282852
0.14312909543514252
0.09393151104450224
0.0703447237610817
0.1832196414470673
0.23792320489883423
0.06308955699205399
0.13894031941890717
0.12008359283208848
0.13227732479572296
0.16543559730052948
0.09861578792333603
0.2410662472248077
0.13955862820148468
0.1418582648038864
0.19946016371250153
0.22402532398700717
0.09057211130857469
0.2265559881925583
0.1333643943071365
0.16337375342845917
0.10449663549661636
0.07369399815797804
0.1563996523618698
0.19800631701946256
0.13984811305999756
0.21542811393737793
0.2225755602121353
0.18173591792583463
0.21982525289058685
0.0173757653683424
0.1849240213632584
0.16464997828006744
0.15779221057891843
0.249664768576622
0.1227315440773964
0.22954189777374268
0.23210851848125455
0.15692703425884247
0.13375206291675568
0.11124511808156969
0.011151904240250587
0.06993778795003891
0.19390077888965607
0.14115206897258759
0.09012600034475327
0.23077248036861417
0.23589687049388883
0.14385230839252472
0.05329963564872742
0.021339533850550648
0.2372918725013733
0.1861634850502014
0.2299497425556183
0.05397363379597664
0.09453313797712326
0.1870631575584412
0.17645907402038574
0.1087045520544052
0.15057042241096497
0.1643269509077072
0.18016989529132843
0.1296643614768982
0.2209957540035248
0.038016367703676224
0.1835445612668991
0.20922110974788663
0.10264584422111513
0.1371936202049255
0.09514853358268736
0.13700781762599945
0.09970404207706451
0.19606265425682068
-0.018329234793782238
0.15536412596702576
0.11669299751520155
0.2105397582054138
0.07334186881780624
0.08791445195674896
0.16597138345241547
0.166053906083107
0.11691058427095412
-0.03699607029557228
0.18369887769222257
0.23977436125278473
0.14376667141914368
0.1784505993127823
-0.03692760691046714
0.1812667101621628
0.11114271730184556
0.04810822382569313
0.170610710978508
0.16791395843029022
0.08278146386146545
0.03651760891079903
0.16695760190486908
0.08629396557807921
0.125772625207901
0.18314956128597257
0.14844317734241483
0.1708558350801468
0.14492259919643402
0.06574016064405441
0.04687531664967537
0.19302472472190857
0.1346960216760635
0.17109589278697968
0.21929679811000824
0.13936586678028107
0.11859293282032012
0.02122095786035061
0.09743022918701172
0.18371988832950592
0.17219705879688263
0.13854113221168518
0.16101433336734772
0.052974540740251534
0.026865070685744286
0.15874908864498138
0.17109254002571103
0.10539115220308304
0.10747206956148148
0.14142416417598724
0.116036057472229
0.11923184245824812
0.19954149425029755
-0.01327712833881378
0.18474170565605164
0.04184167459607124
0.15415523946285248
0.08519931882619858
0.15396039187908173
0.2227919548749924
0.19651922583580017
0.221454918384552
0.1683560609817505
0.24102468788623807
0.20527181029319763
0.2394200712442398
0.23356877267360687
0.041745562106370926
0.17407542467117307
0.1971590965986252
0.11731363832950592
0.23272836208343503
0.16091951727867126
0.07179823517799377
0.14147481322288513
0.13171268999576569
0.12399800866842269
0.12228164821863174
0.05223126336932182
0.2013617008924484
0.16465207934379575
0.06345640122890472
0.18990731239318848
0.12975351512432098
0.16715183854103088
0.08628826588392258
0.18316668272018433
0.1244777962565422
0.15903155505657196
0.1068253144621849
0.19825199246406555
0.20304597914218905
0.11622273176908492
0.06842521578073502
0.17132686078548431
0.03316058591008186
0.16842709481716156
0.08023054897785185
0.09164805710315704
0.2562982738018036
0.1024886593222618
0.1368628591299057
0.17571066319942474
0.10580354928970336
0.15891508758068085
0.18913495540618896
0.15641473233699799
-0.052344635128974915
0.20102559030056
0.11666423827409744
0.162836492061615
0.2318378984928131
0.24108260869979856
0.20150867104530332
0.08021788299083708
0.22703792154788968
0.03791508451104164
0.18642918765544889
0.12748347222805023
0.19373780488967893
0.02987908385694027
0.17711655795574188
0.0638563483953476
0.02751951478421688
0.10934174805879592
0.04252861067652702
4.225550219416618e-05
0.1280253380537033
0.039758045226335526
0.23786906898021695
0.23497189581394196
0.18495504558086395
0.05390378087759018
0.21710650622844696
-0.0010506981052458286
0.21609704196453092
0.03137385845184326
0.2018526643514633
0.17129255831241608
0.14912697672843933
0.08008912205696107
0.13338886201381683
0.23405794799327848
0.15494777262210843
0.20100353658199313
0.17721131443977356
0.22375752031803128
0.2124943137168884
0.1506720781326294
0.20538373291492465
0.13146038353443143
0.2369277626276016
0.09798258543014526
0.18092213571071625
0.14493758976459503
0.1586962193250656
-0.010642824694514275
0.2210711240768433
0.2188556492328644
0.1529330462217331
0.18318812549114227
0.25202614068984985
0.2265424281358719
0.1551863998174667
0.06491394340991974
0.11739087104797365
0.1024787500500679
0.11610250920057295
0.13351218402385712
0.1931934207677841
0.05282032489776611
0.10705304145812988
0.17344965040683746
0.01250484213232994
0.1250552088022232
0.21008838713169095
0.04271424934267998
0.15926407277584076
0.0033360212109982967
0.2190706580877304
0.19539909064769745
0.13608162105083463
0.23992933332920077
0.08435989916324614
0.17204318940639496
0.18913906812667847
0.14486092329025269
0.13765498995780945
0.2201432436704636
0.1506082713603973
0.21575498580932617
0.200700119137764
0.1714020073413849
0.1837844550609589
0.17005577683448792
0.15564328432083127
0.22535081207752228
0.1601101905107498
0.1749049872159958
0.22981347143650052
0.16337683796882627
-0.025910256430506703
0.08377744257450102
0.057066429406404495
0.10416891425848009
0.2369205057621002
0.1623673141002655
0.19241051375865936
0.13673153519630432
0.14065822958946228
0.13892525434494019
0.12038203328847884
0.19639408588409424
0.18094816803932187
0.18500453233718872
0.06413885205984116
-0.06521417200565338
0.1511349380016327
0.09564116597175598
0.15743859112262723
0.09494767338037491
0.25148898363113403
0.1866711378097534
0.2193109840154648
0.1680014729499817
0.15098793804645538
0.16310761868953705
0.2512206733226776
0.07181613892316818
-0.008905937895178793
0.18029707670211792
0.16305680572986603
0.18457399308681488
0.17137126624584198
0.15291652083396912
0.09504836052656172
-0.0579189658164978
0.15049029886722565
0.16983629763126373
0.21175919473171237
0.15198826789855957
0.17042092978954315
0.06343436986207962
0.23253636062145236
0.19104218482971191
0.11624367535114288
0.14854194223880768
0.04236558079719544
0.21550960838794708
0.22546604275703433
0.1708941012620926
0.15508995950222015
0.23958463966846463
0.22353485226631165
0.1632753163576126
0.13465909659862518
0.07726582884788513
0.12329313904047012
0.1707153171300888
0.18936355412006375
0.1825404316186905
0.1593221127986908
0.14141727983951569
0.1924857646226883
0.19205684959888455
0.1042921170592308
0.17692711949348447
0.1305948793888092
0.16182340681552887
0.13955241441726685
0.23249314725399017
0.14496764540672302
0.1574060618877411
0.1613324135541916
0.22704622149467468
0.16421079635620117
0.08269993215799332
0.18321551382541656
0.14934925734996796
0.02679266966879368
0.230264812707901
0.14738206565380096
0.07465999573469163
-0.05295442044734954
0.24228553473949432
0.05974918231368065
0.186863511800766
0.21783189475536344
0.07448477298021315
0.07818076759576797
0.09392938762903212
0.10683196038007736
0.2396065890789032
0.04439456388354301
0.1905182898044586
0.08602806180715561
0.14388249814510343
0.17439956963062286
0.1629899889230728
-0.01425052247941494
-0.007212037686258554
0.17626316845417023
0.1304502636194229
0.15614522993564603
0.13664157688617706
0.11120638996362686
0.20633308589458463
0.136393740773201
0.2291049361228943
0.19241048395633695
0.14330331981182098
0.07497259974479675
0.23860605061054227
0.155004546046257
0.05673370137810707
0.2347157448530197
0.20058071613311768
0.062035489827394485
0.16822026669979095
0.11922495812177658
0.1504106372594833
0.22820499539375305
0.2015138119459152
0.025297118350863457
0.06854416429996489
0.17024573683738708
0.190103143453598
0.07505756616592406
0.09923595935106275
0.12754739820957184
0.15358753502368927
0.06388374418020248
0.07968855649232864
0.1577318012714386
-0.07954157143831253
0.12104619294404984
0.2503216564655304
0.1749759167432785
0.24449674785137177
0.1090344414114952
0.17119570076465607
0.15674670040607452
0.1267692595720291
0.21800364553928372
0.14267638325691223
0.17793408036231995
0.016776880249381065
0.23207284510135648
0.16698487102985382
0.16959798336029053
0.23155370354652405
-0.0070587568916380405
0.12083785980939864
0.24960212409496307
0.12090233713388442
0.23794911801815033
0.2163429409265518
0.1629936546087265
0.15089550614356995
0.14483653008937836
0.16303791105747223
0.15436579287052155
0.23787571489810944
0.14167645573616028
-0.08627428114414215
0.07486678659915923
0.2292781323194504
0.12436027079820632
0.14071938395500183
0.1795250028371811
0.09038076549768448
0.11496283859014512
0.017104150727391243
0.19010432064533236
0.2115652710199356
0.13595055043697357
-0.01812907867133617
0.22547115385532376
0.13558343052864075
0.18152673542499545
0.17504017055034635
0.08324515074491501
0.012068204581737518
0.1295167505741119
0.20824496448040009
0.18818674981594083
0.11849061399698256
0.12598025798797607
0.15600432455539703
0.2180872708559036
0.23705486953258517
0.11636344343423843
0.15981383621692655
0.19180284440517423
0.1700771003961563
0.09776460379362105
0.07926592230796814
0.09997548907995225
0.19184081256389615
0.0976499691605568
0.07680624723434448
0.13197876513004303
0.21836163103580475
0.2217140346765518
0.09198047220706941
0.22069774568080905
0.08909761905670166
0.11045602709054946
0.2314424216747284
0.20464256405830383
0.2361547946929932
0.16460967063903809
0.1411118060350418
0.2083475738763809
0.1672458052635193
0.04154366254806519
0.18171487748622892
0.1867734640836716
0.04401753097772598
0.09027028828859328
0.09844506531953812
0.19597359001636505
0.14082592725753784
0.17193192243576047
0.19466379284858704
0.1772189438343048
0.22308604419231412
0.16147418320178983
0.23078580200672147
0.12004563957452774
0.2331017553806305
0.0049170046113431445
0.1920832246541977
0.03060763143002987
0.20163936913013455
0.17272429168224335
0.09253057837486268
0.13196988403797147
0.2067105621099472
0.08122222870588303
0.1824118942022324
0.111726813018322
0.053987156599760056
-0.11587977409362792
0.13823650777339935
0.15561620891094208
0.2265935391187668
0.16035801172256467
0.15820489823818207
0.1374112367630005
0.09986331313848495
0.07417424768209457
0.1559300422668457
0.14744599163532257
0.2283148020505905
0.05146655812859535
0.15573342144489288
0.22237172722816467
0.19979792833328247
0.09338853508234024
0.22094544768333435
0.22689910233020785
0.22832487523555756
0.23035790026187897
0.03135285899043083
0.23625433444976807
0.14769910275936127
0.23755694925785065
0.19785405695438385
0.23731993138790128
0.2363726794719696
0.1542703807353973
0.21486912667751312
0.11882894486188889
0.13496346771717072
0.05995051935315132
0.17678268253803253
0.021065212786197662
0.1750408262014389
0.10465094447135924
0.18208228051662445
0.09889376908540723
0.17058236896991727
0.2184739261865616
0.11174198985099792
0.07398324459791182
0.06511522084474564
0.06814196705818176
0.09288471937179565
0.17633913457393646
0.14899179339408875
0.1655721813440323
0.24106307327747345
0.18318949639797208
0.14354734122753143
0.10981123149394988
0.1699302643537521
0.2302468568086624
-0.10855742543935776
0.15745367109775543
0.24134998023509976
0.1812109500169754
0.21391411125659943
0.2367936223745346
0.21894411742687225
0.14699818193912506
0.09470673650503159
0.1995355635881424
0.05799778178334236
0.13797630369663239
0.2438196092844009
0.13337041437625885
0.1049865037202835
0.19744178652763367
0.007847299799323084
0.2368260771036148
0.14705601334571838
0.046522635966539376
0.22808608412742612
0.14033949375152588
0.075001560151577
0.015338169410824776
-0.00414696941152215
0.22059448063373563
0.23314714431762693
0.055919110774993896
0.15162421762943268
0.23557612299919128
0.21775223314762115
0.16710032522678375
0.21005287766456604
0.1894753575325012
0.060367193073034286
0.06465450674295425
-0.05545640364289284
0.16675050556659698
0.13288071751594543
0.14935150742530823
0.17355318367481232
0.1948209851980209
0.1395532786846161
0.19799084961414337
0.06736819446086884
0.1631750762462616
0.21227033436298368
0.23746241629123688
0.15628913044929504
0.19868566095829007
0.19777634739875796
0.21728475391864777
0.14589527249336243
0.19770333170890808
0.16655485332012177
0.1681911051273346
0.04577341303229332
0.14088308811187744
0.19031850993633273
0.1398947387933731
0.20311668515205383
0.10033249109983444
0.07855524122714995
0.12887482345104215
0.13998092710971832
0.06671657413244247
0.1199902519583702
0.19402857124805448
0.17684708535671234
0.17650617659091947
0.1948858946561813
0.2273540645837784
0.17215590178966522
0.0514485165476799
-0.03623867034912109
0.038818780332803726
0.19300310313701627
0.08541528135538101
0.14635081589221954
0.1698002517223358
0.1480264514684677
0.10772069543600082
0.2268939167261124
0.15026970207691193
0.16606561839580536
0.1458473652601242
0.05289794132113457
0.1796821802854538
0.06569946557283401
-0.00676891440525651
0.204182967543602
0.24066726863384247
-0.06040539965033531
0.200945183634758
0.07784407585859297
0.11006343364715576
0.174664169549942
0.13395971059799194
0.15010036528110504
0.12642066180706024
0.12927070260047913
0.1462806761264801
0.2328880876302719
0.1491558402776718
0.11420147866010665
0.22530131042003632
0.13419778645038605
0.15315255522727966
0.18620058894157407
0.12234403938055038
0.21929426491260529
0.1672525256872177
0.14770318567752838
0.13784758746623993
0.1205785647034645
0.20282430946826932
0.21577686071395877
0.14592330157756803
0.19914589822292328
0.19489936530590057
0.2066337019205093
0.15606661140918732
0.06771200895309448
0.20830778777599332
0.19080115854740143
0.1371869593858719
-0.04841089621186256
0.14668062329292297
0.21173933148384091
0.1679050326347351
0.13908913731575012
0.16674403846263883
0.19575963914394376
0.2412879467010498
0.1056295856833458
0.18533973395824432
0.19844499230384824
0.23769252002239227
0.14182151854038239
0.1896742284297943
0.1851128488779068
0.15865516662597656
-0.034446440637111664
0.19590759277343753
0.13099251687526703
0.18155358731746676
0.025764884427189823
0.1645764857530594
0.08978258818387985
0.1343294084072113
0.2331300973892212
0.069767065346241
0.18511115014553073
0.1058344617486
0.07434879988431929
0.1794355660676956
0.15796630084514615
0.10787230730056761
0.08870217949151991
0.1286291480064392
0.11314145475625992
0.21188439428806305
0.1177740916609764
0.11795248091220856
0.21816106140613556
0.2224295884370804
0.04122065752744675
0.21474473178386688
0.11957042664289474
0.0643204003572464
0.17729716002941132
0.20813319087028503
-0.04566536098718643
0.17543239891529083
0.1834668070077896
0.0948893427848816
0.11560272425413132
0.19723002612590787
0.11366496235132216
0.11730621755123138
0.10243135690689086
0.19004668295383453
0.1403154581785202
0.16956603527069092
0.11727645248174667
0.17293547093868256
0.03851419314742088
0.17378737032413483
-0.08493731915950774
0.09931937605142592
0.1594325304031372
0.24415798485279083
0.07641852647066115
0.17806442081928253
0.1113445907831192
0.17922832071781158
0.11159902065992355
0.23054082691669464
0.1739386022090912
0.17453540861606595
0.13985706865787506
-0.003208248410373926
0.2379920333623886
0.10185780376195908
0.18053255975246427
0.20335645973682404
0.17055819928646088
0.09650705754756927
0.06952723115682602
0.1259780377149582
0.055186018347740166
0.20833092927932736
0.0540391243994236
0.13728082180023193
0.11737900972366332
0.15517623722553253
0.2242916375398636
0.2193679511547089
0.09638624638319016
0.1441822648048401
0.03330017253756523
0.15133136510849
0.2328539341688156
0.05469413846731186
0.09040380269289015
0.24703665077686307
-0.00867600180208683
0.23574754595756528
0.10832005739212036
0.23233188688755035
0.1317155510187149
0.1604994386434555
0.1672990322113037
0.16817447543144226
-0.02984013222157955
0.15409167110919952
0.1318463385105133
0.21565772593021393
0.14244337379932404
0.00458859046921134
0.1532645672559738
0.05221282318234444
0.1634436696767807
0.09241176396608353
0.17534016072750092
-0.03544890880584717
0.05982731655240058
0.1906461864709854
0.23736572265625
0.18658776581287384
0.18863846361637115
0.13311873376369476
0.05363988876342773
0.05580676719546318
0.24593515694141388
0.2462003976106644
0.2440720647573471
0.18388140201568604
0.16241537034511566
0.2377437800168991
0.1564410775899887
0.12069367617368698
0.08420472592115402
0.217195138335228
0.12931260466575623
0.11829234659671783
0.23142221570014956
0.0466419979929924
0.03689593821763992
0.15506640076637268
0.04309482499957085
0.1208779290318489
0.13903059065341947
0.19027400016784668
0.19869892299175265
0.14966672658920288
0.12906379997730255
0.18808729946613312
-0.01332026906311512
0.18609818816185
0.1733220666646957
0.22146509587764737
0.05256175622344017
0.12032333761453629
0.04364177584648132
0.2032107263803482
0.15581677854061127
0.061944793909788125
0.1102067306637764
0.15824022889137268
0.24977289140224457
0.24742223322391513
0.11211510002613068
0.17638073861598969
0.14058266580104828
0.22534489631652832
0.250186026096344
0.2416050881147385
0.18419089913368225
0.11563419550657272
0.17686258256435394
0.1798122078180313
0.24377866089344025
0.09815882891416547
0.11152928322553635
0.13875532150268555
0.15477153658866882
0.08209951967000961
0.24593989551067352
0.18198122084140775
0.20257003605365756
0.1900147050619125
0.2100086212158203
0.18449261784553528
0.11927779763936996
0.14431840181350708
0.0837021693587303
0.193504735827446
0.18883846700191495
0.16078029572963715
0.19975328445434568
0.08682181686162947
0.17544172704219818
0.12988486886024475
0.13829930126667023
0.18323971331119537
0.14177478849887848
0.15683436393737793
0.08928284794092177
0.20394389331340787
0.22040207684040067
0.22675584256649017
0.11116641759872437
0.16160094738006592
-0.05483438819646835
0.09276974946260451
0.1576053947210312
0.17373085021972656
0.18126629292964933
0.0840977132320404
0.12649385631084442
0.15073104202747345
0.19525766372680664
0.15107320249080655
0.22966480255126956
0.2329803556203842
0.10629168152809144
0.23498876392841336
0.15797898173332214
0.17776186764240265
0.25827017426490784
0.031570758670568466
0.2132871299982071
0.09606698900461197
0.14567136764526367
0.16580364108085632
0.15420009195804596
0.1600685864686966
0.12774814665317535
0.2184761017560959
0.16620387136936188
0.18178428709506989
0.025347081944346428
0.14356069266796112
0.17833296954631803
0.15112286806106567
0.07368074357509613
0.21560148894786835
0.1387043446302414
0.1762544810771942
0.05860905721783639
0.0657816156744957
0.15473420917987823
0.12883098423480988
0.16653697192668915
0.18757282197475436
0.10180782526731492
0.1977278143167496
0.12970194220542908
0.2245694994926453
0.168707475066185
0.1864022761583328
0.234331488609314
0.22155551612377167
0.07470332831144333
0.19500134885311127
0.18471910059452057
0.1890491396188736
0.15750394761562347
0.08368933945894241
0.147814080119133
0.0321158692240715
0.10136443376541136
0.14087344706058502
0.05076640471816063
0.18958336114883423
0.1292591243982315
0.06266748905181885
0.23100848495960236
0.23460809886455533
0.22546018660068512
0.06755267828702927
0.00787215493619442
0.1485053151845932
0.2151876240968704
0.16138915717601776
0.17521022260189056
0.15667016804218292
0.2518254816532135
0.18325781822204587
0.10657574981451035
0.16799421608448029
0.16165858507156372
0.2351788878440857
0.1346488893032074
0.24413694441318512
0.12910307943820953
0.1257543712854385
0.1716444194316864
0.1992846727371216
0.15742868185043335
0.1642414778470993
0.11421055346727373
0.2321027964353561
0.1650118976831436
0.1131468042731285
0.17603017389774323
0.111182302236557
0.21375021338462827
0.16230852901935575
0.14829279482364655
0.1640839725732803
0.10564920306205748
0.2094368040561676
0.050321303308010094
0.239606574177742
0.19076469540596008
0.1816166192293167
0.10565022379159927
0.11327993869781494
0.04250333085656166
0.17743781208992004
0.120241217315197
0.11915937811136244
0.022698936983942986
0.24031926691532132
0.18115998804569244
0.1866687685251236
0.1731574833393097
0.1571298390626907
0.09211111068725586
0.20516876876354215
0.1710728406906128
0.1934194564819336
0.15432427823543549
0.22861678898334503
0.1584729105234146
0.18899671733379364
0.15543632209300995
0.17961621284484863
0.13778448104858398
0.0958668440580368
0.24116782844066617
0.11693982034921646
0.11724231392145155
0.18477396667003632
-0.01959598623216152
0.14441287517547607
0.18449620902538297
0.0726485103368759
0.13823598623275757
0.14620865881443024
0.19901080429553983
0.2086772620677948
0.15628808736801147
0.14949387311935425
0.17479024827480316
0.13850215077400208
0.058256831020116806
0.15683719515800476
0.11294499784708024
0.02564156986773014
-0.04326516762375832
0.24382822215557096
0.17953802645206451
0.0938497632741928
0.1761193573474884
0.20914004743099207
-0.002195755485445261
0.15082071721553802
0.051874648779630654
0.12106531113386154
0.17229461669921875
0.12226254492998125
0.17689017951488495
0.21217621862888336
0.1394641101360321
0.11282777041196825
0.14981482923030853
0.18332865834236145
0.2426159828901291
0.17892546951770782
0.23401995003223416
0.1735166162252426
0.22403924167156217
0.1604552865028381
0.09972936660051344
0.18193985521793363
0.20985890924930567
0.17203746736049652
0.14910051226615903
0.24008186161518097
0.12016155570745468
0.13550089299678802
0.045774612575769424
0.2252916842699051
-0.08773519843816757
0.12742051482200623
0.0934099704027176
0.0485745333135128
0.08634144812822342
0.11078096181154252
0.24196322262287137
0.2296282798051834
0.16719727218151093
0.12300681322813034
0.05570337548851967
0.2332696169614792
0.2012293040752411
0.20291690528392792
0.19047929346561432
0.19677864015102384
0.08777530491352081
-0.005107144359499216
0.2183033972978592
0.1611308604478836
0.22544781863689425
0.1770860254764557
0.10230039805173873
0.15900348126888275
0.08700693398714066
0.1943873018026352
0.1846739798784256
0.18072666227817533
0.12700660526752472
0.1721189171075821
0.1903566867113113
0.019898483529686928
0.2269175499677658
0.22798526287078855
0.06553236395120621
-0.00021843845024704933
0.09167157858610152
0.15616339445114136
0.20339991152286527
0.22659288346767423
0.13432694971561432
0.10882440209388732
0.08743053674697877
0.062205377966165536
0.1475868672132492
0.23497401177883148
0.14336571097373962
0.17782235145568848
0.22625507414340967
0.015630386769771576
0.21123912930488584
-0.04512279108166695
0.15890555083751678
0.22884367406368253
0.16691456735134125
0.15217259526252747
0.21776413917541504
0.08531288057565689
0.05368568375706673
0.1081656590104103
0.1667800396680832
0.20229631662368772
0.22534510493278503
0.23494012653827667
0.1375921219587326
0.03370015323162079
-0.0033827708102762695
0.126491442322731
0.19782833755016327
0.18313308060169217
0.19662457704544067
0.03920519724488258
0.12282554060220718
0.025966254994273186
0.08875513821840286
0.17312882840633392
0.02405750937759876
-0.041985910385847085
0.12423536926507948
0.10732048004865646
0.11227864772081377
0.0008292025886476039
0.11245170980691908
0.08120111376047134
0.20754492282867432
0.05799743160605431
0.1415122151374817
0.1869991272687912
0.1658768653869629
0.23876261711120603
0.19028814136981964
0.22943414747715
0.14153042435646057
0.06984803825616837
0.100536547601223
0.1429169625043869
0.23354022204875943
0.25989711284637446
0.2318881303071976
0.21561284363269803
0.23638583719730377
0.11539883911609648
-0.09829369932413101
0.19751974940299988
0.05188588798046112
0.2242906838655472
0.11984842270612717
0.1307503879070282
0.14942224323749542
0.1961289197206497
0.21036176383495328
0.20452763140201569
0.20815609395504
-0.0506182573735714
0.20702899992465967
0.2217686027288437
0.12503302097320557
0.11637184768915176
0.09746467322111128
0.1249035820364952
0.0851195752620697
0.13857269287109375
0.1915113627910614
0.14215444028377533
0.18753117322921753
0.16387556493282318
0.08420523256063461
-0.05379183217883111
0.22510978579521176
0.20536509156227112
0.211766853928566
0.19067372381687164
0.18017537891864777
0.10217311233282088
0.07037171721458435
0.23088961839675903
0.1185149922966957
0.2282879799604416
0.07505983114242554
0.1803331673145294
0.2319871038198471
0.2278112918138504
0.10573718696832655
0.1365550309419632
0.21887354552745816
0.16255520284175873
0.059473026543855674
0.13789868354797363
0.007534110452979803
0.18109260499477384
0.22880683839321136
0.17619962990283966
0.1835855096578598
0.025603720918297768
0.04103768244385719
0.11538541316986084
0.2079649716615677
0.050689972937107086
0.17564775049686432
0.2167140245437622
0.23045009374618527
0.11477693170309065
0.1571710854768753
0.017059003934264183
0.22241096198558807
0.1890452057123184
0.12695269286632535
0.16683441400527954
0.18088218569755557
0.1112099066376686
0.2120455354452133
0.1333830952644348
0.10863305628299712
0.16568052768707275
0.11502683162689208
0.19766817986965177
0.10467281937599182
0.2307216674089432
0.21948610246181488
0.10545593500137328
0.07199697196483612
0.18718284368515012
0.1183716282248497
0.1502968072891235
0.08418580889701843
0.14682598412036896
0.13053469359874725
0.11619918048381804
0.2264655977487564
0.03910810500383377
0.1353287249803543
0.16701345145702362
0.167546346783638
0.13823796808719635
0.23016370832920077
0.12566162645816803
0.17381861805915833
0.15823437273502347
0.015034599229693413
0.09975501149892808
0.02857222221791744
0.1213383302092552
0.19078294932842252
0.164927676320076
0.170662060379982
0.06307582557201385
0.19294890761375427
0.07351812720298767
0.2130214422941208
0.03162139281630516
0.16038902103900907
0.19610629975795743
0.12240665405988692
0.17247970402240753
0.2484421581029892
0.047018177807331085
0.07509509474039076
0.23302029073238367
0.1923916041851044
0.17445293068885803
0.17975275218486783
0.22448746860027316
0.14654795825481415
0.16220805048942563
0.18052998185157773
0.1999364942312241
0.1687873601913452
0.141933336853981
0.15153156220912933
0.25581240653991694
0.16154222190380096
0.16248634457588196
0.14920835196971893
0.17265979945659635
0.16567179560661316
0.20861841738224027
0.10592109709978104
-0.0728210210800171
0.14199818670749664
0.1861300319433212
0.182891845703125
0.14183072745800018
0.23378993570804596
0.2316524237394333
0.2088100761175156
0.25276878476142883
0.24897296726703644
0.10386472195386887
0.1303006112575531
0.16327203810214996
0.10544326156377792
0.08145222067832945
0.1825864017009735
0.22712306678295133
0.043510835617780685
0.103687547147274
0.23286212980747223
0.09971988201141357
0.08316809684038162
0.1265074461698532
0.1988125294446945
0.21772070229053497
0.09415309876203537
0.22267715632915497
0.12481869012117384
0.18083825707435608
0.23858682811260223
0.23293378949165344
0.24518631398677823
0.18451569974422452
0.14217008650302887
0.19660319387912753
0.11978181451559065
0.07955317199230194
0.14149610698223114
0.212073028087616
0.23798502981662753
0.12178485840559004
0.1925394833087921
0.20888294279575348
0.20243778824806213
0.1701771467924118
0.21029679477214813
0.031112553551793095
0.015663931146264076
0.2271234542131424
0.16819940507411957
0.20170627534389493
0.1425694227218628
0.2331058382987976
0.13733404874801636
0.17736215889453888
0.041950274258852005
0.1078827753663063
0.23819291591644287
0.16544948518276215
0.14791160821914673
0.13698138296604156
0.20451171696186063
0.17229102551937103
0.1995771676301956
0.029591286554932594
0.16479094326496124
0.18728817999362943
0.21210959553718567
0.15018312633037567
0.16222572326660156
0.18381522595882413
0.1241377517580986
0.12535107135772705
0.18561534583568573
0.08252473175525665
0.20551326870918277
0.024145746603608128
0.09061906486749648
0.2276320606470108
0.12928815186023712
0.19004543125629425
0.14503507316112518
0.2256675362586975
0.15856702625751495
0.16040177643299103
0.2194467931985855
0.12882152199745178
0.18068657815456393
0.1995883285999298
0.04054537788033485
0.16073955595493317
0.14295101165771484
0.1681595593690872
0.19916425645351407
0.23085683584213257
0.17642924189567563
0.17559029161930084
0.14032050967216492
0.146340012550354
0.22559817135334012
0.12428762763738632
0.1552308052778244
0.16996280848979947
0.17776618897914886
0.1795227825641632
0.13572515547275543
0.11662878841161728
0.20950625836849207
0.1136268600821495
0.1372137665748596
0.2083633542060852
0.2480130344629288
0.1839539259672165
0.14904293417930603
0.11649394035339355
0.1955662816762924
0.09416995942592621
0.11572635918855669
0.03497733175754547
0.2319728136062622
0.1734183132648468
0.15571515262126923
0.0315849632024765
0.130515918135643
0.17058728635311127
0.2223428338766098
0.13400350511074066
0.1642751544713974
0.10924602299928664
0.07202249020338057
0.11867377907037734
0.08395875245332717
0.12021740525960922
0.03571709990501404
0.18569830060005188
0.1823424845933914
0.1807432919740677
0.20045821368694303
0.16455604135990143
0.1460853815078735
0.22181375324726105
0.10024088621139526
0.1187007501721382
0.20631371438503265
0.1718931943178177
0.1219506487250328
0.08681826293468475
0.18601918220520017
0.13037921488285065
0.15934516489505768
0.1844953745603561
0.2503552436828613
0.07781539112329483
0.11262761801481246
0.21691937744617465
0.23748937249183652
0.1791403442621231
0.1596936732530594
0.2364163249731064
0.06190141662955284
0.13810358941555023
0.23690299689769745
0.14532560110092163
0.11470545828342436
0.16326066851615903
0.12216674536466599
0.10519830882549285
0.1925331950187683
0.10245227813720705
0.02870972268283367
0.07726577669382094
0.20690643787384036
0.14224542677402496
-0.014008538797497748
0.22508196532726288
0.1681116074323654
0.19964165985584256
0.195651575922966
0.22518689930438995
-0.03235423192381859
0.12344785779714584
0.1376446038484573
0.0781804621219635
0.21273285150527957
0.18367587029933927
0.16886712610721588
0.04370949044823647
0.2118410766124725
0.11644845455884932
0.13870458304882047
0.1958645135164261
0.1661628931760788
0.1909118741750717
0.15930670499801636
0.23332078754901883
0.14626668393611908
0.2533626854419708
0.14619575440883636
0.18843229115009308
0.23220090568065643
0.03240558132529259
0.17934398353099823
0.19597527384757996
-0.001139076892286539
0.11668277531862258
0.14825041592121124
0.16212496161460876
0.04368198290467262
0.04557928070425987
0.22046612203121185
0.163768470287323
0.19136281311511996
0.1317657232284546
0.1577843874692917
0.1377798169851303
0.16300335526466367
0.23112089931964877
0.18088571727275848
0.19774380326271057
0.234143927693367
0.11175093799829484
0.21462365984916687
0.15924467146396637
0.21679051220417023
0.15107780694961548
0.19564169645309448
0.08735654503107072
0.06697569787502289
0.16065795719623563
-0.0027089328505098815
0.18078365921974185
0.10737610608339308
0.055752884596586234
0.05771881714463233
0.08353056758642195
0.19933770596981049
0.0611780472099781
0.22196620702743527
0.10922376811504364
0.20823539793491364
0.2541039288043976
0.16509276628494263
0.08498739451169966
0.1737830936908722
0.16740044951438904
0.13745297491550443
0.16116222739219663
0.26037648320198054
0.08051353693008423
0.14606700837612152
0.149443119764328
0.1577160805463791
0.17118048667907715
0.04078779742121696
0.19712489843368527
0.2368862479925156
0.20774590969085693
0.1662681549787521
0.16615143418312073
0.1312994509935379
0.1522768586874008
0.18976274132728577
0.1940491646528244
0.24335134029388428
0.0738951489329338
0.1435827761888504
0.2221258133649826
0.0807705447077751
0.17074754834175107
0.1377899199724197
0.08390534669160842
0.1887642592191696
0.07064054906368256
0.1778143346309662
0.22537775337696075
0.22874930500984192
0.09553544223308563
0.04030418023467064
0.07094058394432068
0.23770686984062195
0.09425935894250867
0.2067125886678696
0.12143828719854353
0.10349489003419876
0.2148284614086151
0.2026823312044144
0.15495289862155914
-0.013944914564490318
0.1041477471590042
0.1179513856768608
0.19653727114200592
0.2273416966199875
0.0513467900454998
0.17936091125011444
0.055632516741752625
0.07722269743680955
0.12629257142543793
0.18804126977920527
0.23775741457939148
0.1143183708190918
0.16224102675914764
0.24472875893116
0.1686454862356186
0.2195921093225479
0.19535951316356656
0.1554436236619949
0.049390222877264016
0.17371539771556854
0.17525354027748108
0.11013752967119216
0.20483343303203583
0.2033430188894272
0.1630728542804718
0.04716654121875762
0.0855281725525856
0.184616819024086
0.06168670579791069
0.1652289777994156
0.18532069027423856
0.14997455477714539
0.10235696285963058
0.06812241673469543
0.16029076278209686
-0.0034414478577673435
0.10857019573450089
0.1648813039064407
0.18954671919345853
0.09820525348186494
0.2217653840780258
0.12637871503829956
0.2312926948070526
0.10932009667158125
0.1895422488451004
0.163444846868515
0.1503124237060547
0.059755761176347726
0.02518160454928875
0.2366294264793396
0.13229189813137054
0.12191388756036758
0.24910180270671844
0.17162945866584775
0.12128513306379318
0.2168511152267456
0.14921677112579343
0.2031116634607315
0.0008745803497731685
0.13133862614631653
0.079408660531044
0.2472370117902756
0.2181115001440048
-0.0013650753535330296
0.1894254684448242
0.12001814693212508
0.2192634493112564
0.1583094298839569
0.2105029672384262
0.1531003564596176
0.02165412530303001
0.14186930656433103
0.051667891442775726
0.09803074598312378
0.062174271792173386
0.09473333507776259
0.11079388111829756
0.15105347335338593
0.21260415017604828
0.23958370089530945
0.0705312043428421
0.08465117961168289
0.16265323758125305
0.16986209154129028
0.23289676010608676
0.17349347472190857
0.11250364035367964
0.06302843242883682
0.08413164317607878
0.22723188996315
0.18895253539085388
0.16884206235408783
0.019903222098946568
0.049291137605905526
0.11823897808790206
-0.05954191461205482
0.1966010183095932
0.14979225397109985
0.12102463096380232
0.10453861951828002
0.195537343621254
0.16641682386398315
0.061923053115606315
0.18586672842502597
0.2304610460996628
0.1776512712240219
0.23210109770298004
0.13868065178394315
0.2129940092563629
0.08802322298288345
0.09239760041236877
0.009006457403302193
0.08477344363927841
0.2173078805208206
0.19605240225791928
0.17782332003116608
0.15705694258213043
0.15124310553073883
0.23282290995121
0.22073529660701752
0.2457883507013321
0.2015407830476761
0.09207338839769363
0.17758627235889435
0.17897139489650726
0.17947073280811307
0.16288183629512787
0.18122251331806183
0.1173553317785263
0.07415039837360382
0.0781712308526039
0.10586358606815338
0.14254401624202728
0.23099997639656064
0.14645983278751373
0.1112520769238472
0.1398068368434906
0.23683837056159973
0.17350785434246063
0.21193483471870425
0.1831424981355667
0.15236450731754303
0.12022989243268967
0.18335787951946256
0.23047903180122373
0.1717931181192398
0.1616356074810028
0.17595575749874115
0.13683219254016876
0.18573604524135587
0.14226217567920685
0.13844557106494904
0.1480248123407364
0.15280063450336456
0.17903289198875427
0.17003226280212402
0.17303556203842163
0.15718956291675568
0.1964554041624069
0.17663691937923431
0.2325591593980789
0.19460198283195493
0.11948559433221816
0.15013986825942993
0.23922014236450195
0.15847064554691315
0.13522848486900327
0.09644911438226701
0.24972306191921237
0.09291170537471773
0.14617203176021576
0.23386074602603912
0.004524183925241232
0.012118050828576088
0.1312534213066101
0.1707613170146942
0.18996936082839963
0.2317182272672653
0.2221443802118301
0.2367534190416336
0.11805173754692076
0.1317860335111618
0.16664554178714752
0.17661263048648834
0.17451858520507812
0.226481556892395
0.10112907737493516
0.036383021622896194
0.1845297068357468
0.18900613486766812
0.12140912562608717
0.1462617069482803
0.16704581677913663
0.11598290503025054
0.17147077620029447
0.2308204621076584
0.09691122919321059
0.16159340739250183
0.07223571091890335
0.20229926705360407
0.18402574956417084
0.1476907879114151
0.09798119217157364
0.224041610956192
0.15919055044651031
0.21798585355281827
0.23863442242145536
0.1542327105998993
0.19483013451099396
0.2011781632900238
0.20241171121597287
0.23067344725131989
0.1823100596666336
0.10767247527837752
0.22800835967063904
0.2270694524049759
0.20445024967193604
0.20859603583812716
0.1761476099491119
0.10706877708435059
0.14888951182365415
0.2515491545200348
0.1986665576696396
0.14251928031444547
0.11996390670537949
0.2109723538160324
0.1617966592311859
0.18350841104984283
0.07503797858953477
0.16178475320339203
0.1849522888660431
0.22516894340515137
0.04677870869636536
0.2374335080385208
0.047456059604883194
0.1318268924951553
0.2355386316776276
0.15385369956493375
-0.0005906396545469761
0.026419101282954216
0.0600321926176548
0.16756294667720795
0.1532943695783615
0.1563580185174942
0.12341638654470444
-0.01918073371052742
0.149616539478302
0.14779214560985565
0.19430921971797943
0.07336660474538803
-0.004496237728744744
0.1473795473575592
0.10631317645311356
0.23056648671627045
0.16116586327552795
0.03644664213061333
0.1555418223142624
0.14907769858837128
0.2272568047046661
0.1372675895690918
0.09373649954795837
0.18235842883586884
0.20887938141822812
0.20917649567127228
0.19560463726520536
-0.05857547745108605
0.20284156501293185
0.08112142235040665
0.1468084007501602
0.20060667395591733
-0.030075037851929665
0.17865990102291107
0.2162904590368271
0.23540329933166504
0.24235959351062772
0.05009733512997627
0.15484626591205597
0.09642691165208817
0.21880953013896945
0.07837835699319838
0.076359324157238
0.040021471679210656
0.148878276348114
0.051872942596673965
0.24022814631462097
0.012312270700931547
0.11795206367969512
0.11993438750505447
0.24184472858905792
0.13053546845912933
0.10346054285764694
0.22498877346515653
0.17968951165676117
0.24435852468013763
-0.0015414790250360964
0.2377834916114807
0.1497262567281723
0.09356508404016495
0.1396716684103012
0.10083144158124924
0.17934618890285492
0.17236143350601196
0.22519659996032715
0.24058714509010315
0.14548756182193756
0.20683638751506803
0.14952000975608823
0.12956976890563965
0.2276146709918976
0.2271706312894821
0.15356583893299103
0.15249012410640717
0.159321129322052
0.226691335439682
0.23370923101902008
0.18284755945205688
0.19718897342681885
0.1387195736169815
-0.051810707896947854
0.15044577419757843
0.12723706662654877
0.19664531946182248
0.18694722652435303
0.18033333122730252
0.2006186991930008
0.013493632897734642
0.20468036830425265
0.029088428243994713
0.07394842803478241
0.05283993482589722
0.18526138365268707
0.13483883440494537
0.11681082844734192
0.1710699051618576
0.21882307529449463
0.08911189436912537
0.1420091837644577
0.16192196309566495
0.169537216424942
0.05112908408045769
0.1393800526857376
0.15162205696105957
0.10697289556264876
0.16501343250274658
0.1307886242866516
0.1736653447151184
0.2337807863950729
0.182812973856926
0.19553562998771667
0.19935496151447296
-0.03495786711573601
0.11081592738628387
0.20594988763332367
0.2183195054531097
0.14225703477859497
0.16549937427043915
0.2197331190109253
0.1687849760055542
-0.02865793369710445
0.13878192007541656
0.10041337460279463
0.23796458542346957
0.23052118718624115
0.1417996883392334
0.14689277112483978
0.2377745360136032
0.17847229540348053
0.2474551945924759
0.1751323789358139
0.19178058207035065
0.1967043429613113
0.22948266565799716
0.12610046565532684
0.09376669675111769
0.2201385796070099
0.22024913132190704
0.1484428495168686
0.133567675948143
0.25103721022605896
0.03176065534353256
0.13164106011390686
0.2320266962051392
0.1857713609933853
0.2324575632810593
0.13784313201904297
0.12137909978628159
0.05028707534074783
0.08335761725902557
0.1932953894138336
0.04218879714608192
0.16100911796092987
0.15954051911830902
0.04724439978599548
0.15217173099517822
0.19774569571018216
0.22331671416759488
0.2008986920118332
0.23179577291011808
0.16473974287509918
0.17542164027690887
0.19914647936820984
0.1615576148033142
0.2016901224851608
0.21708518266677856
0.20109896361827848
0.2346036285161972
0.025329431518912315
0.20986725389957428
0.23898540437221527
0.2205065488815308
0.1889890134334564
0.20071676373481753
0.2019599825143814
0.2147875726222992
0.14689011871814728
0.23006628453731537
0.16962100565433502
0.0008996627293527126
0.19334845244884488
0.2385388910770416
0.11307843774557112
0.1742962151765823
0.2312432676553726
0.1424659639596939
0.030823705717921257
0.13072653114795685
-0.020248690620064732
0.23210640251636505
0.22432976961135864
0.09479864686727524
0.16017377376556396
0.1904747188091278
0.021712535992264748
0.09546769410371779
0.11284197866916656
0.14216406643390656
0.1276487112045288
0.07896161824464798
0.135134220123291
0.07376241683959961
0.08910392969846725
0.0850614532828331
0.2109879702329636
0.1272856444120407
0.15588532388210297
0.1213897243142128
0.15740780532360077
0.1853961944580078
-0.005076373461633921
0.2148186564445496
0.07446342706680298
0.24600620567798612
-0.007536041084676981
0.2313223034143448
-0.0075895548798143855
0.06239839270710945
0.22765460610389707
0.11381729692220688
0.1096913367509842
0.13735496997833252
0.030363308265805244
0.10018134117126463
0.08426667004823683
0.1685812622308731
0.16108809411525726
0.22783520817756647
0.15030138194561005
0.2194305807352066
0.14400209486484528
0.17751680314540863
0.19106757640838623
0.17276014387607574
0.14056330919265747
0.0823400542140007
0.005088781472295523
0.09227541834115982
0.16311679780483243
0.21225735545158383
0.1794021427631378
0.09541559964418413
0.17401131987571716
0.164357528090477
0.2408984899520874
0.10427089780569077
0.04977208748459816
0.16531650722026825
0.1061134934425354
0.2379073202610016
0.14804638922214508
0.13831982016563416
0.15685752034187317
0.13703559339046478
0.08683526515960693
0.14906747639179227
0.2286115437746048
0.06548438966274261
0.2056002616882324
0.2370886504650116
-0.0905986949801445
0.05530035123229026
0.22694739699363708
-0.045730534940958016
0.20544070005416873
0.1754053384065628
0.0936947911977768
0.11346011608839036
0.2189025431871414
0.13285648822784424
0.15282143652439115
0.22102999687194824
0.10387396067380904
0.19512097537517548
0.1438654214143753
0.1513923555612564
0.1308186799287796
0.1973015367984772
0.180341899394989
0.12708896398544312
-0.05429062619805336
0.04918147996068001
0.19770695269107816
0.1669456660747528
0.18752151727676392
0.01173027977347374
0.138478085398674
0.1469525694847107
0.226382315158844
0.16227786242961884
0.001955465879291296
0.1831423789262772
0.117338165640831
0.17199476063251495
0.09860257059335709
0.1541059762239456
0.02698947302997112
0.1236184909939766
0.20818836987018585
0.2052098363637924
0.19600582122802732
0.14937414228916168
0.215581014752388
0.1554974913597107
0.17431998252868652
0.23068262636661527
0.16606566309928894
0.20511415600776672
0.18562038242816925
0.20926165580749512
0.19692914187908167
-0.08395165205001831
0.2117439955472946
0.18115250766277316
0.16928566992282867
-0.05747457221150398
0.12393934279680252
0.1982024013996124
0.16024789214134216
0.197972372174263
0.15446181595325467
0.05329586192965508
0.13414956629276276
0.20129035413265228
0.20069508254528043
0.2251944988965988
-0.05850067362189293
0.22309082746505737
0.21730564534664157
0.157698854804039
0.05268659070134162
0.08628134429454803
0.05269936099648476
0.2357186824083328
0.12576593458652496
0.13602012395858765
0.17631351947784424
0.17833273112773895
0.19101923704147336
0.10189958661794662
0.12384218722581863
0.11503474414348602
0.1812697798013687
0.13974066078662872
0.18022790551185608
0.1922636479139328
0.010662360116839407
0.18075059354305267
0.17777858674526215
0.17298170924186707
0.13829006254673004
0.13275423645973203
0.09843527525663376
0.16511134803295135
0.08071626722812653
0.2459494918584824
0.13275592029094696
0.09013564139604568
0.1462292522192001
0.18304708600044248
0.12347390502691268
