0.4207980334758759
0.43735405802726746
0.44296145439147944
0.4350583851337433
0.34621962904930115
0.35708528757095337
0.40066808462142944
0.3860197067260742
0.42162340879440313
0.3719485700130463
0.37192639708518976
0.47784700989723206
0.38974073529243464
0.4122802317142487
0.3906344473361969
0.44904354214668274
0.44157445430755615
0.40769681334495533
0.38496944308280945
0.36836206912994385
0.4625188410282135
0.4409960806369781
0.36262485384941107
0.3575963079929352
0.40435928106307983
0.4219505488872528
0.41568833589553833
0.39672380685806274
0.4151212871074677
0.403220534324646
0.3797363042831421
0.3735549747943878
0.40799432992935186
0.373811274766922
0.3581521809101105
0.3979804217815399
0.391322523355484
0.37023761868476873
0.3797139227390289
0.461668074131012
0.4079619348049164
0.48626598715782166
0.42002055048942566
0.3875596523284912
0.38488796353340154
0.35946717858314514
0.39687636494636536
0.38127192854881287
0.3947009146213531
0.3476703464984894
0.39126563072204584
0.34507209062576294
0.4167139530181885
0.3930348455905914
0.4219997823238373
0.3758729696273804
0.3901589810848236
0.4281449317932129
0.3892277777194977
0.36399510502815247
0.3806093633174896
0.35110050439834595
0.4138013422489166
0.4418908655643463
0.39640358090400696
0.3399774730205536
0.3771577775478363
0.3948585987091064
0.38753214478492737
0.3805443346500397
0.38779398798942566
0.406871885061264
0.3472694456577301
0.40348073840141296
0.35163813829422
0.3745585680007935
0.4638862311840057
0.40926367044448847
0.4174391031265258
0.38800117373466486
0.47295695543289185
0.35729193687438965
0.3705345690250397
0.3816626965999603
0.3936092853546143
0.4020591676235199
0.3739958703517914
0.3477422297000885
0.3990166187286377
0.37431854009628296
0.38171631097793574
0.4320736229419708
0.38680222630500793
0.38031184673309326
0.3901143372058869
0.40544942021369934
0.3974908590316773
0.43612465262413025
0.45468893647193914
0.39776358008384705
0.4207638800144196
0.3811026513576508
0.3972116410732269
0.4328305423259735
0.3655698299407959
0.47199499607086176
0.4285973608493805
0.35910698771476746
0.3679957091808319
0.34278264641761774
0.4077526032924652
0.3872224986553192
0.39922112226486206
0.398370623588562
0.3889540135860443
0.39444196224212646
0.4014594554901123
0.39688757061958313
0.4110746085643768
0.4057963788509369
0.5069494247436523
0.37943458557128906
0.4286064207553864
0.41421636939048767
0.42712166905403137
0.4353427588939666
0.4917008280754089
0.39954510331153864
0.44208621978759766
0.44097271561622614
0.4086403548717498
0.37333199381828314
0.3787222504615784
0.39476910233497614
0.38694790005683893
0.37787720561027527
0.4622982442378998
0.46864852309226984
0.40020090341567993
0.4151061475276947
0.42251500487327576
0.492414116859436
0.4257334470748901
0.376662403345108
0.3779318630695343
0.4697302281856537
0.4267826676368713
0.36627611517906183
0.39205124974250793
0.3848753273487091
0.41009214520454407
0.3728354871273041
0.41765525937080383
0.3668874204158783
0.3670506775379181
0.47666051983833313
0.5108137130737305
0.3854323029518128
0.3696608245372772
0.373723179101944
0.41521015763282776
0.43978205323219294
0.4290187060832977
0.373564749956131
0.36724093556404114
0.5083816051483153
0.49642249941825867
0.37955102324485773
0.39286243915557856
0.3872526586055756
0.3777851164340973
0.38566598296165466
0.33996638655662537
0.4335078299045562
0.4616165459156036
0.38862648606300354
0.3760455548763275
0.41862240433692927
0.35408279299736023
0.39700520038604736
0.36759865283966064
0.35194671154022217
0.424747496843338
0.3907516598701477
0.381460577249527
0.32304990291595453
0.4400277435779572
0.46597477793693537
0.4200127422809601
0.3245225846767425
0.4091796576976776
0.38650932908058167
0.4257284998893738
0.3955455720424652
0.3604468405246735
0.3973608016967773
0.37758055329322815
0.382457047700882
0.45800849795341486
0.3852193653583527
0.4402514398097992
0.41181609034538263
0.3569764196872711
0.3653960824012756
0.3641985356807709
0.4075329601764679
0.39895543456077576
0.3782171905040741
0.3884251117706298
0.4472918212413788
0.4320117831230164
0.33654624223709106
0.41840070486068726
0.4127684831619263
0.3924213945865631
0.40754792094230646
0.3583287298679352
0.3713655471801758
0.3620547354221344
0.3893581330776215
0.3869580328464508
0.3926421701908112
0.4021797776222229
0.41200792789459223
0.4353956282138824
0.3583050072193146
0.4040936827659607
0.4195219576358795
0.3827296197414398
0.4052184224128723
0.389070600271225
0.3804059624671936
0.4192237555980682
0.40334752202034
0.428345650434494
0.424772173166275
0.3663747608661652
0.451395958662033
0.388382613658905
0.3984937965869904
0.3712377846240997
0.43733128905296326
0.4052682816982269
0.4301411211490631
0.44514459371566767
0.40724137425422663
0.37301924824714655
0.38426211476325994
0.3902799785137177
0.385865181684494
0.3452865779399872
0.4373488426208496
0.37344521284103394
0.38923719525337214
0.3490331768989563
0.3392646312713623
0.40415593981742853
0.396296501159668
0.3841621577739716
0.3897731006145477
0.3676098883152008
0.4492888152599335
0.3779793083667755
0.41644355654716486
0.37263011932373047
0.34943804144859314
0.4433874785900116
0.4187496900558472
0.44688805937767034
0.38869175314903254
0.39109161496162415
0.37676951289176946
0.39238202571868896
0.4469977915287018
0.4181070625782013
0.3957144021987915
0.4326872527599335
0.40086591243743896
0.3797315657138824
0.48774769902229304
0.43122902512550354
0.4095819592475891
0.3710693418979645
0.4754277765750885
0.40438657999038696
0.3473997116088867
0.37108173966407776
0.4028235971927642
0.3686405122280121
0.3914059400558472
0.4068063199520111
0.3987605273723602
0.3866266310214996
0.3056792020797729
0.45082637667655934
0.4318722784519196
0.4242848455905914
0.3745176494121552
0.4360615313053131
0.3800598978996277
0.3618667721748352
0.39730575680732727
0.3534274101257324
0.38906547427177435
0.33643487095832825
0.4794734418392181
0.3236750662326813
0.394663542509079
0.3743216395378113
0.3822542726993561
0.395635038614273
0.4400651752948761
0.4131060242652893
0.43147188425064087
0.3612997829914093
0.38822457194328314
0.36910933256149286
0.4187427461147308
0.39884957671165466
0.4180779159069061
0.41034212708473206
0.4069941341876984
0.49446889758110046
0.3676739633083344
0.3651257455348969
0.4091834425926208
0.3448362350463867
0.45978119969367987
0.3386785686016083
0.4687826931476593
0.4240074455738068
0.3578594028949737
0.39957156777381897
0.3864695131778717
0.3802450597286224
0.45285809040069586
0.35155138373374933
0.4098913371562958
0.4176070392131805
0.44538661837577814
0.3668897449970245
0.3720650374889374
0.4183118045330048
0.45611146092414856
0.4776094555854797
0.4706325232982635
0.3906081914901733
0.34712478518486023
0.3713736236095429
0.4435483515262604
0.44414654374122614
0.38162532448768616
0.35147741436958313
0.3872099220752716
0.3738712668418884
0.37305423617362976
0.3633188307285309
0.4652427136898041
0.43370380997657776
0.3473495543003082
0.3765065968036652
0.38165324926376337
0.3582117259502411
0.35245159268379206
0.4007433950901032
0.3915304839611053
0.41525363922119135
0.39725431799888605
0.38722291588783264
0.3780151307582855
0.4045515656471253
0.37226960062980646
0.38361245393753046
0.4745650589466095
0.39451989531517034
0.3917014598846436
0.3734520971775055
0.39111343026161194
0.4646480679512024
0.503848135471344
0.43333369493484497
0.4131673276424408
0.42349341511726374
0.3997531533241272
0.400569885969162
0.3715492784976959
0.42332974076271057
0.43525585532188416
0.39689183235168457
0.4421837627887726
0.417119950056076
0.4115547835826874
0.44464442133903503
0.39354059100151056
0.3607327044010162
0.38365390896797186
0.38617163896560663
0.3974600732326508
0.412849485874176
0.41755339503288263
0.35899296402931213
0.3542483150959015
0.4170357286930084
0.34637889266014094
0.3902649581432343
0.33749547600746155
0.44929471611976624
0.4952482879161834
0.40612128376960754
0.3345870673656464
0.3479671776294708
0.46725794672966
0.3461830019950866
0.3775064051151276
0.3468530774116516
0.41547161340713507
0.42307958006858826
0.43404456973075867
0.3330948054790497
0.3542205393314361
0.3536839783191681
0.4599270224571228
0.3798856437206268
0.3666098415851593
0.35909178853034973
0.324738085269928
0.34415343403816223
0.4333049356937408
0.4684080183506012
0.36724299192428583
0.39204481244087214
0.35660195350646967
0.4299587905406952
0.3697334229946136
0.4066713154315949
0.3905806243419647
0.3789323568344116
0.4379931390285492
0.36464518308639526
0.4499493539333344
0.4541238248348236
0.43220755457878113
0.36028599739074707
0.3717951476573944
0.39259120821952814
0.32921144366264343
0.4002822935581207
0.38397547602653503
0.49435907602310175
0.38115730881690973
0.43794021010398865
0.4335885941982269
0.4317148923873901
0.4258487522602081
0.3773167431354522
0.4729776680469513
0.40299835801124567
0.37837290763854975
0.35366806387901306
0.38731649518013
0.38583633303642273
0.3944894671440125
0.38152509927749634
0.3588809669017792
0.3842582106590271
0.4189220368862152
0.4581731259822845
0.38439387083053594
0.40172341465950007
0.369764506816864
0.4006902873516082
0.46675956249237055
0.4392146170139313
0.3883337080478668
0.3876846134662628
0.3882703483104706
0.3915721774101257
0.42855846881866455
0.378055602312088
0.3832124173641205
0.38411882519721985
0.4058236479759216
0.3919958472251892
0.3681713938713074
0.42571303248405457
0.4071475565433502
0.37828829884529114
0.30212917923927307
0.3474755585193634
0.3578246533870697
0.3894475400447845
0.37166213989257807
0.42533037066459656
0.37846800684928894
0.4363111555576325
0.38706421852111816
0.4423596858978272
0.3302646577358246
0.3866778314113617
0.4148820638656616
0.40939995646476746
0.37355703115463257
0.39517718553543085
0.4379897713661194
0.4106620252132416
0.40203455090522766
0.3764428794384002
0.4199083745479584
0.39388975501060486
0.385317176580429
0.4109709560871124
0.4639655649662018
0.3902985155582428
0.45725825428962713
0.40212175250053406
0.3882351517677307
0.43863603472709656
0.44438779354095453
0.4247045814990997
0.4518235325813293
0.4169672131538391
0.376785546541214
0.4462955296039581
0.4415425360202789
0.3917425572872162
0.4588700830936432
0.4769355356693268
0.3754332959651947
0.3389759361743927
0.3760951161384583
0.3846955597400665
0.3717900812625885
0.43541929125785833
0.3207460343837738
0.3835996091365814
0.4030093252658844
0.36297234892845154
0.4058777987957001
0.4562244117259979
0.43117600679397583
0.38539656996726984
0.4331617057323456
0.40569457411766047
0.3781742751598358
0.34738555550575256
0.4419418871402741
0.4254554808139801
0.4228057861328125
0.3833979070186615
0.407163143157959
0.406950443983078
0.3762574195861816
0.39936354756355286
0.4767909348011017
0.3739450573921204
0.3726665377616882
0.38173586130142206
0.39611703157424927
0.39330500364303594
0.3552098274230957
0.4036374986171722
0.44830283522605896
0.4816175699234009
0.4038017392158508
0.3921945691108704
0.4383551180362701
0.40008744597435
0.4117672741413117
0.4407265782356262
0.38394078612327576
0.3535524904727936
0.4945928752422333
0.40325954556465143
0.39186176657676697
0.3603186905384064
0.3756258189678192
0.3787718117237091
0.3809280693531036
0.4143511652946472
0.4177663028240204
0.37494343519210815
0.39546671509742737
0.4099189341068268
0.42415311932563776
0.38743513822555536
0.40977081656455994
0.35855212807655334
0.3965841829776764
0.4375750124454498
0.40447846055030817
0.39760944247245783
0.35543435811996454
0.38700017333030706
0.450246661901474
0.405595988035202
0.4543138146400452
0.36812174320220953
0.4211157858371735
0.4592177867889404
0.4281893968582153
0.37384864687919617
0.4126164615154266
0.3834739625453949
0.38166764378547674
0.36170548200607294
0.3633559048175812
0.39485239982604975
0.41356793045997614
0.4595870971679688
0.495149165391922
0.4766041934490204
0.44556400179862976
0.3520205318927765
0.4109311997890472
0.3606660664081573
0.38108676671981806
0.3933106362819672
0.399941623210907
0.49198839068412786
0.3892978727817536
0.40629985928535456
0.38546571135520935
0.4648648202419281
0.3843670189380646
0.4370022118091583
0.3651794493198394
0.4729480445384979
0.35200223326683044
0.348396509885788
0.3288632333278656
0.43667969107627863
0.3933558762073517
0.36391374468803406
0.3943491578102112
0.3941688239574432
0.3848411738872528
0.36020177602767944
0.4078105390071869
0.35684987902641296
0.3664057850837708
0.48384246230125433
0.3839374780654907
0.3850040137767792
0.3584047257900238
0.3674546480178833
0.4296402037143707
0.35709577798843384
0.400942176580429
0.4591985642910004
0.40981084108352656
0.3990457057952881
0.39229568839073187
0.4280968010425568
0.4013707339763641
0.4589100778102874
0.36069414019584656
0.43304607272148127
0.3782173693180084
0.39999184012413025
0.4207148849964142
0.38748815655708313
0.3767759501934052
0.3982195854187012
0.38470116257667536
0.3847715258598328
0.3974591195583344
0.43584099411964417
0.420365571975708
0.4574849009513855
0.37062940001487726
0.36057659983634954
0.3906163573265076
0.3454654514789581
0.391137808561325
0.33686727285385126
0.37862750887870794
0.45271646976470953
0.44107833504676813
0.39097318053245533
0.3249328136444092
0.41845273971557617
0.4488836228847504
0.44034886360168457
0.4066067039966583
0.38725045323371887
0.3591820299625397
0.3720848858356476
0.4204654395580292
0.4074784815311432
0.4064527750015258
0.4109399318695068
0.37329959869384766
0.4312850534915924
0.4468062818050385
0.38249459862709045
0.4511969387531281
0.35965868830680847
0.3815642297267914
0.3841109275817871
0.4575107395648956
0.47161367535591125
0.3769325911998749
0.3976048529148102
0.3948275148868561
0.36647805571556086
0.4188978374004364
0.46232217550277704
0.37677338719367987
0.3706636130809784
0.4551778137683869
0.4423498809337616
0.40735396742820734
0.43715760111808777
0.45932897925376887
0.37070572376251215
0.36857065558433527
0.3813735544681549
0.4223643243312836
0.40928706526756287
0.3650605976581573
0.34555694460868835
0.3761492669582367
0.38461920619010925
0.4173062741756439
0.3992457389831543
0.4237991571426392
0.4009352028369904
0.3992485105991364
0.4174496531486511
0.44039925932884216
0.3690658509731293
0.4672697484493256
0.4251375198364258
0.47365459799766546
0.4102559983730316
0.3584888279438019
0.3787975311279297
0.351194828748703
0.4172795712947845
0.4415284991264343
0.3307219445705414
0.44207683205604553
0.3884012401103973
0.4146621823310852
0.44163212180137634
0.40616723895072937
0.38505014777183527
0.379287987947464
0.4364120066165924
0.4682054817676544
0.4463674426078796
0.39273050427436823
0.4742512404918671
0.40025612711906433
0.4522344172000885
0.375514417886734
0.4094963669776917
0.4506491422653198
0.421013742685318
0.4881451725959778
0.3975307643413544
0.4440203011035919
0.44003000855445856
0.4504185020923615
0.39283624291419983
0.3658503592014313
0.3860967457294464
0.4170137345790863
0.40270271897315973
0.3868807554244995
0.3780129849910736
0.4055249989032745
0.36813861131668085
0.4590673744678497
0.3364511728286743
0.4041651487350464
0.37581738829612726
0.43873569369316096
0.39231798052787775
0.3456169068813324
0.4259761869907379
0.38849309086799616
0.43888702988624567
0.4167509973049164
0.41783812642097473
0.3128412067890167
0.3544307053089142
0.38301578164100647
0.40807440876960754
0.40230914950370794
0.3550662696361542
0.46647569537162786
0.39769789576530457
0.3633924126625061
0.4289303123950958
0.42681524157524103
0.42365142703056335
0.3912779688835144
0.3715498745441437
0.36520698666572565
0.4796868562698364
0.3960629403591156
0.4468884170055389
0.4407397210597992
0.39094486832618713
0.3721001446247101
0.4132073521614074
0.3466675281524658
0.4655812382698059
0.49825099110603327
0.39498883485794073
0.387736052274704
0.4070937335491181
0.3957867622375488
0.3344341516494751
0.42923715710639954
0.46180859208106995
0.40663310885429377
0.4173230826854706
0.46131852269172663
0.37019515037536627
0.40788951516151434
0.3731178343296051
0.42225533723831177
0.3742682337760925
0.4203198552131653
0.35804665088653564
0.4266503751277924
0.3809291422367096
0.3750194311141968
0.41018652915954584
0.41671428084373474
0.45376768708229054
0.41300249099731445
0.3894663751125336
0.40806797146797186
0.40357691049575806
0.36113008856773376
0.37296092510223383
0.3578512966632843
0.4425868093967438
0.4489690363407135
0.3796866834163666
0.36265024542808527
0.4131625592708588
0.40425935387611384
0.3721139132976532
0.4051534831523895
0.3714835345745087
0.4448578059673309
0.3792450129985809
0.3797726929187775
0.4322055280208588
0.4946878254413605
0.4197213649749756
0.40920352935791016
0.39861562848091125
0.45553386211395264
0.49362912774086
0.44211301207542414
0.35305240750312805
0.4476638734340668
0.3838025331497192
0.3625083863735199
0.464343935251236
0.40362122654914856
0.4349876940250397
0.3745267689228058
0.3492932915687561
0.3812865912914276
0.4047593176364898
0.35165616869926447
0.4475627243518829
0.4290549457073212
0.38393190503120417
0.35711622238159174
0.4082734882831573
0.36964261531829834
0.3626234233379364
0.4165063798427582
0.4486069977283478
0.37703791260719294
0.3968834280967712
0.38526019454002386
0.33610081672668457
0.37150758504867554
0.3920091092586517
0.3615694642066956
0.42344692349433893
0.34490659832954407
0.41946795582771296
0.4231027066707611
0.3564234673976898
0.4025720655918121
0.46368035674095154
0.4636286795139313
0.4220905005931854
0.3878320157527924
0.39912572503089905
0.39736390113830566
0.42956399917602534
0.4046621918678284
0.4515909254550934
0.3738230764865875
0.3368648588657379
0.36301344633102417
0.3839258849620819
0.37249806523323054
0.3689310252666473
0.3964765965938568
0.42963260412216187
0.39060065150260925
0.37459227442741394
0.4305119216442108
0.36562442779541016
0.4283342659473419
0.42243650555610657
0.3921568691730499
0.4886868298053741
0.3248315155506134
0.3914273977279663
0.3822737634181976
0.32056233286857605
0.3358581364154816
0.4686266481876373
0.4814792275428772
0.35767626762390137
0.39837691187858576
0.3194105923175812
0.403419017791748
0.3589308559894562
0.3894215226173401
0.34952789545059204
0.40283188223838806
0.4184378981590271
0.3489561975002289
0.3237506151199341
0.3663977086544037
0.3540881872177124
0.4692386090755463
0.44099971652030945
0.38860163092613215
0.3990523517131805
0.38756826519966125
0.33279031515121454
0.3814772665500641
0.39901909232139593
0.3464094400405884
0.36310380697250366
0.3837548196315765
0.4374769628047943
0.41612556576728815
0.333743155002594
0.3896866142749786
0.4240831434726715
0.3892716765403748
0.35775163769721985
0.5034227967262268
0.4787001311779022
0.46668976545333857
0.4700926542282104
0.3749940693378448
0.46334174275398254
0.4466756284236908
0.34972384572029114
0.4483303129673004
0.4911413192749024
0.48199543356895447
0.44183602929115295
0.34815147519111633
0.4489888250827789
0.4143413305282593
0.35559791326522827
0.3848934769630432
0.3913953006267548
0.3539228439331054
0.39007326960563654
0.3922797739505768
0.4065095484256744
0.41071781516075134
0.36022624373435974
0.41637489199638367
0.39970618486404413
0.40656438469886774
0.3815716803073883
0.46788245439529413
0.35253462195396423
0.35532674193382263
0.41744884848594666
0.3436060845851898
0.34670051932334894
0.43047949671745295
0.34300288558006287
0.36454614996910095
0.4375875294208527
0.4453684687614441
0.45148012042045593
0.4101383686065674
0.32801342010498047
0.4053666293621063
0.4524043202400208
0.3658255636692047
0.3992489278316498
0.3869673907756805
0.42523941397666926
0.432697981595993
0.421297699213028
0.4180230498313904
0.43632155656814575
0.5084196329116821
0.37485095858573914
0.45560389757156367
0.4268757998943329
0.4109033942222595
0.40972378849983215
0.4078200161457062
0.3748893439769745
0.41811820864677435
0.42763680219650263
0.34485265612602234
0.37352800369262695
0.36490619182586664
0.4148797392845154
0.3842320144176483
0.41491779685020447
0.4004006683826447
0.3922097980976105
0.4389384388923645
0.38600918650627136
0.41575148701667786
0.3798387944698334
0.48380690813064575
0.4409464597702026
0.42042905092239374
0.4229777157306671
0.4160943329334259
0.47182032465934753
0.3993220329284668
0.4246466457843781
0.38755348324775696
0.41190639138221746
0.3531772792339325
0.4020449221134186
0.37115755677223206
0.4367293417453766
0.4768930971622467
0.44596239924430847
0.3523252308368683
0.40337511897087097
0.4448501765727997
0.36083549261093134
0.43086680769920344
0.35927459597587585
0.356130450963974
0.539786696434021
0.4207018911838531
0.4099892973899841
0.44198909401893616
0.38760742545127863
0.4903352558612824
0.42808631062507624
0.3909819424152374
0.4084753692150116
0.4533730447292328
0.3988451659679413
0.3293164372444153
0.3868938684463501
0.44179630279541016
0.39578637480735773
0.3633550703525543
0.45337069034576416
0.3727626502513885
0.3912123143672943
0.4074006974697113
0.3729957342147827
0.43698087334632874
0.3624820411205292
0.4043725430965424
0.4416494071483612
0.4632308781147003
0.4334081709384918
0.44739821553230286
0.38047340512275696
0.4506710767745972
0.40785905718803406
0.3989703953266144
0.40800616145133967
0.4178799390792847
0.5165711045265198
0.42843610048294073
0.3465268909931183
0.4334201514720917
0.3771571815013885
0.4126638472080231
0.4452190697193146
0.4445132315158844
0.5069476366043091
0.4289105236530304
0.38360065221786493
0.38760557770729054
0.4307793974876404
0.3379998803138733
0.46377584338188166
0.4009828865528106
0.4322780966758728
0.40556573867797846
0.3816936016082764
0.3734113574028015
0.38089969754219055
0.35892054438591003
0.391228586435318
0.43367466330528254
0.3909145891666412
0.4152131378650665
0.42730388045310974
0.441255658864975
0.4591761529445648
0.41774511337280273
0.5054166316986084
0.3825897574424744
0.4299527108669281
0.36345580220222473
0.461938589811325
0.4307636320590973
0.45540782809257513
0.4712288677692413
0.3668336868286133
0.33279871940612793
0.4585788249969482
0.454569786787033
0.4184098541736602
0.4285500943660736
0.37667930126190186
0.4082290232181549
0.45265457034111023
0.4314996302127838
0.33200719952583313
0.363694041967392
0.35248336195945734
0.35671144723892206
0.38420990109443665
0.38809999823570246
0.3931444585323334
0.3851590752601624
0.3322456777095794
0.40297898650169367
0.4390929341316223
0.3800208270549774
0.4628530442714691
0.4715187847614288
0.3889534771442413
0.40048703551292414
0.35259315371513367
0.4426296353340149
0.4129112958908081
0.36037370562553406
0.39229679107666016
0.4389052093029022
0.4195480048656464
0.37239542603492737
0.39424571394920344
0.4562630653381348
0.44839012622833246
0.41348168253898626
0.3754029870033264
0.3959871828556061
0.35874953866004944
0.3719142973423004
0.4092302620410919
0.3905223309993744
0.4194740355014801
0.38175666332244873
0.38171350955963135
0.4111618399620056
0.4357454478740692
0.51192706823349
0.41983303427696234
0.3793444037437439
0.3673251569271088
0.4041785895824432
0.38966637849807734
0.40019908547401434
0.3754759728908538
0.3904831111431122
0.4103734791278839
0.47370645403862
0.36963984370231623
0.4306361973285675
0.383763998746872
0.3959100842475891
0.4581792652606964
0.48195680975914
0.4229319989681244
0.4871617257595062
0.4207153916358948
0.41171553730964655
0.3665032684803009
0.4082778096199036
0.36777445673942566
0.3549257814884186
0.4481348693370819
0.35490432381629944
0.38377019762992853
0.3870275914669037
0.39646366238594055
0.3451578617095947
0.39768519997596735
0.4938966631889343
0.4465905725955963
0.4004149436950684
0.3721343278884888
0.3797830045223236
0.41616272926330566
0.3673804998397827
0.35789433121681213
0.3508302569389343
0.388653427362442
0.4599304497241974
0.3938812613487244
0.39234450459480286
0.4505961835384369
0.38923510909080505
0.37684789299964894
0.4135160148143768
0.4121004045009613
0.42534971237182617
0.41273939609527593
0.3713530600070953
0.38121518492698664
0.47623249888420094
0.37074241042137146
0.4350946247577667
0.3525855243206024
0.3620532155036926
0.3915614783763885
0.3478867709636688
0.3649396300315857
0.39998260140419006
0.4200515151023865
0.3785387575626373
0.4181023240089417
0.335762083530426
0.3821670114994049
0.42368778586387634
0.36268770694732666
0.4596945941448212
0.3919824957847595
0.45805665850639343
0.37890154123306274
0.4222338795661926
0.435381144285202
0.39471450448036194
0.39485999941825867
0.3735187947750092
0.34536877274513245
0.4378951787948608
0.3788937628269196
0.42913609743118286
0.38318985700607294
0.37666124105453486
0.3708336651325226
0.3661567270755768
0.3757844865322113
0.39316183328628546
0.36628210544586176
0.4049146473407745
0.3844366669654846
0.37779065966606146
0.3556942641735077
0.40159448981285095
0.4480095505714417
0.3759348094463348
0.38001719117164606
0.4028002917766571
0.4826615750789642
0.3710093498229981
0.37850964069366455
0.32598090171813965
0.39065065979957586
0.38277599215507513
0.40594702959060663
0.3952274918556213
0.376629501581192
0.3953236639499664
0.3679192662239074
0.38318780064582814
0.3811917006969452
0.3355654180049896
0.38979405164718633
0.3840860426425934
0.370393842458725
0.3630147874355316
0.4863230586051941
0.35973772406578064
0.37764719128608704
0.4231724739074707
0.34845349192619324
0.4040710628032684
0.4530795514583588
0.3894417285919189
0.3799674808979034
0.39139869809150696
0.3683238625526428
0.3638176620006561
0.41303351521492
0.42944580316543574
0.3792521059513092
0.3662112653255463
0.4570711553096771
0.41195741295814514
0.42963942885398865
0.39017727971076965
0.3869474828243256
0.3822146952152252
0.49893358349800104
0.4111268222332001
0.36019089818000793
0.44006568193435674
0.4990388751029968
0.46198228001594543
0.39518091082572937
0.4581442177295685
0.38679772615432734
0.3420054614543915
0.435937613248825
0.36334481835365295
0.3840621709823608
0.39943066239356995
0.4245488941669464
0.4416881501674652
0.4584738910198212
0.398275762796402
0.35553213953971863
0.391204446554184
0.38492131233215326
0.397862046957016
0.38627973198890686
0.419099360704422
0.3831943571567536
0.4052602052688599
0.4303607940673828
0.44869598746299744
0.388432651758194
0.37650787830352783
0.4652360379695892
0.3933649957180023
0.3665819466114044
0.356298953294754
0.4102732241153717
0.3656123876571655
0.39351847767829895
0.4289542138576508
0.4017601907253265
0.3971117436885834
0.5077562928199768
0.4657409191131592
0.35799455642700195
0.3735053241252899
0.3765052855014801
0.44522586464881897
0.3911730945110321
0.3804186284542084
0.4776487350463867
0.3208943903446197
0.3966972827911377
0.4848072826862335
0.391510933637619
0.3883369863033295
0.4005980789661408
0.36025440692901606
0.41640010476112366
0.3648549616336823
0.4163980782032013
0.35570964217185974
0.3761997520923615
0.40607523918151855
0.4021851122379303
0.4672939479351044
0.3790040612220764
0.36946460604667664
0.5023970007896423
0.4227593243122101
0.413423627614975
0.3576175272464752
0.4003140032291412
0.35183247923851013
0.42751976847648626
0.39698380231857294
0.3552779853343964
0.404628723859787
0.4432227611541748
0.42000371217727667
0.42017197608947754
0.34341368079185486
0.4043656885623932
0.40073904395103455
0.4130899012088776
0.36474362015724177
0.4400472342967987
0.3579876720905304
0.3950259685516357
0.39158752560615534
0.43744352459907526
0.35601845383644104
0.4208984673023224
0.3261778950691223
0.38926741480827326
0.4368129372596741
0.38925963640213007
0.4491158723831177
0.3660022914409637
0.452481597661972
0.42902466654777527
0.38344749808311457
0.3976413607597351
0.3993266522884369
0.42275679111480713
0.37970608472824097
0.40077069401741033
0.3925665318965912
0.37859079241752625
0.38359883427619934
0.3927346467971802
0.3805855214595794
0.45845815539360046
0.36160147190094
0.4358444213867188
0.33792638778686523
0.4165414869785309
0.3866866528987885
0.37954536080360407
0.3608658909797669
0.360238641500473
0.46397906541824335
0.4283777475357056
0.3624753952026367
0.4472083747386932
0.4565600752830505
0.4214644134044647
0.37653195858001703
0.37578991055488586
0.4091079533100128
0.3878736197948456
0.37152376770973206
0.4138068556785584
0.3955394625663757
0.3808975517749786
0.3937441408634186
0.41274622082710266
0.38632979989051813
0.4350902140140533
0.38088318705558777
0.4531363844871521
0.3875838220119476
0.3523458242416382
0.4094803631305695
0.39302530884742737
0.3750286400318146
0.3857526481151581
0.4238298535346985
0.4020600914955139
0.3719423115253448
0.4656496942043304
0.47333288192749023
0.3986854255199432
0.3738812208175659
0.3663998544216156
0.35340258479118347
0.4388939440250397
0.3715395033359528
0.4008427262306213
0.394050806760788
0.35955587029457087
0.41859397292137146
0.35813602805137634
0.4445465505123138
0.38567668199539185
0.3570913076400757
0.4221995174884796
0.40414106845855713
0.39335396885871887
0.4548542201519013
0.3822159171104431
0.45645657181739807
0.37748238444328314
0.4328183829784393
0.42301449179649353
0.4340006411075592
0.37979102134704584
0.4412072002887726
0.3940220177173615
0.33657094836235046
0.40447181463241577
0.3596518933773041
0.4236777126789093
0.3634548485279083
0.45430722832679754
0.3946411311626434
0.36911028623580927
0.4213149845600128
0.415701687335968
0.3850018382072449
0.4091136157512665
0.4215932786464691
0.35953399538993835
0.4276303648948669
0.4479540884494781
0.3932892978191376
0.39623084664344793
0.3951852917671204
0.44924524426460266
0.41374021768569946
0.3964058458805084
0.4141499102115631
0.37668022513389593
0.3865740597248077
0.41112264990806574
0.39509850740432734
0.3537217378616333
0.41890779137611384
0.44486936926841736
0.3908685743808746
0.3559262156486511
0.3713085055351257
0.4037492573261261
0.40979546308517456
0.36727774143218994
0.4505123198032379
0.37672007083892817
0.355636328458786
0.4837518036365509
0.39489904046058655
0.37490367889404297
0.4095238149166107
0.4223249554634094
0.4142025411128998
0.4519996643066406
0.3895834982395172
0.36669132113456726
0.3859075307846069
0.3909679353237152
0.3819146454334259
0.36318576335906977
0.39021340012550354
0.4220058619976044
0.40477368235588074
0.34306100010871887
0.4476043879985809
0.36953824758529663
0.3749535977840424
0.42313697934150696
0.45940241217613215
0.3861733973026276
0.4381522238254547
0.4231099188327789
0.39395841956138605
0.36425766348838806
0.4172421097755432
0.40196156501770014
0.4591580033302307
0.38804283738136286
0.4679189622402191
0.3842011988162994
0.43815508484840393
0.4384805262088776
0.3734639883041382
0.4198158383369446
0.3738654553890228
0.36960893869400013
0.42839720845222473
0.3653267920017242
0.3384031355381012
0.3833519518375397
0.4013863503932953
0.3661663830280304
0.38239941000938416
0.39963045716285706
0.3400130569934845
0.3595047891139984
0.36203411221504206
0.429137259721756
0.42989110946655273
0.41790336370468134
0.452016681432724
0.36500042676925654
0.3650020956993103
0.35297641158103943
0.4025479257106781
0.35275837779045105
0.37581524252891535
0.3418988287448883
0.47681304812431335
0.38817942142486567
0.33039847016334534
0.38841143250465393
0.4229579269886017
0.3973835408687592
0.3746908605098724
0.32295531034469604
0.43665447831153864
0.345332533121109
0.34693846106529236
0.3680837452411652
0.39044591784477234
0.4442418813705444
0.40556943416595453
0.3745764195919037
0.37560316920280457
0.3758458197116852
0.45605590939521784
0.4387931525707245
0.3909415602684021
0.41061887145042414
0.3728810846805573
0.46722462773323054
0.344656765460968
0.4300953149795532
0.37952545285224915
0.39387446641922
0.38933786749839777
0.37978449463844294
0.4232489764690399
0.3832223415374756
0.46813625097274786
0.346053808927536
0.40076693892478943
0.3611602783203125
0.4501368701457977
0.3802364766597748
0.37236532568931574
0.3975408971309662
0.39715245366096497
0.46159258484840393
0.3635600507259369
0.4331766068935394
0.3983305096626282
0.38310167193412786
0.5012239217758179
0.3570610284805298
0.41060617566108704
0.3772276937961578
0.35220256447792053
0.480891078710556
0.43612381815910334
0.3563670217990875
0.5229146480560303
0.39842036366462713
0.384430855512619
0.40871009230613703
0.45256957411766047
0.4323119819164276
0.4428187608718872
0.4066300094127655
0.42176303267478943
0.3884181678295136
0.3798932433128357
0.4143035411834717
0.4675857126712799
0.41609048843383784
0.49104499816894526
0.45790722966194153
0.3917914032936096
0.4148348271846771
0.3758912086486816
0.44257727265357966
0.3983680009841919
0.3794238269329071
0.3977719843387604
0.4065686762332916
0.38219025731086725
0.3754210770130157
0.41857746243476873
0.4222848117351532
0.5106208920478821
0.41881886124610895
0.3598158657550812
0.3844731152057648
0.383281946182251
0.3680573105812073
0.401191383600235
0.4488466084003448
0.41934290528297424
0.4250499904155731
0.44650945067405695
0.3500620424747467
0.36981150507926946
0.45042154192924494
0.3616169691085816
0.4691598415374756
0.39605739712715143
0.37639150023460394
0.43746155500411993
0.38697692751884466
0.45862367749214167
0.41601225733757013
0.37942707538604736
0.3856865167617798
0.3986603915691376
0.3968135118484497
0.38425102829933167
0.40853485465049744
0.4601857364177704
0.34101030230522156
0.422890454530716
0.44048440456390386
0.3733392059803009
0.3749642074108124
0.3861199915409088
0.40353587269783026
0.40618363022804255
0.37358388304710394
0.37753394246101374
0.4062522947788239
0.33438774943351746
0.4258845746517181
0.3753555119037628
0.4081865847110748
0.4276302754878998
0.4582924544811249
0.4007547795772552
0.43465897440910334
0.4608505368232727
0.3640485405921936
0.418725460767746
0.44043007493019104
0.44060465693473816
0.4085054695606232
0.4743825495243073
0.37967616319656367
0.4153035581111908
0.4072417318820953
0.40212497115135193
0.38607820868492126
0.41576594114303594
0.3690520226955414
0.3385918438434601
0.4091428220272064
0.49490097165107727
0.4147509038448334
0.3494136035442352
0.3844090402126312
0.38638433814048767
0.34851694107055664
0.43353137373924255
0.41245496273040766
0.41867443919181824
0.4405188858509064
0.38882187008857727
0.40151098370552063
0.3474663197994232
0.41751590371131897
0.38749501109123224
0.36278194189071655
0.414499968290329
0.341584712266922
0.3818308413028717
0.42228549718856806
0.3957083523273468
0.4055711030960083
0.48089131712913513
0.4616794288158417
0.39276096224784846
0.3874585926532745
0.3992891311645508
0.4200616180896759
0.41742745041847223
0.39185273647308344
0.45382896065711975
0.4653061926364898
0.4306402504444122
0.43326464295387274
0.4191648066043854
0.3612252175807953
0.3954599797725677
0.3639912903308869
0.4300827383995056
0.35421520471572876
0.4391526877880096
0.4770579636096954
0.3366006314754486
0.4020085036754608
0.4099917709827423
0.45405492186546326
0.4539825022220612
0.45293280482292175
0.3728074729442597
0.36578008532524103
0.4109012186527252
0.490029126405716
0.371566504240036
0.44055721163749695
0.38807073235511774
0.4190872013568878
0.3583197295665741
0.3319062292575836
0.3911847770214081
0.39003643393516546
0.352554053068161
0.4647600948810577
0.4104797542095184
0.3512073755264282
0.37544223666191107
0.4053405225276947
0.3752413094043732
0.4306829869747162
0.3727368116378784
0.3894818127155304
0.4271539747714996
0.3823157250881195
0.346013605594635
0.448329359292984
0.3725278079509735
0.3882542550563812
0.38821020722389216
0.43385019898414606
0.3539416491985321
0.3614166676998138
0.4060846269130706
0.4462839066982269
0.41382724046707153
0.3660872876644135
0.412312775850296
0.4718685448169708
0.39179754257202154
0.3332163095474243
0.4037100970745087
0.4556650221347809
0.4176460206508637
0.3929085731506348
0.39744767546653753
0.46978539228439326
0.42554730176925654
0.4071988761425018
0.46538999676704407
0.4014984965324402
0.3564172685146332
0.4559836089611053
0.4382922947406769
0.4342970550060272
0.38668921589851374
0.3187418282032013
0.3874198496341705
0.3905820548534393
0.3887563645839691
0.4653084576129913
0.43975800275802607
0.3824840188026428
0.4629041850566864
0.3940151631832122
0.366561084985733
0.3977409303188324
0.33391252160072327
0.4359866678714752
0.3508640229701996
0.4421491324901581
0.424735814332962
0.44101536273956293
0.3524862229824066
0.338160902261734
0.4352724850177765
0.4340167939662933
0.3864905536174774
0.3633168637752533
0.4290370047092438
0.4444702863693237
0.44519847631454473
0.3670840561389923
0.3975173830986023
0.393317312002182
0.41820737719535833
0.3943096101284027
0.3638383448123932
0.3663620054721832
0.43519952893257136
0.3703048825263977
0.3863149583339691
0.4133035838603973
0.3574053943157196
0.4042785465717316
0.4067619740962982
0.36172604560852045
0.4156503677368164
0.4231676161289215
0.391250878572464
0.397841602563858
0.40585812926292414
0.39833399653434753
0.4258206486701965
0.44827550649642944
0.38148203492164606
0.451143354177475
0.40221461653709406
0.404788613319397
0.4714611768722534
0.376680999994278
0.4879182577133178
0.4102899730205536
0.4616734683513641
0.37599620223045355
0.3452482521533966
0.3619863390922546
0.4522415101528168
0.37169757485389704
0.39950838685035706
0.3995794951915741
0.5104418396949768
0.3642237782478333
0.42348060011863703
0.45198854804039
0.3732726871967316
0.41834285855293274
0.3906460702419281
0.410937249660492
0.37430587410926813
0.36964792013168335
0.374408096075058
0.403912216424942
0.3402047455310821
0.43939751386642456
0.4330059885978698
0.38635578751564026
0.36676076054573054
0.3877615332603455
0.43204808235168457
0.3936401903629303
0.3814261853694916
0.40136390924453735
0.3739856481552124
0.3886701762676239
0.4550349116325378
0.4103761613368988
0.37659838795661926
0.3730898499488831
0.45890173316001887
0.3706901371479034
0.3775900304317474
0.41024875640869135
0.3818844556808472
0.4332219064235687
0.3927097618579865
0.3679976463317871
0.3845292031764984
0.4005967676639557
0.3616826236248016
0.35091063380241394
0.3486565053462982
0.3822643458843231
0.423818975687027
0.4218102097511292
0.3792870938777924
0.42816326022148127
0.3974341452121735
0.37623095512390137
0.4558892548084259
0.38195556402206415
0.42711061239242554
0.46814128756523127
0.40777185559272766
0.3784703612327576
0.4580273926258087
0.4050494134426117
0.36180618405342096
0.371264785528183
0.38116589188575745
0.395341694355011
0.3770322501659393
0.40188425779342646
0.3519771695137024
0.3750966489315033
0.4371136724948883
0.3267650604248047
0.35921376943588257
0.387039452791214
0.42214170098304743
0.41203817725181574
0.3740029036998749
0.4828240573406219
0.4584269821643829
0.40005901455879206
0.4405877292156219
0.3765176832675934
0.45082810521125793
0.42743486166000366
0.3725816309452057
0.4262331426143646
0.3939893543720245
0.3693657219409943
0.37299439311027527
0.36204144358634954
0.4601428508758545
0.3925289213657379
0.37800702452659607
0.4077920913696289
0.3668194711208344
0.3944943249225616
0.4396916329860687
0.4438005983829498
0.35606893897056574
0.4008681476116181
0.34767645597457886
0.46818780899047846
0.40471029281616205
0.4220676124095917
0.3763370215892792
0.4476023316383362
0.38281610608100886
0.4400109350681305
0.3866007626056671
0.4262005388736725
0.4750616252422333
0.4030286371707916
0.3759244978427887
0.4280829131603241
0.39919447898864746
0.42394876480102534
0.4147643446922302
0.3678867816925049
0.49235925078392023
0.3794496357440949
0.4048511385917664
0.4330360293388367
0.3949244916439056
0.3558441400527954
0.34474650025367737
0.4001387357711792
0.4081188142299652
0.3792464137077332
0.3898617923259735
0.4369029700756073
0.4018459618091583
0.3889162242412567
0.4279941618442536
0.4895610511302948
0.44075676798820496
0.39145985245704645
0.3898543417453766
0.4510214626789093
0.4088243246078491
0.3628704845905304
0.3760775029659271
0.39427271485328674
0.4026281535625458
0.41547667980194086
0.38075459003448486
0.384946346282959
0.3788010478019714
0.4212275147438049
0.41538345813751215
0.3809601068496704
0.39276960492134094
0.3895480036735535
0.35089972615242004
0.39975544810295105
0.34432291984558105
0.3482281267642975
0.4637836217880249
0.333931565284729
0.3632752597332001
0.39398467540740967
0.3845162987709045
0.44892776012420654
0.36391350626945496
0.3604940474033356
0.3656894564628601
0.44606468081474304
0.45549196004867554
0.41139197349548334
0.33551689982414246
0.3931593000888824
0.38290804624557495
0.3626033067703247
0.38030216097831726
0.41716921329498285
0.44337651133537287
0.36371544003486633
0.3784440755844116
0.4531040489673615
0.34857451915740967
0.44007623195648193
0.3662787079811096
0.47360506653785706
0.3842293322086334
0.4014807641506195
0.45223787426948553
0.4145459234714508
0.37077549099922175
0.39004990458488464
0.39871332049369806
0.3443961441516876
0.35068413615226746
0.39215621352195734
0.5130525231361389
0.4472779929637909
0.4136697947978973
0.3850514590740204
0.3986340761184692
0.417297750711441
0.4459864795207977
0.4301159381866455
0.3620264232158661
0.35685354471206665
0.41056159138679504
0.36955067515373224
0.40105828642845154
0.4111678004264832
0.38642278313636774
0.458573043346405
0.4985914528369904
0.44536206126213074
0.3526325523853302
0.4299617111682892
0.39400553703308105
0.3910733163356781
0.4718660414218903
0.48645916581153864
0.3630593717098236
0.3813826143741608
0.3500283658504486
0.46695503592491144
0.44495829939842224
0.38877236843109125
0.4317537248134613
0.43059155344963074
0.40735995769500727
0.4409625232219696
0.3838694989681244
0.4262855648994446
0.3747037649154663
0.44190666079521174
0.3601835072040558
0.37609362602233887
0.3954544365406036
0.4195719063282013
0.4907342493534088
0.4164731204509735
0.4312011301517487
0.4164991676807404
0.381303995847702
0.36167705059051514
0.4394811093807221
0.39174067974090576
0.3660981357097626
0.38221016526222235
0.43025022745132446
0.365078330039978
0.38605946302413935
0.424765020608902
0.45543256402015686
0.3756294846534729
0.4427749812602997
0.41024181246757513
0.40980720520019526
0.37210729718208313
0.3393518030643463
0.37824276089668274
0.3826861083507538
0.41051033139228815
0.41482725739479054
0.42880949378013605
0.4589008390903473
0.3796087205410004
0.45769807696342474
0.3935984075069427
0.4161469638347626
0.43932110071182245
0.4101309478282928
0.39836499094963074
0.4164650738239288
0.3811276853084564
0.48395630717277527
0.39305397868156433
0.418842762708664
0.4290944933891296
0.43965771794319153
0.401983231306076
0.4256602227687836
0.38755336403846735
0.38769891858100886
0.39178147912025446
0.4217489659786224
0.4060311019420624
0.3860735595226288
0.385836273431778
0.46596920490264887
0.3621585071086884
0.37010058760643005
0.3504672944545746
0.43896856904029846
0.3783933222293854
0.36923328042030334
0.37860080599784846
0.3638654351234436
0.4431113600730896
0.3770305216312408
0.4079180657863617
0.4149636924266815
0.4098198115825653
0.42569085955619806
0.4533256590366364
0.403807908296585
0.42945346236228943
0.40232387185096735
0.3918757736682892
0.4453847110271454
0.4593921601772308
0.4100978672504425
0.500272274017334
0.37427470088005066
0.3883784115314484
0.37645003199577326
0.44459494948387146
0.4126596748828888
0.4624870121479034
0.47027280926704407
0.4318853914737701
0.350269615650177
0.44354498386383057
0.44124406576156616
0.3802596628665924
0.41836139559745783
0.4619012773036957
0.38784727454185486
0.3812757432460785
0.37035319209098816
0.3752685487270355
0.3878433406352997
0.44145485758781433
0.4189625084400177
0.35095131397247314
0.35468950867652893
0.3619665801525116
0.4106013476848602
0.31827861070632935
0.453947514295578
0.37267059087753296
0.3785913288593292
0.4116978049278259
0.48698049783706665
0.40953388810157776
0.4668445289134979
0.42020687460899353
0.41036006808280945
0.4568558037281036
0.31552842259407043
0.42941349744796753
0.42157921195030207
0.4276020526885986
0.4827796518802642
0.40025076270103455
0.34047940373420715
0.3842962682247162
0.3843371570110321
0.3787395060062408
0.4383795559406281
0.4329563677310944
0.4734148383140564
0.38499957323074335
0.3935384154319763
0.40529337525367737
0.4581339657306671
0.3863244950771332
0.401265561580658
0.39242616295814514
0.4365684390068054
0.36497682332992554
0.4003399312496185
0.4212266206741333
0.3716935217380524
0.4347086250782013
0.4124949872493744
0.361524373292923
0.38346323370933527
0.5097407698631288
0.38716059923172
0.46672278642654413
0.37827184796333313
0.4174223244190216
0.4417535066604614
0.37692454457283026
0.3953619301319122
0.42138671875
0.3737694025039673
0.4221317768096924
0.4723504483699799
0.4497534930706024
0.4370908439159393
0.3991067111492157
0.40491047501564026
0.3991769254207611
0.3654831647872925
0.38776859641075134
0.35566446185112
0.407962828874588
0.4408334493637085
0.34016379714012146
0.4103586375713348
0.44671884179115295
0.4432736933231354
0.3715585768222809
0.3788144290447235
0.40876850485801697
0.4104548990726471
0.4345762133598328
0.38884985446929926
0.4050604403018952
0.357031762599945
0.527423083782196
0.3817103207111359
0.42127016186714167
0.3794354498386383
0.42372235655784607
0.43453225493431086
0.4611581563949585
0.3963596224784851
0.4140384793281555
0.33574482798576355
0.33649042248725886
0.34028011560440063
0.3616732656955719
0.46415916085243225
0.3737657964229584
0.3850543797016144
0.48646700382232666
0.38388773798942566
0.3946399986743927
0.32714787125587463
0.34456178545951843
0.3400241732597351
0.3681004345417023
0.32610031962394714
0.3842239379882813
0.41392162442207336
0.4033598005771637
0.4609865844249725
0.3488292396068573
0.383890837430954
0.4495732486248016
0.39648982882499695
0.4236672222614288
0.38568571209907526
0.3479992747306824
0.40833613276481623
0.40790790319442743
0.3889509439468384
0.44585937261581426
0.35838764905929565
0.4561445415019989
0.38163083791732794
0.3927220404148102
0.3861487507820129
0.4554944932460785
0.3423038423061371
0.4787538647651672
0.4587980508804321
0.48850068449974066
0.3845179677009583
0.3687182366847992
0.37100890278816223
0.3821740448474884
0.43092125654220576
0.3877476751804352
0.47193023562431335
0.41493296623229986
0.4530887305736542
0.45457419753074646
0.4037003219127655
0.43967154622077936
0.3831021189689636
0.41799423098564154
0.35968902707099915
0.428897887468338
0.37203571200370794
0.40580102801322937
0.42816922068595886
0.37216058373451233
0.47370824217796326
0.4430194199085236
0.4437616169452667
0.37025919556617737
0.425293892621994
0.37861123681068415
0.3705884516239166
0.4475453794002533
0.3835028111934662
0.36125609278678894
0.36558446288108826
0.38164073228836054
0.40523210167884827
0.32728281617164606
0.397063672542572
0.3940414786338806
0.3926410377025604
0.38449007272720337
0.3470936715602875
0.4088861644268036
0.3901417553424835
0.3701350688934326
0.4337849915027618
0.4145424664020538
0.4733304679393768
0.3892501592636108
0.514350414276123
0.37008842825889593
0.35255858302116394
0.38207313418388367
0.3588360846042633
0.41082224249839777
0.3924044966697693
0.3909159004688263
0.3600479662418365
0.3808774650096893
0.44068300724029535
0.40253350138664246
0.3451825082302093
0.4016595482826233
0.37651345133781433
0.38944038748741144
0.3977689743041992
0.3678934276103973
0.4175938069820404
0.3751288950443268
0.3581770956516266
0.4346271455287933
0.49182987213134766
0.36773738265037537
0.41771826148033137
0.4369559586048126
0.38291296362876887
0.39588662981987
0.37618437409400934
0.4003356397151947
0.3949982821941376
0.42767333984375
0.3731577694416046
0.45745608210563654
0.38460204005241394
0.480849415063858
0.39077478647232056
0.38885858654975886
0.37877464294433594
0.3841457664966583
0.37735405564308167
0.361824244260788
0.3788526356220245
0.3454712033271789
0.4457802176475525
0.4622122347354889
0.4401604235172272
0.45998242497444153
0.38156935572624207
0.4682210385799408
0.40575769543647766
0.3556751906871796
0.3696025311946869
0.47227963805198664
0.375270277261734
0.3832710683345794
0.39174455404281616
0.3943090438842773
0.41080036759376526
0.4047116339206696
0.3608238995075226
0.3607236742973328
0.47230300307273854
0.372234433889389
0.3696452975273132
0.4956953823566437
0.4499272406101226
0.3896183073520661
0.3551231920719147
0.3687549531459808
0.4739023745059967
0.390527456998825
0.36334279179573054
0.34437093138694763
0.3622626960277557
0.3607832193374634
0.3871960639953613
0.4412902295589447
0.3858412504196167
0.3928209841251373
0.4371983706951141
0.3599776923656464
0.4031936228275299
0.43543529510498047
0.3532874584197998
0.3937386572360992
0.35151559114456177
0.5273206233978271
0.36587998270988464
0.3675380349159241
0.36981528997421265
0.3888857662677765
0.4121643602848053
0.3680139482021332
0.36624234914779663
0.3404543101787567
0.4055997431278229
0.41878399252891535
0.3955583870410919
0.4390839338302612
0.3828017711639404
0.3946249783039093
0.3852827250957489
0.38804262876510626
0.361956924200058
0.454614132642746
0.37373325228691107
0.3207962214946747
0.3848614990711212
0.3996813595294952
0.41104838252067566
0.44531759619712824
0.3715376555919647
0.3257935345172882
0.46232888102531433
0.4075201451778412
0.43469586968421936
0.44943946599960327
0.466011106967926
0.4019717574119568
0.4450604915618896
0.3319251239299774
0.37766233086586
0.4113334715366364
0.3817087709903717
0.35307452082633967
0.42413842678070074
0.3913326859474182
0.403837651014328
0.3431669771671295
0.43463829159736633
0.4562025964260101
0.4201890230178833
0.3744555115699768
0.4082522094249725
0.4293415248394013
0.4051679074764252
0.3326322138309479
0.3502756059169769
0.4175615906715393
0.3948578536510468
0.37668684124946594
0.38270169496536255
0.42683514952659607
0.4305729866027832
0.4807217121124268
0.4295948445796967
0.4348590075969696
0.36381563544273376
0.4531505405902863
0.3809815645217896
0.37955906987190247
0.3831740915775299
0.3817749619483948
0.34774085879325867
0.3845736086368561
0.3845147788524628
0.35578024387359614
0.3588732481002808
0.40604022145271296
0.3779286742210388
0.4592230618000031
0.42018723487854
0.36196705698966974
0.4151780009269714
0.36815968155860895
0.38230887055397034
0.4190801978111267
0.44928124547004694
0.353994756937027
0.39289149641990656
0.37326952815055847
0.42841783165931696
0.3788151741027832
0.4037248492240906
0.40027850866317755
0.4018153846263885
0.39171895384788513
0.3816860020160675
0.45700249075889593
0.4242590665817261
0.38283157348632807
0.4724120795726776
0.34781584143638605
0.4089653193950653
0.3956061899662018
0.4125718176364898
0.4099184572696686
0.35473257303237915
0.3274528086185456
0.41915127635002136
0.3820696175098419
0.37478122115135193
0.3893937468528748
0.3714165985584259
0.4114395678043365
0.3699787259101868
0.3960546553134918
0.3647383749485016
0.3593208193778992
0.3532436192035675
0.44100353121757513
0.363226443529129
0.39257508516311646
0.35704222321510315
0.43438282608985906
0.37032499909400934
0.3888103365898132
0.3778104484081268
0.4808193743228912
0.4321056604385376
0.4680335223674774
0.4097338318824768
0.41978788375854487
0.3898055255413056
0.3823514580726624
0.3913480639457703
0.37612605094909674
0.35254982113838196
0.3815945088863373
0.4339060187339783
0.4287377297878265
0.369888573884964
0.4390290975570679
0.3911382257938385
0.48596701025962824
0.3845624923706055
0.43440899252891535
0.3463887870311737
0.35483935475349426
0.42833611369133
0.41890057921409607
0.4028114974498749
0.3768882751464844
0.5126771926879883
0.42547979950904846
0.46561428904533386
0.3869147598743439
0.4445483386516571
0.35901328921318054
0.40526822209358215
0.3986028432846069
0.4111834466457367
0.3646570444107056
0.3974678218364716
0.4066610038280487
0.35281553864479065
0.35196051001548767
0.3783441185951233
0.4165388941764832
0.38790199160575867
0.4715875387191773
0.5209090113639832
0.3920667767524719
0.5238051414489746
0.3971808552742004
0.42122736573219294
0.4122122824192047
0.40553387999534607
0.34860733151435846
0.4568330347537994
0.38279858231544495
0.3863469660282135
0.3770529329776764
0.3658533394336701
0.3738398849964142
0.3617293536663056
0.4184618890285492
0.3425589501857757
0.3837179839611053
0.3930075466632843
0.4437491595745087
0.4289335310459137
0.3804347813129425
0.4059971868991852
0.38584765791893005
0.3859348893165588
0.3468325734138489
0.3650116622447968
0.37044993042945856
0.39108368754386896
0.37394261360168457
0.3862820565700531
0.40219524502754206
0.3440960943698883
0.3912391364574432
0.4568953812122345
0.42542618513107294
0.38303676247596735
0.4110349416732788
0.4261005222797394
0.36962744593620306
0.39287236332893366
0.41241663694381714
0.4351286590099335
0.43928027153015137
0.37458887696266174
0.39502951502799993
0.4482887983322144
0.37785074114799494
0.40954253077507013
0.4703011810779572
0.421379953622818
0.47992345690727234
0.43155077099800104
0.4225280582904816
0.439640998840332
0.48355576395988464
0.46037912368774414
0.37807464599609375
0.3857367932796478
0.409286230802536
0.3684129416942597
0.3880065381526947
0.39948657155036926
0.32994383573532104
0.4327774345874786
0.4791394770145416
0.37951043248176575
0.4073659479618073
0.3926104009151458
0.352979451417923
0.3824929893016815
0.3789037466049194
0.5195088982582092
0.39132872223854065
0.36205941438674927
0.33974990248680115
0.3685974180698394
0.4654403030872345
0.43674984574317927
0.3429199755191803
0.417441040277481
0.3907094895839691
0.44177368283271784
0.3810687065124512
0.4514414370059967
0.4945475161075592
0.385818749666214
0.3994728326797485
0.3550199866294861
0.4429733455181122
0.3977244198322296
0.3948170840740204
0.48690223693847656
0.37936726212501526
0.43365171551704407
0.36727923154830927
0.3806264102458954
0.3632901608943939
0.3879656493663788
0.4619615972042084
0.3866848647594452
0.3585438132286072
0.36900028586387634
0.38601812720298767
0.37386879324913025
0.4577133357524872
0.3986237347126007
0.46053293347358704
0.32232072949409485
0.38089278340339666
0.39609476923942566
0.40261849761009216
0.47874161601066584
0.388074666261673
0.39218461513519287
0.38461026549339294
0.4132029712200165
0.36706861853599543
0.44951868057250977
0.38533306121826166
0.38171747326850886
0.3871864974498749
0.40962111949920654
0.3805653750896454
0.3732105195522308
0.365399032831192
0.33673259615898127
0.403577595949173
0.3870474696159362
0.44192877411842346
0.3710096478462219
0.3603138029575348
0.4234976470470429
0.4256614446640015
0.46445855498313904
0.46527650952339167
0.35945430397987366
0.3863870799541473
0.3778845369815826
0.29536867141723633
0.4305079877376556
0.3676758110523224
0.47153270244598394
0.3701729476451874
0.35913604497909546
0.37624391913414
0.3645165860652924
0.39228788018226624
0.38006642460823054
0.3603986799716949
0.417313814163208
0.4270927011966705
0.3951986730098724
0.3656344711780548
0.3762426674365997
0.3569406270980835
0.3631270825862885
0.36849382519721985
0.38248145580291754
0.43889066576957697
0.38341578841209406
0.37928825616836553
0.38187801837921137
0.361931711435318
0.38636752963066096
0.4057314991950989
0.3977932631969452
0.48101469874382013
0.34806159138679504
0.4183581173419952
0.4406647980213165
0.3816538155078888
0.3735118210315704
0.4607215523719788
0.4509723484516144
0.4319894015789032
0.3983744084835053
0.4378704130649567
0.37615469098091125
0.5189566612243652
0.42077168822288513
0.3862924873828888
0.47087475657463074
0.4342440068721771
0.35333022475242615
0.415218323469162
0.3748724758625031
0.3657903671264648
0.4390749633312225
0.4141687452793121
0.43187448382377613
0.4187192618846893
0.4212656915187836
0.40526875853538513
0.3922756612300873
0.3970365822315216
0.3772242665290833
0.3603746891021729
0.357087105512619
0.36435434222221375
0.38022926449775696
0.39701512455940247
0.3054347336292267
0.428537517786026
0.4012755453586578
0.3672029674053192
0.39646193385124207
0.38564321398735046
0.3645801842212677
0.40090438723564154
0.4053817093372345
0.35715529322624207
0.44573232531547546
0.38496115803718567
0.29104122519493103
0.4151757657527924
0.453085333108902
0.40994173288345337
0.39682203531265253
0.4012110233306885
0.45134183764457697
0.39348176121711725
0.40541324019432073
0.4347059428691864
0.476592630147934
0.3823317587375641
0.3599911630153656
0.36163344979286194
0.45932376384735113
0.3688325881958008
0.4631803333759308
0.4104093015193939
0.40716019272804255
0.3383013308048248
0.4886680245399475
0.4987988770008087
0.49264201521873474
0.48018157482147217
0.3904362916946411
0.2994597256183624
0.3551030158996582
0.4188911616802216
0.4050752222537994
0.4223311245441437
0.4309031665325165
0.3575482964515686
0.3677472770214081
0.4697835445404053
0.4593855738639832
0.45775368809700007
0.3602693974971771
0.4329510033130646
0.3843188881874085
0.41112920641899114
0.4456932246685028
0.49074253439903254
0.39280635118484497
0.39904120564460754
0.37675467133522034
0.422233372926712
0.41498884558677673
0.4592538475990296
0.4144500195980072
0.4184364378452301
0.4040752351284027
0.4203327298164368
0.4585675895214081
0.39832675457000727
0.3649515211582184
0.37491697072982794
0.4076044261455536
0.42755594849586487
0.37268206477165217
0.3150879144668579
0.41974410414695734
0.4377380907535553
0.42251303791999817
0.3529333174228668
0.38526418805122375
0.40233585238456726
0.3969556391239166
0.44076442718505854
0.3335992693901062
0.3506397008895874
0.3809387385845184
0.4312185645103455
0.4187968671321869
0.3876615166664124
0.4033879041671753
0.47900059819221497
0.32947102189064026
0.4111388027667999
0.34608620405197144
0.4294499456882477
0.3776357173919678
0.41120091080665594
0.42876091599464417
0.3754891455173493
0.3651297986507416
0.36920014023780817
0.40090522170066833
0.39628222584724426
0.4447584450244904
0.40462514758110046
0.3864262998104096
0.43715825676918024
0.4146235585212708
0.4464509189128876
0.3803544044494629
0.3627733886241913
0.41329503059387207
0.3962369859218597
0.40199026465415955
0.36171236634254456
0.37665778398513794
0.4064942300319672
0.3616557717323303
0.3697236478328705
0.444144994020462
0.3387110233306885
0.4250238835811615
0.42104414105415344
0.36780229210853577
0.35983607172966003
0.42468956112861633
0.36431095004081726
0.3922683596611023
0.38396719098091125
0.39040645956993103
0.3885008096694946
0.4640783965587616
0.3139447271823883
0.3986087441444397
0.42192491888999933
0.38160550594329834
0.417609304189682
0.362050861120224
0.4268358647823334
0.44249489903450007
0.453336626291275
0.38720446825027466
0.4301789999008178
0.44589555263519287
0.32649418711662287
0.35084089636802673
0.46011456847190857
0.3632185757160186
0.4275471866130829
0.4987678825855255
0.4337948262691498
0.35107550024986267
0.369438111782074
0.4137762784957886
0.3843769133090973
0.3745446503162384
0.44087699055671686
0.38388353586196894
0.4148764312267304
0.48006150126457214
0.3819544613361359
0.37851348519325256
0.39089655876159674
0.3963142931461334
0.3780508935451508
0.44591483473777765
0.3830824792385101
0.40786719322204584
0.381237268447876
0.49476686120033264
0.37417304515838623
0.35321018099784846
0.378123551607132
0.49038907885551447
0.32343611121177673
0.43443301320075994
0.35782191157341003
0.3736184537410736
0.35999158024787903
0.3835016191005706
0.4193009436130524
0.40320101380348206
0.45831057429313654
0.4071917831897736
0.3941011726856232
0.4828053414821625
0.4207136332988739
0.3963925540447235
0.5583078265190125
0.3824130296707153
0.33378159999847407
0.3816823065280914
0.44085827469825745
0.3701581060886383
0.4238726496696472
0.3879508674144745
0.46550688147544866
0.40515357255935674
0.37760594487190247
0.38405779004096974
0.41154307126998896
0.4197184443473816
0.40168297290802
0.44063732028007513
0.47429588437080383
0.41231992840766907
0.3864621222019196
0.4631901979446411
0.4784933626651764
0.4419759213924408
0.3844944536685944
0.426923394203186
0.4243492782115936
0.3799968063831329
0.4117427170276642
0.3453314006328583
0.41847237944602966
0.34591951966285706
0.4619693458080292
0.43152374029159546
0.4177770614624024
0.4223212003707886
0.48426082730293274
0.44085773825645447
0.4045750200748444
0.4697034955024719
0.370882660150528
0.3952893912792206
0.4410417377948761
0.36468467116355896
0.3631759583950042
0.415132611989975
0.3847315907478333
0.4033080041408538
0.4109980762004852
0.3540222942829132
0.42130497097969055
0.3625298738479614
0.48649987578392023
0.3772797286510468
0.40265229344367987
0.3649531900882721
0.42641535401344294
0.36306062340736395
0.3868503272533417
0.3962053954601288
0.3762661218643189
0.41889357566833496
0.3918229043483734
0.4503116011619568
0.42013460397720337
0.419169396162033
0.4333435595035553
0.4536280035972595
0.350502610206604
0.4144898355007172
0.3567563593387604
0.31084808707237244
0.35444051027297974
0.4408463835716248
0.3900369107723236
0.42430031299591053
0.37202915549278254
0.3815985023975372
0.3848338723182678
0.3843210637569427
0.35231471061706543
0.4193325042724609
0.4683148860931397
0.37912049889564514
0.3772697448730469
0.41156312823295593
0.423247903585434
0.36789402365684504
0.4157591164112091
0.4102067649364472
0.37031951546669006
0.40038722753524786
0.4597940742969513
0.45891979336738586
0.41405719518661493
0.3987416923046112
0.3853234350681305
0.37377429008483887
0.38254633545875544
0.3723183572292328
0.3502323925495148
0.3714600503444672
0.3627085685729981
0.3840924799442291
0.43895888328552246
0.42418220639228815
0.4002133905887604
0.4080413281917572
0.3899753093719482
0.38977989554405207
0.4025903642177582
0.453079879283905
0.3724940717220306
0.47313717007637024
0.4077939689159393
0.38005179166793823
0.4272043108940125
0.35707566142082214
0.365765243768692
0.43662726879119873
0.4132972061634064
0.4594262540340424
0.3954854607582092
0.3807199895381928
0.3864763379096985
0.4772598147392273
0.37749814987182617
0.4314488768577576
0.3500068485736847
0.3914937674999237
0.39671340584754944
0.4016337096691132
0.3923051059246063
0.3952035009860992
0.38266471028327936
0.35413247346878046
0.3874184787273407
0.42230072617530817
0.43372008204460144
0.39132237434387207
0.4038154184818268
0.3651521503925323
0.42455875873565674
0.36556100845336914
0.39916825294494634
0.42907643318176264
0.3887833654880524
0.3837127089500427
0.38552176952362066
0.4452336728572845
0.42408415675163275
0.3630675375461578
0.427651047706604
0.3795738518238068
0.42229920625686646
0.4621431529521942
0.40132278203964233
0.501274049282074
0.49214968085289
0.5013505220413208
0.4082217216491699
0.39747312664985657
0.43683770298957825
0.4008812010288239
0.3821702897548676
0.3675725162029266
0.3928119242191314
0.35748034715652466
0.3632915914058685
0.4230242669582367
0.3644489645957946
0.40490660071372986
0.38148051500320435
0.374515026807785
0.36336192488670344
0.386004775762558
0.3749510049819946
0.3919989168643952
0.5164715051651001
0.4742880761623383
0.40358522534370417
0.4438563287258148
0.3850862085819244
0.3611262738704681
0.3953199684619904
0.4342837631702423
0.4040831625461578
0.37704390287399286
0.39503434300422663
0.3581651747226715
0.3813314139842987
0.3957007229328156
0.4947573244571686
0.38713937997817993
0.3973056674003601
0.3667108714580536
0.4657666683197021
0.36373436450958246
0.35786113142967224
0.4446647763252258
0.3772527873516082
0.41979151964187617
0.3722353577613831
0.3492462933063507
0.43066713213920593
0.4314188659191132
0.394401878118515
0.4591603875160217
0.3969474732875824
0.40156224370002747
0.363326758146286
0.38311460614204407
0.39591053128242487
0.3717978894710541
0.34489867091178894
0.401518315076828
0.403692364692688
0.3983608782291412
0.4264399707317352
0.46405959129333496
0.4721992313861847
0.35906627774238586
0.3565089404582977
0.40601828694343567
0.4767376184463501
0.40503537654876715
0.3640190660953522
0.4501873552799225
0.35963433980941767
0.37839248776435846
0.42547246813774103
0.3456964194774628
0.3464973270893097
0.3884993195533752
0.38065823912620544
0.44918790459632874
0.3722968101501465
0.3517676293849945
0.4256131947040558
0.4607356488704681
0.4007518887519837
0.36786743998527527
0.4300091564655304
0.40414223074913025
0.32865720987319946
0.3582172989845276
0.3492439389228821
0.41975101828575134
0.3596635162830353
0.42744722962379456
0.38384672999382013
0.39709308743476873
0.39719513058662415
0.4113002121448517
0.3977090716362
0.3687444925308228
0.4462713003158569
0.3788189589977264
0.35715946555137634
0.3901327252388
0.35945525765419006
0.44049903750419617
0.37961277365684504
0.3666548728942871
0.364347904920578
0.3763686120510101
0.3659231960773468
0.44386026263237
0.35248467326164246
0.40396684408187866
0.3773378431797028
0.4567907452583313
0.44552281498909
0.4445326626300812
0.34926965832710266
0.3865148723125458
0.4094667732715607
0.39122882485389704
0.4474024176597595
0.42997589707374567
0.36771082878112793
0.3554746210575104
0.38013777136802673
0.3890382647514343
0.3834425806999207
0.4735855162143707
0.4316899478435516
0.37669095396995533
0.3956311643123626
0.36240896582603455
0.4278590381145477
0.3516712486743927
0.4559966623783112
0.3819406032562256
0.3440515697002411
0.39213317632675165
0.3856284916400909
0.404902309179306
0.33786800503730774
0.41716220974922175
0.4008767604827881
0.36464196443557734
0.508448600769043
0.42371201515197754
0.394085556268692
0.475169450044632
0.46176537871360773
0.3654235303401947
0.40852543711662287
0.40231886506080633
0.435185581445694
0.3935070931911469
0.3816142976284027
0.3498657345771789
0.41662666201591486
0.4729976058006287
0.3977814018726349
0.37460890412330633
0.4062663614749909
0.4497603178024292
0.38167956471443176
0.4195907413959503
0.38866958022117615
0.43679624795913696
0.3880037069320679
0.4570417106151581
0.37008023262023926
0.3553857505321502
0.43979194760322565
0.3855768144130706
0.3704859614372253
0.47952398657798767
0.4442681074142456
0.34258002042770386
0.3551032841205597
0.39065721631050104
0.42871937155723566
0.3967879116535186
0.3460290729999542
0.40640270709991455
0.4472200572490692
0.48862266540527344
0.34734633564949036
0.3559243977069855
0.38828578591346735
0.391794353723526
0.43455246090888977
0.38926741480827326
0.2986895442008972
0.381440669298172
0.39730167388916016
0.3842344582080841
0.4067232310771942
0.3838897049427032
0.36790287494659424
0.4158309698104858
0.3916751146316528
0.36304047703742975
0.40020641684532166
0.384831577539444
0.3977831304073334
0.44704017043113703
0.43735405802726746
0.4908718466758728
0.3688927292823792
0.41208091378211975
0.3669250309467316
0.4064903259277344
0.3544411063194275
0.3919413983821869
0.41770634055137634
0.3779907822608948
0.37897554039955134
0.38247075676918024
0.45583900809288014
0.37078097462654114
0.460803896188736
0.3647251427173615
0.3610026240348816
0.423569530248642
0.34839683771133423
0.4480803906917572
0.4195251762866974
0.36880689859390253
0.37618133425712585
0.4077872633934021
0.44740968942642206
0.3843162953853607
0.442279189825058
0.44018206000328064
0.3867371082305908
0.41403111815452576
0.38159415125846863
0.3960724174976349
0.40200871229171753
0.3549122214317322
0.3837272822856903
0.3747203052043914
0.3900711834430695
0.4065301120281219
0.41427013278007513
0.4328649938106537
0.4685133695602417
0.4509040415287018
0.3765559792518616
0.405413955450058
0.44320550560951233
0.38233017921447754
0.3768492043018341
0.4143215715885162
0.36603155732154846
0.3784119188785553
0.37472903728485113
0.37921592593193054
0.37986466288566584
0.38523218035697937
0.4102193415164948
0.3763156533241272
0.34109368920326233
0.3859222829341888
0.3640044033527374
0.4052061438560486
0.40365663170814514
0.3763944208621978
0.3972421884536743
0.43483129143714894
0.39725831151008606
0.48965969681739807
0.3977515995502472
0.39689958095550537
0.4222681224346161
0.36725774407386774
0.4327140152454376
0.322824627161026
0.4071943759918213
0.37243509292602534
0.4501818418502808
0.4292076826095581
0.40202462673187256
0.3225066661834717
0.3912543058395386
0.3738223612308502
0.4328706860542297
0.34795501828193665
0.3744749128818512
0.387465626001358
0.38365980982780457
0.3507678806781769
0.40792083740234375
0.384701818227768
0.4019104540348053
0.4002180993556976
0.34651973843574524
0.4248658418655396
0.3593437969684601
0.373086541891098
0.3796116709709168
0.366184264421463
0.4370311796665192
0.45316496491432184
0.38285359740257263
0.3889675438404083
0.3646807372570038
0.4041428565979004
0.4355916380882263
0.3861516416072845
0.4511151015758514
0.3401146531105041
0.455756276845932
0.3892957866191864
0.3901373445987701
0.399089902639389
0.3999360203742981
0.5269502997398376
0.4163872003555298
0.43560048937797546
0.3630219399929047
0.47442072629928583
0.3800636231899261
0.42777004837989807
0.38977560400962824
0.46778562664985657
0.3656003475189209
0.44689795374870306
0.4331459403038025
0.39154297113418574
0.4047819375991821
0.34664806723594666
0.402885615825653
0.39644330739974976
0.39596161246299744
0.3728840351104736
0.4014156758785248
0.37736612558364874
0.374974250793457
0.38095781207084656
0.40530976653099055
0.411971241235733
0.360965758562088
0.37793877720832814
0.466489851474762
0.4252707064151764
0.507003128528595
0.3782014846801758
0.35535410046577454
0.4231757819652557
0.3407805263996124
0.35047075152397156
0.3953613340854645
0.37638488411903376
0.39964997768402094
0.3839415609836578
0.4324662387371063
0.4071766138076782
0.3813932240009308
0.3912006616592407
0.36079707741737366
0.40071502327919006
0.3602685630321502
0.4294221103191376
0.37423327565193176
0.3828385770320892
0.45389524102211
0.442264050245285
0.4012357592582703
0.4560077488422394
0.4339922368526458
0.3739632964134216
0.3676520884037018
0.40515926480293274
0.36374169588088984
0.4544192254543304
0.457139641046524
0.3554760813713074
0.4037661850452423
0.3865688145160675
0.4349861145019531
0.44708451628685
0.3602981567382813
0.42877665162086487
0.39778563380241394
0.39096662402153015
0.3952249586582184
0.34213191270828247
0.4155098497867584
0.48024618625640875
0.4094705879688263
0.37791371345520014
0.40256595611572266
0.3649819195270538
0.40795472264289856
0.3890072703361511
0.34882727265357966
0.3763028085231781
0.40704682469367987
0.3794688880443573
0.37417688965797424
0.38360556960105896
0.4202909767627716
0.4293532967567444
0.4138322770595551
0.37970870733261114
0.4372866451740265
0.4448756873607635
0.3821926414966583
0.3941961824893952
0.40006569027900696
0.38103505969047546
0.4943744242191314
0.3921111524105072
0.38565394282341
0.4117043018341064
0.35582220554351807
0.41164579987525934
0.37166744470596313
0.4300504922866821
0.3515784740447998
0.433312714099884
0.4264865219593048
0.3944983184337616
0.4305475652217865
0.35770446062088007
0.4556741416454315
0.4138047695159912
0.3981072008609772
0.4024463295936584
0.492243617773056
0.394794911146164
0.3810263574123383
0.39796140789985657
0.4000507891178131
0.3983360826969146
0.4015457928180695
0.4037337601184845
0.3817121088504791
0.41030302643775934
0.3748846352100372
0.36319258809089666
0.3636496365070343
0.43301597237586975
0.3795592486858368
0.39268872141838074
0.3848051130771637
0.36232182383537287
0.3954783082008362
0.4618262946605682
0.40526339411735535
0.3610538840293884
0.396364688873291
0.3797443807125092
0.39244577288627613
0.436124175786972
0.3684274554252625
0.3918856382369995
0.4585713446140289
0.38365021347999567
0.3815208375453949
0.37592160701751703
0.37185999751091
0.3746548593044281
0.4410007297992706
0.4078966677188873
0.37123537063598633
0.3995537757873535
0.39187005162239075
0.44435212016105646
0.36070683598518366
0.39202454686164856
0.3534740507602692
0.3666212856769562
0.37886103987693787
0.45488354563713074
0.3671546578407288
0.4055414497852325
0.3421243727207184
0.3804155886173248
0.4579738676548004
0.3681662380695343
0.39968767762184143
0.33150082826614374
0.35613176226615906
0.42852541804313654
0.3451579213142395
0.3803835809230805
0.4218060076236725
0.4969038665294647
0.421002984046936
0.37744832038879395
0.3555067479610443
0.4727862775325775
0.4961874783039093
0.40759167075157166
0.4202374517917633
0.3875311613082886
0.38501641154289246
0.41783729195594793
0.39570483565330505
0.38456073403358454
0.39882162213325506
0.38815513253211975
0.4381702244281769
0.39213594794273376
0.3413713276386261
0.35797014832496643
0.35993024706840515
0.37507984042167664
0.4007236957550049
0.358933299779892
0.4573895931243896
0.4704539477825165
0.323476105928421
0.3758606612682343
0.4588168561458588
0.4448573887348175
0.4822319149971008
0.42849817872047424
0.3945680558681488
0.3673295676708221
0.5195046067237854
0.354562371969223
0.3985597789287567
0.38486942648887634
0.3789380192756653
0.3670661747455597
0.38396209478378296
0.34271207451820374
0.3971246480941773
0.48648035526275635
0.3993185460567474
0.381886750459671
0.3978939354419708
0.347815215587616
0.40867915749549866
0.4329493045806885
0.4242964684963226
0.3988880813121796
0.39119645953178406
0.45085185766220087
0.39412644505500793
0.3875823616981506
0.3547131717205048
0.39453464746475214
0.3899906277656555
0.3601172864437103
0.3803408741950989
0.37970802187919617
0.3887499272823334
0.4738092422485352
0.37276831269264227
0.5017878413200377
0.3668445646762848
0.3888348937034607
0.3974425494670868
0.4241069257259369
0.43284985423088074
0.39902573823928833
0.44988772273063654
0.44192191958427435
0.3599798381328583
0.38864943385124207
0.46438392996788014
0.40402090549468994
0.36216092109680176
0.43732813000679016
0.41235971450805664
0.3983746469020844
0.42276409268379206
0.3929664194583893
0.37806561589241033
0.4113788604736328
0.4027206003665924
0.431102067232132
0.41315504908561707
0.4357452690601349
0.39329490065574646
0.4874755144119263
0.37458422780036926
0.3883204162120819
0.4393649399280548
0.41886046528816223
0.4543727338314056
0.37459257245063776
0.4016851782798767
0.41848343610763544
0.413218230009079
0.4943765699863434
0.3791137039661408
0.4562066793441773
0.40340915322303766
0.3931092917919159
0.44211170077323914
0.4321868121623993
0.38334971666336054
0.39336958527565
0.40913692116737366
0.3812112510204315
0.43950173258781433
0.39304342865943914
0.3697240650653839
0.42933607101440424
0.39655849337577814
0.37524482607841486
0.34924355149269104
0.366869866847992
0.36707267165184015
0.42086702585220337
0.30602997541427607
0.3862034380435944
0.3593309819698334
0.3759328722953796
0.3491513133049011
0.3407280147075653
0.4104453027248383
0.4605807662010193
0.3661822974681854
0.3963108956813812
0.4801481962203979
0.37704530358314514
0.4191320538520813
0.37183171510696406
0.3756676316261292
0.43721562623977667
0.43945854902267456
0.3982988893985748
0.3852734863758087
0.386928915977478
0.4065799415111542
0.3704899847507477
0.36982333660125727
0.36813998222351074
0.338720828294754
0.4260721206665039
0.370810180902481
0.3647004663944244
0.4342398643493652
0.36252024769783026
0.3822280466556549
0.3727417886257172
0.3709293901920319
0.4313435852527618
0.3935026824474335
0.37199014425277704
0.45350256562232966
0.38237020373344416
0.3711335062980652
0.47006484866142273
0.3978551626205444
0.3507302701473236
0.37012270092964167
0.4050388634204865
0.4054865539073944
0.3643788695335388
0.42248198390007013
0.4311226904392242
0.4070723950862885
0.40397667884826655
0.4141018688678741
0.3918304145336151
0.39863654971122736
0.3670835793018341
0.38904473185539246
0.42667785286903376
0.41585838794708246
0.4455150961875916
0.3561922013759613
0.4000248610973358
0.47578504681587214
0.3563166558742523
0.43702694773674006
0.399804800748825
0.4168246686458588
0.42141216993331915
0.39683398604393005
0.35647740960121155
0.370583176612854
0.37445899844169617
0.34425440430641174
0.4304765462875366
0.4105885922908783
0.4005128741264343
0.32123202085494995
0.35184723138809204
0.4668231010437012
0.3658968210220337
0.4507333040237426
0.36350467801094055
0.3695106208324432
0.4746984541416168
0.3671975433826447
0.42568099498748774
0.3923708498477936
0.3780255317687988
0.3566070795059204
0.43000093102455134
0.4145265221595764
0.48476964235305786
0.48235586285591125
0.35668614506721497
0.3953865170478821
0.4171803593635559
0.40903764963150013
0.3886698186397552
0.4137832224369049
0.34640124440193176
0.3952307403087616
0.3816666901111602
0.4394242763519287
0.36405310034751887
0.3947778642177582
0.41007843613624567
0.382182776927948
0.41701215505599976
0.4259723126888275
0.41075661778450007
0.37826642394065857
0.35829612612724304
0.43507069349288946
0.45515686273574824
0.3881586492061615
0.4644210338592529
0.451671689748764
0.39663115143775934
0.3711971938610077
0.36326819658279413
0.3643352091312408
0.4172468781471253
0.33776503801345825
0.3821561634540558
0.38147023320198054
0.4110959470272064
0.35178449749946594
0.38978812098503113
0.49331855773925776
0.4709209203720093
0.35281762480735773
0.37751421332359314
0.41907721757888794
0.4118091762065888
0.38615250587463373
0.3641575872898102
0.3904867470264434
0.3663462400436401
0.45381838083267206
0.413704127073288
0.3370654881000519
0.4010698199272156
0.3828723728656769
0.45234814286232
0.3561190962791443
0.3708060085773468
0.40720757842063904
0.3568287193775177
0.4331797063350677
0.3788004219532013
0.46982413530349726
0.373605340719223
0.46091279387474066
0.39928120374679565
0.38343200087547297
0.38584646582603455
0.3902845084667206
0.38473415374755854
0.382591187953949
0.42506018280982966
0.40962794423103327
0.4149336814880371
0.4108211100101471
0.44822922348976135
0.4497228860855103
0.36817905306816096
0.39130139350891113
0.44077181816101074
0.40849342942237854
0.48783436417579645
0.42483556270599365
0.3452083170413971
0.3839886486530304
0.41667395830154413
0.4298079907894135
0.4244491457939148
0.40339377522468567
0.3633316457271576
0.3831258118152618
0.34254559874534607
0.3854632079601288
0.3647162616252899
0.4046206772327423
0.45970067381858826
0.3963176310062408
0.3883191049098969
0.37376418709754944
0.38645872473716736
0.38675656914711
0.430797666311264
0.395940899848938
0.3802625238895416
0.42747780680656433
0.3374059796333313
0.3696403205394745
0.4312767088413239
0.44729515910148626
0.4351561963558197
0.4727548658847809
0.3952295482158661
0.3721708357334137
0.3848753273487091
0.4440250098705292
0.36325687170028687
0.4202707409858704
0.37776646018028254
0.42694076895713806
0.3446986675262451
0.41914668679237366
0.40493461489677435
0.37598758935928334
0.38483697175979614
0.41127201914787287
0.405987560749054
0.3928100764751434
0.4326556921005249
0.3397260904312134
0.4159915149211884
0.39141687750816345
0.394888699054718
0.3988896012306213
0.3418653011322021
0.4051805138587952
0.4384399950504303
0.36693352460861206
0.41392156481742853
0.3579815924167633
0.42562651634216314
0.43863561749458313
0.5314149856567383
0.3585664927959442
0.4527627527713776
0.3812393546104431
0.4509471654891968
0.43243744969367987
0.3858146369457245
0.3537124693393707
0.4208366870880127
0.37577584385871887
0.4316512644290924
0.4224069714546204
0.4504362046718597
0.38017207384109497
0.48969599604606634
0.4023188054561615
0.429383248090744
0.41703429818153376
0.4694907963275909
0.36087325215339666
0.47323277592659
0.3703323304653168
0.36626261472702026
0.38086947798728943
0.4037209749221802
0.4462791979312897
0.3514159619808197
0.3830827176570892
0.4067220389842987
0.3762162625789642
0.43928584456443787
0.4124890863895416
0.3843257129192352
0.3627115190029144
0.40902939438819885
0.4127179980278015
0.40685728192329407
0.4111647307872772
0.4067014753818512
0.3898036777973175
0.3494683504104614
0.4102272093296051
0.3847794234752655
0.3736640214920044
0.40883055329322815
0.39537063241004944
0.3802861869335175
0.4247242510318756
0.3649519085884094
0.3558243811130524
0.3783541023731232
0.3860471546649933
0.3655482530593872
0.48248547315597534
0.36220476031303406
0.41750168800354
0.47353929281234736
0.4711556136608124
0.5040252804756165
0.3889917731285095
0.46838214993476873
0.3543934524059296
0.3710376918315888
0.3932671844959259
0.35943248867988586
0.38999143242836
0.3531070649623871
0.3510078191757202
0.39630126953125
0.3683231472969055
0.3744002282619476
0.4372153580188751
0.4152083694934845
0.4683801233768463
0.38865402340888977
0.39214354753494257
0.355184942483902
0.36193981766700734
0.3728256523609161
0.3730411231517792
0.4187681078910828
0.45579198002815247
0.39988768100738525
0.3575079143047333
0.3547740876674652
0.4401645958423615
0.40252324938774103
0.42935910820961
0.40805408358573914
0.377731055021286
0.4439687430858612
0.43969103693962097
0.39854928851127613
0.34080496430397034
0.3769110441207886
0.3966897130012512
0.3941757678985596
0.37853491306304926
0.3857423663139343
0.4340481758117676
0.4357399046421051
0.39108166098594666
0.35290056467056274
0.34825873374938965
0.40147736668586725
0.33544036746025085
0.3571162521839142
0.37893009185791016
0.3441678583621979
0.38246119022369374
0.40182772278785706
0.37333157658576965
0.46454328298568726
0.3779698014259338
0.4412897825241089
0.4175057113170624
0.3761014640331268
0.33381515741348267
0.4342013001441956
0.45486095547676086
0.37713056802749634
0.4273445904254913
0.44438466429710394
0.3482227623462677
0.38937073945999146
0.4666769802570343
0.37749513983726496
0.362616091966629
0.45482543110847473
0.45212244987487793
0.3659717440605164
0.4105214178562164
0.3905504643917084
0.4186323285102844
0.36100390553474426
0.4494335949420929
0.34771504998207087
0.3868408501148224
0.3977850377559662
0.3654585778713226
0.347890168428421
0.4246313571929932
0.4223272502422333
0.35524800419807434
0.42600280046463007
0.4414491951465607
0.36242732405662537
0.3745613694190979
0.4377645552158356
0.37809509038925165
0.3661826550960541
0.41671386361122126
0.4567439258098602
0.3790107667446136
0.3977745175361633
0.4453809559345245
0.3869104981422424
0.36096110939979553
0.37727826833724976
0.43084764480590815
0.3566635251045227
0.37003830075263977
0.4633208215236664
0.39812776446342474
0.4110506772994995
0.39510819315910334
0.4476583898067474
0.424128383398056
0.4334419667720794
0.39688840508461
0.4553029239177704
0.41350579261779785
0.3847878873348236
0.348736435174942
0.37615227699279785
0.4002356827259064
0.3733243048191071
0.37241291999816895
0.4430707395076752
0.3371222913265228
0.34688684344291687
0.43942907452583313
0.49988994002342224
0.46143189072608953
0.4189528524875641
0.3390919268131256
0.40383124351501454
0.3865388631820679
0.36558732390403753
0.4343670904636383
0.3872889578342438
0.4287469089031219
0.40604132413864136
0.3572070300579071
0.42169934511184687
0.4615079462528229
0.3813081383705139
0.4375730454921722
0.4641588032245636
0.40526691079139704
0.37389492988586426
0.48634004592895513
0.4089350998401642
0.3956628739833832
0.4659800529479981
0.4201342463493347
0.3391084969043732
0.3994983434677124
0.40649083256721497
0.40546122193336487
0.3660742938518524
0.42535674571990967
0.379216343164444
0.38011312484741205
0.34694644808769226
0.38291588425636286
0.4533763229846954
0.37492001056671137
0.3953488171100616
0.44518500566482544
0.4338823854923248
0.40606704354286194
0.418513149023056
0.40828981995582575
0.5127384066581726
0.36331382393836975
0.4220136106014252
0.3992921113967896
0.3737094700336456
0.4589573442935944
0.400460809469223
0.43373438715934753
0.4109547734260559
0.38102832436561584
0.4350827634334564
0.4017427563667297
0.4381026327610016
0.3556611239910126
0.4735167324542999
0.37368863821029663
0.4512474834918976
0.3929966986179352
0.34628841280937195
0.3686591982841492
0.44298115372657776
0.41330346465110773
0.39543595910072327
0.3871746063232422
0.39545503258705134
0.4869993031024933
0.46630775928497314
0.3788089454174042
0.3866519629955292
0.3510408401489258
0.4117714762687683
0.4795930087566376
0.3767479956150055
0.45199915766716
0.3735546171665192
0.397334098815918
0.3734118044376373
0.3711463212966919
0.3718204200267792
0.3574753701686859
0.34247156977653503
0.4156210720539093
0.3901935517787933
0.45225486159324646
0.44946983456611633
0.3920620381832122
0.3290323913097381
0.4305301606655121
0.4720804393291473
0.39786443114280706
0.42637860774993896
0.4305496513843536
0.4359257817268372
0.3841942846775055
0.401634156703949
0.3881251513957977
0.34346941113471985
0.47713449597358704
0.37342497706413275
0.4393069446086884
0.3487423360347748
0.4124766290187836
0.38444983959198
0.3782395124435425
0.38992783427238464
0.420861691236496
0.3922652900218964
0.36529299616813654
0.37321045994758606
0.4128284752368927
0.3565085232257843
0.39101979136466974
0.4494427442550659
0.4178040027618408
0.36988219618797297
0.45675483345985407
0.4620310962200165
0.4277315139770508
0.3475783169269562
0.4084358513355255
0.3715114891529083
0.34768873453140253
0.41846010088920593
0.38808038830757136
0.39961722493171686
0.37722194194793696
0.42973151803016657
0.38590899109840393
0.3337394893169403
0.46475520730018616
0.4078833162784576
0.43623724579811096
0.3510231077671051
0.3714021444320679
0.45411840081214894
0.34121936559677124
0.4280950129032135
0.3690177798271179
0.41943523287773127
0.39604651927948
0.45977529883384705
0.4136979877948761
0.3947915434837341
0.3893404603004456
0.45315530896186823
0.4243599474430084
0.38913637399673456
0.3773827254772186
0.37234893441200256
0.4524395167827606
0.3348747193813324
0.4165932238101959
0.43453320860862726
0.485578179359436
0.4600915014743805
0.4620262682437897
0.3724900186061859
0.3598644733428955
0.3521330654621124
0.3650505244731903
0.3687786161899567
0.3726735413074493
0.42007455229759216
0.3842854201793671
0.40266963839530945
0.364361584186554
0.47928187251091
0.3628817796707153
0.40833231806755066
0.37483018636703486
0.38025608658790583
0.4279853403568268
0.4395000636577606
0.39177456498146057
0.37613514065742487
0.41011407971382147
0.3848752081394196
0.37976995110511774
0.3656279146671295
0.3456672728061676
0.3653993904590607
0.390520453453064
0.37067991495132446
0.47822821140289307
0.3700934946537018
0.3714037835597992
0.4544781744480133
0.39350768923759455
0.38860228657722473
0.41286650300025934
0.39457824826240534
0.3708236515522003
0.4107540547847748
0.37484419345855713
0.3811953365802765
0.4018805921077728
0.3970374763011932
0.41964039206504816
0.4370801746845245
0.49098569154739374
0.3903606235980988
0.43340203166008
0.44724765419960016
0.424189418554306
0.3822765648365021
0.38692066073417664
0.3960282504558563
0.4838344156742096
0.414311796426773
0.3468568027019501
0.3913950920104981
0.42852833867073054
0.3829362690448761
0.3842527866363525
0.3969868719577789
0.47415915131568903
0.38226625323295593
0.34728574752807617
0.46516284346580505
0.4117556512355805
0.4433068335056305
0.378071129322052
0.37086817622184753
0.42330619692802424
0.4510758817195892
0.4003752171993256
0.3992657959461212
0.4223904311656952
0.37811169028282166
0.4104844629764557
0.3912512958049774
0.37868604063987726
0.4132536053657532
0.4577641189098358
0.4412927925586701
0.35171958804130554
0.414956659078598
0.36079660058021545
0.4139886200428009
0.3833666145801544
0.3589683473110199
0.3585464060306549
0.405704528093338
0.40894451737403864
0.38384413719177246
0.387654036283493
0.45201253890991205
0.45068988204002386
0.40930825471878046
0.43373823165893555
0.4179514348506928
0.3819736838340759
0.42277267575263977
0.38284483551979054
0.44735792279243464
0.3827601075172424
0.3917703628540039
0.40683165192604065
0.44264099001884466
0.3210009038448334
0.4239007234573364
0.393911212682724
0.39199545979499817
0.33832547068595886
0.4374869763851166
0.42909702658653254
0.416284292936325
0.3851223886013031
0.4196910858154297
0.4250369966030121
0.421404242515564
0.4092704355716705
0.4008317291736602
0.42958715558052063
0.4000020623207092
0.34834867715835566
0.41788783669471746
0.3677406013011932
0.4552043974399567
0.4146703481674194
0.42114895582199097
0.35917010903358454
0.39859414100646967
0.4851529896259308
0.471870630979538
0.41321247816085815
0.3858195841312408
0.36174121499061584
0.4059806764125824
0.38596451282501215
0.4219361245632172
0.381731390953064
0.4059031307697296
0.35199785232543945
0.4252375066280365
0.45320665836334234
0.4160783588886261
0.3593811094760895
0.34108686447143555
0.3857599496841431
0.3928729593753815
0.4260605275630951
0.4324057698249817
0.36836734414100647
0.39029422402381897
0.3594418466091156
0.3787432312965393
0.3740484416484833
0.3792721331119537
0.4405915439128876
0.4413538873195648
0.3707766234874725
0.3891250789165497
0.35119783878326416
0.37339991331100464
0.41854298114776606
0.4658685028553009
0.386311948299408
0.43153560161590576
0.34523388743400574
0.3922533392906189
0.46505609154701233
0.39011785387992853
0.3892511129379272
0.40610066056251526
0.41897270083427435
0.3782983720302582
0.3706327378749848
0.4982468783855438
0.4151880741119385
0.4048552513122559
0.47775861620903015
0.3772969543933869
0.3602953255176544
0.4342826008796692
0.4376124441623688
0.44533613324165344
0.4130190014839172
0.3906289637088776
0.36259022355079645
0.38694605231285095
0.37242242693901056
0.4367216825485229
0.40259686112403864
0.3950709700584412
0.34367382526397705
0.4149223864078522
0.38150507211685186
0.44505432248115534
0.3568785786628723
0.42785215377807617
0.40113896131515503
0.365852028131485
0.43344679474830633
0.4088269174098969
0.43571498990058893
0.4240576922893524
0.3774760663509369
0.38483199477195734
0.39350607991218567
0.4436802268028259
0.3536459803581238
0.4526645839214325
0.39236804842948914
0.3800719678401947
0.4052487909793854
0.44219624996185297
0.37554764747619623
0.41572445631027216
0.38945043087005615
0.3852080404758453
0.4358319342136383
0.3881939351558685
0.41228112578392023
0.4011066555976868
0.39546856284141535
0.3997171819210053
0.4465578198432922
0.3417050540447235
0.4276171326637268
0.4445396065711975
0.4448042809963226
0.4016818702220917
0.47506520152091974
0.3491322100162506
0.3884179592132568
0.35433802008628845
0.44815751910209656
0.4771174490451813
0.37787583470344543
0.4668823778629303
0.40916767716407776
0.37959557771682734
0.4170722663402557
0.35080137848854065
0.3926461637020111
0.4412773847579956
0.4225753545761108
0.3998967409133911
0.3860201239585877
0.3588056564331054
0.37666994333267206
0.4222588837146759
0.35886529088020325
0.4224967956542969
0.43622064590454096
0.3774650990962982
0.3806111812591553
0.4340924918651581
0.353140264749527
0.32473191618919367
0.35798832774162287
0.38844656944274897
0.4170336127281189
0.3899896442890167
0.3888386189937592
0.39516261219978327
0.4579210579395294
0.4121377766132354
0.34050902724266047
0.39623308181762695
0.4042109549045562
0.48449078202247614
0.3760924935340881
0.4200459122657776
0.3816963136196136
0.40158411860466
0.37352421879768366
0.37497445940971375
0.35530805587768555
0.4402533173561096
0.3879134953022003
0.44508498907089233
0.37778797745704645
0.4058208763599396
0.44290643930435186
0.39204028248786926
0.38229292631149286
0.41324743628501887
0.4071069657802582
0.40215542912483215
0.38661107420921326
0.3676225543022156
0.40824124217033386
0.41650807857513433
0.36492583155632013
0.4471068680286408
0.3962794244289398
0.34098926186561584
0.38377672433853144
0.406339555978775
0.3969670236110687
0.3781104981899261
0.37701830267906183
0.4430408775806427
0.38733407855033875
0.42665949463844294
0.3391115367412567
0.36729732155799866
0.3582860231399536
0.4619894027709961
0.38829752802848816
0.3858790099620819
0.4519728422164917
0.3933686316013336
0.4300352036952973
0.426991581916809
0.44023966789245605
0.37722960114479054
0.4699819087982178
0.3576646745204925
0.4023142457008362
0.48242977261543274
0.30131277441978455
0.4352156817913056
0.3878853023052216
0.37674304842948914
0.4059699475765228
0.4502940773963928
0.35577285289764404
0.38168564438819885
0.41697072982788086
0.3513413965702057
0.3915949761867523
0.45488676428794866
0.36531034111976624
0.37681525945663447
0.3514188826084137
0.4289791882038117
0.46347799897193914
0.3813261389732361
0.38503459095954895
0.4035682082176208
0.4155884087085724
0.4127444922924042
0.39248448610305786
0.42539140582084656
0.4049169421195984
0.3867222964763641
0.46880277991294866
0.41178551316261286
0.44024223089218134
0.42410376667976374
0.4544252753257752
0.41269189119338984
0.36868497729301447
0.4282534420490265
0.3842868506908417
0.4604005813598633
0.40961205959320074
0.3954038321971893
0.3773890137672424
0.41624754667282093
0.38820743560791016
0.3881972134113312
0.37835624814033514
0.421446681022644
0.42521476745605463
0.3805557787418365
0.4241665601730346
0.43917459249496454
0.3663428723812103
0.38981351256370544
0.3781811594963074
0.39248743653297424
0.3794371783733368
0.4037990868091583
0.4219593107700348
0.4461207091808319
0.3724917471408844
0.3940546214580536
0.42024305462837214
0.3823777437210083
0.3654665648937225
0.3926238417625427
0.37056076526641846
0.4188300967216492
0.4093756973743439
0.3660569190979004
0.34066715836524963
0.4594333171844482
0.36641067266464233
0.3897645771503448
0.45266345143318176
0.48212847113609314
0.3793371915817261
0.3687385618686676
0.39027091860771174
0.37576657533645624
0.3756336867809296
0.386920690536499
0.43908140063285833
0.3653208315372467
0.3383004069328308
0.4884031414985657
0.3852026760578156
0.40774354338645935
0.5441576838493347
0.34209880232810974
0.5366548299789429
0.37617373466491694
0.3582285344600677
0.3976081311702728
0.4341686367988586
0.34437248110771174
0.44518217444419855
0.3856308162212372
0.3598518967628479
0.42729246616363525
0.399850457906723
0.35232272744178766
0.3931317031383514
0.43884614109992975
0.34002289175987244
0.3758911192417145
0.38018578290939326
0.5019271373748779
0.4658717811107635
0.35531389713287354
0.38073563575744634
0.38167253136634827
0.41326156258583063
0.3768280446529389
0.4171968400478363
0.36793363094329834
0.37925949692726135
0.4147107303142548
0.4056780636310577
0.4027992784976959
0.36894646286964417
0.3731720745563507
0.38166406750679016
0.3891837298870087
0.3843532502651215
0.40777519345283514
0.3908761143684387
0.4526987075805664
0.4009787738323212
0.355975866317749
0.39800882339477534
0.3916285634040833
0.41456168889999384
0.3333275616168976
0.4005573987960816
0.3730134963989258
0.3646246492862701
0.4087688624858856
0.3688712418079376
0.3710161745548248
0.358962744474411
0.37598940730094904
0.36328387260437006
0.4241495430469513
0.371566504240036
0.4512811005115509
0.3777272999286652
0.4037097096443176
0.4252298176288605
0.4680423438549042
0.4011105000972748
0.3996300995349884
0.42464026808738714
0.3920941650867462
0.37354788184165955
0.4711417853832245
0.4156034290790558
0.36771082878112793
0.4452689290046692
0.42250412702560414
0.35412880778312683
0.4235686957836151
0.385770320892334
0.42013183236122126
0.37407836318016047
0.371530681848526
0.44259318709373474
0.37726166844367987
0.43493875861167913
0.41891500353813166
0.376356303691864
0.37345734238624567
0.3678701519966125
0.38347747921943665
0.37900048494338984
0.34570673108100886
0.40864828228950495
0.4471586048603058
0.3942706882953644
0.3497593104839325
0.36883142590522766
0.36094930768013
0.4415380358695984
0.37575939297676086
0.3953417241573334
0.33394482731819153
0.37800270318984985
0.4564577639102936
0.3477953970432281
0.40321919322013855
0.3879315257072449
0.3735525906085968
0.46277257800102234
0.3869228065013885
0.39037850499153137
0.3857259154319763
0.3816618025302887
0.3586040437221527
0.4305313229560852
0.34809657931327814
0.3775595128536224
0.3671022951602936
0.38398310542106634
0.3478694558143616
0.4348765313625336
0.4539751708507538
0.4058431684970856
0.3682861030101776
0.3706250786781311
0.4131186306476593
0.37245923280715937
0.42548906803131104
0.3959464430809021
0.4035358130931854
0.40799263119697565
0.39594265818595886
0.3458223044872284
0.4878183901309967
0.4317456185817719
0.3891603350639343
0.43525171279907227
0.41574546694755554
0.4639252424240112
0.3945741057395935
0.35538074374198914
0.4233940541744232
0.4422124028205872
0.41594937443733215
0.314014196395874
0.4377752244472504
0.41057506203651434
0.40065011382102966
0.412526935338974
0.3859681189060211
0.4275766611099243
0.3495735228061676
0.4604921042919159
0.4527960419654846
0.4826069176197052
0.3945978581905365
0.46157535910606384
0.3653952181339264
0.36529791355133057
0.3416053056716919
0.3921192288398743
0.33976516127586365
0.41597348451614374
0.34361547231674194
0.3932813704013824
0.34753844141960144
0.4311428964138031
0.3870812952518463
0.3631422817707062
0.38022109866142273
0.457800418138504
0.4411620199680328
0.40431112051010126
0.421943336725235
0.37246415019035334
0.39550766348838806
0.43487009406089777
0.3974932134151458
0.4219003021717072
0.41233623027801514
0.38364404439926153
0.3673792481422424
0.4239878952503204
0.46483680605888367
0.4337022006511688
0.4828851819038391
0.3622610867023468
0.38891437649726873
0.41657048463821406
0.4226734340190888
0.3979634940624237
0.38333705067634577
0.42148002982139593
0.43775808811187744
0.42533609271049494
0.3825345039367676
0.43148812651634216
0.3493596613407135
0.3674247860908508
0.3629471361637115
0.41806870698928833
0.4142388999462128
0.3348361849784851
0.3662594854831696
0.4397710859775543
0.3993122577667236
0.4323826730251312
0.39965987205505366
0.397341251373291
0.34279248118400574
0.386439174413681
0.3409406840801239
0.41173213720321655
0.38681289553642273
0.4507182538509369
0.3531748950481415
0.4780600965023041
0.365611344575882
0.34521910548210144
0.3743590712547302
0.41112974286079407
0.438462883234024
0.426840215921402
0.37762126326560974
0.45036664605140686
0.44791156053543085
0.35905471444129944
0.40078535676002497
0.4449021518230438
0.38877406716346735
0.42022958397865295
0.4224667251110077
0.41600552201271057
0.3563780188560486
0.3845541775226593
0.3480125367641449
0.42701691389083857
0.3093277513980865
0.3260177671909332
0.42859968543052673
0.39639475941658014
0.3703742325305938
0.38570681214332575
0.485740453004837
0.3813322484493256
0.4120040833950042
0.40130677819252014
0.38935908675193787
0.43726882338523854
0.3789740800857544
0.4080764949321746
0.4630164802074432
0.42383730411529535
0.4657439887523651
0.38473060727119446
0.4372160732746124
0.4065912365913391
0.39068084955215454
0.43721792101860046
0.4208596348762512
0.37934482097625727
0.42848667502403254
0.38848534226417536
0.47610396146774286
0.39033398032188416
0.4617184102535248
0.4075583219528198
0.3664616346359253
0.37177261710166926
0.3606713712215424
0.4046100378036499
0.4155917167663574
0.371481329202652
0.37609118223190313
0.41738286614418024
0.3805979192256928
0.3402380049228668
0.339324027299881
0.44095236063003534
0.38026091456413275
0.4202529489994049
0.41169974207878113
0.3885585367679596
0.42391321063041687
0.4384225308895111
0.4109345972537994
0.4311367869377136
0.37782272696495056
0.4220124781131744
0.36970975995063776
0.3728263080120087
0.44643214344978327
0.4575368463993073
0.47222292423248285
0.3774376213550568
0.39934754371643066
0.37189480662345886
0.44148197770118713
0.3843370974063873
0.4769188463687897
0.3958384096622467
0.3709643483161926
0.4608134925365448
0.3852364718914032
0.4108707904815674
0.387259304523468
0.39942803978919983
0.3871782124042511
0.4608753025531769
0.5518375635147095
0.3486213982105255
0.44790560007095337
0.3962237536907196
0.39987203478813166
0.38655158877372736
0.35849523544311523
0.3780077993869781
0.36258828639984125
0.41237059235572815
0.42720791697502136
0.4575173854827881
0.4406803548336029
0.383019894361496
0.3731619417667389
0.37222906947135925
0.3878567516803741
0.3565763533115387
0.38419869542121887
0.35236409306526184
0.4059838950634002
0.39956408739089966
0.3600527346134186
0.3798034489154816
0.425881952047348
0.41417834162712097
0.37947234511375433
0.39204481244087214
0.44259366393089294
0.36047625541687006
0.49291327595710754
0.35323289036750793
0.514070987701416
0.36060503125190735
0.38588690757751454
0.3708406686782837
0.4194738566875458
0.3635525405406952
0.41696628928184504
0.37394759058952326
0.3802080750465393
0.3911634385585785
0.3925091028213501
0.4385896623134613
0.3968594074249268
0.3825936615467072
0.4296146035194397
0.37994012236595154
0.37276995182037354
0.36824139952659607
0.3836272060871124
0.36471655964851374
0.4206942021846771
0.4107084572315216
0.4952187240123749
0.3977476060390472
0.3880828320980072
0.3418119251728058
0.44346663355827326
0.4211539924144745
0.3874861001968384
0.3728848993778229
0.46830987930297846
0.4093589186668396
0.39182183146476746
0.3726246058940888
0.3735215961933136
0.38560888171195984
0.39615178108215326
0.3601078987121582
0.4309271275997162
0.34915417432785034
0.40841349959373474
0.38582715392112726
0.41742122173309326
0.39688336849212646
0.38727727532386774
0.3877965211868286
0.3714537024497986
0.3694749176502228
0.3838173449039459
0.331796258687973
0.40544283390045166
0.45607325434684753
0.3776799738407135
0.4524794518947601
0.34819892048835754
0.39604452252388
0.3783740103244781
0.39273455739021296
0.371444433927536
0.42312267422676086
0.35405677556991577
0.39725571870803833
0.4669335782527924
0.3600975573062897
0.3569336831569672
0.3962622582912445
0.3650207817554474
0.4330038130283356
0.31688642501831055
0.443532794713974
0.41414952278137207
0.37531542778015137
0.369979590177536
0.44812703132629395
0.39570710062980646
0.4201146960258484
0.36541005969047546
0.3989870548248291
0.3796951770782471
0.367584764957428
0.38427719473838806
0.4289855062961578
0.44182139635086054
0.38870692253112793
0.3955643475055695
0.4575686156749725
0.3833197057247162
0.392347127199173
0.37467366456985474
0.3904820382595062
0.4180390536785126
0.45293948054313654
0.3732404410839081
0.41484901309013367
0.4721002876758576
0.4311155378818512
0.3735872507095337
0.4463402330875397
0.3586568534374237
0.39080965518951416
0.4071256220340729
0.3800530731678009
0.4564713835716248
0.36638849973678583
0.36099135875701904
0.483840137720108
0.39886048436164856
0.3841647505760193
0.3844703435897827
0.41802778840065
0.35245248675346375
0.4208403527736664
0.4039713442325592
0.3519230782985687
0.4284047186374664
0.31629678606987
0.37959828972816473
0.4691717326641082
0.457586795091629
0.4419159889221192
0.35326918959617615
0.38939878344535833
0.4307676255702973
0.32897982001304626
0.37375167012214655
0.38309106230735773
0.374083548784256
0.4038774967193604
0.3333697021007538
0.3730577230453491
0.36514583230018616
0.4363062083721161
0.3918541073799133
0.4610605239868164
0.3592937886714936
0.39766192436218256
0.34835854172706604
0.41497400403022766
0.4038306474685669
0.3936215937137604
0.3976848423480988
0.4561737477779389
0.4155972003936768
0.3872810900211334
0.4292661249637604
0.3870152533054352
0.3942132592201233
0.3327716290950775
0.37704664468765253
0.46097478270530706
0.4174551665782928
0.4227710366249085
0.4021525382995605
0.38464692234992975
0.39740189909935
0.39863476157188416
0.47681853175163275
0.38373884558677673
0.3880005478858948
0.36446642875671387
0.4314868748188018
0.4053759276866913
0.4560610353946686
0.36111059784889216
0.44253322482109064
0.3804993033409119
0.38797655701637274
0.386080414056778
0.4791472256183624
0.44294056296348566
0.47324672341346735
0.4320773780345917
0.36306658387184143
0.3562009334564209
0.38544943928718567
0.3756567537784576
0.3647875487804413
0.36531427502632147
0.4584195911884308
0.37102350592613215
0.4501574337482452
0.40376254916191107
0.3953354358673096
0.41013735532760626
0.3717438876628876
0.45916667580604553
0.4172585904598236
0.351654589176178
0.3840951025485992
0.4098590612411499
0.3603671491146088
0.39945405721664423
0.36129632592201233
0.4119119942188263
0.4789402782917023
0.4052257537841797
0.3382422626018524
0.42369943857192993
0.429591566324234
0.36739304661750793
0.3909923732280731
0.42264479398727417
0.3895935118198394
0.4702369272708893
0.41472467780113215
0.4540518224239349
0.36963704228401184
0.4242002069950104
0.4117780327796936
0.3963041603565216
0.4091144502162933
0.4080903232097626
0.4014838039875031
0.4406222403049469
0.3677264750003815
0.40593281388282776
0.37458735704422
0.3894835412502289
0.4447977244853973
0.4361841082572937
0.4456099569797516
0.3500462472438812
0.4411894381046295
0.3313322961330414
0.4501135051250458
0.39147135615348816
0.45881736278533936
0.3945216536521912
0.4209383428096771
0.4402578771114349
0.4391513764858246
0.4351018369197845
0.3646261692047119
0.4144813716411591
0.400010198354721
0.3896436393260956
0.3859058916568756
0.4466204345226288
0.4521804451942444
0.4595615267753601
0.3677306473255157
0.443487137556076
0.4281574189662933
0.3516148626804352
0.39220109581947327
0.39147397875785833
0.3788142800331116
0.3886827528476715
0.4328352808952332
0.41493526101112366
0.3671423494815826
0.39472335577011114
0.38550359010696406
0.42232677340507513
0.3722853362560272
0.4068057835102081
0.3662730157375336
0.383591502904892
0.43849143385887146
0.370675653219223
0.38010904192924494
0.3413184583187103
0.41227844357490534
0.3754418790340424
0.4095736742019653
0.3721757233142853
0.4396744668483734
0.380334347486496
0.4236808717250824
0.37111830711364746
0.3710669577121735
0.46243610978126526
0.4139842391014099
0.37857824563980097
0.4403688609600067
0.4045630991458893
0.42860206961631775
0.3643369376659393
0.4254287779331207
0.37960639595985407
0.4626493752002716
0.37234216928482056
0.3392700254917145
0.39225536584854126
0.3958481550216674
0.4274915158748626
0.3679753243923187
0.39783933758735657
0.3617349565029144
0.4580022096633911
0.3757042288780213
0.4711554646492004
0.3406825363636017
0.4337702691555023
0.45130613446235657
0.4172741770744324
0.38126876950263977
0.3782677352428436
0.48553997278213507
0.4666932225227356
0.3932724297046661
0.427547425031662
0.34725093841552734
0.43016400933265686
0.458378791809082
0.3893179595470429
0.33689001202583313
0.3668022751808167
0.4637158215045929
0.43338993191719055
0.4139359891414642
0.4108761250972748
0.43483924865722656
0.4508667290210724
0.36314514279365534
0.39318811893463135
0.3951102793216705
0.35069608688354487
0.3872546255588531
0.3765557110309601
0.3932252824306488
0.38918873667716974
0.45613482594490046
0.45914936065673834
0.454664021730423
0.39949917793273926
0.37557381391525274
0.41050389409065247
0.3992211520671845
0.3690863847732544
0.4103557765483856
0.35688081383705134
0.4527722895145416
0.3824442625045776
0.346015065908432
0.4081352949142456
0.38574621081352234
0.41951760649681086
0.4334336519241333
0.3907662332057953
0.36846014857292175
0.4157443344593048
0.3772177994251251
0.4420343935489655
0.36741778254508967
0.38145697116851807
0.41419121623039246
0.445894330739975
0.39556449651718134
0.3529716730117798
0.3715978860855103
0.35945653915405273
0.4267447888851166
0.44165548682212824
0.43795880675315857
0.4519699811935425
0.44134923815727234
0.39255943894386286
0.3506888449192047
0.41083583235740656
0.3724935054779053
0.3465839922428131
0.39798745512962336
0.41882851719856257
0.3931895196437836
0.41966113448143005
0.4068195521831512
0.3657096326351166
0.4195809066295624
0.37011381983757013
0.392311155796051
0.33670172095298767
0.4886697232723236
0.37552937865257263
0.4028047919273376
0.38057997822761536
0.4846664965152741
0.3747024834156036
0.4915432929992676
0.37700143456459045
0.4451591968536377
0.4140742123126984
0.4545547664165497
0.4009438455104828
0.3623465597629547
0.4969694316387177
0.4206352829933167
0.38620349764823914
0.4397092163562775
0.4529816806316376
0.4338223040103912
0.4366789758205414
0.3915860950946808
0.3771606981754303
0.42282092571258545
0.39101874828338623
0.4030515253543854
0.39978659152984614
0.3900093734264374
0.467852920293808
0.36759755015373224
0.4443853795528412
0.3867200314998626
0.3927441835403442
0.42931026220321655
0.3849761486053466
0.3915127813816071
0.4796395003795624
0.4373888075351715
0.4116984009742737
0.43634453415870667
0.447018027305603
0.39912408590316767
0.4095943868160248
0.4122278988361359
0.3876669704914093
0.441258430480957
0.3547327220439911
0.3603208959102631
0.3899729549884796
0.4396877586841583
0.41502684354782093
0.44714769721031195
0.36968669295310974
0.3927241563796997
0.38408693671226496
0.4438036978244781
0.36669906973838806
0.4150681793689728
0.38852807879447937
0.35841038823127747
0.4585863053798676
0.41691303253173834
0.3708060681819916
0.4388960897922516
0.3487665951251984
0.4416668117046356
0.4132941067218781
0.4331627190113068
0.37817493081092834
0.4405000805854797
0.3657031953334808
0.4604171216487885
0.43996030092239374
0.48868179321289057
0.3714610040187836
0.3924968540668488
0.36741587519645685
0.3824181854724884
0.4849922358989716
0.393742561340332
0.3652741611003876
0.3764006793498993
0.37671369314193726
0.3971850574016571
0.391670435667038
0.4704656898975372
0.441461592912674
0.3773174583911896
0.3786097764968872
0.398455947637558
0.3940425217151642
0.4070693552494049
0.4086749851703644
0.4619133174419403
0.41390591859817505
0.35408732295036316
0.35825949907302856
0.43558451533317566
0.42476853728294367
0.36426225304603577
0.3718517124652863
0.3818283677101135
0.4042010605335236
0.4230154156684875
0.37957629561424255
0.43529528379440313
0.35465753078460693
0.3698933124542236
0.3893465101718903
0.3971849083900452
0.3885658383369446
0.3568927049636841
0.39990785717964167
0.36440864205360407
0.37194281816482544
0.3984323143959045
0.3499789535999298
0.41348749399185186
0.385307103395462
0.4531426727771759
0.37337544560432434
0.34233126044273376
0.3459565937519073
0.4519459903240204
0.38597992062568653
0.4647997915744781
0.40570968389511114
0.38684043288230896
0.4244483411312103
0.4192940294742584
0.4710769951343536
0.37483289837837214
0.3579558730125427
0.3716701865196228
0.3683020770549774
0.42617830634117126
0.418807715177536
0.38905784487724304
0.3672835230827332
0.3885934948921204
0.3727025091648102
0.38903173804283137
0.35597750544548035
0.3619016706943512
0.3655181527137756
0.4121025502681732
0.43731069564819336
0.3674980700016022
0.3742123544216156
0.42342481017112726
0.32313641905784607
0.40033039450645447
0.4331454932689666
0.3876123130321503
0.4454781115055084
0.3833722770214081
0.463328093290329
0.4345913827419281
0.4659134447574616
0.44668129086494446
0.4009897112846375
0.38085857033729553
0.4053530991077423
0.37532857060432434
0.5286174416542053
0.3951464593410492
0.3781223893165588
0.48627814650535583
0.4002442955970764
0.3483063876628876
0.42738077044487
0.4637995660305023
0.3975487649440765
0.44964936375617987
0.3975594341754913
0.3764631152153015
0.38944813609123224
0.41412028670310974
0.4902524352073669
0.38152328133583063
0.35864564776420593
0.339026540517807
0.41795089840888977
0.39667484164237976
0.40316653251647944
0.37537619471549993
0.39202636480331426
0.43297097086906433
0.34199050068855286
0.4974594414234161
0.4608456790447235
0.41472694277763367
0.37591210007667536
0.42772290110588074
0.39402636885643005
0.42800340056419367
0.4023462235927582
0.4052869081497192
0.3727348148822784
0.4014314413070679
0.4239783585071564
0.38866665959358215
0.418111115694046
0.37104126811027527
0.43594476580619806
0.41681063175201416
0.4344189465045929
0.36842796206474304
0.3963181674480438
0.40998461842536926
0.3721764385700226
0.3886425793170929
0.4363452196121216
0.36884355545043945
0.34809038043022156
0.5031229853630066
0.3748776018619537
0.36729937791824335
0.4674912989139557
0.4273140132427216
0.39421266317367554
0.4083423912525177
0.32773926854133606
0.4727198779582977
0.39763393998146057
0.40109479427337646
0.37607327103614807
0.4402884542942047
0.37702432274818415
0.3548615276813507
0.4252184927463531
0.43596524000167847
0.3876534402370453
0.42953395843505854
0.4324467182159424
0.4135722815990448
0.38619124889373774
0.4177912175655365
0.3891531527042389
0.3875083029270172
0.42487585544586176
0.3595156967639923
0.4055202305316925
0.43977349996566767
0.4266932904720306
0.40745586156845087
0.366541713476181
0.4340221583843231
0.3676650822162628
0.4193197190761566
0.37257298827171326
0.38182029128074646
0.3405590355396271
0.434228628873825
0.42679336667060846
0.44878908991813654
0.3862809836864472
0.46425014734268183
0.5104515552520752
0.3899160623550415
0.5090941190719604
0.4311776459217072
0.3950531184673309
0.43963250517845154
0.4078553020954132
0.391267865896225
0.3952619731426239
0.43734529614448553
0.3977583348751068
0.3854560554027557
0.4792737662792206
0.4585508704185486
0.42184910178184504
0.4308997094631195
0.40444967150688166
0.406188428401947
0.42056015133857727
0.4302878379821777
0.4155470430850983
0.4466051161289215
0.4167956113815308
0.3525138199329376
0.438836932182312
0.34865769743919367
0.3819527328014374
0.4431366920471192
0.39814326167106634
0.38228410482406616
0.409209817647934
0.3774378597736359
0.452879011631012
0.4235372543334961
0.31281426548957825
0.44704940915107727
0.4535301923751831
0.36600390076637274
0.38461884856224066
0.3607563078403473
0.43545719981193537
0.4155128300189972
0.4290459156036377
0.39378169178962713
0.35781338810920715
0.3396751582622528
0.4271707236766815
0.32478687167167664
0.3680361211299896
0.43215963244438166
0.44254216551780706
0.39405399560928334
0.3670434653759002
0.39899900555610657
0.4613665640354157
0.32522311806678766
0.40270677208900446
0.388540118932724
0.43076851963996887
0.41915300488471985
0.4437632858753204
0.3812956511974335
0.47851309180259693
0.3747037649154663
0.37822964787483215
0.39229205250740046
0.36903563141822815
0.3946661055088043
0.3689803183078766
0.3935438394546509
0.3415796756744385
0.38050803542137146
0.37123575806617737
0.4552750289440155
0.409559041261673
0.5072963833808899
0.4187740385532379
0.4418448805809021
0.4716585874557495
0.39831072092056274
0.4227936863899231
0.4055856168270111
0.4223005473613739
0.4427085816860199
0.46950140595436096
0.40917208790779114
0.4395056962966919
0.3816752135753632
0.34932777285575867
0.42458784580230713
0.4083271324634552
0.41574516892433167
0.44194048643112177
0.4105614721775055
0.40494355559349055
0.40790459513664246
0.42515018582344055
0.39170557260513306
0.3605121374130249
0.3431195914745331
0.3918522894382477
0.4480372369289398
0.3179149031639099
0.42371430993080134
0.4399719834327698
0.3799555897712708
0.3910070359706879
0.3734294772148132
0.4188420474529266
0.4108049273490906
0.3604485094547272
0.4561291635036469
0.3459908068180084
0.3478794991970062
0.4410543143749237
0.38417029380798334
0.3587808609008789
0.42053982615470886
0.3578154444694519
0.4125911891460418
0.43450665473937994
0.3739518225193024
0.3885689675807953
0.4751010835170746
0.3856723606586456
0.44963869452476496
0.38604584336280817
0.3777336776256561
0.4049702286720276
0.46878072619438166
0.4693331122398376
0.3924389481544495
0.3652863800525665
0.3874972462654114
0.3647061884403229
0.3759203255176544
0.4194064736366272
0.38664528727531433
0.3890496790409088
0.4463578462600708
0.3944638669490814
0.4858759939670562
0.4571096003055573
0.36887294054031367
0.327993780374527
0.41356995701789856
0.412262499332428
0.5046426057815552
0.4233756959438324
0.44972321391105646
0.37908783555030817
0.3739540278911591
0.4263918101787567
0.40505614876747126
0.34053874015808105
0.45745447278022766
0.3817245662212372
0.4567862451076508
0.41105374693870544
0.3869893550872802
0.3556674122810364
0.38853570818901056
0.4155083298683167
0.3910504877567291
0.41308662295341486
0.3595830500125885
0.35645198822021484
0.3970893323421478
0.36666449904441833
0.4605215489864349
0.3798688054084778
0.4129317700862885
0.3940651714801788
0.3877343237400055
0.34717041254043574
0.3924179375171661
0.42548355460166926
0.48168820142745966
0.3441992700099945
0.37265530228614807
0.36396315693855286
0.3655785918235778
0.3939949572086334
0.479952335357666
0.43862560391426086
0.4481745660305023
0.4079865515232086
0.3959217965602874
0.3501715362071991
0.4422888457775116
0.47662284970283514
0.38427954912185674
0.40331897139549255
0.3798149526119232
0.3690690696239472
0.46062520146369934
0.4709344208240509
0.40324434638023376
0.3913730680942536
0.4216457903385162
0.47449758648872375
0.38158538937568653
0.4041535556316376
0.4426702260971069
0.3821229636669159
0.35712331533432007
0.4402385950088501
0.4601197242736816
0.4422636330127716
0.40530389547348017
0.4247187674045562
0.40395829081535334
0.39044439792633057
0.403962641954422
0.5048123002052307
0.4707779586315155
0.46625310182571406
0.463870644569397
0.45815446972846974
0.373001754283905
0.3500935733318329
0.3768948018550873
0.36301121115684504
0.38016417622566223
0.4290449321269989
0.4143797159194946
0.3703875839710236
0.3418179452419281
0.469370573759079
0.40555194020271296
0.41132962703704834
0.35159265995025635
0.4498196244239807
0.47336682677268976
0.36263468861579895
0.3914516270160675
0.35029137134552
0.38949757814407354
0.387904703617096
0.37361583113670344
0.3739125430583954
0.3834138214588165
0.377793937921524
0.3796336352825165
0.4157367050647736
0.3656795918941498
0.429646760225296
0.335952490568161
0.4184330403804779
0.35620495676994324
0.4372122287750244
0.4762610197067261
0.41047611832618713
0.39867886900901794
0.38565835356712336
0.35638222098350525
0.38336044549942017
0.4198743999004364
0.37030348181724554
0.4055308997631073
0.4802205562591553
0.3942554295063018
0.38480702042579645
0.3565615713596344
0.4732682108879089
0.35317316651344294
0.4428200423717498
0.40010532736778254
0.4154402911663056
0.3748690187931061
0.3330655694007873
0.4110835790634155
0.39871385693550104
0.41900995373725886
0.45895385742187506
0.3903322219848633
0.3994062542915344
0.3806552588939666
0.3984265923500061
0.3973529636859894
0.36743125319480896
0.3572080433368683
0.4774667918682098
0.37544330954551697
0.48002973198890686
0.4054742753505706
0.4468478262424469
0.3725495338439941
0.4512789845466614
0.4239016473293304
0.365663856267929
0.4155457317829132
0.3886456787586212
0.3695443868637085
0.4355438649654389
0.3922366499900818
0.4085023105144501
0.39127534627914423
0.4758680462837219
0.3916542232036591
0.4208405315876007
0.41592890024185186
0.3896770775318146
0.3878831565380096
0.40492716431617737
0.4535852372646332
0.3795844316482544
0.3770668804645538
0.45246377587318415
0.3563086688518524
0.3641010820865631
0.41465881466865534
0.3897501230239868
0.45955160260200495
0.4271016418933869
0.40789857506752014
0.3545280992984772
0.3949319124221802
0.34175121784210205
0.4220280349254608
0.39799910783767695
0.4472524225711823
0.37647080421447754
0.40156611800193787
0.3780708909034729
0.4430714249610901
0.4942901730537415
0.39425548911094666
0.40815624594688416
0.3242637813091278
0.45430162549018854
0.3684549033641815
0.4539991915225983
0.4536786079406738
0.367449164390564
0.3860141634941101
0.3416249454021454
0.39704546332359314
0.518481194972992
0.3790382444858551
0.3474425971508026
0.42503371834754944
0.37719890475273127
0.3635381758213043
0.3792974650859833
0.3808088004589081
0.33960431814193726
0.48136159777641296
0.4016522467136383
0.46122476458549494
0.35000792145729065
0.3511664867401123
0.376934826374054
0.37569859623909
0.44383713603019714
0.37609168887138367
0.4143325388431549
0.42694827914237976
0.3849355578422546
0.3900192677974701
0.41351109743118286
0.34914597868919367
0.375929981470108
0.4495376646518707
0.37012717127799993
0.39176756143569946
0.369076818227768
0.38407918810844416
0.362739235162735
0.4873714447021484
0.3954309523105621
0.39495614171028137
0.4041258096694946
0.4359259009361267
0.44443058967590326
0.37881878018379206
0.4207014441490173
0.379135012626648
0.3918368816375733
0.37761208415031433
0.4414450526237488
0.391343206167221
0.41985151171684265
0.4478024542331696
0.3689896166324616
0.3458736538887024
0.46497306227684015
0.3990037143230438
0.42564803361892706
0.3929911553859711
0.4434892535209656
0.37853750586509693
0.37825486063957214
0.3969569504261017
0.40752482414245605
0.4292909204959869
0.38470971584320074
0.35712429881095886
0.37144687771797186
0.3528841435909271
0.399496465921402
0.32245638966560364
0.406139999628067
0.43491968512535095
0.3862968981266022
0.4302097260951996
0.4555760324001312
0.452301412820816
0.38960239291191107
0.40965208411216736
0.3916266262531281
0.4579363167285919
0.39348044991493225
0.4053027331829071
0.43416827917099
0.39241498708724976
0.4785971939563751
0.4366307258605957
0.48779636621475214
0.3778373003005981
0.38115641474723816
0.3720642626285553
0.37621060013771057
0.3685684502124786
0.38206323981285095
0.4066143929958344
0.4439146220684052
0.4641676247119904
0.3723015487194061
0.3459376692771912
0.42682141065597534
0.4419115483760834
0.3987983465194702
0.35294175148010254
0.43063762784004206
0.3883589208126068
0.36281862854957586
0.41880550980567927
0.4403667151927948
0.4106479585170746
0.3960018455982208
0.485395461320877
0.38683804869651794
0.368188351392746
0.3848832547664642
0.3544798493385315
0.37721511721611023
0.4064130187034607
0.3848453164100647
0.40051016211509693
0.43365159630775446
0.45796760916709894
0.4437169134616852
0.3835276961326599
0.3751651346683502
0.40255758166313166
0.4741490781307221
0.44499942660331726
0.40267923474311834
0.36767175793647766
0.32993829250335693
0.4074205756187439
0.3820625841617584
0.38818886876106257
0.38100704550743103
0.40086293220520014
0.3774279057979584
0.372904509305954
0.41003936529159546
0.41087773442268366
0.3594038188457489
0.3893373906612396
0.402211308479309
0.39800846576690674
0.41171750426292414
0.3649493157863617
0.39930593967437744
0.3725034892559052
0.3741872608661652
0.39446884393692017
0.40009570121765137
0.3848026692867279
0.3543960750102997
0.5064514875411987
0.3602830767631531
0.3843096196651458
0.4673701822757721
0.34382960200309753
0.365265816450119
0.3424901068210602
0.38755565881729126
0.4203886091709137
0.3699453473091125
0.3724810481071472
0.43909922242164606
0.4166395366191864
0.3615474998950958
0.3861463665962219
0.49973633885383606
0.3974056541919708
0.39952868223190313
0.4797083139419556
0.44258204102516174
0.4184993207454681
0.4760613739490509
0.5164678692817688
0.3670298755168914
0.38008168339729304
0.4352149665355682
0.3129611015319824
0.3837031424045562
0.37883913516998285
0.3606527745723724
0.3971414268016815
0.3826760947704315
0.3691298961639404
0.4084880650043488
0.43655705451965326
0.46221780776977534
0.43346726894378657
0.38002863526344294
0.4455548226833344
0.354091614484787
0.4600470960140228
0.3974219560623169
0.4501601159572601
0.3948266208171845
0.3977669775485992
0.42242124676704407
0.3411098122596741
0.4710285365581512
0.3734915554523468
0.3475070297718048
0.35277512669563293
0.37359645962715143
0.35648292303085327
0.3969318866729736
0.3574536144733429
0.36408296227455134
0.3974413573741913
0.3895990550518036
0.3732897043228149
0.4145082831382752
0.3471542298793793
0.39828169345855713
0.3961563408374786
0.4658345282077789
0.4377325475215912
0.40247908234596247
0.4583419859409332
0.362734168767929
0.39655396342277527
0.4387382864952088
0.35596856474876404
0.3593350946903229
0.383274108171463
0.39105284214019775
0.4478311836719513
0.3972351253032684
0.38174599409103394
0.4215806722640991
0.3672928512096405
0.3633261322975159
0.40993306040763855
0.38404068350791926
0.38127291202545166
0.3611169159412384
0.36255404353141774
0.4076391756534576
0.3526613116264343
0.38935849070549006
0.397863894701004
0.33367407321929926
0.47579225897789
0.41170886158943176
0.4023560881614685
0.3360849916934967
0.3897709548473358
0.39340201020240784
0.35153511166572565
0.3829937875270844
0.36928829550743103
0.39586210250854487
0.47689023613929754
0.4110562801361084
0.45333555340766907
0.460092693567276
0.44105663895606995
0.3693963587284088
0.45424535870552063
0.3838913142681122
0.41890060901641846
0.39937078952789307
0.4013061225414276
0.4082114994525909
0.3881583511829376
0.45864975452423096
0.440715491771698
0.42422011494636536
0.35846808552742004
0.3561680018901825
0.41706815361976624
0.3708411157131195
0.3826597630977631
0.4567039906978607
0.36647805571556086
0.3880757987499237
0.4647340178489685
0.36437574028968805
0.43174499273300165
0.4733209311962128
0.47877660393714894
0.3563129007816314
0.4227781891822815
0.41811683773994446
0.3379257917404175
0.43810802698135376
0.3657678365707397
0.36476951837539673
0.3625459969043732
0.38880118727684015
0.4195082485675812
0.40532270073890686
0.4348358511924744
0.4170434176921845
0.3865363895893097
0.399912029504776
0.3710519671440125
0.48053786158561707
0.4413384199142456
0.46273157000541687
0.400901198387146
0.3610827624797821
0.3936282694339752
0.3665218055248261
0.3871677219867706
0.3903481364250183
0.4285308420658112
0.40273210406303406
0.40734061598777765
0.3942466080188751
0.3739125430583954
0.3427998721599579
0.4523957073688507
0.4248239994049072
0.40140834450721746
0.38345897197723383
0.4127183258533478
0.4040601551532745
0.450341671705246
0.3764619529247284
0.34130942821502686
0.468574196100235
0.38563898205757136
0.3454960584640503
0.39277330040931696
0.37837675213813776
0.4692624807357788
0.4037792980670929
0.3920872509479522
0.35964110493659973
0.36645057797431946
0.46129041910171514
0.4578603208065033
0.3882980048656464
0.3957911431789398
0.3837497234344482
0.4953371584415436
0.37581214308738714
0.3846307694911957
0.3756743371486664
0.37649005651474
0.48112037777900696
0.4365008175373077
0.36124733090400696
0.4224595129489898
0.45024430751800537
0.3818449676036834
0.42356401681900013
0.40698990225791926
0.4604593515396118
0.42934760451316833
0.4300779402256012
0.39159879088401794
0.32866302132606506
0.3736533224582672
0.423005998134613
0.35331782698631287
0.3669947683811188
0.37504151463508606
0.4010793268680573
0.38770580291748047
0.41853412985801697
0.4438607692718506
0.3768912553787232
0.3797492980957031
0.40428799390792847
0.40502277016639704
0.43625620007514954
0.41704294085502625
0.4015629887580872
0.3915576040744781
0.3363557159900665
0.41862449049949646
0.40480470657348633
0.3987398147583008
0.4527799189090729
0.407453179359436
0.36118558049201965
0.3742890059947968
0.3714735805988312
0.42440149188041687
0.3512778580188751
0.36196771264076233
0.4147940576076508
0.3942188620567322
0.3640504479408264
0.36394739151000977
0.43460467457771296
0.43390059471130366
0.48627722263336176
0.38085272908210754
0.3378070592880249
0.361296147108078
0.38638725876808167
0.41671860218048096
0.4498895108699799
0.45285788178443914
0.397834986448288
0.3852794170379639
0.3694242835044861
0.3706790506839752
0.41442432999610895
0.37212407588958735
0.3871149718761444
0.43462538719177246
0.3865734040737152
0.48263567686080927
0.4165562093257904
0.4053368270397186
0.4089266359806061
0.38530692458152765
0.3821025788784027
0.4514745771884918
0.35666096210479736
0.37257346510887146
0.4276341497898102
0.3852401077747345
0.44697955250740046
0.40491268038749695
0.4046050608158112
0.36147135496139526
0.39229264855384827
0.35780003666877747
0.3527974784374237
0.48385795950889593
0.4252500832080841
0.3768672049045562
0.4400784075260162
0.49256977438926697
0.34551915526390076
0.34251323342323303
0.4066865742206573
0.37561506032943726
0.45475536584854126
0.3809925019741058
0.4036512076854706
0.4384051859378815
0.359228640794754
0.4316282570362091
0.42179331183433527
0.4271169304847717
0.365032434463501
0.4031509459018707
0.408206433057785
0.36824029684066767
0.38415285944938654
0.40445634722709656
0.3874830305576325
0.3500328361988068
0.4294750988483429
0.3836391270160675
0.44152429699897766
0.37587425112724304
0.42524522542953486
0.45225441455841053
0.439216822385788
0.43228134512901306
0.42339736223220825
0.3603428602218628
0.38067102432250977
0.4531313478946686
0.426867812871933
0.424689382314682
0.372780978679657
0.3832706511020661
0.43325242400169367
0.4092614948749542
0.4045204520225525
0.34098297357559204
0.41656562685966486
0.4533788859844208
0.3912105858325958
0.4159760177135468
0.403521865606308
0.36854615807533264
0.44223040342330927
0.3499438762664795
0.4073193371295929
0.3755823075771332
0.3884447515010834
0.3837686479091644
0.34491100907325745
0.4568255245685577
0.41995030641555786
0.41055652499198914
0.39593565464019775
0.45896750688552856
0.39966997504234314
0.37718105316162104
0.359861820936203
0.431213766336441
0.42860963940620417
0.4235585927963257
0.3961804807186127
0.451560765504837
0.3873001039028168
0.36311122775077814
0.384002298116684
0.34753257036209106
0.357776403427124
0.4228040874004364
0.3405432999134064
0.44822803139686573
0.3706600666046143
0.40853393077850336
0.4204121530056
0.4296831786632538
0.37891450524330134
0.42139431834220886
0.43973532319068903
0.3687158524990082
0.4530403912067413
0.3980409204959869
0.40794858336448664
0.38672688603401184
0.42739707231521606
0.5015614032745361
0.3516533076763153
0.38606449961662287
0.3792074620723724
0.42001956701278687
0.3439205884933472
0.37179091572761536
0.444116324186325
0.34528723359107966
0.4300297200679779
0.4031420648097992
0.44286465644836426
0.3747782409191132
0.395824670791626
0.397616982460022
0.4323764741420746
0.43766990303993225
0.4122364819049835
0.4134021997451782
0.45594784617424006
0.4122544825077057
0.42042225599288946
0.3733893930912018
0.4704467952251434
0.3745741546154022
0.456610769033432
0.4152930080890656
0.42441073060035706
0.45041593909263605
0.4072137773036957
0.3998543322086334
0.39742299914360046
0.37577173113822937
0.37495157122612
0.42834553122520447
0.4050033390522003
0.41786274313926697
0.3829351961612701
0.3942180871963501
0.4508406221866608
0.5138804316520691
0.37744382023811346
0.39891561865806574
0.4340970814228058
0.4439425766468048
0.39197051525115967
0.4132673442363739
0.40672966837883
0.3675468266010285
0.39939194917678833
0.4164886176586151
0.4292503893375397
0.38538613915443426
0.4772774279117584
0.48045760393142706
0.3917935788631439
0.5136142373085022
0.39009949564933777
0.4153887331485748
0.3818035423755646
0.37694200873374933
0.4293997287750244
0.3507261574268341
0.40468487143516546
0.34763273596763605
0.34046879410743713
0.34528499841690063
0.3628007173538208
0.47243896126747126
0.3314937353134155
0.356807678937912
0.4786018431186676
0.4584787786006928
0.35264039039611816
0.3876670300960541
0.3844340443611145
0.4130893647670746
0.4161538183689117
0.3995558321475983
0.37920340895652765
0.3477199375629425
0.4537622630596161
0.43127113580703735
0.38525751233100886
0.4178992211818695
0.3530732989311218
0.44765749573707586
0.37777000665664673
0.37822961807250977
0.4731252491474152
0.4069344103336334
0.41228118538856506
0.388912171125412
0.42482757568359375
0.4451070129871368
0.3405008912086487
0.3635677993297577
0.37523785233497614
0.4180115759372711
0.41339918971061707
0.3355945646762848
0.3672902882099152
0.4150429368019104
0.4022320806980133
0.4003472328186035
0.3683808743953705
0.3861774206161499
0.3980542123317719
0.3854903280735016
0.42425799369812006
0.3739091157913208
0.3694634735584259
0.40203419327735906
0.39262014627456665
0.42438021302223206
0.36638274788856506
0.3933191895484924
0.4152540266513824
0.398698627948761
0.3367724120616913
0.3961297273635864
0.464727371931076
0.4520727694034576
0.43820956349372864
0.4158304035663605
0.49715408682823187
0.42406412959098816
0.43779996037483215
0.3780471980571746
0.3883231580257416
0.3805656135082245
0.4139270782470703
0.40108183026313776
0.3925667107105255
0.458349883556366
0.402241200208664
0.363116592168808
0.39007511734962463
0.4273217022418976
0.4291312098503113
0.3658678829669952
0.40570399165153503
0.4282168447971344
0.4358992874622345
0.3925053775310516
0.36517998576164246
0.4332429766654968
0.39352914690971375
0.3806695640087128
0.39632692933082575
0.36217984557151794
0.4199060499668121
0.3964242339134216
0.4840268492698669
0.41102090477943426
0.40614065527915955
0.3760893940925598
0.4234097301959992
0.3373066484928131
0.4310552477836609
0.3959002792835236
0.33954334259033203
0.4149913489818573
0.37470218539237976
0.4614951014518738
0.5007284283638
0.39510077238082886
0.43088456988334656
0.3792414665222168
0.5204519033432007
0.448756605386734
0.4655318260192871
0.3995089828968048
0.469279021024704
0.39698368310928334
0.4549598097801208
0.43265673518180847
0.4200344979763031
0.3771296739578247
0.41673797369003296
0.4208754003047943
0.4027636349201202
0.3872688114643097
0.3783570230007172
0.3546712398529053
0.4429417550563812
0.42470160126686096
0.3991106152534485
0.3790865242481232
0.4670594930648804
0.4557882249355316
0.4842080473899841
0.4323997497558594
0.43466970324516296
0.37628868222236633
0.36825269460678095
0.38265097141265864
0.3918784558773041
0.4292398393154144
0.47718948125839233
0.36282035708427435
0.4764633476734161
0.41453263163566584
0.384823888540268
0.3854571282863617
0.3913516402244568
0.43505236506462097
0.3960173428058624
0.44613128900527954
0.4241991937160492
0.3807310461997986
0.3656165301799774
0.43079552054405207
0.40598124265670776
0.3747007548809052
0.4065235257148743
0.335029810667038
0.35649463534355164
0.37344393134117126
0.4038289785385132
0.4014328718185425
0.42970851063728327
0.3619171380996704
0.3527718782424927
0.3703982532024384
0.3497678935527801
0.4474910199642181
0.33929648995399475
0.39972069859504694
0.43675929307937617
0.4795134961605072
0.39753988385200495
0.3720326125621796
0.3496031165122986
0.3338409960269928
0.4471125900745392
0.390663892030716
0.3598463833332062
0.39138481020927435
0.39219680428504944
0.48408988118171686
0.4862777888774872
0.4548210799694061
0.4462150037288666
0.3879986703395844
0.40455043315887446
0.4553558230400085
0.45320281386375433
0.4036845862865448
0.4527209103107452
0.37118133902549744
0.3195161819458008
0.4257834255695343
0.48412930965423584
0.35544133186340326
0.3842219412326813
0.429121732711792
0.3810392618179321
0.469241589307785
0.37141200900077814
0.40849414467811584
0.4058854877948761
0.3722201287746429
0.4772364795207977
0.35117366909980774
0.3860138952732086
0.400519996881485
0.3337792158126831
0.4485416114330292
0.40926381945610046
0.4238564074039459
0.4007228016853333
0.3945239186286926
0.38471564650535583
0.38063573837280273
0.3933388292789459
0.4101470112800598
0.40052488446235657
0.36636480689048767
0.38025927543640137
0.4242421090602874
0.44323694705963135
0.3840703666210175
0.4421492516994476
0.3608514368534088
0.44756945967674255
0.3853276073932648
0.3703382015228272
0.4186547100543976
0.3753622174263
0.37587058544158936
0.3434895873069763
0.3740118741989136
0.4561053812503815
0.4299607872962952
0.3876264691352844
0.47063419222831726
0.3720110356807709
0.40391305088996887
0.37609985470771784
0.3450435698032379
0.3801490366458893
0.39750632643699646
0.4563172161579132
0.3256201148033142
0.4077757894992828
0.3827767670154572
0.43602380156517034
0.361764520406723
0.3421961069107056
0.387101948261261
0.418211966753006
0.5276457071304321
0.38596612215042114
0.35616061091423035
0.40077355504035944
0.38466224074363703
0.3976961076259613
0.4625020325183869
0.4580757319927216
0.37516525387763977
0.38016718626022333
0.35939958691596985
0.3789772689342498
0.467677503824234
0.40543565154075617
0.36971345543861384
0.474312961101532
0.36708590388298035
0.407933920621872
0.40957048535346974
0.4509285986423493
0.3763825595378876
0.4975818693637848
0.38168624043464655
0.38913372159004206
0.40158563852310175
0.4061752855777741
0.3543621599674225
0.4226087033748626
0.46409520506858826
0.372330904006958
0.42685815691947937
0.374823808670044
0.379772812128067
0.4561708271503448
0.3917994201183319
0.36262091994285583
0.45081970095634466
0.4700433313846588
0.364035040140152
0.3602275252342224
0.4156912863254547
0.35657581686973566
0.42907580733299255
0.36546847224235535
0.4253163039684296
0.36299946904182434
0.4884534776210785
0.33236488699913025
0.37785235047340393
0.4460470676422119
0.42938387393951416
0.46818390488624567
0.35733672976493835
0.3994807004928589
0.41094821691513056
0.42755734920501703
0.42259025573730474
0.3862617313861847
0.3896695077419281
0.3516652286052704
0.3691851496696472
0.408489316701889
0.40679904818534846
0.45747813582420344
0.36081781983375544
0.4795789420604706
0.3453805148601532
0.4413107335567474
0.4061598181724548
0.4860483407974243
0.4583361446857452
0.39262619614601135
0.34086263179779047
0.38994815945625305
0.46848413348197937
0.40530094504356384
0.3708137571811676
0.3715925812721253
0.3520663678646088
0.44320106506347656
0.4358908236026764
0.459882527589798
0.4025091826915741
0.3779178261756897
0.39122143387794495
0.42943611741065973
0.41354098916053766
0.32263389229774475
0.379444807767868
0.3681574761867523
0.44550737738609314
0.3974932134151458
0.37852537631988525
0.4204549789428711
0.3824199438095093
0.33797022700309753
0.3034459054470062
0.4219275414943695
0.473080724477768
0.40411424636840815
0.34501656889915466
0.42860355973243713
0.3751688301563263
0.42685613036155695
0.39115867018699646
0.4256437420845032
0.4212490618228912
0.36421892046928406
0.3955670893192291
0.46333739161491394
0.37988033890724177
0.4359038174152374
0.4501469731330872
0.34961408376693726
0.4065547287464142
0.4161501824855805
0.4092474281787872
0.38169142603874207
0.465596467256546
0.37194570899009693
0.42719200253486633
0.3687978088855744
0.4245319068431854
0.36078509688377375
0.4135218858718872
0.4170587956905365
0.3989356458187103
0.4482598602771759
0.4169899225234985
0.37484565377235407
0.35103723406791687
0.35595837235450745
0.35480108857154846
0.41519296169281006
0.4291646778583527
0.34498363733291626
0.3907278180122376
0.33679381012916565
0.3844543993473053
0.3365238606929779
0.3921339809894562
0.3635642230510712
0.4318089783191681
0.4194887280464172
0.3842485249042511
0.3877010643482208
0.3604499399662018
0.4337419867515564
0.3816642463207245
0.43942731618881226
0.40151974558830256
0.48030182719230646
0.4159827530384064
0.38227036595344543
0.4640129506587982
0.40848103165626526
0.49133524298667913
0.3946398496627808
0.4507660567760468
0.3284291625022888
0.39179104566574097
0.44715285301208496
0.4265156984329224
0.4045909643173218
0.54304039478302
0.48040357232093805
0.4350042641162872
0.38653323054313654
0.47794935107231135
0.44072875380516047
0.4243836402893066
0.42625138163566584
0.3973008990287781
0.3855277299880981
0.45855966210365295
0.4196443557739258
0.39264348149299616
0.40477290749549866
0.4310891926288605
0.40779247879982
0.39969816803932184
0.4835617244243622
0.40579935908317566
0.38102540373802185
0.3978982865810394
0.3596256077289581
0.42328834533691406
0.46268460154533386
0.37771207094192494
0.3743921220302582
0.3771730661392212
0.35696813464164734
0.4011795818805695
0.4734750092029572
0.339494526386261
0.4197638928890228
0.4144220054149628
0.38188099861145014
0.3980167806148529
0.3682202994823456
0.4375959038734436
0.38889113068580633
0.4094730615615845
0.43195030093193054
0.362374484539032
0.42452904582023615
0.3940735161304474
0.45954594016075134
0.43241700530052185
0.426584929227829
0.40315607190132147
0.395268827676773
0.3669669330120087
0.37425872683525085
0.4185219705104828
0.38222536444664
0.495388001203537
0.34280237555503845
0.4282718598842621
0.36859157681465143
0.3729323446750641
0.36722692847251887
0.45210996270179754
0.4419169127941132
0.4354553520679474
0.44013157486915594
0.39458489418029785
0.45557981729507446
0.38186749815940857
0.346118688583374
0.3826489746570587
0.362416386604309
0.3726885318756104
0.374195009469986
0.369574636220932
0.471226304769516
0.33233842253685
0.4425701797008514
0.35950967669487
0.4405147135257721
0.38619121909141535
0.378988653421402
0.3753625750541687
0.41622647643089294
0.3932794630527496
0.4111494719982147
0.375114232301712
0.4117150604724884
0.4427548348903656
0.4289841651916504
0.44657072424888605
0.3915606439113617
0.3949194252490997
0.37530770897865295
0.38260403275489807
0.3855656087398529
0.4720497131347656
0.46860912442207336
0.3830354511737824
0.372711569070816
0.44990700483322144
0.35534903407096863
0.3467136919498444
0.3881883919239044
0.37830811738967896
0.4891320765018463
0.3657602369785309
0.4012047648429871
0.4222351610660553
0.3607319593429565
0.43444290757179266
0.4320647418498993
0.4646550118923187
0.3733052313327789
0.4003673791885376
0.3634846806526184
0.37298166751861567
0.4689385592937469
0.4012197256088257
0.42566254734992975
0.4150654375553131
0.4162750542163849
0.3354646563529968
0.3719378113746643
0.4689067304134369
0.41041767597198486
0.46025419235229487
0.3858150541782379
0.45808032155036926
0.4511399567127228
0.3986283838748932
0.4043072760105133
0.4091690480709076
0.45005372166633606
0.3857391774654389
0.38479223847389216
0.3770112097263336
0.3696899712085724
0.3989449441432953
0.3846166431903839
0.43884390592575073
0.4650325477123261
0.4125357270240784
0.3727445900440216
0.46609514951705927
0.4427195191383362
0.3680321276187897
0.38958325982093805
0.3505055010318756
0.4269525110721588
0.370610624551773
0.41908428072929377
0.4160960614681244
0.4163024723529816
0.3878813683986664
0.40725222229957586
0.3529634773731232
0.3967675864696503
0.479967325925827
0.378508061170578
0.4102687537670136
0.3897028863430023
0.4164431691169738
0.36656212806701666
0.45809143781661993
0.364121288061142
0.453104943037033
0.3800527453422546
0.44458755850791926
0.3831987082958221
0.47419896721839905
0.42420494556427
0.39116689562797546
0.40230178833007807
0.35350704193115234
0.3779091238975525
0.502629816532135
0.4476792514324188
0.36618050932884216
0.3917146623134613
0.48740407824516296
0.45365834236145014
0.3528023660182953
0.38456180691719055
0.37126979231834406
0.3700153529644013
0.38731601834297186
0.4305194914340973
0.4518354833126068
0.3687852919101715
0.4254136383533478
0.4129543602466583
0.38477388024330134
0.3857984840869904
0.3461335003376007
0.4094342887401581
0.3617103695869446
0.3656724095344544
0.38178515434265137
0.4936487972736359
0.4212537705898285
0.43399369716644287
0.3795183002948761
0.35711953043937683
0.4678626358509064
0.4306806325912476
0.47460770606994634
0.3831863701343536
0.351505309343338
0.4798386991024017
0.373340517282486
0.3624632358551025
0.4463368356227874
0.42594650387763977
0.3803271353244781
0.3867442905902863
0.3676775097846985
0.3684387803077698
0.3738337457180023
0.40496858954429626
0.35456070303916926
0.4018671810626984
0.38853165507316584
0.4734332859516144
0.4205215871334076
0.38041147589683527
0.40219181776046753
0.34635335206985474
0.3997844755649567
0.3586091101169586
0.39050179719924927
0.3301256597042084
0.4568026959896088
0.3683247864246368
0.3498376309871673
0.4041694104671478
0.38297015428543085
0.4033167660236359
0.39580509066581726
0.4506384432315826
0.4028446972370148
0.3455789387226105
0.3616811335086823
0.4162216484546661
0.3693635165691376
0.4321725070476532
0.32863807678222656
0.396038144826889
0.4861518144607544
0.45065319538116455
0.40781769156455994
0.37458094954490656
0.3874508440494537
0.4805809557437897
0.4268766641616821
0.3653946220874786
0.39704868197441107
0.3685341477394104
0.3984955251216888
0.35976967215538025
0.41124051809310913
0.4240383207798004
0.3579083979129791
0.467652291059494
0.36276742815971375
0.4006912112236023
0.34505337476730347
0.4082824885845184
0.37868702411651606
0.3707285821437836
0.3221925795078277
0.3925024569034576
0.38902953267097473
0.3786469399929047
0.4140883982181549
0.3572635352611542
0.393799751996994
0.35787275433540344
0.4135689437389374
0.4521120488643646
0.33383482694625854
0.39670097827911377
0.38459745049476624
0.373803436756134
0.43522551655769354
0.38618066906929016
0.34181210398674006
0.4368541836738586
0.4318327009677887
0.4522639214992523
0.4044738113880157
0.3983397483825684
0.4132921099662781
0.36711618304252625
0.45253720879554743
0.4925674498081207
0.3593671917915344
0.3682039678096771
0.4046768248081207
0.3354347050189972
0.46455857157707214
0.39067295193672175
0.43091288208961487
0.40788009762763977
0.451262503862381
0.4062755405902863
0.4268743991851807
0.33504554629325867
0.3811460733413696
0.3607524335384369
0.47210755944252014
0.39643558859825134
0.3841251730918884
0.4798583686351776
0.4652886390686035
0.359789103269577
0.3945406079292297
0.34491869807243347
0.43937060236930847
0.3607697784900665
0.3859175145626068
0.3819443583488464
0.39491733908653254
0.4057712852954865
0.41153523325920094
0.43903806805610657
0.36733514070510864
0.3855242729187012
0.3672446608543396
0.4088579416275024
0.36171612143516546
0.411060243844986
0.4821121990680695
0.43764063715934753
0.3850032091140747
0.38412454724311834
0.4490897953510285
0.3954330384731293
0.4179036021232605
0.3659563362598419
0.4212663471698761
0.4568685591220856
0.3790681660175323
0.4000439047813416
0.4398141801357269
0.4359017908573151
0.461261123418808
0.4334920942783356
0.4318593442440033
0.42453768849372864
0.35045468807220453
0.3872786462306976
0.3578343689441681
0.3826286196708679
0.3973948657512665
0.5025535225868225
0.3672155439853668
0.4517059922218322
0.39611884951591486
0.391539603471756
0.3990525007247925
0.4510636031627655
0.37795335054397583
0.4003255069255829
0.4411603510379791
0.381788045167923
0.38982781767845154
0.3667465150356293
0.3837058246135712
0.4016494154930114
0.4558286964893341
0.3796776235103607
0.4280524551868439
0.4468356668949127
0.4441482126712799
0.41299632191658014
0.3793200552463531
0.3945718705654144
0.36458703875541687
0.3386860191822052
0.3586464524269104
0.4022321403026581
0.45481219887733454
0.413864940404892
0.3890929520130157
0.43021494150161743
0.4029296338558197
0.3761971294879913
0.4472824037075042
0.392374724149704
0.3581311404705048
0.4450861513614655
0.44645029306411743
0.42492899298667913
0.4547438025474548
0.45289286971092224
0.4727007448673248
0.40429851412773127
0.4076060950756073
0.3872022926807404
0.45480796694755554
0.43680980801582336
0.34325507283210754
0.36203455924987793
0.35086098313331604
0.3880431056022644
0.41159120202064514
0.35967305302619934
0.4807120263576508
0.36562812328338623
0.40226665139198303
0.36962553858757013
0.4204072058200836
0.377914160490036
0.35912844538688654
0.4013102352619171
0.424795001745224
0.39049568772315973
0.43417844176292414
0.39664062857627863
0.3630237281322479
0.39909407496452326
0.3838683068752289
0.3759908378124237
0.4075809419155121
0.44012209773063654
0.4248354732990265
0.4568646848201752
0.36848607659339905
0.4084165990352631
0.38463047146797186
0.38878947496414173
0.3824856579303741
0.3295508325099945
0.4111432135105133
0.4422523081302642
0.4188736081123352
0.4231371581554413
0.38570716977119446
0.3909407556056976
0.39658141136169434
0.3571794629096985
0.4000293016433716
0.36286881566047674
0.3320064842700958
0.3908640444278717
0.3894302248954773
0.40018492937088007
0.3236309289932251
0.3931284546852112
0.3779803812503815
0.3563854992389679
0.3919090926647186
0.4570387899875641
0.4526459872722626
0.35086312890052795
0.3884648084640503
0.33165356516838074
0.34856840968132013
0.38159552216529846
0.437971293926239
0.39057254791259766
0.48330879211425776
0.44324532151222235
0.368255227804184
0.39064189791679377
0.3112759590148926
0.41140651702880854
0.3879205286502838
0.46654084324836725
0.4037788808345794
0.366257518529892
0.36250391602516174
0.37823417782783514
0.43364644050598145
0.373267114162445
0.43854549527168274
0.43193766474723816
0.34103316068649286
0.3787347972393036
0.40763285756111145
0.4219152629375458
0.40005311369895935
0.4517515599727631
0.4234398603439331
0.39938458800315857
0.46619763970375055
0.44534417986869806
0.3608273267745972
0.4357728064060211
0.3830489218235016
0.3737740218639374
0.4762547314167023
0.35037216544151306
0.3840624988079071
0.45128485560417175
0.3815403580665588
0.3824010491371154
0.49053820967674255
0.36134541034698486
0.42992362380027765
0.40329676866531367
0.4434192180633545
0.3792850375175476
0.4491162896156311
0.47605833411216736
0.42877599596977234
0.37678873538970953
0.4876766800880432
0.3813069462776184
0.3452976644039154
0.467685341835022
0.4152261316776276
0.36903545260429377
0.45388600230216974
0.3918573558330536
0.3308888375759125
0.46915256977081293
0.4678983092308045
0.38116130232810974
0.3654516041278839
0.336249440908432
0.4107404351234436
0.4483076333999634
0.38427889347076416
0.3348236382007599
0.37379828095436096
0.3624503314495087
0.4524321854114533
0.3712835609912872
0.46312749385833746
0.37608748674392706
0.4172227084636688
0.4255894124507904
0.3593394458293915
0.4118827283382416
0.46637850999832153
0.4238958358764648
0.4297155141830444
0.4276809096336365
0.4225222170352936
0.39060112833976746
0.40327602624893194
0.3622576296329498
0.42957773804664606
0.40708926320075994
0.3975367546081543
0.4765351712703705
0.4794805645942688
0.38608157634735113
0.4389150142669678
0.34943372011184687
0.417776346206665
0.4124991893768311
0.4046050608158112
0.3828907907009125
0.3936720192432404
0.3794215619564056
0.37884277105331426
0.4290851056575775
0.3672510087490082
0.3923280537128448
0.40049412846565247
0.508830189704895
0.4069848954677582
0.3927683532238007
0.432103842496872
0.3509065508842468
0.374738872051239
0.36743038892745966
0.414076954126358
0.4579266607761383
0.4845670759677887
0.40719035267829895
0.37322279810905457
0.4159393906593322
0.4668627083301544
0.4780762195587158
0.3397936522960663
0.3763954043388367
0.4407436847686768
0.3918018639087677
0.4362395703792572
0.3580140173435211
0.3555531203746796
0.41011795401573187
0.46840623021125793
0.4484184682369232
0.4287757277488709
0.46799567341804493
0.3644718229770661
0.3688755333423615
0.4452294409275055
0.3824743926525116
0.4192804396152496
0.4021951854228973
0.488344520330429
0.3757210075855255
0.3645524680614472
0.40714189410209656
0.4353942573070526
0.3718013167381287
0.35783419013023376
0.45155030488967896
0.45894113183021545
0.3937232494354248
0.3738219439983368
0.4339016377925873
0.4078346490859985
0.3686157464981079
0.4547259211540222
0.3749304413795471
0.3369653522968292
0.3804993331432343
0.3790199160575866
0.3939124643802642
0.37933993339538574
0.3994239270687103
0.47432342171669006
0.47017958760261536
0.489335834980011
0.3608198165893554
0.4097498655319214
0.43194371461868286
0.37116989493370056
0.363379955291748
0.4079249501228333
0.40947952866554255
0.4015845358371735
0.4044972062110901
0.4053324162960053
0.4081179201602936
0.39036107063293457
0.3918359875679016
0.4239101111888885
0.42455500364303594
0.38458880782127375
0.43714874982833857
0.384545773267746
0.3638439476490021
0.38044020533561707
0.3392751514911652
0.3471730649471283
0.36266836524009693
0.454999566078186
0.4509169757366181
0.3987427949905396
0.4513200223445892
0.4224120676517487
0.33961090445518494
0.382355123758316
0.3268193006515503
0.40463349223136896
0.38254514336586
0.36405614018440247
0.3566330373287201
0.3746936023235321
0.40624162554740906
0.426556408405304
0.3466952741146088
0.451454907655716
0.43316021561622614
0.38615056872367853
0.37647965550422663
0.38671240210533137
0.3916829228401184
0.3969821333885193
0.4666112959384918
0.39295858144760126
0.42205700278282166
0.4056996405124664
0.4143254458904266
0.45846167206764227
0.3238770663738251
0.39936631917953486
0.44919827580451965
0.37623700499534607
0.3583945631980896
0.36683374643325806
0.4088999032974243
0.39852052927017206
0.42258045077323914
0.42494335770606995
0.4089624583721161
0.4313654601573944
0.3846445977687836
0.3912709653377533
0.38596999645233154
0.3792501986026764
0.4436956346035004
0.38722106814384466
0.4136706590652466
0.4494908750057221
0.3565351665019989
0.41584303975105286
0.4433384835720062
0.35781416296958923
0.4281680881977081
0.4404267370700836
0.3740969896316528
0.4412078559398651
0.38230374455451965
0.4718686640262604
0.41013965010643005
0.42294773459434504
0.4613496363162994
0.3567030727863312
0.45913869142532343
0.384545773267746
0.4874005019664765
0.3873816430568695
0.45412445068359375
0.38253471255302424
0.3814909756183624
0.42934900522232056
0.3896942734718322
0.43392613530159
0.402395635843277
0.4368067681789398
0.4119614660739898
0.41323292255401606
0.394862562417984
0.39862871170043945
0.3378795981407165
0.400439590215683
0.3419864475727081
0.4142734408378601
0.4005981683731079
0.4117314517498016
0.3818653523921967
0.36406937241554255
0.45381709933280945
0.38499364256858826
0.4380568265914917
0.3947092592716217
0.43455246090888977
0.3566202819347381
0.45839616656303406
0.4094205796718597
0.38007229566574097
0.4127032458782196
0.38021871447563166
0.3940611779689789
0.47561049461364746
0.4300188720226288
0.39837107062339777
0.43281820416450495
0.4639300405979157
0.39535239338874817
0.48263150453567505
0.3771165311336517
0.4835135042667389
0.4545478522777557
0.3874000608921051
0.4503404200077057
0.405141681432724
0.407808929681778
0.42672279477119446
0.4620904922485352
0.4115643203258514
0.3947010934352874
0.3376980423927307
0.39089694619178766
0.345083624124527
0.402753621339798
0.42966288328170776
0.42518419027328486
0.380888968706131
0.3898355960845947
0.405629962682724
0.3869103789329529
0.485592782497406
0.3941357433795929
0.3696977496147156
0.35733115673065186
0.46608892083168024
0.36312109231948847
0.3643691539764404
0.4332166612148285
0.3823640048503876
0.43469771742820734
0.371983140707016
0.35080137848854065
0.3639431595802307
0.4419556260108948
0.4141934812068939
0.41811296343803406
0.41084733605384827
0.40816178917884827
0.4095975458621978
0.3734293580055237
0.4006012678146362
0.37921869754791254
0.39492613077163696
0.3915926516056061
0.39750984311103826
0.4093066155910492
0.37917336821556086
0.428333193063736
0.42930689454078674
0.4313484728336334
0.38779827952384954
0.3875555694103241
0.37761905789375305
0.4134784936904907
0.41049838066101074
0.3889053165912628
0.3561578094959259
0.4020961821079254
0.361515998840332
0.36712437868118286
0.45084813237190247
0.4780351221561432
0.4209648370742798
0.36597940325737
0.38881102204322815
0.3924911320209503
0.402648001909256
0.3736516237258911
0.3746294677257538
0.39756572246551514
0.4115169942378998
0.33793115615844727
0.41350200772285456
0.36313346028327936
0.38645580410957336
0.45354905724525446
0.4124204814434052
0.4425521790981293
0.4375152885913849
0.4139765799045562
0.4053506255149841
0.4599051773548126
0.3685574233531952
0.46915265917778015
0.34965407848358154
0.4178986847400665
0.43307322263717646
0.395274430513382
0.36231851577758795
0.35740652680397034
0.48984906077384954
0.3713513314723969
0.38534444570541376
0.38003811240196234
0.3651890456676483
0.35907649993896484
0.3755330443382263
0.43928244709968567
0.386150985956192
0.4141449332237244
0.4081741273403168
0.3574574887752533
0.46574142575263977
0.4895720183849335
0.4700063169002533
0.43496739864349365
0.379199355840683
0.45129573345184326
0.4191655218601226
0.36726158857345587
0.42905253171920776
0.35623863339424133
0.5315279364585876
0.3868098556995392
0.49669775366783137
0.46400365233421326
0.42544361948966974
0.39417025446891774
0.42390111088752747
0.3956141471862793
0.39751020073890686
0.4221739172935486
0.3713615834712982
0.3426729440689087
0.44706448912620544
0.3821207582950592
0.4068507552146912
0.4536781311035156
0.4207230508327484
0.41611191630363453
0.3703448474407196
0.3520027995109558
0.4308136999607086
0.3637369275093079
0.4299770891666412
0.3584786355495453
0.40329816937446594
0.42046359181404114
0.35772690176963806
0.4097439646720886
0.4387047588825226
0.40366664528846735
0.34914347529411316
0.39023205637931824
0.3780558407306671
0.4062348306179047
0.37635523080825806
0.3967234194278717
0.31901538372039795
0.4432322084903717
0.42887532711029047
0.4168579280376434
0.42339888215065
0.4313267767429352
0.388598769903183
0.38243728876113886
0.40243151783943176
0.3908304870128632
0.3867830336093903
0.39015993475914
0.3859134614467621
0.38462069630622864
0.4091219007968903
0.3847368061542511
0.45092520117759693
0.37754178047180176
0.3812981247901917
0.4021877646446228
0.4051842987537384
0.4192503988742828
0.3889888823032379
0.38589647412300104
0.3638263642787933
0.38068076968193054
0.4594338834285736
0.3641650378704071
0.49071452021598816
0.4049971997737885
0.40111103653907776
0.4048879444599152
0.40482243895530706
0.41438010334968567
0.3631537854671478
0.35241961479187006
0.34965279698371887
0.39153054356575007
0.3927100598812103
0.4024109840393066
0.421162098646164
0.4130287170410156
0.41612535715103144
0.5212306380271912
0.3441939055919647
0.4056660234928131
0.42489442229270935
0.427552193403244
0.376101016998291
0.4081322848796845
0.3609823286533356
0.34842821955680847
0.4342536330223083
0.41056445240974426
0.41092208027839666
0.34835150837898254
0.3865426480770111
0.37381282448768616
0.3802580535411834
0.4445128738880157
0.5080212950706482
0.34702396392822266
0.4711538255214691
0.3552973568439484
0.37744167447090154
0.3758378326892853
0.40165063738822937
0.3629246652126312
0.389484703540802
0.4147703647613525
0.35974785685539246
0.39740005135536194
0.39932742714881897
0.4021497964859009
0.4489958882331848
0.41531059145927435
0.4128178656101226
0.35034656524658203
0.4419203698635101
0.4214624166488648
0.3769413232803345
0.4271915853023529
0.449430912733078
0.3718110024929047
0.347039133310318
0.37611955404281616
0.37920799851417536
0.386232316493988
0.4086122214794159
0.4331696629524231
0.3572070598602295
0.3826225697994232
0.4188585579395294
0.49323105812072754
0.4205837547779083
0.3925298154354096
0.4503199756145477
0.4196663200855255
0.3908367455005646
0.3879433274269104
0.43865498900413513
0.3787635862827301
0.4302784204483032
0.507056474685669
0.4229089617729187
0.42678573727607727
0.4702301025390625
0.42570722103118896
0.3745221793651581
0.402045339345932
0.4869434237480164
0.4426260888576508
0.4606497585773468
0.3716791570186615
0.3805806040763855
0.36777830123901367
0.418163388967514
0.3855871856212616
0.4149529039859772
0.4355358779430389
0.38924887776374817
0.4025101363658905
0.349589079618454
0.4851624071598053
0.3769327104091644
0.3659987151622772
0.33045926690101624
0.404277503490448
0.44821855425834656
0.37387505173683167
0.5117101073265076
0.38662502169609064
0.45097300410270685
0.4128652811050415
0.4424092769622802
0.38252738118171686
0.4328145682811737
0.3677062094211578
0.4174681603908538
0.36593925952911377
0.36637258529663086
0.3591543436050415
0.47270193696022034
0.4480087757110596
0.3886861503124237
0.4283483624458313
0.39122313261032093
0.3890567123889923
0.4559266269207001
0.3754142224788666
0.4049230813980103
0.403449147939682
0.38564273715019226
0.38640615344047546
0.4451081156730652
0.39600357413291926
0.388196587562561
0.34320202469825745
0.3675675094127655
0.4207284450531006
0.40106001496315
0.3431544303894043
0.39470499753952026
0.48832234740257263
0.3476535975933075
0.39181113243103033
0.3962035477161408
0.4133553802967072
0.41643011569976807
0.3868882060050964
0.3823543190956116
0.39634051918983454
0.4538812935352325
0.39245840907096863
0.38083890080451965
0.4881870448589325
0.3511722981929779
0.3846049010753632
0.37881115078926086
0.42044520378112793
0.37702926993370056
0.45390322804450983
0.4798050224781036
0.4036227762699127
0.4591736793518066
0.3977068960666656
0.40312519669532776
0.38670870661735535
0.44973191618919367
0.4175736010074616
0.40038743615150446
0.3999921977519989
0.4021760523319244
0.434697300195694
0.3942543566226959
0.35745349526405334
0.3896018862724304
0.4280491173267365
0.4405582249164581
0.46716734766960144
0.35949698090553284
0.4524180889129639
0.41152462363243103
0.40740275382995605
0.35587096214294434
0.3587867021560669
0.44064700603485113
0.3561985194683075
0.4603172540664673
0.36895284056663513
0.4782308638095856
0.34945669770240784
0.3813252747058869
0.35455986857414246
0.36614379286766047
0.35165128111839294
0.438305377960205
0.3909659087657928
0.4836540222167969
0.3530053198337555
0.38519206643104553
0.3952937126159668
0.33530166745185846
0.34472131729125977
0.37828972935676575
0.35402494668960566
0.3420134484767914
0.391266256570816
0.3811365365982056
0.39013698697090154
0.4330687820911408
0.3212058246135712
0.3565984070301056
0.4125121533870697
0.3731217682361602
0.4863361120223999
0.3885692656040192
0.4129444658756256
0.38490012288093567
0.36420401930809027
0.35194197297096247
0.3797570765018463
0.39453205466270447
0.4036491513252258
0.4332937300205231
0.3893449902534485
0.3862731456756592
0.39986783266067505
0.4364087879657745
0.37314829230308527
0.4409062564373016
0.40546575188636774
0.389394611120224
0.35475155711174006
0.43493667244911194
0.4305533766746521
0.4911494553089142
0.4543908834457397
0.46695604920387274
0.44600644707679754
0.38749501109123224
0.44584116339683527
0.41207692027091974
0.3529573380947113
0.4134674668312073
0.4356196522712708
0.3969981968402863
0.3729708790779114
0.3664104640483856
0.358297735452652
0.3871566355228424
0.37226369976997375
0.3116512596607208
0.4578599035739898
0.42229163646698
0.3977068066596985
0.419373095035553
0.4127218425273895
0.4216034114360809
0.41833737492561346
0.3676070272922516
0.37070950865745533
0.3977364003658295
0.36051192879676813
0.37159684300422663
0.34185901284217834
0.397959440946579
0.38009166717529297
0.43802589178085327
0.47271648049354553
0.4290871918201447
0.42245009541511536
0.3380782604217529
0.3862507343292236
0.469156950712204
0.3723205029964447
0.4603621661663056
0.4349177777767181
0.3970017731189728
0.3415815532207489
0.3812955319881439
0.3847601711750031
0.44138738512992853
0.47063708305358887
0.37968876957893366
0.37294283509254456
0.3944213390350342
0.3807893693447113
0.4022354781627655
0.4413641393184662
0.4342379868030548
0.3900479376316071
0.4300091564655304
0.3981215953826904
0.39792096614837646
0.3983295261859894
0.3735641539096832
0.3656161725521088
0.3886719644069672
0.3825960159301758
0.39883163571357727
0.39513495564460754
0.40058133006095886
0.41937455534935
0.4103876054286957
0.4509411156177521
0.4006702601909637
0.4825752675533295
0.46860525012016296
0.3734816908836365
0.48276421427726746
0.34423896670341486
0.34734395146369934
0.43106362223625183
0.3477145731449127
0.39480957388877863
0.45011645555496216
0.48860627412796015
0.368055522441864
0.4505313932895661
0.4174380600452423
0.35762155055999756
0.3877602219581604
0.3671357035636902
0.3797062933444977
0.3781496286392212
0.36219751834869374
0.3828948438167572
0.4063169062137604
0.36978524923324574
0.407623678445816
0.4023212492465973
0.410785049200058
0.4002809226512909
0.38130852580070496
0.3901560008525848
0.3993990123271942
0.413559764623642
0.39430665969848633
0.4210743308067322
0.34443679451942444
0.45567312836647034
0.4350442588329315
0.39868786931037903
0.4264572560787201
0.4682917892932892
0.33810681104660034
0.3987695574760437
0.46989580988883967
0.35381549596786493
0.3939811587333679
0.4708388447761536
0.397370308637619
0.4248069822788239
0.47776991128921514
0.36585932970047
0.36161825060844416
0.30778768658638
0.3677193820476532
0.44571104645729054
0.4925225079059601
0.38517400622367853
0.3580321669578552
0.35371994972229004
0.3739500343799591
0.3965939581394196
0.382171243429184
0.4840016663074493
0.393022745847702
0.38416773080825806
0.4311047494411469
0.4591841399669647
0.3593341112136841
0.4724548161029816
0.3593168556690216
0.39348816871643066
0.3904227316379547
0.42728540301322937
0.3273221552371979
0.42682740092277527
0.35864967107772827
0.3523707091808319
0.363555520772934
0.38884857296943665
0.4297610521316528
0.38784110546112066
0.3821565806865692
0.33202943205833435
0.372130423784256
0.415323942899704
0.41259416937828064
0.35706785321235657
0.3915111124515533
0.5101358294487
0.4255061447620392
0.3773035109043121
0.42225828766822815
0.348453551530838
0.3899999260902405
0.3947347104549408
0.33213832974433893
0.41101530194282526
0.4400024712085724
0.44319984316825867
0.3938287794589996
0.3727250099182129
0.444234162569046
0.41926744580268854
0.39657095074653625
0.4546650946140289
0.3810595571994781
0.38056319952011114
0.38659423589706415
0.31651389598846436
0.3816775977611542
0.3965126574039459
0.43152409791946406
0.38526323437690735
0.4297240674495697
0.45219674706459045
0.38506743311882013
0.40683776140213007
0.3551791608333588
0.3983840048313141
0.4402132928371429
0.422722190618515
0.398547500371933
0.36824861168861384
0.38983815908432007
0.4266631901264191
0.3784216046333313
0.4134394824504852
0.4467134475708008
0.43539059162139887
0.37296992540359497
0.4434259831905365
0.3870362043380737
0.38332268595695496
0.4178253412246704
0.40218070149421686
0.43744948506355286
0.40326091647148127
0.380509614944458
0.4029856324195862
0.3879530131816864
0.4082729518413544
0.38274040818214417
0.37319472432136536
0.3568023145198822
0.339262455701828
0.3934801816940308
0.5623831152915955
0.40603306889534
0.3905293047428131
0.35692551732063293
0.3810716569423676
0.36389014124870306
0.403153657913208
0.42218917608261114
0.4190006256103516
0.4507907032966614
0.3890829980373383
0.4353318214416504
0.3924473822116852
0.48500242829322815
0.33996525406837463
0.39682874083518976
0.4564226567745209
0.4289702475070953
0.49184760451316833
0.4110074937343597
0.4536055624485016
0.3803788423538208
0.37931051850318903
0.4313619434833527
0.38868591189384466
0.33221006393432617
0.366403728723526
0.3987617194652557
0.4420706331729889
0.3696201145648956
0.4197447597980499
0.3830837309360504
0.4055241644382477
0.4063848853111267
0.3545324504375458
0.40379068255424494
0.5015667676925659
0.4237314760684967
0.40041241049766546
0.4613667130470276
0.4690726101398468
0.39743915200233454
0.45058873295784
0.37797537446022034
0.36511757969856257
0.4221238791942597
0.4186055660247802
0.400849848985672
0.4440434277057648
0.44147178530693054
0.35131224989891047
0.3943248689174652
0.497763305902481
0.44045427441596974
0.4409070014953613
0.36031976342201233
0.35454627871513367
0.44828173518180847
0.4169524610042572
0.389247328042984
0.3628143966197968
0.3613471686840057
0.34992024302482605
0.4607475697994232
0.47244057059288014
0.3659169375896454
0.43340143561363215
0.4436526000499725
0.36502838134765625
0.3759534060955048
0.41517385840415955
0.3706498444080353
0.35651203989982605
0.3551296591758728
0.35803353786468506
0.3752535879611969
0.3585897386074066
0.35884907841682434
0.35300323367118835
0.40304294228553766
0.3645840585231781
0.4534322917461395
0.35886484384536743
0.39087811112403864
0.373913437128067
0.4139918982982635
0.4076534807682037
0.40605029463768005
0.4082383215427399
0.38687166571617126
0.4319806694984436
0.39326140284538263
0.41376361250877375
0.430612176656723
0.44501927495002747
0.34559819102287287
0.4553472697734833
0.4705113768577576
0.40415847301483154
0.39943984150886536
0.3693422377109528
0.38427016139030457
0.3604802191257477
0.47469672560691833
0.3599917590618133
0.3857877850532532
0.368859738111496
0.3394986689090729
0.4157102704048157
0.4705460965633392
0.4167231917381287
0.37276658415794367
0.33637526631355286
0.380556434392929
0.37000623345375055
0.36697486042976374
0.3784647285938263
0.3689126074314117
0.3359331786632538
0.40948620438575745
0.3487827181816101
0.43271926045417786
0.3594997227191925
0.48811593651771545
0.5009004473686217
0.3514238893985748
0.4704093933105469
0.4295356273651123
0.42124751210212713
0.39522039890289307
0.4178315103054047
0.3573325574398041
0.39614254236221313
0.36488229036331177
0.39745154976844793
0.39277526736259455
0.3766079843044281
0.39314556121826166
0.44827583432197565
0.38406878709793085
0.42045262455940247
0.3517257869243622
0.3870384991168976
0.4649764597415924
0.3826062083244324
0.4813849329948425
0.33172717690467834
0.49506568908691406
0.33042660355567927
0.37079194188117987
0.42205700278282166
0.43474164605140686
0.39462003111839294
0.35551092028617853
0.36826315522193914
0.41051056981086725
0.36685174703598017
0.44186630845069885
0.49958658218383784
0.3512285351753235
0.36756572127342224
0.3917040526866913
0.4330146610736847
0.4635635316371918
0.36230537295341486
0.3651558458805084
0.4626562297344208
0.3525599241256714
0.4888280034065247
0.3731473982334137
0.4174535274505615
0.40278181433677673
0.3703965246677399
0.397382527589798
0.3744009435176849
0.4849676787853241
0.36566492915153503
0.4579254388809204
0.37556549906730646
0.38318619132041926
0.36882027983665466
0.40531155467033386
0.3831670880317688
0.3892201483249664
0.39671716094017034
0.4221812188625336
0.33926215767860407
0.4139529764652252
0.45719256997108454
0.4400477707386017
0.40496870875358576
0.4259036779403687
0.4173162877559662
0.44377624988555914
0.42911800742149353
0.39107856154441833
0.44605886936187744
0.41751629114151
0.3703982532024384
0.36894369125366205
0.3803364038467407
0.3580963611602783
0.45826956629753113
0.42989781498909
0.44443640112876887
0.3574407994747162
0.42515680193901056
0.4210555255413056
0.43765518069267273
0.36652326583862305
0.3879425525665283
0.4274289906024933
0.3706790208816528
0.4317964017391205
0.4397955238819122
0.3640154302120209
0.42429557442665106
0.4332602918148041
0.3683353066444397
0.3785009682178497
0.3653427064418793
0.4556819200515747
0.39613917469978327
0.3467630445957184
0.36863088607788086
0.4459206759929657
0.38378664851188654
0.41839367151260376
0.3947241604328156
0.39504167437553406
0.4145065546035767
0.39238372445106506
0.3555397093296051
0.3947441577911377
0.47224381566047674
0.41547450423240656
0.39346054196357727
0.4371847808361053
0.4420254230499268
0.40656921267509455
0.42389723658561707
0.3641241788864136
0.4205599725246429
0.33299171924591064
0.3476432859897613
0.39737522602081293
0.4455991685390472
0.48108145594596863
0.36899858713150013
0.3921548426151276
0.3436122238636017
0.36536392569541926
0.41550520062446594
0.4269358217716217
0.48307320475578314
0.3856684863567352
0.40848037600517273
0.4518461525440216
0.38847729563713074
0.4094352424144745
0.37511965632438654
0.4412384331226349
0.3827094733715057
0.3817070722579956
0.35490188002586365
0.3744871616363525
0.3958247303962708
0.4146022498607635
0.47343757748603826
0.3582914173603058
0.3842339813709259
0.3639735281467438
0.40710020065307617
0.40169122815132147
0.43216267228126526
0.3450106680393219
0.3668217360973358
0.3753722012042999
0.4211205244064331
0.3882236182689666
0.41436934471130366
0.37069615721702576
0.3765232861042023
0.34938994050025934
0.4207132160663605
0.4150456488132477
0.4496458768844605
0.40742936730384827
0.36233320832252497
0.4451150596141815
0.403075486421585
0.42699360847473133
0.4373631775379181
0.39195197820663447
0.4093433916568756
0.4003590643405914
0.401859313249588
0.3603640496730805
0.3294195234775543
0.4402107298374176
0.4169248044490814
0.40651097893714894
0.4102862775325775
0.41163706779479986
0.3885278403759002
0.4202366769313812
0.44691225886344904
0.34420791268348694
0.4392112791538239
0.38488462567329407
0.4171367585659027
0.4572335183620453
0.41278091073036194
0.36022862792015076
0.4118636250495911
0.3775984942913056
0.3797385394573212
0.37632131576538086
0.39934441447258
0.4234163165092468
0.4389338195323944
0.4152456521987915
0.410534530878067
0.34053900837898254
0.3433366119861603
0.3918579518795013
0.4153129756450653
0.4230191707611084
0.4608035683631897
0.3687233030796051
0.42985841631889343
0.40365147590637207
0.3486194908618927
0.41381755471229553
0.41590210795402527
0.4789980053901672
0.48052811622619623
0.4855143129825592
0.3837987780570984
0.4423286318778992
0.3844374120235443
0.3704920113086701
0.4537249207496643
0.47069844603538513
0.449994832277298
0.4012005627155304
0.3548665940761566
0.3840878009796143
0.376742035150528
0.3781031370162964
0.4096162617206573
0.46049878001213074
0.4516015946865082
0.4494743049144745
0.3829569518566132
0.337380975484848
0.4319098293781281
0.4252234697341919
0.39004108309745783
0.35237938165664673
0.4300895631313324
0.4407151341438293
0.384718269109726
0.4863610863685608
0.4140465557575226
0.39415076375007624
0.36031153798103327
0.4558162689208984
0.3856776654720306
0.44433096051216125
0.46035993099212646
0.37796106934547424
0.3563002943992615
0.4095030128955841
0.373075008392334
0.4613418877124786
0.4139453172683716
0.36907705664634705
0.34922832250595087
0.40020820498466486
0.41320645809173584
0.44946911931037903
0.3655986487865448
0.4157728552818298
0.40161085128784174
0.37790897488594055
0.3370477259159088
0.4224226176738739
0.43525207042694086
0.3607271313667297
0.33433619141578674
0.45209154486656183
0.44675284624099726
0.3642212152481079
0.3598754405975342
0.390471488237381
0.3861597776412964
0.4444219172000885
0.3679749667644501
0.36376550793647766
0.3828389644622802
0.44947114586830134
0.3660269379615784
0.3718754947185516
0.35096251964569086
0.3715114295482635
0.3942010998725891
0.45130336284637446
0.45738640427589417
0.4033027589321136
0.38662752509117126
0.42670872807502747
0.4043491780757904
0.4075227677822113
0.4187919199466705
0.42826220393180847
0.4036427140235901
0.3854189217090607
0.421210378408432
0.44369313120841974
0.4453592300415039
0.3968602120876312
0.3786872625350952
0.3645446598529816
0.3779007494449616
0.36077746748924255
0.5009416341781616
0.35430559515953064
0.3912540674209594
0.36675801873207087
0.3727060854434967
0.4112625420093536
0.3870851993560791
0.40397509932518005
0.3796155154705048
0.4105881154537201
0.3755880892276764
0.3468745946884155
0.35924032330513
0.37885150313377375
0.3745234310626984
0.42984971404075617
0.37446731328964233
0.3611189126968384
0.37450629472732544
0.4225560128688812
0.3917526304721832
0.39377918839454645
0.37195420265197754
0.41620102524757385
0.36918005347251887
0.4081575572490692
0.4457418620586395
0.38308444619178766
0.41413670778274536
0.4212783873081207
0.41160812973976135
0.3881027400493622
0.39610520005226135
0.3658271729946136
0.31985589861869806
0.3926256000995636
0.37588992714881897
0.36872276663780207
0.4062092304229736
0.40328094363212585
0.4360953271389008
0.4525863230228424
0.42129233479499817
0.4905520975589752
0.45603764057159424
0.39109179377555847
0.38064983487129206
0.4670819342136383
0.48989138007164
0.4205437898635864
0.4671021103858948
0.4069265425205231
0.4409249424934387
0.4205057322978973
0.4108716547489166
0.4556232392787933
0.3699232339859009
0.37715739011764526
0.3941851556301117
0.4240471124649048
0.36828759312629694
0.3591758906841278
0.3407082259654999
0.41443970799446106
0.39190438389778137
0.36757066845893854
0.3855957090854645
0.372919887304306
0.4876514375209808
0.371631532907486
0.39729100465774536
0.46231853961944575
0.31992450356483454
0.4199559688568115
0.4171916544437408
0.4256182610988617
0.41240924596786493
0.4452338218688965
0.36706611514091486
0.4410459101200104
0.38373443484306335
0.41288790106773376
0.3800398409366608
0.3763278126716614
0.40741315484046936
0.36881843209266657
0.34410983324050903
0.4161448776721954
0.4732937514781952
0.3893454074859619
0.3822875022888184
0.3898524343967438
0.35735246539115906
0.36255630850791926
0.40175604820251454
0.4746540486812592
0.3848410844802856
0.47314390540122986
0.3575787544250488
0.3790177404880524
0.4164988100528717
0.4709530174732208
0.4263149797916412
0.3883903622627258
0.41313979029655457
0.506746768951416
0.3853369653224945
0.43173041939735407
0.3675346672534943
0.4112836122512817
0.3843415379524231
0.39019843935966486
0.4473004043102264
0.4188571870326996
0.45774662494659424
0.3641950190067291
0.4013380110263824
0.4075731635093689
0.37296018004417414
0.3450523316860199
0.4181511104106903
0.4451242983341217
0.4334293901920319
0.44852882623672485
0.3483498692512512
0.3904480934143066
0.4158057868480682
0.3769560754299164
0.39311534166336054
0.3569130599498749
0.38893872499465937
0.3851985037326813
0.3727194964885712
0.4036282896995544
0.41109392046928406
0.3399330973625183
0.3981660306453705
0.3721935451030731
0.4680900573730469
0.35603398084640503
0.37647017836570734
0.3890407681465149
0.4790785312652588
0.42019847035408014
0.45057836174964894
0.45614147186279297
0.3798344731330872
0.4350140392780304
0.3975246846675873
0.38373702764511114
0.3554549515247345
0.4508844316005706
0.3762813210487366
0.3575664460659027
0.41492760181427
0.39646857976913447
0.3542170822620392
0.3193514943122864
0.38092562556266785
0.37534612417221064
0.3886787593364716
0.41640332341194153
0.3534652292728424
0.40076377987861633
0.3726613223552704
0.3922822177410126
0.3624507784843445
0.48416051268577576
0.3675537109375
0.4004158973693848
0.3899604380130768
0.4102324247360229
0.36086067557334894
0.37774509191513056
0.3937620222568512
0.4498258829116821
0.35850152373313904
0.3972578048706055
0.35292887687683105
0.3993189334869385
0.4252912700176239
0.43087390065193176
0.43367540836334234
0.4244682490825653
0.4777320325374603
0.43069091439247126
0.4084370136260986
0.3757151067256928
0.3674955368041992
0.3672012388706207
0.4135140478610992
0.4156872630119324
0.381586104631424
0.383742481470108
0.35248562693595886
0.40011218190193176
0.41758966445922846
0.3802865743637085
0.3856243491172791
0.42528161406517034
0.4085849523544312
0.44482699036598206
0.3882446587085724
0.3685654997825623
0.3975947499275208
0.4113917052745819
0.4587415158748626
0.4157813489437103
0.44369816780090326
0.4169357717037201
0.4372462332248688
0.3830053806304932
0.3843407034873962
0.3988837897777557
0.4767195284366608
0.40014097094535833
0.3306322991847992
0.40951117873191833
0.3775854110717773
0.3682376146316528
0.3654618561267853
0.34811240434646606
0.35355493426322937
0.3524431884288788
0.4418434798717498
0.38498237729072565
0.380710244178772
0.384237915277481
0.36785063147544866
0.44523355364799494
0.35070541501045227
0.3841827511787415
0.4445758759975433
0.3704236447811127
0.36611279845237726
0.42372018098831177
0.4307456612586975
0.4098591208457946
0.41797789931297297
0.39072430133819586
0.4126502871513367
0.3691035807132721
0.3810581862926483
0.372648686170578
0.3862133920192719
0.4764724671840668
0.3679625988006592
0.3663497865200042
0.42047244310379034
0.4168015718460083
0.3990277349948883
0.3621004521846771
0.3755028545856476
0.4122234880924225
0.3893318772315979
0.39129015803337097
0.3874540030956268
0.38139191269874567
0.35784301161766047
0.4387486875057221
0.3523331880569458
0.40933433175086975
0.4601221084594727
0.3707112967967987
0.361688643693924
0.3598743677139282
0.44713553786277765
0.34191381931304926
0.3926619589328766
0.35850277543067927
0.37622180581092834
0.35033777356147766
0.46889278292655934
0.3903159201145172
0.4783003032207489
0.3791697323322296
0.3467302918434143
0.3603157997131348
0.4117075502872467
0.3806790709495544
0.4182859659194946
0.37699368596076965
0.3840380609035492
0.3917862474918365
0.38062033057212824
0.40661302208900446
0.3615726828575134
0.36588495969772333
0.4057181775569916
0.3882202208042145
0.3694631159305573
0.4473637640476226
0.358752578496933
0.3517809212207794
0.39011397957801813
0.43632903695106506
0.44762173295021057
0.46073099970817566
0.4303472340106964
0.4037570655345917
0.3658398687839508
0.36042973399162287
0.42952266335487366
0.4519456028938293
0.497109204530716
0.3917809724807739
0.45274195075035095
0.4492146670818329
0.4063694775104522
0.4000410735607147
0.3998447358608246
0.3761540353298187
0.44157564640045166
0.4273910820484161
0.38576656579971313
0.33363863825798035
0.3657042384147644
0.4135906398296356
0.3609878718852997
0.44702789187431335
0.3525277376174927
0.4045319855213165
0.42858168482780457
0.43991011381149286
0.34621998667716974
0.365620881319046
0.399547666311264
0.3866114318370819
0.3497329652309418
0.3854292333126068
0.45765081048011774
0.36764815449714655
0.4034847915172577
0.3614489734172821
0.3931199312210083
0.3604333698749542
0.4417276680469513
0.4392513930797577
0.33882156014442444
0.35643553733825684
0.3470810055732727
0.4012584686279297
0.3536050617694855
0.43879696726799006
0.36026448011398315
0.3852120339870453
0.40967610478401184
0.454594612121582
0.4539766013622284
0.4428595006465912
0.3651703894138336
0.353424996137619
0.35287225246429443
0.4055729806423187
0.37927135825157166
0.35991016030311584
0.38060197234153753
0.4743634164333344
0.4643537700176239
0.3359503149986267
0.38000667095184326
0.37391918897628784
0.40887114405632013
0.455925852060318
0.39402106404304493
0.40045404434204096
0.4472626745700836
0.3503065407276153
0.41535958647727966
0.40804567933082575
0.38201501965522766
0.3898806273937225
0.335467129945755
0.4273164868354797
0.3476452827453613
0.3994330167770386
0.4067030847072601
0.3962402045726776
0.31120064854621887
0.4245770275592804
0.3622601926326752
0.432217925786972
0.44242611527442927
0.3717488050460816
0.46858558058738714
0.3789812624454498
0.33863613009452814
0.4277558028697968
0.4802786111831665
0.38307347893714894
0.396920770406723
0.48373892903327936
0.45731344819068903
0.40473052859306335
0.3811722993850708
0.3932620584964752
0.3756404221057892
0.38795068860054016
0.43793949484825134
0.3988631069660186
0.37972617149353033
0.4052917957305908
0.33657968044281006
0.4390496611595154
0.38580790162086487
0.3106130063533783
0.43878608942031855
0.39195361733436573
0.36634156107902527
0.41924634575843805
0.4585239291191101
0.409639447927475
0.43521788716316223
0.3959921002388
0.4065670073032379
0.3809853792190552
0.3528178632259369
0.43834236264228815
0.48997619748115534
0.458513081073761
0.45763912796974177
0.3995415270328522
0.3896600306034088
0.4082494378089905
0.43583640456199646
0.4265718162059784
0.3970484435558319
0.3750511109828949
0.38676655292510986
0.4022258818149567
0.3151032626628876
0.4099250137805938
0.3653557896614074
0.45133391022682184
0.42086890339851374
0.4056492149829865
0.36708799004554743
0.4033570289611816
0.42780008912086487
0.3900753259658813
0.3287340104579925
0.4070628881454468
0.3544763028621673
0.4352271258831024
0.3696734309196472
0.42468026280403137
0.3759535551071167
0.3446769118309021
0.3813565671443939
0.42176178097724915
0.4242183268070221
0.42017820477485657
0.4716844856739044
0.4204724133014679
0.35129719972610474
0.42617782950401306
0.4686174988746643
0.3557867407798767
0.3765660524368286
0.4258678555488586
0.3866451978683472
0.43277546763420094
0.33204248547554016
0.3888584077358246
0.39346820116043085
0.4394631683826447
0.4442712366580963
0.38764458894729614
0.3686155080795288
0.45011228322982794
0.459992915391922
0.38292127847671514
0.4352706968784332
0.3700908124446869
0.3634852468967438
0.33783408999443054
0.43460759520530706
0.4061309397220612
0.4391052126884461
0.38210681080818176
0.38127967715263367
0.3307293653488159
0.3786331713199616
0.41677671670913696
0.3472086489200592
0.4491911828517914
0.3627046048641205
0.45021590590476984
0.4159730672836304
0.3931496441364288
0.43061980605125433
0.399689644575119
0.36734986305236816
0.4023974239826202
0.469553142786026
0.38699728250503534
0.3960327208042145
0.37458693981170654
0.3815900385379791
0.4464803040027618
0.41167095303535456
0.3914194107055664
0.388073205947876
0.385173499584198
0.4701527655124664
0.3957338631153106
0.43866825103759766
0.37595680356025696
0.3635576665401458
0.38219779729843134
0.36793252825737
0.41981267929077143
0.3959496319293976
0.3832716047763824
0.3754901885986328
0.3807101249694824
0.38568371534347534
0.39576113224029535
0.4149763882160186
0.4456798732280731
0.36149212718009943
0.3688254356384277
0.4538467228412628
0.4166650772094727
0.3915908038616181
0.3597887456417084
0.3750899732112885
0.39781591296195984
0.3873246610164642
0.34119960665702814
0.37527462840080256
0.3994239568710327
0.45506384968757624
0.4140391647815704
0.3991147577762604
0.37964409589767456
0.38952913880348206
0.4352711737155914
0.3886429965496063
0.4076724350452423
0.4756750166416168
0.41555806994438166
0.3886607885360718
0.36372759938240046
0.4511349499225616
0.37919625639915466
0.3735536634922028
0.4008738398551941
0.31479397416114807
0.4298191964626312
0.3859252035617828
0.47043988108634954
0.4263993799686432
0.4021478295326233
0.4106386601924896
0.35893389582633967
0.34093448519706726
0.3946998715400696
0.401115208864212
0.45105782151222235
0.3596786558628082
0.3938277661800385
0.3815109431743622
0.3744649887084961
0.4341004192829132
0.3966093957424164
0.47000250220298767
0.37167450785636896
0.45405587553977966
0.3775313198566437
0.43991968035697937
0.4123335778713226
0.41035905480384827
0.4606099426746368
0.3843202292919159
0.3412266671657562
0.38993102312088007
0.37533468008041376
0.4411088228225708
0.4211989939212799
0.39106822013854975
0.390807181596756
0.41451823711395264
0.37724521756172175
0.4137668907642365
0.40866607427597046
0.4055833518505096
0.34735557436943054
0.48716673254966736
0.42087286710739136
0.38679113984107966
0.3787404000759125
0.4737847149372101
0.3941560685634613
0.3906494379043579
0.3968355357646942
0.3804946839809418
0.394161581993103
0.3886809051036834
0.40803828835487366
0.35214835405349726
0.45584502816200256
0.34133926033973694
0.4371565878391266
0.39334085583686823
0.4341531693935394
0.3830626904964447
0.4427436292171478
0.4128504991531372
0.47733896970748896
0.43755260109901434
0.40053072571754456
0.3829468190670013
0.383348286151886
0.3834655582904816
0.3385782539844513
0.3329113721847534
0.39296707510948176
0.4246968924999237
0.4458371698856354
0.40351906418800354
0.4509904682636261
0.4664063453674317
0.38193631172180176
0.42064157128334045
0.4129716455936432
0.38677123188972473
0.37142345309257513
0.3692387044429779
0.3762701451778412
0.4879494905471802
0.4226073920726776
0.4906706511974335
0.392061710357666
0.3974141776561737
0.4416302740573883
0.4408705234527588
0.39403861761093134
0.3768782019615173
0.4360124468803406
0.3811127543449402
0.4773655831813812
0.4071243107318878
0.4604118168354034
0.3832958340644837
0.3631407618522644
0.43673023581504816
0.4092791378498077
0.45613577961921686
0.37918874621391296
0.3370467722415924
0.38583743572235113
0.40717491507530207
0.4416235983371735
0.4637684524059296
0.37033447623252874
0.39195185899734497
0.4044643938541412
0.4492222964763641
0.4399856328964233
0.3506031334400177
0.3751071989536285
0.3556363880634308
0.4026973843574524
0.3679743111133576
0.4288038909435272
0.40231528878211975
0.3841648399829865
0.42478117346763605
0.37440499663352966
0.38708749413490295
0.3725007772445679
0.3842775523662567
0.34597328305244446
0.37941846251487726
0.3542387783527374
0.38959550857543945
0.3692179322242737
0.37608453631401056
0.46399840712547297
0.39227071404457087
0.45305275917053217
0.3898172378540039
0.3750937283039093
0.3859326243400574
0.37159800529479986
0.387908399105072
0.4288194179534912
0.38390687108039856
0.48697271943092346
0.4236034750938416
0.3293551504611969
0.46930649876594543
0.3830139338970184
0.435998409986496
0.39880743622779846
0.4154818058013916
0.3664032816886902
0.37711346149444575
0.4196155071258545
0.42948952317237854
0.4489841759204865
0.37595775723457336
0.41917526721954346
0.39105358719825745
0.45177227258682245
0.3782940804958344
0.4555948078632354
0.4222222864627838
0.3693161904811859
0.4131041467189789
0.3986101448535919
0.3692646920681
0.40826669335365295
0.3815726339817047
0.4418364763259888
0.3826517164707184
0.378395140171051
0.4164905250072479
0.47357678413391113
0.4316376745700836
0.43856456875801086
0.44378989934921265
0.3954283595085144
0.38804164528846735
0.38677799701690674
0.40623787045478815
0.39846470952034
0.3189580738544464
0.4106613099575042
0.3178732991218567
0.4310694634914398
0.3354763090610504
0.44332209229469294
0.36670634150505066
0.3804096281528473
0.4433266818523407
0.36475303769111633
0.36692851781845087
0.3823501169681549
0.38943502306938166
0.3731604516506195
0.4150730967521667
0.38651764392852783
0.3868768513202667
0.40120595693588257
0.41274654865264887
0.35497501492500305
0.3728240132331848
0.38995015621185297
0.442534476518631
0.32578113675117487
0.41308897733688354
0.3832393288612366
0.4615372121334076
0.4107342064380646
0.4550011456012726
0.3975956439971924
0.34779736399650574
0.36466124653816223
0.46727088093757624
0.3850040435791016
0.48031902313232416
0.367644876241684
0.37913519144058233
0.33749547600746155
0.38984009623527527
0.4452746212482452
0.3865852653980255
0.425760954618454
0.4447715878486633
0.3776564300060272
0.4070083796977997
0.3774912059307098
0.3545048534870148
0.4590306878089905
0.42604780197143555
0.32500818371772766
0.3929578363895416
0.44617328047752386
0.35168206691741943
0.4312026798725128
0.39948731660842896
0.3867002427577973
0.3453395664691925
0.37563094496726984
0.4663683474063873
0.4277288019657135
0.3516041338443756
0.4066921174526215
0.3672711551189423
0.40250402688980097
0.48231467604637146
0.42775818705558777
0.4277699887752533
0.4180203378200531
0.4199720323085785
0.4795989990234375
0.4020188748836517
0.44511261582374567
0.46139922738075256
0.3737573027610778
0.3608464002609253
0.3873954117298126
0.4043355882167816
0.4178043901920319
0.3755715191364288
0.43379843235015864
0.395498126745224
0.3756687343120575
0.34877881407737726
0.35829946398735046
0.421075850725174
0.4261164963245392
0.40578547120094294
0.43180868029594416
0.4246806800365448
0.40308135747909546
0.3792242705821991
0.4009999334812164
0.34034278988838196
0.3625867068767548
0.3635426461696625
0.40554019808769226
0.3590702712535858
0.41684767603874207
0.3865675032138824
0.4421737492084503
0.4034974873065949
0.3748096823692322
0.39030179381370544
0.385445773601532
0.3885922431945801
0.35441353917121887
0.4408205151557922
0.399708479642868
0.48254477977752686
0.3757708370685577
0.4399240612983704
0.45323687791824335
0.33519312739372253
0.35771593451499933
0.3656276762485504
0.4130049049854279
0.39026904106140137
0.458669900894165
0.4779480397701264
0.3504549562931061
0.4028516113758087
0.3218110501766205
0.3614988625049591
0.3739041984081268
0.36193323135375977
0.3412620723247528
0.3955767750740051
0.44437709450721746
0.3851447403430938
0.44218197464942927
0.4539968073368073
0.4747407138347626
0.3465140759944916
0.3957228660583496
0.3800259530544281
0.4549190104007721
0.4002858698368073
0.3915839195251465
0.3723424375057221
0.38963845372200007
0.3859386742115021
0.3994514048099518
0.39647537469863886
0.36676448583602905
0.44973474740982056
0.4221860468387604
0.43179729580879206
0.4175120890140533
0.3496385216712952
0.35179179906845087
0.43323087692260737
0.4681694209575653
0.46048846840858454
0.3919141292572021
0.3803545534610748
0.4753140211105346
0.3674003779888153
0.3631715476512909
0.38333937525749207
0.4184941947460175
0.3859715461730957
0.373183399438858
0.4596416652202606
0.41574659943580633
0.42656084895133967
0.4917132258415222
0.35815492272377014
0.44913008809089666
0.4620961844921112
0.38057181239128113
0.39662823081016546
0.4234856069087982
0.3409312069416046
0.3767441213130951
0.37094289064407354
0.4725971221923828
0.3859726786613464
0.364487498998642
0.40497466921806335
0.4519825875759125
0.3966635167598724
0.36416369676589966
0.35964998602867126
0.3628644645214081
0.3441677689552307
0.33460995554924006
0.35033261775970453
0.3984150290489197
0.4665955901145935
0.37621960043907166
0.3830671906471253
0.34653133153915405
0.4238048493862152
0.3776361644268036
0.38093283772468567
0.4806955754756928
0.4173416793346405
0.37424960732460016
0.3806016743183136
0.4273974597454071
0.34766003489494324
0.40994951128959656
0.44643571972846974
0.4336504638195038
0.42098912596702576
0.42071297764778137
0.34003511071205134
0.37715157866477966
0.34665003418922424
0.41957065463066096
0.39026322960853577
0.412197470664978
0.4356490075588226
0.3910513818264008
0.33226540684700007
0.37911501526832575
0.36558398604393005
0.37807929515838623
0.40163236856460566
0.40173214673995966
0.35263293981552124
0.45629629492759693
0.3897355198860168
0.33898285031318665
0.4173651039600372
0.4580205976963043
0.45696380734443665
0.3903268277645111
0.4198212325572968
0.4191546142101288
0.3481486141681671
0.46249496936798096
0.4256484210491181
0.4308393895626068
0.445978969335556
0.4501276910305023
0.42209479212760925
0.3972194492816925
0.34281566739082336
0.4309981167316437
0.43159565329551697
0.38689056038856506
0.3788981735706329
0.34525042772293085
0.3617843687534332
0.3523620367050171
0.4453376829624176
0.3490093052387237
0.37704727053642273
0.39923840761184687
0.38003945350646967
0.37851062417030334
0.430762231349945
0.35480013489723206
0.4606774151325226
0.4466039836406708
0.4116870164871216
0.39141398668289185
0.41896420717239374
0.4075970053672791
0.36383664608001703
0.37942224740982056
0.4891326129436493
0.3614955246448517
0.3540189564228058
0.4117200076580048
0.38876459002494806
0.37261903285980225
0.37966048717498774
0.429514080286026
0.38229849934577936
0.3738152384757996
0.3635785579681397
0.4008559882640839
0.40652015805244446
0.3922464549541473
0.3994978070259094
0.42132917046546936
0.41168549656867987
0.3472515046596527
0.4021432399749756
0.382643073797226
0.36962959170341486
0.3320775032043457
0.36959740519523615
0.34587123990058893
0.3435165286064148
0.3808150589466095
0.46482965350151056
0.3809872567653656
0.4681617319583893
0.4290835857391357
0.384337306022644
0.4231914281845093
0.39761275053024286
0.5015901327133179
0.406743437051773
0.38818028569221497
0.4202748835086823
0.4079243242740631
0.37336918711662287
0.38472121953964233
0.4487158358097077
0.34098178148269653
0.4017666876316071
0.3770993649959564
0.4313319623470306
0.3949539959430695
0.39742654561996454
0.36726945638656616
0.42144855856895447
0.34848397970199585
0.4140554964542389
0.35329046845436096
0.3739892840385437
0.4685039818286896
0.4208473265171051
0.3606965243816376
0.382975310087204
0.4942132234573364
0.4117876291275024
0.46190160512924194
0.39207187294960016
0.3993380665779114
0.4723434150218964
0.44812843203544617
0.445273071527481
0.4191509485244751
0.38869658112525934
0.4559614956378937
0.3607352674007416
0.4255941808223724
0.4011397361755371
0.4204432368278504
0.4012630879878998
0.35635673999786377
0.3988825678825378
0.4528740644454956
0.4069389402866364
0.4233829081058502
0.49980866909027094
0.36150601506233215
0.4394948482513428
0.3563896715641022
0.4342289566993713
0.3815202414989472
0.36347454786300654
0.4212528169155121
0.4460188448429108
0.42146578431129456
0.3950178325176239
0.3804477155208588
0.35703617334365845
0.3627085685729981
0.3702454268932343
0.359656423330307
0.3793694078922272
0.40294018387794495
0.37693873047828674
0.44585683941841125
0.37881663441658014
0.38283708691596974
0.4306458532810211
0.4085991680622101
0.42741534113883967
0.3754207789897919
0.4108432233333588
0.3954580724239349
0.4450036883354187
0.39048996567726135
0.4568877518177032
0.40919682383537287
0.38727357983589167
0.38835200667381287
0.3864832222461701
0.3497798442840576
0.4328795373439789
0.3869033753871918
0.37154343724250793
0.43484130501747126
0.39234146475791926
0.44180098176002497
0.4057864546775818
0.3747985661029816
0.38413813710212713
0.4254092872142792
0.38965001702308655
0.40140566229820246
0.38303643465042114
0.362298309803009
0.4004534184932709
0.42608112096786493
0.4333009719848633
0.39029911160469055
0.3681486546993256
0.39581936597824097
0.44263720512390137
0.4063383638858795
0.4109049141407013
0.42194071412086487
0.3620044589042664
0.3982078731060028
0.43650355935096735
0.41972383856773376
0.378279834985733
0.3747013509273529
0.4041766822338104
0.3784886598587036
0.4371774792671204
0.4114318192005157
0.40163680911064154
0.38659170269966125
0.4582517445087433
0.35964739322662354
0.38013517856597906
0.4805125296115875
0.36448702216148376
0.391686886548996
0.41471219062805176
0.4249208271503448
0.4150292873382568
0.34087803959846497
0.3963796496391296
0.4278700053691864
0.37217351794242853
0.43044939637184143
0.4070114195346832
0.37410065531730646
0.3604240119457245
0.43177264928817755
0.38964483141899114
0.4195147454738617
0.42448040843009943
0.4487852454185486
0.40900489687919617
0.3810338079929352
0.38607481122016907
0.4137725830078125
0.4011410176753998
0.3944450318813324
0.39072838425636286
0.3462539315223694
0.3861849009990692
0.3696214854717255
0.3642804026603698
0.4069511592388153
0.43622186779975886
0.42366594076156616
0.4753203988075256
0.4580090939998626
0.3434170186519623
0.3941061496734619
0.4628338515758514
0.38969725370407104
0.3696525096893311
0.5138081908226013
0.4062033891677856
0.3885788321495056
0.43214276432991033
0.39741501212120056
0.38760867714881897
0.39191493391990656
0.45342227816581726
0.5230457186698914
0.43000075221061707
0.46051084995269775
0.43607267737388605
0.39540979266166687
0.39085724949836725
0.37304121255874634
0.3673920333385468
0.37253677845001215
0.4309931397438049
0.3307532072067261
0.4249441623687744
0.3990371823310852
0.43435376882553106
0.42655453085899353
0.3945922553539276
0.3423692584037781
0.363229900598526
0.35595086216926575
0.36303564906120306
0.3709380030632019
0.4089219868183136
0.3690950870513916
0.3900204002857208
0.38155719637870794
0.3717389106750488
0.4677344858646393
0.38557314872741694
0.35388419032096863
0.34094905853271484
0.4795677363872528
0.38720169663429266
0.4535906612873077
0.39187946915626526
0.430810421705246
0.4056822657585144
0.38576796650886536
0.3564964830875397
0.40016114711761475
0.40231609344482416
0.4286792576313018
0.4187871515750885
0.44206449389457697
0.3956029713153839
0.40994939208030706
0.4086672067642212
0.37813231348991394
0.4274696707725525
0.41098603606224066
0.4106588661670685
0.42593714594841
0.4762950837612152
0.3491158783435821
0.3699633479118347
0.41505190730094904
0.4272193908691406
0.36291033029556274
0.3809538781642914
0.3921795189380646
0.5077803730964661
0.3639971911907196
0.36080029606819153
0.3528660833835602
0.4007818102836609
0.41518521308898926
0.3591771423816681
0.3750246167182922
0.36321011185646057
0.3566416203975677
0.34227868914604187
0.4510566294193268
0.417535811662674
0.4165647327899933
0.40893307328224177
0.40426358580589294
0.4903524518013
0.4268338978290558
0.43344804644584656
0.44554802775383
0.359954297542572
0.3798629939556122
0.36663210391998285
0.4019815027713776
0.45035180449485773
0.38936331868171686
0.4402073919773102
0.43147253990173334
0.4137716293334961
0.47322186827659607
0.4417592287063599
0.42007431387901306
0.4632997214794159
0.4802483916282654
0.44766920804977417
0.36451503634452814
0.4076996743679047
0.39099299907684326
0.4081896841526032
0.3909349739551544
0.39445218443870544
0.42942166328430176
0.3724949955940247
0.4108153581619263
0.3739403188228607
0.37060493230819697
0.3808690011501312
0.3620921671390533
0.3317041099071502
0.41561618447303766
0.36606523394584656
0.40038722753524786
0.4041758477687836
0.451980859041214
0.43909105658531195
0.3509053885936737
0.4059838950634002
0.4446561932563782
0.3642122447490692
0.4748536050319672
0.4655374586582184
0.4347234964370728
0.43506798148155207
0.3367253839969635
0.3774318993091583
0.42330911755561834
0.3968070149421692
0.46755668520927435
0.4043317139148712
0.44793760776519775
0.4446956515312194
0.3793142139911652
0.41038990020751953
0.4045045375823975
0.453712522983551
0.42563092708587646
0.4332455098628998
0.3937434256076813
0.35505929589271545
0.3739649951457977
0.36771383881568903
0.3649227619171143
0.40228804945945734
0.3858999907970429
0.35457560420036316
0.3760869801044464
0.49698606133461
0.44531676173210144
0.38529220223426813
0.38228896260261536
0.38000181317329407
0.36087998747825617
0.3329683244228363
0.407294362783432
0.3699867129325866
0.4579041302204132
0.34326639771461487
0.3863427937030792
0.38682672381401056
0.43805754184722895
0.3318009674549103
0.4374402463436127
0.4990334808826447
0.45377531647682184
0.4485030174255371
0.4326648712158203
0.3770119845867157
0.4365303218364716
0.37031733989715576
0.3778155744075775
0.34826746582984924
0.46889117360115046
0.4234538376331329
0.3681642413139343
0.38722109794616694
0.3716481029987335
0.43871447443962097
0.3904547393321991
0.36872175335884094
0.3736774623394013
0.41651776432991033
0.4113498032093048
0.376960426568985
0.4278466999530792
0.4415592849254608
0.34896191954612726
0.4249026477336884
0.44549521803855896
0.3884462416172028
0.39448907971382147
0.36699727177619934
0.43185943365097046
0.398100882768631
0.3487659990787506
0.3696181476116181
0.4188286364078522
0.3759218752384186
0.3995575904846192
0.36135295033454895
0.3936516344547272
0.41319310665130615
0.3782016038894653
0.3899921774864197
0.45483168959617615
0.414714902639389
0.48977556824684143
0.3844036161899567
0.38728418946266174
0.4360674321651458
0.38585409522056574
0.4316806495189666
0.3954010307788849
0.37701836228370667
0.4250824153423309
0.3926912248134613
0.38370752334594727
0.3786117136478424
0.3969907164573669
0.43902838230133057
0.3609779477119446
0.383356124162674
0.4395185708999634
0.3943409323692322
0.38280266523361206
0.36995571851730347
0.392670214176178
0.49723258614540095
0.3922712206840515
0.37703701853752136
0.3431683480739593
0.4366560876369476
0.3678213059902191
0.38844749331474304
0.36342802643775934
0.37229374051094055
0.42932572960853577
0.4398106336593628
0.40672498941421514
0.36209806799888605
0.44124817848205566
0.3707255721092224
0.3758836090564728
0.3912179172039032
0.3608435094356537
0.46999230980873113
0.39197221398353577
0.38601887226104736
0.36953166127204895
0.3876884281635285
0.40187922120094294
0.4082253873348236
0.41527494788169855
0.3443014919757843
0.3804155588150024
0.4077834486961365
0.39941629767417913
0.3929367661476135
0.38217678666114807
0.3835874497890472
0.3631794154644013
0.42355796694755554
0.39537051320075994
0.3733684122562408
0.44378128647804255
0.40956649184226984
0.37732648849487294
0.4151528179645538
0.4316698014736176
0.4558151662349701
0.3802547752857208
0.43311950564384466
0.3646638691425323
0.38141268491745
0.35746225714683527
0.3549986183643341
0.374225914478302
0.3497927486896515
0.3833358585834503
0.3378728032112121
0.3939480781555176
0.3708600401878357
0.40435817837715143
0.32798972725868225
0.3945969045162201
0.3785304129123688
0.3606723248958588
0.40582332015037537
0.39930388331413275
0.4342047274112701
0.40161275863647455
0.3678723275661469
0.4310725629329681
0.4209849536418914
0.41385868191719055
0.3746870756149292
0.4370717108249664
0.438979297876358
0.4230217635631561
0.3747577369213104
0.4003870785236359
0.381400853395462
0.4355846345424652
0.38189166784286493
0.36094418168067927
0.368281215429306
0.382533460855484
0.42021235823631287
0.4120049774646759
0.40853601694107056
0.36112397909164423
0.3978061974048615
0.4227529466152191
0.43929168581962585
0.4821542501449585
0.3540542125701904
0.3834440410137177
0.3656640946865082
0.45460656285285944
0.4320645332336426
0.43175187706947327
0.37468174099922175
0.4198853969573975
0.3698655366897583
0.4406753182411194
0.40839758515357966
0.3663463294506073
0.3886778056621552
0.34319671988487244
0.43369594216346735
0.44315651059150696
0.4115378260612488
0.4575857222080231
0.34646764397621155
0.3901570737361908
0.38230124115943914
0.4633283019065857
0.4561427533626556
0.4091554582118988
0.4380884766578674
0.3968668580055237
0.37396281957626337
0.38853016495704645
0.3844762444496154
0.3863710463047028
0.3901191651821136
0.4257957637310028
0.40851524472236633
0.3650616705417633
0.4125307500362396
0.3785785734653473
0.44315865635871887
0.373422771692276
0.3486107289791107
0.3794100880622864
0.3627804219722748
0.4149056971073151
0.5318655967712401
0.4353767931461334
0.449623852968216
0.37612411379814154
0.47328719496726984
0.3928975164890289
0.3792189657688141
0.45318877696990967
0.4050032198429108
0.42302834987640386
0.3757865726947784
0.41966089606285095
0.34602317214012146
0.3424055278301239
0.46631470322608953
0.40363550186157227
0.4116627871990204
0.3550556004047394
0.47178253531455994
0.49249300360679626
0.4162311255931854
0.41579297184944153
0.3333818018436432
0.4083578884601593
0.4133827388286591
0.4622127115726471
0.34924745559692383
0.4589739143848419
0.3579939305782318
0.479684442281723
0.39131882786750793
0.38347959518432617
0.43147945404052734
0.3814815580844879
0.40280753374099726
0.4156559705734253
0.43292000889778137
0.3325738310813904
0.39369693398475647
0.3922256529331207
0.35948970913887024
0.46766936779022217
0.47727635502815247
0.4123233854770661
0.36301335692405695
0.40436792373657227
0.34255400300025934
0.3896656334400177
0.40094062685966486
0.4156659543514252
0.38491523265838623
0.4747703969478607
0.4010427594184875
0.420670747756958
0.4357586205005646
0.44532740116119374
0.40766292810440063
0.4314784109592438
0.40466669201850886
0.3324263095855713
0.38817247748374933
0.3661817610263824
0.41200444102287287
0.4039084017276764
0.39135780930519104
0.35051485896110535
0.3727598488330841
0.36369824409484863
0.40044167637825007
0.35388046503067017
0.34404370188713074
0.3965329229831696
0.3719282150268554
0.43802344799041754
0.37046095728874207
0.4296818673610687
0.4124657213687897
0.3710879683494568
0.36966395378112793
0.38205474615097046
0.39426371455192566
0.3072807490825653
0.41992923617362976
0.4031539261341095
0.3875492513179779
0.3940408527851105
0.3370101749897003
0.4242380559444427
0.41999199986457825
0.3735359311103821
0.43369820713996887
0.4102577269077301
0.3996814489364624
0.4726852476596832
0.4225903451442719
0.3776812255382538
0.3618035018444061
0.38132414221763605
0.3853797316551208
0.37070560455322266
0.36715427041053766
0.41018059849739075
0.36323103308677673
0.4456954896450042
0.3802262246608734
0.3568771779537201
0.4233365952968597
0.38001999258995056
0.37758398056030273
0.45236381888389593
0.4141670167446136
0.3881371915340424
0.3916327655315399
0.34548678994178766
0.4272023141384125
0.37344929575920094
0.4850713312625885
0.3988752067089081
0.38747134804725647
0.3979820907115936
0.3746485114097595
0.3570574223995209
0.3790406882762909
0.3828453719615936
0.4607942998409271
0.39872658252716064
0.39344879984855646
0.43258082866668707
0.3550688326358795
0.33749604225158686
0.41621333360672
0.4634254574775696
0.37006351351737976
0.3484688699245453
0.3566496670246124
0.38102474808692927
0.4002073109149933
0.40714117884635925
0.3854335248470306
0.3825508952140808
0.3415507674217224
0.3942471444606781
0.4103564321994781
0.3529023230075836
0.36932885646820074
0.44374963641166687
0.3936953842639923
0.36181592941284174
0.3837499916553497
0.37561267614364624
0.4758604168891906
0.37642270326614374
0.3727571964263916
0.38219380378723133
0.4390210807323456
0.4031467735767365
0.3885128796100616
0.4055980145931244
0.3924910128116608
0.4358433187007904
0.44556885957717896
0.42172917723655695
0.4191193878650665
0.35186243057250977
0.38493984937667847
0.4143631458282471
0.4014449119567871
0.38468936085700983
0.44044795632362366
0.4310656785964966
0.3338532745838165
0.3944876492023468
0.44587329030036926
0.3973433673381805
0.3725362420082092
0.39926064014434814
0.4326537549495697
0.42994201183319086
0.39474421739578247
0.3417046070098877
0.4132099449634552
0.4747777581214905
0.4047909080982208
0.37052574753761286
0.4244851768016815
0.3693346381187439
0.3243061602115631
0.3916588127613068
0.4617040157318115
0.3804384768009186
0.3649351000785828
0.3634581863880157
0.3938113152980805
0.4367945194244385
0.3897638022899628
0.4173619449138641
0.46978226304054255
0.4101529121398926
0.44532352685928334
0.4108033180236816
0.3943547308444977
0.4184105694293976
0.38923344016075134
0.3940598368644714
0.47266563773155207
0.47828432917594904
0.46049711108207697
0.4283446669578552
0.37158748507499695
0.3814446330070496
0.369841992855072
0.3296035826206207
0.38913056254386896
0.36673852801322937
0.35952314734458923
0.4306410551071167
0.3662035465240479
0.38023224472999567
0.4125426113605499
0.32877752184867853
0.37343004345893854
0.38212063908576965
0.3776669204235077
0.4040691554546356
0.4171220660209656
0.37196126580238337
0.44198217988014227
0.3532230854034424
0.4206488430500031
0.38667851686477667
0.4476754367351532
0.3978231847286224
0.408193439245224
0.35988086462020874
0.40963712334632874
0.393276572227478
0.41607147455215454
0.3960110247135162
0.3591804504394531
0.4738239645957946
0.384638637304306
0.40163913369178766
0.3646319508552551
0.4019530713558197
0.3907706439495087
0.4486919343471527
0.42620506882667536
0.405504435300827
0.41190078854560846
0.39573296904563904
0.4395003616809845
0.43510493636131287
0.38121536374092096
0.4194336235523224
0.4019448459148407
0.42466750741004944
0.40483903884887695
0.37544021010398865
0.3978367745876312
0.32363033294677734
0.4494819343090057
0.3500097990036011
0.3948431611061096
0.3643682897090912
0.40679606795310974
0.4329329431056976
0.3943404853343964
0.39382734894752497
0.440942108631134
0.36749240756034846
0.3942759335041046
0.3760546743869781
0.3815803825855255
0.396899551153183
0.3494787514209748
0.40440467000007624
0.3574609160423279
0.3812177777290344
0.39954236149787903
0.4644934833049774
0.370339959859848
0.41880327463150013
0.349945992231369
0.4033337831497192
0.3854835629463196
0.47090891003608704
0.38122099637985224
0.47533366084098816
0.37814620137214655
0.4026787579059601
0.3398120403289795
0.37887573242187506
0.4182859361171722
0.3988436162471771
0.40304794907569885
0.4015568196773529
0.45600610971450806
0.37918457388877863
0.3820649385452271
0.44294777512550354
0.3670458197593689
0.408425509929657
0.3947938680648804
0.39355224370956415
0.3945744931697845
0.4282118976116181
0.5072806477546692
0.3753744959831238
0.3989722430706024
0.3790397346019745
0.39823934435844416
0.3826345503330231
0.41773316264152527
0.4100129306316376
0.38796404004096974
0.4503841102123261
0.42261156439781195
0.45063403248786926
0.35536447167396545
0.3967701494693756
0.3661937415599823
0.4564576148986816
0.41791296005249023
0.3612580597400665
0.45001623034477234
0.49567365646362305
0.42533305287361145
0.3775864839553833
0.3875120878219605
0.44897195696830744
0.38146224617958074
0.37679842114448553
0.4007160365581512
0.3361152708530426
0.38974213600158686
0.34847363829612726
0.3754832446575165
0.43336644768714894
0.38080969452857966
0.40877974033355713
0.5014018416404724
0.467540830373764
0.3434329628944397
0.41909196972846974
0.355873703956604
0.45758578181266785
0.4122878313064575
0.39891472458839417
0.34514594078063965
0.4046436250209808
0.38245290517807007
0.5041514039039612
0.3844252526760101
0.37403479218482966
0.4401745498180389
0.37384489178657526
0.42137083411216736
0.4418112635612488
0.39183366298675537
0.3785175383090973
0.39585641026496887
0.3896243274211884
0.4247741401195526
0.40105581283569336
0.38249209523200983
0.34157517552375793
0.4115375876426697
0.4683809578418732
0.413660854101181
0.44110897183418274
0.4207764267921448
0.36032673716545105
0.3988591432571411
0.38669317960739136
0.4156606197357178
0.4307846128940582
0.4840583801269531
0.3516013026237488
0.458395391702652
0.41859903931617737
0.42717981338500977
0.3894456326961517
0.3959084749221802
0.44223001599311834
0.41146120429039
0.4287538230419159
0.3836651146411896
0.3707738220691681
0.46968623995780945
0.3915897607803345
0.4184470176696777
0.4263023734092712
0.4010867774486542
0.4137707054615021
0.43873280286788946
0.424531489610672
0.3796045482158661
0.38987764716148376
0.4453398287296295
0.3864554762840271
0.4347854554653168
0.4072684347629547
0.3948081433773041
0.36328634619712824
0.3976037502288818
0.4759810268878937
0.3315517604351044
0.4002093970775604
0.38328662514686573
0.4272603094577789
0.3984753787517548
0.42754101753234863
0.3617566525936127
0.4318324625492096
0.44510382413864136
0.46693816781044006
0.3688500225543976
0.412996768951416
0.3442256450653076
0.36693531274795527
0.3963319361209869
0.43521103262901306
0.43427345156669617
0.42689523100852966
0.4190441071987152
0.4295909702777863
0.3862637579441071
0.38274261355400085
0.4108039438724518
0.44410693645477295
0.34325680136680603
0.35502198338508606
0.4618715345859528
0.39688283205032343
0.385999321937561
0.43063151836395264
0.46002748608589167
0.3989197909832001
0.44038400053977966
0.3665737211704254
0.4056590795516968
0.4155767261981964
0.39358702301979054
0.3787632882595062
0.4269854426383972
0.41340306401252747
0.36735171079635615
0.3641864359378815
0.34407535195350647
0.3908495604991913
0.37559211254119873
0.3740891218185425
0.43788638710975647
0.4741780459880829
0.4130222499370575
0.3482759296894073
0.38908445835113525
0.39023515582084656
0.35191273689270014
0.42770752310752874
0.475581407546997
0.4005967676639557
0.36974403262138367
0.4361021220684052
0.4238758087158203
0.33197554945945734
0.38182953000068653
0.3788749277591705
0.424121767282486
0.40912866592407227
0.45782873034477234
0.37026500701904297
0.4269668757915497
0.437916487455368
0.39598998427391047
0.3869894444942474
0.38561791181564326
0.35342541337013245
0.48101851344108576
0.37342980504035944
0.4627790153026581
0.4572044610977173
0.4711959958076477
0.3894605338573456
0.3827245533466339
0.3761071264743805
0.318152517080307
0.37346363067626953
0.3667602241039276
0.4249033033847809
0.4106626212596893
0.4634243547916412
0.4198763966560364
0.3913361430168152
0.35730746388435364
0.36220183968544006
0.4067214727401733
0.4105108082294464
0.3719113767147064
0.39202064275741577
0.3613428771495819
0.38492229580879206
0.4096279144287109
0.41425642371177673
0.41427019238471985
0.33620426058769226
0.3705554306507111
0.4317764639854431
0.3984761834144592
0.3779450654983521
0.41820660233497614
0.3879238367080688
0.4034546315670013
0.3897952735424042
0.3979032337665558
0.40104991197586054
0.4277873337268829
0.451718419790268
0.36892440915107727
0.43072924017906183
0.38492050766944885
0.38099828362464894
0.3635388612747192
0.408486008644104
0.43399694561958313
0.4251486957073212
0.3824541568756104
0.3381476104259491
0.39594137668609614
0.47556513547897333
0.40268892049789434
0.3968605101108551
0.4480235874652863
0.486117959022522
0.4211215078830719
0.36717322468757624
0.4146302342414856
0.38853931427001953
0.3398201167583465
0.3951534032821655
0.42752385139465326
0.35209038853645325
0.3882889449596405
0.37780055403709406
0.36471351981163025
0.4627201855182648
0.387509435415268
0.42475166916847223
0.39844486117362976
0.3783017694950104
0.377971738576889
0.41784420609474177
0.34792518615722656
0.4919084012508392
0.41245853900909424
0.38284891843795776
0.4050758481025696
0.3748398125171661
0.37436643242836
0.39492467045784
0.41534310579299927
0.4997637867927551
0.365055114030838
0.38013538718223566
0.3858150541782379
0.4184619188308716
0.383856862783432
0.37329602241516113
0.43387845158576965
0.45057365298271174
0.4331305325031281
0.40915694832801813
0.3963515758514404
0.4945789575576782
0.48184236884117126
0.37015804648399353
0.3966763317584992
0.4156537353992462
0.4106311798095703
0.38145840167999273
0.37687122821807856
0.4097432792186737
0.457606703042984
0.39211669564247126
0.425333708524704
0.4205946624279022
0.39903876185417175
0.38960596919059753
0.3447326719760895
0.4120064377784729
0.40214458107948303
0.4237900078296661
0.3768842816352844
0.43849447369575506
0.4225950241088867
0.3990915417671204
0.4432417154312134
0.41962286829948425
0.3860756754875183
0.37681320309638977
0.45432591438293457
0.33851051330566406
0.42928680777549744
0.34806576371192927
0.3466560542583465
0.40636771917343134
0.3706536591053009
0.3847116231918335
0.4775955080986023
0.4020746052265167
0.35040158033370966
0.41176310181617737
0.3713644444942474
0.40349131822586054
0.45470085740089417
0.41036805510520935
0.38472136855125433
0.38614621758461
0.46169787645339966
0.4030627906322479
0.4746739566326141
0.3650461137294769
0.44490599632263184
0.34738075733184814
0.4098964035511017
0.41792872548103327
0.41954842209815973
0.395238608121872
0.42233338952064514
0.37907475233078
0.35689225792884827
0.33929094672203064
0.39382871985435486
0.36427083611488337
0.399912029504776
0.3531979322433472
0.3930557072162628
0.4113328158855438
0.36871030926704407
0.35899779200553894
0.4264410734176636
0.40805920958518976
0.38646024465560913
0.38209834694862366
0.3795054256916046
0.37357071042060846
0.341733455657959
0.35883578658103943
0.388154536485672
0.3942058384418488
0.3719753324985504
0.43103107810020447
0.37155055999755854
0.3701365888118744
0.4516515135765076
0.4276902377605438
0.3761791288852692
0.4468476474285126
0.41399031877517695
0.41967713832855214
0.40058180689811707
0.3568790256977081
0.36941710114479054
0.3963463604450226
0.4693194329738617
0.36589357256889343
0.3927805423736572
0.44415318965911865
0.4969331920146942
0.3899176418781281
0.39126411080360407
0.4419892728328705
0.3496941030025482
0.3679461777210236
0.46090233325958246
0.37401917576789856
0.4220330417156219
0.4492284953594208
0.3985521793365479
0.4215891659259796
0.3749620020389557
0.45036908984184265
0.4178451001644135
0.3546623289585113
0.42298278212547297
0.4051212668418884
0.38199993968009943
0.36037924885749817
0.39389058947563166
0.39357143640518183
0.3644474446773529
0.3686164617538452
0.4301609992980957
0.4259188771247864
0.38119009137153625
0.4537608921527863
0.3267198503017425
0.36710575222969055
0.3629818856716156
0.4322731792926788
0.3720321953296661
0.38980606198310846
0.3921623229980469
0.43295738101005554
0.3967006504535675
0.38918867707252497
0.4569867551326752
0.40570929646492
0.41440239548683167
0.3673214018344879
0.3623855113983154
0.3916718363761902
0.4890107810497284
0.3729906976222992
0.45753455162048334
0.4650433361530304
0.4270257353782654
0.3872788548469544
0.38205829262733454
0.3842378258705139
0.3700349032878876
0.4070252776145935
0.4000957906246185
0.4073010981082916
0.3659244179725647
0.38601598143577576
0.40614098310470576
0.443507581949234
0.42149829864501953
0.3642444908618927
0.36414667963981623
0.3475475013256073
0.4176035225391388
0.4201332628726959
0.42975172400474554
0.3813265860080719
0.4038793742656708
0.4495260715484619
0.4059360921382904
0.3565259873867035
0.38516524434089666
0.3607178330421448
0.35668122768402094
0.38493391871452326
0.4838537871837616
0.38128408789634705
0.3950941264629364
0.4440542161464691
0.3644642233848572
0.32156020402908325
0.4369256198406219
0.3818531930446625
0.4939126074314117
0.3643044531345368
0.4144016206264496
0.463051587343216
0.38624665141105646
0.4356863796710968
0.4265212118625641
0.4268762469291687
0.37882053852081293
0.42166042327880854
0.3926465809345245
0.4475884735584259
0.4778750538825989
0.4275924861431122
0.3850277364253998
0.39218160510063166
0.37036213278770447
0.3619123995304108
0.35782957077026367
0.4008151590824127
0.38064369559288014
0.36829048395156866
0.3715792000293732
0.36422598361968994
0.4146580994129181
0.3863776326179504
0.3652195036411285
0.38582703471183777
0.3788803815841674
0.3838028013706207
0.4050825536251068
0.3290430605411529
0.37208092212677
0.4800667762756348
0.36344256997108454
0.40908792614936823
0.4327024817466736
0.40946286916732794
0.45389935374259943
0.36915001273155207
0.3642026484012604
0.37682053446769714
0.4321931898593903
0.3682673871517181
0.3700480759143829
0.3754213750362396
0.4455760717391968
0.43382528424263
0.48428922891616816
0.35881921648979187
0.4130338132381439
0.4584158957004547
0.383695125579834
0.42484864592552185
0.4929109513759613
0.3921975791454315
0.4151057302951813
0.437802791595459
0.4156517088413239
0.41841563582420344
0.4295869767665863
0.38837784528732294
0.3612046539783478
0.3722882568836212
0.4334039092063904
0.3648584187030792
0.3695613443851471
0.3972274661064148
0.4438545405864716
0.4151977002620697
0.38762402534484863
0.4811170995235443
0.45057383179664606
0.4960256814956665
0.38233128190040583
0.4218762814998626
0.39074453711509693
0.3268475830554962
0.3917392790317536
0.39205729961395264
0.36829146742820734
0.3708749115467072
0.383282333612442
0.3809100687503815
0.3761567771434784
0.388698011636734
0.3727556765079498
0.3651946783065796
0.4209900498390198
0.4098493158817291
0.4569072425365448
0.36010870337486267
0.43388000130653376
0.43327742815017695
0.38858810067176813
0.435752809047699
0.3818949162960053
0.3897284865379333
0.3567509353160858
0.37977787852287287
0.41564610600471497
0.35651424527168274
0.4158131778240204
0.44393640756607056
0.38522520661354065
0.39264741539955134
0.38721010088920593
0.40319323539733887
0.4835714995861053
0.35339412093162537
0.4006891548633576
0.37412190437316895
0.37508681416511536
0.4296603500843048
0.3736206591129303
0.38081723451614374
0.40110036730766296
0.3612155616283417
0.3514930307865143
0.36284318566322327
0.368851363658905
0.3962742388248444
0.391018271446228
0.3682831227779389
0.4729919135570526
0.4242205619812012
0.3932930529117584
0.4226560592651367
0.37141487002372736
0.37336012721061707
0.4038883745670319
0.44044569134712214
0.3767251074314117
0.4276986122131348
0.3694170415401458
0.38761422038078314
0.49348446726799006
0.42319104075431824
0.43022599816322327
0.3623976111412048
0.3795289397239685
0.4174675643444061
0.36897286772727966
0.3781566321849823
0.4236946702003479
0.43722128868103033
0.4325627386569977
0.4138820767402649
0.37688210606575007
0.3611336052417755
0.46574327349662786
0.42825701832771296
0.4681550562381744
0.36950546503067017
0.3862703144550323
0.3942376673221588
0.4014416933059692
0.3755517899990082
0.4154742956161499
0.352679044008255
0.3841356933116913
0.360426276922226
0.4030356109142304
0.40630742907524103
0.38708814978599543
0.41444253921508795
0.4176168739795685
0.3367253243923187
0.4415852725505829
0.41195967793464655
0.3433062434196472
0.3789525330066681
0.4117038547992706
0.3954420387744904
0.33319416642189026
0.3679971098899841
0.36913809180259693
0.42530515789985657
0.4329007267951965
0.42922165989875793
0.33260449767112726
0.373048722743988
0.42853420972824097
0.3955347239971161
0.4092444181442261
0.43528503179550165
0.4530340135097504
0.417031079530716
0.44516074657440186
0.34012070298194885
0.43145695328712463
0.4293709099292755
0.3797430992126465
0.3676010072231293
0.3999033570289612
0.42698028683662415
0.37156346440315247
0.453201949596405
0.44355446100234985
0.3937587738037109
0.4846512079238892
0.3980734646320343
0.45975401997566223
0.38260307908058167
0.38577774167060846
0.4760198891162872
0.5016898512840271
0.47398111224174494
0.4133934676647186
0.3861831724643707
0.37481361627578735
0.37820336222648626
0.40193730592727667
0.44678589701652527
0.3507736325263977
0.36139836907386774
0.4073751866817474
0.4834313988685608
0.4335867464542389
0.35659295320510864
0.4145187437534332
0.37997373938560486
0.43077203631401056
0.4363383948802948
0.34864556789398193
0.3596646785736084
0.3801645338535309
0.3682290613651276
0.42987921833992
0.4474051892757416
0.36066767573356634
0.3681479096412658
0.42844882607460016
0.463486522436142
0.3940761387348175
0.38565841317176813
0.37734597921371454
0.428781121969223
0.38659003376960754
0.40044829249382013
0.43075460195541376
0.41757211089134216
0.4003557860851288
0.46250554919242853
0.37508669495582575
0.40206992626190186
0.4262336790561676
0.37607115507125854
0.3856171071529389
0.43278399109840393
0.35885730385780334
0.4204925000667572
0.4572878777980805
0.5258150100708008
0.3676059544086456
0.4079502820968628
0.4413041770458221
0.4224572479724884
0.38587269186973566
0.360580176115036
0.45457741618156433
0.4347554445266724
0.43790626525878906
0.34828609228134155
0.4418579638004303
0.3792964518070221
0.37295630574226374
0.3646490871906281
0.3704913556575775
0.4474369287490845
0.4293045699596405
0.3539585769176483
0.3871889412403106
0.38488334417343134
0.37139651179313654
0.46949377655982966
0.3905852437019348
0.3825334310531616
0.3745361268520355
0.42473188042640686
0.3955940008163452
0.45740959048271174
0.4490413963794708
0.43428498506546015
0.3731811940670013
0.382731169462204
0.4049024879932404
0.40038603544235224
0.4328330159187317
0.3925194442272186
0.3778240382671356
0.32567188143730164
0.35933569073677063
0.3976439535617828
0.4158357679843903
0.4337795674800873
0.37273561954498285
0.42610031366348267
0.41136947274208074
0.3758300840854645
0.4218730330467224
0.43199107050895685
0.4229503273963928
0.36549311876297
0.37541520595550537
0.37639847397804255
0.3754824101924896
0.34046053886413574
0.3686000406742096
0.3838036954402924
0.3699874579906464
0.38948538899421686
0.4390349090099335
0.393727570772171
0.4303602874279022
0.38927605748176575
0.4464103579521179
0.3987939655780792
0.4435328841209412
0.4962868392467498
0.4025577604770661
0.48948895931243896
0.3957697451114655
0.4541904628276825
0.38275116682052607
0.4078486263751984
0.34080231189727783
0.4871820509433746
0.3683066666126251
0.3493782877922058
0.42136168479919434
0.40163394808769226
0.38070464134216314
0.4517990052700042
0.3471067249774933
0.37416258454322815
0.37443283200263977
0.3835001289844513
0.43107759952545166
0.4255351722240448
0.4008517265319824
0.4673561751842498
0.41748943924903864
0.43130579590797424
0.4100652933120728
0.4343695342540741
0.3187045753002167
0.37548813223838806
0.36665704846382147
0.3541891872882843
0.3873533308506012
0.41821512579917913
0.4297006130218506
0.40121880173683167
0.3993936479091644
0.39057156443595886
0.4366669356822968
0.4222035109996796
0.41761362552642817
0.38351708650588984
0.4158991873264313
0.39945879578590393
0.35733535885810846
0.38079288601875305
0.4005628526210785
0.37500724196434015
0.44632837176322937
0.4358813166618347
0.3895525336265564
0.39774894714355463
0.37535810470581055
0.43118804693222046
0.4028363525867462
0.3977127969264984
0.3661580383777618
0.38546058535575867
0.37656906247138977
0.3808169960975647
0.42766907811164856
0.4017207324504852
0.3818488419055938
0.33839842677116394
0.37145179510116577
0.4146758317947388
0.3988252580165863
0.400648444890976
0.44777911901474
0.40918704867362976
0.41871705651283264
0.3913299739360809
0.42337295413017273
0.3961134254932404
0.4088241159915924
0.3965647518634796
0.4707768261432648
0.4680782556533813
0.4406245052814484
0.37767902016639704
0.37402716279029846
0.34640005230903625
0.411693662405014
0.4569919109344482
0.4525817334651947
0.3848088681697845
0.4073662161827088
0.3759022057056427
0.44786709547042847
0.3833340406417847
0.3762267529964447
0.3821620047092438
0.36412748694419855
0.35481658577919006
0.36726999282836914
0.39941132068634033
0.38442349433898926
0.4609285295009613
0.33648052811622614
0.3749302625656128
0.3755204379558563
0.4537777602672577
0.38743552565574646
0.4466457068920136
0.3409996330738068
0.3691712021827698
0.3591580092906952
0.43549105525016785
0.4065932929515839
0.38700887560844416
0.36951044201850886
0.4773271977901458
0.3803134858608246
0.4199503660202026
0.40661355853080744
0.3720187246799469
0.42280662059783936
0.42897334694862366
0.33948811888694763
0.3795563876628876
0.38955101370811457
0.42582264542579645
0.3752895891666412
0.42257201671600336
0.4282634258270264
0.4249186813831329
0.39196154475212097
0.3777796030044556
0.3734322488307953
0.3442130386829376
0.3587208688259125
0.4034411609172821
0.39005205035209656
0.38098299503326416
0.38390776515007013
0.4161302745342255
0.3848237097263336
0.41335156559944153
0.3550133407115936
0.39392343163490295
0.3617704212665558
0.38089665770530706
0.3570409119129181
0.38524892926216125
0.38257548213005066
0.3729335367679596
0.3785110712051392
0.35417640209198
0.3604281842708588
0.41485795378685
0.39001727104187006
0.3940736353397369
0.3232681453227997
0.3971374332904816
0.3783636093139648
0.47204151749610895
0.4238058626651764
0.3609635233879089
0.38500604033470154
0.3640348613262177
0.3904216289520264
0.4194985330104828
0.3770540952682495
0.42412722110748285
0.3350013792514801
0.38808342814445496
0.38434475660324097
0.35743075609207153
0.4550932943820953
0.4162692725658417
0.39984461665153503
0.3917493522167206
0.48237097263336176
0.5025129914283752
0.42390796542167664
0.41300150752067566
0.409519761800766
0.44194546341896057
0.4234764277935028
0.3857022523880005
0.3726632297039032
0.3588906824588776
0.3746612668037415
0.33826121687889094
0.4282254874706268
0.38354894518852234
0.3999642431735992
0.4074027836322784
0.38859191536903376
0.3771508038043976
0.4127939641475677
0.42643183469772333
0.32318076491355896
0.4932309687137604
0.4225336015224457
0.3836871087551117
0.34595170617103577
0.4008207023143768
0.37210878729820246
0.4474206864833832
0.4427073001861572
0.4128847420215607
0.448693722486496
0.41691228747367853
0.4551757872104645
0.4470609724521637
0.3804437816143036
0.3998434841632843
0.36485877633094793
0.36755245923995966
0.3693326413631439
0.38415002822875977
0.3895679712295532
0.4337591826915741
0.43619450926780706
0.4550400078296661
0.44240570068359375
0.36589649319648737
0.4006803929805756
0.3697963058948517
0.3971487581729889
0.44384834170341486
0.39333364367485046
0.45859465003013605
0.36851146817207336
0.3729770183563232
0.389188289642334
0.35024753212928766
0.4513891041278839
0.4138566851615906
0.39890030026435846
0.3561045229434967
0.4216289818286896
0.36928772926330566
0.3999307453632354
0.35015201568603516
0.3443392217159271
0.37809190154075617
0.381428986787796
0.3822340369224548
0.34955456852912903
0.36108162999153137
0.43949493765830994
0.37959381937980646
0.3975813984870911
0.43584465980529785
0.4062830805778504
0.3832350075244904
0.3323189914226532
0.3565482199192047
0.45840144157409674
0.3796667754650116
0.3482844829559326
0.36355391144752497
0.4213905036449432
0.4232103526592255
0.4250817000865936
0.4693931043148041
0.3993402421474457
0.37899413704872126
0.4276239573955536
0.40395307540893555
0.3800116181373596
0.3479157090187073
0.37647792696952814
0.3627087771892548
0.3955378830432892
0.342566579580307
0.4667061567306519
0.3712125718593597
0.4028670489788056
0.3935340940952301
0.34592199325561523
0.41040799021720886
0.36227241158485407
0.3735882043838501
0.4096635282039642
0.3605366051197052
0.43273696303367615
0.35030195116996765
0.4371230304241181
0.37057968974113453
0.4073956608772278
0.4025600254535675
0.4030297100543976
0.4433715343475342
0.43920081853866577
0.3186316788196564
0.3838748633861542
0.3710261285305023
0.4271683990955353
0.3711609840393066
0.41846138238906866
0.3827339708805084
0.42364969849586487
0.3470808267593384
0.44414910674095154
0.3970577120780945
0.38961222767829895
0.4533182084560394
0.47848033905029297
0.45303937792778015
0.36961564421653753
0.4273988306522369
0.450585812330246
0.4258518815040588
0.4174078702926636
0.362168401479721
0.4837771654129028
0.3564267158508301
0.4136737883090973
0.3879656791687012
0.4150903224945068
0.39000135660171514
0.41126927733421326
0.42211297154426575
0.39613714814186096
0.43461719155311584
0.42737346887588495
0.38755527138710016
0.4033266603946686
0.3736964166164398
0.390649527311325
0.42017391324043274
0.39202138781547546
0.42156869173049927
0.4023852050304413
0.3944614231586456
0.3899136483669281
0.4388890266418457
0.3961701691150665
0.39507460594177246
0.4315713047981262
0.46294823288917536
0.36624050140380854
0.4021770060062408
0.3789006769657135
0.40368205308914173
0.4180337488651276
0.41916880011558527
0.3879067599773407
0.3700187206268311
0.384466677904129
0.4767750799655914
0.41009300947189326
0.4213338196277618
0.3736708164215088
0.402755469083786
0.41704389452934265
0.3836340606212616
0.3759573698043823
0.44629213213920593
0.40264347195625305
0.44743987917900085
0.3764247000217438
0.45693865418434143
0.3689749240875244
0.384278267621994
0.4581373035907745
0.4042385518550873
0.3622630536556244
0.4095058143138885
0.4363422691822052
0.38261440396308893
0.44715836644172663
0.41633203625679016
0.3927508294582367
0.4719862639904022
0.37666898965835566
0.34637191891670227
0.3728112280368805
0.4101773202419281
0.4470696151256561
0.4789347946643829
0.3679565191268921
0.36201822757720953
0.4329606890678406
0.4448181986808777
0.37896928191185
0.387408435344696
0.4114952385425568
0.4033090174198151
0.4967487156391144
0.39159062504768366
0.3999436795711517
0.4643124043941498
0.36948522925376887
0.3652984201908112
0.453840047121048
0.363391786813736
0.40513074398040766
0.4173038303852081
0.38427874445915217
0.3866064846515656
0.4446510970592498
0.40326136350631714
0.4814693331718445
0.4836551249027252
0.3699877262115479
0.3654223382472992
0.43800702691078186
0.4319975078105927
0.4217662513256073
0.3800561130046845
0.4537183344364166
0.427390992641449
0.395024299621582
0.3498116433620453
0.39865010976791376
0.4166753888130188
0.4359105825424194
0.44755387306213373
0.4802536368370056
0.36994889378547674
0.4588070511817932
0.4290840327739716
0.37162342667579645
0.3491756021976471
0.36878553032875055
0.3638522624969482
0.4298929870128632
0.4657021462917328
0.4484387338161469
0.4356973469257354
0.4061226546764374
0.39188322424888605
0.3857049345970154
0.4340278208255768
0.48865872621536255
0.40247091650962824
0.39404258131980896
0.421343058347702
0.4329589903354645
0.3697248995304108
0.47031769156455994
0.40844592452049255
0.5050819516181946
0.39999002218246454
0.40046626329422
0.35512822866439814
0.4035777747631073
0.3742768466472626
0.44140562415122986
0.43748712539672846
0.3963403105735778
0.48016276955604553
0.3743916451931
0.43391856551170344
0.399368554353714
0.37849006056785583
0.4552208483219146
0.4072351753711701
0.3914953470230103
0.39947772026062006
0.3820016980171204
0.45476201176643366
0.4086315929889679
0.4202069342136383
0.3654572665691376
0.39413276314735407
0.43740352988243103
0.3644304871559143
0.37006422877311707
0.4081304371356964
0.36031243205070496
0.35898557305336
0.4107027351856232
0.47279891371726984
0.4279745519161224
0.4771789014339447
0.3972160518169403
0.34000277519226074
0.3786221444606781
0.3669293522834778
0.38883736729621887
0.4464960694313049
0.410127729177475
0.3880649507045746
0.40777251124382013
0.4282421469688416
0.39392340183258057
0.454016387462616
0.42036819458007807
0.4014165699481964
0.3924004733562469
0.4377325773239136
0.4166234731674194
0.46839955449104315
0.38058665394783026
0.44400498270988464
0.4200467467308045
0.406080573797226
0.3936146795749664
0.48758038878440857
0.4245141744613648
0.4423260688781738
0.4685988128185272
0.36155369877815247
0.4598660469055176
0.39322695136070246
0.34631991386413574
0.4781401753425598
0.44715437293052673
0.35884925723075867
0.3891010582447052
0.4611538350582122
0.35397809743881226
0.3797203004360199
0.39500081539154047
0.36542966961860657
0.36056214570999146
0.3964332044124603
0.3663010001182556
0.402713418006897
0.3721627295017242
0.402349442243576
0.43825790286064154
0.41167286038398737
0.43046465516090393
0.4202282130718231
0.3929044902324677
0.4274574816226959
0.3655197322368622
0.4899216592311859
0.4113969504833221
0.4410446584224701
0.4172451198101044
0.37313035130500793
0.39352318644523615
0.3947564661502838
0.4866214692592621
0.4464230835437775
0.40399217605590815
0.46329808235168457
0.3860598504543304
0.4160210192203522
0.38150599598884577
0.3814722001552582
0.39113321900367737
0.391238808631897
0.4046483039855957
0.35402488708496094
0.4585698544979096
0.36887544393539434
0.39156523346900934
0.3880232870578766
0.47146961092948914
0.3907593190670013
0.4401306211948394
0.36288276314735407
0.41142717003822327
0.36145141720771784
0.431311160326004
0.39089599251747126
0.3948005437850952
0.3799817264080048
0.37942215800285334
0.3872734606266022
0.3921308815479279
0.4111876785755157
0.5003541111946106
0.49431732296943665
0.43539935350418085
0.4487310945987701
0.37047311663627613
0.44816097617149353
0.36233994364738464
0.38477611541748047
0.3520008325576782
0.38112369179725647
0.5042386651039124
0.40250387787818903
0.41266593337059027
0.40224131941795355
0.38283246755599976
0.3880131542682648
0.4323859512805938
0.3879564702510834
0.3941528499126434
0.4041102826595306
0.3780345618724823
0.3646752834320068
0.3787929117679596
0.3665139973163605
0.4549182057380676
0.3803614675998688
0.40719863772392273
0.3769627213478088
0.38834202289581293
0.3797177970409393
0.3719814419746399
0.4819929897785186
0.3611740171909332
0.3870265781879425
0.4460050761699677
0.41335415840148926
0.4080833494663239
0.42836162447929377
0.37887269258499146
0.3737697899341583
0.4417438209056854
0.3904332220554352
0.3830356895923615
0.4121116697788239
0.4718327820301056
0.3199944794178009
0.41781514883041376
0.3980034291744232
0.39101043343544006
0.40750575065612793
0.4452960193157196
0.3678370416164398
0.3620090782642365
0.3846279680728912
0.3598885238170624
0.4098246991634369
0.5001709461212158
0.4292204082012177
0.3884240686893463
0.372405618429184
0.3761438429355621
0.40472364425659174
0.45384743809700007
0.42896309494972235
0.40817099809646606
0.39851066470146174
0.3934251964092255
0.34244391322135925
0.4688420295715332
0.4307003021240234
0.387059897184372
0.3913223445415497
0.36685201525688166
0.3845983147621154
0.4204904735088348
0.43545597791671753
0.4672871828079224
0.33808496594429016
0.43973377346992487
0.3620342910289765
0.38726177811622614
0.43513572216033936
0.37848904728889465
0.35678234696388245
0.3990690410137177
0.4159139096736908
0.3620218932628632
0.39285162091255194
0.43937715888023376
0.39293017983436573
0.38192349672317505
0.3991951048374176
0.35417026281356806
0.3669512271881104
0.44544863700866694
0.4433727264404297
0.440476268529892
0.3879802525043488
0.37134727835655207
0.40867671370506287
0.37224325537681574
0.3602993190288544
0.4213947951793671
0.4687159955501556
0.3716878592967987
0.4393505454063416
0.36997538805007935
0.4111502468585968
0.4440695345401764
0.3553474545478821
0.4259412884712219
0.4581336677074432
0.3567008376121521
0.33256950974464417
0.48165291547775274
0.4044719934463501
0.4813701808452606
0.41164299845695496
0.3593662679195404
0.38672202825546254
0.4020291864871978
0.4192597568035126
0.39999356865882874
0.3818444013595581
0.4384943246841431
0.42949900031089777
0.4144213795661926
0.37571915984153753
0.4242286384105682
0.425171822309494
0.3787265717983246
0.4189951121807098
0.42302581667900085
0.44029778242111206
0.4681563079357147
0.416675478219986
0.3984968960285186
0.5101898908615112
0.449653685092926
0.3589431643486023
0.3716996610164642
0.40704041719436646
0.453486680984497
0.40132567286491394
0.44885945320129395
0.40447950363159174
0.3930034041404724
0.3880847990512848
0.392222672700882
0.47424462437629694
0.39730662107467646
0.3878369629383087
0.39416736364364624
0.416281521320343
0.39492604136466974
0.41679689288139343
0.3683588802814484
0.4521878361701965
0.39594295620918274
0.39178666472435
0.3657023012638092
0.42410364747047424
0.4061159789562225
0.40736648440361023
0.4495752155780792
0.37488240003585815
0.37525025010108953
0.3469766080379486
0.42011716961860657
0.33998367190361023
0.3739321231842041
0.3700720369815826
0.353983998298645
0.4467037618160248
0.3608746230602264
0.3710630834102631
0.4674231708049774
0.456259161233902
0.4011316597461701
0.4025141894817352
0.385002464056015
0.3723228573799133
0.4320171475410461
0.4475084841251373
0.3777418434619904
0.3952076137065888
0.3597289025783539
0.3617882430553436
0.39623692631721497
0.4394215643405914
0.3673374354839325
0.37799003720283514
0.4260785579681397
0.3967825472354889
0.41056719422340393
0.4066227972507477
0.4264614284038544
0.37340518832206726
0.38468298316001887
0.4277133941650391
0.4375696778297424
0.35980600118637085
0.3587817251682281
0.5153019428253174
0.3894816935062408
0.34774550795555115
0.39006754755973816
0.363850474357605
0.36925286054611206
0.35635101795196533
0.3706883490085602
0.3769842684268952
0.36449089646339417
0.44463011622428894
0.37663868069648737
0.44396826624870306
0.4367710053920746
0.4256571233272552
0.38640984892845154
0.3787676990032196
0.3675743639469146
0.3815595805644989
0.44059091806411743
0.4069640934467316
0.33694934844970703
0.33973476290702814
0.3908446729183197
0.36884334683418274
0.4552418887615204
0.3764841556549072
0.37906458973884577
0.4261352717876434
0.4316279590129852
0.39276203513145447
0.38013777136802673
0.41794466972351074
0.38976797461509693
0.4362054467201233
0.42328447103500366
0.37546357512474066
0.4086630642414093
0.37230607867240906
0.3485681712627411
0.39300286769866943
0.46198818087577814
0.36628410220146174
0.4086691439151764
0.47691759467124933
0.4293409883975983
0.3322676718235016
0.38197019696235657
0.3488779366016388
0.45036816596984863
0.3657466769218445
0.4296225011348724
0.43161609768867487
0.43290838599205017
0.43655177950859064
0.4097533226013184
0.39062762260437006
0.33932432532310486
0.45157214999198914
0.4297000169754028
0.3572480976581573
0.366745799779892
0.39081141352653503
0.40355247259140015
0.4827968776226044
0.3628804981708527
0.41862812638282776
0.4113969504833221
0.33465644717216486
0.43760672211647034
0.3791327476501465
0.3516909182071686
0.38394346833229054
0.40492233633995056
0.3992429673671722
0.351511150598526
0.3388111889362335
0.39104878902435297
0.36820268630981445
0.3919773995876312
0.36288756132125854
0.3595610558986664
0.4456821382045746
0.5068861842155457
0.37157389521598816
0.3643910884857178
0.33761101961135864
0.3464724123477936
0.404186338186264
0.3981892764568329
0.4368264377117157
0.3844923079013824
0.35941430926322937
0.372227281332016
0.497310608625412
0.37532708048820496
0.4330010414123535
0.45228347182273854
0.3926399052143097
0.39730504155159
0.45526155829429626
0.4341177940368652
0.29585960507392883
0.4452478289604187
0.4363396763801575
0.3712678849697113
0.38570278882980347
0.3800961673259735
0.3742550909519196
0.32718804478645325
0.35800880193710327
0.4327008426189423
0.35415554046630854
0.47427192330360407
0.42455360293388367
0.40560987591743464
0.3706625998020172
0.38725319504737854
0.3967510163784027
0.4339831471443176
0.3704892098903656
0.3854448199272156
0.3528657555580139
0.42166233062744146
0.39545783400535583
0.37735888361930847
0.3610336184501648
0.37113526463508606
0.3481062352657318
0.41092810034751887
0.4206231832504272
0.4985436201095581
0.464933305978775
0.4096701145172119
0.4152733385562897
0.41356924176216125
0.411289781332016
0.3754126727581024
0.3657866418361664
0.47717812657356257
0.4352799355983734
0.4694143831729889
0.3330543339252472
0.39107105135917664
0.34537163376808167
0.40816229581832886
0.34753450751304626
0.3765914142131805
0.36912667751312256
0.4152368009090424
0.39698970317840576
0.3863072097301483
0.4107414186000824
0.40666320919990534
0.4390745162963867
0.39693900942802424
0.34540000557899475
0.39807567000389094
0.4099144041538239
0.386877715587616
0.36990669369697565
0.3677391409873962
0.3614714443683624
0.40657502412796015
0.36022326350212097
0.3694206774234772
0.37513795495033264
0.3499240279197693
0.32531920075416565
0.4126834571361542
0.4492141902446746
0.4341445565223694
0.4072396755218506
0.3797639608383178
0.4846103191375733
0.335822731256485
0.384554386138916
0.3716814815998077
0.43774721026420593
0.3554359972476959
0.40686631202697754
0.44382193684577936
0.47144356369972235
0.362979918718338
0.4319206178188324
0.35681822896003723
0.4956781566143036
0.376934289932251
0.38296738266944885
0.35402747988700867
0.3892146348953247
0.4172948896884918
0.34049373865127563
0.37739118933677673
0.394113689661026
0.3859589993953705
0.4073669910430908
0.3536398708820343
0.49436458945274353
0.4163466989994049
0.4613976776599884
0.45539137721061707
0.3975053131580353
0.35412052273750305
0.41298082470893854
0.3606694042682648
0.3474104702472687
0.34667035937309265
0.41475769877433777
0.36213046312332153
0.3955582976341248
0.4148978292942047
0.39931550621986395
0.41210877895355214
0.3411696255207062
0.3582713305950165
0.4454480111598969
0.4283085465431213
0.4169998168945313
0.4237350523471832
0.3827883005142212
0.4095691740512848
0.3997045159339905
0.39743050932884216
0.4232517778873444
0.3343649208545685
0.398040384054184
0.3861083090305328
0.39037045836448664
0.4226857125759125
0.4649753272533417
0.380819708108902
0.3852868974208832
0.4175355136394501
0.3698876798152924
0.39641132950782776
0.4120520949363709
0.35613390803337097
0.38662073016166687
0.38181316852569586
0.42455619573593134
0.3800693452358246
0.390853077173233
0.4483011662960053
0.3983877599239349
0.3789313137531281
0.4247018992900848
0.4814999997615814
0.38074046373367304
0.3831284046173096
0.3917904198169708
0.4202556908130646
0.3842372000217438
0.4315907955169678
0.42556232213974
0.41774174571037287
0.3866203725337982
0.37768444418907166
0.3983132839202881
0.42796340584754944
0.4182802736759186
0.3632415235042572
0.397912472486496
0.3942714929580688
0.3808554708957672
0.3792366087436676
0.4027622044086456
0.37289559841156006
0.4456544816493988
0.39862421154975886
0.4349987208843231
0.3747019469738007
0.39208459854125977
0.3681362867355346
0.4120784401893616
0.40764662623405457
0.3850798606872559
0.391562134027481
0.402227520942688
0.3871086537837982
0.46997216343879694
0.3831147253513336
0.4082824885845184
0.3704808950424194
0.3940950334072113
0.4517870843410492
0.4111133515834808
0.4204442501068115
0.3783719837665558
0.3825330436229706
0.409026712179184
0.4131147563457489
0.3806792199611664
0.4138523638248444
0.4404939711093903
0.3510930836200714
0.3846253752708435
0.3667968213558197
0.43783605098724365
0.35818979144096375
0.45271459221839905
0.38098496198654175
0.42596957087516785
0.35806873440742487
0.44694915413856506
0.36629003286361694
0.4737781584262848
0.4257493615150452
0.3926750719547272
0.4239550530910492
0.3908869326114655
0.3904914855957031
0.41841006278991694
0.3911795020103455
0.37897178530693054
0.3622653782367706
0.38392874598503113
0.46679842472076416
0.38696613907814026
0.38393715023994446
0.3719245493412018
0.39757239818573
0.3773660957813263
0.38407057523727417
0.37568220496177673
0.4017490446567536
0.3891614377498626
0.5045905113220215
0.3895726501941681
0.448805183172226
0.3493221700191498
0.4226520657539368
0.442939817905426
0.4027293622493744
0.3826262652873993
0.4237533211708069
0.4396418631076813
0.416372150182724
0.3845041692256928
0.3866987228393554
0.4650820791721344
0.4290658831596375
0.40852701663970953
0.3907987177371978
0.40435084700584406
0.42969465255737294
0.41076609492301935
0.40055879950523376
0.4369071125984192
0.4227690100669861
0.3452774584293365
0.4818249642848969
0.37400844693183893
0.4073669612407684
0.4011920094490051
0.34459066390991205
0.4610808789730072
0.43189588189125055
0.4319011569023132
0.39730265736579895
0.3930799067020416
0.3882615268230438
0.3936235904693604
0.3399137556552887
0.3886023163795471
0.3527393639087677
0.4699917733669281
0.428007572889328
0.3788216412067413
0.39075258374214167
0.4673708379268646
0.3672234714031219
0.40754684805870056
0.4105863869190216
0.3626902401447296
0.36870062351226807
0.339926540851593
0.41171059012413025
0.36233118176460266
0.4040162563323975
0.33700045943260193
0.45070710778236395
0.38280412554740906
0.38912251591682434
0.4012876451015472
0.3911026120185852
0.39637637138366694
0.38547131419181824
0.43917956948280334
0.3678351938724518
0.3982256352901458
0.37347835302352905
0.3550730347633362
0.39353892207145685
0.42713484168052673
0.34421181678771967
0.31361791491508484
0.38272082805633534
0.395765483379364
0.42244288325309753
0.4253222644329071
0.39689701795578
0.4658706486225128
0.35965344309806824
0.36122867465019226
0.3592511713504791
0.3844224512577057
0.46154943108558655
0.4677307307720184
0.30949816107749933
0.4588044285774231
0.48706674575805664
0.4397852122783661
0.408797413110733
0.37540617585182184
0.39130300283432007
0.3649730384349823
0.41079744696617126
0.471974641084671
0.3387930691242218
0.3882206380367279
0.4617808163166046
0.4299286901950836
0.3948016464710236
0.34299179911613464
0.3827242851257324
0.4169214069843292
0.4525192975997925
0.37783637642860407
0.37872979044914246
0.4438588321208954
0.3458424210548401
0.3801637589931488
0.4345196187496185
0.3624973595142365
0.35625746846199036
0.382897675037384
0.3971712291240692
0.41811281442642206
0.4187816679477692
0.370866596698761
0.3919029533863068
0.37778955698013306
0.4044400453567505
0.4284144937992096
0.3861906230449677
0.3757788240909576
0.38187000155448914
0.3435434103012085
0.4459744095802307
0.34402719140052795
0.4328037202358246
0.4714113771915436
0.4932263791561127
0.41327941417694086
0.3579843044281006
0.4249334335327149
0.3800614178180695
0.38037231564521784
0.36969712376594543
0.4410275220870972
0.3624877631664276
0.3834708631038666
0.3384721577167511
0.44430211186409
0.3531846106052398
0.36943283677101135
0.3882848918437958
0.3957803547382354
0.3889685571193695
0.3780935406684875
0.4249082505702973
0.4374316036701202
0.3971578180789948
0.4072249531745911
0.42823174595832814
0.4329504072666168
0.3835092782974243
0.4048733413219452
0.3395434319972992
0.368706613779068
0.44537702202796936
0.35808321833610535
0.4784021973609924
0.4045980870723724
0.4061761796474457
0.3601436913013458
0.3955232799053192
0.4412083625793457
0.36575630307197565
0.3614421188831329
0.43709948658943176
0.3532523512840271
0.336149662733078
0.4074019491672516
0.38293054699897766
0.42873156070709223
0.4353609383106232
0.38874813914299006
0.3818882405757904
0.3882621228694916
0.3798254430294037
0.4644832611083984
0.391910195350647
0.385452538728714
0.41370755434036255
0.4619217216968536
0.3783971965312958
0.37462735176086426
0.342447429895401
0.3482373058795929
0.3936844170093536
0.4364827573299408
0.41740342974662786
0.37044963240623474
0.36667600274086
0.3761509954929352
0.37451046705245966
0.3916818499565125
0.4936415851116181
0.38319846987724304
0.4597709774971008
0.3821110427379608
0.38938042521476746
0.39734905958175654
0.37165549397468567
0.4350951910018921
0.35390207171440125
0.40493655204772955
0.3879897594451904
0.4450722634792328
0.4311136901378632
0.3518979847431183
0.4487170279026032
0.44441911578178406
0.362900823354721
0.4263935387134552
0.37042680382728577
0.3785350918769837
0.4300516545772552
0.37353849411010737
0.37264928221702576
0.4450208842754364
0.4143543541431427
0.4621761739253998
0.4594785571098328
0.4596886038780213
0.43138954043388367
0.40652284026145935
0.3788911998271942
0.39298430085182184
0.36022335290908813
0.37327903509140015
0.436433881521225
0.37962010502815247
0.39882972836494446
0.35335513949394226
0.4566828310489655
0.37649533152580256
0.4162826836109161
0.3637987077236176
0.4506261944770813
0.46757355332374567
0.35007497668266296
0.3530661165714264
0.3867487609386444
0.39811247587203974
0.3673190772533417
0.4574650228023529
0.37792918086051935
0.4221276044845581
0.3949933350086212
0.3683782517910004
0.34535062313079834
0.3633585572242737
0.3911606967449188
0.4730459153652191
0.3969072997570038
0.4902772605419159
0.4327322244644165
0.41859236359596247
0.4230262041091919
0.3675056993961334
0.4279763400554657
0.4106880724430084
0.47753933072090154
0.3778813183307648
0.418291449546814
0.3677501678466797
0.4174344837665558
0.3843596875667572
0.4610613882541656
0.3686363995075226
0.4088679254055023
0.3367764353752136
0.4277589917182922
0.4877116680145264
0.383447140455246
0.500085711479187
0.38579261302948
0.3634022772312164
0.3676699101924896
0.39414724707603455
0.41590067744255066
0.3418104350566864
0.3917674422264099
0.3684393465518952
0.4803912341594696
0.4261687099933624
0.41676628589630127
0.3800846636295319
0.42078268527984614
0.3818000853061676
0.3840760290622711
0.3750668168067932
0.35401299595832825
0.403594046831131
0.37634024024009693
0.4440213143825531
0.3547373712062836
0.414187490940094
0.42336806654930115
0.4030416309833527
0.35065171122550964
0.3984638750553131
0.4189638197422028
0.3402765691280365
0.44034221768379206
0.4377064108848572
0.3820913732051849
0.42239585518836975
0.39253509044647217
0.4140380620956421
0.3756532967090607
0.3955423533916473
0.43121781945228577
0.37638694047927856
0.47586026787757874
0.3823601305484772
0.46711993217468256
0.3867576122283936
0.3767329454421997
0.4795071184635162
0.40670105814933777
0.40321311354637146
0.5108025670051575
0.42437607049942017
0.38298651576042175
0.440106064081192
0.35332146286964417
0.37204042077064514
0.4288205206394196
0.3565787971019745
0.434989869594574
0.37667930126190186
0.4091815650463104
0.39327454566955566
0.4963314235210418
0.3876576125621796
0.39601048827171326
0.40944775938987726
0.42187643051147455
0.4869049489498138
0.37595000863075256
0.4208945631980896
0.4126538038253784
0.33963677287101746
0.4019086956977844
0.416378378868103
0.379834920167923
0.40007063746452326
0.3603611886501312
0.4316545128822327
0.4162464439868927
0.36725655198097223
0.444130688905716
0.376047283411026
0.4040034115314484
0.4282632768154144
0.39916166663169855
0.43704706430435186
0.3928139507770538
0.4506086409091949
0.3980298638343811
0.38492712378501887
0.4005576968193054
0.405951589345932
0.42411085963249207
0.41702863574028015
0.40824839472770685
0.45798912644386286
0.4343945980072021
0.42057728767395014
0.39276739954948425
0.3716226518154144
0.3600010573863983
0.4036574363708496
0.3627549409866333
0.40731701254844666
0.4053536355495453
0.3669498264789581
0.40083202719688416
0.3860773742198944
0.37929517030715937
0.3725908696651458
0.4497033655643463
0.4304411709308624
0.4104047119617462
0.367763102054596
0.4157577157020569
0.43112385272979736
0.4037821888923645
0.38212603330612177
0.39411032199859614
0.3973566293716431
0.3928295969963074
0.38915869593620306
0.3642720878124237
0.3866529762744904
0.44095042347908014
0.4231903254985809
0.4499446749687194
0.43525391817092896
0.38680610060691833
0.41696068644523615
0.36511862277984614
0.34929022192955017
0.42862305045127863
0.3963217437267304
0.43650087714195246
0.43714377284049993
0.38320901989936823
0.42489644885063166
0.40358743071556086
0.39851373434066767
0.3810941874980927
0.4145312011241913
0.36267229914665217
0.38165351748466486
0.3799867928028106
0.4177054464817047
0.34279930591583246
0.41502228379249567
0.3696811497211456
0.3910125195980072
0.4453860819339752
0.4316221475601196
0.3869226276874542
0.38025060296058655
0.4564331471920013
0.395087480545044
0.36960938572883606
0.3715318441390991
0.3895697295665741
0.4391385018825531
0.3866723775863648
0.41857081651687617
0.41499409079551697
0.40903937816619873
0.375247597694397
0.37183257937431335
0.3861102163791656
0.3781290352344513
0.40154173970222473
0.4280124008655548
0.38374498486518854
0.46207341551780706
0.3746796250343322
0.3835414946079254
0.461999386548996
0.3760780394077301
0.4033747613430023
0.4563264846801758
0.4318956434726715
0.43655869364738464
0.43271353840827936
0.3793079555034637
0.38696745038032526
0.41629922389984125
0.3372819721698761
0.4088447391986847
0.3543257415294647
0.46537837386131287
0.45705369114875793
0.4500788152217865
0.3443715274333954
0.4466734826564789
0.45894220471382147
0.3690350353717804
0.37520799040794367
0.3600541949272156
0.38328254222869873
0.4544706046581268
0.4661765992641449
0.3602725565433502
0.355661004781723
0.41226485371589666
0.42888107895851135
0.3941933214664459
0.3506513833999634
0.37434473633766174
0.4304239749908447
0.44859430193901056
0.36118531227111816
0.3947137296199799
0.345190554857254
0.3598063290119171
0.4282661378383637
0.4233912527561188
0.4415474534034729
0.39186361432075506
0.38726004958152765
0.3156382739543915
0.4201921224594116
0.3954929411411285
0.4479115903377533
0.3866676390171051
0.38021850585937506
0.3881130516529083
0.40203228592872614
0.3634750545024872
0.3492608368396759
0.3449321389198303
0.3771840631961823
0.4068376421928406
0.5073650479316713
0.3916867673397064
0.37024071812629694
0.39635911583900446
0.38923332095146174
0.3271524906158447
0.3752666413784027
0.4523490965366364
0.35340598225593567
0.3614201843738556
0.4011524617671967
0.3593891561031341
0.35392898321151733
0.46377307176589966
0.32970872521400446
0.3347865045070648
0.4582240879535675
0.4264233410358429
0.38984015583992
0.38742831349372864
0.4227413237094879
0.48918113112449646
0.37305328249931335
0.3610501289367676
0.3855800330638885
0.34286516904830927
0.3917694091796875
0.45110067725181574
0.4844953119754791
0.415403425693512
0.38379019498825073
0.35732099413871765
0.4435946047306061
0.3536324203014374
0.4070640206336975
0.387574166059494
0.3932723104953766
0.46641793847084045
0.382226288318634
0.46241334080696106
0.4832274913787842
0.4242137968540192
0.3982211053371429
0.3877657055854797
0.38026532530784607
0.38071733713150013
0.38903698325157166
0.4182233214378357
0.4411942660808563
0.3883346617221832
0.41637951135635376
0.388223260641098
0.4443155825138092
0.4193472564220429
0.45641285181045527
0.38783726096153254
0.3771455883979797
0.39535942673683167
0.4047472476959229
0.3510786294937134
0.45737460255622864
0.44964936375617987
0.3797200322151184
0.3723872005939484
0.3414522409439087
0.4150070250034332
0.3935326039791107
0.3664510846138
0.45206966996192927
0.4306547939777374
0.3713911473751068
0.38452786207199097
0.4305618107318878
0.3883867263793945
0.430537074804306
0.410085916519165
0.4233090877532959
0.35079577565193176
0.48532596230506897
0.43318110704422
0.38781389594078064
0.41438159346580505
0.40874108672142023
0.3848336338996887
0.4762708842754364
0.35780858993530273
0.41555872559547424
0.45304301381111145
0.4227064549922943
0.37853369116783137
0.36090728640556335
0.3969742655754089
0.3331453502178192
0.37791356444358826
0.4585438668727874
0.4120126366615296
0.4281701445579529
0.48667138814926153
0.36682015657424927
0.36962360143661493
0.3693296015262604
0.4508726298809052
0.4621618986129761
0.383693128824234
0.3816010355949402
0.4493841826915741
0.4496204853057861
0.49629124999046326
0.3808051645755768
0.426174134016037
0.3454623520374298
0.3921060860157013
0.46901795268058777
0.35595452785491943
0.35218676924705505
0.34241411089897156
0.36605545878410334
0.4047562777996063
0.3986726701259613
0.4111035466194153
0.37591114640235906
0.392963707447052
0.3643507063388824
0.49151736497879034
0.38070583343505854
0.4213168919086456
0.3957855105400085
0.366659551858902
0.3966788947582245
0.3732929825782776
0.4464447200298309
0.38248583674430847
0.3847105801105499
0.3984918296337128
0.4297842681407928
0.3501999080181122
0.38670101761817927
0.4227543473243713
0.42771235108375544
0.463323712348938
0.407473623752594
0.5122548341751099
0.3874798119068146
0.3772871494293213
0.361151784658432
0.490247517824173
0.3802375793457031
0.43238535523414606
0.3871806263923645
0.41444164514541626
0.3932447731494904
0.3814037442207336
0.37925261259078974
0.33032843470573425
0.40911269187927246
0.4814919531345368
0.45638358592987055
0.40462574362754816
0.37649062275886536
0.4105367958545685
0.4085177481174469
0.4492490887641906
0.3685936629772186
0.4299326539039612
0.3231489658355713
0.4471131861209869
0.35027122497558594
0.4347960650920868
0.3659053146839142
0.3848063349723816
0.4286375641822815
0.39633187651634216
0.40442126989364624
0.44318047165870667
0.3822360932826996
0.4819115996360778
0.40888488292694086
0.3864940702915192
0.3980481326580048
0.4044167995452881
0.35970136523246765
0.3920172452926636
0.48942381143569946
0.4183571636676788
0.37729638814926153
0.413072258234024
0.3849959969520569
0.41246744990348816
0.4331783056259155
0.4113971889019013
0.4389707148075104
0.4826777577400208
0.42586016654968256
0.4405390918254852
0.4246785342693329
0.39852002263069153
0.3399852514266968
0.37792530655860895
0.43109181523323054
0.4533333480358124
0.4004257619380951
0.3423497080802917
0.4160356521606445
0.40814515948295593
0.39335244894027704
0.41574195027351374
0.3836014270782471
0.40580698847770685
0.427310049533844
0.42164489626884466
0.3888181746006012
0.340259462594986
0.4577697217464447
0.4917550981044769
0.38632398843765253
0.379374474287033
0.38970890641212463
0.3849775493144989
0.4384430348873138
0.33664098381996155
0.3856218159198761
0.38856783509254456
0.3859099745750427
0.47230634093284607
0.3830184042453766
0.34036561846733093
0.42262709140777593
0.3893207609653473
0.36987707018852234
0.4077284932136536
0.36387741565704346
0.3864725530147552
0.44484323263168335
0.46918728947639465
0.4508388638496399
0.40221515297889704
0.38584598898887634
0.3535100519657135
0.34948480129241943
0.40091350674629206
0.3632847964763641
0.40559074282646174
0.3845333158969879
0.3834309279918671
0.44080123305320734
0.3825531899929047
0.3709804117679596
0.3424735367298126
0.43255761265754694
0.3741397857666016
0.4157626926898956
0.37741187214851374
0.3906846344470978
0.4083465039730072
0.3695337474346161
0.36603304743766785
0.43838974833488464
0.3919424712657928
0.37500804662704473
0.47155708074569697
0.357156902551651
0.4235355854034424
0.43705490231513977
0.4126819372177124
0.3845958411693573
0.4088522493839264
0.4329684376716614
0.4376463294029236
0.33402785658836365
0.4397822916507721
0.3364277184009552
0.3859844207763672
0.3870105445384979
0.38069236278533936
0.4264276325702667
0.45241600275039673
0.4121045768260956
0.3618591129779816
0.4427191913127899
0.3731515109539032
0.4153552353382111
0.3861792981624603
0.38936311006546015
0.4140205085277557
0.39884701371192927
0.35783156752586365
0.4110342264175415
0.3993963897228241
0.36429610848426813
0.38823738694190973
0.3483595550060272
0.42615744471549993
0.4251545369625092
0.4052999019622802
0.41264668107032776
0.4259805679321289
0.473966121673584
0.37130913138389593
0.40091329813003534
0.4225972890853882
0.44729509949684143
0.3857753574848175
0.4023270308971405
0.3808906972408295
0.44141921401023854
0.39922791719436646
0.4203421175479889
0.3578851521015167
0.36711528897285456
0.3963988721370697
0.396453469991684
0.4328515231609344
0.4358849227428436
0.41386628150939936
0.3716529607772827
0.3604987859725952
0.4243387281894684
0.421070784330368
0.3541592061519623
0.38651987910270685
0.4336741268634796
0.3664141297340393
0.35008004307746887
0.3642759621143341
0.3688336908817291
0.4199555516242981
0.37679472565650934
0.43560171127319336
0.43672382831573486
0.43351081013679504
0.41600701212883
0.446879357099533
0.399680882692337
0.47498852014541626
0.38781365752220154
0.38801151514053345
0.37239208817482
0.4363296329975128
0.4127838909626007
0.4587530195713043
0.41998553276062006
0.3830537497997284
0.3873805701732635
0.3858177959918976
0.3831246495246887
0.3404988944530487
0.43700942397117615
0.3644244372844696
0.3875214755535126
0.4379712045192719
0.38867428898811346
0.38222855329513544
0.35966533422470087
0.3905201256275177
0.39663192629814154
0.444111317396164
0.43509683012962336
0.3863778412342072
0.3907980620861053
0.3709629774093628
0.37009352445602417
0.4424609243869781
0.37465479969978327
0.4104819595813751
0.4253958761692047
0.3854905366897583
0.37471583485603327
0.3938478827476501
0.3419332802295685
0.4210933744907379
0.35326316952705383
0.4397178292274475
0.3571644127368927
0.38996151089668274
0.4212763011455536
0.42170983552932734
0.4013128578662872
0.38806200027465826
0.3813437223434448
0.35446181893348694
0.46535459160804743
0.3859534561634064
0.4167928397655487
0.3931423127651215
0.36637225747108454
0.38499495387077326
0.3896580040454865
0.34210118651390076
0.3315078318119049
0.3589047491550445
0.44756001234054565
0.3869295120239258
0.4628584086894989
0.48284777998924255
0.3490404486656189
0.4512380063533783
0.44272080063819885
0.3058605492115021
0.34724733233451843
0.4400541484355927
0.447855681180954
0.385000616312027
0.37750473618507385
0.38983848690986633
0.373516708612442
0.36768904328346247
0.4007178843021393
0.39217814803123474
0.4388194978237152
0.37175431847572327
0.4636670351028442
0.39630571007728577
0.39225050806999207
0.39787402749061584
0.478810042142868
0.5094812512397766
0.3669976890087128
0.3533737361431122
0.3860667943954468
0.39041307568550104
0.4885089695453644
0.3894312083721161
0.4432340562343597
0.47545334696769714
0.3711983859539032
0.3971418440341949
0.35796645283699036
0.3814876973628998
0.3917509019374848
0.39910146594047546
0.42699876427650446
0.4727252423763275
0.42697563767433167
0.4496642053127289
0.3905696570873261
0.3881946504116058
0.43003574013710016
0.43727084994316096
0.4380565285682678
0.3381747901439667
0.3631320297718048
0.3793383836746216
0.4744685590267181
0.4005246460437775
0.3754979372024536
0.4262937009334564
0.3542345464229584
0.430803507566452
0.4205157458782196
0.43127718567848206
0.4260701835155487
0.37160468101501454
0.3448741137981415
0.3871445953845978
0.39781397581100464
0.4439920485019684
0.3968397080898285
0.3885723948478698
0.47799292206764227
0.401540994644165
0.42922937870025635
0.33529046177864075
0.377398818731308
0.36206939816474915
0.3790167570114136
0.38850137591362
0.35712847113609314
0.3528429567813873
0.3582349717617035
0.3799304068088531
0.40038508176803594
0.37983420491218567
0.34520286321640015
0.45043185353279114
0.41390696167945856
0.41163688898086553
0.4534981846809387
0.3742850720882416
0.38220271468162537
0.3947217762470245
0.40037268400192255
0.4521612226963043
0.35158735513687134
0.4236479103565216
0.33492156863212585
0.4009043276309967
0.4297118186950684
0.44130906462669367
0.4442967474460602
0.3703347444534302
0.37015539407730097
0.3773772418498993
0.4562601149082184
0.4079811871051788
0.4687061905860901
0.3963633477687836
0.40564510226249695
0.37702807784080505
0.3907474875450134
0.38573971390724177
0.4362603724002838
0.3905215561389923
0.4616386592388153
0.38755083084106445
0.3906638622283936
0.3989615142345429
0.39380890130996704
0.39834001660346974
0.35050252079963684
0.4060692191123962
0.4011508226394653
0.3763420283794403
0.3982127904891968
0.5018448233604431
0.4297420084476471
0.4181390106678009
0.4014719426631928
0.39022651314735407
0.41934332251548767
0.4027951657772064
0.3515911996364593
0.46740373969078064
0.36816325783729553
0.369543582201004
0.3464016020298004
0.4423801004886627
0.47431614995002747
0.41961416602134705
0.42532035708427435
0.3938327729701996
0.4525993466377258
0.43848004937171936
0.39135533571243286
0.35986202955245966
0.43035581707954407
0.4499875605106354
0.4071129560470581
0.3431935906410217
0.3422578275203705
0.36729833483695984
0.37682798504829407
0.404197484254837
0.4351562559604645
0.4722349345684052
0.4023797810077667
0.46856674551963806
0.4242968261241913
0.38520130515098566
0.45201221108436573
0.40289390087127686
0.36736246943473816
0.36949667334556574
0.3876008987426758
0.379180520772934
0.4378334581851959
0.3879190385341644
0.37897446751594543
0.45189347863197327
0.3924970030784607
0.4391344785690308
0.35451188683509827
0.4507306218147278
0.40777722001075745
0.3876678645610809
0.3773362040519714
0.3548993170261383
0.43262931704521174
0.38325393199920654
0.41443413496017456
0.3373417556285858
0.4490063488483429
0.48177212476730347
0.39223435521125793
0.44304290413856506
0.37790629267692566
0.4483509063720703
0.37240180373191833
0.4008711576461792
0.31373900175094604
0.36611208319664
0.37083521485328674
0.38283321261405934
0.3851743638515472
0.4627372920513153
0.34621351957321167
0.36717247962951666
0.41540575027465826
0.3605153858661652
0.48153814673423767
0.42331534624099726
0.359345406293869
0.4164047539234161
0.37130635976791376
0.41118285059928894
0.3938611745834351
0.5128974318504332
0.39858332276344294
0.4733120501041412
0.37652945518493647
0.41841813921928406
0.4100368320941925
0.3784469068050385
0.3832695186138153
0.41762551665306086
0.4192725419998169
0.40852782130241394
0.376581072807312
0.37500306963920593
0.4149942696094513
0.41621753573417664
0.3792190551757813
0.3878343999385834
0.3825732171535492
0.31883004307746887
0.40669324994087214
0.4442769587039948
0.3874862790107727
0.4150548875331879
0.35901835560798645
0.4225533902645111
0.3785920441150665
0.4467407763004303
0.49536180496215826
0.4320310652256012
0.45437073707580566
0.3810524046421051
0.4192436039447784
0.43807995319366455
0.404588520526886
0.3803904950618744
0.435373455286026
0.4949144721031189
0.375476211309433
0.48906475305557245
0.3962386548519135
0.41188010573387146
0.4474370777606964
0.47755166888237
0.3833061754703522
0.3576296269893646
0.42544326186180115
0.3718090653419495
0.3383189141750336
0.3870385885238648
0.39301174879074097
0.4070887863636017
0.37815403938293457
0.3675626218318939
0.4096126854419708
0.3577177822589874
0.3834207355976105
0.3761656880378723
0.4724357128143311
0.35937145352363586
0.3699651658535004
0.45031431317329407
0.3787021338939666
0.3567430078983307
0.40005394816398626
0.39851838350296015
0.36793264746665955
0.3879724740982056
0.37089541554450983
0.38643345236778254
0.3906154930591583
0.37965250015258795
0.4063853919506073
0.4800136387348175
0.40250203013420094
0.4023910164833069
0.43965962529182434
0.41610428690910334
0.35395711660385126
0.44661304354667664
0.415544867515564
0.4544381499290466
0.40170708298683167
0.35902300477027893
0.44746264815330505
0.4249703586101532
0.3741513192653656
0.3607853949069977
0.418478399515152
0.4117896556854248
0.3765394389629364
0.43088772892951965
0.4117976725101471
0.4264448583126068
0.38329952955245966
0.37873640656471247
0.40339186787605286
0.40794849395751953
0.3440045416355133
0.39183273911476135
0.38346907496452326
0.3945489227771759
0.40633484721183777
0.3673833906650543
0.3758856356143952
0.41560015082359314
0.3581080734729767
0.4362556040287018
0.4211195111274719
0.38215696811676025
0.3312950134277344
0.43079906702041626
0.378704696893692
0.3726954162120819
0.357864648103714
0.4099527895450592
0.3826830089092255
0.4075056314468384
0.4595038592815399
0.4459450840950012
0.3493216931819916
0.4384407997131348
0.38565593957901
0.3861713409423828
0.34660848975181574
0.43034860491752625
0.4142328202724457
0.39901807904243464
0.4627607464790344
0.4770756363868713
0.45157989859580994
0.39462280273437506
0.41289761662483215
0.41184696555137634
0.4808245301246643
0.3886515200138092
0.3365340530872345
0.4552819132804871
0.43552431464195246
0.3948622643947601
0.3800490200519562
0.43503138422966
0.42909020185470576
0.35413333773612976
0.4321162700653076
0.4282254874706268
0.38124993443489075
0.3895597457885742
0.4036165773868561
0.3679653704166412
0.43793144822120667
0.40993812680244446
0.4035366475582122
0.45157429575920094
0.4514538049697876
0.47473302483558655
0.35971036553382874
0.4199288785457611
0.40323838591575617
0.37750023603439326
0.3849514126777649
0.38789698481559753
0.3759922683238983
0.3977771997451782
0.4051547944545746
0.38624125719070435
0.37250772118568415
0.37908414006233215
0.3832420706748962
0.3635880053043365
0.4102441966533661
0.3885623514652252
0.4639273583889008
0.43287840485572815
0.4165126383304596
0.499755859375
0.4715293347835541
0.4415617883205414
0.3879084885120392
0.33468517661094666
0.3901307284832001
0.3781833350658417
0.41999480128288263
0.3965519368648529
0.39848899841308594
0.3614820539951325
0.35159340500831604
0.3969863951206207
0.3983549475669861
0.3750375807285309
0.4034088551998138
0.5021884441375732
0.35178291797637934
0.465896874666214
0.40035203099250793
0.43719720840454096
0.35860052704811096
0.3693372905254364
0.4334631562232971
0.38288542628288263
0.3186871409416199
0.47482576966285706
0.4156107008457184
0.43696203827857966
0.3978234529495239
0.41910114884376526
0.4664607346057892
0.43269291520118713
0.3664238154888153
0.4334922134876251
0.37830898165702814
0.4833843111991882
0.3969099819660186
0.4445769488811493
0.3905914723873138
0.4085650146007538
0.3992883265018463
0.4456459581851959
0.3887957036495209
0.48056903481483454
0.41602128744125366
0.3627787232398986
0.3963609039783478
0.38757726550102234
0.369886189699173
0.40343382954597473
0.39029261469841
0.4144380688667297
0.43626752495765686
0.35702604055404663
0.45002949237823486
0.4174864590167999
0.3665401041507721
0.3466515243053436
0.3884529769420624
0.43794307112693787
0.3833036720752716
0.3684302270412445
0.4000491797924042
0.3772352635860443
0.39377143979072565
0.3775483071804047
0.3947037756443024
0.4003138840198517
0.427249401807785
0.3844897449016571
0.370924174785614
0.3804141581058502
0.39702820777893066
0.39136296510696406
0.48839679360389704
0.4104355871677399
0.4105636775493622
0.4750389754772186
0.38490980863571167
0.3567865192890167
0.45700803399086
0.3424690067768097
0.39394667744636536
0.46811375021934504
0.38351514935493464
0.46412450075149536
0.3955474495887756
0.4106539785861969
0.38961210846900934
0.42111173272132874
0.3329395055770874
0.44051077961921686
0.3498587906360626
0.3815077245235443
0.4103134572505951
0.3650873601436615
0.42449161410331726
0.4158836305141449
0.3434084355831146
0.41942644119262695
0.4009556174278259
0.39654383063316345
0.3808076083660126
0.48533746600151056
0.38485071063041687
0.4132830202579498
0.38745239377021784
0.40204522013664246
0.39602658152580256
0.421204000711441
0.35864952206611633
0.41555395722389216
0.3441166579723358
0.4231027066707611
0.4295986294746399
0.4153642654418945
0.38402691483497614
0.3785533607006073
0.4056883156299591
0.3790994584560394
0.4652137160301208
0.3923178017139434
0.42008796334266657
0.480727344751358
0.3539940416812897
0.3773318827152252
0.4742789566516876
0.3741680979728698
0.42432159185409546
0.34321659803390503
0.46827459335327143
0.3479342758655548
0.40545910596847534
0.4480474293231964
0.3906105756759644
0.45777639746665955
0.4293545484542847
0.3647139370441437
0.46869152784347534
0.352565199136734
0.34829145669937134
0.4225060939788818
0.36372652649879456
0.35536202788352966
0.3874394297599792
0.36703389883041376
0.3883765041828156
0.3843867480754852
0.3657827079296112
0.3759123980998993
0.38694241642951965
0.3973772823810577
0.46892699599266047
0.3605764508247376
0.40908047556877136
0.40425184369087214
0.3790251016616821
0.38010260462760925
0.34945961833000183
0.4563939869403839
0.4099398553371429
0.44068130850791926
0.3542560338973999
0.37430194020271296
0.38098517060279846
0.3912018239498138
0.4047443568706512
0.4273000359535217
0.3912169337272644
0.4029133319854736
0.38664272427558893
0.3627525269985199
0.4629803001880646
0.4779797792434692
0.37090829014778137
0.45822727680206293
0.39491474628448486
0.3894742429256439
0.4027718603610992
0.426095575094223
0.36738947033882147
0.3585721254348755
0.38367196917533875
0.4102613031864166
0.3576926290988922
0.4313591122627258
0.44045168161392206
0.42656779289245605
0.3809247016906738
0.34305766224861145
0.37185469269752497
0.3508809804916382
0.40670409798622126
0.40741303563117987
0.425698459148407
0.4068978130817413
0.35741132497787476
0.4459889829158783
0.3344254493713379
0.442376434803009
0.4190199077129364
0.37860733270645136
0.3858315646648407
0.34908154606819153
0.40965500473976135
0.3868047297000885
0.4102957248687744
0.4734226167201996
0.3864660859107971
0.4254225790500641
0.38045501708984375
0.42881128191947937
0.36687719821929926
0.4148941934108734
0.4704117476940155
0.4521864354610443
0.4603517651557922
0.4234880805015564
0.3421706259250641
0.39970913529396057
0.4561274349689484
0.38807073235511774
0.3869104981422424
0.49784001708030706
0.42437583208084106
0.4598077535629272
0.3681929409503937
0.4724780321121216
0.3537622392177582
0.39480417966842646
0.3924537897109985
0.3686759173870087
0.37088033556938166
0.40117022395133967
0.3135817945003509
0.3942369222640991
0.37717556953430176
0.4871981739997864
0.3589710593223572
0.4193680286407471
0.40629222989082336
0.3595379292964936
0.3813831508159637
0.527660608291626
0.4502396285533905
0.3609483540058136
0.43950399756431574
0.499506026506424
0.46902671456336975
0.4113352596759796
0.4461928904056549
0.43059319257736206
0.3914062082767487
0.3508487045764923
0.33576980233192444
0.41347336769104
0.46049416065216064
0.3982378542423248
0.3768252432346344
0.38051337003707886
0.43359097838401794
0.45907416939735407
0.3749263882637024
0.37422618269920344
0.4558767378330231
0.3964504897594452
0.3858846724033356
0.46739462018013
0.3745475709438324
0.4004275500774384
0.43761208653450007
0.40208369493484497
0.395999938249588
0.40529051423072815
0.3985536992549896
0.4060212671756744
0.4758269786834717
0.40795537829399114
0.3875770270824432
0.353995144367218
0.3600676953792572
0.40078324079513544
0.4142479598522186
0.39921379089355463
0.4578108191490173
0.4456802010536194
0.48321118950843805
0.4238377809524536
0.35435983538627625
0.3783862292766571
0.4882857501506805
0.4702026546001434
0.397837370634079
0.419212818145752
0.3657695949077606
0.4854969680309296
0.36814883351325994
0.43811255693435674
0.4070364534854889
0.36579352617263794
0.39837014675140386
0.3907898366451264
0.3621843755245209
0.3132784068584442
0.4045335948467255
0.38314911723136896
0.3887964189052582
0.38542100787162786
0.43483522534370417
0.3896117210388184
0.3941633403301239
0.4573728144168854
0.3702461421489716
0.3624266386032104
0.3861737251281738
0.408588707447052
0.38153544068336487
0.4047532379627228
0.37631335854530334
0.3601047992706299
0.393253356218338
0.3635524213314056
0.38355198502540583
0.35118600726127625
0.3883034884929657
0.45960488915443426
0.423809677362442
0.3841434717178345
0.3900263011455536
0.4238370358943939
0.40257027745246887
0.3696573078632354
0.48252537846565247
0.4396670162677765
0.3725553750991821
0.4239576160907745
0.5039148330688477
0.3609515726566314
0.43568170070648193
0.38504144549369806
0.3586297333240509
0.37159964442253113
0.4124695658683777
0.3867228031158447
0.4538305103778839
0.3904959261417389
0.37488338351249695
0.4449430406093597
0.388682097196579
0.446822851896286
0.42636755108833313
0.3821020424365997
0.4071988761425018
0.37568899989128113
0.4541684687137604
0.3947103917598724
0.39188200235366816
0.3913491070270538
0.3767845332622528
0.4368295967578888
0.3754601180553436
0.3751542270183563
0.4535652697086334
0.4043031334877014
0.36275488138198847
0.3957545459270477
0.3357354402542114
0.4075035750865936
0.3492398858070373
0.4221535921096802
0.36870095133781433
0.42799153923988337
0.35278674960136414
0.5172203779220581
0.3931269943714142
0.366799920797348
0.37131381034851074
0.42176881432533264
0.35523316264152527
0.40939435362815857
0.41344165802001953
0.3543553650379181
0.39992800354957586
0.3823404312133789
0.4466669261455536
0.4363658130168914
0.4128668010234833
0.4431556761264801
0.3627137839794159
0.39924305677413935
0.3718889653682709
0.393414169549942
0.4152223765850067
0.3867847621440888
0.447560578584671
0.34815847873687744
0.3919965028762817
0.38427785038948054
0.38669753074646
0.37404832243919367
0.4116911590099335
0.36080637574195856
0.4295779764652252
0.44699388742446894
0.43980741500854487
0.3749130666255951
0.44618800282478327
0.3469018340110779
0.4369522631168365
0.4269660115242004
0.41751906275749207
0.36477670073509216
0.4268818795681
0.3931247889995575
0.468142569065094
0.36164024472236633
0.37891530990600586
0.4335713982582092
0.4198395907878876
0.3739164471626282
0.4344675242900848
0.39396491646766657
0.453033059835434
0.3842627108097077
0.40323176980018616
0.5006611347198486
0.37563222646713257
0.37239900231361384
0.38696178793907166
0.37187510728836054
0.4306081831455231
0.4114890098571777
0.4091280996799469
0.4075945317745209
0.38226184248924255
0.42284923791885376
0.37725329399108887
0.3997441828250885
0.4692972898483276
0.4218131005764008
0.3919029831886292
0.35756704211235046
0.37410208582878113
0.460351437330246
0.38376384973526
0.4506281316280365
0.39261734485626226
0.4126444160938263
0.4068106114864349
0.39129120111465454
0.4057715237140656
0.3838497400283813
0.3935049474239349
0.3592939078807831
0.4808933436870575
0.3846405446529389
0.3637968897819519
0.3625372350215912
0.37608739733695984
0.4061557948589325
0.41758108139038086
0.3904012143611908
0.3434241116046905
0.4188695549964905
0.4010638892650604
0.42817923426628113
0.3650364875793457
0.41216316819190973
0.4022710621356964
0.3727419078350067
0.3506596386432648
0.4808902442455292
0.3420642018318176
0.34402662515640253
0.3294329345226288
0.438010960817337
0.4649872481822968
0.3779674172401428
0.3490681052207947
0.4453806579113007
0.4532957673072815
0.4167390763759613
0.3912530243396759
0.3443218469619751
0.38290902972221375
0.35649922490119934
0.3914466202259064
0.40308743715286255
0.43319019675254816
0.3789351880550385
0.37195047736167913
0.3741200864315033
0.4554723501205444
0.3775166571140289
0.4201051890850067
0.42744332551956177
0.3890807926654816
0.40943509340286255
0.3626615703105927
0.3713979423046112
0.3384198844432831
0.43877273797988886
0.4021601974964142
0.37121620774269104
0.39993855357170094
0.3873397409915924
0.3775359094142914
0.3844197690486908
0.37957510352134705
0.4629388451576233
0.4256127774715424
0.3649583160877228
0.47808393836021423
0.35901781916618347
0.4344637095928192
0.4828713834285736
0.3701192438602448
0.39596816897392273
0.4289308190345764
0.34682294726371765
0.4530211389064789
0.44563525915145874
0.31933197379112244
0.4465648233890533
0.3367291986942291
0.40573021769523615
0.41658568382263184
0.4032115638256073
0.4410546720027924
0.35868263244628906
0.4434228837490082
0.425212562084198
0.3958584666252136
0.38486483693122864
0.3536216914653778
0.4048114120960236
0.4548068642616272
0.3927793204784393
0.4118217527866364
0.37675532698631287
0.3603611886501312
0.3936707675457001
0.4569812119007111
0.3622154891490936
0.40306976437568653
0.3791191577911377
0.45210906863212585
0.48429602384567266
0.36472591757774353
0.41109722852706904
0.38859561085700983
0.4167114198207855
0.421806126832962
0.4109199941158295
0.4422525465488434
0.3890779912471771
0.3644883930683136
0.43793955445289606
0.39509251713752747
0.414429783821106
0.35663777589797974
0.4376749992370605
0.3596900403499603
0.420032411813736
0.38042888045310974
0.4018858075141906
0.4000281095504761
0.4448263347148895
0.3897319734096527
0.4781303703784943
0.46430942416191107
0.3718454241752625
0.38162168860435486
0.4422470033168793
0.393866091966629
0.44335439801216125
0.37339708209037775
0.420504093170166
0.4667859077453613
0.4563343524932861
0.4358540773391724
0.3703503310680389
0.44829756021499634
0.3993941247463226
0.4414893388748169
0.4085911810398102
0.4940805733203888
0.38542619347572327
0.4209635853767395
0.4991567134857178
0.42873847484588623
0.39423838257789606
0.44004943966865534
0.3567613661289215
0.42357489466667175
0.4456700682640076
0.3937086760997772
0.40053039789199835
0.4170678555965424
0.3821304738521576
0.435194343328476
0.4431805312633514
0.418634444475174
0.4070488512516022
0.38568150997161865
0.40722683072090154
0.4117781221866608
0.43324628472328186
0.39564669132232666
0.375659316778183
0.3939990103244781
0.37959006428718567
0.36267367005348206
0.38725313544273376
0.36771705746650696
0.37488901615142817
0.4950899481773376
0.4453386664390564
0.4640200138092041
0.45470967888832087
0.39074817299842834
0.44055321812629694
0.43207505345344543
0.4177771806716919
0.33216023445129395
0.40355506539344793
0.45266619324684143
0.41067203879356384
0.3891323804855346
0.40303596854209894
0.4342619776725769
0.4336839616298676
0.4751490950584412
0.46316626667976374
0.40953895449638367
0.3983319103717804
0.3817509114742279
0.45642229914665217
0.4538076519966125
0.3905176818370819
0.3819096684455872
0.40512290596961975
0.37363359332084656
0.33489128947257996
0.36187776923179626
0.3740119338035584
0.3436025083065033
0.35341149568557734
0.44933170080184937
0.33832505345344543
0.3922833502292633
0.4331946969032288
0.38120397925376887
0.4277477562427521
0.3765578866004944
0.3793782591819763
0.3862437903881073
0.37399080395698553
0.35380855202674866
0.43855357170104975
0.3882054388523102
0.48510411381721497
0.4231452941894531
0.4385488629341125
0.4449910819530487
0.4330562651157379
0.38223493099212646
0.40065172314643854
0.3903314173221588
0.4661546051502228
0.45336928963661194
0.39212724566459656
0.4419391751289368
0.4514477550983429
0.40800216794013977
0.4213744401931762
0.4010696411132813
0.3634298741817474
0.38487109541893005
0.4528592228889465
0.3825325071811676
0.3634078204631805
0.3852919936180114
0.4134128093719482
0.3822691738605499
0.3734072148799896
0.4561460912227631
0.44542825222015375
0.3728683888912201
0.38686648011207586
0.4560936987400055
0.3919144570827484
0.3826638460159302
0.4373050630092621
0.42125082015991205
0.3905271589756012
0.41111770272254944
0.4673774242401123
0.38385143876075745
0.37560275197029114
0.39228871464729304
0.4608625471591949
0.37702807784080505
0.40325585007667536
0.38322374224662786
0.44581291079521174
0.3913706541061401
0.3836057782173157
0.4344667494297028
0.4703629910945892
0.44120809435844416
0.4881407916545868
0.36936232447624207
0.3886803686618805
0.36927017569541926
0.3672941029071808
0.47248145937919617
0.48263236880302424
0.3871578574180603
0.34939756989479065
0.4306750297546386
0.37301063537597656
0.40389156341552734
0.452663391828537
0.375058263540268
0.4208713471889496
0.418044239282608
0.41777446866035456
0.35227087140083313
0.3702546656131744
0.37742337584495533
0.402497261762619
0.43380770087242126
0.38649532198905934
0.3787686228752136
0.41677066683769226
0.3907341659069061
0.45175287127494806
0.3671081364154816
0.3441503345966339
0.38734215497970576
0.3735980093479157
0.3807850778102874
0.4639835357666016
0.406350314617157
0.3954235911369324
0.35427361726760864
0.3894864618778229
0.4380667209625244
0.40109843015670776
0.3782249689102173
0.3909370601177216
0.3851974904537201
0.4216686189174652
0.4311280846595764
0.48950317502021784
0.4006899297237396
0.42996042966842646
0.3750593364238739
0.3772366344928741
0.3814211785793304
0.41627672314643854
0.40337502956390386
0.3627338111400604
0.38723546266555786
0.43971306085586553
0.4148662984371185
0.3840424716472626
0.38237664103508
0.3532768487930298
0.389598935842514
0.4497051239013672
0.3479405343532562
0.41917529702186573
0.38674744963645935
0.3989153504371643
0.4235473573207855
0.3573473393917084
0.3601902425289154
0.3801518082618713
0.38465780019760126
0.4536412656307221
0.4530360996723175
0.404636412858963
0.3598335385322571
0.38869968056678766
0.3469888269901276
0.3982777297496796
0.42215329408645624
0.3770217001438141
0.49142953753471375
0.425433486700058
0.3966210186481476
0.4908414781093597
0.4171440303325653
0.4080024659633637
0.38735690712928766
0.3615352511405945
0.4004527628421784
0.351091593503952
0.37472903728485113
0.4272083044052124
0.4448198974132538
0.4058585464954376
0.469085305929184
0.3754337728023529
0.3431251347064972
0.4447630941867828
0.38320663571357727
0.376936137676239
0.37606099247932434
0.3573454320430756
0.4187485277652741
0.3811742663383484
0.39490368962287903
0.37702992558479304
0.4187836050987244
0.33875027298927307
0.42245063185691833
0.36895132064819336
0.42124786972999567
0.3848809599876404
0.3759360015392304
0.4747607409954071
0.3813726603984833
0.44338718056678766
0.3614092767238617
0.4007624387741089
0.404428631067276
0.4328710734844208
0.385223001241684
0.425772488117218
0.3651828169822693
0.4066244959831238
0.3608903586864472
0.44582739472389216
0.42622262239456177
0.4020542800426483
0.39009371399879456
0.39414355158805847
0.4317801296710968
0.3724593222141266
0.43244436383247375
0.45871445536613453
0.40567591786384577
0.36596933007240295
0.3736408054828644
0.35871031880378723
0.3728022873401642
0.38302451372146606
0.4008172452449799
0.4275608658790588
0.4303655624389648
0.39493057131767273
0.4042735397815704
0.29880264401435846
0.4033328592777252
0.48545870184898376
0.4225848913192749
0.3766944706439972
0.510947585105896
0.3919782042503357
0.37433955073356634
0.45205357670784
0.41226711869239807
0.4602772891521454
0.3811141550540924
0.3867818415164948
0.36661711335182184
0.48186817765235906
0.4263867437839508
0.39325699210166926
0.37659838795661926
0.36253473162651056
0.41122353076934814
0.4083767831325531
0.4001806080341339
0.4176998436450958
0.40632131695747375
0.40300241112709045
0.39279866218566895
0.4871594905853272
0.36992797255516047
0.37945702672004694
0.38522469997406006
0.3694255948066712
0.38256338238716125
0.340048223733902
0.3774628341197968
0.37590536475181574
0.3616385757923126
0.33878085017204285
0.39527598023414606
0.4661516547203064
0.384909063577652
0.4482561945915222
0.4864883720874786
0.364817202091217
0.3818069398403168
0.4473024308681488
0.3516665995121002
0.3405309021472931
0.374018520116806
0.3504638075828552
0.4082051217556
0.3901863396167755
0.3742516338825226
0.41978111863136286
0.3597283065319061
0.4455567300319672
0.38681784272193914
0.440977156162262
0.3573628067970276
0.39570388197898865
0.331217497587204
0.3931970000267029
0.3352881968021393
0.4003403186798096
0.450040191411972
0.35789552330970764
0.35631656646728516
0.38790199160575867
0.462031215429306
0.4560160636901856
0.39866283535957336
0.4247656762599945
0.3301874101161957
0.371756374835968
0.4864281117916107
0.3764137923717498
0.373071402311325
0.3827579319477081
0.3467409312725067
0.42344033718109125
0.3554266691207886
0.46916124224662786
0.41625314950942993
0.41843408346176153
0.40705856680870056
0.3852487504482269
0.4129485785961151
0.45437932014465326
0.44219803810119623
0.342158704996109
0.4040573835372925
0.4491297006607056
0.4885953962802887
0.34629592299461365
0.3825145363807678
0.3928859531879425
0.442798525094986
0.42548936605453486
0.44046041369438166
0.38184490799903864
0.3798023164272308
0.35767608880996704
0.3819879591464996
0.4706107676029205
0.3777748942375183
0.41645723581314087
0.3825821578502655
0.46778729557991033
0.3872949481010437
0.37965473532676697
0.4810268580913544
0.4399671256542206
0.3822215497493744
0.37308502197265625
0.4320776760578156
0.4124851524829865
0.3691145479679108
0.4769168794155121
0.34202200174331665
0.365828663110733
0.4108380973339081
0.44261255860328674
0.4113769829273224
0.4108336269855499
0.3423716127872467
0.3932519853115082
0.4508897364139557
0.4311874508857727
0.3300627171993256
0.3785730004310608
0.4327855408191681
0.4132785499095917
0.41137447953224177
0.3993781507015228
0.4332023859024048
0.3640738427639008
0.3995058536529541
0.4068531394004822
0.4258045852184296
0.3815628588199616
0.40690752863883967
0.40263196825981135
0.3660401105880737
0.387359082698822
0.4375312328338623
0.3601709902286529
0.3781222403049469
0.4826310276985168
0.48050227761268616
0.4199947416782379
0.4492808282375336
0.4577164053916931
0.3553412854671478
0.3645699620246887
0.4355952441692352
0.41063228249549866
0.3655195236206055
0.4021083414554596
0.3822232484817505
0.3592989444732666
0.46358582377433777
0.4263806045055389
0.4244772493839264
0.4598142206668854
0.3825372755527496
0.3396296799182892
0.45951104164123535
0.3887475430965424
0.4438165724277496
0.4453022480010986
0.476003885269165
0.37313669919967646
0.39448544383049006
0.3818260729312897
0.380428284406662
0.36898061633110046
0.4417367279529572
0.48387762904167175
0.43595317006111145
0.4215122163295746
0.42504993081092834
0.35581889748573303
0.4736025631427765
0.3690328299999237
0.38131487369537354
0.4538350701332092
0.3828221261501312
0.41886255145072937
0.37561190128326416
0.4545624852180481
0.36693719029426575
0.3760851919651032
0.40022662281990046
0.45330449938774103
0.38658350706100464
0.3764702379703522
0.41415384411811834
0.347010999917984
0.3938944041728973
0.3776473104953766
0.3679685592651367
0.45924830436706543
0.4120403826236725
0.40803778171539307
0.43998935818672175
0.3222900629043579
0.39357712864875793
0.3899063766002655
0.4357037842273712
0.4494473040103912
0.43751689791679377
0.37500521540641774
0.41384091973304743
0.40157100558280945
0.4665566384792328
0.38058921694755554
0.39392343163490295
0.38610705733299255
0.3801523745059967
0.3606862127780914
0.3657817542552948
0.41727158427238464
0.4164396524429321
0.4446738064289093
0.4455238282680512
0.3769981265068054
0.40139177441596974
0.3860693275928497
0.3915156424045562
0.4293891191482544
0.39500150084495533
0.3625082075595856
0.3982647955417633
0.47360044717788696
0.3628109395503998
0.4217500984668732
0.4010948836803436
0.380825400352478
0.4344851672649384
0.45229014754295355
0.3495628535747528
0.40639451146125793
0.43961128592491144
0.42232179641723633
0.4045408368110657
0.37749335169792175
0.45424076914787287
0.3607158660888672
0.4138419330120087
0.3785101175308228
0.3750795722007752
0.39256319403648376
0.42529407143592834
0.4114560782909393
0.3346199691295624
0.4886684417724609
0.4116992354393005
0.4350878596305847
0.38976237177848816
0.3882790803909302
0.43740949034690857
0.35903736948966974
0.43162140250205994
0.3841578662395477
0.4391762912273407
0.3721896708011627
0.37178871035575867
0.34830763936042786
0.4014397859573364
0.34824705123901367
0.4212322533130646
0.3925122916698456
0.41529414057731623
0.35138028860092163
0.35865774750709534
0.3589964210987091
0.3972044885158538
0.4009542465209961
0.38382148742675776
0.37144234776496887
0.3840148448944092
0.5308659076690674
0.4159694612026215
0.40179404616355896
0.46120849251747126
0.39449360966682434
0.4264322817325592
0.39851269125938416
0.4123254120349884
0.3946780562400818
0.46823444962501526
0.47226500511169434
0.37847843766212463
0.3800177872180938
0.39063009619712824
0.4017344415187836
0.46512609720230097
0.4162850081920624
0.3703120052814484
0.3784660995006561
0.3757324516773224
0.37711074948310846
0.3448179066181183
0.3534358143806457
0.46766239404678334
0.41064217686653137
0.3652340471744537
0.38331577181816096
0.42027422785758967
0.4215573072433472
0.3857558071613312
0.38361719250679016
0.3681250512599945
0.46959140896797186
0.3964789807796478
0.4022780954837799
0.4375037848949432
0.4652933776378632
0.3700775802135468
0.366478443145752
0.40303340554237366
0.4256589412689209
0.3983299136161804
0.49195644259452814
0.409088671207428
0.3741995394229889
0.34161970019340515
0.3832899332046509
0.4466434419155121
0.4471502602100372
0.3891834616661072
0.40253606438636774
0.4037317335605621
0.39305731654167175
0.4692662656307221
0.351321816444397
0.40874031186103826
0.359485536813736
0.4489299654960632
0.3760271370410919
0.4163576066493988
0.3816840350627899
0.44761958718299866
0.3607457578182221
0.3551883399486542
0.4546453654766082
0.40299192070961
0.42551150918006897
0.36988428235054016
0.42083594202995295
0.3756430745124817
0.3966714143753052
0.45244741439819336
0.358976274728775
0.3903119564056397
0.4200502932071686
0.3957637846469879
0.37769010663032526
0.368137389421463
0.40601292252540583
0.40233170986175537
0.4273430407047272
0.3757422864437103
0.4524324834346771
0.40548446774482727
0.3835999667644501
0.44467762112617487
0.4488638341426849
0.41403713822364807
0.44716373085975647
0.3793013095855713
0.45563480257987976
0.3904305696487426
0.44015988707542414
0.3354202210903168
0.46003720164299006
0.3918804824352264
0.41736695170402527
0.4094190299510956
0.3831339180469513
0.3992240726947784
0.3935837149620056
0.416952759027481
0.3839444220066071
0.37051069736480713
0.47719433903694153
0.3910312354564666
0.3813815116882324
0.45642784237861633
0.48402866721153254
0.37137937545776367
0.35389783978462214
0.3794431984424591
0.4613856077194214
0.4417566359043121
0.39332726597785944
0.4012180864810944
0.37269672751426697
0.357282429933548
0.39307957887649536
0.37903645634651184
0.42929252982139593
0.38819798827171326
0.4069441854953766
0.381120890378952
0.4323978126049042
0.3721518814563751
0.4218353033065796
0.3951679766178131
0.4643904268741608
0.44426104426383967
0.3776693642139434
0.34779274463653564
0.41442146897315973
0.3802510201931
0.39703318476676946
0.4395684897899628
0.40995004773139954
0.4468882381916046
0.36006298661231995
0.41975358128547674
0.43548783659935
0.407091349363327
0.38313278555870056
0.3997950255870819
0.3965191543102264
0.3985878527164459
0.35808524489402765
0.5021277666091919
0.3760413825511932
0.334224134683609
0.4216139614582062
0.47579026222229
0.417124480009079
0.4263761937618256
0.39489987492561346
0.4729752242565155
0.3608166873455048
0.36680078506469727
0.3647608458995819
0.4320128262042999
0.38317617774009693
0.3894761800765991
0.3619142472743988
0.46768188476562494
0.3693573176860809
0.44018891453742975
0.38146224617958074
0.3818710744380951
0.3687637448310852
0.40834397077560414
0.37363898754119873
0.42120528221130366
0.41498053073883057
0.3722903430461884
0.37451705336570734
0.3605715334415436
0.4304199516773224
0.41830798983573914
0.3953683376312256
0.40084859728813166
0.37577465176582336
0.4025117456912994
0.3578528165817261
0.43680843710899353
0.4159376919269562
0.4176187813282013
0.43712189793586725
0.39168712496757513
0.3669958114624024
0.43927717208862305
0.3884693086147308
0.38492959737777704
0.4393801391124725
0.48264810442924494
0.3820696175098419
0.43848279118537903
0.41124242544174194
0.43834725022315973
0.4290527403354645
0.39759919047355646
0.47398766875267034
0.37964820861816406
0.39561119675636286
0.365507572889328
0.38018652796745295
0.49528816342353826
0.35525622963905334
0.4120649993419647
0.43252059817314154
0.3861667811870575
0.44237616658210754
0.36596229672431946
0.4273836016654968
0.42606571316719055
0.5193202495574951
0.4270347058773041
0.3788314759731293
0.39806994795799255
0.3649679124355316
0.3901356756687164
0.4126904308795929
0.3967554271221161
0.3776028454303741
0.4413546919822693
0.45164903998374933
0.3762268424034119
0.38427719473838806
0.422209769487381
0.4355953931808472
0.34179648756980896
0.4331075251102448
0.3849286139011383
0.4141373932361602
0.36746773123741144
0.3829270303249359
0.4123891294002533
0.39600354433059687
0.3790402710437775
0.37509852647781367
0.38073208928108215
0.4411834478378296
0.37846413254737854
0.4195125997066498
0.46349790692329407
0.4483680427074432
0.4142956435680389
0.4432471692562103
0.37207469344139094
0.3712120056152344
0.4457016289234161
0.4093026518821716
0.39659628272056574
0.3354998528957367
0.4028818309307098
0.3884923160076141
0.3392796814441681
0.48542490601539606
0.4584522545337677
0.36221519112586975
0.3872990906238556
0.41158303618431086
0.48068806529045105
0.3752739131450653
0.3376360535621643
0.40287742018699646
0.41311874985694885
0.3893734216690064
0.3982465267181397
0.35946205258369446
0.37968167662620544
0.41891172528266907
0.38078913092613215
0.3832687437534332
0.3896662294864655
0.3669832050800323
0.408056765794754
0.42190048098564154
0.3829628527164459
0.43010374903678894
0.42990705370903015
0.38879892230033875
0.4249818027019501
0.48001977801322937
0.3798758089542389
0.40755191445350647
0.3879444897174835
0.4155758321285248
0.3494601845741272
0.40031859278678894
0.3838470876216888
0.3839975595474243
0.43819674849510193
0.4598428010940552
0.3801522254943848
0.3303000628948212
0.3930319547653198
0.3569052815437317
0.41862201690673834
0.4454227089881897
0.45241144299507136
0.3948081433773041
0.43681725859642023
0.43924525380134577
0.3860280215740204
0.364208310842514
0.37939909100532526
0.3813195824623108
0.48362109065055847
0.3917520344257354
0.4538624882698059
0.4141208827495575
0.4623713195323944
0.3629595935344696
0.3840698301792145
0.42408224940299993
0.454634428024292
0.36396083235740656
0.3816103041172028
0.4753361642360687
0.35369050502777094
0.36136379837989807
0.3291025161743164
0.3739179372787476
0.3739220201969146
0.36311528086662287
0.4062463641166687
0.4067924916744232
0.40011700987815857
0.3393608629703522
0.3910785913467407
0.3647421598434448
0.4519336819648743
0.3906917273998261
0.3807541728019714
0.4146091043949127
0.4311756491661072
0.4430416524410248
0.4189590513706207
0.3999475240707397
0.41202357411384577
0.3959768116474152
0.3684220910072327
0.4415949881076813
0.45555633306503296
0.42736208438873285
0.3711729943752289
0.36267915368080134
0.41284206509590154
0.36723750829696655
0.37686911225318903
0.35697898268699646
0.39795643091201777
0.45935592055320734
0.3632780909538269
0.4178924262523651
0.3870672881603241
0.33246907591819763
0.39892044663429266
0.4486405551433563
0.44272559881210327
0.3847063481807709
0.3574166595935821
0.386299341917038
0.3781331479549408
0.4061608910560608
0.3739699423313141
0.41244176030159
0.378643661737442
0.4339639246463776
0.3857642710208893
0.42150452733039856
0.4420036673545837
0.4089260995388031
0.3608408868312836
0.3507230877876282
0.3840855956077576
0.36488682031631464
0.3727677762508392
0.4195100367069244
0.3673077523708344
0.48904213309288014
0.40920984745025635
0.4054077565670013
0.4349062740802765
0.451795220375061
0.34926435351371765
0.39230144023895264
0.3962966203689575
0.344626247882843
0.3519754111766815
0.45103576779365534
0.5036629438400269
0.45571228861808777
0.3881762623786926
0.3713246583938599
0.3781798481941223
0.3700818717479706
0.46575620770454407
0.4569633305072784
0.4127964973449707
0.3661624491214752
0.43440145254135126
0.4531920254230499
0.3683299124240875
0.36307045817375183
0.3704042136669159
0.44663712382316584
0.38469240069389343
0.361384391784668
0.4066682159900665
0.391159862279892
0.30667230486869806
0.375253826379776
0.3806338310241699
0.4501747190952301
0.4008796215057373
0.3848883211612701
0.43057382106781006
0.4024602472782135
0.4385161697864533
0.38372465968132013
0.3776832818984985
0.42751899361610407
0.3624207675457001
0.4681141376495361
0.4242427051067352
0.395649790763855
0.5050361156463623
0.4187436103820801
0.38718611001968384
0.4224971830844879
0.37837868928909296
0.3850316107273102
0.46099886298179626
0.3730489313602448
0.39015659689903254
0.39858558773994446
0.3876838684082031
0.3989261984825134
0.4119437038898468
0.32607027888298035
0.41465803980827326
0.3834109008312225
0.39348337054252625
0.38405510783195496
0.4050239026546478
0.3719862401485443
0.3822322189807892
0.41699233651161194
0.3964253067970276
0.3729508817195892
0.42828524112701416
0.4726182222366333
0.365243136882782
0.46712222695350647
0.484341949224472
0.4008906185626984
0.4264020025730133
0.3774184882640839
0.3859582245349884
0.45221784710884094
0.3395748436450958
0.43187057971954346
0.5063014626502991
0.3824692964553833
0.4079550504684448
0.34399160742759705
0.4297382235527039
0.43817552924156183
0.36917811632156367
0.3686591684818268
0.38384103775024414
0.3784304559230805
0.3738508820533752
0.44329866766929626
0.4290904700756073
0.3609966933727264
0.38251376152038574
0.34642943739891047
0.3363880217075348
0.39112657308578486
0.3878986537456512
0.40390703082084656
0.3938188552856445
0.3910508453845978
0.37561956048011774
0.4134825766086578
0.4173386991024017
0.4172269701957703
0.3990010917186737
0.3698159158229828
0.4115050733089447
0.4156205654144287
0.3827254474163056
0.3728827238082886
0.39433103799819946
0.39051902294158936
0.3530538082122803
0.3704756200313568
0.3943351209163666
0.4164386689662933
0.3835978507995605
0.37248995900154114
0.4399842321872711
0.4349054992198944
0.4229643940925598
0.3556322753429413
0.3716674149036408
0.40907672047615046
0.37361517548561096
0.49033281207084656
0.4222718775272369
0.4187242090702057
0.4081411063671112
0.4499330818653106
0.38264200091362
0.3656151592731476
0.3552362322807312
0.35286998748779297
0.37487527728080744
0.4112979471683502
0.3946936726570129
0.4348011314868927
0.3623396158218384
0.41048020124435425
0.4058202803134918
0.4470208287239074
0.3564167022705078
0.39221927523612976
0.3549554646015167
0.3996459245681762
0.426366537809372
0.43114486336708074
0.4826058745384216
0.39166826009750366
0.36964488029479986
0.4101552069187164
0.3992443382740021
0.398029088973999
0.3768174350261688
0.4775709509849548
0.40106815099716187
0.4511680901050568
0.4381916522979736
0.3964508771896362
0.3912449777126312
0.36009758710861206
0.38818827271461487
0.4426974654197693
0.3719108402729034
0.45623978972435
0.38277712464332575
0.4064942598342896
0.36537793278694153
0.4028867185115814
0.5355426073074341
0.35628941655159
0.4000592827796936
0.39917340874671936
0.3816069662570953
0.44381114840507513
0.45286214351654047
0.37506118416786194
0.4687770009040833
0.4109525382518768
0.36613982915878296
0.3847275972366333
0.35853826999664307
0.4621232151985168
0.36901691555976873
0.432068943977356
0.39823475480079645
0.3735473155975342
0.3935613930225372
0.4164551496505737
0.4512352645397186
0.4059455990791321
0.34926787018775934
0.34167662262916565
0.3675712645053864
0.3673446476459503
0.39544761180877686
0.4063877165317536
0.39980778098106384
0.41162675619125366
0.5047043561935425
0.402634471654892
0.36436465382575994
0.3751062452793121
0.3944505155086517
0.44698300957679754
0.4045644104480744
0.34945404529571533
0.36736521124839777
0.38760569691658014
0.3145428597927093
0.3565075099468231
0.3632631599903106
0.442793607711792
0.40215650200843805
0.38480344414711
0.4597650468349457
0.4610020518302917
0.37880769371986395
0.4138143956661224
0.4436110854148865
0.3511760234832764
0.3815899789333344
0.36971268057823187
0.38349178433418274
0.3842320442199707
0.45146235823631287
0.3851985931396484
0.3877914249897003
0.43511882424354553
0.4029886424541473
0.38321438431739807
0.3683173656463623
0.3840482532978058
0.44761550426483154
0.4461251199245453
0.3549014627933502
0.36307319998741144
0.43617329001426697
0.376002699136734
0.4158649146556854
0.45105287432670593
0.38376954197883606
0.35578894615173334
0.3816956579685211
0.44661992788314814
0.378218412399292
0.3966556787490845
0.4002937376499176
0.46315360069274897
0.40275564789772034
0.3962759971618652
0.4305653870105744
0.39729866385459894
0.4643258154392242
0.3773013353347778
0.3659578859806061
0.3835595548152924
0.40730419754982
0.39564177393913275
0.36806607246398926
0.3979654610157013
0.48110359907150263
0.3863407969474792
0.370822936296463
0.3864377439022064
0.358175665140152
0.41181373596191406
0.46414864063262934
0.39346152544021606
0.34735438227653503
0.3976280987262726
0.4112782776355744
0.3878998160362244
0.39395937323570246
0.45881357789039606
0.3700471222400665
0.43918827176094055
0.4442207515239716
0.3600320816040039
0.3870585858821869
0.4182107746601105
0.3937882483005524
0.3897600471973419
0.44080910086631775
0.34353509545326233
0.3484980762004852
0.43448564410209656
0.36264154314994806
0.3921135365962982
0.40720120072364807
0.41761666536331177
0.4095902740955353
0.4580881297588348
0.48429223895072937
0.3689394593238831
0.34077835083007807
0.4196999073028565
0.42562171816825867
0.4211241602897644
0.3798180818557739
0.3893385231494904
0.44597002863883967
0.3575268089771271
0.3750381767749786
0.4063711166381836
0.41572925448417664
0.419720321893692
0.35321664810180664
0.34279486536979675
0.39723351597785944
0.34011858701705927
0.3537958264350891
0.43891087174415594
0.35030367970466614
0.3826380372047424
0.4263298213481903
0.37313517928123474
0.3975828289985657
0.38044473528862
0.41377058625221247
0.3751415610313416
0.36639079451560974
0.3945485651493073
0.35081228613853455
0.3762877285480499
0.3754553198814392
0.4117268025875092
0.354544460773468
0.35642293095588684
0.3924745619297028
0.4506687223911285
0.44293144345283514
0.36522841453552246
0.361163467168808
0.34296879172325134
0.401750773191452
0.4237895011901856
0.44920089840888977
0.34380286931991577
0.4415015280246735
0.4912148118019104
0.3468506634235382
0.390773206949234
0.3563309609889984
0.3773160874843597
0.4319479167461395
0.4110981225967407
0.34988921880722046
0.47281011939048767
0.3940264880657196
0.36482805013656616
0.4253316819667816
0.34193381667137146
0.38405337929725647
0.46428626775741577
0.4418645799160004
0.3919663727283478
0.3472208678722381
0.41080325841903687
0.40021282434463507
0.3663067817687988
0.3174106478691101
0.3581477701663971
0.37476041913032526
0.47328931093215937
0.3796366453170776
0.3682808578014374
0.38238969445228577
0.46827933192253113
0.44755005836486816
0.44826021790504456
0.3690682053565979
0.43105807900428766
0.37417730689048767
0.42041224241256714
0.32349783182144165
0.39116835594177246
0.3675505518913269
0.44290348887443537
0.3824097216129303
0.4277217090129852
0.3863620162010193
0.41921022534370417
0.3779414296150208
0.3990267515182495
0.38112744688987726
0.4246197044849396
0.35495755076408386
0.39970925450325007
0.40263357758522034
0.4129975438117981
0.45602738857269287
0.4429145753383637
0.4558979868888855
0.4268490076065064
0.4668527543544769
0.38611683249473566
0.36729905009269714
0.4020058512687683
0.40120026469230646
0.44906422495841974
0.3740785717964172
0.46929183602333063
0.43814274668693537
0.42898872494697565
0.4042457640171051
0.3837812542915344
0.45217421650886536
0.4451052844524384
0.3592102825641632
0.35389700531959534
0.43355375528335566
0.4398036301136017
0.3585071265697479
0.465966522693634
0.4615876376628876
0.3868561387062073
0.3841230571269989
0.3822697401046753
0.3897435963153839
0.3866500556468964
0.4169504940509796
0.3774222433567047
0.34161221981048584
0.3750983774662018
0.39691081643104553
0.42378470301628113
0.46758016943931574
0.3505958616733551
0.4239217638969421
0.42576602101325994
0.3540957570075989
0.48490133881568903
0.35744181275367737
0.37340399622917175
0.4010958969593048
0.35597947239875793
0.39724236726760864
0.3654476404190064
0.39094164967536926
0.38747599720954895
0.3732615113258362
0.40159180760383606
0.34239745140075684
0.44086301326751703
0.4500112235546112
0.3958081305027008
0.4157444536685944
0.4668652415275574
0.3971664011478424
0.42472493648529047
0.4484362602233887
0.40276598930358887
0.3785856664180756
0.37054911255836487
0.4500044286251068
0.3699947893619537
0.3776671588420868
0.45182037353515625
0.4058362543582916
0.36867916584014887
0.4418579339981079
0.3697799444198608
0.38194966316223133
0.39061987400054926
0.46602728962898254
0.43700748682022095
0.40343520045280457
0.4097156226634979
0.41116309165954584
0.353505939245224
0.4121181666851044
0.42184430360794073
0.3545101583003998
0.38979801535606384
0.3411993682384491
0.40554794669151306
0.45841434597969055
0.37470942735672
0.38623806834220886
0.3403969705104828
0.4201473593711853
0.3753052055835724
0.39400854706764227
0.44894132018089294
0.4172661006450653
0.3511953353881836
0.38066220283508306
0.38210156559944153
0.4595402777194977
0.38162401318550104
0.42071506381034846
0.4102880358695984
0.40109169483184814
0.3833255469799042
0.42273792624473566
0.4988560378551483
0.39274361729621887
0.3906919062137604
0.3691869080066681
0.43712735176086426
0.4254461824893952
0.3872266113758087
0.4026438593864441
0.3647905886173248
0.3455335199832916
0.3858964443206787
0.45715972781181335
0.39373266696929926
0.39713001251220703
0.4058818519115448
0.37757396697998047
0.4261091351509094
0.37719470262527466
0.38151594996452326
0.3663866817951202
0.4326821267604828
0.38342925906181335
0.34575799107551575
0.4274769127368927
0.38559544086456293
0.3462355434894562
0.3756463229656219
0.3746843039989472
0.40935260057449346
0.342867374420166
0.35848966240882874
0.4504724442958832
0.4725536108016968
0.40528467297554016
0.4084213078022003
0.4338794648647308
0.35862466692924494
0.3753189146518707
0.3993034958839417
0.4667912423610687
0.3531138598918915
0.44045457243919367
0.42275384068489075
0.4790913164615631
0.40123450756073
0.43943405151367193
0.3736844956874848
0.42751792073249817
0.3726266622543335
0.3882644176483154
0.49502530694007874
0.3759317696094513
0.4499762356281281
0.4203018546104431
0.41657897830009455
0.3937133848667145
0.3467506468296051
0.4210478365421295
0.3251187801361084
0.3818243741989136
0.39899536967277527
0.3565627634525299
0.40657386183738714
0.35253891348838806
0.37160778045654297
0.35362640023231506
0.4220480620861053
0.422822505235672
0.4654082357883453
0.4135684072971344
0.3684021532535553
0.3745996654033661
0.3950500786304474
0.3572765290737152
0.45525404810905457
0.3961354792118073
0.43409812450408936
0.39622780680656433
0.37036588788032526
0.4715441465377808
0.3972614705562592
0.3356781601905823
0.40284505486488337
0.38977131247520447
0.39579668641090393
0.3813196420669556
0.41037741303443914
0.3877698481082916
0.4352452456951141
0.4142495691776276
0.3455096185207367
0.319754421710968
0.44999253749847407
0.36347660422325134
0.3687618374824524
0.3626266717910767
0.4179927408695221
0.37854060530662537
0.3425991237163544
0.3973531424999237
0.42486247420310974
0.43084463477134705
0.36281511187553406
0.3750726282596588
0.3909555673599243
0.3886397182941437
0.42426878213882446
0.3548613488674164
0.3795869052410126
0.4163707494735718
0.3787742555141449
0.4005001485347748
0.3857379853725433
0.41199174523353577
0.4087434709072113
0.40911409258842474
0.3905111253261566
0.3725675344467163
0.41691827774047846
0.43046191334724426
0.4430671036243439
0.37114939093589777
0.43100050091743464
0.4294694364070892
0.44332215189933777
0.45114395022392273
0.3586401045322418
0.35955679416656494
0.4178390204906464
0.3340044915676117
0.33066287636756897
0.37885937094688416
0.4348585903644562
0.33932301402091974
0.46416136622428894
0.40553358197212214
0.4335489571094513
0.36755603551864624
0.3665015697479248
0.4579622447490692
0.42351940274238586
0.40032544732093805
0.46281781792640686
0.4404993653297424
0.40365469455718994
0.3950843214988709
0.36057466268539434
0.3805150091648102
0.4759468734264374
0.4294863343238831
0.40755739808082575
0.3995322287082672
0.41433098912239075
0.46128848195075994
0.40131840109825134
0.36376634240150446
0.38434553146362305
0.40726017951965326
0.363562136888504
0.34626108407974243
0.415024846792221
0.4131973385810852
0.3872711658477783
0.428081214427948
0.3765270411968231
0.38931545615196234
0.42667397856712336
0.4317116439342498
0.3456491529941559
0.48537316918373113
0.4213347136974335
0.43954542279243464
0.39450362324714655
0.3853612244129181
0.44757613539695734
0.4091615676879882
0.4019139111042023
0.41497257351875305
0.4386361837387085
0.4763482809066773
0.40020409226417536
0.430520623922348
0.4063123166561127
0.3558872044086456
0.3778028190135956
0.3406042158603668
0.39220443367958074
0.38113173842430115
0.4797056615352631
0.35005274415016174
0.3799658715724945
0.4388299286365509
0.4154652953147888
0.3526473939418793
0.3836787939071655
0.3743384778499603
0.44339784979820246
0.4611837863922119
0.43029949069023127
0.4144926965236664
0.35299843549728394
0.38354185223579407
0.48093324899673456
0.42971435189247126
0.3937407433986664
0.4896623492240906
0.41966691613197327
0.35850945115089417
0.3978766798973083
0.3840880692005157
0.40275326371192927
0.3923574388027191
0.3790535032749176
0.49997445940971375
0.3825334012508392
0.3340645432472229
0.3651162683963776
0.4503901302814484
0.3639563024044037
0.4122285544872284
0.36994844675064087
0.3610166013240814
0.38189756870269775
0.4383304715156555
0.3471372425556183
0.363803505897522
0.4167342782020569
0.41219186782836914
0.436536580324173
0.42164137959480286
0.4137914478778839
0.38205623626708973
0.4452235102653504
0.41402146220207214
0.353881299495697
0.3827098309993744
0.41846129298210144
0.3850595653057098
0.4424770772457122
0.37187021970748896
0.37152501940727234
0.44621315598487854
0.360261470079422
0.47732350230216974
0.3470233976840973
0.34899333119392395
0.4302833080291748
0.39795947074890137
0.3805287778377533
0.4384540617465973
0.4304576218128204
0.43810805678367615
0.39545306563377375
0.4031436741352081
0.482087105512619
0.48992684483528137
0.381454348564148
0.4498929381370544
0.35378074645996094
0.4021477997303009
0.43812558054924006
0.3896665871143341
0.40039423108100886
0.3811390101909637
0.46506211161613453
0.39125898480415344
0.4003183543682098
0.4328136742115021
0.42593473196029663
0.43042537569999695
0.40292957425117487
0.38987755775451666
0.3695190846920013
0.4235322177410126
0.4115652143955231
0.4075616896152496
0.3930414021015167
0.4618431031703949
0.3670490682125092
0.44231030344963074
0.3833170533180237
0.42405596375465393
0.4018728733062744
0.3814302384853363
0.42926445603370667
0.398225724697113
0.4266224205493927
0.4779781401157379
0.4014537036418914
0.3896898925304413
0.4086637198925018
0.35750269889831543
0.4502765834331512
0.3544950783252716
0.38939592242240906
0.37457421422004694
0.3585830628871918
0.3573520481586456
0.35407570004463196
0.38595250248909
0.3861536085605621
0.3393520414829254
0.3862699568271637
0.3892265558242798
0.4022921621799469
0.3852579891681671
0.33251407742500305
0.4315895140171051
0.43479079008102417
0.4123301804065704
0.37211140990257263
0.38624677062034607
0.4102218747138977
0.3373892307281494
0.44953623414039606
0.40528839826583857
0.3616907894611359
0.4168692231178284
0.4391549527645111
0.3879183828830719
0.3906755149364472
0.4610855281352997
0.3737356662750244
0.42739567160606384
0.39976233243942255
0.35337290167808527
0.499037116765976
0.4094048738479614
0.5011067390441896
0.42966952919960016
0.34174540638923645
0.3714708387851715
0.4201430082321167
0.3330707550048828
0.3933147788047791
0.44136473536491394
0.4111781418323517
0.42152348160743713
0.44856622815132147
0.40262132883071894
0.44873350858688354
0.37618416547775274
0.4315987527370453
0.4421582818031311
0.43760576844215393
0.43884292244911194
0.3946345746517181
0.3328883945941925
0.4022089838981629
0.4564366042613983
0.43040975928306574
0.38309878110885615
0.3775644302368164
0.36606514453887934
0.3968768417835236
0.3905016183853149
0.43735820055007935
0.391084760427475
0.38264343142509455
0.39976349472999567
0.39297094941139216
0.4059466421604157
0.3730702698230744
0.3685874044895172
0.3886735737323761
0.3633219003677368
0.5007654428482056
0.4419281184673309
0.4340642690658569
0.3941870033740997
0.4744186103343964
0.4633074104785919
0.4249177873134613
0.3968305587768554
0.39405205845832814
0.3687631487846375
0.4060077667236328
0.3601395785808563
0.3660899102687836
0.3716859221458435
0.394326776266098
0.3604145646095276
0.4300792217254639
0.41905125975608826
0.4587381780147552
0.41787031292915344
0.39392602443695063
0.35898783802986145
0.3694838285446167
0.3479889929294586
0.4518762528896332
0.3757091462612152
0.38326731324195856
0.382521003484726
0.38726478815078735
0.4023554921150208
0.41640180349349976
0.36257952451705927
0.3630146086215973
0.38905498385429377
0.37724944949150085
0.35760024189949036
0.43062320351600647
0.3583798110485077
0.3254046440124512
0.35155349969863886
0.3711394667625427
0.4315657913684845
0.4120740592479706
0.3593430817127228
0.4696952998638153
0.4667733013629913
0.3795651495456696
0.3959519565105438
0.40849626064300537
0.3667137324810028
0.434819370508194
0.4316084682941437
0.3677637279033661
0.4225328862667084
0.39540925621986395
0.4642681777477264
0.44277760386466974
0.3833925724029541
0.38920649886131287
0.3937273919582367
0.3928436934947968
0.3747851550579071
0.3799040019512177
0.3910636901855469
0.450042337179184
0.39624977111816406
0.40602570772171026
0.3738268315792084
0.47614166140556335
0.4280877411365509
0.4178456366062164
0.3751900792121887
0.3357333838939667
0.34298512339591974
0.35747680068016047
0.386253297328949
0.4267649948596954
0.3988343775272369
0.437909871339798
0.35553106665611267
0.3648827373981476
0.43440327048301697
0.38989147543907166
0.4790796935558319
0.3888808190822601
0.39630016684532166
0.4345734417438507
0.4138318598270416
0.37904351949691767
0.4071375727653504
0.41157141327857966
0.36784669756889343
0.38540738821029663
0.3765752017498016
0.4099840521812439
0.42347586154937744
0.37077251076698303
0.4794923067092896
0.38174664974212646
0.4481810629367828
0.43501082062721247
0.3960512578487396
0.42585471272468567
0.40695998072624207
0.5094907283782959
0.4771294891834259
0.42179611325263977
0.33236563205718994
0.3623783886432648
0.3689378201961517
0.3571389615535736
0.34999546408653254
0.36372628808021545
0.473547488451004
0.42504218220710754
0.40835896134376526
0.32242175936698914
0.34200307726860046
0.3830247223377228
0.359433650970459
0.47943365573883057
0.4612792432308197
0.38022148609161377
0.35173723101615906
0.3518909513950348
0.44040146470069885
0.4404907524585724
0.34376242756843567
0.3753296434879303
0.4260202944278717
0.43479254841804493
0.3798884451389313
0.3812091946601868
0.4363361001014709
0.44936269521713257
0.375927060842514
0.43667611479759216
0.4664946794509888
0.3379230201244354
0.38368460536003113
0.4073262512683869
0.42350372672080994
0.3626312911510468
0.4491573870182037
0.3743996918201447
0.3667595088481903
0.3674906194210053
0.3946979939937592
0.3617578446865082
0.4147510826587677
0.35856673121452326
0.4283301532268524
0.3889162540435791
0.3856164813041687
0.46103981137275696
0.35821905732154846
0.3596111834049225
0.4101472198963165
0.3944925367832184
0.4575941860675812
0.4590100049972534
0.38440009951591486
0.4204001426696777
0.3805807828903198
0.362862765789032
0.3720779716968536
0.34750136733055115
0.3524671196937561
0.4581673443317413
0.40295812487602234
0.3941789567470551
0.3960143029689789
0.44722151756286627
0.5018501877784729
0.3385014533996582
0.37573710083961487
0.380405992269516
0.376675933599472
0.3835854232311249
0.36456939578056335
0.4325186908245087
0.4199646413326264
0.43847382068634033
0.3785099089145661
0.38958209753036493
0.3672672808170319
0.3636578023433685
0.46218386292457586
0.4258216023445129
0.4881658554077149
0.4169116914272308
0.41422399878501887
0.360814779996872
0.38991907238960266
0.3599650263786316
0.4131717085838318
0.4276107847690582
0.4220497310161591
0.3979009985923767
0.4001281559467316
0.364139050245285
0.38559034466743464
0.36226317286491394
0.41435202956199646
0.40361815690994257
0.4258532822132111
0.4259382784366608
0.3504630625247956
0.37423995137214655
0.39504998922348017
0.381367176771164
0.38472366333007807
0.35561639070510864
0.3893621861934662
0.47323805093765253
0.3874748647212982
0.3817134201526642
0.39038902521133423
0.41544708609580994
0.3814670145511627
0.39466813206672663
0.4675458073616028
0.4204087555408478
0.4201234579086304
0.3686043322086334
0.39092090725898737
0.48244869709014887
0.3948958814144135
0.36356520652771
0.46868008375167847
0.4457411468029022
0.38995406031608576
0.37915799021720886
0.3838122189044952
0.4177856147289276
0.36703121662139887
0.3835809528827667
0.3844650685787201
0.38444736599922175
0.44053879380226135
0.3825222849845886
0.32897725701332087
0.40654119849205017
0.39831978082656866
0.4281725883483887
0.4333193898200989
0.4479150474071503
0.3932781517505646
0.43850287795066833
0.4148062169551849
0.4606923758983612
0.4098494350910186
0.4269587695598602
0.474296361207962
0.4414750635623932
0.4473893940448761
0.4604329764842987
0.4514296650886536
0.378011018037796
0.4352218806743622
0.3834951519966125
0.4560503661632538
0.39073798060417175
0.41594740748405457
0.40306016802787775
0.3901931047439575
0.47343364357948303
0.4301533102989197
0.38741761445999146
0.43104413151741033
0.40552785992622375
0.3998095691204071
0.41502317786216736
0.380161851644516
0.3735216557979584
0.429776519536972
0.4477567970752716
0.4623125493526458
0.36170485615730286
0.4686977863311768
0.39025506377220154
0.4274466633796692
0.37195268273353577
0.42657807469367987
0.3816178739070892
0.39826616644859314
0.3968664109706879
0.453560084104538
0.40744516253471375
0.4668063521385193
0.3794728219509125
0.3764279186725616
0.38234877586364746
0.4973304867744446
0.4643029272556305
0.3353211581707001
0.3899584710597992
0.3929434418678284
0.3817924559116364
0.35860684514045715
0.37275931239128113
0.393462747335434
0.4074118137359619
0.417443722486496
0.4417017996311188
0.4585947096347809
0.42099127173423767
0.41653248667716974
0.4169116914272308
0.3405381739139557
0.3872827291488648
0.4015869200229645
0.39012280106544495
0.39258697628974915
0.42229476571083063
0.40882042050361633
0.3983563780784607
0.3709908425807953
0.422208160161972
0.4144710004329681
0.4195815026760101
0.4416158497333527
0.3652116656303406
0.43185886740684504
0.39323639869689936
0.4194159209728241
0.4825504124164581
0.3749524354934692
0.4120106995105744
0.40268921852111816
0.42714288830757136
0.3291551172733307
0.4507930278778076
0.3718392848968506
0.39999014139175415
0.3736922442913056
0.35598659515380854
0.38662269711494446
0.387183666229248
0.37802803516387934
0.39902034401893616
0.35669848322868347
0.3823852837085724
0.35552579164505005
0.3598111569881439
0.38562440872192383
0.39198741316795355
0.386118620634079
0.38775005936622614
0.36842307448387146
0.39653632044792175
0.4153105318546295
0.43063336610794073
0.40578156709671026
0.3948945701122284
0.39729282259941107
0.41271051764488226
0.4466544091701508
0.37281104922294617
0.4123069941997528
0.3610841929912567
0.410133421421051
0.3732775151729584
0.3729906678199768
0.3829162418842316
0.40760618448257446
0.4429174959659576
0.36189624667167664
0.4529394209384918
0.3939537703990936
0.34995177388191223
0.3999110758304596
0.4408480226993561
0.39923736453056335
0.4468493759632111
0.3946404755115509
0.4489108622074127
0.3995399475097656
0.41350075602531433
0.38398048281669617
0.4317631423473358
0.3969842195510864
0.43469461798667913
0.46314182877540583
0.445406436920166
0.3659581243991852
0.38089290261268616
0.44931742548942566
0.363560289144516
0.35674384236335754
0.38899096846580505
0.4464682638645172
0.34844329953193665
0.3705501258373261
0.3807742297649384
0.38130727410316473
0.4587172269821167
0.39857742190361023
0.3968498408794403
0.3740922808647156
0.42447230219841
0.424243688583374
0.40365633368492126
0.39087238907814026
0.41500142216682434
0.4821487367153168
0.3587237000465393
0.39397957921028137
0.3949562013149261
0.37466609477996826
0.3277109563350677
0.3930245637893677
0.4491389691829681
0.448275238275528
0.44625928997993464
0.3655743300914765
0.36509147286415106
0.4133853018283844
0.35063889622688293
0.3867024779319763
0.40870621800422663
0.41725724935531616
0.3809272348880768
0.39012816548347473
0.4154556095600128
0.34516069293022156
0.421164870262146
0.39253273606300354
0.39770090579986567
0.3391498327255249
0.3969222009181976
0.46725645661354065
0.4131292998790741
0.320448100566864
0.3993482887744904
0.38930630683898926
0.3532780110836029
0.4252417385578156
0.37670549750328064
0.4084167182445526
0.4469635486602783
0.46519395709037775
0.39694705605506897
0.3763526976108551
0.4770546853542328
0.43607336282730097
0.3934764266014099
0.4084115326404572
0.38343745470047
0.41236165165901184
0.40405139327049255
0.3464866578578949
0.4118456542491913
0.36688688397407526
0.3390377461910248
0.35021150112152094
0.3237644135951996
0.3473348319530487
0.4088106453418732
0.3831264078617096
0.4458293914794922
0.4454686045646667
0.37391421198844904
0.416252076625824
0.406135231256485
0.45290374755859375
0.40476343035697937
0.41214311122894287
0.4524175226688385
0.38393798470497126
0.37958136200904846
0.36520078778266907
0.45598658919334406
0.37064215540885925
0.36727228760719294
0.493832677602768
0.42484283447265625
0.3759019374847412
0.4325960874557495
0.41821208596229553
0.4290598928928375
0.38035285472869873
0.39160212874412537
0.3547353148460388
0.4734067618846893
0.4443221986293793
0.405874639749527
0.37915572524070734
0.43927320837974554
0.4151619970798493
0.38483217358589167
0.40272685885429377
0.3874297440052032
0.37577587366104126
0.4195721447467804
0.4097723662853241
0.43689280748367304
0.38806316256523127
0.3744043707847595
0.436863899230957
0.3463710844516754
0.38076218962669367
0.47178405523300165
0.41247117519378657
0.386288732290268
0.3584913909435272
0.3915840685367584
0.3869439661502838
0.3772754073143005
0.4022105038166046
0.39358454942703247
0.4102285802364349
0.39951059222221375
0.36449185013771057
0.3376592695713043
0.380151242017746
0.49165901541709894
0.34423357248306274
0.33940914273262024
0.4542982280254364
0.41517326235771174
0.3945213854312897
0.4177838861942291
0.3714996576309204
0.37533867359161377
0.4064236581325531
0.40159049630165106
0.45071020722389216
0.3895525336265564
0.44121959805488586
0.3905007541179657
0.46940574049949646
0.42476361989974976
0.3268675208091736
0.4496867656707764
0.4838392734527588
0.37171509861946106
0.41520813107490534
0.4243696630001068
0.4336848258972168
0.39951249957084656
0.3803400099277496
0.37668320536613453
0.40466853976249695
0.3594070672988892
0.4410468637943268
0.4301738739013672
0.4465029835700989
0.44244831800460815
0.4067888855934143
0.4304991066455841
0.357605904340744
0.44578030705451965
0.368198961019516
0.38865914940834045
0.35462549328804016
0.3981429636478424
0.45096343755722046
0.3423386514186859
0.3816134631633759
0.38010838627815247
0.38297668099403376
0.3667325973510742
0.41978108882904047
0.3928828537464142
0.4273816347122192
0.4411195814609528
0.3540901243686676
0.34019914269447327
0.3982061445713043
0.47205737233161926
0.443479061126709
0.38197627663612366
0.3531489670276642
0.36208739876747126
0.4768064320087433
0.4370495676994324
0.3537470996379852
0.472218781709671
0.38911446928977966
0.3641316890716553
0.43461018800735474
0.429577499628067
0.4809160232543945
0.43582949042320246
0.5006909966468811
0.3722135126590729
0.37601032853126526
0.36193487048149114
0.4298995435237885
0.4502496123313904
0.4048389792442322
0.4034317433834076
0.3592366874217987
0.4537788331508637
0.3935357630252838
0.3895251452922821
0.40043288469314575
0.38466933369636536
0.42719718813896174
0.4912712574005127
0.4342229068279266
0.4038045108318329
0.38220632076263433
0.4328225255012512
0.34493035078048706
0.38505277037620544
0.4673539102077484
0.4597416520118713
0.4583796560764313
0.4574882090091705
0.39974245429039
0.4468426406383514
0.3938414752483368
0.4624697268009186
0.39107811450958246
0.37330958247184753
0.4604155123233795
0.4022196829319
0.40970107913017273
0.367353081703186
0.36969611048698425
0.3911720216274261
0.36787760257720953
0.3506243228912353
0.40871700644493103
0.35989895462989807
0.46786659955978394
0.3544565737247467
0.373897522687912
0.45389553904533386
0.4199831187725067
0.3988774418830872
0.4355487823486328
0.40680947899818415
0.36990937590599055
0.3826552331447601
0.36477434635162354
0.39046511054039
0.38819450139999384
0.343051940202713
0.37716767191886896
0.4309748113155365
0.4018508195877075
0.47318118810653687
0.383234053850174
0.33900323510169983
0.41026932001113886
0.374366283416748
0.42073920369148254
0.4876138269901276
0.4092624187469482
0.3613969385623932
0.4329671561717987
0.43561163544654846
0.3782922327518463
0.4415612518787384
0.48619952797889704
0.3894576132297516
0.40079221129417414
0.343989759683609
0.38738965988159174
0.3570462167263031
0.412009596824646
0.46056410670280457
0.37595874071121216
0.382087916135788
0.38808116316795355
0.4056444466114044
0.4118548035621643
0.37072029709815973
0.3723573982715607
0.37454208731651306
0.3613793849945068
0.4092996120452881
0.3799864947795868
0.4444386661052704
0.3697597086429596
0.3777494728565216
0.34305718541145325
0.40350982546806335
0.4003304541110992
0.4430435001850128
0.3563069999217987
0.39789268374443054
0.4276685118675232
0.35674697160720825
0.4318821728229522
0.35001906752586365
0.4323918521404266
0.4250892996788025
0.4587295353412628
0.4128865897655487
0.42728826403617853
0.4629022181034088
0.3790750801563263
0.3849828839302063
0.3874462246894837
0.4659066200256348
0.3784606754779816
0.367886871099472
0.3791356682777405
0.4087541997432709
0.435522735118866
0.3435746133327484
0.4197998344898224
0.4609878659248352
0.3428383767604828
0.32739418745040894
0.3988930881023407
0.4099240601062775
0.3884536921977997
0.39453667402267456
0.38890579342842096
0.386152982711792
0.3749940097332001
0.3709426820278168
0.4578452408313751
0.4474186599254608
0.38018149137496954
0.35996320843696594
0.41588446497917175
0.46507903933525085
0.35632842779159546
0.40778812766075134
0.4013439118862152
0.4325095415115357
0.43477877974510193
0.39962014555931086
0.36889976263046254
0.43543335795402527
0.4203238189220429
0.3955254852771759
0.4097553491592407
0.32653847336769104
0.39187994599342346
0.3981479406356812
0.4597854912281036
0.37118843197822565
0.48551103472709656
0.39204752445220953
0.430992603302002
0.41851380467414856
0.3892771899700165
0.3428288698196411
0.3305724561214447
0.3697276711463928
0.3948706686496735
0.40573832392692566
0.3860531151294708
0.46658894419670094
0.3997054398059845
0.4695132076740265
0.43169212341308594
0.37156227231025696
0.4421171545982361
0.3981117606163025
0.3848212361335754
0.367276519536972
0.431730180978775
0.357572466135025
0.41858839988708496
0.43713876605033875
0.4295052886009216
0.34141895174980164
0.4620206654071808
0.46986943483352656
0.47686517238616943
0.3988637030124664
0.44818666577339167
0.4406457543373108
0.3764969110488892
0.44613972306251526
0.44517919421195984
0.37297657132148737
0.36810275912284846
0.38851186633110046
0.3782128393650055
0.3624588549137115
0.39876836538314814
0.3910066485404968
0.4415130317211151
0.37589004635810846
0.39722391963005066
0.45249888300895685
0.3788886964321136
0.4132784903049469
0.31740841269493103
0.4616891741752625
0.42855995893478394
0.37560221552848816
0.38212814927101135
0.3504287302494049
0.4367222487926483
0.3659169673919678
0.40577223896980286
0.3889569044113159
0.38378858566284174
0.3720403611660004
0.4409527778625488
0.4028889536857605
0.4393716752529144
0.4823530912399292
0.42663410305976873
0.4132643938064575
0.4420736730098724
0.3936606049537658
0.3627271950244904
0.3991708755493164
0.3560282289981842
0.45632031559944153
0.42209553718566895
0.3555562198162079
0.3901183605194092
0.42315873503685
0.43384334444999695
0.4027159512042999
0.4688774347305298
0.34429532289505005
0.4448041021823883
0.3945776522159576
0.37055882811546326
0.3795711696147919
0.4471018016338348
0.3741743564605713
0.36349812150001526
0.43972209095954895
0.3724871575832367
0.4613144099712372
0.4472989141941071
0.3947763442993164
0.4477314352989197
0.39022743701934814
0.3832834661006928
0.35456231236457825
0.4260447919368744
0.3732114732265472
0.39880022406578064
0.38941869139671326
0.4486887454986572
0.36028602719306946
0.4042952954769135
0.3655824959278106
0.4091313183307648
0.37264111638069153
0.37275770306587214
0.3712065517902374
0.3784743845462799
0.36693692207336426
0.4447030127048493
0.39810565114021296
0.36150392889976496
0.3653916418552399
0.3791949450969696
0.4490655958652496
0.4650711715221405
0.41085922718048096
0.436737596988678
0.39568760991096497
0.4087249934673309
0.42394089698791504
0.3900496065616608
0.4199322760105133
0.3479237258434296
0.3830033242702484
0.40221938490867615
0.375932902097702
0.3664967119693756
0.3978215754032135
0.3719010055065155
0.4651828706264496
0.3966619670391082
0.374796599149704
0.42524054646492
0.4697292149066925
0.3526330590248108
0.37270808219909674
0.3940941989421845
0.42875698208808893
0.4879970550537109
0.39389654994010925
0.3732435405254364
0.38615807890892023
0.3611679375171661
0.43442827463150013
0.38656690716743464
0.39845743775367737
0.43424621224403376
0.42326763272285456
0.405874103307724
0.38307130336761475
0.40914839506149286
0.39219710230827326
0.3590680956840515
0.3834846615791321
0.3456059992313385
0.41067287325859064
0.3957926332950592
0.3694321215152741
0.3957704603672028
0.499091237783432
0.38125798106193537
0.39354363083839417
0.3456202745437622
0.3504880368709564
0.449028193950653
0.40112999081611633
0.34576216340065
0.35510534048080444
0.36359173059463507
0.462647408246994
0.43861374258995056
0.41685602068901056
0.39673092961311346
0.3456138074398041
0.37215712666511536
0.40906676650047297
0.4453810453414917
0.35356277227401733
0.4627057015895844
0.5093542337417603
0.458958238363266
0.40753027796745295
0.37870877981185913
0.40933206677436823
0.4293310046195984
0.4425168633460999
0.3858264982700348
0.45907032489776606
0.39293241500854487
0.3708785474300385
0.4173451960086823
0.46403229236602783
0.36778774857521057
0.40441468358039856
0.3906944990158081
0.3954128921031952
0.4397601187229157
0.39985892176628113
0.3779180347919464
0.38043656945228577
0.41844201087951666
0.46215006709098816
0.5042452812194824
0.33484315872192383
0.33035784959793085
0.39190798997879034
0.3854535520076752
0.4093144237995148
0.3463984727859497
0.43968161940574646
0.428413450717926
0.39559629559516907
0.36605814099311834
0.36153656244277954
0.4376996755599976
0.3917043507099152
0.4552308619022369
0.32448664307594294
0.46550109982490534
0.3764851987361908
0.47129949927330017
0.3834601938724518
0.380405992269516
0.36994513869285583
0.39406925439834595
0.4698399007320404
0.38851597905159
0.380269318819046
0.4194568693637848
0.4545473158359528
0.44495949149131775
0.3847387433052063
0.38483521342277527
0.3900128304958344
0.4332789778709412
0.40636157989501953
0.43383726477622986
0.4537312388420105
0.3770868480205536
0.4528819024562836
0.4103452861309052
0.40560364723205566
0.3379161059856415
0.4200155138969421
0.40100154280662537
0.34638044238090515
0.37353682518005366
0.3556243479251861
0.4386409223079681
0.4414597749710083
0.4242590367794037
0.462261974811554
0.3720602989196777
0.39932286739349365
0.39194393157958973
0.40860554575920094
0.44468238949775696
0.42742177844047546
0.42728176712989807
0.4036092162132263
0.41556087136268616
0.38712829351425165
0.4206836819648743
0.37916150689125055
0.3597243130207062
0.3724886178970337
0.47151708602905273
0.3874419033527374
0.3984511196613312
0.3518362939357757
0.41004332900047297
0.4642432034015656
0.38131916522979736
0.3977348804473877
0.38016405701637274
0.4319933652877808
0.4361823797225952
0.4046505987644196
0.5262055993080139
0.38654178380966187
0.3738486170768738
0.3507662117481232
0.38266465067863453
0.4401564598083496
0.4869626462459564
0.41287747025489807
0.4157397150993347
0.47149673104286194
0.3900676071643829
0.4077997803688049
0.4700404405593872
0.39545771479606634
0.4853156507015228
0.4420987665653229
0.435575932264328
0.40401434898376465
0.3897753655910492
0.40206006169319153
0.4339345693588257
0.36827695369720453
0.3581679165363312
0.48308524489402765
0.45109972357749933
0.3495018780231476
0.34325563907623285
0.4606338441371918
0.38493487238883967
0.4519172012805938
0.4495724737644196
0.37519443035125727
0.3839894235134125
0.3862023651599884
0.3497384786605835
0.3897279798984528
0.4395777583122253
0.4341517984867096
0.41543224453926086
0.4416688978672028
0.4154758155345917
0.4549935162067413
0.39749500155448914
0.4398094117641449
0.48057225346565247
0.40666520595550537
0.3913727104663849
0.3653883039951325
0.3682394325733185
0.39414313435554493
0.4180005192756653
0.38200715184211725
0.4142082631587982
0.3782270848751068
0.4269061386585236
0.36949300765991205
0.4012201726436615
0.4067268669605255
0.5111395120620728
0.38011848926544184
0.376414030790329
0.4211425483226776
0.4366511404514313
0.3475414216518402
0.48255139589309687
0.3484503626823425
0.36469525098800654
0.43578729033470154
0.3526565432548523
0.47305968403816223
0.40747305750846863
0.3658984005451202
0.431194931268692
0.4453248679637909
0.44014802575111384
0.43028369545936573
0.3351849913597107
0.400522381067276
0.37148317694664
0.38058340549468994
0.4023301303386688
0.3778492510318756
0.4097499549388885
0.4244373142719269
0.362769067287445
0.45833685994148254
0.3434390723705292
0.3782220780849457
0.34381547570228577
0.4887665808200836
0.4295868873596192
0.4060581624507904
0.43518576025962824
0.4324517250061035
0.3932731449604034
0.4250700771808624
0.3837561309337616
0.430758148431778
0.4515924751758576
0.48290976881980896
0.38061010837554926
0.399883896112442
0.35677969455718994
0.38037824630737294
0.390116423368454
0.42566773295402527
0.3932245075702667
0.33887869119644165
0.4490898251533508
0.37135249376297
0.4819023907184601
0.3893100023269653
0.4408966898918152
0.38929906487464894
0.36596706509590154
0.4121391475200653
0.3907342851161957
0.3567024767398834
0.4476983547210693
0.3743470311164856
0.35671672224998474
0.3932972252368927
0.39603346586227417
0.39193513989448553
0.3865952789783478
0.4334096312522888
0.4190751612186432
0.3991773426532745
0.4156583249568939
0.4293952286243439
0.39867040514945984
0.4288170635700226
0.4454752504825592
0.36794826388359064
0.3891277611255646
0.40529349446296686
0.39233466982841486
0.4081149995326996
0.39260023832321167
0.4078146517276764
0.36867293715476984
0.3731720745563507
0.3964759409427642
0.39134258031845087
0.4051531851291656
0.4008809626102448
0.3641494810581207
0.34592321515083313
0.44178080558776855
0.4488679170608521
0.3477783203125
0.3799597322940826
0.3928927481174469
0.3519637882709503
0.4005317389965057
0.3787522614002228
0.3783356845378876
0.39618754386901855
0.3712989389896393
0.42228463292121887
0.3800503313541412
0.4739080667495728
0.3748209774494171
0.4316537380218506
0.4288202226161957
0.4241567552089691
0.3494318723678589
0.3664203882217407
0.4006121456623077
0.3781292736530304
0.3352860808372497
0.4112676978111267
0.34036871790885925
0.43498179316520685
0.3445713520050049
0.46413829922676086
0.371062844991684
0.3638211786746978
0.43996739387512207
0.3968612253665924
0.38197109103202814
0.4375278353691101
0.40051144361495966
0.38840579986572266
0.42595601081848145
0.40596768260002136
0.38602361083030706
0.3880800306797028
0.3750782608985901
0.4375164210796356
0.374407023191452
0.4018678367137909
0.40764757990837097
0.3416588604450226
0.36270508170127863
0.43395474553108215
0.3401244878768921
0.4472965896129608
0.3590571582317352
0.43714687228202814
0.43565884232521057
0.470729798078537
0.47034040093421936
0.3870213627815247
0.37932893633842474
0.40817582607269287
0.36636531352996826
0.4508939385414124
0.40124356746673584
0.3885092437267304
0.4910403192043304
0.41357406973838806
0.4442635774612426
0.36322471499443054
0.48204636573791504
0.36862763762474066
0.37553074955940247
0.4255112707614898
0.437202662229538
0.3748893439769745
0.3891378343105316
0.4538680016994476
0.3824591934680938
0.38258436322212214
0.42720475792884827
0.38714572787284846
0.357276052236557
0.4483911693096161
0.43448838591575617
0.42727696895599365
0.44084599614143366
0.3988840878009796
0.4358359277248383
0.39243423938751215
0.3924391567707062
0.3895098268985748
0.41435557603836054
0.4456652104854584
0.40692317485809326
0.3716982305049896
0.3739306628704071
0.4158115983009338
0.3788205683231354
0.4337419271469116
0.3905755579471588
0.43765807151794434
0.3756742775440216
0.3764020502567291
0.37438616156578064
0.37919554114341736
0.40405353903770447
0.39092227816581726
0.42004409432411194
0.38452100753784174
0.3898656964302063
0.3811355531215668
0.4200004041194916
0.3931751251220703
0.36457493901252747
0.41065213084220886
0.37969943881034846
0.4314732253551483
0.3863372802734375
0.3841446936130524
0.4552032053470612
0.43155089020729054
0.3964469730854034
0.44958940148353577
0.38805407285690313
0.4684148132801056
0.3957889676094055
0.4864093959331512
0.4150157868862152
0.4576949179172516
0.46354329586029047
0.4160034358501434
0.44415685534477234
0.4822842478752136
0.42869314551353455
0.3730369508266449
0.3769925236701965
0.3887378871440888
0.37630695104599
0.5086275339126587
0.3922396600246429
0.34847795963287354
0.46581307053565973
0.3842768967151642
0.4023355543613434
0.3859319686889648
0.3668884336948394
0.39806598424911493
0.43358656764030457
0.3717513382434845
0.4007059037685394
0.3899845182895661
0.3729377090930938
0.3896734118461609
0.32369115948677063
0.47398129105567927
0.3610105812549591
0.3679298460483551
0.3585728704929352
0.4054905772209168
0.40125951170921326
0.4299747049808502
0.39993965625762934
0.42320284247398376
0.4831494390964508
0.347469300031662
0.365569144487381
0.3675052225589752
0.4624265730381012
0.47374764084815973
0.3551192283630371
0.3699970543384552
0.391164630651474
0.37344533205032343
0.4011960923671722
0.3858041763305664
0.5057399868965149
0.39459672570228577
0.38218328356742853
0.3734370768070221
0.43045151233673096
0.3670896291732788
0.3344997465610504
0.4449674189090729
0.41522935032844543
0.4439604580402374
0.33075419068336487
0.4541263282299042
0.39997357130050654
0.3720032274723053
0.4236205518245697
0.46729126572608953
0.40396136045455927
0.3727555572986602
0.38249403238296503
0.42057523131370544
0.4761277139186859
0.3705849349498749
0.371723622083664
0.4431633651256561
0.3344120979309082
0.4249401390552521
0.37239921092987055
0.4405000507831573
0.4043450653553009
0.4787717163562775
0.4107095301151276
0.3777564465999603
0.39506438374519354
0.3484799265861511
0.3950030505657196
0.3796057999134064
0.46595761179924006
0.33936044573783875
0.377107173204422
0.38540273904800415
0.3770554959774017
0.42568364739418024
0.3481186926364898
0.40147987008094793
0.365383118391037
0.390607625246048
0.3877488076686859
0.38024932146072393
0.4425848424434662
0.38604292273521423
0.35110047459602356
0.3851154148578644
0.4612753689289093
0.3729340732097626
0.3699009120464325
0.3709755837917328
0.4440099895000458
0.36242982745170593
0.3770240247249603
0.3968573808670044
0.38730341196060175
0.43821170926094055
0.3651201725006104
0.36521777510643005
0.4027357995510101
0.39305505156517034
0.38614174723625183
0.41253918409347534
0.3351808786392212
0.3808421194553375
0.40306136012077326
0.39930799603462214
0.43340358138084406
0.37855127453804016
0.43721851706504816
0.415926605463028
0.47116479277610773
0.3682931363582611
0.37887862324714655
0.43344664573669434
0.3831360936164856
0.33389315009117126
0.3491980731487274
0.36133214831352234
0.4036980271339417
0.4383581876754761
0.3372558057308197
0.37431183457374567
0.4347647130489349
0.44062781333923334
0.3700659275054932
0.4021547436714172
0.3985031247138977
0.37514299154281616
0.43111470341682434
0.3900621831417084
0.44315931200981135
0.4136585295200348
0.36802116036415106
0.3510849475860596
0.3583728671073913
0.41375663876533514
0.3519196808338165
0.39438739418983454
0.37414672970771784
0.41374114155769354
0.4122869670391082
0.4323391020298004
0.4042520821094513
0.3742770850658417
0.3610887229442597
0.3822970390319824
0.3660221993923187
0.3669504523277282
0.4690512716770172
0.40476518869400013
0.4648302495479584
0.505324125289917
0.3817785680294037
0.460646778345108
0.3910871744155884
0.4954234063625336
0.4022011160850525
0.40626147389411926
0.38056164979934687
0.39087975025177
0.3521113097667694
0.36193969845771784
0.4595518410205841
0.4199676215648651
0.42004504799842834
0.47941192984580994
0.3738324046134949
0.3551900386810303
0.42410701513290405
0.38138496875762934
0.3737802803516388
0.407474011182785
0.4061283469200134
0.45373907685279846
0.4331522285938263
0.4574533402919769
0.37786170840263367
0.44807431101799006
0.38003268837928766
0.3662576973438263
0.3712076246738434
0.4016115367412567
0.3744809031486511
0.439119815826416
0.3868801891803741
0.35572561621665955
0.37797507643699646
0.39656075835227966
0.42008435726165766
0.42197319865226746
0.3794570863246918
0.4123246967792511
0.38274839520454407
0.504421591758728
0.4453835189342498
0.4642057120800018
0.41402027010917664
0.38224354386329645
0.4036079347133637
0.35611459612846375
0.39029303193092346
0.3654558956623077
0.33496999740600586
0.4386755526065826
0.41829979419708246
0.4046330153942108
0.40469059348106384
0.3472661077976227
0.3229306638240814
0.37767019867897034
0.394709587097168
0.35562244057655334
0.38157969713211054
0.3880643546581268
0.36105576157569885
0.3455570936203003
0.4383648931980133
0.38478031754493713
0.34518530964851374
0.47387850284576416
0.41578474640846247
0.3766856491565704
0.376003235578537
0.435027688741684
0.37137326598167414
0.3277162313461304
0.4425426721572876
0.40431779623031616
0.37414017319679266
0.40595394372940063
0.41700688004493713
0.3977784812450409
0.412525087594986
0.39798837900161743
0.3601037263870239
0.4851249754428864
0.3754342198371887
0.40655243396759033
0.47916603088378906
0.4049042165279389
0.38096734881401056
0.38676565885543823
0.41820091009140015
0.4614704847335816
0.4119479954242706
0.39468166232109064
0.42655375599861145
0.32940468192100525
0.39183360338211054
0.405049204826355
0.39618667960166926
0.3317917585372925
0.3945257961750031
0.4511786103248596
0.37630936503410334
0.38393476605415344
0.4574547111988068
0.3239542543888092
0.34038776159286493
0.43593683838844294
0.4717574417591095
0.4390527904033661
0.3611723780632019
0.421197921037674
0.3837481737136841
0.3689765632152557
0.3671312034130096
0.37127119302749634
0.3832431733608246
0.3865325450897217
0.5108954310417175
0.4064377248287201
0.3955837190151215
0.3607593774795532
0.4598078727722168
0.39361706376075745
0.36836487054824824
0.34023791551589966
0.426152616739273
0.3722314536571503
0.38853779435157776
0.38671824336051935
0.40382102131843567
0.43111899495124817
0.41061726212501526
0.37714174389839167
0.41851750016212463
0.43803837895393366
0.3706684708595276
0.37117937207221985
0.42085897922515864
0.42591562867164606
0.3801341354846954
0.3894027769565582
0.46035066246986395
0.403861939907074
0.42911446094512934
0.40906909108161926
0.4046844840049744
0.41824224591255194
0.3830450475215912
0.4459996223449707
0.3771673142910004
0.47179040312767034
0.4037855863571167
0.386926144361496
0.4050437211990357
0.3948384821414948
0.43078163266181946
0.39224153757095337
0.38499557971954346
0.4006220698356629
0.41005229949951166
0.5159988403320312
0.4414862990379333
0.38619723916053766
0.3856599032878876
0.44230481982231135
0.39410951733589167
0.4421048760414124
0.3758138716220856
0.3385709524154663
0.4209659397602081
0.4003479778766632
0.3915097415447235
0.4242700040340424
0.38382449746131897
0.3903588652610778
0.4341915547847748
0.4083319008350372
0.37397870421409607
0.3822958767414093
0.3998078405857086
0.4305489957332611
0.42303246259689326
0.42768529057502747
0.40702828764915466
0.40364935994148254
0.37206420302391047
0.35127446055412287
0.37612852454185486
0.3917519152164459
0.42295008897781367
0.3623822033405304
0.34694093465805054
0.3593306243419647
0.34449517726898193
0.43920245766639704
0.3602991998195648
0.4247455894947052
0.3394462764263153
0.3935323059558869
0.39871111512184143
0.4179898798465729
0.38435080647468567
0.3875384628772736
0.3520585894584656
0.41313326358795166
0.4728838503360748
0.3634364902973175
0.3768953084945679
0.3702509701251984
0.38237214088439936
0.3963234722614288
0.3892793953418732
0.3556058704853058
0.3740298748016357
0.36614832282066345
0.41671663522720337
0.37063965201377863
0.4197186529636383
0.3480767905712128
0.35281381011009216
0.4776432514190674
0.3744001984596253
0.3578994572162628
0.413448303937912
0.3616422414779663
0.38708674907684326
0.35099557042121887
0.362118661403656
0.4534370601177216
0.38458684086799616
0.37347343564033514
0.41533976793289185
0.35499027371406555
0.40401187539100647
0.389399379491806
0.40677285194396967
0.3386940658092499
0.4755384027957916
0.4248996376991272
0.3789173066616058
0.42270848155021673
0.416622132062912
0.361455887556076
0.40623822808265686
0.5064519643783569
0.3753271400928497
0.37739232182502747
0.37018272280693054
0.43920537829399114
0.3395231068134308
0.4049371480941773
0.3693499863147736
0.4496366083621978
0.37411227822303766
0.34314990043640137
0.3603897392749786
0.38557872176170344
0.4247223436832428
0.41941794753074646
0.38934072852134705
0.40664026141166687
0.37077838182449346
0.3850081861019135
0.34010329842567444
0.4475620985031128
0.47644177079200734
0.3609256446361542
0.46269533038139343
0.3461651802062988
0.445661336183548
0.46573135256767273
0.41880372166633606
0.4059613049030304
0.4022859632968903
0.3745490610599518
0.3947387039661408
0.409511536359787
0.39643427729606634
0.39125069975852966
0.400450736284256
0.40510839223861694
0.349578857421875
0.39928534626960754
0.417696624994278
0.41324660181999207
0.48575314879417414
0.3509089946746826
0.3800715208053589
0.3983396291732788
0.4212798178195953
0.42222878336906433
0.33737364411354065
0.36025822162628174
0.4384250342845917
0.47207126021385193
0.3677884936332703
0.3866730034351349
0.36369940638542175
0.3870354890823364
0.3941507041454315
0.408541351556778
0.33888301253318787
0.3865436017513275
0.41269770264625544
0.3656294643878937
0.5042502880096436
0.3911806643009186
0.3863773047924042
0.4232647120952606
0.3886089622974396
0.3633475601673126
0.36342796683311457
0.4356044232845306
0.3665770590305328
0.3942534923553466
0.4172391593456268
0.3865212500095368
0.34065181016922
0.38729181885719294
0.48759075999259943
0.3750783503055573
0.3426661193370819
0.4012447893619537
0.4050379097461701
0.4280900061130524
0.37162819504737854
0.40047129988670344
0.355808287858963
0.3767222166061401
0.4256635904312134
0.4536598920822144
0.356221467256546
0.4023805856704712
0.41982439160346974
0.4251806735992432
0.454985648393631
0.3708078563213348
0.33826112747192383
0.4443913400173187
0.44192788004875183
0.4637831151485443
0.4250801801681519
0.42607238888740534
0.3890560567378998
0.41726863384246826
0.4226833283901215
0.45625385642051697
0.34917595982551575
0.48715230822563166
0.45884320139884954
0.4022127389907837
0.3910234868526458
0.386970192193985
0.40539598464965826
0.3809078335762024
0.3875223100185394
0.4389439523220062
0.34216031432151794
0.35483661293983454
0.3708185255527496
0.4763187766075134
0.4554262459278106
0.3995109796524048
0.39472559094429016
0.4030837118625641
0.3843450844287872
0.42313978075981135
0.37927618622779846
0.3786253929138184
0.3696689307689666
0.39419671893119806
0.447774350643158
0.3221932649612427
0.46297553181648254
0.3732466995716095
0.4386365115642548
0.41934892535209656
0.4814967513084412
0.3563876450061798
0.3809164166450501
0.47447240352630615
0.36475917696952814
0.439812570810318
0.39280965924263
0.38733267784118647
0.3464620113372803
0.39497625827789307
0.4252301156520844
0.4033396542072296
0.370515912771225
0.4376303553581238
0.405791848897934
0.4223875105381012
0.34538984298706055
0.3739924430847168
0.42977693676948553
0.386310338973999
0.3715424239635468
0.4443161189556122
0.3728658258914948
0.4209343492984772
0.42575868964195246
0.42463871836662287
0.3916846811771393
0.408500611782074
0.42019277811050415
0.40426847338676447
0.42589321732521057
0.44221881031990046
0.4550294578075409
0.3978981673717498
0.4051268100738525
0.43305641412734985
0.446588546037674
0.3921330869197845
0.3936829268932343
0.39493957161903376
0.37476983666419983
0.3484460711479187
0.44314855337142944
0.35487401485443115
0.3873646259307861
0.3572995960712433
0.47674787044525146
0.37904927134513855
0.372857004404068
0.5106179714202881
0.42077994346618647
0.49248743057250977
0.3738656342029572
0.40552082657814026
0.41660094261169434
0.3944152295589447
0.37727424502372736
0.3872052729129791
0.358252227306366
0.3683373928070068
0.3813553750514984
0.3935090601444244
0.4306369125843048
0.34203800559043884
0.43463578820228577
0.4016211926937103
0.32738855481147766
0.4580263197422028
0.3945651352405548
0.4853129088878632
0.3658125102519989
0.3410080373287201
0.3829347789287567
0.4516675770282745
0.41287425160408014
0.3485881984233856
0.42756044864654547
0.4163191020488739
0.40597113966941833
0.37894406914711
0.44437828660011286
0.4064160585403442
0.3682011067867279
0.4102432429790497
0.4080354869365692
0.501498818397522
0.39460453391075134
0.3747877180576325
0.379395067691803
0.40359807014465326
0.45265194773674006
0.4220840632915497
0.3727231919765472
0.4302642345428466
0.43967172503471375
0.41434773802757263
0.4424859583377838
0.3695425689220429
0.401136726140976
0.43539121747016907
0.37705954909324646
0.3095786571502685
0.39860400557518005
0.36202970147132874
0.3778735101222992
0.421438068151474
0.43049773573875433
0.45760414004325867
0.3540448546409607
0.36884984374046326
0.44849863648414606
0.3516424596309662
0.37331745028495783
0.41339388489723206
0.3646596372127533
0.41696065664291376
0.38826158642768854
0.3708554804325104
0.3738345205783844
0.3254278600215912
0.34700086712837214
0.4533314406871796
0.38317626714706415
0.4408980309963226
0.37052866816520685
0.4774751663208008
0.406264454126358
0.3923188149929047
0.36654773354530334
0.41592076420784
0.37730839848518366
0.40333512425422663
0.386161595582962
0.3855544924736023
0.456664353609085
0.45662739872932434
0.4013921916484833
0.3871480524539948
0.4430955350399017
0.4087447822093964
0.3768860697746277
0.4044577777385712
0.4388064742088318
0.3681217730045319
0.39613524079322815
0.45459893345832814
0.4028859734535217
0.47341927886009216
0.42113539576530457
0.39639991521835327
0.376947432756424
0.3651417195796967
0.4030727446079254
0.42824852466583246
0.46421352028846735
0.35195860266685486
0.37839648127555847
0.38938820362091053
0.40277352929115295
0.3954274356365204
0.42556020617485046
0.423978328704834
0.41099670529365534
0.4214838445186615
0.4059448540210724
0.3994531333446503
0.3948071300983429
0.4391720592975616
0.3995080292224884
0.39076671004295355
0.4444189369678497
0.3848184645175934
0.5113727450370789
0.37038514018058777
0.43266335129737854
0.4664431810379028
0.3946793973445892
0.41294077038764954
0.40984416007995605
0.4471306502819061
0.42922759056091303
0.43508100509643555
0.36404749751091
0.41933622956275934
0.437962144613266
0.46015012264251703
0.4443343281745911
0.3746936619281769
0.4166909158229828
0.4000376462936401
0.39960184693336487
0.4087701737880706
0.38927891850471497
0.4523848593235016
0.39083185791969294
0.4424348175525665
0.41819390654563904
0.41434037685394287
0.413953572511673
0.40293833613395685
0.4328090846538544
0.372022807598114
0.3891202211380005
0.36821860074996954
0.401523232460022
0.37586089968681335
0.3911781907081604
0.380456268787384
0.4145292639732361
0.40103408694267273
0.3862392902374268
0.387226551771164
0.38849893212318415
0.35980185866355896
0.4324913620948792
0.3932838439941406
0.45874479413032526
0.348276823759079
0.3883505761623383
0.45214611291885376
0.3936177790164948
0.3937995731830597
0.3686678111553192
0.40807315707206726
0.39941516518592834
0.365814745426178
0.4881717264652252
0.42132982611656183
0.3826585114002228
0.40802046656608576
0.3676639497280121
0.3685164749622345
0.3304464817047119
0.38121724128723133
0.39070114493370056
0.4327552914619446
0.3762271702289581
0.4800718724727631
0.4114677906036377
0.4101145565509796
0.4012077152729034
0.364321768283844
0.41114553809165955
0.3827430903911591
0.43286946415901184
0.4373525083065033
0.4435919523239136
0.35388776659965515
0.4133666753768921
0.43574467301368713
0.4562658369541168
0.3655032813549042
0.4053851664066314
0.41612055897712713
0.39929062128067017
0.3815320432186127
0.40855118632316584
0.4411331713199616
0.43314865231513977
0.46090927720069885
0.351541668176651
0.4527992606163025
0.36522611975669855
0.4359346330165863
0.3382593691349029
0.4268390834331512
0.36280602216720576
0.40189644694328314
0.3513437509536743
0.48568737506866455
0.4896531701087952
0.4669782221317291
0.3310297131538391
0.3841593563556671
0.4181097745895386
0.40073969960212713
0.40323749184608454
0.40856316685676575
0.3509244918823242
0.3882524073123932
0.4017447829246521
0.403372049331665
0.4929080605506897
0.3715149462223053
0.3738929629325866
0.4248442053794861
0.4178065061569214
0.3906937539577484
0.385185033082962
0.4325913488864898
0.3865443170070648
0.3812884986400604
0.38956347107887274
0.39388760924339294
0.4019359052181244
0.42931187152862554
0.36881455779075617
0.3728858530521393
0.36470577120780945
0.3944184482097626
0.4262242019176483
0.4628020226955414
0.4466971457004547
0.4272631108760834
0.4247340857982635
0.481067419052124
0.45807901024818415
0.39382365345954895
0.3909448981285095
0.3576640784740448
0.4241439998149872
0.40149924159049993
0.40354976058006287
0.3860794603824616
0.41678556799888605
0.4209479689598083
0.4176985323429108
0.46209216117858887
0.37479785084724426
0.349837213754654
0.3707579672336578
0.4436257183551788
0.4287447929382324
0.3323066532611847
0.3591565787792206
0.43415710330009455
0.41545510292053217
0.4235202372074127
0.40406107902526855
0.3474486768245697
0.36938813328742975
0.3547548055648804
0.3857371509075165
0.35928851366043085
0.3559397757053375
0.4500653743743896
0.39864435791969294
0.40522900223732
0.3631162345409393
0.3419261872768402
0.33201926946640015
0.35159191489219666
0.41920349001884466
0.3693616092205048
0.37038508057594294
0.382001668214798
0.46022793650627136
0.45374533534049993
0.3726421296596527
0.3637431263923645
0.4540120959281921
0.46965929865837097
0.35395729541778564
0.4366688430309296
0.44051057100296015
0.4178189933300018
0.3924838006496429
0.3653754889965057
0.47047993540763855
0.4324937164783478
0.389962375164032
0.37235459685325617
0.3687048554420471
0.44712945818901056
0.41265544295310974
0.4604704678058624
0.47562721371650696
0.3808136284351349
0.37052854895591736
0.37210559844970703
0.340713769197464
0.380971759557724
0.4731230139732361
0.4663046896457672
0.4528965651988983
0.3563745319843292
0.4243638813495636
0.3884495794773102
0.4160862863063812
0.3804375231266022
0.390720397233963
0.40999191999435425
0.4202545583248138
0.38286235928535456
0.37693905830383295
0.3795925080776215
0.45269662141799927
0.35597047209739685
0.4054549932479858
0.3647915422916412
0.4227277636528015
0.34172666072845453
0.4215756952762604
0.39202627539634705
0.38720071315765375
0.3736997544765472
0.3444146811962128
0.4574950635433197
0.39613491296768183
0.38518473505973816
0.3585661351680756
0.3902901113033295
0.3765605390071869
0.44571885466575617
0.3922930359840393
0.37959674000740046
0.36033913493156433
0.39436602592468256
0.41333648562431335
0.37288299202919006
0.4634128212928772
0.3898963630199432
0.4072315990924835
0.3536291420459748
0.4249354898929596
0.3832870423793793
0.37333312630653376
0.4228573143482208
0.4870373010635376
0.38315173983573914
0.40568670630455017
0.38534232974052424
0.368055522441864
0.3636267781257629
0.44056269526481623
0.3863360583782196
0.347190797328949
0.45063737034797674
0.4482187032699585
0.406734436750412
0.4267910122871399
0.3192346394062042
0.40005469322204584
0.35044488310813904
0.35086920857429504
0.38965758681297297
0.3984431326389313
0.3829469382762909
0.3576923608779907
0.3398013114929199
0.3854349553585053
0.37466913461685186
0.33866164088249207
0.36086860299110407
0.3675875961780548
0.41232791543006897
0.41513317823410034
0.442423552274704
0.424568384885788
0.42347314953804016
0.4094532430171967
0.3873893916606903
0.44346898794174194
0.4354937076568604
0.42404764890670776
0.3716180026531219
0.4033867418766022
0.39610388875007624
0.3427533209323883
0.4424167275428772
0.37578228116035456
0.3695368468761444
0.4558473229408264
0.4043442606925964
0.4021826982498169
0.42441120743751526
0.3737706542015076
0.44663730263710016
0.4193280637264252
0.467168003320694
0.3576360046863556
0.4394988417625427
0.3863894045352936
0.374910444021225
0.3669094741344452
0.33654367923736567
0.35053315758705134
0.38683724403381353
0.3641480803489685
0.3758003413677216
0.3883265554904938
0.4137618541717529
0.3673975169658661
0.35340988636016846
0.3796030580997467
0.39016273617744446
0.4232924282550812
0.4799138605594635
0.39332589507102966
0.3938453495502472
0.40258547663688654
0.4314941465854645
0.4462298452854157
0.40414851903915405
0.38997361063957214
0.3687484562397003
0.3701326549053192
0.3675938248634338
0.40249601006507874
0.4091677367687225
0.47849276661872864
0.41858622431755066
0.4215924441814423
0.3945896029472351
0.48973044753074646
0.37863096594810486
0.4957965016365051
0.4105736911296845
0.35283318161964417
0.47862967848777765
0.3281178474426269
0.47489383816719055
0.4289398193359375
0.4697675108909607
0.3984706699848175
0.4007684886455536
0.38897556066513056
0.3738420903682709
0.4030149281024933
0.3607203662395477
0.3799225986003876
0.403663694858551
0.3720253109931946
0.359687864780426
0.3643021583557129
0.44624683260917664
0.37451693415641774
0.3729999363422394
0.49344357848167414
0.4227195680141449
0.42381402850151056
0.3855913877487183
0.44383975863456726
0.3775613605976105
0.4044540822505951
0.44032296538352966
0.3646180033683777
0.4896810948848724
0.3873553574085236
0.3768236339092255
0.3902922570705414
0.3815915882587433
0.3730606138706207
0.39051470160484314
0.342020720243454
0.4403941333293914
0.4368038177490234
0.3838682472705841
0.4295423626899719
0.3877822458744049
0.4216257929801941
0.476811558008194
0.3747788965702057
0.38097450137138367
0.36887457966804493
0.41004332900047297
0.4059762060642242
0.4034037292003632
0.32434403896331787
0.3814086616039276
0.3759707510471344
0.36358726024627686
0.41973641514778137
0.4436732828617096
0.41979026794433594
0.3997030854225159
0.46032091975212097
0.38240846991539
0.3790072500705719
0.37724295258522034
0.47348001599311834
0.37654882669448847
0.43530139327049255
0.43577632308006287
0.4190012514591217
0.45104825496673584
0.4608823359012604
0.4670305550098419
0.41821497678756714
0.39679786562919617
0.4493885934352874
0.4528503119945526
0.38438645005226135
0.4133205711841583
0.35756605863571167
0.42144566774368286
0.37827488780021673
0.4152843952178955
0.4142467081546784
0.38770243525505066
0.37073653936386103
0.39843806624412537
0.42731890082359314
0.3588733375072479
0.35876646637916565
0.37804469466209406
0.3417644798755646
0.425344318151474
0.48595693707466125
0.42279466986656183
0.40473237633705134
0.4037698209285736
0.42881903052330017
0.4173260033130646
0.40663507580757136
0.43074497580528254
0.4242233335971832
0.38315597176551813
0.41262269020080566
0.3626651465892792
0.3773996829986572
0.3950198590755463
0.37154150009155273
0.4072507321834564
0.4338275492191314
0.37639269232749933
0.39910441637039185
0.4604270458221436
0.350354939699173
0.34167930483818054
0.3907335102558136
0.3626967966556549
0.41426545381546015
0.38658103346824646
0.414894700050354
0.3921457231044769
0.33751052618026733
0.3982239067554474
0.4344010055065155
0.37875348329544073
0.3645639419555664
0.4198591411113739
0.4308879375457764
0.37257930636405934
0.4557148516178131
0.4330155551433563
0.455719381570816
0.38324680924415594
0.5195793509483337
0.45197638869285583
0.34003043174743647
0.353067547082901
0.3584001660346985
0.42618742585182184
0.47455570101737976
0.42784455418586725
0.3783996403217316
0.4379174411296845
0.4005321860313416
0.36920031905174255
0.43748435378074646
0.40792202949523926
0.3506522476673126
0.40289774537086487
0.37276551127433777
0.3995698392391205
0.4334872663021088
0.3872921764850616
0.38902923464775085
0.35640802979469294
0.3736974895000458
0.4551392495632172
0.4132533371448517
0.3663060963153839
0.4596738517284393
0.37735566496849055
0.4211153984069824
0.33134451508522034
0.44501957297325134
0.37168309092521673
0.3946336209774017
0.4426848590373993
0.34226080775260925
0.4715487957000733
0.3727737963199616
0.3701514899730682
0.3554512560367584
0.44686016440391535
0.37625250220298767
0.40740454196929926
0.4225403368473053
0.40821436047554016
0.3908531963825226
0.47677031159400934
0.40951570868492126
0.37662583589553833
0.40594056248664856
0.3698055744171143
0.3951917588710785
0.431016594171524
0.36788809299468994
0.3771671950817108
0.4557981789112091
0.3731596767902374
0.444782942533493
0.4463895857334137
0.38379263877868647
0.36021080613136286
0.476094514131546
0.4834854006767273
0.39000469446182245
0.3644572794437408
0.39280238747596735
0.40510633587837214
0.399888813495636
0.4179365336894989
0.3599340617656708
0.4501408636569977
0.4081600606441498
0.4276514053344727
0.4017380177974701
0.37634941935539246
0.3757962882518768
0.534065842628479
0.38362759351730347
0.4628352224826813
0.44305747747421265
0.4133928120136261
0.3976892530918121
0.3638750612735748
0.364135056734085
0.4600864350795746
0.438883364200592
0.36807850003242487
0.4405857622623444
0.3609896898269653
0.4306412637233734
0.3504548966884613
0.3964734673500061
0.4503584206104279
0.3861029446125031
0.3564445972442627
0.3748041987419128
0.3837791383266449
0.3621959388256073
0.3386487066745758
0.4073882400989533
0.3957250118255615
0.33060550689697266
0.38097503781318653
0.4369029700756073
0.4888390600681305
0.37523749470710754
0.47131416201591486
0.4538526237010956
0.43879565596580505
0.40788102149963373
0.36143240332603455
0.4231987297534943
0.39101383090019226
0.37424966692924494
0.4315211176872253
0.4499739706516266
0.38348320126533514
0.43358433246612554
0.38623008131980896
0.3893905580043793
0.3898292481899261
0.4779379665851593
0.39812925457954407
0.41744670271873474
0.38772562146186823
0.34595969319343567
0.45584210753440857
0.38103702664375305
0.3888377249240875
0.3540358543395996
0.38595905900001526
0.3787800967693329
0.4337740242481232
0.4034731686115265
0.40808269381523127
0.36440169811248774
0.4300746023654938
0.4267936944961548
0.38799744844436646
0.39332440495491033
0.4508461058139801
0.3801875412464142
0.4677025973796845
0.43777939677238464
0.3432563543319702
0.4977540671825409
0.3724537789821625
0.42361834645271296
0.3856702744960785
0.3391111195087433
0.3796051740646362
0.3896819055080414
0.40192675590515137
0.3850376307964325
0.3843081593513489
0.4245724081993103
0.3457953631877899
0.3555172383785248
0.4183577597141266
0.4261609613895416
0.43262818455696106
0.4047960340976715
0.37625607848167414
0.4241608381271362
0.3765578866004944
0.44377857446670527
0.41194418072700495
0.43620124459266657
0.380453497171402
0.3544510006904602
0.48458108305931086
0.39157596230506897
0.3421963453292846
0.4159767925739288
0.35112887620925903
0.35895371437072754
0.5051110982894897
0.4060687124729157
0.4228795468807221
0.35419121384620667
0.33025339245796204
0.3564658463001251
0.4219071567058563
0.4419493079185486
0.4397729337215424
0.4118586480617523
0.40524300932884216
0.433440238237381
0.3864474594593048
0.4099614918231964
0.424912542104721
0.3803077638149261
0.4193750321865082
0.4609569013118744
0.4319471120834351
0.36746945977211
0.39094313979148865
0.34037226438522333
0.3748581111431122
0.4528427422046661
0.3734963834285736
0.4501570761203766
0.4000824987888336
0.3991841375827789
0.3904129564762115
0.3703597486019135
0.43930739164352417
0.396832138299942
0.4377171397209168
0.4098879992961884
0.3955680727958679
0.425874799489975
0.4166248142719269
0.4409239590167999
0.37024587392807007
0.42017930746078486
0.4387727975845337
0.42531195282936096
0.3502347767353058
0.36191314458847046
0.3556407690048218
0.38832888007164
0.34741461277008057
0.4112149477005005
0.37845730781555176
0.435707837343216
0.4867108166217804
0.41697439551353455
0.4140684902667999
0.41065713763237
0.44510418176651
0.3686704933643341
0.3857276141643524
0.44492140412330633
0.474229484796524
0.37382552027702326
0.3795032203197479
0.38143900036811834
0.4212746918201447
0.383505254983902
0.44084575772285456
0.4215239584445953
0.3781285285949707
0.3656303584575653
0.3872964084148407
0.4453690350055695
0.46401289105415344
0.39607971906661993
0.44746309518814087
0.35607960820198054
0.38228175044059753
0.3149971663951874
0.33444300293922424
0.45065391063690186
0.428815633058548
0.4364432394504547
0.4582526981830597
0.3753760755062103
0.3915811479091644
0.4312860667705536
0.4036807119846344
0.44173663854599
0.4134615063667297
0.4382901191711426
0.41704201698303217
0.42636200785636896
0.3873176872730255
0.3474367558956146
0.4223448932170868
0.43523865938186646
0.4237524569034576
0.3552519977092743
0.4453742802143097
0.4404137432575226
0.4434309899806976
0.4712726771831512
0.3773725926876068
0.4264892339706421
0.4269862771034241
0.4183914959430695
0.4451554715633392
0.4208462536334992
0.41790416836738586
0.37951770424842834
0.4205074608325958
0.401748925447464
0.4066666662693024
0.3817748129367828
0.3701817691326141
0.44472080469131464
0.3983431756496429
0.41668039560317993
0.3847949206829071
0.4271002113819122
0.3860252797603607
0.34807565808296204
0.49628022313117987
0.3486250042915344
0.4470937252044678
0.3713653683662415
0.3592693507671356
0.39767476916313166
0.36523947119712824
0.3740334808826447
0.392347127199173
0.3970161974430084
0.33517262339591974
0.4224373400211334
0.42067146301269526
0.4251638948917389
0.4452419579029083
0.37255054712295527
0.3898324370384216
0.39214357733726496
0.49454793334007263
0.36491903662681574
0.3516708016395569
0.44399270415306086
0.44039496779441833
0.3981417715549469
0.42485067248344416
0.3776936531066895
0.3405018150806427
0.45981296896934504
0.3907383382320404
0.4108421504497528
0.37292841076850886
0.3959680199623108
0.38929358124732966
0.5001955628395081
0.36156728863716125
0.46226623654365534
0.3963334858417511
0.36407920718193054
0.3834116458892822
0.481444627046585
0.42429080605506897
0.45489841699600214
0.3774733245372772
0.3797895610332489
0.35047906637191767
0.392288476228714
0.4243131875991821
0.3966305553913117
0.49289447069168085
0.37374112010002136
0.42256635427474976
0.36649334430694575
0.4165709316730499
0.4020269215106964
0.35937860608100886
0.44650998711586
0.3767830431461334
0.31329959630966187
0.3704516589641571
0.3964183032512665
0.3384287655353546
0.3875199258327484
0.36522388458251953
0.3984502851963043
0.3533247411251068
0.4249782860279083
0.39528945088386536
0.3767380714416504
0.39575633406639094
0.414781242609024
0.37517571449279785
0.4053092300891876
0.3890262544155121
0.46884626150131226
0.4024340808391571
0.37523975968360895
0.3897493183612824
0.41152158379554743
0.41227683424949646
0.4473877549171448
0.46931540966033936
0.43982076644897455
0.39894500374794006
0.3996786177158356
0.3619363605976105
0.3708970546722412
0.38289675116539
0.36184710264205927
0.3697315752506256
0.4257871806621552
0.3948449194431305
0.346318781375885
0.4171971380710602
0.416594386100769
0.3568631708621979
0.43051406741142273
0.39996311068534846
0.4349596500396729
0.36849007010459894
0.3889570236206055
0.4119782745838165
0.4111118614673615
0.43735226988792414
0.3749931156635285
0.4252723753452301
0.37392213940620417
0.392230361700058
0.38838362693786627
0.4190332591533661
0.34958145022392273
0.37324786186218256
0.4321013391017914
0.3700417280197144
0.4030320346355438
0.4240511953830719
0.48765847086906433
0.4247507452964783
0.37832930684089666
0.39793485403060913
0.38641372323036194
0.4600889980792999
0.43462815880775446
0.4216288030147552
0.3989578783512115
0.3486175537109375
0.36903253197669983
0.386152058839798
0.45468619465827936
0.3878724277019501
0.4357723593711853
0.445907473564148
0.42929649353027344
0.3566054403781891
0.3551144301891327
0.3680740296840668
0.42809441685676575
0.381231278181076
0.3799954056739807
0.3832124173641205
0.35436150431632996
0.4229153096675873
0.3903478980064392
0.43972864747047424
0.43026134371757513
0.47482511401176447
0.4526473879814148
0.3800244629383087
0.4294482171535492
0.3762891292572021
0.3934409022331238
0.3633324801921845
0.4610565602779389
0.3968600332736969
0.3888731896877289
0.3581448495388031
0.4050320088863373
0.37910160422325134
0.3560849726200104
0.46897348761558527
0.3764434158802032
0.3801214993000031
0.40184128284454346
0.37400159239768976
0.37210568785667414
0.4095741808414459
0.3840699195861816
0.3781215846538544
0.45884665846824646
0.41026446223258967
0.49046662449836725
0.3844355642795562
0.46640905737876887
0.3606278002262115
0.38052463531494146
0.42034193873405457
0.34129074215888977
0.45598652958869934
0.4192551076412201
0.38593846559524536
0.3998112380504608
0.44113740324974066
0.43157216906547546
0.4175314605236053
0.42272612452507013
0.3880693316459656
0.39054596424102783
0.3882975876331329
0.457539051771164
0.3987438380718231
0.40802514553070074
0.3809194266796112
0.3317587673664093
0.38211739063262934
0.36530011892318726
0.37857934832572937
0.448340356349945
0.377458781003952
0.3794336020946503
0.4042353928089142
0.3562529385089874
0.4353859722614288
0.4705293476581573
0.4397322833538056
0.4021841287612915
0.4469490349292755
0.3778356015682221
0.3884401321411133
0.380222886800766
0.3425332009792328
0.5077497363090515
0.3571242690086365
0.39125639200210566
0.34661445021629333
0.36072373390197754
0.4218747615814209
0.3463077247142792
0.43305668234825134
0.3600521981716156
0.4102272093296051
0.3813731670379639
0.3745730519294738
0.35064008831977844
0.4086984097957611
0.3893154263496399
0.36601850390434265
0.400422990322113
0.3700522780418396
0.3792541325092316
0.3515917658805847
0.43475034832954407
0.48786225914955134
0.3333877623081207
0.47171291708946234
0.39731308817863453
0.44227942824363703
0.4212784469127655
0.45326969027519226
0.38107505440711975
0.40657517313957214
0.4614861905574799
0.3937340974807739
0.37446859478950495
0.36789044737815857
0.37513867020606995
0.36368981003761286
0.3591570556163788
0.377743661403656
0.3878757059574127
0.38017705082893366
0.3999582827091217
0.4107361435890198
0.3976317942142487
0.3928247392177582
0.3774321377277374
0.3834753930568695
0.3634530305862426
0.3926530182361602
0.3758727014064789
0.4418216645717621
0.3442589342594147
0.3784993290901184
0.3805861175060272
0.40026137232780457
0.42704978585243225
0.3835218846797943
0.39145305752754206
0.39010831713676447
0.43490287661552424
0.48208168148994446
0.394942045211792
0.42903631925582886
0.4066162109375
0.39189860224723816
0.3636107742786408
0.39129170775413513
0.41966637969017034
0.3800581395626068
0.3862421214580536
0.349267452955246
0.44397214055061346
0.3968207538127899
0.36804419755935674
0.40908265113830566
0.375034898519516
0.521193265914917
0.37549576163291926
0.410834938287735
0.3738158941268921
0.3476255238056183
0.38941621780395513
0.43554639816284174
0.3911076486110687
0.35753560066223145
0.4105242192745209
0.3904370367527008
0.42357802391052246
0.3775071799755096
0.38226208090782166
0.38438329100608826
0.3623001277446746
0.4079918563365936
0.5146939754486084
0.38785070180892944
0.42614427208900446
0.3951822817325592
0.4132256805896759
0.37000465393066406
0.472070425748825
0.46038666367530817
0.45631071925163275
0.3895893394947052
0.4444745481014252
0.3964371085166931
0.37599095702171326
0.45603483915328974
0.40829190611839294
0.41191017627716064
0.370789110660553
0.40818434953689575
0.419229120016098
0.44510069489479054
0.3758735358715057
0.4324149191379547
0.37537938356399536
0.4338631331920624
0.3878050744533538
0.3915468752384186
0.35585853457450867
0.3819035589694977
0.47938686609268183
0.4836444556713104
0.4328068792819977
0.4370348453521729
0.4057872295379639
0.45596712827682495
0.38094022870063776
0.3906550109386444
0.36020228266716003
0.3756695687770844
0.3837337195873261
0.3596746027469635
0.4114643633365631
0.4326974749565125
0.40458688139915466
0.31865084171295166
0.442535012960434
0.46772465109825134
0.36829340457916254
0.411215215921402
0.3873308002948761
0.4234423339366913
0.35847651958465576
0.3606169521808624
0.4380210340023041
0.38739076256752014
0.398562490940094
0.34451261162757874
0.4499286711215973
0.37792521715164173
0.36288830637931824
0.43545234203338623
0.3939888179302216
0.3903413712978363
0.4290207326412201
0.48062834143638605
0.48496213555336
0.3672894537448883
0.4432958662509918
0.43219545483589167
0.39072784781455994
0.35067945718765253
0.405099481344223
0.44866707921028137
0.4261822700500488
0.3802652955055237
0.36771994829177856
0.48969987034797674
0.33637747168540955
0.40281054377555847
0.41431799530982966
0.3439782559871673
0.40913859009742737
0.34173914790153503
0.4133629202842712
0.38674923777580256
0.40678340196609497
0.4059174954891205
0.3953379392623901
0.3489726185798645
0.34507885575294495
0.3711409866809845
0.3900485038757324
0.38662409782409674
0.4112210273742676
0.3979557752609253
0.3839024007320404
0.3896310925483704
0.3954110443592072
0.37002152204513544
0.44299590587615967
0.4820866584777832
0.40331020951271057
0.46156281232833857
0.46628758311271673
0.3497386872768402
0.4004710912704468
0.3983376920223236
0.49165502190589905
0.4123773872852325
0.4517163336277008
0.4962768256664276
0.44531676173210144
0.4491309821605682
0.5008678436279297
0.4096777439117432
0.4475562870502472
0.37402704358100886
0.4405021667480469
0.4045304358005524
0.3823177516460418
0.34433141350746155
0.4085882902145386
0.3652899861335754
0.3358111679553985
0.41355136036872864
0.3475147485733032
0.3993762731552124
0.41065007448196406
0.35979437828063965
0.3791717290878296
0.37158554792404175
0.4109961092472077
0.4087953865528106
0.4386930167675018
0.396902471780777
0.3877319395542145
0.4278972446918488
0.4413556158542633
0.377848356962204
0.4107658565044403
0.41455218195915217
0.4046667814254761
0.37019017338752747
0.45212373137474066
0.3652208149433136
0.40485829114913935
0.4342857003211975
0.3618468344211578
0.38927504420280457
0.37161871790885925
0.4492700397968292
0.4021579623222351
0.4268824756145477
0.3657873570919037
0.3728766143321991
0.41173979640007013
0.4491621255874634
0.38960856199264526
0.4144480526447296
0.37669289112091053
0.36200159788131714
0.39274007081985474
0.38827136158943176
0.4177699685096741
0.3855744004249573
0.3800637423992157
0.42416706681251526
0.3562075793743133
0.3992415964603424
0.44223797321319586
0.33339473605155945
0.49248167872428894
0.36892139911651606
0.323945552110672
0.4727976322174072
0.420800656080246
0.44310662150383
0.35111215710639954
0.40955212712287903
0.417352706193924
0.40556070208549494
0.383290410041809
0.3960880935192108
0.4713732302188873
0.40682199597358704
0.43241086602211
0.34284335374832153
0.4062760770320892
0.3666781485080719
0.4063769578933716
0.38228562474250793
0.3974091708660126
0.4579173624515533
0.4411709308624268
0.452688068151474
0.5011153817176819
0.4641741216182709
0.35511982440948486
0.5100615024566649
0.35098835825920105
0.3969011604785919
0.42023411393165594
0.4346077740192413
0.40125590562820435
0.48132070899009693
0.3744907677173615
0.3712595105171204
0.367675095796585
0.39496877789497375
0.447007268667221
0.39557889103889465
0.4445208609104157
0.4354425966739655
0.4929645359516144
0.4391759932041168
0.4364268779754639
0.3618433177471161
0.36042720079422
0.3688172399997711
0.37617561221122736
0.4227762520313263
0.4491865336894989
0.327497661113739
0.431725949048996
0.4170328378677368
0.4115044176578522
0.379886269569397
0.3885347247123718
0.48707646131515503
0.4359089732170105
0.3406592905521393
0.3616371154785156
0.4417029321193695
0.3808347284793854
0.3731518685817719
0.4889566898345947
0.3848130404949188
0.446508139371872
0.4504424333572388
0.4158160388469696
0.38256421685218805
0.4912702143192291
0.3487974405288696
0.3988195657730103
0.3843729197978973
0.4273782074451447
0.3565804064273834
0.4405081570148468
0.44078198075294495
0.2879108488559723
0.4178331196308136
0.4145546555519104
0.46425020694732666
0.44603452086448664
0.43128553032875055
0.4418381154537201
0.4164499938488007
0.4447360634803772
0.36094731092453
0.3832249939441681
0.44261297583580017
0.3737905919551849
0.430277556180954
0.43995317816734314
0.33596503734588623
0.39528545737266546
0.39715042710304255
0.4172439873218536
0.37386050820350647
0.3907317519187927
0.5231004357337952
0.39714083075523376
0.3597719967365265
0.3971761167049408
0.3741693794727325
0.3828664422035217
0.3400368392467499
0.41157877445220953
0.40404513478279114
0.4520343244075775
0.3554042875766754
0.43298494815826416
0.4094913303852081
0.3833324313163757
0.4581850469112396
0.3662661015987396
0.4225036799907684
0.3693546354770661
0.38094821572303766
0.39802524447441107
0.3743186891078949
0.3995077013969421
0.3978581726551056
0.35836151242256165
0.4418818950653076
0.42120304703712463
0.5093531608581543
0.3821476697921753
0.44741338491439814
0.39538317918777466
0.4262818992137909
0.4139597117900848
0.4248417317867279
0.3727114498615265
0.3954606354236602
0.376261830329895
0.45094728469848633
0.3362243473529816
0.3847453892230988
0.38878455758094793
0.38235744833946234
0.36041036248207087
0.35687318444252014
0.3839206397533417
0.44691267609596247
0.4262562096118927
0.3660005033016205
0.3843732178211212
0.41600349545478815
0.3630759119987488
0.39264437556266785
0.3863959014415741
0.3461439311504364
0.3598489463329315
0.48893740773200983
0.411104828119278
0.36678376793861384
0.35529065132141113
0.38188585638999933
0.397931843996048
0.33882275223731995
0.3837182819843292
0.4707370698451996
0.378237098455429
0.34672266244888306
0.3754909634590149
0.3820224702358246
0.37224122881889343
0.36992079019546503
0.3840296566486359
0.3944683074951172
0.3636336624622345
0.4544406235218048
0.3927301466464996
0.3630771338939666
0.3970724642276764
0.39430472254753113
0.4282461106777191
0.34539058804512024
0.375042587518692
0.3886823058128357
0.459930032491684
0.4025907218456268
0.4530793726444244
0.42894884943962097
0.4267936646938324
0.43744879961013794
0.4683942496776581
0.469925194978714
0.44947227835655207
0.36900550127029413
0.3778386414051056
0.41884472966194153
0.43154993653297424
0.38413378596305847
0.46784636378288263
0.3919944763183594
0.3963933289051056
0.40737733244895935
0.42630317807197565
0.3748129308223724
0.4854708313941956
0.38573372364044184
0.443919450044632
0.4045150578022003
0.46255794167518616
0.3506312668323517
0.3858449161052704
0.4210775792598724
0.3870984315872192
0.40401187539100647
0.3589349687099457
0.37980079650878906
0.37904536724090576
0.3871323168277741
0.3629928827285767
0.32545706629753113
0.3782860934734344
0.4081369936466217
0.4399550259113312
0.3985677659511566
0.3742105066776276
0.46230983734130854
0.37425568699836725
0.4309593737125397
0.3892519772052765
0.3885730803012848
0.4012674391269684
0.39843031764030457
0.4132151007652282
0.36031976342201233
0.4037427306175232
0.3804060518741608
0.4052125215530396
0.3927043974399567
0.43011435866355896
0.4545994102954865
0.400773286819458
0.3980943262577057
0.38613274693489075
0.3759273886680603
0.4251496195793152
0.430192768573761
0.34560593962669367
0.402650773525238
0.45662322640419006
0.4411258101463318
0.4227693378925323
0.4105904996395111
0.35471051931381226
0.42451742291450495
0.40993380546569824
0.36805960536003113
0.4044008255004882
0.4491907060146332
0.4102133214473724
0.39416089653968805
0.38353183865547186
0.40125408768653864
0.3845389783382416
0.39894175529479986
0.3626680076122284
0.39971110224723816
0.393976241350174
0.3980169892311096
0.3758209943771362
0.3688960671424866
0.4507192075252533
0.3957946002483368
0.43914172053337097
0.3968639075756073
0.376814991235733
0.3976244628429413
0.3954668939113617
0.4371319711208344
0.40089800953865046
0.38828226923942566
0.4095586836338043
0.35810747742652893
0.36438348889350886
0.3616645038127899
0.38816210627555847
0.44590285420417786
0.3986469507217407
0.4074000120162964
0.3651527464389801
0.3942055404186249
0.3838530480861664
0.39187526702880854
0.4375161230564117
0.4647942781448364
0.41540178656578064
0.3957618772983551
0.48204645514488226
0.3615421354770661
0.44983625411987294
0.36296689510345453
0.416323721408844
0.4003447592258453
0.3821799457073212
0.3858460783958435
0.3999092280864716
0.3911708295345306
0.42766779661178583
0.33668145537376404
0.38300755620002747
0.38380590081214894
0.3704351484775543
0.44206735491752625
0.4066936075687408
0.3667697012424469
0.42686036229133606
0.3887026607990265
0.3582321107387543
0.45578068494796753
0.4585715532302856
0.4480496346950531
0.3904236853122711
0.4065860807895661
0.4114311039447784
0.39976635575294495
0.44323894381523127
0.4306679368019104
0.3802984654903412
0.3959012925624848
0.44388681650161743
0.3738712370395661
0.4481558501720429
0.37815567851066584
0.48348632454872126
0.36599060893058777
0.3866704106330872
0.3900525271892548
0.4538827240467072
0.3599880337715149
0.42530217766761774
0.448305457830429
0.4200749397277832
0.3772876560688018
0.46282717585563654
0.426408976316452
0.43493223190307617
0.3716728985309601
0.3858701884746552
0.41210320591926575
0.3541519343852997
0.3969289362430573
0.4716508090496063
0.33043161034584045
0.3478004038333893
0.48082187771797186
0.4435133039951325
0.42536342144012446
0.3280823528766632
0.39683666825294495
0.382988840341568
0.41921836137771606
0.40339526534080505
0.37231555581092834
0.3786042332649231
0.412767231464386
0.34393748641014094
0.4204360544681549
0.41036924719810486
0.4526903927326202
0.3974025845527649
0.3685206174850464
0.35970088839530945
0.39252433180809027
0.4214073717594146
0.3792694509029389
0.3441915214061737
0.38119375705718994
0.35387960076332087
0.39673653244972235
0.3798461854457855
0.3820076584815979
0.47097972035408014
0.3788267076015472
0.35716795921325684
0.46932229399681086
0.40794309973716736
0.37613871693611145
0.4078655540943146
0.42242017388343805
0.421398788690567
0.42293697595596313
0.4159361720085144
0.4120172560214996
0.3685210049152374
0.3750253021717072
0.39229443669319153
0.3970501124858856
0.42957463860511774
0.3980363607406616
0.44751116633415217
0.3938831984996796
0.3815014660358429
0.3547734320163727
0.4073874950408936
0.44628199934959406
0.3949539959430695
0.34949278831481934
0.4317111670970917
0.3377273678779602
0.3676088452339172
0.357702761888504
0.417883425951004
0.4758834838867188
0.46992596983909607
0.3642954826354981
0.37562859058380127
0.3846261501312256
0.4574449062347412
0.4476165473461151
0.3825237452983856
0.42744827270507807
0.3848743736743927
0.4516912996768952
0.36046102643013
0.3926031887531281
0.37833532691001887
0.42680707573890686
0.4177758395671845
0.3911780118942261
0.4408318400382996
0.4119665324687958
0.4120834171772003
0.3396904170513153
0.37143430113792414
0.43678152561187744
0.3769269585609436
0.37790822982788086
0.43549883365631104
0.4595644772052765
0.39608374238014227
0.34081414341926575
0.3898650109767914
0.45591381192207336
0.4272634088993073
0.4145760238170624
0.3823933005332946
0.38181272149086
0.43679714202880854
0.4032121598720551
0.4610820710659027
0.3542061746120453
0.3391340374946594
0.4133581817150116
0.35940298438072205
0.40109482407569885
0.38601458072662354
0.37334281206130976
0.39639022946357727
0.3918185532093048
0.43291494250297546
0.3762196600437164
0.37021365761756897
0.4185672998428345
0.44686618447303766
0.3512168824672699
0.3936330676078796
0.3941805064678192
0.42059794068336487
0.3952842056751251
0.35267248749732966
0.3847087025642395
0.4004488289356232
0.3580569922924042
0.37161853909492487
0.35471582412719727
0.3657707870006561
0.3569813072681427
0.3908561170101166
0.45735320448875433
0.3961631655693054
0.4196554124355316
0.36861968040466314
0.47933346033096313
0.40302345156669617
0.40762975811958313
0.399385005235672
0.4432956278324127
0.3782112896442413
0.44340863823890686
0.3879414200782776
0.421062707901001
0.4034897387027741
0.46463111042976374
0.403630256652832
0.4476800858974457
0.4029248058795929
0.38213685154914856
0.38223865628242487
0.4056522250175476
0.39208543300628657
0.41340032219886774
0.39112183451652527
0.4027555286884308
0.45959585905075073
0.401346892118454
0.440594345331192
0.34462615847587585
0.43118262290954584
0.38527277112007136
0.4200929999351501
0.36164832115173334
0.4486846029758453
0.3669700622558594
0.4715646207332611
0.3451003134250641
0.4341633021831512
0.37789013981819153
0.3674151599407196
0.36270025372505194
0.44878408312797546
0.37253656983375544
0.4325292408466339
0.3586242496967316
0.4364418089389801
0.36601784825325007
0.4168864786624909
0.3955062329769135
0.38109979033470154
0.3816891014575958
0.4113179445266724
0.4226887226104736
0.4093278646469116
0.4436916410923004
0.3677960336208344
0.43912550806999207
0.3863182961940765
0.38468202948570246
0.39053532481193537
0.4031232893466949
0.39773830771446234
0.39102885127067566
0.38938438892364496
0.38201704621315
0.4050727784633637
0.3862208724021912
0.360452264547348
0.3679711520671845
0.48368170857429504
0.43561652302742
0.37056246399879456
0.3916606903076172
0.40549772977828974
0.40220776200294495
0.43953412771224976
0.3614506423473358
0.3842627704143524
0.3973261713981629
0.34145447611808777
0.3929831981658936
0.45853632688522333
0.45678660273551935
0.36432746052742
0.3906727731227874
0.34725385904312134
0.3832612931728363
0.3835391104221344
0.37964496016502386
0.3763156235218048
0.4476098716259002
0.4108099639415741
0.3616262674331665
0.3977557718753815
0.47261929512023926
0.42176440358161926
0.41178455948829645
0.3514489233493805
0.3663425743579865
0.373922735452652
0.4132066071033478
0.4440431594848633
0.42397588491439814
0.40514582395553594
0.40551611781120306
0.4110484421253204
0.37665039300918574
0.4556100070476532
0.4093151390552521
0.38870161771774286
0.40058091282844543
0.4051814079284668
0.396674245595932
0.44255068898200983
0.4574789702892304
0.3650608956813812
0.4534243643283844
0.43280559778213507
0.3818536996841431
0.4853707253932953
0.36817336082458496
0.43656364083290095
0.4491633474826813
0.41263309121131897
0.41489648818969727
0.3837333917617798
0.45584183931350714
0.3731604516506195
0.43071526288986206
0.3802856206893921
0.4627397060394287
0.38693800568580633
0.4545958936214447
0.38725090026855463
0.41471046209335327
0.3970925509929657
0.37348160147666926
0.3871656656265258
0.41373938322067266
0.34554049372673035
0.4336656630039215
0.4482006430625916
0.4002366364002228
0.3236265480518341
0.35967370867729187
0.3754266202449799
0.38131067156791687
0.4711739420890808
0.360316812992096
0.3973747491836548
0.4582778513431549
0.40415492653846735
0.3662119805812836
0.3637424111366272
0.3842937648296356
0.41251644492149353
0.44547757506370544
0.4578690230846405
0.4316780567169189
0.41109740734100336
0.43747410178184504
0.40729078650474554
0.45170694589614874
0.4239782392978668
0.40295264124870306
0.434050589799881
0.4109393656253815
0.4084693491458893
0.40927997231483454
0.409819096326828
0.39795163273811346
0.43593218922615046
0.41667276620864874
0.37256315350532526
0.42398646473884577
0.4692527949810028
0.3885101974010468
0.4333851039409637
0.46037518978118896
0.44744518399238586
0.4009138643741608
0.4037445783615112
0.32980456948280334
0.5016443133354187
0.4272858798503876
0.39053449034690857
0.4986400306224823
0.3378809690475464
0.4201368689537048
0.3563649654388428
0.4409272372722626
0.4290615916252136
0.3614218533039093
0.4448349177837372
0.37897130846977234
0.3907479345798493
0.3624459505081177
0.33769747614860535
0.4032117426395416
0.384502649307251
0.3891970813274384
0.40108588337898254
0.3806132972240448
0.4318788349628448
0.3714500367641449
0.39791104197502136
0.3733840882778168
0.3912089765071869
0.4080616235733032
0.4670977294445038
0.4226063489913941
0.3991110622882843
0.41248056292533875
0.49648186564445496
0.45254150032997126
0.38453638553619374
0.3404635488986969
0.4508102834224701
0.3585779368877411
0.40612152218818653
0.3998751044273376
0.40035721659660334
0.3939923942089081
0.3499302566051483
0.4046213626861572
0.3656032979488373
0.44411861896514887
0.41750022768974304
0.4100170731544495
0.3542267084121704
0.3790509104728698
0.3555307686328888
0.3617062866687775
0.4037505388259888
0.4298986196517944
0.3678900003433228
0.3789674937725067
0.4085422456264496
0.4136709868907928
0.3708646595478058
0.408373773097992
0.4404026865959168
0.5036962032318115
0.43346670269966125
0.49721547961235046
0.4296950101852417
0.4249154925346375
0.469487339258194
0.3916131556034088
0.4130499660968781
0.3398854434490204
0.38624450564384466
0.3622397482395172
0.4109381139278412
0.41150662302970886
0.38662227988243103
0.4166482985019684
0.34843578934669495
0.4619835615158081
0.40320345759391774
0.3689696788787842
0.4123947322368622
0.3872118294239044
0.3700420558452606
0.3442141115665436
0.39431941509246826
0.44531697034835815
0.3900833427906036
0.3859594166278839
0.3943639397621154
0.41626200079917913
0.3487588465213776
0.3774791955947876
0.3817879259586334
0.4473841488361359
0.34572800993919367
0.3794185221195221
0.4280500113964081
0.3786078989505768
0.41778793931007385
0.38495275378227234
0.4342816770076752
0.4827879071235657
0.384007453918457
0.36209610104560846
0.4517264664173126
0.4261071979999542
0.4038631021976471
0.3957565724849701
0.4239696562290192
0.37355339527130127
0.37119969725608826
0.3898359537124634
0.35919782519340515
0.36889609694480896
0.4538005590438842
0.37110981345176697
0.42146566510200495
0.4104184508323669
0.4015252888202667
0.3975805044174194
0.413698136806488
0.4567668735980988
0.3756656050682068
0.41264832019805914
0.38083615899086
0.44371148943901056
0.48024722933769226
0.4239140152931213
0.35131874680519104
0.3970501124858856
0.3992473185062408
0.3945920765399933
0.3821093440055847
0.42343056201934814
0.4317285716533661
0.3537035286426544
0.3794301450252533
0.39951339364051813
0.38467612862586975
0.3945738077163696
0.4335615634918213
0.3930625021457672
0.367475152015686
0.383937805891037
0.3862962424755096
0.409387081861496
0.3566245138645172
0.36706408858299255
0.41585057973861694
0.39993026852607727
0.3743847906589508
0.3378216326236725
0.3624977767467498
0.4214477241039276
0.4237014055252075
0.43091741204261774
0.3540458381175995
0.443663477897644
0.39496931433677673
0.4012579023838043
0.38193997740745533
0.4037797152996063
0.4543690979480744
0.446281224489212
0.4057920575141906
0.3777997493743896
0.3281398117542267
0.4605370461940765
0.38301661610603327
0.4090957939624786
0.3858781456947327
0.4493469893932343
0.3873495161533356
0.3809398114681244
0.44399917125701904
0.37367600202560414
0.3534896969795227
0.45090708136558527
0.3931081891059875
0.439291626214981
0.3796845078468322
0.38303461670875544
0.4700239896774292
0.4241100549697876
0.4070241153240204
0.38961061835289
0.387299358844757
0.3936061263084412
0.42764705419540405
0.41233646869659424
0.3992189764976501
0.3714244067668914
0.4190390408039093
0.35232174396514887
0.3781565129756928
0.3722875714302063
0.4323885440826416
0.44066557288169855
0.36879846453666687
0.40296509861946106
0.38564559817314154
0.4576561450958252
0.4055962860584259
0.3920684158802032
0.41303429007530207
0.3971032500267029
0.3517681062221527
0.3721184432506561
0.4531770050525665
0.3418205678462982
0.3864287436008453
0.40074893832206726
0.390412300825119
0.3765448331832886
0.4147909879684448
0.36863571405410767
0.395393580198288
0.36134624481201166
0.40868255496025085
0.37097916007041926
0.4057295322418213
0.4439862072467804
0.3975927233695984
0.44513991475105286
0.4227178990840912
0.36502271890640253
0.4110283851623535
0.36069080233573914
0.4671288430690765
0.4156197011470794
0.38463208079338074
0.38781690597534174
0.46357139945030207
0.449716717004776
0.4045863151550293
0.38253453373909
0.3882591724395752
0.4140260219573975
0.3599791526794433
0.479895293712616
0.3915852010250092
0.3924532234668732
0.4439390599727631
0.385145515203476
0.3985706269741058
0.3583433926105499
0.3797625601291656
0.4816400110721588
0.4198956489562988
0.34342485666275024
0.3854691684246063
0.4285268485546112
0.37865355610847473
0.39450064301490784
0.40349593758583063
0.391388863325119
0.3537080585956573
0.37603226304054255
0.4142405092716217
0.43337723612785334
0.4457381069660186
0.3890932500362396
0.4624073803424835
0.4805983901023865
0.34203439950943
0.3809450566768646
0.38226351141929626
0.37454244494438166
0.4647327363491058
0.46494606137275696
0.4085356593132019
0.3900435864925385
0.3580394387245178
0.3761994242668152
0.3562077581882477
0.4135644733905792
0.41100841760635376
0.3919159770011902
0.4296624958515167
0.34209269285202026
0.47452494502067566
0.4111122488975525
0.3912124335765839
0.41787520051002497
0.3407457768917084
0.3605806231498718
0.4036981165409088
0.37384933233261114
0.3830042481422424
0.39994361996650696
0.4342343211174011
0.3665888905525208
0.3688963651657104
0.3794588148593903
0.3965820074081421
0.425749659538269
0.37131240963935846
0.41760587692260737
0.4385636746883392
0.3629394471645355
0.307951956987381
0.42756840586662287
0.3806590437889099
0.4562370777130127
0.41335955262184143
0.3520163595676422
0.34351417422294617
0.47335031628608704
0.40796610713005066
0.411409467458725
0.3714569807052612
0.37401327490806574
0.3513781726360321
0.3915099203586578
0.3842096030712128
0.3898614645004272
0.43757098913192743
0.4356103837490082
0.3795138895511627
0.40839239954948425
0.40809166431427
0.4503740966320038
0.39440008997917175
0.3874087631702423
0.38353776931762695
0.45501875877380366
0.4272639751434326
0.37967810034751887
0.37075290083885193
0.37884378433227534
0.4254133105278015
0.4304763376712799
0.4364471435546875
0.34606996178627014
0.44850811362266546
0.41678333282470703
0.34141796827316284
0.4292669892311096
0.37824246287345886
0.3903975188732147
0.4194209277629852
0.43353888392448425
0.38082709908485407
0.3638089001178741
0.46413719654083246
0.37551376223564154
0.3988812267780304
0.4205380082130432
0.45742294192314154
0.4494292736053466
0.4856315553188324
0.5640063881874084
0.4249885380268097
0.4920335710048676
0.46317142248153687
0.44849571585655207
0.3707023859024048
0.45763811469078064
0.37513503432273854
0.36168912053108215
0.3853522837162018
0.365408331155777
0.4218239486217498
0.4161122739315033
0.3967508971691132
0.4207431972026825
0.407988578081131
0.4352474510669708
0.35981622338294983
0.34064146876335144
0.3835474848747253
0.42065939307212824
0.39822688698768616
0.3612343668937683
0.3692663609981537
0.37562319636344904
0.4663819968700409
0.41169595718383784
0.35737109184265137
0.3717632591724396
0.3737742006778717
0.3921090066432953
0.4571842551231384
0.3814300000667572
0.3819397985935211
0.412458062171936
0.4061944186687469
0.36550107598304743
0.35770130157470703
0.3546842932701111
0.46604201197624207
0.3686958253383637
0.41083091497421265
0.3426690697669983
0.38226518034935
0.34860458970069885
0.42184624075889593
0.3596750795841217
0.3964427709579468
0.38992244005203247
0.3648069202899933
0.427644670009613
0.3580848574638366
0.4145119488239288
0.3941234350204468
0.36283060908317566
0.39545342326164246
0.4264120161533356
0.40417531132698054
0.37009248137474066
0.32393091917037964
0.4288475215435028
0.3937548696994781
0.4152742326259613
0.3685970008373261
0.4503493309020996
0.45175662636756897
0.45473262667655934
0.34637466073036194
0.408675879240036
0.40225446224212646
0.41817066073417664
0.393080085515976
0.37883967161178583
0.35215336084365845
0.4764386117458344
0.40074846148490906
0.4121527373790741
0.4441266059875488
0.39954498410224915
0.3742906451225281
0.41319364309310913
0.44665578007698054
0.36550107598304743
0.33275118470191956
0.38713961839675903
0.370570570230484
0.37922278046607966
0.42929086089134216
0.39438220858573914
0.4680795967578888
0.3877467811107635
0.4284305274486542
0.37350302934646606
0.4488714635372162
0.4226166605949402
0.40498051047325134
0.37122115492820734
0.45790651440620417
0.33466389775276184
0.3375341594219208
0.38119804859161377
0.45877915620803833
0.37893670797348017
0.32486921548843384
0.3494016230106354
0.3264375627040863
0.4139905869960785
0.40691184997558594
0.3873767554759979
0.34769460558891296
0.38798171281814575
0.4461847841739655
0.48570072650909424
0.36613970994949346
0.4005554020404816
0.4240672290325165
0.3557422161102295
0.3454481363296509
0.4377788007259369
0.3840489089488983
0.35639312863349915
0.40115472674369806
0.42375725507736206
0.3706001937389374
0.35279953479766846
0.42390885949134827
0.41048869490623474
0.3842472732067108
0.40539470314979553
0.3991109132766724
0.3922521770000458
0.4189973175525665
0.33886855840682983
0.3929181694984436
0.39974799752235407
0.48959770798683167
0.3976792395114898
0.3743056654930114
0.368645042181015
0.38840451836586
0.4409648180007935
0.42478978633880615
0.4111839830875397
0.38735845685005194
0.3494671881198883
0.4574171602725983
0.4592399001121521
0.4071888625621796
0.3848874568939209
0.3662912845611572
0.34271663427352905
0.4335176050662994
0.38229048252105713
0.35289791226387024
0.4178739190101624
0.37931773066520685
0.3863524496555328
0.4221092462539673
0.4197891056537628
0.4410879015922546
0.4380135834217072
0.3959068655967712
0.46626546978950495
0.4221346378326416
0.39382752776145935
0.4490040242671967
0.43570229411125183
0.41647350788116455
0.42298769950866694
0.35714849829673767
0.3789071142673493
0.47141310572624207
0.4421398341655731
0.36341717839241033
0.43007227778434753
0.44944596290588373
0.3903471529483795
0.3886010348796845
0.3449135422706604
0.4560245573520661
0.3864727318286896
0.43298161029815674
0.3931313455104828
0.3323967158794403
0.43924069404602045
0.3801097273826599
0.41129156947135925
0.48252415657043457
0.40791758894920344
0.32749807834625244
0.41119045019149775
0.3982832729816437
0.4018763601779938
0.370299756526947
0.4327973127365112
0.4541617035865784
0.39478936791419983
0.3441944420337677
0.38585248589515686
0.47856563329696655
0.465224415063858
0.38332042098045355
0.3678828775882721
0.3883803188800812
0.37761080265045166
0.373738557100296
0.4072558581829071
0.3753006756305695
0.3718207776546478
0.35730144381523127
0.40232214331626887
0.3729375898838043
0.348480224609375
0.4040487706661224
0.4404564797878265
0.37394803762435913
0.39166304469108576
0.4217613935470581
0.38039097189903254
0.4379144310951233
0.3993315994739533
0.3608541190624237
0.384206622838974
0.34006890654563904
0.3912946879863739
0.4207309186458588
0.431181401014328
0.3549699783325196
0.3867758810520172
0.4185992181301117
0.3742268979549408
0.3905629217624664
0.44800886511802673
0.392809122800827
0.36681598424911493
0.40586233139038086
0.44737553596496576
0.4489012062549591
0.39166885614395136
0.33105456829071045
0.41780066490173334
0.4355456531047821
0.35215821862220764
0.4178451895713806
0.3864142298698425
0.3862211406230927
0.41343042254447937
0.41313120722770685
0.41595444083213806
0.4354364573955536
0.4044683277606964
0.44631096720695496
0.37338748574256897
0.3630784153938293
0.42627230286598206
0.41538649797439575
0.40874677896499634
0.3848920166492462
0.4237612187862396
0.3628517091274261
0.4340966641902924
0.3900890648365021
0.3936086297035217
0.37803053855896
0.3887164294719696
0.4336451590061188
0.4089008867740631
0.3715042769908905
0.46537211537361145
0.42638027667999273
0.373033344745636
0.37709987163543696
0.4246522486209869
0.4025425910949707
0.3589102327823639
0.40205076336860657
0.3459249436855316
0.405657023191452
0.4740815758705139
0.47217613458633423
0.3726826608181
0.44069269299507136
0.41065284609794617
0.39351448416709894
0.42566835880279535
0.37560871243476873
0.3782788217067719
0.38968655467033386
0.4118311107158661
0.43666473031044006
0.40285179018974304
0.42175707221031195
0.46730586886405934
0.3849106132984161
0.36527833342552185
0.4400440156459808
0.41590556502342224
0.4366984665393829
0.359210342168808
0.3665013611316681
0.4268044531345368
0.3523608446121216
0.3978762328624725
0.356002539396286
0.4515872895717621
0.4150756299495697
0.3792186379432678
0.3784929513931274
0.39649936556816096
0.3553525507450104
0.3885565996170044
0.40834441781044006
0.3700611889362335
0.3617482781410217
0.3852585554122925
0.38892805576324463
0.4337681233882904
0.4185472428798676
0.3805877864360809
0.35284921526908875
0.445393979549408
0.4059126079082489
0.41770797967910767
0.40837022662162786
0.4006532430648804
0.36627718806266785
0.49376919865608215
0.4556256234645844
0.3734130561351776
0.37639108300209045
0.4423331618309021
0.39119145274162287
0.3878603279590607
0.45028197765350336
0.3702898621559143
0.38468664884567266
0.3407067358493805
0.37314629554748535
0.4169358015060425
0.39567697048187256
0.4401100277900696
0.40140384435653687
0.366222470998764
0.4042476713657379
0.4322285950183869
0.39807435870170593
0.4011768698692322
0.4068306982517242
0.3591339886188507
0.3542197048664093
0.3693489730358124
0.38967493176460266
0.41740700602531433
0.38525459170341486
0.39184457063674927
0.340837299823761
0.4648453593254089
0.45655316114425654
0.38523986935615534
0.370477557182312
0.40836536884307856
0.42908915877342224
0.34562626481056213
0.3519223630428314
0.38872578740119934
0.4027773439884186
0.34954801201820374
0.3821370601654053
0.371604859828949
0.3976026177406311
0.3833511769771576
0.4615087807178497
0.4655567109584808
0.33530944585800165
0.3406609892845154
0.41377416253089905
0.5137733221054077
0.3792271018028259
0.37268924713134766
0.38748744130134577
0.3946777284145355
0.4333908259868622
0.3732300698757172
0.3611795604228973
0.3631639778614044
0.3795678615570068
0.41059193015098566
0.37391898036003113
0.37485191226005554
0.3728956282138824
0.36975726485252386
0.37231209874153137
0.4600889384746552
0.4686106741428375
0.42919009923934937
0.45577624440193176
0.3663176000118256
0.34692564606666565
0.4976864159107208
0.43494829535484314
0.3717093467712402
0.3787751495838165
0.45056793093681335
0.4258376657962799
0.3843121826648712
0.4182483851909637
0.3851814270019531
0.4401080906391144
0.38339361548423767
0.34611237049102783
0.38966938853263855
0.40618094801902765
0.38151392340660095
0.3902440071105957
0.46928903460502625
0.4964313209056854
0.37727636098861694
0.5028209686279297
0.4464300572872162
0.38521668314933777
0.3702665865421295
0.37879511713981623
0.46992355585098267
0.3818919062614441
0.43016400933265686
0.40869459509849543
0.4483759701251984
0.38322344422340393
0.3783462941646576
0.3787048161029816
0.4055024385452271
0.4988120496273041
0.42984190583229054
0.3714671432971954
0.3808692991733551
0.43281325697898865
0.3489316403865814
0.3720861375331879
0.4624917209148407
0.37664821743965143
0.42919173836708074
0.48329505324363703
0.3822329342365265
0.43324676156044006
0.44854182004928583
0.3641270995140076
0.411420851945877
0.3997279107570648
0.42078438401222235
0.4102229177951813
0.38445737957954407
0.4236463308334351
0.39678969979286194
0.4800228774547577
0.38901329040527344
0.37994816899299616
0.3715799748897552
0.39193809032440186
0.3837875425815582
0.3982877433300018
0.3580949604511261
0.42989715933799744
0.39070010185241694
0.420161098241806
0.38428667187690735
0.3983557820320129
0.33741897344589233
0.35834550857543945
0.42282095551490784
0.411796510219574
0.41375684738159174
0.47158208489418024
0.3834695816040039
0.36831393837928766
0.40904033184051514
0.3947426676750183
0.3396904170513153
0.42604812979698176
0.3635633885860443
0.36308410763740534
0.3859623372554779
0.3534663021564484
0.46018597483634954
0.4281855821609497
0.3935789465904236
0.4240045249462128
0.3275911211967468
0.34037795662879944
0.43997600674629206
0.4445512592792511
0.4008291661739349
0.4361136257648468
0.3738404512405396
0.3886913061141968
0.3908407092094421
0.44187659025192255
0.47175398468971247
0.3733977973461151
0.43460068106651306
0.395287811756134
0.425504207611084
0.4850790798664093
0.44550773501396174
0.4079647660255432
0.4596246778964996
0.43301275372505194
0.43055638670921326
0.40521568059921265
0.42884296178817755
0.3646610975265503
0.35608765482902527
0.40659257769584656
0.35065194964408875
0.47987309098243713
0.36155530810356146
0.3560047447681427
0.4065855443477631
0.391560435295105
0.3525674343109131
0.4067022502422333
0.42721202969551086
0.39453551173210144
0.36167329549789434
0.31982311606407166
0.4246087372303009
0.37771195173263544
0.37693312764167786
0.42950484156608576
0.3354461193084717
0.39690530300140386
0.46501025557518005
0.3287034332752228
0.387925237417221
0.38200119137763977
0.3295801877975464
0.40250721573829645
0.40120407938957214
0.39799407124519354
0.4060709476470947
0.4518490135669708
0.4135023057460785
0.3695356845855713
0.3514208197593689
0.35196134448051447
0.3753380477428436
0.43125173449516296
0.39340585470199585
0.38288548588752747
0.3835761547088623
0.42702633142471313
0.4180695414543152
0.38100793957710266
0.4591316878795624
0.3857526481151581
0.4040316045284271
0.37394353747367853
0.4274125099182129
0.5059493780136108
0.34826824069023127
0.3533996045589447
0.37584510445594793
0.3812685310840607
0.41798743605613703
0.4414174556732178
0.3856045007705688
0.40939730405807495
0.3939394056797028
0.38907063007354736
0.34909388422966003
0.3661748468875885
0.3586786091327667
0.3900463879108429
0.37564462423324574
0.33794072270393366
0.4701556861400604
0.3848923146724701
0.4316949546337128
0.35490044951438904
0.44008612632751454
0.40434968471527094
0.3557502329349518
0.4129235148429871
0.4376358687877655
0.40867480635643005
0.34218788146972656
0.38891294598579407
0.41607984900474554
0.4677084982395172
0.337400496006012
0.47174492478370667
0.4568435549736023
0.4580897986888885
0.42337033152580256
0.3641180694103241
0.4696687459945679
0.3957748711109161
0.37802594900131226
0.39702096581459045
0.3849869668483734
0.4352971017360687
0.3923188447952271
0.3757799565792084
0.4317367374897003
0.39147618412971497
0.38658425211906433
0.3938727974891663
0.42641928791999817
0.41112557053565973
0.41519153118133534
0.3490222096443176
0.3924085795879364
0.4005368053913117
0.448161780834198
0.3983817398548126
0.38176494836807245
0.41507163643836975
0.3749300539493561
0.40136101841926575
0.4005885124206543
0.46574515104293823
0.44935789704322815
0.41114413738250727
0.3783589601516724
0.3704118430614472
0.4137031137943268
0.471177726984024
0.4129386246204376
0.3837939500808716
0.3345058560371399
0.3708350956439972
0.3501030504703522
0.37178394198417664
0.3784148395061493
0.37394428253173834
0.40542706847190857
0.4300966560840607
0.35926520824432373
0.3924151360988617
0.48569244146347046
0.34860348701477045
0.3260660469532013
0.3821114003658295
0.36770954728126526
0.3685477077960968
0.38729050755500793
0.4752644002437592
0.3933744728565216
0.34457486867904663
0.3712001144886017
0.43415966629982
0.3674950301647186
0.3840791285037994
0.46251812577247614
0.3882101476192474
0.37565055489540095
0.3765621781349182
0.381474643945694
0.41465404629707336
0.4394125640392304
0.3723852932453156
0.39387294650077814
0.4337614774703979
0.4042784869670868
0.4057367742061615
0.3651794493198394
0.4566673338413239
0.4551091492176056
0.36251929402351374
0.3628210425376892
0.35627529025077814
0.3916853070259094
0.37044999003410334
0.45559993386268616
0.38842856884002686
0.36908125877380366
0.422330766916275
0.40153613686561584
0.4031995236873626
0.4133240878582001
0.3708801567554474
0.3464801013469696
0.37520682811737055
0.43624019622802734
0.3596894443035126
0.45999434590339666
0.4019214808940888
0.3783159255981445
0.3733237087726593
0.4479619860649109
0.41647616028785706
0.4279543161392212
0.4558821618556976
0.3770102560520172
0.37848207354545593
0.3782953321933746
0.36927577853202814
0.5188781023025513
0.453540712594986
0.3322441875934601
0.3662432134151458
0.385845959186554
0.37330701947212214
0.3881885409355164
0.40515691041946406
0.40214207768440247
0.40842166543006897
0.41059830784797674
0.44705531001091
0.3723318874835968
0.4204072654247284
0.37089562416076655
0.4291660487651825
0.3840937912464142
0.3852843344211578
0.33182492852211
0.4985767900943756
0.3946398198604584
0.41660162806510925
0.41464501619338984
0.4272285997867584
0.36264100670814514
0.3881032764911652
0.4654008448123932
0.3661838471889496
0.39615485072135925
0.4280230402946472
0.3649311363697052
0.355546236038208
0.3998037576675415
0.39360976219177246
0.44973650574684143
0.3541091382503509
0.4185780882835388
0.41057088971138
0.3962390720844269
0.3527972400188446
0.4210744500160217
0.36740240454673767
0.47611603140830994
0.3817346096038818
0.4374466240406036
0.4424550235271454
0.44004577398300165
0.3975103199481964
0.39734894037246704
0.47635641694068903
0.4529614746570587
0.37935423851013184
0.38641881942749023
0.4131686687469482
0.4601371586322784
0.4312407970428466
0.3339141309261322
0.36736229062080383
0.4395540654659271
0.4366808235645294
0.3529830873012543
0.3697247803211212
0.38414281606674194
0.4069350063800812
0.389413982629776
0.4379872381687164
0.3485305905342102
0.4260198175907135
0.40650901198387146
0.4482241868972778
0.48143139481544495
0.4577167332172394
0.46824637055397034
0.3777196705341339
0.39439693093299866
0.4349136054515839
0.3402853012084961
0.3487958014011383
0.3917800188064575
0.4648553431034088
0.447918564081192
0.3905631005764008
0.4340888559818268
0.45137786865234375
0.4386623799800873
0.40333220362663275
0.4451375305652618
0.3871115148067474
0.3827648460865021
0.4529670774936676
0.4016239941120148
0.4748514890670776
0.35381385684013367
0.37740635871887207
0.3828182220458984
0.45665037631988525
0.39462384581565857
0.46761772036552424
0.4280509352684021
0.42983505129814154
0.4401179254055023
0.37692552804946894
0.41688159108161926
0.34554246068000793
0.36836045980453486
0.44271174073219294
0.4018590152263641
0.3846792876720429
0.4389016330242157
0.4859569668769837
0.4156074225902557
0.3909959495067597
0.36813834309577936
0.4174248874187469
0.458379179239273
0.37712302803993225
0.37987479567527765
0.38148301839828486
0.4374029338359833
0.38705542683601374
0.3710812628269196
0.40731018781661993
0.3917123377323151
0.3461320996284485
0.41982278227806086
0.3819715678691864
0.4832140505313873
0.355417400598526
0.4396564960479736
0.42854970693588257
0.41366103291511536
0.4419577419757843
0.40984961390495295
0.3996816575527191
0.4186079800128937
0.3838782608509064
0.3968842625617981
0.38144317269325256
0.36313384771347046
0.42145326733589167
0.4217709898948669
0.37461015582084656
0.4481489956378937
0.35631230473518366
0.41573771834373474
0.3705757558345794
0.39970424771308893
0.36472061276435846
0.44135582447052
0.4422522485256195
0.39597621560096735
0.43721166253089905
0.3714132606983185
0.4260215163230896
0.3420964181423187
0.37003341317176813
0.3962582051753998
0.3894039690494537
0.3516598641872406
0.42265346646308893
0.4152784645557404
0.40886619687080383
0.3717565536499024
0.4423369467258453
0.45377960801124567
0.37328118085861206
0.3833995759487152
0.4027291238307953
0.38494500517845154
0.4101280868053436
0.4249687194824218
0.34542056918144226
0.365566611289978
0.40117520093917847
0.426283210515976
0.40246835350990295
0.38943976163864136
0.48829215764999384
0.36071112751960754
0.40816712379455566
0.3752307593822479
0.36795839667320246
0.45181003212928766
0.4031094610691071
0.43933355808258057
0.4111028015613556
0.3571945130825043
0.36879718303680414
0.4584639072418213
0.4052242338657379
0.3753188252449036
0.4050369560718536
0.34682974219322205
0.39808890223503113
0.425975888967514
0.4061839282512665
0.36972659826278687
0.41751858592033386
0.4467026293277741
0.4093412458896637
0.33949360251426697
0.40180590748786926
0.35093638300895685
0.4528326094150543
0.3832426071166992
0.4781253039836884
0.4010980725288391
0.4021324515342712
0.4160042107105255
0.388323038816452
0.41324013471603394
0.35036179423332214
0.3433821201324463
0.40319299697875977
0.4476064443588257
0.41934138536453247
0.3882484138011932
0.39627039432525635
0.4363994300365448
0.4033336639404297
0.3416356742382049
0.4356078803539276
0.42825198173522955
0.37440821528434753
0.4416489899158478
0.37086495757102966
0.3985207378864288
0.4332244098186493
0.3609011173248291
0.49350771307945246
0.4638248980045319
0.4661221504211426
0.3496929109096527
0.44940245151519775
0.44254788756370544
0.3851813673973083
0.3803259432315826
0.3563125729560852
0.4226714670658112
0.3802057206630706
0.4593871533870697
0.38634315133094793
0.4255567193031311
0.3880635201931
0.3949111998081207
0.4164386391639709
0.3689865469932556
0.40039905905723566
0.4440529644489288
0.40948340296745295
0.36224696040153503
0.42629164457321167
0.40007683634758
0.4884048104286194
0.3941234052181244
0.37895515561103826
0.4014841616153717
0.3719606399536133
0.39578017592430115
0.35509452223777765
0.40040725469589233
0.45570370554924006
0.38037732243537903
0.4524970948696136
0.3946332037448883
0.37863096594810486
0.3641232550144196
0.3436242341995239
0.37970793247222895
0.4385750591754913
0.3861820101737976
0.41856899857521057
0.391753613948822
0.4678716957569122
0.4420150816440582
0.3825926184654236
0.4007622301578522
0.3683955371379852
0.3908187448978424
0.39908403158187866
0.3343771696090698
0.3984723091125488
0.4701784551143646
0.36137706041336054
0.39799419045448303
0.4201915562152863
0.3531301319599152
0.3852267563343048
0.481574684381485
0.35054686665534973
0.41578844189643854
0.3575924634933472
0.3418720662593841
0.4154983460903168
0.4006737172603607
0.4676918089389801
0.3793114423751831
0.3767525851726532
0.43934434652328486
0.463510662317276
0.4732652902603149
0.3627185523509979
0.35867807269096375
0.4145918190479279
0.3927708566188812
0.3769709169864655
0.45554479956626887
0.3696042597293854
0.36285662651062006
0.4177870452404022
0.42363685369491577
0.35074552893638605
0.3796640634536743
0.3676321506500244
0.4439566135406494
0.3652517795562744
0.41415467858314514
0.38592398166656494
0.34581032395362854
0.389011949300766
0.35381880402565
0.3919253647327423
0.35111358761787415
0.39266484975814814
0.5040645599365233
0.368780255317688
0.4419359564781189
0.40276739001274103
0.4500256478786469
0.3382650315761566
0.43872180581092834
0.3345998227596283
0.4635908901691437
0.43511244654655457
0.4326035678386688
0.4181837141513824
0.42332574725151056
0.4017432630062103
0.37725684046745295
0.3793173730373383
0.40753892064094543
0.3629868030548096
0.3940394520759583
0.3825724720954895
0.4176411926746368
0.43938109278678894
0.3958727419376373
0.4451251924037933
0.47145381569862366
0.3996462523937225
0.3491575419902801
0.37799119949340815
0.3965560495853424
0.3647017180919647
0.41734737157821655
0.4150330126285553
0.4022623300552368
0.34603092074394226
0.4518041610717773
0.368515819311142
0.37420240044593805
0.4460383355617523
0.4554397165775299
0.387803703546524
0.42520472407341
0.3559161126613617
0.3918057382106781
0.47582510113716125
0.409182071685791
0.4447079598903656
0.3959324657917023
0.36625680327415466
0.45145255327224726
0.37819164991378784
0.4310700595378876
0.4510027468204498
0.4972797930240631
0.39013782143592834
0.42090943455696106
0.46649721264839167
0.3995293080806732
0.4012643992900848
0.44694641232490534
0.35829421877861023
0.33576834201812744
0.3701079189777374
0.3327768743038177
0.382350891828537
0.3867122530937194
0.4118881523609161
0.38790485262870794
0.4247409403324127
0.3944640457630157
0.41405847668647766
0.39940282702445984
0.3103049695491791
0.4013887345790863
0.40061202645301813
0.38256773352622986
0.39102503657341
0.3604046702384949
0.4231784641742706
0.40158340334892273
0.3846233189105988
0.39752426743507385
0.4214092195034027
0.3872900307178497
0.3968935608863831
0.3812068402767181
0.3891536891460418
0.5148100256919861
0.38954439759254456
0.39051610231399536
0.3917869925498962
0.4057988822460175
0.3964367210865021
0.46077391505241394
0.4129798114299774
0.3749603033065796
0.3880064785480499
0.3685806095600128
0.4687420129776001
0.39099094271659846
0.38403072953224177
0.4249393939971924
0.34067800641059875
0.39393308758735657
0.3893386125564575
0.3547531068325043
0.3830118477344513
0.45760819315910334
0.40491268038749695
0.3888784348964691
0.42153438925743103
0.4271962344646454
0.3617687523365021
0.38400396704673767
0.3956254422664642
0.4398019313812256
0.3483141362667084
0.35934367775917053
0.37792414426803594
0.37315428256988525
0.3792255222797394
0.46474090218544006
0.40357729792594904
0.3940062820911408
0.33301612734794617
0.41009989380836487
0.39197018742561346
0.4169660210609436
0.3510575592517853
0.4109315574169159
0.43349865078926086
0.4935509264469146
0.40993204712867737
0.3975442349910736
0.43379175662994385
0.3506245017051697
0.42820075154304493
0.3741053342819214
0.4104923903942108
0.3986339271068573
0.39284405112266546
0.39440193772315973
0.3562321960926056
0.350636750459671
0.4223009645938873
0.4279813468456268
0.4361242353916168
0.4706932604312897
0.43841373920440674
0.44986650347709656
0.444370836019516
0.3818089962005615
0.41323521733284
0.4911547601222992
0.3711104393005371
0.3780733942985535
0.38051679730415344
0.4216066598892212
0.38034123182296753
0.41855794191360474
0.47404202818870544
0.4641453325748444
0.42248010635375977
0.46499848365783686
0.354543000459671
0.34588852524757385
0.38706219196319586
0.3744867146015167
0.3973670601844788
0.34331902861595154
0.38414326310157776
0.4443535208702088
0.39170148968696594
0.380783885717392
0.4310749471187592
0.3883215188980103
0.35703206062316895
0.48652052879333496
0.4245522320270538
0.37658455967903137
0.3916382789611816
0.37040811777114874
0.3564160466194153
0.4713409245014191
0.3397416472434997
0.43235498666763306
0.4093994200229645
0.40999418497085566
0.40426161885261536
0.4135889410972595
0.3949442803859711
0.4726750552654266
0.4003058075904846
0.39430972933769226
0.41612750291824335
0.36990687251091
0.413977175951004
0.4791565537452698
0.34633973240852356
0.3750672340393066
0.4440247714519501
0.5147420167922974
0.4510323107242584
0.4208211600780487
0.446464329957962
0.4440290331840515
0.39808082580566406
0.4063866436481476
0.45846760272979736
0.4008045196533203
0.3660599887371063
0.408881276845932
0.4133843779563904
0.5005503296852112
0.4410192668437958
0.3862806260585785
0.40278512239456177
0.3843131065368652
0.41453781723976135
0.3778505027294159
0.3831386268138885
0.42519456148147583
0.3405139744281769
0.4948990046977997
0.3660430908203125
0.4188971817493439
0.48937684297561646
0.40867897868156433
0.4032320380210877
0.4517971575260162
0.3640541732311249
0.4529397785663605
0.4395607709884644
0.43490323424339294
0.421863317489624
0.4103757441043854
0.47754439711570734
0.3472202718257904
0.3429010808467865
0.38149616122245783
0.41374918818473816
0.4434429109096527
0.3925241231918335
0.4023018777370453
0.3839930295944214
0.38124963641166687
0.4630854427814484
0.42564222216606146
0.44503301382064814
0.37295404076576233
0.43894132971763605
0.41976532340049744
0.43626987934112554
0.3861884474754333
0.3699582815170288
0.40061232447624207
0.4114925563335418
0.37699043750762934
0.3996443152427673
0.37586846947669983
0.42966297268867487
0.4319636523723602
0.3247789740562439
0.4449211955070496
0.4602562487125397
0.37839421629905695
0.36458316445350647
0.37717124819755554
0.4557341039180756
0.34174698591232294
0.3961803615093231
0.41423177719116205
0.39465668797492975
0.372457891702652
0.33434429764747614
0.3168475925922394
0.39800491929054255
0.34050971269607544
0.3951321542263031
0.3627585172653198
0.430978387594223
0.3874822556972504
0.3979052901268005
0.4269256293773651
0.34308609366416926
0.3629797399044037
0.4011482298374176
0.48203742504119873
0.37075623869895935
0.4255768954753876
0.42807179689407354
0.3900280296802521
0.42275431752204895
0.38941326737403864
0.3709966838359833
0.4256068766117096
0.3899079561233521
0.3819188177585602
0.468569129705429
0.3666284680366516
0.3859197199344635
0.43732532858848566
0.39488640427589417
0.39340177178382874
0.3921879827976226
0.38733020424842834
0.46705988049507136
0.3549582362174988
0.3793820440769196
0.42982104420661926
0.438032180070877
0.3709978461265564
0.3655362129211426
0.38469603657722473
0.40842580795288086
0.3941902816295624
0.3988422453403473
0.3980403244495392
0.42089042067527765
0.3468315899372101
0.3698705434799194
0.36021256446838373
0.351315975189209
0.4022215604782104
0.38611772656440735
0.34746900200843805
0.3500963747501373
0.40358603000640875
0.36553928256034846
0.400486558675766
0.43837606906890875
0.4049739539623261
0.3765976130962372
0.3868514001369476
0.39411985874176025
0.3769048154354096
0.4631890952587128
0.3830048441886902
0.4188269972801208
0.39820733666419983
0.3402228057384491
0.37633851170539856
0.40094342827796936
0.40046849846839905
0.3831364214420319
0.400419682264328
0.3844364583492279
0.38904523849487294
0.4108819663524628
0.36962929368019104
0.415051132440567
0.385256826877594
0.390375018119812
0.3666153252124786
0.40005889534950256
0.37993079423904413
0.39323773980140686
0.457410603761673
0.35640445351600647
0.4153904914855957
0.3973828554153442
0.4882822036743164
0.4080944955348969
0.3823610842227936
0.3286205232143402
0.3635412454605103
0.3838250935077667
0.406770646572113
0.4038440883159637
0.32034042477607727
0.3789673745632172
0.386852502822876
0.38135039806365967
0.3890681266784668
0.43727582693099976
0.3667328059673309
0.38701957464218134
0.4230570495128632
0.36256867647171026
0.38519152998924255
0.35744866728782654
0.37140509486198425
0.41712829470634466
0.36040058732032776
0.44027820229530334
0.39394441246986395
0.37459838390350336
0.39581251144409174
0.46418726444244385
0.3806375861167908
0.5134846568107605
0.4293724596500397
0.4388802349567413
0.3602397739887237
0.3605013787746429
0.39237120747566223
0.4730269610881805
0.33736249804496765
0.3712943196296692
0.42442160844802856
0.3466178774833679
0.4130901396274567
0.3901385962963104
0.35650670528411865
0.36222258210182184
0.4016229212284088
0.42151570320129395
0.3711587190628052
0.34584894776344294
0.35249143838882446
0.36429208517074574
0.3668079376220703
0.451551228761673
0.38915547728538513
0.3582378923892975
0.3514507114887237
0.37054577469825745
0.41136893630027765
0.4144334495067597
0.40011024475097656
0.4703986942768097
0.4625594317913056
0.5094786286354065
0.4194277226924896
0.38516560196876526
0.4159272313117981
0.3748805224895477
0.40656599402427673
0.47231218218803406
0.3580202162265777
0.42686742544174194
0.387570321559906
0.3389725387096405
0.37252214550971985
0.3619202673435211
0.3661757409572601
0.40915220975875854
0.4055991470813751
0.405680775642395
0.3876607716083527
0.3434602916240692
0.49116501212120056
0.353319376707077
0.4605254232883453
0.362702876329422
0.3695787191390991
0.40965455770492554
0.4246585071086884
0.48640215396881104
0.3715827763080597
0.3982402980327606
0.34476611018180847
0.438239187002182
0.35543984174728394
0.3828419148921967
0.4089812934398651
0.4058417975902557
0.44043865799903864
0.4394735395908356
0.3782097101211548
0.43652489781379694
0.44577118754386896
0.41355887055397034
0.4404651820659637
0.4153587222099304
0.35985955595970154
0.42713925242424006
0.44236984848976135
0.41750621795654297
0.3894318640232086
0.4658834636211395
0.38955688476562494
0.4423694908618927
0.38288962841033936
0.42679426074028015
0.37756881117820734
0.36270949244499207
0.393227368593216
0.38604593276977534
0.38626497983932495
0.363667905330658
0.3871724009513855
0.34769803285598755
0.3687176406383514
0.41626790165901184
0.354692280292511
0.4319636523723602
0.36429199576377863
0.349649041891098
0.3764985501766205
0.38889035582542414
0.5009337663650513
0.5239222645759584
0.46382716298103327
0.4051880836486816
0.4539274871349335
0.43758764863014227
0.459563285112381
0.40427234768867487
0.36005690693855286
0.3632665276527405
0.4128421247005463
0.42191165685653687
0.3702850043773651
0.35863152146339417
0.4228748977184296
0.39927247166633606
0.38991242647171026
0.4317521154880524
0.40025097131729126
0.4331752061843872
0.38080078363418574
0.46748456358909607
0.3825107514858246
0.415326863527298
0.4540276825428009
0.43319225311279297
0.3998813927173615
0.42906793951988226
0.36372318863868713
0.4829771220684052
0.4158429801464081
0.4777742922306061
0.36264541745185846
0.3727193176746368
0.38558173179626465
0.39472955465316767
0.35252776741981506
0.4121536016464233
0.38631835579872126
0.3617515861988068
0.3605124056339264
0.43819701671600336
0.3899471461772919
0.394333690404892
0.4042855799198151
0.4340120255947113
0.35905539989471436
0.4361146986484528
0.3882541954517365
0.370981901884079
0.3814289271831512
0.35256493091583246
0.3548770546913147
0.3796346187591553
0.33018055558204645
0.3355658948421478
0.38987085223197937
0.38171663880348206
0.3735333383083344
0.4095593392848969
0.38151380419731135
0.46135643124580383
0.43110355734825134
0.36405313014984125
0.4387573301792145
0.4002597630023956
0.37200868129730225
0.3932836353778839
0.39976149797439575
0.37205162644386286
0.3449611961841583
0.4252268373966217
0.41907259821891774
0.4167026877403259
0.39080062508583063
0.3726477324962616
0.433220237493515
0.3363974988460541
0.4518320262432098
0.3750833570957184
0.44579169154167175
0.5188720226287842
0.389003187417984
0.4677636325359344
0.3839317858219146
0.3753876388072968
0.389045387506485
0.394920140504837
0.36182639002799993
0.4296652972698212
0.49490267038345337
0.41871920228004456
0.3905029594898224
0.4519933462142944
0.41258543729782093
0.42614886164665217
0.39016821980476374
0.4096713960170746
0.4444338977336884
0.381645381450653
0.45515018701553345
0.3885717689990997
0.4384962916374207
0.4545342028141022
0.4140837490558624
0.45827344059944153
0.40634799003601074
0.3568333089351654
0.35485902428627014
0.4099972546100616
0.3481825888156891
0.3962832987308502
0.3747532665729522
0.4369669556617737
0.5072706937789917
0.4700326025485992
0.3400521278381348
0.4230515658855438
0.34287044405937195
0.3805477321147919
0.33876630663871765
0.35818758606910706
0.4784029126167297
0.3877517580986023
0.328665167093277
0.3836012482643128
0.4028300344944
0.45960584282875055
0.3911510109901428
0.36174914240837097
0.4475260376930237
0.3653130531311035
0.39822772145271296
0.34261229634284973
0.3528196513652801
0.4669632613658905
0.46534639596939087
0.35351690649986267
0.3719928562641144
0.3921895921230316
0.4656634628772736
0.4110033214092255
0.4053104817867279
0.40975621342659
0.4146815836429596
0.40352943539619446
0.43011119961738586
0.4017747044563293
0.387561708688736
0.3849223256111145
0.3946727216243744
0.4168296158313751
0.42998841404914856
0.39327719807624817
0.39541497826576233
0.4225668013095856
0.38298800587654114
0.47981816530227667
0.36428186297416687
0.41622647643089294
0.3655491173267365
0.39387863874435425
0.346782386302948
0.35927006602287287
0.3912278413772583
0.4146507680416107
0.4224375486373901
0.4110913574695587
0.4566425383090973
0.4554589688777924
0.4307502508163452
0.41898915171623224
0.3644389808177948
0.4789642691612244
0.4149647057056427
0.40543177723884577
0.35993269085884094
0.4012334644794464
0.4559403955936432
0.3676737844944
0.43093204498291016
0.4928530156612396
0.3403529822826385
0.343623161315918
0.4072166979312897
0.3836265504360199
0.4498213827610016
0.38511061668396
0.39542385935783386
0.3972839415073394
0.5069782137870789
0.374365746974945
0.3669551908969879
0.432441920042038
0.37715229392051697
0.3022289574146271
0.4325850903987885
0.3824172914028168
0.4655874669551849
0.42088320851325994
0.3859367966651917
0.38505491614341736
0.36861279606819153
0.3851418495178223
0.42069482803344727
0.38789957761764526
0.434897094964981
0.4143899977207184
0.38293990492820734
0.36533775925636286
0.35964107513427734
0.3794436156749725
0.39295819401741033
0.40955835580825806
0.3690370321273804
0.369474858045578
0.42517611384391774
0.39268690347671514
0.41951060295104975
0.46429863572120667
0.44107532501220703
0.39391687512397766
0.35957321524620056
0.34802955389022827
0.4574324488639832
0.407961905002594
0.3661745488643646
0.44165733456611633
0.3790551126003265
0.391728550195694
0.3694033920764923
0.3450307548046112
0.3604720532894135
0.3761081397533417
0.3580805957317352
0.3690669238567352
0.49064695835113525
0.4780719578266144
0.3906549513339996
0.3379158973693848
0.3594242036342621
0.3868098556995392
0.35993528366088867
0.3679148256778717
0.4458453953266144
0.4519208371639252
0.38230374455451965
0.435980886220932
0.37604865431785583
0.4330494701862335
0.4717190563678741
0.436480700969696
0.4093613922595978
0.41247156262397766
0.4611907601356506
0.323338121175766
0.34592440724372864
0.3624580204486847
0.4666315019130706
0.4253859519958496
0.36334168910980225
0.4216929376125336
0.49172294139862066
0.4279223382472992
0.3740312457084656
0.4935323894023895
0.41736561059951777
0.3609059751033783
0.3634885847568512
0.38791289925575256
0.4074367582798004
0.41235509514808655
0.37890288233757013
0.3747838437557221
0.37895718216896057
0.4462303519248962
0.4371403753757477
0.4380820691585541
0.39609935879707336
0.361928105354309
0.4039094746112824
0.3701572120189666
0.49217259883880615
0.36267492175102234
0.3975413143634796
0.4043049514293671
0.4030183851718903
0.37815502285957336
0.4353850781917572
0.4055554568767548
0.3546915352344513
0.362865686416626
0.4259612560272217
0.30033695697784424
0.4999590814113617
0.37200093269348145
0.4021807610988617
0.3971540629863739
0.3997824192047119
0.43982079625129694
0.4019665420055389
0.4487140774726868
0.42661315202713007
0.3546191155910492
0.4865036606788635
0.34458687901496887
0.5072304606437683
0.3829697072505951
0.42238411307334894
0.3615071177482605
0.3769155442714691
0.4586215913295746
0.45164772868156433
0.3878840208053589
0.4048921763896942
0.4201046526432037
0.3688870370388031
0.42223110795021057
0.3912838995456696
0.36031714081764227
0.5097135305404663
0.40394368767738337
0.4151990115642548
0.390229731798172
0.4051861464977264
0.39346301555633534
0.3796789348125458
0.3373427093029022
0.40173891186714167
0.36223217844963074
0.4469068348407745
0.39299437403678894
0.37459257245063776
0.3835668563842773
0.367231011390686
0.39369550347328186
0.37459960579872126
0.377156525850296
0.3977823257446289
0.3858782649040222
0.3827550113201141
0.3921953737735748
0.40579548478126526
0.38940781354904175
0.4374105334281921
0.38070711493492126
0.38206902146339417
0.3852939307689666
0.38943102955818176
0.4509482681751251
0.4022807776927948
0.4320503771305084
0.39820775389671326
0.3908655047416687
0.4374259412288666
0.46948519349098206
0.3853079676628113
0.43023547530174255
0.3124634921550751
0.3928829729557037
0.36578801274299616
0.4262482821941376
0.4086617529392242
0.36269465088844294
0.4004138112068176
0.3628202080726624
0.361285388469696
0.38060805201530457
0.38104382157325745
0.38620945811271673
0.42492434382438654
0.5258495807647705
0.4371787011623383
0.35660240054130554
0.408064991235733
0.4415721297264099
0.3398887813091278
0.40507122874259943
0.3366423547267914
0.3886289894580841
0.39319786429405207
0.3956521451473236
0.4005747735500336
0.3979307115077973
0.35446056723594666
0.3927428722381592
0.4338180720806122
0.4208618700504303
0.3845968544483185
0.3624937832355499
0.4100013375282288
0.40635898709297186
0.37236067652702326
0.4027508795261383
0.47740694880485535
0.3915456831455231
0.3176986873149872
0.3857009410858154
0.3727269768714905
0.3889995515346527
0.3778382837772369
0.4051624238491058
0.4404126107692719
0.37964698672294617
0.4090773463249207
0.44698107242584234
0.37228211760520935
0.4115214943885803
0.3801548480987549
0.3939555287361145
0.3347189724445343
0.4838702976703644
0.3555126190185547
0.452899307012558
0.392205148935318
0.3806550204753876
0.4690715372562408
0.42018705606460566
0.4330958425998688
0.34857890009880066
0.3837901055812836
0.464789628982544
0.36337751150131226
0.3857440650463104
0.3895671665668488
0.3634656369686127
0.3560919165611267
0.4235163927078247
0.38624933362007136
0.4194422364234924
0.42848280072212214
0.37568703293800354
0.3776544630527496
0.37003955245018005
0.3519912660121918
0.3826133608818054
0.3812421262264252
0.3637872040271759
0.4224947094917297
0.43826994299888605
0.3900465071201325
0.3933582603931427
0.4977449476718903
0.4393171668052673
0.44670033454895014
0.36878162622451777
0.42139956355094904
0.46668961644172663
0.3850176334381104
0.4351417124271393
0.33856153488159174
0.404174119234085
0.3742770850658417
0.4427451193332672
0.4220047295093536
0.4374479055404663
0.3948085308074951
0.3676922023296356
0.4273556470870972
0.4281844198703766
0.4997127950191498
0.3980831503868103
0.4012226164340973
0.36447316408157354
0.4571568667888641
0.36471381783485407
0.4238168299198151
0.36355021595954895
0.4244407713413239
0.3679381012916565
0.3780737817287445
0.4153423011302948
0.3931235373020172
0.4269746243953705
0.3980326354503632
0.44062802195549006
0.38049635291099543
0.3886946737766266
0.3864794969558716
0.43698635697364807
0.4023164212703705
0.4444680511951447
0.4193752706050873
0.3648650646209717
0.4017081558704376
0.4122216403484344
0.423244833946228
0.3870914876461029
0.34910401701927185
0.41283535957336426
0.38131797313690186
0.41590437293052673
0.3611931204795837
0.4018610715866089
0.37747767567634577
0.4168210923671722
0.3857719004154205
0.5342690348625183
0.44301581382751454
0.3457830846309662
0.3866401612758637
0.3854538202285767
0.3326111137866974
0.4481143951416016
0.399467408657074
0.4543051421642304
0.36508190631866455
0.3855040967464447
0.3770025074481964
0.3804922699928284
0.36796820163726807
0.3801792860031128
0.38725605607032776
0.354616641998291
0.36786970496177673
0.35487523674964905
0.38696080446243286
0.3815531432628632
0.37626555562019354
0.43262577056884766
0.4172254502773285
0.486662745475769
0.4223284423351288
0.4395462274551392
0.40346837043762207
0.37603786587715143
0.3571289181709289
0.5007014274597168
0.41676703095436096
0.48941212892532343
0.36933669447898865
0.3622773587703705
0.4196032583713531
0.3996705710887909
0.3366679251194
0.4740965366363525
0.3595631420612335
0.41418895125389094
0.37751543521881104
0.4071881473064423
0.40758064389228815
0.4131291806697845
0.40404334664344793
0.3989722430706024
0.42723032832145685
0.37269362807273854
0.40562149882316584
0.33047524094581604
0.44670519232749933
0.45349648594856257
0.3922146260738373
0.440138190984726
0.41917064785957336
0.4677891731262207
0.4198395311832428
0.4024463295936584
0.36737531423568726
0.4377752840518952
0.420715868473053
0.38338631391525274
0.3560097813606262
0.4526723325252533
0.4005767405033112
0.3654271066188812
0.42157730460166926
0.4198319911956787
0.3297121822834015
0.3381476104259491
0.4174772202968597
0.3832045495510101
0.4027653932571411
0.32813188433647156
0.3898164331912994
0.5108239054679872
0.4280979931354522
0.43222519755363453
0.46282824873924255
0.41178920865058893
0.3716716766357422
0.3439641892910004
0.37442135810852045
0.4186759889125824
0.37406945228576655
0.3785921335220337
0.31447529792785645
0.34241238236427307
0.4093446433544159
0.36425927281379694
0.4017002284526825
0.47251132130622864
0.36232939362525934
0.47640153765678406
0.36832377314567566
0.4323069751262665
0.38822692632675165
0.4140869081020355
0.36513409018516546
0.3593411147594452
0.44550287723541254
0.4717347919940949
0.4468066096305847
0.3755168914794922
0.42455390095710754
0.3870938718318939
0.3467613160610199
0.40229225158691406
0.42880719900131226
0.3638499975204468
0.3871780931949616
0.4604843556880951
0.3721002340316773
0.4125608205795288
0.3848306238651276
0.46469795703887934
0.3926490545272827
0.492931991815567
0.36496132612228394
0.42396691441535944
0.3980261385440826
0.41450652480125433
0.43948429822921753
0.38795036077499384
0.439607173204422
0.39709886908531195
0.39278879761695856
0.3954707682132721
0.35387781262397766
0.3755244314670562
0.5008384585380553
0.3565708100795746
0.38932803273200983
0.3829736411571503
0.4145993292331696
0.3392685949802398
0.4009979665279389
0.44805672764778137
0.45643126964569086
0.37518647313117987
0.3659155666828156
0.3884305357933045
0.4002597630023956
0.3715270459651947
0.45163288712501526
0.3690379858016968
0.37848913669586176
0.4630378782749176
0.42490684986114496
0.3862316310405731
0.4148978292942047
0.4277198016643524
0.4154509902000427
0.39797469973564154
0.44232872128486633
0.3351368904113769
0.37921279668807983
0.3970513641834259
0.3887782692909241
0.3912943601608276
0.3948220908641815
0.40905690193176264
0.3626777231693268
0.3769431114196777
0.36238911747932434
0.3963384926319122
0.3533996641635895
0.4277806580066681
0.49636253714561457
0.4283318817615509
0.3764433264732361
0.35475271940231323
0.38547345995903015
0.48138958215713507
0.4061115086078644
0.3498840630054474
0.48620620369911194
0.42066049575805664
0.3936376869678497
0.4451099038124085
0.4680284559726715
0.3784740567207336
0.3876587152481079
0.38316872715950007
0.38482609391212463
0.3611171245574951
0.40493503212928766
0.3591666519641876
0.4450768530368805
0.4614956080913544
0.42397475242614746
0.37188974022865295
0.437331348657608
0.4370542466640472
0.4423571825027466
0.3365143835544586
0.43933829665184015
0.4819957315921784
0.4201954305171967
0.41110995411872864
0.3694565296173096
0.4491724669933319
0.35373827815055847
0.4184986054897308
0.46565327048301697
0.35268700122833246
0.3922120332717896
0.4036941826343536
0.3865123093128204
0.4647159278392792
0.3888808786869049
0.3922557234764099
0.4362074136734009
0.3978762328624725
0.4173626005649567
0.4292010366916656
0.3908834755420685
0.4059195518493652
0.4329914748668671
0.37448230385780334
0.4833460748195648
0.42038288712501526
0.34915634989738464
0.42640641331672663
0.36082985997200007
0.3923675715923309
0.4020399749279022
0.3659653961658478
0.3908028304576874
0.3887007534503937
0.3905127942562103
0.46558043360710144
0.368703693151474
0.4188134372234344
0.42982628941535944
0.4129521548748016
0.3707053363323212
0.40231609344482416
0.39923140406608576
0.3409077823162079
0.3677429258823394
0.38998016715049744
0.47373113036155695
0.41775843501091
0.3854802846908569
0.38744592666625977
0.40945532917976374
0.40120470523834234
0.4387440085411072
0.34711602330207825
0.46013692021369934
0.42396906018257136
0.4535520076751709
0.41046449542045593
0.3998372554779053
0.3686839640140533
0.4112240672111511
0.44245603680610657
0.3713942170143128
0.4486548602581024
0.39195102453231806
0.34921944141387934
0.46642616391181946
0.38798761367797846
0.3701656758785248
0.37322464585304255
0.3898450434207916
0.3745099604129791
0.39382329583168024
0.37982222437858576
0.4159998893737793
0.4641617834568024
0.4593112766742706
0.3642482459545136
0.4492207467556
0.4621261656284332
0.42206859588623047
0.44252839684486395
0.388033539056778
0.3993676900863648
0.36824336647987366
0.42782786488533026
0.3730286657810211
0.46297517418861384
0.4565451443195343
0.4328777194023132
0.4231916069984436
0.4209649264812469
0.36119470000267034
0.3327191770076752
0.43017914891242975
0.4467191398143768
0.4199732840061188
0.3848857581615448
0.4006500542163849
0.39444935321807856
0.35328078269958496
0.37707921862602234
0.4104918837547302
0.4036524891853333
0.3970834314823151
0.44187089800834656
0.4674583375453949
0.36781167984008795
0.3815051317214966
0.34700825810432434
0.3691090643405914
0.3515212833881378
0.3899973928928375
0.3542821407318115
0.33071112632751465
0.40847262740135193
0.37014511227607727
0.3371863663196564
0.3639124929904938
0.37449172139167786
0.37635579705238337
0.4224010705947876
0.43633908033370966
0.37425622344017034
0.4032418429851532
0.44663813710212713
0.4102144539356232
0.3855332732200623
0.43111816048622126
0.3722183108329773
0.4294966161251068
0.37386801838874817
0.38588097691535944
0.3719817101955414
0.3793650269508362
0.39053934812545776
0.3890620470046997
0.4528153240680695
0.3810377418994904
0.41867831349372864
0.39259412884712214
0.4578875601291656
0.430318295955658
0.350266307592392
0.3766306042671204
0.4342541694641113
0.39205941557884216
0.3898947238922119
0.4243004620075226
0.43527093529701233
0.3422615230083465
0.35679709911346436
0.3841980993747711
0.4345844089984894
0.38996884226799006
0.3788644075393677
0.3895678222179413
0.44134202599525446
0.3982639014720917
0.4470719695091248
0.428687036037445
0.44168707728385925
0.4534722864627838
0.37727794051170344
0.3758493363857269
0.3771792650222778
0.41212722659111023
0.423792690038681
0.42030224204063416
0.4085292816162109
0.4396466910839081
0.4265255033969879
0.4655442535877228
0.34199896454811096
0.36073645949363703
0.39365708827972407
0.3816758692264557
0.44219541549682617
0.4298629462718964
0.3508860766887665
0.3784898817539215
0.38105157017707825
0.4286663830280304
0.41771560907363886
0.3420286774635315
0.3517707884311676
0.43281939625740046
0.4440907537937164
0.4092598557472229
0.3899109661579132
0.39390018582344055
0.34855183959007263
0.3538132607936859
0.4138554036617279
0.334227591753006
0.3824394345283508
0.3660095632076264
0.3723337352275848
0.3813126981258392
0.41032400727272034
0.3993039429187775
0.37712889909744257
0.3632600605487824
0.406837522983551
0.4527750611305237
0.37823072075843805
0.3904321789741516
0.4311691224575042
0.4707556664943695
0.38811141252517695
0.42167031764984125
0.3921059966087341
0.4039016664028168
0.46074292063713074
0.44366404414176946
0.4005657732486725
0.38824412226676946
0.36907419562339777
0.4114318490028381
0.4061279296875
0.34074997901916504
0.35557684302330017
0.38598796725273127
0.35370716452598566
0.4081091582775116
0.46729317307472235
0.423711210489273
0.38572946190834045
0.3695813715457916
0.4237119257450104
0.451377272605896
0.37469425797462463
0.37949189543724066
0.3848007023334503
0.407699316740036
0.4163117706775665
0.4466671049594879
0.38268476724624634
0.40444248914718633
0.4075134694576264
0.388658195734024
0.3920359015464783
0.4336645901203156
0.44722625613212585
0.38504898548126226
0.34338662028312683
0.39659562706947327
0.374355286359787
0.3987291157245636
0.4698699414730072
0.37861707806587214
0.42087867856025696
0.3931869864463806
0.4487370252609253
0.3686502277851105
0.3538159728050232
0.3775595128536224
0.3839159607887268
0.33600643277168274
0.48428848385810846
0.4057345688343048
0.4485603868961334
0.3463873565196991
0.42197170853614807
0.42557343840599055
0.4555186927318573
0.3563358187675476
0.37924304604530334
0.468112975358963
0.4263737201690674
0.33968356251716614
0.4859301745891571
0.35941252112388605
0.37698051333427435
0.4041680991649628
0.39079117774963373
0.3668849170207977
0.3888148367404938
0.3781613409519196
0.428463339805603
0.3480965197086334
0.4245589673519135
0.4082019627094269
0.42978033423423767
0.3805395662784576
0.392770916223526
0.40866187214851374
0.4323031008243561
0.36859479546546936
0.42073526978492737
0.44062191247940063
0.3888130784034729
0.46540525555610657
0.3939500451087952
0.4254970252513885
0.4326842725276947
0.42442169785499567
0.36495989561080927
0.39350172877311707
0.4089297950267792
0.4031288325786591
0.43652123212814326
0.42673385143280024
0.389596164226532
0.43527126312255854
0.4476037323474884
0.41524937748909
0.37371453642845154
0.4121723473072052
0.3722321093082428
0.3453376591205597
0.37561437487602234
0.4192502796649933
0.3586682379245758
0.40254583954811096
0.40856024622917175
0.3825165927410126
0.39366400241851807
0.43518888950347906
0.38085803389549255
0.35209211707115173
0.3743711709976196
0.3574954867362976
0.4813293814659119
0.4871379435062408
0.415630042552948
0.4039255976676941
0.3967430591583252
0.43429920077323914
0.4133622348308563
0.41245314478874207
0.3849563002586365
0.38692361116409296
0.3606912791728973
0.3536868691444397
0.4501214325428009
0.401456743478775
0.471811980009079
0.3796834349632263
0.4994716346263885
0.46665483713150013
0.39763990044593805
0.4249991774559021
0.3496995568275452
0.3758999407291412
0.3703871667385101
0.3896220624446869
0.3588176965713501
0.4478623270988464
0.4194964468479157
0.437134325504303
0.3622253835201264
0.3841665685176849
0.3912573158740997
0.37494096159935
0.4116967022418976
0.36364611983299255
0.4186258614063263
0.4782404899597168
0.406810849905014
0.4392785131931305
0.4358501136302948
0.3575532734394073
0.39102536439895624
0.37753501534461975
0.4167174696922302
0.4077632129192352
0.4451889097690582
0.35582226514816284
0.3371487557888031
0.4040443003177642
0.42375016212463373
0.3232162296772003
0.3397462069988251
0.3846762478351593
0.37335371971130366
0.38787117600440973
0.39278677105903625
0.3564039468765259
0.44384253025054926
0.4785543382167816
0.39536795020103455
0.44281378388404846
0.4588921368122101
0.4324198961257935
0.3755694329738617
0.44471988081932073
0.3765657246112824
0.3946756720542908
0.3803670406341553
0.34906461834907526
0.406658798456192
0.3485243618488312
0.4411331117153168
0.438623160123825
0.37556025385856634
0.3645648062229157
0.3286406099796295
0.4034597277641296
0.48114833235740656
0.4766896069049835
0.4519469738006592
0.3932740688323975
0.4395230114459992
0.4092330038547516
0.40921527147293085
0.4309189319610596
0.38009920716285706
0.4411811530590057
0.40186640620231623
0.3642347753047943
0.44665750861167913
0.3628084361553192
0.38498765230178833
0.43003225326538086
0.4189481735229492
0.443650096654892
0.3906416594982147
0.4099460244178772
0.4010147154331207
0.3956685960292816
0.4288786351680756
0.3887696266174317
0.39796519279479986
0.4127943813800812
0.3788073360919952
0.44706574082374567
0.45810431241989136
0.4031534492969513
0.4149988889694214
0.33123424649238586
0.3757297396659851
0.3760272562503815
0.3857665061950684
0.3874822854995728
0.432913213968277
0.3567388355731964
0.35678231716156006
0.3849318325519562
0.4058994352817536
0.37275886535644526
0.3923705518245697
0.43712380528450007
0.49795123934745783
0.5181575417518616
0.4783219993114472
0.3511426448822021
0.35294952988624567
0.40804299712181086
0.3710923492908478
0.4502620398998261
0.36816516518592834
0.3914445638656616
0.3779529333114624
0.47468456625938416
0.40098628401756287
0.36816808581352234
0.4322208464145661
0.3558658957481384
0.3589409291744232
0.4113832116127014
0.38658392429351807
0.43435356020927435
0.4076748788356781
0.401203989982605
0.42507967352867126
0.3437432944774628
0.41719204187393194
0.3895477950572968
0.37613725662231445
0.40046730637550354
0.45963001251220703
0.3664558231830597
0.3476851284503937
0.35435834527015686
0.47090059518814087
0.38864824175834656
0.44045224785804743
0.3646965622901917
0.3969921469688416
0.37433943152427673
0.39317259192466736
0.36810252070426946
0.36507487297058105
0.33701616525650024
0.46795108914375305
0.4239667654037476
0.402758926153183
0.3671670556068421
0.33578088879585266
0.46868750452995295
0.4272542893886566
0.39197298884391774
0.4445829689502716
0.41148677468299866
0.37473425269126887
0.4517392814159393
0.3660087585449218
0.42612600326538086
0.4329918026924133
0.41084200143814087
0.42379245162010193
0.3488278090953827
0.3557267189025879
0.4129340350627899
0.3669687807559967
0.39131638407707214
0.36200180649757385
0.38566210865974426
0.38142952322959894
0.3737858831882477
0.4071029126644135
0.38380891084671026
0.3831816017627716
0.3642759025096893
0.4191177189350128
0.3804687559604645
0.44839411973953247
0.33463695645332336
0.43443405628204346
0.40666016936302185
0.38414701819419855
0.4522164463996887
0.4524825513362885
0.3915365636348724
0.36894252896308893
0.4421893954277039
0.41124275326728815
0.38779464364051813
0.3749687373638153
0.3813330829143524
0.3879686295986176
0.4141612350940704
0.32758489251136774
0.37967500090599055
0.4045747220516205
0.5033583641052246
0.38596448302268976
0.35442909598350525
0.372154712677002
0.40266361832618713
0.3810280561447144
0.4513497054576874
0.3803196847438812
0.40911602973937994
0.3637891411781311
0.36236751079559326
0.40064525604248047
0.4074110686779022
0.4503919780254364
0.3949491083621978
0.42179808020591736
0.4303793013095856
0.427838921546936
0.376555860042572
0.33976882696151733
0.4256441295146942
0.41443011164665217
0.33755460381507874
0.3910206258296967
0.4318113327026367
0.45090195536613453
0.4452003538608551
0.39496693015098566
0.45629820227622986
0.4558853209018707
0.3587140142917633
0.36463674902915955
0.3941096365451813
0.3932896554470062
0.3576604425907135
0.3716764152050018
0.37776258587837214
0.4553423523902893
0.3623396754264832
0.3865143060684204
0.3773408532142639
0.4487760365009308
0.3965843617916107
0.43749642372131353
0.4610561430454254
0.4437046945095062
0.41176590323448176
0.35791558027267456
0.3882289528846741
0.4397424459457397
0.37479057908058167
0.43447384238243103
0.38333678245544434
0.4268839657306671
0.43521234393119806
0.4136072099208832
0.366974264383316
0.47473546862602234
0.40260311961174006
0.4584434628486633
0.3552374541759491
0.43527704477310175
0.36306193470954895
0.35871204733848566
0.4074874818325042
0.43924710154533386
0.3938820958137512
0.44549205899238586
0.4231007397174835
0.42054527997970576
0.36150604486465454
0.4567175805568695
0.3697977364063263
0.35161739587783813
0.386287659406662
0.3641625344753265
0.3729995787143707
0.4550408720970154
0.475851833820343
0.375894159078598
0.3747238218784332
0.4712511599063873
0.35335549712181086
0.3924673497676849
0.4333304464817047
0.4542971551418304
0.46518146991729736
0.4154159426689148
0.34604641795158386
0.5024297833442688
0.44552138447761536
0.36908122897148127
0.37206408381462097
0.3833271563053131
0.4682888090610504
0.42572063207626337
0.38241156935691833
0.43970751762390137
0.3953866958618164
0.35310035943984985
0.37229770421981806
0.43731370568275446
0.4016360938549042
0.3983691036701202
0.46634891629219055
0.4038581252098083
0.3929460942745209
0.3733646869659424
0.3521449863910675
0.3640972077846527
0.4757568836212158
0.37922751903533936
0.3386788070201874
0.3723819553852081
0.36355140805244446
0.41175520420074463
0.3377515971660614
0.4039253890514374
0.4718452990055084
0.38401368260383606
0.4222420752048493
0.3887443244457245
0.42204317450523376
0.34202316403388977
0.36631390452384954
0.36025360226631165
0.4324293434619904
0.3841612040996552
0.37264981865882874
0.33082285523414606
0.454293817281723
0.3966421782970429
0.4589362442493439
0.3739545941352844
0.392843633890152
0.4433248341083527
0.43027612566947937
0.4774480760097504
0.4057833850383759
0.3896642923355103
0.4462074339389801
0.3745584189891815
0.43129459023475647
0.3616836369037628
0.41139906644821167
0.4866282641887665
0.394885778427124
0.4465532302856445
0.36533236503601074
0.3956928253173828
0.38623759150505066
0.3783876001834869
0.42599496245384216
0.35627627372741694
0.4052676260471344
0.35395368933677673
0.37523105740547186
0.3502032458782196
0.4507088363170624
0.37511739134788513
0.360186904668808
0.4093745946884155
0.42753839492797846
0.4015946686267853
0.4112812280654907
0.4398638904094696
0.3653546869754791
0.40210598707199097
0.435731053352356
0.3955225646495819
0.3875802457332611
0.36249193549156183
0.38005593419075007
0.4326792657375336
0.4085792005062103
0.49529287219047546
0.3919466733932495
0.3606878221035004
0.3898898661136627
0.4425501823425293
0.3797025382518768
0.44972530007362366
0.38319769501686096
0.36185833811759943
0.3334011733531952
0.3419279456138611
0.415079802274704
0.3498459756374359
0.40837928652763367
0.4395578801631928
0.4770825207233429
0.4303726255893707
0.367430955171585
0.4433663785457611
0.37321105599403376
0.3912957310676575
0.4131982922554016
0.2958588004112244
0.4002857506275177
0.3688025176525116
0.41675820946693426
0.38421213626861567
0.36720800399780273
0.3780796229839325
0.36319184303283686
0.4011008143424988
0.39221110939979553
0.3800474107265472
0.3880921900272369
0.381601482629776
0.4255058467388153
0.3757266700267792
0.3934418857097626
0.4916439354419708
0.3719764053821564
0.4360468089580536
0.3868851661682129
0.3928013145923615
0.43178483843803406
0.44605037569999695
0.4169309735298157
0.38082796335220337
0.34872981905937195
0.39234060049057007
0.49734702706336975
0.34017133712768555
0.41265854239463806
0.40002080798149114
0.38052758574485773
0.4295220673084259
0.4116666913032532
0.4190245270729065
0.45830607414245605
0.3396284282207489
0.4470708072185516
0.3788104355335236
0.3115195631980896
0.39712429046630854
0.3705872595310211
0.36646425724029535
0.4410693347454071
0.3467123806476593
0.3896466195583344
0.38148742914199835
0.3614813983440399
0.3755639493465424
0.3558180630207062
0.3770683705806732
0.39927700161933893
0.36986580491065973
0.4018992483615875
0.4270281791687012
0.36370933055877686
0.3860006034374237
0.40152576565742487
0.3662924468517304
0.40751001238822937
0.4281499087810516
0.4469878077507019
0.40298131108284
0.3960173428058624
0.3876762986183167
0.41707521677017206
0.3922706544399261
0.3653933107852936
0.42541736364364624
0.37935885787010193
0.40722307562828064
0.3847433030605316
0.41118207573890686
0.39844852685928334
0.3762370645999909
0.397649884223938
0.36345916986465454
0.4004857838153839
0.38441312313079834
0.35309779644012446
0.4117926359176636
0.37534826993942255
0.3317027986049652
0.3405217230319977
0.4068722128868103
0.3355579674243927
0.4537218809127808
0.40763717889785767
0.4175182282924652
0.4799182116985321
0.4187560379505157
0.4334866106510162
0.39701649546623224
0.3723470568656921
0.383029580116272
0.4590636193752289
0.3439021408557892
0.34634295105934143
0.36582756042480474
0.41123795509338373
0.3805976808071136
0.42354485392570496
0.4157082736492157
0.3806316554546356
0.3634500801563263
0.41051593422889704
0.36520558595657354
0.40539607405662537
0.38085478544235224
0.42058923840522766
0.3349727690219879
0.3729355037212372
0.392158180475235
0.38412466645240784
0.4682241678237915
0.3695227801799774
0.44505509734153753
0.4272489845752716
0.38404035568237294
0.4486949145793914
0.4349774718284607
0.3991858661174774
0.37678536772727966
0.37487086653709406
0.4261587560176849
0.45967194437980646
0.4215225875377655
0.38642966747283936
0.43028980493545527
0.4553393721580505
0.3998909592628479
0.3982010781764984
0.41678717732429504
0.36940717697143555
0.39221230149269104
0.40399113297462463
0.46928256750106806
0.4016993939876556
0.46909454464912415
0.44518768787384033
0.3884356617927551
0.37668439745903015
0.38990673422813416
0.3766187727451325
0.38135138154029846
0.3368980288505554
0.35184976458549494
0.4167711734771729
0.37401679158210754
0.43192592263221746
0.38549789786338806
0.31428408622741694
0.38296034932136536
0.34185466170310974
0.38705357909202576
0.4038885533809662
0.4340109825134277
0.40895843505859375
0.40127944946289057
0.38287186622619623
0.3837604522705078
0.4518396258354187
0.43851661682128906
0.4092978537082672
0.4126206636428833
0.46551945805549616
0.37583926320075994
0.37970504164695734
0.4096167981624603
0.35511913895606995
0.3722328245639801
0.39737334847450256
0.39987570047378546
0.370372861623764
0.4081412255764008
0.3787288367748261
0.3471944034099579
0.41470840573310846
0.45530787110328674
0.3446594774723053
0.3566688597202301
0.42911455035209656
0.3589241206645965
0.35164424777030945
0.3729595839977264
0.4264135658740997
0.4186337888240814
0.372983992099762
0.3878221213817597
0.3711049258708954
0.49874877929687506
0.40872278809547424
0.38080084323883057
0.4250088632106781
0.42198142409324646
0.3401876986026764
0.4572122991085053
0.3838897049427032
0.3666749894618988
0.3901367485523224
0.3923124670982361
0.3411322832107544
0.35646921396255493
0.46000385284423834
0.3894491791725159
0.3791935443878174
0.4218196868896484
0.4741143882274628
0.35089612007141113
0.381288856267929
0.380695641040802
0.4780583679676056
0.4312211275100708
0.3582949936389923
0.4157187342643738
0.41325244307518005
0.3936668932437897
0.4270482361316681
0.3632504642009735
0.4477128982543945
0.3874163329601288
0.4269618690013885
0.37247371673583984
0.3467739522457123
0.3422105312347412
0.4913211762905121
0.3638188540935516
0.3854497373104096
0.4629053771495819
0.4185715615749359
0.38894689083099365
0.380891352891922
0.3911617696285248
0.36815699934959406
0.38488522171974177
0.44135627150535583
0.4352124035358429
0.41661891341209406
0.4185210168361664
0.4138008058071136
0.41834491491317755
0.4287080764770508
0.44031196832656866
0.40546867251396174
0.4536877572536469
0.37363508343696594
0.4673733413219452
0.4539434611797333
0.36268308758735657
0.3767266273498535
0.3929886817932129
0.3828670680522919
0.44854170083999634
0.4348302781581879
0.4089512228965759
0.41142672300338745
0.4215273857116699
0.4074747860431671
0.38710418343544006
0.5171278715133666
0.4301955997943878
0.386079877614975
0.4019109308719635
0.40543851256370544
0.3355410099029541
0.43492132425308233
0.4225697219371796
0.36952453851699835
0.4563867747783661
0.41226854920387274
0.402329534292221
0.40408608317375183
0.39566269516944885
0.43610635399818415
0.39138880372047424
0.375668615102768
0.39146751165390015
0.4629135429859161
0.3545913100242615
0.39565977454185486
0.39333620667457586
0.391857773065567
0.3726467490196228
0.40637919306755066
0.36834475398063654
0.41934096813201904
0.4084559977054596
0.3920885622501373
0.362578421831131
0.39963579177856445
0.40194249153137207
0.38063308596611023
0.4070949852466583
0.4087246656417847
0.4187001883983612
0.4547805786132813
0.3834526836872101
0.4248306453227997
0.4862489998340607
0.3521682322025299
0.452406108379364
0.38598993420600886
0.4345637261867523
0.3635567426681519
0.4427765905857086
0.4129174649715424
0.382488876581192
0.4568786919116974
0.39076605439186096
0.34539034962654114
0.417596846818924
0.38607206940650934
0.4347576797008514
0.3588248789310456
0.4746783375740051
0.3825885951519013
0.3927732408046722
0.43065592646598816
0.4913163185119629
0.424906700849533
0.3963633477687836
0.39014199376106257
0.39089861512184143
0.359251469373703
0.4671323001384735
0.37144234776496887
0.3599250912666321
0.42532077431678766
0.4330307543277741
0.39618751406669617
0.416607528924942
0.37682703137397766
0.49277624487876887
0.35958853363990784
0.4893366992473602
0.4024063646793365
0.3893915116786957
0.43287944793701166
0.41437783837318415
0.3956689834594727
0.4445271790027618
0.4153638482093811
0.376047819852829
0.35788777470588684
0.3874675333499909
0.40502482652664173
0.4167793095111847
0.4020005762577057
0.37107118964195246
0.4353578984737396
0.3832389116287232
0.4715052545070648
0.4206104576587677
0.38826057314872736
0.33476951718330383
0.3967741429805756
0.430195689201355
0.3743489682674408
0.35225084424018854
0.4822125732898712
0.40361857414245605
0.4720943570137024
0.3720004856586456
0.4050764441490173
0.3705928325653076
0.3843552768230438
0.41630208492279047
0.3586489856243133
0.40245339274406433
0.44892662763595587
0.41750064492225647
0.43549996614456177
0.3924008905887604
0.38733753561973566
0.3514021933078766
0.3492352068424225
0.4039597809314728
0.4049703180789948
0.3518911302089691
0.3258771002292633
0.4047920405864716
0.3142786920070648
0.4575912654399872
0.3691434562206268
0.3746085464954376
0.46141400933265686
0.4701622128486633
0.4085451364517212
0.3792586922645569
0.43835672736167913
0.4077432453632354
0.44324368238449097
0.36376538872718805
0.4886836111545562
0.4057390987873077
0.40550741553306574
0.39062610268592834
0.45686432719230646
0.4261457026004791
0.4606912136077881
0.46339479088783264
0.38126084208488464
0.4161645770072937
0.44764670729637146
0.32448840141296387
0.4051143527030945
0.4382422864437103
0.33667904138565063
0.3692566752433777
0.4252442121505737
0.3950679898262024
0.48202395439147944
0.4138796031475067
0.4196823537349701
0.4072600305080414
0.4109067618846893
0.4332305490970612
0.42279487848281855
0.45122960209846497
0.35370737314224243
0.3715740740299225
0.39180448651313776
0.49121174216270447
0.3760717213153839
0.4008810818195343
0.3747231662273407
0.3902171552181244
0.3646192252635956
0.36410531401634216
0.3702943921089172
0.3568595945835113
0.4354093968868256
0.42447790503501887
0.42155390977859497
0.42322206497192383
0.3904400765895844
0.47663864493370056
0.40948519110679626
0.40175333619117737
0.44265547394752497
0.32717832922935486
0.44037613272666926
0.4349251091480255
0.39051231741905207
0.44057774543762207
0.4521915912628174
0.3570474088191986
0.47250622510910034
0.43301162123680115
0.3787526190280914
0.4086921513080597
0.4298831820487976
0.4140053689479828
0.4090906083583832
0.4045444428920746
0.3778493404388428
0.4657176733016968
0.4726883471012115
0.3987717628479004
0.39571583271026606
0.39744400978088373
0.3959406614303589
0.41032648086547846
0.4335931837558746
0.38422074913978577
0.4367587864398956
0.39374032616615295
0.38384488224983215
0.3384302854537964
0.38254430890083313
0.43516805768013
0.39352223277091974
0.34161993861198425
0.4171738922595978
0.39676389098167414
0.3505516648292541
0.41738888621330256
0.35567373037338257
0.3898679316043854
0.37608250975608826
0.4168400466442108
0.4094557762145996
0.37782844901084894
0.3772372901439666
0.3845828175544738
0.38049075007438654
0.41944149136543274
0.4128618836402893
0.34304937720298767
0.4625427424907684
0.38677725195884705
0.37482404708862305
0.38899776339530945
0.4174715578556061
0.3571043312549591
0.4386152029037476
0.36064767837524414
0.3623043596744537
0.4214108884334564
0.3953712284564972
0.3760450184345245
0.3331804573535919
0.4828852117061615
0.3578788936138153
0.38967418670654297
0.419273853302002
0.43049284815788263
0.4673625528812408
0.3834278881549835
0.33278802037239075
0.41036513447761536
0.4011966586112976
0.42372682690620417
0.3954907953739166
0.42476245760917664
0.393049031496048
0.4991836845874786
0.42209741473197937
0.3821453750133514
0.4246807396411896
0.3875333964824677
0.4532431960105896
0.4057812094688416
0.39239901304245
0.4392496347427368
0.41070225834846497
0.4469081461429596
0.5096370577812195
0.3883900344371796
0.4393482506275177
0.3619078099727631
0.38836997747421265
0.4152064621448517
0.32929477095603943
0.3968758583068848
0.41885760426521296
0.3608088791370392
0.3657965362071991
0.4077990651130676
0.38431149721145624
0.4056345522403717
0.38250812888145447
0.4376179873943329
0.39558479189872736
0.36983078718185425
0.331715852022171
0.4770758450031281
0.37900510430336
0.40002200007438654
0.43941465020179754
0.39403966069221497
0.3561801016330719
0.4171008765697479
0.39259734749794006
0.42784854769706726
0.3740988075733185
0.435081422328949
0.452698141336441
0.4233322739601135
0.3953408598899841
0.4101397097110748
0.3765200078487396
0.39404216408729553
0.4455319046974182
0.3880142569541931
0.3876791298389434
0.461627334356308
0.4271687269210816
0.40359336137771606
0.43094775080680847
0.408490002155304
0.4494286477565765
0.4370059669017792
0.3827349245548248
0.4009319543838501
0.36888137459754944
0.4301318526268005
0.4417666792869568
0.3634800314903259
0.37782636284828186
0.3490107357501984
0.3893325626850128
0.3895337879657745
0.3703864514827728
0.38190028071403503
0.3818479180335999
0.36895239353179926
0.4228399693965912
0.4523925483226776
0.417110413312912
0.4657916724681854
0.4215959906578064
0.40139514207839966
0.4535719156265258
0.42157813906669617
0.4396789371967316
0.3615005314350128
0.4591828882694244
0.3867283165454865
0.481458842754364
0.3634031414985657
0.45532938838005066
0.36701586842536926
0.3892858922481537
0.39655566215515137
0.4892337024211884
0.3764445185661316
0.35735455155372614
0.39935716986656183
0.43755343556404114
0.3978309631347656
0.3803254365921021
0.41984495520591736
0.3257744014263153
0.43134769797325134
0.4569869339466095
0.47125324606895447
0.3859996497631073
0.3955261707305908
0.43674954771995533
0.39732387661933893
0.4098150432109833
0.4149791896343231
0.38625141978263855
0.3708197772502899
0.368811309337616
0.4847752153873444
0.42206266522407526
0.45978444814682007
0.36772772669792175
0.3831659257411957
0.37116336822509766
0.379429429769516
0.4029072821140289
0.41074445843696594
0.3856514394283295
0.36744534969329834
0.39494851231575007
0.4163792431354522
0.4334530532360077
0.4099305868148804
0.42869517207145685
0.40208759903907776
0.365227997303009
0.42955902218818653
0.4372771084308624
0.39568352699279785
0.4258528649806976
0.40224725008010864
0.37270602583885193
0.3881858885288239
0.36036819219589233
0.45391666889190674
0.3410007655620575
0.4402774870395661
0.34264880418777466
0.4008246064186096
0.40775439143180847
0.510587751865387
0.4043757617473602
0.33265855908393854
0.39770424365997314
0.49360349774360657
0.3813556134700775
0.467168778181076
0.38307517766952515
0.4156266152858734
0.3851316571235657
0.4235996007919312
0.3861093819141388
0.4058172404766082
0.38483878970146174
0.3696666061878204
0.4640880525112152
0.37718328833580017
0.44138154387474066
0.4096103608608246
0.4403376281261444
0.38661202788352966
0.3835295140743256
0.3911364078521729
0.3814301192760468
0.4002090990543365
0.34486401081085205
0.39182981848716736
0.3845079839229584
0.3787985146045685
0.38398718833923334
0.5017284154891968
0.43226984143257136
0.3928480744361877
0.4674789905548096
0.37777903676033026
0.3938513696193695
0.3887884914875031
0.3815888464450836
0.389825850725174
0.3926178812980652
0.3874728381633759
0.3498211205005646
0.4658183753490448
0.4123426079750061
0.3664303123950958
0.4096998572349548
0.38883814215660095
0.3664461374282837
0.4404015243053436
0.3723275661468506
0.4542295634746552
0.3583337366580963
0.3724040985107422
0.3500945270061493
0.37142631411552424
0.3870273530483246
0.4522146284580231
0.4443156719207764
0.4100024998188018
0.5442370772361755
0.350165992975235
0.4082376658916473
0.39928182959556574
0.4891367852687836
0.4077768325805664
0.3896868526935577
0.4312434494495392
0.46695658564567566
0.4004898965358734
0.37622615694999695
0.35926181077957153
0.482483297586441
0.41827750205993647
0.3855122625827789
0.37732186913490295
0.3607476055622101
0.39496982097625727
0.40129896998405457
0.39379546046257013
0.40613636374473566
0.3288798928260803
0.4726233780384064
0.45442500710487366
0.3562469184398651
0.3986142575740814
0.42430448532104487
0.38430497050285334
0.44023334980010986
0.3838321268558502
0.37105047702789307
0.4599678218364716
0.4701719582080841
0.4459322988986969
0.44370347261428833
0.39539593458175654
0.3319186270236969
0.37712982296943665
0.37285962700843805
0.38045969605445856
0.3765605688095093
0.37266725301742554
0.41628673672676086
0.40489092469215393
0.3745032250881195
0.4496924579143524
0.416545569896698
0.41235032677650446
0.3588433563709259
0.3510039150714874
0.4199476838111877
0.44843137264251703
0.3560117185115814
0.34959110617637634
0.35389915108680725
0.33299222588539124
0.3943436443805695
0.38883063197135925
0.4039025902748108
0.4603814482688904
0.3319341242313385
0.3845744431018829
0.44300442934036255
0.3427751958370209
0.2945423126220703
0.34698066115379333
0.4331503808498383
0.348808228969574
0.3599172830581665
0.36886283755302424
0.36965283751487726
0.42899516224861145
0.42627981305122375
0.4436356723308563
0.377138465642929
0.33700981736183167
0.39719438552856445
0.4838517606258392
0.43287393450737
0.4221479594707489
0.4637840688228607
0.3764937222003937
0.4263210892677307
0.3819662928581238
0.43655112385749817
0.4175348281860352
0.39215344190597534
0.4230025708675385
0.39613994956016546
0.44624918699264526
0.3970243036746978
0.45290824770927435
0.4870234727859497
0.39657482504844666
0.43727186322212214
0.3834607303142548
0.34934574365615845
0.3820275366306305
0.45112088322639465
0.36586621403694153
0.3821700513362885
0.3840122520923615
0.36513993144035334
0.4631898105144501
0.41362541913986206
0.38063591718673706
0.36874562501907354
0.3543122708797455
0.544120728969574
0.3969072997570038
0.4919161796569824
0.3809341490268707
0.37077614665031433
0.42859634757041926
0.3938167989253998
0.39060297608375544
0.38315388560295105
0.4540584981441498
0.3858929872512817
0.41846996545791626
0.35695189237594604
0.4225514233112335
0.3575075566768646
0.38186752796173096
0.34944191575050354
0.4014454483985901
0.38547682762146
0.38121822476387024
0.36001840233802795
0.4660504460334778
0.41424888372421265
0.4005431234836578
0.3868156373500824
0.3902398645877838
0.3688861429691314
0.378294974565506
0.4546957612037658
0.3735208213329315
0.4965375661849976
0.46041157841682434
0.4107828438282013
0.37642401456832886
0.5116119384765625
0.3352804183959961
0.40307739377021784
0.390590101480484
0.4490305781364441
0.3852142989635468
0.389592170715332
0.39699730277061457
0.4360256791114807
0.38334268331527704
0.3856180012226105
0.4677461087703705
0.35744163393974304
0.34303221106529236
0.3749082684516906
0.3949835002422333
0.4369190633296967
0.4117053747177124
0.34915032982826233
0.42626208066940313
0.41521015763282776
0.4567399322986602
0.3844117820262909
0.43551892042160034
0.4428118169307709
0.39962658286094666
0.38462564349174494
0.4387416839599609
0.4411939680576325
0.35182487964630127
0.507197916507721
0.4248877465724945
0.3772438764572144
0.41816848516464233
0.41285187005996704
0.41382572054862976
0.4283456206321716
0.473407119512558
0.4051090776920319
0.3686106503009796
0.38569441437721247
0.43088331818580633
0.42184531688690186
0.45148894190788263
0.3378869593143463
0.3812820315361023
0.38956084847450256
0.3363690674304962
0.37766087055206293
0.4230628311634064
0.38524839282035833
0.4357365667819977
0.3618631660938263
0.38951811194419855
0.4046953618526458
0.38613399863243103
0.36667278409004206
0.3831816017627716
0.35006558895111084
0.37489756941795355
0.3855912387371063
0.367069274187088
0.37754490971565247
0.36029380559921265
0.3981903493404389
0.38571497797966
0.38602858781814575
0.38856515288352966
0.4197357594966888
0.5073407888412476
0.49799439311027527
0.4023600220680237
0.3867697417736053
0.3590891361236572
0.3947278559207916
0.3934202492237091
0.40149742364883423
0.4405573308467865
0.3604071736335754
0.3895670473575592
0.4502417147159576
0.45425310730934143
0.41330257058143616
0.3595821261405945
0.3780820071697235
0.34265688061714167
0.47370690107345587
0.35766565799713135
0.4335722029209137
0.3885261118412018
0.40141510963439936
0.4962827861309052
0.41200807690620417
0.37054029107093805
0.3893403708934784
0.4789300262928009
0.4489925801753998
0.4698992073535919
0.40130278468132013
0.34138742089271545
0.4051224887371063
0.39645296335220337
0.4369646310806274
0.4869581758975983
0.43971616029739374
0.42838877439498896
0.4405073821544647
0.41073158383369446
0.4746645092964172
0.4204875528812408
0.405929297208786
0.4037707149982452
0.38079127669334406
0.3518650233745575
0.36880883574485773
0.37129786610603327
0.3620342016220093
0.46681103110313416
0.4948699474334717
0.40029454231262207
0.3946198225021362
0.3684015274047852
0.41279610991477966
0.38621804118156433
0.3346622884273529
0.44380131363868713
0.38817265629768366
0.3845449686050415
0.4164591431617737
0.4422283470630646
0.4063302874565125
0.3996311724185944
0.3704056441783905
0.4344455301761627
0.36350491642951965
0.36321309208869934
0.3577835261821747
0.36894336342811584
0.4064636826515198
0.4252608716487885
0.3625747859477997
0.42047670483589167
0.40149617195129395
0.37116655707359314
0.49142131209373474
0.4114013612270355
0.3778359293937683
0.3831949532032013
0.3962488472461701
0.4389773905277252
0.41921311616897583
0.41643354296684265
0.41974291205406183
0.3306793868541717
0.43544736504554743
0.39963218569755554
0.3829703629016876
0.3637257516384125
0.4629735052585602
0.44534474611282343
0.41281309723854065
0.4102795124053955
0.3839506208896637
0.35698387026786804
0.3689402639865875
0.4042423665523529
0.4048286378383637
0.34720778465271
0.41163894534111023
0.43006631731987
0.3673202097415924
0.39007443189620966
0.4220001995563507
0.4517354667186737
0.4763738214969635
0.38861262798309326
0.4149284064769745
0.4537218511104584
0.43848803639411926
0.3667410910129547
0.35303366184234614
0.416816771030426
0.3942724764347077
0.4015978276729584
0.40550044178962713
0.37335655093193054
0.4035180509090424
0.45315390825271606
0.4147436618804932
0.42317056655883784
0.40571966767311096
0.43918848037719727
0.3474747240543365
0.38773754239082336
0.3677084743976593
0.4396462142467498
0.4130636155605316
0.44888627529144287
0.41811129450798035
0.38526305556297297
0.42546847462654114
0.3591662645339966
0.3914360105991364
0.41293925046920776
0.42832604050636286
0.365695595741272
0.40806150436401367
0.47429272532463074
0.3422873914241791
0.36591836810112
0.3675116002559662
0.3846889734268189
0.3977527916431427
0.49348893761634827
0.3727147877216339
0.37609815597534174
0.3747976124286652
0.4438748061656952
0.3845037221908569
0.39811715483665466
0.42390719056129456
0.45242568850517273
0.45127990841865534
0.3875568807125092
0.3628335893154144
0.38635393977165217
0.49405667185783386
0.4181453883647919
0.38686546683311457
0.35517632961273193
0.368000328540802
0.41697138547897333
0.372942179441452
0.4437764883041382
0.3611011803150177
0.38716199994087214
0.45256474614143366
0.3538634479045868
0.4248116910457611
0.42210704088211054
0.3781753182411194
0.4221098124980927
0.40771448612213135
0.3489933907985687
0.42728617787361145
0.3675019443035126
0.3508348762989044
0.40608957409858704
0.4552127420902252
0.46572700142860407
0.38287422060966486
0.44845643639564514
0.35318025946617126
0.44250729680061346
0.37459853291511536
0.45014908909797674
0.4460553228855133
0.34531888365745544
0.37481439113616943
0.44602701067924494
0.35411599278450007
0.43440416455268854
0.3609104454517365
0.36963680386543274
0.3612850606441498
0.4345455467700958
0.4134076535701752
0.3978206515312194
0.3558962345123291
0.41540068387985224
0.40238860249519354
0.394652396440506
0.4378225207328796
0.4453326165676117
0.46128597855567927
0.3838177025318146
0.36109021306037903
0.4351228475570679
0.42360576987266546
0.47259759902954096
0.3751507103443146
0.38797610998153687
0.3748866319656372
0.4472529292106629
0.4058046936988831
0.3951191008090973
0.39309379458427435
0.3704584240913391
0.3867638409137726
0.3537995219230652
0.3740279376506805
0.42024001479148865
0.37323305010795593
0.38368955254554743
0.31240186095237726
0.38119605183601374
0.4454277455806732
0.40591752529144287
0.389460414648056
0.3761946260929108
0.4960172474384308
0.38324281573295593
0.39361891150474554
0.36857819557189936
0.41454136371612554
0.5094588994979857
0.37242642045021057
0.37507703900337214
0.3981528580188751
0.4476324915885925
0.3500753343105316
0.38655370473861694
0.3864843547344208
0.40067818760871887
0.4213468134403229
0.40370413661003113
0.35523131489753723
0.38699349761009216
0.42477783560752874
0.3590008318424225
0.40800923109054565
0.3813419044017792
0.4521031081676483
0.46415436267852783
0.361603707075119
0.3883785307407379
0.414849191904068
0.4389439523220062
0.4281197190284729
0.3574422895908356
0.446515679359436
0.41197788715362554
0.4065512418746948
0.411529928445816
0.37052854895591736
0.33659017086029047
0.4486168920993805
0.4278622269630432
0.3853350281715393
0.3713628351688385
0.38692566752433777
0.38547107577323914
0.4136833548545837
0.3902200162410736
0.365387499332428
0.3893389403820038
0.4759165942668914
0.3816519677639008
0.37330701947212214
0.3922080397605896
0.3479312062263489
0.38623130321502686
0.3972848355770111
0.4330111443996429
0.3781528472900391
0.3500368893146515
0.3703778088092804
0.32808682322502136
0.34864434599876404
0.37307146191596974
0.47770211100578314
0.35921746492385864
0.47609093785285944
0.4574144780635834
0.3900357782840729
0.4170429110527039
0.4376887381076813
0.36100015044212336
0.48822960257530207
0.37794491648674006
0.3914531469345093
0.35809922218322754
0.4585402309894562
0.34993699193000793
0.4101320803165436
0.431063175201416
0.38121813535690313
0.4202691316604614
0.37473341822624207
0.3490021824836731
0.4309236407279968
0.35735684633255005
0.385325700044632
0.38460996747016907
0.33246248960494995
0.3963175117969513
0.36353942751884466
0.34496334195137024
0.39788100123405457
0.36303856968879694
0.419108122587204
0.42749080061912537
0.44242289662361145
0.3528488576412201
0.4599519670009613
0.39469859004020685
0.368102103471756
0.43854478001594543
0.3760678470134735
0.4438281953334808
0.40762490034103394
0.4026235342025757
0.4019293189048767
0.4557808339595794
0.3554922640323639
0.3468935489654541
0.3962002694606781
0.4266299307346344
0.4055774509906769
0.36586162447929377
0.39692273736000067
0.460559755563736
0.4391654133796692
0.41599306464195246
0.48533332347869873
0.4094261229038239
0.36660024523735046
0.35469129681587214
0.44864490628242487
0.4514472782611847
0.4182942509651184
0.45021817088127136
0.3690826892852783
0.338945597410202
0.45291459560394287
0.3711569011211395
0.4634449779987335
0.3747783601284027
0.42919480800628657
0.4230183064937592
0.44081500172615046
0.41531777381896967
0.43479564785957336
0.3585324287414551
0.39304652810096735
0.34555962681770325
0.45714253187179565
0.4211255609989166
0.4412404596805573
0.40415203571319586
0.4212461411952973
0.3984115421772003
0.4956114888191223
0.3782476484775543
0.397083044052124
0.4070543348789215
0.4214140474796295
0.35771676898002625
0.3746382892131805
0.3828348815441132
0.3520713150501251
0.37812098860740656
0.40583676099777216
0.39732310175895685
0.36007389426231384
0.443259984254837
0.41638532280921936
0.4237475097179413
0.3639928996562958
0.3864308893680573
0.3915922939777374
0.3984444737434387
0.3823939263820648
0.385820209980011
0.44290637969970703
0.34350916743278503
0.45420676469802856
0.40637761354446406
0.42121186852455134
0.3634143769741058
0.3907338678836823
0.4126132130622864
0.38531628251075745
0.369145393371582
0.4237054884433746
0.4291887581348419
0.3904707729816437
0.43980368971824646
0.4037162065505981
0.4215699136257172
0.42786654829978943
0.43736931681633
0.46296843886375433
0.4278028309345245
0.37984141707420344
0.4275697767734528
0.5170131921768188
0.36523401737213135
0.36950904130935674
0.3912635445594788
0.3617539703845978
0.44841799139976496
0.4485855102539063
0.4007247388362885
0.38243418931961054
0.45098337531089777
0.4173394739627838
0.375129908323288
0.43326297402381897
0.4253205358982086
0.40621861815452576
0.48387548327445984
0.36326441168785095
0.3282081186771393
0.35798314213752747
0.39139851927757263
0.3730043768882752
0.3713876008987426
0.39310595393180847
0.42688313126564026
0.3745824694633484
0.36001646518707275
0.3850652873516082
0.4265801608562469
0.4332371950149536
0.47094765305519104
0.37380418181419367
0.3620786964893341
0.4382818639278412
0.34462791681289673
0.4399239122867584
0.382325291633606
0.420920193195343
0.386216014623642
0.430722326040268
0.3972090780735016
0.4437799453735352
0.3654095232486725
0.40263000130653376
0.3754037916660309
0.3866324424743652
0.45412603020668024
0.38388237357139593
0.38763979077339167
0.41196408867836
0.4723894894123077
0.4279300272464752
0.3878212571144104
0.44188126921653753
0.35611656308174133
0.44802364706993103
0.4280731379985809
0.42320641875267034
0.4014841020107269
0.424703061580658
0.36586177349090576
0.4046677350997925
0.40532633662223816
0.36953064799308777
0.4152429401874542
0.39544323086738586
0.4185849726200104
0.39793649315834045
0.3698058724403381
0.360232949256897
0.47994425892829895
0.4297922551631928
0.4013884365558624
0.38949862122535706
0.3871499598026276
0.37724432349205017
0.46314987540245056
0.39122894406318653
0.3937914073467255
0.4094316065311432
0.3989255428314209
0.36297670006752014
0.3798527419567108
0.4614468812942505
0.3792802393436432
0.3531500697135925
0.3889740407466888
0.45895710587501526
0.4411312937736511
0.33798250555992126
0.4429670870304108
0.42851486802101135
0.44240042567253113
0.3325566351413727
0.3924636244773865
0.4177882969379425
0.4063856899738312
0.3861832916736602
0.4085303843021393
0.30914273858070374
0.39237979054450983
0.4040769934654236
0.4324998557567597
0.4099500179290771
0.41693517565727234
0.37795063853263855
0.43098112940788263
0.34302082657814026
0.3486107885837555
0.37668684124946594
0.47619962692260737
0.3958284556865692
0.3530597686767578
0.33861902356147766
0.37361297011375433
0.41028180718421936
0.35866728425025934
0.38878741860389704
0.39166498184204096
0.3730015456676483
0.43350410461425776
0.426005095243454
0.4680719673633576
0.41032025218009943
0.3609113097190857
0.4538086652755737
0.43827024102211
0.35384801030159
0.38062155246734614
0.3866609632968903
0.37779197096824646
0.4482664167881012
0.3850806653499603
0.36535304784774786
0.3910501301288605
0.361910492181778
0.3619616329669952
0.3940326273441314
0.35926857590675354
0.3598885238170624
0.4064187109470368
0.4172382354736328
0.38807728886604315
0.4048108756542206
0.4463831186294556
0.3655628263950348
0.4371030330657959
0.3931387066841125
0.35068652033805847
0.37888920307159424
0.43191257119178766
0.4954157769680023
0.37621310353279114
0.41846117377281195
0.36274218559265137
0.35620650649070734
0.4973962604999542
0.3945380747318268
0.3900892436504364
0.40275663137435913
0.4094974398612976
0.4691278338432312
0.3513811528682709
0.39838835597038263
0.425266295671463
0.35031232237815857
0.3833180367946625
0.4371763169765472
0.32452443242073054
0.4004728496074677
0.41659483313560486
0.3726780712604522
0.4554043710231781
0.3764134645462036
0.37587499618530273
0.3659785091876984
0.3839831352233887
0.3763205409049988
0.4234897792339325
0.42461612820625305
0.3898983299732208
0.4102851152420044
0.3708398640155792
0.3895832002162933
0.3661587536334992
0.45474615693092346
0.3657767176628113
0.352100133895874
0.40388959646224976
0.4422220587730408
0.39204457402229304
0.36722573637962336
0.4088150858879089
0.413073867559433
0.42857709527015686
0.39587900042533875
0.46981516480445856
0.45010933279991144
0.45275259017944336
0.37390452623367304
0.3688980937004089
0.3929213285446167
0.4459430873394013
0.444973349571228
0.4568248093128204
0.40786549448966974
0.4634546935558319
0.38730892539024353
0.35241755843162537
0.3659192323684692
0.3774942457675934
0.4064910113811493
0.40603604912757874
0.4220309555530548
0.3826672732830048
0.4338279664516449
0.3887292742729187
0.3778151571750641
0.44279119372367853
0.4760842323303223
0.4405113160610199
0.4028790593147278
0.36413225531578064
0.45665034651756287
0.36991688609123224
0.38308930397033686
0.4330638349056244
0.3648031651973724
0.4047563076019287
0.4452530741691589
0.37987953424453735
0.4645814001560211
0.34360453486442566
0.39463323354721064
0.4100359976291656
0.4413162171840668
0.43840450048446655
0.43283155560493464
0.4050991833209992
0.4152783155441284
0.3782137334346771
0.37994521856307983
0.3591724634170532
0.402822881937027
0.474141538143158
0.4357717335224152
0.4415246844291687
0.3806946873664856
0.5186415910720825
0.479107141494751
0.3748238980770111
0.381230354309082
0.353499323129654
0.474322646856308
0.4348842203617096
0.3580862879753113
0.40579411387443537
0.4119400680065155
0.43071427941322327
0.4738662242889404
0.45372894406318653
0.3849535882472992
0.3880560696125031
0.4188250601291656
0.45192512869834894
0.39394810795784
0.41770574450492853
0.4109607040882111
0.39288195967674255
0.4708696603775024
0.49839332699775696
0.38490238785743713
0.3929702937602997
0.38042077422142023
0.4123621582984924
0.3890719711780548
0.4392504394054413
0.3115859925746918
0.36962130665779114
0.40832868218421936
0.3724391162395477
0.4606662690639496
0.4713278114795685
0.4440857470035553
0.3737820088863373
0.42934402823448176
0.4489650428295136
0.395879864692688
0.366160124540329
0.3820645809173584
0.41533407568931574
0.46797737479209894
0.3702401220798493
0.40996512770652765
0.3996556103229522
0.42059633135795593
0.3561663627624512
0.4499483406543732
0.3888649046421051
0.4536584615707397
0.407698780298233
0.37189868092536926
0.3739925026893616
0.4691634476184845
0.3423202335834503
0.3901222348213196
0.3997925519943237
0.4044737219810486
0.37675008177757263
0.4007664620876312
0.38133975863456726
0.34958964586257935
0.3842763006687164
0.46702387928962713
0.3962798416614533
0.42184221744537354
0.37499770522117615
0.38257649540901184
0.3994685113430023
0.4415678083896637
0.43832990527153015
0.35060951113700867
0.3847047984600067
0.40228900313377375
0.37794545292854315
0.3827345669269562
0.4389500617980957
0.4008060693740845
0.3964767158031464
0.3774708211421967
0.41427323222160334
0.3758919239044189
0.38026896119117737
0.4268687963485718
0.369232714176178
0.40177088975906367
0.4273457825183869
0.3935195505619049
0.4225851595401764
0.4374658763408661
0.365917444229126
0.4134340584278106
0.416196346282959
0.3478112518787384
0.3646478950977325
0.3818445503711701
0.3872060179710388
0.4534505903720856
0.4713101387023926
0.3608176708221436
0.3837551772594452
0.4076828062534332
0.3757705986499786
0.4221740067005157
0.44947880506515503
0.4032170474529266
0.41178247332572937
0.45460012555122375
0.3728782832622528
0.35912808775901794
0.3602432906627655
0.430527776479721
0.4052937030792236
0.4203159511089325
0.4115482270717621
0.4505623877048493
0.3891856968402863
0.4287730753421784
0.48096612095832814
0.48739728331565857
0.38895156979560846
0.3940921723842621
0.38079699873924255
0.4415773749351501
0.3638274371623993
0.3660356998443604
0.3827880322933197
0.3715629875659943
0.3775670230388641
0.3317820131778717
0.3700997531414032
0.43006852269172663
0.44520482420921326
0.35433363914489746
0.3879317939281464
0.3923400342464447
0.4164098203182221
0.3660027086734772
0.3641626238822937
0.3935052156448364
0.3685677051544189
0.4201813042163849
0.4299607872962952
0.3951028883457184
0.38112428784370417
0.3419745862483978
0.37958183884620667
0.4602828025817871
0.4116078615188599
0.42653581500053406
0.40870556235313416
0.44325640797615046
0.4049798548221588
0.39513605833053594
0.434386670589447
0.38463497161865234
0.4812535047531128
0.394363671541214
0.4162575006484985
0.39774259924888605
0.3926662504673004
0.3821192681789398
0.3784984052181244
0.40827715396881104
0.4122119843959808
0.4335531890392304
0.3677117526531219
0.3648818135261536
0.4071906805038452
0.41198974847793574
0.3842684030532837
0.4917495250701904
0.3763402700424194
0.38435178995132446
0.3744005262851715
0.3955591917037964
0.38227912783622736
0.3365928530693054
0.39265692234039307
0.406767338514328
0.3928105235099792
0.4589533805847168
0.44651708006858826
0.41938251256942743
0.4386318027973175
0.3709994554519653
0.4059186577796936
0.4453200101852417
0.35177418589591974
0.39430209994316096
0.41034391522407526
0.4512344896793365
0.3785020411014557
0.4372074604034424
0.4423651397228241
0.46971830725669855
0.3941594064235687
0.3530970513820648
0.3835238516330719
0.4348858296871185
0.3816674947738648
0.3792610466480255
0.3976128101348877
0.39450913667678833
0.49002566933631897
0.3361068069934845
0.41595408320426946
0.362459272146225
0.3731584846973419
0.39122095704078674
0.45577788352966314
0.432617723941803
0.3750132322311401
0.40770336985588074
0.3568728566169739
0.4072618782520294
0.3897314965724945
0.36106419563293457
0.4696944057941437
0.4130259454250336
0.3785430490970612
0.4095810949802399
0.35787123441696167
0.3636476695537567
0.444797545671463
0.4149196445941925
0.38972407579422
0.4280261695384979
0.4234051406383514
0.42977011203765864
0.3477809131145477
0.4015587866306305
0.3737585246562958
0.4038197696208954
0.4705500304698944
0.4157805144786834
0.4098605513572693
0.35522606968879694
0.43803432583808893
0.4020567834377289
0.4413533508777618
0.4241605401039124
0.43891030550003046
0.38113918900489807
0.4931642413139343
0.39464208483695984
0.3858091533184052
0.3938224017620087
0.39178341627120966
0.44190576672554016
0.3980052173137665
0.3825087249279022
0.37934935092926025
0.4221842288970947
0.3681154251098633
0.34771472215652466
0.39870247244834894
0.4136383831501007
0.35883477330207825
0.3686447739601135
0.4265342354774475
0.4566071331501007
0.3578896224498749
0.3872314691543579
0.3975740969181061
0.35338649153709406
0.46963036060333246
0.4839784204959869
0.3531821370124817
0.44895246624946594
0.35534945130348206
0.480930894613266
0.4546063244342804
0.41663840413093567
0.42543971538543696
0.4481511414051056
0.3821345269680023
0.3459834158420563
0.48701432347297674
0.43743881583213806
0.4401352405548096
0.3748429417610168
0.3771876394748688
0.35683107376098633
0.46812832355499273
0.35588952898979187
0.39308840036392206
0.4385756254196167
0.41135334968566895
0.4004596173763275
0.3598436713218689
0.4959114193916321
0.36925122141838074
0.41412395238876337
0.4126268327236176
0.42622175812721247
0.420120894908905
0.36013275384902954
0.5062342882156372
0.36225378513336176
0.3885800242424011
0.3552296459674835
0.44699501991271967
0.4440315067768097
0.4264558851718903
0.37399670481681824
0.40659528970718384
0.4072057008743286
0.39570492506027216
0.41059774160385126
0.434465616941452
0.3882070481777191
0.3734486997127533
0.3501597344875336
0.37569394707679754
0.36421006917953486
0.3950525224208832
0.4207878708839417
0.36334308981895447
0.36431354284286493
0.462512344121933
0.402014434337616
0.3963557481765747
0.3890382051467896
0.3918689489364624
0.3910892903804779
0.48632588982582087
0.3089975118637085
0.34711870551109314
0.37490186095237726
0.46547311544418335
0.47941330075263977
0.39346697926521296
0.49432000517845154
0.41644486784935
0.3714256286621094
0.40383347868919367
0.3716360628604889
0.4182732999324799
0.38074168562889094
0.3706215918064117
0.3936598598957062
0.3837295174598694
0.36339908838272095
0.3697520196437836
0.3374549448490143
0.37167248129844666
0.40151557326316833
0.331542044878006
0.4537526071071625
0.3759301006793976
0.3802694380283356
0.3322022259235382
0.35079899430274963
0.38261029124259943
0.43460565805435186
0.42781302332878113
0.41476169228553766
0.38064467906951904
0.40729519724845886
0.452560156583786
0.4361467659473419
0.3584027588367462
0.41688600182533264
0.43790003657341
0.34094318747520447
0.3762004673480988
0.3690872490406036
0.38015517592430115
0.39306282997131353
0.324873834848404
0.35047134757041926
0.37470921874046326
0.4703850448131561
0.4054750502109528
0.367050051689148
0.4108903706073761
0.3935365080833435
0.3691600263118744
0.40959185361862177
0.42666593194007874
0.38403886556625366
0.36633810400962824
0.41630771756172175
0.4697593152523041
0.3869204819202423
0.38740190863609314
0.39909979701042175
0.36375543475151056
0.33104607462882996
0.38425779342651367
0.4234253466129303
0.4383206963539124
0.35359451174736023
0.4597510993480682
0.43254891037940973
0.41479828953742975
0.3870054483413696
0.4249093532562256
0.4104325473308563
0.3821629583835602
0.3490586578845978
0.44894859194755554
0.39533767104148865
0.35111576318740845
0.4002225697040558
0.39523419737815857
0.39829954504966736
0.41938555240631104
0.39741596579551697
0.4005793035030365
0.433580219745636
0.3933963477611542
0.3898178637027741
0.40443018078804016
0.47071748971939087
0.3723544776439666
0.4558708071708679
0.3842081129550934
0.44298985600471497
0.3778516054153442
0.4780243933200836
0.3837582468986511
0.3638947308063507
0.3724075257778168
0.37152498960495
0.3929860889911652
0.4458995163440704
0.3530528247356415
0.38457319140434265
0.37597796320915217
0.4075656235218048
0.4046835005283356
0.37229296565055847
0.3757798671722412
0.40754804015159607
0.3813969492912293
0.3816657662391663
0.39779451489448553
0.49040892720222473
0.34515681862831116
0.3802661299705505
0.4278865158557892
0.372834712266922
0.35370174050331116
0.41817906498909
0.43796917796134954
0.477674275636673
0.4103974997997284
0.4741737544536591
0.37453964352607727
0.4520542323589325
0.4588078558444977
0.3749893009662628
0.4059707224369049
0.3836793601512909
0.40340790152549744
0.39880236983299255
0.4488917291164398
0.3682728111743927
0.3660049736499786
0.3806917667388916
0.43763795495033264
0.3794913589954376
0.43354469537734985
0.45938518643379206
0.36617398262023926
0.4108021259307861
0.3555317223072052
0.3928939402103424
0.38574329018592834
0.3212343752384186
0.3865645825862885
0.38943946361541754
0.4286074638366699
0.3804381787776947
0.4119115471839905
0.38274329900741577
0.368791788816452
0.38600417971611023
0.3805793821811676
0.44965842366218567
0.3557625114917755
0.3928667306900024
0.36698955297470087
0.3568268418312073
0.47737777233123774
0.42204785346984863
0.3934132158756256
0.39575430750846863
0.3720670938491821
0.3559281527996063
0.4178029596805573
0.4575715363025665
0.38698211312294006
0.35871341824531555
0.4029654860496521
0.3796888291835785
0.37504494190216064
0.4094490110874176
0.46400985121726984
0.34849205613136286
0.3599419891834259
0.4046563804149628
0.47293993830680847
0.4148190319538117
0.41490909457206726
0.3595573902130127
0.42844533920288086
0.3654204905033112
0.3613171279430389
0.4534843862056732
0.3907424509525299
0.41107538342475886
0.3483239710330963
0.3807651996612549
0.3622515797615051
0.3757138252258301
0.44020614027976984
0.37860241532325745
0.4868572056293488
0.44339975714683527
0.34667524695396423
0.45734360814094543
0.4219374358654022
0.4050664603710175
0.41530403494834894
0.33833035826683044
0.3888491690158844
0.3733275830745697
0.3709997236728668
0.37118920683860773
0.3916809558868408
0.3508611023426056
0.36532184481620794
0.4674935638904572
0.396716445684433
0.46915829181671137
0.4292542040348053
0.3650764226913452
0.42778816819190973
0.3696687519550323
0.43753555417060846
0.3679735958576202
0.4605279862880706
0.40638467669487
0.3952655494213104
0.4005529582500458
0.33079174160957336
0.4026191532611847
0.4135904312133789
0.4378451406955719
0.3507130444049835
0.3887600600719452
0.4227423965930938
0.4462504088878632
0.35479405522346497
0.4294187128543854
0.4413624703884125
0.3463523983955384
0.4650677740573883
0.4036478996276856
0.3819663822650909
0.4459605216979981
0.42732581496238714
0.3805029094219208
0.42282792925834656
0.3735273778438568
0.36588814854621887
0.45858281850814814
0.3837596774101257
0.38530111312866205
0.46059986948966974
0.38627541065216064
0.3954426646232605
0.48042985796928406
0.3644960820674896
0.36446574330329895
0.41565570235252386
0.40049389004707336
0.41179308295249933
0.38412937521934504
0.4141571223735809
0.45184952020645136
0.3925524950027466
0.3815239667892456
0.3712382018566132
0.346201092004776
0.4696521461009979
0.40308168530464167
0.37632226943969727
0.4250727295875549
0.37028440833091736
0.4326971471309662
0.43707808852195734
0.34118202328681946
0.3577906787395477
0.43781545758247375
0.4464349150657654
0.4723076820373535
0.3844800293445587
0.43181654810905457
0.40273168683052063
0.3849889934062958
0.429097443819046
0.43597880005836487
0.38664093613624567
0.46253940463066096
0.3784033954143524
0.38628265261650085
0.36722791194915766
0.3801977336406708
0.39195963740348816
0.37363648414611816
0.3863429427146912
0.4451722204685211
0.399445503950119
0.44688263535499567
0.3789787292480469
0.4230504035949707
0.3953331708908081
0.33597221970558167
0.37204071879386896
0.4686616063117981
0.370445728302002
0.45191714167594904
0.4334360659122467
0.3831705152988434
0.439972460269928
0.3961465656757354
0.5049657821655273
0.47290667891502386
0.4209302067756653
0.43491560220718384
0.38379085063934326
0.478337436914444
0.3961637616157532
0.5249326825141907
0.37693414092063904
0.3949216902256012
0.3664709329605103
0.3907240033149719
0.40749186277389526
0.34589412808418274
0.4088120758533478
0.4412455260753632
0.3471693992614746
0.3645747303962708
0.42918118834495533
0.33312878012657166
0.44058224558830256
0.3578398525714874
0.37100037932395935
0.3822914659976959
0.38375464081764227
0.41602966189384466
0.3935887813568115
0.3743754029273986
0.36621993780136103
0.4284658432006836
0.4136120975017548
0.4222600162029266
0.4289250075817108
0.3610785901546478
0.3858450055122376
0.39728832244873047
0.40035614371299744
0.4074998199939728
0.36516615748405457
0.367854118347168
0.3750978410243988
0.4020048081874848
0.47712120413780207
0.401681512594223
0.39305105805397034
0.3984600901603698
0.3936412036418914
0.4023938775062561
0.3402080833911896
0.36385527253150934
0.36621418595314026
0.43587362766265864
0.34760990738868713
0.42692223191261286
0.3925577700138092
0.41583684086799616
0.3984806537628174
0.42420735955238337
0.39851871132850647
0.4141943752765656
0.42519012093544006
0.43044641613960266
0.44701120257377613
0.4703209698200226
0.3862670361995697
0.3782025575637817
0.45212522149086
0.433373898267746
0.3968301415443421
0.3932200968265533
0.3514932692050934
0.40999138355255127
0.4327420592308045
0.39048680663108826
0.4105244874954224
0.43738678097724915
0.4101572334766388
0.39844664931297297
0.370496541261673
0.393465518951416
0.36612325906753534
0.3647918105125427
0.453478068113327
0.462609738111496
0.4610798060894013
0.42084404826164246
0.36666297912597656
0.36214303970336914
0.39683267474174494
0.4123127162456512
0.42155870795249933
0.46475628018379206
0.3712737560272217
0.4243719279766082
0.3573555052280426
0.3914301693439484
0.37698534131050104
0.47654974460601807
0.4034705460071564
0.3829806447029114
0.4406872093677521
0.4089685380458832
0.3871563374996185
0.4124051630496978
0.3934573531150818
0.3613133728504181
0.3520493805408478
0.43004167079925537
0.4122006595134735
0.4825246632099152
0.3598569631576538
0.3863476514816284
0.4946818351745605
0.3981516063213348
0.382894903421402
0.4507379233837128
0.4213910400867462
0.38325831294059753
0.4861568510532379
0.3430604338645935
0.3733346164226532
0.3668654263019562
0.3943202495574951
0.4100264608860016
0.3375535309314728
0.42751279473304743
0.3884339034557343
0.495907723903656
0.3609674870967865
0.3554869294166565
0.4386050999164581
0.39906126260757446
0.3877523541450501
0.4009872376918793
0.4001057147979736
0.3849253952503204
0.4271924793720245
0.4039613306522369
0.40403693914413447
0.4228837490081787
0.4654026925563812
0.43725839257240295
0.3698633015155792
0.41077890992164606
0.3776488602161408
0.44512212276458735
0.33388230204582214
0.3738133013248444
0.411640614271164
0.4135624766349792
0.3781397938728333
0.38794866204261774
0.4094538986682892
0.3669463396072388
0.45245423913002014
0.36912485957145685
0.41552817821502686
0.4655472338199616
0.3745988309383392
0.48447042703628546
0.3653271496295929
0.36866733431816096
0.37172666192054743
0.39560690522193914
0.43075254559516907
0.3841340839862824
0.41393122076988226
0.39146062731742853
0.4082438051700592
0.3930226266384125
0.44397991895675654
0.4511736929416656
0.3784476816654205
0.4067239761352539
0.4311239123344421
0.361804336309433
0.3878405392169952
0.39095231890678406
0.4184488356113434
0.44799831509590154
0.3756425082683563
0.3524278700351715
0.34351816773414606
0.35991302132606506
0.37330111861228943
0.38817086815834045
0.36026957631111145
0.41873493790626526
0.43827649950981135
0.39206108450889593
0.3438568413257599
0.42346239089965826
0.46625205874443054
0.5118857622146606
0.4486195743083954
0.4813307821750641
0.3970704972743988
0.4058645069599152
0.4252930581569672
0.4876850843429565
0.5018643140792847
0.38938573002815247
0.3808052241802216
0.4622521996498108
0.33675417304039
0.4021414816379547
0.39722424745559687
0.3746032416820526
0.46032699942588806
0.42593902349472046
0.4129296243190765
0.3951737582683563
0.3529735207557678
0.3808943331241608
0.3941307961940765
0.4725385010242462
0.4462861120700836
0.37501260638237
0.4082281887531281
0.4277696907520294
0.4332050383090973
0.4417171478271484
0.4707067906856537
0.36899212002754206
0.4002858102321625
0.4364264905452728
0.39134821295738226
0.4229862987995148
0.49252769351005554
0.4329516589641571
0.41827535629272466
0.371668666601181
0.34946474432945246
0.40127852559089666
0.45891010761260986
0.47148028016090393
0.5143776535987854
0.42495337128639216
0.3611636161804199
0.41505816578865046
0.3709717392921448
0.4207114577293396
0.3618338704109192
0.3770730197429657
0.407807171344757
0.4755190908908844
0.3503604233264923
0.41571044921875
0.4649295508861542
0.4009436070919037
0.3657555878162384
0.389504998922348
0.3981790244579315
0.36091500520706177
0.42499700188636774
0.4760947525501251
0.4313848316669464
0.38745054602622986
0.42326119542121887
0.43967264890670776
0.4646870493888855
0.4718073308467865
0.389847457408905
0.38657096028327936
0.35708075761795044
0.4131304919719696
0.3481956422328949
0.4071030914783478
0.36283406615257263
0.3602599799633026
0.4051456153392792
0.4834472239017487
0.3447627127170563
0.42354473471641535
0.46158245205879206
0.3793129026889801
0.40047934651374817
0.361392080783844
0.3711751997470856
0.4233352243900299
0.38042786717414856
0.4219079911708832
0.4249802529811859
0.3767161667346954
0.48411980271339417
0.3760318160057068
0.3667666018009186
0.3784065544605255
0.37528452277183527
0.33553099632263184
0.36519417166709894
0.4640899300575256
0.35931846499443054
0.44046151638031006
0.4513522982597351
0.3948838412761688
0.38809221982955927
0.3804363906383514
0.3516329824924469
0.4096937775611877
0.41201484203338623
0.3674863278865814
0.38661953806877136
0.4425260126590729
0.4046504199504852
0.38642278313636774
0.3996731340885162
0.4184254705905914
0.3719402849674225
0.40440329909324646
0.3312681317329407
0.3743753433227539
0.3803237974643707
0.43773201107978815
0.371147096157074
0.391080230474472
0.4260233342647552
0.4162518084049225
0.4068845808506012
0.41039884090423584
0.3466638028621673
0.40530791878700256
0.3599978983402252
0.40963160991668707
0.3776000440120697
0.374340146780014
0.4109439551830292
0.4331927299499512
0.38471183180809027
0.3851404488086701
0.37541317939758306
0.39144876599311834
0.45174476504325867
0.34263765811920166
0.4190532565116882
0.4529719054698944
0.3591721355915069
0.3496788740158081
0.4156467914581298
0.4089632928371429
0.3881739675998688
0.3196381628513336
0.36333116888999933
0.4292634725570679
0.39627677202224726
0.3625257909297943
0.46376186609268183
0.3788634240627289
0.4100941717624664
0.4086747467517853
0.33270013332366943
0.3509262502193451
0.3680904507637024
0.4116860628128052
0.357844352722168
0.44665879011154175
0.453594833612442
0.40109920501708973
0.3985986709594727
0.43521103262901306
0.3944385945796967
0.4478088021278381
0.449815958738327
0.43812990188598633
0.4846935272216797
0.37894549965858454
0.34649941325187683
0.4098170399665833
0.416627049446106
0.40233322978019714
0.41855332255363453
0.4433614313602448
0.43389457464218134
0.4275802373886108
0.38593590259552
0.3944949805736542
0.4482492804527282
0.4585166275501251
0.386301726102829
0.3990595042705536
0.3477785289287567
0.3779028952121735
0.37397345900535583
0.39364716410636896
0.4314611852169037
0.4061519503593445
0.37440195679664606
0.3825425207614898
0.3660106062889099
0.41332978010177607
0.3890628218650818
0.4961061477661133
0.36751899123191833
0.36155357956886286
0.34464842081069946
0.4231405854225159
0.44631701707839966
0.47585263848304743
0.34683892130851746
0.3741697669029236
0.4125339686870575
0.434824675321579
0.4110503792762756
0.4443871676921845
0.436726450920105
0.3689640462398529
0.4660165309906006
0.35212817788124084
0.3994372189044952
0.4093745350837708
0.4360828399658203
0.4005010426044464
0.3968804180622101
0.3902811706066132
0.3226189911365509
0.3541553318500519
0.3980888724327088
0.3729025423526764
0.3705783188343048
0.3983018100261688
0.4073238670825958
0.4446721374988556
0.37727600336074824
0.3898497521877289
0.48439133167266846
0.4070864021778106
0.36138805747032166
0.40871718525886536
0.39096143841743464
0.45521143078804016
0.3845716714859009
0.4280495345592498
0.39500901103019714
0.41056641936302185
0.3880856931209564
0.421311229467392
0.3994393944740296
0.31782618165016174
0.39913520216941833
0.4217291176319122
0.38084444403648376
0.36209860444068903
0.37722745537757874
0.37142965197563166
0.3861859738826752
0.3856561779975891
0.4017576575279236
0.4456264972686768
0.353244811296463
0.36063975095748896
0.4329965114593506
0.4241723716259002
0.3867116272449493
0.410461813211441
0.3816752135753632
0.43840166926383967
0.46631619334220886
0.3532598316669464
0.513214945793152
0.4418615102767944
0.4147470891475677
0.382317453622818
0.37211155891418457
0.3766179382801056
0.3392615020275116
0.38376834988594055
0.3129595220088959
0.46184459328651434
0.4120539426803589
0.43227782845497126
0.37570124864578247
0.3648015558719635
0.35564765334129333
0.3691017925739288
0.39200142025947565
0.37547519803047186
0.3891559541225433
0.46637752652168274
0.428276926279068
0.3950553238391876
0.45812490582466125
0.3492567837238312
0.40199556946754456
0.4496299624443054
0.40123459696769714
0.3630267679691314
0.3840516805648804
0.37667855620384216
0.4085124135017395
0.3504052460193634
0.37061348557472235
0.48272719979286194
0.45226553082466125
0.45704150199890137
0.44870015978813166
0.38900047540664673
0.4068925082683563
0.37343162298202515
0.40915766358375544
0.3539321720600128
0.40157887339591974
0.44798693060874933
0.37834575772285456
0.4039308726787567
0.4691199064254761
0.3817187249660492
0.38339823484420776
0.3896540105342865
0.35647764801979065
0.38278308510780334
0.393784612417221
0.3753051161766052
0.3723432719707489
0.3633613288402557
0.438334435224533
0.3533196747303009
0.3876624405384064
0.4235004484653473
0.38461625576019287
0.4869328439235687
0.3841222524642944
0.34201458096504206
0.4061046540737152
0.3819221556186676
0.4041173160076141
0.3712004125118256
0.3438539505004883
0.47422298789024353
0.44389191269874567
0.3733460009098053
0.3920194208621978
0.35866621136665344
0.34333524107933044
0.36905854940414423
0.4163013398647308
0.4351285696029663
0.39282393455505366
0.44897380471229553
0.4193739593029022
0.42085745930671686
0.5073879957199097
0.32991719245910645
0.34921202063560486
0.3876939117908478
0.43207535147666926
0.4000273048877716
0.4383033215999603
0.3615041971206665
0.3971987068653106
0.41862508654594416
0.3923805058002472
0.3798257112503052
0.39437153935432434
0.42918732762336725
0.39121970534324646
0.4189924299716949
0.44812256097793574
0.35039564967155457
0.3526400625705719
0.48335710167884827
0.35506197810173035
0.4152916967868805
0.37674507498741144
0.3658292889595032
0.3746576607227325
0.428374320268631
0.46255221962928766
0.3867495357990265
0.36569711565971375
0.34750089049339294
0.37090596556663513
0.3507458865642548
0.49720457196235657
0.4153964519500733
0.37468096613883967
0.42758199572563166
0.43049147725105286
0.41463837027549744
0.3960203528404236
0.38803204894065857
0.4312199056148529
0.3794679045677185
0.3585314154624939
0.4559438228607178
0.4016079902648926
0.3629627227783203
0.36005172133445734
0.43366095423698425
0.4182039797306061
0.3839430212974548
0.38426780700683594
0.4607562124729157
0.40461447834968567
0.4291693866252899
0.4233604967594146
0.375177413225174
0.41603040695190424
0.3702112138271332
0.43997582793235773
0.4762217998504639
0.4096448123455048
0.4177044928073883
0.44211980700492853
0.37014284729957586
0.36319378018379206
0.4009518027305603
0.3735652267932892
0.3867962062358856
0.36132094264030457
0.47455164790153503
0.392233282327652
0.3542190194129944
0.3478549420833588
0.369087278842926
0.39410373568534846
0.3792094588279724
0.33753886818885803
0.3971029222011566
0.4505374133586884
0.3823019564151764
0.4239257872104645
0.35066312551498413
0.47555872797966
0.4180619418621063
0.41824713349342346
0.4140690565109253
0.36879813671112066
0.37657770514488226
0.33251288533210754
0.4239502847194672
0.46457868814468384
0.3772715032100677
0.402111142873764
0.41346976161003113
0.4689091145992279
0.4643900096416473
0.3800941407680512
0.41653224825859064
0.4377635419368744
0.39708754420280457
0.3687843382358551
0.43156686425209045
0.37228187918663025
0.3449954688549042
0.3912418186664581
0.383734792470932
0.3829144537448883
0.33894163370132446
0.35267049074172974
0.37363287806510925
0.3997882306575775
0.43773579597473133
0.489018827676773
0.4140160381793976
0.3526992201805115
0.3571660816669464
0.3832670748233795
0.36883851885795593
0.36949387192726135
0.4195685684680938
0.4184414446353912
0.3808061480522156
0.36500325798988337
0.4357389211654663
0.4034005105495453
0.43517664074897766
0.3865574896335602
0.4048744738101959
0.3860005438327789
0.39106401801109314
0.3844194114208221
0.4073797166347504
0.3818691074848175
0.3458198010921478
0.38294550776481623
0.3704532980918884
0.3898867666721344
0.37541148066520685
0.38588228821754456
0.34584471583366394
0.4205718338489533
0.3863440454006195
0.38776782155036926
0.3873737752437592
0.3785406649112701
0.40841385722160334
0.3827950954437256
0.382337212562561
0.3876927196979522
0.38335442543029785
0.4228650033473969
0.3701686561107635
0.4471414983272552
0.4246962666511536
0.3863906264305114
0.3969515264034271
0.42380210757255554
0.4290288388729096
0.393766313791275
0.4236800074577332
0.38886356353759766
0.3735515773296356
0.3672378957271576
0.36142376065254206
0.3959297835826874
0.4416654706001282
0.3891085982322693
0.4046627581119537
0.3716965615749359
0.4601829946041107
0.4842488765716553
0.4162876009941101
0.4039105474948883
0.45892754197120667
0.3922083675861359
0.38227108120918274
0.352813333272934
0.44144067168235773
0.40269395709037775
0.41054692864418024
0.38477268815040583
0.37664046883583063
0.4141995012760162
0.36156204342842096
0.4038782715797424
0.3652179539203644
0.35608264803886414
0.3975858986377716
0.4700459539890289
0.43399539589881897
0.40146297216415405
0.36113366484642023
0.3960495889186859
0.4155161678791046
0.3797078430652618
0.42962509393692017
0.3765138983726501
0.394296795129776
0.3685581386089325
0.3651985824108124
0.3982996940612793
0.4243271052837372
0.4731205403804779
0.40256217122077936
0.4464131593704224
0.42472848296165466
0.3770171999931336
0.41706648468971247
0.3862934410572052
0.3466339409351349
0.3904097378253937
0.40069058537483215
0.3611161410808563
0.39887082576751703
0.3824811279773712
0.34953153133392334
0.3992018103599548
0.35738155245780945
0.40727835893630976
0.37004992365837097
0.38366669416427607
0.4679582715034485
0.3813224732875824
0.3782056868076325
0.3929221332073212
0.37990579009056086
0.42888686060905457
0.34907880425453186
0.33577466011047363
0.41524848341941833
0.46162950992584234
0.3809194266796112
0.4453240633010864
0.39133188128471375
0.3638825714588165
0.37018945813179016
0.40793624520301813
0.36279076337814326
0.3854125440120697
0.40108874440193176
0.38213399052619934
0.3746744990348816
0.37113127112388605
0.36353811621665955
0.36884289979934687
0.3937515318393707
0.39886322617530817
0.4789642691612244
0.34663692116737366
0.3920434415340424
0.3725281357765198
0.4088552296161652
0.40840810537338257
0.3857625424861908
0.39227336645126337
0.33842962980270386
0.4736869633197784
0.4369517862796784
0.46098154783248896
0.43211504817008967
0.3572829663753509
0.4132360219955444
0.4004807770252228
0.37538608908653254
0.4284332692623138
0.40176326036453247
0.38349276781082153
0.4178875088691712
0.3788662850856781
0.3807180523872376
0.34699276089668274
0.5107502937316896
0.3944962918758392
0.3123810589313507
0.40074458718299866
0.38582500815391535
0.42342963814735407
0.45029330253601074
0.3497645854949951
0.37471187114715576
0.4362087547779083
0.4154964685440064
0.35957691073417664
0.4014159739017487
0.3410663306713104
0.4510916769504547
0.3450969159603119
0.36204794049263
0.3686919510364533
0.39340713620185846
0.40270718932151794
0.4759259223937988
0.4129533171653748
0.35882002115249634
0.3955910503864288
0.35159268975257874
0.3665767014026642
0.405394583940506
0.432229608297348
0.3642977178096771
0.4432314932346344
0.3956010639667511
0.4602200090885162
0.42432773113250727
0.3705814778804779
0.376819521188736
0.45977833867073054
0.36186820268630976
0.434189647436142
0.37031123042106634
0.38726100325584406
0.3231867849826813
0.38264399766922
0.3343733251094818
0.3909590542316437
0.45131757855415344
0.37536466121673584
0.3724991679191589
0.4126149117946625
0.39568689465522766
0.40456196665763855
0.3757533133029938
0.3944059610366821
0.3745460212230682
0.4248664677143097
0.39405497908592224
0.41779291629791254
0.39562153816223133
0.46570840477943426
0.3838543891906738
0.36679175496101374
0.3737987875938416
0.4033551514148712
0.43093386292457586
0.36736011505126953
0.4152403771877289
0.47756087779998774
0.4047596454620361
0.4100917279720306
0.48653396964073187
0.37170714139938354
0.38896474242210394
0.366030067205429
0.43093034625053406
0.4563509523868561
0.39662921428680414
0.505268931388855
0.3780970871448517
0.45135244727134705
0.44603538513183594
0.36704829335212713
0.3449286818504333
0.3729547560214996
0.39058378338813776
0.37178808450698847
0.4282468259334564
0.45868557691574097
0.39965197443962097
0.3777903020381928
0.48459067940711975
0.3235360085964203
0.4604610502719879
0.3887162506580353
0.42784044146537775
0.4253381490707397
0.37567949295043945
0.3481038212776184
0.36924496293067927
0.38302162289619446
0.3967388570308685
0.3980015218257904
0.4332193434238434
0.4292068779468536
0.4152114689350128
0.3746020495891571
0.4167502224445343
0.4070111513137817
0.4134745299816132
0.4162151515483856
0.3428698182106018
0.39364540576934814
0.417098730802536
0.38585153222084045
0.38943445682525635
0.435637503862381
0.4748826324939728
0.37434729933738714
0.3699987828731537
0.3731465637683869
0.4235866367816925
0.34808364510536194
0.4252445101737976
0.4079342484474182
0.49160280823707586
0.4079183638095856
0.4110565781593322
0.3750996887683869
0.39998307824134827
0.4850181043148041
0.34666457772254944
0.3882937133312225
0.3983078896999359
0.34404757618904114
0.4266726076602936
0.4564131498336792
0.4209653437137604
0.36864811182022095
0.387172132730484
0.44016340374946594
0.37637904286384577
0.4020529091358185
0.41091239452362066
0.4537194073200226
0.470613032579422
0.44648504257202154
0.3764343559741974
0.35540589690208435
0.37222847342491144
0.3892781436443329
0.37712445855140686
0.3966362774372101
0.38421872258186335
0.3865573704242706
0.4025320112705231
0.48924118280410767
0.3749980628490448
0.3786450326442719
0.3765359818935394
0.37842896580696106
0.41210523247718805
0.38614264130592346
0.36669009923934937
0.33994436264038086
0.39736139774322504
0.3586969077587128
0.38784468173980713
0.40133202075958246
0.42472469806671137
0.3582633435726166
0.33850446343421936
0.416774183511734
0.3900437355041504
0.42711395025253296
0.3486740291118622
0.3938420712947845
0.37086096405982966
0.41219380497932434
0.3780920207500458
0.35321494936943054
0.40624466538429266
0.39383605122566223
0.42465189099311834
0.42571216821670527
0.43515089154243464
0.42889061570167536
0.408566951751709
0.36161613464355463
0.38205885887146
0.36024168133735657
0.4072482287883759
0.3323359787464142
0.4323846995830536
0.33353984355926514
0.42280730605125433
0.43032166361808777
0.3580749332904816
0.3676023781299591
0.3615107834339142
0.43582251667976374
0.4440800845623016
0.3717840611934662
0.4245896637439728
0.49230220913887024
0.404412180185318
0.42442387342453
0.36229938268661493
0.3660319149494171
0.40123417973518366
0.4221794009208679
0.36128437519073486
0.45477458834648127
0.4234409332275391
0.43671092391014094
0.39425843954086304
0.43993714451789856
0.32023873925209045
0.39035871624946594
0.4723361134529114
0.3749004304409027
0.3854651749134064
0.35786640644073486
0.4864015281200409
0.4375503361225128
0.37142768502235407
0.37052282691001887
0.3783463835716248
0.36225804686546326
0.4530890285968781
0.43431997299194336
0.36695641279220576
0.4265831112861633
0.3786386251449585
0.3935612142086029
0.34513396024703974
0.38714262843132013
0.3593868911266327
0.3907575309276581
0.35684508085250854
0.3982331454753876
0.4025059342384338
0.4597807824611664
0.38151291012763977
0.42199096083641047
0.3993391394615173
0.37999626994133
0.34293496608734125
0.36768323183059687
0.4149806797504425
0.433916300535202
0.44533988833427435
0.3880047500133514
0.44366505742073054
0.3658645451068878
0.34531283378601074
0.439209908246994
0.3368968069553375
0.3826902508735657
0.3858395218849182
0.38139596581459045
0.4101874828338623
0.43705406785011286
0.40519717335700983
0.3599196970462799
0.3613154590129852
0.39614781737327576
0.44307824969291687
0.3554302752017975
0.427633672952652
0.3991612195968628
0.4753438532352448
0.4082004427909851
0.38213112950325007
0.4393676817417145
0.4173161089420319
0.38954657316207886
0.3909499645233154
0.3671788275241852
0.37030062079429626
0.39164778590202326
0.4347220659255981
0.39350691437721247
0.348324716091156
0.47176250815391535
0.4085305035114288
0.42715927958488464
0.38118037581443787
0.3932717144489288
0.36879804730415344
0.4012461304664612
0.38290697336196894
0.3306628465652466
0.4581529498100281
0.3891455829143524
0.3949412405490875
0.46324560046195984
0.4064542949199677
0.3908698856830597
0.40090835094451904
0.3422600030899048
0.36198362708091736
0.33979108929634094
0.4334571063518524
0.43636223673820496
0.3510102331638336
0.4023734629154205
0.43343618512153625
0.3988891541957855
0.4047272205352783
0.393586665391922
0.4698855578899384
0.4149040877819061
0.35624614357948303
0.4406949579715729
0.38652428984642023
0.33604857325553894
0.39237412810325617
0.3776131272315979
0.3370865285396576
0.4765635430812836
0.44212955236434937
0.34385743737220764
0.3726439774036408
0.3662073910236359
0.4936615824699402
0.4057402908802032
0.3762712180614472
0.41008678078651434
0.3839684724807739
0.4697429239749909
0.4113141000270844
0.3956187069416046
0.40690249204635615
0.3908902406692505
0.3942936956882477
0.367607295513153
0.3870545923709869
0.3694575130939484
0.34447112679481506
0.3625056445598602
0.3806048035621643
0.4239567220211029
0.401189923286438
0.4018497169017792
0.3882911503314972
0.3730312883853912
0.3585123717784881
0.47508659958839417
0.3175581991672516
0.4378672242164612
0.39313489198684687
0.34849610924720764
0.41805723309516907
0.4035935401916504
0.374788373708725
0.44862458109855646
0.37776923179626465
0.39811429381370544
0.4313817322254181
0.4133118987083435
0.40020695328712463
0.43385285139083857
0.4357700347900391
0.3624282479286194
0.3420015573501587
0.3923068940639496
0.3706932961940765
0.38398700952529913
0.3756161630153656
0.3886930644512177
0.4280795156955719
0.36582005023956293
0.3511892855167389
0.3885543048381805
0.4519790709018707
0.44250813126564026
0.4011326134204865
0.4413600862026215
0.4012864530086517
0.3338716328144073
0.3341938555240631
0.3547026216983795
0.356829047203064
0.3419085443019867
0.3689595460891724
0.39255747199058527
0.4611929357051849
0.3797994554042816
0.38675114512443537
0.4066878259181976
0.38899949193000793
0.40989744663238525
0.4001178443431854
0.37004703283309937
0.3809160888195038
0.4223282933235168
0.3868637382984161
0.41725122928619374
0.4138090908527374
0.38705047965049744
0.3753322660923004
0.4215696156024933
0.44055992364883423
0.326689213514328
0.3610808551311493
0.39015689492225647
0.4277236461639404
0.38405790925025934
0.35937830805778503
0.42490193247795105
0.3930710554122925
0.4676124155521393
0.4255016446113586
0.40545129776000977
0.3442314565181732
0.3529731035232544
0.3715721666812897
0.5035068988800049
0.38711330294609064
0.37120836973190313
0.3358643352985382
0.38156303763389593
0.4049694836139679
0.4843766987323761
0.4404905140399933
0.3923371136188507
0.42301663756370544
0.35772016644477844
0.4133953750133514
0.4190096855163574
0.3772477209568024
0.3195995390415192
0.3752228915691376
0.37590554356575007
0.43958130478858953
0.42803019285202026
0.425014466047287
0.3602231442928314
0.39445790648460394
0.3720867037773132
0.43916082382202154
0.36730220913887024
0.41044080257415766
0.38762566447258
0.394987553358078
0.45791622996330256
0.39074671268463135
0.3729120194911957
0.3900727927684784
0.42434290051460266
0.413329392671585
0.37791252136230474
0.4359159469604492
0.4299793541431427
0.4001234769821167
0.3723308444023132
0.35742858052253723
0.46987420320510864
0.3709609210491181
0.4449635446071625
0.41733625531196594
0.39803820848464966
0.36894121766090393
0.40798389911651606
0.3376685082912445
0.3457472026348114
0.39990559220314026
0.3655722439289093
0.418834775686264
0.4536574184894562
0.47839674353599543
0.36497026681900013
0.429866760969162
0.3987646996974945
0.3503217399120331
0.3702419698238373
0.4804573655128479
0.41292539238929754
0.4064373672008514
0.41726318001747126
0.40444055199623113
0.42427876591682434
0.41052272915840154
0.38165214657783514
0.38522985577583313
0.3754978775978088
0.40647634863853455
0.3630903661251068
0.3626879155635834
0.4376574754714966
0.35437873005867004
0.36057004332542414
0.3821000754833221
0.48198249936103826
0.4120338261127472
0.3826456367969513
0.34205543994903564
0.37153130769729614
0.3830071091651917
0.4055240452289581
0.48234578967094416
0.36463496088981623
0.458960235118866
0.4585804045200348
0.5017540454864502
0.4270597696304321
0.42261213064193726
0.4462401866912842
0.412855476140976
0.4176646173000336
0.4659167528152466
0.39372602105140686
0.3506188094615936
0.3668464720249176
0.39848142862319946
0.45147636532783514
0.4688098132610321
0.44858667254447937
0.45705661177635193
0.4474391341209412
0.474536806344986
0.46659216284751887
0.3851931095123291
0.3536935746669769
0.3799742162227631
0.4393923282623291
0.4256024360656738
0.3632260859012604
0.4387057423591614
0.38275215029716486
0.3829495012760162
0.4360003769397736
0.35645827651023865
0.3789303600788117
0.40579310059547424
0.41840612888336176
0.4239542484283447
0.3912819623947144
0.3380633592605591
0.43524971604347223
0.3815793097019196
0.3493958115577698
0.4247865676879882
0.3751010000705719
0.4455517530441284
0.433849573135376
0.33999925851821894
0.40041348338127136
0.4397042691707611
0.4307512938976288
0.4470734894275665
0.3780442476272583
0.3942345976829529
0.36916691064834595
0.4240401089191437
0.400797575712204
0.4109484255313873
0.35311564803123474
0.3650948107242584
0.35035780072212214
0.35230517387390137
0.3727802336215973
0.4264669120311737
0.436059683561325
0.384209543466568
0.42088812589645386
0.3592014014720917
0.43260541558265686
0.37791651487350464
0.41590455174446106
0.37515074014663696
0.42575183510780334
0.4442489445209503
0.37444522976875305
0.3826580345630646
0.4514943659305573
0.3913959562778473
0.3981933295726776
0.372795045375824
0.3994470238685608
0.4652217030525208
0.4452565610408783
0.3761973679065704
0.4276566207408905
0.3750689625740051
0.37435686588287354
0.39673781394958496
0.3745573461055756
0.38709825277328486
0.4209076762199402
0.3764467537403106
0.33456537127494806
0.40427699685096735
0.3809319734573364
0.3753602802753448
0.4522434175014496
0.3633837401866913
0.37632095813751215
0.38019642233848566
0.4668521583080292
0.35303664207458496
0.3644176423549652
0.3685353398323059
0.35480719804763794
0.42469868063926697
0.37240538001060486
0.41211640834808344
0.37542757391929626
0.32726070284843445
0.3923322856426239
0.37876591086387634
0.44138866662979126
0.42425957322120667
0.39174884557724
0.348709374666214
0.384294718503952
0.4263615608215332
0.4772155284881592
0.4006412923336029
0.4630678594112396
0.35223457217216486
0.47943571209907526
0.40012887120246887
0.4562970697879791
0.4123465418815613
0.43771785497665405
0.4338833093643189
0.381133109331131
0.42676487565040583
0.4418664276599884
0.37578630447387695
0.5200383663177489
0.40545317530632013
0.35719209909439087
0.4415286779403687
0.4144636690616608
0.4513729512691498
0.3830080032348633
0.37341949343681335
0.3911073803901672
0.35856130719184875
0.35897737741470337
0.34079042077064514
0.3620496690273285
0.3809243142604828
0.4108722507953644
0.3309006690979004
0.46266892552375793
0.4333049952983856
0.35858994722366333
0.4788191616535186
0.40088832378387446
0.44349357485771174
0.35864195227622986
0.3971711695194244
0.38610231876373285
0.36805388331413275
0.4124334752559662
0.34705057740211487
0.4345689117908478
0.45784351229667664
0.44198337197303766
0.3876781165599823
0.3797273635864258
0.3792957663536072
0.4183115065097809
0.4736860692501068
0.40013113617897034
0.37504604458808893
0.4054827392101288
0.43626633286476135
0.33921122550964355
0.3925922214984894
0.3679503500461578
0.40659454464912415
0.41630128026008606
0.3889712989330292
0.40095254778862
0.40338861942291254
0.3597894012928009
0.47497323155403137
0.3953101933002472
0.47343921661376953
0.3671889901161194
0.3346104919910431
0.4694177210330963
0.4802566766738892
0.4062480628490448
0.37142363190650934
0.3785970807075501
0.3761647641658783
0.42989411950111384
0.31561735272407526
0.3686963319778442
0.43168115615844727
0.35322535037994385
0.38603803515434265
0.4757010340690613
0.39677473902702326
0.3971393406391144
0.3812776505947113
0.37816247344017034
0.42782822251319885
0.40169480443000793
0.3780624866485596
0.44256728887557983
0.4588460624217987
0.3589954674243927
0.44505316019058233
0.3931885659694672
0.3995867371559143
0.39314937591552734
0.45955935120582575
0.37754738330841053
0.38992926478385925
0.364614337682724
0.37839409708976746
0.37891837954521174
0.43401545286178583
0.4468301832675934
0.42441579699516296
0.3789081275463104
0.3910402953624725
0.3817827105522156
0.474468857049942
0.4364213645458221
0.33238789439201355
0.4232827126979828
0.36872819066047674
0.4047404825687408
0.4000755548477173
0.3375585973262787
0.3468988239765167
0.39624729752540583
0.38944056630134577
0.3619140684604645
0.4133175909519196
0.4042708277702332
0.39173260331153864
0.37264788150787354
0.40182754397392273
0.3804145753383637
0.35627642273902893
0.4365282356739044
0.4642985463142395
0.36054131388664246
0.40408313274383534
0.3855727016925812
0.4048789441585541
0.3807141482830048
0.48432800173759455
0.3910688161849976
0.3920249938964844
0.36030563712120056
0.4515674710273743
0.38860616087913513
0.3753727972507477
0.3850775361061096
0.40631720423698425
0.3757943212985992
0.39787614345550537
0.3556256592273712
0.40979430079460144
0.4300734400749207
0.4923745691776276
0.3888842761516571
0.39080172777175903
0.3917982876300812
0.42885395884513855
0.4189645648002625
0.34026581048965454
0.3262273967266083
0.41833460330963135
0.362508088350296
0.44746372103691107
0.3630479872226715
0.4698859751224518
0.3965360224246978
0.46609380841255194
0.35294708609580994
0.39941486716270447
0.3708443343639374
0.38495203852653503
0.3704701960086823
0.3851597011089325
0.4134434461593628
0.36339715123176575
0.41256842017173767
0.4420386254787445
0.36716085672378546
0.38900864124298096
0.43104159832000727
0.36603316664695734
0.41907680034637446
0.4334761798381805
0.42740544676780706
0.4167734682559967
0.41686102747917175
0.44573774933815
0.41481885313987726
0.3844470083713531
0.40500661730766296
0.41901353001594543
0.37907907366752625
0.43897244334220886
0.35625508427619934
0.404584676027298
0.3914426267147064
0.5025660395622252
0.4231354892253876
0.33506178855896
0.43652281165122986
0.40157791972160334
0.4202948808670044
0.43337449431419367
0.3755132555961609
0.383860319852829
0.40187928080558777
0.39776286482810974
0.3600850701332092
0.3564310371875763
0.4415736496448517
0.4236161410808563
0.38882562518119806
0.42235469818115234
0.42484864592552185
0.36447659134864807
0.4520573318004608
0.45991083979606634
0.41830238699913025
0.3953004479408264
0.36052170395851135
0.5004787445068359
0.3832879960536957
0.4259696304798126
0.3815596401691437
0.38784867525100714
0.35196349024772644
0.43674609065055847
0.4728344678878784
0.39033669233322144
0.3642628490924835
0.38357755541801447
0.4375335574150085
0.4303331673145294
0.49409869313240046
0.34110575914382935
0.3638003468513489
0.39114996790885925
0.41698202490806574
0.4657005369663239
0.42505416274070734
0.38329932093620306
0.399511843919754
0.361539751291275
0.4605067670345306
0.3735467493534088
0.3944359719753265
0.4278770089149475
0.4588344991207122
0.39876726269721985
0.3518591821193695
0.3926098644733429
0.4083559811115265
0.4185913801193237
0.38360047340393066
0.3908825814723969
0.32129034399986267
0.4195932149887085
0.38869830965995783
0.41543126106262207
0.41939437389373774
0.4139675498008728
0.3903274834156036
0.3776797354221344
0.44209814071655273
0.39709132909774786
0.41893145442008967
0.3446072041988373
0.38219791650772095
0.4147324860095978
0.409759134054184
0.3933846950531006
0.3734309673309326
0.42267107963562006
0.36990833282470703
0.3896640539169312
0.4865002632141113
0.4533792734146118
0.3710164725780487
0.39183714985847473
0.38625612854957586
0.3733367621898651
0.4341841638088226
0.34622958302497864
0.41453817486763
0.36892196536064154
0.38935568928718567
0.370524525642395
0.3556685447692871
0.33700776100158686
0.362273097038269
0.4212022125720978
0.4201465845108032
0.39728307723999023
0.38800504803657526
0.4496011734008789
0.42537280917167664
0.5569416880607605
0.4628237187862396
0.3830227553844452
0.385833352804184
0.478556215763092
0.4527340531349182
0.36646923422813416
0.3764532506465912
0.39571830630302424
0.35864394903182983
0.4581580460071564
0.4380550086498261
0.3861927092075348
0.45911309123039246
0.47932806611061096
0.3894608318805695
0.3774011433124542
0.4051036536693573
0.41660708189010626
0.4848010540008545
0.3950801491737366
0.4043696224689484
0.4102219343185425
0.3932560980319977
0.4629903137683869
0.45900985598564154
0.38810941576957697
0.38813841342926025
0.425449937582016
0.4260497987270355
0.3901638686656952
0.4278937876224518
0.4663708209991455
0.3726794719696045
0.3839720785617828
0.42216339707374567
0.3666326105594635
0.4339719116687775
0.4142872393131256
0.36891642212867737
0.4640792906284332
0.3867167532444
0.45844414830207825
0.3794967830181122
0.3836415708065033
0.3463869094848633
0.3641745448112488
0.35056981444358826
0.44424137473106384
0.39468654990196234
0.37760731577873224
0.3907279074192047
0.41991838812828064
0.3819505870342255
0.42500272393226624
0.396958976984024
0.3556426465511322
0.35987403988838196
0.4367046654224396
0.4022298753261566
0.45841604471206665
0.5045151114463806
0.4053881168365479
0.3894484341144562
0.38524255156517034
0.4568721652030945
0.42653450369834894
0.3892447352409362
0.40439638495445246
0.40914326906204224
0.38130474090576166
0.39050617814064026
0.43115538358688354
0.3128613531589508
0.4151638448238373
0.38039889931678766
0.46767058968544006
0.4832485616207122
0.401360422372818
0.36909258365631104
0.3978777229785919
0.3683930337429047
0.39927598834037775
0.35535928606987
0.40135085582733154
0.3328844010829925
0.3882989883422852
0.45114320516586304
0.36371076107025146
0.3697332143783569
0.42673537135124207
0.36309754848480225
0.39969936013221746
0.4765858948230744
0.3884668350219727
0.3764494061470032
0.42408815026283264
0.40143272280693054
0.34461843967437744
0.46850740909576416
0.4561797678470612
0.39190271496772766
0.3984295725822449
0.4090481698513031
0.425073117017746
0.4453192055225372
0.41174980998039246
0.3741500079631805
0.4085302650928497
0.41902780532836914
0.37349578738212585
0.3700307607650757
0.446968138217926
0.4435310363769531
0.3894549310207367
0.4086299240589142
0.4140209257602692
0.49635663628578186
0.3791269063949585
0.43496724963188166
0.4085836112499237
0.35394084453582764
0.36244174838066096
0.4119249880313873
0.39307108521461487
0.41728353500366205
0.3399070203304291
0.3910936713218689
0.3921175897121429
0.36183992028236395
0.43916055560112
0.36228871345520014
0.43940261006355286
0.338325172662735
0.4159362614154816
0.3416658937931061
0.36628633737564087
0.3936147391796112
0.37858617305755615
0.43504562973976135
0.4454710483551025
0.4402797520160675
0.36380869150161743
0.39152142405509943
0.35440683364868164
0.3751888275146484
0.3901637494564056
0.3596685528755188
0.48543640971183777
0.4009176194667816
0.3780511915683746
0.39350029826164246
0.38581824302673334
0.3977886438369751
0.3578580915927887
0.39389887452125544
0.42482551932334894
0.3889711201190949
0.41357460618019104
0.45919412374496454
0.38456940650939936
0.4118934273719788
0.3425332605838776
0.47933584451675415
0.4662768244743347
0.37617680430412287
0.3789621293544769
0.3636573851108551
0.3670760095119476
0.389714241027832
0.44119551777839666
0.45694538950920094
0.44163280725479126
0.4146396517753601
0.42896518111228943
0.3764213025569916
0.3822697103023529
0.36521387100219727
0.39327421784400934
0.3680315315723419
0.4484201967716217
0.40280613303184504
0.3722853362560272
0.34839710593223566
0.394692212343216
0.4502582848072052
0.3654408156871796
0.34775510430336
0.3909274637699127
0.38865414261817927
0.38356199860572815
0.4089787900447845
0.4089014530181885
0.43849483132362366
0.4890357255935669
0.412742406129837
0.3684031069278717
0.3641264140605927
0.36796894669532776
0.4809544384479522
0.37039056420326233
0.3629238605499268
0.40986812114715576
0.361657589673996
0.43788543343544006
0.3814207017421722
0.36324897408485407
0.4058076441287994
0.38726758956909174
0.37346670031547546
0.38009533286094666
0.3820048272609711
0.46772858500480646
0.4515997767448425
0.3692358136177063
0.40177297592163086
0.44570836424827576
0.39040866494178766
0.39336234331130976
0.42973926663398737
0.3747621178627014
0.3831554353237152
0.3734882175922394
0.3784259259700775
0.5086913108825684
0.4275861382484436
0.37548276782035833
0.40987351536750793
0.41516998410224915
0.38573333621025085
0.39017024636268616
0.3816085755825042
0.32067883014678955
0.4119950234889984
0.43514743447303766
0.4571863412857056
0.38326799869537354
0.3690950572490692
0.3681572079658508
0.4331644773483276
0.3757287561893463
0.4504879415035248
0.3942647278308869
0.4378362596035004
0.47371402382850647
0.38339349627494806
0.37561473250389094
0.4561206698417664
0.42457166314125055
0.41217109560966486
0.4326734840869904
0.4254916608333588
0.4517734348773956
0.37157571315765375
0.35907632112503046
0.3537028729915619
0.4222352206707001
0.4327210485935211
0.37593129277229304
0.3902758955955505
0.3749123811721802
0.38388678431510925
0.3716351389884949
0.3849623203277588
0.3818466365337372
0.3699764907360077
0.4014959633350372
0.4436463415622711
0.4282700717449188
0.4042340219020844
0.3796305954456329
0.3886628448963165
0.4191639423370361
0.41650235652923584
0.3625815510749817
0.40350374579429626
0.43875059485435486
0.3875910341739655
0.4038693904876709
0.416818231344223
0.40203991532325745
0.40074935555458074
0.40312615036964417
0.3936912715435028
0.45814618468284607
0.39689597487449646
0.3555928170681
0.4882406890392304
0.49532610177993774
0.41404274106025696
0.39258721470832814
0.4593067467212677
0.4564418792724609
0.4052760899066925
0.4449096918106079
0.32249012589454645
0.4192155599594116
0.377350389957428
0.39834764599800104
0.42692688107490534
0.4269698560237885
0.3553918302059173
0.40723571181297297
0.4667735397815704
0.3958694040775299
0.4248044788837433
0.389346718788147
0.421696811914444
0.40712621808052063
0.49989566206932073
0.39374303817749023
0.4026511013507843
0.4457853138446808
0.4214196503162384
0.3925037086009979
0.36007794737815857
0.4077252745628357
0.3863702118396759
0.4055485427379608
0.4286839962005615
0.3855989873409271
0.39021006226539606
0.4092234671115875
0.4092437326908112
0.4010086953639984
0.3777320086956024
0.3484978973865509
0.41309258341789246
0.3927127718925476
0.40014031529426575
0.39486017823219294
0.4680921137332916
0.3759144842624664
0.4243526458740234
0.45338186621665955
0.4206214249134064
0.3661027848720551
0.3902357518672943
0.37582895159721375
0.4055083096027374
0.3798538148403168
0.35801297426223755
0.39799836277961725
0.35292771458625793
0.45013940334320074
0.43114206194877613
0.44566866755485535
0.4422107934951782
0.35520187020301813
0.379637986421585
0.4463806450366974
0.39889591932296753
0.4262169897556305
0.47039470076560974
0.3963388502597809
0.39350488781929016
0.32432195544242853
0.3813069760799408
0.38854825496673584
0.45745125412940973
0.4601176381111145
0.41268637776374817
0.3867757022380829
0.38749808073043823
0.3791404962539673
0.37566614151000977
0.4053047597408295
0.383035272359848
0.3986054062843322
0.41605874896049494
0.4190093278884888
0.4090111553668976
0.419404536485672
0.4225035011768341
0.44935601949691767
0.4843526184558869
0.5009051561355591
0.4203062951564789
0.3744507730007172
0.43349888920784
0.4389773309230805
0.38011786341667175
0.43696472048759455
0.42270705103874207
0.3893128037452698
0.4322232007980346
0.42474809288978577
0.3588232100009918
0.36395278573036194
0.39278495311737055
0.40184175968170166
0.34996333718299866
0.5105202794075012
0.48280274868011475
0.3589498996734619
0.3279130160808563
0.4151795506477356
0.35590609908103943
0.3882386386394501
0.39135500788688654
0.3937976658344269
0.3708641231060028
0.3579138219356537
0.38988456130027765
0.357649028301239
0.4533179700374603
0.3785769939422608
0.3772964179515839
0.3600427508354187
0.4575269520282745
0.38307294249534607
0.38231411576271057
0.343708872795105
0.42050549387931824
0.4324487149715424
0.3430580198764801
0.3908813893795013
0.3967711925506592
0.3681546151638031
0.4333718419075012
0.381803959608078
0.3998759686946869
0.4871111214160919
0.4294685125350952
0.39888772368431086
0.4539125263690949
0.3981029391288757
0.41831994056701666
0.446965366601944
0.3792819678783417
0.4119148552417755
0.3790239989757538
0.3968491852283478
0.4053129553794861
0.38722142577171326
0.34046670794487
0.3497772514820099
0.36533951759338373
0.46868008375167847
0.42420664429664606
0.4371088147163391
0.3925265371799469
0.4324028789997101
0.44377389550209045
0.41815072298049927
0.44740852713584894
0.5111187696456909
0.3785124719142914
0.3826833069324493
0.4197439253330231
0.41808632016181946
0.37959328293800354
0.384725958108902
0.3935525119304657
0.3637510240077973
0.40883991122245783
0.3597746193408966
0.3621051609516144
0.48195409774780273
0.34966814517974854
0.3486320376396179
0.3999839723110199
0.4036366641521454
0.37883892655372614
0.35808175802230835
0.3579186797142029
0.3650122880935669
0.3864556849002838
0.3680050671100616
0.4190836548805237
0.37907999753952026
0.4501459896564484
0.3695207536220551
0.35424700379371643
0.43664285540580744
0.3663029968738556
0.37988147139549255
0.36379984021186823
0.4225868284702301
0.38221612572669983
0.47527346014976496
0.3696730434894562
0.3858737647533417
0.4376346170902252
0.4907051026821136
0.3347729742527008
0.39499685168266296
0.3510395884513855
0.4166766703128815
0.3970083892345429
0.34307360649108887
0.38687416911125183
0.4016152918338776
0.3613581955432892
0.3938135802745819
0.4074034988880157
0.46385127305984497
0.3896996080875397
0.41218674182891846
0.3725302815437317
0.39628231525421137
0.4441809952259064
0.3585977852344513
0.37638494372367853
0.36967018246650696
0.3623174726963043
0.4031350612640381
0.343369334936142
0.3716572821140289
0.4197018444538117
0.35346218943595886
0.4565733075141906
0.46155491471290583
0.41789743304252625
0.3730274736881256
0.39104893803596497
0.3557172417640686
0.349969744682312
0.44938233494758606
0.35358142852783203
0.4492756724357605
0.4229183793067932
0.4866548478603363
0.41320839524269104
0.4088511765003204
0.4574906527996063
0.3809772431850433
0.35307577252388
0.4742325842380524
0.3609174191951752
0.45315292477607727
0.36808606982231135
0.3811694383621216
0.48130455613136286
0.42359507083892817
0.3553283512592316
0.3726439476013184
0.41353216767311096
0.4675684869289398
0.3708000779151917
0.44221878051757807
0.3879133760929108
0.3851983547210693
0.44906800985336304
0.44679042696952814
0.44966134428977966
0.43551728129386896
0.42503681778907776
0.4169241487979889
0.3699935972690582
0.40168091654777527
0.4143083989620209
0.3421970307826996
0.34136995673179626
0.3721275627613068
0.4049354195594788
0.36889612674713135
0.38196429610252386
0.40669354796409607
0.3878318667411804
0.3913992643356323
0.3809197843074799
0.3799574077129364
0.3636232912540436
0.44114968180656433
0.3928035199642181
0.36815354228019714
0.42082023620605463
0.3937052488327026
0.3722197413444519
0.39533326029777527
0.3622019588947296
0.4340943992137909
0.39598125219345087
0.35113883018493647
0.4779917895793914
0.3768833577632904
0.4283043742179871
0.40548041462898254
0.3994235098361969
0.4406126141548157
0.4173945486545562
0.431314080953598
0.3423338234424591
0.38858702778816223
0.37963226437568653
0.35226246714591974
0.42732515931129456
0.3689145743846893
0.38579824566841125
0.4480545818805695
0.3879430890083313
0.37131223082542414
0.4339640140533447
0.4426534175872802
0.39330887794494634
0.3895631432533264
0.4419092833995819
0.3735079169273376
0.3865358531475067
0.47840091586112976
0.3855569362640381
0.3982370495796204
0.3556683659553528
0.4159844219684601
0.3779935538768768
0.38192179799079895
0.41002529859542847
0.4542352855205536
0.3843031525611877
0.37859940528869623
0.38884103298187256
0.36779370903968805
0.4335358142852783
0.45732524991035456
0.3576725423336029
0.39952993392944336
0.4215764105319977
0.3616523146629333
0.42425385117530817
0.3717416822910309
0.4241392016410828
0.371046245098114
0.3887327909469605
0.3634222447872162
0.3779180347919464
0.43166154623031616
0.41278329491615295
0.4029069244861602
0.4333989322185516
0.3588828146457672
0.4783842861652374
0.3682182133197784
0.42215135693550104
0.3582530915737152
0.3655470609664917
0.38045123219490046
0.44234174489974976
0.4342583119869232
0.41650804877281195
0.4358858466148376
0.38042980432510376
0.41961503028869623
0.4019861519336701
0.45603671669960016
0.35018303990364075
0.3933851420879364
0.39873048663139343
0.40543776750564575
0.49698445200920094
0.36374375224113453
0.4188872873783112
0.398329108953476
0.3535041809082031
0.3939207792282104
0.37065321207046503
0.41329744458198553
0.4579077661037445
0.4182962477207184
0.4629245698451996
0.48782089352607727
0.35557404160499567
0.4168471992015839
0.36613520979881287
0.4068221151828766
0.3957243859767914
0.37909984588623047
0.4169503152370453
0.42484888434410095
0.365492969751358
0.37317904829978943
0.4202223420143128
0.439054399728775
0.3914284408092498
0.4208711087703705
0.37154263257980347
0.40060231089591974
0.4041837453842163
0.45342132449150085
0.39405214786529535
0.3675899505615234
0.3905485868453979
0.39130464196205134
0.39524844288825994
0.3504857718944549
0.40546295046806335
0.40019714832305914
0.4101023375988007
0.4532084167003632
0.4439278542995453
0.3992807865142822
0.396384984254837
0.3607281744480133
0.38188984990119934
0.37323060631752014
0.39549097418785095
0.3650260865688324
0.420440137386322
0.3674649298191071
0.38165491819381714
0.3472253978252411
0.443009614944458
0.424096792936325
0.405754417181015
0.3819818794727325
0.4107282757759094
0.37140944600105286
0.40716579556465143
0.3721543550491333
0.36767813563346863
0.4371341466903687
0.39060434699058527
0.45912262797355646
0.39745551347732544
0.4253745973110199
0.40713617205619806
0.4621476233005524
0.4404434263706207
0.41018030047416687
0.37387567758560175
0.38335627317428583
0.43718016147613525
0.45445114374160767
0.3254345655441284
0.41217860579490656
0.42747941613197327
0.4497223198413849
0.39818200469017034
0.3955602049827576
0.4315132796764374
0.36802098155021673
0.3918087780475616
0.421391636133194
0.4533255398273468
0.36821201443672175
0.45156762003898626
0.4025050103664398
0.4352726638317108
0.36617007851600647
0.3935215473175049
0.3934831321239472
0.41122066974639887
0.4108076393604279
0.39245656132698054
0.42248260974884033
0.37165418267250067
0.3244611322879791
0.33663687109947205
0.3841888606548309
0.38851132988929754
0.3534238040447235
0.39277806878089905
0.37786170840263367
0.4146175682544708
0.4798217117786408
0.40266087651252747
0.41050079464912415
0.3673348724842072
0.36004838347435
0.37721124291419983
0.3923909664154053
0.4602912962436676
0.3934090435504913
0.3997321426868439
0.3621869385242462
0.41800615191459656
0.3826735317707062
0.39414808154106146
0.4411970674991608
0.388277143239975
0.36576262116432184
0.35053780674934387
0.39188584685325617
0.3883115351200104
0.44263043999671936
0.4090054035186768
0.45276793837547297
0.42138740420341486
0.4835775792598724
0.3435436189174652
0.3597360551357269
0.45625549554824824
0.3927388489246368
0.3629982471466064
0.33203011751174927
0.4077969491481781
0.4427092373371124
0.4158284366130829
0.4018722474575042
0.3812779486179352
0.3626038730144501
0.3626128435134888
0.4543525874614716
0.4499888420104981
0.38577669858932495
0.4023644924163818
0.36989089846611023
0.44645830988883967
0.4444984495639801
0.3465560972690582
0.3837183117866516
0.35028597712516785
0.42168071866035456
0.4595958888530731
0.38655194640159607
0.3212505280971527
0.3758767545223236
0.40654399991035456
0.4314745962619781
0.3771218061447144
0.4766411781311035
0.3954722583293914
0.37333890795707697
0.3703719675540924
0.3556327521800995
0.36029800772666926
0.35633042454719543
0.42533993721008306
0.36536309123039246
0.4008567333221436
0.40596339106559753
0.3765190243721008
0.3965106308460236
0.4363553822040558
0.33055076003074646
0.37867596745491033
0.4367670118808746
0.3491698503494262
0.3587949573993683
0.4491662085056305
0.42995998263359064
0.38432320952415466
0.41631278395652765
0.42124953866004944
0.4453321993350983
0.4529080092906952
0.3833684027194977
0.40528056025505066
0.3753602802753448
0.405914694070816
0.48399463295936573
0.36529138684272766
0.5066760182380676
0.4116768538951874
0.4452158212661743
0.37514284253120417
0.36050686240196234
0.42432269454002386
0.37857672572135925
0.42080458998680115
0.4927788972854614
0.3799127638339996
0.40809389948844904
0.413941353559494
0.40988060832023615
0.4196678102016449
0.3573833703994751
0.46519127488136286
0.49285176396369934
0.4177915155887604
0.3843897879123688
0.3885838091373444
0.43706181645393366
0.3738200962543488
0.4137854874134064
0.3720597624778748
0.3624005019664765
0.3807723820209503
0.4012400805950165
0.41537192463874817
0.37903359532356257
0.39674443006515503
0.3920852839946746
0.34393227100372314
0.38012859225273127
0.3532255291938782
0.3958836793899536
0.34036412835121155
0.4464194178581238
0.4774684011936188
0.43525704741477966
0.34259742498397827
0.45135834813117987
0.4195127785205841
0.4109088182449341
0.41308930516242975
0.3721920549869537
0.3604272603988648
0.35901239514350886
0.41300317645072937
0.3668038249015808
0.43425822257995605
0.39347857236862177
0.36070877313613886
0.40583881735801697
0.3789335787296295
0.3954523503780365
0.3954775333404541
0.3581400215625763
0.47855010628700256
0.39920619130134577
0.400169163942337
0.3384707272052765
0.39596346020698553
0.43767228722572327
0.35182204842567444
0.35452666878700256
0.34858766198158264
0.40541839599609375
0.3920068740844727
0.39119631052017206
0.42363291978836054
0.40640085935592646
0.4210766851902008
0.446620911359787
0.3617794811725616
0.3746965825557709
0.3965069651603698
0.44839027523994446
0.37577229738235474
0.3597508668899536
0.3570844829082489
0.37355533242225647
0.4213798344135285
0.4061252176761627
0.3929248452186584
0.42865639925003046
0.4195382297039032
0.34947147965431213
0.37152457237243647
0.3676436245441437
0.4346755743026733
0.3814667761325836
0.385835200548172
0.49505892395973206
0.42984127998352045
0.47016689181327814
0.3674613535404205
0.3898642659187317
0.4123893678188324
0.34408771991729736
0.4374838173389434
0.4183560311794281
0.4634641110897064
0.44554755091667175
0.4149890244007111
0.4620786905288696
0.3659350275993347
0.4251076877117157
0.4109020531177521
0.38740044832229614
0.46994093060493464
0.49075028300285334
0.4241827726364136
0.5631368756294249
0.41476634144783026
0.458602100610733
0.3795681297779083
0.4333643317222595
0.4796384871006012
0.4457071125507354
0.35168331861495966
0.4423756897449493
0.39160701632499695
0.4342069923877716
0.4862884879112244
0.41908326745033264
0.3941604197025299
0.4523800611495972
0.373962938785553
0.3808504343032837
0.3732657730579376
0.37604507803916926
0.45912030339241033
0.35825037956237793
0.3921236395835877
0.33941325545310974
0.4061084985733032
0.3934239447116852
0.363896757364273
0.45479056239128113
0.3689107000827789
0.4126720726490021
0.46912646293640137
0.43536928296089167
0.43124794960021967
0.34530854225158686
0.4250483810901642
0.38384670019149775
0.3636022210121154
0.36573526263237
0.35296937823295593
0.374106764793396
0.410716325044632
0.4181282818317413
0.38464275002479553
0.4643549025058746
0.3841076791286469
0.4566613435745239
0.4476437866687775
0.397805780172348
0.38448259234428406
0.3999690711498261
0.4013074636459351
0.4156282246112824
0.3563498556613922
0.36248046159744257
0.42174020409584045
0.44181933999061584
0.38498151302337646
0.36829027533531195
0.38484543561935425
0.3809466063976288
0.3888240158557892
0.4502687156200409
0.42257946729660034
0.4004953503608704
0.39086511731147766
0.3911458849906921
0.37767228484153753
0.415537029504776
0.38339537382125854
0.37430587410926813
0.38424307107925415
0.4491950571537018
0.47963044047355646
0.4207507371902466
0.4186216294765472
0.3734247982501984
0.3772718012332916
0.3881303071975708
0.4541960656642914
0.34438058733940125
0.3840786218643189
0.3900683224201202
0.3724175989627838
0.3857382833957672
0.42083045840263367
0.3328140079975128
0.4523478150367737
0.3844926655292511
0.34165772795677185
0.44133472442626953
0.3660241961479187
0.37941321730613703
0.4392638504505157
0.4420552849769592
0.3800572752952576
0.3329034149646759
0.47288021445274353
0.3913584053516388
0.3959636986255646
0.3639074563980103
0.4150563180446625
0.3707626461982727
0.35403820872306824
0.39542660117149353
0.45811960101127613
0.40770092606544495
0.42645981907844543
0.3830672204494476
0.39036455750465393
0.4350222051143646
0.3800677359104157
0.5025454163551331
0.4044977128505706
0.37301573157310486
0.3765368461608887
0.4314180314540863
0.34376412630081177
0.4627454280853272
0.3841474950313568
0.39557644724845886
0.3855328559875488
0.35676923394203186
0.37109014391899114
0.4005910456180573
0.44592818617820734
0.4556392729282379
0.5115851759910583
0.416693925857544
0.3393511474132538
0.38040485978126526
0.393552839756012
0.3806093633174896
0.4154965579509735
0.37693154811859125
0.3891580402851105
0.378375232219696
0.384970337152481
0.4296753108501434
0.4428974688053131
0.4068620502948761
0.39563921093940735
0.3933700323104858
0.3843713104724884
0.40894776582717896
0.3742489516735077
0.3705009818077088
0.4103400707244873
0.443574458360672
0.38098224997520447
0.43646007776260376
0.4603939950466156
0.38247674703598017
0.4495885074138641
0.46274009346961975
0.3960634768009186
0.4657038152217865
0.49033829569816584
0.4214118421077728
0.34799376130104065
0.4086565673351288
0.3702233135700226
0.4172879755496978
0.35490152239799494
0.4332885444164276
0.41173651814460754
0.36773279309272766
0.46954458951950073
0.41057753562927246
0.4547678530216217
0.41709223389625544
0.4131692945957184
0.42216917872428894
0.38407126069068903
0.4467889666557312
0.4210728108882904
0.4391149878501892
0.455515056848526
0.3884307444095612
0.3977605998516082
0.4014134705066681
0.35052916407585144
0.38763841986656183
0.4335698187351226
0.3511495888233185
0.4278862774372101
0.39003774523735046
0.4353324174880981
0.43664857745170593
0.45393040776252747
0.378743439912796
0.4104865491390228
0.4350703060626984
0.34798648953437805
0.36494520306587214
0.3995090126991272
0.35324183106422424
0.4583269357681274
0.3807314932346344
0.3352021872997284
0.41658028960227966
0.38345238566398626
0.5050102472305298
0.3862587511539459
0.3819989264011383
0.3758524656295776
0.4031981527805328
0.4136503338813782
0.4152639508247376
0.4164569675922394
0.37620946764945984
0.37346097826957697
0.43044281005859375
0.41045337915420527
0.39473810791969294
0.39774894714355463
0.3825801014900208
0.3870210349559784
0.3791734278202057
0.36253497004508967
0.40772220492362976
0.41342571377754206
0.3849835693836212
0.4490841329097748
0.3447106778621673
0.34389588236808777
0.3985473811626434
0.411518931388855
0.4540250599384308
0.42896041274070734
0.41385278105735773
0.3158774971961975
0.3849387168884277
0.495655745267868
0.367270141839981
0.35848286747932434
0.3533869683742523
0.38794478774070734
0.35613760352134705
0.3423050045967102
0.444939523935318
0.3902044892311096
0.37235775589942927
0.4332301914691925
0.4312260448932648
0.3937811851501465
0.3687460720539093
0.3916735053062439
0.33556872606277466
0.379425585269928
0.46296104788780207
0.3716017603874207
0.3878761231899261
0.35893943905830383
0.43949979543685913
0.39991810917854315
0.45149400830268854
0.3915476202964783
0.38683763146400446
0.4283725917339325
0.3327705264091492
0.3655773103237152
0.35790392756462097
0.3744632303714752
0.358752578496933
0.37507736682891846
0.34537798166275024
0.43497127294540405
0.3423449695110321
0.3563441336154938
0.42065015435218805
0.3767331838607788
0.37205338478088373
0.4388353526592255
0.40938761830329895
0.4305572807788849
0.4803519248962402
0.45203244686126715
0.43545815348625183
0.4016849994659424
0.39503195881843567
0.3640544712543488
0.3775542378425598
0.4054610729217529
0.36589640378952026
0.4229651987552642
0.3737406134605408
0.3767457902431488
0.42573606967926025
0.42397168278694153
0.4360922276973724
0.3186130225658417
0.44217976927757263
0.38961729407310486
0.4449061453342438
0.3862524926662445
0.46380752325057983
0.419355422258377
0.4337458908557892
0.3728959858417511
0.43041267991065973
0.3647691309452057
0.3789729773998261
0.3798967301845551
0.3391208052635193
0.38936296105384827
0.4528622031211853
0.38011497259140015
0.41975858807563776
0.47677630186080927
0.428450733423233
0.4652310311794281
0.4128921926021576
0.46369403600692743
0.3439188599586487
0.40805226564407354
0.39728131890296936
0.4225387573242188
0.4149526059627533
0.4162626564502716
0.4785223007202149
0.35827112197875977
0.38847288489341736
0.39313268661499023
0.3685680031776428
0.4287932813167572
0.4125085771083832
0.3708321750164032
0.3453373312950134
0.38346108794212336
0.3980774581432343
0.4157599210739136
0.4358696043491364
0.42860421538352966
0.3638564646244049
0.33791694045066833
0.4048955738544464
0.4482592046260834
0.4815769493579865
0.40308806300163275
0.4052926003932953
0.38267990946769714
0.4095767140388489
0.35559895634651184
0.44002941250801086
0.3794110715389252
0.44538059830665594
0.38866773247718805
0.397297590970993
0.4300643503665924
0.43596863746643066
0.373695969581604
0.45185145735740656
0.40711733698844904
0.4826208651065826
0.3605775833129882
0.4005210697650909
0.30871546268463135
0.39719521999359125
0.4329549670219421
0.37720429897308344
0.3870366215705872
0.3853242695331573
0.40749087929725647
0.3800621628761292
0.41408643126487726
0.46934810280799866
0.41575637459754944
0.40338441729545593
0.38468647003173834
0.3562479019165039
0.4139374792575836
0.40665772557258606
0.3557846248149872
0.3423505127429962
0.35126152634620667
0.399022787809372
0.3867418169975281
0.40689775347709656
0.34655502438545227
0.389631986618042
0.4370373487472534
0.45333454012870794
0.37580397725105286
0.37420800328254694
0.3553920090198517
0.372310996055603
0.35439154505729675
0.42695686221122736
0.3961898386478424
0.3884265422821045
0.426880806684494
0.3780737817287445
0.4568468630313873
0.3938154876232147
0.4080326557159424
0.3927399218082428
0.3951096832752228
0.3099158108234405
0.3646871149539948
0.40044537186622614
0.37310168147087097
0.3949352204799652
0.4357118308544159
0.40309605002403254
0.3886322677135468
0.4152462780475616
0.4363569915294647
0.3523326814174652
0.4501865804195404
0.43560925126075745
0.43832516670227045
0.379692941904068
0.46658015251159674
0.4092492163181305
0.38858601450920094
0.34585961699485773
0.3619965016841888
0.4280665814876556
0.3933947682380676
0.3537124693393707
0.44265642762184143
0.4014061391353607
0.46800729632377613
0.4185742139816284
0.3664299249649048
0.40830335021018976
0.36700770258903503
0.39948645234107966
0.39153414964675903
0.3648947179317474
0.3337719738483429
0.3267083764076233
0.4195673167705536
0.4269138276576996
0.37009730935096735
0.4171821177005768
0.39298185706138605
0.3643259406089783
0.4206550717353821
0.45782724022865295
0.41458940505981445
0.377393513917923
0.4322982728481293
0.41730386018753046
0.3813117742538452
0.41627293825149536
0.4622890651226044
0.4509722888469696
0.3862240016460418
0.3322056233882904
0.3771904706954956
0.3764889538288117
0.38681128621101374
0.3706513047218322
0.37038007378578186
0.4141927659511566
0.3955283463001251
0.43174648284912104
0.4439454674720764
0.3768396973609924
0.36250993609428406
0.4147204458713531
0.3944596350193024
0.4459968209266663
0.40835782885551447
0.4418251216411591
0.4335322678089142
0.35325029492378235
0.4422958791255951
0.43242499232292175
0.37603843212127686
0.3200351893901825
0.3702578842639923
0.4293494522571564
0.4277120232582092
0.4433206617832184
0.4647815525531769
0.435787171125412
0.41152951121330256
0.3826092779636383
0.393126517534256
0.4364934861660004
0.3501403629779816
0.4540014564990997
0.40310966968536377
0.3881138265132904
0.4101833403110504
0.4752875864505768
0.35831838846206665
0.43020942807197565
0.37404415011405934
0.4884756207466125
0.38788244128227234
0.3654939830303192
0.3877584040164948
0.36611139774322504
0.3629683554172516
0.4343923032283783
0.3994906842708588
0.4037330448627472
0.4195885360240936
0.3816722333431244
0.4007258713245392
0.3725537359714508
0.42229962348937994
0.4234045445919037
0.3452280461788177
0.3897751271724701
0.4021875858306885
0.41039416193962097
0.4050271213054657
0.426323801279068
0.3568890690803528
0.4889250695705414
0.3904061019420624
0.390227735042572
0.42383810877799993
0.4350026547908783
0.3880954384803772
0.36352124810218805
0.4190838634967804
0.4000476896762848
0.37079563736915594
0.3597795367240906
0.42134940624237055
0.3702686727046967
0.389934629201889
0.40393897891044617
0.34024667739868164
0.36224165558815
0.38942414522171026
0.36723083257675165
0.41287943720817566
0.3702167868614197
0.3827498257160186
0.4346524477005005
0.4766679108142853
0.455656498670578
0.41249546408653254
0.4999916851520538
0.3776229619979858
0.435774952173233
0.3845948874950409
0.40905651450157166
0.38474950194358826
0.39091899991035456
0.42520618438720703
0.3905362188816071
0.3950267136096954
0.445832222700119
0.3437882661819458
0.44695597887039185
0.378412276506424
0.4620780050754547
0.43354949355125433
0.3880976736545562
0.3612511456012726
0.4403798282146454
0.40562203526496887
0.3751693069934845
0.4393340051174164
0.34537249803543085
0.37470853328704834
0.40920147299766546
0.4348485767841339
0.46043786406517034
0.4055371582508087
0.3612043261528015
0.3757545948028565
0.44137507677078247
0.3712827563285828
0.3538256883621216
0.37499174475669855
0.3893135488033295
0.4331152141094208
0.416465699672699
0.38401043415069586
0.43612250685691833
0.36423042416572565
0.39444139599800104
0.38205170631408686
0.37468874454498285
0.35081425309181213
0.4419477880001068
0.3913229703903198
0.44649946689605713
0.39996775984764094
0.34877559542655945
0.3770444393157959
0.4639371335506439
0.43459823727607727
0.3879118859767914
0.4015225470066071
0.41355511546134954
0.3931747376918793
0.35651555657386774
0.5057784914970398
0.39945200085639954
0.3563753664493561
0.35765412449836725
0.4069861173629761
0.4356132745742798
0.39780548214912415
0.41340979933738714
0.34291061758995056
0.36084261536598206
0.4411447942256928
0.418063759803772
0.3634816110134125
0.40701422095298767
0.3953899741172791
0.4355759620666504
0.48757967352867126
0.38069596886634827
0.368132084608078
0.4716590940952301
0.3968224227428436
0.3937406241893768
0.3805794715881348
0.420470267534256
0.35022640228271484
0.42449507117271423
0.42868915200233454
0.4043073356151581
0.357959657907486
0.46317920088768005
0.3849493861198425
0.4252370893955231
0.3757175505161285
0.455102413892746
0.44750866293907166
0.3883611857891082
0.3811066448688507
0.39402440190315247
0.43047383427619934
0.3745826184749603
0.3516071438789368
0.41778302192687994
0.44777175784111023
0.34682488441467285
0.502949059009552
0.4011372625827789
0.4429530799388885
0.3724004328250885
0.4671783745288849
0.3685971200466156
0.3920889794826508
0.38552364706993103
0.4363446235656738
0.38374242186546326
0.3698915541172028
0.4150674641132354
0.391105443239212
0.35795751214027405
0.3564317226409912
0.35106369853019714
0.37513104081153864
0.40666219592094416
0.38642567396163935
0.40525665879249567
0.3863682746887207
0.44282886385917664
0.3766089975833893
0.3991028368473053
0.4396266639232635
0.3579685389995575
0.396731823682785
0.4246442019939423
0.4716798961162567
0.45025983452796936
0.38505074381828314
0.39261767268180847
0.44549423456192017
0.40343448519706726
0.43685212731361384
0.4023467004299164
0.37873449921607966
0.3449726998806
0.44938984513282776
0.45299181342124933
0.386926144361496
0.39646485447883606
0.4284633696079254
0.41087347269058233
0.36101654171943665
0.3713187277317047
0.41818830370903015
0.38359513878822327
0.37284132838249207
0.3525715172290802
0.3998240828514099
0.4201392233371735
0.4130847752094269
0.394024521112442
0.35710346698760986
0.48586270213127136
0.4060808420181274
0.4348557889461517
0.4145824015140533
0.4145053029060364
0.44434854388237
0.4261679947376251
0.3969356119632721
0.49978151917457586
0.40889373421669006
0.3846671581268311
0.4162733554840088
0.3656209409236908
0.3542877435684204
0.363850325345993
0.3884373605251312
0.42436262965202326
0.41801735758781433
0.3786949813365936
0.3696519732475281
0.40368154644966125
0.3440549671649933
0.4274756908416748
0.4173091053962708
0.3677980303764343
0.35231754183769226
0.4267655313014984
0.393459290266037
0.39252629876136774
0.37003526091575617
0.3888122737407684
0.36270034313201904
0.3459506332874298
0.41109326481819153
0.39466550946235657
0.4684816300868988
0.42579317092895513
0.4482362568378448
0.367931604385376
0.36981281638145447
0.37642180919647217
0.37681278586387634
0.40495991706848145
0.42932444810867304
0.38821709156036377
0.38392332196235657
0.3583521842956543
0.3817256689071655
0.3682560622692108
0.387959897518158
0.4246789515018463
0.36781772971153254
0.4399647414684296
0.3775314092636108
0.44561505317687994
0.4170970618724823
0.4151565730571746
0.4013110101222992
0.45764920115470886
0.4207819998264313
0.4088485836982727
0.40302154421806335
0.418621301651001
0.41179788112640386
0.4474654495716095
0.38110974431037903
0.42302539944648737
0.3715662062168121
0.43113958835601807
0.4028395712375641
0.46498975157737726
0.48918929696083063
0.3592123091220856
0.42507204413414
0.36227813363075256
0.4530836343765258
0.3672608733177185
0.4180079400539398
0.49849805235862726
0.36645260453224177
0.34998711943626404
0.4172427952289581
0.37452542781829834
0.4020510613918304
0.3853197395801544
0.4690815210342407
0.35705482959747314
0.43020921945571894
0.43666461110115046
0.38328477740287775
0.44025483727455134
0.48059603571891774
0.3977825343608856
0.3853084743022919
0.38257852196693426
0.3433993756771088
0.386170357465744
0.36638906598091125
0.4211548268795013
0.4329603612422943
0.4382303059101105
0.4594127237796784
0.42339929938316345
0.38374242186546326
0.3750609457492828
0.46067270636558527
0.4002750813961029
0.4411841928958893
0.4731386005878448
0.4026073515415192
0.428435355424881
0.4636363983154297
0.36763945221900934
0.37350186705589294
0.38089248538017273
0.36050620675086975
0.4213727116584778
0.5096449851989746
0.35990121960639954
0.3925845921039581
0.457147628068924
0.45853707194328314
0.43816399574279785
0.3961586058139801
0.41171440482139593
0.3702686727046967
0.34291478991508484
0.3729230463504791
0.37914609909057617
0.3621907234191895
0.4167912006378174
0.4390985369682312
0.4084630906581879
0.3612341582775116
0.4040107131004333
0.36292830109596247
0.4140916168689728
0.3715447783470154
0.35199111700057983
0.3846937417984009
0.4123775064945221
0.3586338758468628
0.44317179918289185
0.4128943383693695
0.3714666664600372
0.36600869894027704
0.49478277564048767
0.40007367730140686
0.3822732865810394
0.3707740306854248
0.4470179378986359
0.3763741254806519
0.39774951338768005
0.3395860493183136
0.5071911215782166
0.387994647026062
0.3879129588603973
0.3865923583507538
0.42753925919532776
0.3891851603984833
0.4024909734725952
0.4336693584918976
0.3786730766296386
0.3845562636852264
0.42310038208961487
0.39748445153236395
0.40243440866470337
0.35483488440513605
0.3786650598049164
0.381237655878067
0.3833257555961609
0.4298759996891022
0.4419844448566437
0.3787890076637268
0.38944804668426514
0.4163641631603241
0.5021833181381226
0.4342805445194244
0.45433071255683893
0.4224081635475159
0.3926418125629425
0.4012260735034943
0.3229953348636627
0.37122091650962824
0.4105028510093689
0.36097079515457153
0.41455739736557007
0.3756026923656464
0.38765606284141535
0.3722093999385834
0.3530298769474029
0.35963866114616394
0.4135970175266266
0.3648261427879333
0.4377091526985168
0.343627005815506
0.42871055006980896
0.39477303624153137
0.4288884103298187
0.41850981116294866
0.43832817673683167
0.4258762001991272
0.42164608836174006
0.33926281332969666
0.46882238984107966
0.3789681494235992
0.40379974246025085
0.39519655704498285
0.3694991171360016
0.38541999459266657
0.3620525598526001
0.36003637313842773
0.38817533850669855
0.3893775045871735
0.3933945894241333
0.47149619460105896
0.4753237068653106
0.4116522371768952
0.3907444477081298
0.3773649036884308
0.3739252388477325
0.36665996909141535
0.42396888136863703
0.3876855671405792
0.39692175388336176
0.33567950129508967
0.3761478364467621
0.40963146090507513
0.3812050521373749
0.370157778263092
0.43579861521720886
0.40926259756088257
0.3942827880382538
0.3989230692386627
0.4043285250663757
0.33597967028617853
0.4090715050697327
0.3937897980213165
0.37034329771995533
0.40283605456352234
0.36555781960487366
0.4506613910198212
0.3806754946708679
0.38984635472297674
0.4208545982837677
0.41763725876808167
0.4488441050052642
0.37456664443016047
0.37089261412620544
0.3742983639240265
0.35888758301734924
0.40394386649131775
0.43899828195571894
0.3611502945423126
0.43869665265083313
0.3736802935600281
0.38554579019546503
0.3814047873020172
0.38583198189735407
0.4557039141654968
0.3565743565559387
0.46286237239837646
0.4065423905849457
0.4031048119068146
0.3571702539920807
0.3709163963794708
0.3501659333705902
0.4373200237751007
0.36723193526268005
0.4153570532798767
0.43456366658210754
0.4656111299991608
0.41158261895179754
0.4491449296474457
0.3452840745449066
0.40772017836570734
0.4956077337265015
0.3977773785591125
0.4837135970592498
0.3393108546733856
0.4373353719711304
0.41312912106513977
0.4197719395160675
0.3925837576389313
0.3891042172908783
0.3933493196964264
0.4392258524894714
0.3444671928882599
0.4375426173210144
0.37322449684143066
0.3612313568592072
0.3868642747402191
0.4794233739376068
0.36180630326271057
0.3692664504051208
0.4101020395755768
0.4075676202774048
0.4380339980125427
0.48116493225097656
0.37319925427436823
0.396131306886673
0.4549758732318878
0.36525070667266846
0.4531046748161316
0.40822085738182073
0.3695098161697388
0.32788506150245667
0.4432235658168793
0.36374768614768976
0.40161922574043274
0.42993715405464167
0.4141556918621063
0.3758364021778106
0.3567485511302948
0.4456905424594879
0.5104530453681946
0.4399590790271759
0.37902495265007013
0.443006157875061
0.4372537434101105
0.4206136167049408
0.41202065348625183
0.41514673829078674
0.4319974780082703
0.4096366465091705
0.3885061144828796
0.4576153457164765
0.38640817999839777
0.38681319355964655
0.4895457327365875
0.3677900731563568
0.39025732874870306
0.37447366118431086
0.46140223741531367
0.4001072943210602
0.4154855012893677
0.454012006521225
0.381425142288208
0.3985461294651032
0.36826080083847046
0.44285532832145685
0.45519670844078064
0.4317966103553772
0.3987067341804504
0.3821583092212677
0.3723647892475128
0.363236665725708
0.3987320959568024
0.4738190472126007
0.3896901905536652
0.37969720363616943
0.4795900881290436
0.33472213149070734
0.38526013493537903
0.4763582944869995
0.3451421558856964
0.40774795413017273
0.4298489391803741
0.35852378606796265
0.4121120870113373
0.4194055497646332
0.403143048286438
0.35565462708473206
0.3711720108985901
0.39653849601745605
0.40365880727767933
0.36966738104820246
0.3824064433574677
0.35323426127433777
0.3724912106990814
0.4040843844413757
0.39728590846061707
0.3693716526031494
0.38072484731674194
0.4369013011455536
0.3911851942539215
0.35349228978157043
0.4074729979038239
0.33510950207710266
0.4128127992153168
0.3805362284183502
0.41933274269104
0.3755530714988709
0.3554721772670746
0.428692102432251
0.3672804534435272
0.3833540081977844
0.3395323753356933
0.3711396753787994
0.3817442953586578
0.3721665441989898
0.39904165267944336
0.4286549687385559
0.4368656575679779
0.4680565297603607
0.42153200507164
0.3951958417892456
0.3785400092601776
0.3974955677986145
0.43442645668983454
0.3866913020610809
0.4342373609542847
0.4124175012111664
0.33680799603462214
0.4292900562286377
0.4002498090267181
0.40569236874580383
0.410739928483963
0.39424863457679754
0.41584482789039606
0.3842907249927521
0.45332312583923334
0.3850257098674774
0.384806752204895
0.4435421228408813
0.43942162394523615
0.38095459342002874
0.3819492161273956
0.4032884538173676
0.3570031523704529
0.43584004044532776
0.4636673629283905
0.3948653638362885
0.4238777458667755
0.4001415967941284
0.369230180978775
0.39689239859580994
0.3824602067470551
0.36671328544616694
0.3627883493900299
0.384770393371582
0.3905802071094513
0.3825596272945404
0.3888802826404572
0.48293229937553406
0.37443584203720087
0.41189563274383534
0.39131465554237366
0.4186100661754608
0.36739209294319153
0.39345118403434753
0.3893087804317474
0.3870372474193573
0.35387465357780457
0.4767339527606964
0.3718227446079254
0.45008739829063416
0.33501848578453064
0.431982547044754
0.3885759115219116
0.4383726418018341
0.38383862376213074
0.39380866289138794
0.4552004039287567
0.34205731749534607
0.4601219594478607
0.3918032050132752
0.45338717103004456
0.32602667808532715
0.34037184715271
0.40981104969978327
0.3876634538173676
0.40219634771347046
0.3913973271846771
0.3541595041751861
0.3828022480010986
0.3977080881595612
0.4543302655220032
0.39597448706626887
0.34786853194236755
0.42313978075981135
0.4363780915737152
0.3773867189884186
0.3811199367046356
0.4123080372810364
0.3798971474170685
0.3649339377880096
0.37250503897666926
0.4493943452835083
0.37393942475318903
0.3918252587318421
0.3803717494010925
0.42811247706413275
0.39577946066856384
0.367925077676773
0.4245549142360687
0.38405615091323847
0.3820618689060211
0.4402240812778473
0.4100368916988373
0.4462146759033203
0.4542181789875031
0.3641314208507538
0.3937322199344635
0.44090536236763
0.42656323313713074
0.40401121973991394
0.38575527071952814
0.3237007558345794
0.4327225983142853
0.37941935658454895
0.4567440450191498
0.34839680790901184
0.42279133200645447
0.4088309109210968
0.3761154115200042
0.3751306831836701
0.38062283396720886
0.47238251566886896
0.39123702049255366
0.3765935003757477
0.3860785663127899
0.42099866271018976
0.37547811865806574
0.38919681310653687
0.32521817088127136
0.4024216830730438
0.3752791583538056
0.3780185878276825
0.3629384338855744
0.41098806262016296
0.38326701521873474
0.4599312245845794
0.46002334356307983
0.3769255578517914
0.3954611122608185
0.4126411974430084
0.41560450196266174
0.3745531737804413
0.4926464855670929
0.3864684700965881
0.39308401942253113
0.3583433926105499
0.3568239212036133
0.4345068037509918
0.35708251595497126
0.3476908802986145
0.3512067496776581
0.4091080129146576
0.39756861329078674
0.35503217577934265
0.374565988779068
0.3717306554317474
0.38267993927001953
0.4075086712837219
0.40088239312171936
0.3586974143981933
0.36027759313583374
0.388338714838028
0.4163188338279724
0.46463516354560846
0.3863030970096588
0.3855765163898468
0.3995589315891266
0.4542324244976044
0.4595604836940765
0.34420087933540344
0.3986126482486725
0.3956796824932098
0.3528856635093689
0.3772991001605988
0.4085568487644196
0.433080404996872
0.4790560305118561
0.37672504782676697
0.385818749666214
0.4318393170833588
0.3980201780796051
0.4209663569927216
0.3793276250362396
0.36100789904594416
0.44968143105506897
0.37969526648521423
0.4021705090999603
0.37511804699897766
0.3921442925930023
0.3430703282356262
0.43774548172950734
0.41225305199623113
0.4230373203754425
0.41981449723243713
0.3534623086452484
0.4308803379535675
0.39421030879020685
0.41652762889862066
0.3773746490478516
0.408708393573761
0.4022246599197388
0.40663045644760126
0.4174233078956604
0.46591261029243464
0.4043072164058685
0.37504181265830994
0.40777650475502014
0.4303124845027924
0.3996603488922119
0.4223254024982452
0.39902058243751526
0.40026578307151794
0.475366085767746
0.3832240104675293
0.4394835531711578
0.3522445261478424
0.33974432945251465
0.3731339871883392
0.42191901803016657
0.4502217769622802
0.3777801692485809
0.39403486251831055
0.42898580431938166
0.44598552584648127
0.36962780356407166
0.3823560774326325
0.47349292039871216
0.4011228680610657
0.5061900615692139
0.43430924415588373
0.4217844605445862
0.4641088247299194
0.42351463437080383
0.3906443417072296
0.4078105390071869
0.3517098426818848
0.42416873574256897
0.395392507314682
0.3577459752559662
0.36839327216148376
0.3637799322605133
0.3641844093799591
0.36425420641899114
0.39189857244491577
0.40843340754508967
0.3707389235496521
0.35123541951179504
0.36318013072013855
0.33175855875015253
0.41789594292640686
0.37583184242248535
0.40930160880088806
0.37564066052436823
0.42017918825149536
0.4105815589427948
0.392667680978775
0.3768627047538757
0.4605176746845245
0.45247411727905273
0.3811093270778656
0.4245025217533112
0.42514824867248535
0.5167106986045836
0.4040469825267792
0.3489477336406708
0.382713109254837
0.3456611037254333
0.39888474345207214
0.38874968886375433
0.47630646824836725
0.4039560854434967
0.4282307326793671
0.35748594999313354
0.3903486728668213
0.4215618669986725
0.4115052819252014
0.3898079693317413
0.3828164041042328
0.36011752486228943
0.41932663321495056
0.37389275431633
0.3892421424388885
0.4146805107593536
0.4339793622493744
0.3706652820110321
0.41636744141578674
0.48805299401283264
0.40712234377861023
0.38772669434547424
0.381260484457016
0.3902337849140167
0.37993863224983215
0.3699556291103363
0.4484969675540924
0.3775072991847992
0.378881961107254
0.4356089532375336
0.3956936001777649
0.3448303043842316
0.39966082572937006
0.3939530551433563
0.42281022667884827
0.3645883798599243
0.39114078879356384
0.3775054514408112
0.4047842621803284
0.3853064477443695
0.37524235248565674
0.366736114025116
0.419636994600296
0.35790708661079407
0.40363267064094543
0.46604344248771673
0.43817588686943054
0.39763107895851135
0.43940225243568415
0.38462468981742853
0.4822801947593689
0.3916384875774384
0.355225533246994
0.40595206618309027
0.371683806180954
0.44064268469810486
0.4168212413787842
0.35755491256713867
0.4458294212818146
0.390034168958664
0.4508258104324341
0.4211429059505463
0.4739900529384613
0.3907212316989898
0.3664937913417816
0.4305748343467712
0.39543211460113525
0.3551352918148041
0.4604856073856354
0.3638530671596527
0.3348895311355591
0.3905128538608551
0.38084822893142706
0.42667242884635925
0.38248553872108454
0.38003358244895935
0.38372063636779785
0.38978144526481623
0.4266674816608429
0.4164147078990936
0.3883409798145294
0.4195925295352936
0.39432850480079645
0.4065790772438049
0.3719204366207122
0.4466054141521454
0.3806317746639252
0.3560056984424591
0.40380617976188654
0.4068139493465424
0.4028243124485016
0.4175850450992584
0.3832622766494751
0.4341256618499756
0.4414665400981903
0.3981496691703796
0.36485806107521057
0.3600791394710541
0.36135563254356384
0.40017816424369806
0.41710403561592096
0.46810150146484375
0.41347113251686096
0.39266967773437506
0.3536413609981537
0.4829589426517487
0.37252798676490784
0.5352259278297424
0.4066114723682404
0.38600805401802063
0.3855767548084259
0.43747419118881226
0.3653165400028229
0.3765249252319336
0.39247366786003113
0.34672558307647705
0.3790656626224518
0.3827541172504425
0.36325451731681824
0.3896581828594208
0.3808484971523285
0.36977007985115046
0.4454801976680756
0.3888038694858551
0.42200979590415955
0.45471605658531195
0.38026729226112366
0.34925052523612976
0.3672754168510437
0.4448940455913544
0.378205269575119
0.45400497317314154
0.3696953952312469
0.36107885837554926
0.372318297624588
0.39836829900741577
0.3826315701007843
0.3483022153377533
0.4492011964321136
0.4210880696773529
0.361405611038208
0.3953332304954529
0.3626251518726349
0.34147512912750244
0.39872160553932184
0.4126288592815399
0.4482564628124237
0.3915306627750397
0.4236564338207245
0.37477108836174006
0.3856154978275299
0.4008271396160126
0.3701439797878265
0.4022472202777863
0.39470115303993225
0.3667802810668945
0.42790517210960394
0.43156948685646057
0.3754166066646576
0.37778189778327936
0.37301865220069885
0.3982090055942536
0.36459144949913025
0.3788370192050934
0.3571725189685821
0.36148157715797424
0.410619467496872
0.43381091952323914
0.3936195075511932
0.4374351501464844
0.4591685235500336
0.3418799340724945
0.44193550944328314
0.3880707621574402
0.39051440358161926
0.438481718301773
0.46230408549308777
0.4853380024433136
0.39459934830665594
0.33943110704422
0.4194327294826508
0.3692006766796112
0.4217414259910584
0.3667233288288117
0.3478383719921112
0.3922158181667328
0.38035142421722407
0.39522650837898254
0.33885183930397034
0.39442977309226984
0.4099523723125458
0.3764444887638092
0.43940070271492
0.42887687683105463
0.3508000075817108
0.4561581313610077
0.39834466576576233
0.3661916851997376
0.371219128370285
0.4403183460235596
0.4539330303668976
0.45428991317749023
0.363645613193512
0.3897795379161834
0.39253100752830505
0.36717090010643005
0.3913983404636383
0.3718619644641876
0.37070107460021967
0.46143123507499695
0.3773350417613983
0.4160118401050568
0.383617877960205
0.4207994937896729
0.4785281717777252
0.32958388328552246
0.44011589884758
0.3773944675922394
0.4133899211883545
0.4605996906757354
0.42585739493370056
0.378034770488739
0.49495583772659296
0.40169999003410334
0.4005089104175568
0.4259050488471985
0.3794106543064117
0.39849901199340815
0.4232025146484375
0.3573259711265564
0.3874656856060028
0.3794805407524109
0.38175830245018005
0.37239533662796015
0.38333484530448914
0.40376579761505127
0.49072238802909846
0.460534393787384
0.3542991876602173
0.3538343608379364
0.3714493811130524
0.3871344029903412
0.40458291769027704
0.4137000739574432
0.43270376324653625
0.3639333844184875
0.43025088310241694
0.40117380023002625
0.41100713610649114
0.40567308664321894
0.3718220591545105
0.39977514743804926
0.37582030892372126
0.42059758305549616
0.3953958749771118
0.4213305413722992
0.3971080482006073
0.39927706122398376
0.3689155280590057
0.38438069820404047
0.44104143977165217
0.4496782124042511
0.4415970742702484
0.38908192515373224
0.37503957748413086
0.39285781979560846
0.4344078898429871
0.36486318707466125
0.38435435295104975
0.39175298810005194
0.3785798847675323
0.4282499253749848
0.44958123564720154
0.3755281269550323
0.3656856119632721
0.3676149249076843
0.4205268323421478
0.4043636918067932
0.3861415684223175
0.48680528998374933
0.4283524453639984
0.4371154606342316
0.44865548610687256
0.43606728315353394
0.44571194052696234
0.4818976223468781
0.3753719627857208
0.412670224905014
0.3858419954776764
0.3826632499694824
0.37790098786354065
0.3780367970466614
0.4057289659976959
0.44281572103500366
0.44887688755989075
0.41155162453651434
0.4172831773757935
0.46855974197387695
0.4865131080150604
0.4051402807235718
0.3880488276481629
0.40632700920104975
0.4582888782024384
0.39557695388793945
0.34886711835861206
0.36284539103508
0.3761918544769287
0.476433128118515
0.3915515244007111
0.4110710024833679
0.4277693033218384
0.37911275029182434
0.4098521769046784
0.4280951321125031
0.3841172456741333
0.3473186790943146
0.3663729131221771
0.3964608907699585
0.4443139433860778
0.3850261270999909
0.3770811855792999
0.4033876955509186
0.3875359892845154
0.4042570888996124
0.3936927020549774
0.4066425859928131
0.37350168824195856
0.39206814765930176
0.4009729325771332
0.4327372312545776
0.3796599805355072
0.3669418692588806
0.3953388035297394
0.4002772867679596
0.3778075277805328
0.4574848711490631
0.3634055852890015
0.45605579018592834
0.447699636220932
0.3711888194084168
0.4764212965965271
0.42045941948890686
0.4236674010753632
0.42109042406082153
0.40804299712181086
0.38610726594924927
0.3681096136569977
0.42577013373374933
0.39957046508789057
0.38535246253013605
0.37236040830612177
0.4311504065990448
0.3938569724559784
0.3403213620185852
0.3682578206062317
0.37398427724838257
0.3813716769218445
0.38311803340911865
0.3884426653385162
0.4086171984672546
0.3614073097705841
0.4421136677265167
0.3319049179553985
0.4574568569660186
0.39615628123283386
0.5085380673408508
0.3595607578754425
0.43519049882888794
0.367353469133377
0.34001767635345453
0.36058354377746576
0.4575124382972717
0.34929308295249933
0.4198131263256073
0.44419905543327326
0.42127016186714167
0.4184540808200836
0.40475192666053766
0.3089302480220794
0.39735195040702814
0.38275465369224554
0.4138096570968628
0.4296264946460724
0.41142207384109497
0.4308837354183197
0.4043717086315155
0.4286673963069916
0.3846392333507538
0.35625591874122614
0.36337795853614807
0.45954853296279913
0.39573073387146
0.4625517427921295
0.38673076033592224
0.4068270921707153
0.33839401602745056
0.4044555127620697
0.3624788820743561
0.3341027498245239
0.43929177522659296
0.380109578371048
0.37781777977943426
0.36952170729637146
0.4465263187885285
0.4506417512893677
0.3985784947872162
0.40395280718803406
0.40023204684257513
0.4274465441703796
0.41721060872077936
0.41383415460586553
0.4262957870960236
0.4064032137393952
0.39392438530921936
0.36881399154663086
0.3898874223232269
0.4044410288333893
0.4513582289218903
0.36440262198448176
0.36989268660545355
0.42595645785331726
0.3342912495136261
0.4072169959545136
0.4033679962158203
0.44540005922317505
0.3964710533618927
0.40878969430923456
0.3677866756916046
0.38664844632148737
0.37819704413414
0.3883202373981476
0.37966638803482056
0.4488777220249176
0.38651290535926813
0.32502707839012146
0.3571750223636627
0.4828967750072479
0.4561878144741058
0.3827466070652008
0.4046579003334045
0.33865582942962646
0.41110926866531367
0.401166707277298
0.3915875554084778
0.3781729638576508
0.43957093358039856
0.4795357882976532
0.3895550072193146
0.36509570479393005
0.3520943224430084
0.4003948271274567
0.4225744903087616
0.39724817872047424
0.3874767124652863
0.41249868273735046
0.38462376594543457
0.4208716452121735
0.40972277522087097
0.4343304038047791
0.45036342740058893
0.40725785493850714
0.4172935783863068
0.4266502559185028
0.4413123726844788
0.45239582657814026
0.3858381807804108
0.34228101372718805
0.3564482629299164
0.47132956981658936
0.370425283908844
0.3759487569332122
0.45724207162857056
0.48541018366813654
0.42243456840515137
0.45257982611656183
0.35647329688072205
0.39463710784912104
0.382087767124176
0.3669945299625397
0.3810957670211792
0.3672580122947693
0.372829407453537
0.41532179713249207
0.39557141065597534
0.3786396086215973
0.4528718292713165
0.40249544382095337
0.4884515106678009
0.39313545823097223
0.40829113125801086
0.4012071192264557
0.4886153638362885
0.45405358076095587
0.37905398011207586
0.45504641532897944
0.4096515476703644
0.39117750525474554
0.4248957633972168
0.4511136710643768
0.49833059310913086
0.40727546811103826
0.44614532589912415
0.46509891748428334
0.43056747317314154
0.3768400847911834
0.3961627185344696
0.4129944145679474
0.35155272483825684
0.5114032030105591
0.4160647094249725
0.38443365693092346
0.46608766913414
0.44706642627716064
0.45397332310676575
0.3964692056179047
0.4191782772541046
0.3799580633640289
0.32742103934288025
0.38627278804779047
0.3633424639701843
0.41991579532623285
0.3973253071308136
0.3862985074520111
0.3610897362232208
0.3930220305919647
0.38473543524742126
0.4616719186306
0.4366181790828705
0.3835262954235077
0.37432846426963806
0.39094212651252747
0.3986895680427551
0.3914927244186401
0.393839567899704
0.44901868700981135
0.3872805535793304
0.34879598021507263
0.43943139910697937
0.37998911738395685
0.39387956261634827
0.4489608407020569
0.47311094403266907
0.43593081831932073
0.4194574654102325
0.475388377904892
0.3892864286899567
0.39781877398490906
0.3440060317516327
0.4293455183506012
0.3984072804450989
0.3393668532371521
0.38039296865463257
0.3916449248790741
0.3795933425426483
0.4203995168209076
0.3785643577575684
0.4223745763301849
0.40800243616104126
0.40795978903770447
0.37136349081993103
0.3961485922336578
0.37415859103202814
0.3951388001441956
0.4702025353908538
0.3439711928367615
0.39651095867156977
0.371448427438736
0.4250698983669281
0.470344752073288
0.47272250056266785
0.34883385896682734
0.42263805866241455
0.36102524399757385
0.34266385436058044
0.4418545663356781
0.4642015397548676
0.3920924961566925
0.4233184158802032
0.3644975125789642
0.379317969083786
0.34483498334884644
0.38169226050376887
0.36873051524162287
0.438854843378067
0.31508642435073847
0.4207442700862885
0.35817602276802063
0.4480253159999848
0.37222158908844
0.3844590485095978
0.4353509545326233
0.3734732270240784
0.44484996795654297
0.4131347239017487
0.376510351896286
0.38182941079139704
0.3525309264659881
0.3967582881450653
0.3934180438518524
0.38129839301109314
0.3792823255062103
0.45203265547752386
0.3775341808795929
0.38779577612876887
0.38914301991462713
0.483411580324173
0.4490697979927063
0.3834739625453949
0.41890284419059753
0.4929324388504028
0.3945710361003876
0.35932841897010803
0.3993684351444244
0.362852931022644
0.3745434582233429
0.4308152496814728
0.37390473484992975
0.34590595960617065
0.3753520846366882
0.34431564807891846
0.36720737814903254
0.38022819161415106
0.4126526415348053
0.3846858441829681
0.4614264369010925
0.38534179329872126
0.36857166886329645
0.431224912405014
0.3669429123401642
0.415633887052536
0.4752152860164642
0.44240236282348633
0.5010524392127991
0.4411281943321228
0.4183630645275116
0.44938090443611145
0.4486209750175476
0.44288524985313416
0.3631898462772369
0.3980266451835632
0.3604312241077423
0.37405380606651306
0.43963852524757385
0.44502714276313776
0.35513442754745483
0.442007452249527
0.3995930552482605
0.3518870770931244
0.34517180919647217
0.435500293970108
0.37454804778099055
0.42707401514053345
0.4107227921485901
0.38683828711509693
0.3779751062393189
0.45655906200408936
0.34742075204849243
0.3676913678646088
0.4737643599510193
0.4255059063434601
0.33284422755241394
0.4445138871669769
0.4243855774402618
0.39608183503150934
0.4244379103183746
0.3743895590305328
0.39608678221702576
0.40336814522743225
0.3852789103984833
0.38522544503211975
0.3894308507442474
0.40837141871452326
0.4265236854553223
0.36493343114852905
0.3727310597896576
0.424311876296997
0.4258634150028229
0.3794493973255157
0.3879803717136383
0.43031272292137146
0.3517082631587982
0.3648090660572052
0.320626825094223
0.358259916305542
0.34826129674911493
0.36550399661064154
0.38934555649757385
0.3623133003711701
0.3567284941673279
0.38144651055336
0.364089161157608
0.4301388561725616
0.4110330641269684
0.37796202301979054
0.4278649091720581
0.42753991484642023
0.34731975197792053
0.43811893463134766
0.3756996095180512
0.36339613795280457
0.4029438495635986
0.31909230351448054
0.39174845814704895
0.44678956270217896
0.4635554850101471
0.4762260615825653
0.4187267124652863
0.4099768102169037
0.3459552824497223
0.3993342816829681
0.44674995541572565
0.4284076392650604
0.3832464516162872
0.4339772164821625
0.4258035123348236
0.35400334000587463
0.4563835263252258
0.37109607458114624
0.36443397402763367
0.369861513376236
0.3987705409526825
0.4007215201854706
0.3807568848133087
0.3330020606517792
0.4192088544368744
0.39789149165153503
0.3813477456569672
0.38469597697258
0.40764832496643066
0.42705753445625305
0.41151231527328486
0.3594171106815338
0.41656944155693054
0.3903828263282776
0.3626542091369629
0.352766752243042
0.3789325058460236
0.4258166551589966
0.42276862263679504
0.40968975424766546
0.41536504030227667
0.3938647210597992
0.3891458213329315
0.3912395536899567
0.43571507930755615
0.3760970234870911
0.4019678235054016
0.35354083776474
0.3902869522571564
0.4278607666492462
0.38775086402893066
0.3722591102123261
0.4192780256271362
0.39346703886985773
0.3991526067256928
0.3907299637794495
0.34098842740058893
0.4353064298629761
0.4239704608917236
0.4657418131828308
0.3893390595912933
0.4073233306407928
0.3956653773784637
0.37157282233238226
0.3940380215644837
0.39620649814605713
0.4840748012065888
0.3443761169910431
0.3881002366542816
0.405821830034256
0.32108452916145325
0.40132966637611384
0.3936432600021362
0.388336569070816
0.4140578806400299
0.3582110106945038
0.38045695424079895
0.36404237151145935
0.3545019328594208
0.4108335673809052
0.3909666538238525
0.4733932018280029
0.4168156385421753
0.39604780077934265
0.402709275484085
0.39272677898406977
0.430064469575882
0.3763785362243652
0.4057898223400116
0.3592176735401153
0.3717122972011566
0.4478562772274017
0.38937708735466
0.3844488859176636
0.37955498695373535
0.43496474623680115
0.3853965103626251
0.3762789070606232
0.38940510153770447
0.4142630100250244
0.3249970078468323
0.34294864535331726
0.40314349532127375
0.3656143546104431
0.38790184259414673
0.4142665863037109
0.43584474921226496
0.40474474430084234
0.43914681673049927
0.382112056016922
0.43816795945167536
0.37544223666191107
0.441101998090744
0.37339141964912415
0.4335141181945801
0.36050778627395624
0.4019409418106079
0.423033744096756
0.39849331974983215
0.44825267791748047
0.3948265016078949
0.40416473150253296
0.3785005509853363
0.3933988213539124
0.3957864940166473
0.4095466434955597
0.41697245836257935
0.42823413014411926
0.4287538826465607
0.3859100341796875
0.3663996756076813
0.5005351901054382
0.4534764587879181
0.4272056519985199
0.3712567687034607
0.4908797442913056
0.45014658570289606
0.38448819518089294
0.36950448155403137
0.3835479319095612
0.4227229952812194
0.3819982707500458
0.4577428996562958
0.45799592137336725
0.42234936356544495
0.4024307429790497
0.41727253794670094
0.42389753460884094
0.3960427939891815
0.4227560460567474
0.49019297957420344
0.36910533905029297
0.44631657004356384
0.35391643643379206
0.42473560571670527
0.4263508319854736
0.4832150042057037
0.3818959891796112
0.3935608565807343
0.38668110966682434
0.4118942320346832
0.43080511689186096
0.43394225835800165
0.4175451695919037
0.3888275325298309
0.43412718176841736
0.38250479102134705
0.38951155543327326
0.5181957483291626
0.42171573638916016
0.3573514521121979
0.3601174056529999
0.4179409742355346
0.45088264346122736
0.3925105035305023
0.43190860748291016
0.42334493994712824
0.3737475574016571
0.41675743460655207
0.37650522589683527
0.39508458971977234
0.39704307913780207
0.3638312220573425
0.4198610484600067
0.3649028241634369
0.37341061234474177
0.3750282824039459
0.3869626522064209
0.37705144286155695
0.43456918001174927
0.37184637784957886
0.3812032043933869
0.3852199614048004
0.3647362291812897
0.4002579748630524
0.3822126090526581
0.36590367555618286
0.4014035761356354
0.3948266208171845
0.3545706570148468
0.4595408141613007
0.37413439154624933
0.36250105500221247
0.36990529298782343
0.37736049294471746
0.44343757629394526
0.44036731123924255
0.40354558825492853
0.3908747136592865
0.375216156244278
0.41082796454429626
0.3744522631168365
0.3597189486026764
0.3950506150722504
0.37553450465202326
0.4027015268802642
0.4997881352901458
0.41059097647666926
0.3816894590854645
0.3645436465740204
0.3624936044216156
0.3759806156158447
0.4224754869937897
0.36904713511466974
0.3667177259922028
0.4787355065345764
0.39458784461021423
0.4052068889141082
0.48369830846786493
0.3925190269947052
0.39016541838645935
0.3918629288673401
0.37316298484802246
0.382375568151474
0.4332943260669708
0.4020029604434967
0.3876393139362335
0.4916956722736359
0.4208481907844544
0.42889603972435
0.38623985648155207
0.3762833178043365
0.4610431492328644
0.33663538098335266
0.3951781988143921
0.3886406421661377
0.38761278986930847
0.3625507056713104
0.3447248339653015
0.3926412761211395
0.3715956509113312
0.3846715986728668
0.37124821543693537
0.3629599511623383
0.3842316269874573
0.3829121887683869
0.3333042562007904
0.45603254437446594
0.3835646212100983
0.3855449855327606
0.34152999520301813
0.3668796718120575
0.36566612124443054
0.4345400929450989
0.3671118319034576
0.39024007320404047
0.4448986351490021
0.45263150334358215
0.40887576341629034
0.38635098934173584
0.3314872980117798
0.3513825237751007
0.4124680459499359
0.38725307583808893
0.3596023023128509
0.5392448902130127
0.3856790959835053
0.39883747696876526
0.45680373907089233
0.4640888571739197
0.34343370795249933
0.383790135383606
0.37779712677001953
0.346426397562027
0.40557059645652765
0.42043519020080566
0.42597571015357966
0.3454488515853882
0.33898019790649414
0.41989877820014954
0.38137313723564154
0.41755837202072144
0.37915751338005066
0.44240653514862066
0.410334587097168
0.3938338458538056
0.421368271112442
0.444008618593216
0.46635106205940247
0.3893097937107086
0.3985472023487091
0.3875855803489685
0.447889506816864
0.4230708479881287
0.3636853694915771
0.3991387188434601
0.37402206659317017
0.37765374779701233
0.4480019807815552
0.37332165241241455
0.3728668987751007
0.3858007490634918
0.3929697275161743
0.4008552134037018
0.3977150917053223
0.3978391289710999
0.3690468370914459
0.42818900942802424
0.34188476204872126
0.3316899836063385
0.3132176697254181
0.36525455117225647
0.3419514000415802
0.4170698821544647
0.4817174971103668
0.38022604584693914
0.44653478264808655
0.41805556416511536
0.38704702258110046
0.40791764855384827
0.40511998534202576
0.4454489946365357
0.3432949483394623
0.37557971477508545
0.43149772286415106
0.37053242325782776
0.387296199798584
0.447001188993454
0.4260389506816864
0.4206455945968628
0.4077136516571045
0.41519457101821894
0.3768932521343231
0.38124939799308777
0.37620264291763306
0.37961557507514954
0.3971476852893829
0.38440957665443426
0.3261916935443878
0.34827098250389094
0.4098353683948517
0.39139384031295776
0.374575674533844
0.4017216861248016
0.39749470353126526
0.432950347661972
0.3970607221126556
0.423304408788681
0.3717207610607147
0.3671823143959045
0.3824636042118073
0.41503354907035833
0.42392936348915106
0.3871026337146759
0.3897697627544403
0.3810725808143616
0.4054929316043854
0.4320911765098572
0.352882981300354
0.371137410402298
0.4201972484588623
0.3626003563404083
0.35531386733055115
0.5097383856773376
0.38144096732139593
0.3474569618701935
0.38664472103118896
0.389568418264389
0.39689460396766657
0.3512648344039917
0.3654337525367737
0.46868082880973816
0.3181360065937042
0.3863873183727264
0.4222981333732605
0.39387863874435425
0.41241040825843805
0.37926012277603144
0.36501365900039673
0.38749366998672485
0.4874326586723328
0.37708762288093567
0.4076448380947113
0.42541173100471497
0.367567241191864
0.41995659470558167
0.3821432292461395
0.391493171453476
0.33987137675285334
0.37053447961807245
0.4175982177257538
0.4207580387592316
0.3376561403274536
0.36929020285606384
0.35526224970817566
0.4472834169864655
0.366789847612381
0.37985527515411377
0.3950959742069244
0.3971755504608154
0.3552074730396271
0.46640715003013605
0.40750309824943537
0.3619761466979981
0.36872452497482294
0.44137108325958246
0.4450708329677582
0.40466859936714167
0.4538178145885468
0.3905784785747528
0.4257887601852417
0.38125890493392944
0.4368498027324677
0.3773336112499237
0.45752066373825073
0.4135906398296356
0.4380435943603516
0.47663077712059027
0.37405297160148626
0.4033870398998261
0.4153102338314056
0.3529893159866333
0.338460236787796
0.33918562531471247
0.3486241698265076
0.44816428422927856
0.36845788359642023
0.3536505103111267
0.3601292669773102
0.3812163174152374
0.38220533728599543
0.42680999636650085
0.34787091612815857
0.4093638360500336
0.39341491460800165
0.4132377207279205
0.40377989411354065
0.4308181703090668
0.4330983459949493
0.3914887607097626
0.38349094986915594
0.37566992640495295
0.4002900123596192
0.4560608267784119
0.41817334294319153
0.32197222113609314
0.4856799840927124
0.4076898992061615
0.39267042279243464
0.4493132531642914
0.4334546029567719
0.42755758762359614
0.38379567861557007
0.42441892623901367
0.4323141276836395
0.4681990444660186
0.4820962846279144
0.43534329533576965
0.3842946588993073
0.3416653871536255
0.34048953652381897
0.38668403029441833
0.4008096754550934
0.387248158454895
0.39834824204444885
0.43340274691581726
0.3818531930446625
0.4278702437877655
0.37141814827919006
0.4149359166622162
0.431684136390686
0.36194291710853577
0.35052281618118286
0.39473241567611694
0.3859754502773285
0.4956977069377899
0.38999399542808527
0.37344649434089666
0.40097343921661377
0.386279970407486
0.4449828565120697
0.44006296992301935
0.36313077807426447
0.38546571135520935
0.4181236922740936
0.3794612586498261
0.4042176902294159
0.4485786855220794
0.39535459876060486
0.3825902938842773
0.38445919752120966
0.42440870404243464
0.3844301998615265
0.3932416439056397
0.36846551299095154
0.49250251054763794
0.4176187813282013
0.4313797652721405
0.42191305756568903
0.47709479928016657
0.4103814363479614
0.4042567014694214
0.37087997794151306
0.41297242045402527
0.34761521220207214
0.46452635526657104
0.349443644285202
0.39705830812454224
0.4123135507106781
0.37240955233573914
0.4115704596042633
0.33975958824157715
0.49178701639175415
0.39142870903015137
0.4208473861217498
0.38661932945251454
0.4573141634464264
0.42519539594650263
0.40375980734825134
0.3955484926700592
0.42572361230850214
0.3656283318996429
0.45654699206352234
0.3476574122905731
0.3801192939281464
0.3977316319942474
0.36593887209892273
0.4298221170902252
0.3787277638912201
0.3912045359611511
0.4465374052524567
0.3948961794376373
0.4139617681503296
0.40938684344291687
0.48363047838211054
0.40530392527580256
0.408278614282608
0.3525262176990509
0.48157691955566406
0.3805717527866364
0.39948061108589167
0.4525294005870819
0.3400786519050598
0.3512065708637237
0.391676127910614
0.38669633865356445
0.36413902044296254
0.3875076174736023
0.3816560804843903
0.3587857186794281
0.4233087301254272
0.39624759554862976
0.41209426522254944
0.40285876393318176
0.391902893781662
0.4038496315479279
0.3627569377422333
0.3930750787258148
0.42097869515419006
0.4564912021160126
0.38549271225929266
0.36617559194564814
0.3885952234268189
0.3989442884922028
0.3656212389469146
0.41479936242103577
0.3886361122131348
0.3718840777873993
0.4772540032863617
0.3912300765514374
0.4380535781383514
0.3925611078739166
0.3514311909675598
0.43718096613883967
0.44143477082252497
0.366311639547348
0.4387224614620209
0.3791991472244263
0.38224998116493225
0.44986802339553833
0.417011708021164
0.39691501855850214
0.4059573709964752
0.38975223898887634
0.4203193485736847
0.397589772939682
0.3710860908031464
0.38807478547096247
0.33508768677711487
0.4434453845024109
0.4064214825630188
0.4311827719211578
0.41525638103485113
0.43134763836860657
0.39867836236953735
0.4239145517349243
0.35827597975730896
0.45376393198966974
0.37301924824714655
0.41444849967956543
0.3651419878005981
0.3783659040927887
0.4134098589420319
0.4551129639148712
0.39536795020103455
0.4010882079601288
0.43083330988883967
0.4827210605144501
0.4031229317188263
0.45772507786750793
0.3759903013706207
0.3818906247615814
0.3747623264789581
0.3965897858142853
0.39247986674308777
0.4843651950359344
0.3723289966583252
0.41124090552330017
0.5085495114326477
0.3873264193534851
0.4523803889751434
0.41239371895790095
0.3592192232608795
0.4431341886520386
0.36955833435058594
0.4323568046092987
0.4271722435951233
0.4339588880538941
0.4066314995288849
0.40977200865745533
0.36893656849861145
0.3680348694324493
0.43882590532302856
0.35475489497184753
0.41781339049339294
0.4604481756687164
0.3921041190624237
0.439301997423172
0.40613150596618647
0.4349461197853088
0.37676891684532166
0.44792041182518005
0.34365516901016235
0.4097130596637726
0.35629874467849726
0.4067104160785675
0.36490342020988464
0.3580317795276642
0.5133587121963501
0.3746510446071625
0.36934456229209894
0.47339120507240295
0.47903248667716974
0.390442818403244
0.3892695605754852
0.40577188134193426
0.445640504360199
0.3411025404930115
0.46364709734916687
0.41668570041656494
0.3971547782421112
0.3996322453022003
0.3464929759502411
0.3829258978366852
0.3702622950077057
0.38578721880912786
0.41154894232749933
0.3805182874202728
0.33437615633010864
0.41032549738883967
0.37178519368171686
0.4435112774372101
0.40484023094177246
0.38718447089195246
0.4261969029903412
0.3798913359642029
0.40590527653694153
0.49973040819168085
0.41486221551895136
0.401882141828537
0.4656080901622772
0.39433926343917847
0.41683766245841974
0.4661073088645935
0.4122484624385834
0.3918973505496978
0.398798018693924
0.38699725270271296
0.4610517919063568
0.43657138943672175
0.48143213987350464
0.43061450123786926
0.389229029417038
0.4023378789424896
0.426295667886734
0.3430672585964203
0.3908469378948212
0.37351346015930176
0.35713991522789
0.4019515812397003
0.37610706686973566
0.4392332434654236
0.4407268762588501
0.3782560527324677
0.3940121829509735
0.335632860660553
0.38797706365585327
0.3630925416946411
0.3878426253795624
0.3728022873401642
0.39714834094047546
0.38433048129081726
0.3417592942714691
0.42754116654396057
0.46357980370521545
0.3852675557136536
0.42687585949897766
0.4530059397220612
0.3780741393566132
0.44601163268089294
0.3915244042873383
0.41932162642478943
0.3654695749282837
0.41256898641586304
0.3769557774066925
0.3734588325023651
0.3788161277770996
0.435831755399704
0.361055850982666
0.3756800889968872
0.3926332294940949
0.4606148302555084
0.3847790062427521
0.413604348897934
0.38025498390197754
0.4604929983615875
0.4106796383857727
0.509289562702179
0.4495814144611359
0.3930952847003937
0.365433007478714
0.3827098906040192
0.392909437417984
0.3956098556518554
0.42561349272727966
0.38027554750442494
0.3651553690433502
0.36497995257377613
0.4490933418273926
0.435642272233963
0.3867382109165192
0.3669266998767853
0.3913132846355438
0.4521438181400299
0.3979894816875458
0.36814334988594055
0.46756100654602045
0.39521279931068415
0.39865908026695246
0.4064719378948212
0.3676642179489136
0.4538872539997101
0.4426250755786896
0.48720324039459223
0.4560494124889374
0.44594529271125793
0.46674108505249023
0.4061756432056427
0.3396895229816437
0.33328190445899963
0.34413495659828186
0.37200599908828735
0.39313855767250067
0.43605220317840576
0.3732098639011383
0.36802732944488525
0.3500145971775055
0.34967413544654846
0.34267309308052063
0.4461388885974884
0.37357214093208313
0.4607017338275909
0.3459363877773285
0.40710195899009693
0.4201028645038605
0.37787589430809027
0.44846266508102417
0.3614885210990906
0.3614960312843322
0.4179889857769013
0.33661940693855286
0.3452276885509491
0.4298387467861176
0.4150960147380829
0.3891592919826508
0.37843477725982666
0.3908884227275848
0.43751987814903254
0.366051197052002
0.3839682042598724
0.3573204576969147
0.40120777487754816
0.4058237969875336
0.4755393862724304
0.38993069529533386
0.4532659947872162
0.40181076526641846
0.3797928392887115
0.42126891016960144
0.41053465008735657
0.3895898759365082
0.36787185072898865
0.36992135643959045
0.43693283200263977
0.37164935469627375
0.3380928933620453
0.40849119424819946
0.3815676271915436
0.38633343577384954
0.3366537392139435
0.3703335523605346
0.4188510179519653
0.44713553786277765
0.3782084882259369
0.4354681968688965
0.39180734753608704
0.40111687779426575
0.38366076350212097
0.37433668971061707
0.41632416844367987
0.38591602444648737
0.39656320214271545
0.4568191468715668
0.3680753707885742
0.3328419625759125
0.4028685986995697
0.4137322604656219
0.3974961638450623
0.3712827563285828
0.44990620017051697
0.3944481313228607
0.41062045097351074
0.4064551889896393
0.3778617680072784
0.4400602579116821
0.44486632943153376
0.4431705474853516
0.40185865759849543
0.4552216231822968
0.3941604197025299
0.3718283474445343
0.36300304532051086
0.37492316961288447
0.38850554823875433
0.35209470987319946
0.43242010474205017
0.3537491858005524
0.45692130923271174
0.3806973695755005
0.43363186717033386
0.4452599883079529
0.3965567052364349
0.41413262486457825
0.4616621434688568
0.4724515974521637
0.4040897786617279
0.3964203298091888
0.40582829713821406
0.3784070014953613
0.44487985968589777
0.40671077370643616
0.3614971339702606
0.4217862188816071
0.457484096288681
0.43626511096954346
0.39816305041313166
0.36520418524742126
0.42996579408645624
0.375214159488678
0.4027979969978333
0.42267569899559027
0.35084015130996704
0.3912578523159027
0.3654364049434662
0.3695282340049744
0.44219541549682617
0.3727391064167023
0.38835272192955017
0.3592537045478821
0.371402770280838
0.3913670480251312
0.31995251774787903
0.4334600269794464
0.3232722580432892
0.4118252694606781
0.45073854923248285
0.416966050863266
0.4023441076278687
0.39035680890083313
0.43991401791572565
0.46220037341117853
0.3943288028240204
0.3716935217380524
0.39711531996726984
0.42887130379676813
0.4083527624607086
0.4332807958126068
0.4019811749458313
0.4282927215099335
0.3650583922863007
0.3856461644172669
0.4523155093193054
0.3852927684783936
0.3940480351448059
0.41670557856559753
0.3801310360431671
0.43032425642013544
0.4105505049228668
0.40314659476280207
0.41255873441696167
0.40187457203865046
0.3527310788631439
0.361211210489273
0.3643418848514557
0.5089415907859801
0.45164933800697327
0.41786381602287287
0.4545229375362396
0.42685225605964655
0.40310379862785334
0.45699584484100336
0.4280146658420562
0.4656914174556732
0.4131316840648651
0.3754988610744476
0.3544534742832184
0.3613554537296295
0.3849137723445892
0.3969924747943878
0.458610326051712
0.45515576004982
0.39844074845314026
0.3831479251384735
0.44864654541015625
0.4283506274223328
0.36617952585220337
0.38531050086021423
0.40524604916572565
0.39628273248672485
0.4267052710056305
0.43663844466209406
0.41993722319602966
0.4330094754695892
0.4145991206169128
0.35118129849433893
0.4122790992259979
0.3844691514968872
0.4160529673099518
0.4087092876434326
0.4139969646930695
0.3997645676136017
0.4450063109397888
0.3917575478553772
0.41549506783485407
0.434450089931488
0.3796062767505646
0.3865793645381928
0.45556965470314026
0.4528035819530487
0.49106094241142273
0.38825127482414246
0.3860154449939728
0.3921950161457062
0.4132704436779022
0.4500193297863007
0.38886514306068415
0.4105286002159119
0.39754763245582575
0.3729259669780731
0.409159392118454
0.43336358666419983
0.3894294798374176
0.397373080253601
0.42885401844978327
0.4944636225700378
0.4096281230449677
0.33739140629768366
0.38951620459556574
0.4279649555683136
0.3817265629768372
0.37603417038917536
0.3905337154865265
0.4059060513973236
0.4532431066036224
0.3973433971405029
0.37429067492485046
0.3385728895664215
0.3744929730892181
0.35340210795402527
0.3938870131969452
0.366072416305542
0.38957712054252625
0.44789454340934753
0.3713695108890533
0.3574815690517425
0.37706306576728815
0.34134426712989807
0.3787243068218231
0.39203381538391113
0.482000857591629
0.34292498230934143
0.39248862862586975
0.4439050257205963
0.4609007239341736
0.40247866511344904
0.3779393136501312
0.4494260251522064
0.435759425163269
0.34584274888038635
0.3825441598892212
0.4155499339103698
0.38641586899757385
0.4068438112735748
0.39063701033592224
0.357430100440979
0.39230656623840326
0.4165787994861602
0.4035273194313049
0.4007104337215424
0.3569552004337311
0.4399229288101196
0.3380318284034729
0.34176209568977356
0.4357431828975677
0.40748688578605646
0.3630654215812683
0.3967043459415436
0.4646916091442108
0.4285809397697449
0.3799631595611572
0.35701051354408264
0.42695492506027216
0.4254938066005706
0.4210817217826843
0.36753657460212713
0.4121219217777252
0.46096035838127136
0.4136216044425964
0.428731381893158
0.43594142794609064
0.3387656509876251
0.39229282736778254
0.3823495209217072
0.3961782455444336
0.39567694067955017
0.3916195333003998
0.4393009543418884
0.36981713771820074
0.3356965184211731
0.389603316783905
0.3774877190589905
0.35804328322410583
0.4428965151309967
0.3951998054981232
0.3448656499385834
0.37030646204948425
0.47360423207283026
0.4845127761363983
0.35851675271987915
0.44024202227592474
0.3864521086215973
0.3929446935653687
0.39783409237861633
0.4346970021724701
0.42593964934349055
0.3843677341938018
0.45656672120094294
0.3377119302749634
0.4450044929981232
0.4259296953678131
0.3994805812835693
0.40473619103431696
0.3941918313503265
0.38133856654167175
0.47567859292030334
0.4492371380329132
0.4064703285694122
0.47703307867050165
0.3705878257751465
0.4041616022586823
0.3475401997566223
0.4296583831310272
0.3775397837162018
0.421335369348526
0.41471973061561584
0.4083390831947327
0.40666595101356506
0.4283659756183624
0.4232774078845978
0.3872498571872711
0.4278816878795624
0.3944797813892365
0.3835034668445587
0.4355995357036591
0.3584557771682739
0.338860422372818
0.4089072644710541
0.368586540222168
0.43185517191886896
0.3898153901100159
0.3980087041854858
0.35926976799964905
0.3195772469043732
0.4649054408073425
0.3725784122943878
0.40312793850898737
0.35123398900032043
0.40222120285034174
0.3845718204975128
0.3395197987556457
0.3478918969631195
0.3761672079563141
0.3620878756046295
0.36444064974784846
0.38464435935020447
0.4007316529750824
0.362996518611908
0.40833821892738337
0.4379400312900543
0.44594463706016546
0.4224876165390015
0.3616519570350647
0.5080700516700745
0.32795417308807373
0.41600748896598816
0.4178942441940308
0.3465076684951782
0.4265429675579071
0.4366050064563751
0.37345510721206665
0.45193868875503534
0.326702743768692
0.43488293886184687
0.3798277676105499
0.367072194814682
0.4233115613460541
0.390374094247818
0.4038499295711517
0.3619038164615631
0.36545005440711975
0.3845952451229096
0.4605695903301239
0.40846809744834894
0.4077470004558563
0.370751827955246
0.48931154608726496
0.37320399284362793
0.38404044508934015
0.4601336419582367
0.3319157660007477
0.354920357465744
0.3503845036029816
0.400979220867157
0.3425208926200866
0.3824743926525116
0.40341943502426153
0.3481717109680176
0.37727978825569153
0.38102158904075617
0.37743449211120605
0.3625977039337158
0.39543855190277094
0.4391401410102844
0.4373083710670471
0.4026267230510712
0.3506138324737549
0.3814395964145661
0.38180145621299744
0.46672007441520685
0.420261949300766
0.3848489224910736
0.37378236651420593
0.40012544393539434
0.3998353183269501
0.36765560507774353
0.3637874126434326
0.3881702721118927
0.4755328893661499
0.36962065100669855
0.4466204941272736
0.4293974936008453
0.39514628052711487
0.40097725391387934
0.39837232232093805
0.3736847043037415
0.4408762753009796
0.39109930396080017
0.37807172536849976
0.417608231306076
0.3883064091205597
0.3878544270992279
0.3865034282207489
0.3396597504615784
0.45622482895851135
0.42686852812767034
0.4004270136356354
0.4139977693557739
0.35702553391456604
0.43743154406547546
0.4016250669956207
0.36007159948349
0.3722186088562012
0.41480430960655207
0.4298375546932221
0.4807429611682892
0.38293030858039856
0.39174434542655934
0.391054481267929
0.4410497546195984
0.5005243420600891
0.41144976019859314
0.37228068709373474
0.47072485089302063
0.34662821888923645
0.40695169568061834
0.3993957340717316
0.4030899703502655
0.3689797818660736
0.3830103576183319
0.35332706570625305
0.422607958316803
0.4248134791851044
0.38626775145530706
0.4311827719211578
0.36156979203224177
0.4810130298137665
0.34143880009651184
0.39802607893943787
0.4012789726257324
0.39994868636131287
0.38647916913032526
0.37622377276420593
0.412171483039856
0.31306758522987366
0.37324121594429016
0.4139324426651001
0.423813909292221
0.40669193863868713
0.4141300022602081
0.41807869076728815
0.44062873721122736
0.39487296342849726
0.46345755457878113
0.39648485183715826
0.3858731687068939
0.42067530751228327
0.3988279700279236
0.41225883364677435
0.39006045460700983
0.42760053277015686
0.37050360441207886
0.3438571691513061
0.37714347243309027
0.3541174829006195
0.3790552318096161
0.3947562277317047
0.4408278465270996
0.39264383912086487
0.4346944987773895
0.433766096830368
0.4227140247821808
0.47969612479209894
0.3937706649303436
0.42072615027427673
0.4372672438621521
0.3801476061344146
0.41786932945251454
0.4419547915458679
0.3687540590763092
0.4627588093280792
0.3827124536037445
0.421685129404068
0.4394018948078156
0.42965006828308105
0.39367529749870306
0.4056589603424072
0.36654675006866455
0.3691540062427521
0.45014637708663935
0.4037050008773804
0.34263262152671814
0.3754262030124664
0.3468452990055084
0.40138432383537287
0.4040976166725159
0.3913591504096985
0.38319662213325506
0.3793116509914398
0.42740082740783686
0.3918826282024384
0.38692349195480347
0.3597724437713623
0.44222617149353033
0.4183279573917389
0.390489250421524
0.3855137228965759
0.3877959549427032
0.4194559454917908
0.398725539445877
0.39308637380599976
0.4152069091796875
0.3719523251056671
0.49823239445686335
0.44213226437568653
0.3523205816745758
0.4942575395107269
0.34489697217941284
0.38683834671974177
0.470223605632782
0.36634132266044617
0.4276252090930938
0.3935728669166565
0.47172850370407104
0.34710344672203064
0.3809019029140472
0.43485501408576965
0.36348214745521545
0.3772092461585999
0.3923790752887726
0.3941194713115692
0.4494150578975677
0.36187663674354553
0.474847823381424
0.4670372009277344
0.3808205127716064
0.42520076036453247
0.4124406278133392
0.4002173840999603
0.3677767217159271
0.397133469581604
0.43081018328666687
0.3874240815639496
0.432781845331192
0.45291134715080256
0.361635535955429
0.3909298181533813
0.4046901762485504
0.37911772727966314
0.37431371212005615
0.4227843582630157
0.4252407550811768
0.4068778157234192
0.4338990151882172
0.386003315448761
0.3712316453456879
0.4196084141731262
0.3917737603187561
0.4536249339580536
0.4537121653556824
0.38218703866004944
0.39553633332252497
0.3782458603382111
0.40527501702308655
0.3896464109420776
0.3790720403194427
0.37984159588813776
0.3641867339611053
0.3850263059139252
0.4540129601955414
0.4183561503887177
0.4226018488407135
0.37313371896743774
0.3630084693431854
0.3831953704357147
0.33959269523620605
0.4586279690265656
0.3781728446483612
0.3639378845691681
0.47495967149734497
0.342881292104721
0.3954370319843292
0.42673790454864496
0.42169037461280817
0.3692773282527924
0.3591753542423248
0.42470636963844294
0.4335226714611053
0.4730205833911896
0.35760441422462463
0.407057911157608
0.3894424736499786
0.37335190176963806
0.44784706830978394
0.37364381551742554
0.3652595579624176
0.38706240057945246
0.4095518887042999
0.4199530780315399
0.3710947334766388
0.40799510478973383
0.4004809260368347
0.3701889216899872
0.41621097922325134
0.4013596475124359
0.3768398463726044
0.3683955371379852
0.39651206135749817
0.3520004451274872
0.41854551434516907
0.3882979452610016
0.39274880290031433
0.414350301027298
0.4129306674003601
0.4218178689479828
0.37934097647666926
0.4085870087146759
0.406552255153656
0.41009634733200073
0.40076211094856257
0.360186904668808
0.40047654509544367
0.40046277642250067
0.44700184464454645
0.41918221116065973
0.4443523585796356
0.4543720781803131
0.4292107224464417
0.40391477942466736
0.43110620975494385
0.36805376410484314
0.4363056421279907
0.34325867891311646
0.4790006577968597
0.3474545478820801
0.39569494128227234
0.39795723557472235
0.41646674275398254
0.4010506868362426
0.43304291367530817
0.434275895357132
0.40144482254982
0.4865211546421051
0.3893719911575317
0.41097450256347656
0.4308792352676392
0.3905321061611176
0.3858514726161957
0.4423800110816956
0.4033253490924835
0.4677097201347351
0.38129094243049616
0.3859980404376984
0.3955388963222504
0.3759678900241852
0.3765266239643097
0.4245644509792328
0.4278070032596588
0.3519565761089325
0.387063205242157
0.3683000504970551
0.38619109988212585
0.4023137092590332
0.4409551024436951
0.34036561846733093
0.3797144889831543
0.3927477896213531
0.43915349245071406
0.360215038061142
0.38026595115661616
0.39356192946434015
0.36041274666786194
0.3375471532344818
0.4202792942523956
0.3880683779716492
0.44453859329223633
0.4035085737705231
0.4989557564258576
0.389776200056076
0.4129360020160675
0.3771966993808746
0.3475793302059173
0.38792768120765686
0.36199119687080383
0.4299508929252625
0.3974092304706573
0.40541073679924006
0.3744364082813263
0.4054658114910126
0.3564270734786988
0.40438252687454224
0.3792778253555298
0.46787390112876887
0.3726866543292999
0.41839399933815
0.3872526586055756
0.42215663194656367
0.4310748279094696
0.4183456897735596
0.4375016987323761
0.3899854719638824
0.35962769389152527
0.39807453751564026
0.4593490958213806
0.37727090716362
0.37160375714302063
0.32793399691581726
0.3470419943332672
0.37869587540626526
0.3593859374523163
0.38523417711257935
0.37700510025024414
0.43583485484123224
0.3953458368778229
0.3597278594970703
0.4134644269943237
0.3751842081546784
0.4388432204723358
0.3578527867794037
0.472045212984085
0.3682823479175568
0.4203172624111176
0.36814916133880615
0.33488067984580994
0.40235993266105646
0.43049502372741694
0.43002381920814514
0.3860954642295837
0.4204618036746978
0.4335975348949432
0.4131496250629425
0.37648737430572504
0.37123796343803406
0.374817967414856
0.3724156320095062
0.38063406944274897
0.4246547520160675
0.3842801451683045
0.4118965864181519
0.40505418181419367
0.44351863861083984
0.45781973004341125
0.3582707941532135
0.39518663287162786
0.4269708693027496
0.4284223318099976
0.3874511122703552
0.43368855118751526
0.4085228145122528
0.37911859154701233
0.41723302006721497
0.3987492322921753
0.376472532749176
0.37099346518516546
0.43844929337501526
0.3823415338993073
0.42467859387397766
0.3927865326404572
0.449255645275116
0.3753293454647064
0.4027436375617981
0.3806976974010468
0.47356429696083063
0.4102188944816589
0.4032606780529022
0.3603205382823944
0.349907785654068
0.41177555918693537
0.4505108892917633
0.3828578591346741
0.43047776818275446
0.3878887593746185
0.4278016090393066
0.41338187456130976
0.3799225986003876
0.407769113779068
0.3900062441825866
0.3981404602527618
0.49440830945968633
0.3550342321395874
0.41401606798172
0.42590656876564026
0.41809520125389094
0.36894962191581726
0.3959996402263641
0.3307311832904816
0.3973401486873626
0.43131470680236816
0.3803934752941132
0.36379799246788014
0.4223517179489136
0.38934019207954407
0.41727203130722046
0.44678011536598206
0.4565271437168121
0.33869656920433044
0.380757212638855
0.415038377046585
0.4387363195419312
0.3488462567329407
0.4061177968978882
0.3864344358444214
0.40854850411415106
0.3992429971694946
0.47164466977119446
0.4233357608318329
0.3693132102489472
0.40585023164749146
0.4510777890682221
0.3856116831302642
0.4377364218235016
0.3542194664478302
0.4280677139759064
0.40602359175682073
0.415753036737442
0.4273159205913544
0.3785091638565064
0.3719389140605927
0.44249567389488226
0.39975288510322565
0.40081608295440674
0.4674392640590668
0.45265793800354
0.34711816906929016
0.4787617921829224
0.38861939311027527
0.38899895548820496
0.35956713557243347
0.3831265270709992
0.43079134821891774
0.40331950783729553
0.4083763659000397
0.4054777324199677
0.41129291057586664
0.42036524415016174
0.3601750433444977
0.45440238714218134
0.46844735741615295
0.3835642039775848
0.4256167411804199
0.4654590487480164
0.4700490534305573
0.3665949404239655
0.39339432120323187
0.3799843490123749
0.39691987633705134
0.3907807767391205
0.3359829783439636
0.4781379997730255
0.4090426564216614
0.3816632926464081
0.5347074866294861
0.37468561530113215
0.4700615108013153
0.35447639226913447
0.45351114869117737
0.40082514286041254
0.3957249224185944
0.38086187839508057
0.4099575877189636
0.3401303291320801
0.43522870540618896
0.4419401884078979
0.3732086718082428
0.4026138484477997
0.3856087327003479
0.33666130900382996
0.37618264555931086
0.4534251093864441
0.3643731772899628
0.37287572026252747
0.41667968034744257
0.4217474758625031
0.3440401256084442
0.42404434084892273
0.3726023733615875
0.40333884954452515
0.43930366635322565
0.3820643723011017
0.39768636226654047
0.4628967940807343
0.3890251815319061
0.44878876209259033
0.38415762782096863
0.3548447787761688
0.360648900270462
0.3779948055744171
0.3742289543151856
0.37650677561759943
0.4063149392604828
0.3858707249164581
0.3907265365123749
0.4196708798408508
0.4185330271720886
0.4158918559551239
0.37286224961280817
0.3709444403648376
0.37763080000877375
0.34898316860198975
0.3894563019275665
0.3731959462165833
0.4414611160755157
0.45403680205345154
0.3628213703632354
0.3760282099246978
0.39117446541786194
0.4231308102607727
0.3836444914340973
0.3496359586715698
0.39487099647521967
0.3615417778491974
0.396673321723938
0.42765948176383967
0.45085749030113215
0.3842707574367523
0.3878174722194672
0.41780176758766174
0.4825298190116882
0.3990091383457184
0.3648341596126556
0.3845740258693695
0.3776262700557709
0.3225833773612976
0.44341883063316345
0.4244548678398132
0.3771523833274841
0.38702926039695734
0.4667859971523285
0.4844727516174317
0.3608534038066864
0.38769030570983887
0.37857052683830256
0.33127334713935846
0.39707759022712713
0.4389886260032654
0.4313451945781708
0.4105361998081207
0.3849762380123138
0.38060250878334045
0.3858207166194916
0.393354058265686
0.3765219748020172
0.45802876353263855
0.3946206271648407
0.3884495794773102
0.39537081122398376
0.4226355254650116
0.42589226365089417
0.43112775683403015
0.3879770040512085
0.3997657299041748
0.38526442646980286
0.4265922605991364
0.3912780582904816
0.44786989688873285
0.34360742568969727
0.4772814214229584
0.35484546422958374
0.4263791143894196
0.42725721001625055
0.37300649285316473
0.3932279944419861
0.43805983662605286
0.3885709941387177
0.4190941751003265
0.4457702934741974
0.46039661765098566
0.4024344980716705
0.4062557220458984
0.38885173201560974
0.46806168556213373
0.36652079224586487
0.36617264151573187
0.3790932595729828
0.4254296720027924
0.41062501072883606
0.45838841795921326
0.40151977539062494
0.3978717029094696
0.3932860791683197
0.4816834032535553
0.3963806629180908
0.4074981510639191
0.39235779643058777
0.4500237107276917
0.3560836911201477
0.40549573302268976
0.38151690363883967
0.4316366612911224
0.4100380837917328
0.3515052795410156
0.42306292057037354
0.4724176824092865
0.3818154036998749
0.42553144693374634
0.3899944126605988
0.44364777207374567
0.4344000518321991
0.4243801534175873
0.3993451595306397
0.3880943953990936
0.4220891892910004
0.40176895260810846
0.32736727595329285
0.3644033372402191
0.3647541701793671
0.36056602001190186
0.3930954337120056
0.37539178133010864
0.3702802956104279
0.4340850412845612
0.41349601745605463
0.34511658549308777
0.40316900610923767
0.4422084987163544
0.45774081349372864
0.3631654381752014
0.4101127684116364
0.34398609399795527
0.3943288624286652
0.3756104707717896
0.3655026853084564
0.3792867362499237
0.4132098257541656
0.35798466205596924
0.388483077287674
0.31552854180336
0.3625381290912628
0.40294304490089417
0.4432372152805328
0.3681960701942444
0.4046156406402588
0.433527022600174
0.3472702205181122
0.42072558403015137
0.4076667428016663
0.36930677294731135
0.37370678782463074
0.34854885935783386
0.41417279839515686
0.4170017540454865
0.35394635796546936
0.4398424923419952
0.47479695081710815
0.4470522999763489
0.35127121210098267
0.35628950595855713
0.37145760655403137
0.3755083084106445
0.43996027112007136
0.43268224596977234
0.39617976546287537
0.4356157779693604
0.39197662472724915
0.4043289721012115
0.3902171850204468
0.3979935944080353
0.42186450958251953
0.4127195179462433
0.4213854074478149
0.39624717831611633
0.3914330899715424
0.36456146836280817
0.4649234116077423
0.49539843201637274
0.37952256202697754
0.35509529709815973
0.39091342687606806
0.3696560561656952
0.41793641448020935
0.42925405502319336
0.3697458803653717
0.4384317696094513
0.4155817329883576
0.39890781044960016
0.4153650104999542
0.35134521126747126
0.4195379912853241
0.45324471592903137
0.420262336730957
0.37105160951614374
0.3897151648998261
0.365132600069046
0.3802954852581024
0.40295061469078064
0.38345208764076233
0.38257834315299993
0.43529352545738226
0.429006814956665
0.42241328954696655
0.43137943744659424
0.4970366060733795
0.3895047307014465
0.4321726262569427
0.4211428165435791
0.37898406386375433
0.38668534159660334
0.365483433008194
0.44905087351799006
0.3604592978954315
0.38184061646461487
0.3587090671062469
0.40373662114143366
0.3963430523872376
0.38320922851562494
0.37581169605255127
0.39129099249839777
0.44982764124870306
0.3156310021877289
0.4039343595504761
0.4001999795436859
0.387038379907608
0.40105578303337097
0.4555976092815399
0.3975811302661896
0.382090300321579
0.4873916208744049
0.4493404924869537
0.4083327353000641
0.3911296427249909
0.3675600588321686
0.47579455375671387
0.42795279622077936
0.429316371679306
0.3615524470806122
0.4441215097904205
0.40765783190727234
0.38549649715423584
0.43018189072608953
0.3837269842624664
0.42143854498863215
0.3778792023658752
0.4391365349292755
0.47265675663948054
0.4220646619796753
0.4300686419010162
0.3631890118122101
0.3212553560733795
0.4844586551189423
0.3828592598438263
0.43702030181884766
0.4445783793926239
0.3931771814823151
0.3942571580410004
0.45284241437911993
0.4607245028018952
0.4790223240852356
0.4487214386463165
0.39282277226448054
0.40862008929252625
0.3748220503330231
0.384757786989212
0.3912442624568939
0.4667572379112244
0.4142426550388336
0.39038708806037903
0.4904282689094544
0.4207135140895844
0.40639695525169367
0.3806868493556976
0.37410065531730646
0.3722992837429047
0.39398083090782166
0.3259902894496918
0.43980607390403753
0.42241188883781433
0.40495818853378296
0.3650164902210236
0.44118312001228327
0.33836671710014343
0.4459753930568695
0.3390485942363739
0.46876966953277593
0.3956989049911499
0.3810248076915741
0.41049292683601374
0.38870969414711
0.3706235587596893
0.39194729924201965
0.40598782896995533
0.32482656836509705
0.39624360203742975
0.373111754655838
0.37453922629356384
0.36466261744499207
0.3722903430461884
0.4396487176418304
0.4362097680568695
0.38604936003685
0.4648185670375824
0.4476694166660309
0.3779967129230499
0.4310468435287476
0.4259564876556397
0.3683118522167206
0.45729038119316096
0.3323715031147003
0.4049672484397888
0.4680503308773041
0.42720374464988714
0.3938761353492737
0.4570126235485077
0.40083047747612
0.3817253708839417
0.39451298117637634
0.35577479004859924
0.3514613211154938
0.3873548209667206
0.4072652161121368
0.3775038421154022
0.3647370636463165
0.3361764252185821
0.4299139678478241
0.34030449390411377
0.376745730638504
0.32678738236427307
0.3397466242313385
0.4181220829486847
0.4440752565860748
0.4543183743953705
0.364045113325119
0.43107596039772034
0.3758746385574341
0.3701092302799225
0.3788141906261444
0.4131937623023986
0.42687752842903137
0.3596464693546295
0.43796065449714655
0.3640541732311249
0.3905619084835053
0.4053359627723694
0.4067318141460418
0.3790806829929352
0.40624627470970154
0.3950629234313965
0.42477729916572565
0.41516926884651184
0.3966296911239624
0.3800652921199799
0.41268625855445856
0.3734502494335175
0.3943801820278168
0.39125144481658936
0.4088996350765228
0.45902249217033386
0.42626035213470453
0.3692382574081421
0.38155433535575867
0.39799907803535456
0.4064950048923493
0.3863454163074493
0.43106678128242487
0.3784531056880951
0.4343194961547852
0.4559405744075775
0.3887846171855927
0.3771277368068695
0.3739567995071411
0.3895401656627655
0.38946613669395447
0.35509705543518066
0.4052219688892365
0.3678625524044037
0.35489460825920105
0.3912449777126312
0.424858957529068
0.40170988440513605
0.39331975579261774
0.3791044056415558
0.4172390103340149
0.37189528346061707
0.39439037442207336
0.3677307963371277
0.3367827832698822
0.339872270822525
0.38659718632698054
0.3846019506454468
0.374731957912445
0.4155645966529846
0.3745160400867462
0.39094457030296326
0.3952619731426239
0.3989416062831879
0.36923006176948553
0.42962291836738586
0.4337911307811737
0.3999820053577423
0.3863231539726257
0.4235135018825531
0.45588371157646174
0.4905339181423187
0.39496251940727234
0.45193478465080256
0.3459841012954712
0.4509946405887604
0.3778043687343597
0.40384611487388605
0.3807916343212128
0.3988453447818756
0.4074329733848572
0.4392021000385285
0.40432092547416687
0.4166510999202728
0.36279335618019104
0.5283932089805603
0.4003100097179413
0.38110435009002686
0.44243142008781433
0.43047744035720825
0.4360889792442322
0.35355004668235773
0.446912944316864
0.4133057594299317
0.42137673497200007
0.39587178826332087
0.41450509428977966
0.37320819497108454
0.4139901399612426
0.3738690614700317
0.3489019274711609
0.34798547625541687
0.4629981219768524
0.3662775456905365
0.46478286385536194
0.4243277013301849
0.3949449360370636
0.40431094169616694
0.397575169801712
0.38265720009803766
0.392864853143692
0.3784758746623993
0.42850515246391296
0.47129201889038086
0.3662505447864533
0.37477248907089233
0.36776557564735407
0.3614377975463867
0.3896648585796356
0.40872094035148626
0.3654847741127014
0.4112685024738312
0.39029338955879206
0.40760231018066406
0.39677926898002625
0.3917107880115509
0.3913252055644989
0.4502559304237366
0.44640159606933594
0.3713386356830597
0.3913613855838776
0.46046581864356995
0.3999058902263641
0.4495336711406708
0.36033958196640015
0.3972733318805695
0.3737134635448456
0.3722706139087677
0.4012154042720794
0.39563134312629694
0.3713104426860809
0.3662605881690979
0.3825147151947021
0.3812353312969208
0.3653527796268463
0.3737280070781708
0.43430340290069586
0.4701800644397736
0.3526136875152588
0.3988860547542572
0.3625941872596741
0.3763903677463531
0.3695639669895172
0.4331694543361664
0.4054639339447021
0.3721431791782379
0.4101842343807221
0.4590514004230499
0.3679821491241455
0.38021561503410334
0.3886342942714691
0.4277576208114624
0.3324524462223053
0.3558696210384369
0.3794675767421722
0.4656874835491181
0.36925897002220154
0.3841269910335541
0.3978488147258759
0.4635976254940033
0.41676405072212214
0.3633935153484344
0.4145138561725616
0.3892972767353058
0.39659634232521057
0.4576512277126312
0.37792232632637024
0.34128955006599426
0.3605590164661408
0.45809569954872126
0.39101496338844294
0.4620368778705597
0.41773948073387146
0.3900343477725983
0.41364049911499023
0.42081966996192927
0.3975997865200042
0.4120989143848419
0.3853366374969482
0.4232016205787658
0.3394937813282013
0.4104460179805756
0.3867312669754028
0.39262208342552185
0.43649980425834656
0.4167938232421875
0.36330419778823847
0.37063124775886536
0.3697657287120819
0.3798794746398926
0.40776172280311584
0.45155879855155934
0.38800498843193054
0.38682183623313904
0.37623098492622375
0.38325843214988714
0.4204855263233185
0.39270564913749695
0.3742850124835968
0.3791233599185944
0.41901472210884094
0.4252175986766815
0.39236000180244446
0.4546761512756348
0.38318148255348206
0.37617567181587214
0.4444545805454254
0.3787581026554108
0.44011810421943665
0.3966296315193176
0.3902561068534851
0.3719145655632019
0.4571234881877899
0.39906266331672663
0.4337208569049835
0.3991360068321228
0.48725458979606634
0.36598533391952515
0.4373235702514648
0.3646367192268372
0.43788006901741033
0.39496865868568415
0.388203114271164
0.4037952721118927
0.4257872402667999
0.38970124721527094
0.4388323128223419
0.4196187555789948
0.36238572001457214
0.3751132488250733
0.35266679525375366
0.47358772158622736
0.38142371177673334
0.3949736356735229
0.43031090497970576
0.4422962367534637
0.3801186382770538
0.41822823882102966
0.3978224098682404
0.41766500473022466
0.4150939285755157
0.36004963517189026
0.40008789300918574
0.3760458827018738
0.4531104266643524
0.3964775502681732
0.40589001774787903
0.414265513420105
0.385809987783432
0.4306041300296784
0.41488549113273615
0.37474092841148376
0.35875371098518366
0.4609863758087158
0.43378034234046936
0.4296287894248962
0.38712903857231135
0.4218856394290924
0.38277035951614374
0.4163614809513092
0.3774518072605133
0.3805519044399261
0.4535251557826996
0.3658915460109711
0.36902478337287903
0.417300820350647
0.4493092596530914
0.3965318500995636
0.4495260715484619
0.347533255815506
0.43501535058021545
0.37795838713645935
0.4429524838924408
0.42675903439521784
0.3942290544509888
0.3724454343318939
0.45596906542778015
0.3966847956180573
0.4577730298042297
0.4512735307216644
0.4413315951824188
0.3815260231494904
0.4118624031543732
0.46378746628761286
0.38967612385749817
0.3937556147575378
0.4294337332248688
0.37477380037307734
0.3333500325679779
0.3663011491298676
0.36861470341682434
0.3644060790538788
0.4379720389842987
0.4327766001224518
0.359997421503067
0.39857202768325806
0.38771012425422663
0.38924136757850647
0.39163497090339666
0.3693644106388092
0.37535345554351807
0.377426028251648
0.35940021276474
0.37328287959098816
0.4335831105709076
0.397475391626358
0.40250983834266657
0.35740622878074646
0.36856856942176813
0.3668812811374664
0.3945678770542145
0.4589498341083527
0.3856089413166046
0.38474857807159424
0.36209878325462336
0.3828209638595581
0.382964700460434
0.39685991406440735
0.41545417904853826
0.3890534937381744
0.38562643527984614
0.3975240290164948
0.3523910343647003
0.48607262969017034
0.37387841939926153
0.39103910326957697
0.38811531662940973
0.3679794073104858
0.34363928437232966
0.454591691493988
0.3954788446426392
0.40923920273780817
0.35131946206092834
0.35874807834625244
0.47031414508819586
0.39673963189125055
0.3607845604419708
0.420299619436264
0.453605979681015
0.4074299037456512
0.3847489058971405
0.3891434371471405
0.4090140163898468
0.3866909444332122
0.4050671756267548
0.4296915829181671
0.352771520614624
0.37013596296310414
0.4035977423191071
0.4378904402256012
0.375266432762146
0.39631304144859314
0.38808473944664
0.37150403857231135
0.4140931665897369
0.3689885437488556
0.4639533460140228
0.3354646861553192
0.33831954002380366
0.3739905655384064
0.39274811744689936
0.4020581543445587
0.4094277918338776
0.4354518949985504
0.3532234728336334
0.399388998746872
0.3979871273040771
0.4151270091533661
0.36995890736579895
0.44422852993011475
0.4266490936279297
0.40065160393714894
0.3990316689014434
0.4422096908092498
0.4207113683223724
0.39792644977569586
0.38034424185752874
0.32663801312446594
0.38472136855125433
0.36655500531196594
0.41750526428222656
0.42462387681007385
0.37663307785987854
0.4866588711738586
0.4383043646812439
0.3779788911342621
0.3835040032863617
0.4435790479183197
0.34609404206275934
0.4629972279071808
0.4383505880832672
0.452810138463974
0.4214573204517365
0.38548794388771057
0.3758598864078522
0.4812721908092498
0.38443705439567566
0.4401342570781708
0.36439386010169983
0.4165719449520111
0.4743413031101226
0.3449942171573639
0.44189423322677607
0.4200277030467987
0.4418616592884064
0.41556292772293085
0.4074671566486359
0.4567492306232452
0.4398328959941864
0.38174253702163696
0.3907305896282196
0.4154759347438812
0.40314152836799616
0.3778043985366821
0.47362038493156433
0.36503434181213373
0.4174133837223053
0.45534417033195496
0.38582423329353327
0.42697510123252874
0.4184055626392365
0.4048083126544952
0.45189669728279114
0.4330967962741852
0.46411073207855214
0.4185888767242432
0.40632686018943787
0.3924218118190765
0.3460083901882172
0.4337874948978424
0.3817506730556488
0.3679240047931671
0.43478873372077936
0.3687034547328949
0.35181519389152527
0.3599672615528106
0.4594765603542328
0.3496725261211395
0.35805049538612366
0.358041375875473
0.3866863548755646
0.3984265029430389
0.40278804302215576
0.38905483484268183
0.42077705264091486
0.4111088216304779
0.36679306626319885
0.4012500643730164
0.38614839315414423
0.3675438165664673
0.35449469089508057
0.3962766230106354
0.37174010276794434
0.41942042112350464
0.4161804616451264
0.4261464178562164
0.35086369514465326
0.40817129611968994
0.3949618339538574
0.44888588786125183
0.43213328719139094
0.4600869417190552
0.38912013173103327
0.3921641111373901
0.3598586618900299
0.418913871049881
0.40129199624061584
0.37494170665740967
0.44952353835105896
0.37440660595893854
0.3592852056026459
0.37575885653495783
0.4247523844242096
0.4214354753494263
0.37503036856651306
0.3848677575588226
0.40565553307533264
0.41407731175422663
0.37655660510063166
0.3517209589481354
0.36676815152168274
0.3193132281303406
0.3994265496730805
0.3993758261203766
0.5065237879753113
0.4099685549736023
0.4740436971187592
0.39320650696754456
0.4018492102622986
0.47756084799766546
0.3959826231002808
0.37263473868370056
0.4147718846797943
0.3744049668312073
0.36242541670799255
0.40944680571556086
0.3520567715167999
0.3940342962741852
0.45847052335739136
0.3739470839500427
0.4255942404270172
0.3753645122051239
0.3774009644985199
0.45884823799133295
0.4480988085269928
0.3623069524765015
0.43382075428962713
0.4225194752216339
0.47336867451667786
0.4125635325908661
0.3895488381385803
0.38884708285331726
0.3741544187068939
0.40827080607414246
0.4908050894737244
0.3915202915668488
0.4130966365337372
0.3429619371891022
0.4073719680309296
0.47359162569046015
0.3731206357479096
0.37449154257774353
0.4218275845050812
0.39769873023033137
0.37838354706764227
0.3989966213703156
0.4755327701568604
0.48358502984046936
0.408420205116272
0.3799315989017487
0.466305673122406
0.3870914876461029
0.4271627962589264
0.437763512134552
0.4462328851222992
0.3639153838157654
0.43446141481399536
0.3715762197971344
0.3955970108509064
0.4210380613803864
0.3971453011035919
0.4205206334590912
0.43897888064384466
0.3939129114151001
0.42703762650489807
0.3902651369571686
0.3550287187099457
0.41551113128662104
0.3466584086418152
0.40431573987007136
0.3543154299259186
0.3513191044330597
0.40421372652053833
0.3886971771717072
0.350727915763855
0.38279464840888977
0.3721593916416168
0.3866396546363831
0.4482835233211517
0.42572671175003046
0.35346463322639465
0.39439684152603144
0.3615135848522186
0.4350111782550812
0.35530349612236023
0.37792220711708074
0.35771334171295166
0.40294405817985535
0.4003906548023224
0.44468998908996576
0.3783926665782928
0.3541739881038666
0.4143182039260864
0.3730418384075165
0.41710376739501953
0.38578614592552185
0.44381704926490784
0.35285457968711853
0.45807966589927673
0.4220920503139496
0.456765353679657
0.35721489787101746
0.3731072843074799
0.4532874226570129
0.44920742511749273
0.43871363997459406
0.42944887280464167
0.3775674104690552
0.37500360608100886
0.34649500250816345
0.46080991625785833
0.37650105357170094
0.4038752019405365
0.40407377481460566
0.46117362380027765
0.44321665167808527
0.3661558330059052
0.42321816086769104
0.410521775484085
0.3516865074634552
0.3967344164848328
0.3876371085643768
0.380159467458725
0.364991158246994
0.4716549217700958
0.36686727404594416
0.3920570909976959
0.34804040193557734
0.42122682929039
0.3870452642440796
0.43435487151145935
0.39959463477134705
0.42056953907012934
0.39753791689872736
0.42455264925956726
0.3552147448062897
0.3605259358882904
0.3760320842266082
0.4135192930698394
0.3833093047142029
0.3907500505447388
0.3862507045269013
0.4258770644664765
0.386974573135376
0.4168823659420013
0.4119391143321991
0.37060597538948054
0.34690627455711365
0.3665286004543304
0.401886373758316
0.3987679183483124
0.3717226982116699
0.4748430848121643
0.3857976496219635
0.39382225275039673
0.38751420378685
0.3874103724956512
0.42823413014411926
0.3845848739147186
0.32942113280296326
0.41615873575210566
0.3852551877498626
0.4078062474727631
0.3961901068687439
0.43565651774406433
0.4421268403530121
0.4003877937793732
0.37797537446022034
0.4177276194095612
0.44161954522132874
0.38030439615249634
0.47112581133842474
0.3530327081680298
0.429228276014328
0.3963188230991364
0.37947720289230347
0.3796366155147552
0.4362432062625885
0.3870103657245636
0.37151381373405457
0.38643461465835566
0.43319171667099
0.3824820220470429
0.365498960018158
0.36037150025367737
0.3901710212230682
0.4066360294818878
0.43826994299888605
0.410468339920044
0.3212209343910217
0.428665429353714
0.31957802176475525
0.36635845899581915
0.374626100063324
0.38733622431755066
0.40437865257263184
0.3607632219791412
0.4061728417873383
0.40058466792106634
0.4050064980983734
0.40420916676521296
0.38610410690307617
0.42569583654403687
0.3856056034564972
0.3814156651496887
0.44937431812286377
0.38272479176521296
0.33895865082740784
0.4747828543186188
0.36620870232582087
0.34716543555259705
0.46893456578254694
0.41950252652168274
0.4573451578617096
0.4115373492240906
0.39549967646598816
0.3918592035770416
0.4307611286640167
0.40005674958229054
0.37588697671890253
0.3726362884044647
0.40662088990211487
0.4999285638332367
0.4075839817523956
0.37134620547294617
0.391020804643631
0.37185785174369806
0.40621578693389887
0.3796095550060272
0.39248475432395935
0.4909705817699432
0.3792503774166107
0.3622552454471588
0.3720956146717072
0.3720734417438507
0.35494473576545715
0.4249471724033356
0.42352819442749023
0.3421633541584015
0.38491043448448176
0.3872309029102325
0.3809601664543152
0.38246873021125793
0.4316958487033844
0.5107827186584473
0.409588485956192
0.4237695634365082
0.434744656085968
0.423408567905426
0.4407260417938232
0.40985038876533514
0.4109220504760742
0.4199453294277191
0.3874940574169159
0.3810067474842072
0.3640875518321991
0.3690573871135712
0.42539098858833313
0.3756279349327088
0.4112180173397064
0.40690723061561584
0.3501317799091339
0.3297816216945648
0.4154790937900543
0.385974794626236
0.38356813788414
0.4592064321041107
0.43970987200737
0.4288681149482727
0.39297810196876526
0.3937784731388092
0.35559216141700745
0.39313837885856634
0.4022634029388428
0.36992874741554255
0.4018023610115051
0.4090268313884735
0.40490946173667913
0.3446767032146454
0.46293631196022034
0.3430057466030121
0.36191150546073914
0.4374748170375824
0.3704062402248383
0.46543142199516296
0.3490852415561676
0.4664084017276764
0.365992933511734
0.364423543214798
0.35161104798316956
0.38141289353370667
0.37527462840080256
0.3457206189632416
0.36767527461051935
0.33234214782714844
0.36817112565040583
0.3303220570087433
0.31632015109062195
0.41937020421028137
0.3993723690509796
0.43234428763389593
0.37784972786903376
0.3786270320415497
0.3401311039924621
0.36963522434234614
0.4089905917644501
0.4352046549320221
0.4024185240268707
0.4711699783802032
0.42414161562919617
0.42820468544960016
0.4789853990077973
0.37191089987754816
0.42148891091346735
0.4002183973789215
0.4093394279479981
0.40432533621788014
0.42913287878036493
0.3884982168674469
0.35203209519386286
0.39390394091606146
0.38962963223457336
0.4148053526878357
0.3508792817592621
0.4413025677204132
0.390494167804718
0.3991605937480927
0.35958826541900635
0.3993842303752899
0.4116402566432953
0.4172721207141876
0.3433336019515991
0.4224627315998077
0.4251244068145752
0.39977332949638367
0.4165070354938507
0.4152192175388336
0.4150902926921845
0.34271031618118286
0.4528277814388275
0.34091994166374207
0.3504047095775604
0.37904992699623113
0.3783491849899292
0.40694221854209894
0.47783407568931574
0.38433206081390386
0.3746598660945892
0.39141044020652765
0.3494199216365814
0.3338504731655121
0.40313950181007385
0.37241080403327936
0.35363975167274475
0.3910069465637207
0.38479027152061457
0.4077723920345306
0.4060010313987732
0.4022602140903473
0.38869369029998774
0.37098279595375055
0.41717481613159174
0.37535312771797186
0.38926738500595087
0.3992310464382172
0.3628211617469788
0.4029113948345184
0.34606683254241943
0.4020077884197235
0.49192869663238525
0.3839943408966064
0.4708718955516815
0.4030493795871735
0.38799038529396057
0.416463166475296
0.49831292033195496
0.40364924073219294
0.3846561014652252
0.38285747170448303
0.35653427243232727
0.4267386496067047
0.358671635389328
0.4295046925544738
0.4046836197376251
0.334604948759079
0.48349478840827936
0.3585680723190308
0.37842032313346863
0.423981100320816
0.36593803763389593
0.4086369574069977
0.39431157708168024
0.4542817771434784
0.3865591287612915
0.40211722254753113
0.36145371198654175
0.35309019684791565
0.3459722697734833
0.3986894190311432
0.44341132044792175
0.42721161246299744
0.38084831833839417
0.3776723444461823
0.3994431793689728
0.347673624753952
0.37641957402229304
0.4675783514976501
0.35745105147361755
0.3960717022418976
0.38747483491897583
0.36431446671485906
0.43678060173988337
0.3404931128025055
0.4271597862243652
0.4965257942676544
0.36967882513999933
0.39387992024421686
0.43970271944999695
0.38883629441261286
0.36236363649368286
0.389739602804184
0.4043371379375458
0.4097368121147156
0.4101090729236602
0.3579050600528717
0.44132629036903376
0.4749214351177216
0.41757687926292414
0.4361304342746735
0.4361390173435211
0.4084210395812988
0.38756874203681946
0.40583011507987976
0.4518081247806549
0.3712895810604096
0.38304904103279114
0.38039872050285334
0.41055983304977417
0.3663817644119263
0.37107065320014954
0.38761720061302185
0.3918339908123016
0.3934767544269562
0.3841508328914642
0.36604413390159607
0.37804329395294184
0.4115442335605621
0.38062962889671326
0.3547270596027374
0.3522338569164276
0.380299836397171
0.39303138852119446
0.36975747346878046
0.35613229870796204
0.3715423345565796
0.4460398852825165
0.33472102880477905
0.35961928963661194
0.3805880546569824
0.4245805442333221
0.38861247897148127
0.37935045361518854
0.37644788622856146
0.3810233175754547
0.4171630442142487
0.47244939208030706
0.3657262921333313
0.3415668904781341
0.4607245028018952
0.3701876699924469
0.38511717319488525
0.4160754382610321
0.46328380703926086
0.3891308903694153
0.3570992648601532
0.3685797154903412
0.4384830892086029
0.5055729746818542
0.3672321736812592
0.38548800349235535
0.36704382300376887
0.3671039640903473
0.3981101512908936
0.416706919670105
0.3859707415103912
0.3682423233985901
0.3899207711219788
0.42022266983985906
0.3961732685565949
0.43875333666801447
0.37208738923072815
0.397839218378067
0.3794179260730744
0.3742768466472626
0.34064996242523193
0.4063700735569
0.46211788058280945
0.4041649997234344
0.42791023850440973
0.3781534135341644
0.36722156405448914
0.4700298309326172
0.3502770662307739
0.28744786977767944
0.40668031573295593
0.4355230629444122
0.3885642886161804
0.38336437940597534
0.3478961288928985
0.46541884541511536
0.368190735578537
0.33861029148101807
0.37126278877258306
0.4290334284305573
0.3671438992023468
0.43795850872993464
0.4540688097476959
0.4157513678073883
0.4208780527114868
0.365949422121048
0.45162281394004816
0.4000964164733887
0.42932435870170593
0.4314913749694824
0.3317720293998718
0.3621716499328613
0.36226543784141535
0.4181747734546661
0.3553522825241089
0.3921887576580048
0.4049563109874725
0.4705740809440613
0.3748215138912201
0.37796965241432184
0.48868474364280706
0.3048366606235504
0.4186813533306122
0.3712528944015503
0.3700747787952423
0.45899435877799993
0.39691206812858576
0.39581379294395447
0.3539407551288605
0.37669959664344793
0.40650796890258795
0.42311811447143555
0.3773610591888428
0.3815244138240814
0.4380379915237426
0.3516910970211029
0.4008776247501373
0.36915001273155207
0.4296428263187408
0.384996622800827
0.3752611577510834
0.39672234654426575
0.3576260805130005
0.4220857620239258
0.36656537652015686
0.3880567252635956
0.4389081001281738
0.37696197628974915
0.3283333778381348
0.3872697651386261
0.42105814814567566
0.4302227199077606
0.34936878085136414
0.4363712966442108
0.3849984705448151
0.3644490838050842
0.35899415612220764
0.41185501217842096
0.3837126195430756
0.36612412333488464
0.3798055350780487
0.3705134987831116
0.3467619717121124
0.4932340085506439
0.37216702103614807
0.425772488117218
0.35152229666709894
0.4202190637588501
0.3915843665599823
0.3497362434864044
0.36665448546409607
0.3853582143783569
0.34752389788627625
0.4556905031204224
0.4100310206413269
0.4241192042827606
0.46791914105415344
0.35819801688194275
0.41332700848579407
0.33452877402305603
0.42283460497856146
0.35153576731681824
0.3853437900543213
0.39141097664833063
0.4036042392253876
0.417591005563736
0.3551303744316101
0.3994607925415039
0.4534882009029389
0.45192119479179377
0.41616550087928766
0.46644061803817755
0.3448847830295563
0.381604939699173
0.34430992603302
0.3828607499599457
0.4126529395580292
0.3562310039997101
0.3977778553962708
0.4160442650318146
0.37215393781661993
0.4168225228786469
0.4081352949142456
0.41471299529075617
0.4686106741428375
0.48763778805732727
0.3651062846183777
0.41065964102745056
0.38389715552330017
0.4717369377613068
0.3717664182186127
0.3883832395076752
0.3859843909740448
0.3575877547264099
0.40257176756858826
0.43035742640495295
0.4164813756942749
0.3694031834602356
0.42245587706565857
0.3962915539741516
0.42096596956253046
0.4073415100574493
0.3983833193778992
0.3512055575847626
0.40051907300949097
0.45280104875564575
0.43664631247520447
0.3708793818950653
0.4644435048103333
0.3825072646141052
0.3495950996875763
0.36175969243049616
0.4008359611034393
0.4442407488822937
0.4095846116542816
0.4043330252170562
0.37410056591033936
0.3922971189022064
0.37821051478385925
0.47825047373771673
0.4125542938709259
0.40397366881370544
0.4048278033733368
0.3985777497291565
0.38212642073631287
0.36582306027412415
0.3447718620300293
0.43968299031257624
0.35446134209632874
0.39844703674316406
0.4461223781108856
0.39733064174652094
0.4231712818145752
0.40042784810066223
0.35867214202880854
0.495403379201889
0.47551688551902765
0.4690857231616974
0.3761954307556152
0.42549097537994385
0.3677636086940765
0.3524988293647766
0.3738653957843781
0.43140086531639094
0.4344421029090881
0.32823488116264343
0.45504555106163025
0.35989499092102045
0.4108721911907196
0.38747766613960266
0.39114639163017273
0.37477025389671326
0.39707398414611816
0.41054040193557734
0.4230026304721832
0.3520529568195343
0.36423137784004206
0.4725796282291412
0.38108721375465393
0.3528631925582886
0.37787666916847223
0.4200071394443512
0.3603966534137726
0.3584267497062683
0.4166323244571686
0.3641129434108734
0.46009889245033264
0.42210444808006287
0.4539059102535248
0.46443280577659607
0.3712782561779022
0.39369145035743713
0.3848460614681244
0.41386026144027704
0.4118902087211609
0.4240064918994904
0.43741208314895624
0.3951853811740875
0.3686707317829132
0.36586672067642206
0.4580162763595581
0.36699143052101135
0.43791547417640686
0.4412084221839905
0.3481880724430084
0.44716137647628784
0.43177285790443426
0.37358611822128296
0.3494036197662353
0.4174282252788544
0.44433155655860895
0.37036439776420593
0.45427355170249933
0.40811562538146967
0.4345497786998749
0.4294610321521759
0.37780320644378657
0.3850908875465393
0.34754937887191767
0.3500027656555176
0.41138648986816406
0.37607395648956293
0.3604747951030731
0.4233778417110443
0.4566921889781952
0.3928629457950592
0.37448212504386896
0.40365031361579895
0.4155461490154266
0.3614417612552642
0.4780942797660828
0.45276582241058344
0.3999356329441071
0.4575715363025665
0.3480273485183716
0.40020802617073054
0.4573028385639191
0.36682876944541926
0.3661622405052185
0.35996928811073303
0.38326478004455566
0.36307838559150696
0.3821750581264496
0.39420849084854126
0.4458708465099335
0.40323382616043085
0.3726852834224701
0.42004284262657166
0.4067479372024536
0.3646322190761566
0.3856892883777618
0.4519002139568329
0.4043850600719452
0.4010741710662842
0.43651810288429266
0.39442044496536255
0.38574954867362976
0.39194014668464655
0.4215189218521118
0.3854495286941528
0.3713314235210418
0.43195298314094543
0.4301077127456665
0.4165829122066498
0.36453419923782343
0.4222663342952728
0.32703107595443726
0.459805965423584
0.4304820001125336
0.37300750613212585
0.3750582039356232
0.38770568370819086
0.4527944028377533
0.3739474415779114
0.38483297824859614
0.386677086353302
0.392941951751709
0.3523549437522888
0.37316665053367615
0.36065930128097534
0.40124192833900446
0.4535441696643829
0.3638305366039276
0.36483064293861384
0.3928428292274475
0.37827378511428833
0.4618725180625916
0.37497419118881226
0.41278693079948425
0.3664742410182953
0.4458168148994446
0.40705072879791254
0.41934302449226374
0.4247561395168304
0.41591125726699835
0.3943884968757629
0.39683619141578674
0.39311596751213074
0.3995680510997772
0.37851014733314514
0.45444199442863453
0.3821529150009155
0.4221276640892029
0.38690492510795593
0.4420222342014313
0.3497025668621063
0.3763206899166107
0.36105462908744806
0.34861722588539124
0.3903726637363434
0.3676477670669556
0.4006503224372864
0.37752583622932434
0.347097784280777
0.39292442798614496
0.3820671737194061
0.3574521243572235
0.35931077599525446
0.39095568656921387
0.3910355269908905
0.36757627129554743
0.36313265562057495
0.3662550747394562
0.3489362597465515
0.36126735806465143
0.4086454510688782
0.3995020091533661
0.4343174397945404
0.3968361616134644
0.36453846096992487
0.4623759686946869
0.43027302622795105
0.38940736651420593
0.44702067971229553
0.3570828139781952
0.5000866055488585
0.3684500455856323
0.4448047578334808
0.3991170227527618
0.3720513880252838
0.44380244612693787
0.3770277202129364
0.380954772233963
0.4446337521076202
0.35833728313446045
0.4927883744239807
0.34369298815727234
0.4190328419208527
0.42445865273475647
0.3593526482582092
0.3686227202415466
0.4556185007095337
0.38293975591659546
0.378181517124176
0.3456242084503174
0.3869769871234894
0.39849895238876337
0.4363523423671722
0.38247063755989075
0.38033264875411993
0.44050571322441107
0.3800437152385712
0.41602113842964167
0.3315918743610382
0.4755489230155945
0.40263423323631287
0.3899456262588501
0.42061087489128113
0.3620198965072632
0.4210607707500458
0.3760190904140472
0.3899082839488983
0.3617205619812012
0.40870165824890137
0.4685256779193878
0.3473942279815674
0.43307605385780334
0.42994022369384766
0.4448347985744476
0.3833355605602264
0.39989510178565973
0.42155972123146057
0.36200472712516785
0.3513146936893463
0.38654282689094543
0.3990989923477173
0.36878633499145513
0.40573692321777344
0.3727975785732269
0.3645117580890656
0.3806787431240082
0.4148832857608795
0.4035487771034241
0.41391494870185846
0.4794637560844421
0.4298779964447021
0.37365004420280457
0.3911460340023041
0.4345110952854157
0.4048958122730255
0.36496451497077936
0.4149245321750641
0.4500471651554108
0.4432351887226105
0.3802242875099182
0.4085581600666046
0.412749320268631
0.4738905727863312
0.4340302646160126
0.35976031422615046
0.3872591257095337
0.3977565467357635
0.35433563590049744
0.4095360934734344
0.4452378451824188
0.3540972173213959
0.36854410171508795
0.42878416180610657
0.3488713502883911
0.3991079032421112
0.39939203858375544
0.421960175037384
0.38043156266212463
0.3686350882053375
0.3844825029373169
0.4174344837665558
0.3746384382247925
0.385170578956604
0.43356239795684814
0.4578177034854889
0.35537299513816833
0.3472875654697418
0.4327461123466492
0.4080045521259308
0.3835152685642242
0.38515242934226984
0.4041109681129456
0.3553423583507538
0.43495851755142206
0.4472933709621429
0.33140984177589417
0.4261672794818878
0.39396786689758306
0.34984031319618225
0.383577436208725
0.38116803765296936
0.38392803072929377
0.41761195659637446
0.44492360949516296
0.4409866333007813
0.3866986334323883
0.31317389011383057
0.3787776231765747
0.38309577107429504
0.4753706455230713
0.43823483586311346
0.3902367949485778
0.42837074398994446
0.3530546724796295
0.3451574444770813
0.3707033693790436
0.4420959949493408
0.38579991459846497
0.3918552696704865
0.40427097678184504
0.3732445538043976
0.36098819971084595
0.3611732125282288
0.4246395528316498
0.3718372285366058
0.42485189437866205
0.3723187744617462
0.3671517074108124
0.3867499530315399
0.40006551146507263
0.3890672624111176
0.3844186663627625
0.44466564059257513
0.41442421078681946
0.44139215350151056
0.37038579583168024
0.36254522204399114
0.463876873254776
0.393538624048233
0.4441061317920685
0.38913580775260925
0.40262112021446234
0.4067197740077973
0.39028367400169367
0.3843918442726135
0.37846216559410095
0.35356131196022034
0.3994403183460236
0.387464851140976
0.3773939907550812
0.3516540229320526
0.3491799533367157
0.49419149756431574
0.36166003346443176
0.4027378261089325
0.4073275029659271
0.3899029791355133
0.4871300756931305
0.45168462395668024
0.42382588982582087
0.3806813657283783
0.3814338445663452
0.41168281435966486
0.3681437075138092
0.3690217733383178
0.44203719496726984
0.3987378180027008
0.37752529978752136
0.36205875873565674
0.4230981767177582
0.431279331445694
0.39539286494255066
0.40711143612861633
0.3840905725955963
0.376056969165802
0.37429600954055786
0.35160866379737854
0.37816429138183594
0.45863500237464894
0.3904438018798828
0.3753353357315064
0.38266366720199585
0.3860937654972077
0.39408811926841736
0.5310632586479187
0.4022944271564484
0.4397673308849335
0.38658091425895685
0.3798967301845551
0.37836804986000067
0.36992391943931574
0.3802025318145752
0.3926710188388824
0.3918592631816864
0.36668226122856146
0.3788653612136841
0.3638437986373901
0.40072569251060486
0.42767223715782166
0.43921300768852234
0.4224177896976471
0.4142584502696991
0.4007262885570526
0.4002210795879364
0.3685537278652191
0.3512166440486908
0.38194331526756287
0.40842661261558527
0.3938346803188324
0.39298626780509943
0.37385338544845587
0.41315498948097223
0.36290207505226135
0.3698988854885101
0.3865102529525757
0.42726710438728327
0.470076322555542
0.45268514752388
0.418752908706665
0.3718370497226715
0.4045023322105408
0.3431258499622345
0.4112449884414673
0.3667884171009064
0.4749554693698883
0.42722731828689575
0.3363661766052246
0.46028101444244385
0.3840632140636444
0.42121022939682007
0.3960703313350677
0.39808610081672663
0.42091670632362366
0.35404133796691895
0.4133262634277344
0.45825165510177607
0.36682197451591486
0.4072000682353973
0.4382380247116089
0.37898615002632147
0.3762267529964447
0.400376945734024
0.4282484650611877
0.4268104732036591
0.4104610979557037
0.4521078765392304
0.37752929329872126
0.43183311820030207
0.39740821719169617
0.36992084980010986
0.3732283413410186
0.45368191599845886
0.394374817609787
0.408744603395462
0.3743819296360016
0.34406730532646174
0.33576300740242004
0.381190687417984
0.3600843548774719
0.35897114872932434
0.38266682624816895
0.38285097479820246
0.4102036058902741
0.3854999542236328
0.3960795104503632
0.4234856069087982
0.4764503538608551
0.45350944995880127
0.3521466553211212
0.37565538287162786
0.4128299653530121
0.3796404898166656
0.3533551096916199
0.40626010298728943
0.45635733008384705
0.34728491306304926
0.3856772482395172
0.3027947247028351
0.34895244240760803
0.4277200400829315
0.4113230407238007
0.41514703631401056
0.3791384398937225
0.5013206005096436
0.4000673890113831
0.40134719014167786
0.37608945369720453
0.37876591086387634
0.4094945192337036
0.4730753004550934
0.3699761927127838
0.3515710234642029
0.4462489783763885
0.4518562853336334
0.3548031151294708
0.47258013486862177
0.4301548004150391
0.3955463171005249
0.444185346364975
0.36314126849174494
0.4703796803951264
0.4094091057777405
0.4574948847293854
0.4038961231708527
0.3911445438861847
0.4082414507865906
0.37369936704635615
0.3936209976673126
0.40320056676864624
0.3647530972957611
0.37797853350639343
0.3707797825336456
0.3893156945705414
0.4285172522068024
0.392955094575882
0.45728453993797297
0.39720049500465393
0.4541519582271576
0.40780866146087646
0.41394186019897455
0.4359539151191712
0.37489369511604315
0.3807480037212372
0.3804670572280884
0.38336813449859614
0.4559703171253204
0.4495870172977448
0.3666431307792664
0.324665367603302
0.41139003634452814
0.3866141736507416
0.4704541265964508
0.4003944098949432
0.4375623464584351
0.3865764439105988
0.4141506552696228
0.348944753408432
0.4024877846240997
0.3774374425411224
0.3963266909122467
0.3624726831912994
0.4237552285194397
0.365522027015686
0.3737199604511261
0.4332054555416107
0.3514909744262696
0.44566658139228815
0.3902894556522369
0.40068462491035456
0.4498943984508514
0.4441364705562592
0.37191516160964966
0.38044142723083496
0.3656536340713501
0.387990802526474
0.452828973531723
0.3377608954906464
0.4033171534538269
0.4045398235321045
0.38008835911750793
0.3549042046070099
0.4205472767353058
0.41004446148872375
0.4478975236415863
0.39959362149238586
0.4061289727687836
0.4277181327342987
0.391213059425354
0.35976806282997126
0.4398849606513977
0.4047127068042755
0.43800231814384466
0.36986091732978815
0.3732187449932098
0.39474087953567505
0.3759580552577973
0.3918654024600983
0.4343017637729645
0.32647594809532166
0.40886190533638
0.35870352387428284
0.4528388381004333
0.32514244318008423
0.37667202949523926
0.42809557914733887
0.4174634516239166
0.38507518172264094
0.4262741804122925
0.4057022929191589
0.3910541832447052
0.4003526270389557
0.4342001080513
0.4090466499328613
0.3688545823097229
0.4165782630443573
0.390614628791809
0.3772244155406952
0.3727317750453949
0.4821166098117828
0.3968234658241272
0.4509955048561096
0.3623937964439392
0.4576184749603272
0.408835232257843
0.35107335448265076
0.3876653611660004
0.3891774713993073
0.4293296933174133
0.4429772198200226
0.4334050118923187
0.36160835623741144
0.3702121078968048
0.3763377368450165
0.43879309296607966
0.39047637581825256
0.44687092304229736
0.483574777841568
0.3813108503818512
0.3760015070438385
0.3669241964817047
0.3977903425693512
0.41787436604499817
0.38583102822303766
0.3918441832065582
0.39006632566452026
0.37444266676902765
0.36570265889167786
0.3974241018295288
0.34979531168937683
0.4142241775989533
0.4199140965938568
0.46367859840393066
0.4080568253993988
0.3875519037246704
0.4613173604011536
0.4670924842357635
0.391811341047287
0.44249162077903753
0.418508380651474
0.34806758165359497
0.37113413214683527
0.3449137508869171
0.35273072123527527
0.34740760922431946
0.41623896360397333
0.39223864674568176
0.3619223237037658
0.4402569830417633
0.4389794766902924
0.4238661229610443
0.4276732504367828
0.3857788145542145
0.4802441895008087
0.40627363324165344
0.43477874994277954
0.411259651184082
0.5204030871391296
0.3911920487880706
0.4440723955631256
0.3777695894241333
0.34769096970558167
0.47216489911079407
0.43412706255912786
0.3622578680515289
0.3521524667739868
0.38807246088981623
0.3539297878742218
0.4109869301319122
0.37878152728080744
0.3775511682033538
0.42809739708900446
0.4177397787570953
0.42267552018165594
0.4380038678646088
0.3758620619773865
0.3509724736213684
0.43101450800895685
0.3677766621112824
0.4198042154312134
0.36012691259384155
0.4586239457130432
0.48919132351875305
0.3645424544811249
0.3653893768787384
0.3523850440979004
0.3851463198661804
0.38882091641426086
0.4241368472576141
0.3378086984157562
0.4230647683143616
0.3813845217227936
0.4337213039398193
0.38839742541313166
0.4054904282093048
0.3919871747493744
0.3501131236553192
0.390290230512619
0.43067994713783264
0.4819357693195343
0.41323837637901306
0.3972077667713165
0.47176173329353327
0.4242330491542816
0.42711988091468805
0.3709388673305512
0.37449899315834045
0.36705526709556574
0.383230060338974
0.389420747756958
0.38454017043113703
0.33781179785728455
0.4464257657527924
0.409284383058548
0.38453552126884466
0.43853625655174255
0.353796511888504
0.37106925249099726
0.43221756815910334
0.4534496366977692
0.4350827634334564
0.38613489270210266
0.3784200251102448
0.37887486815452576
0.46103811264038086
0.38830068707466125
0.41950675845146174
0.5011304616928101
0.38986483216285706
0.35676661133766174
0.4574943780899048
0.38982829451560974
0.411600798368454
0.4083873927593231
0.39863267540931696
0.42844134569168085
0.4345148503780365
0.42841216921806335
0.4382864534854889
0.4414635300636292
0.44149002432823187
0.45787551999092096
0.3875946700572968
0.38755372166633606
0.37134525179862976
0.35074594616889954
0.3815182447433472
0.4064462184906006
0.372601181268692
0.34255537390708923
0.46490657329559326
0.385932058095932
0.40775814652442927
0.4183953702449799
0.38498121500015253
0.39238795638084406
0.43303501605987543
0.3905973136425018
0.39360252022743225
0.4481016099452973
0.43840643763542175
0.3749305605888367
0.3843035697937012
0.3759870231151581
0.3885672390460968
0.45755779743194575
0.4196067750453949
0.4149092435836792
0.4129371643066406
0.4169504344463348
0.38218873739242554
0.36033564805984497
0.3729347288608551
0.35901889204978943
0.4450680315494537
0.40626522898674006
0.39829283952713007
0.4490975439548493
0.4404726624488831
0.37726649641990656
0.3936308920383453
0.3667563498020172
0.3316013514995575
0.44579192996025085
0.3648635447025299
0.3701043725013733
0.36192712187767034
0.45095720887184143
0.37778487801551813
0.3794333636760712
0.3724103271961212
0.40729591250419617
0.4573923051357269
0.40226030349731445
0.45787635445594793
0.33725073933601374
0.40579494833946234
0.3266533315181732
0.3687662184238434
0.3664163947105408
0.4407517611980438
0.3898701965808869
0.4008481204509735
0.48356252908706665
0.3893042802810669
0.34831294417381287
0.3666782677173615
0.38082680106163025
0.403053343296051
0.3927794396877289
0.39435723423957825
0.4060174226760864
0.3749088943004608
0.40660348534584045
0.44093802571296686
0.4038089215755463
0.438794881105423
0.32342517375946045
0.4406647980213165
0.42057278752326965
0.3804574310779572
0.3757402002811432
0.4591297209262848
0.36608141660690313
0.45327475666999817
0.34061458706855774
0.4218697249889374
0.4189146459102631
0.373632162809372
0.4309482276439666
0.43985566496849055
0.3972400426864624
0.360742062330246
0.33665916323661804
0.3592946529388428
0.4537217020988464
0.41024371981620794
0.3895783722400665
0.3836859464645386
0.3366401493549347
0.36067113280296326
0.40509751439094543
0.3841339647769928
0.3635919094085693
0.4479111135005951
0.45649015903472895
0.3859395086765289
0.4025491178035736
0.41635522246360773
0.42461451888084406
0.39865684509277344
0.4332139790058136
0.3553489148616791
0.4123855531215668
0.3527669608592987
0.4290751218795776
0.34799596667289734
0.3693254292011261
0.38506418466567993
0.40308555960655207
0.3991660177707672
0.36282446980476374
0.38103035092353826
0.34336122870445246
0.4197903573513031
0.4139432609081268
0.41951414942741394
0.44547605514526367
0.3645531237125397
0.348015159368515
0.47860586643218994
0.35566121339797974
0.44136023521423334
0.38882899284362793
0.4174208343029022
0.46361806988716125
0.4373169243335724
0.4086156487464905
0.3524898588657379
0.3748378455638885
0.412909746170044
0.3825097978115082
0.4607515633106232
0.45307412743568415
0.29164406657218933
0.3963740170001984
0.39493507146835327
0.4013710618019104
0.3232191503047943
0.41250813007354736
0.4123332798480988
0.394975870847702
0.4091377854347229
0.4033224880695343
0.33795472979545593
0.4060616195201874
0.3719550669193268
0.4016015529632568
0.3563895523548126
0.39031967520713806
0.36783766746521
0.3785626292228698
0.40684846043586725
0.34734418988227844
0.39612910151481623
0.453455775976181
0.4141131341457367
0.41756317019462585
0.42549270391464233
0.37797117233276367
0.3739547729492188
0.3744949996471405
0.422854870557785
0.41170218586921686
0.44193854928016657
0.34993287920951843
0.37159886956214894
0.3901679813861847
0.3759470582008362
0.41861262917518616
0.42896711826324463
0.3809086084365845
0.4832115173339844
0.38847568631172175
0.4648462235927582
0.48656502366065973
0.37156012654304493
0.4007252752780914
0.4116046130657196
0.35041725635528564
0.3735941648483276
0.3757384121417999
0.3825711905956268
0.3661848604679108
0.4202906787395477
0.4176478385925293
0.4065147042274475
0.37741962075233454
0.3840370178222656
0.3847211301326752
0.3809103667736053
0.39611387252807617
0.3845126926898956
0.37079486250877375
0.4411715567111969
0.4082234799861908
0.3921178281307221
0.3490006029605865
0.41832640767097473
0.40772920846939087
0.3498353064060211
0.46572279930114746
0.3426409065723419
0.3779977262020111
0.37430679798126226
0.46315342187881464
0.37288460135459894
0.3552381098270416
0.35259810090065
0.3966781198978424
0.4427368342876434
0.3766119778156281
0.4000670611858368
0.37363937497138977
0.4001384079456329
0.3929360210895538
0.3928653299808502
0.3989354074001312
0.39505952596664423
0.460649698972702
0.39361217617988586
0.36121794581413275
0.3811775743961334
0.3844437897205353
0.3960340917110443
0.35535410046577454
0.4610256850719452
0.39161542057991033
0.42760083079338074
0.3489936590194702
0.41712036728858953
0.45404413342475886
0.3818415701389313
0.3975296318531036
0.5083334445953369
0.39142757654190063
0.3829203248023986
0.44838333129882807
0.3988140225410461
0.3885131180286408
0.35301074385643005
0.4092497527599335
0.39936026930809027
0.37067756056785583
0.4116229712963104
0.44432899355888367
0.35769227147102356
0.41155880689620966
0.48972427845001215
0.38901081681251526
0.35040315985679626
0.38443705439567566
0.4124279916286469
0.40091273188591
0.3773422539234161
0.45778179168701166
0.3743548393249512
0.3671361804008484
0.4333479106426239
0.3554178774356842
0.43366613984107966
0.3571347296237945
0.34992167353630066
0.3913719654083252
0.36494603753089905
0.4195585548877716
0.4417949616909027
0.4204692542552948
0.39230635762214655
0.3413248658180237
0.4107655584812164
0.3707265853881836
0.3861570656299591
0.4375116527080536
0.38992303609848017
0.3987031579017639
0.44683963060379034
0.41155263781547546
0.34185659885406494
0.38760045170784
0.3742723762989044
0.4659301936626434
0.43079027533531195
0.4640851318836212
0.3836990892887115
0.365647166967392
0.4088710248470306
0.3320664465427398
0.3214600384235382
0.46542671322822565
0.40258947014808655
0.3594811856746673
0.3677628934383392
0.39310944080352783
0.4222584068775177
0.3877794742584229
0.48112896084785456
0.39700508117675776
0.38468548655509943
0.388536125421524
0.34474700689315796
0.45060461759567266
0.38307133316993713
0.37436968088150013
0.4729576110839844
0.4075200855731964
0.3555631935596466
0.3541174829006195
0.3799059689044952
0.374482661485672
0.40764591097831726
0.3779788911342621
0.3973741829395294
0.38150903582572937
0.37397256493568415
0.32990291714668274
0.37023004889488226
0.3616098463535309
0.3708495199680328
0.40369862318038946
0.4109993278980255
0.3888168632984161
0.44891050457954407
0.41674169898033137
0.3771166503429413
0.48122960329055786
0.44515666365623474
0.4005967676639557
0.38287684321403503
0.4028017520904541
0.36400189995765686
0.4332272112369537
0.3917441666126251
0.4879613220691681
0.38639932870864874
0.39669522643089294
0.3978559672832489
0.3374566733837128
0.3971710503101349
0.36561074852943426
0.3739607632160186
0.3925915658473969
0.38621136546134954
0.39093661308288574
0.3870198428630829
0.3904708921909332
0.3973028063774109
0.3914059102535248
0.3751643598079681
0.397349625825882
0.436537891626358
0.3714896738529205
0.3618858456611633
0.39604225754737854
0.4093011915683746
0.3882007896900177
0.38654851913452154
0.4728548526763916
0.4417303502559662
0.42680278420448303
0.34257206320762634
0.3829386830329895
0.4874390065670013
0.41214635968208313
0.4133001267910004
0.39270174503326416
0.4495052993297577
0.3465510904788971
0.3985233008861542
0.5050229430198668
0.3997442126274109
0.4126617014408112
0.3786295056343079
0.3695810735225677
0.38732579350471497
0.3882651031017304
0.43556222319602966
0.3844912052154541
0.37091198563575745
0.3936152756214142
0.4571522474288941
0.47624927759170527
0.4461447894573212
0.3436773121356964
0.48333099484443665
0.3420807421207428
0.3987581431865692
0.4094633162021637
0.3961950838565826
0.40228524804115295
0.365737110376358
0.4205380380153656
0.4348397850990296
0.3602920174598694
0.3792807459831238
0.38294464349746704
0.3930387198925018
0.44464153051376337
0.38727262616157526
0.41628327965736395
0.41024458408355713
0.29452535510063166
0.48723867535591125
0.3887706696987152
0.35404220223426813
0.49382644891738886
0.36704567074775696
0.3609303534030914
0.3636641204357147
0.40712937712669367
0.37905767560005194
0.3912314474582672
0.3919263482093811
0.3453170359134674
0.36306339502334595
0.3869891464710236
0.3614174425601959
0.482498437166214
0.36360833048820496
0.4210504591464996
0.4425969421863556
0.36062091588974
0.3935370147228241
0.45209401845932007
0.4456366002559662
0.37836602330207825
0.37362948060035706
0.42878976464271545
0.3962267339229584
0.40682402253150934
0.4564094841480255
0.4432646334171295
0.3277782499790192
0.4740210771560669
0.3812720477581024
0.3904789984226226
0.4184376895427704
0.42715439200401306
0.3442888855934143
0.4086591899394989
0.3578721582889557
0.39079633355140686
0.40719994902610773
0.423537403345108
0.38874813914299006
0.3781856596469879
0.3718380331993103
0.3679101169109344
0.3630377352237701
0.4166400730609894
0.38635516166687006
0.43257513642311096
0.45802572369575506
0.4389801025390625
0.39496320486068726
0.4399144947528839
0.3834120929241181
0.3647172749042511
0.4330306947231293
0.3888128697872162
0.37194588780403137
0.3845221400260925
0.3761230409145355
0.3877504765987396
0.3856775760650634
0.3750883638858795
0.39463064074516296
0.42336145043373113
0.3592907786369324
0.39250791072845453
0.38125094771385193
0.37379589676856995
0.4196808338165283
0.4664199650287628
0.4250414967536926
0.44013646245002747
0.39105224609375
0.3886512815952301
0.3839903175830841
0.3795699179172516
0.4095079004764557
0.35540881752967834
0.45125374197959894
0.3729902505874634
0.36484429240226746
0.39453542232513433
0.3798206150531769
0.4444508850574493
0.39474597573280334
0.4312381446361542
0.38739848136901855
0.4176764190196991
0.3587230145931244
0.37313854694366455
0.38149216771125793
0.3816975951194763
0.39776358008384705
0.3642135858535767
0.3880702257156372
0.4099175930023193
0.4505405724048615
0.4525786340236664
0.4176230728626251
0.377247542142868
0.4703104197978973
0.4774505794048309
0.3967775702476501
0.38346120715141296
0.3756422698497772
0.4495549201965332
0.3881615102291107
0.3851529657840729
0.3950253427028656
0.3597939908504486
0.4387910664081573
0.3282761871814728
0.35190948843955994
0.4563693702220917
0.3759107291698456
0.3645020127296448
0.3988567888736725
0.43948948383331293
0.3954000771045685
0.3434974253177643
0.35969829559326166
0.3777153193950653
0.40151104331016546
0.3709299266338348
0.4009716808795929
0.395131915807724
0.3870368599891663
0.37570610642433167
0.38943958282470703
0.45568305253982544
0.40554991364479054
0.33639201521873474
0.3459080755710602
0.45145556330680847
0.3667096793651581
0.36315193772315973
0.36115723848342896
0.43544650077819824
0.40342339873313904
0.43844714760780334
0.4197385311126709
0.3623435497283936
0.415728896856308
0.4287135899066925
0.45381712913513184
0.4220434725284576
0.3994252383708954
0.3980717360973358
0.4078571498394013
0.4129177927970886
0.3686525821685791
0.4439387023448944
0.4077891111373901
0.40157660841941833
0.3583839535713196
0.4172071814537048
0.3607837557792664
0.4485385417938232
0.3946827054023743
0.3605469465255737
0.4650327265262604
0.3633151948451996
0.4202078878879547
0.3769374191761017
0.428349494934082
0.4603144526481629
0.43505778908729553
0.4515600502490997
0.42771071195602417
0.41531383991241455
0.37710040807724
0.37937778234481806
0.38371819257736206
0.41228792071342474
0.41190049052238464
0.41755357384681696
0.36532416939735407
0.41474300622940063
0.4152802228927612
0.363702803850174
0.4515349566936493
0.37503242492675776
0.4271319806575775
0.3621510565280914
0.39108255505561834
0.4152967035770416
0.4032610952854157
0.3955185413360596
0.3644349277019501
0.39761546254158014
0.4878293573856354
0.45009031891822815
0.3725272715091705
0.3887320458889008
0.3637541234493256
0.38967153429985046
0.37143504619598394
0.43949255347251887
0.3964363634586334
0.38531574606895447
0.3708942532539368
0.36881539225578314
0.3812410533428192
0.3878685235977173
0.38653802871704096
0.43855565786361694
0.461208313703537
0.3579016923904419
0.3613213896751404
0.35614678263664246
0.37345418334007263
0.43252059817314154
0.45347136259078974
0.44617697596549993
0.4159155189990997
0.38376724720001215
0.46178546547889704
0.4448239803314209
0.4511289298534393
0.4287460148334503
0.3920324742794037
0.4138409495353698
0.4663890898227692
0.424106240272522
0.40016946196556086
0.37333512306213373
0.36944326758384705
0.44343671202659607
0.4151833355426788
0.4137410819530487
0.45218995213508606
0.3803671896457672
0.3744446337223053
0.45179054141044617
0.4614843428134918
0.38101130723953247
0.39469277858734125
0.40473273396492
0.4027020037174225
0.35290384292602534
0.44602236151695246
0.4420288503170013
0.448641449213028
0.3788364827632904
0.37924602627754206
0.4839349091053009
0.48176455497741694
0.43681201338768005
0.3809157013893128
0.33699849247932434
0.4620450437068939
0.42279788851737976
0.37453058362007136
0.3601498007774353
0.3698511719703674
0.4109833836555481
0.4066537916660309
0.3692862689495087
0.4031171798706055
0.3934943675994873
0.3715359568595886
0.3406650424003601
0.4838813543319702
0.3904729187488556
0.3906470835208893
0.4424176514148712
0.3933924734592438
0.43651229143142706
0.46489617228508
0.40078151226043696
0.3986003696918488
0.38556572794914246
0.37290766835212713
0.3474645018577576
0.362457662820816
0.4586440026760101
0.3830420076847077
0.43549126386642456
0.37820237874984736
0.3753809332847595
0.4255702793598175
0.38621842861175537
0.3715102970600128
0.3830552399158478
0.424168199300766
0.4820641577243805
0.3951487839221954
0.4643571972846985
0.3910570442676544
0.3815510869026184
0.34796658158302307
0.47500243782997126
0.3828220665454865
0.4572967290878296
0.3613621294498444
0.380035012960434
0.38429233431816096
0.41081270575523376
0.395348072052002
0.37927302718162537
0.4348962604999542
0.4499271810054779
0.36536669731140137
0.40228405594825745
0.45245474576950073
0.4241656959056854
0.3318642377853393
0.3719771206378937
0.4239294230937958
0.3785761892795562
0.38094499707221985
0.42246970534324646
0.37512040138244634
0.37930199503898626
0.37516722083091736
0.37864053249359125
0.3547636866569519
0.39041736721992487
0.3831600546836853
0.4452433884143829
0.4131116569042206
0.4423906207084656
0.3955185115337372
0.4793311655521393
0.4413916170597077
0.45868727564811707
0.3846031129360199
0.368107944726944
0.334218829870224
0.42105874419212336
0.37893277406692494
0.35854044556617737
0.3459257185459137
0.3923610746860504
0.4488012194633484
0.46229431033134466
0.4068446457386017
0.5039762258529663
0.4108057916164398
0.4222264587879181
0.413388192653656
0.37234398722648626
0.4007336795330048
0.37650427222251887
0.39184543490409846
0.3872111141681671
0.4267302453517914
0.4114382266998291
0.4193101227283478
0.3826277554035186
0.42517396807670593
0.4077978432178497
0.4066471755504608
0.4554423391819
0.4764200150966644
0.40376839041709894
0.3858078420162201
0.44573363661766047
0.38059267401695246
0.3893527686595917
0.3718579411506653
0.359080046415329
0.4013168513774872
0.4497387707233429
0.394589513540268
0.37772765755653376
0.40442198514938354
0.4025284647941589
0.40575090050697327
0.3914835751056671
0.36816564202308655
0.39673382043838495
0.4347021877765656
0.4067783951759338
0.4165738821029663
0.3519430458545685
0.3529528081417084
0.37350925803184504
0.4543439447879791
0.4366661608219146
0.32727688550949097
0.4118053019046784
0.4004907310009002
0.38246259093284607
0.3735221326351166
0.36984661221504206
0.43763214349746704
0.3671396970748901
0.41740545630455017
0.35754674673080444
0.4114750027656555
0.36839714646339417
0.3535354733467102
0.38852933049201965
0.37498787045478815
0.3729468882083893
0.4333947002887726
0.47758302092552185
0.3792406916618347
0.391865611076355
0.37946897745132446
0.3831062614917755
0.43374750018119806
0.3943781852722168
0.4439110457897186
0.41438591480255127
0.4498072266578674
0.38511702418327326
0.37300667166709894
0.39384019374847407
0.4278051853179932
0.3719388842582703
0.40898159146308893
0.4426262080669403
0.3992935121059418
0.4115115106105805
0.4866227209568024
0.41506192088127136
0.376282662153244
0.42134079337120056
0.3867824375629425
0.4562061727046967
0.385136753320694
0.43850979208946234
0.45411440730094904
0.3443121612071991
0.45647460222244257
0.3651997148990631
0.31396564841270447
0.3999616801738739
0.34344443678855896
0.36726740002632147
0.3852222263813018
0.4053817689418793
0.4641084372997284
0.4342874884605408
0.362966388463974
0.36115249991416926
0.4502370059490204
0.39908310770988464
0.4032401144504547
0.4319551587104797
0.4208260178565979
0.435274749994278
0.476868748664856
0.4333224296569824
0.4040893614292145
0.3855891525745392
0.44547498226165766
0.3630373477935791
0.477742463350296
0.3789625465869904
0.3341333568096161
0.360484391450882
0.4381547272205353
0.3907307088375092
0.40474891662597656
0.37763479351997375
0.39098039269447327
0.4381980895996094
0.3953480422496796
0.4014037549495697
0.38262006640434265
0.429257482290268
0.44961848855018616
0.39418995380401606
0.409559428691864
0.386891633272171
0.4303639829158783
0.389540046453476
0.4041779339313507
0.4005580246448517
0.3599076271057129
0.406552404165268
0.36137044429779047
0.37770542502403254
0.3638270795345306
0.4114279448986053
0.38473707437515253
0.3628872334957122
0.4473011195659637
0.3999315202236176
0.3622854053974152
0.3883984684944153
0.3975933492183685
0.43491330742836
0.38173273205757136
0.44616273045539856
0.4129994809627533
0.42173781991004944
0.45852169394493103
0.4627143442630768
0.418415904045105
0.38263359665870667
0.3666161596775055
0.4360535442829132
0.3237574100494385
0.4024349451065064
0.3950612246990204
0.48173341155052185
0.37186649441719055
0.37543043494224554
0.3963530361652374
0.3585444688796997
0.35646703839302063
0.4352398812770844
0.4215388298034668
0.38270232081413275
0.3647496402263641
0.3856731951236725
0.3928857743740082
0.39353561401367193
0.3843742907047272
0.4232796728610992
0.35112908482551575
0.3944272696971893
0.37658157944679266
0.4382610619068146
0.3608582317829132
0.3820638358592987
0.36813464760780334
0.3897460997104645
0.37871006131172175
0.37370815873146057
0.47356471419334406
0.4093218445777893
0.4032620787620544
0.3577607274055481
0.4390981197357178
0.3905377686023712
0.36758926510810846
0.380181223154068
0.39738103747367853
0.3834549486637115
0.4524061381816864
0.4043794274330139
0.39587774872779846
0.39078721404075617
0.41645291447639465
0.3661932945251465
0.35703518986701965
0.33507177233695984
0.4250682294368744
0.45780870318412786
0.3673266768455505
0.4122323095798493
0.37958565354347223
0.4914269745349884
0.38174018263816833
0.4574129283428192
0.47657188773155207
0.43265160918235773
0.4154334366321564
0.4269458949565888
0.40230998396873474
0.3820862472057343
0.3659907877445221
0.38762626051902765
0.38840010762214655
0.41201213002204895
0.34894561767578125
0.4238921701908112
0.42162820696830744
0.382881373167038
0.4562278687953949
0.4418485760688782
0.3683365881443024
0.38681936264038086
0.40386602282524103
0.3573041558265686
0.3739344477653504
0.40470322966575617
0.3675842881202698
0.4033018350601196
0.4481211304664612
0.3777089416980744
0.3610202372074127
0.36768725514411926
0.43111899495124817
0.37762507796287537
0.3898064196109772
0.3879287838935852
0.4416932761669159
0.36946275830268854
0.3543834388256073
0.383527398109436
0.344545841217041
0.42466577887535095
0.3724648058414459
0.35687026381492615
0.4493320286273956
0.37911784648895264
0.3844766020774841
0.4271513819694519
0.3628423511981964
0.3868618905544281
0.3688412606716156
0.34983551502227783
0.43175554275512695
0.3911064267158508
0.40368473529815674
0.3421604633331299
0.36744755506515503
0.343676894903183
0.39366236329078674
0.4044855535030365
0.39962649345397944
0.3583449423313141
0.45340195298194885
0.384091466665268
0.3570814430713653
0.42328670620918274
0.38085329532623285
0.404318243265152
0.3635977208614349
0.45167014002799993
0.4211349487304688
0.35018590092659
0.3897152245044708
0.35345596075057983
0.40474978089332575
0.35315564274787903
0.4256522953510285
0.3774836957454681
0.4116353094577789
0.42532905936241144
0.3486691415309906
0.4577722847461701
0.4442225396633148
0.4182148277759552
0.3956288397312164
0.3821353614330292
0.3842485249042511
0.41138228774070734
0.37943872809410095
0.40160039067268366
0.364822655916214
0.3535430431365967
0.4286922812461853
0.378166526556015
0.40047341585159296
0.3902937173843384
0.3943111300468445
0.4094131886959076
0.3799561858177185
0.40551343560218805
0.38492617011070246
0.40634274482727045
0.36421146988868713
0.49422922730445856
0.4231414794921875
0.35146939754486084
0.3817718923091888
0.39279863238334656
0.3706138432025909
0.44518572092056274
0.345302551984787
0.38685485720634466
0.3896657526493073
0.41187712550163275
0.45174911618232727
0.4329077303409576
0.39190334081649775
0.44945099949836725
0.34442439675331116
0.3886933326721192
0.38354381918907166
0.35834622383117676
0.3896213471889496
0.40660509467124933
0.4136227369308472
0.3810528814792633
0.3868997097015381
0.3663329780101776
0.3898753225803375
0.4755194783210754
0.4282079041004181
0.35347864031791687
0.41306114196777344
0.3739507496356964
0.4214435517787933
0.3486565053462982
0.4371220767498016
0.3518086373806
0.4107582867145538
0.3849659562110901
0.4402534365653992
0.3590568602085113
0.3890884816646576
0.38699933886528015
0.4366258084774017
0.4003064334392548
0.3957374691963196
0.3516184687614441
0.3977889120578766
0.4447332620620728
0.4347621500492096
0.37139463424682617
0.35042330622673035
0.37094506621360773
0.3804701268672943
0.4336235523223877
0.5040290951728821
0.4679134786128998
0.45250067114830017
0.3637482821941376
0.3979867696762085
0.41868618130683893
0.43965038657188416
0.37988147139549255
0.40694907307624817
0.36091104149818415
0.3823416531085968
0.37416234612464894
0.47607976198196406
0.33808198571205134
0.501450777053833
0.393365889787674
0.45189705491065973
0.3396684229373932
0.4460289776325226
0.3702459633350372
0.39139267802238464
0.3552643358707428
0.3858068883419037
0.44894900918006897
0.4043654203414917
0.40149575471878046
0.39696744084358215
0.3682366013526917
0.3755259811878204
0.42708575725555414
0.4122232496738434
0.37584808468818653
0.42361167073249817
0.3736684024333954
0.4000191390514374
0.4037951529026032
0.3970436751842498
0.3769836723804474
0.4251612424850464
0.3726087212562561
0.44286498427391047
0.3940531015396118
0.38120314478874207
0.337617427110672
0.3876943290233612
0.40967521071434015
0.3658853769302368
0.3733372986316681
0.3680604994297028
0.3684336245059967
0.4179872572422028
0.42048898339271545
0.35999831557273865
0.3628045916557312
0.4721783101558685
0.4027234613895416
0.3821315467357635
0.3846130669116974
0.3445186913013458
0.44441488385200495
0.3733406364917755
0.39965015649795527
0.4169881343841553
0.3818126618862152
0.40385070443153376
0.45365971326828
0.3779508769512177
0.3678682148456573
0.3442373275756836
0.4069388508796692
0.37269741296768183
0.4291517436504364
0.42737725377082814
0.3926237821578979
0.410725325345993
0.3660440742969513
0.41091111302375793
0.3872826397418976
0.44140371680259693
0.4525934159755706
0.481741726398468
0.3695257604122162
0.4341798722743988
0.3928200006484985
0.3959280252456665
0.4175001680850983
0.35464575886726374
0.390927404165268
0.4271802306175232
0.36734178662300104
0.38610216975212097
0.37452641129493713
0.4100139439105988
0.3875324428081512
0.38364315032958973
0.41593635082244873
0.44242140650749207
0.34321749210357666
0.41679522395133967
0.4339257180690765
0.3917185366153717
0.3602668941020965
0.4496050477027893
0.37817934155464167
0.3837174475193024
0.37673056125640875
0.3708456158638
0.424631267786026
0.3642664849758148
0.4036015272140503
0.43756636977195734
0.4598481357097626
0.4385505020618439
0.3746027052402496
0.3992511034011841
0.45439276099205017
0.43899515271186823
0.46937546133995056
0.3600063025951385
0.40611088275909424
0.4240809381008148
0.4343089759349823
0.391026109457016
0.488133043050766
0.4490956962108612
0.4278571009635925
0.37094485759735113
0.369475930929184
0.3708709180355072
0.3845170438289642
0.3692561388015747
0.4263878166675568
0.4115433990955353
0.43262627720832814
0.38503447175025934
0.3930490016937256
0.3651791512966156
0.40950116515159607
0.39499565958976746
0.3942623734474182
0.4524686634540558
0.4891665577888489
0.3723960220813751
0.404946893453598
0.38671836256980896
0.3546348214149475
0.4138245284557343
0.340217798948288
0.4075161516666412
0.4179462492465973
0.43892768025398254
0.4413105547428131
0.4089588224887848
0.43221658468246454
0.365454375743866
0.3909625709056854
0.3772406280040741
0.4116046726703644
0.3973059952259064
0.36333802342414856
0.38460269570350647
0.32516804337501526
0.41751673817634577
0.4031296670436859
0.3917350471019745
0.40755835175514227
0.4415940046310425
0.3768839836120605
0.40644520521163935
0.393526703119278
0.34878724813461304
0.4642547070980072
0.32885774970054626
0.45949897170066833
0.41074350476264954
0.384892851114273
0.42162767052650446
0.38361644744873047
0.3395948112010956
0.3714248836040497
0.35529762506484985
0.36126306653022766
0.43628364801406866
0.4143308103084564
0.4454403221607208
0.31516292691230774
0.37356773018836975
0.34256064891815186
0.4854360818862915
0.384720116853714
0.40933263301849365
0.3756295442581177
0.3953796923160553
0.4549377262592316
0.50005042552948
0.385083943605423
0.4260506331920624
0.3909044563770294
0.38995614647865295
0.390485942363739
0.4088268280029297
0.4005148708820343
0.3416859805583954
0.3672570288181305
0.3718843162059784
0.4499784409999848
0.4120018780231476
0.3875575363636017
0.3628703653812408
0.46330651640892023
0.3822389543056488
0.3804234564304352
0.3807626068592072
0.4328031241893768
0.36369553208351135
0.3923056423664093
0.3750441372394562
0.4097338616847992
0.40245759487152094
0.35809066891670227
0.3820374608039856
0.45880934596061707
0.40957608819007874
0.4229970872402191
0.3610316812992096
0.3967200815677642
0.43051889538764954
0.39692673087120056
0.459951251745224
0.47552129626274103
0.4074477851390839
0.5278876423835753
0.5013869404792786
0.3383713960647583
0.3886397778987885
0.3929350674152374
0.36979135870933527
0.41076356172561646
0.3868580162525177
0.4549960792064666
0.424096792936325
0.41742280125617987
0.4002725183963776
0.4964503347873688
0.373104065656662
0.36474743485450734
0.4174290299415588
0.39371988177299494
0.4254867136478424
0.4180849194526672
0.4325263202190399
0.38395813107490534
0.36247548460960394
0.4070467948913574
0.4840628206729889
0.3968203365802765
0.445162445306778
0.4190140664577484
0.4000688791275024
0.3692336976528168
0.4397315680980682
0.3560483753681183
0.4832028448581696
0.3700790703296661
0.410997062921524
0.41372939944267273
0.4356672167778015
0.3978705406188965
0.3752623498439789
0.4067647457122802
0.47246897220611567
0.3567371666431427
0.3622664511203766
0.3792820870876312
0.43915262818336487
0.37328410148620605
0.35504987835884094
0.4005418121814728
0.39987513422966
0.4264581203460693
0.47272142767906183
0.40524420142173767
0.37821662425994873
0.4418770372867584
0.3972856104373932
0.39146813750267034
0.43228846788406367
0.43791717290878296
0.36514106392860407
0.4340907633304596
0.46339079737663275
0.39870518445968633
0.3473423421382904
0.36209592223167414
0.3417198359966278
0.3780620992183685
0.4011621177196503
0.32575035095214844
0.38957041501998896
0.44691839814186096
0.360733300447464
0.4196042120456696
0.41874837875366205
0.420467346906662
0.4042862951755524
0.3836787939071655
0.4392970502376556
0.4463895857334137
0.3964927792549133
0.3777377903461456
0.4347507357597351
0.38080883026123047
0.3697760999202728
0.35070109367370605
0.35999199748039246
0.35422530770301813
0.40445134043693537
0.4280247986316681
0.39849814772605896
0.45216259360313416
0.37656295299530024
0.42495349049568176
0.4728935360908508
0.37450355291366577
0.35936424136161804
0.36456435918807983
0.38205310702323914
0.3806416094303131
0.3853963613510132
0.37327706813812256
0.3608904182910919
0.3874236047267914
0.393889993429184
0.3755810558795929
0.463525265455246
0.38365134596824646
0.45712387561798096
0.3820503652095794
0.3796862065792084
0.3730080425739288
0.47629690170288086
0.3912024199962616
0.436967134475708
0.3558845520019531
0.3385567963123321
0.3976991772651672
0.4477547705173493
0.40751668810844416
0.3517357409000397
0.3809197545051575
0.37356168031692494
0.342241644859314
0.42040517926216125
0.4049391448497772
0.36879405379295355
0.37176957726478577
0.39211153984069824
0.5034580230712891
0.4131085276603698
0.39956310391426086
0.49402019381523127
0.375013142824173
0.33670610189437866
0.37023648619651794
0.39796897768974304
0.3961934745311737
0.37549296021461487
0.46553510427474976
0.4259990155696869
0.433607429265976
0.3995055854320526
0.3844470083713531
0.39166578650474554
0.4122956991195679
0.47729068994522095
0.3642878830432892
0.41976055502891535
0.46232810616493225
0.3956384956836701
0.40438863635063166
0.3869177401065826
0.40788230299949646
0.4368540942668914
0.4124532043933869
0.3740219175815582
0.3872736990451813
0.46411061286926264
0.39946001768112177
0.470663696527481
0.37524622678756714
0.37814104557037354
0.36590063571929926
0.40360057353973383
0.42702755331993103
0.4084052741527557
0.3809443116188049
0.42818641662597656
0.42795297503471375
0.4109061658382416
0.4695800840854645
0.41161254048347473
0.3681705296039581
0.41341292858123774
0.3705517649650574
0.3819402456283569
0.3888575732707977
0.33819812536239624
0.46695524454116816
0.3689617812633514
0.38031420111656183
0.3472247421741485
0.3851303160190582
0.4220347702503204
0.35479107499122614
0.43987610936164856
0.4094918668270111
0.40316301584243774
0.4358091652393341
0.4543425440788269
0.46048203110694885
0.4017496407032013
0.39033567905426025
0.3720914423465729
0.3873891234397888
0.3755466043949127
0.3982398509979248
0.3826823532581329
0.4604084491729736
0.3765944540500641
0.4038626551628113
0.42589893937110895
0.4396626353263855
0.4009545743465424
0.4120047390460968
0.38504391908645624
0.4405440390110016
0.36567744612693787
0.3653578162193298
0.4019701182842255
0.34352591633796686
0.3373625576496124
0.37429937720298767
0.4270202815532684
0.3817924559116364
0.40502214431762695
0.3655034601688385
0.39375010132789606
0.4005678594112396
0.3814078569412232
0.3795008957386017
0.3767041862010956
0.4018824100494385
0.38440099358558655
0.39397671818733215
0.37655895948410034
0.44408163428306574
0.4036796987056732
0.377212792634964
0.3970556557178497
0.40347096323966974
0.3641728758811951
0.36522439122200007
0.3727805018424988
0.40715244412422175
0.3979626595973969
0.4100264012813568
0.437005877494812
0.3556150794029236
0.4394407570362091
0.3272081315517425
0.39778387546539307
0.3940283358097077
0.4292775094509125
0.40174451470375055
0.3938421905040741
0.3882828652858734
0.4768006205558777
0.4520109593868256
0.4072419703006744
0.3956531882286072
0.40492790937423706
0.4288748800754547
0.3389059603214264
0.3642057180404663
0.4098156690597534
0.4547506272792816
0.393043577671051
0.3862906694412232
0.37625226378440857
0.40648502111434937
0.38890948891639704
0.37942817807197565
0.34791430830955505
0.4405361711978912
0.3930115699768066
0.3610422909259796
0.33282315731048584
0.415839284658432
0.3832058012485504
0.3901103138923645
0.39305838942527765
0.44541189074516296
0.4325590431690216
0.4904241859912872
0.4001765549182892
0.38534858822822565
0.41740050911903376
0.3498767018318176
0.378966361284256
0.4252670407295227
0.4108022451400757
0.36260375380516047
0.3997666239738464
0.461685448884964
0.4812398552894592
0.3779903948307037
0.4247330725193024
0.37075436115264887
0.3857259452342987
0.4209034740924835
0.3754636347293854
0.35393968224525446
0.36654308438301086
0.37034749984741205
0.3517453968524933
0.3733945786952973
0.41682407259941107
0.35303452610969543
0.41449958086013794
0.4267091453075409
0.4145362675189972
0.3646836578845978
0.3885170817375183
0.4562172591686249
0.5055191516876221
0.3513842225074768
0.41914302110672
0.38131153583526606
0.4448370039463043
0.3768309354782104
0.4265495240688324
0.438924103975296
0.4392955005168914
0.39961227774620056
0.33525419235229487
0.47717270255088806
0.4107987582683563
0.39589324593544006
0.4122354090213776
0.43863195180892944
0.40007701516151434
0.3812490403652191
0.3597058951854706
0.3757429718971253
0.3459453880786896
0.395839124917984
0.3656877875328064
0.40034458041191107
0.4817476868629456
0.46276304125785833
0.4587409794330597
0.4227069616317749
0.39420846104621887
0.38887491822242737
0.40052396059036255
0.37905710935592646
0.3661730885505676
0.37151825428009033
0.4761509597301483
0.3781505823135376
0.3678189814090729
0.3786675035953522
0.3645851910114288
0.3978550136089325
0.37589648365974426
0.4269631803035736
0.4646020829677582
0.3646220266819
0.3665834069252014
0.3728629052639008
0.349421501159668
0.3853067457675934
0.42240259051322937
0.43269839882850647
0.339287132024765
0.4506097435951233
0.42181327939033514
0.3952355086803436
0.3640543818473816
0.3910114467144013
0.4679364562034607
0.4394067525863648
0.3826312720775604
0.44876202940940857
0.41785994172096247
0.33824491500854487
0.40355062484741205
0.5020987391471863
0.4057579636573792
0.3682526350021362
0.36167442798614496
0.36987653374671936
0.4079649746417999
0.4058622717857361
0.36331543326377863
0.40813419222831726
0.3805911242961884
0.4465396404266357
0.47742250561714167
0.38236042857170094
0.38068953156471247
0.36380121111869806
0.4323740303516388
0.41117289662361145
0.3889750242233276
0.434621661901474
0.4110284149646759
0.41087374091148376
0.46332588791847223
0.43249845504760737
0.37778225541114807
0.3955579698085785
0.3839929401874542
0.46331772208213806
0.3572314977645874
0.3948879539966583
0.3658157587051392
0.3723851144313812
0.4104937314987183
0.36576789617538447
0.3765532374382019
0.4510439932346344
0.39161473512649536
0.3858573734760285
0.3770069479942322
0.3937429785728455
0.38823351263999933
0.3655608594417572
0.38807865977287287
0.3933171033859253
0.3636114001274109
0.39139756560325617
0.39370241761207586
0.4183396100997925
0.3999122679233551
0.43614092469215393
0.3886456787586212
0.40293845534324646
0.44436943531036377
0.4598164856433869
0.3680250942707062
0.389909565448761
0.4476838409900665
0.403264045715332
0.36177030205726624
0.5095754265785217
0.4172286093235016
0.379217654466629
0.36374902725219727
0.44485774636268616
0.40765905380249023
0.3565383851528168
0.3954779803752899
0.3795044124126434
0.33783492445945734
0.3987578451633453
0.391631692647934
0.43622347712516785
0.41120883822441107
0.3965990245342255
0.3882790803909302
0.42552495002746576
0.38855588436126715
0.36853453516960144
0.4033960700035095
0.380644291639328
0.3616535365581512
0.3925196826457977
0.40329164266586304
0.460322380065918
0.3754173815250397
0.38649538159370417
0.3929323852062225
0.4484593868255615
0.43935939669609064
0.38253125548362726
0.45506805181503296
0.4660041630268097
0.41196140646934504
0.44280567765235906
0.43890461325645447
0.4093230366706848
0.3749391734600067
0.4574982523918152
0.4662777781486511
0.38942530751228327
0.44094651937484736
0.3733462393283844
0.3775452673435211
0.41181913018226624
0.36494302749633784
0.4304632842540741
0.4277089536190033
0.40843310952186573
0.47927972674369806
0.4402537941932678
0.4481985867023468
0.350106805562973
0.4957217872142792
0.4286364614963531
0.3614311516284943
0.3550432622432709
0.4409685432910919
0.3645796477794647
0.4269555509090424
0.40042674541473383
0.3899842798709869
0.3662079274654389
0.46107730269432073
0.3719957768917084
0.49565544724464417
0.3781821131706238
0.4649398624897003
0.43928223848342896
0.3734847605228424
0.3531571328639984
0.3996176421642304
0.3970711529254913
0.3715154826641082
0.3718670904636383
0.45340055227279663
0.36036553978919983
0.3730773031711578
0.37980225682258606
0.36975845694541926
0.3979656398296356
0.3630286753177642
0.3879479467868805
0.46516028046607966
0.3667037189006805
0.38364002108573914
0.40715423226356506
0.4100204408168793
0.3749313354492188
0.44905063509941107
0.3509341776371002
0.41879951953887934
0.403022438287735
0.44997194409370417
0.3980481326580048
0.46194443106651306
0.4812721014022827
0.45288410782814026
0.3934370279312134
0.3754399120807648
0.3472830057144165
0.432208389043808
0.3881660997867584
0.3804458975791931
0.46259841322898865
0.4082457423210144
0.43178263306617737
0.3616195023059845
0.35840022563934326
0.41778212785720825
0.3666488826274872
0.45265170931816096
0.39038541913032526
0.40437284111976624
0.4213103055953979
0.4791435301303864
0.370894193649292
0.4257840812206268
0.37918272614479054
0.3638141751289368
0.41201859712600714
0.42953586578369135
0.36981409788131714
0.3958365321159362
0.4254655539989472
0.39020231366157526
0.38549152016639704
0.38394758105278015
0.38207605481147766
0.42604026198387146
0.4537935554981232
0.4662996232509613
0.3439165949821472
0.3928751051425934
0.38965299725532526
0.3837535083293914
0.3342011868953705
0.42652466893196106
0.3692653775215149
0.3330228924751282
0.39965093135833746
0.49824616312980646
0.362712562084198
0.3529286086559296
0.39161217212677
0.3639195859432221
0.4199450016021729
0.422240287065506
0.35418739914894104
0.4248117804527282
0.4098760187625885
0.35890746116638184
0.36588966846466064
0.37681117653846735
0.4805756509304047
0.40647026896476746
0.4491911828517914
0.43124851584434504
0.45429387688636774
0.33349737524986267
0.39076110720634466
0.4237565100193024
0.3827649652957916
0.41102349758148193
0.3920939266681671
0.4255905151367188
0.3947793543338776
0.40998318791389465
0.4970280230045319
0.3392521142959595
0.4038786590099335
0.40915009379386896
0.35968783497810364
0.34769561886787415
0.4135276973247528
0.37401434779167175
0.37090829014778137
0.4303142130374909
0.3512759804725647
0.3158066272735596
0.45599886775016785
0.3895570337772369
0.37508261203765864
0.3769600987434387
0.3525983691215515
0.3532952070236206
0.37456002831459045
0.42041611671447754
0.4380336999893189
0.4019859135150909
0.49448308348655695
0.4492062330245972
0.3988928496837616
0.41778677701950073
0.4004324972629547
0.4095979034900665
0.3616923987865448
0.3943064510822296
0.4469139873981476
0.4220018088817597
0.4158833026885986
0.3721652328968048
0.38789260387420654
0.43173810839653015
0.4531289339065552
0.4624517858028412
0.43012771010398865
0.3604604005813599
0.42872354388237
0.4268935322761536
0.3856407701969146
0.4290066063404083
0.35121634602546686
0.4576145708560944
0.4309341609477997
0.3922603130340576
0.3744032084941864
0.4086275696754456
0.3931603133678436
0.4468092620372772
0.4010822474956512
0.37144598364830017
0.31636217236518854
0.4001168310642242
0.3899585902690888
0.38063582777976984
0.39709916710853577
0.45066371560096735
0.3639176785945892
0.45408633351325994
0.4148114621639252
0.4991734921932221
0.3837835788726807
0.3769333064556122
0.41703078150749207
0.38346147537231445
0.4232054054737091
0.3667207360267639
0.432064026594162
0.3696501553058624
0.4080071151256561
0.36731898784637446
0.3463218212127685
0.3993198275566101
0.3893278837203979
0.38350370526313776
0.49480646848678583
0.41098251938819885
0.3836796581745148
0.38923212885856634
0.47558748722076416
0.3952792584896088
0.4433873891830444
0.4102611243724823
0.37208738923072815
0.3895410001277924
0.4104354679584503
0.34994736313819885
0.433299332857132
0.37875571846961975
0.47370284795761114
0.4019253551959992
0.3336710035800934
0.3888922035694122
0.43895187973976135
0.4891199171543121
0.3796810805797577
0.34372618794441223
0.4596751928329468
0.41038063168525696
0.37060210108757013
0.4705296158790588
0.46232524514198303
0.3799742162227631
0.37336206436157227
0.45260134339332575
0.3840336501598358
0.4575522541999817
0.38787275552749634
0.4035778939723969
0.3663935959339142
0.382192462682724
0.38607290387153625
0.3655480444431305
0.37196627259254456
0.3569989502429962
0.38296225666999817
0.3976072371006012
0.36150321364402765
0.44002327322959894
0.41984120011329645
0.343321830034256
0.3857331573963165
0.3952309489250183
0.4222080409526825
0.3500275313854217
0.43755194544792175
0.3950934112071991
0.33990159630775446
0.38902381062507624
0.3911269009113312
0.44626703858375544
0.4687765538692474
0.4595848619937897
0.37213554978370667
0.431707888841629
0.4262184202671051
0.46116340160369873
0.3931051790714264
0.3928842842578888
0.4245896637439728
0.3694371283054352
0.3726971745491028
0.4097943603992462
0.43139106035232544
0.41912373900413513
0.34230831265449524
0.3505371212959289
0.3856296241283417
0.3950644433498383
0.3323865532875061
0.34386125206947327
0.33954495191574097
0.4349364638328552
0.4089536964893341
0.4099757373332977
0.4830720126628876
0.45820584893226624
0.4249111711978912
0.435869425535202
0.3996124267578125
0.41700431704521174
0.45553502440452576
0.41329780220985407
0.4165535569190979
0.34473791718482966
0.38253477215766907
0.4452349245548248
0.4033087193965912
0.35350778698921204
0.3965912759304047
0.39374151825904846
0.37487679719924927
0.43432644009590154
0.3745813965797424
0.35814821720123285
0.49908655881881714
0.4258800446987152
0.3687414526939392
0.34637889266014094
0.38910111784935
0.41148003935813904
0.4544431269168854
0.3795269429683685
0.34616866707801813
0.43981677293777466
0.39592185616493225
0.4164551496505737
0.44947659969329834
0.47769325971603394
0.36116400361061096
0.3628636598587036
0.39924809336662287
0.4223826825618744
0.34114372730255127
0.35447368025779724
0.3808835744857788
0.4159373641014099
0.3619908690452576
0.35265466570854187
0.4117927551269531
0.3298514783382416
0.4001414179801941
0.35948219895362854
0.44556772708892817
0.3732508420944214
0.3572982847690582
0.4628945887088776
0.45665118098258967
0.44246080517768854
0.33754250407218933
0.43619838356971746
0.42402452230453486
0.4336158335208893
0.35725557804107666
0.347208708524704
0.4005531370639801
0.4212726056575775
0.3535333573818207
0.3702034056186676
0.36977955698966974
0.43412405252456665
0.3405015766620636
0.4445689916610718
0.3494938313961029
0.413526862859726
0.3747576773166656
0.4052223861217498
0.349251002073288
0.3811478614807129
0.359285444021225
0.4120483100414276
0.38547506928443914
0.42068198323249817
0.4492777585983276
0.4253597855567932
0.3844534158706665
0.38393080234527593
0.35807165503501887
0.4209870100021362
0.4551524817943573
0.33670738339424133
0.38178786635398865
0.47513872385025024
0.39978960156440735
0.39510741829872126
0.4441742300987244
0.37351730465888977
0.45533713698387146
0.45685264468193054
0.4271559417247772
0.35890769958496094
0.4543190002441406
0.3864830732345581
0.356099009513855
0.4975818693637848
0.3474291265010834
0.40168455243110657
0.36617738008499146
0.42050483822822565
0.4189340472221375
0.43185651302337646
0.38037738204002386
0.34631434082984924
0.3981102705001831
0.4371300339698792
0.42720234394073486
0.4313984215259552
0.36548092961311346
0.35074111819267273
0.3730788230895996
0.4397964179515839
0.3928767442703247
0.443623811006546
0.4060856401920319
0.43154498934745783
0.32202526926994324
0.3876087367534637
0.4229449927806854
0.3772383034229279
0.4159703254699707
0.4358529150485992
0.3900675773620605
0.3713368475437164
0.3729046881198883
0.389009028673172
0.4118038713932037
0.40944400429725647
0.452778160572052
0.4486705362796784
0.3811600506305695
0.40129217505455017
0.41491565108299255
0.4737297892570496
0.3768777549266815
0.37291857600212097
0.44080221652984614
0.4602875411510468
0.4225243031978607
0.4021693468093872
0.44589027762413025
0.45892885327339167
0.3210395276546478
0.3430420458316803
0.3710787892341614
0.3923049867153168
0.3580641448497772
0.357513427734375
0.44312438368797297
0.3732764720916748
0.45850637555122375
0.4246083199977874
0.3678447902202606
0.4154576361179352
0.3987650573253632
0.39434865117073054
0.4177341759204865
0.37518253922462463
0.3628049194812775
0.4077565968036652
0.3563232719898224
0.36840578913688654
0.3439036011695862
0.4387016594409943
0.4167436063289642
0.3839584290981293
0.3765220046043396
0.4179272949695587
0.36122784018516546
0.4157238304615021
0.39330124855041504
0.36406323313713074
0.41433608531951904
0.37616690993309027
0.40288999676704407
0.3517935276031494
0.3945623636245728
0.48734802007675165
0.36682793498039246
0.3637297451496124
0.370556116104126
0.43768355250358576
0.3752442300319672
0.38335850834846497
0.383583813905716
0.3807249367237091
0.33190563321113586
0.42422774434089666
0.3610478043556213
0.41615542769432073
0.3955931961536408
0.40246158838272095
0.40553632378578186
0.38467720150947565
0.4010010063648224
0.3867044150829315
0.442302793264389
0.4574414491653442
0.4503357112407684
0.3515116274356842
0.4178526699542999
0.4008623361587525
0.410767525434494
0.3958595097064972
0.472810298204422
0.35591498017311096
0.3878487050533295
0.3499225974082947
0.36545681953430176
0.3791891038417816
0.44127765297889704
0.4283320605754852
0.3644689619541168
0.3987562656402588
0.35423421859741205
0.4263645112514496
0.3815999925136566
0.4567306637763977
0.39161476492881775
0.3835858404636383
0.37785729765892023
0.420661062002182
0.38308510184288014
0.45448079705238337
0.3760391175746918
0.4360816478729248
0.3981712758541107
0.3881083428859711
0.41737738251686096
0.36976221203804016
0.3876581788063049
0.4136682450771332
0.49841806292533875
0.41885063052177435
0.41848334670066833
0.3525942862033844
0.3923341929912567
0.34361961483955383
0.3366222083568573
0.40019735693931574
0.3447946012020111
0.3972727358341217
0.3652047514915466
0.41323721408844
0.3503994047641754
0.45362129807472235
0.36546432971954346
0.38947173953056335
0.43908640742301935
0.51785147190094
0.38472637534141535
0.36908683180809027
0.39122903347015375
0.4253673255443573
0.4429118037223816
0.4249100685119629
0.36688277125358576
0.390503853559494
0.37067863345146174
0.37041863799095154
0.4507157802581787
0.36215382814407354
0.37378734350204473
0.40947875380516047
0.4055948555469513
0.4702328145503998
0.3535488545894623
0.3943262100219727
0.425893634557724
0.4078921377658844
0.40936404466629034
0.3938656747341156
0.40821984410285944
0.3835796117782593
0.3931131064891815
0.3895091116428375
0.384148508310318
0.4162995517253876
0.4167618453502655
0.3440854549407959
0.381966769695282
0.43593865633010864
0.4133201837539673
0.4168601930141449
0.3819083869457245
0.36361888051033026
0.31393611431121826
0.37803480029106146
0.3859483599662781
0.3763997256755829
0.4401690065860748
0.37784707546234125
0.46857813000679016
0.4178582727909088
0.39217653870582575
0.387911319732666
0.40803793072700495
0.46518924832344055
0.4510364532470703
0.4711396098136902
0.3641132116317749
0.4201557636260986
0.5037903785705566
0.36423483490943914
0.42542627453804016
0.39621588587760925
0.4579956233501434
0.4221040010452271
0.3888352811336517
0.3990081548690796
0.4013254344463348
0.35165509581565857
0.3573794662952423
0.3892901837825775
0.4124166667461395
0.37612515687942494
0.41287502646446234
0.45412701368331915
0.363421767950058
0.3474986255168915
0.3575235903263092
0.416098266839981
0.39026573300361633
0.39363554120063776
0.3755417764186859
0.3546067774295807
0.37894150614738464
0.411958783864975
0.4235261082649231
0.3903960287570953
0.4045390486717224
0.456180065870285
0.3283759653568268
0.35031071305274963
0.3909253776073456
0.39725959300994873
0.39862528443336487
0.41493511199951166
0.41287228465080256
0.38342222571372986
0.4195581376552582
0.4138145744800568
0.3778350949287415
0.39558839797973633
0.393866628408432
0.4260731041431427
0.3927640616893768
0.45847463607788086
0.458850771188736
0.3874196112155914
0.3655984103679657
0.41524913907051086
0.45497238636016846
0.38467898964881897
0.3618533611297608
0.36846122145652765
0.3850340247154236
0.37512567639350886
0.46128782629966736
0.45035061240196234
0.3862922489643097
0.3984353244304657
0.4371152818202973
0.4197444617748261
0.39585533738136286
0.33412519097328186
0.34668231010437006
0.4918704926967621
0.37072610855102534
0.3720053732395172
0.39735770225524897
0.4121890366077423
0.44632527232170094
0.41855254769325256
0.449640154838562
0.3608832061290741
0.4301547110080719
0.4775236546993256
0.3737882375717163
0.3639837205410004
0.4690445363521576
0.4479614794254303
0.3983117341995239
0.42954054474830633
0.40913787484169006
0.4526820182800293
0.43826305866241455
0.41270533204078674
0.39934748411178583
0.41853910684585566
0.4135070145130157
0.4073882699012756
0.36929532885551447
0.35078516602516174
0.3972238004207611
0.38840386271476746
0.4156116247177124
0.375620037317276
0.38762298226356506
0.34949061274528503
0.3735436797142029
0.3984734714031219
0.5089844465255737
0.34372052550315857
0.36622411012649536
0.32333365082740784
0.39443364739418024
0.3933978378772736
0.4521133005619049
0.37013682723045355
0.4194552302360535
0.42631286382675165
0.4625554084777832
0.4051996171474457
0.4552125632762909
0.4050118029117584
0.3839578926563263
0.3784551322460175
0.3933910429477692
0.40322229266166687
0.49633750319480896
0.4448097050189972
0.4062530994415283
0.4412103593349457
0.4087795317173004
0.4031995236873626
0.38176196813583374
0.4351716935634613
0.4580583274364472
0.38452938199043274
0.345695823431015
0.3724455535411834
0.432020366191864
0.43753859400749207
0.3952937722206116
0.40671172738075256
0.4010640680789948
0.42675915360450734
0.42041128873825073
0.43650972843170166
0.4839312136173248
0.32729846239089966
0.4047763645648956
0.3614614903926849
0.40204593539237976
0.40126281976699835
0.3971470296382904
0.40656343102455134
0.4343148767948151
0.39367702603340154
0.42326465249061584
0.3957134187221527
0.4291767477989197
0.397808849811554
0.4007678925991058
0.38600680232048035
0.38175982236862177
0.3748933374881744
0.45192888379096974
0.3853060007095337
0.4520885050296784
0.4183571338653565
0.39887219667434687
0.42062172293663025
0.4160764813423157
0.396212249994278
0.4476912319660186
0.4004312455654144
0.413684219121933
0.43906500935554493
0.3500271141529083
0.4154607951641082
0.35076662898063654
0.4155531525611877
0.3627409040927887
0.4121039211750031
0.36584898829460144
0.3803371787071228
0.4316178262233734
0.4095958471298218
0.46427252888679504
0.37048479914665217
0.36599329113960266
0.4520527422428131
0.3839229345321655
0.4538208544254303
0.3530831038951874
0.39534348249435425
0.4065254032611847
0.45405104756355286
0.44514751434326166
0.3844702541828156
0.4486460685729981
0.3761468827724457
0.3811606466770172
0.3438779711723328
0.38409408926963806
0.33927133679389954
0.43354877829551697
0.366945207118988
0.36152723431587214
0.4713619649410248
0.4248318374156952
0.43746772408485407
0.3950330913066864
0.3916730284690857
0.3785601556301117
0.3865785598754882
0.41218525171279913
0.3987014591693878
0.41793110966682434
0.3711981773376465
0.3912325203418732
0.38317179679870605
0.4285482466220856
0.355700820684433
0.34804329276084894
0.3522050380706787
0.4197232723236084
0.3765201270580292
0.46240285038948054
0.37244734168052673
0.4339950680732727
0.40203991532325745
0.34381091594696045
0.509197473526001
0.4332403242588043
0.32687574625015253
0.4725615084171295
0.41441360116004944
0.42894670367240906
0.4118813574314117
0.39250627160072327
0.3891514241695404
0.4229588508605957
0.3906635344028473
0.4724845290184021
0.35546460747718805
0.4031354486942291
0.477527379989624
0.47262981534004206
0.4566944539546967
0.4375374615192413
0.42193803191185
0.3983794152736664
0.4194984138011932
0.39234617352485657
0.41041162610054016
0.41693156957626337
0.36891356110572815
0.3723269402980805
0.47974669933319086
0.37758442759513855
0.36900138854980474
0.38048782944679266
0.4563538134098053
0.4106822311878204
0.49379590153694153
0.3730672299861908
0.3855968117713928
0.3616155385971069
0.3872901201248169
0.35337045788764954
0.4003492593765258
0.3594568967819214
0.3730066120624542
0.3943479657173157
0.4171936213970184
0.4230271577835083
0.3960180282592773
0.38141107559204096
0.4416836798191071
0.41818913817405695
0.3869474232196808
0.48296692967414856
0.456829309463501
0.36353847384452814
0.40217921137809753
0.3832482099533081
0.34815502166748047
0.3364625871181488
0.4648615419864655
0.44494566321372986
0.43058204650878906
0.48476609587669367
0.3939770460128784
0.3795018196105957
0.4154498279094696
0.3751976490020752
0.502795934677124
0.3949373066425323
0.39053699374198914
0.39183875918388367
0.37101653218269354
0.3757912814617157
0.42895492911338806
0.435592383146286
0.3850426971912384
0.37001183629035944
0.4443359971046448
0.4409564733505249
0.36387181282043457
0.39784887433052063
0.39382514357566833
0.36003527045249933
0.4346711933612824
0.3967896401882172
0.40834319591522217
0.3876675069332122
0.43841400742530817
0.3663351535797119
0.3490339815616608
0.40094408392906183
0.4082392752170562
0.39124360680580134
0.4086238443851471
0.42623805999755854
0.4442121386528015
0.40058580040931696
0.43993476033210754
0.45133230090141296
0.3550635576248169
0.3351204097270965
0.3470463454723358
0.3825879395008087
0.42295002937316895
0.3943066895008087
0.42952004075050354
0.36844280362129206
0.42156931757926946
0.3821113407611847
0.3649944365024567
0.3859440386295319
0.3777489364147186
0.35818415880203247
0.36355188488960266
0.3974737226963043
0.3589577078819275
0.37055662274360657
0.3797309100627899
0.37847074866294866
0.41042831540107727
0.41971012949943537
0.4217682182788849
0.43710240721702576
0.3720188736915588
0.3804155588150024
0.3557743728160858
0.376332402229309
0.34891143441200256
0.37370920181274414
0.46433067321777344
0.4242301881313324
0.4423550069332122
0.39639186859130854
0.37744262814521784
0.39962455630302424
0.3604630529880524
0.41834548115730286
0.3720217943191528
0.443369060754776
0.43753084540367126
0.3868698179721832
0.41827279329299927
0.3878970444202423
0.38776156306266785
0.3476105034351349
0.3983077704906464
0.4599069952964783
0.46413537859916687
0.3775874972343445
0.4145089387893677
0.36896008253097534
0.4204712808132172
0.36517983675003046
0.40708485245704645
0.46864369511604315
0.3946687281131744
0.366520881652832
0.45536813139915466
0.3609730899333954
0.3748730719089508
0.3749861121177673
0.4124950170516968
0.37185859680175776
0.442754179239273
0.38345628976821894
0.3850653767585754
0.37953096628189087
0.3700231611728668
0.4930468499660492
0.39534103870391846
0.37929543852806086
0.38543298840522766
0.463328093290329
0.3920138478279114
0.3999733030796051
0.3615665137767792
0.37803867459297186
0.4837611019611359
0.3898409903049469
0.40764954686164856
0.4098664522171021
0.37488165497779846
0.3789789378643036
0.3719939887523651
0.3970782458782196
0.40665820240974426
0.3965575695037842
0.3473707139492035
0.4077623188495636
0.4618025720119476
0.441155344247818
0.3880225718021393
0.3860562145709992
0.3861707150936127
0.4182572066783905
0.405315488576889
0.4257560670375824
0.3703057467937469
0.43185251951217646
0.3766560852527618
0.38077577948570246
0.43257603049278254
0.452877938747406
0.3955408036708832
0.3964020311832428
0.3652321100234985
0.3692564368247986
0.37786352634429926
0.4131202399730682
0.39845156669616694
0.4539315700531006
0.36769351363182073
0.4208745062351226
0.39859801530838007
0.4767706692218781
0.4386114478111267
0.35967034101486206
0.41203328967094416
0.38414391875267034
0.43441754579544073
0.41906312108039856
0.3864303827285767
0.46712771058082575
0.4473925232887268
0.3942080140113831
0.40291303396224976
0.3817388713359833
0.3862665295600891
0.4076840877532959
0.4109746515750885
0.36944207549095154
0.3935180008411408
0.3442427515983581
0.3637374341487885
0.37428066134452814
0.3937230408191681
0.3805291354656219
0.353772908449173
0.3569367229938507
0.3842452466487885
0.40745845437049866
0.4361632168292999
0.42709726095199585
0.36454209685325617
0.4336881339550018
0.4577741026878357
0.38749924302101135
0.37060290575027466
0.3539840281009674
0.35022059082984924
0.4003700911998749
0.45574688911437994
0.4435379803180695
0.3568999469280243
0.38441184163093567
0.4857681691646576
0.380846232175827
0.4086393117904663
0.34474828839302063
0.44012680649757385
0.33026888966560364
0.3691755533218384
0.426148384809494
0.4611506164073944
0.38064974546432495
0.40966424345970154
0.3509862422943115
0.4371579587459564
0.465596079826355
0.35009294748306274
0.4315313398838043
0.3964572846889496
0.36023449897766113
0.419613778591156
0.42392292618751526
0.39615654945373535
0.41383424401283264
0.4598863422870636
0.4361531436443329
0.37928244471549993
0.42805358767509455
0.41734927892684937
0.4389885365962982
0.3378880023956299
0.4735736548900604
0.4325298964977264
0.43248888850212097
0.44903120398521423
0.3621311485767365
0.4467906653881073
0.3710017204284668
0.3931233584880829
0.4014473855495453
0.4669877290725708
0.4120780527591705
0.4012319147586823
0.4024576246738434
0.37414124608039856
0.3755067884922028
0.3759018778800964
0.39351609349250793
0.40217646956443787
0.3447684943675995
0.41375693678855896
0.3789127171039581
0.3569956123828888
0.5010888576507568
0.39058497548103327
0.40142497420310974
0.4839831590652466
0.4012045562267304
0.387543261051178
0.4550276398658752
0.40461105108261114
0.449405699968338
0.3737593591213226
0.3838025331497192
0.37952187657356257
0.4423590004444122
0.3859961330890656
0.38504311442375183
0.4057725965976715
0.3806306421756744
0.3428705334663391
0.4366136491298676
0.3676912486553192
0.3882088959217072
0.42661187052726746
0.3871552646160126
0.4355631470680237
0.4756641685962677
0.38422724604606634
0.4538246095180512
0.4534280598163605
0.42826500535011286
0.39049670100212097
0.497975081205368
0.4722164571285248
0.37166765332221985
0.36812466382980347
0.3992910087108612
0.4090063571929932
0.39536589384078974
0.40326765179634094
0.3861396014690399
0.36453631520271296
0.4640885293483734
0.45043930411338806
0.4320088028907776
0.3816430866718292
0.37079378962516785
0.4244775474071503
0.350297212600708
0.3707317411899567
0.42772966623306274
0.3906647264957428
0.40757775306701666
0.45002621412277216
0.3499203026294708
0.4385745227336884
0.38155719637870794
0.4399210512638092
0.3630349338054657
0.4236332774162293
0.42982426285743713
0.4009413421154022
0.409628540277481
0.3378108143806457
0.38831666111946106
0.46822056174278254
0.416204959154129
0.36622810363769526
0.3395530879497528
0.42673328518867487
0.3671965301036834
0.34348538517951965
0.4009690582752228
0.3842657506465912
0.3376706838607788
0.373739629983902
0.3875329792499542
0.4271994829177856
0.35638496279716486
0.3489721715450287
0.4061116576194763
0.3758600652217865
0.3656526505947113
0.46122679114341736
0.38643181324005127
0.38658258318901056
0.37087234854698176
0.4436453878879547
0.34484830498695374
0.470879465341568
0.43353632092475886
0.352085679769516
0.3648506999015808
0.3425427973270416
0.4556139707565308
0.4113636314868927
0.41860777139663696
0.40341496467590326
0.46088284254074097
0.38081353902816767
0.3754465579986572
0.3639344274997711
0.4191937744617462
0.3720621168613434
0.3886272311210632
0.37675899267196655
0.4193484783172608
0.3861732184886932
0.3964332044124603
0.37509718537330633
0.44245108962059027
0.3553409278392792
0.38000628352165217
0.4338175058364868
0.3670442402362824
0.39037618041038513
0.42517104744911194
0.3566935956478119
0.4139139354228973
0.48422273993492126
0.39116898179054255
0.4351392090320587
0.3701298832893372
0.4461806118488312
0.42284503579139704
0.4215986430644989
0.456196665763855
0.42503169178962713
0.3844660818576813
0.3699126541614533
0.39119997620582575
0.3773626983165741
0.36585330963134766
0.39236387610435486
0.3900913894176483
0.44785416126251215
0.3444671928882599
0.3866901397705078
0.4006068706512451
0.41707316040992737
0.41292169690132147
0.48560672998428334
0.3927282392978668
0.37711539864540095
0.42627260088920593
0.39098456501960754
0.37647125124931335
0.3992708623409271
0.41586896777153015
0.3862115442752838
0.346841424703598
0.3908148109912872
0.3887267410755157
0.3740587532520294
0.3942118585109711
0.4273984134197235
0.39223340153694153
0.47020626068115234
0.38793960213661194
0.38319867849349976
0.4664419591426849
0.3819114863872528
0.3965331315994263
0.36295223236083984
0.425115704536438
0.44049298763275146
0.37735244631767273
0.3707393407821655
0.4016586840152741
0.3688018620014191
0.3739365637302399
0.3759443461894989
0.3856340348720551
0.4312285482883453
0.42844414710998535
0.40969845652580256
0.45877462625503534
0.3644539415836334
0.39750692248344416
0.40350991487503046
0.43073204159736633
0.39451226592063904
0.43366765975952154
0.3968798816204071
0.4162057340145111
0.4470047652721405
0.4403339922428131
0.42106199264526367
0.3766458928585053
0.3630807995796204
0.410180777311325
0.4461371600627899
0.3989081084728241
0.372340589761734
0.36801746487617487
0.38846355676651
0.32762667536735535
0.4971043169498444
0.3850317895412445
0.3573436737060547
0.4508241713047028
0.4517915844917297
0.41078528761863703
0.35671803355216974
0.41615539789199835
0.36228254437446594
0.3904489874839783
0.4447348415851593
0.40338465571403503
0.434308648109436
0.4498843252658844
0.3940119445323944
0.3971339166164398
0.4326972365379333
0.355970174074173
0.4355124235153198
0.44477155804634094
0.454999715089798
0.38280889391899114
0.3933727443218231
0.40952539443969727
0.5007281303405762
0.45138353109359747
0.4033635854721069
0.445876270532608
0.38104578852653503
0.37002274394035334
0.45023915171623224
0.3934448659420013
0.42228710651397705
0.4233008325099945
0.4274562895298004
0.4360825121402741
0.42575636506080633
0.4254718720912933
0.4033057689666748
0.36554571986198425
0.39453428983688354
0.40518948435783386
0.37044608592987055
0.37378668785095215
0.3602970838546753
0.36996170878410334
0.4446768462657928
0.4943142235279083
0.3907029330730438
0.35107532143592834
0.40074050426483154
0.360536903142929
0.4452140033245087
0.36947664618492126
0.3746919333934784
0.38598755002021784
0.33947649598121643
0.3679766356945038
0.42688265442848206
0.47239807248115534
0.42050263285636896
0.4509367644786834
0.37018451094627375
0.4480765759944916
0.4448455274105072
0.43465790152549744
0.3778688609600067
0.4017341732978821
0.3562152087688446
0.3828215301036834
0.4083331823348999
0.3600295484066009
0.4197190701961517
0.4097534120082855
0.3616217970848083
0.4210454523563385
0.4044857919216156
0.4669857621192932
0.410594254732132
0.38303378224372864
0.3838552534580231
0.4774985909461975
0.34247663617134094
0.48285314440727234
0.4558316171169281
0.38612762093544006
0.38809973001480097
0.3885989785194397
0.39609989523887634
0.43229719996452326
0.4017536342144013
0.39084479212760925
0.407831996679306
0.4479834139347077
0.42676994204521174
0.4652571976184845
0.36564889550209045
0.4299618899822235
0.3825320899486542
0.3795357942581177
0.4476758241653442
0.411222904920578
0.40078917145729054
0.385503739118576
0.4132722914218903
0.4037065207958221
0.3995594680309296
0.36983832716941833
0.35341846942901606
0.41534873843193054
0.3876291811466217
0.41040065884590154
0.409570187330246
0.3959235548973083
0.4510797262191773
0.3564567267894745
0.4211889803409576
0.37318393588066096
0.4112364947795868
0.3487667143344879
0.39202672243118286
0.46568343043327326
0.4544458091259002
0.376995176076889
0.3752939403057098
0.41472363471984863
0.415318101644516
0.4322831332683563
0.44224122166633606
0.4196089506149292
0.3589364290237427
0.38467198610305786
0.39337325096130366
0.3975178897380829
0.41786104440689087
0.3510740101337433
0.41798278689384466
0.44999924302101135
0.35619121789932245
0.4372008144855499
0.41339805722236633
0.38686904311180115
0.3545365035533905
0.3980250060558319
0.4181708991527557
0.4268335700035095
0.43288180232048035
0.49234768748283386
0.3843536674976349
0.3982310593128204
0.35765859484672546
0.49502152204513544
0.3573434948921204
0.4219951927661896
0.41623815894126887
0.4504741132259369
0.3755025863647461
0.3370331823825836
0.3697278499603272
0.3653801381587982
0.371574729681015
0.44235345721244806
0.3922106325626373
0.3795122802257538
0.3958311975002289
0.39637914299964894
0.3913155496120453
0.3807826042175293
0.41108271479606634
0.349608451128006
0.32137092947959894
0.4523856043815613
0.38945147395133967
0.4080683887004852
0.37912341952323914
0.37718355655670166
0.41118541359901434
0.5019795894622803
0.37394556403160095
0.39125022292137146
0.3788433969020844
0.33356428146362305
0.3911626636981964
0.4505630433559418
0.43500351905822754
0.38243609666824335
0.3816342353820801
0.3516453206539154
0.4576403200626373
0.435786485671997
0.4384667873382568
0.3474331796169281
0.35582873225212097
0.3740234673023224
0.373323529958725
0.4176770746707916
0.4989571273326874
0.3974708020687103
0.3984104096889496
0.4171800911426544
0.3735555112361908
0.40449121594429016
0.4552126824855805
0.42216524481773376
0.42427447438240046
0.3903788328170776
0.3780045211315155
0.40075442194938654
0.4312764108181
0.3881575167179108
0.49427667260169983
0.4338203966617584
0.38073086738586426
0.46228346228599543
0.4457511603832245
0.4010891020298004
0.4573045670986176
0.415808230638504
0.34629809856414795
0.4139327108860016
0.3929269015789032
0.41554203629493713
0.370246022939682
0.359902948141098
0.3736708462238312
0.3724790513515472
0.43727648258209223
0.3815819919109344
0.376562774181366
0.37848356366157526
0.4274013340473175
0.40508022904396057
0.41524502635002136
0.3576071858406067
0.4773403704166412
0.41919898986816406
0.34509602189064026
0.3606943190097809
0.4028165638446808
0.3979022800922394
0.3606478273868561
0.4009718000888824
0.4454412460327149
0.407330334186554
0.4161098897457122
0.3834006190299988
0.350529819726944
0.3982299268245697
0.3780124485492706
0.3629741668701172
0.41551712155342096
0.3828666806221008
0.3611586689949036
0.35168683528900146
0.40545496344566345
0.37850502133369446
0.4215407073497772
0.3714628219604492
0.36227598786354065
0.44347521662712097
0.4098761677742004
0.36652445793151855
0.39536553621292114
0.39695265889167786
0.3832037746906281
0.4725516140460968
0.3921466767787933
0.48815172910690313
0.456508994102478
0.37502047419548035
0.392047643661499
0.3762061297893524
0.36481437087059027
0.35901013016700745
0.36580196022987366
0.3535294532775879
0.46217891573905934
0.46163371205329895
0.3778839409351349
0.40843716263771057
0.417719691991806
0.3872062861919403
0.4066307246685028
0.3956155478954315
0.4712188839912415
0.3570551574230194
0.3973293006420136
0.35970088839530945
0.3645670711994171
0.41060692071914673
0.4125860035419464
0.38794195652008057
0.4313587844371796
0.3882116675376892
0.3920056819915771
0.36666187644004816
0.3891873061656952
0.4469951093196869
0.368917852640152
0.3950321972370148
0.43236181139945984
0.36036464571952814
0.36663004755973816
0.3848036229610443
0.3743248283863068
0.36861202120780945
0.36062172055244446
0.39515694975852966
0.3362565338611603
0.35671740770339966
0.43812957406044006
0.4086417853832245
0.5046899318695068
0.4104737937450409
0.41214689612388605
0.407830148935318
0.3470415771007538
0.3989817798137665
0.3904108703136444
0.3840486407279968
0.3985131978988648
0.3466731607913971
0.3673117458820343
0.3791097700595856
0.37079551815986633
0.4006136655807495
0.4487655460834503
0.4410583674907684
0.39297449588775635
0.3790075480937958
0.3704069852828979
0.36848384141922
0.3972701132297516
0.4415420889854431
0.42013001441955566
0.4442313611507416
0.3943037688732147
0.4985122382640839
0.40678617358207697
0.42976629734039307
0.4086855351924896
0.36110857129096974
0.4532119929790497
0.4017843008041382
0.4437700808048248
0.44333949685096735
0.44091734290122986
0.34389668703079224
0.37944635748863215
0.3902777433395386
0.3668932914733887
0.4336177408695221
0.4014746844768524
0.3664329946041107
0.3790434896945953
0.34506216645240784
0.4554133117198944
0.4082098007202149
0.3463078737258911
0.38297867774963373
0.4082195460796356
0.3656974732875824
0.3855096101760864
0.4589711725711823
0.39661172032356257
0.366252988576889
0.4115961194038391
0.35268875956535334
0.40775343775749207
0.3989780247211456
0.4046786427497864
0.3485583961009979
0.3582635223865509
0.45906880497932434
0.45091548562049866
0.3736985623836517
0.44511440396308893
0.3493328988552093
0.34944120049476624
0.3525894582271576
0.3769260346889496
0.39235091209411616
0.3807840645313263
0.46175751090049744
0.37971839308738714
0.4320829212665558
0.3541193902492523
0.4350758492946625
0.4159944355487824
0.411868542432785
0.3409929573535919
0.3563652038574219
0.393860250711441
0.4892355799674988
0.37569394707679754
0.4227188527584076
0.360945463180542
0.3994476199150085
0.443143367767334
0.36622089147567755
0.3779594600200653
0.3944357335567474
0.397470623254776
0.4158854782581329
0.44144847989082336
0.4450127780437469
0.3633933067321777
0.38198980689048767
0.4363860785961151
0.4563778340816498
0.38419726490974426
0.38853123784065247
0.46293076872825617
0.36122870445251454
0.376165896654129
0.4771119952201843
0.45407816767692566
0.39590948820114136
0.3986235558986664
0.3901737630367279
0.3600212633609772
0.49651598930358887
0.3968535363674164
0.38532987236976624
0.3940602242946625
0.39749178290367126
0.38785347342491144
0.3646908700466156
0.44569447636604315
0.3758624494075775
0.3955472111701965
0.400886744260788
0.4060153365135193
0.4472801983356476
0.3964726626873016
0.4415661096572876
0.3656027019023895
0.4571588933467865
0.5107539892196655
0.3970789015293121
0.35801270604133606
0.3718774318695068
0.4421871602535248
0.4249645173549652
0.41666790843009943
0.4206678569316864
0.37096408009529114
0.3876830041408538
0.42545849084854126
0.36428055167198176
0.4573989808559418
0.3721972405910492
0.3861667513847351
0.41823837161064154
0.33524161577224726
0.412357360124588
0.39579215645790095
0.3744390308856964
0.4367286264896393
0.3718941807746887
0.37791857123374933
0.3818607032299042
0.39072322845458973
0.3950404226779938
0.41435283422470087
0.4452297985553741
0.4368212521076202
0.38768997788429266
0.35742369294166565
0.42732372879982
0.41777160763740534
0.34829193353652954
0.339317262172699
0.3876082301139832
0.4193830192089081
0.37729001045227045
0.4110707342624664
0.37868690490722656
0.3507541418075561
0.3723950684070587
0.3512952923774719
0.4933947622776032
0.4544789493083954
0.391751766204834
0.3427984416484833
0.347482293844223
0.3284970223903656
0.3757622241973877
0.4283972382545471
0.3656035363674164
0.4578465521335602
0.33101046085357666
0.44517558813095087
0.41166335344314575
0.34225401282310486
0.3854873478412628
0.3835305869579315
0.4197733104228973
0.40763598680496216
0.3703684210777282
0.4407708942890167
0.3721275627613068
0.4679214060306549
0.3422487676143646
0.3906910121440888
0.43873152136802673
0.37549155950546254
0.37830737233161926
0.35569223761558527
0.40819877386093134
0.3721306025981903
0.37728753685951233
0.3658840954303741
0.3629322350025177
0.3759814202785492
0.47746405005455017
0.4412483870983124
0.41776686906814575
0.3697337806224823
0.36002764105796814
0.3823844790458679
0.3981073200702667
0.36869350075721746
0.41031864285469055
0.3672737777233124
0.38682192564010626
0.45050421357154846
0.3396751284599304
0.44084581732749933
0.4281105101108551
0.35972848534584045
0.49587723612785334
0.3788488805294037
0.4527780711650848
0.3858988881111145
0.4222280085086823
0.3914930820465088
0.4274778664112091
0.3773233890533447
0.40033093094825745
0.3761279284954071
0.4193719327449799
0.48093360662460327
0.40488269925117487
0.3858021795749664
0.3860268294811249
0.36968076229095453
0.40017697215080256
0.414825975894928
0.3942088186740875
0.38760361075401306
0.3959029614925385
0.409087210893631
0.3711318373680114
0.35837170481681824
0.4470592439174652
0.5021657943725586
0.43811663985252386
0.3578589856624603
0.383640319108963
0.3786708414554596
0.39503237605094904
0.4052160382270813
0.36755621433258057
0.39281341433525085
0.43014255166053766
0.3572620451450348
0.39260774850845337
0.34253236651420593
0.3941999971866608
0.4316512942314148
0.4268207252025604
0.45820808410644526
0.35414990782737726
0.346149206161499
0.3533957302570343
0.3735223710536957
0.3809368312358856
0.4528829753398895
0.39226976037025446
0.3826962411403656
0.428379625082016
0.417649120092392
0.4407961070537567
0.3612683713436127
0.43376937508583063
0.36441034078598017
0.37593075633049006
0.35932430624961853
0.38611242175102234
0.34461697936058044
0.43763825297355646
0.4019453823566437
0.4019417762756348
0.4216099679470062
0.381211131811142
0.3956803679466248
0.35433301329612726
0.4050882160663605
0.3978464305400848
0.37530079483985906
0.41595208644866943
0.4198552370071411
0.38427868485450734
0.36883959174156183
0.4988405704498291
0.4452802836894989
0.3741162121295929
0.3658887147903442
0.4639997184276581
0.39034581184387207
0.39297839999198914
0.32991617918014526
0.37931951880455017
0.37073585391044617
0.3353046476840973
0.43975606560707087
0.4620148837566376
0.3901062309741974
0.4208905696868896
0.483647346496582
0.3784492313861847
0.37463149428367615
0.46249678730964655
0.40903308987617487
0.381599634885788
0.3874645531177521
0.3690803050994873
0.44919988512992853
0.3540034592151642
0.34769666194915766
0.36795753240585327
0.4002762734889984
0.3379522562026977
0.389043241739273
0.4308457672595978
0.3638216555118561
0.48109325766563416
0.40927821397781367
0.36443755030632013
0.4664599597454071
0.375495046377182
0.377302885055542
0.4863908588886261
0.4149098694324493
0.3846037089824677
0.3661264181137085
0.43894770741462713
0.369870662689209
0.33445867896080017
0.4365199208259583
0.4117646217346192
0.38574191927909846
0.3904295563697815
0.44245398044586176
0.3374478816986084
0.4588873088359833
0.3825724422931671
0.4148224890232086
0.38359090685844416
0.36529541015625
0.43479070067405695
0.44437623023986816
0.4671419560909271
0.37685766816139216
0.4445711374282837
0.3493122160434723
0.3934732377529144
0.345655232667923
0.44521331787109375
0.37473374605178833
0.4016719162464142
0.34871694445610046
0.38327896595001215
0.362728089094162
0.455583781003952
0.3889702260494232
0.3882088363170624
0.3650320172309875
0.36726850271224976
0.4437230825424194
0.3610269129276276
0.42236092686653137
0.44207051396369934
0.4531049728393554
0.36908426880836487
0.5133535265922545
0.3759987950325012
0.3752109706401825
0.45606282353401184
0.38102284073829645
0.5022291541099548
0.47985425591468805
0.3742775022983551
0.43167230486869806
0.37883871793746954
0.3571307361125946
0.414871871471405
0.3536614179611206
0.4546790421009064
0.45220693945884705
0.42398867011070246
0.35188665986061096
0.4240684807300568
0.398760974407196
0.3770250380039215
0.3931683301925659
0.4345627725124359
0.4739271402359009
0.3827115595340729
0.3477213680744171
0.3732621967792511
0.3461563289165497
0.4006511867046356
0.41798660159111023
0.4051287472248077
0.33263859152793884
0.3847677409648895
0.36902645230293274
0.4093490540981293
0.39748254418373113
0.499006062746048
0.38692066073417664
0.3988335430622101
0.34683266282081604
0.3872148096561432
0.4363008141517639
0.5153639316558838
0.35227301716804504
0.35040631890296936
0.3774362206459045
0.4481140673160553
0.3666039407253265
0.4015812873840332
0.374491423368454
0.3837539255619049
0.4107584059238434
0.3760097026824951
0.47869241237640386
0.4413677155971527
0.38680222630500793
0.4184882938861847
0.3833780884742737
0.36812493205070496
0.3749454319477081
0.4588626325130463
0.49998408555984497
0.3936877250671386
0.389378160238266
0.3971765339374542
0.4308926463127136
0.3655155599117279
0.4222119450569153
0.47401952743530273
0.43755084276199346
0.4232786297798157
0.3893654942512512
0.4250006377696991
0.36098405718803406
0.39984986186027527
0.3711499273777008
0.38959789276123047
0.42589542269706726
0.376794308423996
0.37204861640930176
0.37588712573051447
0.4424039125442505
0.4171943366527557
0.3564237952232361
0.3879866898059845
0.3486270010471344
0.38050064444541926
0.35913580656051636
0.3150097727775574
0.412533849477768
0.3420076370239258
0.3890233039855957
0.345560222864151
0.3498036563396454
0.37780699133872986
0.48524752259254456
0.4438520669937134
0.4593728482723236
0.3589756190776825
0.4448111951351166
0.4400884509086609
0.3786696791648865
0.46018791198730474
0.402670294046402
0.3781793117523193
0.3928203284740448
0.35738715529441833
0.3663994967937469
0.3618074655532837
0.4503689706325531
0.3995429873466492
0.35004135966300964
0.39918902516365046
0.4205579459667206
0.5143045783042908
0.3754223883152008
0.4335905909538269
0.4442355036735535
0.4361397325992584
0.4547988474369049
0.38493874669075007
0.41362988948822016
0.42239293456077576
0.3772250115871429
0.3994750082492828
0.46260344982147217
0.43652400374412537
0.3757714331150055
0.48526424169540405
0.42069628834724426
0.437531441450119
0.4219746887683869
0.3587401807308197
0.44292676448822016
0.414488822221756
0.3761896193027496
0.4574130177497864
0.4181422889232635
0.4015059173107147
0.3509800434112549
0.43773213028907776
0.3389035165309906
0.3431408703327179
0.4088113605976105
0.3761902153491974
0.3400925099849701
0.40515217185020447
0.427879124879837
0.40550330281257624
0.460524708032608
0.3629028499126434
0.3566416203975677
0.490436315536499
0.4172480404376984
0.399093359708786
0.38093540072441107
0.3967670798301697
0.39246717095375055
0.35879421234130854
0.4518580436706543
0.4006010591983795
0.3537012636661529
0.37493276596069336
0.3630240857601166
0.3295390903949737
0.38668358325958246
0.3657669723033905
0.34416767954826355
0.4642642140388489
0.3682502806186676
0.4153758883476257
0.3720383942127228
0.3768177330493927
0.36949256062507624
0.43510836362838745
0.38508796691894526
0.4246975481510162
0.417475551366806
0.3878571093082428
0.3537556827068329
0.3937259614467621
0.3853229880332946
0.39002254605293274
0.3648315966129303
0.4848152697086334
0.40563914179801935
0.39538714289665217
0.4638835489749909
0.42398867011070246
0.4084866344928741
0.3787678182125092
0.40819671750068653
0.3543149530887604
0.4463015794754028
0.4125857055187225
0.35999247431755066
0.44203341007232666
0.3819543421268463
0.4053898751735687
0.35820433497428894
0.5092765688896179
0.4124727547168732
0.398299902677536
0.4118148386478424
0.39603844285011286
0.514243483543396
0.4339589774608612
0.3732966184616089
0.3793343603610992
0.40288645029067993
0.4055956900119781
0.3770926892757416
0.3720531165599823
0.4065715670585632
0.4166154265403748
0.4729989767074585
0.405525416135788
0.3789069950580597
0.4286945164203644
0.45195505023002625
0.40913870930671686
0.371269166469574
0.3840521275997162
0.4108596742153168
0.45818442106246954
0.39019444584846497
0.5108591914176941
0.4353192746639252
0.4636463224887848
0.4036495983600616
0.47486886382102966
0.42888692021369934
0.35696732997894287
0.33487263321876526
0.3594497740268707
0.4055866003036499
0.38405701518058777
0.4186775982379913
0.37622871994972235
0.4513236582279205
0.4257971048355103
0.39063498377799993
0.3936253786087036
0.3717946112155914
0.5111741423606873
0.44510242342948914
0.47599074244499207
0.36390888690948486
0.3767813146114349
0.36758223176002497
0.3682350218296051
0.39655247330665594
0.4293396770954132
0.413060873746872
0.41348284482955927
0.3774387240409851
0.49471345543861384
0.38608777523040766
0.4315337240695953
0.36878928542137146
0.39305618405342096
0.362168401479721
0.4319023489952088
0.3935604393482208
0.41713303327560414
0.4234925806522369
0.38739824295043945
0.3612001240253448
0.36198231577873224
0.39769884943962097
0.434011846780777
0.38928389549255366
0.3500585258007049
0.4141167402267456
0.3846762478351593
0.4341789782047272
0.3641146719455719
0.4234273731708527
0.3599523603916168
0.4150961637496948
0.3888642489910126
0.36759582161903376
0.3718502819538117
0.38317787647247314
0.3728987276554108
0.3738700449466705
0.3952501714229584
0.4212974011898041
0.32177591323852534
0.3822588622570038
0.3825887739658356
0.3874393403530121
0.43026852607727045
0.3700251281261444
0.35380664467811584
0.3683452010154724
0.33819741010665894
0.40434560179710394
0.3574506938457489
0.4248683154582977
0.3864879310131073
0.4028551876544952
0.3782756626605988
0.34058889746665955
0.3904650211334229
0.3704185783863068
0.3671252429485321
0.40538522601127613
0.43466964364051813
0.44665262103080744
0.47867909073829645
0.3805783092975616
0.40312334895133967
0.4017674028873444
0.37618532776832575
0.4053771793842316
0.33910682797431946
0.36074152588844294
0.3902393281459808
0.3609074354171753
0.43860879540443426
0.4428034126758576
0.34547808766365046
0.3913298547267914
0.33007118105888367
0.3857232630252838
0.36095574498176575
0.42056158185005194
0.4451821148395538
0.4097476303577423
0.4314487874507904
0.3936713039875031
0.43384215235710144
0.377873569726944
0.35666003823280334
0.4214263260364533
0.37125137448310846
0.4020938277244568
0.4564174711704254
0.3596075475215912
0.3245384693145752
0.3815461695194244
0.46514263749122614
0.39909291267395014
0.4531002342700958
0.35964974761009216
0.3754066526889801
0.3502894937992096
0.4636348783969879
0.3842509388923645
0.43445536494255066
0.3913429081439972
0.4239413738250733
0.3602368831634521
0.3844349086284637
0.4091329872608185
0.3512440621852875
0.38156309723854065
0.4283068180084229
0.39091694355010986
0.3775107264518738
0.3826293647289276
0.4359728395938873
0.37022423744201666
0.42553144693374634
0.3698333203792572
0.3809166252613068
0.3794724643230438
0.39877417683601374
0.36846163868904114
0.41875624656677246
0.4259876906871796
0.3390807807445526
0.38464757800102234
0.41705682873725886
0.39665335416793823
0.3617854118347168
0.44184657931327814
0.412404865026474
0.47199890017509455
0.39545759558677673
0.3714794218540192
0.4425166249275208
0.38699060678482056
0.4182956516742706
0.47145023941993713
0.40498983860015864
0.3865782618522644
0.3875066041946411
0.39882281422615046
0.38349029421806335
0.3891862332820892
0.41027942299842834
0.4072072803974152
0.41669031977653503
0.3763574063777924
0.38121435046195984
0.3890758454799652
0.42423841357231135
0.38861712813377375
0.40125560760498047
0.4339331686496735
0.39131495356559753
0.3742583096027374
0.4377046525478363
0.3747349977493286
0.4279923141002655
0.37422317266464233
0.3690398335456848
0.3975673019886017
0.3591309487819672
0.3496581315994262
0.4376715123653412
0.3705029785633087
0.41791421175003046
0.4354015290737152
0.37756168842315674
0.3959037065505981
0.4278968870639801
0.36588665843009943
0.3565201759338379
0.39991834759712214
0.4229232966899872
0.4017791450023651
0.4764367640018463
0.42113566398620605
0.33426904678344727
0.3858577013015747
0.38701894879341125
0.4435330033302307
0.4548855721950531
0.49886247515678406
0.37669417262077326
0.37777921557426447
0.38294473290443426
0.37275496125221247
0.45149311423301697
0.3593295514583588
0.4652506411075592
0.386137992143631
0.4489247500896454
0.5161700248718262
0.36919137835502625
0.33579772710800165
0.3880452811717987
0.38426685333251953
0.3768709003925323
0.35027772188186646
0.38059818744659424
0.4105338752269745
0.39073297381401056
0.43542993068695063
0.377849817276001
0.37536078691482544
0.45022407174110407
0.37598803639411926
0.3909846246242523
0.46931895613670344
0.39136543869972235
0.48139798641204834
0.4117208123207092
0.39389568567276
0.47287604212760925
0.3702832460403442
0.43625375628471375
0.4575765132904053
0.3656430244445801
0.39819446206092834
0.45876526832580566
0.43771740794181824
0.462027370929718
0.45144262909889216
0.3767312467098236
0.44691184163093567
0.37228962779045105
0.3410240411758423
0.40361565351486206
0.40949589014053345
0.371735006570816
0.4156094789505005
0.4794517457485199
0.4650378525257111
0.4306161403656006
0.46926262974739075
0.3658849895000458
0.40554818511009216
0.44315925240516657
0.3709677159786224
0.4223304390907288
0.3849227130413056
0.35254088044166565
0.3878615200519562
0.4211737215518952
0.36509230732917786
0.43822631239891047
0.44575098156929016
0.41970512270927435
0.47149804234504694
0.3737353384494781
0.41956368088722235
0.3850290477275848
0.3878724873065949
0.4113251864910126
0.46872410178184504
0.38501510024070734
0.389644593000412
0.3876426815986633
0.37053501605987543
0.39862784743309027
0.4437050223350525
0.3918452560901642
0.4498947560787201
0.4404134452342987
0.42748650908470154
0.392718642950058
0.3757226169109344
0.3523889780044556
0.4351537525653839
0.38982993364334106
0.4058847725391388
0.4182255864143372
0.40932247042655934
0.3928788006305695
0.31454873085021967
0.46447530388832087
0.37284305691719055
0.408528596162796
0.38049834966659546
0.3885413110256195
0.3360886871814728
0.4135870039463043
0.3944776356220245
0.4538275003433228
0.37893301248550415
0.3915405869483948
0.40917629003524786
0.3844345211982727
0.357981413602829
0.36152851581573486
0.3771722614765167
0.3405052125453949
0.35316231846809387
0.40594840049743647
0.4053842425346375
0.4051814377307892
0.3850083649158478
0.4127575159072876
0.3918933570384979
0.4247588217258453
0.3860453367233276
0.4121803939342498
0.385065108537674
0.3951192200183869
0.3720028102397919
0.353028267621994
0.4449790120124817
0.4103549420833588
0.37354013323783875
0.3627347946166992
0.4539271891117096
0.43358251452445984
0.35745260119438166
0.412184089422226
0.4254243075847626
0.3615196943283081
0.41126748919487
0.37049004435539246
0.3672865629196167
0.3750056326389313
0.41518571972846974
0.3883071839809418
0.35752716660499567
0.3676050901412964
0.4068262577056885
0.4405327439308167
0.4100118577480316
0.39768904447555536
0.40188103914260864
0.3852413296699524
0.437625378370285
0.3841967284679413
0.340693861246109
0.4355978667736053
0.4317153990268707
0.4307015240192413
0.41716042160987854
0.3591249883174896
0.4506970942020416
0.43287634849548334
0.3636118471622467
0.4052014350891113
0.4616895020008087
0.4128523766994476
0.41285279393196106
0.4734236598014832
0.4340496361255646
0.4840574860572815
0.3816412389278412
0.3435923159122467
0.3661075830459594
0.3626154661178589
0.3857584297657013
0.38973498344421387
0.3851580917835236
0.4053698778152466
0.3357961177825928
0.4573147594928741
0.4392018616199493
0.4517277777194977
0.3812313377857208
0.3395881950855255
0.3227449655532837
0.3433753252029419
0.383035272359848
0.3931072354316712
0.41684550046920776
0.35671746730804443
0.4623694121837616
0.4705743491649628
0.35627126693725586
0.3913155496120453
0.3886225521564484
0.38688769936561584
0.33406415581703186
0.4552665054798126
0.437387615442276
0.3799910843372345
0.3670714795589447
0.4071182608604431
0.378794938325882
0.48302945494651794
0.3652065098285675
0.4102325439453125
0.3835603296756744
0.3883698284626007
0.3934811353683472
0.3638441264629364
0.40518209338188166
0.36634963750839233
0.3851263821125031
0.4154721200466156
0.3738104999065399
0.38318398594856257
0.40172711014747614
0.4641458690166473
0.41537636518478394
0.48169884085655207
0.4185433089733124
0.37451812624931335
0.4142950475215912
0.4892757833003998
0.42172607779502874
0.3849475681781769
0.4467043280601501
0.42331662774086
0.3676926493644714
0.41257596015930176
0.39877918362617487
0.47036042809486395
0.4641544818878174
0.4280039370059967
0.38070982694625854
0.3813164532184601
0.3554463982582092
0.3943556547164917
0.4528286755084992
0.3782542645931244
0.38715648651123047
0.35356685519218445
0.45657801628112793
0.4673868715763092
0.37531760334968567
0.40345540642738337
0.46474948525428766
0.37797248363494873
0.40954038500785833
0.3712060153484344
0.446481853723526
0.46129560470581055
0.40149059891700734
0.3601200580596924
0.39628174901008606
0.3982542753219605
0.4028464555740357
0.4520051777362824
0.49332180619239807
0.43873122334480286
0.3481532633304596
0.35973784327507013
0.4465296566486359
0.45017290115356445
0.43283486366271967
0.40049442648887634
0.38557818531990046
0.389716774225235
0.33820971846580505
0.36201158165931696
0.3551211953163147
0.31677994132041926
0.4610225558280945
0.36027613282203674
0.3664591908454895
0.3855000734329224
0.4125713109970093
0.4023576676845551
0.38174542784690857
0.34192267060279846
0.42845275998115534
0.41542354226112366
0.36520081758499146
0.41421544551849365
0.4090907871723175
0.37461015582084656
0.4481939673423767
0.39564478397369374
0.3794693052768707
0.3970203101634979
0.3332664668560028
0.3725128769874573
0.37473320960998535
0.3782082796096802
0.4145886600017548
0.37123116850852966
0.39162924885749817
0.3876227140426636
0.4149655401706696
0.39757362008094793
0.4814333617687225
0.47282925248146057
0.3799407482147217
0.4656496942043304
0.3601069152355194
0.3999508619308472
0.39817178249359125
0.3859136402606964
0.36902117729187006
0.411476194858551
0.44556894898414606
0.3781836032867432
0.4254423081874848
0.39491182565689087
0.4302920997142792
0.34966835379600525
0.4321234524250031
0.3891685307025909
0.3900917172431946
0.37286022305488586
0.43532821536064154
0.4028985500335693
0.46683815121650696
0.4211064875125885
0.36976715922355646
0.3640293180942536
0.3746910393238068
0.43344083428382874
0.3759611248970032
0.3358579874038696
0.4474999606609344
0.4057701230049133
0.39095982909202576
0.4057007730007172
0.3860276341438293
0.3955078125
0.37965887784957886
0.3805899322032928
0.3674239218235016
0.4026708900928497
0.4210136830806732
0.4285319447517395
0.4296486973762512
0.4806753098964691
0.36663106083869934
0.36363536119461054
0.440070241689682
0.4041053056716919
0.40625324845314026
0.48740288615226746
0.37178707122802734
0.39519539475440973
0.3787916004657745
0.3728707730770111
0.3751336634159088
0.39129698276519775
0.3566267192363739
0.4507248103618622
0.3940369188785553
0.4404618442058563
0.392986387014389
0.3924422562122345
0.3761877417564392
0.44265908002853394
0.3585977852344513
0.4386661946773529
0.49165597558021545
0.3937279880046845
0.46487715840339666
0.3808070719242096
0.4279795587062836
0.4267557561397552
0.388900488615036
0.41215929388999933
0.3274484574794769
0.3772033154964447
0.38141337037086487
0.37428840994834894
0.38616088032722473
0.34733304381370544
0.46692726016044617
0.30623069405555725
0.3873880207538605
0.3610011041164398
0.3675138056278229
0.4506760835647583
0.3924531042575836
0.4012509882450104
0.4574384689331055
0.3821928203105927
0.4451309144496918
0.37696632742881775
0.36179965734481806
0.3985740840435028
0.3777351975440979
0.457675814628601
0.4744242429733276
0.4481985867023468
0.4162828028202057
0.4282480776309967
0.3927845358848572
0.33091112971305847
0.42211660742759693
0.3729077279567719
0.39558202028274536
0.3820109665393829
0.3474061191082001
0.44415631890296936
0.4525850415229797
0.35375282168388367
0.4074067771434784
0.3766306042671204
0.3540727198123932
0.4357048869132996
0.3978043496608734
0.35138463973999023
0.4791143238544464
0.40323433279991144
0.5422108173370361
0.47363790869712824
0.39719304442405695
0.38039556145668024
0.454648107290268
0.41463747620582575
0.3885927498340607
0.46051254868507385
0.39958310127258306
0.35761895775794983
0.3432632982730865
0.4223670661449432
0.43271723389625544
0.36027848720550537
0.3482580780982971
0.3665083348751068
0.3851890861988068
0.3893267214298248
0.3965473473072052
0.4082919955253601
0.4240414798259735
0.3622671365737915
0.37880393862724304
0.3550471365451813
0.4040231108665466
0.3885775506496429
0.41446116566658014
0.4475194811820984
0.4343435764312744
0.46896055340766907
0.41552498936653137
0.3566435575485229
0.34672480821609497
0.480256587266922
0.43530246615409846
0.39492180943489075
0.3959098160266876
0.45689901709556574
0.3715587556362152
0.4141958653926849
0.4433344304561615
0.4006332755088806
0.36305883526802063
0.3227098882198334
0.385901004076004
0.4100441932678223
0.4126965403556824
0.3890048265457153
0.37164840102195734
0.3842006325721741
0.3996637761592865
0.4045668542385101
0.4802275598049164
0.35700759291648865
0.44227489829063416
0.39680671691894526
0.37229952216148376
0.3741531670093536
0.3463460505008697
0.46805214881896967
0.36440661549568176
0.4321560859680176
0.3639105260372162
0.3817032873630524
0.3920727670192719
0.41796138882637024
0.3900263011455536
0.40246900916099543
0.38393217325210566
0.3893278539180756
0.35721614956855774
0.3482123911380768
0.3798409104347229
0.3973505795001984
0.43082350492477417
0.4496305286884308
0.3644451797008514
0.4278833270072937
0.35650005936622614
0.41387566924095154
0.4804588854312897
0.4466767013072968
0.38661685585975647
0.45843756198883057
0.3870219886302948
0.433847576379776
0.36844763159751887
0.40388622879982
0.4723750948905945
0.368268609046936
0.3880404233932495
0.40673968195915217
0.41768741607666016
0.39943972229957586
0.36352089047431946
0.36650702357292175
0.4482845962047577
0.36963874101638794
0.40521517395973206
0.3983048796653748
0.3233308792114258
0.3921169936656952
0.37753370404243464
0.3524582087993622
0.4471289813518524
0.40887078642845154
0.3595758080482483
0.3365856111049652
0.38458019495010376
0.3559180498123169
0.4107325673103333
0.42197141051292414
0.3898336589336395
0.4086915850639343
0.3501030504703522
0.4407521784305573
0.3874956369400024
0.40324327349662786
0.39255943894386286
0.4308761656284332
0.423420637845993
0.4669390320777893
0.3839015662670136
0.38203114271163935
0.3872574269771576
0.3733046650886536
0.4633335769176483
0.400078684091568
0.3797811567783356
0.37189143896102905
0.4069478809833527
0.4703159630298615
0.35595765709877014
0.37445732951164246
0.43588557839393616
0.37836816906929016
0.44071897864341736
0.3816486299037933
0.3713814318180084
0.3875136077404022
0.39355906844139094
0.43107455968856806
0.36551573872566223
0.348597913980484
0.3861654698848724
0.3439072370529175
0.4115893542766571
0.3574616611003876
0.3624875545501709
0.34439119696617126
0.410359650850296
0.403167188167572
0.3747332394123077
0.3630722463130951
0.40691307187080383
0.43283745646476746
0.3824411332607269
0.3805369734764099
0.3888366520404816
0.33006712794303894
0.3827542662620544
0.3837929666042328
0.43267202377319336
0.4536812007427216
0.3751066327095032
0.42732474207878113
0.4676255285739898
0.4749521315097809
0.386655867099762
0.3945378065109253
0.38381549715995783
0.366663783788681
0.3640549778938293
0.36723968386650085
0.366285115480423
0.455949068069458
0.3657404482364655
0.3327665328979492
0.3863447308540344
0.4589058458805084
0.39949655532836914
0.39322391152381897
0.39476233720779413
0.4074600636959076
0.45608606934547424
0.4350495636463165
0.3731792867183685
0.37476196885108953
0.42056146264076233
0.41179695725440973
0.4234969913959503
0.4300613403320313
0.38811036944389343
0.375583291053772
0.3860662877559662
0.3624555766582489
0.4402060806751251
0.40924638509750366
0.45711222290992737
0.3382739126682281
0.4059455394744873
0.3763737976551056
0.38179948925971985
0.3970045745372772
0.45005157589912415
0.37785482406616205
0.3721872270107269
0.3517006635665893
0.34747287631034846
0.3702686727046967
0.3776099979877472
0.4574666321277618
0.4639120697975159
0.39409792423248285
0.454048216342926
0.4231511354446411
0.3278634250164032
0.39338019490242
0.38275325298309326
0.3896002471446991
0.42504447698593134
0.3973320126533508
0.3791668117046356
0.3741732835769653
0.4468176066875458
0.40080887079238886
0.4072855412960053
0.4980175793170929
0.42279085516929626
0.4182648956775665
0.3900029063224792
0.3646034300327301
0.4048714935779572
0.37931266427040095
0.37422266602516174
0.40388932824134827
0.3835960924625397
0.41341885924339294
0.4804843962192536
0.4351096153259277
0.3713643550872802
0.4801700413227081
0.39076682925224304
0.36591967940330505
0.3844932019710541
0.388180136680603
0.35728609561920166
0.3553897738456726
0.43349143862724304
0.3892408013343811
0.40018799901008606
0.38871604204177856
0.4773772954940796
0.4221899211406708
0.32838529348373413
0.3610299527645111
0.36948904395103455
0.33310440182685846
0.38780128955841053
0.34004899859428406
0.4410855770111084
0.34019914269447327
0.38751944899559027
0.37041705846786493
0.3716446459293365
0.43530383706092834
0.4786445796489716
0.37758424878120417
0.3683385252952576
0.3958161175251007
0.4234250485897064
0.370703250169754
0.46166163682937617
0.364439994096756
0.40492689609527593
0.4355231821537018
0.44781348109245295
0.4251028895378113
0.40671184659004206
0.4014598727226257
0.4006636142730713
0.3868944942951202
0.38803014159202576
0.5017861127853394
0.3703370988368988
0.3842481970787048
0.398375540971756
0.38560184836387634
0.3969173729419708
0.36733737587928766
0.37066203355789185
0.45166066288948054
0.38443198800086975
0.3297046422958374
0.4084176123142242
0.359070748090744
0.37322175502777094
0.4102486670017242
0.36920213699340815
0.43529656529426575
0.3618046045303345
0.38432615995407104
0.439200222492218
0.46057835221290583
0.4050966799259186
0.3861627280712128
0.45412012934684753
0.38214159011840815
0.4256386458873749
0.3738673329353333
0.45436751842498774
0.37315317988395685
0.4368267953395844
0.4548749029636383
0.4744414389133453
0.4153299331665039
0.4555479288101196
0.385691910982132
0.4532933533191681
0.35669660568237305
0.44002199172973633
0.3963825702667236
0.41567218303680414
0.38612359762191767
0.4607408344745636
0.46599456667900085
0.35969555377960205
0.3975673019886017
0.4200078547000885
0.32302185893058777
0.3894198536872864
0.36341950297355646
0.41966262459754944
0.35191428661346436
0.4292141497135162
0.41376134753227234
0.4021906554698944
0.3631543219089508
0.4127204716205597
0.47798123955726624
0.4192069470882416
0.37185260653495783
0.3676046133041382
0.39222809672355646
0.34104278683662415
0.42201766371726984
0.39114710688591
0.41285893321037287
0.4033491313457489
0.4813257157802582
0.43418422341346735
0.3884880244731903
0.3890738189220429
0.3468492925167084
0.437993973493576
0.36952078342437744
0.3776544630527496
0.37773197889328
0.36717534065246576
0.4534412622451782
0.3986119627952576
0.4058663845062256
0.4737571775913239
0.4841395914554596
0.4310705363750458
0.38082554936409
0.3786373734474182
0.4244191944599152
0.48065516352653503
0.4359599053859711
0.3783758580684662
0.4556885659694672
0.5034374594688416
0.4098849594593048
0.3768813908100128
0.38642063736915594
0.36630731821060175
0.4383127689361572
0.34749028086662287
0.40719321370124817
0.394394725561142
0.3807063400745392
0.40083017945289606
0.3495233356952667
0.39205059409141535
0.352372407913208
0.3785915672779083
0.3542187511920929
0.3627215027809143
0.43564572930336
0.3858157694339752
0.3600141704082489
0.3735891878604889
0.3910047709941864
0.41065269708633423
0.4628458023071289
0.38481953740119934
0.42962726950645447
0.44878610968589777
0.3266887068748474
0.3908683955669403
0.3531377613544464
0.5076249241828918
0.41700512170791626
0.44707989692687994
0.4467453062534332
0.3949639797210693
0.386985719203949
0.4455093443393707
0.4547517597675323
0.3619683086872101
0.38644507527351374
0.3408930599689484
0.34062710404396057
0.3895362913608551
0.3751619756221771
0.37130841612815857
0.4262326955795288
0.4083968698978424
0.3796820640563965
0.4502467215061188
0.4624334275722504
0.3872776329517365
0.43337646126747126
0.3445642590522766
0.35463038086891174
0.3662945926189423
0.39928200840950007
0.40519288182258606
0.32946282625198364
0.34903523325920105
0.4308927953243256
0.34813815355300903
0.3973105847835541
0.381214052438736
0.35029569268226624
0.4100870192050934
0.4538407027721405
0.37642204761505127
0.37116473913192743
0.3821374177932739
0.36782345175743103
0.41587743163108826
0.37576982378959656
0.4779290556907654
0.36750802397727966
0.39393213391304016
0.4170389473438263
0.4477359056472778
0.47819757461547846
0.3745504319667816
0.33200475573539734
0.4150517582893372
0.3786026537418365
0.38906663656234736
0.44792070984840393
0.4072536528110504
0.37233966588974
0.37072783708572393
0.3394118845462799
0.4388805329799652
0.3843619227409362
0.4582946300506592
0.3731623888015747
0.42390823364257807
0.41133305430412287
0.4699233174324036
0.38030394911766047
0.33408334851264954
0.43869489431381226
0.45296832919120794
0.47246620059013367
0.397115170955658
0.3717283308506012
0.4976603984832764
0.3555313050746918
0.44879606366157526
0.4053458571434021
0.42472282052040095
0.4166437685489655
0.4216311872005463
0.40078812837600714
0.4431411325931549
0.3913595676422119
0.430857926607132
0.35496261715888977
0.39183154702186573
0.367049902677536
0.43710681796073914
0.43476131558418274
0.3928706049919128
0.4147067368030548
0.42560431361198425
0.43686366081237793
0.39519652724266047
0.3849991261959076
0.38760277628898626
0.4680057466030121
0.4577437341213226
0.41220608353614807
0.35187533497810364
0.5212688446044922
0.4107374250888824
0.35555100440979004
0.3557267189025879
0.399785429239273
0.3748642802238464
0.3945246636867523
0.4223828613758087
0.4259672462940216
0.4493880569934845
0.424532026052475
0.389274924993515
0.41106760501861567
0.49870303273200983
0.3892093598842621
0.44974854588508606
0.41220378875732416
0.4017083942890167
0.35875776410102844
0.41567990183830256
0.39328646659851074
0.38898453116416926
0.4476289451122284
0.3556494116783142
0.3643675148487091
0.4142018854618073
0.4264440536499024
0.48482897877693176
0.32403308153152466
0.3365694284439087
0.41529533267021174
0.3797430694103241
0.38499605655670166
0.3869644999504089
0.4173604249954224
0.359582394361496
0.3730190098285675
0.4228650331497192
0.3729232847690582
0.49774613976478577
0.36404949426651
0.4321995079517365
0.36317965388298035
0.3577012121677398
0.35653558373451233
0.32437053322792053
0.37470605969429016
0.40696352720260626
0.3910946547985077
0.36811020970344543
0.4100252687931061
0.39535209536552424
0.3861548006534576
0.40873172879219055
0.4369809329509735
0.39657893776893616
0.33767041563987726
0.3595358431339264
0.3492816984653473
0.38720038533210754
0.370123952627182
0.3897666931152344
0.395544707775116
0.3759860694408417
0.4205290675163269
0.36940303444862366
0.3788003921508789
0.3963998854160309
0.4377380013465881
0.3710699379444122
0.37903967499732966
0.3795611560344696
0.38365313410758967
0.4303757846355438
0.4283561110496521
0.3649274408817291
0.3860562145709992
0.2758166790008545
0.342891663312912
0.39361634850502014
0.40182751417160034
0.39142218232154846
0.45053210854530334
0.40395697951316833
0.460968554019928
0.41958627104759216
0.40676793456077576
0.40474587678909296
0.3753863275051117
0.3529689013957977
0.4338146150112152
0.43347710371017456
0.34148553013801575
0.3770480155944824
0.32789573073387146
0.36609017848968506
0.4611276090145111
0.4454097151756287
0.3659289181232452
0.39412903785705566
0.426192969083786
0.40463900566101074
0.42690756916999817
0.4078907370567322
0.4053299427032471
0.3774347007274628
0.4409662187099457
0.4602048695087433
0.36324343085289
0.3798478245735168
0.3523869216442108
0.36165818572044367
0.3688819706439972
0.34251824021339417
0.4943891763687134
0.37086042761802673
0.4304609596729279
0.344652384519577
0.41576531529426575
0.4012162387371063
0.3638847470283508
0.4108216464519501
0.3519568145275116
0.4266792833805084
0.38316842913627613
0.3915424644947052
0.366995245218277
0.3735860586166382
0.37072330713272095
0.4049893319606781
0.39071324467659
0.3767378032207489
0.35595619678497314
0.3658508658409119
0.441711813211441
0.38168546557426447
0.3292916417121887
0.375127911567688
0.46865454316139216
0.41208845376968384
0.37768206000328064
0.37298956513404846
0.42396703362464894
0.41738384962081915
0.3716273605823517
0.43239751458168024
0.395873337984085
0.45166561007499695
0.44136735796928406
0.36625814437866205
0.360525369644165
0.3735273778438568
0.40658149123191833
0.4170221090316773
0.4543286859989166
0.38587537407875055
0.355478435754776
0.3667563199996948
0.3670481741428375
0.3931927978992462
0.3819940686225891
0.370494931936264
0.38939037919044495
0.41633713245391846
0.44343703985214233
0.3501457273960113
0.4263001978397369
0.4171044528484344
0.4002946317195892
0.3910854160785675
0.4282937943935394
0.3730621337890625
0.34432968497276306
0.4545462131500244
0.37601020932197565
0.398298054933548
0.37701871991157526
0.46045157313346863
0.435591459274292
0.4188273251056671
0.36160957813262934
0.4187161028385162
0.44661200046539307
0.3747082054615021
0.3791663348674774
0.3768033683300018
0.36814334988594055
0.32703575491905207
0.466088593006134
0.3762059509754181
0.4318831861019135
0.40009263157844543
0.432075709104538
0.3757935762405396
0.34159934520721436
0.376017302274704
0.392890065908432
0.403033435344696
0.41933533549308777
0.43949228525161743
0.363466590642929
0.3767625093460083
0.3799216449260712
0.39874216914176946
0.3778579533100128
0.3722114264965057
0.3816209733486176
0.37292203307151794
0.388098418712616
0.3712978065013885
0.354510635137558
0.38591122627258306
0.45804789662361145
0.37311324477195734
0.46200653910636896
0.3983763754367828
0.40483775734901434
0.44154709577560414
0.42863094806671137
0.40946564078330994
0.38692167401313776
0.3827069699764252
0.3717919290065765
0.4248798191547394
0.46979966759681696
0.3904444873332977
0.4931184351444244
0.42698174715042114
0.4233027994632721
0.3728870451450348
0.32936161756515503
0.4560808837413788
0.42918786406517034
0.42664018273353577
0.37047335505485535
0.38053506612777704
0.4372695982456207
0.4718580543994904
0.4231748878955841
0.3791115581989288
0.42556968331336975
0.45700192451477045
0.3790967464447021
0.40489307045936573
0.35217025876045227
0.4162422120571136
0.3450259268283844
0.41746643185615534
0.383992463350296
0.3765659630298615
0.40365311503410334
0.38914403319358826
0.37718203663825994
0.43965038657188416
0.3928056061267853
0.5194342136383057
0.38402688503265375
0.38791581988334656
0.43184280395507807
0.49462711811065674
0.4945632517337799
0.46429190039634705
0.4192330539226532
0.40885573625564575
0.39264437556266785
0.38013345003128046
0.3635143041610718
0.3775051534175873
0.39834573864936823
0.3735216856002808
0.431375116109848
0.4167094826698303
0.42340102791786194
0.3860406577587128
0.3843089640140533
0.4604300260543823
0.4752052128314972
0.422089159488678
0.42755377292633057
0.38935163617134094
0.3501763343811035
0.4381940066814423
0.3422328531742096
0.4625824987888336
0.39626720547676086
0.4607349336147308
0.4320265352725983
0.43996134400367737
0.38060906529426575
0.4307067692279816
0.43771424889564514
0.3791432678699493
0.44016203284263605
0.36791232228279114
0.33555495738983154
0.42778891324996954
0.4571535289287567
0.380064845085144
0.40050634741783137
0.36765098571777344
0.43176022171974177
0.4008825719356537
0.44852241873741144
0.4009874761104584
0.3708727657794952
0.3696342706680298
0.4231450855731964
0.39163437485694885
0.47125950455665594
0.4003522098064423
0.3740145266056061
0.39087799191474915
0.4238822758197784
0.4531173408031464
0.36662319302558893
0.40236496925354
0.39585578441619873
0.36102321743965143
0.36340758204460144
0.3942086100578308
0.43470543622970576
0.4074190258979797
0.45062628388404846
0.37806460261344904
0.4233320951461792
0.4152396023273468
0.4309791326522827
0.3906253278255463
0.397160679101944
0.394378274679184
0.3358851969242096
0.37580880522727966
0.4716417193412781
0.36180850863456726
0.35428169369697565
0.46207049489021296
0.3811229169368744
0.37157538533210754
0.38003960251808167
0.4398218095302582
0.3855717778205872
0.3770802319049835
0.3603855669498444
0.4369626939296722
0.396939605474472
0.41026923060417175
0.39239045977592474
0.3898727595806122
0.3681087791919708
0.39115163683891296
0.3739750385284424
0.41496583819389343
0.389304906129837
0.47652921080589294
0.36463227868080134
0.3841340839862824
0.3860968053340912
0.34772786498069763
0.4850977659225464
0.37484148144721985
0.43515413999557495
0.4294019937515258
0.36893278360366816
0.33698529005050654
0.43137392401695246
0.335183322429657
0.38540846109390253
0.3875267803668976
0.43783560395240784
0.3717140257358551
0.33056640625
0.33695295453071594
0.4197984039783478
0.4066391289234161
0.3609072268009186
0.4193044006824493
0.38217625021934504
0.4461244940757752
0.38421744108200073
0.41651085019111633
0.37862494587898254
0.4488446116447449
0.34480997920036316
0.41209220886230474
0.3859213888645172
0.3879814147949218
0.42603230476379395
0.3924973905086517
0.4714835584163666
0.3770141899585724
0.39640346169471746
0.46217140555381775
0.41073986887931824
0.40350118279457087
0.4177035391330719
0.41046383976936335
0.4235720336437225
0.4665730893611908
0.4067293107509613
0.37495914101600647
0.41365414857864374
0.37750601768493647
0.3818283081054688
0.4249047040939331
0.3595658540725708
0.42477139830589294
0.4547825157642365
0.4092545807361602
0.390080600976944
0.3943932354450226
0.48513963818550104
0.41507914662361145
0.37353941798210144
0.35841637849807734
0.38877192139625544
0.3659543097019196
0.4750004410743713
0.3849571943283081
0.4512461423873901
0.3515267074108124
0.3662185966968536
0.3539518415927887
0.39055183529853826
0.37147280573844904
0.49837204813957214
0.3777078688144684
0.4257535636425018
0.4464022219181061
0.3604149520397186
0.3884406387805938
0.360148549079895
0.43979257345199585
0.40716883540153503
0.47059780359268183
0.3931553065776825
0.3960339426994324
0.38692674040794367
0.4157652258872986
0.4494410157203674
0.34402099251747126
0.3525661528110504
0.3575837314128876
0.46884071826934814
0.38202360272407526
0.37025168538093567
0.3736343085765839
0.4631058871746063
0.33774086833000183
0.4217928349971771
0.42300230264663696
0.36851426959037775
0.3352949917316437
0.38438680768013
0.3858621120452881
0.36559817194938654
0.35557684302330017
0.36134430766105646
0.403265118598938
0.4005944132804871
0.4003759026527405
0.3616175949573517
0.38822862505912786
0.3706832230091095
0.37627705931663513
0.4433304369449616
0.3853534460067749
0.3863447308540344
0.3829137086868286
0.402226597070694
0.41752347350120544
0.3990671932697296
0.3544622361660004
0.38023099303245533
0.3820243179798126
0.39876845479011536
0.3756940066814423
0.3955492675304413
0.39295318722724915
0.4420234858989716
0.3737914562225342
0.38890078663825994
0.38915979862213135
0.3783801794052124
0.3549070358276367
0.41344296932220453
0.461182564496994
0.42651417851448054
0.4176621735095978
0.4790494740009308
0.42325612902641296
0.4587802588939666
0.3637064397335053
0.417571485042572
0.4584396779537201
0.3864688277244568
0.3852880001068115
0.36460620164871216
0.5017851591110228
0.38713571429252625
0.4235821664333344
0.3577427566051483
0.4937551319599152
0.33706083893775934
0.364468902349472
0.34983837604522705
0.4025521576404572
0.40059548616409296
0.38041493296623224
0.3869452178478241
0.40608298778533936
0.35061439871788025
0.400026261806488
0.40193840861320496
0.41829279065132147
0.3495676517486572
0.3729994595050812
0.41482049226760864
0.4721081554889679
0.3972562849521637
0.3721486628055573
0.37421086430549616
0.42741402983665466
0.3886070549488068
0.5385410785675049
0.4448601603507996
0.4466998875141144
0.392435759305954
0.33693405985832214
0.45418646931648254
0.382165402173996
0.4105214774608612
0.38988649845123285
0.42533048987388605
0.4274873435497284
0.373676747083664
0.3946475088596344
0.3345966339111328
0.4327346384525299
0.42693555355072016
0.401681512594223
0.4874631464481354
0.41785845160484314
0.4032648503780365
0.377651572227478
0.37900575995445246
0.38734313845634466
0.37980172038078314
0.3808388411998749
0.39067038893699646
0.4565701186656952
0.45984223484992975
0.3852518796920776
0.3562912344932556
0.4214864075183869
0.3897740542888641
0.3990305960178375
0.41099801659584045
0.4231072962284088
0.41802424192428583
0.4252530038356781
0.4157192707061768
0.4270471334457397
0.3771933615207672
0.42792686820030207
0.38233861327171326
0.39902350306510925
0.3863811790943146
0.3883591294288635
0.4236733615398407
0.40112158656120306
0.37398597598075867
0.4507108628749848
0.4793109595775604
0.3820795118808746
0.34485793113708496
0.436463475227356
0.3608588874340057
0.3949729800224304
0.42824736237525934
0.39626333117485046
0.4022613763809204
0.35697284340858454
0.4749356210231781
0.42997661232948303
0.3833793103694916
0.35158005356788635
0.5103613138198853
0.3571945130825043
0.4387940168380737
0.38167110085487366
0.41813102364540095
0.42212799191474915
0.507280170917511
0.3975605070590973
0.445813775062561
0.4148499071598053
0.3594681918621063
0.42121377587318415
0.4358442425727844
0.3912260234355927
0.46250164508819586
0.38094529509544367
0.34082356095314026
0.40032052993774414
0.36208805441856384
0.4242024123668671
0.406909316778183
0.45291522145271296
0.381708174943924
0.3783320486545562
0.40152934193611145
0.35236483812332153
0.3474681079387665
0.4429803788661957
0.3702617585659027
0.3685700595378876
0.435794860124588
0.4079319536685944
0.36466124653816223
0.4682295322418213
0.44336602091789246
0.31740298867225647
0.45493006706237793
0.4083969295024872
0.3848029673099518
0.4630981385707855
0.3878135681152344
0.3953469097614288
0.42599022388458246
0.4732781946659088
0.46743309497833246
0.42387738823890686
0.387858122587204
0.44906800985336304
0.4342835247516632
0.39154973626136774
0.3807068169116974
0.4099039137363434
0.3502146303653717
0.3749291598796845
0.40633177757263184
0.44366192817687994
0.4988143742084503
0.3642370402812958
0.42264798283576965
0.4003539383411408
0.37369164824485773
0.34975287318229675
0.4300585091114044
0.4478017687797546
0.3399993479251861
0.3788755834102631
0.3871594369411469
0.4500809013843536
0.3760470449924469
0.3877796232700348
0.4412616789340973
0.3719890415668488
0.3829821050167084
0.3903946280479431
0.44449132680892944
0.40086117386817927
0.44331076741218567
0.3887426555156708
0.3810475766658783
0.389586478471756
0.37177130579948425
0.3825216293334961
0.3472773730754852
0.422947496175766
0.36467683315277094
0.4217962920665741
0.40149536728858953
0.34958863258361816
0.4238033592700958
0.42021045088768005
0.4343098998069763
0.39656421542167664
0.41972354054450983
0.4362385869026184
0.4090624749660492
0.3917390406131744
0.39649876952171326
0.3859348893165588
0.3901859521865845
0.39458146691322327
0.45123240351676946
0.4014380872249603
0.42647573351860046
0.44560506939888
0.48438325524330134
0.40633928775787354
0.38551488518714894
0.37470790743827814
0.46334052085876465
0.39420542120933527
0.3551661074161529
0.3605424463748932
0.38000825047492975
0.4989185631275177
0.38515534996986395
0.36006155610084534
0.39068934321403503
0.38275226950645447
0.36252209544181824
0.43601110577583313
0.38958606123924255
0.37553870677948
0.40372660756111145
0.36964747309684753
0.4599312245845794
0.3731171786785126
0.44989547133445734
0.5066001415252686
0.4144481718540192
0.43320208787918085
0.401980459690094
0.37817075848579407
0.4422175288200378
0.37554612755775446
0.4071616232395172
0.37583732604980474
0.4021965563297272
0.5128270983695984
0.34551694989204407
0.4057250916957855
0.3734019994735718
0.3860113918781281
0.41562581062316895
0.4513402283191681
0.36870327591896057
0.4249272048473358
0.48759678006172175
0.42884144186973566
0.3855724036693573
0.4556479752063751
0.416757732629776
0.3482059836387634
0.42084792256355286
0.43470153212547297
0.36982992291450495
0.4033269882202149
0.4912377297878265
0.36165285110473633
0.4361709654331207
0.3921596109867096
0.442960262298584
0.4544382691383362
0.4448108971118927
0.4848863482475281
0.36606332659721375
0.40683969855308527
0.4042067229747772
0.40476468205451965
0.3480329215526581
0.4696061015129089
0.3493382036685944
0.4081032276153565
0.3620568811893463
0.3859938681125641
0.4554737508296967
0.3619033992290497
0.39948979020118713
0.4133695662021637
0.384319394826889
0.3941018879413605
0.4476897120475769
0.419168084859848
0.4233619272708893
0.3641170859336853
0.35703685879707336
0.38324117660522466
0.381692498922348
0.3817847073078156
0.3336061537265777
0.36892279982566833
0.43117809295654297
0.3727859258651733
0.4040486216545105
0.42502596974372864
0.44567179679870605
0.4307222366333008
0.3434664011001587
0.41015639901161194
0.3960879445075989
0.3655394911766052
0.38786694407463074
0.3887134492397308
0.4882890284061432
0.4247613847255706
0.3603467047214508
0.3899302780628204
0.35456359386444086
0.38045206665992737
0.4004978239536285
0.38274043798446655
0.36507201194763184
0.3921633958816528
0.43382677435874933
0.40311354398727417
0.4577710032463074
0.5066671371459961
0.42144027352333063
0.3866278231143952
0.3821602761745453
0.45558711886405934
0.4066152572631836
0.35762989521026606
0.40679109096527094
0.3809603750705719
0.4296822249889374
0.3983841836452484
0.44917741417884827
0.40634027123451233
0.4646911025047302
0.37178808450698847
0.42196944355964655
0.3465918004512787
0.3808343708515167
0.40148678421974177
0.39729174971580505
0.3837844133377075
0.3557637333869934
0.3942058086395264
0.3564891815185547
0.37281012535095215
0.3579132854938507
0.34712001681327814
0.37578219175338745
0.4837125241756439
0.4189530313014984
0.35587534308433527
0.41315442323684687
0.41664519906044006
0.4024312794208527
0.3411853313446045
0.40075117349624634
0.41347315907478327
0.40175691246986395
0.3836243450641632
0.41258338093757624
0.3745563626289368
0.3857153952121735
0.3745584189891815
0.3371759355068207
0.4143270254135132
0.3870773017406464
0.4650016129016876
0.3933578133583069
0.3965407907962799
0.4601195752620697
0.38229647278785706
0.4173350632190704
0.444014310836792
0.3654300272464752
0.41035547852516174
0.45206093788146967
0.44144549965858454
0.4133452475070953
0.4296371042728424
0.3939847648143768
0.3638001084327698
0.4006655216217041
0.3469109237194061
0.39084929227828974
0.36816516518592834
0.40891000628471375
0.42502915859222407
0.4082535207271576
0.39088717103004456
0.38541033864021296
0.4106813371181488
0.36174628138542175
0.4351724684238434
0.39868000149726873
0.3533362150192261
0.3795699179172516
0.3916822671890258
0.4412376582622528
0.3924995958805084
0.3824757039546967
0.3928872644901276
0.384349137544632
0.4258058667182922
0.38350653648376465
0.423090785741806
0.4330964386463165
0.4241203963756561
0.42317840456962585
0.37938112020492554
0.36994326114654547
0.38331738114356995
0.3507859706878662
0.4435646533966064
0.3987918794155121
0.3950437307357788
0.43511414527893066
0.44373109936714167
0.4300452768802642
0.44472983479499817
0.37178090214729304
0.45744732022285456
0.4235425591468811
0.43532681465148926
0.409776359796524
0.42402562499046326
0.3685294091701508
0.3658079206943512
0.442099004983902
0.355406790971756
0.4102299511432648
0.3805975615978241
0.41679537296295166
0.41246250271797186
0.4316888749599457
0.457369476556778
0.3962739109992981
0.4422793686389923
0.4014058411121368
0.40979340672492975
0.4316542446613312
0.41425085067749023
0.3998924493789673
0.40858563780784607
0.43366310000419617
0.4084004461765289
0.44824859499931335
0.3728346526622772
0.4381362497806549
0.4147060215473175
0.39310738444328314
0.46430826187133784
0.4205749034881592
0.38732701539993286
0.3872654736042023
0.41759547591209406
0.3876649439334869
0.35819578170776367
0.4226589500904083
0.4019010961055756
0.3929193615913391
0.37106335163116455
0.41922101378440857
0.4517200291156769
0.4644475281238556
0.39334419369697565
0.3934400379657745
0.4103064835071564
0.3789697587490082
0.39465475082397455
0.46122357249259943
0.4624602794647217
0.3806812465190888
0.3789434134960175
0.397293359041214
0.4584693014621735
0.3723495304584503
0.36717861890792847
0.410750150680542
0.4649565517902374
0.46596613526344294
0.40362510085105896
0.4438444375991821
0.393562376499176
0.36161711812019354
0.39336645603179926
0.4032759964466095
0.3547293245792389
0.41616031527519226
0.3992270827293396
0.4715981185436249
0.4133212864398956
0.4505282640457153
0.4874237477779389
0.4004439115524292
0.3705733120441437
0.4058423638343811
0.4048983156681061
0.3980611562728882
0.45931425690650934
0.38912752270698553
0.4503448307514191
0.37888845801353455
0.4538034796714783
0.42319813370704645
0.4020877480506897
0.3618580400943756
0.39530372619628906
0.4430494606494904
0.43027615547180176
0.34748145937919617
0.372392475605011
0.4338259398937225
0.4476855099201202
0.4554208517074585
0.35449060797691345
0.4378956258296967
0.33351111412048334
0.38677042722702026
0.3730897307395935
0.4091475903987885
0.41151243448257446
0.442433625459671
0.36772480607032776
0.4046283960342407
0.4488476514816284
0.36744955182075506
0.4554549753665924
0.4294644892215729
0.4196614921092987
0.3628675639629364
0.37745437026023854
0.4160319864749909
0.37704184651374817
0.40241739153862
0.3791194558143616
0.4677143394947052
0.4137156307697296
0.4085786044597626
0.4365029036998749
0.4094709455966949
0.3904064893722534
0.3435156047344208
0.358006089925766
0.37572222948074335
0.41474190354347223
0.38143524527549744
0.47567039728164673
0.38254114985466
0.5053068995475769
0.4010531008243561
0.40793827176094055
0.4157085120677948
0.3980381190776825
0.4024646580219269
0.4032785892486572
0.3867148458957672
0.3836670815944672
0.3958736062049866
0.4507705271244049
0.34220635890960693
0.3486917018890381
0.3660269379615784
0.355386883020401
0.4349994957447052
0.4406680166721344
0.3554181754589081
0.38450419902801514
0.4464071691036224
0.359205424785614
0.41175043582916254
0.3908088505268097
0.4676192998886108
0.4096675515174866
0.39296606183052063
0.3678189218044281
0.40053054690361023
0.3658287823200226
0.4422285258769989
0.3944275677204132
0.35122504830360407
0.3722631633281708
0.39840927720069885
0.3630631566047669
0.46228185296058655
0.37319275736808777
0.3901173174381256
0.37408503890037537
0.482891857624054
0.36694684624671936
0.3805416524410248
0.457821935415268
0.3608872890472412
0.39038124680519104
0.3912568986415863
0.3976624310016632
0.3456888496875763
0.4581744074821472
0.41137829422950734
0.3536478579044342
0.3672349750995636
0.4009971916675568
0.36289247870445246
0.3562686741352081
0.390505850315094
0.3907887637615204
0.42582705616950983
0.4348926842212677
0.39816457033157354
0.44083493947982794
0.40039423108100886
0.40610033273696894
0.46939450502395624
0.3606480658054352
0.3713757693767548
0.5118667483329773
0.36352685093879694
0.4399724006652832
0.4636978805065155
0.4100119173526764
0.4185847342014313
0.3615590631961823
0.4597090482711792
0.38715806603431696
0.3650712966918945
0.45268145203590393
0.3880147933959961
0.35591283440589905
0.3785156309604645
0.4400189816951752
0.42839363217353826
0.39853581786155695
0.378862589597702
0.4732591807842255
0.4341595470905304
0.40167111158370966
0.3828593194484711
0.37849661707878113
0.46196901798248285
0.4477256238460541
0.3402250111103058
0.4098634421825409
0.4002978503704071
0.4082999527454376
0.38578259944915766
0.487104445695877
0.4292276203632354
0.35777780413627625
0.33865252137184143
0.42772999405860895
0.3756711483001709
0.32995840907096863
0.38199022412300104
0.3943842053413391
0.3764747083187103
0.41865965723991394
0.4424388110637665
0.4325871467590332
0.41611191630363453
0.3577023446559906
0.4265861213207245
0.38727220892906183
0.4121075570583344
0.35599109530448914
0.4393669068813324
0.3717728555202484
0.39580094814300537
0.36442890763282776
0.4638992249965668
0.3870496451854706
0.3908157646656036
0.348798543214798
0.3791078627109528
0.45856159925460815
0.4689517021179199
0.4070378243923187
0.45460256934165955
0.4321509301662445
0.41701981425285334
0.41761314868927
0.43510568141937256
0.3949971497058869
0.3717305660247802
0.4481436908245087
0.39401751756668085
0.3960100114345551
0.41142478585243225
0.4280630052089691
0.424810379743576
0.37937045097351074
0.38846966624259943
0.5262394547462463
0.4295170605182648
0.3655171692371368
0.3667416274547577
0.3678241968154907
0.4287691414356232
0.4213822782039642
0.5049872398376465
0.3777850866317749
0.39491418004035944
0.43813288211822504
0.4771398901939392
0.4854908883571625
0.4552169740200042
0.3800689578056336
0.4116308987140656
0.45743378996849055
0.5066666007041931
0.4216482937335968
0.40845549106597906
0.47451016306877136
0.386235386133194
0.4219813644886017
0.3648539185523986
0.378020316362381
0.3708784282207489
0.3804650604724884
0.4485454261302948
0.4115265905857086
0.41269674897193914
0.4040819108486176
0.4106570184230805
0.42203164100646967
0.38515564799308777
0.4690254032611847
0.4153288304805756
0.4564047157764434
0.4189765751361847
0.41477009654045105
0.40831589698791504
0.379983514547348
0.37461802363395685
0.39542356133461
0.4398469030857086
0.40530592203140253
0.43782874941825867
0.4471708238124848
0.4963130354881287
0.41168463230133057
0.44807010889053345
0.43751078844070435
0.35061860084533686
0.3683489263057709
0.393030971288681
0.4204038977622986
0.39517995715141296
0.4150486290454865
0.38871169090271
0.411089152097702
0.3817353248596192
0.5178089737892151
0.3560427129268646
0.42410764098167414
0.3620475232601166
0.4133780896663666
0.439984917640686
0.3952817320823669
0.41873747110366816
0.43441113829612726
0.37972816824913025
0.4046335816383362
0.36299189925193787
0.3935877680778504
0.3397158682346344
0.3625916540622711
0.41511479020118713
0.3761518895626068
0.37623843550682073
0.4435926377773285
0.43070340156555176
0.35745009779930115
0.36985111236572266
0.45092400908470154
0.37130525708198553
0.39469349384307856
0.4093206822872162
0.43472459912300104
0.34729018807411194
0.3833154141902924
0.3702495992183685
0.3278687298297882
0.4058899283409119
0.3865550458431244
0.3999449908733368
0.3156581521034241
0.3968542814254761
0.4487295150756836
0.40412706136703486
0.46365657448768616
0.36956587433815
0.35532280802726746
0.4201266765594482
0.4786725342273712
0.42171677947044367
0.3925807178020477
0.5003038644790649
0.3581458628177643
0.38108375668525696
0.432682067155838
0.34816959500312805
0.4497930407524109
0.3453614115715027
0.3880394399166107
0.3590717613697052
0.370939165353775
0.43465796113014227
0.3877825438976288
0.41967371106147766
0.41340923309326166
0.3973475694656372
0.37754574418067927
0.3573589622974396
0.36156338453292847
0.4395428001880646
0.3830326199531555
0.392882376909256
0.38308426737785334
0.3890698552131653
0.3633167743682861
0.37282344698905934
0.43407377600669855
0.40899416804313654
0.36189004778862
0.41719514131546015
0.4286160171031952
0.4087683260440826
0.36334964632987976
0.44250795245170593
0.4322767853736877
0.3701471984386444
0.3653177917003632
0.36253097653388977
0.3620609641075134
0.4212829470634461
0.35701465606689453
0.35025808215141296
0.3882527947425842
0.4167411625385285
0.36954250931739807
0.3788439929485321
0.504997491836548
0.4181458055973053
0.3951385915279389
0.3547539710998535
0.3767769932746887
0.3966138660907745
0.3841584026813507
0.35587519407272333
0.35527029633522034
0.4301808178424835
0.43064817786216736
0.45524027943611145
0.4476483762264252
0.3847338855266571
0.3986362814903259
0.37846225500106806
0.3823182284832001
0.38169303536415106
0.4393123984336853
0.4296786785125733
0.3360391855239868
0.37575820088386536
0.39283373951911926
0.4252955615520477
0.4249672591686249
0.40668582916259766
0.40894451737403864
0.39091551303863525
0.383732944726944
0.4678895175457001
0.3997897207736969
0.3714345693588257
0.4124719202518463
0.331278920173645
0.39187422394752497
0.36654147505760193
0.421344131231308
0.4552324712276458
0.37392616271972656
0.4535308182239533
0.3814330399036408
0.39686077833175654
0.4418897926807404
0.39293330907821655
0.48548749089241033
0.3776745796203613
0.4106862246990204
0.38938313722610474
0.4551697075366974
0.4805028736591339
0.43936061859130854
0.3937879502773285
0.369611531496048
0.3763353526592255
0.38213953375816345
0.37015548348426813
0.437536746263504
0.39949890971183777
0.40463349223136896
0.45993125438690186
0.3695213794708252
0.380886048078537
0.35356006026268005
0.37051579356193537
0.37145659327507013
0.3818212151527405
0.4167518615722656
0.4453754723072052
0.39636549353599543
0.3986431062221527
0.37841811776161194
0.4577911198139191
0.4566555917263031
0.34168052673339844
0.4321843683719635
0.4340827763080597
0.4221095144748688
0.45565396547317505
0.3838600218296051
0.4290214776992798
0.38040637969970703
0.37554979324340815
0.3905901610851288
0.45867675542831426
0.4363877475261688
0.38744217157363886
0.3367770910263061
0.3815454840660095
0.4679946601390839
0.4576627314090729
0.3800585567951202
0.37318029999732966
0.37192529439926153
0.34553608298301697
0.41417816281318653
0.46509030461311346
0.35401055216789246
0.43974712491035456
0.40874707698822016
0.4873183071613312
0.38797706365585327
0.37345147132873535
0.3881330192089081
0.4301587641239166
0.3777901232242584
0.3971476852893829
0.41953656077384954
0.40657481551170344
0.35901448130607605
0.44691649079322815
0.3455617725849152
0.39046651124954224
0.386025995016098
0.36379209160804743
0.44825235009193426
0.3868124783039093
0.3725144565105438
0.4255915582180023
0.36905303597450256
0.4189878404140472
0.37799471616745
0.42298027873039246
0.4096288979053497
0.3914978206157684
0.4256598055362701
0.3575524687767029
0.48735055327415466
0.4451005160808563
0.4009507894515991
0.36680552363395685
0.42956045269966125
0.3475290238857269
0.35182157158851624
0.3711536228656769
0.43220493197441107
0.4405544698238373
0.3989469707012177
0.35780391097068787
0.42516717314720154
0.4704355299472809
0.5006399154663086
0.37487646937370306
0.3549003303050995
0.37766212224960327
0.4018347859382629
0.35429978370666504
0.3800308406352997
0.44539648294448847
0.38539719581604
0.42535039782524103
0.38382533192634577
0.3569829761981964
0.45150336623191833
0.38289740681648254
0.3652500808238983
0.504561185836792
0.3638704717159271
0.40059056878089905
0.3761027455329895
0.4119991362094879
0.38356286287307734
0.3301301896572113
0.4190486371517181
0.34416159987449646
0.4262293875217438
0.3789350688457489
0.3898946344852448
0.3683507144451141
0.37289759516716
0.3471319377422333
0.40022251009941107
0.46085917949676514
0.5075928568840027
0.4193476736545562
0.4854727685451508
0.37482619285583496
0.4461677670478821
0.39565259218215937
0.39205995202064514
0.42254438996315
0.3932506740093231
0.36055344343185425
0.3675718009471893
0.46329799294471746
0.438056230545044
0.40682208538055414
0.39119032025337214
0.3893839418888092
0.5112919807434082
0.4358853101730346
0.4330574572086334
0.4253276288509369
0.41412273049354553
0.3645228445529938
0.38635337352752686
0.40393587946891774
0.34403327107429504
0.3696598708629608
0.39694389700889593
0.4355410933494568
0.35304006934165955
0.4063458144664765
0.3900679647922516
0.5007709264755249
0.45367944240570074
0.4166727066040039
0.36640700697898865
0.4076791107654572
0.3990439474582672
0.37128639221191406
0.3594496250152588
0.5065219402313232
0.3596471846103668
0.4167077839374542
0.4802344739437103
0.40541821718215937
0.43942537903785706
0.4217385947704315
0.42914748191833496
0.3320549726486206
0.394751101732254
0.4272691011428833
0.40449675917625433
0.45258197188377375
0.4034666121006012
0.4172795712947845
0.40113922953605646
0.4084920585155487
0.45767188072204584
0.4845708310604096
0.3710280954837799
0.3681237995624542
0.3647255599498749
0.3641668558120728
0.397826462984085
0.36121708154678334
0.40355119109153753
0.4048186242580414
0.3519994914531708
0.4518935680389404
0.39354547858238226
0.39116737246513367
0.34592160582542414
0.36276912689208973
0.4326036870479584
0.3604194819927216
0.4073184132575989
0.3974115252494812
0.3710743486881256
0.5013529062271118
0.45800152420997614
0.36899226903915405
0.38388952612876887
0.35566821694374084
0.43979579210281367
0.4015192091464996
0.3720509111881256
0.4597622454166412
0.4355628192424774
0.38931599259376526
0.43266031146049494
0.4658784568309784
0.41316473484039307
0.44468417763710016
0.42807897925376887
0.4493972361087799
0.36392149329185486
0.34550604224205017
0.38791009783744806
0.4747946262359619
0.3809153735637665
0.44688719511032093
0.465331107378006
0.44281557202339167
0.5298779606819153
0.4391228556632996
0.3981494009494781
0.3920045793056488
0.4505686163902282
0.478857696056366
0.3874862790107727
0.4015348255634308
0.33901140093803406
0.3853517174720764
0.40944144129753113
0.4360450804233551
0.4154136776924133
0.35494348406791687
0.3523435890674591
0.39722189307212824
0.3682132661342621
0.4611159861087799
0.36437273025512695
0.3865853846073151
0.42250391840934753
0.433924525976181
0.4021823704242706
0.360995888710022
0.3786275684833527
0.49330481886863703
0.40142598748207087
0.391368180513382
0.37640437483787537
0.4541798233985901
0.377728134393692
0.41298392415046686
0.3397757112979889
0.3900534212589264
0.3741911649703979
0.39596673846244806
0.3845150172710418
0.4083888828754425
0.31864166259765625
0.37747976183891296
0.40323206782341
0.37524548172950734
0.49075996875762934
0.37520489096641535
0.41517528891563416
0.3989054262638092
0.3828705847263336
0.3631298840045929
0.40565487742424006
0.3512709438800812
0.40204259753227234
0.422867089509964
0.4969337284564972
0.4392924308776856
0.43758317828178406
0.3954958617687225
0.3641301095485687
0.3627926409244537
0.40994378924369806
0.3602721989154816
0.4307350218296051
0.386714905500412
0.3848685324192047
0.45295271277427673
0.46784478425979614
0.37594214081764227
0.436969131231308
0.3480847477912903
0.4650471806526184
0.3669231235980988
0.34771728515625
0.34813952445983887
0.4303349852561951
0.3637444078922272
0.385976642370224
0.3770897090435028
0.35928666591644287
0.46385571360588074
0.3771460950374603
0.38608336448669434
0.3788395822048187
0.4202841818332672
0.4780625402927399
0.3986396193504333
0.3947443664073944
0.4013200104236602
0.448438972234726
0.40981313586235046
0.4144481718540192
0.4378127157688141
0.4133107960224152
0.35548797249794006
0.4726686179637909
0.31988283991813654
0.3476061224937439
0.40189081430435186
0.4118923544883728
0.4168657958507538
0.38461270928382874
0.4286766946315765
0.38479483127594
0.3815369606018066
0.3927612602710724
0.3740359842777252
0.4197321832180023
0.3501006364822388
0.3458031117916107
0.44202783703804016
0.38004735112190247
0.4183647930622101
0.39438435435295105
0.4710259437561035
0.42834749817848206
0.3831665217876434
0.35422432422637934
0.39758911728858953
0.43645825982093805
0.3654009997844696
0.38991251587867737
0.3510202467441559
0.39194294810295105
0.3711325228214264
0.48259437084198
0.4422065615653992
0.3960869610309601
0.429172158241272
0.3721409738063812
0.3767622411251068
0.4275195002555847
0.3625971674919128
0.36472710967063904
0.3771177530288696
0.3374278247356415
0.3393607437610626
0.34888651967048645
0.3829036056995392
0.3995541036128998
0.3837351500988007
0.39889794588088984
0.3944208323955536
0.4404413402080536
0.44318065047264094
0.35780003666877747
0.42216062545776367
0.391305148601532
0.4102281332015991
0.36034947633743286
0.4152041971683502
0.38481950759887695
0.41628757119178766
0.4266959130764008
0.41449141502380366
0.38333699107170094
0.3735473155975342
0.3941117823123932
0.47803446650505066
0.4225103557109833
0.40527108311653137
0.4475571215152741
0.4057806730270386
0.37715587019920344
0.336764931678772
0.40519383549690247
0.3929028809070587
0.3704135715961456
0.37541115283966064
0.45625582337379456
0.3931516408920288
0.37832349538803106
0.3914068043231964
0.4722784161567688
0.4128222167491913
0.342454731464386
0.34797051548957825
0.4219299852848053
0.44361749291419983
0.46757724881172175
0.34987619519233704
0.36059197783470154
0.4164879620075226
0.41900888085365295
0.3924066722393036
0.3653060495853424
0.34083274006843567
0.3792664706707001
0.38266488909721375
0.4045103490352631
0.40582358837127686
0.4536058604717255
0.37744155526161194
0.415570855140686
0.3610727787017822
0.36228093504905695
0.414011538028717
0.41853567957878113
0.38660392165184015
0.4669977128505706
0.4009422957897186
0.3917993009090424
0.4193732142448425
0.37272301316261286
0.37135398387908936
0.42121669650077814
0.41873461008071894
0.4108731150627136
0.35896685719490046
0.4021097421646118
0.33081215620040894
0.38976356387138367
0.40195593237876887
0.4116245210170746
0.3883006274700165
0.35417869687080383
0.3582067787647248
0.3908333480358124
0.3912777304649353
0.34877994656562805
0.3678927719593048
0.45781710743904114
0.3828825652599335
0.39572927355766296
0.47516217827796936
0.4536310732364655
0.4486553370952606
0.3868854939937592
0.366472452878952
0.47722259163856506
0.3808058798313141
0.4559669196605682
0.41310107707977295
0.40940529108047485
0.3760272860527039
0.4152079820632935
0.4222518503665924
0.39958816766738886
0.4662739634513855
0.4571775496006012
0.47340187430381775
0.415730357170105
0.38217863440513605
0.46378639340400696
0.33933839201927185
0.397662490606308
0.3561791181564331
0.4239494502544403
0.37719497084617615
0.43787172436714167
0.45339769124984736
0.37639769911766047
0.40575253963470453
0.42393842339515686
0.3659940659999848
0.33658409118652344
0.39695289731025696
0.4652361273765564
0.4713685214519501
0.37178131937980646
0.3919002711772919
0.39148864150047297
0.4089876115322113
0.4223838150501251
0.3127095699310303
0.4166942238807678
0.3840872645378113
0.4461468458175659
0.43776676058769226
0.35717883706092834
0.378826916217804
0.3651343286037445
0.3527950048446655
0.41212999820709223
0.4088880121707916
0.4618231058120728
0.3677435517311096
0.40218514204025274
0.4119948446750641
0.3809153735637665
0.3963746726512909
0.4413382112979889
0.3489900529384613
0.43537861108779913
0.4703571796417236
0.3740715682506561
0.35285380482673645
0.3764077425003052
0.43445047736167913
0.36548298597335815
0.35840293765068054
0.3907897770404816
0.33161553740501404
0.38667449355125433
0.4510216414928436
0.323044627904892
0.4820729196071625
0.4524043202400208
0.4080753028392792
0.39321339130401606
0.4703691899776458
0.37985616922378546
0.42260771989822393
0.37975144386291504
0.4539881050586701
0.38069775700569153
0.40982839465141296
0.39381790161132807
0.38508686423301697
0.4266588985919952
0.388704925775528
0.46558925509452814
0.45458707213401794
0.403453916311264
0.44792303442955017
0.3851976990699768
0.48625561594963074
0.374916672706604
0.3437824547290802
0.3867844045162201
0.4263867437839508
0.4316766560077667
0.3368588089942932
0.3461561501026153
0.3950989842414856
0.35122403502464294
0.42609968781471247
0.3773485124111176
0.4293980002403259
0.40355172753334045
0.35396081209182734
0.35903078317642206
0.46726271510124207
0.4668373763561249
0.3738343119621277
0.382555216550827
0.3864810466766357
0.3922213613986969
0.41510412096977234
0.44434231519699097
0.4621928930282593
0.39692857861518854
0.4314344823360443
0.38427361845970154
0.38212910294532776
0.3751440942287445
0.4420066773891449
0.39874023199081426
0.4186996519565582
0.4527511596679688
0.3551070094108581
0.35099732875823975
0.39378222823143005
0.39671459794044495
0.39969959855079645
0.409168154001236
0.39074000716209406
0.36899295449256897
0.4141163229942322
0.3728540241718292
0.3874495625495911
0.38963019847869873
0.3822421729564666
0.3831642866134644
0.3975287973880768
0.34704533219337463
0.4332934319972992
0.47434255480766296
0.40762200951576233
0.4282698929309845
0.3965347111225128
0.41089284420013433
0.4626319706439972
0.3959969878196716
0.43898755311965937
0.38003635406494146
0.3981029093265533
0.41836646199226374
0.375079482793808
0.38124608993530273
0.47390475869178766
0.35509535670280457
0.3550450205802917
0.4517122209072113
0.39287319779396057
0.4354128539562225
0.3724526464939117
0.36329731345176697
0.5245489478111267
0.3836401998996735
0.4687916934490204
0.4050082266330719
0.37312743067741394
0.40277943015098566
0.42260864377021784
0.33361485600471497
0.34372714161872864
0.434513121843338
0.4266879856586456
0.4603480100631714
0.3907695412635803
0.4618024528026581
0.3816022574901581
0.4792527854442597
0.41678586602211
0.37020143866539
0.3196249306201935
0.3969239890575409
0.3829632103443146
0.40598180890083313
0.3826806247234344
0.4082813560962677
0.4334482252597809
0.39826184511184687
0.43495139479637146
0.42149937152862554
0.3549809157848358
0.4589753448963165
0.38807472586631775
0.42659521102905273
0.4423776268959045
0.35694214701652527
0.4292547404766082
0.3497943580150604
0.4911169111728668
0.3777673542499542
0.3891495168209076
0.4119509160518646
0.3803289830684662
0.38390663266181946
0.38004216551780706
0.47316774725914
0.4030373394489288
0.44346609711647034
0.32994601130485535
0.3387539088726044
0.3709710240364074
0.4438708126544952
0.46469014883041376
0.42152896523475647
0.43810400366783137
0.36826354265213007
0.40797322988510126
0.3995730578899384
0.4494424760341644
0.3801610469818115
0.4146445691585541
0.39674147963523854
0.4855935871601105
0.42412042617797846
0.39025324583053594
0.4188822507858276
0.40780755877494806
0.38545507192611694
0.3831013143062592
0.39707261323928833
0.44788318872451777
0.43254128098487854
0.3957305252552032
0.38002732396125793
0.38268122076988226
0.3663485646247864
0.4627511501312256
0.4871817529201508
0.3871169686317444
0.36792808771133423
0.46122565865516657
0.4398996233940125
0.3675465881824493
0.3793487548828125
0.48439571261405934
0.38244292140007013
0.3689749538898468
0.4417484700679779
0.38272088766098017
0.4236701130867004
0.4085412919521332
0.39053538441658014
0.4054029285907745
0.42696860432624817
0.3579561114311218
0.44620931148529047
0.4472698271274567
0.36315944790840154
0.3757113516330719
0.3418748080730438
0.4005715548992157
0.39141127467155457
0.4261036217212677
0.40057429671287537
0.40622991323471064
0.3983778655529022
0.3814590871334076
0.393373817205429
0.44567260146141047
0.3735818564891815
0.4138366878032684
0.37672516703605646
0.39118269085884094
0.4152989387512207
0.36711180210113525
0.48079785704612726
0.3364197313785553
0.47142365574836725
0.37978345155715937
0.3400127589702606
0.40672680735588074
0.4401320815086365
0.4389009177684784
0.4679301381111145
0.3614286780357361
0.4541410505771637
0.35041028261184687
0.38714519143104553
0.4267134964466095
0.43225136399269104
0.37884160876274103
0.3659139275550842
0.41181331872940063
0.38861057162284846
0.3512677252292633
0.4718552827835083
0.41774564981460566
0.405937135219574
0.4650339484214783
0.4224336445331573
0.48285168409347534
0.3880806565284729
0.3777463734149933
0.4127073585987091
0.4014536142349243
0.3508787155151367
0.4284686148166656
0.40582031011581426
0.3890136778354645
0.3753272294998169
0.3712603747844696
0.382889062166214
0.3579220175743103
0.4644873440265656
0.46901074051856995
0.3889787793159485
0.49574372172355646
0.3741475641727448
0.3303115665912628
0.41814103722572327
0.4072836637496948
0.39242488145828247
0.3548090159893036
0.368630051612854
0.43353900313377375
0.3726741671562194
0.3912367224693298
0.4669613540172577
0.4232536554336548
0.3674822151660919
0.43452417850494385
0.3907306492328644
0.4434706866741181
0.36909815669059753
0.3708018958568573
0.3858854472637177
0.375286340713501
0.42884811758995056
0.41575261950492853
0.4753299653530121
0.37829616665840154
0.33678892254829407
0.447295218706131
0.4633741676807404
0.3467513620853424
0.38550144433975214
0.42686396837234497
0.33591416478157043
0.4041477739810944
0.4045323431491852
0.3737232089042664
0.4785022437572479
0.4742569625377655
0.4729389250278473
0.49165919423103327
0.4079773426055908
0.35258689522743225
0.46455809473991394
0.34742841124534607
0.3915052115917206
0.4796569645404816
0.4519104361534119
0.3912602961063385
0.4298247396945953
0.34796369075775146
0.4875526130199432
0.33153754472732544
0.37239047884941107
0.4022700786590576
0.37400546669960016
0.44287821650505066
0.40519934892654413
0.4688923954963684
0.4557474851608276
0.3617484867572784
0.42492133378982544
0.3631757199764252
0.397168904542923
0.37425556778907776
0.40194877982139593
0.33898696303367615
0.3976935148239136
0.4348345994949341
0.40322896838188166
0.3912179172039032
0.3692439496517181
0.39682090282440186
0.39234611392021174
0.3621647357940674
0.4034314751625061
0.4125076234340668
0.41447579860687256
0.3645192682743073
0.38857194781303406
0.44458410143852234
0.4164457023143768
0.3854874670505524
0.39758360385894775
0.3404909074306488
0.36395794153213507
0.33787503838539124
0.42643535137176514
0.3927108943462372
0.39515683054924006
0.3615811765193939
0.4210323393344879
0.3861501514911652
0.42917874455451965
0.40844699740409846
0.4625397026538849
0.3786271214485168
0.34470322728157043
0.39602404832839966
0.4111862778663635
0.3743169009685516
0.4672328531742096
0.398226410150528
0.38093650341033936
0.42780202627182007
0.5006322860717772
0.45054712891578674
0.3820065557956696
0.3546342253684997
0.3740692138671875
0.4946359992027282
0.3990577161312103
0.36409920454025274
0.3583967387676239
0.361317753791809
0.38011205196380615
0.40876650810241694
0.37979307770729054
0.41778135299682617
0.3828124403953552
0.40455570816993713
0.40109059214591974
0.4269718229770661
0.3851695954799652
0.37699687480926514
0.3781022131443024
0.3766383826732635
0.44663175940513605
0.430648684501648
0.3911141455173493
0.4022160768508911
0.38620284199714655
0.4201623499393463
0.4757032096385956
0.4150350689888
0.37878355383872986
0.3043895363807678
0.3930628895759583
0.44918307662010193
0.4160701930522919
0.3423559367656708
0.3891357481479645
0.3869326710700989
0.4726735055446625
0.3967511057853698
0.37850749492645264
0.36988589167594904
0.3954030573368073
0.36737367510795593
0.49478521943092346
0.37248036265373224
0.3449459969997406
0.4186104238033295
0.39853391051292414
0.481240063905716
0.3904450237751007
0.34749335050582886
0.3559538125991821
0.4089044332504272
0.35548293590545654
0.4475037753582001
0.43274006247520447
0.39964804053306574
0.37189370393753046
0.39134219288825994
0.4649582505226135
0.40174958109855646
0.38847783207893366
0.42891404032707214
0.4342718422412872
0.4356382787227631
0.37244185805320734
0.39661723375320435
0.42617884278297424
0.3380644619464874
0.4425688087940216
0.3984605371952057
0.4709182679653168
0.3850447237491608
0.3712878525257111
0.38655948638916016
0.4150417149066925
0.43082764744758606
0.3659031689167023
0.34813740849494934
0.36871594190597534
0.42800512909889216
0.3698787987232208
0.3837878406047821
0.3848080635070801
0.49126178026199346
0.4185594022274017
0.3869599997997284
0.3849337697029114
0.48885560035705566
0.390726774930954
0.34767788648605347
0.35892829298973083
0.36308225989341736
0.39762943983078
0.41976141929626465
0.39997613430023193
0.3892614543437958
0.3542938530445099
0.4673132300376892
0.3915988802909851
0.4565255343914032
0.3951765596866608
0.405305951833725
0.39092019200325007
0.45377954840660095
0.33024778962135315
0.35088416934013367
0.4409195780754089
0.3667603135108948
0.34414899349212646
0.41022810339927673
0.4902479350566864
0.3867321908473969
0.37528523802757263
0.3945351541042328
0.3764638602733612
0.420888751745224
0.45482176542282093
0.48639723658561707
0.4653174579143524
0.4212470948696136
0.441384881734848
0.4213451445102692
0.4282521605491638
0.40160509943962097
0.42996600270271296
0.37195667624473566
0.4084805548191071
0.48140317201614374
0.3615829348564148
0.4379116594791412
0.40146204829216
0.4395885169506073
0.4196707606315613
0.4485300481319427
0.3300538957118988
0.39854088425636286
0.4011302292346954
0.39591121673583984
0.40024641156196594
0.37722328305244446
0.37797579169273376
0.3675961196422577
0.346086323261261
0.36217036843299866
0.3865432143211365
0.36041110754013056
0.41954776644706726
0.4283140599727631
0.3417344391345978
0.384308248758316
0.3943842351436615
0.3765283524990082
0.3688393533229828
0.4360469877719879
0.3706664443016052
0.3828075528144837
0.4758498966693878
0.36776420474052424
0.4539059102535248
0.4269023835659027
0.5152945518493652
0.3771109282970429
0.3958431482315064
0.38803949952125544
0.42880958318710327
0.3866463005542755
0.44883957505226135
0.3639272153377533
0.4900515079498291
0.3618748486042023
0.3642884790897369
0.369059294462204
0.4041424989700317
0.38519421219825745
0.42067801952362066
0.38079461455345154
0.34079721570014954
0.3664466440677642
0.4567324221134186
0.40471997857093805
0.3450604379177093
0.42638692259788513
0.3792547881603241
0.39213392138481135
0.4373925030231476
0.3872029781341553
0.38660219311714167
0.4216957092285156
0.432781308889389
0.4069910645484924
0.46759456396102905
0.45977172255516047
0.39257365465164173
0.42685130238533026
0.3855732977390289
0.4675106704235077
0.39993384480476374
0.4693951308727264
0.34579750895500183
0.4158490598201752
0.3634439408779144
0.4487075507640839
0.38804712891578674
0.3887826502323151
0.38608101010322565
0.3709383010864258
0.31641468405723566
0.4167168438434601
0.4058341681957245
0.48219296336174006
0.42627969384193426
0.4074994325637817
0.45993116497993464
0.39688950777053833
0.48829808831214894
0.3866424560546875
0.3771432638168335
0.3896582424640656
0.37933751940727234
0.32109132409095764
0.4303889870643616
0.3567710220813751
0.3494156002998352
0.3861911296844482
0.40980830788612366
0.4848310649394989
0.34353184700012207
0.3838211596012115
0.42251780629158014
0.49527108669281006
0.3648485839366913
0.4120123088359833
0.3784119486808777
0.3842996656894684
0.3944064974784851
0.32418251037597656
0.41645106673240656
0.37753704190254206
0.410349041223526
0.3832862377166748
0.4438882768154144
0.3609870374202728
0.4412467777729034
0.36442431807518005
0.3779752552509308
0.4266692996025085
0.44989094138145447
0.3886292576789856
0.4068400859832764
0.37345653772354126
0.37620753049850464
0.3563980758190155
0.38796380162239075
0.3879674971103668
0.3602221608161926
0.41539791226387024
0.4912637770175934
0.42062085866928095
0.4424207210540771
0.36228030920028687
0.41872665286064154
0.39631357789039606
0.4244590401649475
0.44291439652442927
0.3710315525531769
0.3906577527523041
0.4855217635631561
0.386245310306549
0.3640082180500031
0.4061363935470581
0.41382193565368647
0.5206276178359985
0.34787362813949585
0.3601641356945038
0.3895136713981629
0.4038665294647217
0.4061194956302642
0.4229073226451874
0.49120745062828064
0.4069059789180756
0.37441349029541016
0.390169620513916
0.31034684181213373
0.3952414691448212
0.44504937529563904
0.3695057928562164
0.45008793473243713
0.432785838842392
0.3825995624065399
0.41091039776802063
0.48778185248374933
0.4053431451320648
0.4295508861541748
0.34207212924957275
0.42817738652229304
0.3522688448429108
0.43713846802711487
0.3855794966220856
0.3637260496616364
0.35899364948272705
0.40675717592239374
0.40619540214538574
0.46242919564247126
0.37014070153236395
0.39137837290763855
0.37650027871131897
0.3953549861907959
0.38415762782096863
0.43029949069023127
0.36901453137397766
0.4331692159175873
0.45203962922096247
0.3317178189754486
0.39693835377693176
0.4340711534023285
0.3858680427074432
0.3722793459892273
0.4203084409236908
0.3972391784191132
0.39798179268836975
0.3805686235427856
0.36547687649726873
0.382330983877182
0.3731031715869904
0.3759650588035584
0.38395455479621887
0.38143941760063166
0.46211004257202154
0.4163795709609985
0.43511256575584406
0.4636077582836151
0.3985951840877533
0.3917845487594605
0.4576164782047272
0.49085533618927
0.39270162582397455
0.3961686789989472
0.3856063187122345
0.3711784183979034
0.4104191064834594
0.40305230021476746
0.40139028429985046
0.3626358211040497
0.388262003660202
0.3919648826122284
0.37683573365211487
0.427146852016449
0.38495311141014094
0.4102137982845306
0.44424718618392944
0.3900096118450165
0.3660781383514404
0.33524200320243835
0.40999707579612726
0.4134017527103424
0.41719838976860046
0.35313478112220764
0.47341057658195496
0.3958916068077088
0.33645942807197565
0.4440605342388153
0.3624618649482727
0.4222419559955597
0.3764670193195343
0.3638945519924164
0.43171605467796326
0.41112372279167175
0.4176705777645111
0.4125886857509613
0.3481210470199585
0.3634468019008637
0.478931337594986
0.434321254491806
0.4412011802196503
0.4410712420940399
0.4890931248664856
0.4855804145336151
0.43985727429389954
0.37767514586448664
0.3952818810939789
0.43004840612411493
0.39685967564582814
0.36821708083152765
0.4002907574176788
0.398391991853714
0.3747915923595429
0.46608021855354315
0.33382245898246765
0.3657041490077973
0.3470090925693512
0.401951789855957
0.43644177913665766
0.34880807995796204
0.40212449431419367
0.4109231233596802
0.3850298821926117
0.3892880976200104
0.3869034647941589
0.34039732813835144
0.3699658215045929
0.392248809337616
0.4258615970611572
0.3906430602073669
0.40606436133384705
0.4222985804080963
0.34482482075691223
0.38957628607749933
0.3857347965240479
0.4576698839664459
0.3324516713619232
0.38482126593589777
0.38433706760406494
0.4201566576957703
0.4307441413402557
0.3451868295669556
0.40036043524742126
0.40535634756088257
0.3246752917766571
0.34242740273475647
0.39928781986236567
0.3675005435943604
0.4005151689052582
0.4048804342746735
0.39058572053909296
0.42294052243232727
0.40458834171295166
0.4028889834880829
0.4205386936664581
0.37836906313896174
0.3656065165996552
0.4160682559013367
0.39579150080680847
0.44459596276283264
0.3751854598522186
0.3880635499954224
0.4151268899440765
0.41136193275451666
0.35748061537742615
0.41518262028694153
0.40965315699577326
0.3906143009662628
0.38988563418388367
0.5025332570075989
0.35819607973098755
0.3850038349628448
0.3762637674808502
0.39160010218620306
0.3920482695102692
0.37368902564048767
0.43854743242263794
0.4487975537776947
0.4011300206184387
0.40080776810646057
0.4196309745311737
0.3578709065914154
0.4080199599266052
0.48386898636817927
0.399301677942276
0.4553627669811249
0.43718293309211725
0.3765335977077484
0.48731467127799993
0.46427166461944575
0.43559774756431574
0.44637671113014227
0.3622995316982269
0.492943286895752
0.3718965649604797
0.45370656251907354
0.40371599793434143
0.3880084753036499
0.4095989763736725
0.4237489104270935
0.39147934317588806
0.34651586413383484
0.37269932031631464
0.38756230473518366
0.4147244393825531
0.3724014461040497
0.35380810499191284
0.45345571637153625
0.38059633970260626
0.434129536151886
0.32071912288665766
0.47542238235473633
0.4235075414180756
0.44311219453811646
0.3687300384044647
0.3844917714595794
0.3990283906459808
0.42159169912338257
0.44580802321434015
0.3836316764354706
0.4671148359775543
0.3672307729721069
0.37124037742614746
0.47986745834350586
0.41254076361656183
0.31823524832725525
0.4245074391365051
0.36712500452995295
0.4547176659107208
0.45265942811965937
0.37602928280830383
0.3532969057559967
0.38408115506172175
0.4061716496944427
0.47933265566825867
0.3827811777591705
0.3855493366718292
0.44604548811912537
0.3832517564296722
0.47650775313377375
0.3916635811328888
0.40791103243827814
0.36760762333869934
0.37942299246788014
0.36106511950492853
0.4170909821987152
0.36324185132980347
0.3962160050868988
0.4221169650554657
0.3390163481235504
0.3878059387207031
0.41310301423072815
0.39663481712341303
0.3759743869304657
0.40622934699058527
0.4007227420806885
0.4100134968757629
0.4032063186168671
0.44299826025962824
0.3692739009857178
0.43256527185440063
0.3725035786628723
0.4061201810836792
0.3870638608932495
0.379131942987442
0.45926275849342346
0.38833716511726374
0.39309823513031006
0.3743861019611359
0.43908941745758057
0.3851822018623352
0.38236549496650696
0.46804925799369806
0.3954554200172424
0.366550475358963
0.3538954555988312
0.4106837213039398
0.36359453201293945
0.4041584432125092
0.3777886033058167
0.3655871450901032
0.35733336210250854
0.3445072472095489
0.4692913591861725
0.3853081166744232
0.3657029569149017
0.4205128252506256
0.37842628359794617
0.42790070176124567
0.3944012224674225
0.4045149087905884
0.42322525382041926
0.4262462556362152
0.3562537729740143
0.4351087510585785
0.4252926409244537
0.39885187149047846
0.47738280892372126
0.3814058899879456
0.4673571586608887
0.46374458074569697
0.3975866734981537
0.43843463063240046
0.4065075218677521
0.35199281573295593
0.34376761317253113
0.39842891693115234
0.39077585935592646
0.4485033452510834
0.3896709084510803
0.3957582116127014
0.3690475821495056
0.3741812407970429
0.3638997077941895
0.3508942127227783
0.3508873283863068
0.3833183646202088
0.3757993280887604
0.36771583557128906
0.441655546426773
0.4176284670829773
0.4351306259632111
0.4131808876991272
0.40861737728118896
0.3883746564388275
0.3435625731945038
0.3735804557800293
0.41844579577445984
0.43511995673179626
0.36970999836921686
0.39296534657478327
0.38073971867561346
0.4270123839378357
0.3888202011585236
0.4088688790798187
0.4270767867565155
0.4287221133708954
0.4119390547275543
0.40243270993232727
0.4408462047576904
0.35305413603782654
0.3830250799655914
0.4149724543094635
0.38347327709198
0.35614469647407526
0.4216522872447968
0.4065262377262115
0.3754585683345794
0.3673551976680756
0.4530670940876007
0.37845417857170094
0.42817854881286627
0.3821439445018768
0.4092600047588348
0.38381537795066833
0.40785932540893555
0.4080465137958527
0.3821907341480255
0.36759582161903376
0.40792450308799744
0.3865906894207001
0.3868357241153717
0.3538578450679779
0.3236201107501984
0.4309056103229522
0.3890394568443298
0.4085295498371124
0.34931236505508423
0.35744675993919367
0.3568408191204071
0.4093852043151856
0.3745889961719513
0.48192134499549866
0.4059266149997711
0.38397833704948425
0.39732483029365534
0.4399007260799408
0.34583404660224915
0.3845856487751007
0.4138951301574707
0.3973567485809326
0.4521038830280304
0.3900014460086823
0.4026247560977936
0.3540615141391754
0.45571157336235046
0.3782251179218292
0.43762740492820734
0.39455488324165344
0.40107253193855286
0.4030016362667084
0.4404928982257843
0.3660264313220978
0.3853198289871216
0.38092473149299616
0.38114359974861145
0.5274449586868286
0.3615067303180695
0.4129047691822052
0.42599597573280334
0.45442679524421686
0.36900845170021057
0.46233123540878296
0.3905555605888367
0.3742039799690247
0.41471502184867853
0.4006359279155731
0.383228987455368
0.36366599798202515
0.3733485639095306
0.373760849237442
0.4306342601776123
0.4609726369380951
0.349351167678833
0.4017666578292847
0.3808160722255706
0.46627336740493774
0.34357914328575134
0.4301638305187225
0.334340363740921
0.36280623078346247
0.35830309987068176
0.3881681561470032
0.4082392752170562
0.37832728028297424
0.3746677339076996
0.3531011641025543
0.373504102230072
0.3871142566204071
0.37162235379219055
0.3517902195453644
0.3901030123233795
0.3931438028812408
0.4558629095554352
0.4113403260707855
0.37617355585098267
0.4527275860309601
0.3787402212619781
0.46508559584617615
0.4184532165527344
0.32375285029411316
0.414972186088562
0.37340688705444336
0.44701820611953735
0.40748861432075506
0.34746789932250977
0.3886841237545013
0.4201910197734833
0.3763110339641571
0.43671679496765137
0.38478150963783264
0.3753334581851959
0.38011977076530457
0.42638525366783137
0.38396003842353826
0.3443813025951385
0.39445421099662786
0.37277320027351374
0.3805520236492157
0.37808874249458313
0.36888432502746576
0.3755936920642853
0.38010427355766296
0.3984154164791107
0.4025062620639801
0.3737028539180756
0.39257064461708074
0.36568069458007807
0.382560521364212
0.3630846738815308
0.32419851422309875
0.3975259363651276
0.40837311744689936
0.3825182318687439
0.455571323633194
0.3805405497550964
0.35916420817375183
0.31483331322669983
0.3787791430950165
0.36344546079635615
0.4631046950817108
0.3737765848636627
0.474011093378067
0.39415389299392706
0.3854310810565949
0.45184698700904846
0.41795191168785095
0.4766872227191925
0.42887803912162786
0.4240229427814484
0.3860339224338531
0.3941890299320221
0.3776054382324218
0.35663583874702454
0.4855073392391205
0.3532946705818176
0.5100055932998657
0.41917455196380615
0.4874983727931976
0.3918561041355133
0.3620741367340088
0.37096452713012695
0.3669002950191498
0.3932832181453705
0.47881469130516047
0.3943224251270294
0.4294045865535736
0.4251315891742706
0.38989803194999695
0.3897800743579865
0.41178885102272034
0.46915629506111145
0.43345567584037775
0.37603220343589777
0.371881514787674
0.39060738682746887
0.38673272728919983
0.3736526072025299
0.37373208999633784
0.3965717554092407
0.353613555431366
0.45232534408569336
0.49435904622077936
0.43347033858299255
0.40991830825805664
0.44784256815910334
0.39990946650505066
0.36617365479469294
0.3643350899219513
0.41838714480400085
0.39792063832283026
0.35529503226280207
0.43228238821029663
0.4377614855766296
0.3989616930484772
0.4016167223453522
0.3534319400787353
0.3802408277988434
0.3656077682971954
0.4032625257968903
0.3626613318920136
0.44446343183517456
0.3701796233654022
0.46920213103294367
0.4523095190525055
0.4348770081996918
0.3324638903141022
0.3890853226184845
0.4283157289028168
0.3411273956298828
0.35413995385169983
0.36138090491294866
0.32735827565193176
0.39018446207046503
0.36792418360710144
0.41970139741897583
0.3827824890613556
0.407683402299881
0.3943208158016205
0.3743522763252258
0.3642943799495697
0.43083992600440973
0.41749235987663275
0.4038887619972229
0.3792107999324799
0.42092290520668024
0.3826390206813812
0.4311361610889434
0.38796576857566833
0.3779992163181305
0.34521833062171936
0.40905830264091486
0.4324851930141449
0.3669781386852264
0.42085954546928406
0.3611064851284027
0.4070566594600677
0.4015105962753296
0.4684893488883972
0.4028967320919037
0.45296642184257513
0.36693224310874933
0.42266306281089777
0.495175302028656
0.3954344093799591
0.48748418688774103
0.40133276581764227
0.4665648937225342
0.49130359292030334
0.38074156641960144
0.3764902353286743
0.40558782219886774
0.44052132964134216
0.43250724673271174
0.3804320394992828
0.395697146654129
0.4775755405426025
0.3902685046195984
0.3926333487033844
0.47331637144088745
0.38339331746101374
0.3734026253223419
0.36385136842727667
0.4263560473918914
0.3715530931949616
0.3564777374267578
0.3947664499282837
0.42384496331214894
0.4454717338085175
0.3547857105731964
0.4373679161071777
0.3903893530368805
0.42490074038505554
0.40225735306739807
0.3765500485897064
0.33821120858192444
0.3833270370960236
0.4017939865589142
0.4001512825489044
0.45921847224235535
0.4006378948688507
0.365868091583252
0.3813603520393372
0.40631929039955134
0.33973750472068787
0.39437478780746454
0.4004990458488464
0.394722193479538
0.4634934365749359
0.43128550052642817
0.436875194311142
0.38125577569007874
0.39581075310707087
0.39699324965476984
0.3649049997329712
0.45509132742881775
0.43076142668724066
0.3712062537670136
0.33532360196113586
0.4278678596019745
0.35811448097229004
0.41769805550575256
0.39680355787277216
0.3365078866481781
0.44008934497833246
0.43646439909935
0.40946701169013977
0.3845677971839905
0.343386709690094
0.3755619823932648
0.3864193260669708
0.39124777913093567
0.38377803564071655
0.3901247680187225
0.44425782561302185
0.42470848560333246
0.4171697199344635
0.4369575381278992
0.39617118239402765
0.3745468556880951
0.3743918240070343
0.36420801281929016
0.3644585907459259
0.4026293456554413
0.37487927079200734
0.42642399668693537
0.38020125031471247
0.4014659821987152
0.3202323615550995
0.4486781060695648
0.4030226469039917
0.44500192999839777
0.38735690712928766
0.4591944813728333
0.40225961804389954
0.4161635935306549
0.35306262969970703
0.42717811465263367
0.3000014126300812
0.4638862311840057
0.395989328622818
0.47050228714942927
0.3484458327293396
0.3387261927127838
0.3566102385520935
0.4025974571704865
0.3673299551010132
0.42198029160499567
0.3536912798881531
0.355595737695694
0.4349175691604614
0.4140609800815582
0.38985809683799744
0.43590110540390015
0.4572114944458008
0.3464421033859253
0.4250661432743073
0.38008490204811096
0.3790743947029114
0.47968664765357966
0.3942686319351196
0.33755555748939514
0.3800983130931854
0.4297886788845062
0.36678794026374817
0.3992928862571716
0.4577161371707916
0.3660598695278168
0.37746158242225647
0.3428308069705963
0.378866583108902
0.37658461928367615
0.41468495130538946
0.3833861649036408
0.4156003892421722
0.4377218782901764
0.40653523802757263
0.3995322585105896
0.3887834846973419
0.3648630082607269
0.395201712846756
0.3815908133983612
0.3832992613315582
0.3856631815433502
0.4542188942432404
0.36425539851188654
0.3937076926231384
0.37256497144699097
0.40107059478759766
0.4300731122493744
0.36302495002746576
0.4206458926200866
0.3686656653881073
0.3635982871055603
0.47559887170791626
0.3699616193771362
0.4180966019630432
0.3897096812725067
0.3633856773376465
0.3964788913726807
0.4591694176197052
0.35308751463890076
0.38123464584350586
0.47932484745979304
0.3656670153141022
0.43732395768165594
0.3806475102901458
0.41018846631050104
0.41850408911705017
0.43380966782569885
0.4419048428535461
0.37970909476280207
0.38053527474403376
0.3931263983249664
0.43788716197013855
0.46984696388244634
0.38460400700569153
0.4396808445453644
0.4250907897949218
0.3419416844844818
0.4253976941108704
0.431254118680954
0.44950512051582336
0.3996959030628204
0.34999629855155945
0.3758101761341095
0.4260455071926117
0.4104381501674652
0.3619020879268646
0.4475466907024384
0.48375341296195984
0.44252178072929377
0.4199278652667999
0.3984070122241974
0.3679612576961517
0.3862995505332946
0.393085926771164
0.4316048622131348
0.39134538173675537
0.4868161976337433
0.384020060300827
0.38474878668785095
0.3966865241527557
0.3872189819812775
0.3672866523265839
0.36574915051460266
0.39706411957740784
0.3881097733974457
0.4400884211063385
0.42857033014297485
0.38520789146423334
0.3978019654750824
0.4861898124217987
0.3859934210777282
0.4706524312496185
0.3893815875053406
0.48594531416893005
0.3902190029621124
0.4083046615123749
0.3780725002288818
0.43835011124610895
0.46627259254455566
0.45930615067482
0.3719733655452728
0.4250017404556274
0.4162819683551788
0.4063265919685364
0.40149590373039246
0.38961696624755854
0.3804486691951752
0.3687894940376282
0.3968156278133392
0.4147844612598419
0.4055281579494476
0.3675507009029389
0.44230255484580994
0.4000008404254913
0.35209596157073975
0.3784815967082977
0.35917994379997253
0.45808783173561096
0.456285148859024
0.3290485441684723
0.4015280306339264
0.3816948235034943
0.3866937458515167
0.3544117510318756
0.4088272154331207
0.3937438428401947
0.3981684148311615
0.426069289445877
0.36975446343421936
0.4005672931671143
0.39176008105278015
0.38004249334335327
0.33706006407737726
0.4116499125957489
0.382411390542984
0.4434823095798493
0.35954079031944275
0.3616307079792023
0.4107701480388641
0.38271695375442494
0.4047445058822632
0.36318206787109375
0.38186612725257874
0.3895796835422516
0.37833741307258606
0.44029456377029413
0.4460503160953522
0.4043856859207153
0.34650254249572754
0.38758179545402527
0.3231467306613922
0.4280954301357269
0.38339599967002874
0.4258499443531036
0.43734470009803766
0.384471207857132
0.34911867976188654
0.4931323826313018
0.4297625124454498
0.37245348095893854
0.4027698040008545
0.3626267611980438
0.3834075927734375
0.3842142522335053
0.4336594045162201
0.4223211705684662
0.3697110414505005
0.3718629777431488
0.3811385035514832
0.48043349385261536
0.38960531353950495
0.3761177957057953
0.4109139144420624
0.3830651640892029
0.47919812798500067
0.40265730023384094
0.36462622880935674
0.4877484738826752
0.4502058923244476
0.3866054117679596
0.3533119261264801
0.4526112079620361
0.3702179491519928
0.428124725818634
0.39979335665702814
0.36729821562767034
0.3912789523601532
0.41364541649818415
0.38380041718482966
0.41180682182312006
0.42772385478019714
0.3548295199871063
0.3872864544391632
0.43691661953926086
0.49055531620979304
0.3528943061828613
0.3915101587772369
0.3476061224937439
0.3793082237243652
0.4591064751148224
0.3789417445659637
0.44072374701499933
0.3889194428920746
0.4407890737056732
0.43697667121887207
0.40048530697822565
0.36386206746101374
0.41808632016181946
0.36889031529426575
0.4361841380596161
0.37701669335365295
0.4661962389945984
0.32500576972961426
0.4202984869480133
0.3658497929573059
0.469037801027298
0.3889449834823608
0.41982838511466974
0.4472990036010742
0.40163701772689814
0.493188589811325
0.37746590375900263
0.41943359375
0.4101648628711701
0.36214140057563776
0.4076986014842987
0.3660413324832916
0.36950281262397766
0.3807466626167297
0.3519633710384369
0.40871772170066833
0.409892052412033
0.46362623572349543
0.4332411289215088
0.4133033752441406
0.41177681088447565
0.4612157642841339
0.4366194307804108
0.34234532713890076
0.35386550426483154
0.4088865518569946
0.4869380295276642
0.3670667111873626
0.4743736088275909
0.3445849120616913
0.34649416804313654
0.3839231133460999
0.4299596250057221
0.3254953920841217
0.48152828216552734
0.45381620526313776
0.39222401380538946
0.38581985235214233
0.4045921862125397
0.3378271162509918
0.3667305409908295
0.3710336685180664
0.4691424667835236
0.42631348967552185
0.4311590790748596
0.44503071904182434
0.4828568994998932
0.3565469682216644
0.39412000775337214
0.3911396265029907
0.39450448751449585
0.3815256655216217
0.39464309811592096
0.4410603940486908
0.3796103298664093
0.43972972035408014
0.334260493516922
0.37503820657730097
0.3851080238819122
0.3828609883785248
0.4642769992351532
0.3794437348842621
0.3825653493404389
0.41681891679763794
0.41043993830680847
0.4244471490383148
0.4022809565067291
0.336601585149765
0.38682419061660767
0.3838160634040833
0.40053525567054743
0.363653302192688
0.37172672152519226
0.3943491876125336
0.3368933498859405
0.4526989758014679
0.4127207100391388
0.40101954340934753
0.3686970174312592
0.42647960782051086
0.4467201232910156
0.44831177592277527
0.44979050755500793
0.32927489280700684
0.38205140829086304
0.4306564331054688
0.4446498453617096
0.38305053114891047
0.3823183476924896
0.33644065260887146
0.4072381556034088
0.366204559803009
0.36018928885459894
0.39275786280632013
0.39881968498229986
0.33514472842216486
0.46239623427391047
0.421845942735672
0.3900873363018036
0.4560991823673248
0.3758316934108734
0.5010489225387573
0.4001767337322235
0.4205460250377655
0.4561674892902374
0.4104805886745453
0.4980306327342987
0.44531503319740295
0.4062802493572235
0.3924791812896729
0.36750099062919617
0.39118555188179016
0.35301056504249567
0.45693388581275934
0.39556732773780817
0.4269989430904389
0.4028415381908417
0.4228967726230621
0.38902223110198975
0.4149022102355957
0.44636705517768854
0.36427682638168335
0.408180296421051
0.3653351962566376
0.3620956838130951
0.43748602271080017
0.39248171448707586
0.3855254948139191
0.3610376715660095
0.41570511460304255
0.5040028691291809
0.4322974979877472
0.47640043497085566
0.36784008145332336
0.36408859491348267
0.37752345204353327
0.400471955537796
0.37258997559547424
0.436846911907196
0.4444205164909362
0.38044941425323486
0.43711027503013605
0.4888637363910675
0.4391703307628632
0.3658758103847504
0.505784809589386
0.3728318512439728
0.38417029380798334
0.414493590593338
0.3694453537464142
0.38439700007438654
0.35632956027984614
0.4145591557025909
0.4721231758594513
0.4622561633586884
0.36600777506828314
0.3909359574317932
0.39150026440620417
0.35072317719459534
0.4273547232151032
0.3869387209415436
0.4767121374607086
0.4369035661220551
0.5371139645576477
0.39722177386283875
0.38969576358795166
0.4090107977390289
0.37933364510536194
0.3499680757522583
0.3677559792995453
0.38835266232490534
0.3860081732273102
0.45738083124160767
0.3372257947921753
0.4851838648319244
0.38586851954460144
0.3958721160888672
0.3836357891559601
0.38215771317482
0.45744425058364874
0.38199338316917414
0.35745567083358765
0.4054163992404938
0.3563545644283294
0.43502050638198847
0.4171646535396576
0.3769330084323883
0.419457882642746
0.4343611896038056
0.4402942657470703
0.37678053975105286
0.3940206170082092
0.49837177991867065
0.3915260136127472
0.36831536889076233
0.386032909154892
0.3974587619304657
0.379560261964798
0.40904721617698664
0.40936532616615295
0.41744932532310486
0.4262966215610504
0.35314273834228516
0.37419572472572327
0.3429509997367859
0.3982815444469452
0.42332351207733154
0.411813884973526
0.38084831833839417
0.36900362372398376
0.38696217536926264
0.39479029178619374
0.41695964336395264
0.4716408550739288
0.379218339920044
0.36890730261802673
0.4627898633480072
0.3816782534122467
0.4456516802310944
0.4365337789058685
0.432062953710556
0.3570155203342438
0.3350585699081421
0.3576712906360626
0.41439023613929754
0.46759673953056335
0.3801032602787018
0.3927614390850067
0.4019021987915039
0.4350160956382752
0.35447999835014343
0.367365688085556
0.4604085385799408
0.4418075978755951
0.4047190248966217
0.39197775721549993
0.43065956234931946
0.3280410170555115
0.4024569094181061
0.4416022896766663
0.43378832936286926
0.4814460277557373
0.35960376262664795
0.36958739161491394
0.40569868683815
0.3577210605144501
0.4425438940525055
0.386038213968277
0.4478397071361542
0.4167855083942413
0.4586652815341949
0.4263390600681305
0.41894477605819697
0.4333406388759613
0.3748703896999359
0.3704338073730469
0.3714717030525208
0.4064052700996399
0.38114264607429504
0.49794542789459223
0.4102635383605957
0.3920502364635468
0.4122614562511444
0.4064390361309052
0.3683139979839325
0.4193618297576904
0.35691723227500916
0.3960889875888824
0.4199362993240357
0.4427073895931244
0.44761767983436573
0.3956394493579865
0.44947898387908936
0.4608210027217865
0.406121551990509
0.4297602772712708
0.4406834542751312
0.400915652513504
0.36320728063583374
0.3967232406139374
0.37646844983100886
0.40487387776374817
0.3560502827167511
0.4285695850849152
0.3738106191158295
0.40014609694480896
0.4263712465763092
0.3651144206523895
0.353362649679184
0.4511109292507172
0.4696034789085388
0.32191753387451166
0.34608909487724304
0.3733221292495728
0.43972101807594294
0.3611083030700684
0.4051793515682221
0.3640680313110352
0.4042148292064666
0.4163030087947845
0.4162045419216156
0.45890447497367853
0.39299824833869934
0.3947849869728088
0.34635159373283386
0.38959601521492
0.3536844551563263
0.42632713913917536
0.40549904108047485
0.3745474517345429
0.41676229238510126
0.3569912910461426
0.4248736500740051
0.4172254204750061
0.37468376755714417
0.4177052080631256
0.46341297030448914
0.3673414885997772
0.3682121932506561
0.4584474265575409
0.394648402929306
0.43042030930519104
0.4195358455181122
0.3702362477779389
0.45521894097328186
0.3326329290866852
0.3788044154644013
0.36933580040931696
0.3985673189163208
0.3322891294956207
0.41486802697181696
0.46077695488929754
0.43192270398139954
0.3578523099422455
0.4553049504756928
0.39256796240806574
0.3956726491451264
0.37155267596244806
0.3833494484424591
0.4362853169441223
0.4277847409248352
0.41673865914344793
0.46584868431091303
0.43978485465049744
0.3869366645812988
0.35898736119270325
0.41978469491004944
0.3917863667011261
0.4829581677913666
0.380608469247818
0.40129286050796503
0.37021252512931824
0.4052542746067047
0.40747314691543574
0.40060240030288696
0.3736445307731629
0.3888161480426788
0.4091854393482208
0.4242545366287232
0.33875617384910583
0.44418713450431824
0.41599383950233454
0.3842453956604004
0.44744059443473816
0.4445519149303436
0.381365031003952
0.42021432518959045
0.43950268626213074
0.37314721941947937
0.3894815444946289
0.379972904920578
0.35755237936973566
0.3552945554256439
0.34896010160446167
0.4031915366649628
0.39597204327583313
0.39597806334495533
0.390598326921463
0.3919791877269745
0.3647376894950866
0.39144140481948847
0.34706190228462214
0.4121288359165192
0.4251942336559296
0.3694322407245636
0.4348779618740082
0.4019408524036408
0.4336168766021729
0.4290279448032379
0.5088886022567749
0.3377923965454101
0.3866673409938812
0.4359403252601624
0.4399615526199341
0.4131198823451996
0.3915502429008484
0.36700370907783514
0.38132327795028687
0.4816983640193939
0.4168511033058167
0.3878765106201172
0.37961170077323914
0.3614309132099152
0.39643242955207825
0.4356290400028229
0.384073942899704
0.37567767500877375
0.3804076611995697
0.4536249339580536
0.4619363844394684
0.4019274711608887
0.39666894078254694
0.40058842301368713
0.3828112781047821
0.35494044423103327
0.3857671916484833
0.41484972834587097
0.41123503446578974
0.3889867067337036
0.3406289517879486
0.4142034947872162
0.3550396263599396
0.3796405494213104
0.3612429797649384
0.38344433903694153
0.4522833228111267
0.3669586479663849
0.39972960948944086
0.4437652826309204
0.4438230991363525
0.3819259703159332
0.3525705337524414
0.4062068164348602
0.4206655025482178
0.3653517067432404
0.385852724313736
0.369973748922348
0.44540902972221375
0.37441840767860407
0.39515462517738337
0.45556506514549255
0.4048527181148529
0.40086907148361206
0.39101862907409674
0.41263851523399353
0.44474849104881287
0.38509202003479
0.37126192450523376
0.4695583283901215
0.3523965775966644
0.3927412331104279
0.37706258893013
0.3649107813835144
0.4334196150302887
0.4056931734085083
0.37281179428100586
0.3894471228122711
0.4195209741592407
0.3717702925205231
0.362672746181488
0.39076754450798035
0.38528427481651306
0.43490490317344666
0.3836789429187775
0.35745969414711
0.35281243920326233
0.3507409691810608
0.42674556374549866
0.44007253646850586
0.3935082852840424
0.4201541841030121
0.3672015964984894
0.4179997742176056
0.3943984806537628
0.3989564478397369
0.3684023916721344
0.369146466255188
0.3790437281131744
0.3890044093132019
0.38297238945961
0.3591775298118592
0.43034645915031433
0.4603792726993561
0.36989179253578186
0.3460874855518341
0.34333989024162287
0.405849426984787
0.43143072724342346
0.4286464154720306
0.4005870521068573
0.35022422671318054
0.459194153547287
0.395820677280426
0.4555810391902924
0.5032327175140381
0.36333009600639343
0.4045098125934601
0.3806858956813812
0.3475265204906464
0.3562099039554596
0.4414681494235992
0.4613675773143768
0.3976773023605346
0.387263298034668
0.3934374153614044
0.4238640964031219
0.36936190724372864
0.4032321274280548
0.4626583158969879
0.41085448861122126
0.3389882743358612
0.42313098907470703
0.3933023512363434
0.39086100459098816
0.3596235513687134
0.4278292059898376
0.37784978747367853
0.37720987200737
0.4226697683334351
0.39659056067466736
0.35784414410591125
0.3629053831100464
0.38751834630966187
0.3812887966632843
0.36928990483284
0.3869054019451141
0.48368188738822937
0.37943878769874567
0.446030467748642
0.3866578340530396
0.3692395389080048
0.38130262494087214
0.30630671977996826
0.5091239809989929
0.42608693242073054
0.3839982450008392
0.34838616847991943
0.39256051182746887
0.4942483603954315
0.40264362096786493
0.4465149939060211
0.4281187951564789
0.34786438941955566
0.387623518705368
0.4029761850833893
0.3581847846508026
0.47039467096328735
0.4453009068965912
0.4041813611984253
0.43957743048667913
0.3761910498142242
0.3725370466709137
0.3972090482711792
0.4076769649982452
0.42456972599029535
0.38046175241470337
0.40428203344345087
0.5035997629165649
0.3916493356227874
0.435303658246994
0.4788734018802642
0.35257527232170105
0.34423914551734924
0.3645987808704376
0.4629592299461365
0.45602038502693176
0.4290878772735596
0.3913187086582184
0.37027737498283386
0.341234415769577
0.3596169650554657
0.42191347479820246
0.3589648306369781
0.4004622995853424
0.4575182497501373
0.44160178303718567
0.4836581349372864
0.42652943730354315
0.3726323246955872
0.40788391232490534
0.39079710841178894
0.39895564317703247
0.3895892202854157
0.38398200273513794
0.4055767357349396
0.3592031598091125
0.3326927721500397
0.4009663164615631
0.44988998770713806
0.34143564105033875
0.3667579591274261
0.46223554015159607
0.35019347071647644
0.3827562630176544
0.31727471947669983
0.36702814698219294
0.34865978360176086
0.3456248939037323
0.37503436207771296
0.4267789423465729
0.42849546670913696
0.44514635205268854
0.3362963795661926
0.3825829327106476
0.4643426239490509
0.4183418154716492
0.38176462054252625
0.42319813370704645
0.35788026452064514
0.3756943047046661
0.4294842779636383
0.3533741533756256
0.42515167593955994
0.3834115862846375
0.37765425443649286
0.3537278771400452
0.35730668902397156
0.4218486249446869
0.400171011686325
0.46994665265083313
0.38111054897308344
0.4137032628059387
0.5012224912643433
0.36148545145988464
0.42441776394844055
0.4001529514789581
0.38837406039237976
0.43435928225517273
0.412781149148941
0.4668006896972656
0.38639870285987854
0.38670632243156433
0.3573693633079529
0.37835663557052607
0.3838097155094146
0.4068762958049774
0.43662366271018976
0.37325963377952576
0.3897683918476105
0.4862962067127228
0.3522283732891083
0.4348330497741699
0.4268885850906372
0.3686154782772064
0.43371373414993286
0.3807018399238586
0.4513471126556397
0.4120382964611053
0.3859183192253113
0.4789877235889434
0.38540419936180115
0.4488102495670319
0.37682250142097473
0.44559660553932184
0.36418965458869934
0.35107120871543884
0.4001763164997101
0.43385469913482666
0.3684628903865814
0.3730926513671875
0.35283705592155457
0.3430951237678528
0.3926868736743927
0.4772056043148041
0.411968857049942
0.452036589384079
0.515661895275116
0.36856272816658014
0.3757171630859375
0.3981603384017944
0.452445775270462
0.38457739353179926
0.39365494251251215
0.37995389103889465
0.3898718953132629
0.4062012434005737
0.3569542169570923
0.3817913234233856
0.4338284432888031
0.40321895480155934
0.3478018343448639
0.4089304804801941
0.37195807695388794
0.425833135843277
0.3981175720691681
0.4884584546089172
0.3669080436229706
0.3871682286262512
0.38412281870841974
0.3722826838493347
0.4149486124515533
0.3646883070468903
0.4227941930294037
0.36292776465415955
0.374480664730072
0.3877463042736053
0.36115506291389465
0.4008651077747345
0.4552726447582245
0.397214412689209
0.4611757695674896
0.4589179158210754
0.380543977022171
0.3791667520999909
0.39315828680992126
0.43700730800628657
0.4406881630420685
0.42385473847389216
0.4114564955234528
0.3982923924922943
0.432734340429306
0.3475581407546997
0.4042465388774872
0.3633515238761902
0.38757243752479553
0.38377115130424494
0.4239523410797119
0.37663474678993225
0.3351534903049469
0.37125343084335327
0.4088347852230072
0.43242096900939936
0.40687546133995056
0.37461093068122864
0.4532189667224884
0.38545301556587214
0.3615610897541046
0.39321866631507874
0.3892412781715393
0.3789199888706207
0.38988786935806274
0.4125734269618988
0.3836388289928436
0.42370772361755366
0.4355023205280304
0.36046463251113886
0.36079639196395874
0.3887958526611328
0.4373875558376312
0.38859099149703974
0.44563266634941107
0.34786310791969294
0.39222595095634466
0.4649122059345245
0.37638783454895014
0.3833572864532471
0.3739757537841797
0.4187145531177521
0.38042184710502625
0.4070723056793213
0.43303930759429926
0.42265710234642023
0.46063664555549616
0.4240261912345886
0.376414030790329
0.35000935196876526
0.4324955344200134
0.44502040743827814
0.39517208933830256
0.36775314807891846
0.3710503876209259
0.3701280355453491
0.3848536014556885
0.47929409146308893
0.35180261731147766
0.4218129217624664
0.39171341061592096
0.3610548973083496
0.38769471645355214
0.38421979546546936
0.3553718626499176
0.48675814270973206
0.39786243438720703
0.43496963381767273
0.40771630406379694
0.384366363286972
0.39130690693855286
0.38925451040267933
0.42178708314895624
0.3687578439712525
0.34275844693183893
0.35536882281303406
0.3748337924480438
0.38959291577339167
0.3756854832172394
0.4094115197658538
0.4246606528759002
0.3846454322338104
0.42099806666374207
0.3891444504261017
0.4046767055988312
0.44612064957618713
0.3610007166862488
0.36891910433769226
0.35416379570961
0.4090845584869385
0.3645834028720856
0.4442349672317505
0.44815871119499207
0.37207111716270447
0.3681468069553375
0.4168732166290283
0.4221983850002289
0.3608389496803284
0.4112018048763275
0.4728682935237885
0.41988262534141535
0.3749147653579712
0.3492393493652344
0.4100323021411896
0.36143907904624933
0.37756845355033875
0.38885948061943054
0.3900131583213806
0.34325143694877625
0.4843322932720184
0.3361390233039856
0.4805813431739807
0.4395964741706848
0.3700962066650391
0.3103887438774109
0.40137532353401184
0.41387596726417536
0.3503665626049042
0.3724838197231293
0.4450080394744873
0.4714734256267548
0.39618745446205134
0.3773765563964844
0.3689954876899719
0.39730057120323187
0.4359679520130157
0.36596512794494634
0.4581313729286194
0.4276039898395538
0.38907530903816223
0.3857111632823944
0.4329011142253876
0.3586682975292206
0.42016825079917913
0.3748990297317505
0.3804522752761841
0.34159585833549494
0.46196597814559937
0.48598286509513855
0.46827474236488337
0.3829821646213531
0.3546153008937836
0.3781361281871796
0.42487266659736633
0.4319739043712616
0.42954167723655695
0.3951103985309601
0.4300555884838104
0.4497426748275757
0.3695942759513855
0.4012879729270935
0.4033001661300659
0.4384750425815582
0.4525131583213806
0.4217391312122345
0.39539656043052673
0.39092001318931574
0.41866096854209894
0.3935301303863525
0.47934725880622864
0.3882758319377899
0.4383642375469208
0.4449692964553833
0.4390717446804047
0.3896407186985016
0.388338565826416
0.39380416274070734
0.3695493936538696
0.37170556187629694
0.40618655085563654
0.39509716629982
0.37664434313774103
0.41070640087127686
0.3597683012485504
0.3933673799037933
0.40534660220146174
0.4043907821178436
0.3932049870491028
0.37096065282821655
0.43099567294120794
0.3709035515785217
0.3627869784832001
0.4279648661613464
0.46674135327339167
0.3764156699180603
0.48486274480819697
0.362949013710022
0.4280537664890289
0.35840272903442383
0.3859173655509949
0.4022493362426758
0.35035622119903564
0.3784773051738739
0.3703866302967072
0.40388193726539606
0.3731199502944946
0.3851633667945862
0.4136187136173248
0.41991010308265686
0.4397099614143372
0.40180549025535583
0.3900938332080841
0.3932698369026184
0.42005139589309687
0.4507592618465424
0.43961831927299494
0.3605268001556397
0.45507758855819697
0.39386120438575745
0.3791245520114898
0.4152308404445648
0.3970697820186615
0.40345254540443426
0.43732306361198425
0.44592997431755066
0.4685433208942413
0.38774845004081726
0.4863671958446503
0.43481957912445063
0.4910747408866882
0.3833482563495636
0.43205931782722473
0.45205458998680115
0.4318675100803375
0.4428466260433197
0.3926980793476105
0.47880959510803217
0.3886209428310394
0.4878101646900177
0.36134991049766546
0.5000802278518677
0.3815423548221588
0.4665087759494781
0.3580833375453949
0.46178504824638367
0.3816227316856384
0.36335253715515137
0.41768151521682734
0.3450913727283478
0.43060740828514094
0.45802465081214894
0.4121598303318024
0.36120882630348206
0.39723387360572815
0.3748234808444977
0.47451665997505194
0.4218488335609436
0.3982380032539368
0.3683047592639923
0.4171883165836334
0.38310906291008
0.4127313196659088
0.36510246992111206
0.3849334418773651
0.36751833558082575
0.49717718362808233
0.3585583865642548
0.3918894827365875
0.40472662448883057
0.3437989056110382
0.39797747135162354
0.3477758467197418
0.4160901010036469
0.3655413687229157
0.4327169358730316
0.3867981135845184
0.3855666220188141
0.3888164162635803
0.3982081115245819
0.5181070566177368
0.4891571700572968
0.3837839066982269
0.4512002766132354
0.39599925279617304
0.30870845913887024
0.4162360727787018
0.4784968793392181
0.4244432151317597
0.3614742159843445
0.4534539580345154
0.37953838706016546
0.43923187255859375
0.44688332080841053
0.40528973937034607
0.48452469706535334
0.39615264534950256
0.3666007518768311
0.4096426963806152
0.4431912302970886
0.3936511278152466
0.4862847626209259
0.36189571022987366
0.3472397029399872
0.37963998317718506
0.38542091846466064
0.37470293045043945
0.4355884492397308
0.4302863478660584
0.3782678544521332
0.3725070357322693
0.38940164446830744
0.41665154695510864
0.379806250333786
0.3341189920902252
0.4293704926967621
0.4187503755092621
0.3569091558456421
0.3826688826084137
0.3794853985309601
0.3763024210929871
0.3900398313999176
0.40699514746665955
0.41707760095596313
0.4057339131832122
0.4152362644672394
0.4314592778682709
0.3823543190956116
0.4575175940990448
0.385106086730957
0.40470048785209656
0.4431281387805938
0.3235783278942108
0.41122058033943176
0.4359490573406219
0.415595293045044
0.457074910402298
0.36304220557212824
0.3658337593078613
0.40658602118492126
0.3683811724185944
0.38396593928337097
0.36875164508819586
0.3769114911556244
0.4032366573810577
0.394243597984314
0.4215059578418732
0.3673522770404816
0.3586795926094055
0.37905392050743103
0.4634815752506256
0.43544802069664
0.3980810046195984
0.373376190662384
0.4196138083934784
0.4530908465385437
0.42225894331932073
0.35525998473167414
0.42748799920082087
0.37398627400398254
0.4097533226013184
0.4055061638355255
0.46565213799476624
0.41541025042533875
0.3742986023426056
0.38304224610328674
0.3567670285701752
0.37634035944938654
0.40210399031639094
0.4871590435504913
0.4245854914188385
0.44368040561676025
0.3849047124385834
0.4678299427032471
0.3769602179527282
0.38685411214828486
0.3853899836540222
0.365330308675766
0.4524718225002289
0.41715067625045776
0.40936711430549616
0.38914147019386286
0.36883378028869623
0.3747064769268036
0.35063520073890686
0.3711122572422028
0.4526361525058746
0.41998922824859614
0.3826071321964264
0.38900443911552424
0.4052982032299042
0.37185356020927435
0.385581374168396
0.4110633134841919
0.4542207419872284
0.4200634062290192
0.3467898964881897
0.3966257572174072
0.4492184221744537
0.3789413869380951
0.4015683829784393
0.48340699076652527
0.40882346034049993
0.3802469670772552
0.3484733998775482
0.46494314074516296
0.37234130501747126
0.43337506055831915
0.40401896834373474
0.34653615951538086
0.3931719064712525
0.39814051985740656
0.37655869126319885
0.46070969104766846
0.38045379519462585
0.392185240983963
0.3900108337402344
0.4591434597969055
0.38395896553993225
0.37922361493110657
0.3326079547405243
0.4768291413784027
0.38679447770118713
0.4312852621078491
0.5012677311897278
0.3870690166950226
0.4698445498943329
0.4504733085632324
0.4227897822856903
0.38205945491790766
0.4297883808612824
0.4073806703090668
0.4097592532634735
0.4026852250099182
0.4174697697162628
0.4019687473773956
0.4520740807056427
0.3771165013313293
0.39575278759002686
0.4549141824245453
0.39786627888679504
0.4026722609996796
0.42651307582855214
0.39805832505226135
0.3943285644054413
0.40266308188438416
0.4613510072231293
0.4024540781974792
0.35934022068977356
0.38816073536872864
0.37101608514785767
0.3548818528652191
0.4772177636623383
0.3861840069293976
0.39630874991416926
0.38610598444938654
0.4110056757926941
0.39723452925682073
0.4437079429626465
0.4007805287837982
0.3774556815624237
0.3535566329956054
0.45249059796333313
0.3602951467037201
0.4509733021259308
0.3907497227191925
0.37542378902435297
0.4131440818309784
0.36983558535575867
0.40007057785987854
0.44717860221862793
0.38454791903495783
0.43759950995445246
0.49238672852516174
0.4321228861808777
0.4392293989658356
0.34228992462158203
0.4389044642448425
0.3718222677707672
0.4410294592380524
0.37167087197303766
0.3661043345928192
0.37891677021980286
0.4120264947414398
0.4010578095912933
0.3555770516395569
0.4538872539997101
0.42976114153862
0.4294672310352325
0.3627754151821136
0.4105861783027649
0.42246261239051813
0.37424978613853455
0.4276483654975891
0.36934328079223633
0.35002484917640686
0.3745132386684418
0.3879983127117157
0.3949429094791412
0.39346605539321894
0.4290509521961212
0.43863615393638605
0.4579940736293793
0.3789282739162445
0.4520707130432129
0.3751479983329773
0.4990613460540771
0.3806774616241455
0.4535611569881439
0.44907101988792414
0.45584818720817566
0.35765022039413447
0.3873465359210968
0.3731281459331512
0.3550255596637726
0.4133871495723724
0.341826856136322
0.4244562685489655
0.3467888534069061
0.4060826897621154
0.39008894562721247
0.41880133748054493
0.38251838088035583
0.3885543942451477
0.42436349391937256
0.3911539316177368
0.43254217505455017
0.4438731968402863
0.3839296400547028
0.3584410846233368
0.4485410153865814
0.3766279220581055
0.3724686801433563
0.4230883121490479
0.325842797756195
0.3336000740528106
0.3950226604938507
0.39148384332656866
0.4259020388126373
0.3811851143836975
0.37930956482887274
0.4118205904960632
0.42712029814720154
0.4270256459712982
0.3826622366905213
0.40026193857192993
0.3881855309009552
0.40406075119972235
0.3640333712100983
0.3687308132648468
0.41606712341308594
0.39232766628265375
0.36307904124259943
0.36854109168052673
0.4265179932117462
0.37023293972015375
0.34871169924736023
0.4196368157863617
0.4339334666728973
0.4316408038139343
0.38884398341178894
0.4612969756126404
0.40520021319389343
0.3859883844852448
0.37799504399299616
0.44090387225151056
0.4669173657894135
0.3978756666183472
0.35725125670433044
0.4142720103263855
0.35316267609596247
0.44793394207954407
0.36591875553131104
0.3912992179393768
0.3953104913234711
0.450907438993454
0.4241535365581512
0.3861911296844482
0.37588211894035334
0.34387001395225525
0.38027384877204895
0.41824236512184143
0.43500310182571406
0.41303715109825134
0.43284469842910767
0.4095675349235535
0.3774479627609253
0.3859843611717224
0.34498283267021174
0.4009527862071991
0.3930124044418335
0.47773653268814087
0.47102415561676025
0.3948731422424317
0.4396981596946716
0.3666962683200836
0.3941347897052765
0.48301222920417786
0.38493576645851135
0.4093609750270844
0.35442695021629333
0.37080487608909607
0.36687570810317993
0.31951257586479187
0.4420466721057892
0.3686435520648956
0.3445534110069275
0.3657271564006805
0.36882895231246954
0.38534426689147944
0.4106661975383759
0.39604595303535456
0.3921118080615997
0.4116412103176117
0.45811012387275696
0.40957435965538014
0.39938971400260925
0.4127845466136932
0.46516719460487366
0.3740330636501312
0.4218101501464844
0.3911984860897064
0.35365813970565796
0.41390925645828247
0.49203607439994806
0.42132541537284846
0.4360119104385376
0.3652753829956055
0.38053527474403376
0.37941730022430414
0.45166000723838806
0.33835634589195246
0.3927990198135376
0.3678421974182129
0.4242960512638092
0.44106951355934143
0.4341224730014801
0.3201625645160675
0.46210345625877375
0.4168786406517029
0.3985286056995392
0.3742910325527191
0.45407214760780334
0.4489167034626007
0.3691158592700958
0.46125593781471247
0.4626071751117706
0.4643389880657196
0.4716552495956421
0.44330692291259766
0.471975177526474
0.3511640727519989
0.45913094282150263
0.38585874438285833
0.40120103955268854
0.4188736081123352
0.4021100103855133
0.4196745753288269
0.3778867423534393
0.3773448765277863
0.4124698638916016
0.37631741166114807
0.35130825638771057
0.39651605486869806
0.3515492379665375
0.343139111995697
0.4038932621479034
0.3886418044567108
0.3923805356025696
0.3955026566982269
0.45806023478508
0.4121623337268829
0.371573269367218
0.43702867627143854
0.3820538818836212
0.3815846741199493
0.3958744704723358
0.36429351568222046
0.458925187587738
0.3215641975402832
0.3925557434558869
0.35033842921257013
0.4203542768955231
0.4495247900485992
0.4462133944034576
0.4221260249614716
0.4256669878959656
0.4160932004451752
0.4565487802028656
0.40906563401222235
0.4333586394786834
0.3843447268009186
0.37244829535484314
0.3878878653049469
0.3983250558376312
0.4406524896621704
0.3935436904430389
0.4370430707931519
0.470511257648468
0.3625105917453766
0.3906928300857544
0.4596424996852874
0.38327136635780334
0.4226191341876984
0.4096079170703888
0.48129585385322565
0.3925735652446746
0.3659707307815552
0.4426617920398712
0.3851872980594635
0.45033702254295355
0.4004223942756653
0.429317831993103
0.4528256356716156
0.42473453283309937
0.38855531811714167
0.4382635056972504
0.4418469965457916
0.4434967637062073
0.3902459442615509
0.3844091594219208
0.40106144547462463
0.3642530143260956
0.39398339390754694
0.41125741600990295
0.33601179718971247
0.3443286418914795
0.38486891984939575
0.3667319118976593
0.3992603123188018
0.36714923381805414
0.4801494777202606
0.40476164221763605
0.3840881884098053
0.41640394926071167
0.3982881009578705
0.36917343735694885
0.41032925248146057
0.47606790065765375
0.3924352824687958
0.3914007842540741
0.418500691652298
0.41895243525505066
0.47803688049316406
0.3971964418888092
0.45374628901481623
0.35852617025375366
0.38353767991065973
0.386177271604538
0.45020389556884766
0.391532689332962
0.3805091083049774
0.3717935681343079
0.3859712481498718
0.37827667593955994
0.4249132871627808
0.39218509197235113
0.4117227196693421
0.3746539354324341
0.3801011145114898
0.4263549149036408
0.4147927463054657
0.39579394459724426
0.4371218383312225
0.41790410876274103
0.4376156032085418
0.3777227103710175
0.415974497795105
0.42400899529457087
0.3684192597866058
0.38191503286361694
0.4069312512874603
0.4332644045352936
0.44258561730384827
0.36139178276062006
0.4039171040058136
0.3686105906963348
0.4589765071868896
0.3701036274433136
0.35636249184608454
0.4362569153308869
0.4135268032550812
0.38966229557991033
0.43817541003227234
0.3436616063117981
0.377735823392868
0.3772193491458893
0.440849483013153
0.36580443382263184
0.37540465593338007
0.4294424951076508
0.3275255560874939
0.39091244339942927
0.38541799783706665
0.38740691542625433
0.4683053195476532
0.4045255482196808
0.3932725489139557
0.36317017674446106
0.46001890301704407
0.44075632095336914
0.48257249593734736
0.4224068224430084
0.33386921882629395
0.3857192695140839
0.3688955307006836
0.4705432951450348
0.39063787460327143
0.37447443604469294
0.3998598456382752
0.3704335391521454
0.3690653741359711
0.3901205658912658
0.47161927819252014
0.3539579212665558
0.4003363847732544
0.5064607858657837
0.38468074798583984
0.3839397728443146
0.42362332344055176
0.43253162503242487
0.32523229718208313
0.4309569597244263
0.3809406459331512
0.4145728647708893
0.3766217231750488
0.3695093095302582
0.3834989666938782
0.43249192833900446
0.4160269200801849
0.4040887057781219
0.3219805657863617
0.4509167671203613
0.434576004743576
0.3698213398456573
0.4208712875843048
0.4540236294269562
0.46167460083961487
0.4146243333816528
0.40608772635459894
0.3801023066043854
0.3844534456729889
0.3875251412391663
0.44167411327362066
0.44934031367301935
0.3589958846569061
0.3737683296203613
0.3985513746738434
0.4180590808391571
0.3505001962184906
0.35410436987876887
0.4647438824176788
0.4013698399066925
0.3713197112083435
0.3509430587291717
0.4148646593093872
0.4252253472805023
0.437834233045578
0.4317875504493713
0.3961500525474548
0.40615296363830566
0.3972613513469696
0.38125932216644287
0.40745484828948975
0.3808534443378448
0.4432308375835418
0.41995832324028015
0.39039358496665955
0.37282431125640875
0.405409038066864
0.4298840463161469
0.3943459689617157
0.42861923575401306
0.4452650845050812
0.4733326137065888
0.3860616385936737
0.3907032907009125
0.4292952120304108
0.385239452123642
0.4839755296707153
0.45349362492561346
0.41007709503173834
0.4771120548248291
0.3943425714969635
0.37829747796058655
0.45442551374435425
0.43484494090080256
0.37487241625785833
0.4700300991535186
0.3836141228675842
0.4409635961055756
0.3668180406093597
0.3372645676136017
0.38622209429740906
0.35972627997398376
0.3754191398620605
0.42203435301780706
0.41965281963348394
0.4432866871356964
0.45857968926429754
0.4276721775531769
0.4551638066768646
0.4219746887683869
0.448558896780014
0.43801793456077576
0.39396280050277704
0.3825530707836151
0.37080544233322144
0.3947542607784271
0.4095769822597504
0.3963852226734161
0.3539641499519348
0.4120946228504181
0.4653507471084594
0.41113832592964167
0.48583129048347473
0.3407530188560486
0.4163922965526581
0.3964389264583588
0.3717650175094605
0.4100657105445862
0.3908749520778656
0.45940822362899775
0.38857331871986395
0.40413865447044367
0.4609076678752899
0.45586216449737543
0.3744455873966217
0.4056891202926636
0.4520333707332611
0.42684656381607056
0.40830692648887634
0.36476626992225647
0.36955943703651434
0.4136872589588165
0.3832462131977081
0.3585097789764404
0.47183722257614136
0.39307153224945063
0.37692198157310486
0.47304651141166687
0.373155802488327
0.40034461021423334
0.3270248472690582
0.3763886988162994
0.43863806128501887
0.3620257377624512
0.4073775112628937
0.39257195591926575
0.36324861645698553
0.35339003801345825
0.37715578079223633
0.38134726881980896
0.4156512916088104
0.3571246266365051
0.33799222111701965
0.4367542266845703
0.4368831813335418
0.3625951111316681
0.3610939979553223
0.3765486776828766
0.39157095551490784
0.35839980840682983
0.41817203164100647
0.4720765650272369
0.37357917428016657
0.37351831793785095
0.39913839101791376
0.4040332734584808
0.37142363190650934
0.4170832335948944
0.3879170715808869
0.37890514731407166
0.4590600430965424
0.3533935248851776
0.4904835820198059
0.38462916016578674
0.37380376458168024
0.46990033984184265
0.36275351047515864
0.40954563021659846
0.46622583270072937
0.35520216822624207
0.44244855642318726
0.4272511303424835
0.45955255627632147
0.4019639492034912
0.4893852770328522
0.40096691250801086
0.38245129585266113
0.3870136141777039
0.4074455797672272
0.3585461676120758
0.37079969048500067
0.45867982506752014
0.4496121108531952
0.3939760029315949
0.3830137550830841
0.3523483872413635
0.3818921148777008
0.427918553352356
0.3620221316814423
0.3522750437259674
0.37614184617996216
0.49455899000167847
0.401191771030426
0.4249690473079681
0.3820606768131256
0.4766680300235748
0.35406872630119324
0.3323001563549042
0.39219406247138977
0.3564414083957672
0.4473060965538025
0.4111266732215881
0.3682626783847809
0.3560830056667328
0.3993326425552368
0.35964420437812805
0.36174070835113525
0.3576100170612335
0.38316819071769714
0.3996402025222778
0.4698379337787628
0.3795972168445587
0.3941958248615265
0.43943941593170166
0.42306485772132874
0.44599393010139465
0.40948429703712463
0.4386353492736816
0.42460063099861145
0.44038495421409607
0.3667683899402618
0.3985421061515808
0.44851455092430115
0.3943668901920319
0.37775999307632446
0.3873383700847626
0.34463468194007874
0.3708849251270294
0.40152829885482794
0.42056468129158014
0.4901493489742279
0.4255408048629761
0.37782159447669983
0.3178963363170624
0.4380786120891571
0.36697271466255194
0.3811958730220794
0.3630059957504272
0.3660123348236084
0.40338268876075745
0.44956284761428833
0.3945184051990509
0.3686184585094452
0.47309657931327814
0.3748030066490173
0.3546086549758911
0.4268709719181061
0.368539959192276
0.41518634557724
0.4677075743675232
0.4073089063167572
0.39951422810554493
0.39106717705726624
0.38954159617424006
0.338549941778183
0.4865461885929108
0.36479908227920527
0.33780479431152344
0.4164952337741852
0.3679376840591431
0.39930906891822815
0.4502225816249848
0.42482158541679377
0.3638809025287628
0.3948316276073456
0.35592672228813166
0.43452900648117065
0.4120531678199768
0.36176282167434687
0.3676799833774567
0.38463938236236567
0.4150021374225616
0.39542692899703974
0.3786150515079498
0.3697859346866608
0.3722004890441895
0.3876637518405914
0.4594919681549072
0.3655153810977936
0.38214072585105896
0.3785233199596405
0.4370751082897186
0.36783245205879206
0.3633808493614197
0.356453537940979
0.42149487137794495
0.41512224078178406
0.36713942885398865
0.4227994382381439
0.4399283826351166
0.3508072793483734
0.3330218493938446
0.4517889320850372
0.39431065320968633
0.46277406811714167
0.36941298842430115
0.4437248408794403
0.39558491110801697
0.3836173713207245
0.3865048289299011
0.3649475872516632
0.374479740858078
0.44209951162338257
0.3104912936687469
0.49948689341545105
0.4272043108940125
0.3831267356872559
0.3838088810443878
0.4875982701778412
0.42441883683204645
0.4636007845401764
0.4342521131038666
0.47061952948570246
0.42153632640838623
0.394644558429718
0.39190024137496954
0.38138720393180847
0.43650862574577326
0.381666511297226
0.3851543366909027
0.3886652886867523
0.4784782230854034
0.3908576369285584
0.4544318318367004
0.3815838396549225
0.3714078366756439
0.5092310309410095
0.4293660521507263
0.43085822463035583
0.41617390513420094
0.441501647233963
0.34580358862876887
0.35477614402771
0.43351593613624567
0.38532522320747375
0.37195959687232966
0.447617620229721
0.4565871953964233
0.4432528018951416
0.42038276791572565
0.40540310740470886
0.3988617956638336
0.3862217366695404
0.4089653193950653
0.3733744025230408
0.3548548221588135
0.37976959347724915
0.3851945996284485
0.41681715846061707
0.4078823626041412
0.37044039368629456
0.4226822555065155
0.39497914910316473
0.44546225666999817
0.4075742661952973
0.45363295078277593
0.3826814889907837
0.4479727447032928
0.4148119390010834
0.3801375329494476
0.37135562300682073
0.34524431824684143
0.36775591969490046
0.383645623922348
0.45069858431816096
0.37273541092872614
0.3656561076641082
0.4202034771442413
0.362006425857544
0.4365299046039581
0.42462402582168574
0.4419924318790436
0.4043229222297669
0.3581310510635376
0.37038782238960266
0.392468124628067
0.4057225286960602
0.368291288614273
0.3784301280975342
0.3901289701461792
0.3976373374462128
0.3756636679172516
0.4033707082271576
0.40357732772827143
0.4053363502025604
0.36806291341781616
0.4203271567821503
0.4691006541252136
0.3857448995113373
0.3663260042667389
0.42365053296089167
0.34615328907966614
0.4499274790287018
0.4288076162338257
0.43117228150367737
0.3795456886291504
0.4268251955509186
0.43495801091194153
0.44999116659164423
0.516693115234375
0.3859831094741821
0.39419299364089966
0.4696315228939056
0.3757272660732269
0.3483247458934784
0.3883067071437836
0.38121616840362554
0.38238963484764094
0.4715266823768616
0.3628040254116058
0.38983169198036194
0.40837779641151434
0.40359097719192494
0.3717340230941773
0.41239091753959656
0.39519461989402765
0.45235994458198553
0.36633843183517456
0.4444409906864166
0.41462242603302
0.3517400920391083
0.38701561093330383
0.362779825925827
0.4653888344764709
0.4148655831813812
0.4233631193637848
0.43109950423240656
0.367916077375412
0.49162670969963074
0.42139682173728943
0.3658551871776581
0.39939692616462713
0.39393171668052673
0.40332001447677607
0.4458518922328949
0.4612970054149628
0.5382689833641052
0.35438355803489685
0.39062848687171936
0.3524126708507538
0.3832355439662933
0.364351898431778
0.40928480029106146
0.4017026424407959
0.36158415675163275
0.4498306214809418
0.3733085691928864
0.37759107351303106
0.3976297676563263
0.38863587379455566
0.34426775574684143
0.414637416601181
0.4337516129016876
0.4357820749282837
0.4081907570362091
0.4666459262371063
0.47327288985252386
0.3947175741195679
0.42130309343338007
0.3903594613075256
0.4759908020496368
0.32185474038124084
0.39872896671295166
0.3823755085468292
0.40482923388481135
0.3844952881336212
0.38456735014915466
0.3969017565250397
0.4341662228107452
0.4455850422382354
0.3655970394611359
0.3902583420276642
0.37312313914299006
0.47706115245819086
0.4578830301761627
0.3531269133090973
0.3975097239017487
0.4506281316280365
0.4527664184570313
0.47276392579078674
0.37223848700523376
0.4358336627483368
0.3807964026927948
0.4647985994815826
0.3806823790073394
0.3885606825351715
0.41584476828575134
0.46900808811187744
0.39527964591979986
0.3962342143058777
0.37189361453056335
0.3865646719932556
0.4165719747543335
0.3877095878124237
0.4263245165348053
0.38212200999259943
0.4621798396110535
0.4136022627353668
0.4869236052036285
0.3782334625720978
0.35325226187705994
0.46622288227081293
0.4277703464031219
0.4513696432113648
0.43652758002281195
0.4191136658191681
0.3728286325931549
0.38799712061882013
0.338224858045578
0.44318464398384094
0.35951465368270874
0.437534213066101
0.4000514149665833
0.42352059483528137
0.3512936532497406
0.39007046818733215
0.43967771530151367
0.3725856244564056
0.3241012990474701
0.469347208738327
0.44455453753471375
0.38979443907737726
0.34692326188087463
0.36326739192008967
0.38439002633094793
0.39198794960975647
0.4010163545608521
0.4160359501838684
0.37771606445312494
0.38223168253898626
0.3497992753982544
0.3919754922389984
0.41853401064872736
0.45413598418235773
0.39822292327880854
0.38889518380165106
0.4309147298336029
0.4416916966438293
0.4404960870742798
0.4024665653705597
0.3694466650485992
0.40474301576614374
0.427204817533493
0.40058001875877375
0.3476777970790863
0.38335174322128296
0.3801028430461884
0.3330430090427398
0.46359714865684504
0.39645257592201233
0.3741691112518311
0.42179894447326655
0.40930092334747314
0.4269520938396454
0.37287390232086176
0.3480660617351532
0.41265842318534846
0.4673680365085602
0.38519617915153503
0.4415633380413056
0.4581016004085541
0.47194078564643854
0.3316960632801056
0.33309206366539
0.4116182625293732
0.3422379195690155
0.4273776113986969
0.40484440326690674
0.38876405358314514
0.40063709020614624
0.37822213768959045
0.48191279172897333
0.45439860224723816
0.4870521128177642
0.3699553906917572
0.3750292956829071
0.42061114311218256
0.4394399225711823
0.42863798141479487
0.36619207262992853
0.4203104674816132
0.4192763864994049
0.412323772907257
0.42906910181045527
0.36290982365608215
0.3644927144050598
0.40801778435707087
0.4959851503372192
0.39971897006034846
0.4471599757671356
0.3544110953807831
0.39763477444648737
0.45237866044044495
0.40792283415794367
0.40607157349586487
0.38879379630088806
0.44282475113868713
0.3751140832901001
0.3674370348453522
0.44917961955070496
0.40302345156669617
0.3695473372936249
0.4240541458129882
0.34864217042922974
0.4367734789848328
0.4111469089984894
0.4017826318740845
0.3977324068546295
0.3874754011631012
0.4016439318656921
0.37994077801704407
0.3649469316005706
0.3415391743183136
0.37094298005104065
0.4015561938285828
0.33374771475791926
0.36735066771507263
0.3768771290779114
0.4815177917480469
0.38913640379905695
0.4849388897418976
0.3999684751033783
0.38962215185165405
0.3895176649093628
0.4565758407115936
0.36015138030052185
0.3695211708545685
0.45950222015380854
0.34099945425987244
0.4233805239200592
0.4229513108730316
0.3767245709896088
0.4177574813365936
0.42856127023696894
0.4554590582847595
0.3954180181026458
0.4443138539791107
0.3975231945514679
0.34899240732193
0.4795821011066437
0.3955956399440765
0.4488057792186737
0.38525834679603577
0.44564613699913025
0.367652952671051
0.3931892216205597
0.31358733773231506
0.37281256914138794
0.3405831754207611
0.3751618564128876
0.4573063552379608
0.3787501752376556
0.3921485841274261
0.3883804976940155
0.40225425362586975
0.38528648018836975
0.41223642230033875
0.4272824823856354
0.43478748202323914
0.3889597356319427
0.344122976064682
0.36343857645988464
0.4149693548679352
0.38394671678543085
0.3516927659511566
0.3674404323101044
0.39256426692008967
0.4633544981479645
0.3385680615901947
0.44316598773002625
0.41775724291801447
0.402648001909256
0.3930228650569916
0.3977021276950836
0.43465313315391535
0.36736452579498285
0.43735599517822266
0.4396381676197052
0.3843866288661957
0.40121975541114807
0.39221045374870306
0.35582950711250305
0.4655323624610901
0.43181559443473816
0.3685248792171478
0.5187509655952454
0.4168148636817932
0.36645686626434326
0.38912233710289
0.37940725684165955
0.37479916214942927
0.3280974924564361
0.4103319942951202
0.37164083123207087
0.39410331845283514
0.35978496074676514
0.44761702418327326
0.44106850028038014
0.37136581540107727
0.4507701098918914
0.3592384457588196
0.3334468603134155
0.39697542786598206
0.34455406665802
0.35047113895416254
0.4421416819095612
0.324372798204422
0.5003059506416321
0.43849042057991033
0.451979011297226
0.421030730009079
0.4058590233325958
0.3666023313999176
0.4594291150569916
0.3788848519325256
0.4097157418727874
0.42303797602653503
0.42170819640159607
0.4666865170001984
0.39647421240806574
0.3580227494239807
0.3633681833744049
0.35823753476142883
0.3927883207798004
0.4478833973407745
0.38426905870437617
0.40811339020729054
0.42343917489051813
0.3802250921726226
0.36428633332252497
0.41296350955963135
0.4204674065113068
0.3716928362846375
0.4194206595420837
0.44081956148147583
0.3728298842906952
0.36881589889526367
0.3598553240299225
0.3947472274303436
0.4022123217582703
0.32574108242988586
0.37401348352432245
0.3847149908542633
0.3476649820804596
0.4109342992305756
0.4414896368980408
0.3192700445652008
0.45783424377441406
0.47829917073249817
0.3745051622390747
0.43287631869316096
0.38190293312072754
0.3698867857456207
0.3769740164279938
0.36540740728378296
0.40621045231819153
0.39324322342872614
0.4134165346622467
0.35366919636726374
0.3923068344593048
0.3731406033039093
0.36276245117187506
0.45124760270118713
0.3799918591976166
0.42117181420326233
0.3934549689292908
0.365824669599533
0.4045938551425934
0.3876215815544128
0.44931420683860773
0.39000841975212097
0.3340514600276947
0.363301545381546
0.4119444787502289
0.4053113162517548
0.43165692687034607
0.3426187336444855
0.38156405091285706
0.3404434621334076
0.40421435236930847
0.38111153244972235
0.38064906001091
0.4349584877490997
0.3546201586723328
0.4149041473865509
0.40133363008499146
0.40583506226539606
0.3561176359653473
0.4886573255062103
0.4377886354923248
0.33960011601448054
0.44178918004035944
0.41481593251228327
0.3832844197750092
0.3886664807796478
0.3934761881828308
0.39072319865226746
0.3786657452583313
0.36426141858100886
0.377899706363678
0.36351701617240906
0.4183695018291473
0.44253325462341303
0.4244647324085236
0.34414857625961304
0.376598447561264
0.36808410286903376
0.40558683872222895
0.38876459002494806
0.406995415687561
0.3855271339416504
0.39447876811027527
0.3981377780437469
0.38616099953651434
0.3905588686466217
0.3725354373455048
0.4555623233318329
0.3970703184604645
0.3740316331386566
0.3888859152793884
0.44302886724472046
0.41487774252891535
0.3869988024234772
0.3772540688514709
0.40024515986442566
0.46995547413825994
0.44600269198417664
0.38974979519844055
0.40644726157188416
0.3491213023662567
0.38625842332839966
0.4106082618236542
0.3243889510631561
0.4403442442417145
0.44594195485115046
0.49321576952934265
0.40461531281471247
0.3457128703594208
0.38243690133094793
0.4818102419376373
0.3766181766986847
0.3729344606399536
0.3703421950340271
0.3714112043380737
0.3861664235591888
0.3890504240989685
0.4689291119575501
0.4145362675189972
0.35667094588279724
0.40161406993865967
0.3462496101856232
0.39207193255424494
0.38473299145698553
0.32688155770301813
0.375034898519516
0.4088087379932404
0.4285486042499542
0.47174528241157526
0.401631623506546
0.3656253218650818
0.4826487004756928
0.493597537279129
0.45050755143165594
0.3566843569278717
0.4080636203289032
0.4014361798763275
0.35960593819618225
0.36237987875938416
0.47253045439720154
0.40454724431037903
0.4573770463466644
0.4344114065170288
0.40142884850502014
0.36337119340896606
0.3673693835735321
0.4319868981838226
0.3990735709667206
0.3922403156757354
0.35372617840766907
0.38802650570869446
0.37668544054031367
0.4098124206066132
0.43446940183639526
0.3602962195873261
0.3634662330150604
0.39199635386466974
0.3881652653217316
0.33783361315727234
0.3858370184898376
0.4560954868793488
0.3639553487300873
0.44042026996612554
0.41216316819190973
0.3930861055850983
0.40016743540763855
0.4583120346069336
0.37653812766075134
0.38644814491271967
0.34568929672241205
0.3592252731323242
0.43442621827125544
0.3896272480487824
0.37112724781036377
0.42188635468482966
0.3792285323143005
0.39856889843940735
0.3245687186717987
0.448078453540802
0.4254678785800934
0.4833667576313018
0.3931856751441956
0.370993971824646
0.36939513683319086
0.4815855920314789
0.4069143831729889
0.3942705392837525
0.3730747401714325
0.4305022060871124
0.4396389424800873
0.4415276646614074
0.4334581196308136
0.44597169756889343
0.39525929093360895
0.4190538227558136
0.3942579925060272
0.38854661583900446
0.4079574644565582
0.4202287793159485
0.41870829463005066
0.4167926907539368
0.4359043538570404
0.45150238275527954
0.45322933793067927
0.3252079784870148
0.37412184476852417
0.4484110176563263
0.38921329379081726
0.39732006192207336
0.42293944954872126
0.37750583887100214
0.44344881176948553
0.3872410655021667
0.3932397067546845
0.3687297999858856
0.4178924560546875
0.42619332671165466
0.38101291656494146
0.38827505707740784
0.4302924871444702
0.3948891460895538
0.42227342724800104
0.3772302567958832
0.4032467007637024
0.3936767876148224
0.45844802260398865
0.4482420682907104
0.45235064625740046
0.3476145565509796
0.3868953287601471
0.45105007290840154
0.41501370072364807
0.3742964565753937
0.3565476238727569
0.38771894574165344
0.3973107933998108
0.3792773187160492
0.369780570268631
0.41680970788002014
0.3886737525463104
0.35398149490356445
0.3775427937507629
0.384810209274292
0.36379101872444153
0.42575782537460327
0.39967343211174006
0.3356848657131195
0.35015708208084106
0.3557053506374359
0.3690011203289032
0.38729017972946167
0.39581048488616943
0.388761043548584
0.4261785447597504
0.3677406013011932
0.4480118453502655
0.3875140845775604
0.369051605463028
0.3992460072040558
0.3945019543170929
0.3412030041217804
0.33989289402961725
0.3844720423221588
0.41535669565200806
0.39907470345497126
0.4071269929409027
0.41380450129508967
0.4755500853061676
0.5001630783081055
0.3364575207233429
0.4848147928714752
0.4073057472705841
0.3750931024551392
0.41901072859764094
0.39259400963783264
0.38691446185112
0.38324058055877686
0.3907187283039093
0.3914448320865631
0.41884419322013855
0.33065119385719294
0.4352816045284271
0.3766212165355682
0.35624101758003235
0.3777176439762115
0.34569200873374933
0.4041942059993744
0.3928826749324799
0.3750512897968292
0.4404800534248352
0.38999012112617487
0.4113779664039612
0.3853033483028412
0.3895863890647888
0.3641150593757629
0.38845139741897583
0.38545235991477966
0.4030742943286896
0.3881919682025909
0.3904503881931305
0.35908582806587214
0.38591974973678583
0.3992727100849152
0.4067577123641968
0.3682841658592224
0.3868779838085175
0.35911959409713745
0.46253061294555664
0.3616138994693756
0.3876844346523285
0.44849875569343567
0.45907798409461975
0.3689717948436737
0.3816128671169281
0.4308873414993286
0.43684038519859314
0.4497906863689423
0.3688802421092987
0.410125344991684
0.40663799643516546
0.368647813796997
0.4346429705619812
0.4172103703022003
0.4597857892513275
0.4694031774997711
0.38525170087814326
0.46847057342529297
0.44757911562919617
0.40765830874443054
0.3791510462760925
0.3841445446014404
0.41020700335502625
0.4088561236858368
0.45318618416786194
0.39491614699363703
0.3697924315929413
0.4142657220363617
0.3680408000946045
0.4064795076847077
0.33906063437461853
0.4248991906642914
0.4276062548160553
0.3656211495399475
0.4207789599895477
0.444122850894928
0.37618049979209894
0.47874066233634954
0.3776817619800568
0.4445602595806122
0.34251829981803894
0.3656160235404968
0.4491198658943176
0.472021609544754
0.3633918166160584
0.4346972405910492
0.4470939338207245
0.4521592855453491
0.4004333913326264
0.41750147938728327
0.3559734523296356
0.3683290183544159
0.3661235272884369
0.4083059132099152
0.463872879743576
0.35187456011772156
0.35685691237449646
0.3667979538440704
0.3655279874801636
0.4232825934886932
0.3997966945171356
0.4196740388870239
0.4696730971336365
0.3640361428260803
0.43894711136817927
0.4949604570865631
0.4614984095096588
0.370543360710144
0.4038482308387756
0.3810260593891144
0.346004456281662
0.4102703332901001
0.3873122036457062
0.3621869385242462
0.45742008090019226
0.36470219492912287
0.4673213064670562
0.39246246218681335
0.4340060353279114
0.4129084348678589
0.34650668501853943
0.39245441555976873
0.36475518345832814
0.38236701488494873
0.38454425334930414
0.3827506005764008
0.3786989152431488
0.45549070835113525
0.3915886580944061
0.3874863684177399
0.36092752218246454
0.36378434300422663
0.4566018283367157
0.4089150130748749
0.4828976690769196
0.4310605227947235
0.4327964186668396
0.511458694934845
0.45709568262100214
0.39904350042343134
0.37689152359962463
0.35230550169944763
0.3540581166744232
0.3906899988651276
0.44463256001472473
0.4509914815425873
0.3665581047534943
0.3653644025325775
0.41829752922058105
0.3801217675209045
0.3367554545402527
0.365310937166214
0.485365241765976
0.3607912957668304
0.39987993240356445
0.42610630393028254
0.4717989265918732
0.38561901450157166
0.4360735714435577
0.3705271184444427
0.3918621242046356
0.3690175712108612
0.41070505976676946
0.33840057253837585
0.4573684632778168
0.3728045523166656
0.40360596776008606
0.38345143198966974
0.385734498500824
0.46131423115730286
0.44890514016151434
0.40289172530174255
0.43715700507164
0.37262406945228577
0.38321310281753534
0.4656563699245453
0.3783279359340668
0.3606025874614716
0.3982253074645996
0.438203364610672
0.4419051110744476
0.4139443337917328
0.4875585734844208
0.4529206454753876
0.450434535741806
0.4011232554912567
0.43485078215599055
0.4845051467418671
0.38178399205207825
0.3864769041538239
0.45309513807296753
0.34657225012779236
0.390262246131897
0.36733609437942494
0.43292650580406183
0.37356051802635193
0.41584667563438416
0.3887018859386444
0.38085082173347473
0.45085468888282776
0.4320505559444427
0.3874491155147552
0.37884408235549927
0.3961586058139801
0.36045566201210016
0.3561578691005707
0.35269299149513245
0.3401072919368744
0.3698132038116455
0.40826672315597534
0.3479029834270477
0.37417420744895935
0.49319973587989807
0.34491297602653503
0.49428543448448176
0.4104584455490112
0.3404897153377533
0.43645706772804255
0.4275417029857635
0.3817059099674225
0.3719392716884613
0.41939738392829895
0.4699850082397461
0.4536040127277374
0.3772753775119781
0.4019911289215088
0.3685851693153381
0.3862053155899048
0.4523580372333527
0.3980974853038788
0.3853043913841248
0.3824836313724518
0.4204080998897552
0.4046502411365509
0.3511779010295868
0.380316287279129
0.4045272171497345
0.4712599813938141
0.3227951824665069
0.33881616592407227
0.3981584012508392
0.4247622787952423
0.42044472694396967
0.4216321408748626
0.37208315730094904
0.4388256669044495
0.41669920086860657
0.3702546358108521
0.3687903583049774
0.3521071970462799
0.40847584605216974
0.4524719417095184
0.4635299444198608
0.36680057644844055
0.389716237783432
0.39596846699714655
0.3511893153190613
0.3846630156040192
0.39835959672927856
0.3931427001953125
0.388385534286499
0.37927970290184015
0.4546248614788056
0.34613803029060364
0.4344987571239472
0.3870343863964081
0.3736966252326965
0.3968234956264496
0.475909411907196
0.3383355140686035
0.41440710425376887
0.3827182054519653
0.36534732580184937
0.47039470076560974
0.3881203830242157
0.35134437680244446
0.41108560562133784
0.39329853653907776
0.38793712854385376
0.3845215737819672
0.4277441203594208
0.4004615247249603
0.41602686047554016
0.37817624211311346
0.3847778737545013
0.3886938393115997
0.3714062571525574
0.38584503531455994
0.415870726108551
0.39193049073219294
0.3973155915737152
0.4220057427883148
0.38630568981170654
0.37074771523475647
0.4325502514839172
0.448218286037445
0.3771052658557892
0.4320638179779053
0.4509336650371552
0.39430686831474304
0.36471071839332575
0.37471273541450495
0.3751829266548157
0.351805180311203
0.40508782863616943
0.4506584703922272
0.3829218745231629
0.4609782993793488
0.454864114522934
0.405808299779892
0.41279652714729304
0.4874598979949951
0.43569746613502497
0.41805532574653625
0.4407926499843597
0.45005533099174494
0.4660594165325165
0.3666720688343048
0.42876341938972473
0.4145916998386383
0.4015679657459259
0.3885597288608551
0.36821970343589777
0.42925298213958735
0.3960270583629608
0.4055430889129639
0.3931001126766205
0.35524341464042664
0.40577030181884766
0.3458199799060821
0.41096699237823486
0.4324942529201508
0.41518834233284
0.39888331294059753
0.39312988519668574
0.4470941722393036
0.32021030783653254
0.3663976788520813
0.4573509395122528
0.4342922270298004
0.381387323141098
0.42177727818489075
0.38671374320983887
0.39864715933799744
0.4162721335887909
0.38337102532386774
0.407689094543457
0.36622530221939087
0.387447327375412
0.3983843326568604
0.416751891374588
0.36617979407310486
0.38160440325737
0.42885610461235046
0.37936893105506897
0.37025061249732966
0.3514769971370697
0.33625170588493347
0.43853816390037537
0.3819172084331512
0.38993537425994873
0.45417752861976624
0.3898539245128632
0.42959335446357727
0.3972361981868744
0.457953006029129
0.4142484366893768
0.4326492249965668
0.4583613574504852
0.4140984117984772
0.3758251965045929
0.41106840968132013
0.4093619585037232
0.3260387182235718
0.37958511710166926
0.4085898697376251
0.3576566278934479
0.4662331640720368
0.40297397971153254
0.3795789182186127
0.3932463824748993
0.39328679442405695
0.3753119707107544
0.4319391250610352
0.3840486109256744
0.4054787456989288
0.38020268082618713
0.4398992955684662
0.39294072985649114
0.34275883436203
0.4033521711826325
0.4651724696159362
0.4067188799381256
0.34675052762031555
0.45975247025489807
0.3715934455394745
0.44460389018058777
0.380416601896286
0.44683951139450073
0.4114866554737091
0.3923241198062897
0.38422045111656183
0.40384471416473383
0.38473519682884216
0.390069991350174
0.3919685482978821
0.3921507596969605
0.3959131240844727
0.3969272971153259
0.38622030615806574
0.38917788863182073
0.37389335036277765
0.4244365394115448
0.44687220454216
0.3989745676517487
0.3928517699241638
0.38243803381919855
0.40782639384269714
0.4272582530975342
0.42584270238876337
0.39335170388221746
0.35625800490379333
0.4064188301563263
0.373807430267334
0.38662156462669367
0.3634900748729706
0.4152384102344513
0.34738567471504206
0.4408019483089447
0.42548826336860657
0.4188069701194763
0.3787190616130829
0.35118165612220764
0.3891998529434204
0.4228662848472595
0.3689431846141815
0.4041919112205505
0.4319796562194824
0.4183872938156128
0.37548986077308655
0.419757068157196
0.3586447536945343
0.3381095826625824
0.3806069195270538
0.4305452108383178
0.34554824233055115
0.45487180352211
0.47882023453712463
0.38725176453590393
0.407135397195816
0.4547634422779083
0.36147585511207586
0.4256899654865265
0.43978223204612726
0.3646436333656311
0.4285540878772736
0.3842001855373383
0.3488200008869171
0.3444107174873352
0.4228592216968536
0.39051494002342224
0.38176453113555914
0.4265980124473572
0.404546171426773
0.38711127638816833
0.4241295158863068
0.37829232215881353
0.35590735077857966
0.39118555188179016
0.4419730007648468
0.4064756333827973
0.404525488615036
0.4225558340549469
0.3985677659511566
0.43032288551330566
0.41833147406578064
0.4488166272640228
0.3886355757713318
0.3473494052886963
0.3416663408279419
0.4225934147834778
0.4252021014690399
0.3907025754451752
0.37887862324714655
0.4042542576789856
0.4700161218643189
0.3723976910114288
0.39937642216682434
0.3678051829338074
0.37471243739128113
0.3728697001934052
0.38070407509803766
0.38432905077934265
0.42634955048561096
0.3849343955516815
0.403035044670105
0.39162272214889526
0.42591026425361633
0.3761662244796753
0.3746635019779205
0.3906217515468597
0.34599542617797846
0.37642142176628113
0.3760762810707092
0.38538482785224915
0.39186638593673706
0.42845577001571655
0.41059485077857966
0.35288283228874207
0.3687972128391266
0.4180461466312408
0.39916759729385376
0.4306677281856537
0.47939643263816833
0.42409244179725647
0.35609909892082214
0.41187939047813416
0.3854845464229584
0.3964628279209137
0.40068057179450983
0.34335049986839294
0.3732040822505951
0.395399272441864
0.38795006275177
0.38369855284690857
0.37492373585700983
0.4172517657279968
0.4311928153038025
0.3792423307895661
0.3865310251712799
0.4442004263401032
0.4199123084545136
0.3998075127601624
0.37902501225471497
0.3933180570602417
0.49003246426582336
0.38545879721641535
0.3751611411571503
0.3608228266239166
0.4045486748218536
0.4338330626487732
0.3691047728061676
0.3613589107990265
0.4078511297702789
0.3671196401119232
0.4064050614833832
0.45233666896820074
0.36625882983207697
0.414216011762619
0.438115119934082
0.3492693305015564
0.41791090369224554
0.4722917973995209
0.3822341859340668
0.3623751699924469
0.4263526499271393
0.42981982231140137
0.37042877078056335
0.3944149911403656
0.3378519117832184
0.3894325792789459
0.38573858141899114
0.4127459824085236
0.39375087618827814
0.4322875440120697
0.355172723531723
0.46055054664611816
0.3739967346191406
0.3798824846744537
0.3713154196739197
0.37443381547927856
0.40404012799263
0.43505218625068653
0.41117367148399353
0.4025198519229889
0.4001469314098358
0.4183295667171478
0.4012788236141205
0.3770963847637177
0.47923710942268366
0.41334962844848633
0.44011703133583063
0.4553627669811249
0.3827873766422272
0.3707515299320221
0.3996835947036743
0.3627504706382752
0.3794740736484528
0.4232743084430695
0.410509318113327
0.3852222263813018
0.405653327703476
0.47910711169242853
0.4144295752048493
0.3530552089214325
0.4150021374225616
0.3633703887462616
0.35411813855171204
0.41629117727279663
0.4091922342777252
0.45147481560707087
0.4573890268802642
0.3856420516967773
0.4396314918994904
0.4276783168315888
0.41685929894447327
0.45090559124946594
0.44415417313575745
0.4633072316646576
0.3554942309856415
0.4540154635906219
0.34948089718818665
0.3421956598758697
0.3713960945606232
0.38426586985588074
0.4157204329967498
0.3742236196994781
0.39999020099639887
0.3931655585765839
0.34680867195129395
0.43652358651161194
0.4676961898803711
0.41431111097335815
0.4696729183197021
0.3947471082210541
0.43085241317749023
0.39512446522712713
0.391448587179184
0.37340697646141047
0.3609049618244171
0.3792194128036499
0.45651033520698553
0.39208278059959406
0.3734254240989685
0.34726276993751526
0.40383169054985046
0.3841603100299835
0.39699724316596974
0.3665289282798767
0.49724149703979487
0.412859171628952
0.43505433201789856
0.3972578346729279
0.37124156951904297
0.4202618300914765
0.3797574043273926
0.4415785074234009
0.4579039514064789
0.3869925737380981
0.438469260931015
0.4058268368244171
0.40497851371765137
0.3948597013950348
0.3764493465423584
0.3450780510902405
0.4804435074329376
0.48221495747566223
0.4549046456813812
0.37083178758621216
0.37638893723487854
0.41897407174110407
0.38772478699684143
0.4612610638141632
0.34687522053718567
0.3364078402519226
0.35920974612236023
0.3913076817989349
0.3572823107242584
0.41530981659889216
0.35857418179512024
0.4118756949901581
0.39375078678131104
0.4542004466056824
0.4694919288158417
0.38683655858039856
0.39958855509758
0.3381699025630951
0.46557191014289856
0.3452831208705902
0.338053435087204
0.4170973598957062
0.35327425599098206
0.3351392447948456
0.4344037473201752
0.36794179677963257
0.4210312366485596
0.4430650770664215
0.3908408582210541
0.4140126407146454
0.43268373608589167
0.38015779852867126
0.3917239606380463
0.3895456790924072
0.3437414765357971
0.43269237875938416
0.3867597579956055
0.45103573799133295
0.44167497754096974
0.3770698010921478
0.4523274898529053
0.3915932476520538
0.3726619184017181
0.38895365595817566
0.4227575957775116
0.3564912974834442
0.43854615092277527
0.35141250491142273
0.3963890969753265
0.4165535569190979
0.3471534848213196
0.4135313630104065
0.4677567183971405
0.3687072396278381
0.36722114682197565
0.43564510345458973
0.33936238288879395
0.369091123342514
0.42112097144126887
0.40405824780464167
0.43078735470771784
0.33827573060989374
0.400244414806366
0.43320080637931824
0.44253820180892944
0.41261494159698486
0.44667628407478327
0.4247160851955414
0.39401429891586304
0.45997297763824463
0.404009073972702
0.3486153781414032
0.4050819575786591
0.37078607082366943
0.3553260862827301
0.3478145897388458
0.3881793916225433
0.3891981244087219
0.34447264671325684
0.42232134938240046
0.4722048938274384
0.41374334692955017
0.3714320957660675
0.40856012701988226
0.3703035116195679
0.4386906027793884
0.4681322276592255
0.38852918148040766
0.4510445296764374
0.4293144047260285
0.4457215368747711
0.3716978430747986
0.40041437745094294
0.37681236863136286
0.43534895777702326
0.3614950776100159
0.3456411063671112
0.3424520790576935
0.3574467003345489
0.4908834993839264
0.42381504178047186
0.39745095372200007
0.43814417719841
0.3664261996746063
0.4237169325351715
0.3815518915653229
0.3758566081523895
0.442263126373291
0.4555347263813018
0.38381481170654297
0.3721003532409668
0.3866138756275177
0.4016837775707245
0.4127021729946136
0.4133099317550659
0.4042986035346985
0.3805796802043914
0.36449369788169855
0.37567219138145447
0.4281148612499237
0.46515122056007385
0.3857365548610687
0.41096177697181696
0.4189794063568115
0.4373711943626404
0.3892443478107452
0.4244268238544464
0.40304389595985407
0.3855170905590057
0.4550769031047821
0.4289534986019135
0.2967709004878998
0.4591746032238007
0.5015295743942261
0.4258424937725067
0.4822700917720794
0.36680141091346735
0.3972684442996978
0.4261381924152374
0.4243128597736359
0.3870940804481506
0.4269833266735077
0.3605785965919495
0.4304772019386292
0.43298074603080744
0.3865308463573456
0.357580691576004
0.42074552178382874
0.3673858940601349
0.36317938566207886
0.38249319791793823
0.4324556291103363
0.3628235459327698
0.385614424943924
0.42087695002555847
0.3867691457271576
0.44161924719810486
0.36475142836570734
0.3652239143848419
0.38655644655227667
0.3481157124042511
0.435240775346756
0.35191506147384644
0.340999573469162
0.369607150554657
0.3540584146976471
0.4146417379379272
0.42853426933288574
0.431608110666275
0.4835478365421295
0.40823164582252497
0.4146373867988586
0.4690956473350525
0.4016272723674774
0.4214155375957489
0.43778604269027704
0.3668502271175385
0.3828336894512177
0.3855722844600677
0.37799471616745
0.392149955034256
0.4444330036640167
0.4053535163402557
0.4048756659030914
0.5148484110832214
0.4144566953182221
0.3777399361133576
0.4280346930027008
0.396526575088501
0.38131317496299744
0.42918068170547485
0.3876646459102631
0.3873876631259918
0.4402592778205872
0.39641603827476496
0.3810562789440155
0.4559154212474823
0.4749903380870819
0.38173738121986395
0.4021345973014832
0.3631137609481812
0.3929831087589264
0.38454198837280273
0.4698020219802856
0.4836979806423187
0.45631030201911926
0.3537350594997406
0.42855051159858704
0.4505321383476257
0.38991728425025934
0.4353611171245575
0.48619019985198975
0.39616858959198
0.3766186535358429
0.5103508830070496
0.3699894845485687
0.41445457935333246
0.3870023787021637
0.3594733774662018
0.4975084364414215
0.3807123601436615
0.37136161327362066
0.35153451561927795
0.42236062884330744
0.39355549216270447
0.33988726139068604
0.389687716960907
0.41684475541114807
0.4240822792053223
0.39608475565910334
0.3882083594799042
0.44224220514297485
0.3868434131145477
0.4568705260753632
0.3969762027263641
0.3916201591491699
0.3756318986415863
0.37900629639625544
0.34083423018455505
0.46064463257789606
0.45927840471267695
0.3571641445159912
0.37424686551094055
0.3604367673397064
0.4105788767337799
0.3109479546546936
0.40352529287338257
0.4120921790599823
0.4451690316200256
0.49090215563774103
0.42529129981994634
0.4003393352031708
0.38647818565368647
0.36408907175064087
0.34468314051628113
0.38302245736122126
0.41786381602287287
0.33626049757003784
0.34320813417434687
0.38451775908470154
0.40144807100296015
0.3923978805541992
0.40766689181327814
0.384509414434433
0.4469069540500641
0.3850882947444916
0.45219755172729487
0.4263951480388641
0.4596382975578308
0.4341749846935272
0.38339018821716314
0.4042413234710693
0.3901461958885193
0.46801316738128657
0.3820184171199799
0.3801562190055847
0.3851126730442047
0.384524792432785
0.38262149691581726
0.40003812313079834
0.3998875617980957
0.4119755923748016
0.46689221262931824
0.4142180383205414
0.37891480326652527
0.46028205752372736
0.37734204530715937
0.43451568484306335
0.33989736437797546
0.36417099833488464
0.385286957025528
0.47754028439521784
0.41446134448051447
0.3881323635578156
0.39987072348594666
0.3880074918270111
0.4251422584056854
0.3667837977409362
0.37901070713996887
0.4635492265224457
0.39903357625007624
0.46463242173194885
0.3551446795463562
0.36964866518974304
0.3951174914836884
0.42199560999870306
0.3817306458950042
0.40719214081764227
0.3825085461139679
0.3642487823963165
0.46505346894264227
0.44577255845069885
0.4442587792873383
0.3629837334156036
0.4212198555469513
0.38322487473487854
0.36852496862411493
0.3881343901157379
0.3731323778629303
0.40819790959358215
0.4198228120803833
0.41715329885482794
0.4317451417446136
0.36761447787284846
0.3785690069198608
0.37132397294044495
0.3841339647769928
0.3972960412502289
0.4608890414237976
0.4116561114788056
0.34737113118171686
0.36506435275077814
0.4703915119171143
0.3814950287342072
0.43720629811286926
0.3709260821342468
0.40394747257232666
0.3649345636367798
0.41766288876533514
0.3586662709712982
0.3901322782039642
0.3929867446422577
0.3619550168514252
0.384433388710022
0.35228273272514343
0.3898607194423676
0.39492407441139216
0.38242855668067927
0.3967060446739197
0.3562591075897217
0.419883131980896
0.42741647362709045
0.3949514627456665
0.4798476994037628
0.34816071391105646
0.420847088098526
0.36751940846443176
0.42733100056648254
0.3672463893890381
0.3925793766975402
0.43899825215339666
0.4441351592540741
0.36099413037300104
0.3791109025478363
0.4487859308719635
0.4038552343845368
0.34109047055244446
0.4334745109081268
0.3926946222782135
0.4375872611999512
0.3651984035968781
0.4148913621902466
0.3500370681285858
0.358801543712616
0.35114383697509766
0.37536856532096863
0.4472104012966156
0.45305767655372614
0.4131590127944946
0.4053413271903992
0.45278599858284
0.3707311749458313
0.4032961428165436
0.3701955378055573
0.4074978232383728
0.4121289849281311
0.346537709236145
0.3835195004940033
0.36698973178863525
0.40222105383872986
0.42126134037971497
0.44035080075263977
0.37336984276771545
0.40872597694396967
0.3688550293445587
0.4870932400226593
0.3585003912448883
0.44471329450607294
0.3790268003940582
0.43646761775016785
0.4151749312877655
0.4313808977603912
0.43978384137153625
0.4556946158409119
0.4143823087215424
0.43229043483734125
0.42314085364341736
0.38240155577659607
0.39111754298210144
0.37942612171173096
0.3990565240383148
0.3985768854618073
0.417999655008316
0.38207054138183594
0.4573780000209808
0.41901278495788574
0.4033098518848419
0.37614175677299494
0.34690579771995544
0.40113496780395513
0.3882632255554199
0.37380310893058777
0.4214631617069244
0.3539474904537201
0.3381898105144501
0.42963254451751703
0.405279129743576
0.3831302225589752
0.36808037757873535
0.3415120542049408
0.4684032499790192
0.36940568685531616
0.42321279644966125
0.38412567973136896
0.41209262609481806
0.44999173283576965
0.34369614720344543
0.375351756811142
0.43109855055809027
0.41138485074043274
0.38934168219566345
0.3977908790111542
0.45294818282127375
0.35157170891761774
0.4070295393466949
0.44072049856185913
0.37084880471229553
0.46835133433341974
0.42342171072959894
0.41481402516365046
0.39272210001945496
0.42157438397407526
0.45362827181816096
0.4025885462760925
0.3768642246723175
0.3945966958999634
0.3973923325538635
0.42573705315589905
0.3552273213863373
0.3716828227043152
0.37724229693412786
0.43203434348106384
0.3872615993022919
0.4291281402111053
0.3957759439945221
0.4257379472255706
0.38413766026496887
0.4137216806411743
0.38613083958625793
0.4717154502868652
0.4271036088466644
0.4055482447147369
0.4144537150859833
0.34737345576286316
0.3885477781295776
0.45073464512825007
0.4353618323802948
0.383115828037262
0.3668718039989472
0.3796571791172028
0.41075804829597473
0.38747164607048035
0.3967001736164093
0.35130625963211054
0.35166627168655396
0.3872707188129425
0.44789871573448176
0.4226824045181274
0.3980971872806549
0.42860063910484314
0.36424097418785095
0.43565374612808233
0.3658085465431213
0.41154620051383967
0.4067502319812775
0.3889299333095551
0.40006271004676813
0.45121297240257263
0.4291711151599884
0.4287301003932953
0.35984477400779724
0.3898267447948456
0.4255039095878601
0.3369074761867523
0.3512147068977356
0.3822910487651825
0.4028156101703644
0.4070962965488434
0.33578023314476013
0.3784919083118439
0.3922648429870605
0.34332606196403503
0.3869470655918121
0.460096538066864
0.3931818902492523
0.4118347764015198
0.47755095362663275
0.40117296576499933
0.3852628469467163
0.39571848511695856
0.43692401051521296
0.39159923791885376
0.451286107301712
0.3746388554573059
0.4606980085372925
0.46641600131988525
0.39230170845985407
0.4123037457466125
0.34791991114616394
0.39768055081367487
0.4206520318984985
0.4466350078582764
0.45019665360450734
0.4191486537456512
0.3524210453033447
0.38125416636466974
0.3611993193626404
0.40226551890373224
0.3331741988658905
0.45676079392433167
0.4962964355945587
0.3699703514575958
0.4031093120574951
0.41776567697525024
0.3682185709476471
0.375675231218338
0.3549538254737854
0.4085429310798645
0.41951736807823187
0.37160983681678766
0.419156938791275
0.3868334293365479
0.4518663287162781
0.38906297087669367
0.4167337119579315
0.39561215043067927
0.37546971440315247
0.36258020997047424
0.36520114541053766
0.41326856613159174
0.3503744900226593
0.3810180127620697
0.36032307147979736
0.3859837353229522
0.34109634160995483
0.4447301924228668
0.3760989606380463
0.3753226101398468
0.390167623758316
0.42512765526771545
0.40220826864242554
0.4584649801254272
0.3924105763435364
0.400189071893692
0.3837098777294159
0.3959624171257019
0.405127078294754
0.3803740441799164
0.3948517441749573
0.5038379430770874
0.419173002243042
0.4583932757377625
0.3179269134998321
0.388966828584671
0.3666516840457916
0.430482029914856
0.35326868295669556
0.3636094629764557
0.4108594059944153
0.3713406920433045
0.3513648509979248
0.4828743040561676
0.45368567109107966
0.366544634103775
0.4156183898448944
0.40168240666389465
0.3417865335941314
0.39543670415878296
0.3695730268955231
0.5082919597625732
0.43618160486221313
0.4298134446144104
0.5055362582206726
0.424225240945816
0.4222246706485748
0.4781292676925659
0.34419807791709894
0.41231071949005127
0.41852542757987976
0.39928963780403137
0.3960050046443939
0.3974685668945313
0.35626718401908875
0.3290306031703949
0.3723383247852325
0.359762579202652
0.4128637611865997
0.34789714217185974
0.3938243687152863
0.3587869107723236
0.3917379081249237
0.3739637136459351
0.44803503155708313
0.3559205234050751
0.3849226534366608
0.4044090211391449
0.3850387334823608
0.45274731516838074
0.4092915058135986
0.3473206758499145
0.47039684653282166
0.3960355818271637
0.3540007770061493
0.41220083832740784
0.4002646505832672
0.3738882541656494
0.398618757724762
0.4269593954086304
0.4599588215351105
0.4380810558795929
0.34976375102996826
0.3862220644950866
0.44354501366615295
0.4648648202419281
0.4423864483833313
0.39277729392051697
0.4651903808116913
0.3920888006687164
0.3538844883441925
0.35257935523986816
0.45053911209106445
0.4334815740585327
0.3681966662406921
0.4262721836566925
0.36812224984169006
0.4272596538066864
0.3439050614833832
0.3233916759490967
0.3917198479175568
0.4162553250789642
0.3941796720027924
0.3805851936340332
0.40049371123313904
0.41304460167884827
0.41009077429771423
0.37953194975852966
0.35882192850112915
0.44662398099899286
0.37984666228294367
0.4059191048145294
0.42352956533432007
0.4162598550319672
0.43145802617073054
0.39666393399238586
0.365881472826004
0.3630509078502655
0.37230244278907776
0.3706330358982086
0.41018494963645935
0.34853383898735046
0.44012597203254694
0.3668170869350433
0.419634073972702
0.32775387167930603
0.3842203915119171
0.41024282574653625
0.4382595717906952
0.4248987138271332
0.37353888154029846
0.4050562977790833
0.48696690797805786
0.4103036224842072
0.3757285177707672
0.3637120425701141
0.41691485047340393
0.3659862577915192
0.35449349880218506
0.44356322288513184
0.46373045444488525
0.44853505492210394
0.43273589015007013
0.380933940410614
0.4401633739471436
0.35527372360229487
0.41894751787185674
0.35938575863838196
0.327793151140213
0.4089821875095368
0.39339229464530945
0.45532724261283875
0.3824461996555328
0.37402135133743286
0.36074438691139216
0.3406623303890228
0.35926273465156555
0.36877390742301935
0.410955935716629
0.3649496138095856
0.3487560451030731
0.37242040038108826
0.471130907535553
0.3945208191871643
0.42543908953666687
0.3418425023555756
0.3892807066440582
0.4755076467990875
0.40345263481140137
0.4456487596035004
0.39045295119285583
0.3644883334636688
0.4384489953517914
0.364703893661499
0.35861533880233765
0.3668889105319977
0.42429062724113453
0.39063289761543274
0.44838309288024897
0.3628692924976349
0.39169228076934814
0.4120302498340607
0.4045406877994537
0.42456027865409846
0.40096679329872126
0.3864443600177765
0.36491507291793823
0.42590582370758057
0.36649635434150696
0.3804650008678436
0.39857134222984314
0.3483114540576935
0.3930611312389374
0.3727915585041046
0.3713447749614716
0.3904429078102112
0.4361001551151276
0.4516836106777191
0.3745042979717255
0.40634164214134216
0.38175621628761286
0.3729560375213623
0.36632058024406433
0.35744374990463257
0.3503758013248444
0.44008365273475647
0.34285783767700195
0.38034540414810175
0.37777420878410334
0.34434691071510315
0.4585407674312592
0.41834524273872375
0.383802592754364
0.3239538371562958
0.49938368797302246
0.42544355988502497
0.4293323457241058
0.4642158448696136
0.3956277072429657
0.3793006241321564
0.4715171158313751
0.36056894063949585
0.37661558389663696
0.4209082424640656
0.3910251557826996
0.4205301702022552
0.4563125669956207
0.40135636925697327
0.4144164025783538
0.3905543386936188
0.3817296922206879
0.4343985021114349
0.4362775981426239
0.4743027985095978
0.41329026222229
0.4029528200626373
0.39496099948883057
0.3658338487148285
0.3841409683227539
0.3801850974559784
0.4003294706344605
0.4023692905902863
0.42628350853919983
0.4132882952690125
0.39845851063728327
0.3880692422389984
0.4097346961498261
0.4187380969524384
0.3863874971866608
0.38525342941284174
0.45587590336799616
0.3590041100978852
0.45975971221923834
0.4082031846046448
0.43633896112442017
0.4110911786556244
0.36089256405830383
0.3900246918201447
0.4507957994937897
0.3468887507915497
0.3912696540355682
0.3991712033748626
0.4071475565433502
0.41492447257041926
0.3776334822177887
0.38082411885261536
0.40371882915496826
0.38594064116477966
0.4294166564941406
0.3903645873069763
0.3875676691532135
0.3437750041484833
0.39156216382980347
0.4125840067863464
0.3795112371444702
0.4211871027946472
0.3521120846271515
0.46146029233932495
0.4089212119579315
0.38514307141304016
0.43418875336647034
0.36573898792266846
0.4199430644512177
0.46394807100296015
0.4555201232433319
0.3755064904689789
0.422551155090332
0.3501301109790802
0.42072159051895136
0.4010365903377533
0.4291626513004303
0.3770699203014374
0.4230441749095917
0.40510502457618713
0.4352899193763733
0.383404403924942
0.4001369178295136
0.4658927619457245
0.4487112164497376
0.40792372822761536
0.4247038066387177
0.43100455403327936
0.4497158229351044
0.38861134648323054
0.35795167088508606
0.3851222693920136
0.3687372803688049
0.41460826992988586
0.3746308386325836
0.38669878244400013
0.46268317103385925
0.35979488492012024
0.38613620400428766
0.3823582530021667
0.3690811097621918
0.44360670447349543
0.4333026707172394
0.3707877993583679
0.36796203255653376
0.3726021647453308
0.3583089411258697
0.4112654626369476
0.42435267567634577
0.456210732460022
0.31583672761917114
0.45055738091468805
0.40360078215599055
0.39040154218673706
0.3776553273200989
0.35896846652030945
0.40990751981735224
0.43862149119377136
0.39407345652580256
0.4511775970458984
0.4648553133010864
0.38460108637809753
0.44589170813560486
0.3875292837619781
0.44582816958427435
0.3885019719600677
0.4231633245944977
0.45371195673942566
0.4307232797145844
0.4243910014629364
0.4627723395824432
0.38900884985923767
0.422424703836441
0.46980336308479304
0.4100334346294403
0.38824337720870966
0.3934694826602936
0.3818595409393311
0.4339239895343781
0.3912162184715271
0.42044487595558167
0.4608899652957916
0.4445548355579376
0.3907662630081177
0.4420874416828156
0.3658157587051392
0.5263535380363464
0.4485611617565155
0.383610874414444
0.3775233924388885
0.381426066160202
0.46040400862693787
0.3703690469264984
0.3742894232273102
0.3939991891384125
0.35328760743141174
0.39817845821380615
0.35905370116233826
0.4210247099399567
0.41129186749458313
0.3796882927417755
0.384423941373825
0.4230970740318298
0.486288458108902
0.4165046513080597
0.3721568286418914
0.3903679549694061
0.4155842959880829
0.41741403937339777
0.3512777090072632
0.43863970041275024
0.34958282113075256
0.3770674765110016
0.41386049985885615
0.3669590353965759
0.43491938710212713
0.38973233103752136
0.446647971868515
0.44114646315574646
0.4293038547039032
0.3695093095302582
0.4147565066814423
0.4026394784450531
0.4295293688774109
0.314889132976532
0.38804295659065247
0.40639290213584894
0.373838484287262
0.33918359875679016
0.390495091676712
0.37673735618591303
0.3912356793880463
0.40713885426521296
0.3867122828960418
0.3923270106315613
0.4155532419681549
0.43364289402961725
0.310690313577652
0.44873613119125366
0.473634660243988
0.3641046583652496
0.41693821549415594
0.48755973577499384
0.38098010420799255
0.49199697375297546
0.3959682285785675
0.44566074013710016
0.3582814037799835
0.40792253613471985
0.4456174671649933
0.4758521616458893
0.4045295715332031
0.4041206538677216
0.431026428937912
0.3815181255340576
0.40320172905921936
0.3605678975582122
0.4321650564670562
0.48436966538429266
0.37424489855766296
0.37870228290557856
0.4117741584777832
0.4270232319831848
0.4122337102890015
0.4429411590099335
0.3737301230430603
0.3883935809135437
0.4670487344264984
0.3998916447162628
0.41611984372138977
0.4238487780094146
0.4919258952140808
0.3805337846279144
0.41449508070945734
0.4706284403800964
0.39661863446235657
0.4070152938365936
0.4141835272312164
0.39099365472793574
0.389964371919632
0.39823487401008606
0.3775624334812164
0.4075825214385986
0.43905252218246454
0.44445827603340154
0.3924212157726288
0.4574184417724609
0.3961413204669952
0.3893916308879852
0.3458243906497956
0.4488418996334076
0.39833143353462214
0.3998541533946991
0.3637078404426575
0.44539955258369446
0.38960370421409607
0.36429306864738464
0.4102916419506073
0.4450395405292511
0.4338891208171845
0.33703210949897766
0.44469067454338074
0.47375223040580744
0.43858262896537775
0.3515940308570862
0.3959785401821136
0.4049159586429596
0.3638269901275634
0.4696715772151947
0.3705335259437561
0.40018099546432495
0.3457217514514923
0.3810706436634064
0.32631704211235046
0.40653064846992487
0.4255510270595551
0.5066981315612793
0.43078964948654175
0.4411593973636627
0.36430779099464417
0.38440248370170593
0.4143650829792023
0.4466262757778168
0.373081773519516
0.38150101900100714
0.3756331503391266
0.3939262628555298
0.47963139414787287
0.3641214370727539
0.4261752367019653
0.3675345480442047
0.4029514789581298
0.38358142971992487
0.37835848331451416
0.44425985217094416
0.3696024119853973
0.396588921546936
0.4200341999530792
0.3975449800491333
0.433511346578598
0.3982146978378296
0.37654799222946167
0.3883961737155914
0.346040278673172
0.44890347123146057
0.4714834094047546
0.44625017046928406
0.38952493667602534
0.34840843081474304
0.3615251779556274
0.4225202202796936
0.3822513520717621
0.4606305658817291
0.40459886193275446
0.4190133512020111
0.3733792006969452
0.44149121642112726
0.39720088243484497
0.37891945242881775
0.39539602398872375
0.3836342692375183
0.4719656109809875
0.5051925182342529
0.37719368934631353
0.3841409385204315
0.4597449600696564
0.3822347521781921
0.48498550057411194
0.43405464291572565
0.4929870665073394
0.4109373390674591
0.4239414632320404
0.5210524201393129
0.43260607123374933
0.3668778240680695
0.3758957087993622
0.3655164837837219
0.3880163729190826
0.4012470245361328
0.410541981458664
0.42467239499092096
0.40990349650383
0.3853772580623626
0.35995522141456604
0.3755672872066498
0.4383752346038818
0.3845371305942536
0.3492306172847748
0.43546679615974426
0.46505090594291687
0.39017853140830994
0.3994103968143463
0.4462130665779114
0.3771314322948456
0.40965801477432245
0.47364553809165955
0.46926170587539673
0.43758800625801086
0.3742814958095551
0.3870530426502228
0.4071807861328125
0.3613020479679108
0.36177036166191107
0.35388022661209106
0.43809249997138977
0.3466219902038574
0.3943760097026825
0.3926680386066437
0.3851607143878937
0.4427840411663056
0.3886832594871521
0.40089306235313416
0.3690526783466339
0.4104842245578766
0.3535226881504059
0.34614017605781555
0.35351186990737915
0.4321804344654083
0.4045168459415436
0.4741835296154022
0.39364108443260193
0.39369753003120417
0.35987159609794617
0.4176888167858124
0.3689410984516144
0.38521769642829895
0.39939203858375544
0.3529074490070343
0.3994458019733429
0.3849874436855316
0.44974699616432184
0.3953081965446472
0.45596718788146967
0.3958022892475128
0.3265085816383362
0.4490704238414765
0.4670838713645935
0.3654912114143372
0.4851904809474945
0.3734321296215057
0.38945516943931574
0.3575955927371979
0.4192709028720856
0.3687946796417236
0.37431201338768005
0.39424818754196167
0.37098184227943426
0.423319786787033
0.45623525977134705
0.36039772629737854
0.36931860446929926
0.3601612448692322
0.41547873616218567
0.376103401184082
0.3427754044532776
0.4100934565067291
0.451787382364273
0.4066875874996185
0.40071877837181086
0.4367986023426056
0.3993182480335236
0.4769608974456787
0.34199821949005127
0.4006721973419189
0.40875294804573054
0.4245632290840149
0.4298212826251984
0.4336856901645661
0.38123771548271174
0.45175537467002874
0.448432058095932
0.4392737150192261
0.47360801696777344
0.4573502838611602
0.3659747838973999
0.367640346288681
0.40829178690910334
0.356731653213501
0.3950255215167999
0.4050575792789459
0.38307651877403254
0.39480492472648626
0.37784901261329645
0.46180969476699835
0.3834305703639984
0.3995780050754547
0.37237581610679626
0.42454865574836725
0.3683080971240997
0.4301932752132416
0.34092944860458374
0.35456857085227966
0.3755202293395996
0.3868717551231384
0.37563085556030273
0.432627946138382
0.4002120494842529
0.3803306221961975
0.4365340173244476
0.4288932681083679
0.37985143065452576
0.40498706698417664
0.36609190702438354
0.3324109613895416
0.3721800148487091
0.37959146499633784
0.34733444452285767
0.3976627886295319
0.3542931973934173
0.42224752902984614
0.3891134560108185
0.4804741442203522
0.3759316802024841
0.4452264606952667
0.3910574018955231
0.373261958360672
0.5268585681915283
0.3557032942771912
0.3768101036548615
0.43210729956626887
0.3991408348083496
0.39710703492164606
0.4433439671993256
0.3647893369197845
0.4712746441364288
0.409789353609085
0.38599491119384766
0.3834087252616882
0.453860342502594
0.38184222579002386
0.3986587226390839
0.3835359811782837
0.45275518298149114
0.3990637958049774
0.3498538136482239
0.4165250360965729
0.4676773250102997
0.3954151272773743
0.35596835613250727
0.38325390219688416
0.36247190833091736
0.44290778040885925
0.43303027749061584
0.45589229464530945
0.3994976282119751
0.38142985105514526
0.469441145658493
0.45100942254066473
0.376552939414978
0.39778026938438416
0.41920843720436096
0.426717072725296
0.36275020241737366
0.4264061450958252
0.38815209269523615
0.37550920248031616
0.3798763453960418
0.4032504856586456
0.3549148142337799
0.3898645639419556
0.4006454050540924
0.4267595112323761
0.34566739201545715
0.42480438947677607
0.38930413126945496
0.45209822058677673
0.34623083472251887
0.379624456167221
0.36203682422637934
0.38822567462921137
0.39975687861442566
0.4109971821308136
0.3442361056804657
0.4444545805454254
0.40920320153236395
0.39049264788627613
0.4027043879032135
0.3713156282901764
0.3547491133213043
0.4577527642250061
0.3791179955005646
0.3469210863113404
0.3755017817020416
0.3870315849781036
0.39716991782188416
0.3947601020336151
0.41550567746162415
0.3671881556510925
0.3779286742210388
0.3529853224754333
0.4346847534179688
0.39551332592964167
0.3737618625164032
0.3732409775257111
0.44245919585227966
0.41256520152091974
0.4873789250850677
0.4203601181507111
0.3663764894008637
0.4119481146335602
0.4262659847736359
0.4373029768466949
0.3859192430973053
0.44574710726737976
0.408781498670578
0.38682395219802856
0.34223082661628723
0.391152173280716
0.3892654180526733
0.401244431734085
0.36313644051551813
0.4281772077083588
0.362160325050354
0.5287283062934875
0.43538847565650934
0.43219119310379034
0.43371832370758057
0.3961533010005951
0.38656488060951233
0.44031772017478943
0.357163667678833
0.3610194623470306
0.4353610873222351
0.4243928790092468
0.42848369479179377
0.38030967116355896
0.43043029308319086
0.3856843113899231
0.3753035366535186
0.4183759987354279
0.5058667659759521
0.4370350241661072
0.4715272486209869
0.4022528827190399
0.3549558818340301
0.3578434884548187
0.36555564403533936
0.40348860621452326
0.3782166540622711
0.36939555406570435
0.387963742017746
0.39904770255088806
0.38670945167541504
0.39619013667106634
0.3349933922290802
0.38213858008384705
0.4400276839733124
0.44450226426124567
0.3484536707401276
0.3664040267467498
0.40349906682968134
0.38205257058143616
0.45458847284317017
0.4298269748687744
0.40304747223854065
0.3550480902194977
0.3779890835285186
0.45911404490470886
0.3868893682956696
0.4486716091632843
0.41512867808341974
0.3400924801826477
0.37343940138816833
0.3858011662960053
0.3657346367835999
0.35529115796089167
0.4145210683345794
0.389570027589798
0.4166162312030792
0.38016435503959656
0.5006633996963501
0.38384950160980225
0.39227625727653503
0.4509443938732147
0.41694340109825134
0.35644614696502686
0.3715331554412842
0.41549360752105713
0.3839130699634552
0.3471904993057251
0.4072090089321136
0.37069335579872126
0.4622250497341156
0.44195032119750977
0.4483436942100525
0.40997675061225886
0.4102307260036469
0.42073443531990046
0.38737061619758606
0.36854925751686096
0.400145560503006
0.38451001048088074
0.4269139170646667
0.4471774995326996
0.36068639159202576
0.4041077792644501
0.37664282321929926
0.45749685168266296
0.3906960189342498
0.4094548523426056
0.379144698381424
0.37606033682823187
0.4635908901691437
0.342598170042038
0.33072611689567566
0.40836149454116816
0.3833983838558197
0.3772439062595368
0.4218536913394928
0.35520496964454645
0.3812649846076965
0.3347204625606537
0.40934213995933527
0.374284952878952
0.4514595866203308
0.39124634861946106
0.36685159802436823
0.3194861114025116
0.39063027501106257
0.3760184049606323
0.3607377707958221
0.3927108347415924
0.4202086627483368
0.3460492789745331
0.4269140064716339
0.43409511446952814
0.3982466161251068
0.37100416421890253
0.4714771211147308
0.3715644776821136
0.45515879988670344
0.4132256805896759
0.38010430335998535
0.3596384823322296
0.44425806403160095
0.4706061780452728
0.3766556084156036
0.3621167838573456
0.38310578465461725
0.3921230137348175
0.43490192294120794
0.37587079405784607
0.44024619460105896
0.43868842720985407
0.36723169684410095
0.44469895958900446
0.4203674793243408
0.3946726024150848
0.418696641921997
0.380709320306778
0.395839273929596
0.42314276099205017
0.32986053824424744
0.4444288611412048
0.33146414160728455
0.40810060501098633
0.39813089370727534
0.39708063006401056
0.3530758023262024
0.4325482249259949
0.39829370379447937
0.40051254630088806
0.4230859875679016
0.4946792423725128
0.3984267711639404
0.3881913721561432
0.34612038731575007
0.3915282785892487
0.3419437706470489
0.44279387593269354
0.3589215278625488
0.4033534526824951
0.44038280844688416
0.3979476392269135
0.39666119217872614
0.38941177725791926
0.37163189053535456
0.3728607594966888
0.4436735212802887
0.3956678807735443
0.36776927113533026
0.35550668835639954
0.34392791986465454
0.3677612245082855
0.35283038020133967
0.35232990980148315
0.40626490116119374
0.33986091613769526
0.43503066897392273
0.4116424024105072
0.38016331195831293
0.41485640406608576
0.37984132766723633
0.4424415528774261
0.3611120879650116
0.40102502703666687
0.4788810908794403
0.4521167576313018
0.3912951946258545
0.3568902611732483
0.4118768870830536
0.3560509383678436
0.40164509415626526
0.397548258304596
0.4327605664730072
0.3839989602565765
0.39008650183677673
0.38064357638359064
0.36527177691459656
0.37751957774162287
0.3650427758693695
0.38397750258445734
0.3989923000335693
0.3943305015563965
0.43890437483787537
0.44657528400421137
0.4090089499950409
0.41203835606575007
0.3771546185016632
0.4141072928905487
0.3819510042667389
0.4267250597476959
0.4449518620967865
0.4134810268878937
0.3768341839313507
0.39319196343421936
0.3624515235424042
0.4649797379970551
0.41090670228004456
0.3936051428318024
0.4306937754154205
0.38933631777763367
0.39672103524208074
0.3739098906517029
0.4309864640235901
0.4064059555530548
0.4042041897773743
0.4306136071681976
0.4149501323699951
0.4426380097866058
0.4147559702396393
0.36632478237152094
0.43226757645606995
0.4547924399375916
0.36478522419929504
0.3768745362758637
0.4295212924480438
0.4244880974292755
0.465126633644104
0.3885171115398407
0.37827712297439575
0.34447768330574036
0.43833664059638977
0.4488505423069
0.36355221271514887
0.46867576241493225
0.41234329342842096
0.4630959928035736
0.4069147109985352
0.4055068790912628
0.36260262131690973
0.37890073657035833
0.414243757724762
0.38024646043777466
0.3781900703907013
0.4299926459789276
0.3715635240077973
0.3872758448123932
0.4800422489643097
0.4127077758312225
0.3711839616298676
0.4370254576206207
0.3640909492969513
0.4243116080760956
0.3298853039741516
0.43664976954460144
0.3964632749557495
0.4851745665073394
0.35591229796409607
0.42298090457916254
0.4980137050151825
0.35378462076187134
0.4229696393013
0.3789232671260834
0.43939653038978577
0.48960974812507624
0.457945853471756
0.40283721685409546
0.4614780247211456
0.36686548590660095
0.4232643842697144
0.3794436156749725
0.4094220697879791
0.3292548358440399
0.3415733277797699
0.41113904118537903
0.4319524765014648
0.3847294449806213
0.3783138692378998
0.40526652336120605
0.4184696078300476
0.3786492049694061
0.41116914153099055
0.434400886297226
0.38010716438293457
0.4186837375164032
0.38631251454353327
0.44231250882148737
0.33070865273475647
0.43499404191970825
0.4513574540615082
0.3971129357814789
0.4001174867153168
0.3732665479183197
0.390317052602768
0.3590894043445587
0.39242750406265253
0.3648252785205841
0.3471522927284241
0.43100655078887934
0.4361544251441956
0.4634861052036285
0.4458315670490265
0.392767459154129
0.38220936059951777
0.43306702375411993
0.40527617931365967
0.3493220806121826
0.3488951027393341
0.42236289381980896
0.4765876531600952
0.44704145193099976
0.3585217595100403
0.4488977193832397
0.37372541427612305
0.3795563876628876
0.34355202317237854
0.39799618721008306
0.37954410910606384
0.3509262800216675
0.3489249050617218
0.3834558129310608
0.4615887403488159
0.3454713523387909
0.42416456341743464
0.3674575388431549
0.3507496416568756
0.382920116186142
0.4262356460094452
0.4192604720592498
0.3893345296382904
0.40245273709297186
0.4466842114925385
0.39393031597137446
0.3806817531585693
0.39080753922462463
0.4030079245567322
0.45162650942802424
0.3683305084705353
0.45934212207794184
0.36286416649818415
0.3827488124370575
0.3705492615699768
0.3538835942745209
0.48264041543006897
0.38191649317741394
0.41224548220634466
0.3569695055484772
0.4429356753826141
0.3780651390552521
0.4337438642978668
0.41313937306404114
0.4835614562034607
0.4058941006660461
0.3874827921390533
0.4018128514289856
0.4006046354770661
0.39542809128761286
0.41317284107208246
0.3834817111492157
0.36265072226524353
0.4496052861213684
0.4832797944545746
0.4056263267993927
0.3651378452777863
0.38359180092811584
0.44767710566520685
0.3947727978229522
0.4919685423374176
0.37533879280090326
0.48854914307594294
0.4164791405200958
0.4082048237323761
0.40141436457633967
0.4077343344688416
0.3565035164356232
0.488220602273941
0.4262406527996063
0.44482073187828064
0.3631387948989868
0.3694329559803009
0.3739644587039948
0.4146332442760468
0.38710281252861023
0.35700854659080505
0.3546836376190185
0.3875962793827057
0.41339042782783514
0.4276394248008728
0.5054072737693787
0.3888408839702606
0.4178453981876373
0.46419510245323187
0.41106253862380976
0.35489633679389954
0.40094700455665594
0.4306815564632416
0.44414958357810974
0.4257236421108246
0.3810589611530304
0.5026102662086487
0.42306110262870794
0.4508024156093597
0.40432715415954584
0.34065598249435425
0.4296809434890747
0.4499452412128448
0.43317785859107966
0.35801267623901367
0.44392368197441107
0.349400132894516
0.4277869462966919
0.42285767197608953
0.44582709670066833
0.3861361742019653
0.4703437983989716
0.3736940920352936
0.37916174530982966
0.4279874265193939
0.4019355475902557
0.4339323937892914
0.4070955216884613
0.433500736951828
0.3593800961971283
0.39766755700111384
0.4827980995178223
0.4086235463619232
0.38739028573036194
0.38846889138221746
0.3565222918987274
0.31341978907585144
0.4020839929580688
0.40134474635124207
0.3345344364643097
0.4376117289066314
0.416217029094696
0.3878568708896637
0.4244627952575684
0.40336439013481135
0.3678251206874848
0.4068697988986969
0.4120262563228607
0.41178080439567566
0.4064583480358124
0.4215813279151917
0.4266572892665863
0.37636682391166687
0.4210458993911743
0.4153375327587128
0.44735458493232727
0.41903391480445856
0.39738607406616205
0.3560123145580292
0.46948257088661194
0.38950434327125544
0.39984759688377375
0.3545602560043335
0.39133527874946594
0.3463556170463562
0.3833121657371521
0.35210183262825007
0.4259239733219146
0.4178355932235718
0.37855300307273854
0.45539057254791254
0.3863077461719513
0.46621230244636536
0.36607879400253296
0.5082284212112427
0.37593230605125433
0.44339895248413086
0.3692843616008759
0.4344004392623901
0.4140224158763885
0.38563987612724304
0.3792974650859833
0.37496557831764227
0.4712434113025665
0.411633163690567
0.37641850113868713
0.35995984077453613
0.4019216895103455
0.4331541359424591
0.3974069952964783
0.3831796944141388
0.40262067317962646
0.3568647801876068
0.3890274465084076
0.3751433789730072
0.4378364980220794
0.39498606324195856
0.38769611716270447
0.3770462572574616
0.3775027394294738
0.38187387585639954
0.3916864991188049
0.417903870344162
0.41687813401222235
0.41992622613906866
0.45416578650474554
0.3765511512756348
0.3925354480743408
0.3593051731586456
0.3886509239673615
0.35559022426605225
0.3693743050098419
0.3541874289512634
0.38304033875465393
0.42322137951850886
0.3776788413524628
0.388827919960022
0.3984760344028473
0.43368270993232727
0.3685311377048493
0.35132625699043274
0.3782765567302704
0.4121248424053192
0.41120445728302
0.3837357461452484
0.36301305890083313
0.3662881851196289
0.4004857838153839
0.43062159419059753
0.4424631893634796
0.4257366955280304
0.3954245150089264
0.3666301965713501
0.3552360534667969
0.4439583420753479
0.40361824631690973
0.4097248911857605
0.3785556256771088
0.3737926185131073
0.4375617802143097
0.3805496096611023
0.4193573594093322
0.5049095749855042
0.3809285759925842
0.3384089767932892
0.4238185584545136
0.45519411563873285
0.35207599401474
0.3693773448467255
0.40262046456336975
0.3914235532283783
0.38461431860923767
0.33972719311714167
0.4300584495067597
0.3884411752223969
0.4194212257862091
0.45197147130966187
0.3521043360233307
0.38527098298072815
0.42079254984855646
0.3858237564563751
0.3838917315006256
0.3711161315441132
0.480556458234787
0.33909180760383606
0.3866367042064666
0.3807083070278168
0.3570804297924042
0.40405395627021784
0.411543607711792
0.3973804414272308
0.3700921833515167
0.3875929415225983
0.45887860655784607
0.3735593855381012
0.34855565428733826
0.37716802954673767
0.36002811789512634
0.3653544485569
0.457747608423233
0.42901670932769775
0.4128504097461701
0.42640098929405207
0.42168495059013367
0.42538753151893616
0.3765954077243805
0.3968303501605988
0.3377402722835541
0.3789590895175934
0.36266842484474177
0.40388873219490046
0.4068504273891449
0.336457222700119
0.3698676824569702
0.39273563027381897
0.4234063625335693
0.4440803825855255
0.40896293520927435
0.4561467170715332
0.41410636901855463
0.3875757157802582
0.375746101140976
0.3939945995807648
0.3467738926410675
0.4084644615650177
0.3787804245948792
0.3720832169055938
0.5122196078300476
0.33744221925735474
0.379981517791748
0.4366690814495087
0.453212708234787
0.3709697425365448
0.3923592269420624
0.4299785792827606
0.36940136551856995
0.43857976794242853
0.36040154099464417
0.4574384093284607
0.34189391136169434
0.4467705190181732
0.4550232887268066
0.3591385781764984
0.3888064324855805
0.37407138943672175
0.3893053829669952
0.36337760090827936
0.3803177773952484
0.3545885384082794
0.4165942966938018
0.38866737484931946
0.4390219449996948
0.38357028365135193
0.35114938020706177
0.385933130979538
0.38409483432769775
0.3714437782764434
0.39419296383857727
0.4239596724510193
0.4071358442306519
0.3708339035511017
0.4178253710269928
0.4532105028629303
0.393545001745224
0.3648168444633484
0.4241614043712616
0.34627199172973633
0.4918959438800812
0.45277512073516846
0.3987375199794769
0.43618676066398626
0.3874357044696808
0.3561077117919922
0.3831497132778168
0.4462142288684845
0.4798654913902282
0.4194646775722504
0.38718876242637634
0.407958298921585
0.3873450458049774
0.3749379813671112
0.37001886963844294
0.43149200081825256
0.39651077985763544
0.40483996272087097
0.3810564577579498
0.42527118325233454
0.3878046870231629
0.3867800235748291
0.3790314495563507
0.3958666026592255
0.351278692483902
0.372890830039978
0.5101348161697388
0.4115524291992188
0.4306818246841431
0.3642209470272064
0.4407286047935486
0.3637871146202088
0.4066742360591888
0.4178138077259064
0.4083277881145477
0.36337491869926447
0.3672062158584594
0.45160436630249023
0.36466333270072937
0.4151224195957184
0.3971198499202728
0.39352434873580927
0.3658687174320221
0.41096881031990046
0.4596973955631256
0.46838906407356257
0.393282413482666
0.4091257750988007
0.40516251325607294
0.39646291732788086
0.3796038925647736
0.3601696193218231
0.4356656968593597
0.3696674406528473
0.3935956060886383
0.40041986107826233
0.41153082251548767
0.40580514073371887
0.4178797006607056
0.4327496588230133
0.3508823215961456
0.4504577815532684
0.3933957815170288
0.37398239970207214
0.34064993262290955
0.35868602991104126
0.47074255347251887
0.39073142409324646
0.41505190730094904
0.444864809513092
0.4195066392421722
0.40413203835487366
0.4063951075077057
0.3623325824737549
0.379132866859436
0.3375046551227569
0.4601678252220154
0.44525131583213806
0.3954712450504303
0.4246492385864258
0.42386060953140253
0.38140812516212463
0.3447774052619934
0.3856765329837799
0.4025781452655792
0.40774264931678766
0.36968538165092474
0.379060298204422
0.4380271136760712
0.35839858651161194
0.39730927348136896
0.44112464785575867
0.38619545102119446
0.4754277765750885
0.4689061939716339
0.4292477667331696
0.5210794806480408
0.368242472410202
0.3947554528713226
0.3449608385562897
0.34617254137992853
0.37926679849624634
0.4412010610103607
0.3848146796226501
0.3808481097221375
0.3751085698604584
0.3390660285949707
0.41351655125617987
0.3808334469795227
0.35021343827247614
0.38469117879867554
0.39234319329261774
0.4292532503604889
0.35693132877349854
0.36270546913146967
0.42019975185394287
0.439521074295044
0.37389594316482544
0.40866896510124207
0.4038233458995819
0.3835586905479431
0.41858065128326416
0.4279128313064575
0.41862121224403376
0.3968696296215057
0.3847151398658752
0.3460392653942108
0.4576250612735748
0.4523327648639679
0.4387148320674896
0.46215179562568653
0.46807348728179926
0.375634640455246
0.4234263598918914
0.40397593379020685
0.4529363214969635
0.4379450976848602
0.35643890500068665
0.37652620673179626
0.39010336995124817
0.3488352298736572
0.3721425533294678
0.3688527941703796
0.3501185476779938
0.36876392364501953
0.3898450434207916
0.43655976653099055
0.3968299925327301
0.35614386200904846
0.40929678082466125
0.37801328301429754
0.40254268050193787
0.4094858169555664
0.3862041234970093
0.38592696189880366
0.42348930239677435
0.3844303786754608
0.44657716155052185
0.376702606678009
0.3855981230735778
0.37254390120506287
0.419055700302124
0.4666042029857635
0.4272180795669556
0.48428604006767273
0.35949888825416565
0.3605636656284332
0.40796992182731623
0.38962242007255554
0.31511455774307245
0.37680119276046753
0.42213115096092224
0.36900344491004944
0.36130321025848394
0.416935920715332
0.3881394565105438
0.3790847361087799
0.3838414549827576
0.4071246385574341
0.41976562142372126
0.3635641038417816
0.4315623641014099
0.35508427023887634
0.3920227885246277
0.37628215551376337
0.4032361209392548
0.4376066029071808
0.3942000269889832
0.3754206895828247
0.36910364031791687
0.3663895130157471
0.49478247761726374
0.3972574770450592
0.403016209602356
0.38139167428016657
0.3752267062664032
0.4658508598804474
0.441565066576004
0.38249725103378296
0.4690327048301697
0.4202812612056732
0.39177143573760986
0.4242357909679413
0.42276576161384577
0.4029308259487152
0.4495151937007904
0.4276409447193146
0.4442854821681976
0.3415058553218841
0.3905917406082153
0.3645983934402466
0.4298035502433777
0.36685952544212336
0.447457879781723
0.39244019985198975
0.4367678165435791
0.3935663402080536
0.39249029755592346
0.339718222618103
0.38168355822563166
0.37690237164497375
0.49687793850898737
0.38778510689735407
0.359136700630188
0.3966663181781769
0.3850806653499603
0.41941860318183893
0.3820938467979431
0.3870833516120911
0.345200389623642
0.32858103513717646
0.4247872233390808
0.4428335130214691
0.3831922709941864
0.3800271153450012
0.44704627990722656
0.3835243284702301
0.4138446152210236
0.44492557644844055
0.39517500996589666
0.38429212570190424
0.3788272440433502
0.3885731399059296
0.41748371720314026
0.426718384027481
0.37368288636207586
0.4294668138027191
0.3812732994556427
0.37381401658058167
0.41257598996162415
0.39036408066749567
0.34351566433906555
0.40701279044151306
0.39489710330963135
0.41675940155982966
0.38642439246177673
0.45103219151496887
0.4534436166286469
0.4180319011211395
0.4622859060764313
0.437364250421524
0.44729700684547424
0.36740821599960327
0.3901201784610748
0.4296596050262451
0.4715820252895355
0.38183835148811346
0.46886184811592096
0.4220121204853058
0.4118242859840393
0.40603962540626526
0.3767859041690826
0.366903692483902
0.39146772027015686
0.41172268986701965
0.4204171299934387
0.3806667923927307
0.4089883863925934
0.4844725131988525
0.390180617570877
0.37481531500816345
0.3862885534763336
0.438663512468338
0.38392704725265503
0.39032983779907227
0.4585523903369904
0.41508790850639343
0.42407551407814026
0.39252263307571406
0.3595477342605591
0.4357703328132629
0.37265613675117487
0.4400179088115692
0.4504670202732086
0.4242640435695648
0.41111841797828674
0.40397214889526367
0.4181942939758301
0.3987930417060852
0.3923697769641876
0.3974301517009735
0.377748429775238
0.4554271399974823
0.4528683125972748
0.4296376407146454
0.4238878786563873
0.368714451789856
0.38858118653297424
0.4106941521167755
0.4110200107097626
0.43427261710166926
0.39291074872016907
0.38807180523872375
0.40661010146141047
0.36465862393379206
0.431406706571579
0.3830121457576752
0.44544979929924006
0.41088005900383
0.44907021522521967
0.4062335789203644
0.4859425127506256
0.365244060754776
0.3488844931125641
0.3938123881816864
0.4564140737056732
0.3611624240875244
0.4206496775150299
0.36236038804054255
0.4490454494953156
0.4792464673519135
0.33341655135154724
0.4349791407585144
0.3834770321846008
0.3929906189441681
0.4035163223743439
0.42450699210166926
0.36974850296974177
0.38750001788139343
0.368132084608078
0.38023504614830017
0.3958569467067719
0.41387730836868286
0.3601871430873871
0.4178880155086517
0.3540145456790924
0.4007814526557922
0.46474626660346974
0.36429980397224426
0.4212392270565033
0.3843634426593781
0.4288338720798493
0.3644099235534668
0.39940968155860895
0.3958410918712616
0.4635446667671204
0.41562774777412415
0.4072258174419403
0.4146566092967987
0.43578079342842096
0.37240588665008545
0.502973735332489
0.3737518489360809
0.467852920293808
0.4002646505832672
0.4042569696903229
0.3605435192584992
0.3716306984424591
0.45671653747558594
0.33742091059684753
0.3720245659351349
0.4164001643657684
0.3779691755771637
0.39269009232521057
0.3747479021549225
0.378320425748825
0.3635203242301941
0.43328937888145447
0.3829231858253479
0.3994101285934448
0.3934847414493561
0.3923762738704681
0.4657367467880249
0.36756560206413275
0.3558255434036255
0.38120284676551813
0.38567373156547546
0.4796293079853058
0.43015095591545105
0.3857207596302032
0.417424350976944
0.38623362779617304
0.4311859011650085
0.38367640972137446
0.44390496611595154
0.36277028918266296
0.471730500459671
0.4862747490406036
0.3631245195865631
0.4052792489528656
0.3961386978626251
0.3938336670398712
0.36629003286361694
0.4895089566707611
0.4350025355815888
0.4647739231586456
0.3811535835266113
0.3577789962291717
0.3716268241405487
0.48901340365409846
0.42560443282127375
0.3874163627624512
0.34191229939460754
0.38070192933082575
0.3526971638202667
0.3525483906269073
0.4980631172657013
0.3883315026760101
0.3800842463970184
0.4097839891910553
0.4128881990909576
0.36213400959968567
0.3610919117927551
0.42399546504020685
0.34152793884277344
0.443938136100769
0.38196799159049993
0.4018242061138153
0.38861250877380366
0.3978593051433563
0.4306523501873016
0.3755111992359161
0.3701993227005005
0.3848700225353241
0.4014720022678375
0.3812123835086823
0.41526135802268976
0.4080458581447601
0.37346103787422175
0.40678709745407104
0.3597233295440674
0.4068111479282379
0.37364092469215393
0.35649797320365906
0.3641135394573212
0.39929655194282526
0.4910873472690582
0.3712663054466248
0.3988560140132904
0.3688414692878723
0.3523434102535248
0.35593932867050165
0.36823159456253046
0.33692243695259094
0.4537195265293121
0.4540008008480072
0.46912941336631775
0.34873929619789124
0.4075157046318054
0.4387613832950592
0.388319343328476
0.4540571868419647
0.35690048336982727
0.42310878634452814
0.38221314549446106
0.34901484847068787
0.4523796439170837
0.45324090123176575
0.3867427408695221
0.39990845322608953
0.37821522355079645
0.4075893461704254
0.3697323203086853
0.3693689405918121
0.4073561728000641
0.38556817173957825
0.41370639204978943
0.3830415606498718
0.4260998964309692
0.4430756270885468
0.39930281043052673
0.393051028251648
0.3789671957492828
0.4333793222904205
0.39656707644462585
0.36806896328926086
0.36382976174354553
0.4680849611759186
0.3461957275867462
0.37537536025047297
0.43164768815040583
0.38220760226249695
0.4571000039577484
0.40455505251884466
0.38362064957618713
0.39874818921089167
0.3990081250667572
0.4518387615680695
0.4085886180400848
0.3500449657440185
0.38540390133857727
0.39846488833427435
0.3978369534015656
0.448470264673233
0.44073954224586487
0.42663922905921936
0.38698393106460566
0.40131533145904547
0.42107909917831426
0.4902952313423157
0.38212707638740534
0.4821356236934662
0.415864497423172
0.4347311556339264
0.371970921754837
0.36784771084785456
0.3852417171001434
0.39361974596977234
0.391000896692276
0.4290536642074585
0.37209108471870417
0.4452348947525024
0.3649668991565704
0.442633718252182
0.4740969240665436
0.35220953822135925
0.41851389408111567
0.38840776681900013
0.4680604636669159
0.39425352215766907
0.4009561836719513
0.44916203618049616
0.4302869439125061
0.45474275946617126
0.3743212521076202
0.3705218136310577
0.4536376893520355
0.3665721118450165
0.3695813119411469
0.371904581785202
0.40440189838409424
0.3990584909915924
0.3919281661510468
0.3916510045528412
0.46513965725898737
0.39219322800636286
0.5020655393600464
0.3941624462604522
0.3653609752655029
0.41012555360794073
0.4398646354675293
0.4363616406917572
0.41004833579063416
0.43442481756210327
0.3659713268280029
0.40160438418388367
0.3834055960178375
0.42476752400398254
0.435556560754776
0.32352715730667114
0.3995042145252228
0.3608630001544952
0.41763088107109064
0.4424448311328888
0.3886856734752655
0.4245971739292145
0.40618857741355896
0.4423756897449493
0.4142287075519562
0.4639138877391815
0.398213654756546
0.4118928015232086
0.38165429234504694
0.40716505050659174
0.3863756954669952
0.3892744779586792
0.45505827665328974
0.3647248446941376
0.3311658799648285
0.3577202558517456
0.4411919116973877
0.3668835461139679
0.347461611032486
0.40645578503608704
0.4076177477836609
0.4024632275104522
0.46529775857925415
0.46870085597038263
0.37382972240448
0.4051484763622284
0.3664582967758178
0.43873700499534607
0.4277383089065552
0.39911970496177673
0.48711916804313654
0.409586638212204
0.43435010313987726
0.37986066937446594
0.37234863638877863
0.3765288889408112
0.42290714383125305
0.3890939652919769
0.3994169533252716
0.37528178095817566
0.3890946209430695
0.39166715741157526
0.37357321381568903
0.38473317027091974
0.3707824051380157
0.3555457293987274
0.3852908313274384
0.3732939958572388
0.45550426840782166
0.3797050714492798
0.38264861702919006
0.38912832736968994
0.35793408751487726
0.41719502210617065
0.4225335419178009
0.36629700660705566
0.42901477217674255
0.3353039622306824
0.4080731868743896
0.4272612631320953
0.3487553596496582
0.4008297026157379
0.4441538155078888
0.5336311459541321
0.4132884442806244
0.3937933743000031
0.4791437685489655
0.3729831278324127
0.3563547730445862
0.3712790012359619
0.3518465757369995
0.3667733669281006
0.42446157336235046
0.36192455887794495
0.439858615398407
0.3463078737258911
0.3609242141246796
0.4926999509334564
0.3389991223812103
0.47482869029045105
0.41091746091842646
0.4533332586288452
0.3793839514255524
0.4459381699562073
0.45689895749092096
0.40236285328865046
0.3580111563205719
0.40637364983558655
0.41465184092521673
0.3949942290782928
0.47329539060592646
0.41403400897979736
0.42071935534477234
0.40504691004753113
0.4306991696357727
0.39424687623977667
0.4143145978450775
0.3879173696041107
0.3544257581233978
0.4027692377567291
0.40517398715019226
0.378521740436554
0.4102343022823334
0.35580119490623474
0.3836303055286408
0.3694486320018768
0.4155719876289368
0.36666566133499146
0.3921195268630981
0.40888157486915594
0.42664214968681335
0.42252826690673834
0.4371248781681061
0.4138279855251312
0.39041408896446234
0.3747737407684326
0.35846957564353943
0.4282932877540588
0.4484495520591736
0.3835964798927307
0.48175019025802607
0.366883397102356
0.39565426111221313
0.3687423169612885
0.37786933779716486
0.35120958089828486
0.3703897297382354
0.3601877987384796
0.383027583360672
0.3736482560634613
0.5047370791435242
0.4162427484989166
0.3894023001194
0.47057959437370306
0.3889376521110535
0.3874318301677704
0.34368461370468134
0.35787221789360046
0.4553851187229157
0.3572259843349457
0.42756065726280207
0.3962654173374176
0.4303268492221832
0.39275962114334106
0.40378409624099726
0.38615849614143366
0.3666948974132538
0.45422640442848206
0.35499355196952814
0.39246696233749384
0.4183048307895661
0.4317305386066437
0.4093859493732452
0.40417644381523127
0.4379473626613617
0.38169887661933893
0.3863340318202973
0.3245761692523956
0.48951876163482666
0.363726943731308
0.34915891289711
0.41734436154365534
0.4006871283054352
0.38413462042808527
0.3841814696788788
0.38777241110801697
0.4000421762466431
0.3518194258213043
0.4640659987926483
0.3622575104236602
0.3836586773395538
0.39257365465164173
0.3840051591396332
0.3681173324584961
0.4202365577220917
0.3947733938694
0.369930237531662
0.42330726981163025
0.4386516809463501
0.38446769118309027
0.4063429534435272
0.3677310049533844
0.37039893865585327
0.49356654286384577
0.36333814263343805
0.3966636955738068
0.44070628285408014
0.3915649354457855
0.38771548867225647
0.37200003862380976
0.4315958619117737
0.438487321138382
0.41702041029930115
0.44310376048088074
0.4154913127422333
0.4794069230556488
0.3907024264335632
0.38690543174743647
0.3893103897571564
0.37717223167419434
0.4699319303035736
0.44710108637809753
0.3885353207588196
0.41234105825424194
0.3862820565700531
0.4018798768520355
0.40142098069190973
0.3891351521015167
0.39939150214195246
0.39066320657730097
0.4290711581707001
0.3847441077232361
0.37630471587181086
0.3861123323440552
0.4367327094078064
0.4165913164615631
0.3898480832576752
0.4454309344291687
0.37252500653266907
0.4618465602397919
0.451254516839981
0.37968018651008606
0.3715704679489136
0.39853560924530024
0.4150799810886383
0.39589849114418024
0.41785886883735657
0.394574910402298
0.3762561082839966
0.41275978088378906
0.36922734975814814
0.548470675945282
0.38337317109107966
0.3935496211051941
0.37681797146797186
0.395756870508194
0.3444354832172394
0.44501349329948425
0.3735873699188232
0.4050261676311493
0.34553325176239014
0.45341593027114874
0.39519652724266047
0.41277769207954407
0.41622242331504816
0.37055286765098566
0.4026982486248016
0.3902899920940399
0.3754454553127289
0.3798421919345856
0.38056823611259455
0.4299578368663788
0.4104597866535186
0.3583928942680359
0.4270010590553284
0.41427898406982416
0.39865013957023615
0.34921106696128845
0.3789723813533783
0.48025190830230713
0.3400175869464874
0.44227534532547
0.4432385861873626
0.3648615777492523
0.42503833770751953
0.4774921238422394
0.4494833052158356
0.39946991205215454
0.42771777510643005
0.37323635816574097
0.457848846912384
0.4065234065055847
0.402497261762619
0.3962238729000092
0.4361626207828522
0.3687573373317719
0.39405873417854315
0.42551723122596735
0.3880519270896912
0.39295610785484314
0.325307160615921
0.3799083530902863
0.4037493169307709
0.4325341284275055
0.38105925917625433
0.40718063712120056
0.4785408675670624
0.4025005996227264
0.3927829563617706
0.36368760466575617
0.3870775401592255
0.3735415041446686
0.34652578830718994
0.4217028915882111
0.3556883037090301
0.45380163192749023
0.4242581725120544
0.4797251224517822
0.3997152447700501
0.43059414625167847
0.3863395154476166
0.3603351712226868
0.396762490272522
0.35526952147483826
0.39333149790763855
0.3875826895236969
0.4905965328216553
0.4670220017433167
0.4646895229816437
0.35431408882141113
0.389800488948822
0.3618618547916412
0.4196780622005463
0.38060662150383
0.39075800776481623
0.3729928731918335
0.4236033856868744
0.425129622220993
0.38378477096557617
0.450311541557312
0.4449350237846375
0.393752247095108
0.38882640004158014
0.33082157373428345
0.34309783577919006
0.34866857528686523
0.4098815321922302
0.3480800986289978
0.3743762969970703
0.3587259650230408
0.3603271543979645
0.38736292719841
0.37109348177909846
0.3940257132053375
0.39685699343681335
0.4695532023906708
0.4008720815181732
0.414799690246582
0.4732356369495392
0.36324813961982727
0.40730765461921686
0.41375941038131714
0.4296227991580963
0.3947318494319916
0.3676311671733856
0.39346331357955927
0.38188216090202326
0.3656391501426697
0.3823900520801544
0.420665830373764
0.4165543615818024
0.4012432396411896
0.3752051293849945
0.36783996224403376
0.3894168734550476
0.425016313791275
0.43254730105400085
0.4376087486743927
0.3657280206680298
0.38925576210021967
0.40973320603370667
0.37437137961387634
0.4133764803409576
0.39241874217987055
0.42656156420707697
0.3544139266014099
0.4304744899272919
0.3669290244579315
0.42748877406120306
0.38419255614280706
0.42511224746704096
0.3641009032726288
0.39020106196403503
0.33058354258537287
0.38651576638221746
0.37171116471290583
0.45096319913864136
0.3721186816692352
0.36172276735305786
0.4145713150501251
0.366340696811676
0.4108711183071136
0.4068020284175873
0.3592970073223114
0.47982197999954224
0.39203488826751703
0.38683763146400446
0.4368704855442047
0.44924959540367126
0.38185968995094294
0.39910808205604553
0.45260897278785706
0.3399535119533539
0.43113365769386286
0.36823880672454834
0.41311386227607727
0.4475010931491852
0.4800172448158264
0.37845996022224426
0.37052091956138605
0.40824756026268005
0.4189250767230988
0.48343268036842346
0.3857664167881012
0.37107300758361816
0.3702559173107147
0.3687897920608521
0.3907525539398193
0.35600790381431574
0.41636380553245533
0.38730034232139593
0.41722992062568653
0.3658042252063751
0.4273740351200104
0.3911154568195343
0.41809213161468506
0.43212831020355214
0.374481737613678
0.38905405998229986
0.3915764391422272
0.340926080942154
0.37280437350273127
0.4137935936450958
0.35085979104042053
0.3343382775783539
0.3548085689544678
0.46156778931617737
0.36502009630203247
0.44329032301902765
0.39018598198890686
0.385233849287033
0.3630262315273285
0.44982743263244634
0.3514353632926941
0.37999662756919855
0.36358216404914856
0.39627829194068903
0.37141391634941107
0.45140191912651056
0.4071083962917328
0.38537859916687006
0.37938177585601807
0.3758823275566101
0.4065162241458893
0.43747830390930176
0.45702764391899114
0.48533055186271673
0.42345330119133
0.39857438206672663
0.3925052881240845
0.49350395798683167
0.39239355921745295
0.4676590263843536
0.4026307165622711
0.4407761991024017
0.45562502741813654
0.40999278426170344
0.39910945296287537
0.3977619111537933
0.43317106366157526
0.34265175461769104
0.3670689761638641
0.3589214086532593
0.39827907085418707
0.3549594581127167
0.3894014954566956
0.4216279685497284
0.45944428443908686
0.3084341883659363
0.41901072859764094
0.36639454960823054
0.4262733161449432
0.4025288820266724
0.4327991306781769
0.40199416875839233
0.34343963861465454
0.3840809166431427
0.35906800627708435
0.3676835298538208
0.3822816908359528
0.33956971764564514
0.4744472205638885
0.3516742289066314
0.4075888693332672
0.4467918872833252
0.40832340717315674
0.43526813387870794
0.39202508330345154
0.38743525743484497
0.4313943386077881
0.4070613086223602
0.38252526521682734
0.4104351699352264
0.3896540701389313
0.3890100717544556
0.3880513906478882
0.4169314503669738
0.40722414851188654
0.3645036816596985
0.44619545340538014
0.36861202120780945
0.4082011282444
0.407811850309372
0.377021849155426
0.35129663348197937
0.37712502479553217
0.40492698550224304
0.42905652523040766
0.41185471415519714
0.38417816162109375
0.35133859515190125
0.3815501630306244
0.4160766005516052
0.4894555509090424
0.3659689128398895
0.46265190839767456
0.407012015581131
0.4169447720050812
0.3613785803318024
0.3801296055316925
0.3479140400886536
0.4199970066547394
0.3651551902294159
0.354851633310318
0.3635369539260864
0.4510330855846405
0.36094126105308527
0.3737857639789581
0.3799100816249848
0.3851189017295837
0.37183707952499384
0.3905505836009979
0.438544362783432
0.46806243062019354
0.3695934414863586
0.422789603471756
0.4184230864048004
0.3608327209949493
0.42999410629272466
0.4141575694084168
0.414377361536026
0.3885914981365204
0.4201360642910004
0.415282279253006
0.4289969503879547
0.363093227148056
0.3497609794139862
0.3932631313800812
0.32423463463783264
0.40754643082618713
0.4471270740032196
0.3696326613426208
0.46293362975120544
0.3953591585159302
0.4809761941432953
0.4919613301753998
0.39133420586586
0.35678198933601374
0.41216638684272766
0.3920275866985321
0.41450455784797674
0.392872542142868
0.44134774804115295
0.5144845247268677
0.47680798172950734
0.35705634951591486
0.4346739947795868
0.43520614504814154
0.4287815988063812
0.4387401044368744
0.34538117051124567
0.4115327298641205
0.39203932881355286
0.3422582447528839
0.47668224573135376
0.369200587272644
0.372912734746933
0.34908148646354675
0.46244674921035767
0.4381260871887207
0.40994328260421753
0.3745355904102325
0.3963166773319244
0.3909722864627838
0.3652116656303406
0.3919939994812012
0.5322249531745912
0.3903779089450836
0.41425266861915594
0.3537389934062958
0.36446195840835566
0.3451545834541321
0.3826211988925934
0.35709139704704285
0.3620877861976624
0.3906036019325256
0.3446473777294159
0.3758689165115357
0.3952473104000092
0.3890134394168854
0.3729565441608429
0.3886151015758514
0.35071200132369995
0.4152638614177704
0.3935245573520661
0.4749650061130524
0.4295965731143952
0.3818663656711578
0.4116970002651215
0.39052581787109375
0.34749361872673035
0.45741245150566096
0.38904440402984614
0.4257732629776001
0.40493860840797424
0.42936041951179504
0.36139154434204096
0.41273462772369374
0.37511286139488226
0.3941483199596405
0.3375646770000458
0.34104946255683893
0.3736259043216705
0.4338620603084564
0.38490653038024897
0.37838974595069885
0.37022832036018366
0.4100635945796967
0.40112718939781195
0.492021381855011
0.41525557637214655
0.3702913820743561
0.3873863518238068
0.3523220717906952
0.4668879210948944
0.3745088279247284
0.45498645305633534
0.4101437032222748
0.38706305623054493
0.3935806453227997
0.3687268793582916
0.36025673151016235
0.3763087689876556
0.394929438829422
0.41251513361930847
0.3754178583621978
0.3806162476539612
0.3830483257770538
0.37723740935325617
0.3760755658149719
0.3692094683647156
0.417743980884552
0.4219426214694977
0.47977107763290405
0.4302648603916168
0.4780494272708893
0.4698874056339264
0.3577944338321686
0.4451324343681336
0.40362787246704096
0.3698314726352692
0.3734771311283112
0.38101208209991455
0.43985155224800104
0.4097115695476532
0.41742607951164246
0.3863166868686676
0.3669186234474182
0.38371741771698
0.49977293610572815
0.42583009600639343
0.38480713963508606
0.45191511511802673
0.4554508030414581
0.3882990777492523
0.3962557017803192
0.3803796172142029
0.3628250658512115
0.4659560322761536
0.37626555562019354
0.3765791356563568
0.3679421544075012
0.3953764140605927
0.3799575865268707
0.40395459532737726
0.4775605797767639
0.38516828417778015
0.3667168021202088
0.43700036406517034
0.4269712865352631
0.39745247364044184
0.3816894590854645
0.37818077206611633
0.3833827078342438
0.4314060509204865
0.4402371942996978
0.33716458082199097
0.3994835615158081
0.3629237711429596
0.40001392364501953
0.39693716168403625
0.39923956990242
0.42068266868591303
0.3724742829799652
0.368497371673584
0.3921124339103698
0.36718764901161194
0.4193114936351776
0.40084633231163025
0.40423956513404846
0.4080723226070404
0.36477872729301447
0.3888911604881287
0.3762985467910767
0.37233239412307734
0.352878600358963
0.3929784595966339
0.47427660226821894
0.39694979786872864
0.44919601082801813
0.3476204574108124
0.4051028788089752
0.38840612769126887
0.43714651465415955
0.3735221326351166
0.40243354439735407
0.3712896704673767
0.36242625117301935
0.3425042927265167
0.3870963752269745
0.3629818260669708
0.40440165996551514
0.45437267422676086
0.38669189810752874
0.3717001676559448
0.41251227259635925
0.399120420217514
0.42875403165817266
0.4314690232276917
0.4249636232852936
0.3604304492473602
0.4282786548137665
0.3964678347110748
0.37691301107406616
0.33826908469200134
0.36489468812942494
0.4480219185352325
0.453823059797287
0.3536118566989898
0.370738297700882
0.4275425374507904
0.3640834391117096
0.47804450988769526
0.3768261671066284
0.3775266110897064
0.4107734560966492
0.37703111767768854
0.3740862905979157
0.37209078669548035
0.39410772919654846
0.42689475417137146
0.3675596117973328
0.41012594103813166
0.3953389227390289
0.39579793810844416
0.355766624212265
0.40174600481987
0.3853596150875092
0.3745240867137909
0.4080077707767487
0.3956812620162964
0.4076188504695892
0.4156551659107208
0.37082400918006897
0.3824394643306732
0.4392483532428741
0.48997583985328674
0.389763742685318
0.3996239602565765
0.40313586592674255
0.3779037296772003
0.42198303341865534
0.38359126448631287
0.4411057233810425
0.39036312699317927
0.46995577216148376
0.3489806950092316
0.46171486377716064
0.4183859825134277
0.37763306498527527
0.44414556026458735
0.4316631257534027
0.36628404259681696
0.3704683482646942
0.3646754920482635
0.43549686670303345
0.42915514111518854
0.39699757099151606
0.4061436057090759
0.401027649641037
0.4218515455722809
0.45863318443298334
0.3821355402469635
0.397028774023056
0.38801309466362
0.37909486889839167
0.3775003254413605
0.42460474371910095
0.384753555059433
0.3901912271976471
0.3746068775653839
0.4580648541450501
0.3904167711734772
0.41802811622619623
0.3702613115310669
0.43808647990226746
0.35529837012290955
0.3902415633201599
0.3984837532043457
0.3786651194095612
0.3377980887889862
0.44446626305580134
0.41973719000816345
0.42699971795082087
0.37154582142829895
0.42980405688285833
0.4924430847167969
0.356036514043808
0.4766566753387451
0.374715119600296
0.31815215945243835
0.3984434902667999
0.45121991634368896
0.4623856246471405
0.4012654721736908
0.3583761155605316
0.4119609296321869
0.4742828905582428
0.34840911626815796
0.4391880035400391
0.31787481904029846
0.38261809945106506
0.4151384234428406
0.3620499074459076
0.46832743287086487
0.42254388332366943
0.34336122870445246
0.4074591398239136
0.387970894575119
0.4240551888942719
0.3480195701122284
0.473566085100174
0.40517973899841303
0.39250111579895014
0.4027825891971588
0.36560770869255066
0.41483035683631897
0.3979432880878448
0.4088869094848633
0.42979928851127613
0.4067808091640472
0.45567440986633295
0.39978429675102234
0.4211258590221405
0.4058694839477539
0.37230491638183594
0.41614004969596863
0.4329962134361267
0.5198795199394226
0.3764046728610992
0.40529736876487726
0.3457527756690979
0.3743274509906769
0.4124360680580139
0.3579188883304596
0.39321601390838623
0.4305066764354706
0.46168234944343567
0.3410032093524933
0.46877256035804743
0.3769288957118988
0.43123677372932434
0.40462073683738714
0.38935938477516174
0.3639951646327973
0.41260105371475214
0.3643789887428284
0.3633722960948944
0.3471490442752838
0.4451343715190888
0.3994134962558746
0.4071859121322632
0.38793909549713135
0.4278285801410675
0.3852048814296722
0.3492306470870972
0.3850911259651184
0.4074437916278839
0.3922857940196991
0.34913089871406555
0.3914921581745148
0.36333134770393366
0.4525715708732605
0.40574946999549866
0.4309762418270111
0.47477176785469055
0.4020737707614898
0.4361209571361542
0.4263291656970978
0.3615586459636688
0.3377029001712799
0.3967464864253998
0.34881755709648127
0.4323726296424866
0.36486926674842834
0.4804158508777618
0.36135575175285334
0.37826892733573914
0.3496433198451996
0.3626265823841095
0.4676438271999359
0.43488600850105286
0.3561387956142425
0.3920054435729981
0.3885536789894104
0.40533879399299616
0.398417204618454
0.40775135159492487
0.43460050225257874
0.3724909126758576
0.36235737800598145
0.4195502698421478
0.3960889875888824
0.36796143651008606
0.37720558047294617
0.41784438490867615
0.39759787917137146
0.4243597686290741
0.36414957046508795
0.47160571813583374
0.45987638831138605
0.38047531247138977
0.3877016603946686
0.3718941807746887
0.37078842520713806
0.39124259352684015
0.4018965065479279
0.36838433146476746
0.3995912373065949
0.39218345284461975
0.35607948899269104
0.36003220081329346
0.4325173795223236
0.4452511370182037
0.37760850787162786
0.4151471257209778
0.38513132929801935
0.3826175630092621
0.3633075058460236
0.41630974411964417
0.4620529115200042
0.4444842040538788
0.3841088712215424
0.36093613505363453
0.43811464309692383
0.37383285164833063
0.35615774989128113
0.38376823067665106
0.38691237568855286
0.43968814611434937
0.4092563390731812
0.3861346542835236
0.40461811423301697
0.3914799392223358
0.3860096335411072
0.463167130947113
0.46276691555976873
0.38521662354469294
0.4093199670314789
0.371040552854538
0.4376579225063324
0.4382749497890472
0.382054328918457
0.43990907073020935
0.35788559913635254
0.469231516122818
0.34902146458625793
0.465095192193985
0.4437586665153504
0.4005835950374603
0.4962630867958069
0.39801663160324097
0.4059536457061768
0.4174453318119049
0.3608700931072235
0.3824568688869476
0.4177604019641876
0.4043242037296295
0.4358047842979431
0.3928336501121521
0.40296047925949097
0.4314990937709808
0.40816196799278254
0.3795919120311737
0.3656563460826874
0.4254246652126312
0.35812494158744806
0.3894866704940796
0.44256854057312006
0.3633964955806732
0.391884446144104
0.3581116497516632
0.38920459151268005
0.41604718565940857
0.39483317732810974
0.474076509475708
0.3925898373126984
0.44496217370033264
0.3786629736423493
0.3933907151222229
0.396887332201004
0.3378878831863404
0.39365032315254206
0.4062083065509796
0.45006200671195984
0.4201454818248749
0.4907643795013428
0.45463865995407104
0.43049013614654547
0.43137469887733454
0.34740039706230164
0.38954696059226984
0.3958096504211426
0.3656812012195587
0.43979167938232416
0.4539135098457336
0.3658068776130676
0.48192557692527765
0.4719863831996918
0.42798736691474915
0.36679935455322266
0.4064152240753174
0.39650830626487726
0.4901086091995239
0.36994597315788263
0.4048688113689423
0.43102946877479553
0.47396561503410334
0.39794021844863886
0.34714248776435846
0.34210291504859924
0.3902153074741364
0.3851727545261383
0.3744519650936127
0.3831115067005157
0.4266118109226226
0.393863707780838
0.3660589158535004
0.43755289912223816
0.39077487587928766
0.3717025220394135
0.4220903217792511
0.40013045072555536
0.4655531346797943
0.48409584164619446
0.3933124840259552
0.38826417922973633
0.3993271887302399
0.3919086456298828
0.45955774188041687
0.45870861411094666
0.3747636079788208
0.4174533784389496
0.424782395362854
0.420707494020462
0.3766302764415741
0.4320002794265747
0.4217766225337982
0.4462715983390808
0.38505083322525024
0.3766010105609894
0.47953662276268005
0.419109046459198
0.40561577677726746
0.3898018598556519
0.3981457054615021
0.39301937818527216
0.4417980909347534
0.42941272258758545
0.4155764281749725
0.4108327329158783
0.4352237284183502
0.4159177839756012
0.34381839632987976
0.3815442621707916
0.37025460600852966
0.3639655709266663
0.4284455478191376
0.41072657704353327
0.41980502009391774
0.3463137447834015
0.44638535380363453
0.3662107288837433
0.4268520772457122
0.35487616062164307
0.44032454490661616
0.3845726549625397
0.45507192611694336
0.4013733565807343
0.349043756723404
0.3985266089439392
0.43508520722389216
0.43390801548957825
0.4872591197490692
0.43978041410446167
0.4922262132167816
0.39631178975105286
0.418771356344223
0.36569944024086
0.381835013628006
0.4393629729747772
0.4806489646434784
0.35552722215652466
0.3753835260868073
0.4019521474838257
0.4018015563488007
0.42361447215080256
0.4368326961994171
0.3530576527118683
0.42869171500205994
0.3842639625072479
0.47589191794395447
0.372094601392746
0.3956340849399567
0.3964733779430389
0.3648960590362549
0.3479383587837219
0.40817990899086
0.4153057038784027
0.39070621132850647
0.42070806026458735
0.36873647570610046
0.4684667885303497
0.3830364048480988
0.4357418417930603
0.3576480448246002
0.39596438407897944
0.3822847306728363
0.4079298377037048
0.44358646869659424
0.3815231025218964
0.5092250108718872
0.4661101996898651
0.5079721212387085
0.37806957960128784
0.41421508789062494
0.37860465049743647
0.4459858536720276
0.37236046791076655
0.44292584061622614
0.4071590900421143
0.40215331315994257
0.3361358642578125
0.4462644159793854
0.37654188275337214
0.3947220146656036
0.39612916111946106
0.4302025735378265
0.38595107197761536
0.37136945128440857
0.4376045167446136
0.4469963014125824
0.4680192768573761
0.3862016499042511
0.4328128397464752
0.38220587372779846
0.3552108705043793
0.43449410796165466
0.46156963706016546
0.36740890145301813
0.3813298940658569
0.4696585237979889
0.3750123977661133
0.4778490960597992
0.45011666417121887
0.3876017332077026
0.40815809369087214
0.3473529517650604
0.418798953294754
0.339954286813736
0.39109501242637634
0.3898099958896637
0.4750504195690155
0.41489425301551813
0.4005516469478607
0.36582085490226746
0.45661222934722895
0.34808817505836487
0.3664734363555908
0.42407283186912537
0.39710196852684015
0.3548789620399475
0.42663201689720154
0.427537739276886
0.38398751616477966
0.3711565434932709
0.3951674401760101
0.4247872531414032
0.37875741720199585
0.3594537079334259
0.4647680819034576
0.4029025137424469
0.40567898750305176
0.4807935357093811
0.4552795886993408
0.4642814099788666
0.4461981356143952
0.41864922642707825
0.42651417851448054
0.3727341592311859
0.3633258044719696
0.37846800684928894
0.3234844505786896
0.33370116353034973
0.4009256362915039
0.3522912561893463
0.34622034430503845
0.4235295355319977
0.34070196747779846
0.3856610357761383
0.4009757936000824
0.4342061579227448
0.4200561940670013
0.3703399002552032
0.46354493498802185
0.33792829513549805
0.3862168490886688
0.45966690778732294
0.39639464020729054
0.36870536208152765
0.3623608946800232
0.3810212016105652
0.3963630497455597
0.441122442483902
0.36118802428245533
0.405916839838028
0.3298671841621399
0.4542907178401947
0.45034584403038014
0.46482011675834656
0.3790831863880157
0.3908625543117523
0.470180869102478
0.46414843201637274
0.38680467009544367
0.375422477722168
0.4028193354606629
0.42750146985054016
0.3960579037666321
0.35508301854133606
0.3622657060623169
0.3894846141338348
0.43570151925086975
0.3624289333820343
0.3378656208515167
0.3912751078605652
0.37430199980735773
0.45464888215065
0.4391286373138428
0.3552758991718292
0.4922668635845184
0.4240095913410186
0.3881888389587402
0.33679255843162537
0.39629670977592474
0.38458502292633057
0.3632078766822815
0.4670602977275848
0.3860931396484375
0.3979065716266632
0.3944297134876251
0.4336836338043213
0.38362291455268854
0.39008507132530207
0.34584715962409973
0.3866714835166931
0.4599671065807343
0.36546510457992554
0.3419239819049835
0.3894972205162048
0.4018100202083588
0.3922487795352936
0.351299911737442
0.3456212282180786
0.39948123693466187
0.3825151324272156
0.416516900062561
0.39192208647727966
0.3556432127952576
0.4218939244747162
0.3975857198238373
0.4636928737163544
0.36446774005889887
0.3559740483760834
0.4097184240818024
0.47587519884109497
0.4716446101665497
0.3663407266139984
0.49777257442474365
0.4250398576259613
0.40040668845176697
0.4035550057888031
0.381495863199234
0.47339978814125055
0.36829695105552673
0.4887290298938751
0.36212214827537537
0.38693344593048096
0.44577252864837646
0.4191829860210418
0.3550037741661072
0.4583497047424317
0.46330103278160095
0.4402636885643005
0.3669518530368805
0.4464637935161591
0.4175451695919037
0.40489062666893005
0.4240635633468628
0.4348797798156738
0.3874631524085999
0.3929576873779297
0.4689834713935852
0.3980560004711151
0.4616333246231079
0.44377923011779785
0.3814524710178375
0.40690451860427856
0.39025118947029114
0.399058073759079
0.375508189201355
0.40623888373374933
0.3727600276470184
0.38220393657684326
0.37797006964683527
0.4628684222698212
0.452629417181015
0.34271225333213806
0.37320700287818903
0.37463155388832087
0.3760910034179688
0.3863021731376648
0.3397241532802582
0.44483900070190424
0.39022549986839294
0.4209123551845551
0.44519552588462824
0.3648649454116821
0.4205510318279266
0.3376177251338959
0.3626698553562164
0.322081595659256
0.39843025803565973
0.33697560429573054
0.3805088102817536
0.39713287353515625
0.3698634803295136
0.36770400404930115
0.38127955794334406
0.44437649846076965
0.36007753014564514
0.38387963175773615
0.39629772305488586
0.38707390427589417
0.36844825744628906
0.4162006080150604
0.46442797780036926
0.39162418246269226
0.41204988956451416
0.4226170778274536
0.3970608413219452
0.33550819754600525
0.44118770956993103
0.41716158390045166
0.43801221251487726
0.4598429799079895
0.35343480110168457
0.3472438156604767
0.39855414628982544
0.39909964799880976
0.4206728041172028
0.3937017023563385
0.4990989863872528
0.3341209888458252
0.4055283069610596
0.35443392395973206
0.38887664675712585
0.34025874733924866
0.35838058590888977
0.33907791972160334
0.34010323882102966
0.35618162155151367
0.3653164803981781
0.452818751335144
0.38637617230415344
0.3584870398044586
0.4765574634075165
0.33067187666893005
0.4020823538303375
0.388645738363266
0.42265912890434265
0.35546424984931946
0.39569523930549616
0.42767608165740967
0.4295353591442108
0.40572246909141535
0.3887536823749542
0.5055595636367798
0.3610678315162658
0.3895710110664368
0.3722511231899261
0.4810192286968231
0.37526974081993103
0.3827611207962036
0.38515177369117737
0.3736300766468048
0.35454049706459045
0.4528898894786834
0.4218023717403412
0.3497413098812103
0.45217493176460266
0.3932181894779205
0.3768328130245209
0.4152997732162476
0.4554264545440674
0.3541358411312103
0.47735795378685
0.34420958161354065
0.4182990491390228
0.41147926449775696
0.35020312666893005
0.3839530944824218
0.3322966396808624
0.3667265474796295
0.36290371417999273
0.392365425825119
0.39375004172325134
0.39077928662300104
0.3724194467067719
0.4119943082332611
0.3977425098419189
0.4612910449504852
0.4044410288333893
0.4361574351787567
0.3842534124851226
0.3676044046878815
0.4059034883975983
0.3842944502830505
0.394182413816452
0.4121401607990265
0.34157809615135193
0.3594085276126861
0.3792975842952728
0.39366829395294184
0.35330894589424133
0.3819065988063812
0.37855711579322815
0.3894749581813812
0.3884105384349823
0.45634499192237854
0.34926947951316833
0.441606730222702
0.43942055106163025
0.3724214434623718
0.3833966553211212
0.3815664947032928
0.36773243546485906
0.3989889621734619
0.3982273638248444
0.3797733187675476
0.4206162989139557
0.40413442254066473
0.4534479081630706
0.3439467251300812
0.35205185413360596
0.4592128098011017
0.4374758899211884
0.35128235816955566
0.3917760252952576
0.3711967766284943
0.3767322599887848
0.39337143301963806
0.43877455592155457
0.3631513118743896
0.4024938046932221
0.40666428208351135
0.3410729467868805
0.4053005278110504
0.4374493956565857
0.4257753193378448
0.4439826309680938
0.38259047269821167
0.4126158654689789
0.4061188995838165
0.4773853123188018
0.36251851916313166
0.37544938921928406
0.44977888464927673
0.4218328893184662
0.44507750868797297
0.3785170018672943
0.4772806763648986
0.3691949546337128
0.4388854205608368
0.4521554410457611
0.4206370711326599
0.41881498694419855
0.4207281470298767
0.3657074868679047
0.42143669724464417
0.4404544532299042
0.3817586302757263
0.35068234801292414
0.3909097611904144
0.3580586612224579
0.4466892182826996
0.3784838020801544
0.4564637839794159
0.42228949069976807
0.46344161033630366
0.3739586174488068
0.3791351020336151
0.4172572195529938
0.4055710732936859
0.405199944972992
0.30646929144859314
0.3860355317592621
0.37516713142395014
0.38189360499382013
0.426758885383606
0.44763907790184015
0.4278700649738312
0.381371796131134
0.3949064016342163
0.42328545451164246
0.39731824398040766
0.467918336391449
0.37465590238571167
0.36997732520103455
0.36418402194976807
0.4663948714733124
0.4069176316261292
0.42518699169158936
0.42640951275825506
0.3699274063110352
0.376832127571106
0.38293513655662537
0.4202015399932861
0.3718356192111969
0.3969597518444061
0.46290460228919983
0.4441231489181519
0.38028827309608454
0.3515889644622803
0.39079728722572327
0.3750416338443756
0.3929935097694397
0.4557107090950012
0.43331265449523926
0.44535335898399353
0.37745222449302673
0.39973136782646174
0.3667829632759094
0.355313777923584
0.45908597111701965
0.42492431402206415
0.3840000629425049
0.40557223558425903
0.4175609052181244
0.410039871931076
0.39417695999145513
0.46939277648925776
0.3984923660755157
0.3902642726898193
0.3988396823406219
0.4000186026096344
0.3853008449077606
0.4397278130054474
0.37942674756050104
0.43971213698387146
0.3779425919055938
0.38501006364822393
0.38266667723655695
0.3987695872783661
0.41187712550163275
0.3643884956836701
0.3966098725795746
0.3872078955173493
0.36841040849685674
0.36440649628639216
0.40997394919395447
0.4033181965351105
0.41520610451698303
0.42911174893379206
0.387078195810318
0.39855894446372986
0.4385822117328644
0.38721492886543274
0.46218311786651606
0.36346468329429626
0.4338304698467255
0.40576317906379694
0.37102386355400085
0.393137514591217
0.3646869361400604
0.45715883374214167
0.3928013741970062
0.42551758885383606
0.349546879529953
0.3563865125179291
0.3658080995082855
0.41444197297096247
0.4116693437099457
0.3813011646270752
0.4444126784801483
0.4003377258777618
0.3915681838989258
0.3753462731838226
0.392469048500061
0.45074045658111567
0.3482939898967743
0.42159751057624817
0.428564727306366
0.3869706988334656
0.369449645280838
0.3272698223590851
0.38359102606773376
0.44845989346504206
0.44451743364334106
0.4323548376560211
0.4925275146961212
0.4453251957893372
0.34741970896720886
0.36750832200050354
0.4499679505825042
0.3358556926250458
0.3866882622241974
0.3926507532596588
0.4714618921279907
0.4622174799442291
0.38718041777610773
0.37076476216316223
0.33476948738098145
0.3994433283805847
0.44134557247161865
0.36911493539810175
0.4767440557479858
0.4307440221309662
0.42182239890098566
0.3965646028518677
0.35805442929267883
0.4282138645648956
0.3472501039505005
0.3620295226573944
0.46117919683456415
0.46301493048667913
0.4006355106830597
0.406667560338974
0.35411795973777765
0.35071536898612976
0.39828899502754206
0.48395675420761114
0.3960233330726624
0.43728306889534
0.446031391620636
0.4255649447441101
0.39349010586738586
0.37886300683021545
0.4186088144779205
0.35968902707099915
0.42962178587913513
0.436543732881546
0.3611807823181152
0.4521871507167816
0.4014318585395813
0.4213474094867706
0.38746985793113703
0.439560979604721
0.46161940693855286
0.37803950905799866
0.4463789761066437
0.35296371579170227
0.3919066190719605
0.36430084705352783
0.43104055523872375
0.4589953422546386
0.4989036619663239
0.3959809243679047
0.39579591155052185
0.3653002381324768
0.3953443169593811
0.4060466289520264
0.3999389111995697
0.4699001908302307
0.39438644051551813
0.4399473965167999
0.3909046351909637
0.42655709385871887
0.4140132963657379
0.43607890605926514
0.41948190331459045
0.3831738829612732
0.3603854179382324
0.41677379608154297
0.42083790898323054
0.3834509551525116
0.403699666261673
0.46951004862785334
0.3703364729881287
0.3794398903846741
0.3521844446659088
0.4854613244533538
0.44864311814308167
0.369467407464981
0.3864988386631012
0.33021917939186096
0.36176326870918274
0.39284127950668335
0.3795154392719269
0.4263857901096344
0.379353255033493
0.3859854340553284
0.379042774438858
0.35859483480453486
0.3970551192760468
0.42936626076698303
0.3675333559513092
0.38245904445648193
0.34215524792671204
0.4470807015895844
0.4270728528499603
0.3971461057662964
0.41602277755737294
0.3992358446121216
0.41501691937446594
0.3328274190425873
0.4228905737400055
0.4152239263057709
0.3645017743110657
0.49696442484855646
0.3988773226737976
0.4356096386909485
0.3916539251804352
0.35951676964759827
0.36271390318870544
0.3748007714748383
0.411022812128067
0.3767242729663849
0.5177613496780396
0.43515411019325256
0.468434065580368
0.3678407073020935
0.4891757667064666
0.4470439851284027
0.43098005652427673
0.4421957433223724
0.422846794128418
0.40861731767654413
0.40721991658210754
0.42208105325698847
0.40175035595893854
0.3728774189949036
0.40573099255561834
0.3972419798374176
0.3798333406448364
0.3968029022216797
0.3801426887512207
0.37172880768775934
0.37230947613716125
0.43562883138656616
0.35166588425636286
0.36261722445487976
0.4210734665393829
0.41320851445198054
0.3845215737819672
0.39372393488883967
0.41633519530296326
0.34679868817329407
0.3606993854045868
0.3732993900775909
0.3924684226512909
0.3623493015766144
0.4199132323265076
0.3669282793998718
0.4010348618030548
0.36467388272285456
0.4876601696014404
0.3724614679813385
0.41647648811340326
0.4594431519508362
0.384320855140686
0.3802373111248016
0.3736181557178497
0.46781685948371887
0.3998154699802399
0.36660650372505194
0.4129508435726166
0.39012289047241205
0.4083007276058197
0.38734152913093567
0.38360151648521423
0.42485156655311584
0.3487764894962311
0.45660081505775446
0.4073226749897003
0.3807520568370819
0.4795520007610321
0.3742521703243256
0.4079866409301758
0.4387398660182953
0.4563629627227783
0.4485020041465759
0.4143785536289215
0.39367744326591486
0.4581835567951202
0.3556930124759674
0.3722756206989288
0.36956995725631714
0.37740424275398254
0.3975718021392822
0.43176284432411194
0.36501389741897583
0.40875175595283514
0.3782614469528198
0.3620454072952271
0.3628033697605133
0.47358229756355286
0.43753060698509216
0.4787438213825226
0.40216565132141113
0.42036607861518854
0.464735209941864
0.43385836482048035
0.39531585574150085
0.4097369909286499
0.4223346412181854
0.36843666434288014
0.3996978104114533
0.4492916166782379
0.3933504819869995
0.35692542791366577
0.3767920434474945
0.38146224617958074
0.4173476994037628
0.4028490483760834
0.4182046949863434
0.46727797389030457
0.3760347068309784
0.38529419898986816
0.38676026463508606
0.37688547372817993
0.3703015148639679
0.37039667367935186
0.40198394656181335
0.3854438662528992
0.457203596830368
0.4395773112773895
0.366635411977768
0.4417446553707122
0.3820382058620453
0.44738546013832087
0.40842351317405695
0.48624217510223383
0.37818896770477295
0.3302716910839081
0.41277167201042175
0.3747723400592804
0.39855682849884033
0.4056804478168488
0.38340762257575994
0.3972008526325226
0.45634797215461725
0.3862343728542328
0.4095400869846344
0.3588671386241913
0.3877537548542023
0.37016040086746216
0.34650036692619324
0.3913771510124207
0.3782956898212433
0.4367608726024628
0.3609605133533478
0.46124044060707087
0.37878540158271784
0.3788606226444244
0.35494697093963623
0.42463305592536926
0.3766449987888336
0.43788304924964894
0.3703555166721344
0.34561854600906367
0.39369532465934753
0.3937639892101288
0.3441995680332184
0.4750833213329315
0.3917234539985657
0.4581916630268097
0.3830492198467255
0.43268451094627375
0.4212231934070587
0.40597644448280334
0.4631773233413696
0.3797581195831298
0.4418151378631592
0.4105173051357269
0.3603591918945313
0.4252423942089081
0.3721392750740051
0.404567688703537
0.35360750555992126
0.3988679945468903
0.4130281507968903
0.3887689411640167
0.4040098488330841
0.4000341296195984
0.4070589244365692
0.39742377400398254
0.3725888431072235
0.3864068388938904
0.3814099133014679
0.39644047617912287
0.4320943653583527
0.43940997123718256
0.37133470177650446
0.45318976044654846
0.3965453207492828
0.3937552273273468
0.4656805694103241
0.43184241652488714
0.34699955582618713
0.3469160199165344
0.4129891097545624
0.39076629281044006
0.4954304993152618
0.44378033280372614
0.3952122628688812
0.3497000634670257
0.3818408846855164
0.3870456516742706
0.39091244339942927
0.39030322432518005
0.4405297935009002
0.3750345408916473
0.34894034266471863
0.33978715538978577
0.48025998473167414
0.37728127837181086
0.3855393826961517
0.41907370090484614
0.39104077219963074
0.3782697319984436
0.3303202688694
0.3822342455387115
0.4245627224445343
0.3987361490726471
0.4168030619621277
0.42636600136756897
0.41046503186225886
0.3943993747234344
0.41469541192054743
0.3818418681621552
0.32973274588584894
0.3850700557231903
0.40327715873718256
0.3718288242816925
0.4218899309635162
0.4471612274646759
0.41861835122108454
0.44775280356407166
0.4422901570796967
0.3780630528926849
0.35228106379508967
0.367866188287735
0.3434162139892578
0.36629495024681086
0.39092007279396057
0.4355402886867523
0.4313101470470429
0.41311958432197565
0.43342962861061096
0.37166133522987366
0.41911360621452326
0.37589749693870544
0.35558858513832087
0.41323176026344294
0.35621735453605646
0.4729885160923004
0.4483000040054321
0.3902819454669952
0.42434629797935486
0.38533559441566473
0.3490746021270752
0.3892494738101959
0.3785110414028168
0.399033635854721
0.3568781316280365
0.3529603183269501
0.43044367432594294
0.416963666677475
0.46970462799072266
0.3775837123394013
0.3581049144268036
0.43042826652526855
0.4465662240982056
0.36994615197181696
0.34766295552253723
0.4065802991390228
0.34578391909599304
0.4065097570419312
0.41320076584815973
0.3808099627494812
0.3649730384349823
0.34676873683929443
0.3621555864810944
0.33673983812332153
0.35691794753074646
0.41497012972831726
0.441895604133606
0.43821856379508967
0.36241766810417175
0.38757854700088495
0.34734654426574707
0.39639607071876526
0.4321423470973969
0.48332232236862177
0.3949871361255646
0.459309309720993
0.3640777170658112
0.40518206357955927
0.36982056498527527
0.408232718706131
0.4524177014827728
0.4647306203842163
0.39284783601760864
0.4646303951740265
0.39253965020179754
0.37078249454498285
0.4366476237773895
0.3733215630054474
0.4287711083889008
0.3614004552364349
0.40598392486572266
0.45410302281379694
0.4047770798206329
0.4438692033290863
0.4031502306461334
0.34572339057922363
0.38070371747016907
0.3824512362480164
0.34703055024147034
0.403168261051178
0.372542530298233
0.42580574750900263
0.3505773842334748
0.37552440166473383
0.37676534056663513
0.3818019926548004
0.49361911416053766
0.3792622089385986
0.4868344664573669
0.40106639266014094
0.4952338635921478
0.34224873781204224
0.4138847887516022
0.40243715047836304
0.3731211125850677
0.44864687323570246
0.3625492751598358
0.3854160010814666
0.4124065935611725
0.47028425335884094
0.3727871477603912
0.33093002438545227
0.34435251355171204
0.3831439316272736
0.4916171729564666
0.43204608559608454
0.3879143297672272
0.3581603467464447
0.3607670664787293
0.3790052831172943
0.4097903966903687
0.32826441526412964
0.3622725009918213
0.3608011305332184
0.38191297650337214
0.3959608972072601
0.3673851191997528
0.3879656493663788
0.36137786507606506
0.3615517318248749
0.3719222843647003
0.4572528600692749
0.38443776965141296
0.4545725882053375
0.37985649704933167
0.36772385239601135
0.41367664933204645
0.44790846109390253
0.40439710021018976
0.34134840965271
0.4703353941440582
0.3929188251495361
0.4243392050266266
0.4430696368217468
0.3884645402431488
0.4565933644771576
0.359277218580246
0.3901694118976593
0.47287991642951965
0.38603922724723816
0.4025879502296448
0.3750358819961548
0.3646508157253265
0.39699646830558777
0.3540655374526977
0.3624522984027863
0.43909922242164606
0.42056405544281006
0.40311935544013977
0.35907819867134094
0.4433176517486572
0.39854422211647034
0.3577038049697876
0.3985612690448761
0.36021873354911804
0.4368208050727844
0.38982006907463074
0.3846378326416016
0.47678110003471375
0.34481653571128845
0.35944351553916926
0.46737799048423767
0.46203723549842834
0.37624165415763855
0.3877156674861908
0.45778730511665344
0.38841113448143005
0.3565536141395569
0.4730204343795776
0.5057194828987122
0.42718553543090815
0.41763111948966974
0.4024784862995148
0.43327084183692927
0.4361611902713776
0.38180801272392273
0.39259484410285944
0.3488636314868927
0.37204644083976746
0.36916527152061457
0.38259565830230713
0.37958815693855286
0.37486520409584045
0.48320415616035456
0.34803062677383423
0.41255584359169006
0.46899732947349543
0.4154400527477264
0.3568677008152008
0.3721940815448761
0.3847702443599701
0.3688946664333344
0.37980404496192927
0.35383865237236023
0.4207347929477692
0.37594816088676447
0.36655652523040766
0.42965808510780334
0.3610115349292755
0.33183798193931574
0.3971278965473175
0.38525912165641774
0.3597897291183472
0.3868270516395569
0.348628044128418
0.4658308923244476
0.4163410365581512
0.3976621329784393
0.3615647256374359
0.4892280995845794
0.4463800489902496
0.3605087399482727
0.3934379816055298
0.3797197937965393
0.42633882164955134
0.3769837021827698
0.4203362762928009
0.3694200813770294
0.3759785890579224
0.4014846384525299
0.4316066205501556
0.44748798012733454
0.40951570868492126
0.3785980641841888
0.4223932325839996
0.3818100094795227
0.3508031368255615
0.41923254728317266
0.42666831612586975
0.4533062875270844
0.4035422801971436
0.4214735925197601
0.3872078955173493
0.49812325835227966
0.36839628219604487
0.3414248526096344
0.3765209317207336
0.40085890889167786
0.36546069383621216
0.36091998219490046
0.4275963604450226
0.413436084985733
0.4022102355957031
0.4336161315441132
0.4423379302024841
0.4359272718429565
0.4292239546775818
0.3649686872959137
0.4797016680240631
0.37349706888198847
0.3777206242084503
0.37481558322906494
0.3792503774166107
0.36899968981742853
0.3871195018291473
0.38246729969978327
0.347324937582016
0.43086585402488714
0.3927802443504333
0.3684876263141632
0.4911211431026458
0.3413914740085602
0.40377113223075867
0.4883436858654022
0.4592013359069824
0.4433575570583344
0.3846489489078522
0.4321763813495636
0.3742911517620087
0.3508481085300445
0.47375839948654175
0.41987842321395874
0.3863610327243805
0.3620910942554474
0.3472172021865845
0.38918989896774286
0.39964327216148376
0.41739764809608454
0.372983068227768
0.38353756070137024
0.3593571186065674
0.382479339838028
0.41488841176033026
0.4221227765083313
0.4125321209430695
0.36388161778450007
0.38891562819480896
0.42877471446990967
0.33714377880096436
0.4260272979736328
0.4142108261585236
0.38804575800895685
0.34324756264686584
0.4328157007694244
0.457131952047348
0.4091303050518036
0.3679150640964508
0.4981202781200409
0.429425984621048
0.3743729293346405
0.3779713809490204
0.4538973271846771
0.33698996901512146
0.40765160322189326
0.40857872366905207
0.39735966920852656
0.4411675930023193
0.45584318041801447
0.37785479426383967
0.4085639715194702
0.34168022871017456
0.3956047594547272
0.37172874808311457
0.42112553119659424
0.3796642124652863
0.3755174577236176
0.3712912797927856
0.39711007475852966
0.3740788996219635
0.4306882321834564
0.35887548327445984
0.3966459631919861
0.37570178508758545
0.37353336811065674
0.4494638442993164
0.41959583759307856
0.4301545321941376
0.36645171046257013
0.4240914285182953
0.32185953855514526
0.44608619809150696
0.4181933999061584
0.37540352344512934
0.4316307008266449
0.47647836804389954
0.42947566509246826
0.3993987441062927
0.45910581946372986
0.35991159081459045
0.3996931612491608
0.3854259252548218
0.4594227075576782
0.4476536810398102
0.39738216996192927
0.35798928141593933
0.4276733696460724
0.41838905215263367
0.36274519562721247
0.4354437589645386
0.312200665473938
0.45903614163398737
0.44828227162361145
0.3925734758377075
0.4250081777572632
0.3530988395214081
0.37934193015098566
0.36641809344291687
0.38603129982948303
0.42808341979980474
0.39577290415763855
0.44459861516952515
0.389395147562027
0.364589124917984
0.3360578417778015
0.4435282647609711
0.38283267617225647
0.3484770357608795
0.4939845502376556
0.34726229310035706
0.39076286554336553
0.4077272415161133
0.3920839428901672
0.39055010676383967
0.4374931752681732
0.3806659281253815
0.38297843933105463
0.39496639370918274
0.3455505073070526
0.43173572421073914
0.3694283664226532
0.45019397139549255
0.48646995425224304
0.4103852510452271
0.3807218968868256
0.3447534739971161
0.3521424531936645
0.4522848427295685
0.4274665415287018
0.37391844391822815
0.49688664078712463
0.3819796741008759
0.4411013722419738
0.4243652820587158
0.4418009519577026
0.47268459200859064
0.37329334020614624
0.3661911189556122
0.37162742018699646
0.39517685770988464
0.370699405670166
0.39592000842094416
0.3801116347312927
0.3359543979167938
0.42994698882102966
0.39818695187568653
0.4192270338535309
0.3738556206226349
0.5139541029930115
0.364791601896286
0.442897766828537
0.4648127555847168
0.4068168699741364
0.3898285329341888
0.43839961290359497
0.3901812136173248
0.34979984164237976
0.43562978506088257
0.3640745878219605
0.4493301808834076
0.4727687537670136
0.40172401070594793
0.478172242641449
0.43674394488334656
0.3588270843029022
0.4375204145908356
0.36493819952011114
0.47022381424903864
0.38245710730552673
0.41193065047264094
0.4009441137313842
0.4200769364833832
0.38846442103385925
0.38643053174018854
0.39755961298942566
0.3439829647541046
0.3767054378986359
0.37832331657409674
0.4062170684337616
0.4643280208110809
0.3207356333732605
0.41696652770042414
0.42338746786117554
0.3478362262248993
0.3922043740749359
0.376594752073288
0.4109620451927185
0.4450027346611023
0.40625235438346863
0.4239031374454498
0.4291692674160004
0.4729090929031372
0.34620049595832825
0.39777442812919617
0.38172385096549993
0.40125808119773854
0.42218828201293945
0.43076983094215393
0.3912823796272278
0.41896012425422663
0.3771556317806244
0.4483186602592468
0.3975432813167572
0.5143253207206726
0.3882815539836884
0.4147825539112091
0.41229096055030817
0.38631728291511536
0.4229311048984528
0.3788056373596192
0.3923166692256928
0.37920546531677246
0.37923720479011536
0.3821043074131012
0.39814293384552
0.3807288706302642
0.434396356344223
0.4555279016494751
0.3448629081249237
0.3762842118740082
0.38906019926071167
0.40585780143737793
0.3545553982257843
0.42410179972648626
0.41420516371726984
0.3410753309726715
0.3488548696041107
0.4398421347141266
0.4723810851573944
0.3633113503456116
0.3979610502719879
0.3670006990432739
0.3740231096744537
0.3545404374599457
0.40533140301704407
0.36143884062767034
0.39009907841682434
0.45491859316825867
0.415753036737442
0.4407863318920136
0.4166494309902191
0.40594372153282166
0.39252737164497375
0.37997221946716314
0.4203623235225677
0.4023588001728058
0.3891224265098572
0.3883527815341949
0.4285359978675842
0.34553080797195435
0.47347053885459894
0.36092481017112726
0.33995974063873285
0.4295987188816071
0.3662664592266082
0.35718315839767456
0.36737379431724554
0.37316781282424927
0.3754150867462158
0.35555610060691833
0.3867399990558624
0.3643101155757904
0.4067566692829132
0.3595406115055084
0.3675498068332672
0.4021889567375183
0.4701013863086701
0.3997807204723358
0.40282607078552246
0.39486888051033026
0.3545961678028106
0.35411515831947327
0.4072633683681488
0.4635403454303741
0.4228313267230988
0.39506569504737854
0.41230732202529913
0.4306400716304779
0.38038158416748047
0.41901823878288263
0.5192950367927551
0.4297898709774017
0.3857741951942444
0.3400455415248871
0.36302596330642706
0.3889041841030121
0.38873499631881714
0.39906966686248774
0.38972651958465576
0.4694689214229584
0.38681039214134216
0.37021741271018976
0.4352149665355682
0.3910531401634216
0.3909058570861816
0.4688861668109894
0.3849336206912994
0.33686599135398865
0.41351377964019775
0.3988666236400604
0.5085158944129944
0.416518747806549
0.4410606920719146
0.4549427330493927
0.35954251885414124
0.3483377993106842
0.46433934569358826
0.4533718526363373
0.4463675320148468
0.3664919435977936
0.38109421730041504
0.37548673152923584
0.3830274939537048
0.39538449048995966
0.3988383412361145
0.3951743543148041
0.4333560466766357
0.38091409206390386
0.36766168475151056
0.35662543773651123
0.4013214409351349
0.3905340135097504
0.3663153350353241
0.3837668597698212
0.40739467740058893
0.44501131772995
0.39172229170799255
0.4531496167182922
0.40743455290794367
0.41701400279998774
0.388626754283905
0.35830673575401306
0.5384807586669922
0.4086026251316071
0.4600928127765656
0.365247517824173
0.47049054503440857
0.43182793259620667
0.3699899613857269
0.4593809247016906
0.465410441160202
0.3825335800647736
0.39768147468566895
0.42510101199150085
0.3603922426700592
0.3779798746109009
0.385720819234848
0.4447274208068848
0.4806868433952332
0.4029853045940399
0.4672175347805023
0.3941226601600647
0.3699057400226593
0.3856092095375061
0.4257006347179413
0.44418326020240784
0.41109731793403625
0.37650102376937866
0.342386394739151
0.46202203631401056
0.3946388065814972
0.44777676463127136
0.34489479660987854
0.440211683511734
0.3649027943611145
0.33801332116127014
0.3677714765071869
0.43452656269073486
0.3831537663936615
0.49906075000762934
0.39537951350212097
0.4402988255023956
0.3892280757427216
0.38542887568473816
0.42080572247505194
0.4158644378185272
0.43119746446609497
0.3985273838043213
0.37980094552040095
0.43975386023521423
0.3802430927753448
0.3946198225021362
0.4105535745620728
0.4447689354419708
0.369625061750412
0.4096156656742096
0.352834552526474
0.3452413082122803
0.47716161608695984
0.40490254759788513
0.41198506951332087
0.4245379269123077
0.401542842388153
0.45543023943901056
0.4456970989704132
0.35669657588005066
0.44943836331367487
0.40793833136558527
0.3437229096889496
0.36520031094551086
0.3833020627498626
0.39976975321769714
0.3870218694210053
0.43027809262275696
0.33530667424201965
0.46450838446617126
0.40907588601112366
0.4261977970600128
0.4171833395957946
0.3959000706672669
0.407947301864624
0.4088959395885468
0.35689619183540344
0.48153215646743774
0.4474102854728698
0.42331114411354065
0.3917001485824585
0.343260794878006
0.37138101458549494
0.406378835439682
0.4473033249378204
0.4547729790210724
0.3850156962871552
0.3730611801147461
0.39131608605384827
0.3617570698261261
0.3499198257923126
0.46348518133163447
0.425468236207962
0.4089550077915192
0.34213513135910034
0.37228608131408686
0.4186525046825409
0.4295320510864258
0.4020083248615265
0.3932670652866364
0.35773202776908875
0.3832328617572784
0.46253284811973566
0.3645308315753937
0.35580754280090326
0.3700374066829681
0.3374401032924652
0.4151263535022736
0.4259176552295685
0.31465944647789
0.3765881955623626
0.41957840323448176
0.388216108083725
0.3783035278320313
0.3731646239757538
0.378966748714447
0.37706890702247614
0.40229079127311707
0.41389766335487366
0.42157843708992
0.4570781886577606
0.4516727924346924
0.46471944451332087
0.4528975486755371
0.3740647733211517
0.4524392187595368
0.40377840399742126
0.39637115597724915
0.4251246452331543
0.4171075820922852
0.41106256842613215
0.4647270739078522
0.38019719719886774
0.3557262122631073
0.3496174216270447
0.38547033071517933
0.4125889241695404
0.363303542137146
0.4333845376968384
0.46954345703125
0.4140841364860535
0.38537517189979553
0.3935239017009735
0.37499174475669855
0.48299688100814814
0.37209293246269226
0.38215354084968567
0.423256665468216
0.3896299302577973
0.38480770587921137
0.3448208570480346
0.389525681734085
0.41380575299263
0.3603698909282684
0.41381862759590154
0.36931437253952026
0.4313801229000092
0.3683820366859436
0.3889390230178833
0.4147184491157532
0.43171766400337214
0.3751025795936584
0.4298296868801117
0.37122800946235657
0.3399699628353119
0.3409062922000885
0.3611071705818176
0.48359981179237366
0.38972470164299006
0.3788644075393677
0.3793811798095703
0.3917522728443146
0.3710658848285675
0.3672106266021729
0.4486496150493622
0.3718930780887604
0.3922120332717896
0.47402164340019226
0.38073095679283137
0.38086771965026855
0.3881211578845978
0.4023652970790863
0.5014020800590515
0.4238304197788239
0.42981576919555664
0.4078907370567322
0.377941220998764
0.47197285294532776
0.38827881217002874
0.4371074438095093
0.4236999154090881
0.44213438034057617
0.48262128233909607
0.3625982999801636
0.37402066588401794
0.42129907011985773
0.3808406293392181
0.46277698874473566
0.3955819606781006
0.3817294538021088
0.4180386960506439
0.38144287467002874
0.37121906876564026
0.392155647277832
0.39980679750442494
0.4292108118534088
0.42607235908508306
0.48494330048561096
0.39632871747016907
0.3634040355682373
0.42319104075431824
0.4513745605945587
0.4008630812168121
0.36169287562370306
0.39885953068733215
0.4396876990795136
0.3610288202762604
0.34467118978500366
0.43284144997596735
0.3908380568027496
0.4321185648441314
0.38453391194343567
0.34193220734596247
0.39886835217475886
0.4187101125717163
0.44566985964775085
0.41818076372146606
0.35181280970573425
0.3851917088031769
0.48570379614830017
0.4359816610813141
0.368986576795578
0.3943462669849396
0.38333648443222046
0.3832514584064484
0.3604571521282196
0.39024689793586725
0.3806411623954773
0.4042475521564484
0.41763532161712646
0.359747976064682
0.34902647137641907
0.36437129974365234
0.4126957952976226
0.35144487023353577
0.38013443350791926
0.4390182495117188
0.42951360344886774
0.5092484354972839
0.3655882179737091
0.4247879683971405
0.3878282308578491
0.41560229659080505
0.38315972685813904
0.38655763864517206
0.39863789081573486
0.38700017333030706
0.46407207846641535
0.43352946639060974
0.403189480304718
0.4718792736530304
0.41418373584747314
0.3597746193408966
0.3619552552700042
0.34222739934921265
0.3493879735469818
0.41695067286491394
0.4433292448520661
0.4398095607757568
0.3704459965229034
0.4064728915691376
0.38952469825744634
0.3527941405773163
0.3960567116737366
0.34436491131782526
0.49227514863014227
0.3757324516773224
0.3663881719112396
0.4320650100708008
0.3825670778751373
0.3915275037288666
0.414984792470932
0.3749792277812958
0.3666000664234161
0.43441322445869446
0.35243311524391174
0.3895222842693329
0.37889492511749273
0.38071420788764954
0.468826562166214
0.4143810272216797
0.3536185920238495
0.4025305509567261
0.38730069994926447
0.3933744728565216
0.4158258140087128
0.45213165879249567
0.3768929541110992
0.3870204389095306
0.3541184067726135
0.3814507126808167
0.3984640538692474
0.33992388844490046
0.46470353007316584
0.4455597698688507
0.4294202029705048
0.4022285044193268
0.4153888523578644
0.33809942007064814
0.36487522721290583
0.4153643548488617
0.38499191403388977
0.37300184369087214
0.43680426478385925
0.39599108695983887
0.3828359544277191
0.36914685368537903
0.383323460817337
0.36786311864852905
0.44708701968193054
0.4091109931468964
0.43809920549392706
0.367481917142868
0.46931037306785583
0.40236842632293696
0.3747460544109344
0.38328802585601807
0.4478042423725128
0.38962158560752874
0.3695156574249268
0.4650424420833588
0.377597689628601
0.3713670372962952
0.4323864281177521
0.3828532993793488
0.40111660957336426
0.4219049513339996
0.34313949942588806
0.45019397139549255
0.36620303988456726
0.4159594476222992
0.3633268475532532
0.39234796166419983
0.3708511292934418
0.39867857098579407
0.4110940098762512
0.4557997882366181
0.39177644252777094
0.38941660523414606
0.3712312877178192
0.4171218872070313
0.38422837853431696
0.37633246183395386
0.40813285112380976
0.3943543434143066
0.46238824725151056
0.36265784502029413
0.36575528979301447
0.3975598216056824
0.3917433321475983
0.3899731040000916
0.35111600160598755
0.41505494713783264
0.43051165342330927
0.37898024916648865
0.3739860355854034
0.3978210091590881
0.35573527216911316
0.39044415950775146
0.3997289538383484
0.43142804503440857
0.39490678906440735
0.3705969750881195
0.4530063569545746
0.49168440699577326
0.4308348894119263
0.42828062176704407
0.39898362755775446
0.44428107142448425
0.47827813029289246
0.3808114528656006
0.3548648059368133
0.3814474046230316
0.43256062269210815
0.4588237404823303
0.38707965612411493
0.36723735928535456
0.3867557644844055
0.3751412034034729
0.45383659005165106
0.4046909511089325
0.4176731705665588
0.43348827958106995
0.4088541567325592
0.40062370896339417
0.3461569845676422
0.42726853489875793
0.3972359895706177
0.37482878565788263
0.49271017313003534
0.3994205892086029
0.3577035963535309
0.49199238419532776
0.39954736828804016
0.3958761692047119
0.47245115041732794
0.41404184699058527
0.450989156961441
0.46593520045280457
0.4266133904457092
0.40810275077819824
0.40926563739776606
0.36730322241783137
0.48721492290496826
0.4183975160121918
0.3712801039218903
0.402521938085556
0.4280391931533813
0.38407158851623535
0.40382757782936096
0.3302136957645416
0.3858875930309296
0.41741636395454407
0.3502964675426483
0.4042918384075165
0.3715336322784424
0.38439193367958074
0.4413987100124359
0.3521917164325714
0.3600362539291382
0.38275495171546936
0.4006611406803131
0.3418732285499573
0.35679394006729126
0.43722736835479736
0.36061942577362066
0.42013099789619446
0.38904890418052673
0.36934682726860046
0.4359270036220551
0.3892769515514374
0.4166837930679321
0.41149485111236567
0.34794363379478455
0.45117613673210144
0.3717813789844513
0.40006384253501887
0.4730578660964966
0.41748568415641774
0.34540605545043945
0.3563624620437622
0.42285206913948054
0.4295918047428131
0.4041823446750641
0.3769437968730927
0.4287662208080292
0.3746179640293121
0.3323652744293213
0.44355079531669617
0.3675623536109924
0.34888389706611633
0.40074020624160767
0.379105806350708
0.3705970644950866
0.416915625333786
0.39374831318855286
0.3963458836078644
0.4174706637859344
0.44979265332221985
0.4495639801025391
0.36169290542602534
0.3549072742462158
0.37882342934608454
0.3733345568180084
0.37507781386375433
0.37999650835990906
0.3529166877269745
0.379492461681366
0.3881837725639343
0.3622034788131714
0.48588004708290095
0.3794555962085724
0.3851737082004547
0.37379148602485657
0.3618364334106445
0.3767970502376556
0.3843080103397369
0.4411980807781219
0.3943496644496918
0.410945862531662
0.45794132351875305
0.393161416053772
0.3657438457012177
0.3681202530860901
0.4192462861537933
0.40926867723464966
0.3984542787075042
0.49371185898780817
0.3765393495559692
0.38565763831138605
0.4287460744380951
0.3404354751110077
0.44106960296630854
0.3860765397548676
0.39238861203193665
0.4613848328590393
0.38957646489143366
0.4196380376815796
0.4189675748348236
0.38518279790878296
0.4966439604759216
0.3243418335914612
0.3745776116847992
0.4232129752635956
0.43814593553543085
0.3874845504760742
0.39194536209106445
0.43272885680198664
0.44268104434013367
0.46871075034141535
0.3927156627178192
0.4347231984138489
0.4202353358268738
0.4709123969078064
0.4376210868358612
0.4411239922046661
0.3704158961772919
0.4067092537879944
0.4491100013256073
0.3803690969944
0.3481595814228058
0.4390357732772827
0.4694959819316864
0.38013112545013433
0.4070687294006348
0.47902762889862066
0.3987498879432678
0.456023782491684
0.4734878540039063
0.3671696186065674
0.3966021239757538
0.40615728497505194
0.38070389628410334
0.4293909966945648
0.4351629018783569
0.3904898166656494
0.4062113463878632
0.38037729263305664
0.4588485658168793
0.398038774728775
0.37362205982208246
0.36458465456962585
0.34392890334129333
0.48634096980094904
0.4821411669254303
0.36819443106651306
0.3926756381988525
0.41613605618476873
0.37636682391166687
0.4943788945674896
0.39954429864883423
0.4053343832492828
0.38370785117149353
0.4024704396724701
0.3871943652629852
0.4011253118515015
0.4381097853183746
0.48897162079811096
0.38180345296859747
0.44930553436279297
0.3707499206066132
0.39872118830680847
0.356613963842392
0.38573706150054926
0.4407584965229034
0.39854151010513306
0.4286731481552124
0.47137412428855896
0.4459840953350067
0.4312394559383392
0.37817707657814026
0.39144879579544073
0.43981906771659846
0.3841221332550049
0.38791796565055847
0.40345147252082814
0.40095213055610657
0.36361786723136896
0.40391167998313904
0.4059228003025055
0.3775103986263275
0.42452725768089294
0.43910187482833857
0.45294326543807983
0.3418698012828827
0.4147384166717529
0.46012130379676813
0.37244087457656866
0.41525399684906006
0.4609279334545136
0.4363984763622284
0.40144407749176025
0.40803018212318415
0.3875434100627899
0.38538441061973566
0.372344583272934
0.3365301787853241
0.37816497683525085
0.3985419273376465
0.3574999272823334
0.3976587951183319
0.44126757979393005
0.3823572099208832
0.4359168410301208
0.402712881565094
0.4245750606060028
0.3602934181690216
0.4312877953052521
0.36642959713935846
0.3655989766120911
0.4459479153156281
0.3387138545513153
0.3818893134593964
0.39876219630241394
0.4294349253177642
0.4111955463886261
0.4466280937194824
0.4247220158576965
0.4762493371963501
0.39218670129776
0.42879635095596313
0.355501264333725
0.4439457952976226
0.38895881175994873
0.3598465621471405
0.3396032452583313
0.36457628011703486
0.39364728331565857
0.3881002962589264
0.3867955803871154
0.41132703423500067
0.3541850745677948
0.42142370343208313
0.37935706973075867
0.35688745975494385
0.35315051674842834
0.40860930085182184
0.37539997696876526
0.3909989893436432
0.44965228438377375
0.39119631052017206
0.44608274102211
0.4063437283039093
0.40474477410316473
0.4147213399410248
0.40034383535385126
0.4221198856830597
0.39263716340065
0.45231452584266657
0.3544251620769501
0.3971519768238068
0.3474551737308502
0.4287149012088776
0.3801209628582001
0.37694475054740906
0.36130180954933167
0.3747399151325226
0.3783112764358521
0.38185366988182073
0.3704699575901032
0.37076613306999207
0.4063661694526672
0.36054202914237976
0.4224126636981964
0.4016588628292084
0.43140920996665955
0.36569729447364807
0.4033933579921722
0.392428994178772
0.3828634917736053
0.43520763516426086
0.35786595940589905
0.36517459154129034
0.4069634079933167
0.4096009433269501
0.3756324052810669
0.37068453431129456
0.3973088264465332
0.4418450891971588
0.3796238005161285
0.3841159343719482
0.35521283745765686
0.365177184343338
0.37401151657104487
0.4374285638332367
0.4299223124980927
0.4256737530231476
0.41751676797866816
0.4675314724445343
0.3643189370632172
0.4415799677371978
0.38530486822128296
0.36762705445289606
0.3335738778114319
0.40776064991950983
0.41953375935554493
0.3312216103076935
0.4554190933704376
0.396175354719162
0.47099515795707697
0.4198298752307892
0.43506756424903864
0.431289941072464
0.3853683173656464
0.3440559506416321
0.428150087594986
0.427724003791809
0.3741762638092041
0.3787901699542999
0.4094532430171967
0.3996236622333527
0.43176209926605214
0.45787546038627613
0.3778278529644013
0.4466117918491364
0.4387784004211426
0.3701907098293304
0.46842238306999207
0.4000947177410126
0.3393271863460541
0.4385969340801239
0.36533430218696594
0.44769719243049616
0.4323361217975616
0.3942315280437469
0.3978913426399231
0.32262665033340454
0.41528594493865967
0.4171592593193054
0.38889625668525696
0.4213054180145264
0.40174642205238337
0.3996521830558777
0.36148250102996826
0.324755996465683
0.3539022505283356
0.3854085803031921
0.35678431391716003
0.3675185143947601
0.4168789088726044
0.3775630593299866
0.3931795060634613
0.43136435747146606
0.3904530704021454
0.3235127031803131
0.38760557770729054
0.380620002746582
0.4157181084156036
0.35512205958366394
0.42609968781471247
0.4529825747013092
0.4068003594875336
0.4650122821331024
0.4027943313121796
0.3925442695617676
0.4014472365379333
0.396073043346405
0.42773661017417913
0.3815142512321472
0.3857430517673493
0.41490110754966736
0.3872022032737732
0.3956491947174072
0.3900091946125031
0.37297323346138
0.445728212594986
0.39902445673942566
0.3877581655979157
0.36541041731834406
0.4666672646999359
0.37901815772056574
0.3947346806526184
0.3819732666015625
0.3665712177753448
0.3983803391456604
0.3436600863933563
0.3533627688884735
0.43299615383148193
0.4526583850383759
0.4800238609313965
0.4490329325199127
0.34628817439079285
0.41249823570251454
0.36976382136344904
0.3448893129825592
0.49160495400428766
0.3537902235984802
0.367199182510376
0.42014119029045105
0.47000810503959656
0.4578121602535248
0.4205574989318848
0.4729826748371124
0.4311282336711884
0.4086564183235168
0.36931064724922175
0.37502488493919367
0.3944852650165558
0.3807976245880127
0.43586298823356634
0.3762228786945343
0.36353480815887446
0.35638734698295593
0.395405262708664
0.322837233543396
0.38877406716346735
0.3958224654197693
0.3577388823032379
0.40195563435554493
0.40460607409477234
0.35868948698043823
0.3855896294116974
0.4785252213478088
0.3549592196941376
0.48683121800422663
0.42395254969596863
0.3458923101425171
0.3795085251331329
0.4274605810642242
0.3902688026428223
0.3612363934516906
0.3820693790912628
0.35380682349205017
0.39084121584892273
0.46227115392684937
0.4309287667274475
0.513041079044342
0.39071947336196894
0.3783869445323944
0.36914369463920593
0.39390042424201965
0.3608951270580292
0.4211824238300323
0.3927107751369476
0.38571566343307495
0.4315613806247711
0.3941628634929657
0.4615069329738617
0.4101894199848175
0.3839045464992523
0.33591875433921814
0.36693319678306574
0.41498741507530207
0.3656423687934875
0.35762330889701843
0.3690854012966156
0.35671067237854004
0.4182884395122528
0.37031206488609314
0.4717441499233246
0.4125498533248901
0.423977255821228
0.45487412810325617
0.4203674495220184
0.4235593378543854
0.4516329765319824
0.3756774365901947
0.3734805881977081
0.3863535821437836
0.406333863735199
0.4415203332901001
0.34986817836761475
0.4155120551586151
0.3813770711421967
0.3941390812397003
0.44007286429405207
0.4094198346138
0.4597841799259186
0.43608692288398737
0.37608554959297186
0.3973276913166046
0.38660898804664606
0.4171600043773651
0.4112354218959808
0.353544145822525
0.4058138132095337
0.4310117661952973
0.39465656876564026
0.42988073825836176
0.36016255617141724
0.49339058995246887
0.36067554354667664
0.4085330665111542
0.3472916185855865
0.4223158061504364
0.4027006328105927
0.3950749933719635
0.3683965504169464
0.4764759242534637
0.39641323685646057
0.38100066781044006
0.36312267184257513
0.3781961500644684
0.38069432973861694
0.4113865792751312
0.42832648754119873
0.39150911569595337
0.4835845232009888
0.42020106315612793
0.4378040134906769
0.4143877923488617
0.41236832737922663
0.3837858438491821
0.3175716698169708
0.3595888912677765
0.3661757409572601
0.4313381016254425
0.40515926480293274
0.38667753338813776
0.35366538166999817
0.36275866627693176
0.3561048805713653
0.49510890245437617
0.4228809773921967
0.3476622998714447
0.4065581858158112
0.39652976393699646
0.3471832573413849
0.4126071631908417
0.4021129310131073
0.38003721833229054
0.37333419919013977
0.3751676976680756
0.4435495734214783
0.3808322846889496
0.3639594912528992
0.3538670837879181
0.3918012082576752
0.5003561973571777
0.35157594084739685
0.44032436609268183
0.41282007098197937
0.48463115096092224
0.4233349859714508
0.4484274685382843
0.37080052495002747
0.33431878685951233
0.34945601224899286
0.3824701607227325
0.4014410674571991
0.3860972225666046
0.365278035402298
0.36136448383331293
0.3719685673713684
0.3808892071247101
0.3705640137195587
0.3437059819698334
0.3523620665073395
0.36981815099716187
0.43988093733787537
0.35870763659477234
0.45472100377082814
0.37312874197959894
0.3219616115093231
0.46744155883789057
0.4296638071537018
0.39991733431816096
0.41972577571868896
0.4282408654689789
0.4170401990413666
0.37471649050712585
0.34362584352493286
0.3706195652484894
0.40825495123863215
0.39257183670997614
0.4018674492835999
0.4376169741153717
0.3855960071086884
0.4090074598789215
0.44212082028388977
0.42021626234054565
0.3348076045513153
0.3736010789871216
0.39148545265197754
0.40968266129493713
0.35972514748573303
0.3597550094127655
0.46893489360809326
0.40397378802299494
0.3643662333488464
0.45529940724372864
0.40228244662284846
0.4437432587146759
0.458427220582962
0.41452434659004206
0.35910484194755554
0.4206688106060028
0.4426025450229645
0.3674539625644684
0.41592791676521296
0.40263780951499933
0.42502206563949585
0.3651317358016968
0.3967483341693878
0.40667667984962463
0.4194271266460418
0.40668526291847223
0.38369622826576233
0.3763628900051117
0.4570269286632538
0.39492347836494446
0.35491833090782166
0.3875252306461334
0.46169450879096974
0.3983391225337982
0.3970243036746978
0.38625797629356384
0.4053725898265839
0.3885367810726166
0.40717795491218567
0.4639386534690857
0.46308699250221247
0.41317757964134216
0.3920574486255646
0.28794029355049133
0.41657918691635126
0.4056118428707122
0.3725399971008301
0.37446355819702154
0.3819449841976166
0.45416191220283514
0.40097564458847046
0.33633169531822205
0.4082046151161194
0.3749728500843048
0.39577299356460566
0.39322867989540095
0.4251366555690765
0.38469597697258
0.41624960303306574
0.3724397420883178
0.37836301326751703
0.39171227812767034
0.3934660851955414
0.3767276108264923
0.3762730062007904
0.3722005784511566
0.36275574564933777
0.40290516614913935
0.4036285281181336
0.43992152810096735
0.3880770206451416
0.3735421597957611
0.32561078667640686
0.37241202592849726
0.38734528422355646
0.4242551624774933
0.48766341805458074
0.4271433651447296
0.3975287973880768
0.4495371282100677
0.4146081805229187
0.488302618265152
0.3802191019058228
0.43137767910957336
0.433013528585434
0.37472125887870794
0.34129491448402405
0.35922691226005554
0.3962146043777466
0.37275058031082153
0.4709211885929108
0.38334873318672175
0.3911006152629852
0.462216317653656
0.44325405359268183
0.41636195778846735
0.412901908159256
0.44157013297080994
0.4068773686885834
0.37982985377311707
0.3810326755046845
0.37259104847908014
0.4349575936794281
0.34326958656311035
0.40994864702224726
0.396607518196106
0.4592969715595245
0.39687743782997126
0.39504054188728327
0.38773572444915766
0.34122252464294434
0.38963890075683594
0.3710135519504547
0.3879680931568146
0.3321988880634308
0.4236313998699188
0.3137478232383728
0.39997276663780207
0.3487384617328644
0.37775319814682007
0.33760565519332886
0.38721632957458496
0.38255056738853455
0.3797490894794464
0.3981436192989349
0.39997708797454834
0.339972585439682
0.4457165896892548
0.3603724539279938
0.37293365597724915
0.47288426756858826
0.3697274923324585
0.4360595643520355
0.3885643780231476
0.44423076510429377
0.36488607525825506
0.399126261472702
0.3846839070320129
0.39953112602233887
0.3797533512115479
0.4996620714664459
0.4234364926815033
0.4164372980594635
0.3831557929515839
0.40759786963462824
0.42880669236183167
0.44246292114257807
0.4272347092628479
0.4285402297973633
0.3877178132534027
0.44938555359840393
0.42051431536674494
0.4613920748233795
0.4033151566982269
0.4034498035907745
0.3609164953231812
0.40836617350578314
0.3710617423057556
0.4617327749729157
0.4439393579959869
0.4380552172660828
0.3934806287288666
0.414031445980072
0.48474094271659846
0.4122296273708344
0.40955314040184015
0.38640403747558594
0.41726425290107727
0.4474672377109528
0.37893694639205927
0.46190193295478815
0.38607493042945856
0.494071900844574
0.38784489035606384
0.42397594451904297
0.3597719967365265
0.39136284589767456
0.3790135681629181
0.352022260427475
0.39671275019645685
0.34644749760627747
0.44350227713584894
0.36748799681663513
0.399548202753067
0.33323612809181213
0.3447903096675873
0.38462182879447937
0.3910451531410217
0.4036872684955597
0.3596956431865692
0.3645720183849335
0.3775073885917664
0.4727783203125
0.3713541626930237
0.3748187720775604
0.43927469849586487
0.4081937670707703
0.3666017651557922
0.4305355250835418
0.3960271179676056
0.4303700923919678
0.3859086334705353
0.38069534301757807
0.3680555522441864
0.4561166763305664
0.3653662204742432
0.4346643388271332
0.4030776917934418
0.34839117527008057
0.3645232021808624
0.372404009103775
0.36166980862617487
0.36881884932518005
0.4375061690807343
0.45584791898727417
0.3780914843082428
0.37157467007637024
0.45111444592475886
0.4597971141338348
0.3557638525962829
0.47144606709480286
0.3358898460865021
0.41218638420104975
0.48536929488182073
0.4333040416240692
0.39868286252021784
0.4327102601528168
0.300811767578125
0.37124916911125183
0.4292167127132416
0.3448598980903625
0.38508674502372736
0.4068166315555573
0.35963791608810425
0.4109622240066528
0.4220719635486602
0.3901085257530213
0.4407858848571777
0.38528928160667414
0.40948727726936335
0.38096705079078674
0.4150798618793488
0.36942288279533386
0.34543436765670776
0.375325471162796
0.38235703110694885
0.3902983963489533
0.39835497736930847
0.4060318171977997
0.4033933579921722
0.3719803392887115
0.3656635284423828
0.3714477717876434
0.38085016608238226
0.36145564913749695
0.39164242148399353
0.4735640585422516
0.3534455001354217
0.4543269574642181
0.4195421636104584
0.4577551782131195
0.3878161013126373
0.40949708223342896
0.3557766377925873
0.4189193844795227
0.4100305140018463
0.39697420597076416
0.43252059817314154
0.3947302401065826
0.33554679155349726
0.4326769411563873
0.39573207497596735
0.3876397311687469
0.3868649303913117
0.4806635081768036
0.39911893010139465
0.4186798632144928
0.3558568060398102
0.4458222091197968
0.3937065899372101
0.41422683000564575
0.39847597479820246
0.3607568442821503
0.45578974485397333
0.45806631445884705
0.3702000677585602
0.48223569989204407
0.3855339586734772
0.4280606508255005
0.4310971200466156
0.4831823408603668
0.3760065734386444
0.394506186246872
0.39725604653358454
0.46577122807502747
0.37851056456565857
0.47227177023887634
0.34928077459335327
0.45667725801467896
0.3804154098033905
0.43604221940040583
0.4197774827480316
0.4300498068332672
0.38520348072052
0.38691380620002747
0.39213898777961725
0.3714081943035126
0.37599533796310414
0.5016235113143921
0.46009284257888794
0.4782105684280396
0.35179585218429565
0.4555659890174866
0.3726011514663696
0.3891514837741852
0.4303965866565704
0.4482054710388184
0.3660450279712677
0.45845189690589905
0.4304902255535126
0.44430714845657354
0.38746830821037287
0.39717289805412287
0.3820402324199677
0.39528343081474304
0.40037849545478815
0.4391545057296753
0.41213679313659674
0.3838355839252472
0.46210184693336487
0.4101551771163941
0.4615252315998077
0.3754574656486511
0.3681681454181671
0.36353534460067755
0.3794574737548828
0.3445950150489807
0.423162579536438
0.3500387370586395
0.36740341782569885
0.40281713008880615
0.4394338428974152
0.32612064480781555
0.3526844084262848
0.40154585242271423
0.44373759627342224
0.4661581814289093
0.41808807849884033
0.33316048979759216
0.3773997128009796
0.44276174902915955
0.3392013907432556
0.37456563115119934
0.4520501494407654
0.49647304415702814
0.39474907517433167
0.4239589869976044
0.4008447825908661
0.38858839869499207
0.41023293137550354
0.33363795280456543
0.42617389559745783
0.352931410074234
0.3730487525463104
0.3716409504413605
0.4815625548362732
0.480998158454895
0.44385719299316406
0.3607386648654938
0.37907907366752625
0.44636595249176025
0.38750115036964417
0.4912583529949188
0.41281986236572266
0.4038220643997192
0.4079284369945526
0.4438047707080841
0.34005177021026606
0.3899253308773041
0.4148106276988983
0.39152055978775024
0.41674208641052246
0.34851402044296265
0.38881704211235046
0.39408382773399353
0.39669135212898254
0.3861878216266632
0.398313581943512
0.342058539390564
0.41328296065330505
0.40471607446670527
0.41796332597732544
0.34611651301383967
0.32626470923423767
0.3832028806209564
0.41040095686912537
0.3907955884933472
0.43194940686225886
0.4218132197856903
0.40331605076789856
0.4319678246974945
0.3592863976955414
0.4122875928878784
0.35511577129364014
0.4315735697746277
0.395852655172348
0.37917530536651606
0.3853632807731629
0.37828484177589417
0.4023971259593964
0.4146622717380524
0.4236731827259064
0.3810309767723083
0.437201738357544
0.3993839323520661
0.35200753808021545
0.42797234654426575
0.40282994508743286
0.43375375866889954
0.3757298290729522
0.43682906031608576
0.367219477891922
0.40347200632095337
0.37195917963981623
0.44340926408767695
0.3703366816043854
0.4138427674770355
0.32370787858963007
0.4538423717021942
0.39109143614768976
0.3737687170505524
0.4715241193771362
0.3520309031009674
0.3723174333572388
0.40487608313560486
0.36688870191574097
0.35137632489204407
0.3503290116786957
0.39719316363334656
0.377844363451004
0.3670919835567474
0.4891030490398407
0.4015155136585236
0.3855001032352448
0.40637123584747314
0.4251661002635956
0.35963425040245056
0.3480766713619232
0.466194361448288
0.3466087877750397
0.43590494990348816
0.4175935685634613
0.3521946966648102
0.435463696718216
0.4400469064712525
0.41872221231460566
0.35183021426200867
0.35554566979408264
0.3761395514011383
0.4169923961162567
0.3883792757987976
0.4162994921207428
0.4352072179317474
0.40857073664665217
0.3861725628376007
0.4169029593467712
0.3817002475261688
0.5025278329849243
0.3919290900230408
0.3896504044532776
0.4308907687664032
0.38290581107139593
0.40319970250129694
0.35138288140296936
0.38664641976356506
0.4055737853050232
0.36264905333518976
0.41923871636390686
0.40196892619133
0.3790337145328522
0.43005147576332087
0.3783778250217438
0.38441187143325806
0.46076101064682007
0.373096376657486
0.3984263241291046
0.37432131171226496
0.4524257481098175
0.37098053097724915
0.4137352406978607
0.45803186297416687
0.4293039739131928
0.4122025072574616
0.4349172711372376
0.42265573143959045
0.3937826752662658
0.40196478366851807
0.4326164424419403
0.36572152376174927
0.4133978188037872
0.3878115713596344
0.41228708624839777
0.3822040855884552
0.3955064117908478
0.395744264125824
0.4061009287834168
0.3734651803970337
0.4561556875705719
0.3768646419048309
0.3798334896564484
0.38200774788856506
0.43132245540618896
0.37343671917915344
0.380166620016098
0.4104578495025634
0.4523634612560272
0.46193677186965937
0.3511510491371155
0.40035948157310486
0.3976936340332031
0.3816092908382416
0.46350264549255366
0.41528671979904175
0.4761364758014679
0.3819495737552642
0.3536592721939087
0.40546271204948425
0.41920134425163275
0.34281307458877563
0.41587474942207336
0.38018843531608576
0.4561874866485596
0.4535329639911652
0.39136198163032526
0.3674502372741699
0.3943653404712677
0.3519074618816376
0.4652595818042755
0.4361399114131928
0.3813028633594513
0.34300899505615234
0.4623444676399231
0.39460459351539606
0.3727545440196991
0.4177540242671967
0.458141952753067
0.3941856920719146
0.459723562002182
0.43773409724235535
0.3780140578746796
0.43178063631057734
0.40629222989082336
0.3827138841152191
0.3706569373607635
0.39465281367301935
0.42678818106651306
0.38752248883247375
0.44677501916885376
0.3951399028301239
0.40319505333900446
0.4005678594112396
0.4437972605228424
0.35479721426963806
0.3615747392177582
0.36375817656517034
0.4565025269985199
0.4440857470035553
0.36893734335899353
0.39100536704063416
0.3793179094791412
0.47423055768013
0.4494248926639557
0.4558568596839905
0.4166993796825409
0.3668598234653473
0.35599628090858454
0.3723999559879303
0.44623625278472895
0.372471421957016
0.4051000773906708
0.4458922743797302
0.35702934861183167
0.4528760015964508
0.36974766850471497
0.4546302855014801
0.351270467042923
0.4117558598518372
0.48663958907127375
0.4508162438869476
0.3726149797439575
0.4349041283130646
0.36903172731399536
0.37749162316322327
0.476786345243454
0.4015272557735443
0.38186630606651306
0.3866615891456604
0.392531543970108
0.3721328675746918
0.4076061546802521
0.38196158409118647
0.4110521972179413
0.3718116879463196
0.36631229519844055
0.35109978914260864
0.388001024723053
0.4205264449119568
0.395481675863266
0.3696838915348053
0.39922347664833063
0.32414063811302185
0.3935253024101257
0.4317200481891632
0.5003748536109924
0.44286772608757013
0.394213616847992
0.5041602253913879
0.3242101073265076
0.3816111385822296
0.3923244178295136
0.36730736494064326
0.3903833329677582
0.41905537247657776
0.4486342370510101
0.41122338175773615
0.38789823651313776
0.516547441482544
0.3937736749649048
0.42604005336761475
0.4639893472194672
0.46771600842475886
0.38412797451019287
0.39766374230384827
0.38440731167793274
0.42228302359580994
0.45948606729507446
0.46024268865585327
0.42827156186103826
0.37371203303337097
0.39694613218307495
0.40195691585540766
0.43510106205940247
0.4789447486400604
0.38918098807334894
0.4630039632320404
0.3865753710269928
0.3820005357265472
0.37928566336631775
0.3630818724632263
0.42814281582832336
0.3354993760585785
0.40328213572502136
0.38194677233695984
0.4508005082607269
0.39789167046546936
0.39637526869773854
0.3854048252105713
0.37608233094215393
0.3617564737796784
0.4271337687969208
0.46892109513282776
0.39701882004737854
0.3881208002567291
0.38733407855033875
0.37758120894432073
0.4311068058013916
0.37552937865257263
0.35210493206977844
0.3531514108181
0.3447609543800354
0.3817227780818939
0.4219773709774017
0.3688831031322479
0.4442378878593445
0.41978320479393005
0.38258606195449835
0.3750788867473602
0.4175677299499512
0.42664915323257446
0.3966324925422669
0.43334051966667175
0.37006038427352905
0.3877110183238983
0.416066974401474
0.3793705999851226
0.3793345391750336
0.3871181011199951
0.42856296896934504
0.4595857560634613
0.34202718734741205
0.45494973659515375
0.36677137017250067
0.43281725049018854
0.35314294695854187
0.37061360478401184
0.4493435025215149
0.3696898519992828
0.4158438146114349
0.386292427778244
0.367744505405426
0.4570933878421784
0.41903397440910334
0.4302797317504882
0.3797594606876373
0.3793157041072845
0.38876721262931824
0.409788191318512
0.40653249621391296
0.41032788157463074
0.4949285089969635
0.45316037535667414
0.4281433522701264
0.5126592516899109
0.38304945826530457
0.3808680176734924
0.4250148832798004
0.3938688337802887
0.37934249639511114
0.464152067899704
0.4259450733661652
0.36509343981742853
0.3754490911960602
0.38202565908432007
0.3634177446365357
0.4330972731113434
0.389121949672699
0.3551774322986603
0.40419334173202515
0.4624724090099335
0.3417827785015106
0.37389799952507013
0.4011480510234833
0.38326331973075867
0.43389549851417536
0.37204676866531367
0.4395346939563751
0.41641739010810846
0.3842368423938751
0.3860814869403839
0.388270229101181
0.4100379347801208
0.42280545830726624
0.4377448856830597
0.3724733293056488
0.3748874366283417
0.4734786450862885
0.38186568021774286
0.4194874167442322
0.38750892877578735
0.38461241126060486
0.44658330082893366
0.3851516544818878
0.474478542804718
0.43988087773323054
0.4239617884159088
0.44875898957252497
0.38360059261322016
0.4084452688694
0.4382210075855255
0.44452047348022466
0.42154222726821894
0.38289424777030945
0.44530227780342096
0.39797595143318176
0.31909704208374023
0.4136767089366913
0.4162794649600983
0.38402271270751953
0.4196989238262177
0.4729022085666656
0.4086931049823761
0.41380244493484497
0.4016532897949218
0.38342019915580744
0.3964987099170685
0.3699198663234711
0.42600390315055847
0.399237722158432
0.4118935167789459
0.43635812401771545
0.417953222990036
0.45248690247535706
0.46682468056678766
0.3880091309547424
0.42575803399086
0.40538933873176575
0.3961150348186493
0.3679461181163788
0.3978029489517212
0.3888299763202667
0.40760874748229986
0.4117148816585541
0.4702270925045013
0.3677136600017548
0.41139549016952515
0.4255301058292389
0.4278070628643036
0.4585678279399872
0.39969256520271296
0.4370416700839996
0.39914241433143616
0.4204789102077484
0.418288379907608
0.3677901327610016
0.4304226338863373
0.4338201284408569
0.33596161007881165
0.4297727644443512
0.346603125333786
0.4847058951854706
0.44058519601821894
0.38943740725517273
0.35877403616905207
0.4583392441272736
0.36967232823371887
0.3818398416042328
0.3899083137512207
0.457852840423584
0.4340567290782928
0.38449957966804493
0.39434474706649775
0.4486120641231537
0.4877884089946746
0.3788987100124359
0.4047968685626984
0.3826675117015839
0.4096455872058869
0.4027320444583893
0.34774553775787354
0.409575492143631
0.35049694776535034
0.3859503865242004
0.4812107384204865
0.43040165305137634
0.38063970208168024
0.43591827154159546
0.39429375529289246
0.43815281987190247
0.4209510982036591
0.3972920477390289
0.38748785853385925
0.3612799048423767
0.4527249336242676
0.36771330237388605
0.47824677824974066
0.3779204487800598
0.3500799834728241
0.39181044697761536
0.3766014277935028
0.44756031036376953
0.40299817919731135
0.3861353099346161
0.33825239539146423
0.3572154939174652
0.3793936669826508
0.4408625662326813
0.4148967266082764
0.435727596282959
0.3593134582042694
0.484386533498764
0.4862777292728424
0.4294992983341217
0.4409004151821136
0.48751711845397944
0.38577568531036377
0.4551807940006256
0.48298802971839905
0.3768041431903839
0.4579758942127228
0.38837876915931696
0.3888828456401825
0.33630773425102234
0.36251553893089294
0.3450483977794647
0.3513506352901459
0.40364360809326166
0.4228692352771759
0.3914396464824677
0.34554991126060486
0.383259117603302
0.41133674979209894
0.3741375207901001
0.36704632639884954
0.43460479378700256
0.4881691038608551
0.4030638039112091
0.4176803827285767
0.37425351142883295
0.4644143879413605
0.4324267208576202
0.4729653298854828
0.4250046908855438
0.33069953322410583
0.4059707820415497
0.4096277058124542
0.47574639320373535
0.37761452794075007
0.4476962983608246
0.4061273634433746
0.4821456372737885
0.4896667301654816
0.3413260877132416
0.4192151725292206
0.4493448138237
0.39835968613624567
0.3711041510105133
0.4427702128887177
0.4207023084163666
0.37611749768257136
0.4282052218914032
0.36769017577171326
0.4112547636032104
0.3936469554901123
0.40227082371711725
0.42775323987007136
0.4448461830615997
0.37036660313606257
0.4168992936611176
0.4770058989524841
0.3413125276565552
0.4428267776966095
0.3601517975330353
0.4884273111820221
0.4429255723953247
0.3621864914894104
0.3871422111988068
0.38643321394920344
0.4565515816211701
0.4786048829555512
0.37145373225212097
0.3832099735736847
0.3951188921928406
0.4171647727489472
0.3854787647724152
0.39226892590522766
0.44836094975471497
0.41547295451164246
0.455271303653717
0.39871734380722046
0.41343453526496887
0.45811012387275696
0.4383698999881744
0.3988370001316071
0.4183395802974701
0.5293958187103271
0.414348691701889
0.43535959720611567
0.4400306046009064
0.35827311873435974
0.4064680933952332
0.3785749971866608
0.37663379311561584
0.3980562388896942
0.3835843205451965
0.46166750788688654
0.45402723550796503
0.39136081933975214
0.3632356226444244
0.3910351991653442
0.3712211847305298
0.4730615317821503
0.4246796667575836
0.36228838562965393
0.451203316450119
0.3924346268177032
0.4015393257141113
0.39513120055198664
0.38410073518753046
0.4228219091892242
0.3225578963756561
0.4377678334712982
0.3721249997615814
0.35715290904045105
0.4416869580745697
0.4047931432723999
0.39016839861869806
0.4373790919780731
0.45589509606361384
0.3886316120624542
0.39087426662445063
0.3449619710445404
0.4326541125774384
0.36628222465515137
0.43969258666038513
0.39045295119285583
0.4422211349010468
0.4004753232002258
0.42523241043090815
0.3751377761363983
0.4159257113933563
0.4226759970188141
0.3735129535198212
0.395454078912735
0.3834120929241181
0.36898243427276606
0.4050777852535248
0.4833784103393554
0.4164526164531708
0.4102304875850677
0.39729413390159607
0.42730376124382013
0.34776332974433893
0.3707519769668579
0.3717682659626007
0.3940387666225433
0.4454251229763031
0.4215475618839264
0.37004327774047846
0.39283427596092224
0.444825142621994
0.4312765300273895
0.41078677773475647
0.4000560641288757
0.41715285181999207
0.3828084468841553
0.3895944058895111
0.4084383547306061
0.3792218267917633
0.40541711449623113
0.4021110236644745
0.420236200094223
0.3736253082752228
0.37591609358787537
0.383870542049408
0.4178488552570343
0.3877486288547516
0.336111843585968
0.3867257535457611
0.36403557658195496
0.3405640125274658
0.440818190574646
0.46539562940597534
0.37064155936241144
0.4226926267147064
0.37011271715164173
0.43557068705558777
0.39028814435005194
0.43851062655448914
0.3670833110809326
0.41417065262794495
0.34166815876960754
0.39241084456443787
0.3669716417789459
0.34856346249580383
0.341049998998642
0.4105824530124664
0.399292916059494
0.392798125743866
0.37615659832954407
0.36077618598937994
0.41265055537223816
0.4195816218852997
0.399618774652481
0.39122840762138367
0.380710631608963
0.37977856397628784
0.4394595921039581
0.3821263313293457
0.4130666553974152
0.34282514452934265
0.3917379081249237
0.423662006855011
0.42058405280113215
0.3833580315113068
0.38168206810951233
0.3869470655918121
0.3926060199737549
0.39705613255500793
0.3599307835102081
0.38619232177734375
0.38327434659004206
0.3527600169181824
0.36732456088066096
0.3993062674999237
0.40500447154045105
0.3747068345546722
0.46715202927589417
0.42944404482841486
0.46311900019645685
0.3373085856437683
0.4052204489707946
0.3722946345806122
0.4115781486034393
0.36633542180061346
0.4291642904281616
0.39410266280174255
0.3517582416534424
0.3288293182849884
0.39355632662773127
0.3538605570793152
0.38631835579872126
0.44124308228492737
0.37567886710166926
0.3374684154987335
0.3912287652492523
0.4263083636760712
0.4976138174533844
0.3908767998218536
0.40867316722869873
0.46637883782386774
0.4492971003055573
0.4077305793762207
0.48996961116790766
0.38239830732345587
0.3856103718280792
0.38849928975105286
0.3760539591312408
0.3715292811393738
0.3669309914112091
0.30913776159286493
0.47072833776474
0.4227572679519653
0.37754750251770014
0.39486867189407354
0.41373661160469055
0.39776459336280817
0.33972859382629395
0.3967908322811127
0.3879542052745819
0.3539334833621979
0.45227101445198054
0.3772814273834229
0.41516515612602234
0.4116855561733246
0.37243375182151794
0.4185121655464172
0.42206946015357966
0.4361598193645477
0.3762836456298828
0.42383795976638794
0.4016181528568268
0.40042200684547424
0.33925941586494446
0.3731178939342498
0.3901316821575165
0.37456840276718134
0.3825908601284027
0.45887324213981623
0.46861171722412104
0.43716040253639216
0.45094114542007446
0.43691501021385193
0.45434543490409846
0.4201276004314423
0.4120831787586212
0.3750874102115631
0.4406277537345886
0.36238735914230347
0.40650874376297
0.42506483197212214
0.34947818517684937
0.3965504765510559
0.4168689548969269
0.3779411315917969
0.453116238117218
0.3825424015522003
0.3438268005847931
0.35478201508522034
0.4795865714550018
0.3895339965820313
0.3922080099582672
0.4737915992736816
0.3692778646945953
0.37216970324516296
0.3344021737575531
0.40108802914619446
0.4427416324615479
0.4044633209705353
0.36616674065589905
0.35211220383644104
0.4127292037010193
0.44424107670784
0.39927050471305847
0.4468415081501007
0.4401935338973999
0.3730631470680237
0.3862947523593903
0.3685928285121918
0.36940941214561457
0.40318220853805536
0.47467473149299616
0.38653406500816345
0.3876451253890991
0.3588123917579651
0.43543961644172663
0.40723717212677
0.44864192605018616
0.40277847647666926
0.37362444400787354
0.41783341765403753
0.3835776448249817
0.4238250255584717
0.4063892960548401
0.38699761033058167
0.36751607060432434
0.3737781047821045
0.37589672207832336
0.4437816739082336
0.41554322838783264
0.4204771816730499
0.40361431241035456
0.4120460450649261
0.4542693793773651
0.3705172538757324
0.4036805331707001
0.392128735780716
0.42137300968170166
0.3807769119739533
0.3994879424571991
0.4134620726108551
0.4261057078838348
0.3937653005123138
0.4437956809997559
0.36729228496551514
0.3582085967063904
0.4186271131038666
0.3853828608989716
0.3844991624355316
0.40494969487190247
0.390448659658432
0.35965296626091003
0.41688525676727295
0.39046269655227667
0.42230865359306335
0.3724593222141266
0.3853203356266022
0.3722237348556519
0.37888532876968384
0.42954468727111816
0.342017263174057
0.42021611332893366
0.39054346084594727
0.36169353127479553
0.383495420217514
0.3535701334476471
0.4088033437728882
0.39362409710884094
0.44571134448051447
0.4310797154903412
0.37810260057449346
0.35047483444213867
0.3927105963230133
0.38746228814125055
0.38674268126487726
0.34211328625679016
0.3183503448963165
0.3832232654094696
0.3856121599674225
0.44372186064720154
0.4735340178012848
0.4587893187999725
0.4200217127799988
0.40620419383049006
0.391158789396286
0.37118047475814814
0.40477326512336725
0.3759448826313018
0.37643125653266907
0.3876586258411408
0.4524357318878174
0.35423988103866577
0.3676348328590393
0.3694003522396088
0.33448997139930725
0.3837805390357971
0.35811927914619446
0.3794843852519989
0.3656821548938751
0.39223361015319824
0.4552612900733948
0.43497851490974426
0.46540689468383784
0.439399778842926
0.3789985179901123
0.37766870856285095
0.41748932003974915
0.3647190630435944
0.389173150062561
0.4087553918361664
0.37070176005363453
0.4792991876602173
0.4335271120071411
0.3270358145236969
0.4264316260814666
0.47604942321777344
0.4268255233764648
0.35916003584861755
0.4224526286125183
0.429076224565506
0.3605450093746185
0.3593086898326874
0.4217292368412018
0.40356680750846863
0.45548173785209656
0.40865305066108704
0.43883278965950007
0.3436656892299652
0.4255390465259552
0.4002744257450104
0.46795699000358576
0.3764787614345551
0.38036584854125977
0.35524269938468933
0.37339344620704645
0.36833420395851135
0.3701246082782745
0.4308667778968811
0.4178243279457092
0.3703360259532928
0.3524169623851776
0.3944423794746399
0.41933396458625793
0.4183912575244904
0.4862228333950042
0.4055278897285461
0.412878692150116
0.41221359372138977
0.3855452835559845
0.4257047474384308
0.43423262238502497
0.3916531205177307
0.3805381655693054
0.4184337854385376
0.3958209455013275
0.39562714099884033
0.39066907763481135
0.3873245418071746
0.4798409640789032
0.41146788001060486
0.39131903648376465
0.3875965178012848
0.38731345534324646
0.4680658280849457
0.3713156282901764
0.4354923665523529
0.390512615442276
0.40447452664375305
0.400551438331604
0.39870458841323847
0.3680567443370819
0.3634149134159088
0.43950703740119934
0.3996382653713226
0.3505372703075409
0.3286316990852356
0.39695644378662104
0.3678036630153656
0.3366261422634125
0.4167425632476807
0.3682285249233246
0.45501562952995295
0.3717102408409119
0.41330862045288086
0.4405601322650909
0.3911078870296478
0.42556840181350714
0.43978187441825867
0.39923349022865295
0.43191400170326233
0.33202287554740906
0.4213451147079468
0.4996553361415863
0.4130189120769501
0.37173363566398626
0.4898980855941773
0.42096307873725886
0.34575778245925903
0.3875507116317749
0.3926563858985901
0.39149236679077143
0.39731627702713007
0.37651202082633967
0.3792069256305695
0.4338747262954712
0.35664623975753784
0.3675360381603241
0.3819869458675385
0.3684042990207672
0.38040953874588007
0.4118452072143554
0.3610704839229584
0.3925252556800842
0.3469429612159729
0.4436244964599609
0.38039097189903254
0.3764293789863586
0.43121001124382013
0.3521323502063751
0.3367849886417389
0.4674594700336456
0.34349891543388367
0.3552185595035553
0.4438787996768952
0.3964941203594208
0.36752623319625854
0.43445914983749384
0.4512361288070679
0.3805268406867981
0.323904812335968
0.43196791410446167
0.37754556536674494
0.4352640807628632
0.37315210700035095
0.3902259171009064
0.39641606807708735
0.37045791745185846
0.4158903956413269
0.41081488132476807
0.367779403924942
0.3848406374454498
0.41176506876945496
0.37285661697387695
0.3844039142131805
0.40969362854957586
0.3648567497730255
0.4601171016693115
0.45115017890930176
0.3953993618488312
0.41699662804603577
0.39200901985168457
0.37084072828292847
0.3924273252487183
0.4005845785140991
0.41576209664344793
0.3854752480983734
0.43528321385383606
0.4368647038936615
0.387797325849533
0.4289740025997162
0.4487175643444061
0.4552806317806244
0.4254767894744873
0.4131179451942444
0.36081838607788086
0.36884874105453486
0.40388086438179016
0.362973302602768
0.35993435978889465
0.4146585166454315
0.4081713557243347
0.3725054264068604
0.38130539655685425
0.3830604255199432
0.35019204020500183
0.4099116921424866
0.36075487732887274
0.37021735310554493
0.3466954529285431
0.43259057402610773
0.4911487400531769
0.370249480009079
0.4102244973182678
0.3771904408931732
0.44839248061180115
0.4486477673053741
0.40033575892448425
0.4249410331249237
0.46404269337654114
0.43681648373603826
0.4143385887145996
0.4409918487071991
0.378447026014328
0.39050501585006714
0.42812892794609064
0.34993547201156616
0.43213441967964167
0.4785239994525909
0.3650151789188385
0.4310571849346161
0.4392312169075012
0.35870739817619324
0.4149188697338104
0.39431384205818176
0.414515882730484
0.4586761891841888
0.37377277016639704
0.4273834526538849
0.46166232228279114
0.3894596993923187
0.3645937442779541
0.5085770487785339
0.395492285490036
0.35861775279045105
0.3772526979446411
0.4095865488052368
0.4084711670875549
0.43501913547515864
0.43145123124122614
0.38711246848106384
0.3420962393283844
0.3101549744606018
0.42263343930244446
0.4488830864429474
0.44608339667320246
0.39093336462974554
0.4323492348194122
0.42118602991104126
0.42988789081573486
0.4134850203990936
0.38315013051033026
0.3774139583110809
0.3852978944778442
0.3975646793842316
0.42164498567581177
0.38207024335861206
0.3675799071788788
0.4378230273723602
0.35278430581092834
0.4185420274734497
0.43266507983207697
0.36289259791374207
0.43044844269752497
0.40476927161216736
0.3909183442592621
0.36322522163391113
0.39879730343818653
0.3983481228351593
0.33105066418647766
0.4441079199314117
0.4062564373016357
0.39140430092811584
0.38822391629219055
0.4003743529319763
0.4782722294330597
0.4190749228000641
0.3928133547306061
0.4785069525241852
0.35029739141464233
0.4335764944553375
0.39217859506607056
0.37374606728553766
0.3784748911857605
0.46168011426925654
0.43358850479125977
0.43634286522865295
0.431323915719986
0.3930495083332062
0.41028770804405207
0.425128310918808
0.3616866171360016
0.4086722731590271
0.4074232578277588
0.4020529091358185
0.41650819778442383
0.3803154528141022
0.3820571601390839
0.36354893445968633
0.35332468152046204
0.3795347511768341
0.3640426099300385
0.3747044205665588
0.42222920060157776
0.37033563852310175
0.41850808262825007
0.32568082213401794
0.3864879608154297
0.4096321165561676
0.3792559206485748
0.3871956169605255
0.3755209743976593
0.3747988045215607
0.4450884759426117
0.3910353481769562
0.48440453410148626
0.3621411621570587
0.393135279417038
0.4405562579631805
0.37118199467659
0.3975798785686493
0.4043799638748169
0.5088472366333008
0.37831455469131464
0.4076084792613983
0.382854163646698
0.43793258070945734
0.4161053001880646
0.36510032415390015
0.40943971276283264
0.3969621062278748
0.33665987849235535
0.455611914396286
0.4598041772842407
0.4241280257701874
0.4384365975856781
0.4549847841262817
0.4604920446872711
0.3819999694824218
0.3326716125011444
0.37439972162246704
0.40380418300628657
0.37925571203231806
0.42620158195495605
0.4580163061618805
0.39033558964729304
0.3853603899478912
0.45631685853004456
0.3669788539409637
0.3559991419315338
0.36765587329864496
0.45711567997932434
0.37764349579811096
0.3816925585269928
0.37502846121788014
0.43601939082145685
0.39269590377807617
0.4263318479061127
0.4410325288772583
0.4220901429653168
0.41547876596450806
0.4283453524112701
0.4448193311691284
0.40896090865135193
0.37989684939384466
0.35515862703323364
0.362864077091217
0.42713549733161926
0.454682856798172
0.4543985426425934
0.3657953143119812
0.3378491699695587
0.4582041203975677
0.4064176082611084
0.44806656241416926
0.4168950617313385
0.3885651230812073
0.4998061954975128
0.3934117257595062
0.3696351647377014
0.3299124538898468
0.3825868666172028
0.3506908714771271
0.4032702744007111
0.4066616296768189
0.4085046350955963
0.46411675214767456
0.3554712235927582
0.3813968598842621
0.3086600601673126
0.3738131821155548
0.3736211359500885
0.45298609137535095
0.3527488708496094
0.3625738918781281
0.3786090016365051
0.4295545220375061
0.36606287956237793
0.42604148387908936
0.36078327894210815
0.3506982624530792
0.38616800308227534
0.43982735276222235
0.41669946908950806
0.4068216979503632
0.40384599566459656
0.4702333509922028
0.39872270822525024
0.39307776093482966
0.37717512249946594
0.41929671168327326
0.36795425415039057
0.3699077069759369
0.43145433068275446
0.46205326914787287
0.35075047612190247
0.3719077706336975
0.3653211295604706
0.38655808568000793
0.3684585690498352
0.3758401572704315
0.38759791851043696
0.35452595353126526
0.46881839632987976
0.40094855427742
0.38913071155548096
0.39699539542198176
0.4286866784095764
0.4475159049034119
0.490170568227768
0.36391374468803406
0.42561796307563776
0.36634299159049993
0.4032392799854279
0.3811056315898895
0.41746264696121216
0.4459508657455444
0.4065319895744324
0.35316815972328186
0.40320625901222235
0.4626332819461823
0.3982094824314117
0.453944593667984
0.4616137742996216
0.37803059816360474
0.3892382085323334
0.34068357944488525
0.4059218764305114
0.3601450026035309
0.38176342844963074
0.4343740344047546
0.38724920153617853
0.35604873299598694
0.39404669404029846
0.43520417809486395
0.43048617243766785
0.39599582552909846
0.3503314554691314
0.4170584976673126
0.35840004682540894
0.37801840901374817
0.5058316588401793
0.41262301802635193
0.34851381182670593
0.4369367957115173
0.45022484660148626
0.440070241689682
0.3868463933467865
0.3537174165248871
0.4003207981586456
0.3840418756008148
0.47553506493568415
0.38260260224342346
0.3895789980888367
0.35786435008049006
0.42096772789955134
0.3611257076263428
0.33963534235954285
0.36270454525947565
0.3866198360919952
0.4593023955821991
0.39213111996650696
0.4013440012931824
0.4044282138347626
0.3898836672306061
0.3825015127658844
0.38658270239830017
0.4045703113079071
0.40636572241783137
0.3956134021282196
0.4402636885643005
0.39200606942176813
0.406791865825653
0.38596084713935846
0.46327054500579834
0.41821926832199097
0.3735455572605133
0.3511405289173126
0.3377773463726044
0.37386611104011536
0.3641630113124848
0.4309972524642944
0.3924868404865265
0.4523915350437164
0.35745730996131897
0.3985488414764404
0.39366862177848816
0.35924991965293884
0.43074187636375433
0.3826730251312256
0.382198691368103
0.3871091902256012
0.42144736647605896
0.3798130452632904
0.3943620026111602
0.4329639375209808
0.41765567660331726
0.3680583834648132
0.4515514075756073
0.3804082274436951
0.4173972308635712
0.42585641145706177
0.3955642580986023
0.451230138540268
0.3756279945373535
0.4160394072532654
0.36353471875190735
0.3510717451572418
0.3672913908958435
0.3677573502063751
0.4601109921932221
0.471966028213501
0.34715086221694946
0.43117395043373113
0.3852820694446564
0.404143214225769
0.34085097908973694
0.3993995487689972
0.39079681038856506
0.3885782063007354
0.35622817277908325
0.37966609001159674
0.4630748927593231
0.3949479758739472
0.37221741676330566
0.4581028521060944
0.4355303943157196
0.42054426670074463
0.4113631844520569
0.37417408823966974
0.3808558285236359
0.3920000493526458
0.3520284593105316
0.4701181948184967
0.42143461108207697
0.43213799595832814
0.3688335716724396
0.3791970014572144
0.3833275735378265
0.4331403076648712
0.3871199786663056
0.41051226854324335
0.4061757922172546
0.3498275578022003
0.3449884355068207
0.4309855997562408
0.39504423737525934
0.3934330642223358
0.3803080916404724
0.39338400959968567
0.4240110516548157
0.36895981431007385
0.4395761787891388
0.37411797046661377
0.40803524851799006
0.3604501783847809
0.4497953057289124
0.36523661017417913
0.37223291397094727
0.4353753626346588
0.4450553357601166
0.3873060643672943
0.3721303343772888
0.4538438618183136
0.40875795483589167
0.44218179583549494
0.41911262273788447
0.3808832466602325
0.4204495251178741
0.3570167124271393
0.45381999015808105
0.36206749081611633
0.36913466453552246
0.39250561594963074
0.4039176404476166
0.3996791839599609
0.36557683348655695
0.3999060094356537
0.3907512724399567
0.4235275685787201
0.43409091234207153
0.394557386636734
0.3688133656978607
0.45471107959747314
0.4070249795913696
0.4621036946773529
0.42331188917160034
0.40219032764434814
0.34197351336479187
0.4071780443191528
0.4803959727287293
0.4725454747676849
0.41842320561409
0.3679947555065155
0.3808593153953552
0.3855612277984619
0.4011317193508148
0.3643381595611572
0.45956817269325256
0.34724101424217224
0.38382333517074574
0.40472051501274103
0.3760799765586853
0.3777138292789459
0.33692029118537903
0.443989098072052
0.3416348993778229
0.4540213644504547
0.35894358158111567
0.3097432851791382
0.3896883428096771
0.38960036635398865
0.41101500391960144
0.3918212652206421
0.3533947467803955
0.4008237719535828
0.3638907372951508
0.42606922984123224
0.3704313933849335
0.4072974026203156
0.3611694872379303
0.34836748242378235
0.3915511071681976
0.3885439932346344
0.4672495126724243
0.45444324612617487
0.39641919732093805
0.3707850873470306
0.3554811179637909
0.414046972990036
0.43511998653411865
0.35400035977363586
0.4354599118232727
0.40127110481262207
0.37653669714927673
0.3638889193534851
0.4517156779766082
0.40370133519172663
0.3882705271244049
0.3962085545063018
0.38167548179626465
0.3527189493179321
0.3349139392375946
0.39205554127693176
0.3821235597133637
0.38567408919334406
0.374192088842392
0.41305068135261536
0.37664628028869623
0.361697643995285
0.3491435945034027
0.37489253282547
0.4175531566143036
0.3824660181999207
0.34557399153709406
0.35311517119407654
0.46781754493713373
0.4183941185474396
0.35622939467430115
0.44850811362266546
0.38619217276573187
0.3960627615451813
0.4005323052406311
0.3517484962940216
0.3924812972545624
0.4347394108772278
0.41294726729393005
0.3991152346134186
0.436388224363327
0.40887424349784846
0.39432740211486816
0.39253595471382147
0.3812475204467773
0.36538568139076233
0.4196448028087616
0.3716605007648468
0.3717308938503265
0.40397784113883967
0.4161917269229889
0.36216846108436573
0.38595479726791376
0.4509448409080505
0.4138914346694946
0.42064315080642706
0.46738401055336
0.4234940111637115
0.39335569739341736
0.380911260843277
0.44334736466407776
0.3495629131793976
0.3659404218196869
0.376225620508194
0.39555102586746216
0.36163979768753046
0.4042242467403412
0.4407391250133514
0.388496071100235
0.38473501801490784
0.36577555537223816
0.48389336466789246
0.40087905526161194
0.42956784367561346
0.4721735417842865
0.4307039678096771
0.40477004647254944
0.41547086834907526
0.3814675807952881
0.3830685913562775
0.4885376691818237
0.3608213365077973
0.4026268422603607
0.43996050953865046
0.3911043107509613
0.4059228003025055
0.4895204603672028
0.3608001172542572
0.3878901302814484
0.3941738605499268
0.3953287899494171
0.3946162760257721
0.3787323832511902
0.4454501271247864
0.38863664865493774
0.36289730668067927
0.460237592458725
0.3926329910755157
0.4711758494377136
0.39779469370841974
0.3716005384922028
0.42679789662361145
0.389486938714981
0.4065224230289459
0.4077577888965607
0.4089340269565582
0.3888694941997528
0.3548525869846344
0.34986257553100586
0.3469321727752685
0.32465925812721247
0.43185606598854065
0.38772106170654297
0.3749721050262451
0.5060452818870544
0.3398632109165192
0.46141853928565973
0.45828017592430115
0.3927702605724335
0.37439510226249695
0.45693936944007874
0.4609669148921967
0.3903219997882843
0.3866093456745148
0.3643728494644165
0.3311655819416046
0.36576965451240534
0.41290643811225886
0.38524505496025085
0.44272324442863453
0.43465140461921686
0.4261004030704498
0.37418961524963373
0.4055399000644684
0.4723248779773712
0.46101805567741394
0.44925928115844727
0.3866544961929321
0.4210074841976166
0.41596463322639465
0.3982146978378296
0.34327152371406555
0.48572012782096863
0.3872543871402741
0.384720116853714
0.4476396143436432
0.3866232335567474
0.4010108411312103
0.37720486521720886
0.4564775228500366
0.3269900977611542
0.4322239458560944
0.4286549985408783
0.3278375267982483
0.3279283344745636
0.5148654580116272
0.39441838860511774
0.34019044041633606
0.36300283670425415
0.4981715977191925
0.4883202016353607
0.4704047739505768
0.4098937213420868
0.37502095103263855
0.460081160068512
0.42335483431816096
0.4528698921203613
0.4268691241741181
0.37025296688079834
0.3951865136623383
0.4826999604701996
0.39965158700942993
0.4181941449642181
0.38867613673210144
0.39732673764228815
0.3846116065979004
0.43329453468322754
0.35454243421554565
0.3575171232223511
0.3800687491893768
0.3674441576004028
0.327849954366684
0.41293612122535706
0.4415596425533295
0.3488719165325165
0.3922236561775208
0.3444775938987732
0.3874250948429108
0.3502312898635864
0.3785537779331207
0.3866913020610809
0.34277522563934326
0.3702527284622192
0.40792551636695856
0.39390900731086725
0.4245436489582062
0.3628033697605133
0.4683519303798676
0.3915073275566101
0.3935886323451996
0.3350326418876648
0.4189993441104889
0.4184171259403229
0.38917970657348633
0.405547708272934
0.41740182042121887
0.4159013032913208
0.45582976937294006
0.4441014528274536
0.3910506069660186
0.38608655333518976
0.40033975243568415
0.38093262910842896
0.4121803343296051
0.38618925213813776
0.42721262574195856
0.4578973352909088
0.42017129063606257
0.4769958555698394
0.36368590593338007
0.3155253827571869
0.36949959397315973
0.44450998306274414
0.4553743302822113
0.43411740660667414
0.36763817071914673
0.4157557785511017
0.3868862688541412
0.4578974545001984
0.37500166893005366
0.42815706133842474
0.43879869580268854
0.3942517936229706
0.35766962170600886
0.4000960290431976
0.39219754934310913
0.3621406257152557
0.44756829738616943
0.35826465487480164
0.3451549708843231
0.39842423796653753
0.3926001489162445
0.3859135806560516
0.3883143961429596
0.3556775748729706
0.4282228648662567
0.4123018383979797
0.3888216912746429
0.4602207839488983
0.4305837750434875
0.38586261868476873
0.40477034449577326
0.3946534395217896
0.4215504229068756
0.3892781436443329
0.37577858567237854
0.4420125484466553
0.36937880516052246
0.37808206677436823
0.376894325017929
0.42967453598976135
0.4532150328159332
0.3586427569389343
0.3781088590621948
0.44041338562965393
0.40094515681266785
0.435664027929306
0.4611569941043854
0.4193210303783417
0.3704595863819122
0.3906002640724182
0.33443066477775574
0.4156485497951508
0.4253462255001068
0.3719744980335236
0.4361773431301117
0.3412066400051117
0.43711572885513306
0.35918089747428894
0.3532417416572571
0.4428150951862335
0.36731296777725214
0.3792279660701752
0.33445945382118225
0.41402456164360046
0.44770532846450806
0.397129625082016
0.3860410153865814
0.39094924926757807
0.37606486678123474
0.46465441584587097
0.4459322988986969
0.40075224637985224
0.43229928612709045
0.39048337936401367
0.43506133556365967
0.3899836242198944
0.3191324174404144
0.35837534070014954
0.4088609516620636
0.47198212146759033
0.35490578413009644
0.3921060860157013
0.41932150721549993
0.4741016924381256
0.3888686001300812
0.38690945506095886
0.3889688551425934
0.42750510573387146
0.38174697756767273
0.4148873388767242
0.47806981205940247
0.4307954013347626
0.37933963537216187
0.3488808274269104
0.3617089688777924
0.3677087426185608
0.4477170705795288
0.4224869608879089
0.39104077219963074
0.4554150700569153
0.42223286628723133
0.3431136906147003
0.35676875710487366
0.4151689112186432
0.3934889435768128
0.3831782639026642
0.42927020788192743
0.3359678089618683
0.425323098897934
0.40086400508880615
0.3444088399410248
0.33780261874198914
0.4387162625789642
0.3311263620853424
0.4033226072788239
0.3487120568752289
0.4009493887424469
0.42179736495018005
0.421520859003067
0.3700930178165436
0.44347509741783137
0.3609700202941895
0.4325732588768005
0.38973578810691833
0.436495453119278
0.3920610249042511
0.451967567205429
0.4112306833267212
0.3862366378307343
0.3735183477401733
0.3967832028865814
0.4689216017723083
0.4115168154239655
0.3832435309886932
0.3756802976131439
0.33592426776885986
0.3667524755001068
0.3699974119663239
0.3868685960769653
0.44433274865150446
0.4009761214256287
0.45509800314903254
0.4609918892383576
0.3788795471191406
0.34877029061317444
0.3737277090549469
0.3913245499134064
0.34862783551216125
0.43026649951934814
0.3702592551708221
0.3847876489162445
0.4966200292110443
0.4706701934337616
0.4239783585071564
0.4478847682476044
0.3746082782745361
0.4287882149219513
0.4134226441383362
0.3744942247867584
0.43213734030723566
0.37191396951675415
0.35342505574226374
0.41512563824653625
0.3927473127841949
0.38660165667533875
0.386481910943985
0.38733056187629694
0.4083795845508576
0.38657408952713007
0.4525690972805023
0.36719465255737294
0.40236547589302063
0.34781548380851746
0.38065528869628906
0.4285995066165924
0.42946806550025934
0.3716446459293365
0.4543078243732452
0.48889508843421936
0.3724988400936127
0.3873348534107208
0.40235659480094904
0.3779064118862152
0.4096326529979706
0.38522374629974365
0.379237711429596
0.36593064665794367
0.4702015221118927
0.3748189508914948
0.37402760982513433
0.34799546003341675
0.38280946016311646
0.41411897540092474
0.42044433951377863
0.36261129379272466
0.3821665048599243
0.38289418816566473
0.36256858706474304
0.46326968073844904
0.34157243371009827
0.39572522044181824
0.3888722956180573
0.385563999414444
0.33267685770988464
0.4362094700336456
0.4562255442142487
0.37679699063301086
0.3962701857089996
0.37851467728614807
0.41467055678367615
0.33450254797935486
0.38465198874473566
0.3892253041267395
0.4138765335083008
0.4069999754428864
0.35195472836494446
0.43056216835975647
0.4177992641925812
0.3646717369556427
0.44656848907470703
0.37669783830642706
0.37335079908370966
0.36575892567634577
0.375747263431549
0.4586725533008576
0.38528248667716974
0.39373722672462463
0.4313517212867737
0.30718326568603516
0.40093642473220825
0.38545805215835566
0.3476719558238983
0.45445361733436573
0.3580728471279144
0.37632423639297485
0.37302309274673456
0.3755648732185364
0.4160988628864288
0.4058777689933777
0.3820076286792755
0.3946222066879272
0.4120781123638153
0.3765917718410492
0.36223962903022766
0.40932336449623113
0.3965696692466736
0.4063873589038849
0.4423515498638153
0.40122255682945246
0.36367100477218633
0.37570878863334656
0.3640998899936676
0.42786726355552673
0.38195189833641047
0.4171165525913239
0.4196023046970368
0.35313716530799866
0.40798151493072504
0.3949458301067352
0.3994423449039459
0.4697420299053192
0.35239216685295105
0.49912428855896
0.3809980154037476
0.3414527475833893
0.41997465491294866
0.37369358539581293
0.4207197427749634
0.375708132982254
0.4471915662288666
0.4407550990581512
0.3592423498630524
0.38659533858299255
0.4724781215190888
0.4064927399158478
0.4271104633808136
0.4710962772369385
0.4441192448139191
0.3915367424488068
0.3824237883090973
0.33055585622787476
0.44114607572555536
0.37108334898948664
0.4172366857528687
0.4698096215724945
0.3781311213970184
0.35545989871025085
0.4742194712162018
0.3660233318805695
0.41417211294174194
0.38690134882926946
0.4065190851688385
0.4156039655208588
0.33313795924186707
0.4401795268058777
0.4154728651046753
0.4800742566585541
0.38893648982048035
0.39287832379341125
0.47961089015007013
0.33200773596763605
0.43540194630622864
0.41696327924728394
0.3974250853061676
0.39691242575645447
0.4246860444545746
0.38693881034851074
0.4492819011211395
0.3670796453952789
0.37988597154617304
0.49722662568092346
0.37468293309211725
0.3774432241916656
0.3739705383777618
0.42155888676643366
0.46215191483497614
0.34060826897621155
0.4347904622554779
0.39281609654426575
0.36664319038391113
0.39157015085220337
0.415114551782608
0.43367677927017206
0.4059397280216217
0.3739508390426636
0.3985035717487335
0.3754604160785675
0.37364417314529413
0.3557610809803009
0.4472251534461975
0.41979748010635376
0.38578140735626226
0.3934774100780487
0.3642811477184296
0.3868547379970551
0.4103546142578125
0.38899677991867065
0.4510916471481323
0.4069049656391144
0.4062761664390564
0.3736378848552704
0.43889942765235906
0.4162211120128632
0.4186692535877228
0.4077689945697784
0.3515184819698334
0.3966099917888641
0.3272591531276703
0.357719749212265
0.40822601318359375
0.37950995564460754
0.32729625701904297
0.4263365566730499
0.36739400029182434
0.42214184999465937
0.35836127400398254
0.4219406545162201
0.4343260824680328
0.42882475256919855
0.4218058586120605
0.4307620227336884
0.3694106042385101
0.39597418904304493
0.3738593757152557
0.3600232005119324
0.40435242652893066
0.3525773286819458
0.4014270603656769
0.41387704014778137
0.3579486906528473
0.3728017210960388
0.36547514796257013
0.3839973509311676
0.41465684771537775
0.39811825752258306
0.37243121862411493
0.3681542575359344
0.35828545689582825
0.4504347145557404
0.47794938087463373
0.3563424050807953
0.3617043793201447
0.3735591471195221
0.4416908323764801
0.4006418585777282
0.35591110587120056
0.3999399244785309
0.43325817584991455
0.3842657506465912
0.35764145851135254
0.38859763741493225
0.48573753237724304
0.38399991393089294
0.47351327538490295
0.4427608549594879
0.35972461104393005
0.390386700630188
0.38840088248252874
0.40661385655403137
0.4147792160511017
0.4112498462200165
0.42914059758186335
0.3967249691486359
0.3507231473922729
0.35956424474716187
0.45493707060813904
0.3928890228271484
0.44295939803123474
0.4352874159812927
0.42124086618423456
0.34597092866897583
0.48463985323905934
0.386187881231308
0.3331155180931092
0.3693985044956207
0.43012285232543945
0.39510008692741394
0.4960540533065796
0.3526662290096283
0.45075190067291254
0.3829741775989533
0.4089398682117462
0.4313424527645111
0.39579418301582336
0.3625447154045105
0.43509805202484125
0.40127852559089666
0.4100247323513031
0.3981455266475677
0.4246849119663239
0.4193913042545319
0.4383227527141571
0.3587927520275116
0.4742588698863983
0.3880419135093689
0.42362067103385925
0.39494064450263977
0.34180596470832825
0.3914673030376434
0.42571380734443665
0.40523678064346313
0.3599378168582916
0.3848456740379333
0.4683376252651215
0.3769072592258453
0.3776887655258178
0.47374460101127613
0.3621779978275299
0.44995906949043274
0.4213801622390747
0.42322191596031195
0.4724512994289398
0.42966216802597046
0.32947996258735657
0.4433161616325378
0.36665114760398865
0.3817438185214996
0.46666857600212097
0.42412689328193665
0.41177046298980713
0.4382168352603912
0.4224991500377655
0.3614034950733185
0.3836273849010468
0.4020635187625885
0.3817136585712433
0.3897391855716705
0.42783960700035095
0.37543743848800654
0.4453665614128113
0.39826080203056335
0.42430534958839417
0.45378705859184265
0.461393266916275
0.33210054039955134
0.4101002514362335
0.37918084859848017
0.41849645972251887
0.39325699210166926
0.4430525600910186
0.3486735224723816
0.3984588086605072
0.4018944203853607
0.35610109567642206
0.3749243319034576
0.36395537853240967
0.45537927746772766
0.4457407295703888
0.4347871243953705
0.42663741111755366
0.44132342934608454
0.3869339525699616
0.4707893431186676
0.32345953583717346
0.42905265092849726
0.37413725256919855
0.3661196231842041
0.39537653326988226
0.4134174585342407
0.3797247111797333
0.367136687040329
0.4054834842681885
0.39045107364654547
0.43033716082572937
0.41928067803382874
0.3780807554721832
0.4273199141025543
0.48655980825424194
0.38404178619384766
0.3496119678020477
0.38085803389549255
0.39434176683425903
0.39047324657440186
0.44681259989738464
0.3594866693019867
0.3821322023868561
0.444225937128067
0.462645798921585
0.3782491385936737
0.4251252710819244
0.4082489609718322
0.4263086020946503
0.3175518214702606
0.37624171376228327
0.409572571516037
0.3935729861259461
0.4165623486042023
0.39637213945388794
0.3118261396884918
0.4160050451755524
0.3961010873317719
0.3961975574493408
0.4220521152019501
0.3681418001651764
0.36783537268638605
0.33934828639030457
0.382620245218277
0.4304587841033936
0.347836434841156
0.39993557333946234
0.39717575907707214
0.4241730272769928
0.4122534096240997
0.37210264801979054
0.3948454856872559
0.38048514723777765
0.45365241169929504
0.376122772693634
0.3709175288677216
0.394522100687027
0.37030282616615295
0.3952812254428864
0.3739992678165436
0.3561949133872986
0.3921424746513367
0.3781110942363739
0.39707323908805847
0.37571641802787775
0.3718326091766357
0.4042903780937194
0.4634492695331573
0.37083557248115534
0.425918161869049
0.3985819518566132
0.3699838519096375
0.4743722379207611
0.4511253833770752
0.3955374956130981
0.349477618932724
0.3646374046802521
0.3727408647537232
0.4233989417552948
0.37378069758415217
0.36839959025383
0.41471299529075617
0.3506328761577606
0.3589272201061249
0.3553166091442108
0.3843656182289124
0.4024116098880768
0.5051513910293579
0.35702502727508545
0.4433750808238983
0.43974682688713074
0.41542714834213257
0.4395522773265839
0.4908795654773712
0.381133645772934
0.350837916135788
0.3989943861961365
0.3810077905654907
0.3832619488239288
0.41504234075546254
0.41389539837837214
0.4526843726634979
0.43283918499946594
0.3567013442516327
0.4534168243408203
0.4056748449802399
0.4429946839809418
0.3759935796260834
0.42513474822044367
0.39409583806991577
0.39549645781517034
0.43368819355964655
0.4589045941829681
0.460340291261673
0.4176208674907684
0.35383233428001404
0.422614723443985
0.35548335313797
0.38728693127632147
0.3823383152484894
0.4451274573802948
0.40194526314735407
0.3901666700839996
0.3766496479511261
0.46450883150100714
0.4651714265346527
0.3989925682544708
0.37723851203918457
0.404553085565567
0.3961453139781952
0.3944697976112366
0.3912546932697296
0.46677520871162415
0.3922223150730133
0.3654167354106903
0.4038561880588531
0.38901510834693914
0.40739431977272034
0.40227541327476496
0.4117811620235443
0.49986809492111206
0.38485404849052424
0.43922305107116694
0.4104680120944977
0.35438793897628784
0.46354582905769354
0.4301004409790039
0.34789279103279114
0.3838227689266205
0.33948296308517456
0.3397544324398041
0.3906309306621552
0.42637637257575994
0.40473449230194086
0.41892716288566584
0.39675310254096974
0.40675428509712214
0.36553153395652765
0.3828454911708832
0.3893134295940399
0.4327335357666016
0.39229646325111384
0.392855316400528
0.4108946919441223
0.37186369299888605
0.39998787641525274
0.42510366439819336
0.38877484202384954
0.386855661869049
0.3597757220268249
0.378856748342514
0.39882054924964894
0.35971367359161377
0.38439637422561646
0.3764144480228424
0.3699161112308502
0.41106858849525446
0.457637071609497
0.39391234517097473
0.37432995438575745
0.4267896711826325
0.33753466606140137
0.4673666059970856
0.359277606010437
0.4366828501224518
0.42539504170417786
0.4597916305065155
0.4329951405525208
0.3426876962184906
0.4405076205730438
0.44475457072258
0.3875817358493805
0.39550700783729553
0.36843588948249817
0.44262269139289856
0.41612371802330017
0.39967399835586553
0.47944414615631104
0.3576399385929108
0.3888268172740936
0.3900727331638336
0.43402084708213806
0.40920373797416687
0.41199588775634766
0.3909094035625458
0.4348683953285217
0.37614855170249933
0.4038502871990204
0.3872029483318329
0.40267106890678406
0.3768164813518524
0.3919849693775177
0.40169981122016907
0.38581833243370056
0.41982558369636536
0.4113983809947968
0.40010830760002136
0.3995804488658905
0.3686058521270752
0.44248631596565247
0.3580881059169769
0.4037958085536957
0.41605973243713373
0.35435718297958374
0.36803647875785833
0.35884493589401245
0.412914514541626
0.33972999453544617
0.37026956677436823
0.3644518852233887
0.4092290103435516
0.3707186281681061
0.37248912453651434
0.4060207903385162
0.4803077280521393
0.3877542912960053
0.384590208530426
0.42616185545921326
0.3615180552005768
0.38790184259414673
0.3988666832447052
0.3886012732982635
0.4059072732925415
0.3811071813106537
0.4015535414218903
0.39353740215301514
0.3812955915927887
0.3773601353168488
0.4636753499507904
0.3746189177036285
0.3883614242076874
0.4131577610969544
0.3662694990634918
0.4082535803318024
0.3745986521244049
0.41468206048011774
0.500153124332428
0.3949759602546692
0.3632037043571472
0.4208466708660126
0.3847004771232605
0.4393024146556854
0.37522235512733454
0.4751610457897186
0.39789268374443054
0.3715938627719879
0.426069974899292
0.36838698387146
0.40137383341789246
0.40823373198509216
0.3672162294387817
0.4194074273109436
0.4508717358112335
0.3794753551483154
0.3932993412017822
0.4795707762241364
0.4405537545681
0.4218657314777374
0.3630097806453705
0.3674086034297943
0.3946381509304047
0.3852353990077973
0.4468675553798676
0.4305059611797333
0.38364651799201965
0.38104134798049927
0.45340844988822937
0.4453979730606079
0.4016588628292084
0.3990691006183624
0.40481188893318176
0.4218665063381195
0.3785787224769592
0.38663300871849055
0.4724666774272919
0.3835604190826416
0.37538424134254456
0.46661004424095154
0.41731858253479
0.3763514757156372
0.3378184139728546
0.41354349255561834
0.38392701745033264
0.40181526541709894
0.35134097933769226
0.36904111504554743
0.38120487332344055
0.44249355792999273
0.38901355862617487
0.42451548576354975
0.36354425549507136
0.36094722151756287
0.42408362030982966
0.4267898201942444
0.3910939991474152
0.39709421992301935
0.40051725506782526
0.4457125067710877
0.38408708572387695
0.48069885373115534
0.38617280125617987
0.3604341447353363
0.45395901799201965
0.38699305057525635
0.4229199290275574
0.38674905896186823
0.3985497057437897
0.4377104640007019
0.3810105621814728
0.3862082660198212
0.37618342041969294
0.36363351345062256
0.45420160889625544
0.3301989734172821
0.3838150203227997
0.38593640923500067
0.3811033070087433
0.36168596148490906
0.3887810111045837
0.41714605689048767
0.40727356076240534
0.3954293131828308
0.42822876572608953
0.3865665793418884
0.43145444989204407
0.4377313554286957
0.40797474980354315
0.3775904774665833
0.41602793335914606
0.36102041602134705
0.39613091945648193
0.4287370443344116
0.3942396640777588
0.4773044288158417
0.4252254068851471
0.424147754907608
0.3700167834758759
0.37774121761322016
0.3810055553913117
0.38018462061882013
0.4525903463363648
0.4561414420604706
0.4092053174972534
0.37164625525474554
0.3661383092403412
0.35856854915618896
0.4049012959003448
0.4167447090148926
0.4125033318996429
0.3839085102081298
0.4310994744300842
0.3832835555076599
0.3553972542285919
0.39029899239540095
0.34250056743621826
0.43000105023384094
0.4267763197422028
0.3597964346408844
0.4523378908634186
0.39287999272346497
0.3466874957084656
0.4529291093349457
0.33757838606834406
0.34781143069267273
0.4368100166320801
0.3808963298797608
0.3852055966854096
0.4253240525722504
0.433945506811142
0.38709706068038946
0.3584712743759155
0.4076714813709259
0.38391050696372986
0.3932858109474182
0.4253457188606262
0.4132659435272217
0.4126595854759216
0.38451680541038513
0.38823327422142023
0.40236058831214894
0.3994632661342621
0.42355626821517933
0.4290642440319061
0.4198212325572968
0.3645716309547424
0.3741259276866913
0.37264141440391535
0.48191502690315247
0.5051423907279968
0.3509064018726349
0.3752962052822113
0.3743440806865692
0.38516104221344
0.344573974609375
0.4101121127605438
0.4195276498794556
0.3388133943080902
0.369595855474472
0.4112586379051208
0.41745862364768976
0.3496517837047577
0.3587540090084076
0.3742308914661408
0.36484163999557495
0.4018731415271759
0.40436804294586176
0.4138632416725159
0.37891921401023854
0.4204673767089844
0.36107638478279114
0.3643905818462372
0.40445902943611145
0.4153472781181336
0.4237686693668365
0.368498295545578
0.3435278832912445
0.4204258322715759
0.4288657307624817
0.38452133536338806
0.41916766762733454
0.35762670636177063
0.38921314477920527
0.3633977472782135
0.420592725276947
0.3677164614200592
0.36544543504714966
0.3945282399654389
0.3963320553302765
0.3736662566661834
0.4274649322032928
0.3910417854785919
0.3997221291065216
0.4366726577281952
0.4021250009536743
0.406453549861908
0.3887744843959808
0.38935625553131104
0.3852333128452301
0.35672256350517273
0.5005389451980591
0.4389768242835999
0.43150171637535095
0.36952778697013855
0.432315468788147
0.3811199963092804
0.41503199934959406
0.3648735284805298
0.4058089852333069
0.43634340167045593
0.4170931577682495
0.40549972653388977
0.38265195488929754
0.39964160323143005
0.37745055556297297
0.4099544882774353
0.39778012037277216
0.4106443226337433
0.3732442855834961
0.43975985050201416
0.431708961725235
0.38662824034690857
0.34213027358055115
0.4038462936878204
0.4832521975040436
0.35727736353874207
0.3089369535446167
0.3689593970775604
0.39584940671920776
0.3827294409275055
0.365811675786972
0.40498459339141846
0.3331109583377838
0.372185081243515
0.36548641324043274
0.4095384776592255
0.43689796328544617
0.44219180941581726
0.41193687915802
0.38208356499671936
0.45118817687034607
0.3909350037574768
0.42486420273780817
0.4677254259586334
0.3413219153881073
0.40925636887550354
0.3909371793270111
0.3534320592880249
0.36528879404067993
0.4512245357036591
0.4776116907596588
0.40465560555458074
0.40587866306304926
0.34634315967559814
0.3712689876556397
0.381849616765976
0.3849545419216156
0.38442704081535334
0.4135856330394745
0.4714280068874359
0.3723148107528687
0.43674483895301813
0.4510301053524017
0.3756668567657471
0.35320320725440973
0.430974155664444
0.3776805102825165
0.3678170144557953
0.39026895165443426
0.36496177315711975
0.41972354054450983
0.39309993386268616
0.412122517824173
0.3924371004104614
0.47348114848136896
0.4372975528240204
0.4803814888000488
0.4319796860218048
0.4639181792736053
0.45892596244812006
0.39140531420707697
0.39580750465393066
0.37341389060020447
0.3971274495124817
0.36007586121559143
0.34356188774108887
0.4619634747505188
0.36979860067367554
0.3766923248767853
0.43087267875671387
0.3932875394821167
0.3964565098285675
0.42461624741554255
0.3673684597015381
0.39593556523323054
0.39601096510887146
0.4122333526611328
0.38117873668670654
0.36578819155693054
0.472426950931549
0.38828709721565247
0.4440650045871735
0.4553582370281219
0.3838569819927216
0.4169060885906219
0.3417990505695343
0.438469260931015
0.37842491269111633
0.3739440739154816
0.3991348445415497
0.37648567557334894
0.36728957295417786
0.39651760458946234
0.36096593737602234
0.4103877246379852
0.38015356659889216
0.41284194588661194
0.3703886568546295
0.3953054547309875
0.4168780744075775
0.38016682863235474
0.3942234814167023
0.42525079846382147
0.3957429230213165
0.39578548073768616
0.4304727613925934
0.40084442496299744
0.3605727851390839
0.4083327054977417
0.3866572678089142
0.37181872129440313
0.3932185471057892
0.40709725022315973
0.3547118604183197
0.446099191904068
0.39884480834007263
0.4358800947666168
0.4356987178325653
0.4383462965488434
0.43110427260398865
0.4774577617645264
0.36678701639175415
0.3735593855381012
0.43613758683204645
0.44679424166679377
0.3957797288894653
0.34253445267677307
0.4161848425865173
0.4120629131793976
0.34743431210517883
0.365261048078537
0.4339089095592498
0.3998386561870575
0.4472286999225616
0.4531192779541016
0.37239456176757807
0.33228597044944763
0.3709311187267304
0.3340673148632049
0.37797170877456665
0.39434656500816345
0.3512857258319855
0.3866225779056549
0.4088489711284637
0.34497037529945374
0.3899244368076325
0.4359829127788544
0.35400089621543884
0.3741908073425293
0.35768362879753113
0.36082211136817927
0.38680365681648254
0.4824839532375336
0.34947118163108826
0.37030154466629034
0.3991896212100983
0.41665822267532343
0.43113934993743896
0.395533949136734
0.3729057908058167
0.47546178102493286
0.38817155361175537
0.43152809143066406
0.3303292691707611
0.3810911178588867
0.43561527132987976
0.3909542858600616
0.4600616991519928
0.35928556323051447
0.3856980502605438
0.35036715865135193
0.3617060780525208
0.43390640616416926
0.37970319390296936
0.4135302603244781
0.3850243985652924
0.35518696904182434
0.411651074886322
0.3798618614673615
0.4288103878498077
0.37107101082801813
0.4969130456447601
0.3514803946018219
0.4523469209671021
0.4306319653987885
0.3675752580165863
0.3918246328830719
0.34807929396629333
0.43118056654930115
0.356260359287262
0.42313793301582336
0.3713465034961701
0.4203804433345794
0.4475870132446289
0.453766793012619
0.48331463336944575
0.3690338432788849
0.37244218587875366
0.4597344696521759
0.3843839764595032
0.35949063301086426
0.35176053643226624
0.42521822452545166
0.4684267640113831
0.3656512200832367
0.3681558668613434
0.36919018626213074
0.4184424579143524
0.42444455623626715
0.4086083173751831
0.3667239546775818
0.36530300974845886
0.4238535165786743
0.4728893935680389
0.35165128111839294
0.46843942999839777
0.47027614712715143
0.46618601679801935
0.4032293260097504
0.4549470841884613
0.3595227301120758
0.4600797593593597
0.3936787247657776
0.3954755961894989
0.5099557638168335
0.416833370923996
0.3849709331989288
0.49489966034889216
0.402070552110672
0.38175109028816223
0.3595162034034729
0.39266985654830927
0.42718479037284846
0.3917695581912994
0.37386330962181086
0.41851791739463806
0.4182986915111542
0.3830239474773407
0.37704476714134216
0.40338119864463806
0.4095036089420319
0.46527501940727234
0.412611335515976
0.48972728848457336
0.38934007287025446
0.48931828141212463
0.3616776168346405
0.3811512887477874
0.3953937292098999
0.35591042041778564
0.38848158717155457
0.4032844305038452
0.3769347667694092
0.3489746153354645
0.4306454658508301
0.4521962106227874
0.3941000401973724
0.3410792350769043
0.3744361996650696
0.39349433779716486
0.4402643144130706
0.40102246403694153
0.425558477640152
0.3915067613124848
0.39590153098106384
0.4135363399982452
0.4077718257904053
0.3817084729671478
0.3583439290523529
0.4153589606285095
0.35094740986824036
0.3922379910945892
0.38261824846267695
0.39088338613510126
0.4178048074245453
0.3801712691783905
0.3855620920658112
0.38271331787109375
0.4262684881687164
0.4745767712593079
0.47167113423347473
0.368239551782608
0.37943774461746216
0.36423596739768976
0.3744119703769684
0.3924373984336853
0.3704560697078705
0.43837508559226984
0.4215551912784576
0.3793180882930756
0.44971588253974915
0.4311967194080353
0.3747836053371429
0.43626132607460016
0.45181089639663696
0.4735008776187897
0.47466903924942017
0.45306530594825745
0.47418239712715143
0.38373786211013794
0.395136684179306
0.4447573721408844
0.4134325683116913
0.4191879630088806
0.45933040976524353
0.38168883323669434
0.40474018454551697
0.42505514621734614
0.37490639090538014
0.3778919279575348
0.4024257659912109
0.3754930794239044
0.42563351988792414
0.34641149640083313
0.3981276750564575
0.36522635817527765
0.38107171654701233
0.32517659664154047
0.39887025952339167
0.4153238236904144
0.3689005970954895
0.4072698056697845
0.4265709519386292
0.3741583228111267
0.48059529066085815
0.37276574969291687
0.35116854310035706
0.43989086151123047
0.3950088918209076
0.37957033514976496
0.4522490799427032
0.3481649458408356
0.3957752585411072
0.36754450201988226
0.4052663445472717
0.3800048828125
0.37560173869133
0.3761633336544037
0.39691770076751703
0.37185010313987726
0.38172188401222235
0.4278804659843445
0.4549620449542999
0.3623956739902496
0.4874992072582245
0.37421831488609314
0.3616108000278473
0.36634048819541926
0.3549959063529968
0.3726370632648468
0.4702557921409607
0.39819449186325073
0.44271093606948847
0.3985511362552642
0.40589043498039246
0.4200708568096161
0.3651055693626404
0.49563607573509216
0.34549745917320246
0.41601502895355214
0.4307301938533783
0.43530687689781195
0.4176122844219208
0.403577446937561
0.3812806904315949
0.40165242552757263
0.373296707868576
0.3696044981479645
0.4340523183345794
0.38569575548172
0.4004529416561127
0.4190051257610321
0.42315423488616943
0.40589597821235657
0.3761285841464996
0.375519335269928
0.39451244473457336
0.3897659480571746
0.46059289574623113
0.36700206995010376
0.4732606709003448
0.35104915499687195
0.3947504162788391
0.3856449723243713
0.4078786671161652
0.4197042882442474
0.40928396582603455
0.4716170132160186
0.42160594463348394
0.3933378159999848
0.49976330995559687
0.4282089173793793
0.4520251750946045
0.42567911744117737
0.37342581152915955
0.48477873206138605
0.420522540807724
0.35818502306938166
0.41426929831504816
0.4320057630538941
0.3583163917064667
0.36780336499214167
0.4499402940273285
0.39468255639076233
0.4111667573451996
0.4066316783428192
0.39485433697700495
0.48015257716178894
0.4151557385921478
0.4651798307895661
0.3292199671268463
0.3972247540950775
0.3934468924999237
0.36748090386390686
0.36578503251075745
0.45999518036842346
0.34158721566200256
0.3929729759693146
0.44626316428184504
0.3709396421909332
0.42838430404663086
0.37102577090263367
0.4261443316936493
0.4230923652648926
0.36776149272918707
0.42436155676841736
0.3791206777095794
0.3733165562152863
0.38775983452796936
0.4547506272792816
0.3753136694431305
0.44634607434272766
0.3696698546409607
0.4289338290691376
0.44384792447090154
0.40472039580345154
0.4139404296875
0.4273495078086853
0.4379717409610748
0.40878000855445856
0.4042899906635285
0.36598989367485046
0.37594011425971985
0.35992366075515747
0.3764102756977081
0.35322001576423645
0.44632819294929504
0.4503723978996277
0.38814660906791687
0.4206500947475433
0.4152290523052216
0.3343297243118286
0.4326720833778381
0.46298992633819586
0.4193862974643707
0.3799896240234375
0.4011096656322479
0.41752144694328314
0.44802242517471313
0.3857098817825317
0.3725250661373138
0.4496111869812012
0.4199352264404297
0.40564432740211487
0.42651987075805664
0.35872331261634827
0.49648755788803106
0.3940412104129791
0.49176964163780207
0.36200577020645136
0.3731693625450134
0.4315646290779114
0.3569619357585907
0.4521890580654144
0.3781585097312927
0.4633404016494751
0.3870912194252014
0.38800311088562006
0.47355934977531433
0.45942988991737366
0.3909263610839844
0.3971963822841644
0.39583572745323187
0.36283907294273376
0.37106990814208973
0.392244815826416
0.4635597169399261
0.39779081940650934
0.3437066972255707
0.4086820781230927
0.41942337155342096
0.42196527123451233
0.3336741328239441
0.3840058743953705
0.3985499739646912
0.42048695683479304
0.45085927844047546
0.41289880871772766
0.35223937034606934
0.4065036475658417
0.40947863459587097
0.46504297852516174
0.4427352845668793
0.36513486504554743
0.3522160053253174
0.43852373957633967
0.41008678078651434
0.3841438889503479
0.4972369968891144
0.39990207552909846
0.3865182101726532
0.39969256520271296
0.4248338043689728
0.4995523393154144
0.36204230785369873
0.4301445782184601
0.4409963190555573
0.37413316965103144
0.47272667288780207
0.48969945311546326
0.41363558173179626
0.3794483542442322
0.43552607297897333
0.4348895847797394
0.38695859909057617
0.4588654339313507
0.3581139147281647
0.39041492342948914
0.39955049753189087
0.41802549362182617
0.3845543563365936
0.39387294650077814
0.3795613646507263
0.37398615479469294
0.4782106578350067
0.3886557221412658
0.40172535181045527
0.4290179908275604
0.39101797342300415
0.3533034026622772
0.435416042804718
0.33671614527702326
0.4207498729228973
0.3850846588611602
0.4601611495018005
0.41575291752815247
0.3850854635238648
0.4322847723960877
0.37276443839073187
0.4031207859516144
0.415724128484726
0.44644293189048767
0.395371288061142
0.3583931028842926
0.42847007513046254
0.373446136713028
0.462524950504303
0.3857567012310028
0.3683108985424042
0.36294102668762207
0.3723145425319672
0.4821935594081879
0.42999133467674255
0.3773941397666931
0.3776028752326965
0.4491191506385803
0.3934574723243713
0.38340318202972407
0.39248180389404297
0.4492741525173187
0.4153043031692505
0.42873141169548035
0.4009359776973724
0.4270157516002655
0.3983191847801208
0.3586602509021759
0.46254655718803406
0.3808939158916473
0.35520139336586
0.4060642421245575
0.4296940267086029
0.4279850423336029
0.3979056775569916
0.34325653314590454
0.3742183744907379
0.45299431681633
0.38259896636009216
0.43701508641242975
0.38859108090400696
0.36069777607917786
0.4579394161701202
0.4042587578296661
0.4603205919265747
0.3390357792377472
0.3752630650997162
0.4471310079097748
0.3753102123737335
0.40104150772094727
0.3838690519332886
0.4317977130413056
0.43588748574256897
0.3793051540851593
0.3996609151363373
0.34399366378784174
0.42385551333427435
0.37509286403656006
0.40308019518852234
0.3411828279495239
0.4647131860256195
0.3936053812503815
0.39598417282104487
0.44726297259330744
0.44067528843879694
0.4172714352607727
0.4184023439884186
0.47167640924453735
0.3580208122730255
0.3824025690555573
0.4296284019947052
0.42358660697937006
0.45161867141723633
0.4273878633975983
0.38289016485214233
0.4395596086978912
0.33727264404296875
0.3694305419921875
0.36972823739051813
0.38053935766220087
0.34660929441452026
0.4403310716152191
0.3818376660346985
0.4496961832046509
0.4515479803085327
0.3665094673633576
0.457356721162796
0.3495302498340606
0.3400779664516449
0.43673330545425415
0.34848180413246155
0.45392706990242
0.45103320479393005
0.3691465556621552
0.45771458745002747
0.40401855111122126
0.4255399405956268
0.38422068953514094
0.39382523298263544
0.38669565320014954
0.36740317940711975
0.385757029056549
0.3752268254756928
0.46020036935806274
0.43855175375938416
0.36827144026756287
0.3738197386264801
0.3340972363948822
0.473305344581604
0.35722362995147705
0.3783685266971588
0.3138948380947113
0.37322166562080383
0.40864863991737366
0.3722683787345886
0.39798837900161743
0.344988614320755
0.3845879137516022
0.4037167727947235
0.3950256705284119
0.3758585453033447
0.41731041669845587
0.4753369390964508
0.3894030749797821
0.33327022194862366
0.41151577234268183
0.43001997470855713
0.3755322694778442
0.37488681077957153
0.3989435732364655
0.37646922469139094
0.421091616153717
0.37044402956962585
0.4447509348392487
0.3656226694583893
0.35351452231407166
0.36210981011390686
0.4461447298526764
0.39600044488906866
0.42742118239402765
0.47076365351676946
0.3655907809734344
0.41554632782936096
0.4286428689956665
0.41637754440307617
0.3907529711723328
0.3660182654857635
0.3505976498126984
0.4159227311611176
0.4358614981174469
0.3852463960647583
0.44895246624946594
0.4234103858470917
0.42848578095436096
0.39683201909065247
0.38495516777038574
0.397734671831131
0.3824432790279389
0.3770891129970551
0.4441507160663605
0.42832019925117487
0.36029115319252014
0.38431873917579645
0.3869804739952088
0.3760791718959808
0.3867188394069672
0.3682577013969421
0.36920496821403503
0.4923098087310791
0.38953730463981623
0.4257833063602448
0.3442956507205963
0.3668815493583679
0.3909455537796021
0.4124937951564789
0.4908678531646729
0.3656676709651947
0.36593344807624817
0.45435878634452814
0.38377502560615534
0.36362645030021673
0.41030409932136536
0.39666429162025446
0.4366072714328766
0.420623242855072
0.3881252110004425
0.39384451508522034
0.372178852558136
0.4011488854885101
0.482576459646225
0.362447202205658
0.38172385096549993
0.43355664610862726
0.432293176651001
0.4122970998287201
0.3586229681968689
0.4327003061771393
0.34229710698127747
0.3770695626735687
0.4496222138404846
0.40179866552352905
0.3790868818759918
0.3468024730682373
0.4113641381263733
0.3931111991405487
0.3535194993019104
0.3870442509651184
0.39797094464302063
0.4318760931491852
0.383632093667984
0.3981779515743256
0.3422134518623352
0.4388108253479004
0.39267373085021967
0.4048217833042145
0.3276465833187103
0.345371812582016
0.3651842474937439
0.3809778094291687
0.37816157937049866
0.3703924119472504
0.3837000727653504
0.3534609973430633
0.3672084808349609
0.38330674171447754
0.3596447706222534
0.3789065778255463
0.4297186434268952
0.3886489570140839
0.45499441027641296
0.3903492987155914
0.38148280978202814
0.40699818730354315
0.3739854395389557
0.34310346841812134
0.40253326296806335
0.4176903665065765
0.34289464354515076
0.38059213757514954
0.39001709222793574
0.37973299622535706
0.3890702724456787
0.3418681919574737
0.4669651985168457
0.48984041810035706
0.44516840577125544
0.34502044320106506
0.3958025574684143
0.48747384548187256
0.37517216801643366
0.35352271795272827
0.3779257535934448
0.3616997301578522
0.4099665582180023
0.33450251817703247
0.36167630553245533
0.38761934638023376
0.39520570635795593
0.42103490233421326
0.4607718288898468
0.39696937799453735
0.38815799355506897
0.3963195979595184
0.3626265823841095
0.3901798725128174
0.401522159576416
0.3677582442760468
0.37478938698768616
0.4052627384662628
0.3754395246505737
0.40175884962081915
0.35997131466865534
0.35170963406562805
0.4068998694419861
0.36302033066749567
0.4686841070652008
0.4186263978481293
0.4259777963161469
0.4758979380130768
0.35071948170661926
0.38158163428306574
0.36524346470832814
0.3770909011363983
0.45078656077384954
0.3417642414569855
0.4346064627170562
0.3341700136661529
0.3973236978054047
0.451511412858963
0.40479913353919983
0.3893580436706543
0.4201893210411072
0.4614276587963104
0.38575932383537287
0.3844210803508759
0.43631291389465326
0.47699314355850214
0.37311580777168274
0.45530399680137634
0.38396191596984863
0.4864180982112885
0.3871574401855469
0.4245515167713165
0.3905696868896484
0.4382310211658478
0.45492553710937506
0.46723923087120056
0.44026485085487366
0.3904873132705688
0.40104708075523376
0.4074802994728088
0.3562982976436615
0.41805386543273926
0.462541937828064
0.35774466395378113
0.4204101860523224
0.33159980177879333
0.4493667781352997
0.39389264583587646
0.42620325088500977
0.4029349684715271
0.39363095164299006
0.4114566147327423
0.4332563579082489
0.3541264235973358
0.43714439868927
0.3767126798629761
0.381878525018692
0.43266499042510986
0.44475623965263367
0.40709593892097473
0.3786610662937164
0.40770283341407776
0.3783382773399353
0.3218451142311096
0.37941059470176697
0.41682314872741694
0.3931932747364044
0.39937978982925415
0.4512225091457367
0.3644129037857056
0.41679114103317266
0.42451056838035583
0.3871746361255646
0.413712739944458
0.3911483883857727
0.3345962464809418
0.43981918692588806
0.35506996512413025
0.33394417166709894
0.3934010565280914
0.36862412095069885
0.3988742232322693
0.4317569732666016
0.43499189615249634
0.3596676290035248
0.4367925822734833
0.384404182434082
0.3961151540279389
0.343190997838974
0.3749362528324127
0.34570053219795227
0.37608048319816584
0.4156188666820526
0.41378527879714966
0.37557110190391535
0.3770256042480469
0.4495346546173096
0.3945944607257843
0.38211092352867126
0.4477170407772064
0.37991562485694885
0.39818340539932245
0.4254307150840759
0.41508057713508606
0.41619348526000977
0.44529661536216736
0.3826349675655365
0.45682829618453974
0.40008226037025446
0.41030529141426086
0.4150941073894501
0.4574210345745087
0.3905445635318756
0.34875956177711487
0.39657217264175415
0.3824248909950256
0.35968461632728577
0.43667957186698914
0.4917328953742981
0.3791678249835968
0.38774681091308594
0.3501148521900177
0.3947869837284088
0.41576680541038513
0.3891473710536957
0.40746989846229553
0.3558621108531952
0.4351612627506256
0.38802713155746454
0.4166685044765472
0.42778900265693665
0.4041748642921448
0.40821048617362976
0.3597219288349152
0.47221580147743225
0.4244705438613892
0.37384405732154846
0.3880741596221924
0.35516566038131714
0.371232271194458
0.36468049883842474
0.3948224186897278
0.4152179360389709
0.40072816610336304
0.3731709122657776
0.3930868208408356
0.3649694621562958
0.39467391371726984
0.45292785763740534
0.39934417605400085
0.39136543869972235
0.4386763274669647
0.3703062832355499
0.4198462069034576
0.3615586161613464
0.4404374361038208
0.3780345022678375
0.45219674706459045
0.3799130618572235
0.39180806279182434
0.44316121935844416
0.4525327980518341
0.46470046043396
0.420147567987442
0.44106990098953247
0.3856807947158813
0.4304720461368561
0.4840603470802307
0.36347195506095886
0.3893025517463684
0.3651800751686096
0.41261914372444153
0.3887327015399933
0.4031475484371185
0.41813209652900696
0.3941042125225067
0.38821506500244146
0.4768618047237396
0.38401159644126887
0.3774473369121552
0.38166987895965576
0.41046997904777527
0.3251897692680359
0.41589680314064026
0.4765041172504425
0.4506096541881561
0.42167970538139343
0.4102540016174317
0.3429020941257477
0.44983476400375366
0.39620259404182434
0.40985801815986633
0.406737595796585
0.4218994081020355
0.44051626324653625
0.3768666684627533
0.40835860371589666
0.3609881103038788
0.3443201184272766
0.41391304135322565
0.36392781138420094
0.4505241513252258
0.4208140671253204
0.37923517823219294
0.39510121941566473
0.3839235007762909
0.377336323261261
0.3894983232021332
0.48951491713523854
0.43570563197135925
0.3773231208324432
0.33765244483947754
0.41162934899330134
0.411563903093338
0.37280037999153137
0.43477135896682734
0.388780266046524
0.3933861553668976
0.47008249163627613
0.42440503835678095
0.3775043189525604
0.3546481430530548
0.42751201987266546
0.4305250942707062
0.34344419836997986
0.38757631182670593
0.4322046935558319
0.3916841447353363
0.3721003234386444
0.40607038140296936
0.40490660071372986
0.342351108789444
0.3481960594654083
0.3836977779865265
0.42483732104301447
0.372020810842514
0.4483825564384461
0.3897168040275574
0.41730085015296936
0.3852517306804657
0.3894416391849518
0.37674680352211
0.38092464208602905
0.3854624032974243
0.4370155036449432
0.4796504080295562
0.41444966197013855
0.40870901942253113
0.39534470438957214
0.3759238123893738
0.4560795426368713
0.47031620144844055
0.3878455758094788
0.4111405313014984
0.3602916896343231
0.3714812099933624
0.520324170589447
0.42672047019004816
0.44578263163566584
0.4193458259105682
0.3707669079303741
0.4829263985157013
0.38490256667137146
0.41897034645080566
0.3801333010196686
0.41579425334930414
0.3819997906684875
0.48346176743507385
0.3567252457141876
0.3969716131687164
0.4434586465358734
0.37749055027961725
0.4732436835765839
0.40181395411491394
0.38812229037284846
0.4060808420181274
0.4437344968318939
0.42302468419075007
0.37834599614143366
0.386803925037384
0.47405022382736206
0.40080392360687256
0.41497281193733215
0.4494125843048096
0.39973792433738714
0.3385160267353058
0.398668497800827
0.4914800822734833
0.4095603823661804
0.42854294180870056
0.3459795415401459
0.37564679980278015
0.4513570964336395
0.3517158925533294
0.4133019149303436
0.45889705419540405
0.3634769320487976
0.3347208797931671
0.3862420320510864
0.3797880709171295
0.4040352404117584
0.40025427937507624
0.4710927307605744
0.40642175078392023
0.4369544386863709
0.4191662967205048
0.3306359052658081
0.42065477371215826
0.3819290399551392
0.42236837744712824
0.392585426568985
0.4033353626728058
0.4559079706668854
0.36356401443481445
0.3995979130268097
0.3796479403972626
0.36158534884452814
0.3482263386249542
0.4014874994754791
0.3684602677822113
0.4423488676548004
0.398091584444046
0.3789155185222626
0.3901619613170624
0.40623369812965393
0.37895986437797546
0.41550004482269287
0.3579540550708771
0.4437158405780792
0.2996828258037567
0.476741760969162
0.32498672604560846
0.41776889562606806
0.3986205458641052
0.42344787716865534
0.37979823350906367
0.4601901173591614
0.4231224060058594
0.4008497297763824
0.3775574862957001
0.4116520583629608
0.31679329276084894
0.399016261100769
0.3353456258773804
0.391030877828598
0.3721677362918854
0.39640510082244873
0.45070162415504456
0.4487616717815399
0.3855620622634888
0.3844864070415497
0.3534911572933197
0.4578732550144196
0.4081431329250336
0.4321974813938141
0.3952160775661469
0.37460261583328247
0.3659395575523376
0.3710876107215881
0.37016451358795166
0.375749945640564
0.3517638146877289
0.35670894384384155
0.3915341794490814
0.3667571544647217
0.3561073839664459
0.36435261368751526
0.3861569464206696
0.3831300437450409
0.37884965538978577
0.3871817886829376
0.3933751285076141
0.3938743770122528
0.3907631933689117
0.4202441275119781
0.3898914158344269
0.3689716160297394
0.3457654118537903
0.4064156711101532
0.41064468026161194
0.417736679315567
0.35112121701240534
0.37902513146400446
0.3830406963825226
0.3746097981929779
0.49015244841575617
0.4228772819042206
0.4170077741146088
0.45030429959297186
0.47675675153732294
0.449051171541214
0.4369603991508484
0.4536918103694916
0.38756015896797186
0.4059271514415741
0.4053486883640289
0.4161228239536285
0.3682597577571869
0.37661728262901306
0.4268502593040466
0.39258840680122375
0.40351781249046326
0.37438109517097473
0.3745071589946746
0.4065919518470764
0.4224863946437836
0.39316126704216
0.4076062738895416
0.37499198317527765
0.4109302461147308
0.3833340406417847
0.3753020465373993
0.44968125224113453
0.3808331787586212
0.3404845893383026
0.4790616035461426
0.5026775002479553
0.374794602394104
0.40922772884368896
0.3877449035644531
0.34505030512809753
0.424837201833725
0.37309569120407104
0.398775726556778
0.45589455962181086
0.3825361430644989
0.3725732266902924
0.3383024036884308
0.3613080084323883
0.4572716057300568
0.37402620911598206
0.397185891866684
0.4384685754776001
0.4292422831058502
0.3847644031047821
0.4471283853054047
0.37419593334198
0.5214730501174927
0.3841928243637085
0.385985642671585
0.39229980111122126
0.3667596280574799
0.43175414204597473
0.3641741573810577
0.40305832028388977
0.37401026487350464
0.44301098585128784
0.48387008905410767
0.4161447882652282
0.3933348655700684
0.37363824248313904
0.3625235855579376
0.4142962098121643
0.36059907078742975
0.3894913792610168
0.3768718838691712
0.370055228471756
0.4011783301830292
0.455177366733551
0.39288076758384705
0.3866326212882996
0.3790474832057953
0.3924135565757752
0.43424820899963373
0.4424025118350983
0.367876410484314
0.4134300649166107
0.46246567368507385
0.43081784248352045
0.3955281972885132
0.4156176745891571
0.4108239710330963
0.35810455679893494
0.38172715902328486
0.3662044703960418
0.5071178078651428
0.4397191107273102
0.3342053592205048
0.4041081964969635
0.4394976794719696
0.38227176666259766
0.3743583858013153
0.3612456917762756
0.3734484910964966
0.35388633608818054
0.37093386054039
0.40599581599235535
0.49272021651268005
0.400267869234085
0.4139624536037445
0.42894566059112554
0.40780332684516907
0.3490738272666931
0.3719105124473572
0.4381791949272156
0.40338483452796936
0.3668349087238312
0.4578501284122467
0.4005840718746185
0.44466492533683777
0.44039347767829895
0.4183895289897919
0.39282748103141774
0.4411783218383789
0.35339328646659846
0.35670357942581177
0.3654032647609711
0.3848432004451752
0.38467881083488464
0.40199610590934753
0.3396367132663727
0.403779536485672
0.39291661977767933
0.4549335837364197
0.39388474822044367
0.41344329714775085
0.38224640488624567
0.3822420835494995
0.3651948869228363
0.3846312463283538
0.37755826115608215
0.41515225172042847
0.4180540442466736
0.42156526446342474
0.39887276291847223
0.4512447714805603
0.40134379267692566
0.38714876770973206
0.34148696064949036
0.4226548969745636
0.4365476369857788
0.3809175193309784
0.4667768478393554
0.4019523561000824
0.3916468620300293
0.4253657460212708
0.35564908385276794
0.3812588751316071
0.3866285681724548
0.3859395980834961
0.36587437987327576
0.356543093919754
0.3672972023487091
0.34165802597999567
0.42714950442314154
0.4186728894710541
0.39429426193237294
0.3664659261703491
0.38266581296920776
0.3536916971206665
0.46360340714454645
0.39950141310691833
0.44738978147506714
0.34663715958595276
0.4121808409690857
0.4149315655231476
0.38427624106407166
0.41359886527061457
0.45154246687889094
0.3864668309688568
0.4462125599384308
0.3563031852245331
0.4777609407901764
0.35257753729820246
0.42406797409057617
0.42678079009056086
0.4508882462978363
0.3982440829277039
0.4100266396999359
0.35616782307624817
0.4514820277690888
0.45622459053993225
0.3614397346973419
0.4556331336498261
0.35912632942199707
0.4319072663784027
0.35691916942596436
0.4363667070865631
0.4125743210315704
0.35414960980415344
0.3642308712005615
0.4735814332962036
0.37050318717956543
0.42795661091804493
0.39548346400260925
0.4565741717815399
0.3761499524116516
0.3648113906383514
0.3599854409694672
0.4199277460575104
0.3999675512313842
0.382810115814209
0.3906709253787994
0.3991699814796448
0.4204082489013672
0.3823234736919403
0.44298902153968805
0.37516418099403376
0.4404510259628296
0.3430282771587372
0.38038048148155207
0.42249754071235657
0.3777736127376556
0.4929148256778717
0.3499583303928375
0.3322061598300934
0.47458574175834656
0.3749086856842041
0.40523913502693176
0.4359898567199707
0.3712177574634552
0.4092207252979279
0.44378116726875305
0.3945002257823944
0.42445895075798035
0.38985344767570496
0.4378593266010285
0.37384232878685
0.35457131266593933
0.432592123746872
0.4139852225780487
0.4033452868461609
0.4143094718456268
0.43652313947677607
0.43186900019645685
0.3803304135799408
0.34889528155326843
0.38475361466407776
0.3703050315380096
0.4042599499225616
0.4085160791873932
0.34602138400077814
0.41724973917007446
0.37968501448631287
0.38565322756767273
0.47122213244438166
0.3880872428417206
0.3462704718112945
0.466980516910553
0.4100592434406281
0.3761849701404572
0.38149031996726984
0.40180149674415594
0.3773312866687775
0.3919030427932739
0.35610803961753845
0.3743334412574768
0.42145225405693054
0.39323708415031433
0.40511891245841974
0.4344814419746399
0.3919040858745575
0.38681039214134216
0.4386331737041473
0.40467926859855646
0.48016759753227234
0.4843897521495819
0.4574922025203705
0.40700399875640875
0.4149254560470581
0.35314303636550903
0.3770313560962677
0.418727308511734
0.3907736241817474
0.3692143261432648
0.48651912808418274
0.39850160479545593
0.3978011906147003
0.3680702745914459
0.38609209656715393
0.4709394872188568
0.39572447538375854
0.43402376770973206
0.3712702989578247
0.419664204120636
0.388241857290268
0.4265410006046295
0.35961946845054626
0.45394143462181086
0.3709397912025452
0.43078771233558655
0.46548858284950256
0.46739724278450007
0.4581479728221893
0.43033823370933527
0.3891378343105316
0.36332815885543823
0.4201768934726715
0.4075795710086823
0.37833783030509943
0.4843668043613434
0.38251182436943054
0.3474116921424866
0.44040203094482416
0.3737968802452088
0.45683315396308893
0.45049923658370966
0.40126785635948176
0.3876914381980896
0.3628272712230682
0.368195503950119
0.3788829743862152
0.37960121035575867
0.3979786336421967
0.3486470878124237
0.41948702931404114
0.39167255163192743
0.4328049123287201
0.41465011239051813
0.3880097270011902
0.37625381350517273
0.4147991538047791
0.3808925151824951
0.3925401568412781
0.401157945394516
0.36013540625572205
0.3921092450618744
0.35221132636070246
0.3642552196979522
0.3868017494678497
0.3352876901626587
0.4416824877262115
0.36163991689682007
0.38653627038002014
0.40660324692726135
0.5204357504844666
0.37917712330818176
0.3804309070110321
0.4312994182109833
0.41029953956604
0.423684686422348
0.3871780335903168
0.42932295799255366
0.3678288757801056
0.4275251626968384
0.48469582200050354
0.3630555868148804
0.4002472758293152
0.395530641078949
0.3295869529247284
0.37051585316658014
0.4037202298641205
0.38249942660331726
0.3979754149913788
0.46225467324256897
0.34477975964546204
0.4036505520343781
0.4323665797710418
0.38014271855354315
0.36157682538032526
0.3579806983470917
0.3855763077735901
0.43683090806007385
0.39330419898033137
0.386675089597702
0.37221503257751454
0.41720074415206904
0.43847039341926575
0.40402612090110773
0.38752368092536926
0.34947630763053894
0.3645814061164856
0.4496492445468903
0.40071550011634827
0.4219469130039215
0.44845712184906006
0.3148720860481262
0.4145110845565796
0.3677476942539215
0.38270750641822815
0.3856017589569092
0.4537574350833893
0.38284701108932495
0.36528816819190973
0.4349018931388855
0.36499813199043274
0.37181225419044495
0.4069604277610778
0.37855595350265503
0.4253441393375397
0.38057199120521545
0.4358746707439423
0.4131855368614197
0.3852275013923645
0.36337646842002874
0.33233788609504694
0.35704073309898376
0.4541924297809601
0.46398261189460754
0.3453328609466553
0.3896001279354096
0.3762838542461395
0.38413038849830633
0.41040650010108953
0.3842110335826874
0.41344025731086725
0.3644543886184692
0.37964755296707153
0.3999664187431336
0.38435792922973633
0.3374591171741485
0.38734778761863703
0.3517138957977295
0.3616069257259369
0.3720692992210388
0.40534928441047674
0.39319398999214167
0.3685790598392487
0.44022753834724426
0.3640290796756744
0.3996522724628448
0.3891071081161499
0.3902888596057892
0.39349737763404846
0.38823249936103826
0.3739719092845917
0.41140183806419367
0.3526764214038849
0.40757486224174494
0.4166063964366913
0.3960348665714264
0.42654883861541754
0.3718919456005096
0.35782724618911743
0.4511537551879882
0.4143657386302948
0.32255616784095764
0.44661614298820496
0.3566787838935852
0.3581782877445221
0.3397605121135712
0.3449401557445526
0.35487958788871765
0.38837301731109614
0.4281579554080963
0.3681100308895111
0.4147453010082245
0.3983949720859528
0.3915853202342987
0.41826483607292175
0.4047415554523468
0.4746052622795105
0.4188311994075775
0.3660103976726532
0.38027930259704584
0.45492249727249146
0.36915734410285944
0.3737622201442719
0.3859733045101166
0.3385876715183258
0.3484223783016205
0.463756650686264
0.37679257988929754
0.44982776045799255
0.342500776052475
0.3686314821243286
0.4213400185108185
0.3877135217189789
0.3848132789134979
0.4504143297672272
0.43126776814460754
0.4045594036579132
0.365462452173233
0.36386701464653015
0.46179333329200734
0.36731004714965826
0.46041354537010193
0.3830516040325165
0.40097162127494806
0.3746909201145172
0.44472017884254456
0.4212509095668793
0.35314720869064326
0.49456551671028137
0.3668000102043152
0.3707181811332703
0.4073953628540039
0.3962224721908569
0.40587165951728815
0.38184243440628046
0.4272766709327698
0.3663184940814972
0.3901305794715881
0.39549019932746887
0.42018589377403254
0.3932482898235321
0.43799951672554016
0.4756288826465607
0.33866897225379944
0.49004033207893366
0.4131573140621185
0.3973835408687592
0.3524568974971771
0.3817594051361084
0.4552989304065704
0.41472116112709045
0.4253279864788056
0.3625951111316681
0.46738368272781367
0.475418746471405
0.431039035320282
0.45988860726356506
0.3861850202083588
0.39798685908317566
0.3952319324016571
0.4149676263332367
0.3827380239963531
0.3695672452449799
0.392448753118515
0.35447815060615534
0.32290565967559814
0.3968524038791656
0.4012992680072784
0.40515163540840154
0.4077331423759461
0.402105450630188
0.3974457979202271
0.3837524354457855
0.37399229407310486
0.36746993660926813
0.43146756291389465
0.4016682803630829
0.3560643494129181
0.4626657664775848
0.3331310451030731
0.39529997110366816
0.3788627684116364
0.4276512861251831
0.42053538560867304
0.40201863646507263
0.3993082344532013
0.38024196028709406
0.40709188580513
0.38930049538612366
0.35500791668891907
0.36735913157463074
0.39690732955932617
0.43321713805198664
0.39681908488273615
0.43587803840637207
0.44644477963447565
0.4329623281955719
0.46599149703979487
0.41072285175323486
0.3837667107582092
0.3897577226161957
0.3456040918827057
0.3711503744125366
0.3896176218986511
0.3834090530872345
0.373426228761673
0.39047619700431824
0.36845263838768005
0.3820238411426544
0.4150014817714691
0.4287840127944946
0.41927918791770935
0.4120183289051056
0.38501116633415217
0.3601092994213104
0.47672882676124567
0.4168488085269928
0.3797294199466705
0.4270494282245636
0.35871979594230646
0.4667064249515533
0.4277487099170685
0.3922283351421356
0.3932664096355438
0.46233978867530817
0.4332976341247559
0.3601940870285034
0.41229197382926946
0.4791260659694672
0.38193753361701965
0.37816330790519714
0.37472257018089294
0.4600561261177063
0.35707247257232666
0.48852846026420593
0.3726198375225067
0.44577282667160034
0.3996790647506714
0.430437296628952
0.393557995557785
0.3977186977863312
0.37821081280708313
0.3945091664791107
0.44814184308052063
0.4051684737205505
0.41183215379714966
0.4135025441646576
0.3725275695323944
0.3646802306175232
0.3348805606365204
0.423428863286972
0.3920663595199585
0.4054695665836334
0.47460976243019104
0.34103432297706604
0.38365402817726135
0.4232096970081329
0.3872331082820892
0.46343633532524103
0.4372723400592804
0.43821457028388977
0.34714910387992853
0.39343956112861633
0.3278060555458069
0.43778330087661743
0.4660764038562775
0.415637731552124
0.37430939078330994
0.36709824204444885
0.44358912110328674
0.38051363825798035
0.44535163044929504
0.49706590175628657
0.3799752295017242
0.3730561435222626
0.38750848174095154
0.3401496708393097
0.41262713074684143
0.36984747648239136
0.4277798235416412
0.4109152257442474
0.3527754843235016
0.44202807545661926
0.3522296249866485
0.4809277355670929
0.40386220812797546
0.3647768795490265
0.4050770103931427
0.40548124909400934
0.4662144184112549
0.3513934016227722
0.34366104006767273
0.4551378786563873
0.3938893377780914
0.42140334844589233
0.43218162655830383
0.4229035675525665
0.39774903655052185
0.41989943385124207
0.39853909611701965
0.3613008856773376
0.3806833028793335
0.37865474820137024
0.42061430215835566
0.3889640271663666
0.40932062268257136
0.3740294575691223
0.3171550929546356
0.3479945659637451
0.4073943793773651
0.4816555082798004
0.43873205780982966
0.3901374936103821
0.37027731537818903
0.4026866257190704
0.34582218527793884
0.3869407176971436
0.42713513970375055
0.38795638084411616
0.3881607055664063
0.363442987203598
0.3963109254837036
0.47490599751472473
0.37211653590202326
0.3802005648612976
0.3527429401874542
0.3723145723342896
0.35907769203186035
0.3603710234165192
0.41537180542945856
0.38010492920875544
0.37141683697700495
0.3784393966197968
0.43502494692802424
0.3952972590923309
0.3834603130817413
0.37176185846328735
0.36829319596290583
0.40375450253486633
0.4121190011501312
0.3840385973453522
0.40445592999458313
0.4412766396999359
0.3620350360870361
0.5089387893676758
0.377968430519104
0.3826549649238586
0.3706338703632354
0.34596195816993713
0.39196521043777466
0.4370783269405365
0.40655449032783514
0.3820893168449402
0.39400985836982727
0.44140264391899114
0.42395099997520447
0.32944151759147644
0.3923008143901825
0.322058767080307
0.46012967824935913
0.382750540971756
0.4437795281410217
0.4442971050739288
0.400869220495224
0.4249712824821472
0.38491040468215937
0.3701142966747284
0.37123191356658936
0.3859692513942719
0.42311891913414
0.42698231339454645
0.41328439116477966
0.4581083357334137
0.3540593981742859
0.344539076089859
0.37460821866989136
0.3788032233715057
0.4443071186542511
0.45295047760009766
0.39194801449775696
0.3370835483074188
0.39969244599342346
0.4300042688846588
0.4380074143409729
0.44190931320190424
0.400345116853714
0.4189462065696716
0.4122932553291321
0.36611905694007874
0.4377760589122772
0.36734393239021296
0.4213302135467529
0.3912205994129181
0.37527015805244446
0.36941197514534
0.3166359066963196
0.38695186376571655
0.3558139503002167
0.3884711265563965
0.44042336940765375
0.3867544829845429
0.4738511145114898
0.3400026261806488
0.42388275265693665
0.3820860087871552
0.4071304500102997
0.3501149117946625
0.3688946068286896
0.40721383690834045
0.3994022011756897
0.36180311441421514
0.3954572081565857
0.3592417538166046
0.4376726448535919
0.36788102984428406
0.3619895875453949
0.3753817677497864
0.36703589558601374
0.4485241174697876
0.3902089297771454
0.38836711645126337
0.49620378017425537
0.3879821300506592
0.4453723132610321
0.4581028521060944
0.3930103480815888
0.4150410294532776
0.3756423592567444
0.3881209194660186
0.3846054375171661
0.3362413346767425
0.4299227297306061
0.36026325821876526
0.4210031032562256
0.3962448537349701
0.3735919892787933
0.3699866831302642
0.4786754846572876
0.38426241278648376
0.35768964886665344
0.3970169723033905
0.3815344572067261
0.37495335936546326
0.3917659223079681
0.3955873548984528
0.37571081519126887
0.4729898571968079
0.4813726842403412
0.4075665771961212
0.4104585349559784
0.4385554194450378
0.36417588591575617
0.3704194128513336
0.4365150034427642
0.4566814005374909
0.38192340731620794
0.3509664237499237
0.399882286787033
0.363824874162674
0.35369673371315
0.3793750703334808
0.4221619963645935
0.3981924951076508
0.45959714055061346
0.4574326872825623
0.38988533616065973
0.39543846249580383
0.4759680926799774
0.3810096085071564
0.3790250718593597
0.34195491671562195
0.4737544357776642
0.3696511089801788
0.3762071430683136
0.3631813526153565
0.37182894349098206
0.4195182919502258
0.40908220410346974
0.43379861116409296
0.48402652144432073
0.3832399547100067
0.4246485233306885
0.3774346709251404
0.40955799818038946
0.3999265134334564
0.44808638095855713
0.39911714196205134
0.3924355208873749
0.4118772149085999
0.3783839643001556
0.3930955827236176
0.39443400502204895
0.3751125037670136
0.3725076615810394
0.3918294608592987
0.4260726273059845
0.4282182157039642
0.3358345925807953
0.4561872184276581
0.35475829243659973
0.40270870923995966
0.387604147195816
0.43542593717575073
0.3263518810272217
0.4307076632976532
0.45680117607116694
0.36389324069023127
0.36190602183341974
0.3549369275569916
0.3312046527862549
0.3698216378688812
0.4141128063201904
0.37149369716644287
0.4324903786182404
0.3914175033569336
0.3269006907939911
0.3823108375072479
0.35046517848968506
0.3945943415164948
0.4607187509536743
0.3906566500663757
0.4721914231777191
0.4365534484386444
0.3635486662387848
0.4313586950302124
0.40760952234268183
0.4155243337154389
0.4201447665691376
0.42946043610572815
0.41737940907478327
0.41062432527542114
0.4431803524494171
0.40430310368537903
0.3872347772121429
0.4828678667545319
0.4472956359386444
0.3664030730724335
0.36842840909957886
0.4158438146114349
0.43765002489089966
0.39850547909736633
0.3593527972698212
0.377643346786499
0.3672550022602081
0.405795693397522
0.4158594310283661
0.3945949971675873
0.3726619184017181
0.4750882983207703
0.41721281409263605
0.38485729694366455
0.3546346127986908
0.3953178226947784
0.4008321464061737
0.35057887434959406
0.394216924905777
0.3893270194530487
0.43613964319229126
0.38403066992759693
0.358171671628952
0.36679068207740784
0.33592945337295527
0.39451438188552856
0.4066054821014404
0.4417892396450042
0.41965118050575256
0.3671517074108124
0.4490109980106354
0.36403837800025934
0.37612491846084595
0.4148084223270416
0.415099561214447
0.35471776127815247
0.4516802728176117
0.4565140902996063
0.3785072863101959
0.38881960511207586
0.39328938722610474
0.443288117647171
0.406093031167984
0.3761856257915497
0.3900824785232544
0.39076575636863703
0.469094842672348
0.4021765291690826
0.3949854075908661
0.42379179596900934
0.3695962131023407
0.36938449740409846
0.37564206123352045
0.39764162898063654
0.4392758309841156
0.440093070268631
0.47881734371185297
0.3707582056522369
0.4506223797798157
0.36642274260520935
0.3777912557125092
0.42486426234245295
0.47313347458839417
0.44034716486930847
0.47560653090476984
0.37808540463447565
0.3804930746555328
0.42513272166252136
0.483793705701828
0.41444551944732666
0.3607119023799896
0.38706615567207336
0.4186218678951264
0.41801849007606506
0.44623467326164246
0.3813270926475525
0.4040381908416748
0.4264917075634002
0.3813396990299225
0.4167955815792084
0.4617711305618286
0.3968369662761688
0.38383141160011286
0.4903930127620697
0.44672626256942743
0.42648878693580633
0.4617426097393036
0.4568319916725159
0.3727252185344696
0.4216726124286652
0.4009963572025299
0.4594473540782928
0.40102359652519226
0.43145787715911865
0.4035498201847077
0.39182391762733454
0.4150919914245605
0.37007781863212585
0.4428922235965729
0.42016723752021784
0.4433667957782745
0.4379611313343048
0.4209861755371094
0.4369613528251648
0.4426189959049225
0.426864355802536
0.35674712061882013
0.374114066362381
0.4034839868545532
0.33328267931938166
0.33061245083808893
0.3449847400188446
0.3672707378864288
0.4515701234340668
0.40001595020294184
0.382444441318512
0.436536580324173
0.38754060864448553
0.4187524020671845
0.4310482442378998
0.3984675109386444
0.42540442943573
0.3597612977027893
0.37491503357887274
0.38700905442237854
0.4195322096347809
0.3913370668888092
0.4148063063621521
0.4661307632923126
0.42148536443710327
0.3821693956851959
0.4432882070541382
0.3890691101551056
0.3835088908672333
0.46489372849464417
0.35014209151268005
0.37594863772392273
0.36489954590797424
0.37318301200866694
0.3715441226959229
0.443774938583374
0.4898952543735504
0.36851242184638977
0.4308375120162964
0.4800526797771454
0.3540893495082855
0.444148987531662
0.3794410526752472
0.4429880082607269
0.37462961673736567
0.41139271855354315
0.45208981633186335
0.40228271484375
0.4229601323604584
0.4162366390228272
0.4163592159748077
0.40435945987701416
0.38287201523780817
0.381062239408493
0.470851868391037
0.3961974084377289
0.3527206480503082
0.3853203952312469
0.45698797702789307
0.37959736585617065
0.3584970533847809
0.3971549868583679
0.4534980058670044
0.4332025647163391
0.3723086416721344
0.39574393630027765
0.41365316510200495
0.3777380883693695
0.3838066160678864
0.40694209933280945
0.4253243207931519
0.46035566926002497
0.4306311905384064
0.37612947821617126
0.4643971621990204
0.4214923083782196
0.3626254498958588
0.3896646797657013
0.34301501512527466
0.45625096559524536
0.3828476369380951
0.3893022239208221
0.4153681993484497
0.40467122197151184
0.3762358725070953
0.4168667793273926
0.4133511781692505
0.35723164677619934
0.38234481215476984
0.3746761977672577
0.43154779076576233
0.38371774554252625
0.35418257117271423
0.3992697894573212
0.42309907078742975
0.34647300839424133
0.40035751461982727
0.43197426199913025
0.41769924759864807
0.3941998183727264
0.4276345670223236
0.5013229250907898
0.37725386023521423
0.4170621335506439
0.3519159257411957
0.38196343183517456
0.3479473292827606
0.3651157319545746
0.471083015203476
0.3712758421897888
0.3752739131450653
0.4807937145233154
0.38953426480293274
0.42854788899421686
0.4071430265903473
0.3814028799533844
0.43424603343009943
0.4408620297908783
0.37203121185302734
0.3771965205669403
0.36328539252281195
0.34315434098243713
0.41166344285011286
0.4719831049442291
0.4567953944206238
0.41795241832733154
0.3671638071537018
0.39033806324005127
0.39855208992958074
0.3644117414951325
0.3871566951274872
0.35061177611351013
0.43798884749412537
0.4023506045341492
0.3905850946903229
0.33935055136680603
0.4477247595787048
0.37292313575744634
0.4514338970184326
0.44844523072242737
0.38235688209533686
0.35692283511161804
0.4350003898143768
0.329707145690918
0.4057018458843231
0.39905157685279846
0.36087217926979054
0.40958705544471746
0.3481256067752838
0.40117108821868896
0.40352165699005127
0.42763471603393555
0.431408554315567
0.4033147096633911
0.44212815165519714
0.4740678668022156
0.37764051556587214
0.3937833905220032
0.40279087424278254
0.3706668019294738
0.39885166287422175
0.42430949211120605
0.3920422494411469
0.4366686344146729
0.4805625081062317
0.36235842108726496
0.385068953037262
0.388986200094223
0.41616412997245783
0.3909315764904022
0.3944080173969269
0.37428817152976984
0.343987375497818
0.47056207060813904
0.4247002899646759
0.4129132926464081
0.363414078950882
0.38785952329635615
0.3767030537128448
0.4349268972873688
0.42229369282722473
0.43022146821022034
0.39517587423324574
0.3913485109806061
0.34529498219490046
0.41806259751319885
0.39687347412109375
0.4816024601459503
0.47252091765403753
0.42325893044471746
0.3755194842815399
0.44588449597358704
0.40842342376708973
0.335893839597702
0.3606680333614349
0.33284959197044367
0.5096244215965271
0.41344594955444336
0.3684140145778656
0.3872002959251404
0.37039777636528015
0.35978665947914124
0.35252538323402405
0.3690097630023956
0.35944047570228577
0.43406182527542114
0.454793244600296
0.42115542292594904
0.3178706765174866
0.39822614192962646
0.3979336321353912
0.38787385821342474
0.4347206652164459
0.34669044613838196
0.4764289259910584
0.35811084508895874
0.36714634299278254
0.429786741733551
0.43406316637992853
0.4875817596912384
0.38998329639434814
0.4019922614097595
0.4079862236976624
0.4016386568546295
0.4813572764396667
0.41037517786026
0.44287160038948054
0.4272185266017914
0.39677494764328
0.42834809422492975
0.4029803574085236
0.36861708760261536
0.43377152085304255
0.3850803673267365
0.36474055051803594
0.36528828740119934
0.3603751659393311
0.45603480935096735
0.36132571101188654
0.36580583453178406
0.3864348828792572
0.38556614518165594
0.3880831599235535
0.42336919903755194
0.37356561422348017
0.4154050648212433
0.4092291295528412
0.3702752888202667
0.3892938494682312
0.4087737500667572
0.38752833008766174
0.3965560793876648
0.418828397989273
0.39466091990470886
0.39799508452415466
0.36598545312881464
0.48208004236221313
0.42583516240119934
0.3897963166236877
0.31758251786231995
0.3182124197483063
0.3862650990486145
0.3671196699142456
0.49836036562919617
0.4295728504657745
0.44651550054550165
0.35848739743232727
0.39007207751274103
0.31852254271507263
0.37592759728431696
0.3595494329929352
0.4524020850658417
0.40059953927993774
0.4175704419612885
0.4039438962936401
0.41046965122222895
0.4384341537952423
0.4014148712158203
0.4195277690887451
0.40050444006919855
0.403376430273056
0.4450995028018952
0.3914281129837036
0.4069155156612396
0.406931072473526
0.4015202224254608
0.341540664434433
0.3912664353847504
0.4429946839809418
0.3662068545818329
0.37901136279106146
0.40475693345069885
0.35187962651252747
0.42018124461174006
0.4898777902126312
0.4747714698314666
0.45553025603294367
0.34318879246711725
0.3927976191043854
0.4092541635036469
0.3838667869567871
0.38571229577064514
0.4318530261516571
0.3627009093761444
0.4163348972797394
0.3741765916347504
0.39449095726013184
0.3492304980754852
0.4444639384746552
0.4535636603832245
0.3924045264720917
0.40053805708885193
0.4327261447906494
0.37622782588005066
0.389051079750061
0.40756261348724365
0.35931271314620966
0.4253321588039398
0.3652304708957672
0.3685334026813507
0.42161118984222407
0.4041754603385925
0.38874146342277527
0.38063544034957886
0.3347958028316498
0.44165861606597906
0.394673764705658
0.3512479066848755
0.3442152738571167
0.416107952594757
0.38248929381370544
0.35696640610694885
0.41294369101524353
0.46688628196716314
0.46696224808692927
0.382190614938736
0.4434901773929596
0.4690985381603241
0.4563879668712616
0.456537276506424
0.4021033942699432
0.4345421493053436
0.3730370700359344
0.3886679112911224
0.4204276204109192
0.4351832568645477
0.4054053723812103
0.5097004771232605
0.4030323922634125
0.42931118607521057
0.3915675580501556
0.3893553018569946
0.4990888833999634
0.4215007126331329
0.3256489932537079
0.4138768017292023
0.39252164959907526
0.43162819743156433
0.41666123270988464
0.4142657518386841
0.3725311458110809
0.43741026520729054
0.3844120800495148
0.3832683861255646
0.404609888792038
0.38450762629508967
0.3862250149250031
0.36533722281455994
0.384091466665268
0.3701026141643524
0.35632684826850886
0.48455289006233215
0.33856675028800964
0.41647043824195856
0.4324678778648376
0.4581368565559387
0.44584617018699646
0.4040614068508148
0.3579813539981842
0.45701697468757624
0.46317130327224726
0.39058563113212585
0.38640180230140686
0.3735409379005432
0.38068750500679016
0.5165092945098877
0.38318121433258057
0.3986322581768036
0.3887457549571991
0.40706914663314814
0.3874088823795319
0.3709890246391296
0.40156725049018854
0.38437381386756897
0.476983904838562
0.3878280222415924
0.44896173477172846
0.3831534683704376
0.4513464868068695
0.4375580549240112
0.409206360578537
0.3880719840526581
0.4192358553409576
0.35699436068534846
0.3887251913547516
0.34296175837516785
0.38101467490196234
0.3882333040237426
0.36541005969047546
0.4951584041118622
0.31629136204719543
0.34875649213790894
0.4313356578350067
0.3899510502815247
0.4091970920562744
0.3768973648548126
0.3995924293994904
0.40267261862754816
0.3735558092594146
0.3665839433670044
0.41873523592948914
0.39263561367988586
0.4079656898975372
0.36005866527557373
0.37062922120094294
0.3919842541217804
0.35917866230010986
0.3979614973068237
0.43591248989105214
0.3957512080669403
0.4213539659976959
0.43819287419319153
0.3943499624729157
0.4289840161800385
0.3683191537857056
0.36176943778991694
0.3548924028873444
0.37561354041099543
0.39193853735923767
0.39107370376586914
0.3824995160102844
0.3891739547252655
0.3837853968143463
0.4575215876102448
0.3723578453063965
0.41155180335044866
0.45249789953231806
0.36762309074401855
0.38856095075607294
0.34652239084243774
0.4026128351688385
0.36244952678680414
0.3937532603740692
0.3606168925762177
0.4226230680942536
0.3967807292938232
0.46480050683021545
0.3542495369911194
0.3874959349632263
0.40171030163764954
0.4423118829727173
0.4101137220859528
0.4120803773403168
0.36697268486022955
0.400637149810791
0.4019620716571808
0.4797683954238892
0.4338565170764923
0.3621297180652618
0.45481574535369873
0.36779263615608215
0.3929076492786408
0.431608110666275
0.4213374853134155
0.44135582447052
0.41209760308265686
0.3984273672103882
0.36737304925918574
0.37234088778495783
0.3902163803577423
0.40545281767845154
0.3988492786884308
0.3839734494686127
0.42832323908805847
0.3846995532512665
0.34451186656951904
0.40012726187705994
0.3951555192470551
0.4572986662387848
0.4430040121078491
0.4144215881824493
0.45596614480018616
0.3805112540721893
0.4299884438514709
0.4247647225856781
0.4904549419879913
0.4398290812969208
0.4098581671714783
0.3514890968799591
0.3425576090812683
0.42307379841804493
0.3697398900985718
0.45831713080406183
0.4556943774223328
0.39426162838935846
0.43202540278434753
0.4044815003871918
0.4243791997432709
0.4077818095684052
0.45791622996330256
0.3538176417350769
0.4143277108669281
0.3853746652603149
0.39162677526474
0.3476477265357971
0.38955998420715326
0.373667985200882
0.38875243067741394
0.38709816336631775
0.4446501433849335
0.41120532155036926
0.4366480708122253
0.4034170806407928
0.3655118048191071
0.43341681361198425
0.4262497127056122
0.4010407626628876
0.39687913656234736
0.4186395108699799
0.4306533038616181
0.4785953164100647
0.43141859769821167
0.4008824527263641
0.47887733578681946
0.42356380820274353
0.4153774082660675
0.32039839029312134
0.4013079702854157
0.3723678290843964
0.4146359860897064
0.37843307852745056
0.37452250719070435
0.3956334292888641
0.38910672068595886
0.4518527090549469
0.3734845519065857
0.4115482270717621
0.39514976739883423
0.3508700728416443
0.4267849028110504
0.4158343970775604
0.38905802369117737
0.48656132817268366
0.40280988812446594
0.3666998445987701
0.3888086974620819
0.4196518957614898
0.4631827771663666
0.37735003232955927
0.4116679131984711
0.40677058696746826
0.369360625743866
0.4462604224681854
0.4227544367313385
0.3792870938777924
0.35870954394340515
0.38312610983848566
0.3694222271442413
0.4036186039447784
0.3813184797763824
0.4358581602573394
0.37208110094070435
0.386916309595108
0.3731329143047333
0.3842804431915283
0.45791065692901606
0.376030832529068
0.3853886127471924
0.4208489954471588
0.4144105017185211
0.4454459846019745
0.39645093679428095
0.42414635419845587
0.36250376701354975
0.4398222267627716
0.3984249532222748
0.4225218296051025
0.39796510338783264
0.489817351102829
0.39856955409049993
0.40787893533706665
0.4084506928920746
0.4140806496143341
0.37759670615196234
0.3960365951061249
0.4076617658138275
0.3502393364906311
0.35082173347473145
0.3707389831542969
0.38464340567588806
0.43984985351562494
0.4294278919696808
0.40098905563354487
0.38774293661117554
0.37028893828392023
0.3318953812122345
0.43014314770698553
0.4197891056537628
0.4228611290454865
0.42081448435783386
0.3669948875904083
0.37327417731285095
0.40182590484619135
0.38307812809944153
0.35484036803245544
0.39909002184867853
0.4380908906459808
0.44774556159973133
0.405367523431778
0.4469592571258545
0.38486620783805847
0.36623486876487726
0.4342332184314728
0.39326569437980646
0.40125218033790583
0.37296697497367853
0.4079919457435608
0.42152479290962214
0.41617774963378906
0.409197062253952
0.4640668630599976
0.3963232934474945
0.4054946601390839
0.44610396027565
0.3626369535923004
0.45704054832458496
0.383924812078476
0.4297025799751282
0.3548198640346527
0.37692242860794073
0.3669812083244324
0.4065704643726349
0.39528927206993103
0.3912375271320343
0.3800755441188812
0.41136094927787775
0.35337916016578674
0.36311489343643194
0.3768080174922943
0.4527336955070496
0.380657970905304
0.39097499847412104
0.4928850829601288
0.5044006705284119
0.4480882585048676
0.4740535318851471
0.3853912651538849
0.4035440385341644
0.4537789523601532
0.41295641660690313
0.3667439818382263
0.40898725390434265
0.3724186420440674
0.3679741024971008
0.38355764746665955
0.38679900765419006
0.3980143368244171
0.4613095223903656
0.4489134848117828
0.3613011240959168
0.4635976254940033
0.48577657341957087
0.367925077676773
0.3920865952968597
0.4121277630329132
0.4292614161968231
0.42934685945510864
0.3961762487888336
0.4249899685382843
0.37919482588768005
0.3798549175262451
0.4739167392253876
0.3367241322994232
0.421119749546051
0.4254502654075623
0.3980046510696411
0.4492835998535156
0.3922181725502014
0.44332498311996454
0.376730352640152
0.33389440178871155
0.38954105973243713
0.3861065804958344
0.35494351387023926
0.45516082644462585
0.38344386219978327
0.3396105468273163
0.3687183260917664
0.36236128211021423
0.5025418400764465
0.3567346036434173
0.3365878164768219
0.36009106040000916
0.36107972264289856
0.3837511837482452
0.3674267828464508
0.39558181166648865
0.45967546105384827
0.3918205797672272
0.43744245171546936
0.40527597069740295
0.384104460477829
0.4477675557136536
0.4706069529056549
0.3747852742671967
0.37304624915122986
0.3845837414264679
0.3869077265262604
0.40130278468132013
0.34711924195289606
0.37373694777488714
0.37482479214668274
0.37196680903434753
0.3429096639156341
0.3775691092014313
0.35757753252983093
0.3964419960975647
0.3956747949123383
0.48324099183082575
0.4282603263854981
0.3579993546009064
0.4690652787685394
0.3825584352016449
0.43781778216362
0.3893549740314484
0.41169705986976624
0.38825392723083496
0.3812825679779053
0.3288599550724029
0.37833890318870544
0.38435986638069153
0.40786141157150263
0.3941214382648468
0.4222326874732971
0.3851402401924133
0.46634376049041754
0.43824753165245056
0.3889972865581512
0.4765160083770752
0.3400338590145111
0.3678095042705536
0.48196193575859064
0.41385391354560846
0.4401402175426483
0.40282347798347473
0.4162677228450775
0.43076401948928833
0.3665237724781036
0.4320947825908661
0.365582287311554
0.3550347983837128
0.4004077315330505
0.3786450326442719
0.48449054360389704
0.39529219269752497
0.4039296805858612
0.3945208191871643
0.3877227902412415
0.37594345211982727
0.3814008831977844
0.363671988248825
0.3960917592048645
0.35204294323921204
0.3908930420875549
0.42800205945968633
0.4590450823307037
0.3812469840049744
0.444892019033432
0.475978285074234
0.4952751696109772
0.3883470892906189
0.3597619831562042
0.4848860800266266
0.44728776812553406
0.36620745062828064
0.3749001026153565
0.47065228223800654
0.33673790097236633
0.38714054226875305
0.3850268721580505
0.38143423199653625
0.3818311393260956
0.36628976464271545
0.32845005393028254
0.33989870548248285
0.4174159467220306
0.44248038530349726
0.39526534080505366
0.4417148530483246
0.3767382800579071
0.3341393172740936
0.4339193999767304
0.4084473848342896
0.422071784734726
0.4394144117832184
0.3887843191623688
0.3699092864990234
0.4123701751232147
0.3224297761917114
0.4015770852565765
0.33929112553596497
0.4020288288593292
0.37046676874160767
0.4164819419384002
0.3623864054679871
0.35634467005729675
0.43791902065277094
0.4274013340473175
0.4296769201755524
0.40877243876457214
0.3838395476341248
0.4227955639362335
0.43589594960212713
0.391345351934433
0.41634336113929754
0.371592789888382
0.4289986789226532
0.40593650937080383
0.46832320094108576
0.38259437680244446
0.392116904258728
0.36512160301208496
0.3882777690887451
0.3621778786182404
0.42926555871963507
0.43265953660011286
0.4567520022392273
0.3540310859680176
0.4206736981868744
0.38260921835899353
0.45953920483589167
0.37445893883705134
0.3907306492328644
0.436610609292984
0.40655213594436646
0.3605174422264099
0.41287165880203247
0.37701615691185
0.48990485072135925
0.4926964342594146
0.33923062682151794
0.3888871371746063
0.5009213089942932
0.43803158402442927
0.37062594294548035
0.36342200636863703
0.3833405673503876
0.41499754786491394
0.43336620926856995
0.4404825270175934
0.36049216985702515
0.3379175364971161
0.38052564859390253
0.3440628945827484
0.4516494572162628
0.35319367051124567
0.3732816874980927
0.46078583598136896
0.3596913516521454
0.37801173329353327
0.4301255941390991
0.4186019003391266
0.397853821516037
0.44573244452476496
0.452141672372818
0.3843171298503876
0.4277405440807343
0.3626473248004913
0.374369591474533
0.38819184899330134
0.3804508745670319
0.37012702226638794
0.4010066092014313
0.4134638011455536
0.4031192362308502
0.38037025928497314
0.3664899170398712
0.3467158079147339
0.42953693866729736
0.44914183020591736
0.37016308307647705
0.3912418186664581
0.4119000732898712
0.3868890702724457
0.43017441034317017
0.4691511690616608
0.40880438685417175
0.34671816229820246
0.3968164622783661
0.3535028398036957
0.3504475951194763
0.46861770749092096
0.40275120735168457
0.43295031785964966
0.3249153792858124
0.38789170980453486
0.36913248896598816
0.40712156891822815
0.3562745749950409
0.3987256288528442
0.3634374141693115
0.44334158301353455
0.35332822799682617
0.3804864585399628
0.38004121184349055
0.3779802620410919
0.44393718242645264
0.3474276959896088
0.3616811335086823
0.3807682394981384
0.34142419695854187
0.4014641642570496
0.3617171347141266
0.4766910970211029
0.34601539373397827
0.4754867851734161
0.42256221175193787
0.4169803261756897
0.3654251396656036
0.4373731911182404
0.41090196371078486
0.3752101957798004
0.3627993166446686
0.42645105719566345
0.43405815958976746
0.3715218603610992
0.48115965723991394
0.46382829546928406
0.43622156977653503
0.41275820136070246
0.41426041722297674
0.39477941393852234
0.48434954881668085
0.3622580766677856
0.38517570495605463
0.3630369901657104
0.4337841868400574
0.3700213134288788
0.3521728813648224
0.39841121435165405
0.4579841196537018
0.4303520619869232
0.3902974426746368
0.3939248025417328
0.3642841577529907
0.3577434718608856
0.39313969016075134
0.37915179133415217
0.45431497693061834
0.3936931490898132
0.401362657546997
0.3667379319667816
0.39109921455383295
0.36174541711807245
0.3631488382816314
0.46442022919654846
0.4308715164661408
0.3993310630321503
0.408071368932724
0.34771397709846497
0.3855724632740021
0.4574426710605621
0.4371408820152282
0.4773018956184387
0.46284461021423334
0.3898540437221527
0.3795301616191864
0.3796180784702301
0.3395782709121704
0.38000354170799255
0.3693744242191314
0.38121753931045527
0.3681056201457977
0.3899498283863068
0.4770999848842621
0.40567994117736816
0.4211438298225402
0.4257533848285675
0.414482295513153
0.36840984225273127
0.3670904934406281
0.3899060189723969
0.41560336947441107
0.37334269285202026
0.5026736259460449
0.3908673226833344
0.38359662890434265
0.3872721195220947
0.3648172318935394
0.37035194039344793
0.39256015419960016
0.394938051700592
0.4140961766242981
0.3590839207172394
0.41043004393577576
0.3936784863471985
0.3964822292327881
0.3843895196914673
0.41251227259635925
0.40144518017768854
0.4162627160549164
0.3946343958377838
0.451859176158905
0.4890243411064148
0.41837516427040095
0.4501005709171295
0.404697984457016
0.40787646174430847
0.37031906843185425
0.4472968876361847
0.37888157367706293
0.38263341784477234
0.37597712874412537
0.4581709206104279
0.39935758709907526
0.42849200963974
0.40364325046539307
0.3360365927219391
0.3829918205738068
0.36180254817008967
0.4064920246601105
0.3888900876045227
0.4070393741130829
0.4223690330982208
0.3917110860347748
0.41384923458099365
0.3703502416610718
0.35601961612701416
0.43350619077682495
0.4568303525447845
0.4168839156627655
0.3674289286136627
0.4618401229381561
0.37732574343681335
0.3669931590557098
0.42639079689979553
0.3440743386745453
0.452317088842392
0.37837371230125433
0.38912177085876465
0.39553770422935486
0.4347469508647919
0.3773355782032013
0.33241233229637146
0.3463703989982605
0.379682570695877
0.361102432012558
0.41944947838783264
0.3209250867366791
0.3681221604347229
0.40549105405807495
0.43715980648994446
0.41430988907814026
0.39077737927436823
0.36984077095985407
0.41520151495933527
0.3995612561702728
0.3985536992549896
0.3541993796825409
0.43976882100105286
0.3785022795200348
0.39432254433631897
0.3905601799488068
0.4079336822032928
0.4507175981998444
0.40763098001480097
0.41685995459556574
0.3347845673561096
0.3883390426635742
0.37167182564735407
0.4383883774280548
0.4201978743076325
0.4163168370723724
0.3906018435955048
0.380222350358963
0.3453070819377899
0.3940524160861969
0.36079972982406616
0.36791568994522095
0.36460962891578674
0.34993717074394226
0.46824607253074646
0.4121521413326264
0.3661312758922577
0.3967800438404083
0.3892151415348053
0.5021405816078186
0.3950001895427704
0.3875934779644013
0.40330830216407776
0.38384979963302607
0.4516168534755706
0.3371798098087311
0.4008055329322815
0.4923699796199799
0.37220159173011774
0.3772662580013275
0.3878435492515564
0.4790457487106323
0.4153516590595245
0.47258391976356506
0.45010146498680115
0.40561884641647333
0.36857810616493225
0.4338718056678772
0.4508803188800812
0.45711019635200495
0.3741482198238373
0.3853693008422852
0.45069959759712214
0.3817283511161804
0.3773755729198456
0.482379287481308
0.379966676235199
0.31574124097824097
0.4810280501842498
0.38002926111221313
0.4102620482444763
0.388872355222702
0.4291625022888184
0.37236836552619934
0.3439754843711853
0.36072322726249695
0.36442795395851135
0.40326964855194086
0.3435787260532379
0.4699874818325042
0.32943466305732727
0.5043511986732483
0.43762624263763433
0.42876648902893066
0.3824117481708527
0.4156599640846253
0.43130686879158014
0.4320961534976959
0.41554036736488337
0.39335849881172175
0.36937943100929266
0.3575303256511688
0.41114771366119374
0.3808407187461853
0.4492480158805847
0.3705919682979584
0.4346477687358856
0.4370909631252289
0.41890683770179754
0.39014044404029846
0.39795324206352234
0.4830228984355927
0.3902510702610016
0.4340263605117798
0.3533201813697815
0.4042451679706573
0.3844729959964752
0.3699075877666473
0.4043770730495453
0.36749604344367987
0.4418226182460785
0.3914000689983368
0.419895738363266
0.4584108293056488
0.4212850034236908
0.4079736173152924
0.48811981081962585
0.4701063334941864
0.3870473802089691
0.48519089818000793
0.362251490354538
0.4546304643154144
0.39028069376945496
0.4072109758853912
0.44118231534957886
0.43190523982048035
0.3980002403259277
0.46282759308815
0.3665725290775299
0.40155497193336487
0.41218432784080505
0.3759647309780121
0.4325456917285919
0.4168756902217865
0.4558609426021576
0.46609666943550104
0.39165335893630976
0.4107521772384644
0.47521308064460754
0.3950594365596771
0.403505653142929
0.3979245722293854
0.4168814122676849
0.3934023380279541
0.42538160085678095
0.37078621983528137
0.36649116873741144
0.38924393057823187
0.3878100514411926
0.3791392147541046
0.47382608056068415
0.3987279236316681
0.38607433438301086
0.3961305320262909
0.3747201263904572
0.41892451047897333
0.43689510226249695
0.36663749814033514
0.3771331310272217
0.3863007426261902
0.43872377276420593
0.4998086988925934
0.4376163482666016
0.490759402513504
0.3765063881874085
0.36374887824058527
0.38858535885810846
0.3349582850933075
0.40751180052757263
0.3847176134586334
0.4235225021839142
0.41448342800140386
0.4383021295070648
0.3871453702449799
0.3667774498462677
0.44520735740661616
0.4334298372268677
0.4292906224727631
0.42911249399185186
0.4070092141628265
0.43417584896087646
0.422763466835022
0.33395501971244806
0.3894650042057037
0.3939983546733856
0.45537444949150085
0.4017790257930756
0.4706161916255951
0.4279214441776276
0.3819986879825592
0.3873549997806549
0.38296705484390253
0.42123743891716
0.3898051977157593
0.38684222102165217
0.3792427480220794
0.4564186334609985
0.3996969759464264
0.3964114785194397
0.4071773588657379
0.44782295823097223
0.38792186975479126
0.3806941211223602
0.42722529172897333
0.3881320059299469
0.4165003895759583
0.3896166980266571
0.40397185087203974
0.343085378408432
0.43236675858497614
0.4072194397449493
0.407471239566803
0.371848464012146
0.3723659813404083
0.42976513504982
0.45179620385169983
0.36105820536613453
0.4130411446094513
0.39229246973991394
0.3431600630283356
0.4415822625160217
0.47806692123413086
0.37143632769584656
0.38546445965766907
0.36279916763305664
0.41155871748924255
0.4219263195991516
0.41774144768714894
0.4108878076076508
0.3383173644542694
0.41226568818092346
0.4370345175266266
0.41595929861068726
0.4094389975070953
0.3771817982196808
0.3937932550907135
0.4558086395263672
0.3572026789188385
0.3863243758678436
0.33326706290245056
0.398429661989212
0.4264558553695679
0.39222317934036255
0.3789187371730805
0.4615391194820404
0.44673326611518854
0.4307321012020111
0.36359757184982294
0.3524742424488068
0.36343792080879206
0.36651930212974554
0.3600310683250427
0.4378340542316437
0.3802252113819122
0.4118421077728272
0.416890025138855
0.3893902897834778
0.36381620168685913
0.39237800240516657
0.4389422237873077
0.4383613765239716
0.46012040972709656
0.43541333079338074
0.4216640591621399
0.48581913113594055
0.4482530653476715
0.36025622487068176
0.3615722358226776
0.3705871403217316
0.3663903474807739
0.3617152273654938
0.39386680722236633
0.387317419052124
0.40428152680397034
0.3707143366336823
0.3684558570384979
0.3868818581104279
0.3986563682556152
0.3826490044593811
0.46867585182189936
0.3959302604198456
0.35105741024017334
0.4142508804798126
0.40157011151313776
0.4151009619235992
0.3471270501613617
0.39376345276832575
0.42225599288940424
0.36559894680976873
0.4570626020431519
0.45834705233573914
0.38350296020507807
0.3823629915714264
0.38313981890678406
0.41607198119163513
0.47313067317008967
0.36669000983238226
0.3936361074447632
0.36944013833999634
0.36846974492073054
0.46025988459587097
0.38495710492134094
0.3830284476280213
0.40229853987693787
0.3514792621135712
0.3758602142333984
0.40368929505348206
0.3426564931869507
0.39926451444625854
0.3569962084293365
0.3980550467967987
0.43918642401695246
0.4099819958209992
0.3361791670322418
0.414515346288681
0.424107164144516
0.3856181800365448
0.43770715594291687
0.3961491882801056
0.37684875726699835
0.3800815045833588
0.41517809033393854
0.4829150140285492
0.34288087487220764
0.3708621859550476
0.37382736802101135
0.39370748400688166
0.487641155719757
0.3796396553516388
0.410831093788147
0.3662928640842438
0.3772362172603607
0.40735375881195063
0.4601200520992279
0.44532760977745056
0.37981632351875305
0.3946562111377716
0.3849694132804871
0.38424563407897944
0.3719027638435364
0.36552375555038447
0.3608700931072235
0.33159676194190973
0.42767477035522466
0.3897071778774261
0.4238270819187164
0.41127976775169367
0.41584476828575134
0.3856379985809326
0.40910074114799494
0.3763431906700134
0.46100762486457825
0.3804872334003448
0.39755249023437506
0.3983164131641388
0.3967147171497345
0.37888410687446594
0.4226415455341339
0.44759085774421686
0.4156907498836517
0.41596719622612
0.4191274642944336
0.49114036560058594
0.38442876935005194
0.4342409372329712
0.41043218970298767
0.44469958543777466
0.39430198073387146
0.3903953731060028
0.39427295327186573
0.4246689677238464
0.45330783724784846
0.4019183218479157
0.3986279368400574
0.4317157566547394
0.47739690542221064
0.38425961136817927
0.3308999240398407
0.38745087385177607
0.3691222369670868
0.37239420413970953
0.39286828041076655
0.39394941926002497
0.4773171544075012
0.4454207718372345
0.4566019475460053
0.4124679267406464
0.36487254500389094
0.38926443457603455
0.37305933237075806
0.4457666873931885
0.3959768414497376
0.4702818095684052
0.3897724449634552
0.3899675905704498
0.38765770196914673
0.42910537123680115
0.3780325651168823
0.37236419320106506
0.36185726523399353
0.4248045980930328
0.38939604163169855
0.3801495432853698
0.405771940946579
0.4064664542675018
0.4086613953113556
0.3494006395339966
0.4890758097171784
0.38603156805038447
0.42371931672096247
0.3749894201755524
0.423552542924881
0.4165986180305481
0.3775112330913544
0.37456625699996954
0.39494344592094416
0.3887427151203156
0.4257960021495819
0.3748691976070404
0.4408396780490875
0.3868497312068939
0.39186426997184753
0.39673492312431335
0.40666124224662786
0.3874633312225342
0.40830472111701965
0.41855040192604065
0.4465362131595612
0.4756167232990265
0.39328497648239136
0.4325786530971527
0.39019015431404114
0.39916566014289856
0.4629156887531281
0.3997640907764434
0.3653108775615692
0.33886218070983887
0.4431016147136688
0.44980227947235113
0.400007963180542
0.5093116760253905
0.36584058403968805
0.38281169533729553
0.47991862893104553
0.4239821135997772
0.4988197982311249
0.35008504986763
0.43438640236854553
0.4032436609268189
0.4233807623386383
0.4931981563568115
0.3919534385204315
0.46287289261817927
0.41155171394348145
0.39769771695137024
0.3991954624652863
0.4107639193534851
0.4150368869304657
0.4363444149494171
0.4392714202404022
0.4468474388122559
0.3505529463291168
0.387958973646164
0.3864699900150299
0.42506858706474304
0.38265043497085566
0.3835449516773224
0.43092012405395513
0.4253162443637848
0.3687523305416107
0.4011440277099609
0.37041780352592474
0.3951301574707031
0.39322403073310846
0.46828636527061457
0.4882320761680603
0.3921914994716644
0.3420458137989044
0.3619171679019928
0.40651676058769226
0.483757346868515
0.42859137058258057
0.41264346241950983
0.43339851498603826
0.39622363448143005
0.402458518743515
0.44188886880874634
0.40123847126960754
0.37863913178443914
0.41630169749259943
0.43631628155708313
0.4039639532566071
0.4100234806537628
0.3770771920681
0.45708784461021423
0.41979166865348816
0.44829490780830383
0.40497240424156183
0.4102373123168945
0.4563802778720856
0.37157568335533137
0.43300011754035944
0.3986123204231262
0.37635692954063416
0.41809883713722235
0.38023409247398376
0.38520199060440063
0.3729752004146576
0.3998166620731354
0.38623687624931335
0.40259203314781195
0.4419918358325958
0.39161786437034607
0.3664220869541168
0.39131927490234375
0.4047975242137909
0.4570854008197784
0.3626199662685394
0.41681149601936335
0.3854645490646362
0.3978534042835236
0.3875307142734528
0.4068478643894196
0.3768249154090881
0.3746400475502014
0.4216442406177521
0.42020657658576965
0.39393106102943426
0.35259595513343805
0.4403074979782104
0.3945875465869904
0.4086942076683045
0.4216180741786957
0.4194809794425964
0.35657677054405207
0.42800343036651606
0.4483856856822968
0.4178689420223236
0.35352620482444763
0.4086730778217316
0.39532196521759033
0.426919162273407
0.3879163861274719
0.44102537631988525
0.3640816807746887
0.36645084619522095
0.37078937888145447
0.40563452243804926
0.3678337633609772
0.38093921542167664
0.4264194667339325
0.44602730870246887
0.404114693403244
0.4014664590358734
0.36169308423995966
0.3801095187664032
0.38180524110794073
0.44530007243156433
0.43934002518653864
0.3817228972911834
0.44840177893638605
0.36545965075492853
0.42064306139945984
0.4406899511814117
0.46845886111259455
0.40135687589645386
0.4163428843021393
0.34609130024909973
0.4051365852355957
0.3618841171264648
0.3569030165672302
0.3678930103778839
0.4565903842449188
0.4120502769947052
0.3924550712108612
0.3733157813549042
0.35184916853904724
0.3512031435966492
0.3631479144096375
0.439566045999527
0.34208181500434875
0.469458520412445
0.4590599238872528
0.428034633398056
0.37468487024307245
0.39130741357803345
0.39005073904991144
0.38067868351936335
0.44383555650711054
0.39224544167518616
0.42093187570571894
0.37063297629356384
0.4483584463596344
0.46576157212257385
0.43265053629875183
0.3632145822048187
0.4416764676570892
0.3851538598537445
0.4449994564056397
0.40617135167121887
0.37522944808006287
0.3691873550415039
0.41630387306213373
0.3956352472305298
0.37153038382530207
0.36956253647804255
0.3730702102184296
0.3343122899532318
0.4351573884487152
0.43549403548240656
0.45318478345870966
0.36915791034698486
0.39367744326591486
0.34972140192985535
0.4202013313770294
0.40954336524009693
0.4107072651386261
0.3736768364906311
0.44626584649086
0.3712276220321655
0.3463118374347687
0.41269209980964655
0.3927861750125885
0.40103438496589666
0.4376451373100281
0.41666039824485773
0.39491233229637146
0.3974845111370087
0.39443743228912354
0.31927740573883057
0.4021117687225342
0.3744336366653442
0.448996365070343
0.3823350965976715
0.36932536959648127
0.37878501415252686
0.3814528286457062
0.3912847638130188
0.39474016427993774
0.42517685890197754
0.3745120465755463
0.3688071370124817
0.3854796886444092
0.3654618263244629
0.3769305944442749
0.43920525908470154
0.4352857172489166
0.37904137372970576
0.32218948006629944
0.38621070981025696
0.34104588627815247
0.38538053631782526
0.3833877742290497
0.4011609256267548
0.40712842345237726
0.3799797296524048
0.38253656029701233
0.3631492555141449
0.40170404314994806
0.3751142024993896
0.422205775976181
0.4327549040317536
0.36020597815513605
0.4710233807563782
0.4447178542613983
0.3893967270851135
0.45259833335876465
0.3532269895076752
0.40420144796371454
0.4293122291564941
0.39310681819915766
0.445965439081192
0.3815762102603912
0.4551674723625183
0.3835012316703796
0.40122410655021673
0.38196536898612976
0.3736212551593781
0.32868555188179016
0.45684280991554255
0.3358562886714936
0.3845449388027191
0.4203822910785675
0.404257446527481
0.3741882741451264
0.38523510098457336
0.42790183424949646
0.33634141087532043
0.4475851356983185
0.40441620349884033
0.35109344124794006
0.3579024970531464
0.4528989493846893
0.4315301775932312
0.40221524238586426
0.4075290262699127
0.4398251473903656
0.41632547974586487
0.3606303632259369
0.42930525541305536
0.37684133648872375
0.4546642601490021
0.4360092878341674
0.3767306506633759
0.4720578491687775
0.3422626554965973
0.3771935105323792
0.42260965704917913
0.3819487392902374
0.33253100514411926
0.43618127703666687
0.37779325246810913
0.40190085768699646
0.4475275278091431
0.40470805764198303
0.36011433601379395
0.39834612607955927
0.38460031151771545
0.440272718667984
0.4004724323749542
0.3948955833911896
0.3480990529060364
0.4135541915893554
0.41912308335304255
0.37725105881690973
0.35581251978874207
0.4091435968875885
0.4194888472557068
0.38264161348342896
0.4493840932846069
0.424397200345993
0.3994871079921722
0.3954478800296784
0.337937444448471
0.41681137681007385
0.4434147775173187
0.4144461452960968
0.3672380745410919
0.3808242976665497
0.37750077247619623
0.36273801326751703
0.3987533450126648
0.45203909277915955
0.3831527531147003
0.42692500352859497
0.3831150233745575
0.3971691429615021
0.44450381398200983
0.4054422080516815
0.39322575926780706
0.3912905156612396
0.370514839887619
0.45337745547294617
0.4346451461315155
0.310306578874588
0.40580770373344416
0.4009993970394135
0.4006750285625458
0.4663360416889191
0.4069331288337708
0.41476523876190186
0.3995467126369476
0.41747382283210754
0.3835161924362183
0.3600857257843017
0.382472425699234
0.36402568221092224
0.34456953406333923
0.47908014059066767
0.39374816417694086
0.3530333936214447
0.3789770901203156
0.4152435958385468
0.3830924332141876
0.3978863656520844
0.47679266333580017
0.475931853055954
0.42932406067848206
0.4074161946773529
0.49462553858757013
0.3985095322132111
0.38084402680397034
0.3652916252613068
0.3991520404815674
0.35770630836486816
0.3936118483543396
0.37670567631721497
0.44711607694625854
0.3922607004642487
0.42439860105514526
0.42090162634849543
0.4279519319534302
0.39116507768630976
0.45016223192214966
0.35705330967903137
0.3662862479686737
0.3597351908683777
0.3903535306453705
0.3939807415008545
0.38315519690513605
0.370921403169632
0.4093210697174072
0.38501200079917913
0.36372995376586914
0.3821152150630951
0.4588478803634644
0.3892075419425964
0.39421597123146057
0.43162271380424494
0.4197758734226226
0.4334430396556854
0.40884485840797424
0.3962863087654114
0.3351421058177948
0.4671384394168854
0.4633712768554688
0.40237995982170094
0.4103091061115265
0.4173507690429688
0.5517333149909973
0.3580416738986969
0.3528527319431305
0.35926565527915955
0.4394554197788239
0.3775727152824402
0.41208890080451965
0.3899763226509094
0.3620602190494537
0.46877697110176086
0.35795637965202326
0.36961808800697327
0.391166478395462
0.39489981532096863
0.3774066269397736
0.3798055648803711
0.3893271088600159
0.4001491963863373
0.3597060739994049
0.3955544531345368
0.3703918755054474
0.3920992910861969
0.4288873970508576
0.39192774891853327
0.3833898901939392
0.3724216520786285
0.37547567486763
0.4212637841701508
0.35659343004226685
0.4048804342746735
0.447661429643631
0.45101043581962585
0.4370613098144531
0.3393625020980835
0.4183097183704376
0.39938536286354065
0.35209792852401733
0.3457680642604828
0.3685642778873444
0.42127576470375055
0.4347831904888153
0.3520749509334564
0.4397560060024261
0.3791439235210418
0.41842135787010193
0.4426791965961456
0.3725654184818268
0.41679146885871887
0.45377478003501887
0.4050411283969879
0.353173702955246
0.4188444912433624
0.4161486625671386
0.4272569417953491
0.4356555044651032
0.3714312314987183
0.4006166756153106
0.3353744447231293
0.36017319560050964
0.4108901917934418
0.4313673973083496
0.39473840594291687
0.4229757487773895
0.44325101375579834
0.39664313197135925
0.3779864013195038
0.42680612206459045
0.38078233599662786
0.4096041023731232
0.41132429242134094
0.4431093037128448
0.3677918016910553
0.34938597679138184
0.4120883047580719
0.38463631272315973
0.4152237474918365
0.43003952503204346
0.40027710795402527
0.3798893988132477
0.33622303605079645
0.4769500195980072
0.3973619937896729
0.3822369277477264
0.45590218901634216
0.3423622250556946
0.42493769526481623
0.3380214273929596
0.3838137984275818
0.365550309419632
0.3941464424133301
0.3941966593265533
0.43348303437232966
0.36924454569816584
0.3760097324848175
0.4542429149150848
0.4166729152202606
0.3536040186882019
0.4914474189281464
0.3529461324214936
0.370912879705429
0.43666452169418335
0.39284598827362066
0.4121381938457489
0.38843792676925654
0.3729470074176788
0.38083079457283026
0.3729605674743652
0.4977783262729645
0.36419638991355896
0.4300183951854706
0.4002083837985992
0.391232430934906
0.3767069876194
0.4412867426872253
0.4736326038837433
0.4338940978050232
0.43757131695747375
0.3827880322933197
0.3741146922111511
0.3929655849933624
0.37771776318550104
0.4159553349018097
0.3697023391723633
0.3899719715118408
0.40801575779914856
0.3869345486164093
0.3666465878486633
0.4512357711791992
0.3908098638057709
0.3605964779853821
0.4328407347202301
0.3659813702106476
0.38039514422416687
0.44691917300224304
0.370250940322876
0.35882750153541565
0.43074849247932434
0.4141227602958679
0.38248339295387274
0.4049701392650604
0.46004554629325867
0.4019730985164642
0.39318969845771784
0.39161774516105646
0.3951300382614136
0.4122634828090668
0.3416992723941803
0.41815903782844543
0.4273295998573303
0.3680785894393921
0.43141061067581177
0.4693047702312469
0.40457218885421753
0.3951351344585418
0.4020221531391144
0.41920661926269526
0.4198083281517029
0.3718027174472809
0.3808534741401672
0.37767329812049866
0.37762317061424255
0.3918120861053466
0.45087864995002747
0.4317414462566376
0.39353254437446594
0.39449042081832886
0.393620640039444
0.3877175748348236
0.39028057456016546
0.4228226840496063
0.4163766503334045
0.4312706589698792
0.39231446385383606
0.4794475734233856
0.46453818678855896
0.4382494390010834
0.3862085938453674
0.3890017867088318
0.4935440719127655
0.3573424518108368
0.3729821741580963
0.3981013596057892
0.3895863592624664
0.37229731678962713
0.41906496882438654
0.45588561892509455
0.39782872796058655
0.45711883902549744
0.4009478986263275
0.4087125360965729
0.4085404574871063
0.43168464303016657
0.41632321476936335
0.3733826279640198
0.3992991745471954
0.440878301858902
0.37277784943580633
0.3849758803844452
0.40277555584907526
0.3772736787796021
0.3530765473842621
0.39810007810592646
0.3980023860931397
0.36243629455566406
0.38514664769172663
0.360571414232254
0.38134545087814326
0.4480796754360199
0.4023030400276184
0.3840277493000031
0.44958385825157166
0.37520608305931086
0.38465198874473566
0.35781076550483704
0.3702711462974548
0.3551385700702667
0.4104763865470886
0.44266909360885615
0.36735942959785456
0.38672098517417913
0.4457320868968964
0.3745798766613007
0.33776238560676575
0.3719665706157684
0.44581291079521174
0.3890175521373749
0.3945368826389313
0.38382914662361145
0.38231149315834045
0.42020365595817566
0.4384405314922333
0.34344446659088135
0.48637035489082336
0.35091903805732727
0.4302909970283508
0.3766690492630005
0.3596135079860687
0.45088934898376465
0.425540953874588
0.38492134213447565
0.352959543466568
0.335713267326355
0.41547745466232294
0.3751441538333893
0.4446327388286591
0.47845390439033514
0.4506221413612366
0.3648691773414612
0.3661105036735535
0.4132875502109528
0.40923410654067993
0.44392177462577814
0.4090992510318756
0.37266263365745533
0.37374618649482727
0.4472139179706573
0.3933292627334594
0.48199239373207087
0.3712799847126007
0.36825278401374817
0.3189629912376404
0.3856962025165558
0.38968595862388605
0.34436312317848206
0.4285543262958527
0.36840185523033137
0.4709832370281219
0.44893550872802734
0.3436601459980011
0.3592359721660614
0.3710536658763885
0.368088573217392
0.3906173706054688
0.41675037145614624
0.40040156245231623
0.3553716242313385
0.436562329530716
0.435056209564209
0.4082660973072052
0.3803968131542206
0.3786640465259552
0.37217092514038086
0.368888795375824
0.39342448115348816
0.382310539484024
0.41455504298210144
0.37885269522666926
0.44461351633071894
0.4107432663440704
0.37185797095298767
0.38190874457359314
0.357402503490448
0.4089948236942291
0.380081444978714
0.3885305225849152
0.46022495627403254
0.4379173815250397
0.4212097227573394
0.36984047293663025
0.452545702457428
0.38112911581993103
0.3841651976108551
0.486707478761673
0.4321601688861847
0.3919349610805512
0.3960298001766205
0.3689683675765991
0.3778735101222992
0.3582485616207123
0.3458419144153595
0.37266251444816584
0.42597141861915594
0.3526442945003509
0.48897907137870794
0.3783453404903412
0.3706933856010437
0.39133864641189575
0.38423636555671686
0.36390170454978943
0.3465920090675354
0.3867902159690857
0.38558629155159
0.35874444246292114
0.39195081591606146
0.4547007381916046
0.41542312502861023
0.35370421409606934
0.3584034740924835
0.39291831851005554
0.3945589959621429
0.34583362936973566
0.32608309388160706
0.4088100492954254
0.4407774209976196
0.3792357742786408
0.3574773371219635
0.37345725297927856
0.40696781873703
0.424014151096344
0.4504425823688507
0.4143908321857452
0.4784918129444122
0.4003150761127472
0.43774557113647455
0.3624550402164459
0.34017187356948847
0.36932536959648127
0.4738439619541168
0.3883654177188873
0.434687465429306
0.34394219517707825
0.38835081458091736
0.39854586124420166
0.48849314451217646
0.4007693231105805
0.41967412829399114
0.33256396651268005
0.41401293873786926
0.4269509017467498
0.36034539341926575
0.4385770857334137
0.4119287431240082
0.36607471108436573
0.35134780406951904
0.44378980994224554
0.4315875172615051
0.404477208852768
0.4003623127937317
0.3765179216861725
0.4145103096961975
0.4610946476459503
0.3845671117305756
0.3468339741230011
0.3828350007534027
0.33815231919288635
0.46412923932075506
0.4155192673206329
0.3839270770549774
0.39811280369758606
0.3557099401950836
0.4650497734546661
0.4079298377037048
0.4529266357421875
0.4124642908573151
0.40297791361808777
0.4661338925361633
0.3625711798667908
0.4140886962413788
0.3806367516517639
0.3841624557971954
0.4292546808719635
0.450572282075882
0.43055322766304016
0.3992674350738525
0.4539569616317749
0.42429289221763605
0.4867388010025024
0.4676609933376312
0.44959801435470576
0.3974891006946564
0.49433466792106634
0.4444405138492584
0.45984646677970886
0.3916694819927216
0.3560987710952759
0.3028426468372345
0.37185773253440857
0.4053126275539398
0.39596280455589294
0.46676257252693176
0.38811013102531433
0.36421534419059753
0.3840147256851196
0.37435978651046753
0.45437905192375183
0.4090791344642639
0.4275047779083252
0.3478670716285705
0.39542767405509943
0.3722217977046967
0.38181215524673456
0.38641634583473206
0.40801462531089777
0.3783255815505981
0.3839702904224396
0.387268453836441
0.3714910745620728
0.420520693063736
0.3796163201332092
0.3706982731819153
0.36654350161552424
0.44679602980613703
0.34680673480033875
0.4186683297157288
0.38035809993743896
0.3546403646469116
0.3810864388942719
0.38602080941200256
0.387086033821106
0.4179379642009735
0.44419693946838373
0.4340731203556061
0.4842337667942047
0.4880768954753876
0.4618720412254333
0.43262544274330134
0.3776994645595551
0.4413906633853912
0.3671641647815704
0.3814168572425842
0.4572263658046722
0.4101104736328125
0.3730609714984894
0.34403303265571594
0.4449286162853241
0.37309461832046503
0.36522731184959406
0.4480902850627899
0.3877805769443512
0.3797184526920319
0.37826928496360773
0.3797140419483185
0.4562224745750427
0.39052361249923706
0.42712944746017456
0.4403395652770996
0.36103278398513794
0.3944699764251709
0.3836228549480438
0.32850041985511774
0.4255392253398895
0.36433765292167664
0.3973830938339233
0.425139844417572
0.3763871490955353
0.36229270696640015
0.40438666939735407
0.3873959481716156
0.39675226807594294
0.41597154736518854
0.36857831478118896
0.3555607199668884
0.389729231595993
0.3690817654132843
0.35698866844177246
0.36800891160964966
0.3758474886417389
0.384237676858902
0.3726924657821655
0.361537903547287
0.3750504851341248
0.3780333697795868
0.3691147863864898
0.40111967921257013
0.46239203214645386
0.3613874614238739
0.38851338624954224
0.40921667218208313
0.3778977692127228
0.4074231088161469
0.36984744668006897
0.3685257136821746
0.3847756385803223
0.37550812959671026
0.47868844866752625
0.39744958281517034
0.4153171181678772
0.42687466740608215
0.3601333796977997
0.34847745299339294
0.385780930519104
0.36370617151260376
0.3869323432445526
0.3394430875778198
0.34907236695289606
0.4182913601398468
0.35836437344551086
0.3931614458560944
0.3711075186729431
0.3798615634441376
0.3632879555225372
0.40000662207603455
0.4067524671554565
0.42053636908531195
0.3745964169502258
0.435329407453537
0.3486829996109009
0.39340865612030024
0.4129853248596192
0.33891049027442927
0.395717054605484
0.3854482173919678
0.49276962876319885
0.433445006608963
0.4076432883739472
0.40314751863479614
0.37821802496910095
0.38016071915626526
0.4025386571884155
0.4354868233203888
0.3532232344150543
0.4622629582881928
0.38465383648872375
0.34970346093177795
0.43050372600555414
0.41323930025100714
0.4783009886741638
0.4100669324398041
0.45903828740119934
0.40842634439468384
0.38035511970520014
0.359813928604126
0.45971181988716125
0.3655094504356384
0.430446058511734
0.4561890959739685
0.37136417627334595
0.39983716607093805
0.4385226368904114
0.3708567917346954
0.4329145848751068
0.38450765609741205
0.4299140870571136
0.39799317717552185
0.36569705605506897
0.4433031976222992
0.38600876927375793
0.43478015065193176
0.37017598748207087
0.43141171336174006
0.3667517602443695
0.3321230709552765
0.4321431815624237
0.41323968768119806
0.37572017312049866
0.45902103185653687
0.4084686636924744
0.4473510682582855
0.43191993236541754
0.4045031368732452
0.38294106721878046
0.41161414980888367
0.39264777302742
0.43779811263084406
0.4168219268321991
0.3832782804965973
0.34156617522239685
0.37222009897232056
0.418706864118576
0.44606563448905934
0.3997612297534943
0.3725170195102692
0.4193834066390991
0.39791879057884216
0.3690825402736664
0.3491347432136536
0.3791298568248749
0.37210062146186823
0.35184675455093384
0.41435050964355463
0.3840112090110778
0.35244673490524286
0.38200920820236206
0.37633439898490906
0.4196271300315857
0.4115075170993805
0.4027655720710754
0.42132034897804255
0.37443938851356506
0.38748911023139954
0.3912350237369537
0.3495970666408539
0.3954517543315888
0.4358530044555664
0.45190477371215826
0.3738336265087128
0.38334301114082336
0.39728423953056335
0.42973741888999933
0.445174902677536
0.4058734476566314
0.4292126595973969
0.3576006591320038
0.39402136206626887
0.404572457075119
0.4030338823795319
0.40323671698570246
0.4242644011974335
0.393311470746994
0.37804347276687617
0.4197607934474945
0.3769148886203766
0.3983666598796845
0.490682989358902
0.4470236003398895
0.4356951415538788
0.4275524616241455
0.37927284836769104
0.4832613170146942
0.3827954232692719
0.40337696671485906
0.4065077602863312
0.3978630602359772
0.47947832942008967
0.4004435837268829
0.4167501032352448
0.3488685488700866
0.4191978275775909
0.38980942964553833
0.46806436777114874
0.3870700895786285
0.4367047250270844
0.3739722669124603
0.420635461807251
0.3726918399333954
0.3842252790927887
0.4049817621707916
0.44626274704933167
0.3547126352787018
0.42052915692329407
0.35537371039390564
0.3576309382915497
0.38794955611228943
0.3851425349712372
0.5053106546401978
0.3839602172374725
0.4483990371227264
0.3477849066257477
0.3906102478504181
0.4374640583992004
0.35004135966300964
0.34256884455680847
0.3771940469741821
0.35532915592193604
0.43845671415328974
0.37821218371391296
0.3442232310771942
0.3931949436664581
0.39681413769721985
0.44625404477119446
0.4014829993247986
0.3717153966426849
0.3684954345226288
0.47228956222534174
0.3610727190971375
0.37767088413238525
0.3886131942272186
0.36902970075607294
0.4133081138134002
0.4233600795269013
0.3877041041851044
0.4076536297798157
0.37454590201377863
0.3434370756149292
0.41161292791366577
0.38887581229209894
0.3885289132595062
0.45629718899726873
0.4280484616756439
0.3866348564624786
0.3976509273052216
0.3760216534137726
0.38016733527183527
0.3974334895610809
0.3274431526660919
0.39081254601478577
0.4230926036834717
0.4152758121490479
0.38497361540794367
0.36425259709358215
0.4437516331672669
0.45838114619255066
0.4336798489093781
0.3752735555171967
