-0.0623447522521019
-0.04172724485397338
-0.09633445739746092
-0.03527112677693367
-0.04109765961766242
-0.06724848598241806
-0.06916356831789017
-0.053007721900939934
-0.06350567191839218
-0.0322573259472847
-0.03856497257947922
-0.08220610022544861
-0.08398697525262833
-0.04447375610470772
-0.06403589993715286
-0.06628166139125824
-0.04466523230075836
-0.07196858525276184
-0.04651635885238648
-0.05554499477148056
-0.09259609878063202
-0.07218922674655913
-0.047454170882701874
-0.06385864317417145
-0.053321823477745056
-0.07945497334003448
-0.050353385508060455
-0.05590534955263138
-0.057531602680683136
-0.03082602471113205
-0.06267672777175903
-0.025051459670066837
-0.04949846863746643
-0.06629915535449982
-0.06269313395023346
-0.06460998952388763
-0.069790318608284
-0.032782580703496926
-0.07742182910442352
-0.043086156249046326
-0.06086568534374237
-0.09389420598745346
-0.08890589326620102
-0.054711222648620605
-0.07909677922725677
-0.07931628823280334
-0.09710340201854704
-0.05360773205757141
-0.059595443308353424
-0.05290694534778594
-0.01706785336136818
-0.07242187857627869
-0.06293126195669174
-0.04745222628116608
-0.07383459061384201
-0.05941005051136017
-0.05699512362480164
-0.040291890501976006
-0.018767885863780972
-0.008729089982807635
-0.07231826335191727
-0.1181107759475708
-0.05052622407674789
-0.08832147717475891
-0.04626220464706421
-0.04089699685573578
-0.05094684660434722
-0.058292046189308167
-0.035868845880031586
-0.06214442849159241
-0.0643957331776619
-0.049719542264938354
-0.05433502048254013
-0.04648435860872269
-0.06646546721458435
-0.040701042860746384
-0.06407635658979416
-0.04678544029593468
-0.10788953304290771
-0.05405967682600021
-0.06170688569545746
-0.07155869901180267
-0.08571936935186386
-0.06049502640962601
-0.07663902640342712
-0.08651192486286163
-0.06748009473085403
-0.042928583920001984
-0.05916322022676468
-0.09535665065050125
-0.04798608273267745
-0.07022012770175934
-0.07673411071300505
-0.04216339811682701
-0.0714363232254982
-0.07624400407075883
-0.08569939434528352
-0.06624770909547806
-0.0824756920337677
-0.07926337420940398
-0.009981160052120686
-0.0433695875108242
-0.051246196031570435
-0.05889374762773514
-0.06326885521411896
-0.07892365008592604
-0.05374598503112793
-0.01993168145418167
-0.022973574697971344
-0.03233155608177185
-0.02237321808934212
-0.07875553518533705
-0.033204548060894006
-0.0671042799949646
-0.0547981634736061
-0.024140387773513797
-0.04058403521776199
-0.04429324716329575
-0.07588474452495576
-0.0424366258084774
-0.06504818797111511
-0.020601339638233185
-0.06601528078317642
-0.06287506222724915
-0.06361807882785797
-0.0503673180937767
-0.060490719974040985
-0.07645468413829803
-0.08899127691984177
-0.07323728501796721
-0.03622642159461975
-0.069431371986866
-0.03489314764738083
-0.03593266010284424
-0.03929460048675537
-0.06659086793661118
-0.07494589686393738
-0.05306029319763184
-0.02367263287305832
-0.03715833276510239
-0.04297379031777382
-0.09347206354141235
-0.04188460856676102
-0.034584593027830124
-0.014327903278172016
-0.015392246656119823
-0.0646229237318039
-0.010828788392245768
-0.0556074008345604
-0.04276956617832184
-0.07930948585271835
-0.0219673365354538
-0.05113746225833893
-0.057284824550151825
-0.057886287569999695
-0.049701400101184845
-0.0350211076438427
-0.02859413996338844
-0.045842990279197686
-0.07736720144748686
-0.036590330302715295
-0.05848674476146697
-0.04102528840303421
-0.016326185315847397
-0.035228829830884933
-0.09682305157184602
-0.072644904255867
-0.06426431238651276
-0.0656246542930603
-0.030554041266441345
-0.06399551033973694
-0.05665696412324905
-0.047971777617931366
-0.0403546430170536
0.0040143439546227455
-0.028610963374376297
-0.05593706667423248
-0.053788892924785614
-0.05465950071811676
-0.03201545029878616
-0.053549192845821374
-0.021035030484199524
-0.05147300660610199
-0.05212707072496414
-0.07760367542505264
-0.0467878133058548
-0.07926329970359802
-0.08623899519443512
-0.04481768235564232
-0.04183708503842354
-0.034607574343681335
-0.05291040986776352
-0.0839289054274559
-0.049867339432239526
-0.07435575872659683
-0.07445564121007918
-0.03187871351838112
-0.05077768862247467
-0.04730106145143509
-0.10721203684806824
-0.057184487581253045
-0.04047198221087456
-0.03554929420351982
-0.0649610236287117
-0.05910547077655792
-0.06090403348207474
-0.03735490888357162
-0.06477217376232147
-0.058308094739913933
-0.0544377937912941
-0.08057513833045958
-0.05896218121051788
-0.0877542495727539
-0.05267784744501114
-0.0639304667711258
-0.025373928248882294
-0.0735248252749443
-0.0362924262881279
-0.05800889432430267
-0.07538233697414398
-0.062764473259449
-0.059230521321296685
-0.05296207964420319
-0.05885078758001328
-0.07834008336067198
-0.07432505488395691
-0.04392847418785095
-0.059296883642673485
-0.04427103698253632
-0.06806521117687225
-0.04910547286272049
-0.050011664628982544
-0.054814375936985016
-0.08566828817129134
-0.0306236669421196
-0.08194926381111145
-0.06753761321306229
-0.06718471646308899
-0.045754820108413696
-0.03905268758535385
-0.05450485646724701
-0.10368627309799194
-0.07201722264289856
-0.07699596881866455
-0.04766560345888138
-0.02211619913578033
-0.02926650270819664
-0.037738457322120667
-0.08755192160606384
-0.052567578852176666
-0.056757643818855286
-0.06680769473314285
-0.05552801489830017
-0.04826788231730461
-0.05065484344959259
-0.04219605773687363
-0.06462527811527252
-0.052802443504333496
-0.05500002950429916
-0.07928182184696196
-0.03549443930387497
-0.06277952343225479
-0.07735140621662141
-0.04455994069576264
-0.04250326752662659
-0.07180222123861313
-0.05910537391901016
-0.0768851488828659
-0.0329822339117527
-0.045590467751026154
-0.04214741289615631
-0.031121525913476944
-0.07007583975791931
-0.026591420173645016
-0.055296912789344795
-0.04883470386266708
-0.05499737709760666
-0.03934122994542122
-0.05122748017311096
-0.037078030407428735
-0.07265143096446992
-0.0868120938539505
-0.13470785319805145
-0.06992029398679733
-0.03210030868649483
-0.0509505569934845
-0.06641741096973419
-0.06105592101812363
-0.023762311786413193
-0.05687662959098816
-0.03718384355306625
-0.03987019881606101
-0.0841238647699356
-0.022411398589611053
-0.047172412276268005
-0.024612460285425183
-0.058108389377594
-0.06739011406898499
-0.05403269082307816
-0.03796130418777466
-0.06273943185806273
-0.05459237098693848
-0.021621614694595337
-0.03898980468511581
-0.0427749902009964
-0.07270075380802153
-0.06620055437088013
-0.036846425384283066
-0.05298943817615509
-0.06819711625576019
-0.025655023753643036
-0.03231116756796837
-0.028862707316875454
-0.0848594158887863
-0.029506057500839237
-0.04841760545969009
-0.048952311277389526
-0.08054409921169281
-0.03489115089178085
-0.08462709188461302
-0.06654416024684906
-0.07921987771987915
-0.06955654174089432
-0.07355383783578873
-0.04777454212307929
-0.06456781923770905
-0.0040232399478554726
-0.06854706257581711
-0.09922528266906738
-0.04774290323257446
-0.04383595287799835
-0.05441975593566895
-0.05247607827186584
-0.034431569278240204
-0.06607575714588165
-0.1092993915081024
-0.02682124823331833
-0.043843913823366165
-0.03417492285370827
-0.07289670407772064
-0.03257591649889945
-0.07164840400218964
-0.07284367084503174
-0.0722641721367836
-0.07770016789436339
-0.05666358768939972
-0.04863466322422028
-0.0598125159740448
-0.06835753470659256
-0.053429149091243744
-0.07792406529188156
-0.05724381655454636
-0.07485816627740861
-0.02803577482700348
-0.09579192101955411
-0.03296278417110443
-0.05330924689769745
-0.021213680505752563
-0.08815690875053404
-0.04086907580494881
-0.05567656457424164
-0.05400316417217255
-0.05255301296710968
-0.056800492107868195
-0.040043354034423835
-0.052394479513168335
-0.03186053782701492
-0.017179716378450394
-0.04133209213614464
-0.03706277161836624
-0.06208485364913941
-0.036775100976228714
-0.05362783372402191
-0.08865692466497421
-0.06265933811664581
-0.04663039743900299
-0.01824735850095749
-0.048466820269823074
-0.08375129848718643
-0.03943886980414391
-0.03999119997024536
-0.03451462835073471
-0.05141153931617737
-0.008660816587507725
-0.038033831864595406
-0.052762918174266815
-0.05345407128334045
-0.09629710763692857
-0.07402002066373825
-0.07182570546865463
-0.03529264032840729
-0.08154226094484329
-0.07209768146276475
-0.057759664952754974
-0.061494290828704834
-0.03536667302250862
-0.06096233427524567
-0.05024869740009308
-0.05099302530288696
-0.05044441670179367
-0.03076546639204025
-0.0901595652103424
-0.06354425847530365
-0.04915976524353027
-0.05787354707717896
-0.04039520025253296
-0.06416915357112885
-0.0695657953619957
-0.03216813504695892
-0.043512243777513504
-0.02929165214300156
-0.07996081560850142
-0.051066607236862176
-0.0519024133682251
-0.053914330899715424
-0.01103957649320364
-0.07324365526437758
-0.05226755887269974
-0.03640751913189888
-0.034574516117572784
-0.02275749295949936
-0.05914132297039032
-0.04956737905740738
-0.013090058229863644
-0.06841004639863968
-0.04947325587272644
-0.05694274604320526
-0.0813256949186325
-0.08461738377809523
-0.0545446053147316
-0.0486697182059288
-0.0552130863070488
-0.07161999493837357
-0.053424425423145294
-0.08017241954803465
-0.029574714601039886
-0.03909476846456528
-0.06778696924448013
-0.035448044538497925
-0.0560225248336792
-0.07260087132453918
-0.07089677453041077
-0.0698164701461792
-0.09585951268672945
-0.10544060170650482
-0.04748307168483734
-0.07244162261486053
-0.01837223023176193
-0.0872800275683403
-0.05843253433704376
-0.047737203538417816
-0.06019815802574158
-0.07560038566589355
-0.04766310378909111
-0.035992756485939026
-0.09355367720127104
-0.02132558822631836
-0.056282028555870056
-0.06623846292495728
-0.05866538733243942
-0.05707534402608872
-0.06890134513378143
-0.05375209450721741
-0.052970834076404565
-0.03859615698456764
-0.07319556176662445
-0.05496126413345337
-0.037016697227954865
-0.04563261568546295
-0.03667641803622246
-0.03651954233646393
-0.07951219379901886
-0.054051101207733154
-0.06474679708480835
-0.04177325218915939
-0.033565741032361984
-0.014450191520154476
-0.05408300459384918
-0.08990995585918425
-0.0466332882642746
-0.06331166625022888
-0.04145369306206703
-0.07521907240152359
-0.03205317631363869
-0.06892954558134079
-0.06775745749473572
-0.10385844111442565
-0.06481242179870605
-0.04034959152340889
-0.040960025042295456
-0.0706450492143631
-0.04322336614131928
-0.06399314105510712
-0.058602817356586456
-0.07808662950992584
-0.04754200577735901
-0.03997340053319931
-0.02429211512207985
-0.0272025428712368
-0.07196429371833801
-0.05540028959512711
-0.037166666239500046
-0.05917572230100632
-0.050995133817195885
-0.03307900205254555
-0.03731508180499077
-0.03848952800035477
-0.07115283608436584
-0.051876358687877655
-0.046669848263263695
-0.02898550778627396
-0.02030560001730919
-0.06142193078994751
-0.06846825778484344
-0.04454177990555763
-0.04747499525547028
-0.049488648772239685
-0.07332088053226472
-0.07300823926925659
-0.07519478350877763
-0.02252154424786568
-0.021314881742000576
-0.04033034294843674
-0.026073686778545376
-0.04434838891029358
-0.04291120916604996
-0.09958678483963011
-0.04238241910934448
-0.07871404290199278
-0.04179014265537261
-0.04841510951519013
-0.09524785727262497
-0.05544164776802063
-0.030377656221389767
-0.07219989597797394
-0.06893651932477951
-0.032763171941041946
-0.05003304779529572
-0.08024550974369049
-0.039027545601129525
-0.03890518844127655
-0.0632360503077507
-0.07377845048904419
-0.03994499519467354
-0.04866102337837219
-0.05941493809223175
-0.07403615862131119
-0.031943295150995255
-0.01469909306615591
-0.058838918805122375
-0.06139621138572693
-0.07091763615608215
-0.049016237258911126
-0.09944123029708862
-0.03800827637314797
-0.04917871206998825
-0.039826489984989166
-0.01892024278640747
-0.06333965063095093
-0.02852758392691612
-0.02435700595378876
-0.06813089549541473
-0.08051599562168121
-0.09967568516731262
-0.07035309076309204
-0.04442873224616051
-0.05071095377206802
-0.016663916409015656
-0.08976092189550398
-0.027306862175464634
-0.04914075136184692
-0.02398797869682312
-0.055927425622940063
-0.05171848833560944
-0.08666183054447174
-0.06868361681699753
-0.04138403758406639
-0.060455627739429474
-0.053861364722251885
-0.05760030448436737
-0.03202591836452484
-0.041905585676431656
-0.05829572677612305
-0.10761572420597076
-0.04867030680179596
-0.06493735313415527
-0.05842803418636321
-0.04268374294042587
-0.07899023592472076
-0.05323544144630432
-0.01469841692596674
-0.04562464728951454
-0.03473532944917679
-0.06961341202259064
-0.054403200745582574
-0.07666163146495819
-0.03952446952462196
-0.02667643874883652
-0.03693627938628197
-0.07326646149158476
-0.04930815100669861
-0.07585005462169646
-0.05308167636394501
-0.04572732001543045
-0.044768329709768295
-0.054860517382621765
-0.044864472001791
-0.012494252063333988
-0.04048033803701401
-0.1037890687584877
-0.08003168553113937
-0.05027763545513153
-0.027910817414522168
-0.05668983608484268
-0.03638000041246414
-0.05052658915519714
-0.04597136750817298
-0.07842331379652022
-0.06890176236629486
-0.04721209779381752
-0.09812202304601667
-0.04422393441200256
-0.03199034929275513
-0.07489962875843048
-0.0638069361448288
-0.02954641357064247
-0.08226049691438675
-0.07698137313127516
-0.04190853238105774
-0.028639592230319977
-0.05936238169670105
-0.03064199164509773
-0.030633758753538128
-0.09585613757371902
-0.06599478423595428
-0.08439017087221146
-0.011388261802494524
-0.03645550087094306
-0.06686820089817047
-0.0551401823759079
-0.08352913707494734
-0.05427973717451096
-0.11890959739685059
-0.03611289337277413
-0.045996040105819695
-0.06257903575897217
-0.05026962608098984
-0.03127135708928108
-0.050910070538520806
-0.07108158618211746
-0.07099096477031708
-0.08024150133132935
-0.0433775819838047
-0.031141676008701324
-0.0932837873697281
-0.04809451848268509
-0.08150141686201094
-0.03770739957690239
-0.044311486184597015
-0.0634927749633789
-0.05281411111354828
-0.07249011099338531
-0.07503076642751692
-0.03196917474269867
-0.0776737555861473
-0.01921270787715912
-0.020117178559303284
-0.03737831115722656
-0.06330106407403946
-0.031959887593984604
-0.04919235408306122
-0.016261354088783264
-0.062563955783844
-0.0498339757323265
-0.01935005187988281
-0.07103937864303589
-0.04545509070158005
-0.03035946562886238
-0.09210751950740814
-0.0884208232164383
-0.07522938400506973
-0.034246668219566345
-0.022707223892211918
-0.05658413469791412
-0.0304841473698616
-0.08258257806301118
-0.0643186867237091
-0.05298207700252533
-0.04957391321659088
-0.06057313084602356
-0.06414908915758133
-0.08830501139163971
-0.04567220062017441
-0.09228382259607315
-0.0726179853081703
-0.047261036932468414
-0.04167051240801811
-0.03528914600610733
-0.037448816001415246
-0.08977293223142624
-0.09751518070697784
-0.04794128239154816
-0.0781969502568245
-0.038128510117530816
-0.05496789515018463
-0.06896357983350754
-0.08021029084920883
-0.07619001716375352
-0.0545840859413147
-0.011562787927687168
-0.056918814778327935
-0.0905911549925804
-0.06805457919836044
-0.04291524738073349
-0.05930447578430176
-0.06518051028251648
-0.03369400277733803
-0.0524786114692688
-0.03640076518058777
-0.052459485828876495
-0.052510820329189294
-0.03565681725740433
-0.05394792556762695
-0.053319506347179406
-0.05705079436302185
-0.07925812900066374
-0.054510653018951416
-0.06384517252445221
-0.062144801020622246
-0.08051110804080963
-0.05486994981765747
-0.001981333829462528
-0.059830278158187866
-0.051023274660110474
-0.05375294387340546
-0.036292266100645065
-0.04713624343276024
-0.05079662054777145
-0.03526460751891136
-0.023450646549463272
-0.04722584038972855
-0.07042995095252991
-0.049228593707084656
-0.06587700545787811
-0.058071434497833245
-0.03973163291811943
-0.05074526369571686
-0.020217444747686383
-0.07390308380126953
-0.07462817430496214
-0.09258791804313661
-0.05498433858156204
-0.10235989093780516
-0.053859055042266846
-0.049447551369667046
-0.009056354872882366
-0.030847594141960144
-0.05865897238254547
-0.043641462922096246
-0.06733191013336182
-0.09763750433921813
-0.07054176181554793
-0.0578756108880043
-0.0434928759932518
-0.05719305574893952
-0.027939822524785995
-0.05448658019304276
-0.03881605714559555
-0.031316835433244705
-0.05131237208843231
-0.028046652674674988
-0.057036809623241425
-0.016085412353277206
-0.08825211971998215
-0.005917605943977833
-0.05494073778390884
-0.053840205073356635
-0.029675796627998352
-0.03513914719223976
-0.09464972466230392
-0.0697048157453537
-0.06285385042428969
-0.09017609059810638
-0.10179107636213303
-0.06363096833229065
-0.0869937092065811
-0.02477951720356941
-0.04883627593517304
-0.0714351236820221
-0.050531037151813514
-0.0548614114522934
-0.05209983885288239
-0.04695350304245949
-0.050690844655036926
-0.07151470333337784
-0.04648882895708084
-0.038322940468788154
-0.050963059067726135
-0.02735479921102524
-0.0721605345606804
-0.08714539557695389
-0.0845131054520607
-0.05412131547927856
-0.04218944907188416
-0.09573658555746078
-0.02661227062344551
-0.05510503798723221
-0.04498504847288132
-0.037785664200782776
-0.09670420736074448
-0.06200089305639266
-0.04502284899353981
-0.06554530560970305
-0.05790916085243225
-0.04195987060666084
-0.07112971693277359
-0.0775141641497612
-0.050273314118385315
-0.07362465560436247
-0.08506274223327635
-0.016874149441719055
-0.056432247161865234
-0.05537569522857665
-0.08767192065715788
-0.09754767268896104
-0.04768996685743332
-0.060152627527713776
-0.054642453789711
-0.04514886438846588
-0.02949988842010498
-0.07277266681194305
-0.03713788092136383
-0.06386324018239975
-0.08516054600477217
-0.06365825235843657
-0.059039756655693054
-0.08678989112377167
-0.07225959002971649
-0.04087600857019424
-0.05614608526229858
-0.050016634166240685
-0.046725232154130936
-0.0532585084438324
-0.06540733575820923
-0.05290365964174271
-0.05369620025157928
-0.038839660584926605
-0.06586029380559921
-0.0804300159215927
-0.04064486175775528
-0.09556273370981216
-0.031055018305778503
-0.07039262354373932
-0.11522543430328368
-0.0554235428571701
-0.0546451061964035
-0.06950148195028305
-0.05230045318603516
-0.04017002135515213
-0.0816631019115448
-0.05074286460876465
-0.06165492534637451
-0.05994393676519394
-0.007489384151995182
-0.031977079808712006
-0.11969582736492156
-0.05721775442361832
-0.07090316712856293
-0.019942000508308407
-0.02614190429449081
-0.06794678419828415
-0.052828073501586914
-0.0420411229133606
-0.04563643038272858
-0.061458945274353034
-0.07680433988571168
-0.08252342790365219
-0.04454999789595604
-0.00872716773301363
-0.04865001142024994
-0.05810295045375824
-0.03405964374542236
-0.05140899121761321
-0.039290115237236016
-0.07980843633413315
-0.03166605532169342
-0.06385668367147446
-0.0570094883441925
-0.03177764266729355
-0.04480014741420746
-0.07129471004009247
-0.0837777778506279
-0.012527366168797016
-0.052490875124931335
-0.05709933489561081
-0.059201642870903015
-0.07348044216632843
-0.08092786371707916
-0.08459527790546417
-0.06605444848537445
-0.04249632358551025
-0.08100076764822006
-0.06426604837179184
-0.06367926299571991
-0.10311082750558852
-0.049709729850292206
-0.0706205889582634
-0.04319804906845093
-0.05095553398132324
-0.05555147677659989
-0.018833767622709274
-0.029276080429553986
-0.053471095860004425
-0.02875172346830368
-0.07097631692886353
-0.07021951675415039
-0.06313461065292358
-0.03908334299921989
-0.053488366305828094
-0.06288650631904602
-0.058010667562484734
-0.041514139622449875
-0.050106503069400794
-0.046269133687019355
-0.07830198109149933
-0.06421706080436707
-0.035380490124225616
-0.04565277323126793
-0.050469227135181434
-0.035265497863292694
-0.07568217068910599
-0.06432836502790451
-0.03917662799358368
-0.04970257729291916
-0.0574960857629776
-0.02974223345518112
-0.0808335691690445
-0.03913747146725655
-0.0611853152513504
-0.04111459106206894
-0.05327427387237549
-0.044145211577415466
-0.03132006153464317
-0.05048646777868271
-0.08141181617975235
-0.05231614410877228
-0.06323036551475525
-0.10135018080472946
-0.03005615249276161
-0.05085235834121704
-0.04961751401424408
-0.059863321483135216
-0.0784560739994049
-0.044980116188526154
-0.07359649240970612
-0.03390756994485855
-0.048771992325782776
-0.0807100236415863
-0.011639890260994434
-0.0668758824467659
-0.07743386924266814
-0.05187416821718216
-0.05281341075897217
-0.08133891224861145
-0.07250186800956726
-0.05826481431722641
-0.0733780786395073
-0.05636003613471985
-0.04603314399719238
-0.06960203498601913
-0.05022778362035751
-0.07811233401298523
-0.10115059465169907
-0.08421607315540314
-0.06805242598056793
-0.031978540122509
-0.014722927473485468
-0.04654917865991592
-0.05116281658411025
-0.06840077042579651
-0.05106766521930695
-0.047993965446949005
-0.079306423664093
-0.09452272951602936
-0.03845533728599548
-0.045937180519104
-0.050975754857063287
-0.03772920370101929
-0.05739320814609528
-0.04371010512113571
-0.0696740671992302
-0.08647878468036652
-0.0871066302061081
-0.027712807059288025
-0.038126323372125626
-0.09684842824935912
-0.053135022521018975
-0.026589661836624146
-0.06017696112394333
-0.055378422141075134
-0.05515635758638381
-0.024896971881389614
-0.04370521754026413
-0.06636767089366913
-0.032703157514333725
-0.09365876019001008
-0.01957988739013672
-0.08053074032068253
-0.08940085768699646
-0.08022976666688919
-0.07085777819156647
-0.04703348129987717
-0.05468983948230744
-0.06414875388145447
-0.03559982031583786
-0.04781809449195862
-0.03732527419924736
-0.07458867132663728
-0.05916620045900345
-0.09113697707653043
-0.050332076847553246
-0.044170700013637536
-0.0005560861900448799
-0.04169228300452232
-0.027243703603744503
-0.06375255435705185
-0.07007599622011185
-0.0800059586763382
-0.05411161482334137
-0.08744051307439805
-0.06037641316652297
-0.05334113538265228
-0.049123838543891914
-0.06083408743143082
-0.03980585932731629
-0.05399970710277557
-0.061730727553367615
-0.05961757898330688
-0.041297495365142815
-0.03918807208538056
-0.06089724600315093
-0.07151840627193451
-0.09202076494693757
-0.019395161420106888
-0.09078758209943773
-0.0847036987543106
-0.07144606113433838
-0.0395362600684166
-0.028298385441303253
-0.06164377182722092
-0.08140534162521361
-0.07746528089046478
-0.04746517166495323
-0.024615738540887833
-0.06713730096817017
-0.05341723561286926
-0.056281931698322296
-0.04983307421207428
-0.05521277338266373
-0.09547173231840131
-0.09212920814752577
-0.04655761271715164
-0.07547996193170547
-0.05107161402702332
-0.051033683121204376
-0.024733014404773712
-0.04173303022980689
0.0014813682064414024
-0.07796954363584518
-0.0687909796833992
-0.021774023771286007
-0.04725920408964157
-0.025645580142736435
-0.060206696391105645
-0.06461644172668457
-0.07811663299798965
-0.053225576877594
-0.04240149259567261
-0.09087567031383513
-0.08888232707977296
-0.06425616145133972
-0.057791464030742645
-0.03174351155757904
-0.08582751452922821
-0.06745226681232452
-0.054592378437519073
-0.04753444716334343
-0.056911684572696686
-0.10772965848445892
-0.04763857275247574
-0.01187100913375616
-0.07050637155771255
-0.08304564654827118
-0.031551290303468704
-0.028062645345926285
-0.0594296008348465
-0.09728118032217024
-0.05134136974811553
-0.03901281952857971
-0.05243568122386932
-0.04741734266281128
-0.030803062021732327
-0.07224997878074646
-0.0631401389837265
-0.05449184775352479
-0.05710119754076004
-0.05129353702068329
-0.026807300746440887
-0.05072678625583649
-0.04568186029791832
-0.024735670536756516
-0.05106230080127716
-0.05470152944326401
-0.06700626015663147
-0.05403119325637817
-0.0742529109120369
-0.050134710967540734
-0.03590644523501396
-0.07058119028806686
-0.029709085822105408
-0.092534638941288
-0.031448930501937866
-0.049958482384681695
-0.1028238534927368
-0.09289581328630447
-0.0618346631526947
-0.01746925339102745
-0.03953870385885239
-0.08149557560682295
-0.07025058567523956
-0.07443433254957198
-0.07068626582622528
-0.04989476501941681
-0.03692283853888512
-0.06082336604595184
-0.07771222293376921
-0.019929397851228717
-0.05124484747648239
-0.07003375142812729
-0.038851603865623474
-0.029400669038295742
-0.05514056980609894
-0.062285155057907104
-0.03146861493587494
-0.02586749941110611
-0.03215872123837471
-0.054081186652183526
-0.06076730787754058
-0.052529610693454735
-0.07278141379356384
-0.025780159980058674
-0.09248477220535278
-0.0702747330069542
-0.04473445564508438
-0.05760013312101364
-0.05736047774553298
-0.052666723728179925
-0.07453217357397078
-0.04931815713644028
-0.032049451023340225
-0.030494607985019684
-0.06954589486122131
-0.06889988481998444
-0.06389181315898895
-0.05489543080329895
-0.046176478266716
-0.02911754697561264
-0.03445910289883613
-0.08338084816932678
-0.028352417051792145
-0.03244086354970932
-0.057365328073501594
-0.045887671411037445
-0.05451954901218414
-0.028857652097940445
-0.13040035963058472
-0.10792472958564758
-0.07957973331212997
-0.04520712792873383
-0.08548802137374878
-0.03691431134939194
-0.04560062661767006
-0.05409575998783112
-0.03305406495928764
-0.04958447068929672
-0.07244907319545747
-0.04742303863167762
-0.04554925113916397
-0.07435426115989685
-0.046600762754678726
-0.09318518638610841
-0.03036879003047943
-0.04744552820920944
-0.0517515242099762
-0.05879965424537659
-0.06466352939605713
-0.03368716686964035
-0.05821141600608826
-0.06914279609918593
-0.02925880998373032
-0.045280404388904565
-0.09445646405220032
-0.08162698149681091
-0.0594254657626152
-0.08001919835805893
-0.046476207673549645
-0.036014411598443985
-0.07482840120792389
-0.0767369344830513
-0.02932240068912506
-0.030282407999038696
-0.017970740795135498
-0.07664493471384048
-0.10994866490364073
-0.0464441180229187
-0.04009217023849487
-0.09416362643241881
-0.0692514032125473
-0.047379270195961
-0.05822224915027618
-0.03245428949594498
-0.03723592683672905
-0.0848635584115982
-0.05138497054576874
-0.016399644315242767
-0.034326642751693726
-0.07221417874097824
-0.051971763372421265
-0.06017184257507324
-0.020918525755405423
-0.05149269849061966
-0.05173343420028687
-0.01295026298612356
-0.06812247633934021
-0.05415763705968857
-0.054685495793819434
-0.0231928713619709
-0.06450603157281876
-0.03862904757261276
-0.034245409071445465
-0.03671777248382568
-0.04133817180991173
-0.08347238600254057
-0.022324513643980023
-0.037873394787311554
-0.045075349509716034
-0.0472719520330429
-0.08368536829948425
-0.05280208587646484
-0.0652175098657608
-0.049478694796562195
-0.02337752655148506
-0.04321115463972092
-0.06334646791219711
-0.05932185053825378
-0.06845024973154068
-0.05422361195087433
-0.05131547152996063
-0.030572563409805294
-0.0699477344751358
-0.04233282059431076
-0.015579543076455591
-0.040459126234054565
-0.10686835646629332
-0.05050550401210785
-0.04738474637269974
-0.07711928337812422
-0.07539112120866774
-0.007430330850183963
-0.05981086939573288
-0.06565122306346893
-0.05037647485733032
-0.06153668463230133
-0.03450549766421318
-0.04366140440106392
-0.0547061413526535
-0.08496348559856415
-0.07442973554134368
-0.08032963424921036
-0.07138803601264954
-0.04884426295757294
-0.04018496721982956
-0.011365099810063837
-0.07018569111824036
-0.0706329494714737
-0.0787513330578804
-0.059071652591228485
-0.07200093567371368
-0.06044944375753403
-0.01079577300697565
-0.08752977848052977
-0.08635802567005157
-0.07941357791423796
-0.08940915763378142
0.0012321993708610535
-0.057511575520038605
-0.03829089552164078
-0.052043966948986047
-0.03431883826851845
-0.034118324518203735
-0.00856276508420706
-0.04542611539363861
-0.044592827558517456
-0.08836878836154938
-0.05323668569326401
-0.06486549973487854
-0.045892208814620965
-0.05063661187887192
-0.0470864251255989
-0.0722857564687729
-0.06554590910673141
-0.038908634334802635
-0.07666953653097151
-0.06518080085515976
-0.08106522262096405
-0.023232724517583847
-0.08588527143001555
-0.0789783075451851
-0.09964526444673538
-0.05481407046318054
-0.06946393847465515
-0.11619722843170166
-0.022754285484552383
-0.01462146919220686
-0.07352583110332489
-0.05680763721466064
-0.06691780686378479
-0.07310524582862854
-0.05174349248409271
-0.06444377452135086
-0.06783299148082733
-0.07368561625480653
-0.04907868057489395
-0.08757096529006958
-0.04246666282415391
-0.0447537638247013
-0.04737237095832825
-0.03005081415176392
-0.018093015998601917
-0.046057768166065216
-0.06644295901060104
-0.09719977527856825
-0.02313777059316635
-0.04379449039697647
-0.09103952348232269
-0.05332943797111511
-0.027980118989944455
-0.02524013817310333
-0.05267558991909027
-0.007204798050224781
-0.056159861385822296
-0.04984087496995926
-0.06215215474367142
-0.06008166074752808
-0.07429267466068269
-0.08189955353736877
-0.05574924498796463
-0.06153692305088043
-0.05420922487974167
-0.0811978280544281
-0.07342436164617537
-0.05439736694097519
-0.02715454250574112
-0.0412721261382103
-0.04356735199689865
-0.07606379687786102
-0.057640038430690765
-0.04219847917556763
-0.06554605811834335
-0.04577074199914932
-0.060540512204170234
-0.08101385086774826
-0.07304796576499939
-0.01661365106701851
-0.04847778379917145
-0.06670500338077545
-0.061549447476863854
-0.04333169013261795
-0.043606746941804886
-0.07420775294303894
-0.08218386769294737
-0.06982406228780745
-0.0600009635090828
-0.09116964042186736
-0.04951419681310654
-0.04942432790994644
-0.035968001931905746
-0.06098253279924393
-0.05216304957866669
-0.02502594143152237
-0.02370094507932663
-0.0535915195941925
-0.06857368350028992
-0.08623015135526657
-0.0511644184589386
-0.07680553942918777
-0.04633555561304093
-0.05151327699422836
-0.05801094323396683
-0.05577747523784637
-0.03745009750127792
-0.043642155826091766
-0.048097770661115646
-0.04599955305457115
-0.03747465834021568
-0.07898081839084625
-0.05570553243160248
-0.0554625615477562
-0.05933438986539841
-0.10287565737962721
-0.08636525273323059
-0.07412673532962799
-0.0559660792350769
-0.01681118831038475
-0.04944127798080444
-0.048198170959949486
-0.06811066716909409
-0.058124423027038574
-0.05436933785676956
-0.04546055197715759
-0.0876135602593422
-0.08485101163387297
-0.09681659936904909
-0.03118504211306572
-0.07449086010456085
-0.03509894013404846
-0.06573241204023361
-0.06254895031452179
-0.03400979936122894
-0.05210813879966736
-0.04891785979270935
-0.04288826882839202
-0.04713149368762969
-0.045405492186546326
-0.05480236560106277
-0.05862405151128769
-0.0754871666431427
-0.0603359192609787
-0.06714309751987457
-0.050870999693870544
-0.043004833161830895
-0.04543180391192436
-0.0556662380695343
-0.03911057859659194
-0.07094557583332062
-0.04713864624500275
-0.04752922803163528
-0.04992970824241638
-0.06040996313095093
-0.044170383363962167
-0.06437169015407562
-0.051495015621185296
-0.042295493185520165
-0.03852666169404984
-0.051145680248737335
-0.04875245690345764
-0.06024014949798584
-0.0422881543636322
-0.01602555438876152
-0.05446799844503403
-0.05418924242258072
-0.002310612238943577
-0.06690460443496704
-0.07475611567497253
-0.05877099931240082
-0.036167316138744354
-0.03735382854938507
-0.041969921439886086
-0.03712641075253487
-0.03494367375969887
-0.10023299604654312
-0.11327190697193144
-0.059764914214611047
-0.06768334656953812
-0.04653164744377136
-0.0804584324359894
-0.0353098139166832
-0.04836525768041611
-0.02776981890201569
-0.054022252559661865
-0.05482528358697891
-0.058619171380996704
-0.02748617902398109
-0.09544193744659424
-0.09413311630487442
-0.0828222930431366
-0.0969192385673523
-0.058571480214595795
-0.06655561923980713
-0.05988256633281708
-0.04521579295396805
-0.05136942118406296
-0.02662764862179756
-0.05048965662717819
-0.03667643666267395
-0.04915328323841095
-0.06893585622310638
-0.05083025991916656
-0.06874726712703705
-0.06843051314353943
-0.03721049800515175
-0.03561414033174515
-0.03334084898233414
-0.06539661437273026
-0.059933491051197045
-0.04908432066440582
-0.06364205479621887
-0.07921722531318665
-0.04515107721090317
-0.04075024276971817
-0.06526172161102295
-0.03483957052230835
-0.06219389289617538
-0.07444417476654051
-0.048505205661058426
-0.06648632884025574
-0.03083593398332596
-0.07624122500419615
-0.025826409459114075
-0.03693380579352378
-0.0738798975944519
-0.05076409131288528
-0.007182775996625424
-0.025432743132114407
-0.04791541397571564
-0.06442876160144806
-0.04190677404403687
-0.06414255499839783
-0.04086073487997055
-0.03337785601615906
-0.058674298226833344
-0.05134160071611405
-0.0858405753970146
-0.031664613634347916
-0.07751917839050293
-0.05393631756305695
-0.05419055372476578
-0.06968461722135544
-0.07422173023223877
-0.05866991728544235
-0.05738869309425353
-0.05797590315341949
-0.03404950350522995
-0.056234151124954224
-0.0803305059671402
-0.06406183540821075
-0.04172693192958832
-0.0886319726705551
-0.06708100438117981
-0.028464816510677338
0.015692338347434998
-0.08388295769691467
-0.04384033381938934
-0.051119618117809296
-0.04275491088628769
-0.040522679686546326
-0.015945568680763245
-0.06626991927623749
-0.050175324082374566
-0.025490768253803253
-0.06215789169073105
-0.08989018201828003
-0.06271829456090927
-0.04909545183181763
-0.06305626779794693
-0.07273259758949278
-0.052096545696258545
-0.09127835929393768
-0.053187236189842224
-0.028199553489685055
-0.07847227901220322
-0.0513216033577919
-0.05677241086959839
-0.05923508107662201
-0.06765761971473694
-0.06269122660160065
-0.04977856576442719
-0.039005335420370095
-0.027074109762907028
-0.06376980990171432
-0.05258674919605255
-0.08780836313962936
-0.050698362290859215
-0.08906327933073044
-0.07944466173648834
-0.07579374313354492
-0.01904948800802231
-0.043762654066085815
-0.045611053705215454
-0.050289347767829895
-0.0232866033911705
-0.06014426052570343
-0.013267860747873785
-0.07677444815635681
-0.06609808653593063
-0.0676514133810997
-0.04331810027360916
-0.06568215787410736
-0.03101168945431709
-0.039079003036022186
-0.04588833823800087
-0.0385061576962471
-0.05309367179870605
-0.026814363896846768
-0.05156268924474716
-0.0868414118885994
-0.05184934288263321
-0.04212425649166107
-0.05877138674259186
-0.07155074179172516
-0.0598762035369873
-0.06232289969921112
-0.012803533114492891
-0.05904144793748856
-0.05733118951320648
-0.08303070813417433
-0.04887679219245911
-0.0457647442817688
-0.0788535475730896
-0.06833411753177643
-0.02906864881515503
-0.0315304733812809
-0.05824613571166992
-0.08513954281806947
-0.04558243975043297
-0.02250250428915024
-0.05040296167135239
-0.07949992269277571
-0.05555068701505661
-0.07010986655950546
-0.061030395328998566
-0.05312737822532654
-0.07064862549304962
-0.07435280084609985
-0.06563350558280945
-0.04058322310447693
-0.04895608127117157
-0.05718185752630234
-0.05221766233444214
-0.04321441426873207
-0.06751979887485504
-0.015005207620561121
-0.06212415546178818
-0.06512676179409027
-0.04270853102207184
-0.07083716243505478
-0.05194886028766632
-0.056726217269897454
-0.07006347179412842
-0.09860455989837646
-0.05231408774852753
-0.05952584743499756
-0.07366813719272612
-0.06515046954154968
-0.05448784679174423
-0.0471302792429924
-0.07134484499692917
-0.07107087969779968
-0.09082083404064177
-0.0650441125035286
-0.05714639276266097
-0.08712098002433775
-0.0666382685303688
-0.05938461422920227
-0.05401097983121872
-0.08577769994735716
-0.038430973887443536
-0.050069026648998254
-0.06650178134441376
-0.0294162817299366
-0.03336849808692932
-0.05323304235935211
-0.03840745240449905
0.0011568665504455566
-0.06468231976032257
-0.0540744736790657
-0.038364537060260766
-0.07763291895389555
-0.033107858151197433
-0.05603206157684326
-0.07290120422840118
-0.034417986869812005
-0.053475387394428246
-0.04503133147954941
-0.03976794332265854
-0.062294945120811455
-0.07306242734193802
-0.052407830953598016
-0.05217894911766052
-0.05632495135068893
-0.061339184641838074
-0.04465789347887039
-0.06640759110450745
-0.08545132726430894
-0.04635130241513252
-0.04279657080769538
-0.05596081912517548
-0.07862762361764909
-0.05824693292379379
-0.03424011543393135
-0.07747618108987808
-0.0497167706489563
-0.08848333358764648
-0.08107203990221022
-0.043009407818317406
-0.05280594527721405
-0.050659731030464165
-0.029602330178022385
-0.02679648622870445
-0.08959001302719116
-0.05482581257820129
-0.0640961304306984
-0.030557923018932343
-0.03357963263988495
-0.07440652698278427
-0.0335376039147377
-0.06123584508895873
-0.0740497410297394
-0.06521352380514145
-0.10063079744577408
-0.07136710733175278
-0.08265595883131027
-0.08884209394454957
-0.06125365942716599
-0.06208030879497528
-0.05402807891368865
-0.059145942330360406
0.009566556662321089
-0.030396662652492523
-0.021726775914430615
-0.040592659264802926
-0.08618555217981337
-0.05977009981870651
-0.06587574630975723
-0.05610236525535584
-0.06707040965557097
-0.08356860280036926
-0.03693554550409317
-0.05458395183086395
-0.053393013775348656
-0.07853294163942337
-0.03742211312055588
-0.09855653345584867
-0.0359647199511528
-0.0330154225230217
-0.04627587273716927
-0.07693736255168913
-0.05709132552146912
-0.0682106539607048
-0.10002166032791136
-0.054514236748218536
-0.022743612527847287
-0.05329807102680206
0.0004269657656550408
-0.03250947594642639
-0.05059482902288437
-0.06528504192829132
-0.060912683606147766
-0.0473567470908165
-0.06270906329154968
-0.05530810356140137
-0.08416888117790222
-0.013031148351728916
-0.07748503237962721
-0.06578804552555084
-0.0973288118839264
-0.08605608344078064
-0.08684949576854707
-0.0554288774728775
-0.05571513622999191
-0.06060328334569931
-0.0277923084795475
-0.06970837712287903
-0.04272155463695526
-0.027310743927955627
-0.05093589425086975
-0.04411996901035309
-0.10663160681724548
-0.0260574072599411
-0.04880795627832413
-0.05038810521364212
-0.06511398404836655
-0.06514555215835571
-0.06470709294080734
-0.04635622352361679
-0.03518020361661911
-0.014171564020216463
-0.06809495389461517
-0.08220542967319489
-0.03856009617447853
-0.08360570669174193
-0.03891812264919281
-0.04872637242078781
-0.0179777555167675
-0.060602664947509766
-0.053190648555755615
-0.06985308974981308
-0.06054634600877762
-0.09365053474903105
-0.04711198806762695
-0.03854614868760109
-0.05378330498933792
-0.03700970858335495
-0.05296428501605988
-0.032469991594552994
-0.040922116488218314
-0.06504729390144348
-0.04270895943045616
-0.0509798601269722
-0.06884661316871643
-0.04219815880060196
-0.059994526207447045
-0.07205325365066528
-0.04592929780483246
-0.0718759149312973
-0.06904730200767517
-0.04678013175725937
-0.05009058862924576
-0.05721495300531387
-0.056547947227954865
-0.018304869532585144
-0.06632927060127257
-0.07400382310152054
-0.06391626596450806
-0.08787418156862259
-0.05905637890100479
-0.0333109088242054
-0.0603991374373436
-0.06523387134075165
-0.06374511122703552
-0.07537073642015457
-0.06741230189800262
-0.056665778160095215
-0.07807832956314088
-0.08777116239070892
-0.03835964947938919
-0.04346717894077301
-0.057918891310691833
-0.06066149473190308
-0.060634762048721313
-0.09414279460906982
-0.041736796498298645
-0.05324959754943848
-0.04018077254295349
-0.08136855065822601
-0.09437860548496246
-0.05620144307613373
-0.08128084242343903
-0.029619667679071423
-0.05417003482580185
-0.01982368528842926
-0.040245167911052704
-0.06699010729789734
-0.06398250162601471
-0.0917309895157814
-0.07880834490060806
-0.034827858209609985
-0.0734647586941719
-0.03878573328256607
-0.0413242056965828
-0.050103016197681434
-0.07450425624847411
-0.027103882282972332
-0.0803980678319931
-0.0902464836835861
-0.0631885677576065
-0.04626691341400146
-0.03035445511341095
-0.04230883717536926
-0.05581895262002945
-0.03301721811294556
-0.04706234484910965
-0.05222032964229584
-0.07756777852773665
-0.05459461361169815
-0.06084710359573364
-0.07865792512893677
-0.05845315754413605
-0.025588199496269223
-0.0413251593708992
-0.03452754765748978
-0.03843632340431213
-0.09344493597745895
-0.04233812540769577
-0.03306376188993453
-0.037779100239276886
-0.04204937443137169
-0.059043541550636285
-0.04446647688746452
-0.0660385861992836
-0.05383764952421188
-0.060557402670383446
-0.06745187193155289
-0.07004204392433168
-0.03235701099038124
-0.10174423456192017
-0.03652633354067802
-0.049346163868904114
-0.05235549807548522
-0.05677883327007294
-0.06405498832464218
-0.06191931664943695
-0.05894584208726882
-0.030007265508174896
-0.0835786983370781
-0.06782285124063492
-0.04502420872449874
-0.0523410364985466
-0.06617765128612518
-0.04125240817666054
-0.06600388139486313
-0.0745546743273735
-0.03676218539476395
-0.055071309208869934
-0.06651926040649414
-0.0671272724866867
-0.0899682492017746
-0.06019745022058487
-0.0730472207069397
-0.05497955530881882
-0.05791199207305908
-0.08627589046955107
-0.10343848168849944
-0.0579945519566536
-0.03269164264202118
-0.05705965310335159
-0.06246563047170639
-0.0417906828224659
-0.059214890003204346
-0.06668014079332352
-0.06711405515670776
-0.04340698942542076
-0.058188676834106445
-0.08650900423526765
-0.04046057537198067
-0.06731493026018143
-0.047990813851356506
-0.033973708748817444
-0.05574925243854523
-0.02953117713332176
-0.06361668556928635
-0.06424062699079514
-0.04012741148471832
-0.0279080793261528
-0.11629937589168549
-0.040488965809345245
-0.0898616537451744
-0.05158825218677521
-0.08561423420906067
-0.05481988191604614
-0.05798900127410889
-0.013859332539141178
-0.03801561146974564
-0.06144993007183074
-0.052578896284103394
-0.06007049977779389
-0.045738048851490014
-0.0517418310046196
-0.06533638387918472
-0.0351385623216629
-0.0054066376760602
-0.045201290398836136
-0.040341414511203766
-0.010428574867546558
-0.08499965071678162
-0.061287559568881995
-0.0349360853433609
-0.04843796044588089
-0.06117109954357147
-0.07407522946596146
-0.024537280201911926
-0.061412736773490906
-0.04852333664894104
-0.03183429315686226
-0.0589560940861702
-0.05426765978336334
-0.07910497486591339
-0.07090748101472855
-0.051213398575782776
-0.061333619058132165
-0.03547652065753937
-0.07234572619199754
-0.0456414632499218
-0.04887642711400986
-0.04510216414928436
-0.046234983950853355
-0.05175801366567612
-0.07022841274738312
-0.07126206159591675
-0.08110582828521729
-0.05475662648677826
-0.05864476412534714
-0.034804269671440125
-0.07450275123119354
-0.05604389309883118
-0.04530647769570351
-0.08006632328033446
-0.0744393914937973
-0.02925066649913788
-0.07927931845188141
-0.07641880214214325
-0.0744999200105667
-0.05330131947994232
-0.046085383743047714
-0.10510078817605972
-0.03157874941825867
-0.05285213887691498
-0.06577669829130173
-0.05027073621749878
-0.03699253499507904
-0.07427664846181868
-0.05447010695934296
-0.0366591215133667
-0.058774463832378394
-0.05778678506612778
-0.05715799331665039
-0.09148097038269043
-0.09457996487617491
-0.053061343729496
-0.048562292009592056
-0.07340286672115326
-0.050847262144088745
-0.05338403582572937
-0.006373436190187931
-0.045237645506858826
-0.05390665680170059
-0.04166808351874352
-0.04489730298519135
-0.06562350690364838
-0.05348692834377289
-0.04349252581596375
-0.04686008766293526
-0.0855046808719635
-0.06268022954463959
-0.08868563175201416
-0.06911429017782211
-0.061798639595508575
-0.06773404031991959
-0.04398917406797409
-0.06930842995643616
-0.005782299675047398
-0.04310963675379753
-0.06344659626483917
-0.07044362276792526
-0.03409871086478233
-0.0398450344800949
-0.03222455829381943
-0.07075512409210205
-0.028516124933958054
-0.04871401935815811
-0.05927383154630661
-0.06411345303058624
-0.028757143765687943
-0.06917636841535568
-0.07702593505382538
-0.06853349506855011
-0.032200880348682404
-0.03773821517825127
-0.06803563237190247
-0.05347970128059387
-0.07998321950435638
-0.005691749043762684
-0.07544296234846115
-0.07091809064149857
-0.07514606416225433
-0.12404125928878784
-0.07663541287183762
-0.08789046853780745
-0.0663968026638031
-0.05174480378627777
-0.057628192007541656
-0.06139734387397766
-0.09060752391815184
-0.06716066598892212
-0.05528967082500458
-0.04490896314382553
-0.10469789057970048
-0.04085220023989677
-0.08008422702550888
-0.08143175393342973
-0.061552539467811584
-0.06274837255477905
-0.04853484034538269
-0.05011621117591858
-0.06327012926340103
-0.10637564957141876
-0.05444251000881195
-0.04360754415392876
-0.07539241015911102
-0.043668977916240685
-0.012760077603161333
-0.06708282977342606
-0.04242419451475144
-0.09041138738393784
-0.05473479628562927
-0.04403310269117355
-0.0372776836156845
-0.026652477681636807
-0.06259824335575104
-0.06238184869289398
-0.053822532296180725
-0.07054491341114044
-0.05112855136394501
-0.055997058749198914
-0.012451187707483768
-0.07504232227802275
-0.07749263197183609
-0.05155828595161437
-0.07836011797189713
-0.07394115626811981
-0.07755240797996521
-0.03621953353285789
-0.037358839064836495
-0.023312222212553024
-0.07681868970394135
-0.04668509215116501
-0.04556535929441452
-0.07539893686771391
-0.06621089577674866
-0.06967714428901672
-0.05429242551326752
-0.05890711396932602
-0.05120868980884552
-0.05950838327407837
-0.06336145848035812
-0.0412248857319355
-0.05795373022556305
-0.041633464395999915
-0.05096860975027084
-0.05706316232681274
-0.03363777697086334
-0.04050275683403015
-0.029621705412864685
-0.07639100402593613
-0.06115156412124634
-0.04144708439707756
-0.04922684282064438
-0.04770263284444809
-0.03580380976200104
-0.05151049792766571
-0.0249888077378273
-0.038725659251213074
-0.0361730083823204
-0.08938471972942352
-0.08188126981258392
-0.05393955111503601
-0.04208400845527649
-0.09253570437431335
-0.04510487616062164
-0.052894100546836846
-0.08038250356912613
-0.06969672441482544
-0.062125444412231445
-0.07693982124328613
-0.06728065013885498
-0.02907414734363556
-0.08025804162025452
-0.0655912533402443
-0.0550263226032257
-0.07911008596420288
-0.05175785720348358
-0.09017763286828993
-0.06501504778862
-0.03224139288067818
-0.05420919507741928
-0.019881136715412136
-0.037883497774600976
-0.04271837323904037
-0.04438468813896179
-0.0790828689932823
-0.05595304816961288
-0.05183595418930054
-0.04592185094952583
-0.03454520180821419
-0.05541662871837616
-0.07930122315883635
-0.017381418496370316
-0.0724256783723831
-0.04126200824975968
-0.05262872576713561
-0.05987878143787384
-0.05537388473749161
-0.05823791027069092
-0.09066943824291229
-0.03276605159044266
-0.05409469455480576
-0.08596708625555038
-0.04925532639026642
-0.04899165034294128
-0.0497981384396553
-0.03744681179523468
-0.0418904647231102
-0.05900759994983673
-0.03676307946443558
-0.07661445438861848
-0.0801713541150093
-0.05328267812728882
-0.06580355763435364
-0.05891206115484238
-0.060295470058918
-0.05040261149406433
-0.05488109588623047
-0.03271050751209259
-0.07873378694057465
-0.06122887134552001
-0.053808733820915215
-0.0819774866104126
-0.0448240339756012
-0.06901277601718903
-0.03908364847302437
-0.0630708634853363
-0.043646566569805145
-0.0611046701669693
-0.05769261717796326
-0.08522046357393263
-0.04742998629808426
-0.06682030856609344
-0.040138810873031616
-0.0744890421628952
-0.055271178483963006
-0.06386801600456238
-0.03657815977931023
-0.04342108964920044
-0.051023826003074646
-0.0732460469007492
-0.04856775701045989
-0.0563013032078743
-0.06365546584129332
-0.01649041473865509
-0.01025006640702486
-0.08916420489549635
-0.06368304789066315
-0.04113692417740822
-0.044357679784297936
-0.06677468121051788
-0.05330154299736023
-0.08065664768218994
-0.07098831236362457
-0.09277031570672989
-0.03647731989622116
-0.05764412879943848
-0.02606549859046936
-0.05557727813720703
-0.08550879359245299
-0.05051204562187194
-0.07715401053428651
-0.04744825139641762
-0.07361859083175659
-0.045595306903123856
-0.07820793986320494
-0.02909611538052559
-0.06832867115736008
-0.06584790349006653
-0.08210877329111099
-0.08378289639949799
-0.058965221047401435
-0.054952457547187805
-0.026356708258390423
-0.09123635292053223
-0.057712003588676446
-0.04293305426836014
-0.0458533838391304
-0.045603591948747635
-0.023426268249750137
-0.06139102578163146
-0.0656144917011261
-0.03406236693263054
-0.08121979236602782
-0.03012244403362274
-0.0611359030008316
-0.035031147301197045
-0.048679262399673455
-0.0686076432466507
-0.036379456520080566
-0.046416915953159325
-0.050839252769947045
-0.0650545209646225
-0.07165107131004332
-0.038911819458007806
-0.03793356567621231
-0.035735879093408585
-0.06857534497976303
-0.07796809822320938
-0.0858166366815567
-0.08139996230602264
-0.06975152343511581
-0.08174238353967665
-0.09922688454389571
-0.048186540603637695
-0.04087383672595024
-0.0392548218369484
-0.029446400701999664
-0.027511954307556152
-0.09482880681753159
-0.07392485439777374
-0.06370218098163605
-0.0703277438879013
-0.066652312874794
-0.04308188706636429
-0.022923991084098812
-0.06521552801132202
-0.051720984280109406
-0.0837898403406143
-0.05377715826034546
-0.05908481776714325
-0.09159056842327118
-0.07018204033374785
-0.0742238312959671
-0.046298325061798096
-0.056029513478279114
-0.05809424817562103
-0.019476283341646194
-0.0691668689250946
-0.08373642712831497
-0.04827942699193954
-0.08682315796613693
-0.05876100063323975
-0.007474520243704318
-0.043977543711662286
-0.08280863612890244
-0.013163254596292973
-0.061359308660030365
-0.09702098369598387
-0.030912011861801147
-0.044625766575336456
-0.07098045945167542
-0.08126842975616455
-0.052458569407463074
-0.05042396485805512
-0.055581383407115936
-0.08913267403841017
-0.0602986142039299
-0.049347549676895135
-0.05180099606513977
-0.06844457983970642
-0.03375013917684555
-0.05272450298070908
-0.048889130353927605
-0.043242231011390686
-0.05977638810873032
-0.041096292436122894
-0.06371657550334929
-0.03233304247260094
-0.07201123982667923
-0.06291456520557404
-0.09980403631925584
-0.0631086528301239
-0.05963630229234696
-0.06823822855949402
-0.027542781084775925
-0.08534770458936691
-0.03691783547401428
-0.05791132897138596
-0.059205539524555206
-0.07253873348236085
-0.07041999697685242
-0.01053271908313036
-0.01068370882421732
-0.053920865058898926
-0.08240459859371185
-0.086796835064888
-0.07163779437541962
-0.0398624874651432
-0.0573231503367424
-0.06848856806755066
-0.019849125295877457
-0.08356945216655731
-0.029790315777063366
-0.08278815448284149
-0.03810036927461624
-0.04585161060094833
-0.05839885771274567
-0.046785056591033936
-0.034938383847475045
-0.0567159429192543
-0.03557903319597244
-0.06699572503566742
-0.08707846701145171
-0.06888202577829361
-0.08927993476390839
-0.03549899905920029
-0.06267975270748137
-0.06351134926080704
-0.06196250021457672
-0.02853409945964813
-0.07472244650125502
-0.03828340396285057
-0.04649731516838074
-0.06321001052856445
-0.05310950428247452
-0.01684625819325447
-0.06092447042465209
-0.06211138516664505
-0.06102123856544495
-0.05777083337306976
-0.027314424514770508
-0.010750514455139635
-0.05974909663200378
-0.042273789644241326
-0.08646305650472641
-0.03248891234397888
-0.07245548069477081
-0.038059275597333915
-0.0430816225707531
-0.04952017217874527
-0.027782924473285675
-0.048607803881168365
-0.07800204306840897
-0.06965605169534683
-0.05686371773481369
-0.03630124032497407
-0.05568491667509079
-0.0687190517783165
-0.033547066152095795
-0.0874370262026787
-0.0411321297287941
-0.08086904138326644
-0.07419748604297638
-0.05387032777070999
-0.059013664722442634
-0.044753968715667725
-0.07162641733884811
-0.05324287712574005
-0.05151117593050003
-0.04539741203188896
-0.06979474425315857
-0.09666048735380173
-0.052250191569328315
-0.03974621742963791
-0.049631819128990166
-0.04432713985443115
-0.06588657945394516
-0.06453760713338852
-0.030707206577062607
-0.08401363343000413
-0.03945900872349739
-0.07206870615482329
-0.0625644251704216
-0.031043063849210736
-0.02626020833849907
-0.0625353679060936
-0.05535534024238586
-0.040708143264055245
-0.06866380572319031
-0.02568753063678741
-0.05388476699590682
-0.06799371540546417
-0.041536889970302575
-0.08042857050895691
-0.04262144863605499
-0.11619715392589568
-0.06512659788131714
-0.07986671477556227
-0.054957881569862366
-0.08529238402843475
-0.04921010136604309
-0.034520775079727166
-0.03339896351099014
-0.05831839144229889
-0.07018271088600159
-0.051677554845809937
-0.028369147330522537
-0.0549309104681015
-0.05761222541332245
-0.013558502309024332
-0.07180844247341156
-0.0772644653916359
-0.05718249082565308
-0.06603604555130005
-0.026682246476411816
-0.02659008279442787
-0.06975818425416945
-0.025923106819391247
-0.01773941144347191
-0.05613585561513901
-0.05040301382541656
-0.057501837611198425
-0.03584114462137222
-0.0838320404291153
-0.06815312802791595
-0.08240041136741638
-0.06996805965900421
-0.035558827221393585
-0.07034573704004288
-0.03981177508831024
0.010272332467138767
-0.036066479980945594
-0.04919816553592682
-0.041625715792179115
-0.01995642110705376
-0.04239412024617195
-0.05293326824903488
-0.06283396482467651
-0.05781196802854537
-0.02628254145383835
-0.07366596162319182
-0.05834795534610748
-0.05940345674753189
-0.05426645278930664
-0.061835169792175286
-0.06428307294845581
-0.0584590956568718
-0.04066940397024155
-0.07234157621860504
-0.04734355211257935
-0.05180778354406357
-0.04436592757701874
-0.04082192480564117
-0.033651433885097504
-0.06197536736726761
-0.04535874351859093
-0.038510888814926154
-0.06421426683664322
-0.0422445684671402
-0.055943921208381646
-0.06832115352153778
-0.08093754202127457
-0.049757637083530426
-0.043546725064516074
-0.06429857015609741
-0.052400000393390656
-0.10621498525142668
-0.027340829372406002
-0.05665998160839081
-0.07542097568511962
-0.051808610558509834
-0.0500076487660408
-0.06712311506271361
-0.05131107568740845
-0.08390593528747559
-0.09558863937854768
-0.05787941813468933
-0.07300683856010437
-0.05586595833301544
-0.055722884833812714
-0.059333980083465576
-0.04058520868420601
-0.06007608026266097
-0.10441105812788008
-0.04285715520381928
-0.08509488403797148
-0.04198969155550003
-0.04359687119722366
-0.0331176295876503
-0.0740020275115967
-0.05002787709236145
-0.062411077320575714
-0.04593018814921379
-0.07430490851402281
-0.09197711199522017
-0.05201232433319092
-0.0602710098028183
-0.059846892952919006
-0.03737035021185874
-0.04231719300150871
-0.03972113132476807
-0.053871288895606995
-0.039048977196216576
-0.06136370450258255
-0.06921328604221344
-0.06309577077627182
-0.06562918424606323
-0.05114299803972244
-0.0646081417798996
-0.04307283461093903
-0.05943834036588669
-0.04384956136345863
-0.03900786489248276
-0.05536818504333496
-0.08155634999275206
-0.05186150968074799
-0.039335254579782486
-0.05651886761188507
-0.0599963366985321
-0.010508223436772823
-0.069567009806633
-0.05189016461372376
-0.09395644068717955
-0.07507392019033432
-0.08754590153694154
-0.051790542900562286
-0.04710264503955841
-0.01094603817909956
-0.048590697348117835
-0.04717498645186424
-0.06824393570423126
-0.07981178164482115
-0.05869696289300919
-0.10315464437007904
-0.08429487049579619
-0.06615094840526581
-0.038236215710639954
-0.0618882030248642
-0.10510662943124773
-0.05348215997219086
-0.024183873087167736
-0.015190646983683108
-0.04258856922388077
-0.04205124080181122
-0.05411423742771149
-0.035348691046237946
0.007701883092522621
-0.0774586647748947
-0.0565759539604187
-0.07807932049036026
-0.03999235108494759
-0.05503568053245544
-0.07807917892932893
-0.05723179876804352
-0.03588318079710007
-0.07296705245971678
-0.05757573246955872
-0.05994321405887604
-0.06163634359836578
-0.05117035657167435
-0.04263414442539215
-0.04777558892965317
-0.0714627355337143
-0.007957384921610355
-0.0334475114941597
-0.0486203096807003
-0.03927067294716835
-0.07493023574352264
-0.022414572536945343
-0.05114138126373291
-0.03676760941743851
-0.058171309530735016
-0.031227409839630127
-0.0338355116546154
-0.03395523875951767
-0.06716404855251312
-0.05505578219890594
-0.02183719351887703
-0.07074642926454544
-0.05165891349315643
-0.08182790130376814
-0.07731731981039046
-0.059658713638782494
-0.05728466808795929
-0.06838445365428925
-0.051754876971244805
-0.06412607431411743
-0.07165022194385529
-0.0573381632566452
-0.12503325939178467
-0.054053425788879395
-0.09189015626907347
-0.05279920995235443
-0.027336943894624714
-0.06293164193630219
-0.044868696480989456
-0.024539001286029812
-0.0892082005739212
-0.06876083463430405
-0.08079341799020766
-0.058171182870864875
-0.055586598813533776
-0.0618395060300827
-0.039010975509881966
-0.04814506322145463
-0.05630947649478912
-0.060954757034778595
-0.03949027508497238
-0.07515666633844374
-0.03777598217129707
-0.020827889442443848
-0.041892092674970634
-0.06347920000553131
-0.057765692472457886
-0.052928850054740906
-0.03727150708436966
-0.059866026043891914
-0.046759970486164086
-0.06401675939559937
-0.0722534954547882
-0.04336041957139969
-0.06525357067584991
-0.026636168360710144
-0.04931993782520294
-0.03912638872861862
-0.054528579115867615
-0.06320194900035858
-0.06533420085906982
-0.04084312170743942
-0.048580266535282135
-0.09153495728969573
-0.05681560188531876
-0.06416424363851547
-0.0683031678199768
-0.04664209485054016
-0.017518997192382812
-0.06394606828689575
-0.032190605998039246
-0.03144004940986633
-0.019243523478507996
-0.08673636615276337
-0.05944053828716278
0.00540569331496954
-0.04293518513441086
-0.06242004036903381
-0.02606503292918205
-0.02957260608673096
-0.05455354601144791
-0.07952073216438293
-0.07468589395284653
-0.043856710195541375
-0.07353153824806213
-0.08662127703428268
-0.10976582765579224
-0.08022645115852357
-0.08542463183403014
-0.04988335072994232
-0.06960709393024445
-0.05475303530693054
-0.061853379011154175
-0.04566430673003197
-0.04540357738733292
-0.08951616287231445
-0.05921497941017151
-0.02956006675958633
-0.0375257283449173
-0.07289016991853715
-0.03158259764313698
-0.03039640188217163
-0.035522665828466415
-0.06068864464759827
-0.07348334789276123
-0.047442078590393066
-0.046332336962223046
-0.03959611430764198
-0.09596267342567444
-0.06921373307704926
-0.09060174971818927
-0.06063900142908096
-0.05247451364994049
-0.051022499799728394
-0.011600232683122158
-0.06253401935100555
-0.0596168264746666
-0.046415865421295166
-0.044430069625377655
-0.057321369647979736
-0.07241277396678925
-0.04630796611309052
-0.05169685184955597
-0.07454784214496611
-0.037274889647960656
-0.04922997951507568
-0.05565094947814941
-0.07563892006874083
-0.018592543900012967
-0.03960010409355164
-0.05190611630678177
-0.04956811666488648
-0.07598669826984404
-0.08325053751468657
-0.0549836903810501
-0.024216413497924805
-0.02276908978819847
-0.0903988927602768
-0.09136951714754105
-0.11038820445537569
-0.043615896254777915
-0.07798720896244049
-0.03572568669915199
-0.06504847854375839
-0.02340638637542725
-0.05647370219230652
-0.030102964490652084
-0.0662446916103363
-0.06840266287326813
-0.06109856069087982
-0.032958175987005234
-0.03660077974200249
-0.03520308434963226
-0.04262206703424454
-0.06301930546760559
-0.02641510963439941
-0.03043049946427345
-0.06979180127382278
-0.07734193652868272
-0.07938048243522643
-0.07833616435527802
-0.03188770264387131
-0.06953670084476471
-0.045123808085918427
-0.059655822813510895
-0.02287754043936729
-0.07901246845722198
-0.015221470035612583
-0.0406038910150528
-0.05170682817697525
-0.04786985367536545
-0.029999472200870517
-0.107642762362957
-0.06882195919752121
-0.039241507649421685
-0.0034972457215189934
-0.0417366400361061
-0.055719837546348565
-0.03279991447925568
-0.05054417252540588
-0.07680241018533705
-0.07837831974029541
-0.062368854880332954
-0.050138577818870544
-0.06958848237991333
-0.038577690720558167
-0.040533345192670815
-0.052933886647224426
-0.0597267746925354
-0.04775553196668625
-0.0672362744808197
-0.038693379610776894
-0.05192659795284271
-0.0365627110004425
-0.07037699967622757
-0.015542157925665379
-0.04333215579390526
-0.054198525846004486
-0.07387371361255644
-0.054037764668464654
-0.05746190994977951
-0.0538579598069191
-0.052644386887550354
-0.0979403406381607
-0.07436800003051756
-0.10160483419895172
-0.05091573297977448
-0.08755098283290863
-0.0626019611954689
-0.05962631851434708
-0.08723862469196318
-0.05730292946100234
-0.04419495910406113
-0.03018074110150337
-0.05603133887052536
-0.03215308487415314
-0.05359162390232086
-0.06267406046390533
-0.0406106561422348
-0.0740928053855896
-0.04450647905468941
-0.039918165653944016
-0.07211890816688538
-0.03408394753932953
-0.0784643292427063
-0.037597395479679115
-0.060786932706832886
-0.05021083354949951
-0.08961015194654463
-0.0881846621632576
-0.022956013679504395
-0.012382627464830875
-0.031356967985630035
-0.039610300213098526
-0.0883801132440567
-0.08060087263584137
-0.07476358115673065
-0.05147768557071686
-0.07553645968437193
-0.07653950899839401
-0.05582714825868607
-0.05116043239831925
-0.04686681926250458
-0.038542985916137695
-0.04121214151382446
-0.0593704730272293
-0.019683837890625
-0.0406329333782196
-0.06243103742599487
-0.06731535494327545
-0.07244513183832169
-0.07184146344661713
-0.043697539716959
-0.014541313983500004
-0.03953278437256813
-0.08584806323051453
-0.033603988587856286
-0.024799622595310208
-0.06251005083322525
-0.0897495821118355
-0.07361069321632385
-0.06449174880981445
-0.0016506575047969818
-0.08678040653467177
-0.07994747161865233
-0.07156099379062653
-0.07264167070388795
-0.07614167034626007
-0.08028870075941084
-0.05305363982915878
-0.07710404694080351
-0.08078989386558531
-0.03890546411275864
-0.02954866737127304
-0.08609190583229065
-0.020651277154684063
-0.05714791268110275
-0.037689901888370514
-0.05964999645948409
-0.09175415337085725
-0.04168640822172165
-0.0513572096824646
-0.06078889220952988
-0.05781054496765137
-0.0612553209066391
-0.06370341777801514
-0.07025177776813507
-0.04299736022949218
-0.0372648611664772
-0.050080358982086175
-0.06012225151062012
-0.0690031498670578
-0.0794428363442421
-0.048335127532482154
-0.07037703692913055
-0.041281022131443024
-0.044467974454164505
-0.058131277561187744
-0.05652977526187897
-0.026861514896154404
-0.08085544407367705
-0.04981048405170441
-0.0709565132856369
-0.0674811452627182
-0.043857306241989136
-0.029450807720422745
-0.0679730698466301
-0.0356224961578846
-0.09986257553100586
-0.03772822394967079
-0.0518135130405426
-0.06125864386558533
-0.055698037147521966
-0.050058066844940186
-0.07123524695634842
-0.06262306869029999
-0.07627749443054198
-0.07099469006061554
-0.05293141305446625
-0.04946522414684296
-0.09093334525823592
-0.08266248553991316
-0.03738291189074516
-0.04449044167995453
-0.033390045166015625
-0.06138126552104949
-0.03695061802864075
-0.021627586334943768
-0.03142441809177399
-0.03554239496588707
-0.02709604799747467
-0.023016538470983505
-0.062398940324783325
-0.08323366940021514
-0.07125164568424225
-0.08157365024089813
-0.04126691818237305
-0.09259248524904252
-0.06035170704126359
-0.06375093758106232
-0.050019219517707825
-0.05135026574134827
-0.05684563517570496
-0.047218799591064446
-0.04520837217569351
-0.0692123994231224
-0.05182730406522751
-0.05836420506238937
-0.05711737275123596
-0.04384230077266693
-0.077503502368927
-0.046314481645822525
-0.08881547302007675
-0.034524254500865936
-0.01986130326986313
-0.06658796966075897
-0.04474849998950958
-0.045829392969608314
-0.016268685460090637
-0.0509987473487854
-0.05278339236974716
-0.07806572318077086
-0.03760268539190292
-0.07012219727039337
-0.049225576221942895
-0.07864704728126524
-0.03978786617517471
-0.07207595556974411
-0.08884945511817932
-0.06925627589225769
-0.04540182650089264
-0.048698239028453834
-0.06497865915298462
-0.043092496693134315
-0.022077880799770355
-0.03519248217344284
-0.07280461490154265
-0.031279295682907104
-0.0620279386639595
-0.05851489305496216
-0.0641634464263916
-0.02730094268918037
-0.004016761668026447
-0.0350097119808197
-0.08218728005886076
-0.034849412739276886
-0.06190428137779236
-0.03692435845732689
-0.07077352702617645
-0.052008405327796936
-0.05835092067718506
-0.04731106758117676
-0.04125243052840233
-0.09308062493801118
-0.07544686645269395
-0.043331459164619446
-0.061031833291053765
-0.05159369111061096
-0.05138145387172698
-0.08164907991886139
-0.061556726694107056
-0.08075539022684097
-0.0426531359553337
-0.07615886628627777
-0.025103598833084103
-0.045988228172063834
-0.07473263144493103
-0.01120805274695158
-0.03704899549484253
-0.05192752182483673
-0.06796013563871384
-0.03365275636315346
-0.04795899242162704
-0.031964581459760666
-0.027120560407638546
-0.06563819944858551
-0.04506528750061989
-0.06233647465705872
-0.058657094836235046
-0.04149245843291283
-0.04469039291143417
-0.04490185901522637
-0.05906283855438232
-0.08108079433441162
-0.013803551904857159
-0.010785319842398167
-0.08834850788116455
-0.0870693251490593
-0.0461173951625824
-0.02695144712924957
-0.05448234081268311
-0.037237003445625305
-0.047488123178482056
-0.07710326462984085
-0.0522330105304718
-0.033975373953580856
-0.02848842740058899
-0.0317813977599144
-0.08347707986831665
-0.058249205350875854
-0.05381642282009125
-0.08052037656307219
-0.07121284306049347
-0.03630248457193375
-0.041957475244998925
-0.06138814985752106
-0.05871418118476868
-0.09503120183944702
-0.06861357390880585
-0.0628691017627716
-0.06311754882335663
-0.05930934101343154
-0.04057134315371513
-0.07850697636604309
-0.039825499057769775
-0.06699834018945694
-0.027114570140838623
-0.04089401289820671
-0.046641483902931206
-0.05939523875713348
-0.028902627527713772
-0.06502150744199753
-0.06057846546173096
-0.06990581750869751
-0.03604184463620186
-0.034851834177970886
-0.11704888939857482
-0.05438324064016342
-0.07042866945266724
-0.04654890298843384
-0.04799265414476395
-0.03052639216184616
-0.06550145894289017
-0.02583342418074608
-0.05550307780504227
-0.016202691942453384
-0.10034501552581788
-0.05006425082683563
-0.05959311127662659
-0.06760867685079575
-0.060452476143836975
-0.04579351097345352
-0.045715786516666405
-0.06086695194244385
-0.03069669008255005
-0.045350462198257446
-0.08435549587011337
-0.08127546310424803
-0.07393127679824829
-0.02574937045574188
-0.06392955780029297
-0.08062338829040526
-0.020894434303045273
-0.039907433092594154
-0.05673491209745407
-0.0693858414888382
-0.0652237981557846
-0.03327299654483795
-0.05368877947330474
-0.056645020842552185
-0.02888503298163414
-0.04709197208285332
-0.04706694930791855
-0.07222653180360794
-0.0126064820215106
-0.03278959169983864
-0.04194434732198715
-0.026484806090593335
-0.056374020874500275
-0.04707634449005127
-0.04941992461681365
-0.05674920976161957
-0.05162312835454941
-0.018054641783237457
-0.08400043845176695
-0.096188023686409
-0.04610283672809601
-0.02766476571559906
-0.07373673468828201
-0.057666972279548645
-0.06176315993070602
-0.029733501374721527
-0.05596429854631424
-0.06869643926620483
-0.03330977261066437
-0.09036871790885923
-0.06375214457511902
-0.030290674418210983
-0.06315729022026062
-0.06723076105117798
-0.03595811873674393
-0.07531309127807617
-0.07146711647510529
-0.04713523387908936
-0.017635639756917953
-0.08273129165172578
-0.07230428606271742
-0.030087914317846295
-0.05703897774219513
-0.057519212365150445
-0.03686543181538582
-0.06652180850505829
-0.0734526738524437
-0.06522058695554733
-0.05152928829193115
-0.06307535618543625
-0.0649058148264885
-0.03322406858205795
-0.06623203307390213
-0.07274390757083891
-0.04550239443778992
-0.08382397890090942
-0.07295453548431395
-0.029546018689870834
-0.07608956098556519
-0.046188637614250176
-0.07105780392885208
0.009148447774350643
-0.09589533507823944
-0.025948021560907364
-0.04840049892663956
-0.016246281564235687
-0.06157989799976349
-0.081014022231102
-0.04792806878685951
-0.0170104019343853
-0.0131629453971982
-0.0482696108520031
-0.023127466440200806
-0.10227562487125395
-0.04748422652482986
-0.08237508684396742
-0.02974402904510498
-0.08736422657966612
-0.10261375457048416
-0.05137903988361359
-0.07708212733268738
-0.043845295906066895
-0.07230756431818008
-0.06041131168603897
-0.05336187779903412
-0.08865359425544737
-0.1121143102645874
-0.0675000548362732
-0.041053757071495056
-0.06617815792560577
-0.0358520969748497
-0.062430083751678474
-0.07595552504062653
-0.04581558704376221
-0.06676961481571198
-0.013594728894531727
-0.041905909776687615
-0.0477733425796032
-0.08743254840373993
-0.06004784256219864
-0.05671107023954392
-0.03259306773543358
-0.05766341835260391
-0.01979118213057518
-0.036715328693389886
-0.04704731702804565
-0.05393229424953461
-0.04589254409074783
-0.04932818561792374
-0.04302272200584412
-0.07319472730159758
-0.07489617913961409
-0.0983920246362686
-0.10645672678947447
-0.06511199474334717
-0.04100276157259941
-0.0561370924115181
-0.03221328929066658
-0.05547080188989639
-0.05401051044464111
-0.05281601846218109
-0.05100267380475998
-0.05036500096321105
-0.05807802826166153
-0.05890534073114395
-0.07795137166976927
-0.05998912453651428
-0.05728006362915039
-0.06192024052143097
-0.04733988642692566
-0.06158670783042908
-0.06400832533836365
-0.04009022191166878
-0.030339591205120087
-0.03615599870681763
-0.07999233156442642
-0.05276840925216674
-0.04946319758892059
-0.04032431170344353
-0.0687585324048996
-0.08264537155628204
-0.06607155501842499
-0.07236604392528534
-0.051398992538452155
-0.04877110570669174
-0.02752017229795456
-0.05926228314638138
-0.07801665365695953
-0.040596261620521545
-0.0395447239279747
-0.08773042261600494
-0.04801633954048157
-0.01982813701033592
-0.05977645516395569
-0.023121610283851624
-0.11754348874092102
-0.06412461400032043
-0.05988924205303192
-0.08621510863304138
-0.04917048662900925
-0.048121348023414605
-0.08476576954126358
-0.06809169054031372
-0.07663577795028687
-0.08458147197961806
-0.04866787791252136
-0.09710428118705747
-0.07440385222434996
-0.0845043435692787
-0.049823567271232605
-0.038475252687931054
-0.09007028490304947
-0.04924231767654418
-0.0382014662027359
-0.05548810958862305
-0.03175655007362366
-0.05138745158910751
-0.05426158756017685
-0.016518529504537582
-0.050371333956718445
-0.012669059447944164
-0.0836835205554962
-0.062470585107803345
-0.03089023754000664
-0.0497874990105629
-0.05009502172470093
-0.05262379348278046
-0.08209178596735
-0.060720421373844154
-0.06341277062892914
-0.04810820519924164
-0.06755589693784714
-0.0494443029165268
-0.047766447067260735
-0.048364713788032525
-0.02789279446005821
-0.10012608766555786
-0.049089714884758
-0.08760619163513182
-0.029464222490787503
-0.061950281262397766
-0.07113026082515717
-0.04509247466921806
-0.05063746124505997
-0.022492483258247372
-0.05149391293525696
-0.07169940322637558
-0.07520157843828201
-0.0798608288168907
-0.06154284626245499
-0.03713727369904518
-0.06130364537239075
-0.05222946405410767
-0.06054301559925079
-0.04824497178196907
-0.05925288796424866
-0.03993520140647888
-0.07082454860210419
-0.07329844683408737
-0.04902158677577973
-0.030182670801877972
-0.022758103907108303
-0.06778665632009506
-0.03555555269122124
-0.05457888543605805
-0.05287785828113556
-0.06374285370111465
-0.05531158298254013
-0.03670394048094749
-0.040705285966396325
-0.07014207541942596
-0.051082774996757514
-0.023969918489456177
-0.07525890320539473
-0.08672233670949936
-0.061892151832580566
-0.06036214530467987
-0.06443683803081512
-0.05957285314798355
-0.07688815146684647
-0.027484655380249023
-0.0671834796667099
-0.039976950734853745
-0.09364362061023712
-0.06796830892562866
-0.04924166947603226
-0.02145615220069885
-0.04844429716467857
-0.037296682596206665
-0.07803833484649658
-0.07003985345363617
-0.06878487765789032
-0.060400649905204766
-0.015405642800033092
-0.04552982747554779
-0.05934091657400131
-0.04395268857479096
-0.05426916480064392
-0.018422890454530716
-0.01937318220734596
-0.1126297116279602
-0.09867230057716368
-0.03596613183617592
-0.045102782547473914
-0.03970933333039284
-0.05669191479682922
-0.06742994487285614
-0.05618751049041748
-0.05193980783224106
-0.04328788816928864
-0.0672747865319252
-0.012955238111317156
-0.05693830549716949
-0.06746803224086761
-0.06028615683317184
-0.07098594307899475
-0.04825843870639801
-0.046085424721241
-0.06251633912324905
-0.04876554757356644
-0.06364168226718903
-0.07412393391132353
-0.05113835632801056
-0.09870707988739011
-0.053194284439086914
-0.06246902793645858
-0.05815967917442322
-0.03506890684366226
-0.09443446993827821
-0.0692308247089386
-0.055898502469062805
-0.07553436607122421
-0.06419935822486877
-0.051333725452423096
-0.04212675243616104
-0.06378141790628433
-0.06537391245365143
-0.047640960663557046
-0.03482741490006447
-0.05942583829164505
-0.072048120200634
-0.029768317937850952
-0.05101115256547928
-0.05944386124610901
-0.008883939124643801
-0.05913332104682922
-0.02870421856641769
-0.04681303724646568
-0.06735527515411377
-0.06561402976512909
-0.06220954656600952
-0.05362677574157714
-0.007309946231544018
-0.05056869983673096
-0.09052557498216628
-0.047393910586833954
-0.09855589270591737
-0.054237164556980126
-0.028073541820049282
-0.039727527648210526
-0.03500741720199585
-0.0485491007566452
-0.06867681443691254
-0.048473060131073
-0.04683252051472664
-0.0683213323354721
-0.0967409908771515
-0.0642111599445343
-0.02987844869494438
-0.052599944174289696
-0.024313390254974365
-0.07933548092842102
-0.07037977874279022
-0.025772489607334137
-0.03126628324389458
-0.01892030239105225
-0.07431386411190033
-0.08697256445884705
-0.08514872193336487
-0.04994134604930878
-0.08573870360851286
-0.044816751033067696
-0.07942456752061844
-0.06154370307922363
-0.096585251390934
-0.0822436735033989
-0.06460099667310715
-0.06474978476762772
-0.052895501255989075
-0.035527803003787994
-0.04099750891327857
-0.033071499317884445
-0.106360986828804
-0.017050739377737045
-0.07263423502445221
-0.03129841387271881
-0.05504325777292252
-0.04817504435777664
-0.06362053751945496
-0.0610564649105072
-0.041189901530742645
-0.05961170047521591
-0.06516091525554657
-0.060802116990089417
-0.051794014871120446
-0.013579756952822208
-0.04968281090259552
-0.04981899261474609
-0.020192142575979233
-0.025077328085899356
-0.05929496884346008
-0.07937966287136076
-0.046296097338199615
-0.049563802778720856
-0.0642201378941536
-0.07130718231201172
-0.06446244567632675
-0.042419061064720154
-0.07322391867637634
-0.0612398236989975
-0.021860726177692413
-0.04475632682442665
-0.03286593034863472
-0.08492263406515121
-0.03468535095453262
-0.03764225170016289
-0.07470107823610306
-0.07448993623256683
-0.06690603494644165
-0.07374905049800874
-0.06754732877016068
-0.0421835072338581
-0.07554477453231812
-0.09324470162391663
-0.08464276790618896
-0.056189894676208496
-0.04307945445179939
-0.06655903160572052
-0.06441465020179749
-0.09635225683450697
-0.09032650291919708
-0.07949335128068925
-0.07366591691970825
-0.06846210360527039
-0.05264446884393692
-0.029889527708292007
-0.062385328114032745
-0.04834014177322388
-0.03930261358618736
-0.051471784710884094
-0.06413556635379791
-0.05524542182683945
-0.05707886815071105
-0.0718100294470787
-0.07238294184207916
-0.032079488039016724
-0.05951517820358276
-0.08392150700092316
-0.05136672407388687
-0.073130801320076
-0.06325025111436844
-0.07759501039981842
-0.0925292670726776
-0.0647534504532814
-0.06828412413597107
-0.07973711192607878
-0.07965246587991713
-0.061345212161540985
-0.03333108872175217
-0.04707296937704086
-0.04922729730606079
-0.040331851691007614
-0.05455733090639114
-0.06143035739660263
-0.041627168655395515
-0.04160833358764648
-0.0482662171125412
-0.07568389177322388
-0.07775896787643433
-0.03849883377552032
-0.08741263300180435
-0.053376004099845886
-0.07129494845867157
-0.05030547082424164
-0.08118554949760437
-0.04402499645948409
-0.0937954932451248
-0.03487519919872284
-0.061187662184238434
-0.060736924409866326
-0.07938134670257568
-0.0787229686975479
-0.058382660150527954
-0.07486376911401747
-0.028933223336935043
-0.04944530874490738
-0.0509365051984787
-0.08448585867881776
-0.03389354795217514
-0.0798915922641754
-0.06911196559667587
-0.03557727485895157
-0.0326140895485878
-0.034038200974464417
-0.05757413059473038
-0.0893905833363533
-0.09835408627986911
-0.035878464579582214
-0.039287082850933075
-0.04046611487865448
-0.07477730512619017
-0.0962308049201965
-0.0409022644162178
-0.04979696124792098
-0.040979914367198944
-0.029130730777978897
-0.0327652245759964
-0.028484024107456207
-0.07117649912834167
-0.06714539974927902
-0.055550292134284966
-0.08139210194349289
-0.04508533328771591
-0.07397422194480896
-0.06398381292819977
-0.040138229727745056
-0.09050810337066649
-0.013130630366504192
-0.046044699847698205
-0.09555704891681673
-0.08206954598426819
-0.03185005858540535
-0.06670536100864409
-0.03896031528711319
-0.041489128023386
-0.07807636260986328
-0.06949145346879959
-0.06511791050434113
-0.0764690712094307
-0.021902836859226223
-0.07472367584705351
-0.024311531335115433
-0.060083150863647454
-0.09465844929218291
-0.03967590257525444
-0.09264902025461197
-0.06362739950418472
-0.021939780563116077
-0.03592023253440857
-0.06022503226995468
-0.06527206301689148
-0.05900565534830093
-0.0357973650097847
-0.045353349298238754
-0.05319475382566452
-0.012595322914421558
-0.059293396770954125
-0.02700093016028404
-0.07423669099807739
-0.08820120990276337
-0.07329525053501129
-0.012929861433804035
-0.05996961146593094
-0.04244411736726761
-0.04011452943086624
-0.06938768923282623
-0.06067166477441788
-0.05396966636180878
-0.026047635823488235
-0.058876991271972656
-0.050841085612773895
-0.04312820732593536
-0.09061937034130096
-0.07560721784830093
-0.05515042692422866
-0.05277257412672042
-0.06159408390522003
-0.07291523367166518
-0.05457445979118347
-0.01751524955034256
-0.036816731095314026
-0.008463914506137371
-0.07913286238908766
-0.049866706132888794
-0.03235241025686264
-0.06923031061887741
-0.0700916051864624
-0.05259270966053009
-0.04712524637579918
-0.07900019735097885
-0.04985782504081726
-0.029212363064289093
-0.05922619998455048
-0.02881976217031479
-0.04303791373968124
-0.03750147670507431
-0.0716821700334549
-0.07282012701034547
-0.05055750906467438
-0.04456905275583267
-0.07445760071277617
-0.06769764423370361
-0.06547367572784424
-0.0661662220954895
-0.06991071999073029
-0.07121250778436661
-0.07810445129871368
-0.007582155056297779
-0.06822226941585541
-0.05239851772785186
-0.06394147872924805
-0.062002696096897125
-0.04488472640514374
-0.06770627945661545
-0.03782560676336288
-0.0864606723189354
-0.0479181632399559
-0.03705952316522598
-0.03505271300673485
-0.05294809490442276
-0.05857047438621521
-0.059037402272224426
-0.06374972313642502
-0.06413548439741135
-0.042183686047792435
-0.04983586072921753
-0.05889089405536652
-0.051178231835365295
-0.03170116990804672
-0.05095477402210236
-0.031112983822822567
-0.03655312210321426
-0.03750807046890258
-0.11042682826519012
-0.052420563995838165
-0.07295431941747665
-0.052486717700958245
-0.04289098829030991
-0.08398447930812836
-0.1023590862751007
-0.045694656670093536
-0.07142890989780426
-0.07987146079540253
-0.0598776638507843
-0.060500264167785645
-0.030344516038894653
-0.09187312424182893
-0.07372047007083891
-0.07668109983205795
-0.03753289207816124
-0.10764656215906145
-0.059952929615974426
-0.055094853043556206
-0.03880035504698753
-0.08876001089811325
-0.05665610730648041
-0.062407709658145905
-0.08649554848670958
-0.023243431001901623
-0.05347871780395508
-0.06158554553985596
-0.06552360951900482
-0.04448897019028664
-0.05122055113315582
-0.07306714355945587
-0.06767132878303528
-0.03284682333469391
-0.10281989723443984
-0.06790880858898163
-0.018987610936164852
-0.0934767797589302
-0.07175033539533615
-0.07736939936876297
-0.06989430636167526
-0.05927703529596329
-0.08688469976186752
-0.030876804143190384
-0.08387894928455351
-0.0361713133752346
-0.07658863067626953
-0.08065498620271681
-0.04914279282093048
-0.07378499954938889
-0.08649869263172148
-0.04887954145669937
-0.02815742045640945
-0.03676362335681915
-0.03528705611824989
-0.06950728595256805
-0.04700477421283722
-0.03297557681798935
-0.059819236397743225
-0.05406153202056885
-0.051971450448036194
-0.028505444526672363
-0.004690651781857014
-0.0384332537651062
-0.05794757604598999
-0.0671730488538742
-0.049824491143226624
-0.05047595500946045
-0.04868558794260025
-0.05230465531349182
-0.05612676590681076
-0.036317884922027595
-0.08998530358076094
-0.07335259020328522
-0.04654008150100708
-0.0445551611483097
-0.06509566307067871
-0.038294315338134766
-0.0816234052181244
-0.04741264879703522
-0.058561086654663086
-0.06020931899547577
-0.053705930709838874
-0.0572773814201355
-0.050756901502609246
-0.06686818599700928
-0.06646095216274261
-0.06864237785339355
-0.04656781256198883
-0.07693470269441603
-0.025757573544979092
-0.028119705617427822
-0.08694273978471757
-0.07721912860870361
-0.010578454472124577
-0.06832678616046906
-0.047416683286428445
-0.06338384747505188
-0.04228483512997627
-0.0970425009727478
-0.09452103823423384
-0.08970138430595398
-0.05945900827646256
-0.07142797857522964
-0.06867356598377228
-0.06691259890794754
-0.044463694095611565
-0.04444875195622444
-0.052103549242019646
-0.08143021911382675
-0.09592509269714355
-0.06332027912139893
-0.022352915257215496
-0.07412631064653395
-0.0525985062122345
-0.05316919088363648
-0.027691595256328583
-0.07395105063915251
-0.06068020313978195
-0.034975603222846985
-0.08397158235311507
-0.05810848623514176
-0.06478963792324066
-0.030428264290094372
-0.0835941359400749
-0.04139544069766998
-0.056034475564956665
-0.07545991241931915
-0.04448524117469788
-0.03673817589879036
-0.06876751780509949
-0.01875997334718704
-0.024067185819149017
-0.02914963662624359
-0.028623148798942562
-0.094679057598114
-0.05130046606063842
-0.07438603788614273
-0.027938600629568097
-0.02895018458366394
-0.06659416109323502
-0.09721860289573667
-0.044277973473072045
-0.04494837671518326
-0.05552536249160767
-0.06671786308288574
-0.048655807971954346
-0.1023915410041809
-0.059215202927589417
-0.03826805204153061
-0.0278603658080101
-0.03799697384238243
-0.005214161239564419
-0.0868992954492569
-0.05456218123435974
-0.0699438527226448
-0.06350129842758179
-0.05549836903810501
-0.05092126131057739
-0.04417914524674416
-0.0176035538315773
-0.0444830097258091
-0.06398573517799377
-0.04696878045797348
-0.0384223610162735
-0.0551118403673172
-0.04762303829193115
-0.033793605864048004
-0.04102478176355362
-0.06373686343431473
-0.05059697479009628
-0.06605328619480133
-0.0651891753077507
-0.0818861648440361
-0.06012916564941406
-0.09161204099655151
-0.07474333792924881
-0.03449206426739693
-0.04025624692440033
-0.04220657795667648
-0.06422191858291626
-0.04244201630353928
-0.06111231446266174
0.001392449252307415
-0.06875583529472351
-0.04004906490445137
-0.036713194102048874
-0.07350768148899078
-0.07959124445915222
-0.0737333744764328
-0.04186634719371796
-0.04664233326911926
-0.009215516038239002
-0.08579383790493011
-0.025718696415424343
-0.03322243690490723
-0.07013700902462006
-0.06802651286125183
-0.05799452215433121
-0.06610692292451859
-0.03657322376966477
-0.04979372024536133
-0.011562784202396868
-0.057183325290679925
-0.09288766980171204
-0.025729119777679443
-0.07181774079799652
-0.05504971742630005
-0.055175021290779114
-0.04889971017837525
-0.04550915956497192
-0.025900773704051968
-0.06572356075048447
-0.07077039033174515
-0.02595030516386032
-0.03187242150306702
-0.07992452383041382
-0.05749774724245072
-0.027670554816722866
-0.06634807586669922
-0.08687338978052139
-0.04433148726820946
-0.0614815428853035
-0.0529789924621582
-0.01697811856865883
-0.058442622423172
-0.05177018791437149
-0.042503207921981805
-0.0937112271785736
-0.12093892693519592
-0.10828346014022829
-0.06292277574539185
-0.07660390436649321
-0.04109186679124832
-0.04794136062264442
-0.014103376306593418
-0.05804412066936493
-0.04477861896157265
-0.021947190165519714
-0.058195926249027245
-0.06762398779392241
-0.06471221148967743
-0.047838080674409866
-0.07555574923753737
-0.048897422850131995
-0.03340482339262962
-0.024536658078432083
-0.05603975057601929
-0.09038136899471283
-0.05515997111797333
-0.025857731699943542
-0.08393379300832748
-0.060387358069419854
-0.05146482586860657
-0.0401986800134182
-0.053737647831439965
-0.06980855017900467
-0.04224459454417229
-0.02165890485048294
-0.05769110471010208
-0.07197350263595581
-0.0584278479218483
-0.010189504362642763
-0.07311457395553587
-0.057658910751342766
-0.04188153147697449
-0.0799664855003357
-0.06302641332149506
-0.05763207376003265
-0.05649864673614501
-0.03398673236370087
-0.05574294924736023
-0.013548959977924824
-0.05827581882476807
-0.05810971558094025
-0.08800947666168212
-0.052458614110946655
-0.031793262809515
-0.020814470946788788
-0.06716615706682205
-0.08909042179584502
-0.040681742131710046
-0.032016411423683167
-0.04785053431987762
-0.06849178671836853
-0.09366562962532045
-0.056999266147613525
-0.017430800944566727
-0.06785963475704193
-0.035908084362745285
-0.04511003941297531
-0.039364077150821686
-0.07821375131607054
-0.05466408282518386
-0.03560049459338188
-0.04591383785009384
-0.01438202429562807
-0.021653886884450912
-0.08955072611570358
-0.049479663372039795
-0.02307342737913132
-0.06790919601917267
-0.06560288369655609
-0.04603118821978569
-0.03823243454098701
-0.029018327593803402
-0.013230240903794764
-0.03814663738012314
-0.05929041653871536
-0.04582315683364868
-0.06037625670433045
-0.03576396033167839
-0.042084358632564545
-0.05901116132736206
-0.036127261817455285
-0.03138788416981697
-0.0639270693063736
-0.044030323624610894
-0.057735174894332886
-0.07896595448255539
-0.0627451092004776
-0.08334845304489134
-0.05920875072479248
-0.07013767957687378
-0.07034105062484741
-0.09292837977409361
-0.05651730298995972
-0.0597834587097168
-0.06491483002901077
-0.020921535789966583
-0.049934670329093926
-0.03182445466518402
-0.08571615815162657
-0.07264192402362822
-0.07730716466903687
-0.03910993039608002
-0.021118652075529095
-0.041024312376976006
-0.06318095326423645
-0.062284596264362335
-0.09264159202575684
-0.051472872495651245
-0.022294998168945312
-0.0479917898774147
-0.06438492238521576
-0.058872148394584656
-0.03640484809875488
-0.05191650241613388
-0.10266223549842834
-0.059016235172748566
-0.04961539804935455
-0.04432297497987747
-0.04319404810667037
-0.021077118813991543
-0.06799718737602234
-0.05561737716197968
-0.02104196697473526
-0.0524197518825531
-0.07463002949953078
-0.0654897466301918
-0.05064880847930908
-0.07861847430467604
-0.04563310742378234
-0.08188048005104065
-0.04219330847263336
-0.09219282865524293
-0.034542668610811234
-0.06020855903625488
-0.04662231355905533
-0.05049438774585724
-0.07419348508119582
-0.0429152175784111
-0.05695711821317673
-0.016884461045265194
-0.05254299938678741
-0.05070300400257111
-0.07667867839336395
-0.0463080145418644
-0.054633662104606635
-0.04386933147907257
-0.03325146436691284
-0.039460081607103355
-0.046211276203393936
-0.026838388293981552
-0.06590726226568222
-0.03931351751089096
-0.04314379394054413
-0.04739055782556534
-0.03993917256593704
-0.07341349124908446
-0.06046590954065322
-0.08250066637992857
-0.04314137250185013
-0.06729685515165329
-0.05723440647125244
-0.06676894426345825
-0.07816239446401597
-0.08219773322343825
-0.09354340285062789
-0.04185447841882706
-0.07468363642692566
-0.07160922884941101
-0.0868156850337982
-0.045627910643816
-0.03099040314555168
-0.05873002111911774
-0.030783247202634808
-0.06007251143455505
-0.06092043220996857
-0.011766602285206316
-0.043065551668405526
-0.10426586121320724
-0.08350606262683868
-0.030568916350603104
-0.061554893851280205
-0.05023938417434692
-0.037663884460926056
-0.05627869069576264
-0.055515587329864495
-0.03441772609949112
-0.06604189425706863
-0.057689398527145386
-0.059277765452861786
-0.030450738966465
-0.044742412865161896
-0.056246384978294366
-0.0511217787861824
-0.052447497844696045
-0.023067597299814224
-0.06371352076530457
-0.03717634081840515
-0.09425382316112518
-0.0748031735420227
-0.02862782031297684
-0.09343965351581571
-0.08278991281986237
-0.041081532835960395
-0.09404253214597702
-0.08147284388542174
-0.049003466963768005
-0.07039888948202133
-0.06273337453603745
-0.07688477635383606
-0.019563928246498108
-0.043389052152633674
-0.012448632158339024
-0.052331686019897454
-0.03827759996056557
-0.0180247463285923
-0.07846745848655699
-0.0611165314912796
-0.032556027173995965
-0.06363305449485779
-0.04007454961538314
-0.03837105259299278
-0.07838714122772215
-0.014978344552218914
-0.07878115773200989
-0.02518078684806824
-0.051959067583084106
-0.02802077308297157
-0.0718742087483406
-0.0658617690205574
-0.06242968142032623
-0.03340156376361847
-0.10863398015499114
-0.06165580451488495
-0.02752833440899849
-0.10406596958637236
-0.006629404611885548
-0.03589463233947754
-0.04585298523306847
-0.0680745393037796
-0.05023996531963348
-0.04310127347707749
-0.05311626195907593
-0.07933640480041504
-0.044030550867319114
-0.07467338442802429
-0.07080360502004623
-0.04654313251376152
-0.06786990165710449
-0.07390718162059784
-0.03459294140338898
-0.021699056029319763
-0.03730743750929832
-0.05031748116016388
-0.05677974224090576
-0.05366496741771697
-0.05495131760835648
-0.060271456837654114
-0.08504223823547363
-0.03980969637632369
-0.06206167489290237
-0.06490075588226318
-0.064650759100914
0.001248176209628582
-0.04820026829838753
-0.048036374151706696
-0.07958175241947174
-0.060122117400169366
-0.06050154566764832
-0.07865606993436813
-0.04275605082511902
-0.018497686833143238
-0.10037454962730408
-0.044247306883335114
-0.04385380074381828
-0.05226746201515198
-0.012926881201565264
-0.046483255922794335
-0.06690310686826706
-0.04231208562850952
-0.05752179026603699
-0.0266244113445282
-0.0820770114660263
-0.027639243751764297
-0.08083925396203993
-0.09048661589622496
-0.05805494636297225
-0.07343874126672743
-0.09529726207256317
-0.005450914613902569
-0.039863675832748406
-0.08803650736808778
-0.018598265945911407
-0.08576256036758423
-0.01809832453727722
-0.041528113186359406
-0.052274227142333984
-0.042319629341363914
-0.02047406136989593
-0.056887254118919366
-0.09783110022544861
-0.06637535244226456
-0.04090810939669609
-0.07180918753147125
-0.08582969754934312
-0.019648224115371704
-0.07298845797777176
-0.04314883425831795
-0.0571640282869339
-0.07045824825763702
-0.026559546589851376
-0.07907626777887344
-0.07880035042762755
-0.05480793118476868
-0.07728681713342665
-0.06396198272705078
-0.027776531875133514
-0.0514836460351944
-0.05429289489984512
-0.03331764414906502
-0.05522249639034271
-0.07032705843448639
-0.0140953017398715
-0.02151596546173096
-0.060611039400100715
-0.06328138709068297
-0.02013608813285828
-0.056291207671165466
-0.03798379749059677
-0.04401794075965881
-0.0708574429154396
-0.036776915192604065
-0.06110091507434845
0.011124535463750362
-0.06559011340141296
-0.05685220658779144
-0.029992617666721344
-0.06517031043767929
-0.028095390647649765
-0.018443323671817776
-0.09098780900239944
-0.040190305560827255
-0.0983336940407753
-0.05184479057788849
-0.08602968603372572
-0.032859720289707184
-0.04211806133389473
-0.0473368838429451
-0.02640221640467644
-0.04309166967868805
-0.06661152094602585
-0.07400982826948166
-0.02044062316417694
-0.05673626810312271
-0.03668967634439468
-0.06102301925420761
-0.0586242750287056
-0.038635917007923126
-0.051462747156620026
-0.07607987523078918
-0.06439883261919022
-0.056161515414714806
-0.06836176663637161
-0.029795862734317776
-0.024433121085166928
-0.05504374206066132
-0.07144118845462799
-0.08143580704927443
-0.06598219275474548
-0.06658609211444855
-0.08755203336477278
-0.025126308202743527
-0.07516337186098097
-0.055011898279190063
-0.08601664006710051
-0.07852914184331894
-0.057952731847763055
-0.05232097953557968
-0.03761046379804611
-0.053863689303398125
-0.0907127857208252
-0.08907689154148102
-0.035106439143419266
-0.045910775661468506
-0.06363065540790558
-0.0478653758764267
-0.060766354203224175
-0.04778114706277847
-0.06576018035411835
-0.04773961752653121
-0.025675706565380096
-0.03477633744478226
-0.09774909913539886
-0.049690812826156616
-0.06497762352228165
-0.049753084778785706
-0.023216828703880314
-0.03486037999391556
-0.09101328253746031
-0.05090111494064331
-0.023554224520921707
-0.039976958185434334
-0.05214948207139969
-0.07373456656932832
-0.09397941082715987
-0.035822078585624695
0.0004987074062228203
-0.04863343760371208
-0.044375162571668625
-0.04314151778817177
-0.03528594225645065
-0.04258471727371216
-0.0560656413435936
-0.057701513171195984
-0.05841771513223648
-0.04903151094913483
-0.06478448957204819
-0.050726182758808136
-0.046903692185878754
-0.06880749762058258
-0.06767423450946808
-0.08234982937574385
-0.08419033885002136
-0.05939985811710358
-0.0654306635260582
-0.09940505027770995
-0.04012938216328621
-0.05628308653831482
-0.09895260632038115
-0.06628285348415375
-0.08201619982719421
-0.017824210226535797
-0.030101105570793152
-0.05952487885951996
-0.04972061514854431
-0.024398352950811383
-0.05015760660171509
-0.05388481914997101
-0.049255624413490295
-0.033710725605487823
-0.054290808737277985
-0.042184919118881226
-0.05033192038536072
-0.05288568139076233
-0.047760218381881714
-0.0248602032661438
-0.023047104477882385
-0.0329890102148056
-0.06853324919939041
-0.044860996305942535
-0.008025879971683025
-0.0374373272061348
-0.047270257025957114
-0.08026021718978883
-0.05662295967340469
-0.04698977246880531
-0.05260469019412994
-0.0893741324543953
-0.044545818120241165
-0.026392817497253414
-0.10609161853790285
-0.08285511285066605
-0.0425097793340683
-0.05766777694225311
-0.02985472232103348
-0.08749696612358093
-0.026082817465066906
-0.03685186803340912
-0.09082622826099396
-0.07868646085262297
-0.07704342901706694
-0.04406264424324036
-0.08760221302509309
-0.07117827236652374
-0.08404204994440079
-0.031827203929424286
-0.04082465171813965
-0.05150370299816132
-0.03074450045824051
-0.0629836916923523
-0.08064042031764984
-0.04609205573797225
-0.043238505721092224
-0.04201706498861313
-0.03498230129480362
-0.06496363878250122
-0.06622611731290817
-0.0563596710562706
-0.057485222816467285
-0.07349963486194609
-0.04774525016546249
-0.04836734756827354
-0.05717401951551437
-0.05241870880126953
-0.05427809059619904
-0.1001867949962616
-0.05700787901878357
-0.0479179248213768
-0.08638551831245422
-0.10529655218124388
-0.08314272761344908
-0.04310224205255509
-0.07054593414068222
-0.044007770717144006
-0.08564400672912596
-0.03392975777387619
-0.0539727509021759
-0.024577461183071136
-0.0412655845284462
-0.06613224744796753
-0.0486360341310501
-0.053017407655715935
-0.06178660690784454
-0.036700308322906494
-0.05863182246685028
-0.05503533780574799
-0.05988602340221405
-0.03493266552686691
-0.04477868601679802
-0.05607391893863677
-0.03940783068537712
-0.07915153354406355
-0.06793561577796936
-0.0674549862742424
-0.05531708151102065
-0.04506192728877068
-0.060892902314662926
-0.013981477357447147
-0.05933003127574921
-0.09183406829833984
-0.03799990564584732
-0.07157544791698456
-0.03515170514583588
-0.05827639997005463
-0.041754670441150665
-0.07280026376247406
-0.07329071313142776
-0.07130362093448639
-0.029433995485305783
-0.05179829150438309
-0.05252848565578461
-0.061967864632606506
-0.053016148507595055
-0.056334882974624634
-0.05972805619239807
-0.07336515188217163
-0.08427207171916962
-0.04286918416619301
-0.017796218395233154
-0.0690954327583313
-0.1034892052412033
-0.0661541298031807
-0.053689084947109215
-0.009723524563014509
-0.0540839433670044
-0.020313508808612823
-0.07289204001426695
-0.034024678170681
-0.03355498984456062
-0.014594589360058308
-0.0543394461274147
-0.06993170827627182
-0.0959705114364624
-0.08608808368444441
-0.03398256376385689
-0.04118531942367554
-0.05309998244047165
-0.04225125908851624
-0.02569642663002014
-0.08505743741989134
-0.08696429431438446
-0.06392143666744232
-0.08881364017724992
-0.053381793200969696
-0.042257823050022125
-0.055576041340827935
-0.0363885872066021
-0.04000911861658096
-0.07540642470121382
-0.051452361047267914
-0.07723948359489441
-0.07609666138887405
-0.0657331794500351
-0.05106499791145325
-0.031948018819093704
-0.05320437252521514
-0.02877206355333328
-0.10667762160301208
-0.03589708358049393
-0.07278512418270111
-0.031142812222242355
-0.037486210465431206
-0.05230383574962616
-0.04198691248893738
-0.07213648408651352
-0.07325322926044464
-0.08246055990457535
-0.06314314156770706
-0.04144768789410591
-0.08443167805671693
-0.04174209386110306
-0.07471972703933716
-0.07010465860366821
-0.06529805809259415
-0.08066499978303909
-0.062711201608181
-0.026489172130823132
-0.05679847300052642
-0.04752504825592041
-0.06308620423078537
-0.06957517564296721
-0.06458554416894913
-0.06385838240385056
-0.08376990258693695
-0.05186062306165695
-0.03325386345386505
-0.061209045350551605
-0.021742649376392365
-0.04077070206403732
-0.07283374667167662
-0.04715089499950409
-0.05252756923437119
-0.09755472838878632
-0.05990098416805267
-0.06310227513313293
-0.025995798408985134
-0.046426117420196526
-0.08210547268390654
-0.10028670728206635
-0.03242485970258713
-0.03410845994949341
-0.06368157267570496
-0.03307531774044037
-0.05895473062992096
-0.054718583822250366
-0.05390745401382446
-0.07266627252101898
-0.03615164756774902
-0.0001476714387536049
-0.053351953625679016
-0.05875968933105469
-0.03968410938978195
-0.06622515618801117
-0.06929793953895569
-0.07834546267986298
-0.08872634172439574
-0.036374036222696304
-0.04016850143671036
-0.06410558521747589
-0.03622204065322876
-0.03428670018911362
-0.0618014857172966
-0.04955674707889557
-0.08332908153533934
-0.07832232117652893
-0.039978500455617905
-0.057103008031845086
-0.07859792560338974
-0.03165686875581741
-0.03398754820227623
-0.06915173679590225
-0.09116967767477037
-0.056157737970352166
-0.046101413667202
-0.04885099083185196
-0.05347879976034165
-0.05373625457286835
-0.05259610712528229
-0.05482551455497742
-0.04871805012226105
-0.040757957845926285
-0.02847828343510628
-0.05012901872396469
-0.051950089633464806
-0.048486348241567605
-0.08364301919937132
-0.09033837914466858
-0.061530575156211846
-0.01967715471982956
-0.028760798275470734
-0.07410822063684462
-0.007807564921677112
-0.09245540201663971
-0.027445111423730847
-0.053839817643165595
-0.045305535197258
-0.055303499102592475
-0.06177989393472672
-0.10074098408222198
-0.06494812667369843
-0.013824974186718464
-0.06223617494106293
-0.06191430985927582
-0.0735599473118782
-0.006686965934932232
-0.0554538369178772
-0.05303136259317398
-0.08556138724088669
-0.05051180720329285
-0.05116170644760132
-0.06680053472518921
-0.050810880959033966
-0.07051341235637665
-0.06740503013134003
-0.04401882737874985
-0.0454539991915226
-0.053638413548469537
-0.04918594658374786
-0.07217952609062195
-0.04418321698904037
-0.02551683411002159
-0.05500515550374985
-0.04290909320116043
-0.04185277968645096
-0.029793318361043927
-0.05922510474920273
-0.05281943082809448
-0.06892029196023941
-0.01699936017394066
-0.08645579218864441
-0.08015280216932295
-0.02695520594716072
-0.04384146630764008
-0.03733166679739952
-0.011658386327326296
-0.08486007899045944
-0.04469035565853119
-0.05290696769952775
-0.043388813734054565
-0.06530258059501648
-0.00737604033201933
-0.055520251393318176
-0.0386308878660202
-0.07774759829044342
-0.013569642789661884
-0.09432022273540495
-0.029101066291332245
-0.039314940571784966
-0.07328802347183228
-0.06265966594219208
-0.08348369598388672
-0.0012370552867650984
-0.032971616834402084
-0.06709428131580353
-0.07726312428712845
-0.026570849120616913
-0.05549647659063339
-0.05936215072870255
-0.04412994161248207
-0.07638726383447646
-0.060895495116710656
-0.05060531198978424
-0.07157409191131592
-0.05662953853607178
-0.055546090006828315
-0.05460410565137863
-0.06159885972738265
-0.028336465358734127
-0.035407647490501404
-0.05759061872959137
-0.044793713837862015
-0.05262310057878494
-0.06074592471122742
-0.08050526678562163
-0.03818240761756897
-0.06070835888385773
-0.07510668784379958
-0.045396342873573296
-0.06533574312925339
-0.0682506412267685
-0.06174670159816742
-0.05180603265762329
-0.0527043491601944
-0.04537114500999451
-0.07561580836772919
-0.07714764773845673
-0.041151262819767
-0.06303051114082336
-0.035804081708192825
-0.09061813354492189
-0.08134697377681731
-0.06795984506607056
-0.07444418966770172
-0.05001981556415558
-0.0587686151266098
-0.061679773032665246
-0.034845281392335885
-0.07245276868343353
-0.0779530629515648
-0.05853848159313202
-0.056117452681064606
-0.05265787243843079
-0.1010248139500618
-0.0536276176571846
-0.08803137391805647
-0.05192650854587554
-0.02734207361936569
-0.04490179568529129
-0.07541890442371368
-0.0747869163751602
-0.05003811419010162
-0.07374370843172073
-0.05797825753688812
-0.03647482395172119
-0.038266830146312714
-0.05910403281450272
-0.054835282266139984
-0.04949016869068146
-0.03519998863339424
-0.06291196495294571
-0.03834167122840881
-0.07860880345106125
-0.03094465658068657
-0.017674773931503296
-0.06736145913600922
-0.04432396590709686
-0.03860203176736832
-0.08308728784322737
-0.06576892733573914
-0.07735474407672882
-0.0607171505689621
-0.07323064655065536
-0.04595373198390007
-0.05883702635765076
-0.049100421369075775
-0.07487490773200989
-0.03525432199239731
-0.031358517706394196
-0.06742502003908157
-0.0551893413066864
-0.09948121756315231
-0.04297836124897003
-0.022647157311439518
-0.040887352079153054
-0.05368167161941528
-0.0628977045416832
-0.08631572872400285
-0.06789498031139374
-0.0581764280796051
-0.05196505784988403
-0.03501328080892563
-0.053062304854393005
-0.018542341887950897
-0.06805282086133957
-0.06159739941358566
-0.04726045206189156
-0.07722775638103485
-0.004410621710121632
-0.06506820023059845
-0.03162975609302521
-0.04392587393522263
-0.054666832089424126
-0.060241147875785835
-0.05705800652503967
-0.06200256943702698
-0.07207480072975159
-0.07175640016794205
-0.058078408241271966
-0.08772942423820494
-0.023274291306734085
-0.014577389694750307
-0.043637894093990326
-0.035217367112636566
-0.02936027944087982
-0.07370716333389282
-0.08137130737304686
-0.047870323061943054
-0.07610278576612473
-0.03994933888316154
-0.05608890950679779
-0.09652982652187347
-0.05007021874189377
-0.08645282685756683
-0.01604144275188446
-0.059163957834243774
-0.04226808249950409
-0.03590100258588791
-0.05076177418231964
-0.050598785281181335
-0.0501609444618225
-0.07428047060966492
-0.0432576760649681
-0.016288321465253826
-0.0146701755002141
-0.04283231869339943
-0.06065183132886887
-0.0495566725730896
-0.046631067991256714
-0.08889304846525192
-0.07301414757966995
-0.04041086882352829
-0.04407798126339912
-0.05376589298248291
-0.06205695122480392
-0.038816630840301514
-0.06979978084564209
-0.05155615508556365
-0.024404376745224
-0.08376801013946533
-0.06094968318939209
-0.07186345010995865
-0.08411545306444168
-0.09340819716453552
-0.02075091376900673
-0.04099314659833908
-0.0528852716088295
-0.059176474809646606
-0.04246075823903084
-0.08421611785888672
-0.04722113534808159
-0.06187668442726135
-0.09693166613578796
-0.04259234666824341
-0.07158862054347992
-0.0312514528632164
-0.04954125732183456
-0.08003482222557069
-0.0625741109251976
-0.045033048838377
-0.048947900533676154
-0.045883212238550186
-0.02865000814199448
-0.04686223715543746
-0.05064395070075989
-0.0642782524228096
-0.028669212013483047
-0.025625772774219513
-0.0692952498793602
-0.045114926993846886
-0.05543417483568192
-0.03736167401075363
-0.07763655483722687
-0.05988655984401703
-0.05249892920255661
-0.06638262420892715
-0.01816309988498688
-0.03521633893251419
-0.06538639962673187
-0.07688026130199432
-0.04695882648229599
-0.05184469372034073
-0.013207257725298405
-0.03096279129385948
-0.026929993182420727
-0.06169458478689194
-0.04373662173748016
-0.05916009843349457
-0.04388727247714996
-0.04427468404173851
-0.07043763995170593
-0.05054354667663574
-0.0333736278116703
-0.07370820641517638
-0.11054442822933196
-0.06751205027103424
-0.05592828989028931
-0.029701128602027893
-0.09525217860937119
-0.06851029396057129
-0.058718949556350715
-0.038558758795261376
-0.03561792150139809
-0.05043962597846985
-0.06836148351430893
-0.0289546400308609
-0.0339975468814373
-0.07419209182262419
-0.04128564894199371
-0.05460967123508453
-0.02270207554101944
-0.062466248869895935
-0.05669861286878586
-0.04398421198129654
-0.07214558124542236
-0.046256814152002335
-0.0449056252837181
-0.085732102394104
-0.022850438952445984
-0.07646976411342621
-0.05562257766723633
-0.058067649602890015
-0.03643066808581352
-0.07203207165002823
-0.04446624964475632
-0.04481590539216995
-0.06289125978946686
-0.027650613337755203
-0.04076366499066353
-0.06702488660812378
-0.02456039562821388
-0.020957104861736298
-0.040522277355194085
-0.08088153600692749
-0.05889132618904114
-0.061037831008434296
-0.09796878695487976
-0.04417988657951354
-0.040729958564043045
-0.08248992264270782
-0.04327426478266716
-0.04728059098124504
-0.04866009205579758
-0.08634381741285325
-0.07917319238185881
-0.04722025990486145
-0.040792688727378845
-0.04846732318401337
-0.07103586196899414
-0.022846836596727368
-0.08818811178207397
-0.04386879876255989
-0.06765494495630264
-0.04985963553190231
-0.09338265657424927
-0.07422138750553131
-0.018263775855302807
-0.04966854304075241
-0.04069787636399269
-0.05268532037734985
-0.09340239316225053
-0.05110006034374237
-0.06672915816307068
-0.05156399309635162
-0.01799764856696129
-0.05065665394067764
-0.08075862377882004
-0.046699170023202896
-0.04940678924322128
-0.06513464450836182
-0.057252995669841766
0.0070256153121590606
-0.03452492877840996
-0.08350756764411926
-0.04971893131732941
-0.04845673590898514
-0.05308926850557327
-0.06302878260612488
-0.06429636478424072
-0.05387291312217712
-0.02412068471312523
-0.059767886996269226
-0.033072736114263535
0.0015406757593154907
-0.05140845477581024
-0.05365783721208572
-0.015191995538771152
-0.05248839408159256
-0.08388155698776245
-0.04002269357442856
-0.06566001474857329
-0.03554251790046692
-0.04462242126464844
-0.05515854060649872
-0.04142448306083679
-0.0859081894159317
-0.04929105937480927
-0.025643073022365567
-0.027075886726379395
-0.07094690203666687
-0.04932597279548645
-0.08279211819171906
-0.0300838015973568
-0.10593388229608536
-0.04764398187398911
-0.05507290363311768
-0.04620026424527168
-0.044886000454425805
-0.059593513607978814
-0.053937628865242
-0.060185149312019355
-0.05338883399963378
-0.056057244539260864
-0.05278542637825012
-0.025570087134838104
-0.032397545874118805
-0.07029041647911072
-0.048075705766677856
-0.07783953845500946
-0.06257635354995728
-0.07820625603199005
-0.0550665408372879
-0.04643386602401733
-0.032853756099939346
-0.037140995264053345
-0.0425170212984085
-0.0619078055024147
-0.05711520463228226
-0.07701992988586426
-0.03722058981657028
-0.08945217728614806
-0.037001676857471466
-0.03305267170071602
-0.04349147900938988
-0.05196700245141983
-0.03562210500240326
-0.056464910507202155
-0.06108077615499496
-0.03409413993358612
-0.06066080927848816
-0.05740293860435486
-0.0686265081167221
-0.06795156002044678
-0.04399613291025162
-0.03983761742711067
-0.05006161332130432
-0.08418302237987518
-0.07309401035308838
-0.04385315626859665
-0.04976858198642731
-0.10208114981651306
-0.06965050101280212
-0.08385132253170013
-0.05739903450012207
-0.05266869068145752
-0.039755724370479584
-0.05035452544689178
-0.07307619601488113
-0.06109856069087982
-0.06364870071411133
-0.05795279145240784
-0.05669085681438447
-0.04208100587129593
-0.02005993574857712
-0.05778650194406509
-0.09647364914417267
-0.03671792522072792
-0.08866636455059052
-0.0426546111702919
-0.007953747175633907
-0.046197094023227685
-0.07006233930587769
-0.06435923278331757
-0.05202529579401016
-0.07020330429077148
-0.02010983228683472
-0.05382268130779266
-0.10611863434314728
-0.04937438666820526
-0.04492535442113876
-0.0016329949721693993
-0.02998938411474228
-0.03748583793640137
-0.039023615419864655
-0.08282241970300673
-0.08169956505298615
-0.032191138714551926
-0.02194652333855629
-0.04191187769174576
-0.07393105328083038
-0.07844935357570648
-0.04320845007896423
-0.04330040514469147
-0.01820097118616104
-0.06514646857976913
-0.020183932036161423
-0.02611061185598373
-0.042823698371648795
-0.041461117565631866
-0.07680802047252655
-0.07236859947443008
-0.05174523591995239
-0.05577363818883896
-0.04470987245440483
-0.0859079658985138
-0.0856315940618515
-0.057739615440368645
-0.06623277813196182
-0.024705950170755383
-0.06132412701845169
-0.049383021891117096
-0.013744925148785114
-0.09804103523492813
-0.05158838629722595
-0.029773540794849396
-0.057494983077049255
-0.042632520198822015
-0.07746010273694992
-0.031009666621685028
-0.06244172155857086
-0.0843859016895294
-0.07171636819839478
-0.06226550042629242
-0.051533095538616173
-0.08217954635620117
-0.06950128078460693
-0.04828302562236786
-0.03514135628938675
-0.0496571660041809
-0.05479300767183304
-0.064333476126194
-0.06571722775697708
-0.05922110378742217
-0.0673021599650383
-0.062104612588882446
-0.014070660807192324
-0.03627998381853104
-0.05274288356304169
-0.05407563596963882
-0.023102186620235443
-0.042907070368528366
-0.04509245604276657
-0.042189624160528176
-0.031276751309633255
-0.0399591326713562
-0.0645093321800232
-0.049689359962940216
-0.04284405708312988
-0.057694390416145325
-0.0473683699965477
-0.03089623525738716
-0.07866229116916656
-0.032746076583862305
-0.06677921116352081
-0.05519057810306549
-0.006330595351755619
-0.04595004394650459
-0.044814176857471466
-0.07457631826400755
-0.08874259889125824
-0.08134671300649643
-0.04608210176229477
-0.040175795555114746
-0.04468574747443199
-0.039598874747753136
-0.06377080082893372
-0.06394603848457336
-0.020548552274703976
-0.04316440969705582
-0.0734042227268219
-0.032991424202919006
-0.04254309087991714
-0.04960878938436508
-0.07136298716068268
-0.012522692792117596
-0.0525260865688324
-0.056394919753074646
-0.044220693409442895
-0.06609310209751129
-0.07117073982954025
-0.03323216736316681
-0.04343447834253311
-0.05460640788078308
-0.05714074522256851
-0.07159595191478729
-0.06541517376899719
-0.05967579782009125
-0.049014456570148475
-0.08179134130477905
-0.06825375556945801
-0.022583890706300732
-0.04410925507545471
-0.05684826523065567
-0.09275822341442108
-0.056881777942180634
-0.08071452379226685
-0.05388591438531876
-0.07941539585590361
-0.01734819263219833
-0.07521998882293701
-0.04861077293753624
-0.045302029699087136
-0.035728249698877335
-0.03585630655288696
-0.02359814941883087
-0.05953071266412735
-0.05258452147245407
-0.07978221774101257
-0.04191923141479492
-0.03617791831493378
-0.051173008978366845
-0.0881654769182205
-0.02038561925292015
-0.032327279448509216
-0.05052544176578522
-0.0693853348493576
0.0026397844776511192
-0.0782734826207161
-0.0840224176645279
-0.06269970536231995
-0.021835394203662872
-0.03325005993247032
-0.046230141073465354
-0.1034235656261444
-0.06080250442028046
-0.07253025472164154
-0.05066617578268051
-0.04134480282664299
-0.04724771529436112
-0.04371220618486405
-0.07484945654869078
-0.0626642033457756
-0.03778352215886116
-0.07326149940490721
-0.07715336978435516
-0.06853895634412766
-0.05840237438678741
-0.05628404766321182
-0.004840274341404438
-0.05308736115694047
-0.08468595892190933
-0.05515996366739273
-0.0351344496011734
-0.0441417284309864
-0.02181124687194824
-0.045234721153974526
-0.04601788520812988
-0.07298945635557175
-0.04117565602064133
-0.05286583304405213
-0.0513358861207962
-0.03889124095439911
-0.06983474642038345
-0.08577729761600494
-0.09651035070419312
-0.08354794234037398
-0.0636424720287323
-0.0354410782456398
-0.08193788677453993
-0.01883584260940552
-0.054345376789569855
-0.04802687466144562
-0.08205798268318176
-0.05121929198503494
-0.094070702791214
-0.051125675439834595
-0.07699409127235411
-0.0578477531671524
-0.06843512505292892
-0.05766507983207703
-0.05660431087017059
-0.04699219018220901
-0.05164361000061035
-0.08592382073402403
-0.06022347509860992
-0.050656437873840325
-0.09107088297605513
-0.0597323477268219
-0.05922047793865204
-0.05974096804857255
-0.07102912664413452
-0.058657236397266395
-0.04151708632707596
-0.10840553045272829
-0.03675175830721855
-0.030047081410884857
-0.036068029701709754
-0.05356037616729736
-0.05185574293136597
-0.05853716284036636
-0.04108048602938652
-0.10249647498130798
-0.03723552823066712
-0.04684896767139434
-0.02038669586181641
-0.06239215284585953
-0.059686020016670234
-0.050754860043525696
-0.0660724863409996
-0.05840860307216644
-0.07118844985961914
-0.05047805607318878
-0.07673320174217224
-0.03560255095362663
-0.059333473443984985
-0.025511592626571652
-0.09523014724254608
-0.06389665603637695
-0.06640047580003737
-0.04034121707081795
-0.04891395568847656
-0.04064963385462761
-0.06761137396097183
-0.0724359005689621
-0.03494449704885483
-0.056207925081253045
-0.07637421041727066
-0.07781654596328734
-0.06330603361129761
-0.07206419110298157
-0.01555944699794054
-0.02322687953710556
-0.06841987371444702
-0.04077789932489395
-0.10698452591896056
-0.029734600335359573
-0.06893929839134216
-0.03756637126207352
-0.07560688257217406
-0.04119475185871124
-0.02650785818696022
-0.03827393800020218
-0.05349103361368179
-0.07139816880226135
-0.07611911743879318
-0.09419617056846617
-0.0825011283159256
-0.05829750001430512
-0.05597053468227386
-0.04918187111616135
-0.06159143894910812
-0.048798054456710815
-0.05876173079013824
-0.06465740501880646
-0.08664310723543166
-0.0603090226650238
-0.06427675485610962
-0.04430526494979858
-0.05141471326351166
-0.04473408684134483
-0.05482831597328185
-0.05526663362979889
-0.06298919767141342
-0.05216930061578751
-0.044431492686271674
-0.028358992189168927
-0.04688956961035728
-0.06925643980503082
-0.07433599233627318
-0.06635379791259766
-0.0366106890141964
-0.058433182537555695
-0.10249929130077362
-0.033586129546165466
-0.05511021614074707
-0.09069348871707916
-0.028254181146621704
-0.057734787464141846
-0.05561637878417969
-0.06697708368301392
-0.0393919050693512
-0.03161069005727768
-0.051392391324043274
-0.07951778173446654
-0.08036059141159058
-0.07224619388580322
-0.05147279798984528
-0.0619332566857338
-0.08033708482980728
-0.07249298691749571
-0.0537850558757782
-0.0691947191953659
-0.046927884221076965
-0.05427968502044678
-0.08223688602447508
-0.019767239689826965
-0.05644407123327255
-0.03622185066342354
-0.06331542134284973
-0.05101367086172104
-0.05973657220602036
-0.07026712596416473
-0.08942589163780211
-0.0411798357963562
-0.05244033038616181
-0.05702260881662369
-0.049875177443027496
-0.037532955408096313
-0.05951966345310211
-0.09663821011781693
-0.07365710288286209
-0.09405083954334259
-0.05225394666194916
-0.05989797413349152
-0.10056842863559722
-0.06813733279705048
-0.05318107455968857
-0.08788391947746275
-0.05351062119007111
-0.07904939353466035
-0.08963453769683837
-0.054179660975933075
-0.08309295773506163
-0.07880385220050812
-0.05451957881450653
-0.022356726229190823
-0.07986004650592805
-0.013165404088795183
-0.07100716233253479
-0.06511995941400528
-0.031163673847913746
-0.04984521865844727
-0.06884006410837173
-0.04640919342637062
-0.06353955715894699
-0.07636491954326628
-0.04590100795030594
-0.03632104396820068
-0.04244283214211464
-0.07074375450611115
-0.06838605552911758
-0.05801024287939072
-0.03759412840008736
-0.051570430397987366
-0.01672207936644554
-0.046260762959718704
-0.0922771468758583
-0.0585303008556366
-0.06407007575035095
-0.026447396725416183
-0.03495504707098007
-0.06136588752269745
-0.04425418376922608
-0.05040304362773895
-0.08619225025177003
-0.03765302896499634
-0.008315120823681353
-0.05697614699602127
-0.0023715691640973087
-0.07284373790025711
-0.042234033346176154
-0.040347516536712646
-0.02771376073360443
-0.07484839111566542
-0.06304342299699783
-0.034220751374959946
-0.038638629019260406
-0.09421515464782713
-0.09169761091470718
-0.048763617873191833
-0.045902930200099945
-0.0755252093076706
-0.05668312311172485
-0.03909103944897652
-0.04195577278733253
-0.04026571661233901
-0.0726298838853836
-0.03228692710399628
-0.07074595987796783
-0.08530002087354659
-0.04246353358030319
-0.09294271469116211
-0.07384590804576874
-0.07170683145523071
-0.06652437895536423
-0.04321274906396866
-0.04848415404558182
-0.0605643093585968
-0.04558222368359566
-0.0619092732667923
-0.03959315270185471
-0.04398205503821373
-0.057121090590953834
-0.06718192249536514
-0.04521142691373825
-0.041653357446193695
-0.08171167969703673
-0.06320398300886154
-0.0742914080619812
-0.05278348922729492
-0.038755964487791054
-0.0508323460817337
-0.050554290413856506
-0.04241475835442543
-0.07436852902173997
-0.07959512621164323
-0.06676565110683441
-0.06506799906492233
-0.03649008274078369
-0.055061101913452155
-0.08102157711982727
-0.05171845853328705
-0.05403628945350647
-0.040800198912620544
-0.02284131944179535
-0.0315382182598114
-0.04577062651515007
-0.04479671269655228
-0.04778282344341278
-0.05114467442035675
-0.06198371946811676
-0.058692388236522675
-0.05250000953674317
-0.05751101672649384
-0.04887206107378005
-0.0596628412604332
-0.055272147059440606
-0.021145828068256375
-0.03709756582975388
-0.044276393949985504
-0.028056394308805466
-0.028850033879280087
-0.07308362424373625
-0.06724947690963745
-0.032235145568847656
-0.06127504259347916
-0.06298093497753143
-0.08187963813543318
-0.03916458785533905
-0.07029420137405396
-0.07960943877696992
-0.05461853742599487
-0.05555747449398041
-0.05610894411802292
-0.0703534483909607
-0.0552133023738861
-0.0905265137553215
-0.06132276356220245
-0.08641454577445984
-0.03993958979845047
-0.03288716822862625
-0.06705641746520996
-0.08105786144733429
-0.06389300525188446
-0.07358154654502867
-0.05011017620563507
-0.08058430254459381
-0.06003943085670471
-0.03947703540325165
-0.08834489434957504
-0.05427083373069763
-0.05737964808940888
-0.06626690924167633
-0.04326216876506805
-0.06469549238681793
-0.05311937630176544
-0.07201722264289856
-0.08090423047542573
-0.059638775885105126
-0.042064081877470016
-0.10083770751953124
-0.10303615778684616
-0.08814377337694168
-0.06387235969305038
-0.024701274931430817
-0.049564354121685035
-0.05825204402208328
-0.06968806684017181
-0.06293702125549316
-0.09729596972465517
-0.06421585381031036
-0.048454683274030685
-0.05578042566776276
-0.08093834668397902
-0.09897549450397491
-0.03853731229901314
-0.03277142345905304
-0.042424004524946206
-0.04282963648438454
-0.05919115245342255
-0.05346345901489258
-0.04967436194419861
-0.06384142488241196
-0.042083315551280975
-0.05368673801422119
-0.04558471590280533
-0.04703176021575928
-0.022999245673418045
-0.021684184670448303
-0.04501957073807716
-0.02446448430418968
-0.0412132740020752
-0.06980275362730026
-0.040526192635297775
-0.035309188067913055
-0.03557024151086807
-0.058067440986633294
-0.03867235407233238
-0.07426132261753082
-0.05599871277809143
-0.06808769702911377
-0.023084241896867752
-0.08164339512586594
-0.015295946039259432
-0.0894806832075119
-0.09595579653978349
-0.03961181640625
-0.09915863722562789
-0.08716195076704025
-0.08359705656766891
-0.03571200743317604
-0.04537417367100716
-0.07521701604127885
-0.0909666270017624
-0.08588275313377379
-0.042605850845575326
-0.05347239971160889
-0.06946878135204315
-0.0672074407339096
-0.08996637165546417
-0.07043048739433289
-0.02277039363980293
-0.05963145196437836
-0.05730484426021576
-0.07290731370449066
-0.07424311339855194
-0.03419196978211403
-0.027340348809957504
-0.0355420745909214
-0.06601044535636902
-0.038321293890476234
-0.04016320407390594
-0.0554983988404274
-0.013159834779798985
-0.0654463842511177
-0.0706128254532814
-0.06368698924779892
-0.07908904552459715
-0.0908270925283432
-0.020086463540792465
-0.03574709966778755
-0.07408863306045532
-0.058225244283676154
-0.06778185069561005
-0.03696950525045394
-0.07238057255744934
-0.03595477342605591
-0.08614954352378845
-0.036006323993206024
-0.05406814068555832
-0.047700729221105576
-0.04536319151520729
-0.005105863325297832
-0.05418293923139572
-0.05146829038858414
-0.08389792591333389
-0.06486120820045471
-0.08004185557365417
-0.0354037843644619
-0.025533076375722885
-0.0667354017496109
-0.03940384462475777
-0.08700603991746902
-0.054939620196819305
-0.03235287591814995
-0.0633014366030693
-0.03545477241277695
-0.0444343090057373
-0.055688224732875824
-0.033231280744075775
-0.030227430164813995
-0.04655739665031433
-0.034250788390636444
-0.09648362547159195
-0.03693614155054093
-0.0531107634305954
-0.058245137333869934
-0.03305956721305847
-0.0548844188451767
-0.051126308739185326
-0.040566042065620415
-0.09775495529174803
-0.05620492249727249
-0.02323317527770996
-0.06719924509525299
-0.05180108547210693
-0.06106938421726226
-0.029051575809717175
-0.0627521276473999
-0.08388761430978775
-0.053501427173614495
-0.07154203951358795
-0.09405454248189926
-0.10577456653118132
-0.04479966312646866
-0.08503128588199614
-0.06526561826467514
-0.059392109513282776
-0.056773290038108826
-0.05242209136486053
-0.024576276540756226
-0.034329455345869064
-0.07532978057861328
-0.04316563531756401
-0.04574275761842728
-0.05920695513486862
-0.05671077966690064
-0.07731269299983978
-0.07244035601615906
-0.05471797287464142
-0.051142647862434394
-0.07421325892210007
-0.06632331013679504
-0.04862295091152191
-0.07513108849525452
-0.0884375050663948
-0.04726983979344368
-0.06257776916027069
-0.050286367535591125
-0.05246001482009888
-0.06465157866477966
-0.06552357971668243
-0.03327243775129318
-0.04534360021352768
-0.039334431290626526
-0.03232969343662261
-0.05036790668964385
-0.07808705419301985
-0.04300929978489876
-0.020855695009231567
-0.0422280877828598
-0.057078391313552856
-0.07271924614906311
-0.06912436336278915
-0.07986591756343842
-0.04554735869169235
-0.0498402938246727
-0.058199390769004815
-0.05598824471235275
-0.05738898366689681
-0.0422702431678772
-0.0003815246745944023
-0.0586005225777626
-0.05464400351047516
-0.044678423553705215
-0.06766533106565475
-0.04948805272579193
0.008923213928937912
-0.07520107924938203
-0.05004458129405975
-0.05016214400529861
-0.034720130264759064
-0.06950581073760985
-0.0714617520570755
-0.06311570107936859
-0.040407434105873115
-0.041786234825849526
-0.07635710388422012
-0.06185639649629593
-0.022772975265979767
-0.04121890664100647
-0.06812214851379395
-0.04887641966342927
-0.05016214400529861
-0.09189176559448242
-0.05066525936126709
-0.02008046954870224
-0.05957914888858795
-0.04882897436618805
-0.050479978322982795
-0.06611904501914978
-0.05257570743560791
-0.001967287622392177
-0.04298658668994904
-0.08581866323947905
-0.07114420086145401
-0.061545997858047485
-0.06730668246746063
-0.06236704438924789
-0.07551807165145874
-0.07538720965385437
-0.06204482913017273
-0.02365995943546295
-0.03719309717416763
-0.07605464011430739
-0.059178538620471954
-0.027762882411479946
-0.05024877190589905
-0.009903603233397009
-0.04616540297865868
-0.03488617017865181
-0.06993216276168823
-0.05784857273101807
-0.047988295555114746
-0.059983029961586
-0.036022089421749115
-0.09253598749637604
-0.05898084491491318
-0.023981358855962757
-0.07022014260292053
-0.02780137583613396
-0.04329446703195572
-0.04943924397230148
-0.04891505837440491
-0.07292939722537993
-0.06666509807109833
-0.038386110216379166
-0.06771347671747208
-0.05137196928262711
-0.047726090997457504
-0.05919484794139862
-0.01990603283047676
-0.0861758291721344
-0.09532026946544649
-0.04298232868313789
-0.07445389032363892
-0.059042975306510925
-0.03708063066005706
-0.08379050344228745
-0.07823465764522552
-0.07461176812648773
-0.05479118227958679
-0.04443677142262458
-0.02895565330982208
-0.04927147924900055
-0.03210660070180893
-0.036431338638067245
-0.05064363777637482
-0.05839623510837554
-0.08381134271621704
-0.07170689851045609
-0.02465477585792541
-0.047881096601486206
-0.06711073964834213
-0.030498318374156952
-0.07181864976882935
-0.09408093988895416
-0.03938905894756317
-0.05870614945888519
-0.08743210136890411
-0.05949707329273224
-0.08650849759578703
-0.0602659285068512
-0.0661693811416626
-0.05082792043685913
-0.06532135605812073
-0.014829074032604694
-0.07546070963144302
-0.010296964086592196
-0.0814654752612114
-0.044717665761709206
-0.03156444430351257
-0.03069560974836349
-0.07584247738122941
-0.030995618551969528
-0.06466493755578995
-0.05549919605255127
-0.06173117458820343
-0.09493647515773773
-0.03827805817127228
-0.045808516442775726
-0.0535602942109108
-0.040654931217432015
-0.05257706344127655
-0.09159617125988007
-0.06571556627750397
-0.04440562427043914
-0.05774950981140137
-0.04871862381696701
-0.05833577364683151
-0.04859768599271774
-0.07261233031749725
-0.040329109877347946
-0.05838195979595184
-0.058077841997146606
-0.05189213156700134
-0.06605581939220428
-0.07606174796819687
-0.03780034556984901
-0.08345624059438705
-0.044816456735134125
-0.030454464256763455
-0.035916637629270554
-0.05194760859012604
-0.08911086618900299
-0.03292248770594597
-0.03987318277359009
-0.05520717799663544
-0.042772676795721054
-0.11450541019439696
-0.052434489130973816
-0.04609992355108261
-0.03847949579358101
-0.06611350923776627
-0.03813024982810021
-0.016618911176919937
-0.03972132503986359
-0.04219724610447884
-0.0422639325261116
-0.054259732365608215
-0.05841907858848572
-0.07346292585134506
-0.04346008598804474
-0.07679563760757446
-0.06273601949214935
-0.03959327936172485
-0.02996270358562469
-0.04841289669275284
-0.09063230454921721
-0.039473358541727066
-0.03555463254451752
-0.06306829303503036
-0.06903517246246338
-0.013651455752551556
-0.06340363621711731
-0.026537731289863583
-0.056244611740112305
-0.04094316065311432
-0.10375706106424332
-0.07721285521984099
-0.04182656481862068
-0.05375532060861588
-0.06478212773799896
-0.045570366084575646
-0.05912953615188599
-0.08633255958557129
-0.05126595497131348
-0.02296903356909752
-0.044990979135036475
-0.07121775299310684
-0.09583013504743576
-0.03859679773449898
-0.06490978598594666
-0.04092026129364967
-0.022604450583457943
-0.08859767764806747
-0.060823097825050354
-0.07390315085649489
-0.062376216053962714
-0.06876939535140991
-0.131455659866333
-0.05614510178565979
-0.09492509067058563
-0.06260637938976288
-0.048876024782657616
-0.06547801941633224
-0.033028461039066315
-0.07761742174625395
-0.07830690592527388
-0.041970334947109215
-0.07838933169841766
-0.0968935340642929
-0.09424103051424025
-0.06429721415042877
-0.050327226519584656
-0.053774714469909675
-0.04948880523443223
-0.025999866425991055
-0.05158032476902008
-0.08108751475811005
-0.023353829979896545
-0.048794738948345184
-0.02613137662410736
-0.07865507900714874
-0.04518791288137436
-0.1161818504333496
-0.02485569939017296
-0.06768190860748291
-0.05841805040836334
-0.08801712095737457
-0.05642744153738022
-0.06342503428459167
-0.04502028226852417
-0.09227623790502547
-0.09573183953762054
-0.0669219121336937
-0.059309646487236016
-0.04530858248472214
-0.036676771938800805
-0.033921368420124054
-0.08483752608299254
-0.10622936487197876
-0.06414343416690825
-0.07757509499788284
-0.05620509386062622
-0.06267327815294266
-0.04874131828546524
-0.06823864579200745
-0.04107438400387764
-0.050616830587387085
-0.08247502148151396
-0.08387047797441481
-0.06929135322570801
-0.0329219289124012
-0.052616633474826806
-0.02898299321532249
-0.0961081087589264
-0.0017259297892451286
-0.05520226061344147
-0.09877313673496246
-0.05858556926250458
-0.0305812731385231
-0.03414176404476166
-0.04635903239250183
-0.023514606058597565
-0.04540178179740906
-0.049891442060470574
-0.040189407765865326
-0.0502205565571785
-0.06423976272344589
-0.058293163776397705
-0.06276069581508636
-0.03621041029691696
-0.04639631137251854
-0.03880966082215309
-0.04821989685297012
-0.03684697300195693
-0.07510470598936081
-0.03417888656258583
-0.07637001574039459
-0.03978021442890167
-0.0533013641834259
-0.0502122938632965
-0.07174135744571686
-0.03378823399543762
-0.027441613376140594
-0.07612375169992448
-0.057526670396327965
-0.05619964003562927
-0.06055719405412673
-0.08016017079353331
-0.0822669267654419
-0.05536907911300659
-0.06556389480829239
-0.02386521548032761
-0.06927777826786041
-0.013961574994027615
-0.055417902767658234
-0.06518703699111937
-0.03809460997581482
-0.08055097609758377
-0.06256459653377533
-0.057451941072940826
-0.05474528670310974
-0.07016035169363022
-0.04268467426300049
-0.055824458599090576
-0.03541611135005951
-0.07495548576116563
-0.0504305437207222
-0.042782239615917206
-0.0711304321885109
-0.09411046653985976
-0.035903092473745346
-0.10018312931060792
-0.06651981920003891
-0.08990241587162019
-0.04924607276916504
-0.07271122932434082
-0.08462096750736237
-0.06409331411123276
-0.0833462178707123
-0.04616409540176392
-0.05041038244962692
-0.05252064764499664
-0.049797020852565765
-0.024978332221508023
-0.06449556350708008
-0.04660811275243759
-0.053990989923477166
-0.06196334958076477
-0.039761371910572045
-0.03018420934677124
-0.09284038841724397
-0.08731336891651154
-0.04534143209457397
-0.07930389791727066
-0.0663844421505928
-0.04021070152521133
-0.04534181207418442
-0.04355254024267197
-0.04930166155099869
-0.0636177659034729
-0.05549494922161102
-0.043624620884656906
-0.0521765723824501
-0.09920205175876616
-0.04817432537674904
-0.0416678562760353
-0.05273046344518661
-0.05706062912940979
-0.028306107968091965
-0.08197252452373505
-0.05293041467666625
-0.053526654839515686
-0.03278207406401634
-0.08392830938100816
-0.09154055267572403
-0.0683855265378952
-0.07247640192508698
-0.04976490139961243
-0.05331043899059296
-0.05011914670467377
-0.031517654657363885
-0.05162104964256287
-0.060701802372932434
-0.07117420434951782
-0.025614507496356964
-0.12197035551071166
-0.04111352190375328
-0.016972988843917847
-0.06912827491760254
-0.03077508509159088
-0.08462668210268019
-0.04547042399644852
-0.045261133462190635
-0.053922444581985474
-0.052315495908260345
-0.030756808817386627
-0.006488257087767124
-0.07865911722183228
-0.05618974566459656
-0.000947088934481144
-0.04340958967804909
-0.05725163221359253
-0.04914730042219161
-0.0501054972410202
-0.03289478272199631
-0.05662333965301514
-0.0515623614192009
-0.05577272176742554
-0.045073073357343674
-0.06454598903656006
-0.02177221328020096
-0.018526837229728695
-0.07040565460920334
-0.08355449885129929
-0.08401112258434294
-0.05016502737998962
-0.06467043608427048
-0.027466606348752972
-0.0377952978014946
-0.061983391642570496
-0.07872654497623444
-0.08334091305732727
-0.033788807690143585
-0.060757368803024285
-0.03808298334479332
-0.03590495511889458
-0.0842522084712982
-0.05607695877552032
-0.08348847925662993
-0.06408444046974182
-0.0504341647028923
-0.04567503929138184
-0.03813324868679047
-0.052514731884002686
-0.057956330478191376
-0.05741646885871887
-0.06322218477725983
-0.08520377427339555
-0.06327763944864273
-0.04664501547813416
-0.1094888150691986
0.013420729897916315
-0.05925019830465317
-0.09626585990190506
-0.04875134676694869
-0.008210196159780025
-0.07073566317558289
-0.04170963913202286
-0.024199191480875012
-0.06140532344579697
-0.05609703063964844
-0.072573184967041
-0.059492170810699456
-0.030915722250938412
-0.06120123714208602
-0.05299524962902069
-0.048043157905340195
-0.019073974341154095
-0.05589586496353149
-0.041594620794057846
-0.045055951923131936
-0.060241438448429115
-0.023831021040678024
-0.04923565685749053
-0.026373278349637985
-0.03664043918251991
-0.02059680968523025
-0.04911819100379944
-0.09337543696165085
-0.07218019664287566
-0.057436823844909675
-0.028305139392614365
-0.07469524443149567
-0.06275159865617752
-0.034784190356731415
-0.05729983747005463
-0.04797091335058212
-0.06425870954990387
-0.034999482333660126
-0.07128966599702835
-0.009019610472023489
-0.04770585149526596
0.00448251236230135
-0.0976339429616928
-0.05348987132310867
-0.036156110465526574
-0.02264826372265816
-0.031969062983989716
-0.008511525578796862
-0.04938171803951264
-0.031275514513254166
-0.0572650358080864
-0.04548504203557968
-0.05594912171363831
-0.03333663195371628
-0.08100578188896179
-0.07283090054988861
-0.0591815784573555
-0.03473557531833649
-0.03990823403000832
-0.044813651591539376
-0.06926879286766052
-0.061065927147865295
-0.06693946570158005
-0.07663027197122572
-0.0029512336477637287
-0.05078791081905365
-0.027119342237710953
-0.040190890431404114
-0.0537629872560501
-0.07408707588911057
-0.03885328769683838
-0.04598454013466835
-0.06049001216888428
-0.06169582903385162
-0.02716053277254105
-0.014976664446294308
-0.07865580916404723
-0.05308565497398376
-0.07825358957052231
-0.09246723353862761
-0.05702771991491318
-0.04495161026716232
-0.031234279274940487
-0.056668490171432495
-0.06238334625959396
-0.09338341653347015
0.008008453063666819
-0.053532704710960395
-0.0724097490310669
-0.05867770314216614
-0.0548618882894516
-0.06895343959331512
-0.0533963218331337
-0.07835294306278227
-0.10387078672647476
-0.015080750919878483
-0.06152865290641785
-0.0039873914793133736
-0.056829512119293206
-0.05199003964662552
-0.008942381478846073
-0.05912609398365021
-0.02670549601316452
-0.03687484934926033
-0.04845257848501205
-0.07305984944105148
-0.06560538709163666
-0.10152523964643478
-0.10985951870679855
-0.04591453447937965
-0.07429249584674835
-0.06077077239751816
-0.05073050409555435
-0.09257103502750397
-0.029246225953102112
-0.051085442304611206
-0.07368227839469908
-0.03904294967651367
-0.05072371661663056
-0.08903505653142929
-0.08083052933216096
-0.07351316511631013
-0.062004968523979194
-0.0392906665802002
-0.05341941118240357
-0.06313612312078476
-0.0550634041428566
-0.04359903186559677
-0.045932572335004807
-0.06121878325939178
-0.0317516066133976
-0.04558628052473068
-0.08971618115901947
-0.061734624207019806
-0.015766222029924393
-0.05105067789554596
-0.06259728968143463
-0.05888694524765015
-0.03587567061185837
-0.07558560371398924
-0.04809901863336563
-0.04269350320100784
-0.08615773916244505
-0.01785442978143692
-0.06813067942857742
-0.06194140017032623
-0.062340959906578064
-0.05789068341255188
-0.06390316784381865
-0.024253837764263157
-0.03771460056304932
-0.06335244327783585
-0.08988900482654572
-0.030291598290205
-0.10054351389408112
-0.04584213718771935
-0.06045709550380706
-0.05827327072620392
-0.07036066055297852
-0.049259275197982795
-0.08021232485771179
-0.07096856832504272
-0.04973126202821732
-0.09660935401916505
-0.0529620498418808
-0.06319617480039597
-0.051573671400547035
-0.051079243421554565
-0.04358041286468506
-0.06292349845170975
-0.08486747741699217
-0.04851359501481056
-0.03591781109571457
-0.027969431132078167
-0.0757465735077858
-0.06720659136772156
-0.05171187222003937
-0.03368039056658745
-0.06852643936872481
-0.040743697434663766
-0.05524835735559464
-0.05660654604434967
-0.04593247175216674
-0.046416766941547394
-0.034524284303188324
-0.040190644562244415
-0.06105230748653412
-0.04601849988102913
-0.035684097558259964
-0.06963489949703217
-0.07780849188566208
-0.05293408781290054
-0.04729416593909264
-0.04494401440024376
-0.04371233284473419
-0.039521291851997375
-0.06783370673656464
-0.05500838160514832
-0.01985184475779533
-0.04843159392476082
-0.05140990763902664
-0.060568057000637054
-0.04561962932348251
-0.015322835184633732
-0.061351530253887177
-0.03280119597911835
-0.025656454265117645
-0.07956832647323608
-0.01647934690117836
-0.0539584755897522
-0.04792752489447594
-0.03998809307813645
-0.052377209067344666
-0.04838690906763077
-0.05059231072664261
-0.0887182056903839
-0.04330122470855713
-0.05098707973957062
-0.013858896680176258
-0.06730499118566513
-0.05705052614212036
-0.030505575239658356
-0.061862871050834656
-0.04510217905044556
-0.06835612654685974
-0.01999831944704056
-0.0929851457476616
-0.0420992523431778
-0.04523136466741562
-0.05298091471195221
-0.06695055961608887
-0.030656971037387848
-0.09229903668165208
-0.06252999603748322
-0.0556282103061676
-0.03054922819137573
-0.0460725836455822
-0.05717305839061737
-0.05993854999542236
-0.06263628602027893
-0.09271088242530823
-0.04708582162857056
-0.031570687890052795
-0.06701727956533432
-0.047779470682144165
-0.02843799442052841
-0.04658597335219383
-0.05556632578372955
-0.029563028365373608
-0.017902735620737076
-0.03594350814819336
-0.06650330126285553
-0.03996551036834717
-0.03547370061278343
-0.05886993557214737
-0.08823490142822266
-0.04174894094467163
-0.048443503677845
-0.05677126348018646
-0.06395343691110611
-0.01294936705380678
-0.08190564811229706
-0.0813124403357506
-0.08619886636734007
-0.06712126731872559
-0.043188583105802536
-0.09270738065242767
-0.04191350191831589
-0.053995057940483086
-0.06876005977392197
-0.05329605937004089
-0.038784414529800415
-0.09316054731607437
-0.040429465472698205
-0.06946614384651184
-0.04295844584703445
-0.07132208347320557
-0.040490210056304925
-0.08118047565221785
-0.0726611018180847
-0.01073401141911745
-0.05526965856552124
-0.05515101552009583
-0.03511006385087967
-0.05992588400840759
-0.08775242418050766
-0.04436368867754936
-0.0364362858235836
-0.05431993305683136
-0.04083862155675888
-0.08198690414428712
-0.0881490483880043
-0.05726462602615357
-0.056177087128162384
-0.03196599707007408
-0.04755369201302528
-0.06565412133932114
-0.08602255582809448
-0.07010376453399658
-0.06251691281795502
-0.05064733326435089
-0.06541124731302261
-0.02456087991595268
-0.051336407661437995
-0.06967621296644211
-0.05378802120685577
-0.06549597531557083
-0.042198993265628815
-0.08985452353954315
-0.042023912072181695
-0.02920553833246231
-0.05233639478683472
-0.08502861857414244
-0.07379111647605896
-0.07553645968437193
-0.04047705233097077
-0.051650792360305786
-0.09353703260421753
-0.07148951292037964
-0.07100740820169449
-0.05444754660129547
-0.07654069364070892
-0.0633624717593193
-0.019011147320270535
-0.021854013204574585
-0.06010387092828751
-0.09271284937858579
-0.028118345886468887
-0.06371334195137024
-0.06880632042884827
-0.08672842383384705
-0.020428940653800964
-0.0627281665802002
-0.06517847627401352
-0.0492633581161499
-0.060630336403846734
-0.040990546345710754
-0.03899317607283592
-0.07239553332328796
-0.08255323022603987
-0.06709110736846924
-0.058417387306690216
-0.05734042823314666
-0.018568243831396103
-0.026512637734413144
-0.07842022180557251
-0.046535760164260864
-0.0381217896938324
-0.06136181950569153
-0.04302175343036652
-0.05830492079257965
-0.06985433399677277
-0.0485045462846756
-0.05913158506155015
0.007627085782587528
-0.08030261099338531
-0.03791036084294319
-0.054349236190319054
-0.05642004311084747
-0.07620605826377869
-0.057191409170627594
-0.016943112015724182
-0.061921827495098114
-0.06272020936012268
-0.0702625960111618
-0.05143916606903076
-0.08335069566965102
-0.0518430694937706
-0.03769855946302414
-0.03402228653430939
-0.049715399742126465
-0.07165645062923431
-0.08029760420322418
-0.041977986693382256
-0.08152101188898087
-0.07305936515331267
-0.07260922342538834
-0.07043195515871048
-0.10719704627990723
-0.07382044941186905
-0.07438328117132186
-0.06073089689016342
-0.07540921866893768
-0.057336606085300446
-0.05591581016778946
-0.04401949793100357
-0.05062742531299591
-0.039124295115470886
-0.045129027217626565
-0.08092157542705536
-0.06816626340150833
-0.05098535120487213
-0.03946742042899132
-0.05787390470504761
-0.05772417783737183
-0.044518887996673584
-0.11094838380813599
-0.09511118382215501
-0.04477747529745102
-0.05367711931467056
-0.06145919859409332
-0.0615941733121872
-0.08175990730524062
-0.032886989414691925
-0.06068460643291473
-0.0550270676612854
-0.05552121251821518
-0.0847533270716667
-0.07312670350074768
-0.050319090485572815
-0.08979107439517975
-0.05794312059879303
-0.061610035598278046
-0.05281299352645873
-0.04877691715955734
-0.0562293604016304
-0.07903704792261124
-0.04706580564379692
-0.07955941557884216
-0.07869084179401396
-0.048279650509357445
-0.07836200296878815
-0.07785660028457642
-0.06221536546945572
-0.02502293884754181
-0.09928803145885469
-0.04055263847112656
-0.06983594596385956
-0.06609433889389038
-0.02439134940505028
-0.04215062409639359
-0.09883588552474976
-0.035605527460575104
-0.08087909966707228
-0.02575258538126945
-0.051852837204933167
-0.06326089799404144
-0.04151296615600586
-0.03974863886833191
-0.06653228402137756
-0.07433000206947327
-0.05385851114988327
-0.03624594956636429
-0.061793997883796685
-0.05659464746713638
-0.07051308453083038
-0.05611076205968857
-0.04359867051243783
-0.018361341208219528
-0.07536315172910689
-0.0589718371629715
-0.08392318338155745
-0.05226379632949829
-0.04306720197200775
-0.07384350150823593
-0.07084991037845612
-0.05111394822597504
-0.09165691584348679
-0.06767755001783371
-0.04879537969827652
-0.036827046424150474
-0.05944394320249557
-0.034402281045913696
-0.03221377730369568
-0.06551165878772736
-0.037114568054676056
-0.08501929044723511
-0.0596337616443634
-0.07532119750976561
-0.07094651460647583
-0.07903817296028137
-0.08072867989540099
-0.07398153841495515
-0.05750951170921326
-0.05690167844295502
-0.031186044216156002
-0.07517223805189133
-0.04826221242547035
-0.0862402617931366
-0.03967962041497231
-0.10265178978443144
-0.05866961181163788
-0.05874183773994446
-0.03454966843128204
-0.008235092274844646
-0.08700126409530638
-0.06974440813064575
-0.06460144370794296
-0.07501655817031859
-0.10661764442920683
-0.07513976097106932
-0.10692848265171052
-0.02195044234395027
-0.04879837483167648
-0.08430929481983183
-0.04155302792787552
-0.05586718022823334
-0.04950334131717682
-0.06467875093221664
-0.0679815411567688
-0.08274256438016891
-0.05475989729166031
-0.07663425803184509
-0.04013751447200775
-0.07266227900981903
-0.08144823461771011
-0.04824957996606826
-0.08242760598659515
-0.04530024901032448
-0.044135939329862595
-0.06850667297840118
-0.05120290070772171
-0.07540851831436157
-0.060938604176044464
-0.04119674116373062
-0.05356011539697647
-0.07269856333732606
-0.03303410857915878
-0.07914295792579651
-0.06962618231773376
-0.05282832682132721
-0.09673643112182616
-0.017962560057640076
-0.07678769528865814
-0.044194553047418594
-0.07762361317873001
-0.10121383517980576
-0.09621874243021011
-0.02447972446680069
-0.04639679938554764
-0.02404899150133133
-0.08080151677131651
-0.07710070163011552
-0.0415956825017929
-0.030165642499923703
-0.05397620797157288
-0.06118020415306091
-0.04954901337623596
-0.053347229957580566
-0.12785598635673523
-0.09653140604496002
-0.07169466465711594
-0.04912633448839188
-0.09008871018886566
-0.07981736212968825
-0.07671105861663817
-0.07243233174085617
-0.05376920849084854
-0.07518995553255081
-0.04530210793018341
-0.06296949088573456
-0.05890881270170212
-0.05570600926876068
-0.0774693712592125
-0.0779915153980255
-0.0713568925857544
-0.04984289407730103
-0.08275850862264633
-0.0246182382106781
-0.048037543892860406
-0.08035778999328613
-0.05713367462158203
-0.07207487523555756
-0.07164028286933899
-0.06474973261356354
-0.022048648446798325
-0.05788926035165787
-0.062031812965869904
-0.04613512754440308
-0.0576966404914856
-0.07752132415771484
-0.03749571368098258
-0.0656251311302185
-0.029128398746252056
-0.0704989954829216
-0.04502086341381073
-0.10280156135559082
-0.10863600671291351
-0.04943560808897018
-0.0740521401166916
-0.06960351765155792
-0.06061527132987976
-0.018455486744642258
-0.04793659970164299
-0.07876102626323701
-0.008735219947993755
-0.082969568669796
-0.057044565677642815
-0.0325193777680397
-0.1013313978910446
-0.013927049003541468
-0.02926528453826904
-0.05965480208396912
-0.03995117917656898
-0.059813469648361206
-0.04768619313836098
-0.034507960081100464
-0.056726530194282525
-0.05752168595790863
-0.06798198074102402
-0.06999228894710541
-0.051566481590271
-0.042765259742736816
-0.08857022225856781
-0.06635989993810654
-0.049869529902935035
-0.028961777687072757
-0.0546744167804718
-0.058029264211654656
-0.06415589153766632
-0.0594356507062912
-0.0536382868885994
-0.000816679559648037
-0.04159217327833176
-0.03024701401591301
-0.04847750812768936
-0.05023261904716492
-0.07727202028036116
-0.0750044584274292
-0.0666971206665039
-0.05567103624343872
-0.06453152745962143
-0.09242540597915648
-0.06788939237594604
-0.04732285812497138
-0.0018027620390057564
-0.019265174865722656
-0.06269706040620804
-0.036447670310735696
-0.06837469339370728
-0.05521929264068604
-0.06181703507900239
-0.034810639917850494
-0.054318740963935845
-0.06640186160802841
-0.008101695217192173
-0.06027573347091674
-0.04167637974023818
-0.10157757997512816
-0.03861534222960472
-0.09009529650211334
-0.0335223451256752
-0.040713738650083535
-0.030284538865089417
-0.056662216782569885
-0.08809444308280943
-0.06792287528514862
-0.010176622308790684
-0.095208503305912
-0.05393226444721222
-0.06168428808450698
-0.03586549684405327
-0.07572686672210693
-0.06797708570957184
-0.03541427478194237
-0.05606868863105774
-0.060441985726356506
-0.04727420210838318
-0.07300795614719392
-0.08645523339509965
-0.0378376804292202
-0.05992661416530609
-0.031692102551460266
-0.050619304180145264
-0.06623971462249756
-0.06880133599042892
-0.04926805943250656
-0.07627913355827332
-0.048056744039058685
-0.022509369999170303
-0.05172151327133179
-0.024820055812597275
-0.06537513434886932
-0.02490323781967163
-0.06370414793491364
-0.05522388219833375
-0.07308752834796906
-0.07302081584930421
-0.06105727702379227
-0.06314560770988464
-0.045219913125038154
-0.06042079627513885
-0.0611826628446579
-0.05180444568395615
-0.05644560605287552
0.0010253218933939932
-0.06127407401800156
-0.06640472263097763
-0.06206902861595154
-0.05628763884305953
-0.06814934313297272
-0.05754470080137253
-0.05002430826425552
-0.10542616248130798
-0.048622414469718926
-0.02386863902211189
-0.07343956828117369
-0.06518974900245667
-0.057120993733406074
-0.051852717995643616
-0.07318593561649321
-0.06262142211198807
-0.09102529287338255
-0.04357203841209412
-0.05694632977247238
-0.05779583007097244
-0.06897838413715363
-0.04595516994595528
-0.055629342794418335
-0.06713283807039261
-0.080241359770298
-0.0728178098797798
-0.08645201474428175
-0.04690784960985184
-0.05342307686805725
-0.07889313995838165
-0.08782943338155745
-0.02815202623605728
-0.04386831447482109
-0.06324502825737
-0.043307989835739136
-0.09319622069597244
-0.08346359431743622
-0.06386053562164307
-0.06517618894577025
-0.06107428669929504
-0.03561018034815788
-0.08411105722188948
-0.0615900456905365
-0.02854205295443535
-0.053071074187755585
-0.11326405405998229
-0.030864231288433075
-0.0629715695977211
-0.046143807470798485
-0.03987682983279228
-0.11031804233789444
-0.06427261978387833
-0.05912832170724869
-0.03949893265962601
-0.07021224498748779
-0.04772333428263664
-0.058189526200294495
-0.042142078280448914
-0.021550409495830532
-0.08924616128206253
-0.0633992999792099
-0.06657224893569946
-0.0723181962966919
-0.0690499097108841
-0.048592139035463326
-0.0937635451555252
-0.04980463534593582
-0.05216823518276215
-0.052181348204612725
-0.05907052755355834
-0.03846432641148567
-0.06281399726867676
-0.027286287397146225
-0.05180697888135911
-0.0572371780872345
-0.03564431145787239
-0.047240938991308205
-0.0501680001616478
-0.041137974709272385
-0.09085807949304579
-0.07761260122060774
-0.05907756835222244
-0.08108185231685638
-0.05119925737380981
-0.06952890753746033
-0.037237953394651406
-0.03863710165023804
-0.033855609595775604
-0.0672130137681961
-0.02980749681591988
-0.03106104582548141
-0.003568078391253948
-0.047436807304620736
-0.04407330602407456
-0.059643588960170746
-0.0672934278845787
-0.037279050797224045
-0.08457880467176437
-0.0756308436393738
-0.07273092120885849
-0.08592647314071654
-0.026410847902297974
-0.049844957888126366
-0.040639083832502365
-0.03912947699427605
-0.023358624428510662
-0.030953809618949887
-0.07749722898006438
-0.05671046674251556
-0.0856991559267044
-0.05471688508987426
-0.054811663925647736
-0.038936469703912735
-0.058755114674568176
-0.08575420826673508
-0.007062484510242938
-0.05768514424562454
-0.0402412973344326
-0.04760291427373886
-0.05850730836391449
-0.05204737931489944
-0.06297268718481064
-0.06540006399154663
-0.040863394737243645
-0.0657966211438179
-0.0734190046787262
-0.05463962256908417
-0.044071611016988754
-0.05567073822021484
-0.07798890024423598
-0.08438954502344131
-0.09786325693130493
-0.05538418889045715
-0.04439613223075867
-0.056578651070594795
-0.04968096315860748
-0.0420699380338192
-0.10694358497858047
-0.06360970437526703
-0.05170463770627976
-0.03584548458456993
-0.0976939871907234
-0.0712195560336113
-0.07316192984580994
-0.06522228568792343
-0.030011534690856934
-0.03549531474709511
-0.07167626172304153
-0.07300958782434462
-0.10168419778347015
-0.08051856607198715
-0.05084330588579178
-0.05325876921415329
-0.04290466010570526
-0.07707368582487105
-0.07889465987682343
-0.05836260318756104
-0.04153687506914138
-0.0846511572599411
-0.08291640877723692
-0.02780865505337715
-0.02854389324784279
-0.06686979532241821
-0.06542947143316269
-0.09831303358078003
-0.0455106757581234
-0.028891999274492264
-0.0783809721469879
-0.053219273686409
-0.03318546339869499
-0.04243869334459305
-0.07538842409849168
-0.05439856648445129
-0.05137343704700469
-0.06313013285398483
-0.04281236231327057
-0.054544076323509216
-0.0536944568157196
-0.05955604463815689
-0.060853466391563416
-0.054686106741428375
-0.02841803804039955
-0.053499698638916016
-0.0579824224114418
-0.0538831353187561
-0.05485013872385025
-0.10665293782949448
-0.052550815045833595
-0.07662880420684814
-0.06683611869812012
-0.053869113326072686
-0.07704608142375946
-0.02510719746351242
-0.05913739651441574
-0.05249740183353424
-0.04622086882591248
-0.03618307411670685
-0.07226878404617308
-0.06737233698368073
-0.04691567271947861
-0.10033978521823884
-0.06409050524234772
-0.05885151773691177
-0.024063244462013245
-0.022402092814445492
-0.05891421437263489
-0.014141746796667576
-0.08821643143892288
-0.008424029685556889
-0.07325419783592224
-0.0589948445558548
-0.03969541937112808
-0.0785885900259018
-0.04475037753582001
-0.03225228190422058
-0.07065525650978088
-0.09587200731039049
-0.07577326893806458
-0.08224620670080185
-0.04187949001789093
-0.06052018702030182
-0.05204388499259949
-0.054753437638282776
-0.09760516136884688
-0.059150099754333496
-0.07389140874147414
-0.03407440334558487
-0.08111032843589783
-0.055884413421154015
-0.053561508655548096
-0.0460176020860672
-0.0772305577993393
-0.06077659130096436
-0.038148000836372375
-0.018735304474830627
-0.08694904297590254
-0.07568641006946564
-0.07407728582620621
-0.07749034464359283
-0.043960090726614
-0.048638042062520974
-0.06263077259063721
-0.03631040081381798
-0.04896993190050125
-0.10439598560333252
-0.04312557727098465
-0.0589495375752449
-0.048861145973205566
-0.03831869363784791
-0.05118936300277709
-0.052898339927196496
-0.06878464668989182
-0.06050212681293488
-0.0728401243686676
-0.0361177884042263
-0.05169933289289474
-0.020030744373798367
-0.037813737988471985
-0.03876027464866638
-0.056760355830192566
-0.059171199798583984
-0.11119934916496275
-0.03438440710306168
-0.0627647340297699
-0.02185698598623276
-0.042649470269680016
-0.08813761174678801
-0.07417530566453932
-0.08395979553461075
-0.03629562631249428
-0.07064890116453171
-0.05316305160522461
-0.045674204826354974
-0.0385664775967598
-0.07600335776805876
-0.034408971667289734
-0.055820122361183167
-0.05405779182910919
-0.09044376015663147
-0.057763837277889245
-0.04295513778924943
-0.03084951639175415
-0.06058589369058609
-0.07321358472108841
-0.02667196094989777
-0.045065149664878845
-0.004063011147081852
-0.06253134459257126
-0.060976721346378326
-0.05038825422525406
-0.01664428412914276
-0.055394068360328674
-0.06272608786821365
-0.05365347862243652
-0.08664637058973312
-0.07864894717931747
-0.04909716546535492
-0.05784173309803009
-0.04442328959703445
-0.06131456047296524
-0.06090746074914932
-0.10041992366313934
-0.08430206775665283
-0.0534735694527626
-0.052759796380996704
-0.05237291008234024
-0.07090328633785248
-0.03837418183684349
-0.057855837047100074
-0.10318630188703536
-0.06149590015411377
-0.05627107620239258
-0.06014605611562729
-0.04679116234183312
-0.05551661550998688
-0.048775359988212585
-0.07382238656282425
-0.11073076725006104
-0.1039985865354538
-0.03313367813825607
-0.07495835423469542
-0.08349330723285675
-0.04049133509397507
-0.07113324850797653
-0.03197596222162247
-0.06004225462675095
-0.04514805600047112
-0.027255404740571972
-0.06296221166849136
-0.05976572632789612
-0.06532270461320877
-0.029008336365222927
-0.07949127256870268
-0.06132389605045319
-0.06275669485330582
-0.05959600955247879
-0.043038997799158096
-0.08217052370309828
-0.0547105148434639
-0.034427769482135766
-0.0687311589717865
-0.05666651576757431
-0.08426371216773987
-0.0669136568903923
-0.0559096485376358
-0.06578773260116577
-0.06288116425275803
-0.10306620597839355
-0.04815785214304924
-0.0562397837638855
-0.09062825143337248
-0.056856811046600335
-0.044008594006299966
-0.07655041664838791
-0.003833350725471973
-0.0550311654806137
-0.05805014818906784
-0.07066573202610016
-0.0673464983701706
-0.08305591344833374
-0.09962256252765656
-0.04718635603785514
-0.08726846426725388
-0.04375430196523666
-0.058686427772045135
-0.01977675408124924
-0.040383972227573395
-0.05039507150650024
-0.07101961970329285
-0.08573659509420394
-0.057767823338508606
-0.040241800248622894
-0.0635213553905487
-0.05429154634475708
-0.038689229637384415
-0.040681928396224976
-0.02922416478395462
-0.044960200786590576
-0.09279157221317293
-0.08655785024166107
-0.07255078852176666
-0.04546399787068367
-0.05681626498699188
-0.042426466941833496
-0.03884615376591682
-0.07776558399200438
-0.03387576341629028
-0.06527493894100189
-0.038790855556726456
-0.05476874113082886
-0.07170236110687256
-0.04619049280881882
-0.07793929427862166
-0.046932660043239594
-0.04638044536113739
-0.06505891680717468
-0.04338086396455765
-0.04229427129030228
-0.08781830966472626
-0.07766502350568771
-0.038652390241622925
-0.02950405701994896
-0.0757739469408989
-0.08321210741996765
-0.08496980369091035
-0.05677483230829239
-0.05666736513376236
-0.06599574536085129
-0.06642275303602219
-0.07469566911458969
-0.07604841887950897
-0.012541512958705424
-0.06097982078790665
-0.06583935022354126
-0.07872380316257475
-0.04587823897600173
-0.06246691942214966
-0.07685441523790358
-0.05891154706478119
-0.04912301152944565
-0.03330308943986893
-0.04225115105509757
-0.05174855887889862
-0.05201631784439087
-0.06238768994808197
-0.06265711784362793
-0.05906450748443604
-0.07581496238708496
-0.06301656365394592
-0.06015397608280182
-0.04737980663776398
-0.07882930338382721
-0.023765038698911663
-0.03178485482931137
-0.04595553874969482
0.0069854985922575
-0.07703735679388046
-0.06314413249492645
-0.03450901806354523
-0.06497547775506973
-0.09388335049152374
-0.060674816370010376
-0.06588532030582428
-0.06806405633687973
-0.013483905233442783
-0.007505605928599834
-0.04616985097527504
-0.048121262341737754
-0.02892544493079185
-0.05495859682559967
-0.06206180155277252
-0.07330317050218582
-0.07704032957553862
-0.0639801174402237
-0.026467557996511456
-0.04097602888941765
-0.0837298259139061
-0.06357936561107635
-0.017123278230428696
-0.03223445266485214
-0.04400312900543213
-0.07813563197851181
-0.04609444364905357
-0.03858247771859169
-0.04520515352487564
-0.054465293884277344
-0.02537241578102112
-0.042423315346241
-0.06503690779209137
-0.04388009384274483
-0.013041873462498188
-0.09012846648693085
-0.053493887186050415
0.00040380097925662994
-0.034731119871139526
-0.051022402942180634
-0.058189220726490014
-0.046350136399269104
-0.0318157896399498
-0.006433636881411076
-0.04630587622523308
-0.022158633917570118
-0.07180064916610718
-0.06923764944076538
-0.06611521542072296
-0.10502395033836363
-0.05337050557136536
-0.03163959085941315
-0.07484544068574905
-0.07379308342933655
-0.028952043503522873
-0.08677935600280762
-0.05408720672130585
-0.0635756254196167
-0.08026394993066788
-0.07457510381937027
-0.07404837012290953
-0.07489826530218124
-0.0996017828583717
-0.08451227098703384
-0.08658851683139801
-0.054135873913764954
-0.052845582365989685
-0.07105863839387894
-0.04014956951141357
-0.1085934042930603
-0.06829880177974701
-0.08081857115030287
-0.08432096242904663
-0.011545476503670216
-0.054887399077415466
-0.042421065270900726
-0.0514245331287384
-0.02416907250881195
-0.061784036457538605
-0.050997212529182434
-0.09402120113372801
-0.059408470988273614
-0.0778588652610779
-0.037726178765296936
-0.06357617676258087
-0.05550127476453781
-0.043669745326042175
-0.07177722454071045
-0.06461396813392639
-0.03785182535648345
-0.04586094617843628
-0.06876714527606964
-0.025125697255134583
-0.06594222784042358
-0.06163796782493591
-0.057126998901367194
-0.0507330596446991
-0.06031422317028046
-0.045534804463386536
-0.05922435969114304
-0.06434556841850281
-0.09149254113435744
-0.058868765830993645
-0.042867396026849754
-0.03700414299964905
-0.05321312695741653
-0.04020138457417488
-0.05920211225748062
-0.04846958816051483
-0.05942113697528839
-0.0465397909283638
-0.10995647311210632
-0.08498676866292953
-0.08383336663246153
-0.0619114488363266
-0.09285022318363187
-0.060309998691082
-0.007323778234422208
-0.04390806332230568
-0.024229459464550015
-0.06325255334377289
-0.04863789677619934
-0.043192200362682336
-0.02998928725719452
-0.06233386695384979
-0.07492828369140625
-0.05609183758497238
-0.024949252605438232
-0.04865249246358872
-0.049890279769897454
-0.06632843613624573
-0.04798394441604614
-0.06931742280721664
-0.045938890427351
-0.035593703389167786
-0.007860959507524967
-0.06624670326709747
-0.0422513224184513
-0.08671933412551878
-0.035038024187088006
-0.05956590175628662
-0.06988764554262161
-0.07751324772834778
-0.07230590283870697
-0.024978481233119965
-0.01762111485004425
-0.04783527553081512
-0.08415797352790833
-0.07272233814001083
-0.06911639124155045
-0.06639954447746277
-0.037213534116745
-0.05859208106994629
-0.07649131119251251
-0.04542662575840951
-0.04119911789894104
-0.06474141776561737
-0.04803025722503662
-0.06657815724611281
-0.02267559990286827
-0.06624232232570648
-0.05137249827384949
-0.04251278191804886
-0.07354326546192169
-0.06894557178020477
-0.044544119387865067
-0.0992983430624008
-0.06306827068328857
-0.03920222073793411
-0.05705266445875168
-0.058627650141716
-0.06000609695911408
-0.05591519176959992
-0.04771329462528229
-0.07426950335502625
-0.0452967956662178
-0.06180544197559357
-0.03397188708186149
-0.05753254890441895
-0.03842435032129288
-0.048616454005241394
-0.011955169029533865
-0.028643857687711716
-0.08927550911903381
-0.046225957572460175
-0.047016896307468414
-0.07163500785827637
-0.06972454488277435
-0.058015547692775726
-0.06059244275093079
-0.006273505277931689
-0.03336942195892333
-0.06845216453075409
-0.061210289597511285
-0.061622977256774895
-0.07464778423309326
-0.04312694072723389
-0.040052272379398346
-0.04576295614242554
-0.037344828248023994
-0.07720483094453812
-0.09508802741765977
-0.09508854150772095
-0.05180646479129791
-0.04452253133058548
-0.020647302269935608
-0.06970349699258804
-0.03061159700155258
-0.05173393338918686
-0.05839340388774872
-0.08180062472820283
-0.05287556350231171
-0.07579925656318665
-0.0825977548956871
-0.04136180505156517
-0.06534966826438904
-0.042581211775541306
-0.06544121354818344
-0.05507086217403412
-0.07088159024715424
-0.05469920486211777
-0.08532744646072388
-0.03828876093029976
-0.041372083127498634
-0.04276038706302642
-0.04011229425668717
-0.0257212296128273
-0.050778940320014954
-0.05147071182727814
-0.0236368365585804
-0.025702059268951416
-0.08802460134029388
-0.0811571329832077
-0.056703917682170875
-0.04275111109018326
-0.07421058416366577
-0.062343619763851166
-0.1188393384218216
-0.06318295001983643
-0.011933485977351664
-0.047294873744249344
-0.05359923839569092
-0.03756919503211975
-0.05827323347330093
-0.05725826323032379
-0.0997001826763153
-0.06201020628213882
-0.05212531983852386
-0.05967937409877777
-0.07558505237102509
-0.08154098689556122
-0.0691402405500412
-0.08285076916217805
-0.05146445333957672
-0.05998839437961578
-0.06373868882656097
-0.07349203526973724
-0.08870048820972441
-0.07241509854793549
-0.038054756820201874
-0.07568082213401793
-0.03802713006734848
-0.043489746749401086
-0.07936951518058778
-0.09983311593532562
-0.06421796977519989
-0.08585692942142487
-0.04080238193273544
-0.025135710835456848
-0.055602505803108215
-0.054194599390029914
-0.03442052751779556
-0.06330806016921997
-0.09916241466999054
-0.05683758854866028
-0.05992774665355682
-0.07326932251453398
-0.031396981328725815
-0.02757260948419571
-0.06336826086044312
-0.056027337908744805
-0.0283464789390564
-0.04803785681724548
-0.032721497118473046
-0.03219418227672577
-0.09670679271221162
-0.07923458516597748
-0.029266607016325
-0.03399081900715828
-0.07891273498535155
-0.03913314640522003
-0.05052061378955841
-0.04697245731949806
-0.06649000942707062
-0.07289551198482513
-0.05547597259283066
-0.0792495757341385
-0.09432666003704072
-0.09487267583608627
-0.05064281076192856
-0.06511445343494415
-0.0802507698535919
-0.1012689620256424
-0.04484833404421806
-0.052790567278862
-0.05717369914054871
-0.09202162176370621
-0.08198931813240051
-0.033237293362617486
-0.0478864386677742
-0.0415402427315712
-0.0808846578001976
-0.06952416151762009
-0.055641502141952515
-0.06534257531166077
-0.08910109847784041
-0.07934920489788054
-0.04570409655570984
-0.06996563076972961
-0.09271543473005296
-0.06261396408081055
-0.04802427813410759
-0.09868600219488145
-0.05489290505647659
-0.053629569709300995
-0.03936819732189178
-0.04780314117670059
-0.07927457243204115
0.0007460499182343483
-0.02615051344037056
-0.019199870526790615
-0.06207647919654846
-0.08817493170499802
-0.06453382968902588
-0.07764050364494324
-0.06052841991186141
-0.047574445605278015
-0.051765076816082
-0.046135686337947845
-0.04497610777616501
-0.07892569154500961
-0.04607192426919937
-0.06535638868808745
-0.035761140286922455
-0.08381687104701997
-0.06999581307172775
-0.047669455409049995
-0.02245160192251205
-0.03930027037858963
-0.048011764883995056
-0.04438268765807152
-0.030589610338211056
-0.03620005398988724
-0.0719822496175766
-0.05772927403450012
-0.06674616783857346
-0.075043685734272
-0.0419163852930069
-0.0690225288271904
-0.06548933684825897
-0.11010430753231049
-0.08988584578037262
-0.05547000467777252
-0.09678737819194792
-0.07734674215316771
-0.07190054655075073
-0.05723065882921218
-0.045345842838287354
-0.05037132650613785
-0.03901413828134537
-0.08169418573379517
-0.0543430894613266
-0.08969654887914658
-0.030972667038440704
-0.03451504558324814
-0.06612826138734818
-0.037960931658744805
-0.02553841471672058
-0.0714782178401947
-0.07664847373962401
-0.05145719647407532
-0.03184099495410919
-0.03336386755108833
-0.021600842475891117
-0.049359850585460656
-0.07619830965995789
-0.05773135274648666
-0.09229439496994017
-0.08590273559093475
-0.044664639979600906
-0.07435578107833862
-0.057214885950088494
-0.0528532862663269
-0.07955047488212585
-0.02148788049817085
-0.06689279526472092
-0.06039868295192719
-0.05457346141338348
-0.030015621334314343
-0.0525335669517517
-0.04833259433507919
-0.0729990005493164
-0.07605645805597305
-0.058173924684524536
-0.06631878018379211
-0.04381506145000458
-0.03571324795484543
-0.07182130217552185
-0.036153875291347504
-0.02469493821263313
-0.11133617162704468
-0.008250177837908268
-0.06113962829113007
-0.07981327176094054
-0.04625735804438591
-0.06602805107831955
-0.06380505114793777
-0.07942992448806761
-0.04666188731789589
-0.0577167123556137
-0.05138048529624938
-0.05319482833147049
-0.03993288427591324
-0.028101086616516117
-0.06046836078166962
-0.024336904287338257
-0.06974519044160843
-0.02444349229335785
-0.023738574236631397
-0.03985144197940826
-0.05065782368183136
-0.03020684421062469
-0.06099856644868851
-0.035833340138196945
-0.04621881991624832
-0.05812191218137741
-0.03777645155787468
-0.026533104479312897
-0.049520485103130334
-0.0643245205283165
-0.0746908187866211
-0.03948860615491867
-0.07120273262262344
-0.025398205965757367
-0.02605367451906204
-0.10014243423938753
-0.016627375036478043
-0.035611167550086975
-0.023743551224470135
-0.060121499001979835
-0.04854154959321023
-0.08255761861801147
-0.03946486860513687
-0.0425347276031971
-0.03080889582633972
-0.0246504470705986
-0.06230398267507553
-0.06975510716438293
-0.05587023496627808
-0.029672153294086456
-0.08231149613857269
-0.055502019822597504
-0.05437593162059784
-0.05731403827667236
-0.044368945062160485
-0.07689358294010161
-0.06917426735162735
-0.0662054717540741
-0.053801782429218285
-0.03819090873003005
-0.08268226683139801
-0.07141371816396713
-0.05077487230300903
-0.06318552792072296
-0.05444866418838501
-0.0972529649734497
-0.06768938899040222
-0.07228602468967436
-0.018537670373916623
-0.06911171227693558
-0.0770692229270935
-0.02672477439045906
-0.042884860187768936
-0.03690572082996368
-0.028366155922412872
-0.03804223984479904
-0.01204871106892824
-0.022586874663829803
-0.06836362183094025
-0.07788003981113434
-0.06059812754392624
-0.056107185781002045
-0.0920732170343399
-0.060570269823074334
-0.06494735181331635
-0.051608175039291375
-0.03555986285209656
-0.05159614980220795
-0.03930451348423958
-0.09477034211158752
-0.08578865230083466
-0.04973766207695007
-0.023964501917362213
-0.06937357038259506
-0.04391507431864738
-0.057462319731712334
-0.07547910511493683
-0.046840980648994446
-0.0774611383676529
-0.04133953899145126
-0.0402938649058342
-0.07739564776420593
-0.033579494804143906
-0.04814841598272324
-0.035992465913295746
-0.09898567944765091
-0.08960761129856108
-0.07480395585298538
-0.04047883301973343
-0.06755627691745758
-0.04506891965866089
-0.027812235057353973
-0.05807134509086609
-0.035577088594436646
-0.02139291539788246
-0.047939065843820565
-0.05927735567092896
-0.057513415813446045
-0.08198080211877824
-0.048781946301460266
-0.05564549565315247
-0.049986422061920166
-0.06901486963033676
-0.07634256035089491
-0.045224722474813454
-0.06760944426059723
-0.07946010679006577
-0.053794518113136285
-0.026285007596015927
-0.0444408506155014
-0.05986729264259338
-0.1145179271697998
-0.0392487533390522
-0.0782995969057083
-0.09211631864309312
-0.014334564097225666
-0.06570732593536377
-0.04767478629946709
-0.05068988353013992
-0.006577027030289173
-0.05344168841838837
-0.04011998698115349
-0.04606883972883224
-0.027907926589250565
-0.08265739679336548
-0.07744432240724564
-0.06116541475057602
-0.05143214762210845
-0.021341245621442795
-0.07401420921087265
-0.04504065588116646
-0.04926855862140656
-0.04854951053857803
-0.033824216574430466
-0.04217652603983879
-0.028475113213062286
-0.060828089714050286
-0.06442217528820038
-0.03778352215886116
-0.04302574321627617
-0.06437678635120392
-0.04128486663103104
-0.09041623771190643
-0.02739229053258896
-0.03000956028699875
-0.0498683750629425
-0.024887576699256897
-0.02431466057896614
-0.051516413688659675
-0.04252449050545693
-0.07004401087760925
-0.03152831271290779
-0.04986639320850372
-0.04165777936577797
-0.060667753219604485
-0.09077277034521104
-0.05284159630537033
-0.06664501130580902
-0.023079171776771545
-0.04452311247587204
-0.013738992623984812
-0.07197953015565872
-0.0205637626349926
-0.043743032962083817
-0.05404416471719742
-0.029579151421785355
-0.0146139832213521
-0.08291013538837434
-0.05888811498880386
-0.04370599985122681
-0.00042542628943920135
-0.051340796053409576
-0.0833548754453659
-0.03405989706516266
-0.03273561969399452
-0.05089784413576126
-0.055373549461364746
-0.0257180817425251
-0.06467126309871674
-0.06636582314968109
-0.048257987946271896
-0.036068551242351525
-0.05728313326835632
-0.002223785035312176
-0.05714077502489089
-0.08816318213939665
-0.02064657211303711
-0.06014733761548996
-0.06615012884140015
-0.0847003385424614
-0.11637625098228455
-0.06379295885562897
-0.022158265113830566
-0.04876433312892914
-0.07013962417840958
-0.038703583180904395
-0.07732081413269043
-0.040830932557582855
-0.02984382957220077
-0.08396437019109726
-0.07511855661869049
-0.04171714559197426
-0.0374043732881546
-0.034059766680002206
-0.051730945706367486
-0.05579841881990433
-0.04194632917642593
-0.06392943859100342
-0.09651298820972441
-0.04101918265223503
-0.07759877294301985
-0.059637129306793206
-0.04084404557943344
-0.07726304233074188
-0.06319780647754669
-0.03257526829838753
-0.07009021937847137
-0.08968520164489746
-0.043079402297735214
-0.02241719886660576
-0.05594340711832047
-0.05990658700466156
-0.04926852881908417
-0.03002987802028656
-0.04192638769745827
-0.07202508300542831
-0.049751557409763336
-0.03219756856560707
-0.050988614559173584
-0.03644827008247376
-0.08626018464565277
-0.02129549905657768
-0.052270188927650445
-0.0402996502816677
-0.05043754726648331
-0.038094013929367065
-0.04010467231273651
-0.020949676632881165
-0.06583230197429657
-0.04990873485803604
-0.054228655993938446
-0.07283584028482437
-0.022592619061470032
-0.04538550227880478
-0.06103269010782242
-0.054294608533382416
-0.06135550141334534
-0.04040166363120079
-0.04939386993646622
-0.05542562901973724
-0.061741143465042114
-0.0493551641702652
-0.07510574162006378
-0.07962103188037872
-0.06460805237293243
-0.06092765927314758
-0.04039609804749489
-0.06185876578092575
-0.08755061775445938
-0.09567685425281523
-0.06713934242725372
-0.11069798469543456
-0.04226617142558098
-0.05074356496334076
-0.06106626242399216
-0.06499788910150528
-0.061322547495365136
-0.053504444658756256
-0.08921970427036285
-0.09079963713884352
-0.05009928345680237
-0.06155844032764434
-0.04945283383131027
-0.08795213699340819
-0.08871880918741226
-0.08344098180532454
-0.03698226064443588
-0.06921196728944777
-0.050780683755874634
-0.05242146551609039
-0.070136159658432
-0.05271516740322113
-0.07849291712045668
-0.07997392117977142
-0.0770975351333618
0.005603174678981304
-0.03896044567227364
-0.07629023492336273
0.0014843549579381943
-0.057321950793266296
-0.024995740503072735
-0.02324904501438141
-0.06066334247589111
-0.05390109121799469
-0.038994088768959045
-0.0253814235329628
-0.05317975580692291
-0.06549558788537979
-0.0401587150990963
-0.04942212998867034
-0.06282739341259003
-0.07760997116565704
-0.03532581031322479
-0.06680787354707718
-0.02550359815359116
-0.09368901699781418
-0.02797657996416092
-0.06512406468391417
-0.04496922716498375
-0.02458913624286652
-0.08251727372407913
-0.0762639045715332
-0.05475562810897827
-0.08576884865760803
-0.04650910571217537
-0.03760511800646782
-0.053127288818359375
-0.035463184118270874
-0.051818765699863434
-0.055705249309539795
-0.07449552416801453
-0.0443045012652874
-0.06381619721651077
-0.05530436336994171
-0.02774912118911743
-0.05883325636386871
-0.07330931723117827
-0.036931566894054406
-0.04445072263479233
-0.06166137009859085
-0.04471573606133461
-0.03903688862919808
-0.08466770499944688
-0.08192525804042816
-0.04711449891328812
-0.04341412708163261
-0.06473496556282043
-0.04408915340900421
-0.026213973760604855
-0.06813159584999084
-0.06623134016990662
-0.061372056603431695
-0.02973690629005432
-0.08817850798368454
-0.07032977044582367
-0.047842834144830704
-0.0509226992726326
-0.09168587625026704
-0.038060273975133896
-0.03612034395337105
-0.032285962253808975
-0.05214148014783859
-0.07045266032218933
-0.055655524134635925
-0.048990562558174126
-0.07843250036239624
-0.07387761771678925
-0.11266712844371796
-0.05747930705547333
-0.034080870449543
-0.06585262715816498
-0.08079448342323302
-0.05455750972032546
-0.031134955585002896
-0.03515546768903732
-0.05222117900848389
-0.04118287563323975
-0.07732149213552475
-0.06810705363750458
-0.08015516400337219
-0.04216471314430237
-0.03455659747123718
-0.06546281278133392
-0.05722928047180176
-0.08551529049873352
-0.047936186194419854
-0.03546489030122757
-0.05635803937911987
-0.0479154959321022
-0.010335818864405155
-0.03845909982919693
-0.046174269169569016
-0.04881026595830917
-0.0672958642244339
-0.06678608059883118
-0.07337585091590881
-0.02752275764942169
-0.03419210761785507
-0.07358134537935257
-0.02948927879333496
-0.10853012651205061
-0.09590028226375581
-0.022544823586940765
-0.05787472426891327
-0.02758876234292984
-0.062414422631263726
-0.029304996132850647
-0.06488917768001556
-0.07820835709571838
-0.04076962172985077
-0.07229752838611601
-0.057254984974861145
-0.054165832698345184
-0.048895485699176795
-0.07354076206684113
-0.07580767571926117
-0.08897560834884644
-0.05207948386669159
-0.06740159541368484
-0.05800879746675491
-0.06503662467002869
-0.0520288422703743
-0.07072104513645172
-0.03786418214440346
-0.04967432469129562
-0.04633765667676926
-0.04640789330005646
-0.0444435179233551
-0.05604660511016846
-0.07427066564559937
-0.046473883092403405
-0.0327286422252655
-0.022624149918556213
-0.07228828966617584
-0.05997716635465621
-0.08031545579433441
-0.026195846498012543
-0.00575884897261858
-0.05969557166099548
-0.0440920814871788
-0.07599777728319168
-0.06743350625038147
-0.06580611318349838
0.001127404160797596
-0.08521629869937895
-0.05653201788663864
-0.04997056722640991
-0.034381188452243805
-0.08634298294782639
-0.08436465263366699
-0.06604237854480743
-0.03615039587020873
-0.056157216429710395
-0.07481465488672256
-0.021009143441915512
-0.05677595734596253
-0.03544864058494568
-0.09592637419700623
-0.01609230414032936
-0.04506676644086838
-0.09275731444358824
-0.023213986307382584
-0.03200959414243698
-0.04381430894136429
-0.03833266720175743
-0.0494733527302742
-0.033145353198051446
-0.06134799122810364
-0.06978479027748108
-0.065998874604702
-0.0284617580473423
-0.06417098641395569
-0.012580635957419872
-0.04255317896604537
-0.05423447489738464
-0.032418347895145416
-0.07015804946422577
-0.04835730418562889
-0.011114916764199732
-0.03166373446583748
-0.0419570617377758
-0.03429223597049713
-0.05726601183414459
-0.04814442619681358
-0.06519061326980591
-0.04927816241979599
-0.021858252584934235
-0.069953553378582
-0.04111869633197784
-0.04258985817432404
-0.07230489701032639
-0.08249512314796446
-0.06090009212493896
-0.05776243656873703
-0.046214479953050606
-0.07810450345277786
-0.04596993699669837
-0.08643230050802231
-0.0499359741806984
-0.05474093556404114
-0.04148353263735771
-0.06111548840999603
-0.053886651992797845
-0.036165915429592126
-0.07833214104175566
-0.0355808287858963
-0.06767037510871887
-0.08567336201667786
-0.03373148292303085
-0.05988231301307678
-0.04768431559205055
-0.056729190051555634
-0.04733464494347572
-0.02155432850122452
-0.0634666457772255
-0.04179143160581589
-0.06786268949508667
-0.07308933138847351
-0.08986257761716841
-0.054773569107055664
-0.08588691800832748
-0.07265808433294296
-0.06276852637529373
-0.04041603207588196
-0.057138651609420776
-0.06326786428689957
-0.05856940895318985
-0.07081199437379837
-0.0428607352077961
-0.04870479553937912
-0.036985479295253754
-0.056120723485946655
-0.06479531526565552
-0.01704629138112068
-0.07132767885923386
-0.054784715175628655
-0.07776910066604614
-0.06783565878868103
-0.02609368786215782
-0.03183118999004364
-0.03567924723029137
-0.07077208161354065
-0.06512650102376938
-0.06554412096738815
-0.05768110603094101
-0.028520815074443817
-0.04172318056225777
-0.016938306391239166
-0.04106800258159637
-0.0775984078645706
-0.08252185583114624
-0.03588348999619484
-0.05763621628284454
-0.07303152978420258
-0.04786987230181695
-0.04826268181204796
-0.06305692344903946
-0.06472132354974747
-0.04858650267124176
-0.032899923622608185
-0.042690768837928765
-0.008612283505499363
-0.019698426127433777
-0.07337139546871185
-0.02777674049139023
-0.035094909369945526
-0.0885111391544342
-0.05636937916278839
-0.051093176007270806
-0.03758874908089638
-0.040157563984394073
-0.04829728230834007
-0.04140983149409294
-0.08236953616142273
-0.07755190879106522
-0.07010193914175034
-0.031034976243972775
-0.055029407143592834
-0.08489111065864563
-0.02715691179037094
-0.020469851791858677
-0.05402210354804993
-0.0885843187570572
-0.048666760325431824
-0.07265041768550874
-0.039649851620197296
-0.04282611235976219
-0.05143870413303375
-0.05343678593635559
-0.05168475955724716
-0.04673132300376892
-0.06898849457502365
-0.05235690623521805
-0.09653255343437193
-0.04122326895594597
-0.04350434243679047
-0.04957819730043411
-0.09114864468574527
-0.04408187791705132
-0.055929072201251984
-0.020963959395885468
-0.0651797354221344
-0.04361209273338318
-0.03822319954633713
-0.03494115173816681
-0.07464622706174849
-0.04692414775490761
-0.04559432715177536
-0.04475787281990051
-0.05811817944049835
-0.05309904366731644
-0.04178070276975632
-0.07650817930698393
-0.06188726425170898
-0.04955372214317322
-0.0726921707391739
-0.041373394429683685
0.006067986600100993
-0.05681239068508148
-0.02128785103559494
-0.04926081001758576
-0.05105659365653992
-0.006672394461929798
-0.029246844351291656
-0.08991464972496031
-0.026477176696062088
-0.032697781920433044
-0.05760303139686584
-0.03856585174798965
-0.06860540807247162
-0.04663978517055512
0.003782312385737896
-0.048159565776586526
-0.08301198482513428
-0.06258730590343475
-0.06564147770404816
-0.05439063906669617
-0.058437354862689965
-0.07792834937572478
-0.04458553344011306
-0.07876352220773696
-0.038366518914699554
-0.019519511610269543
-0.016589991748332977
-0.06120574474334717
-0.06568966060876846
-0.07667549699544905
-0.06953787803649902
-0.06929092109203339
-0.0566643625497818
-0.057352378964424126
-0.04164265841245651
-0.03322330117225647
-0.04727897793054581
-0.016031235456466675
-0.038886494934558875
-0.044559314846992486
-0.06001211702823639
-0.06390205770730972
-0.08002510666847229
-0.04447530582547188
-0.07200819253921509
-0.03562401607632637
-0.08377673476934433
-0.08355683088302611
-0.05820871889591217
-0.03824830800294876
-0.019839510321617126
-0.04729290679097176
-0.030192904174327847
-0.02569453418254852
-0.09314059466123582
-0.05619713664054871
-0.07848747074604033
-0.023939721286296844
-0.05058004707098007
-0.07403281331062317
-0.034035831689834595
-0.04963687062263489
-0.04830003902316093
-0.07395102083683014
-0.03175995871424675
-0.06365339457988739
-0.05649511516094208
-0.02406103163957596
-0.08836080133914948
-0.03908469527959824
-0.04388926178216934
-0.07015731930732727
-0.02014174312353134
-0.07749360799789427
-0.037238478660583496
-0.11106806993484496
-0.039495550096035
-0.03400879353284836
-0.0705404132604599
-0.07380301505327223
-0.01563403010368347
-0.06834371387958527
-0.033862147480249405
-0.0870501399040222
-0.052637659013271325
-0.046484053134918206
-0.07501675188541411
-0.03245660662651062
-0.036931142210960395
-0.017078828066587448
-0.05244423449039459
-0.028697915375232697
-0.05506083369255066
-0.040920257568359375
-0.03707749396562576
-0.019391667097806927
-0.047069571912288666
-0.06359749287366867
-0.04218422621488571
-0.050655752420425415
-0.052092313766479485
-0.032195083796978
-0.06763498485088348
-0.055621758103370667
-0.0568130761384964
-0.03725777193903923
-0.06007294356822968
-0.0748486816883087
-0.0482856035232544
-0.054888948798179626
-0.05740061402320862
-0.05104605853557587
-0.08191370964050293
-0.077452652156353
-0.07253755629062653
-0.1167229562997818
-0.05915558338165283
-0.05236094444990158
-0.03815964981913567
-0.07841952145099639
-0.03463364765048027
-0.04073584824800491
-0.0823724865913391
-0.06785468757152557
-0.07544043660163878
-0.06092691421508789
-0.015646591782569885
-0.043712571263313287
-0.04634951055049896
-0.05961517989635468
-0.03777690976858139
-0.04975626617670059
-0.10130172967910767
-0.05983064323663712
-0.06546927988529205
-0.061196520924568176
-0.04468288272619248
-0.09031865745782851
-0.041018173098564155
-0.09145009517669676
-0.05109196901321411
-0.08411277830600737
-0.05834294855594635
-0.04442454501986504
-0.10318148136138916
-0.058001190423965454
-0.050883613526821136
-0.05336256325244904
-0.08517208695411682
-0.05094663053750992
-0.08540042489767073
-0.03758589923381805
-0.07200010120868683
-0.04737121239304543
-0.03993646055459976
-0.04938207566738129
-0.06317194551229477
-0.06110093742609024
-0.07322871685028076
-0.050412438809871674
-0.025243356823921204
-0.0967649519443512
-0.029341280460357663
-0.03332924842834473
-0.07064178586006165
-0.049016393721103675
-0.06511736661195755
-0.04520338773727417
-0.04811973869800568
-0.05215749889612198
-0.04051615670323372
-0.07780314236879347
-0.05056210607290268
-0.0707520917057991
-0.02667698264122009
-0.0651378259062767
-0.0848744809627533
-0.06477714329957962
-0.0618303045630455
-0.04545333608984947
-0.057344503700733185
-0.048350244760513306
-0.06957508623600006
-0.053126201033592224
-0.027492541819810867
-0.041598714888095856
-0.06079590320587158
-0.050314426422119134
-0.060002759099006646
-0.013868213631212711
-0.06300675868988037
-0.030341412872076035
-0.042051218450069434
-0.07648905366659164
-0.026040390133857727
-0.049889206886291504
-0.02232471853494644
-0.04347950220108032
-0.08226341754198073
-0.04505031183362007
-0.06638339161872864
-0.023058585822582245
-0.07281634956598282
-0.05356463044881821
-0.0622078999876976
-0.022295787930488583
-0.039163686335086816
-0.08648690581321715
-0.03291856870055199
-0.06438267230987549
-0.06994760781526566
-0.07019741833209991
-0.05124065279960632
-0.09844850003719328
-0.03145068511366844
-0.0557023212313652
-0.047379743307828896
-0.05045371502637863
-0.0019125649705529209
-0.04323256388306618
-0.05422239005565643
-0.061805427074432366
-0.04428352043032646
-0.01891630887985229
-0.03992312774062157
-0.07032996416091919
-0.09294431656599043
-0.08696570247411728
-0.05875730514526367
-0.014367473311722279
-0.0931507870554924
-0.0845753401517868
-0.07036829739809036
-0.04506682232022285
-0.04105634987354279
-0.041439346969127655
-0.07692962884902954
-0.06585827469825745
-0.061437658965587616
-0.07928018271923065
-0.04981907457113265
-0.056674867868423455
-0.013504651375114916
-0.03417213261127472
-0.04018526896834373
-0.10031533241271973
-0.0554489940404892
-0.022012129426002502
-0.08130469918251036
-0.0795992836356163
-0.05036298930644989
-0.06638505309820175
-0.04839605838060379
-0.07877486199140547
-0.07377555966377257
-0.05663841962814331
-0.06578478217124939
-0.013540168292820452
-0.04908234626054764
-0.060464397072792046
-0.034286003559827805
-0.047127336263656616
-0.09722627699375153
-0.03945674002170563
-0.08908823132514954
-0.07119537889957428
-0.06051531434059143
-0.07119734585285187
-0.07372023165225983
-0.09429037570953368
-0.04004841670393944
-0.053102679550647736
-0.046543188393116
-0.040531698614358895
-0.060389585793018334
-0.0324719175696373
-0.07546603679656982
-0.06449166685342789
-0.039616689085960395
-0.07149672508239746
-0.05266911536455154
-0.030350819230079647
-0.028812941163778305
-0.0662982314825058
-0.05022752285003662
-0.03338825702667236
-0.05317418277263641
-0.050417326390743256
-0.06804725527763367
-0.07870854437351225
-0.08128748834133148
-0.07372494786977768
-0.052231118083000176
-0.06017274409532546
-0.07168954610824585
-0.047480259090662
-0.0719899833202362
-0.07586838304996489
-0.048015277832746506
-0.0589679479598999
-0.04698027670383453
-0.042235717177391045
-0.09828868508338928
-0.05566936731338501
-0.045686595141887665
-0.09311214089393616
-0.062166601419448846
-0.0907132476568222
-0.05186745524406433
-0.04972396790981293
-0.042597956955432885
-0.06354423612356186
-0.05187179148197174
-0.045904632657766335
-0.06060877442359924
-0.048219677060842514
-0.03180287778377533
-0.046341560781002045
-0.04619399830698967
-0.0220247395336628
-0.044795822352170944
-0.025431260466575623
-0.043234050273895264
-0.0430266335606575
-0.03495456278324127
-0.051605679094791405
-0.06326884776353836
-0.05774293094873428
-0.07023230195045471
-0.057867467403411865
-0.06609809398651123
-0.03086770325899124
-0.05769062787294388
-0.039983481168746955
-0.07671476900577545
-0.07590217888355254
-0.06297238171100616
-0.05517501384019852
-0.06053715944290161
-0.07363159954547882
-0.046912163496017456
-0.06241241097450256
0.0022645220160484314
-0.0798651874065399
-0.05804084986448288
-0.0941193550825119
-0.017820008099079132
-0.045776594430208206
-0.10044118016958235
-0.09431424736976624
-0.0590474009513855
-0.04660337418317794
-0.049383968114852905
-0.07710573822259904
-0.05378558486700057
-0.05367595702409744
-0.09663520753383635
-0.04255885630846024
-0.06922850012779236
-0.05037789046764374
-0.056417450308799744
-0.03987329825758935
-0.07179397344589233
-0.037621244788169854
-0.05849134922027588
-0.040199369192123406
-0.06125488877296448
-0.04252404347062111
-0.07331601530313492
-0.11722227931022644
-0.0991334468126297
-0.04583141207695007
-0.054844900965690606
-0.05011624842882156
-0.06935163587331772
-0.07338140159845352
-0.08055252581834793
-0.016017723828554153
-0.07667259871959686
-0.07832148671150206
-0.049170225858688354
-0.03259837254881859
-0.01861444860696793
-0.06865538656711577
-0.09009161591529846
-0.03925771266222
-0.07085232436656952
-0.07530185580253601
-0.03567187488079071
-0.059171587228775024
-0.09221737831830977
-0.043956268578767776
-0.06629693508148193
-0.0573069304227829
-0.05490708351135254
-0.05006839334964752
-0.049686133861541755
-0.044679850339889526
-0.06429315358400345
-0.029692742973566052
-0.11176049709320068
-0.08476308733224867
-0.06560827791690825
-0.06639078259468079
-0.08622389286756516
-0.03235388547182083
-0.0426395758986473
-0.03753764182329178
-0.039797328412532806
-0.0846395194530487
-0.0489555299282074
-0.020006626844406128
-0.07007043808698654
-0.0311918780207634
-0.035425908863544464
-0.03467090427875519
-0.052111275494098656
-0.026259776204824448
-0.05455245822668076
-0.07330209761857985
-0.07109370827674866
-0.032399047166109085
-0.06260234117507935
-0.08493989706039427
-0.06058117002248764
-0.03897837176918984
-0.04638729989528656
-0.07360808551311493
-0.03685486316680908
-0.05317133665084839
-0.04875975102186203
-0.07659713923931123
-0.045017540454864495
-0.07354120910167694
-0.05576770752668381
-0.06832854449748993
-0.08105270564556122
-0.08794741332530974
-0.09197174012660979
-0.05270562320947647
-0.09099075198173523
-0.05836297571659088
-0.05303514748811722
-0.056513741612434394
-0.042564403265714645
-0.07809595763683319
-0.05815894156694412
-0.09036529809236526
-0.04501661285758018
-0.051692984998226166
-0.04355135932564736
-0.03580095618963241
-0.054601997137069695
-0.09070925414562224
-0.08798441290855406
-0.04616069421172143
-0.08777301013469696
-0.06840118020772934
-0.07203009724617004
-0.06430099904537201
-0.07840488851070403
-0.015376315452158453
-0.06742812693119049
-0.03465334698557854
-0.06651842594146729
-0.049736127257347114
-0.0922948122024536
-0.0319722555577755
-0.0586404725909233
-0.05693977326154709
-0.07273802906274796
-0.05552910268306732
-0.025190718472003937
-0.06505761295557022
-0.027225024998188015
-0.04936658591032028
-0.06377083063125609
-0.0713658556342125
-0.03502456843852997
-0.0503602996468544
-0.0077407294884324065
-0.08158596605062483
-0.09160494804382323
-0.029711596667766568
-0.06328454613685608
-0.05569285899400711
-0.04220138490200043
-0.08075492084026337
-0.06464935839176178
-0.06956596672534943
-0.05775193125009537
-0.09478513896465299
-0.043524526059627526
-0.04301903396844864
-0.08850131183862686
-0.010499724186956882
-0.038544736802577965
-0.06206389516592026
-0.05384454131126404
-0.0770813599228859
-0.06473012268543243
-0.055420368909835815
-0.05361224710941315
-0.044838376343250275
-0.04598718881607056
-0.008413075469434261
-0.04155434295535088
-0.05815989524126053
-0.06169244647026063
-0.062063872814178474
-0.044527195394039154
-0.07363288104534149
-0.07371759414672852
-0.05086468905210495
-0.023180902004241943
-0.04150844365358353
-0.03685230389237404
-0.042481131851673126
-0.04658341780304909
-0.03601706773042679
-0.06225034594535828
-0.06504594534635544
-0.038309387862682336
-0.05021758377552032
-0.07989444583654404
-0.04735100269317626
-0.049681328237056725
-0.059481024742126465
-0.05069800466299057
-0.07252037525177003
-0.04490386694669724
-0.053308963775634766
-0.03524574637413025
-0.07905236631631851
-0.04168849065899849
-0.005873923189938068
-0.06026746332645416
-0.06600292026996613
-0.026511706411838528
-0.021169494837522503
-0.06485191732645035
-0.08160415291786195
-0.01698406413197517
-0.03562258556485176
-0.07800813764333726
-0.07264398038387297
-0.10110551118850708
-0.04771815985441208
-0.05871991068124771
-0.0403870865702629
-0.03084585815668106
-0.08629889786243439
-0.03966965898871422
-0.03488319367170334
-0.04592694714665413
-0.057584404945373535
-0.05517075955867767
-0.04194246977567673
-0.04432407021522521
-0.05302625894546509
-0.009220031090080738
-0.10429178923368453
-0.06044845283031464
-0.0294465497136116
-0.057330094277858734
-0.04275934398174286
-0.06396554410457611
-0.06824709475040436
-0.05720144510269165
-0.06203767657279968
-0.03759931772947312
-0.07073958963155745
-0.06352224946022034
-0.08673433959484099
-0.08049590140581131
-0.04311952367424965
-0.05823953449726105
-0.07547761499881744
-0.03270237520337105
-0.06845272332429886
-0.05003928393125534
-0.07230143994092941
-0.06236231327056885
-0.07881610095500946
-0.056818485260009766
-0.09619799256324768
-0.04198307543992996
-0.07267998903989792
-0.03625029325485229
-0.05377867817878723
-0.07812947779893875
-0.05106239765882492
-0.10052768886089324
-0.042025849223136895
-0.03539305180311203
-0.0741957575082779
-0.09652238339185713
-0.047757528722286224
-0.06732462346553801
-0.033813752233982086
-0.07852567732334137
-0.06956219673156738
-0.06380192935466766
-0.05210742354393005
-0.0609423741698265
-0.09103350341320035
-0.07471071183681488
-0.09769535064697264
-0.05063680559396744
-0.08118510246276854
-0.05677172541618347
-0.06229096651077271
-0.05452503263950348
-0.04581160843372345
-0.07225336134433745
-0.044775843620300286
-0.06036899983882904
-0.03996329754590988
-0.06922157853841782
-0.07899083197116852
-0.005257022567093372
-0.04889656603336334
-0.07185998558998108
-0.042538035660982125
-0.10236059874296188
-0.020975936204195023
-0.07010063529014587
-0.08682281523942947
-0.0580281838774681
-0.05154906213283538
-0.06043334305286408
-0.02566025406122208
-0.09532800316810609
-0.040006384253501885
-0.047381430864334106
-0.055242173373699195
-0.061470024287700646
-0.09302205592393875
-0.04604144021868706
-0.06102314591407776
-0.060564830899238586
-0.04676457867026329
-0.03264474868774414
-0.0927300825715065
-0.08534891158342361
-0.006694433279335499
-0.130806565284729
-0.060005828738212585
-0.0789750963449478
-0.09526725858449937
-0.0682687759399414
-0.0649615079164505
-0.03449002653360367
-0.07109126448631287
-0.051458701491355896
-0.0627320408821106
-0.06016127020120621
-0.06637392938137054
-0.04923398047685623
-0.03841535001993179
-0.09218052774667741
-0.03939945995807648
-0.018706262111663815
-0.09402297437191008
-0.05576117336750031
-0.03271559253334999
-0.04893858730792999
-0.09222516417503358
-0.03208458423614501
-0.08829918503761292
-0.07083553075790405
-0.06815234571695328
-0.060466699302196496
-0.09829816222190857
-0.07010912150144577
-0.05175052583217621
-0.006545183248817921
-0.036527685821056366
-0.0737169086933136
-0.07323140650987625
-0.07369077950716017
-0.06458693742752075
-0.09964517503976819
-0.08717204630374908
-0.05074471980333328
-0.05311245471239089
-0.052200205624103546
-0.0037984820082783695
-0.04672525078058242
-0.06862092763185501
-0.05772019922733306
-0.06612077355384827
-0.07650643587112425
-0.0467807874083519
-0.07689805328845978
-0.03212806582450867
-0.06780126690864563
-0.05475787818431854
-0.0397198274731636
-0.05468064546585083
-0.0326119028031826
-0.04318207502365112
-0.0917193293571472
-0.04195333644747734
-0.07096856832504272
-0.051330924034118645
-0.005421468056738377
-0.07883077859878541
-0.03191482648253441
-0.027145694941282272
-0.0699629858136177
-0.05939748883247376
-0.02588200569152832
-0.07632012665271759
-0.030686981976032257
-0.017377350479364395
-0.043179996311664574
-0.06163738667964935
-0.06476292014122009
-0.07953007519245148
-0.040891341865062714
-0.0649372935295105
-0.058725766837596886
-0.04449955374002457
-0.07605396211147308
-0.040923915803432465
-0.04471300542354584
-0.04002071917057037
-0.06877684593200684
-0.07191663980484009
-0.027187176048755642
-0.056943073868751526
-0.0498843789100647
-0.04807544499635696
-0.041658706963062286
-0.034715231508016586
-0.05285114049911499
-0.06893187016248703
-0.04390403628349304
-0.04749803245067597
-0.06260181963443756
-0.039053697139024734
-0.045925728976726525
-0.03139743208885193
-0.05482056736946105
-0.07225188612937926
-0.08811275660991667
-0.05686652660369873
-0.0637020617723465
-0.10537246614694595
-0.05148126929998398
-0.07686991244554518
-0.05485200881958008
-0.045176200568676
-0.07334660738706589
-0.05312106013298035
-0.036289632320404046
-0.023337349295616146
-0.1019228845834732
-0.042837899178266525
-0.08144009113311766
-0.07353277504444121
-0.05403054505586624
-0.018387600779533383
-0.035126186907291405
-0.03174516558647156
-0.04838147759437561
-0.0851781442761421
-0.04100302979350089
-0.05213820934295654
-0.04618295282125473
-0.029522597789764404
-0.05372859537601471
-0.04517267644405365
-0.04269595444202423
-0.05954716354608536
-0.03501719981431961
-0.02264181524515152
-0.08314269036054611
-0.02395344153046608
-0.059726737439632416
-0.044400304555892944
-0.0699181854724884
-0.03263748064637184
-0.051667466759681695
-0.07549721002578734
-0.04595436528325081
-0.025342315435409542
-0.06384639441967009
-0.03965952992439271
-0.040743045508861535
-0.06376214325428009
-0.06445878744125366
-0.0762670338153839
-0.08057928085327148
-0.07501699775457382
-0.001444500871002674
-0.04410413652658463
-0.06971942633390427
-0.09427566081285475
-0.07206346094608307
-0.0798526480793953
-0.06271767616271973
-0.052040264010429375
-0.03590485826134682
-0.03454724699258804
-0.018202219158411023
-0.08537183701992035
-0.04981856048107147
-0.042026914656162255
-0.05350666493177414
-0.05701544880867004
-0.08669723570346832
-0.03375858813524246
-0.036901868879795074
-0.05516248196363449
-0.036954768002033234
-0.05417753756046295
-0.05914802849292755
-0.03898008912801743
-0.09489186853170394
-0.021161638200283047
-0.04110418260097504
-0.0810258761048317
-0.05473392456769943
-0.103816419839859
-0.0780332013964653
-0.020567085593938828
-0.0590706244111061
-0.05939558893442154
-0.0729115307331085
-0.08547443151473999
-0.05382329225540161
-0.029005978256464005
-0.05549609661102295
-0.058727025985717766
-0.0602429062128067
-0.02665144205093384
-0.037862092256546014
-0.06477223336696625
-0.03005380555987358
-0.02521247789263725
-0.07830417901277542
-0.04538005590438842
-0.05961899459362031
-0.003799173049628735
-0.024828683584928513
-0.03082717955112457
-0.0866737812757492
-0.05074720084667206
-0.03642255067825317
-0.035383567214012146
-0.043728649616241455
-0.04611945897340775
-0.04619322717189789
0.006760966964066029
-0.08139674365520477
-0.04768969491124153
-0.013380187563598156
-0.08713798224925993
-0.07444720715284348
-0.032933909446001046
-0.03839903697371482
-0.04211650043725968
-0.06626616418361664
-0.04789387434720993
-0.012953256256878376
-0.07155192643404007
-0.015680648386478424
-0.05351162701845169
-0.04474039375782013
-0.05821499973535538
-0.06629407405853271
-0.08358064293861389
-0.09094269573688508
-0.0731406956911087
-0.058011241257190704
-0.0267297625541687
-0.01992993801832199
-0.03470926731824875
-0.06516162306070328
-0.04655015468597412
-0.06097043305635452
-0.05295320600271225
-0.056918814778327935
-0.06668561697006226
-0.055352464318275445
-0.03697728365659714
-0.08560687303543091
-0.04513603076338768
-0.06943082064390182
-0.06888829916715622
-0.07815588265657425
-0.08694510161876678
-0.05297338217496872
-0.07918976992368698
-0.04707944765686989
-0.060049474239349365
-0.07869835197925566
-0.04724574089050293
-0.06781047582626343
-0.034277282655239105
-0.029067821800708767
-0.04298821836709976
-0.05280817300081253
-0.026855237782001492
-0.04095376655459404
-0.03862801194190979
-0.057919085025787354
-0.09276944398880003
-0.008024734444916248
-0.045916877686977386
-0.05066204071044922
-0.06312938779592514
-0.0369010828435421
-0.08792021870613098
-0.05638571083545685
-0.041651301085948944
-0.0509692132472992
-0.057592645287513726
-0.062039107084274285
-0.0588347315788269
-0.04052381217479706
-0.030189387500286102
-0.06972931325435638
-0.07685244083404541
-0.06472320854663849
-0.046847917139530175
-0.04424590244889259
-0.046782977879047394
-0.08155134320259094
-0.04655358195304871
-0.06434536725282669
-0.056422337889671326
-0.059570729732513435
-0.05668941885232925
-0.045522186905145645
-0.05869662016630173
-0.04529375582933426
-0.04576242342591286
-0.0603911429643631
-0.029218554496765137
-0.033869266510009766
-0.04850521311163902
-0.054232336580753326
-0.0179964080452919
-0.0874270051717758
-0.0843750983476639
-0.0439516231417656
-0.03803429007530213
-0.04373113811016082
-0.054398730397224426
-0.07929714024066925
-0.04154459759593009
-0.03478698432445526
-0.09508431702852248
-0.04429955780506135
-0.043815910816192634
-0.06644819676876068
-0.06037637591362
-0.06649570167064667
-0.08087146282196046
-0.063836470246315
-0.0830380767583847
-0.04041709750890732
-0.0698012262582779
-0.0664495974779129
-0.030780136585235596
-0.059740349650383
-0.07898171246051788
-0.04539594054222106
-0.07270705699920654
-0.04932400584220886
-0.05839853733778
-0.030689742416143417
-0.049752824008464806
-0.05320967733860016
-0.04849937185645104
-0.028258152306079865
-0.07652183622121811
-0.04748982191085816
-0.05891992151737213
-0.06485282629728317
-0.054342120885849
-0.05675548315048218
-0.021463729441165924
-0.09175944328308104
-0.04269177466630936
-0.010948969982564448
-0.04637913033366203
-0.06670279800891876
-0.05841860175132752
-0.02007389068603516
-0.06830666959285736
-0.08578448742628098
-0.03023497015237808
-0.08379229903221129
-0.09088551998138429
-0.05522333085536957
-0.048757404088974
-0.05076390504837036
-0.044475115835666656
-0.0601222813129425
-0.07269166409969331
-0.0841439738869667
-0.04008184373378754
-0.02904911339282989
-0.07437521219253539
-0.0485134944319725
-0.06490546464920044
-0.027226749807596207
-0.053723663091659546
-0.05373513698577881
-0.03695383295416832
-0.07027009129524231
-0.015853680670261383
-0.0832245945930481
-0.06622103601694107
-0.05705375224351882
-0.04315691441297531
-0.045868679881095886
-0.06507908552885056
-0.0685848593711853
-0.039115916937589645
-0.058811023831367486
-0.06619865447282791
-0.06418156623840332
-0.031036172062158585
-0.01897531002759933
-0.026260726153850555
-0.07704144716262817
-0.0897127315402031
-0.1054610088467598
-0.06954137980937958
-0.019109070301055908
-0.08451289683580399
-0.030016738921403885
-0.014508039690554142
-0.08038850873708725
-0.06273068487644196
-0.07188733667135239
-0.0360805094242096
-0.08082548528909683
-0.04489154741168022
-0.04611114040017128
-0.05036946386098862
-0.0587167888879776
-0.04834064096212387
-0.08485947549343109
-0.050048843026161194
-0.04663879051804543
-0.07935799658298492
-0.08640024065971375
-0.07061102241277695
-0.06010182201862335
-0.054359912872314446
-0.04499384015798569
-0.05908885598182678
-0.08406564593315123
-0.05740824341773986
-0.10636477172374724
-0.044717665761709206
-0.021178875118494037
-0.06280627846717833
-0.067072294652462
-0.05132084339857101
-0.05821293592453002
-0.0813867598772049
-0.05226334929466248
-0.05608020722866058
-0.048853382468223565
-0.06856103241443634
-0.04498305171728134
-0.03274286910891533
-0.058478787541389465
-0.03627457097172737
-0.04088156297802925
-0.07545360922813414
-0.049095071852207184
-0.04837894812226296
-0.04305073618888855
-0.0417277067899704
-0.04346968606114388
-0.07398223876953125
-0.03696750476956368
-0.07942299544811247
-0.07762537896633148
-0.0255386084318161
-0.04793247580528259
-0.0454164333641529
-0.05746598541736602
-0.06022843718528748
-0.07534337043762207
-0.05616692453622817
-0.025593627244234085
-0.037853803485631936
-0.05192317813634872
-0.020268477499485012
-0.08637133985757828
-0.03900422528386116
-0.03154794126749039
-0.06580458581447601
-0.028047531843185425
-0.04673457890748978
-0.03361949324607849
-0.07604001462459564
-0.0314815454185009
-0.05989278852939606
-0.0819101333618164
-0.051737286150455475
-0.05393724888563156
-0.09455019235610962
-0.08900021016597748
-0.030207078903913494
-0.05643957853317261
-0.06569094210863113
-0.05336778610944748
-0.023070108145475388
-0.029591839760541916
-0.008766266517341137
-0.04730888083577156
-0.05780705809593201
-0.08409778773784637
-0.06903002411127089
-0.09159789234399796
-0.075913667678833
-0.07740957289934158
-0.06753578037023544
-0.06558932363986969
-0.10047760605812071
-0.07422176748514174
-0.06144188344478607
-0.03771356493234634
-0.07480505108833313
-0.05683521926403046
-0.03083221986889839
-0.06948793679475784
-0.04101652279496193
-0.06744961440563202
-0.0557771623134613
-0.05319793522357941
-0.03263542801141739
-0.07466131448745726
-0.07946745306253433
-0.038458634167909615
-0.053628847002983086
-0.057449325919151306
-0.05711616575717927
-0.05690975487232208
-0.07008866220712662
-0.05991977453231812
-0.01829122379422188
-0.05510428547859192
-0.04361209273338318
-0.04763922840356826
-0.01568112149834633
-0.058057352900505066
-0.06931373476982117
-0.037510327994823456
-0.07572601735591888
-0.042293328791856766
-0.05641414225101471
-0.03890573605895042
-0.05783975869417191
-0.04001079872250557
-0.02728017419576645
-0.06175602972507477
-0.03651817888021469
-0.08619217574596405
-0.05442476272583008
-0.06550222635269165
-0.05876792222261429
-0.03917583078145981
-0.047036759555339806
-0.04840894043445587
-0.06702221930027008
-0.027275875210762024
-0.044006705284118645
0.008347672410309313
-0.0557682067155838
-0.06139218807220458
-0.0547344759106636
-0.03384291008114815
-0.08972094208002089
-0.07566213607788086
-0.0602477490901947
-0.05150118470191956
-0.049809955060482025
-0.0705086961388588
-0.08070521056652069
-0.018626365810632706
-0.03283240273594856
-0.05116128921508789
-0.09580762684345245
-0.04349576681852341
-0.08395753055810928
-0.07174453139305115
-0.05669037997722626
-0.029523935168981552
-0.04549821466207504
-0.07641538977622986
-0.05095396190881729
-0.052352219820022576
-0.05390649288892745
-0.03560497984290123
-0.03962576389312744
-0.076890230178833
-0.050676129758358
-0.08916875720024109
-0.041857272386550896
-0.09144748002290723
-0.04453517124056816
-0.06463468074798584
-0.06242737174034119
-0.05335637181997299
-0.06511159241199493
-0.05185486376285553
-0.03857636451721192
-0.041103381663560874
-0.0470910482108593
-0.03833601251244545
-0.049807749688625336
-0.025915190577507016
-0.08043672144412993
-0.0449867993593216
-0.05457909405231476
-0.04628616571426392
-0.03582190349698067
-0.05370045453310013
-0.08571201562881468
-0.06216384470462799
-0.02783441171050072
-0.0442373976111412
-0.029490742832422256
-0.07596991956233978
-0.037689510732889175
-0.0636327713727951
-0.03436706215143204
-0.07893746346235275
-0.08436952531337738
-0.0133775332942605
-0.06242211163043976
-0.06942115724086761
-0.017420083284378052
-0.0459575280547142
-0.05126279592514038
-0.04871682077646256
-0.08420287072658537
-0.04991527646780015
-0.06105649471282959
-0.06841548532247543
-0.029768291860818863
-0.05239509046077728
-0.04870720952749252
-0.0686473548412323
-0.05883314460515976
-0.04030454903841019
-0.05304526537656784
-0.10432516038417816
-0.08846096694469453
-0.06930957734584808
-0.03967038914561272
-0.0348055325448513
-0.05252712219953537
-0.09467253834009169
-0.035634852945804596
-0.06665956974029541
-0.0726216584444046
-0.002881745807826519
-0.04989050328731537
-0.026285208761692047
-0.02845374494791031
-0.03344383463263512
-0.05446799099445343
-0.0805959403514862
-0.0737987756729126
-0.03559703379869461
-0.07304690033197403
-0.025205664336681362
-0.06820734590291977
-0.01015393529087305
-0.05716782808303833
-0.051728859543800354
-0.03561510890722275
-0.06899971514940262
-0.03900369629263878
-0.023621030151844025
-0.06326410919427872
-0.0697341188788414
-0.07207565009593964
-0.06643813848495483
-0.01654917001724243
-0.043306350708007806
-0.0722791850566864
-0.06246832013130188
-0.042330723255872726
-0.07301704585552214
-0.0474013201892376
-0.050667285919189446
-0.058268077671527856
-0.05975852906703949
-0.03028107061982155
-0.03629659488797188
-0.06483619660139084
-0.09665837138891219
-0.07308554649353027
-0.052863195538520806
-0.027544651180505753
-0.07418208569288252
-0.045607686042785645
-0.020363938063383102
-0.02330904453992844
-0.04034999758005142
-0.0701243206858635
-0.07112100720405579
-0.07484932988882063
-0.012845993973314762
-0.05914869159460068
-0.021824665367603305
-0.0032995520159602165
-0.030631661415100098
-0.07074913382530212
-0.08185573667287825
-0.06689846515655518
-0.10094235092401505
-0.07386889308691023
-0.04188747704029083
-0.06532992422580719
-0.04913574457168579
-0.031162530183792118
-0.05491791665554047
-0.09690158069133759
-0.0696355402469635
-0.06328794360160828
-0.06494420021772385
-0.030659917742013928
-0.04561355337500572
-0.06337296217679977
-0.07204457372426987
-0.06991388648748398
-0.02773290127515793
-0.04510544240474701
-0.04845094680786133
-0.05366545170545577
-0.037899170070886605
-0.00687157828360796
-0.07715388387441635
-0.04009905457496643
-0.09503300487995149
-0.07389611005783081
-0.02412271872162819
-0.07417824864387512
-0.05918632447719573
-0.03946949541568756
-0.06133091449737549
-0.030846253037452694
-0.03664775192737579
-0.03569786250591278
-0.06784550845623016
-0.08189607411623001
-0.08082610368728636
-0.04292694851756096
-0.0843067094683647
-0.09526032209396361
-0.039427801966667175
-0.07378590852022171
-0.05741120129823685
-0.08743505924940109
-0.06832375377416611
-0.036660194396972656
-0.08901691436767578
-0.04030421748757362
-0.03934696316719055
-0.10319329798221588
-0.06675325334072113
-0.05231644213199616
-0.028945617377758023
-0.08153005689382553
-0.07903328537940979
-0.020723991096019745
-0.06333187222480774
-0.06146346777677536
-0.03068147972226143
-0.02725260704755783
-0.08458791673183441
-0.07317273318767548
-0.060286208987236016
-0.04653032869100571
-0.07452227175235747
-0.08263307064771651
-0.07382979243993758
-0.10298256576061247
-0.0489351898431778
-0.03514186665415764
-0.023546352982521057
-0.06141277402639389
-0.05236557126045227
-0.043978504836559296
-0.08956600725650787
-0.07588726282119752
-0.05405379831790924
-0.03028123453259468
-0.05562931299209595
-0.03727047890424728
-0.05462270975112915
-0.07975660264492035
-0.040238529443740845
-0.038544617593288415
-0.03835761547088623
-0.02850978076457977
-0.029877416789531708
-0.045768104493618005
-0.05203258991241455
-0.04589218646287918
-0.04942068457603455
-0.057346656918525696
-0.04918130487203599
-0.06492816656827927
-0.07823915034532547
-0.08118521422147751
-0.07848036289215088
-0.04607825353741646
-0.09942185878753662
-0.05893131345510482
-0.08431689441204071
-0.04445852339267731
-0.05815082043409348
-0.06018194556236267
-0.049012839794158936
-0.08039604127407075
-0.011698608286678793
-0.05704868584871292
-0.07120309770107269
-0.03658623248338699
-0.08255205303430557
-0.08370342850685118
-0.020430199801921844
-0.06906161457300186
-0.06583426892757416
-0.07549930363893509
-0.04924105107784271
-0.07743573933839798
-0.06649117171764374
-0.04787332937121391
-0.0681946724653244
-0.06463636457920073
-0.10059837996959686
-0.020406093448400497
-0.03521791100502014
-0.04802152514457703
-0.08392272889614105
-0.05124887079000473
-0.04710526764392853
-0.07041778415441513
-0.06534117460250854
-0.023099739104509357
-0.06149504333734512
-0.10688498616218566
-0.06257703900337219
-0.08646836876869202
-0.04760761559009552
-0.049985632300376885
-0.04159831628203392
-0.04674927517771721
-0.0924140363931656
-0.06783933937549591
-0.06122802942991257
-0.0807526856660843
-0.08231905847787857
-0.08089490979909898
-0.07181698083877563
-0.0516187846660614
-0.05034397542476655
-0.08599234372377396
-0.05672761797904968
-0.07681772112846375
-0.07045439630746841
-0.09213323891162872
-0.08985335379838942
-0.07819711416959761
-0.10827021300792694
-0.0715491771697998
-0.054295584559440606
-0.06586675345897675
-0.04012538120150566
-0.03764408081769943
-0.09208960831165312
-0.06122282147407532
-0.07257451117038727
-0.10454475879669188
-0.06849800050258636
-0.05310934782028198
-0.05351104587316513
-0.06762818992137909
-0.08363522589206694
-0.03861998021602631
-0.061438679695129395
-0.04405747354030609
-0.051392793655395515
-0.049418076872825616
-0.04363064467906952
-0.021184295415878292
-0.09033392369747162
-0.04622796177864075
-0.04897858202457428
-0.06061236560344696
-0.05461136251688004
-0.05849014222621918
-0.0853053629398346
-0.0429588221013546
-0.07238107174634933
-0.04501078650355339
-0.040071174502372735
-0.006694735027849673
-0.06440793722867966
-0.0743667408823967
-0.01792873442173004
-0.03524567559361458
-0.05087915062904358
-0.062139183282852166
-0.07124178111553192
-0.05289793014526367
-0.04102279245853424
-0.04946029931306839
-0.10308624058961868
-0.06742370128631592
-0.04710467904806137
-0.05807400494813919
-0.05010057240724564
-0.05464768409729004
-0.09720754623413086
-0.06169010698795319
-0.07240641117095947
-0.04981329292058945
-0.04224968329071999
-0.05691751092672348
-0.03617208451032639
-0.04816555231809616
-0.044562183320522315
-0.04922585189342498
-0.04453110322356224
-0.05039250105619431
-0.069979228079319
-0.03445739299058914
-0.08657559007406233
-0.051997095346450806
-0.08226448297500609
-0.055850833654403687
-0.07309818267822266
-0.04756375029683113
-0.09609697759151457
-0.03705313056707382
-0.05371616780757904
-0.0647943913936615
-0.04844946041703224
-0.02916400134563446
-0.08653154969215393
-0.06892424821853638
-0.017338354140520096
-0.006194750778377056
-0.0514177680015564
-0.047318898141384125
-0.03614654764533042
-0.06878940761089325
-0.05406079441308975
-0.06927350163459778
-0.04687746614217758
-0.03737880289554596
-0.04241667687892914
-0.02801420167088509
-0.07778630405664445
-0.09512250870466232
-0.019241392612457275
-0.040731847286224365
-0.06481191515922545
-0.06498275697231293
-0.01487881038337946
-0.044970452785491936
-0.07501497119665146
-0.07181154936552048
-0.08063038438558577
-0.06530673056840897
-0.06986436992883682
-0.04891271144151688
-0.06276685744524002
-0.05247454345226288
-0.08222286403179167
-0.06318724155426025
-0.048921294510364526
-0.02335143834352493
-0.033854104578495026
-0.05741947144269943
-0.06496089696884155
-0.05148211866617202
-0.05235445499420167
-0.057798661291599274
-0.053169496357440955
-0.04127711057662964
-0.027931094169616696
-0.07135747373104095
-0.05289023369550705
-0.06572886556386948
-0.07327461242675781
-0.048583563417196274
-0.0592101514339447
-0.01917785406112671
-0.05353453755378723
-0.0643625557422638
-0.031014036387205124
-0.04911718517541885
-0.03727833181619644
-0.05981650948524475
-0.06310351938009262
-0.02982540801167488
-0.04747124016284943
-0.03672251105308533
-0.03422882780432701
-0.07375191152095793
-0.04061309993267059
-0.04324517771601677
-0.0579315647482872
-0.03697817400097847
-0.04242981970310211
-0.061943158507347114
-0.05552569776773453
-0.06805463135242462
-0.04714668542146683
-0.04904903471469879
-0.06995196640491486
-0.05549842119216919
-0.0739091783761978
-0.0977780818939209
-0.048724010586738586
-0.008067485876381397
-0.05526275932788849
-0.032016731798648834
-0.06689837574958801
-0.08935901522636412
-0.015665661543607712
-0.041538279503583915
-0.05620642006397247
-0.047660209238529205
-0.03814612701535225
-0.04698216170072556
-0.05302806943655015
-0.06967255473136902
-0.04719834029674529
-0.05049547553062439
-0.06605345755815506
-0.0633981004357338
-0.020061705261468887
-0.09068521857261656
-0.041902508586645126
-0.11030469089746477
-0.043729990720748894
-0.09454353153705598
-0.05196543782949448
-0.025897663086652756
-0.07735729962587357
-0.05654247850179672
-0.05208992958068848
-0.006542165763676167
-0.09021177887916565
-0.052947789430618286
-0.021142501384019848
-0.07309921085834502
-0.04600729793310165
-0.028555378317832943
-0.08892998099327086
-0.058046437799930566
-0.09097427129745485
-0.04576256126165391
-0.054050058126449585
-0.051998496055603034
-0.06418081372976303
-0.04978461563587189
-0.05348919332027435
-0.05005721002817154
-0.05551917850971222
-0.05812101811170577
-0.06173360347747803
-0.07641394436359404
-0.06550216674804688
-0.026533327996730804
-0.04800956696271896
-0.057548627257347114
-0.06826088577508926
-0.03822352737188339
-0.03391899913549423
-0.04168451577425003
-0.08805379271507262
-0.04841755330562592
-0.03357010707259178
-0.06407243758440018
-0.08516451716423033
-0.004260453395545483
-0.04285810142755509
-0.05597417056560516
-0.0463317334651947
-0.026904702186584473
-0.0889834314584732
-0.08545434474945068
-0.09720709919929504
-0.08303861320018768
-0.044402528554201126
-0.0467165932059288
-0.060710281133651726
-0.056731611490249634
-0.026189927011728287
-0.032132938504219055
-0.07705646753311157
-0.057550132274627686
-0.06347730755805969
-0.058043688535690315
-0.08243530243635178
-0.058512620627880096
-0.027863070368766785
-0.05422362685203552
-0.11295083165168762
-0.0654730498790741
-0.08765900135040283
-0.04551044851541519
-0.07670991122722626
-0.04676736891269684
-0.03289187699556351
-0.06475730240345001
-0.04842405021190643
-0.07145457714796066
-0.054611101746559136
-0.06685701757669449
-0.039514631032943726
-0.044792268425226205
-0.06459753960371017
-0.04036742448806763
-0.04347209632396697
-0.06084701418876648
-0.04063943773508072
-0.07973237335681915
-0.057882897555828094
-0.008817833848297596
-0.06740444898605347
-0.06513655185699463
-0.05296607315540314
-0.07072681933641434
-0.06372048705816269
-0.050622992217540734
-0.007142183370888233
-0.04548705369234085
-0.07032392919063568
-0.05619999766349792
-0.05709183216094971
-0.09123609215021133
-0.03770559281110764
-0.05689309537410736
-0.05089633911848068
-0.04269170016050339
-0.03513055294752121
-0.0654890313744545
-0.053591415286064155
-0.0691872611641884
-0.03159404918551445
-0.050129957497119904
-0.056490883231163025
-0.0659397542476654
-0.053461112082004554
-0.07386729121208192
-0.03408961370587349
-0.0604821965098381
-0.08410998433828355
-0.025781460106372837
-0.07073318958282471
-0.047911625355482095
-0.08240195363759993
-0.048640746623277664
-0.07952697575092316
-0.06233774125576019
-0.04285366088151932
-0.07836377620697021
-0.05224474519491196
-0.03207109123468399
-0.06171517074108124
-0.07718048989772797
-0.07948572933673857
-0.05701834708452225
-0.10139200091362
-0.054047450423240655
-0.020385492593050003
-0.041384220123291016
-0.06153301894664765
-0.05838195979595184
-0.05227457731962204
-0.07779867947101593
0.0008651548996567726
-0.09151039272546768
-0.0589706301689148
-0.06878969073295593
-0.0666123628616333
0.0016714828088879583
-0.05431089550256729
-0.06916128844022751
-0.016094893217086792
-0.049998804926872246
-0.03853490203619003
-0.026289496570825577
-0.06676100194454193
-0.03248462826013565
-0.031879812479019165
-0.07685404270887376
-0.12022331357002258
-0.050947055220603936
-0.0988599583506584
-0.03684650361537933
-0.054047591984272
-0.05133442580699921
-0.0520622506737709
-0.05326061695814133
-0.06138086318969727
-0.01337809395045042
-0.0881664901971817
-0.03515075147151947
-0.05760808289051056
-0.02587541192770004
-0.06695478409528732
-0.0860149636864662
-0.046996776014566415
-0.05352071672677994
-0.07407519966363907
-0.08353307098150253
-0.028489701449871063
-0.05258350819349289
-0.030528452247381207
-0.05656957626342773
-0.04116257280111313
-0.07011476159095764
-0.024670936167240143
-0.04474405199289322
-0.043975509703159325
-0.07299131155014038
-0.07831789553165436
-0.05388451367616653
-0.06410989165306091
-0.03820979967713356
-0.07820940762758255
-0.04459970444440842
-0.06913736462593079
-0.08291341364383698
-0.05331358313560486
-0.04429463297128677
-0.03438618406653404
-0.033103421330451965
-0.056237854063510895
-0.0880572497844696
-0.05039365589618682
-0.05668345093727112
-0.07592828571796417
-0.0621115118265152
-0.003208792768418789
-0.06300579756498337
-0.04119955748319626
-0.04234453663229942
-0.05651293694972992
-0.04980308562517166
-0.07354907691478729
-0.07010269165039064
-0.0877167284488678
-0.10367627441883089
-0.0640084519982338
-0.058002769947052
-0.060812972486019135
-0.010444127954542635
-0.04374416172504425
-0.04285850748419762
-0.030449010431766513
-0.05422046780586243
-0.046817511320114136
-0.01253157202154398
-0.07471464574337004
-0.03838903456926346
-0.09848909080028533
-0.007533469237387181
-0.054168552160263055
-0.051603928208351135
-0.08660955727100371
-0.06041109561920167
-0.08101957291364668
-0.02468881756067276
-0.03285001218318939
-0.0826105922460556
-0.05534550547599792
-0.035831350833177567
-0.06535309553146361
-0.04673609510064125
-0.058797672390937805
-0.07852302491664886
-0.031384073197841644
-0.01744113489985466
-0.10846482962369917
-0.09276685863733293
-0.07410262525081633
-0.055723048746585846
-0.0478651374578476
-0.03508099541068077
-0.05655859410762786
-0.06419326364994049
-0.06678629666566849
-0.05074192583560944
-0.10422062873840332
-0.07132609188556671
-0.054936543107032776
-0.05499310046434402
-0.040715940296649926
-0.04678664356470108
-0.06935000419616699
-0.06486353278160095
-0.04661393910646439
-0.04510903730988503
-0.04610903561115265
-0.049107864499092095
-0.047115091234445565
-0.04726872593164444
-0.05357735604047775
-0.052033089101314545
-0.04257652908563614
-0.04301760718226433
-0.028041668236255642
-0.03149037063121796
-0.044260676950216286
-0.045224357396364205
-0.06570558249950409
-0.04177222400903702
-0.03868980705738068
-0.041422728449106216
-0.04027074947953224
-0.01695481687784195
-0.05826009064912796
-0.09388153254985808
-0.021340981125831604
-0.016650449484586716
-0.025407515466213223
-0.061707720160484314
-0.01951621100306511
-0.015520685352385044
-0.0509427785873413
-0.09138567745685576
-0.05926395207643509
-0.05449234694242477
-0.03907456248998641
-0.0795367658138275
-0.03464062511920929
-0.08561353385448454
-0.031708020716905594
-0.027824789285659794
-0.07807470858097075
-0.0640387013554573
-0.05805693566799164
-0.05899836122989655
-0.07586127519607544
-0.0534207820892334
-0.07237227261066435
-0.036869313567876816
-0.09515552967786789
-0.06875620037317276
-0.04902359843254089
-0.05918395519256592
-0.03948467224836349
-0.06032639741897583
-0.06668192893266678
-0.057604730129241936
-0.047085560858249664
-0.026413895189762115
-0.044065572321414954
-0.059532105922698975
-0.04771406203508377
-0.05606669932603836
-0.03742361441254616
-0.04353739693760872
-0.08088478446006776
-0.025955799967050552
-0.06041829288005829
-0.051115728914737694
-0.07139799743890761
-0.04603302106261253
-0.012629681266844273
-0.050230540335178375
-0.03572370857000351
-0.03789997845888138
-0.03752553090453148
-0.08653285354375838
-0.039620067924261086
-0.031301021575927734
-0.07729491591453552
-0.05354819446802139
-0.03582380712032318
-0.09997574239969251
-0.06575724482536316
-0.04162634164094925
-0.043789207935333245
-0.037126708775758736
-0.0680658370256424
-0.06478442251682281
-0.03606771305203438
-0.04984363168478012
-0.07803446054458618
-0.05483768880367279
-0.048866048455238335
-0.07592584937810899
-0.0540119856595993
-0.058193795382976525
-0.06136458367109299
-0.03439335897564888
-0.06918764114379883
-0.03740936145186424
-0.08890078961849213
-0.06738226115703583
-0.04983814060688018
-0.03967758268117905
-0.07489556074142456
-0.051856592297554016
-0.08136476576328276
-0.03284284472465515
-0.0421869307756424
-0.03683222830295563
-0.06941185891628265
-0.06315100193023682
-0.08323676139116286
-0.058925829827785485
-0.041352719068527215
-0.08294423669576644
-0.048892728984355927
-0.056088082492351525
-0.06604736298322678
-0.0532047376036644
-0.06099254637956619
-0.10256127268075942
-0.08732832223176956
-0.052490361034870155
-0.06426844745874405
-0.060367517173290246
-0.04842276871204376
-0.02826830744743347
-0.04344579577445984
-0.02967730537056923
-0.04691111296415329
-0.06350036710500717
-0.07311111688613892
-0.0745282471179962
-0.041468773037195206
-0.04705149680376053
-0.11640946567058565
-0.04305478930473328
-0.022183895111083984
-0.01644175499677658
-0.07377494126558304
-0.05728518217802048
-0.06369808316230774
-0.033673495054244995
-0.028412207961082455
-0.02345350012183189
-0.06197432428598404
-0.04759837687015533
-0.06880094110965729
-0.06272786855697632
-0.03894830867648125
-0.07117724418640137
-0.025951601564884182
-0.03609510511159897
-0.05905701220035553
-0.06357741355895996
-0.0724867731332779
-0.020512204617261887
-0.044103853404521935
-0.016093775629997253
-0.02907230705022812
-0.0353713296353817
-0.08651723712682725
-0.08841896057128906
-0.04864392802119255
-0.06580115854740143
-0.07853992283344269
-0.06985324621200562
-0.09053878486156464
-0.06188364326953888
-0.07022479176521301
-0.07431385666131973
-0.06607232987880707
-0.07062321901321411
0.0021506333723664284
-0.023013383150100708
-0.052150249481201165
-0.05726775527000427
-0.015942830592393875
-0.08370480686426161
-0.07814359664916992
-0.03218391537666321
-0.024729620665311813
-0.0749921053647995
-0.0766557604074478
-0.06943024694919586
-0.05681996047496796
-0.04166234284639359
-0.06094488501548767
-0.029406212270259857
-0.0009044017642736435
-0.03088904172182083
-0.04772238060832024
-0.0700087770819664
-0.03971274569630623
-0.060761868953704834
-0.06781025975942612
-0.05904240161180496
-0.027940705418586727
-0.059353798627853394
-0.046873059123754494
-0.0511111319065094
-0.058925069868564606
-0.02407359331846237
-0.029414620250463486
-0.028973452746868134
-0.04267797619104385
-0.05303388833999634
-0.04709219932556152
-0.05410777032375336
-0.08256560564041138
-0.044008206576108926
-0.0780515968799591
-0.07219906151294707
-0.049310430884361274
-0.05230872333049774
-0.07812723517417908
-0.053592413663864136
-0.06336614489555359
-0.04649431258440018
-0.04456713795661926
-0.05349248647689819
-0.0230034813284874
-0.022102590650320053
-0.07358410209417342
-0.07868610322475433
-0.052910216152668
-0.0776062160730362
-0.03949921950697898
-0.008328803814947605
-0.05076247453689575
-0.08123450726270676
-0.051050141453742974
-0.014971337281167507
-0.05437076091766357
-0.08119004964828491
-0.07651732861995697
-0.046139121055603034
-0.05911090970039368
-0.05264541506767273
-0.043840132653713226
-0.06007471680641174
-0.05030180513858795
-0.060066282749176025
-0.0714028850197792
-0.051296725869178765
-0.046523310244083405
-0.05120934545993805
-0.04570110887289047
-0.04598541557788849
-0.0935033932328224
-0.0631457194685936
-0.05211811512708664
-0.054136469960212714
-0.0163545161485672
-0.05058854818344116
-0.07650162279605865
-0.11067190021276474
-0.052514418959617615
-0.04698687791824341
-0.007914490066468716
-0.07256342470645905
-0.03885776177048683
-0.06302078068256378
-0.0577971339225769
-0.07134375721216202
-0.0787225291132927
-0.06845441460609436
-0.04931220412254333
-0.047693692147731774
-0.06360875815153122
-0.05535125732421875
-0.05564749240875244
-0.052034541964530945
-0.054351143538951874
-0.04544299840927124
-0.052469559013843536
-0.0832746773958206
-0.04554327204823493
-0.0736873149871826
-0.07114267349243164
-0.06558915972709656
-0.08437252044677734
-0.03728804737329483
-0.06851644814014435
-0.04295389726758003
-0.04929414391517639
-0.07920394837856291
-0.05698013305664063
-0.03806827217340469
-0.011547048576176167
-0.06850780546665192
-0.0846947431564331
-0.03141532465815544
-0.0780487209558487
-0.02521197497844696
-0.06272189319133759
-0.02955847978591919
-0.05091136693954468
-0.019274301826953888
-0.052753329277038574
-0.023435696959495544
-0.05335620045661926
-0.06588338315486908
-0.03206365928053856
-0.016382627189159393
-0.07625071704387663
-0.04720266163349152
-0.05805286020040512
-0.05317826569080353
-0.06289960443973541
-0.08005402237176894
-0.05064382404088973
-0.051186352968215935
-0.05750347673892975
-0.0549490749835968
-0.04979315400123596
-0.03668849915266037
-0.038015227764844894
-0.031623899936676025
-0.12744073569774628
-0.071443572640419
-0.05720338225364685
-0.06647464632987976
-0.03003038838505745
-0.07440534979104996
-0.04631445556879044
-0.07615803182125092
-0.0695800632238388
-0.0626092404127121
-0.05061322450637817
-0.07281791418790817
-0.07519426941871643
-0.050997048616409295
-0.020244166254997253
-0.05892603099346161
-0.023587364703416824
-0.039088018238544464
-0.038485784083604806
-0.09116524457931519
-0.02511955797672272
-0.07293540239334105
-0.09455309808254242
-0.05043970048427582
-0.05589768290519714
-0.06315374374389648
-0.07166390120983124
-0.023092590272426605
-0.07243359833955763
-0.06706108152866364
-0.07576226443052292
-0.056732729077339165
-0.032874695956707
-0.06293918192386627
-0.05684244632720947
-0.059904880821704865
-0.03736631944775581
-0.08777920156717299
-0.05480632930994034
-0.05436687171459197
-0.04416722059249878
-0.05077581852674484
-0.0585881769657135
-0.05468497425317764
-0.05881327390670776
-0.028787583112716675
-0.109966941177845
-0.06598265469074249
-0.0178605355322361
-0.04630465060472488
-0.06449934095144272
-0.006215033121407032
-0.06063400208950043
-0.05533360689878464
-0.013537232764065264
-0.03326568379998207
-0.05813999474048615
-0.06132848560810089
-0.057136423885822296
-0.07744309306144713
-0.05857510119676589
-0.025487877428531647
-0.05157226324081421
-0.07260796427726746
-0.08322754502296446
-0.04832162708044052
-0.0436638742685318
-0.05467721074819565
-0.05973415821790695
-0.0485076680779457
-0.04016876965761185
-0.07577919960021971
-0.055517300963401794
-0.06739477813243866
-0.05147618800401688
-0.04713274538516998
-0.06432943791151047
-0.05825839936733246
-0.04111646115779877
-0.03673093393445015
-0.07622884213924408
-0.049578651785850525
-0.03207620978355408
-0.05374662578105927
-0.07997313141822816
-0.07345694303512573
-0.06276939809322357
-0.01779451221227646
-0.04527115449309349
-0.017467208206653595
-0.07176019251346588
-0.07460443675518036
-0.08985351026058197
-0.06132345646619797
-0.06524794548749924
-0.0406784862279892
-0.03187224641442299
-0.03984734416007996
-0.06253774464130402
-0.07365587353706358
-0.08932931721210478
-0.0942019149661064
-0.021528165787458416
-0.00803318526595831
-0.044771462678909295
-0.0778663381934166
-0.07545444369316101
-0.051472172141075134
-0.033003151416778564
-0.05595215409994125
-0.029813941568136212
-0.035583611577749245
-0.03231409192085266
-0.045801796019077294
-0.06516151875257492
-0.021986383944749832
-0.05744245648384094
-0.02323861792683601
-0.06746186316013336
-0.07790492475032806
-0.07125711441040039
-0.007778753526508808
-0.054061979055404656
-0.046454302966594696
-0.04164675995707512
-0.06986859440803528
-0.050259873270988464
-0.024639882147312164
-0.07214358448982239
-0.07579303532838821
-0.012476208619773388
-0.03956204280257225
-0.057372689247131355
-0.10330387949943542
-0.08433645963668822
-0.05165895074605942
-0.06906192749738693
-0.07121258974075317
-0.05816519260406494
-0.027812287211418152
-0.054088614881038666
-0.08749059587717056
-0.08956408500671385
-0.006435287185013294
-0.04606389999389648
-0.053702495992183685
-0.0531160980463028
-0.08573029190301894
-0.011843758635222912
-0.04167195409536362
-0.030240997672080997
-0.041934028267860406
-0.06195252388715744
-0.04615796357393265
-0.050226010382175446
-0.05608260631561279
-0.0765325203537941
-0.07140743732452393
-0.09331105649471283
-0.10088427364826202
-0.04888461530208588
-0.06119540333747864
-0.02971638366580009
-0.05766414105892181
-0.04358556494116783
-0.06710010021924973
-0.10625819116830824
-0.04781993106007576
-0.058502890169620514
-0.043860502541065216
-0.05488165467977524
-0.03821969032287598
-0.057961449027061455
-0.03726998716592789
-0.09114504605531693
-0.06091976165771484
-0.04247534275054932
-0.04078314825892448
-0.05711169540882111
-0.053132958710193634
-0.061092481017112725
-0.06564577668905258
-0.052237406373023994
-0.08669092506170271
-0.05457846820354462
-0.06718197464942932
-0.06758959591388702
-0.08321903645992279
-0.06579333543777466
-0.022902511060237885
-0.08159315586090087
-0.053008630871772766
-0.06873910129070282
-0.003264018334448337
-0.05989755690097809
-0.056270040571689606
-0.05890810489654541
-0.0726107507944107
-0.08124528825283049
-0.11627109348773956
-0.03559335321187973
-0.04971921443939209
-0.09266939759254456
-0.04848860949277878
-0.09283354878425598
-0.041375182569026954
-0.019909057766199112
-0.057559475302696235
-0.06168559193611145
-0.07278458774089813
-0.05153153836727142
-0.022111564874649048
-0.05331122875213623
-0.049610428512096405
-0.05460932105779648
-0.068613201379776
-0.0312049463391304
-0.06186727434396744
-0.0356486439704895
-0.06508094072341919
-0.05570806562900543
-0.01324684638530016
-0.04802900552749634
-0.039769247174263
-0.04444200545549393
-0.0557357668876648
-0.06960494816303253
-0.06744875013828278
-0.04374568909406661
-0.042801138013601296
-0.04072289913892745
-0.09323345124721528
-0.06990828365087509
-0.060984641313552856
-0.052270360291004174
-0.0366680845618248
-0.048132672905921936
-0.0241098515689373
-0.06257696449756622
-0.0916643887758255
-0.01993127912282944
-0.07052568346261978
-0.09064322710037231
-0.08559906482696533
-0.06643109023571014
-0.03435995802283287
-0.06597542762756348
-0.02911456674337387
-0.05991560220718384
-0.029188670217990875
-0.05761433392763138
-0.04182642698287964
-0.05029501765966416
-0.06998822093009949
-0.05452398955821991
-0.07672125846147537
-0.06874971091747284
-0.058548539876937866
-0.029770791530609127
-0.019896641373634335
-0.04703940823674201
0.012862763367593288
-0.05032835900783538
-0.035960014909505844
-0.0786547064781189
-0.056796737015247345
-0.048135533928871155
-0.057993635535240166
-0.05169912427663803
-0.08076885342597961
-0.039071664214134216
-0.04962652921676636
-0.09547583013772963
-0.0763450488448143
-0.0667983815073967
-0.048214692622423165
-0.0468619242310524
-0.06555943191051483
-0.037446193397045135
-0.08709443360567092
-0.04762625321745872
-0.08476695418357849
-0.0522385761141777
-0.04343955218791962
-0.060583829879760735
-0.03285682946443558
-0.044318459928035736
-0.06111995875835419
-0.05250658839941025
-0.0013312073424458504
-0.05969348549842834
-0.0385332964360714
-0.06206098943948746
-0.028604652732610703
-0.01922613009810448
-0.037021562457084656
-0.02448665350675583
-0.02190385013818741
-0.053581684827804565
-0.013761782087385654
-0.04141528531908989
-0.06040997058153152
-0.06829186528921127
0.011290356516838072
-0.033723462373018265
-0.05306626856327057
-0.05855502188205719
-0.06778337061405182
-0.04905135929584503
-0.027809530496597287
-0.05409444868564606
-0.07723579555749893
-0.0054436372593045235
-0.07572491466999054
-0.07841800153255463
-0.0828457698225975
-0.05369407683610916
-0.06608578562736511
-0.01109084952622652
-0.0665702149271965
-0.050020478665828705
-0.06950171291828156
-0.05281230807304382
-0.05919230729341506
-0.028428830206394196
-0.09309659153223036
-0.0557098165154457
-0.010856521315872667
-0.031391412019729614
-0.05155680328607559
-0.05686445534229279
-0.04723101109266281
-0.06588493287563324
-0.07873368263244629
-0.08058807253837585
-0.05660586059093475
-0.04348050430417061
-0.05964616686105728
-0.02763732522726059
-0.06045562028884888
-0.04577602818608284
-0.02373816445469856
-0.03142688423395157
-0.05797812342643738
-0.0469895675778389
-0.05342507362365723
-0.024340558797121048
-0.09680113196372986
-0.07371273636817932
-0.08832097053527832
-0.05549974739551544
-0.08545458316802977
-0.04511918500065804
-0.04124107956886292
-0.050164595246315
-0.05863957107067108
-0.06544757634401321
-0.08578586578369139
-0.05486820638179779
-0.04923331737518311
-0.055301494896411896
-0.05179800093173981
-0.046089522540569305
-0.06907113641500473
-0.05158844590187073
-0.08084736764430998
-0.07179820537567139
-0.07242226600646973
-0.020981941372156143
-0.08563929796218872
-0.04240240529179573
-0.06819374859333038
-0.08351745456457138
-0.07352324575185774
-0.08009405434131622
-0.04165328666567802
-0.04100322723388672
-0.061867527663707726
-0.0695282369852066
-0.030359499156475067
-0.07628432661294937
-0.052934758365154266
-0.04993539303541184
-0.06715291738510132
-0.048239264637231834
-0.06955172121524811
-0.09768515825271606
-0.02997829392552376
-0.10889534652233124
-0.06544045358896255
-0.07256317138671875
-0.04719188064336777
-0.06801533699035645
-0.03523986786603928
-0.05856138467788696
-0.060551948845386505
-0.049108542501926415
-0.05091238021850586
-0.10328111052513123
-0.029970675706863403
-0.006733662448823452
-0.04822538048028946
-0.0614096075296402
-0.04276474565267562
-0.09050434082746504
-0.07516931742429733
-0.01693526655435562
-0.07428054511547089
-0.07380466163158415
-0.0685414969921112
-0.0610424354672432
-0.042206700891256325
-0.030224885791540142
-0.048741675913333886
-0.07528360933065414
-0.07983820885419844
-0.02931385487318039
-0.07168933749198914
-0.06343840062618256
-0.04118678346276283
-0.06809912621974945
-0.044343672692775726
-0.03167368471622467
-0.041760247200727456
-0.037877921015024185
-0.046915464103221886
-0.07724931836128233
-0.05304993689060211
-0.046269308775663376
-0.023643877357244488
-0.030776996165513992
-0.03670288622379303
-0.060079775750637054
-0.049350552260875695
-0.07565318048000334
-0.08747988939285278
-0.05961515009403229
-0.06469226628541945
-0.05374147742986679
-0.05784174054861069
-0.04016223549842834
-0.05628018081188202
-0.043345004320144646
-0.08078427612781523
-0.038726188242435455
-0.004859224893152714
-0.05697254091501236
-0.049165919423103326
-0.06710763275623322
-0.08133448660373686
-0.04987986385822296
-0.06442540138959885
-0.03714237734675408
-0.04059021174907684
-0.039190392941236496
-0.02233203500509262
-0.050179481506347656
-0.07069683820009232
-0.04220474138855934
-0.06379784643650055
-0.04416634887456894
-0.06709989905357361
-0.09082299470901488
-0.04734764248132706
-0.0032539432868361477
-0.04513987898826599
-0.06390566378831863
-0.05329231172800064
-0.052527673542499535
-0.024172347038984295
-0.06578712165355681
-0.0378192737698555
-0.027915760874748227
-0.04801054671406746
-0.03806982189416885
-0.06546013057231903
-0.07594743371009825
0.0006148135289549828
-0.05211405456066132
-0.03380723297595978
-0.05254753679037094
-0.028775446116924282
-0.07407186925411224
-0.04954831302165985
-0.059276506304740906
-0.05347660928964615
-0.08452153205871582
-0.02977088093757629
-0.04582482948899269
-0.034935574978590005
-0.0286514014005661
-0.05308922380208969
-0.04965201020240784
-0.041938737034797675
-0.02930806949734688
-0.043281830847263336
-0.06331788748502731
-0.03895048797130585
-0.0580797865986824
-0.06359291076660156
-0.05445572733879089
-0.046574417501688
-0.033341217786073685
-0.030757151544094086
-0.04833156242966652
-0.034323520958423615
-0.05705370008945465
-0.0491996556520462
-0.06437911093235016
-0.06903645396232605
-0.053489699959754944
-0.033967096358537674
-0.03839091956615448
-0.09225951135158537
-0.034977421164512634
-0.051422201097011566
-0.008678716607391834
-0.04249995946884155
-0.12812446057796478
-0.028414495289325718
-0.055636391043663025
-0.06598805636167526
-0.0658016949892044
-0.03640604019165039
-0.030069500207901
-0.050537750124931335
-0.044297654181718826
-0.047576244920492165
-0.03042861074209213
-0.09062222391366959
-0.04907241463661194
-0.09219580143690109
-0.05466990172863007
-0.04043920338153839
-0.0416831448674202
-0.06009666621685028
-0.0745897889137268
-0.0220593623816967
-0.02182009071111679
-0.03459897264838219
-0.030111469328403473
-0.04695316031575202
-0.09921559691429138
-0.06077840924263
-0.06903771311044693
-0.08732497692108153
-0.03058800846338272
-0.0634944885969162
-0.04311181604862213
-0.06026730686426163
-0.04190952330827713
-0.04713220521807671
-0.039421197026968
-0.07684428244829178
-0.038065463304519646
-0.07278018444776535
-0.08768032491207123
-0.051224030554294586
-0.02055896818637848
-0.05951187014579773
-0.04563001915812492
-0.06723061949014664
-0.09162411093711853
-0.09502634406089783
-0.06889550387859344
-0.05236006528139114
-0.057428687810897834
-0.06928467750549316
-0.05085143446922302
-0.047237396240234375
-0.0580887347459793
-0.0485592857003212
-0.07259933650493622
-0.07321245223283766
-0.0648811012506485
-0.04505757987499237
-0.03327808901667595
-0.07851494848728181
-0.07178919017314911
-0.06979261338710785
-0.04158192127943039
-0.049919620156288154
-0.05194015055894852
-0.020465787500143048
-0.06384573131799698
-0.04843351989984512
-0.03134405240416527
-0.06980935484170914
-0.05993129312992096
-0.002718103118240833
-0.0527438223361969
-0.06683333963155745
-0.034833818674087524
-0.047710034996271126
-0.0460599660873413
-0.05108647793531418
-0.07054119557142258
-0.058389440178871155
-0.07531171292066574
-0.041384711861610406
-0.05614746361970901
-0.04801569879055023
-0.06344972550868988
-0.05088632553815842
-0.05822304636240005
-0.08334369957447053
-0.06293816864490509
-0.04621076583862305
-0.07662878930568695
-0.0611523762345314
-0.06783061474561691
-0.017969634383916855
-0.06495067477226257
-0.07765328139066696
-0.046903207898139954
-0.03633156046271324
-0.05094563215970993
-0.04652620851993561
-0.0368865579366684
-0.09629603475332259
-0.07263053208589555
-0.031078487634658813
-0.04751812294125557
-0.05775073170661926
-0.11370420455932616
-0.06422311067581177
-0.08116016536951065
-0.009592344053089617
-0.07650670409202574
-0.05116336792707443
-0.0872938185930252
-0.06166750937700272
-0.08466283977031708
-0.00779264885932207
-0.023198980838060376
-0.05863615870475769
-0.09622419625520706
-0.038350678980350494
-0.04692543298006058
-0.04289200901985168
-0.043078240007162094
-0.07984140515327452
-0.03480720892548561
-0.05079270154237747
-0.060003437101840966
-0.05235113203525543
-0.04278933256864548
-0.08542066067457198
-0.05784875154495239
-0.11674402654170989
-0.06112879514694214
-0.046236395835876465
-0.07010968029499054
-0.04523894935846329
-0.08238905668258667
-0.08188009262084961
-0.08762513846158981
-0.04614029824733734
-0.056365549564361565
-0.029705978929996487
-0.05329923331737518
-0.04827791452407837
-0.09076083451509476
-0.0449872612953186
-0.08168656378984451
-0.08570452779531479
-0.06269975006580353
-0.011133682914078236
-0.048747584223747246
-0.03942495584487915
-0.013913077302277088
-0.06526312232017517
-0.11936712265014648
-0.05150903761386871
-0.0524853840470314
-0.047237612307071686
-0.04835786670446396
-0.043390117585659034
-0.02358670905232429
-0.03292980045080185
-0.056167371571064
-0.07496228814125061
-0.08733365684747696
-0.04131297022104263
-0.03145834431052208
-0.08037009835243225
-0.04884691536426544
-0.0563557893037796
-0.03624386340379714
-0.040063031017780304
-0.03323742747306824
-0.08287189900875092
-0.09086894989013673
-0.05477103590965271
-0.050617560744285583
-0.07255855202674866
-0.030958548188209534
-0.08050809800624846
-0.05000156909227371
-0.08555768430233002
-0.04326296225190163
-0.011618644930422306
-0.06225202977657318
-0.026748500764369965
-0.04399871081113815
-0.03608769178390503
-0.04515920206904411
-0.07302682101726533
-0.060082197189331055
-0.07832028716802597
-0.06971044838428497
-0.04860295727849007
-0.09453261643648148
-0.05093928426504135
-0.06425134837627411
-0.03580603003501892
-0.06633150577545166
-0.06100562959909439
-0.03755306079983711
-0.04137680679559708
-0.039829101413488395
-0.051989980041980736
-0.010553923435509205
-0.06650365144014359
-0.05593661963939666
-0.034594520926475525
-0.09815883636474608
-0.06609806418418884
-0.048491060733795166
-0.08792078495025633
-0.06000429391860962
-0.05047354847192764
-0.015184293501079082
-0.039762098342180245
-0.07502280175685881
-0.030195187777280807
-0.06611131876707077
-0.06029126793146133
-0.03274017572402954
-0.0551234632730484
-0.07132825255393982
-0.08606798946857452
-0.07539261877536772
-0.061543628573417664
-0.04902219772338867
-0.059907719492912286
-0.031115807592868805
-0.09606137871742249
-0.05628868192434311
-0.03245742619037628
-0.07862123101949692
-0.06081575155258179
-0.04346910119056702
-0.04820020124316216
-0.05694861710071564
-0.05191219598054886
-0.042013354599475854
-0.057760730385780334
-0.06054238229990005
-0.0802486315369606
-0.03654764592647552
-0.04646287858486176
-0.03535647317767143
-0.01908741518855095
-0.08478167653083801
-0.05136559158563614
-0.028904009610414505
-0.03988545015454292
-0.07710329443216324
-0.06059131026268005
-0.06859904527664185
-0.06220998615026473
-0.05203734338283538
-0.003189233131706714
-0.06460253894329071
-0.05712766945362091
-0.0972348302602768
-0.0442478284239769
-0.06224210560321808
-0.08165492862462997
-0.03696506097912788
-0.06395015120506287
-0.018805183470249176
-0.07162743806838989
-0.08195531368255614
-0.03876595944166184
-0.041971605271101
-0.07605317234992981
-0.0347486287355423
-0.06041034311056137
-0.06182347238063812
-0.07946848869323729
-0.07125206291675568
-0.05693936347961426
-0.023082830011844635
-0.04418365657329559
-0.04759532958269119
-0.051458574831485755
-0.06565958261489868
-0.1029386520385742
-0.07580086588859558
-0.06793998926877975
-0.03268925100564957
-0.09508755803108215
-0.09285378456115721
-0.03325209021568298
-0.07834137231111526
-0.07806579023599625
-0.0841054767370224
-0.05543871223926544
-0.04563749954104424
-0.0319756343960762
-0.055757105350494385
-0.06399513781070709
-0.05190275609493256
-0.08740343898534775
-0.040219839662313454
-0.032387275248765945
-0.060061946511268616
-0.043004609644412994
-0.01581493765115738
-0.052837789058685296
-0.05507248640060425
-0.06536210328340529
-0.03986726701259613
-0.06282872706651688
-0.08751728385686873
-0.027662269771099087
-0.04856279492378234
-0.08104826509952545
-0.05362610518932343
-0.04697804152965546
-0.02858790010213852
-0.06196436285972595
-0.051004618406295776
-0.014005764387547968
-0.05386175960302353
-0.075315922498703
-0.07707046717405318
-0.06565392017364502
-0.049838922917842865
-0.04241062700748444
-0.0539972186088562
-0.04796621203422546
-0.04355477914214134
-0.05016142129898071
-0.022013850510120392
-0.05223650485277176
-0.04210499674081802
-0.1051330640912056
-0.04472082853317261
-0.04198490083217621
-0.05156866461038589
-0.07866702973842621
-0.05221204459667206
-0.06646094471216202
-0.03711981698870658
-0.026881270110607147
-0.04613357037305832
-0.09311981499195097
-0.052762195467948914
-0.05157750844955444
-0.06981121003627777
-0.040434937924146645
-0.05287689715623856
-0.04200511425733566
-0.06583566963672638
-0.05353523790836334
-0.05215524137020111
-0.03830036520957946
-0.07952769100666046
-0.028545521199703217
-0.061232149600982666
-0.054010756313800805
-0.03197156637907028
-0.041821904480457306
-0.06153822690248489
-0.03740635886788368
-0.06577656418085098
-0.09226196259260176
-0.05412711203098297
-0.056303232908248894
-0.06631267070770264
-0.0373445525765419
-0.039763987064361565
-0.06937992572784424
-0.06107798963785172
-0.068260058760643
-0.05824346840381622
-0.062113121151924126
-0.0623018890619278
-0.09617517888545989
-0.07909220457077025
-0.07496468722820283
-0.0510852187871933
-0.04808693006634712
-0.03305644914507866
-0.047765187919139855
-0.019023612141609192
-0.052484780550003045
-0.03044129908084869
-0.021125011146068573
-0.030639082193374637
-0.07401201128959654
-0.060486577451229095
-0.08024568855762482
-0.06293608248233795
-0.057636819779872894
-0.03761361539363861
-0.08968024700880049
-0.06025350838899613
-0.034120265394449234
-0.06748207658529282
-0.02827797085046768
-0.08100681006908415
-0.04822231084108353
-0.0338359996676445
-0.053812339901924126
-0.07059783488512039
-0.036170929670333855
-0.08505849540233613
-0.05861026793718337
-0.060388833284378045
-0.060824498534202576
-0.04795099049806594
-0.02766718715429306
-0.08351362496614456
-0.05412778258323669
-0.04186328873038292
-0.06012146174907684
-0.07069560885429382
-0.07451101392507553
-0.0945305377244949
-0.06224368512630463
-0.08293940126895905
-0.04549494385719299
-0.08182547241449357
-0.02530721575021744
-0.06924344599246979
-0.03336555138230324
-0.03623811900615692
-0.03468726947903633
-0.058373972773551934
-0.04600798338651657
-0.06900707632303238
-0.06719398498535156
-0.03125661611557007
-0.06406867504119873
-0.04754094034433365
-0.03450775891542435
-0.059560656547546394
-0.02240316569805145
-0.055972978472709656
-0.04038659483194351
-0.045565910637378686
-0.04222220927476882
-0.07615088671445847
-0.02025919407606125
-0.06523315608501433
-0.05794830620288849
-0.04701804742217064
-0.08162640780210496
-0.03208709880709648
-0.02871662378311157
-0.06710568070411682
-0.07353720813989638
-0.061703070998191833
-0.04332822561264038
-0.042690522968769073
-0.04433112591505051
-0.04763802886009216
-0.09832525253295897
-0.06418558955192566
-0.06808493286371231
-0.07112264633178711
-0.12379081547260284
-0.06538765132427216
-0.06526488065719604
-0.0358734093606472
-0.0363701768219471
-0.05412629991769791
-0.08295939862728119
-0.05128307640552521
-0.06508925557136536
-0.05631329864263535
-0.07562230527400969
-0.08533969521522523
-0.08417121320962906
-0.07786546647548676
-0.07386331260204315
-0.046129148453474045
-0.05809850990772247
-0.022197492420673367
-0.024285808205604557
-0.05558745563030242
-0.062317736446857445
-0.04234785586595535
-0.04587877541780472
-0.09609706699848176
-0.07539065927267073
-0.036983683705329895
-0.02852848917245865
-0.05818763375282288
-0.05176522582769394
-0.023131005465984344
-0.04037846624851226
-0.03828644007444382
-0.06949655711650848
-0.0456320196390152
-0.05008611083030701
-0.02263890206813812
0.0014678239822387695
-0.02834326773881912
-0.04860784113407135
-0.07084520161151886
-0.04684882611036301
-0.025614477694034576
-0.03974813222885132
-0.06232352554798126
-0.08166088163852692
-0.05802743881940842
-0.04874208569526672
-0.06705012917518616
-0.041680265218019485
-0.05162762105464935
-0.040934935212135315
-0.035416487604379654
-0.06420166790485382
-0.05186890065670013
-0.07041035592556
-0.07681237906217575
-0.07589654624462126
-0.04218466952443122
-0.01984317600727081
-0.06308425217866898
-0.02964383363723755
-0.053273506462574005
-0.042229194194078445
-0.06404808163642883
-0.04095025360584259
-0.05027589946985245
-0.028577882796525955
-0.00709300022572279
-0.08845335990190507
-0.03818149492144585
-0.045927539467811584
-0.01807497814297676
-0.06617864966392517
-0.05642205476760864
-0.03834803029894829
-0.04051811620593071
-0.023633088916540142
-0.04161190241575241
-0.0411885529756546
-0.02907346189022064
-0.07266141474246977
-0.04928392916917801
-0.04315286502242088
-0.06666640937328339
-0.05717436969280242
-0.076136976480484
-0.03971406072378159
-0.06229540705680847
-0.041134756058454514
-0.08207750320434569
-0.039220720529556274
-0.072341151535511
-0.07577577233314514
-0.06163232773542404
-0.04735873639583588
-0.06756064295768738
-0.03400036692619324
-0.06297050416469574
-0.008429481647908686
-0.0524972602725029
-0.050578251481056206
-0.09108743071556093
-0.05767950415611267
-0.056844405829906464
-0.08537879586219788
-0.06614150106906891
-0.02199152484536171
-0.054224744439125054
-0.03582003712654114
-0.0596771016716957
-0.07282052934169769
-0.048851326107978814
-0.08558349311351776
-0.07451717555522919
-0.06461432576179504
-0.05390006303787232
-0.06878670305013657
-0.06681113690137863
-0.052215881645679474
-0.05006313323974609
-0.04647311195731163
-0.05644813925027847
-0.04787802696228027
-0.07179588079452515
-0.05826222896575928
-0.05249042063951492
-0.04170295223593712
-0.03182254359126091
-0.05476220697164536
-0.046139184385538094
-0.05096516758203506
-0.047018915414810174
-0.04722427576780319
-0.07016082853078842
-0.05413223803043365
-0.08727207779884337
-0.01682562753558159
-0.061926722526550286
-0.0569758266210556
-0.050383374094963074
-0.02041623741388321
-0.09089267253875731
-0.056909926235675805
-0.047250479459762566
-0.07254225015640257
-0.0422375276684761
-0.06350944191217422
-0.09997227787971497
-0.054809346795082085
-0.05734513700008392
-0.05649222433567047
-0.08057601749897003
-0.06086579710245133
-0.025891706347465515
-0.101041778922081
-0.06742808222770691
-0.05865854769945145
-0.06207405775785446
-0.05620603263378143
-0.05473233014345169
-0.04151660948991776
-0.048142436891794205
-0.06615661829710007
-0.07774867117404938
-0.031225308775901794
-0.06747616827487946
-0.07599163055419923
-0.060252875089645386
-0.03649874031543732
-0.02529609203338623
-0.04871074855327606
-0.07070616632699966
-0.03364540636539459
-0.07697254419326782
-0.04217967391014099
-0.011946638114750384
-0.03550643101334572
-0.029769059270620343
-0.06850618869066238
-0.05878286063671112
-0.04859114438295364
-0.04283126443624496
-0.06047408282756805
-0.02566327154636383
-0.04725044593214989
-0.022732645273208615
-0.05807458609342575
-0.056069523096084595
-0.07946639508008958
-0.03701067715883255
-0.06511358916759491
-0.015759021043777462
-0.06446163356304169
-0.07690395414829254
-0.04640737175941467
-0.06050095707178116
-0.05820302665233612
-0.016841866075992584
-0.05662190914154053
-0.06513940542936325
-0.10297615826129912
-0.023339971899986267
-0.02927158772945404
-0.022652205079793927
-0.1046721339225769
-0.052696466445922845
-0.05201832950115204
-0.05665605515241623
-0.056920677423477166
-0.06667034327983856
-0.05490662157535553
-0.025215439498424527
-0.07220524549484254
-0.06212450563907623
-0.06689619272947311
-0.062004342675209045
-0.05080751329660416
-0.060525432229042046
-0.06150374561548233
-0.08015781641006468
-0.051063671708106995
-0.022786706686019897
-0.06780146807432175
-0.09864111244678496
-0.05854499340057373
-0.07320426404476164
-0.08328548073768614
-0.034683845937252045
-0.05778545141220093
-0.05811416357755661
-0.045043006539344795
-0.02794615551829338
-0.08366813510656355
-0.05698017776012421
-0.06830142438411713
-0.05871808528900146
-0.06430970132350922
-0.07644732296466827
-0.05430901795625687
-0.0744238868355751
-0.04343235120177269
-0.07254493236541747
-0.04057028889656066
-0.04490963369607925
-0.05278253555297852
-0.04974338412284851
-0.08447394520044327
-0.04281073063611984
-0.07030949741601944
-0.045317962765693665
-0.044648513197898865
-0.06290143728256226
-0.04143119603395463
-0.027146626263856888
-0.07518455386161804
-0.01692483201622963
-0.052965380251407616
-0.04815400764346123
-0.052084580063819885
-0.07677264511585236
-0.032499995082616806
-0.06350705772638321
-0.02704627439379692
-0.04326813668012619
-0.06968886405229568
-0.08318959176540375
-0.051241859793663025
-0.053034484386444085
-0.07194072008132935
-0.06356830894947052
-0.09117013216018675
-0.015189253725111485
-0.01708962395787239
-0.0454573929309845
-0.05919240415096282
-0.03017822280526161
-0.08120428025722502
-0.05055449157953262
-0.038234613835811615
-0.07507979869842529
-0.03672453761100769
-0.03498133271932602
-0.06616456806659697
-0.028920076787471768
-0.11186495423316956
-0.0863426774740219
-0.06935828924179077
-0.07837171107530595
-0.06891332566738129
-0.08747833222150801
-0.06131508201360703
-0.07170135527849197
-0.09696188569068909
-0.06850147247314453
-0.07468369603157043
-0.0841899663209915
-0.09206122159957884
-0.04379376396536827
-0.05917835980653762
-0.05997036397457122
-0.008354305289685726
-0.03140054643154144
-0.05125966668128967
-0.04673226550221443
-0.012330490164458752
-0.05370070785284042
-0.024510212242603305
-0.05034250020980834
-0.0645805075764656
-0.07072323560714722
-0.07311353832483292
-0.036935925483703606
-0.05634166300296784
-0.07305242866277695
-0.04987764358520508
-0.037090003490448
-0.055576398968696594
-0.05957072228193283
-0.059630446135997765
-0.06108452379703522
-0.11555373668670654
-0.03667159005999565
-0.031815215945243835
-0.03126523643732071
-0.0374830886721611
-0.01710306853055954
-0.06382213532924652
-0.07554817944765091
-0.04077770933508873
-0.03650575131177902
-0.06090836226940155
-0.05060864984989166
-0.09851999580860138
-0.08073721826076508
-0.04205046594142914
-0.08951148390769958
-0.06891901791095734
-0.047877028584480286
-0.04310613125562668
-0.06041480600833893
-0.07434643059968947
-0.04655958339571953
-0.049679934978485114
-0.08055435866117477
-0.07026530802249908
-0.04619853943586349
-0.05637228488922119
-0.0398276187479496
-0.013071657158434393
-0.04787558317184448
-0.06549523770809174
-0.05909445881843567
-0.04181870445609093
-0.08372126519680022
-0.06516770273447037
-0.06350251287221909
-0.03889811784029007
-0.0854872316122055
-0.051784202456474304
-0.024702429771423336
-0.07905262708663939
-0.05040545761585236
-0.049292005598545074
-0.0412362739443779
-0.0445917546749115
-0.03558271750807762
-0.06686287373304367
-0.06152147799730301
-0.04905649274587631
-0.04851185902953148
-0.020556405186653137
-0.06173592805862426
-0.06662469357252121
-0.021999187767505642
-0.05692996829748154
-0.0419226735830307
-0.04386981204152107
-0.058445855975151055
-0.05401988327503204
-0.028725929558277127
-0.06047828495502472
-0.07584621012210846
-0.032966893166303635
-0.09238487482070921
-0.046048060059547424
-0.027354970574378967
-0.04233629256486893
-0.026549533009529117
-0.042017631232738495
-0.06691645085811615
-0.056009553372859955
-0.0020405808463692665
-0.024015232920646667
-0.04870210587978363
-0.005091394297778606
-0.0372401624917984
-0.05602096766233444
-0.06819973886013031
-0.0571189820766449
-0.03481888771057129
-0.043576791882514954
-0.06496506184339523
-0.015863999724388123
-0.05163118988275528
-0.05395324528217316
0.0239754319190979
-0.06498344242572784
-0.08793276548385619
-0.0587235614657402
-0.047432560473680496
-0.049617871642112725
-0.020044252276420597
-0.04721318557858467
-0.07093733549118042
-0.05775377154350281
-0.05492465943098068
-0.03657917305827141
-0.08421596884727478
-0.06089004874229431
-0.06402741372585297
-0.05151627957820892
-0.08142672479152678
-0.013528299517929552
-0.0813216120004654
-0.048118606209754944
-0.08433595299720764
-0.06945622712373734
-0.045163661241531365
-0.05755076557397842
-0.05782047659158707
-0.0562049001455307
-0.027293052524328232
-0.0804842561483383
-0.04106128960847855
-0.06111550331115723
-0.06551187485456467
-0.04377851262688637
-0.04595567658543587
-0.03401850908994675
-0.08263660967350006
-0.01754167675971985
-0.06389810144901276
-0.05426936596632004
-0.05793067812919617
-0.032861679792404175
-0.02950834482908249
-0.04935078322887421
-0.034958068281412125
-0.07519112527370451
-0.058438979089260094
-0.03696918115019798
-0.03218022361397743
-0.03714541345834732
-0.0808483213186264
-0.07138443738222122
-0.07160884141921997
-0.05896005034446716
-0.033932916820049286
-0.028034061193466183
-0.07717163860797882
-0.041018299758434296
-0.04799128696322441
-0.05090133845806122
-0.04698990285396576
-0.02456359937787056
-0.023329645395278927
-0.07493698596954346
-0.06883781403303145
-0.03539431840181351
-0.032398663461208344
-0.07158777117729187
-0.02526430040597916
-0.07252832502126692
-0.05670967698097229
-0.055456489324569695
-0.08027526736259459
-0.05183243751525879
-0.07035823166370392
-0.0619947612285614
-0.02019979804754257
-0.06877174228429793
-0.038068678230047226
-0.0389079824090004
-0.049526587128639214
-0.03770265728235245
-0.07011120766401291
-0.06636708974838257
-0.038672078400850296
-0.08375119417905806
-0.06305409967899323
-0.04489278793334961
-0.04922476410865784
-0.01184945274144411
-0.05780966579914093
-0.04942335188388824
-0.035794518887996674
-0.05985650420188904
-0.06026244908571243
-0.03626829013228416
-0.06502298265695572
-0.09701433032751085
-0.061857014894485474
-0.019895214587450027
-0.05471455305814743
-0.06169126927852631
-0.098573736846447
-0.05193424969911575
-0.042013153433799744
-0.03475276753306389
-0.07933080941438675
-0.040749505162239075
-0.07978734374046324
-0.058205023407936096
-0.02672601491212845
-0.05782906711101532
-0.05655442178249359
-0.07787216454744339
-0.04366438090801239
-0.07005921006202698
-0.05220307409763336
-0.03776824474334717
-0.041784614324569695
-0.051654279232025146
-0.03319351375102997
-0.03265661373734474
-0.0596974641084671
-0.034745167940855026
-0.08322826027870178
-0.08578858524560928
-0.04503053426742554
-0.09382402896881104
-0.06287702918052673
-0.08396977931261063
-0.09775957465171813
-0.011967190541327
-0.04179150611162186
-0.07829831540584563
-0.06297227740287781
-0.065213143825531
-0.07540136575698851
-0.08001866191625595
-0.04644093662500381
-0.08771917223930359
-0.047342605888843536
-0.06653468310832977
-0.0588986873626709
-0.05836367607116699
-0.04783860594034194
-0.035864975303411484
-0.055182136595249176
-0.03733745962381362
-0.05273709446191788
-0.0764685571193695
-0.06775476038455963
-0.05693864822387695
-0.053818903863430016
-0.04891125112771988
-0.035200025886297226
-0.06103941798210144
-0.06051861494779586
-0.06017572432756424
-0.09675031900405885
-0.034993331879377365
-0.0623406395316124
-0.10756395757198332
-0.06053273379802704
-0.03584027290344238
-0.034301720559597015
-0.028834998607635495
-0.05333629250526428
-0.07391798496246339
-0.02836143597960472
-0.04573548585176468
-0.06906379014253616
-0.056511759757995605
-0.06616003811359406
-0.03223208710551262
-0.07091738283634186
-0.03396792709827423
-0.04980932176113129
-0.04148334264755249
-0.06836852431297302
-0.019857030361890793
-0.06801880896091461
-0.08682325482368469
-0.03389578312635422
-0.03571109473705292
-0.05255770683288574
-0.027383510023355484
-0.03306802362203598
-0.08510723710060118
-0.03605061024427414
-0.058738052845001214
-0.09555822610855103
-0.03833431750535965
-0.07671469449996947
-0.022137023508548737
-0.0739813894033432
-0.07561977952718735
-0.08212494850158691
-0.07571873813867569
-0.041243143379688256
-0.08751239627599715
-0.059700973331928246
-0.05968812108039856
-0.04624069109559059
-0.036023784428834915
-0.07049179822206497
-0.029437892138957977
-0.05498386919498444
-0.06137482821941376
-0.05335422605276108
-0.08190622925758362
-0.07769826054573059
-0.028197810053825375
-0.051725976169109344
-0.027524858713150024
-0.05329348891973496
-0.07965806126594542
-0.011070539243519306
-0.03152504563331604
-0.058612480759620667
-0.06702673435211182
-0.03204650059342384
-0.030959472060203552
-0.06872957944869995
-0.047241196036338806
-0.0709262490272522
-0.023514058440923687
-0.05156547576189041
-0.04227029159665108
-0.06351180374622345
-0.0733150541782379
-0.05732859671115875
-0.07373577356338501
-0.04256800562143326
-0.030902057886123657
-0.05800319463014603
-0.04745966196060181
-0.04986868053674698
-0.04054682329297066
-0.045503132045269006
-0.04854705184698105
-0.0180104598402977
-0.07961472123861311
-0.09014619141817092
-0.10052807629108428
-0.05650784075260162
-0.016488250344991684
-0.05629496276378632
-0.03333118557929993
-0.07111704349517822
-0.0366097055375576
-0.058370307087898254
-0.04490000009536743
-0.04098442196846008
-0.06905985623598099
-0.06373073905706406
-0.07172364741563797
-0.07955781370401382
-0.05412106215953826
-0.06336227059364319
-0.04575819149613381
-0.04724041372537613
-0.07054474949836731
-0.050594449043273926
-0.039492566138505936
-0.02467883750796318
-0.06953078508377075
-0.0621526837348938
-0.0144663630053401
-0.07289281487464903
-0.06341070681810379
-0.02791403979063034
-0.05125219374895096
-0.08368119597434996
-0.051764331758022315
-0.039134573191404336
-0.058081015944480896
-0.05030987411737441
-0.05259749293327332
-0.04697863012552261
-0.0516808032989502
-0.04446474462747574
-0.042695850133895874
-0.07684943079948425
-0.028270877897739407
-0.07197418063879013
-0.049515530467033386
-0.05113543570041656
-0.10342437773942947
-0.1034628450870514
-0.04420938715338706
-0.06133440136909485
-0.0402042418718338
-0.040534257888793945
-0.031020130962133408
-0.06314581632614136
-0.029863469302654263
-0.09264621138572691
-0.02627686411142349
-0.028811190277338028
-0.08105750381946564
-0.06439454108476639
-0.03018240258097649
-0.04362605512142181
-0.028363287448883057
-0.08465982973575592
-0.06240779161453247
-0.06498114764690399
-0.08076975494623184
-0.05864217132329941
-0.09803394973278044
-0.05125215649604797
-0.043184150010347366
-0.08940586447715758
-0.08886533975601196
-0.06862235069274902
-0.06340418756008148
-0.05078475177288056
-0.101154163479805
-0.05499833822250366
-0.05215562880039215
-0.017793435603380203
-0.05537997931241989
-0.06679430603981018
-0.07860237360000609
-0.0498083233833313
-0.07250087708234787
-0.058408692479133606
-0.06013813614845276
-0.05072859674692154
-0.06825946271419525
-0.05149991065263748
-0.04162758216261864
-0.02925295382738113
-0.052780881524086
-0.04547586292028427
-0.02118406444787979
-0.034339405596256256
-0.07850588858127595
-0.07973870635032652
-0.02254318445920944
-0.101694755256176
-0.06171488761901856
-0.09214492887258528
-0.05028432607650757
-0.041126303374767297
-0.06932824850082397
-0.09573943167924881
-0.041569948196411126
-0.06512416154146193
-0.06007137149572373
-0.0633002296090126
-0.04949422180652618
-0.03443387895822525
-0.010083437897264956
-0.06413940340280533
-0.04598701745271683
-0.013535422272980211
-0.06110978126525879
-0.08497434109449385
-0.0899965763092041
-0.04774742946028709
-0.060545891523361206
0.022485382854938507
-0.07303246855735779
-0.04826229438185692
-0.03540784865617752
-0.04912953078746796
-0.058370441198349
-0.05204664170742034
-0.06349287927150726
-0.08169494569301605
-0.06706295907497406
-0.03973749279975891
-0.09632163494825363
-0.049580685794353485
-0.06018570065498352
-0.015742097049951553
-0.04946649819612503
-0.05082163214683533
-0.06247001886367798
-0.04646036028862
-0.06432700157165527
-0.1012825220823288
-0.0358714796602726
-0.0646953210234642
-0.039226189255714417
-0.05323135852813721
-0.06602556258440018
-0.04561515152454376
-0.050469130277633674
-0.05325698852539063
-0.05413949489593506
-0.07021339237689972
-0.01689031720161438
-0.024252519011497498
-0.06208883970975876
-0.05952426791191101
-0.06383776664733887
-0.0414319783449173
-0.06516001373529434
-0.06364414095878601
-0.06392517685890198
-0.05256412923336029
-0.03057081252336502
-0.10174352675676344
-0.04938527196645737
-0.027519963681697845
-0.07126970589160919
-0.07064365595579147
-0.05447667837142944
-0.0788838118314743
-0.027594238519668576
-0.02226991578936577
-0.010034107603132725
-0.08973748981952667
-0.05176028609275818
-0.05257010459899902
-0.06552821397781372
-0.04905775189399719
-0.09629946947097777
-0.032260995358228683
-0.03706325963139533
-0.05472850799560546
-0.07047377526760101
-0.0162341371178627
-0.03134230151772499
-0.06010636687278748
-0.07913637161254883
-0.07802999019622801
-0.030490968376398087
-0.045193210244178765
-0.05831679701805115
-0.07045489549636841
-0.036814503371715546
-0.03498794883489609
-0.08611662685871123
-0.04357963800430298
-0.07070721685886383
-0.04255641996860504
-0.05049319565296173
-0.0666399747133255
-0.05710507929325104
-0.07509571313858032
-0.08722880482673645
-0.03909388557076454
-0.02444189414381981
-0.04103442654013634
-0.05498745292425156
-0.07788527756929396
-0.051487624645233154
-0.03986784070730209
-0.07603082060813904
-0.03054408356547356
-0.030838422477245327
-0.07018617540597916
-0.06648023426532745
-0.06784391403198242
-0.09210360050201416
-0.09046027064323424
-0.08099147677421571
-0.06921100616455078
-0.03451433777809143
-0.0735528990626335
-0.07794433832168579
-0.03421970456838608
-0.04688909277319908
-0.053728729486465454
-0.05167923867702484
-0.05615749210119248
-0.07537235319614409
-0.06322131305932999
-0.04498934745788574
-0.05549415200948715
-0.04563044756650925
-0.0702207088470459
-0.07907659560441971
-0.04143453389406204
-0.05497551709413528
-0.036957673728466034
-0.054714709520339966
-0.054293110966682434
-0.033720068633556366
-0.07868684828281401
-0.03301548212766647
-0.056104809045791626
-0.039122596383094795
-0.06456083059310913
-0.056036800146102905
-0.03025761246681213
-0.024618845432996746
-0.030690494924783703
-0.03299742564558983
-0.04669369384646416
-0.09876332432031631
-0.071379654109478
-0.03415039181709289
-0.0474388524889946
-0.0833669975399971
-0.08134193718433379
-0.043300393968820565
-0.09777303040027617
-0.07235151529312132
-0.03488150238990784
-0.03382796794176102
-0.04253656417131424
-0.0410015732049942
-0.08128982782363892
-0.03627336397767066
-0.05292077362537384
-0.033497124910354614
-0.04427137225866318
-0.051375851035118096
-0.05834713578224182
-0.05132700502872467
-0.05747389793395996
-0.0956009030342102
-0.03654118254780769
-0.092809297144413
-0.038819130510091775
-0.05861836671829224
-0.03496980667114258
-0.05650335550308228
-0.053147032856941216
-0.10690425336360931
-0.08769941329956055
-0.053486526012420654
-0.02969151362776756
-0.05299501121044159
-0.058068118989467614
-0.043923772871494286
-0.03902783989906311
-0.01992618665099144
-0.04447976499795914
-0.05762763321399689
-0.05619408190250397
-0.021341305226087567
-0.05828146636486053
-0.032489657402038574
-0.03708565980195999
-0.06588441133499146
-0.04134073480963706
-0.0019054049625992773
-0.05351723730564117
-0.07534024119377136
-0.046263772994279855
-0.049857556819915765
-0.08017323911190033
-0.1027318686246872
-0.05540153384208679
-0.06114549934864044
-0.06093393266201019
-0.07139737159013748
-0.05087863653898239
-0.046258758753538125
-0.08735516667366029
-0.06473325192928314
-0.059292271733284
-0.05705041438341141
-0.03429831191897392
-0.05491791665554047
-0.08340854942798615
-0.03861386701464653
-0.05602798610925674
-0.025896605104207993
-0.04213275760412216
-0.03851264342665672
-0.09678957611322403
-0.02337685227394104
-0.053527720272541046
-0.07679851353168486
-0.047818876802921295
-0.04123906046152114
-0.05397821217775345
-0.08916914463043213
-0.10001562535762785
-0.06199748814105988
-0.08093395829200745
-0.04627973213791847
-0.06621228903532028
-0.041044436395168304
-0.03498443216085433
-0.09927618503570557
-0.037197649478912354
-0.03420155867934227
-0.04495985060930252
-0.055761784315109246
-0.04857657104730606
-0.06210647523403168
-0.050872579216957085
-0.07420600205659865
-0.08806456625461577
-0.08744847029447556
-0.04408043622970581
-0.06934218853712082
-0.05444695055484772
-0.04621024429798126
-0.05188019573688507
-0.05696102976799011
-0.028919335454702377
-0.05257418751716614
-0.0729699432849884
-0.07720208168029785
-0.08734481036663054
-0.05454733967781066
-0.03242345526814461
-0.05804327875375748
-0.04251524806022644
-0.06278765201568604
-0.032623160630464554
-0.044881038367748254
-0.06121581792831421
-0.03307618945837021
-0.05347691476345062
-0.05668997019529343
-0.00774021353572607
-0.05353108048439026
-0.06592515110969543
-0.06305171549320221
-0.06452716141939163
-0.08917353302240372
-0.054690375924110406
-0.08288657665252684
-0.06121236085891724
-0.0892994850873947
-0.03976723924279213
-0.07936665415763856
-0.0548972561955452
-0.0376492366194725
-0.025160726159811016
-0.06017486751079559
-0.04021751880645752
-0.01855241879820824
-0.053553864359855645
-0.07731419056653976
-0.08830995857715607
-0.03570863977074623
-0.05637874454259872
-0.038055632263422005
-0.05909709632396697
-0.030446715652942657
-0.05507447570562363
-0.01461936254054308
-0.07220351696014403
-0.027914740145206448
-0.08386617153882979
-0.08680928498506546
-0.0671447366476059
-0.07591845095157622
-0.01621120795607567
-0.06974121183156967
-0.03210626542568207
-0.024918697774410248
-0.05889491736888885
-0.044314224272966385
-0.07094667106866837
-0.040839336812496185
-0.027653075754642487
-0.040557421743869775
-0.036265797913074486
-0.002729573287069797
-0.06003907322883605
-0.07158266007900238
-0.048677653074264526
-0.051053985953330994
-0.04603207856416702
-0.04196574538946152
-0.09182070195674896
-0.038110107183456414
-0.060370132327079766
-0.04681403562426567
-0.05106185376644135
-0.038490280508995056
-0.06491173803806305
-0.06779002398252487
-0.05339169502258301
-0.026090800762176517
-0.054416388273239136
-0.049226514995098114
-0.07523946464061737
-0.022129252552986145
-0.05912575125694274
-0.04064103960990906
-0.04116649180650711
-0.06016493588685989
-0.06907300651073456
-0.05195263773202896
-0.05442581325769424
-0.044379271566867835
-0.03219479322433472
-0.029978450387716293
-0.06803679466247559
-0.08312956243753433
-0.028300851583480835
-0.014694231562316416
-0.08890730142593382
-0.043072260916233056
-0.03775861486792564
-0.038483604788780205
-0.05297334492206573
-0.04401642829179764
-0.05269453674554825
-0.08205380290746687
-0.05563449114561081
-0.10650186985731123
-0.10790351033210754
-0.04844178631901741
-0.07280825078487395
-0.06710022687911987
-0.06838848441839218
-0.03456706926226616
-0.07414723187685011
-0.048548448830842965
-0.03700450062751769
-0.07819613814353943
-0.07137922942638397
-0.055521562695503235
-0.047641873359680176
-0.023666050285100937
-0.050136812031269073
-0.09515227377414703
-0.06502671539783478
-0.03573242574930191
-0.037227857857942574
-0.07242698967456818
0.00023073237389326093
-0.05758335441350937
-0.049134723842144006
-0.033265069127082825
-0.049987681210041046
-0.03411855548620224
-0.05319765210151672
-0.04076500982046127
-0.054022736847400665
-0.04738488420844078
-0.08305373042821884
-0.05680149793624878
-0.08013143390417099
-0.06313279271125793
-0.03032912313938141
-0.05163787305355072
-0.03756171464920044
-0.002548946999013424
-0.028891362249851223
-0.06391029059886932
-0.08514127135276793
-0.09076225757598878
-0.07574816048145294
-0.08306825160980225
-0.028058838099241257
-0.06847608089447021
-0.046395529061555855
-0.04246929287910461
-0.03266890347003937
-0.05500827729701996
-0.06558597087860107
-0.09285427629947662
-0.01187422964721918
-0.01517252717167139
-0.04045248404145241
-0.02044142782688141
-0.034295085817575455
-0.044592931866645806
-0.029999099671840668
-0.06193424761295319
-0.08363878726959229
-0.07180868834257126
-0.0008995095267891885
-0.06230045109987258
-0.03948630392551422
-0.05051152408123016
-0.09212492406368256
-0.07038537412881851
-0.030721530318260193
-0.07291747629642487
-0.08069396018981932
-0.055236943066120155
-0.02129492163658142
-0.06276971101760864
-0.03730488568544388
-0.04971197247505188
-0.05570574104785919
-0.07019167393445969
-0.04991447925567626
-0.040350474417209625
-0.04730786383152008
-0.039683252573013306
-0.060696154832839966
-0.0802200138568878
-0.04567742720246315
-0.06677340716123581
-0.0435083881020546
-0.03879682719707489
-0.08597034215927123
-0.08106257766485214
-0.04994595050811768
-0.01600150391459465
-0.0395483672618866
-0.008089435286819937
-0.06258104741573334
-0.026723943650722504
-0.018895864486694332
-0.04110877588391304
-0.11507701873779295
-0.02577538788318634
-0.040982455015182495
-0.021731697022914886
-0.03971699252724648
-0.05623646080493927
-0.03968106210231781
-0.04844414815306664
-0.029685199260711666
-0.008209542371332645
-0.036738350987434394
-0.025620438158512115
-0.05118151754140854
-0.05676299333572388
-0.03904606401920319
-0.10310648381710052
-0.03787464648485184
-0.05475233495235443
-0.04966460913419724
-0.07857494056224824
-0.06521893292665482
-0.011287693865597248
-0.03351651877164841
-0.08595134317874908
-0.07141841948032379
-0.07304058223962784
-0.04005462676286697
-0.04850381612777709
-0.07012343406677246
-0.05504493415355682
-0.06293697655200958
-0.06129538267850876
-0.05114366114139557
-0.06011638790369034
-0.08157934248447418
-0.05868770182132721
-0.06550036370754242
-0.03383834287524223
-0.08674985170364381
-0.05298744142055512
-0.06282518804073334
-0.08770208060741425
-0.07965709269046782
-0.04110906645655632
-0.049158841371536255
-0.03957878798246384
-0.05122492462396622
-0.044677212834358215
-0.05716279149055481
-0.03884011134505272
-0.07142980396747589
-0.05543777346611023
-0.05957542359828949
-0.07472187280654907
-0.04794932156801224
-0.05372907221317291
-0.04792733490467072
-0.08746735006570816
-0.05981115251779556
-0.0790140852332115
-0.06328210979700089
-0.049659334123134606
-0.0991988331079483
-0.037775613367557526
-0.03502245992422104
-0.0678190290927887
-0.015166797675192356
-0.08018156886100769
-0.02912263199687004
-0.0383567102253437
-0.05918634682893753
-0.063347727060318
-0.06603669375181198
-0.09152723848819731
-0.05442936718463898
-0.04576630890369415
-0.05839124321937561
-0.033773645758628845
-0.039341215044260025
-0.07126674056053162
-0.07104760408401489
-0.04576291888952255
-0.03843113034963608
-0.04185687750577927
-0.05262450873851776
-0.038008954375982285
-0.07061005383729935
-0.04730354249477386
-0.10273776203393936
-0.06581644713878632
-0.07941292971372604
-0.08235995471477507
-0.03902807459235191
-0.04396565631031991
-0.08794957399368286
-0.03359047695994377
-0.06384534388780594
-0.06081608682870865
0.005062070675194264
-0.05215761810541153
-0.03760853409767151
-0.09069602936506271
-0.07214991003274916
-0.07645677030086517
-0.07755115628242493
-0.04114800691604614
-0.0759594589471817
-0.01940622553229332
-0.05010336637496948
-0.035559847950935364
-0.02565252035856247
-0.02783242613077164
-0.06113877147436141
-0.03990828990936279
-0.03801146894693375
-0.08134452998638153
-0.03749503567814826
-0.08689849078655243
-0.07045458257198334
-0.02580691874027252
-0.038635145872831345
-0.02957035601139069
-0.07725127786397934
-0.073139488697052
-0.019421685487031937
-0.05128730833530425
-0.058718204498291016
-0.06214016675949097
-0.060956627130508416
-0.05582638829946518
-0.05200652778148651
-0.06041310727596282
-0.048048708587884896
-0.027296859771013256
-0.07089006155729294
-0.036891523748636246
-0.04286603629589081
-0.07485152781009674
-0.07823699712753296
-0.07356723397970198
-0.05369208008050919
-0.030442040413618088
-0.03982001543045044
-0.08275073021650313
-0.016245119273662567
-0.08409300446510315
-0.0907251536846161
-0.07426339387893677
-0.03342247009277344
-0.015095430426299572
-0.044383250176906586
-0.10280220210552216
-0.05063991993665695
-0.056037962436676025
-0.0753180757164955
-0.0532265305519104
-0.08490718901157379
-0.06195785850286484
-0.06634470820426941
-0.05302178114652634
-0.061553969979286194
-0.04248281568288803
-0.0675196647644043
-0.055957794189453125
-0.051669761538505554
-0.036122165620327
-0.05455594509840012
-0.04934869706630706
-0.049881353974342346
-0.07599544525146483
-0.04161544144153594
-0.06779950857162476
-0.040064815431833274
-0.08529873192310333
-0.07186847925186157
-0.048610646277666085
-0.09208280593156815
-0.03867674246430397
-0.056585565209388726
-0.037938173860311515
-0.019099004566669464
-0.06562960147857666
-0.043061580508947365
-0.02337367460131645
-0.07436740398406982
-0.0016832882538437843
-0.05266548693180084
-0.06432142853736877
-0.05458761006593704
-0.10132668912410736
-0.05935158580541611
-0.015982836484909058
-0.02813108265399933
-0.0435708612203598
-0.04948779940605164
-0.05381014198064804
-0.05711477994918823
-0.055765070021152496
-0.06450538337230681
-0.03997110575437546
-0.04051648825407028
-0.11113159358501434
-0.018537089228630062
-0.0363452062010765
-0.04093706235289574
-0.04429849982261658
-0.06301243603229523
-0.06743599474430084
-0.06418588012456894
-0.09192702919244766
-0.07469221949577332
-0.07407771795988083
-0.08722583949565886
-0.05462928861379624
-0.058740876615047455
-0.04394599050283432
-0.05515037477016449
-0.02829444408416748
-0.05330812186002731
-0.07633162289857864
-0.025642029941082
-0.05258867144584656
-0.05401841551065445
-0.06348040699958801
-0.02056070789694786
-0.07544451951980592
-0.0466521680355072
-0.04200694337487221
-0.043003007769584656
-0.05373179912567139
-0.036414232105016715
-0.047814883291721344
-0.044616926461458206
-0.03886315599083901
-0.03983139991760254
-0.04561074078083038
-0.12077662348747252
-0.04504060000181198
-0.0852515697479248
-0.06036333739757538
-0.07123054563999176
-0.06560176610946655
-0.06631842255592346
-0.053096100687980645
-0.08887308835983276
-0.07013987004756927
-0.032240819185972214
-0.051149845123291016
-0.04248606041073799
-0.07025936245918274
-0.05469740182161331
-0.054403871297836304
-0.05035032331943512
-0.03444340080022812
-0.10412979125976562
-0.07046286016702652
-0.03609951585531235
-0.03174469619989395
-0.06382464617490768
-0.04390444234013557
-0.06457552313804625
-0.0706738606095314
-0.07367627322673796
-0.06775537133216858
-0.04774338752031326
-0.08240990340709686
-0.09736382216215132
-0.04311399161815643
-0.04902812838554382
-0.05858946591615677
-0.048090953379869454
-0.06678740680217743
-0.05139762163162232
-0.06426620483398438
-0.049036577343940735
-0.10479052364826202
-0.07205232977867126
-0.10041213035583496
-0.0425458699464798
-0.1077389121055603
-0.0642145574092865
-0.061822786927223206
-0.06763467937707901
-0.031517840921878815
-0.049169674515724175
-0.07285410165786742
-0.07546394318342207
-0.054776743054389954
-0.0474054329097271
-0.06618330627679825
-0.0852954238653183
-0.0707520842552185
-0.06913100928068161
-0.03188316151499748
-0.04543911293148994
-0.0379728265106678
-0.03700569272041321
-0.06303197145462036
-0.05591408908367157
-0.0381128303706646
-0.09478804469108579
-0.053743436932563775
-0.042602136731147766
-0.05668874084949493
-0.06294183433055878
-0.06554626673460007
-0.06853442639112473
-0.05534292757511138
-0.06859339028596878
-0.06772315502166748
-0.04127227142453194
-0.05213528871536255
-0.04605161398649216
-0.09717151522636412
-0.04359442740678787
-0.050878822803497314
-0.034449249505996704
-0.006485250778496265
-0.10566326230764388
-0.03527458757162094
-0.05391178280115128
-0.05237366259098053
-0.04923558235168457
-0.07966715097427368
-0.04820554703474045
-0.08245633542537689
-0.04130666702985764
-0.04828819260001183
-0.051141194999217994
-0.06035935878753662
-0.03547738492488861
-0.04309619218111038
-0.09481840580701827
-0.06064014881849289
-0.048067837953567505
-0.05090127885341644
-0.09484493732452393
-0.02807235717773437
-0.05176244676113129
-0.0406893901526928
-0.11892482638359068
-0.05922890454530716
-0.05361176282167435
-0.0846577063202858
-0.01212611887603998
-0.010983330197632313
-0.07947950065135956
-0.08797173202037811
-0.06416825950145721
-0.055021494626998894
-0.04803670942783356
-0.06396092474460602
-0.0480678491294384
-0.04042927920818329
-0.06558990478515625
-0.03949031978845596
-0.008064338006079199
0.008392616175115107
-0.05646816641092301
-0.07292468100786209
-0.07228381186723709
-0.04983270913362503
-0.05363287031650543
-0.0967537686228752
-0.07313604652881622
-0.0349755585193634
-0.055112004280090325
-0.07405868172645567
-0.045104950666427605
-0.05747649818658829
-0.05016471445560455
-0.10774922370910645
-0.040072795003652566
-0.10126437246799468
-0.05665465444326401
-0.05804771929979324
-0.047791756689548485
-0.057031892240047455
-0.03809221833944321
-0.06425277888774872
-0.07533003389835356
-0.05299477279186249
-0.06620201468467712
-0.04265419393777847
-0.05444653332233429
-0.0507647767663002
-0.006893773563206196
-0.05925117433071136
-0.06394797563552856
-0.037635885179042816
-0.087806835770607
-0.04212739318609238
-0.091505728662014
-0.048909276723861694
-0.0543435662984848
-0.05983635038137436
-0.03996247425675392
-0.08233289420604707
-0.05921927094459534
-0.03188319131731987
-0.04708600044250488
-0.05270921438932418
-0.04203984141349792
-0.0780453309416771
-0.057438373565673835
-0.0564020499587059
-0.1123136281967163
-0.050879165530204766
-0.054495222866535194
-0.04402235150337219
-0.0383896604180336
-0.013818313367664814
-0.056951582431793206
-0.062252476811409
-0.060354210436344154
-0.05568277835845947
-0.07376496493816374
-0.05488868057727814
-0.04562925547361374
-0.044514089822769165
-0.07047019898891449
-0.08106034994125366
-0.05554665625095368
-0.062174394726753235
-0.085098072886467
-0.002698329277336597
-0.0821768268942833
-0.05714168399572373
-0.06176172941923141
-0.08229141682386398
-0.04529791697859764
-0.0684022307395935
-0.025189630687236782
-0.021403267979621887
-0.031531427055597305
-0.06565418839454651
-0.04117198288440704
-0.08015621453523636
-0.04432536661624909
-0.0399932786822319
-0.09431444108486176
-0.024029523134231567
-0.06690720468759537
-0.04157429561018944
-0.07945752143859862
-0.01777766644954681
-0.0038383929058909416
-0.06372280418872833
-0.07625643908977507
-0.0775052160024643
-0.09244005382061005
-0.05223611742258072
-0.03965551406145096
-0.06218799203634262
-0.07457202672958374
-0.05300623178482056
-0.04543574899435043
-0.04613474756479263
-0.07116830348968506
-0.06583817303180695
-0.06218791007995605
-0.07501024007797241
-0.06995613873004913
-0.051671266555786126
-0.08393207192420958
-0.047737542539834976
-0.05372659862041473
-0.04916170984506607
-0.04355236142873764
-0.04853274673223496
-0.029247224330902096
-0.050119034945964806
-0.10916733741760253
-0.03407757729291916
-0.04339686781167984
-0.07531607151031494
-0.04589249193668365
-0.06514985859394073
-0.06080944091081619
-0.09374701976776124
-0.014182177372276781
-0.06502262502908707
-0.027116023004055023
-0.016336604952812195
-0.06550264358520508
-0.10906706005334854
-0.09106254577636719
-0.050663381814956665
-0.06686151772737503
-0.04445906728506088
-0.0398387387394905
-0.03051438182592392
-0.09369273483753203
-0.044003717601299286
-0.05129064619541168
-0.06152412295341492
-0.04417920112609863
-0.06180628389120102
-0.050201766192913055
-0.05083759874105453
-0.051882304251194
-0.0350525788962841
-0.08236928284168243
-0.08785776793956755
-0.06797337532043457
-0.06324847042560577
-0.07188880443572998
-0.06928754597902298
-0.06753348559141159
-0.05586698651313782
-0.037299685180187225
-0.03661063313484192
-0.056328348815441125
-0.0985003113746643
-0.08021072298288345
-0.06372387707233429
-0.02601715922355652
-0.06537878513336182
-0.05364613234996796
9.236112236976624e-05
-0.02076224982738495
-0.03999236226081848
-0.05400419235229492
-0.021551690995693207
-0.056354328989982605
-0.056035831570625305
-0.08265438675880432
-0.09333191812038419
-0.048740290105342865
-0.04030755162239075
-0.04662761837244034
-0.0638490617275238
-0.07238028943538666
-0.04063066840171813
-0.05421138554811478
-0.06355760991573334
-0.05784998834133148
-0.04913150519132614
-0.020532056689262394
-0.07850511372089387
-0.09365139901638032
-0.04748263955116272
-0.0109969200566411
-0.02633519470691681
-0.05882149934768677
-0.030798912048339844
-0.0620412677526474
-0.026495810598134995
-0.07280430197715758
-0.01858042180538177
-0.054510563611984246
-0.046755652874708176
-0.07609321177005766
-0.069851815700531
-0.06529177725315094
-0.030992511659860607
-0.004612919874489307
-0.046355001628398895
-0.06062259525060654
-0.05353465676307678
-0.019615132361650463
-0.09653524309396744
-0.027030393481254578
-0.06564810872077942
-0.019084863364696503
-0.022513955831527706
-0.06970564275979996
-0.06128169596195221
-0.07736975699663162
-0.07970379292964934
-0.013157923705875872
-0.04226034879684448
-0.04739484190940857
-0.058414354920387275
-0.0681413784623146
-0.028001468628644943
-0.08891349285840988
-0.07477085292339326
-0.060482800006866455
-0.08920317143201827
-0.06968887895345688
-0.03481904789805412
-0.05171822011470795
-0.09317436814308167
-0.0584690123796463
-0.06597887724637985
-0.04826626181602479
-0.07522010058164595
-0.07859237492084502
-0.05815649777650833
-0.04277680814266205
-0.0586123913526535
-0.049164928495883935
-0.08093342930078505
-0.07807604223489761
-0.06373271346092224
-0.04564718902111053
-0.050227753818035126
-0.042111121118068695
-0.056726232171058655
-0.03768466040492058
-0.03907584026455879
-0.044241126626729965
-0.03965282440185546
-0.04460302740335464
-0.057389698922634125
-0.019780132919549945
-0.06716032326221466
-0.0806879773736
-0.06323795020580292
-0.04867646098136902
-0.053769707679748535
-0.030339889228343964
-0.0699000433087349
-0.035136476159095764
-0.0965275466442108
-0.05035652220249176
-0.06691709160804749
-0.07064174115657806
-0.10214991867542265
-0.0672646090388298
-0.06954515725374222
-0.08895857632160185
-0.04737181961536408
-0.06631338596343994
-0.06005413085222244
-0.06265886127948761
-0.10371926426887512
-0.08413514494895935
-0.05242002010345458
-0.0798419415950775
-0.08689846098423004
-0.04515707492828369
-0.05481798946857452
-0.04582814872264862
-0.05797459185123444
-0.050668351352214806
-0.07388007640838623
-0.05739136785268784
-0.02017628401517868
-0.041519008576869965
-0.01841256767511368
-0.03415250778198242
-0.05005724728107452
-0.040022827684879296
-0.06881029903888702
-0.04936143010854721
-0.04376378282904625
-0.07793478667736053
-0.05628091096878052
-0.03439052402973175
-0.02850325778126717
-0.0510827898979187
-0.043858520686626434
-0.051387950778007514
-0.05034413933753967
-0.07966560125350952
-0.08485406637191772
-0.04838569089770317
-0.0627322718501091
-0.055359534919261925
-0.05237872153520584
-0.061792135238647454
-0.04963403940200806
-0.02790180593729019
-0.09329277276992796
-0.0170658640563488
-0.03735032677650452
-0.06854461878538132
-0.05760766565799713
-0.01693061739206314
-0.05616924166679382
-0.05052530020475388
-0.042537521570920944
-0.04725091904401779
-0.0581672266125679
-0.05986300855875015
-0.10387073457241058
-0.0835389420390129
-0.03996264562010765
-0.0516536682844162
-0.036265410482883446
-0.06452560424804688
-0.05616021156311035
-0.07346739619970322
-0.07568340003490448
-0.029269032180309292
-0.08146563172340393
-0.06669463217258453
-0.04104803130030632
-0.052129998803138726
-0.0385253056883812
-0.08345395326614381
-0.060615338385105126
-0.057589590549468994
-0.043370019644498825
-0.062019988894462585
-0.0953841283917427
-0.0658191591501236
-0.05821061134338378
-0.07245540618896483
-0.049585998058319085
-0.043755728751420975
-0.09195338934659955
-0.0804990828037262
-0.06446193158626556
-0.03322891891002655
-0.014395843259990215
-0.02342196553945541
-0.0789187252521515
-0.05571778863668442
-0.04899900406599045
-0.0420764721930027
-0.06389584392309189
-0.08103594928979874
-0.04084573313593864
-0.040382258594036095
-0.06522007286548616
-0.04337850958108901
-0.06355985254049301
-0.06378206610679625
-0.01787221059203148
-0.08225353807210922
-0.05630512535572052
-0.059779517352581024
-0.06367595493793488
-0.06711027026176453
-0.07260187715291977
-0.08271268010139465
-0.10300475358963011
-0.03455975651741028
-0.04749246686697006
-0.04731759428977966
-0.047798991203308105
-0.06753049045801163
-0.05528751015663146
-0.046292811632156365
-0.06229640543460845
-0.041229873895645135
-0.07776094973087311
-0.054830461740493774
-0.0791914314031601
-0.0863465368747711
-0.028696164488792416
-0.0872255340218544
-0.08094517886638641
-0.08782844245433806
-0.031438302248716354
-0.05820885300636292
-0.06243714690208435
-0.08331628143787384
-0.04148196056485176
-0.06552744656801224
-0.0496700182557106
-0.04766903072595596
-0.04190286993980408
-0.08727532625198364
-0.06623736023902893
-0.0653267502784729
-0.06373070180416107
-0.06526221334934235
-0.03874083608388901
-0.09050707519054413
-0.005408964119851589
-0.0868188589811325
-0.021496649831533432
-0.03612181544303895
-0.06758074462413788
-0.08003811538219453
-0.09098252654075623
-0.06338639557361603
-0.06165912002325057
-0.05009566992521287
-0.0999620407819748
-0.03778562694787979
-0.031890757381916046
-0.05747789144515991
-0.06614160537719727
-0.06990309804677963
-0.04826300963759422
-0.06559006869792938
-0.057843253016471856
-0.054636120796203606
-0.055632948875427246
-0.08287161588668822
-0.03857482597231865
-0.04150444269180298
-0.07996375113725662
-0.05051229149103165
-0.037710729986429214
-0.037346187978982925
-0.06807354092597961
-0.08435714244842529
-0.06803101301193237
-0.07165162265300751
-0.035642802715301514
-0.011719093658030031
-0.050503313541412354
-0.03843603283166885
-0.049379833042621606
-0.0374530665576458
-0.071246437728405
-0.0421215370297432
-0.03691993653774261
-0.047306351363658905
-0.038401998579502106
-0.08059865236282349
-0.032841339707374566
-0.06523441523313521
-0.051586464047431946
-0.05267469584941864
-0.05547758936882019
-0.08229616284370422
-0.07092683762311935
-0.04550858587026596
-0.03897801786661148
-0.044217031449079514
-0.07876303791999818
-0.06027887761592865
-0.0635749101638794
-0.04671362414956093
-0.04419901967048645
-0.07678268104791641
-0.030633706599473957
-0.05738627910614014
-0.05735866725444794
-0.05907081067562103
-0.058347642421722405
-0.056722477078437805
-0.04266895353794098
-0.04048734903335571
-0.06681456416845322
-0.09642517566680908
-0.02967606484889984
-0.029798403382301327
-0.09610817581415176
-0.057986564934253686
-0.041315443813800805
-0.04286254569888114
-0.03736728429794312
-0.10447631776332857
-0.02611618116497993
-0.0839426964521408
-0.0738275423645973
-0.05190016329288483
-0.11482676863670348
-0.06265099346637726
-0.05180248618125916
-0.04524325206875801
-0.1016838401556015
-0.07464949041604996
-0.0011262791231274605
-0.04829036071896553
-0.08393661677837373
-0.05223853886127472
-0.060694783926010125
-0.013848752714693546
-0.06265696883201599
-0.07563666999340057
-0.06843674182891846
-0.06794291734695435
-0.05407549440860748
-0.09132343530654909
-0.05974537879228592
-0.003756768070161343
-0.03471474349498749
-0.036723315715789795
-0.059420883655548096
-0.03812886402010918
-0.04230017960071564
-0.025019042193889614
-0.0445399321615696
-0.023908190429210663
-0.02334626019001007
-0.027599193155765533
-0.09429655224084854
-0.05200489610433578
-0.034877002239227295
-0.02910564094781876
-0.07569949328899382
-0.06535297632217407
-0.04630373790860176
-0.04605527967214584
-0.0231395959854126
-0.06540137529373169
-0.058043785393238075
-0.05194680392742157
-0.07866412401199341
-0.06633430719375609
-0.06937376409769058
-0.10593259334564208
-0.03162059560418129
-0.09568502008914948
-0.0686166062951088
-0.06022308021783829
-0.040302854031324394
-0.058451764285564416
-0.08267366141080856
-0.06183626502752304
-0.049690790474414825
-0.06294223666191101
-0.04277708381414413
-0.017761409282684326
-0.05403061956167221
-0.08044325560331345
-0.07745631039142609
-0.03363731876015663
-0.09088465571403503
-0.04672186076641082
-0.03915166109800339
-0.04598291590809822
-0.05222553014755249
-0.06480677425861359
-0.03331223130226135
-0.06374320387840271
-0.06038232892751694
-0.10138804465532301
-0.04525455459952354
-0.028818897902965546
-0.057218924164772034
-0.05589701235294343
-0.024312645196914673
-0.03661183267831802
-0.07651059329509734
-0.04984499514102936
-0.03122977912425995
-0.05344258248806
-0.025700502097606655
-0.03803785517811775
-0.05508270859718322
-0.04656384512782097
-0.04515931010246277
-0.06887286901473999
-0.06113877892494202
-0.06457667797803879
-0.11161707341670989
-0.055584080517292016
-0.0595751702785492
-0.039536193013191216
-0.06800489127635956
-0.05075159668922424
-0.07987467944622038
-0.0592084750533104
-0.030077531933784485
-0.03114483878016472
-0.04654436558485031
-0.05254396796226501
-0.03585803508758545
-0.05547849088907242
-0.05958192050457001
-0.061674557626247406
-0.08723878860473631
-0.0535951778292656
-0.08175784349441528
-0.03504028171300888
-0.07452481985092163
-0.07489652931690216
-0.05134017765522003
-0.10562051087617874
-0.055783212184906006
-0.07265175879001617
-0.04562005400657654
-0.09608906507492064
-0.0675346627831459
-0.057028867304325104
-0.07187175750732422
-0.026784610003232956
-0.0601784884929657
-0.04158405214548111
-0.03266971558332443
-0.056159473955631256
-0.09361223876476288
-0.004848928190767765
-0.05086316913366318
-0.05414991825819016
-0.03172353655099869
-0.024849481880664825
-0.06682471185922623
-0.07145719975233078
-0.04169458895921707
-0.04261506348848343
-0.024509251117706295
-0.03778235614299774
-0.05346611142158508
-0.047647539526224136
-0.035971008241176605
-0.09363394975662231
-0.05225631594657897
-0.06181567907333375
-0.05731460452079773
-0.05600938200950623
-0.05708502978086472
-0.04249748215079308
-0.06453942507505417
-0.0425436794757843
-0.04630342125892639
-0.048782870173454285
-0.07128673046827316
-0.04790657013654709
-0.04514693096280097
-0.07895851880311966
-0.08760067820549011
-0.049821607768535614
-0.015603485517203808
-0.06092420220375061
-0.05250743031501769
-0.04925324022769928
-0.04402356594800949
-0.060142919421195984
-0.043065812438726425
-0.05016230046749114
-0.0607864111661911
-0.023717038333415985
-0.07782262563705443
-0.045364029705524445
-0.0669504851102829
-0.026023037731647488
-0.03990989923477173
-0.0746493861079216
-0.02989204227924347
-0.05552928149700165
-0.01066045556217432
-0.007933584041893482
-0.08540550619363783
-0.04204025119543076
-0.05870144069194794
-0.0561659187078476
-0.10629315674304962
-0.08373920619487761
-0.0536019504070282
-0.028693683445453644
-0.03748784586787224
-0.0489182248711586
-0.034553781151771545
-0.07974207401275633
-0.08126260340213774
-0.048587724566459656
-0.03507796674966812
-0.06981112062931061
-0.06553106755018234
-0.04644707962870598
-0.048495858907699585
-0.06052018702030182
-0.06262856721878052
-0.06201133131980896
-0.0726727843284607
-0.04021810740232468
-0.04701223224401473
-0.054946064949035645
-0.013716022484004496
-0.05650659650564194
-0.08198847621679306
-0.05744978040456772
-0.08274752646684647
-0.10714254528284071
-0.07436683773994444
-0.07909120619297028
-0.05464369058609009
-0.07033412158489227
-0.03464633226394653
-0.05788114666938782
-0.0762278288602829
-0.09637675434350967
-0.06462714076042175
-0.04840107634663582
-0.02801564708352089
-0.03637722507119178
-0.07104562222957611
-0.060183018445968635
-0.0641099214553833
-0.07744745910167694
-0.01746852695941925
-0.06622803211212158
-0.0466584600508213
-0.07170383632183075
-0.034095801413059235
-0.050189174711704254
-0.054469078779220574
-0.05936376750469208
-0.05396908521652222
-0.0630413368344307
-0.08598281443119049
-0.07353024929761887
-0.054018117487430566
-0.0660644993185997
-0.05007581412792206
-0.08128203451633453
-0.056817658245563514
-0.06925062090158463
-0.06845299154520035
-0.03615487366914749
-0.0532095730304718
-0.05468298494815826
-0.04621683061122894
-0.04736664891242981
-0.05341728031635285
-0.07594294846057892
-0.028979208320379257
-0.08691483736038208
-0.07212159782648087
-0.05483466386795044
-0.03458782285451889
-0.048254363238811486
-0.044623352587223046
-0.05798451602458954
-0.03752438724040985
-0.07564625889062881
-0.09676456451416016
-0.04164803400635719
-0.09434063732624053
-0.04480291903018952
-0.02471606060862541
-0.0369267575442791
-0.06412450224161148
-0.05698087811470032
-0.026986993849277496
-0.03779182583093643
-0.03522785007953644
-0.06364687532186508
-0.0610525980591774
-0.04835908487439156
-0.05672269314527512
-0.026774622499942776
-0.009978109039366244
-0.020897977054119114
-0.04356895387172698
-0.0366159975528717
-0.064090296626091
-0.03183344006538391
-0.080450177192688
-0.03020911663770676
-0.04753616824746132
-0.07734449207782745
-0.05034944415092468
-0.04692722111940384
-0.06692934036254883
-0.04959823936223984
-0.03899754583835602
-0.028663214296102524
-0.0509895533323288
-0.054048389196395874
-0.03528476506471634
-0.056821003556251526
-0.08569814264774321
-0.07374642044305801
-0.027100775390863415
-0.05217042565345764
-0.06386680901050568
-0.06627064198255539
-0.03477642685174942
-0.05643434822559357
-0.046698056161403656
-0.045104335993528366
-0.024998478591442108
-0.028869159519672397
-0.042470864951610565
-0.012207104824483395
-0.09636884927749632
-0.0713978111743927
-0.02799297869205475
-0.04500734061002731
-0.08600031584501265
-0.06729061901569366
-0.055890753865242
-0.06532754004001617
-0.03262080252170563
-0.033253464847803116
-0.05214262008666992
-0.057626329362392426
-0.055252015590667725
-0.0769926905632019
-0.044524163007736206
-0.0775981694459915
-0.05997306853532791
-0.0818665772676468
-0.05178460478782654
-0.0700928196310997
-0.03354538977146149
-0.04754437506198883
-0.05928035080432892
-0.050193145871162415
-0.06532509624958038
-0.0519765019416809
-0.01941501349210739
-0.04074268788099289
-0.017763834446668625
-0.025565318763256076
-0.09169458597898483
-0.05517175793647766
-0.04786185920238495
-0.036625027656555176
-0.0276266410946846
-0.045590903609991074
-0.12359853088855743
-0.05142389237880706
-0.06089784950017929
-0.05977459251880646
-0.018661879003047943
-0.04571494460105896
-0.058065809309482574
-0.04398053139448166
-0.05370073765516281
-0.048154894262552254
-0.05057520419359207
-0.06233483552932739
-0.06881573796272278
-0.037989705801010125
-0.05405532568693161
-0.06948638707399368
-0.05786144733428955
-0.05217123776674271
-0.05039694905281066
-0.05568192899227142
-0.03998924046754837
-0.03462954983115196
-0.0662468820810318
-0.0732782483100891
-0.03417620807886124
-0.04352039843797684
-0.038002975285053246
-0.10005471110343932
-0.04865549504756928
-0.0688815638422966
-0.06815042346715927
-0.02452605590224266
-0.05270383507013321
-0.052601151168346405
-0.11361756920814514
-0.05363225936889648
-0.0287812203168869
-0.05152714997529984
-0.05323365330696105
-0.044858288019895554
-0.057769939303398125
-0.01635235920548439
-0.061585314571857445
-0.05734389275312424
-0.0389585979282856
-0.037695001810789115
-0.0555344820022583
-0.04656224325299263
-0.09783791005611421
-0.03670412302017212
-0.07491803169250488
-0.04119123890995979
-0.020194321870803836
-0.05880151689052582
-0.09234372526407242
-0.06458884477615356
-0.03635111823678017
-0.06004916131496429
-0.0335572324693203
-0.033143289387226105
-0.08585217595100403
-0.02928214520215988
-0.06609859317541121
-0.037922441959381104
-0.06461147964000702
-0.05968130379915237
-0.05325163155794144
-0.027580060064792637
-0.07867483049631119
-0.04211428388953209
-0.06423544138669968
-0.04361046850681305
-0.02817608416080475
-0.06185410916805267
-0.04936154186725616
-0.05562416464090347
-0.055142812430858605
-0.06541674584150313
-0.06836649030447006
-0.01946672052145004
-0.08544609695672989
-0.05102379620075226
-0.09752745926380157
-0.09464532136917114
-0.019858870655298237
-0.03809811919927597
-0.08001863956451416
-0.08704826235771179
-0.02596151083707809
-0.07002777606248856
-0.05446920543909073
-0.05443798005580902
-0.030835032463073727
-0.08716584742069244
-0.03089660406112671
-0.09207157790660858
-0.06894273310899734
-0.04100201278924943
-0.0303473062813282
-0.005994669161736965
-0.05981021374464035
-0.07698415219783784
-0.06144116073846817
-0.051640227437019355
-0.07070828974246979
-0.05503185093402863
-0.030560858547687527
-0.04911467432975769
-0.05363155156373978
-0.05649557709693909
-0.07192902266979218
-0.09877503663301469
-0.035394810140132904
-0.027398072183132168
-0.06449109315872192
-0.06711512804031372
-0.07274515181779861
-0.100098118185997
-0.08636097609996796
-0.06565257161855698
-0.058726735413074486
-0.10846942663192748
-0.04979989677667618
-0.09579434245824812
-0.0019417228177189825
-0.05606822669506073
-0.06329083442687988
-0.035075508058071136
-0.01646822690963745
-0.07008969038724899
-0.04043151810765266
-0.056922174990177155
-0.04195495322346687
-0.02788339182734489
-0.07173227518796921
-0.05597204715013504
-0.04820188507437705
-0.044605210423469537
-0.031320568174123764
-0.06666163355112076
-0.04731979221105576
-0.03987526148557663
-0.056254230439662926
-0.09451238811016081
-0.05894242227077484
-0.04420021176338196
-0.06735701858997345
-0.04234179854393005
-0.09485504031181335
-0.07896900177001953
-0.06540834903717041
-0.0466606542468071
-0.060566604137420654
-0.06626997888088225
-0.05884265899658203
-0.02206394076347351
-0.0366768091917038
-0.05368873476982117
-0.07875029742717744
-0.07294289767742158
-0.06277233362197876
-0.029608409851789474
-0.02483250200748444
-0.0723334401845932
-0.06263649463653564
-0.052503541111946106
-0.052824422717094414
-0.018561203032732006
-0.06711400300264359
-0.0616961345076561
-0.06316542625427246
-0.06379486620426178
-0.06269939243793488
-0.06145011633634567
-0.03595400229096413
-0.047727808356285095
-0.03811950981616974
-0.06674880534410477
-0.047003459185361855
-0.06942731142044067
-0.06855127215385437
-0.06895792484283447
-0.051476247608661645
-0.04031924158334732
-0.046194441616535194
-0.052399247884750366
-0.04591563344001769
-0.05109281837940216
-0.04271406680345535
-0.08358138799667358
-0.033477164804935455
-0.07021090388298035
-0.03345221653580665
-0.04071291536092758
-0.0529014989733696
-0.04782579839229584
-0.0582253485918045
-0.06876078993082047
-0.06919336318969727
-0.04805257171392441
-0.004525472410023212
-0.05076126754283905
-0.06876678764820099
-0.0920516401529312
-0.05593518912792206
-0.09055636078119278
-0.03174642100930214
-0.03149393945932388
-0.0289011150598526
-0.043598912656307214
-0.0499885156750679
-0.07091473788022995
-0.04700500518083572
-0.07616737484931946
-0.08067568391561507
-0.02190376818180084
-0.04893176257610321
-0.09413778036832808
-0.07409664988517761
-0.03409268707036972
-0.031588006764650345
-0.09464381635189056
-0.04204981401562691
-0.05553217977285385
-0.07177519798278809
-0.04540237411856651
-0.029257629066705704
-0.025415014475584034
-0.06085005402565002
-0.08960757404565811
-0.05121128261089325
-0.048676781356334686
-0.06175944954156876
-0.0586627721786499
-0.05930641293525696
-0.04475218430161476
-0.03133971989154816
-0.03868555277585983
-0.09391333162784576
-0.04608101397752762
-0.03664184361696243
-0.04534623771905899
-0.0034427186474204063
-0.05702318251132965
-0.06264938414096832
-0.052736535668373115
-0.06075340509414673
-0.03969625383615494
-0.06444787234067917
-0.02797960862517357
-0.06463006883859633
-0.04041643440723419
-0.0570812001824379
-0.06238620728254318
-0.07259334623813629
-0.06236594915390015
-0.04790373146533966
-0.056829988956451416
-0.09091262519359587
-0.047946516424417496
-0.07578530162572861
-0.046626325696706765
-0.0181131511926651
-0.029577989131212234
-0.07081786543130875
-0.025595713406801224
-0.06184369325637817
-0.06860347092151642
-0.02394913882017136
-0.09041473269462584
-0.07457807660102844
-0.05887996405363082
-0.07152657210826874
-0.015323984436690807
-0.0938567295670509
-0.014878827147185802
-0.055131301283836365
-0.04611097276210785
-0.051540911197662354
-0.08460289984941481
-0.05673499405384064
-0.06084693968296051
-0.055669263005256646
-0.09646940976381299
-0.013938100077211857
-0.09001612663269043
-0.0621601939201355
-0.0511506050825119
-0.06061896681785584
-0.055271171033382416
-0.049844548106193536
-0.0673145055770874
-0.04779477044939994
-0.056996844708919525
-0.0439871922135353
-0.10350989550352097
-0.05384758114814758
-0.06034630537033081
-0.03973178192973137
-0.06871967017650604
-0.07930146157741545
-0.05678056180477142
-0.03641093522310257
-0.03924234956502914
-0.0776355117559433
-0.09866954386234285
-0.05013173818588257
-0.03331834077835083
-0.04086683690547943
-0.047282442450523376
-0.030035052448511124
-0.013992506079375744
-0.05982767045497894
-0.07773049920797347
-0.06017874926328659
-0.06492316722869873
-0.0817244052886963
-0.04140903428196907
-0.09724226593971251
-0.04002238810062408
-0.04469950497150421
-0.03362071141600609
-0.06791673600673676
-0.053427815437316895
-0.09071897715330127
-0.010923300869762896
-0.0679553747177124
-0.05058462917804719
-0.06202743947505951
-0.056582756340503686
-0.04386857151985168
-0.08094303309917451
-0.05682675540447235
-0.05424141138792037
-0.07682036608457565
-0.061499089002609246
-0.08717864751815795
-0.08159564435482025
-0.08344338834285736
-0.06084126234054565
-0.05700666457414627
-0.03445997089147568
-0.037476446479558945
-0.04437272995710373
-0.0869927704334259
-0.12836630642414093
-0.0401189923286438
-0.06743183732032776
-0.05997799336910248
-0.05572604387998581
-0.030145529657602314
-0.035651206970214844
-0.040233690291643136
-0.034157633781433105
-0.02741341292858124
-0.07141275703907013
-0.06258261948823929
-0.06200435012578964
-0.0858921706676483
-0.053899988532066345
-0.04515696316957474
-0.0459776446223259
-0.0662524625658989
-0.03267032280564308
-0.07805726677179337
-0.08884932100772858
-0.021176859736442562
-0.06419138610363007
-0.006665642373263836
-0.04788950458168984
-0.029689371585845947
-0.0718531385064125
-0.08736091107130049
-0.02273918688297272
-0.10089054703712463
-0.06476444005966187
-0.08574458956718445
-0.03659232705831528
-0.0874219536781311
-0.018852669745683674
-0.05077157914638519
-0.013984608463943005
-0.06330373883247375
-0.048377640545368195
-0.084743395447731
-0.03667566180229187
-0.07335410267114638
-0.03001921623945236
-0.05549848824739456
-0.08957573771476746
-0.05797457695007324
-0.07761281728744505
-0.06615396589040756
-0.04763452336192131
-0.04643449932336807
-0.023023508489131927
-0.033400312066078186
-0.07137395441532135
-0.025427885353565216
-0.08665405958890915
-0.040136247873306274
-0.021963145583868023
-0.052882067859172814
-0.056700751185417175
-0.04841605201363564
-0.07099756598472595
-0.047186821699142456
-0.08177854120731354
-0.08698818832635878
-0.0718606635928154
-0.03356167674064636
-0.07408864051103592
-0.021084778010845184
-0.036516688764095306
-0.06493672728538513
-0.07275190949440001
-0.056120097637176514
-0.05442166328430176
-0.027658410370349884
-0.02063829079270363
-0.02609328180551529
-0.07703807950019836
-0.04907961189746857
-0.041775703430175774
-0.06650449335575104
-0.022690288722515103
-0.05602903664112091
-0.04688742011785507
-0.054475173354148865
-0.05755214393138885
-0.0815231055021286
-0.0339222326874733
-0.08273062109947203
-0.065901018679142
-0.033388912677764886
-0.04702690616250038
-0.04410412907600402
-0.0453181266784668
-0.07965059578418732
-0.029100809246301648
-0.039243970066308975
-0.07519884407520294
-0.0790875032544136
-0.007688998244702816
-0.05587797611951828
-0.08814268559217453
-0.08030544221401215
-0.04911791533231735
-0.0514536052942276
-0.04196321219205856
-0.056846737861633294
-0.09583126008510588
-0.0640663355588913
-0.08040783554315567
-0.06985791027545929
-0.037132114171981805
-0.047827128320932395
-0.04502501711249352
-0.04570379108190536
-0.03063930943608284
-0.030173800885677338
-0.05633439123630524
-0.055511876940727234
-0.05860419571399689
-0.07630330324172972
-0.05968458950519562
-0.05345262587070465
-0.045324403792619705
-0.05133327841758728
-0.0701923668384552
-0.04289381951093674
-0.06607777625322342
-0.0565558448433876
-0.06968981772661209
-0.031556449830532074
-0.0350956954061985
-0.05047738552093506
-0.042876984924077995
-0.0786163955926895
-0.05794554948806763
-0.031396280974149704
-0.09187081456184387
-0.07872813940048218
-0.05165814608335495
-0.03441338986158371
-0.09254323691129683
-0.07481446862220764
-0.04308180510997772
-0.02214927971363068
-0.08240163326263428
-0.10120495408773422
-0.0650491714477539
-0.08781005442142487
-0.03302174434065819
-0.046688888221979134
-0.023602448403835297
-0.04422007501125336
-0.031316451728343964
-0.08258920907974243
-0.03560540825128555
-0.051225632429122925
-0.046540517359972
-0.03534829244017601
-0.07236440479755402
-0.016237206757068634
-0.05737326294183731
-0.011991853825747967
-0.05466924607753754
-0.04523041844367981
-0.03646434098482132
-0.08061809837818146
-0.037372566759586334
-0.08067729324102402
-0.05442175269126892
-0.06133890151977539
-0.04735755920410156
-0.04844895005226135
-0.06622660905122757
-0.0630403682589531
-0.042380191385746
-0.06658412516117096
-0.03986087068915367
-0.05828750133514404
-0.036401629447937005
-0.03834207355976105
-0.08383341878652573
-0.04669159650802612
-0.07318361103534697
-0.03694834932684898
-0.06192076951265335
-0.05992819368839264
-0.07190488278865814
-0.041079457849264145
-0.08898694068193436
-0.0498974323272705
-0.017645925283432007
-0.01676930859684944
-0.03944703191518784
-0.06906402111053467
-0.03575104847550392
-0.030400235205888748
-0.019380807876586918
-0.07905153185129164
-0.030467789620161057
-0.06280262768268585
-0.0501134842634201
-0.05782473832368851
-0.019664216786623
-0.061770275235176086
-0.05389721691608429
-0.04985470324754714
-0.03648805618286133
-0.04024156928062439
-0.05511278659105301
-0.060547836124897
-0.0544864758849144
-0.06001408398151398
-0.04520764574408531
-0.06255549192428589
-0.0697435587644577
-0.04584230110049248
-0.0418337807059288
-0.04999660700559616
-0.052592210471630096
-0.054893627762794495
-0.0647766962647438
-0.06551740318536758
-0.04231300950050353
-0.039938159286975854
-0.07963600754737854
-0.06848747283220291
-0.04155415669083595
-0.02691662684082985
-0.05467485636472703
-0.07557778060436247
-0.0481116659939289
-0.07795961946249008
-0.06315898150205612
-0.03822413831949233
-0.05777978897094727
-0.053248859941959374
-0.03005910664796829
-0.10024744272232056
-0.06561514735221863
-0.06770006567239761
-0.08726277202367783
-0.0634939968585968
-0.07706761360168457
-0.09775162488222122
-0.0662873238325119
-0.04764259234070778
-0.027942981570959088
-0.061593547463417046
-0.050805360078811646
-0.052263855934143066
-0.048738136887550354
-0.058534294366836555
-0.07518549263477325
-0.024203453212976452
-0.055610805749893195
-0.026977747678756717
-0.07562993466854094
-0.046633630990982056
-0.036351725459098816
-0.04290954768657684
-0.10316936671733856
-0.08336018025875092
-0.03748913854360581
-0.0933905690908432
-0.05801583081483841
-0.0397186055779457
-0.03394699841737747
-0.052484214305877686
-0.06264719367027283
-0.026273876428604123
-0.017896853387355804
-0.05516236275434495
-0.04353928565979004
-0.04708735644817352
-0.032643333077430725
-0.04554843530058861
-0.08586479723453522
-0.027553871273994442
-0.04952920973300934
-0.04453841596841812
-0.05681655555963516
-0.08099068701267241
-0.036874212324619286
-0.027739569544792172
-0.051427781581878655
-0.025126922875642776
-0.03302266448736191
-0.056476689875125885
-0.07886835932731628
-0.06563449651002884
-0.012310127727687359
-0.041834834963083274
-0.050130270421504974
-0.06089819222688674
-0.050904840230941766
-0.0749351978302002
-0.04528313875198364
-0.0509573370218277
-0.052812449634075165
-0.043547920882701874
-0.08255474269390106
-0.01644834503531456
-0.0286831334233284
-0.05817916989326477
-0.05211710929870605
-0.07112240791320801
-0.06522855162620544
-0.07476658374071121
-0.03502213582396507
-0.037921905517578125
-0.03787937760353088
-0.04249938204884529
-0.032588787376880646
-0.06459783017635345
-0.07527348399162291
-0.05454891920089722
-0.057587362825870514
-0.050972171127796166
-0.02990659698843956
-0.0473429337143898
-0.04632941260933876
-0.03942189365625381
-0.07294274121522902
-0.023915931582450863
-0.08485560119152069
-0.05171208828687668
-0.05881235003471375
-0.06081359088420868
-0.06256618350744247
-0.04228655993938447
-0.04415499418973923
-0.034697048366069794
-0.05548331886529922
-0.053646184504032135
-0.04837045818567276
-0.042811095714569085
-0.059237465262413025
-0.0575941577553749
-0.04875946044921875
-0.06636035442352295
-0.0747460275888443
-0.03232920169830322
-0.05001811683177948
-0.0560668483376503
-0.08775560557842255
-0.06268972158432007
-0.03261880949139595
-0.05317942798137665
-0.039080318063497536
-0.02726401388645172
-0.03384934365749359
-0.06890318542718887
-0.07094244658946991
-0.0824858695268631
-0.05747552216053009
-0.07872564345598221
-0.0726325660943985
-0.04912111908197402
-0.04877430945634842
-0.06322842836380005
-0.0638846606016159
-0.04789360240101814
-0.03582945466041565
-0.047525309026241296
-0.04503674060106277
-0.026444673538208008
-0.07229658216238022
-0.05869080126285553
-0.07751151174306868
-0.06994996964931488
-0.08425680547952653
-0.08412915468215942
-0.06471776217222214
-0.03718625754117966
-0.025721877813339237
-0.051481261849403374
-0.0657799020409584
-0.07348358631134033
-0.04344004392623901
-0.034488581120967865
-0.07814148068428038
-0.03182470425963402
-0.0846753716468811
-0.07535741478204726
-0.061328843235969537
-0.053555771708488464
-0.06457792222499847
-0.06321804225444794
-0.07446733862161635
-0.06250186264514923
-0.04441625252366065
-0.09109304845333101
-0.04584402218461037
-0.044520363211631775
-0.04090806096792221
-0.0650126039981842
-0.08439806103706358
-0.043397124856710434
-0.06876961886882782
-0.060148060321807854
-0.057180240750312805
-0.02583319321274757
-0.06414866447448729
-0.06997869163751602
-0.038541510701179504
-0.06710903346538544
-0.07393882423639297
-0.07009996473789215
-0.0591622069478035
-0.057512104511260986
-0.06740569323301315
-0.072103813290596
-0.061168335378170006
-0.05004990100860596
-0.03887331858277321
-0.06849833577871323
-0.06523428112268448
-0.03548291325569153
-0.054214224219322205
-0.07660472393035889
-0.09589599072933197
-0.05679727345705032
-0.022879641503095623
-0.06359515339136124
-0.053285516798496246
-0.06193909049034119
-0.04397109895944595
-0.04418165609240532
-0.0668601393699646
-0.04820248857140541
-0.08364360034465788
-0.0948708802461624
-0.09026861190795897
-0.010057070292532444
-0.04132138937711716
-0.0526101142168045
-0.04165821522474289
-0.05010543018579483
-0.02448883280158043
-0.03983088582754135
-0.01658201962709427
-0.045114047825336456
-0.04320978373289108
-0.06541234254837036
-0.08531517535448073
-0.062238268554210656
-0.05643635243177414
-0.07991386204957962
-0.09907126426696776
-0.06253215670585632
-0.0768352374434471
-0.07122144103050232
-0.04539646953344345
-0.04613547027111053
-0.05526047945022583
-0.08192810416221617
-0.08062389492988585
-0.07365275174379347
-0.04912768304347992
-0.05396632105112076
-0.06483334302902222
-0.0690520703792572
-0.08352725207805634
-0.07965263724327086
-0.04692187160253525
-0.054774075746536255
-0.055409297347068794
-0.05348731577396393
-0.03619270771741867
-0.0769832134246826
-0.022714886814355847
-0.09621058404445648
-0.05356484651565552
-0.0703006312251091
-0.0353577621281147
-0.05012786388397217
-0.06663663685321808
-0.07104434072971344
-0.031684912741184235
-0.07288743555545808
-0.047606658190488815
-0.031198818236589432
-0.05127942562103272
-0.03279370814561844
-0.07869860529899597
-0.07325755804777145
-0.04377016425132752
-0.04794595390558242
-0.04865574836730957
-0.05099381506443024
-0.06950337439775467
-0.08666859567165375
-0.08509103208780287
-0.08480512350797653
-0.03036800026893616
-0.023652657866477966
-0.06543140858411789
-0.06471361219882965
-0.06319825351238251
-0.06850019097328186
-0.05695843696594238
-0.05112817138433456
-0.028473511338233948
-0.08850470185279846
-0.061582565307617194
-0.05119110643863677
-0.11310230195522308
-0.06611074507236481
-0.06043563038110733
-0.0894433706998825
-0.05726923048496246
-0.06615868210792542
-0.05828794836997986
-0.05406382679939271
-0.058868229389190674
-0.09630029648542403
-0.03297264128923416
-0.017839163541793823
-0.012520682998001575
-0.08819477260112761
-0.056342869997024536
-0.033857982605695724
-0.05559398978948593
-0.0622456967830658
-0.020428594201803207
-0.07113014161586761
-0.06642948091030121
-0.05451539158821105
-0.05281001329421997
-0.07636670768260957
-0.0992164835333824
-0.07257385551929475
-0.09164562821388243
-0.0558733195066452
-0.031258296221494675
-0.07807724177837373
-0.04645021259784698
-0.07593674957752228
-0.05677786469459534
-0.0394626185297966
-0.04314877837896347
-0.062128543853759766
-0.044067610055208206
-0.058267228305339806
-0.01666967198252678
-0.05480234324932098
-0.059813372790813446
-0.04937855899333954
-0.08025591820478438
-0.09482413530349731
-0.028718195855617523
-0.0714195966720581
-0.04804529994726181
0.0009875232353806496
-0.03916658461093903
-0.041661802679300315
-0.061867184937000275
-0.028610575944185257
-0.06168386340141296
-0.04050112515687943
-0.041887588798999786
-0.03334087133407593
-0.020067896693944928
-0.04204964637756348
-0.03023110330104828
-0.08748678863048553
-0.07212892174720764
-0.017586220055818554
-0.09639598429203032
-0.008917299099266529
-0.026403918862342834
-0.07830987125635147
-0.02299781888723373
-0.05783766508102417
-0.04512844979763031
-0.05436418950557709
-0.04541194438934326
-0.07288866490125656
-0.06416090577840805
-0.04301210492849349
-0.06031078100204468
-0.0787709653377533
-0.07392297685146332
-0.04878716170787811
-0.0565858781337738
-0.05063853412866592
-0.03197809308767319
-0.07933100312948227
-0.08492681384086607
-0.06633282452821732
-0.06880545616149902
-0.04921923577785492
-0.02420974522829056
-0.02402232959866524
-0.05527933686971664
-0.04424402117729187
-0.09358022361993788
-0.03455965965986252
-0.07017259299755096
-0.07144507765769958
-0.0570509135723114
-0.0430673062801361
-0.07942646741867065
-0.06694462895393372
-0.02585411071777344
-0.09087751805782318
-0.07366965711116791
-0.01800683885812759
-0.08102936297655106
-0.047320492565631866
-0.03821816295385361
-0.08259947597980499
-0.037907928228378296
0.002699322067201137
-0.07386577129364012
-0.053926482796669006
-0.03455311059951782
-0.031101413071155548
-0.01860303059220314
-0.05753008276224136
-0.04207921773195267
-0.07898241281509398
-0.06663966923952103
-0.06499220430850983
-0.07647402584552765
-0.012728315778076649
-0.05422402918338776
-0.06530921906232834
-0.03832654654979706
-0.07652534544467926
-0.07736499607563017
-0.035060763359069824
-0.05295718461275101
-0.05510517954826354
-0.02804514765739441
-0.07527352869510649
-0.061159148812294006
-0.0519738644361496
-0.09834361076354979
-0.0368114709854126
-0.038065191358327866
-0.0673564225435257
-0.06800556182861328
-0.03826414421200752
-0.0835316926240921
-0.05586113780736923
-0.05620118975639343
-0.08504404127597807
-0.06771369278430939
-0.05413328856229782
-0.022221527993679047
-0.05455188453197479
-0.04894538968801498
-0.0536980777978897
-0.06113167107105255
-0.07288277894258499
-0.07920042425394058
-0.058371067047119134
-0.051542103290557854
-0.013415866531431673
-0.06901413947343825
-0.06618070602416992
-0.03746446967124938
-0.046539902687072754
-0.03949592262506485
-0.058693699538707726
-0.04866134375333785
-0.048613887280225754
-0.05214202404022217
-0.07997551560401917
-0.00885909143835306
-0.05997005105018616
-0.03586254641413689
-0.04530651494860649
-0.05745396763086319
-0.035125456750392914
-0.06967321783304214
-0.05995293706655502
-0.03347860276699066
-0.04865928366780281
-0.06148245930671692
-0.06572528183460236
-0.048666201531887054
-0.06136145442724228
-0.056152746081352234
-0.05647145211696625
-0.09387844800949097
-0.070949025452137
-0.042834874242544174
-0.04422112926840782
-0.05901871621608734
-0.04868541657924652
-0.05313585698604584
-0.061096996068954475
-0.05143986642360687
-0.07381403446197508
-0.07188941538333893
-0.05482407659292221
-0.0757981240749359
-0.0514589250087738
-0.026051554828882217
-0.07434286177158356
-0.054527103900909424
-0.029739804565906525
-0.07786904275417328
-0.041336916387081146
-0.07492274791002274
-0.04699738696217537
-0.061660513281822205
-0.05643338710069656
-0.07769028842449187
-0.049934059381484985
-0.026638586074113842
-0.04753175750374793
-0.08762474358081818
-0.029428504407405853
-0.06095274537801743
-0.05024568736553192
-0.05244990438222885
-0.04909436404705048
-0.043390750885009766
-0.040372204035520554
-0.051252037286758416
-0.0626438781619072
-0.09872994571924208
-0.017093103379011154
-0.05541100353002548
-0.0606609582901001
-0.06934981048107147
-0.022343363612890244
-0.097855307161808
-0.034328855574131005
-0.08003889024257661
-0.03313169628381729
-0.04061373695731163
-0.04548306018114089
-0.07526697218418121
-0.05705851316452026
-0.07117947936058044
-0.10556067526340485
-0.05598415434360504
-0.03258449584245682
-0.035478152334690094
-0.032705407589673996
-0.031460005789995193
-0.038409776985645294
-0.06974642723798752
-0.054691240191459656
-0.046405158936977386
-0.05500464141368865
-0.06747672706842422
-0.035801060497760766
-0.08011582493782043
-0.05949646979570389
-0.05776562541723251
-0.061959341168403625
-0.04125525802373886
-0.08886308223009108
-0.05938497930765152
-0.05803782492876053
-0.045876018702983856
-0.05843813717365265
-0.06054699420928955
-0.05016037821769714
-0.0504024401307106
-0.044683370739221566
-0.08497542142868043
-0.02736536413431168
-0.06787554174661636
-0.03437390178442001
-0.052787549793720245
-0.0624496340751648
-0.05265302956104279
-0.07681658118963242
-0.04914656281471253
-0.0204055979847908
-0.05735168606042862
-0.07872289419174193
-0.057888731360435486
-0.0428852029144764
-0.07647892832756041
-0.06418648362159729
-0.06220158934593201
-0.03612147271633148
-0.07355186343193054
-0.05053983628749848
-0.05418093502521514
-0.04727087914943695
-0.07164516299962997
-0.050150319933891296
-0.07149972021579742
-0.03382372111082077
-0.042758338153362274
-0.04737554490566254
-0.0634479746222496
-0.06153877079486847
-0.049219109117984765
-0.047971084713935845
-0.06518630683422089
-0.05618385970592498
-0.08956050872802734
-0.023007787764072415
-0.07434824109077452
-0.05612330138683319
-0.0492103174328804
-0.09500232338905334
-0.04270058125257492
-0.03420815244317055
-0.046295955777168274
-0.04991007596254349
-0.05290232598781586
-0.04378324747085571
-0.05609411001205444
-0.03851033002138138
-0.07317318022251129
-0.057265058159828186
-0.036674216389656074
-0.05986275523900986
-0.0693470686674118
-0.04725342988967896
-0.040375418961048126
-0.0225173719227314
-0.046660136431455605
-0.07540720701217651
-0.07139132916927338
-0.08199129253625868
-0.05836460739374161
-0.05112443864345551
-0.05504409968852997
-0.09050072729587555
-0.057473286986351006
-0.03336925804615021
-0.049994416534900665
-0.07843450456857681
-0.03010353446006775
-0.09592224657535553
-0.05195826292037964
-0.0972730666399002
-0.09828864783048627
-0.07175853848457336
-0.062257081270217896
-0.08862046897411345
-0.047737590968608856
-0.019804652780294415
-0.08405204862356187
-0.10326386988162994
-0.04304908215999603
-0.05797895044088364
-0.05427393317222595
-0.06669148802757263
-0.04783804714679719
-0.06785620003938675
-0.03363809734582901
-0.05806386470794678
-0.05083759874105453
-0.07245613634586334
-0.06532301008701324
-0.04417318105697632
-0.10640734434127808
-0.07261664420366286
-0.06630159914493561
-0.04035154730081558
-0.07631911337375642
-0.05233513563871384
-0.052030213177204125
-0.03490729629993439
-0.08196400105953217
-0.059011310338974
-0.08402420580387115
-0.0354781448841095
-0.0358978770673275
-0.08693715929985046
-0.0471000149846077
-0.028042975813150402
-0.0494571179151535
-0.058845415711402886
-0.05692934989929199
-0.06613769382238388
-0.10530022531747817
-0.05567481368780136
-0.05140194296836853
-0.04953981935977936
-0.09154471009969713
-0.05035827308893204
-0.058875441551208496
-0.042356006801128394
-0.08314838260412216
-0.05086351931095123
-0.06330661475658417
-0.019116841256618496
-0.015361473895609379
-0.05691346526145935
-0.06401648372411728
-0.048430830240249634
-0.09329000115394592
-0.06392943859100342
-0.08475218713283539
-0.06789785623550415
-0.04114112257957458
-0.05524122714996338
-0.042518317699432366
-0.0616147518157959
-0.03146730363368988
-0.05607523024082184
-0.0558970645070076
-0.04080343246459961
-0.0633019283413887
-0.013297890312969685
-0.006748124025762081
-0.05652009695768356
-0.06099903583526611
-0.032637134194374084
-0.022008724510669708
-0.0533946305513382
-0.03814131021499634
-0.03758127987384796
-0.06165415048599243
-0.06558836996555328
-0.04582325369119644
-0.01616474613547325
-0.05012929439544678
-0.06560680270195007
-0.019772473722696304
-0.05797982215881348
-0.04402121528983116
-0.06877484917640686
-0.0804155245423317
-0.10173849761486052
-0.05662260204553604
-0.052946023643016815
-0.054868929088115685
-0.041143350303173065
-0.10108932852745056
-0.07795257866382599
-0.04300249367952346
-0.05673618614673615
-0.022165875881910324
-0.013372485525906084
-0.048958294093608856
-0.11082618683576584
-0.06810065358877182
-0.020363911986351013
-0.06839893013238907
-0.07290083914995193
-0.0810745507478714
-0.033432286232709885
-0.07579774409532547
-0.08310624957084654
-0.0389689989387989
-0.058225050568580634
-0.032479580491781235
-0.06620947271585464
-0.05895962566137314
-0.0502459853887558
-0.03004811704158783
-0.03144368901848793
-0.08860888332128525
-0.03572196885943413
-0.031799737364053726
-0.06123504042625427
-0.037512168288230896
-0.07904550433158873
-0.026649426668882367
-0.05266880989074707
-0.050166994333267205
-0.06229469180107117
-0.043393641710281365
-0.06868679076433182
-0.07332009077072142
-0.04805957525968552
-0.06415137648582457
-0.039164267480373376
-0.048763811588287354
-0.0458427220582962
-0.05424590408802032
-0.05527113378047943
-0.08022719621658325
-0.055758170783519745
-0.08044661581516266
-0.05113129317760468
-0.035796038806438446
-0.04478723555803298
-0.02321607619524002
-0.07068105041980743
-0.06769508123397827
-0.08270225673913956
-0.008933880366384983
-0.07362639904022215
-0.06367003172636032
-0.06101474165916442
-0.05467749387025833
-0.03513436019420624
-0.04631013423204421
-0.07869976758956909
-0.029392383992671967
-0.06608931720256805
-0.06766778230667114
-0.0465533658862114
-0.05244097113609313
-0.07280632853507996
-0.03657254576683045
-0.04965847730636597
-0.044542528688907616
-0.02996308729052544
-0.07302968949079514
-0.034780994057655334
-0.07031568139791489
-0.08001831173896788
-0.03965715318918228
-0.033109381794929504
-0.04433755949139595
-0.03741668909788132
-0.03374505415558815
-0.06429114937782288
-0.03647837787866592
-0.01381873060017824
-0.04652553424239159
-0.06155975162982941
-0.035663627088069916
-0.044976972043514245
-0.05786993354558945
-0.07201772928237915
-0.07193072885274887
-0.024923391640186306
-0.06543837487697601
-0.06319819390773773
-0.09173305332660675
-0.06458434462547302
-0.06082814931869506
-0.0774565115571022
-0.08295071870088577
-0.052586093544960015
-0.040458794683218
-0.06834297627210617
-0.08357540518045425
-0.03854789212346077
-0.05585978925228119
-0.04078996926546097
-0.09190422296524048
-0.06765195727348328
-0.05804486572742462
-0.06724293529987335
-0.015851140022277832
-0.06634446978569031
-0.06101904809474945
-0.06120669841766357
-0.04726611822843552
-0.029040157794952393
-0.0822315514087677
-0.07228097319602966
-0.03733809292316437
-0.04662315174937248
-0.061889126896858215
-0.03446168825030327
-0.05930779129266738
-0.04015592858195305
-0.05678153783082961
-0.05377834290266037
-0.08710449188947676
-0.04961159825325012
-0.04599003866314888
-0.03014466166496277
-0.04519021511077881
-0.05565238744020463
-0.05266265571117401
-0.0931263118982315
-0.057266853749752045
-0.01733369380235672
-0.08040759712457658
-0.0658130794763565
-0.04670976102352142
-0.04756388068199158
-0.06540440022945404
-0.06246821582317352
-0.03537328541278839
-0.02215471863746643
-0.036539770662784576
-0.06116369366645813
-0.08701817691326141
-0.03364296630024909
-0.08482853323221207
-0.03386911749839783
-0.04471467807888985
-0.10047284513711928
-0.06132421642541885
-0.026228792965412136
-0.09281737357378005
-0.05537773668766022
-0.07196557521820068
-0.08511584252119064
-0.0397179126739502
-0.05002257227897644
-0.07590344548225401
-0.042535033077001565
-0.07964003831148148
-0.06362703442573547
-0.024419158697128292
-0.03472346439957619
-0.0054878955706954
-0.08257985860109329
-0.03487154096364975
-0.06257530301809311
-0.04562970995903015
-0.07777971029281616
-0.072029709815979
-0.05603577196598053
-0.016434162855148315
-0.06519429385662079
-0.020089898258447647
-0.08715447783470154
-0.07102838158607483
-0.08909578621387482
-0.047603674232959754
-0.05567266047000885
-0.026626404374837875
-0.08031715452671051
-0.08122856169939041
-0.026432912796735764
-0.0818871557712555
-0.03768038749694824
-0.05100422352552414
-0.049929335713386536
-0.07142668217420578
-0.06884073466062546
-0.043603189289569855
-0.013903339393436909
-0.08214703947305678
-0.05479151010513306
-0.03345180302858353
-0.0683334469795227
-0.042245887219905846
-0.07097987830638884
-0.07305292785167694
-0.06816822290420532
-0.08139829337596893
-0.0073970528319478035
-0.05858434736728668
-0.056777551770210266
-0.04409383237361908
-0.03847407549619675
-0.07793477177619934
-0.07108251750469208
-0.07413090765476227
-0.05677805840969086
-0.03134538605809212
-0.06809897720813751
-0.0564832016825676
-0.051060430705547326
-0.07059863209724426
-0.06082300841808319
-0.06261417269706726
-0.043435443192720406
-0.03485037386417389
-0.06358484923839569
-0.05410963296890258
-0.0941489562392235
-0.049722157418727875
-0.07166513800621033
-0.03157373517751694
-0.04431600123643875
-0.0535491406917572
-0.09006591141223907
-0.02513927593827248
-0.04075491800904273
-0.03231850266456604
-0.04653387516736984
-0.050989292562007904
-0.06382221728563309
-0.03813071176409721
-0.05378083884716034
-0.03224818781018257
-0.03158102557063103
-0.0327606201171875
-0.04542148858308792
-0.07706207782030106
-0.047706060111522675
-0.03156895935535431
-0.03657162934541702
-0.04285383224487305
-0.04950299859046936
-0.055637963116168976
-0.09236164391040802
-0.04679881781339645
-0.036596454679965966
-0.07602351903915405
-0.0573630928993225
-0.0578598752617836
-0.02999718859791756
-0.05253258347511292
-0.052853018045425415
-0.05758288502693176
-0.04783731698989868
-0.04973233491182327
-0.013488375581800936
-0.010895715095102789
-0.08832843601703644
-0.05631519109010696
-0.06637093424797058
-0.0625564306974411
-0.06259814649820328
-0.042480770498514175
-0.07804915308952332
-0.02701098844408989
-0.026952572166919708
-0.07617925852537155
-0.05213332921266556
-0.03968928754329681
-0.09011704474687576
-0.037751585245132446
-0.06018991768360138
0.00416179932653904
-0.062008000910282135
-0.10542692244052886
-0.02261756360530853
-0.07258425652980803
-0.03845616802573204
-0.06308542937040329
-0.0485122948884964
-0.047917243093252175
-0.02876780927181244
-0.011641154997050762
-0.07120345532894135
-0.05488450825214385
-0.050995297729969025
-0.05675035715103149
-0.09537243843078612
-0.09639497101306915
-0.053775042295455926
-0.06739215552806854
-0.07511630654335022
-0.09058181196451187
-0.050770103931427
-0.05595988035202026
-0.09945793449878691
-0.06537872552871704
-0.07163822650909424
-0.027071695774793625
-0.0634813904762268
-0.028994549065828323
-0.06220480799674988
-0.05686857551336288
-0.07591146975755692
-0.04803478717803955
-0.036066934466362
-0.06729031354188919
-0.07101361453533173
-0.08812068402767181
-0.07782156765460968
-0.06626266986131668
-0.06509178876876831
-0.06524565815925598
-0.04992005228996277
-0.07538419961929321
-0.02679231017827988
-0.051468998193740845
-0.03190607577562332
-0.04408745840191841
-0.05353491008281708
-0.03432901203632355
-0.0439428836107254
-0.07158941775560379
-0.06329567730426788
-0.052650198340415955
-0.037981972098350525
-0.0239875428378582
-0.0726514160633087
-0.050720177590847015
-0.05671401321887969
-0.04203588515520096
-0.02773948386311531
-0.07163792848587036
-0.08262771368026733
-0.021611623466014866
-0.06406138837337494
-0.05217566341161728
-0.09400371462106703
-0.050330042839050286
-0.026331234723329544
-0.028990954160690308
-0.05819099396467209
-0.036953069269657135
-0.0242045633494854
-0.022898510098457336
-0.043400373309850686
-0.0562320351600647
-0.07337464392185211
-0.045323137193918235
-0.07813087850809097
-0.06533493846654892
-0.07237876951694489
-0.052192747592926025
-0.05649698525667191
-0.06871592998504639
-0.03644893690943717
-0.04169732332229614
-0.037166651338338845
-0.07459853589534758
-0.08502258360385895
-0.03718391433358192
-0.037117667496204376
-0.048160482197999954
-0.0449618361890316
-0.03995929285883904
-0.020397633314132687
-0.04780343919992447
-0.033480867743492126
-0.05955222249031066
-0.057087674736976624
-0.04538790136575698
-0.06802790611982346
-0.08233410120010376
-0.07165742665529251
-0.06596370041370392
-0.027593016624450684
-0.07417175173759459
-0.03801027685403824
-0.07006820291280745
-0.028359025716781616
-0.05522032082080841
-0.03233425319194794
-0.07533349096775056
-0.04514196142554283
-0.03879591450095177
-0.03533925116062164
-0.07078471779823303
-0.07990336418151854
-0.051062799990177155
-0.047091953456401825
-0.04823048040270805
-0.027367070317268368
-0.059831395745277405
-0.043516386300325394
-0.07053278386592865
-0.07429271936416627
-0.05610088258981705
-0.09241266548633575
-0.07456939667463303
-0.0649673119187355
-0.06873317807912827
-0.09134189039468765
-0.0712699145078659
-0.0359116904437542
-0.08654272556304932
-0.019593678414821625
-0.06505247950553894
-0.04536941275000572
-0.07992281019687651
-0.04573133587837219
-0.04457824677228928
-0.10241526365280151
-0.026647552847862244
-0.03241940587759018
-0.05392637848854065
-0.05594640225172042
-0.0635729730129242
-0.06325879693031311
-0.08302438259124756
-0.02108746021986008
-0.07038947939872742
-0.04534599930047989
-0.02948753535747528
-0.043427333235740655
-0.053657665848732
-0.05097300559282303
-0.0470006912946701
-0.07521597295999528
-0.03641492128372192
-0.0553993135690689
-0.0531790629029274
-0.043037183582782745
-0.039665088057518005
-0.06376371532678604
-0.06129278242588043
-0.03726678341627121
-0.07950928062200546
-0.08440159261226654
-0.03913379460573197
-0.06672460585832596
-0.03598722070455551
-0.03660796210169792
-0.02516280859708786
-0.04153994470834732
-0.060699641704559326
-0.04081975668668746
-0.06535358726978302
-0.06077653169631959
-0.050864145159721375
-0.08253718912601472
-0.039947591722011566
-0.0902336835861206
-0.07788841426372528
-0.02229522168636322
-0.04704432189464569
-0.045629803091287606
-0.06942383944988251
-0.03717232123017311
-0.031281478703022
-0.038760289549827576
-0.07245635241270065
-0.04777219146490097
-0.060805290937423706
-0.05635417252779007
-0.04012610390782356
-0.03946584090590477
-0.07111296057701111
-0.0856797993183136
-0.05419408529996872
-0.04578401893377304
-0.05032213032245636
-0.06531950831413269
-0.04262297600507736
-0.06948402523994446
-0.07654578983783723
-0.04981467872858048
-0.05031499266624451
-0.03624238818883896
-0.0644541084766388
-0.09071369469165802
-0.04401879757642745
-0.04493501782417297
-0.09097290039062499
-0.09277059137821196
-0.028446659445762634
-0.07269700616598129
-0.03777563571929932
-0.08151387423276901
-0.04822098463773728
-0.06528696417808533
-0.06282000988721848
-0.07002361118793488
-0.04142428562045097
-0.029237382113933563
-0.04491548612713814
-0.06573463976383209
-0.07066946476697922
-0.05761784315109253
-0.08203627914190291
-0.06230044364929199
-0.018798094242811203
-0.04187145084142685
-0.06954094022512436
-0.07468599081039427
-0.05598524957895279
-0.04780784249305725
-0.05076189339160919
-0.03321555256843567
-0.038564238697290414
-0.03927842527627945
-0.08625999093055725
-0.01695355400443077
-0.04053940623998641
-0.06077399849891663
-0.08312444388866425
-0.023626010864973068
-0.0860416367650032
-0.04705026000738144
-0.07546144723892213
-0.08786986023187637
-0.035996243357658386
-0.048126265406608575
-0.05372089147567749
-0.08266738057136534
-0.05337502807378769
-0.043419189751148224
-0.08251573145389555
-0.06128849089145661
-0.08168175816535948
-0.09207643568515776
-0.06710754334926605
-0.04810651019215584
-0.07580828666687012
-0.05798090249300003
-0.07037089020013809
-0.06302731484174728
-0.09684038162231443
-0.04552874714136124
-0.041555870324373245
-0.06460458785295486
-0.02525519952178001
-0.0514068678021431
-0.03997752070426941
-0.017592158168554306
-0.03348900377750397
-0.06672707200050354
-0.023047536611557007
-0.03641335666179657
-0.044442087411880486
-0.06154865771532059
-0.06582237035036087
-0.057605408132076256
-0.04110618680715561
-0.04630275070667266
-0.06603702902793884
-0.04771862179040909
-0.034503962844610214
-0.018168702721595764
-0.0588609054684639
-0.01867567747831345
-0.06103740632534027
-0.10114036500453948
-0.046740610152482986
-0.07588043063879013
-0.035760294646024704
-0.04495251178741455
-0.03703559562563896
-0.05985666066408157
-0.06638319790363312
-0.050983600318431854
-0.020977675914764404
-0.07176710665225983
-0.057009413838386536
-0.035766784101724625
-0.06656114757061005
-0.0815053880214691
-0.04938146471977234
-0.023638982325792313
-0.07000233978033066
-0.05667301267385482
-0.06413137167692184
-0.02722232788801193
-0.09489041566848755
-0.035833951085805886
-0.049166686832904816
-0.08066798746585846
-0.03595792502164841
-0.03507896512746811
-0.06428471207618713
-0.07989924401044844
-0.045627132058143616
-0.027480628341436383
-0.04978902637958527
-0.07120376825332642
-0.04669424518942833
-0.025888197124004364
-0.04219025373458862
-0.02364017814397812
-0.060670465230941766
-0.06786118447780609
-0.04505525529384613
-0.07833653688430786
-0.059394918382167816
-0.06491291522979736
-0.037719562649726875
-0.04036741703748703
-0.052173905074596405
-0.013539346866309643
-0.06941459327936172
-0.09514500945806505
-0.05029995739459992
-0.058323934674263
-0.08350202441215515
-0.029335498809814453
-0.05504979193210602
-0.022470593452453613
-0.07817792892456055
-0.04064246267080307
-0.05657824128866196
-0.09124819934368131
-0.04280196130275726
-0.02384520322084427
-0.05517365783452988
-0.04961290955543518
-0.05435723066329956
-0.0567634105682373
-0.030813463032245636
-0.03308616951107979
-0.03532158583402634
-0.05744883418083191
-0.07725443691015244
-0.05137695372104645
-0.04574377089738846
0.0020096804946660995
-0.0758845806121826
-0.02666107192635536
-0.016646455973386765
-0.0420195572078228
-0.05785495787858963
-0.1084992066025734
-0.07903262972831726
-0.07923968136310577
-0.09414508938789368
-0.02898701280355453
-0.03690924495458602
-0.05576974898576736
-0.051590681076049805
-0.015579923056066036
-0.053315892815589905
-0.028098441660404205
-0.03614141792058945
-0.06836222112178801
-0.049278885126113885
-0.07169367372989655
-0.05014742910861969
-0.0016731387004256248
-0.02978856861591339
-0.05012944340705872
-0.07071822136640549
-0.05131946504116058
-0.13917215168476105
-0.09207722544670105
-0.04443641006946564
-0.057316049933433526
-0.06840573996305466
-0.05741177499294281
-0.032415494322776794
-0.02447329834103584
-0.04875586181879044
-0.08565177023410797
-0.07709242403507233
-0.035388439893722534
-0.04509544000029564
-0.07987701147794724
-0.10701483488082884
-0.07783382385969163
-0.061399221420288086
-0.06204991042613983
-0.06617908179759979
-0.051430992782115936
-0.0758325606584549
-0.0631435215473175
-0.08737119287252426
-0.0792836919426918
-0.03293449431657791
-0.06883251667022705
-0.07342847436666489
-0.06515790522098541
-0.034440502524375916
-0.03947075456380844
-0.029298797249794006
-0.04701422154903412
-0.08266280591487885
-0.04065139591693878
-0.029088001698255535
-0.08121659606695174
-0.049403682351112366
-0.06909985840320587
-0.023904725909233093
-0.06488728523254395
-0.034806668758392334
-0.07058839499950409
-0.06513150781393051
-0.03462465852499008
-0.07050029933452606
-0.0905119851231575
-0.0745888203382492
-0.06506095826625824
-0.04277226701378822
-0.05450800061225891
-0.06729508936405182
-0.029188018292188644
-0.04699376970529556
-0.09795623272657393
-0.044318236410617835
-0.05765235424041748
-0.06040725857019424
-0.07021042704582214
-0.051199764013290405
-0.05211050808429719
-0.05839552730321884
-0.06935779005289078
-0.10122157633304596
-0.04406509920954704
-0.06217671185731888
-0.05317579209804535
-0.08125869929790495
-0.03976685553789138
-0.07792621850967406
-0.06542518734931946
-0.053316205739974976
-0.03628211095929146
-0.04963821172714233
-0.0411112979054451
-0.055251725018024445
-0.05562259256839752
-0.06584400683641434
-0.0817034989595413
-0.042294330894947045
-0.06623636931180954
-0.053499720990657806
-0.038705747574567795
-0.0351451076567173
-0.05636318027973175
0.002574010752141476
-0.02156923711299896
-0.06340363621711731
-0.05906137824058533
-0.036569297313690186
-0.04860261082649231
-0.08548157662153245
-0.060936108231544495
-0.04885353893041611
-0.053097598254680634
-0.07006531953811646
-0.034663304686546326
0.006748114712536335
-0.06369006633758545
-0.06905283033847809
-0.08520869910717009
-0.05554604530334473
-0.06170264631509781
-0.08780118823051453
-0.031020477414131165
-0.048217590898275375
-0.0399482436478138
-0.04567250981926919
-0.0755378007888794
-0.058623671531677246
-0.04507201910018921
-0.05563133955001831
-0.03551969677209854
-0.0401574969291687
-0.0876753106713295
-0.05297121405601501
-0.06255661696195601
-0.02018044888973236
-0.05900838971138
-0.04499435424804688
-0.04396769031882286
-0.05591631680727005
-0.04279212653636932
-0.04996645450592041
-0.042282290756702416
-0.04096408188343048
-0.07620833069086073
-0.0675928145647049
-0.034069593995809555
-0.05039171874523162
-0.03162320703268051
-0.02304229140281677
-0.0982743501663208
-0.04715023189783096
-0.05391519516706467
-0.08739232271909714
-0.05113764107227325
-0.0286748930811882
-0.07782383263111113
-0.035577960312366486
-0.07200822234153748
-0.03338424861431122
-0.031740333884954446
-0.08365102857351302
-0.041132882237434394
-0.04703804105520248
-0.03870818391442298
-0.047412630170583725
-0.04331124573945999
-0.047430448234081275
-0.09572049230337144
-0.050375379621982574
-0.04827266931533813
-0.045268725603818886
-0.04008132591843605
-0.034636396914720535
-0.04922284185886383
-0.052575960755348206
0.0024746237322688103
-0.06387457996606827
-0.05938497930765152
-0.04190189763903618
-0.039268516004085534
-0.0634850412607193
-0.0688726007938385
-0.06407591700553894
-0.011058264411985874
-0.08054949343204498
-0.06933386623859406
-0.04006598889827728
-0.04380660504102706
-0.053380727767944336
-0.05383864045143128
-0.0749465376138687
-0.0591423436999321
-0.06395149230957031
-0.08879785239696503
-0.02746529504656792
-0.06830282509326935
-0.045608367770910256
-0.047063760459423065
-0.058207042515277856
-0.043609023094177246
-0.0495990365743637
-0.07144235074520111
-0.04429947212338448
-0.019588686525821682
-0.10223421454429626
-0.05134953558444977
-0.06721699237823486
-0.04021203890442848
-0.039902694523334496
-0.0798257291316986
-0.06246019899845123
-0.04284847527742386
-0.07063678652048111
-0.0609707236289978
-0.03284558653831482
-0.0641542375087738
-0.08801375329494476
-0.07595328241586685
-0.06759411096572876
-0.07234369218349455
-0.05260147899389266
-0.045308418571949005
-0.025544647127389908
-0.0381375029683113
-0.06897084414958954
-0.05766199529170989
-0.08289515972137451
-0.03757942095398903
-0.05533818900585175
-0.07062491774559021
-0.07524825632572174
-0.08832938224077223
-0.051781877875328064
-0.012590494938194752
-0.08246725797653198
-0.06695111095905304
-0.032185524702072144
-0.062253400683403015
-0.03897747024893761
-0.06074182689189911
-0.07830222696065903
-0.0416020005941391
-0.07299043238162993
-0.07044121623039246
-0.09662561118602753
-0.021978944540023804
-0.08115657418966293
-0.0366215594112873
-0.0559283122420311
-0.0698423832654953
-0.020000368356704712
-0.08015978336334227
-0.06893588602542877
-0.05504605174064636
-0.03452131897211075
-0.05690370500087737
-0.05783661454916
-0.02776653319597244
-0.053810834884643555
-0.04993335902690888
-0.07663466036319731
-0.0475887842476368
-0.05580120533704758
-0.04274740070104599
-0.08301629871129988
-0.0699453055858612
-0.05804673582315445
-0.0527082085609436
-0.05144788324832916
-0.05074309557676315
-0.031549569219350815
-0.050717808306217194
-0.061856709420681
-0.07141567766666412
-0.07302806526422499
-0.08102956414222717
-0.06063949316740036
-0.07386662065982817
-0.04444917663931847
-0.10731029510498045
-0.04844183102250099
-0.08848289400339127
-0.05236626416444778
-0.052578151226043694
-0.03530456870794296
-0.02357710152864456
-0.05289678275585175
-0.04785244166851044
-0.04988683760166168
-0.06798086315393448
-0.0677240788936615
-0.043781645596027374
-0.07076439261436462
-0.08126439154148102
-0.025663938373327252
-0.04532355070114136
-0.07159952074289322
-0.05172570049762726
-0.03214438632130623
-0.041662130504846566
-0.057706788182258606
-0.02714819461107254
-0.06909357011318207
-0.04435141384601593
-0.06306926906108856
-0.057465806603431695
-0.06981667131185532
-0.030501384288072583
-0.028307698667049408
-0.07769886404275894
-0.0856851041316986
-0.03806867450475693
-0.05148462951183319
-0.07996300607919694
-0.06909021735191345
-0.030613191425800323
-0.07184772193431854
-0.03663338720798493
-0.02006100118160248
-0.06008312106132507
-0.05723444372415543
-0.017581120133399963
-0.05637742578983306
-0.03283503279089928
-0.07739750295877457
-0.05378482490777969
-0.07127149403095245
-0.06799980998039246
-0.05258472263813018
-0.05143123120069504
-0.04329052194952965
-0.0879911184310913
-0.09515480697154999
-0.049540214240550995
-0.04151771217584609
-0.03459085524082184
-0.04331130534410477
-0.05665598064661025
-0.03560695797204971
-0.06206891685724258
-0.0647449642419815
-0.031337276101112366
-0.06765200197696686
-0.05763928592205048
-0.07518643885850905
-0.04661670327186584
-0.009158036671578882
-0.02430259808897972
-0.06932615488767624
-0.09146103262901306
-0.06570674479007721
-0.016408812254667282
-0.05799376964569092
-0.0173756442964077
-0.0915238931775093
-0.07177020609378815
-0.06244625151157379
-0.034412845969200134
-0.07607938349246977
-0.04071475565433502
-0.028920724987983704
-0.06393766403198242
-0.04639839380979537
-0.05802600830793381
-0.06678041815757751
-0.02535080164670944
-0.04368790984153748
-0.05194623023271561
-0.03110653907060623
-0.06077770888805389
-0.04459303617477417
-0.03815030679106712
-0.1053788810968399
-0.020170073956251144
-0.08027511090040208
-0.07455550879240035
-0.06988933682441711
-0.06492897123098373
-0.06084547191858292
-0.044924907386302955
-0.0835229903459549
-0.055549293756484985
-0.04450893402099609
-0.053184717893600464
-0.03985414281487465
-0.06655305624008179
-0.0065080998465418816
-0.039301689714193344
-0.04870080202817917
-0.08566436171531677
-0.06115166842937469
-0.055106788873672485
-0.04078418388962746
-0.04587152972817421
-0.017670363187789917
-0.0616619735956192
-0.046379733830690384
-0.043726976960897446
-0.05433237552642822
-0.07740114629268646
-0.057673119008541114
-0.1014419049024582
-0.03499619662761688
-0.02908586338162422
-0.08058823645114897
-0.013140742667019367
-0.06303898990154265
-0.03892732411623001
-0.09783796966075896
-0.08284920454025267
-0.049038209021091454
-0.059454865753650665
-0.038992736488580704
-0.06547710299491881
-0.05112715065479279
-0.033554594963788986
-0.09260131418704985
-0.0338389053940773
-0.07314866781234741
-0.05476216971874237
-0.058848895132541656
-0.028832413256168365
-0.08539701998233795
-0.029959693551063538
-0.050234824419021606
-0.07685112953186035
-0.07811255753040314
-0.04509660601615906
-0.0570802316069603
-0.039701160043478005
-0.0361291728913784
-0.04153967648744583
-0.08544284105300902
-0.054441973567008965
-0.084901362657547
-0.06416283547878265
-0.07508040219545363
-0.03974100574851036
-0.04620697721838951
-0.03723123297095298
-0.05873636901378632
-0.07301434129476547
-0.05406586825847626
-0.07922301441431044
-0.08393560349941252
-0.05013830214738846
-0.058196909725666046
-0.03814064338803291
-0.08089035004377365
-0.05259678512811661
-0.03297216817736626
-0.08282154053449631
-0.035648129880428314
-0.06666471809148788
-0.0926372930407524
-0.06178589165210724
-0.07066866755485535
-0.08200279623270033
-0.07668724656105042
-0.0843440592288971
-0.06367909163236618
-0.0904381051659584
-0.03990394249558449
-0.04326113685965537
-0.05670806765556336
-0.07084140181541443
-0.0486876592040062
-0.11716306209564208
-0.07620091736316681
-0.05887807160615921
-0.09105753898620605
-0.0469292625784874
-0.05626197159290314
-0.057217150926589966
-0.0756322294473648
-0.08651416003704071
-0.04649810865521431
-0.006519042886793613
-0.05037308484315872
-0.039004165679216385
-0.07676438987255096
-0.0214327909052372
-0.03181187063455582
-0.05199047923088074
-0.08110247552394867
-0.052093476057052605
-0.06185595691204071
-0.07838848233222961
-0.0888119637966156
-0.05984465777873993
-0.07895003259181976
-0.061982616782188416
-0.08079583942890166
-0.03840616717934608
-0.04522783309221268
-0.06339895725250244
-0.05011765658855438
-0.07388132810592651
-0.06820781528949738
-0.04682176560163498
-0.06023294478654861
-0.08655621111392976
-0.048960328102111816
-0.07642269879579544
-0.04725324362516403
-0.06864185631275177
-0.0289488285779953
-0.023164428770542145
-0.07264064252376556
-0.0243157371878624
-0.06040588021278381
-0.07587389647960663
-0.05733586847782135
-0.06108644604682922
-0.06459344923496246
-0.06828729063272476
-0.07265785336494444
-0.03551911562681198
-0.016798466444015503
-0.10063113272190093
-0.09481771290302275
-0.08891185373067856
-0.07107710838317871
-0.03971973061561584
-0.05435930192470551
-0.05020745843648911
-0.08590141683816908
-0.07825785130262375
-0.04593896865844727
-0.08541485667228697
-0.0279417484998703
-0.014822379685938358
-0.08608263731002806
-0.056519344449043274
-0.0291220098733902
-0.060161039233207696
-0.06933913379907608
-0.03947214409708977
-0.06284940242767334
-0.033269330859184265
-0.049027733504772186
-0.05953244119882584
-0.056039728224277496
-0.04122792184352874
-0.027454201132059097
-0.05318337678909302
-0.053257979452610016
-0.030312415212392807
-0.052806712687015527
-0.05291612446308136
-0.08789755403995515
-0.039668891578912735
-0.07438106834888458
-0.038946785032749176
-0.05917875468730927
-0.07277476787567137
-0.027301419526338577
-0.09419339150190352
-0.06482425332069397
-0.05897143483161926
-0.04436144232749938
-0.05404043197631836
-0.06925788521766663
-0.04933118075132369
-0.05804114043712616
-0.044638868421316154
-0.1302490085363388
-0.10327889025211334
-0.05086304247379303
-0.05394919216632843
-0.056340739130973816
-0.04491151496767998
-0.055069588124752045
-0.04069405794143677
-0.05584294348955154
-0.04284164682030678
-0.02781052887439728
-0.04668036103248596
-0.08419082313776016
-0.05152858793735504
-0.10133351385593414
-0.07614160329103468
-0.020941138267517086
-0.05020354688167572
-0.07591434568166733
-0.04764872044324874
-0.04913059622049332
-0.054816678166389465
-0.05106765031814575
-0.04945534467697144
-0.04094757884740829
-0.016836732625961304
-0.08471227437257767
-0.050880029797554016
-0.03495487943291664
-0.019484877586364743
-0.04002675041556358
-0.034656643867492676
-0.0540088564157486
-0.001327059231698513
-0.08070534467697142
-0.07543882727622986
-0.0849747359752655
-0.05548960715532303
-0.07654766738414764
-0.07159312814474106
-0.03402029722929001
-0.07148432731628418
-0.045083485543727875
-0.07708129286766051
-0.08974985778331757
-0.046259291470050805
-0.0769040584564209
-0.032284997403621674
-0.03963298723101616
-0.09645356982946397
-0.08393933624029158
-0.07830410450696945
-0.0412958562374115
-0.03922500833868981
-0.058926872909069054
-0.04033640772104263
-0.04522332921624184
-0.08430555462837219
-0.07952582836151123
-0.062231972813606255
-0.0815829187631607
-0.03658758103847504
-0.0643061101436615
-0.049796462059021
-0.04212962836027145
-0.063931405544281
-0.045181840658187866
-0.051477313041687005
-0.020062297582626343
-0.08328185975551605
-0.03471609205007553
-0.10033054649829865
-0.03777472302317619
-0.016584578901529312
-0.06619548797607422
-0.03488670662045479
-0.05405537784099578
-0.06801106035709381
-0.040578205138444894
-0.05384054780006409
-0.04896903783082961
-0.069780632853508
-0.05390950292348862
-0.04032493382692337
-0.06199684739112855
-0.04822063446044922
-0.035649970173835754
-0.01703612133860588
-0.06775921583175659
-0.079785019159317
-0.06552824378013611
-0.08019112050533295
-0.02699531614780426
-0.06799942255020142
-0.07549477368593216
-0.08843109756708145
-0.04360058903694153
-0.06652949005365372
-0.05995630472898483
-0.07246477901935577
-0.04942770302295685
-0.06471367180347443
-0.05998673290014266
-0.08048806339502335
-0.08158455789089203
-0.09459283202886579
-0.058226637542247765
-0.02609344944357872
-0.041055314242839806
-0.06406708061695099
-0.011775453574955463
-0.07724305987358093
-0.042236104607582085
-0.04646485298871993
-0.035985279828310006
-0.08250457793474197
-0.05928798019886017
-0.028948560357093808
-0.08680564165115356
-0.008269282989203932
-0.03817194327712059
-0.05258139967918396
-0.043820936232805245
-0.055753916501998894
-0.026960123330354687
-0.07121986150741577
-0.04770521447062492
-0.024304028600454327
-0.052326664328575134
-0.060216620564460754
-0.04668184369802474
-0.05434297025203705
-0.06581179052591324
-0.0764152854681015
-0.051715925335884094
-0.04434585571289063
-0.06954429298639297
-0.04705573990941048
-0.08437748998403549
-0.07029101252555847
-0.07822008430957794
-0.03656219691038132
-0.045082684606313705
-0.06586188077926636
-0.046506576240062714
-0.04921431839466095
-0.029799405485391617
-0.054265066981315606
-0.05411826074123383
-0.04439433664083481
-0.03146474063396454
-0.06259885430335999
-0.03513451665639877
-0.05627571046352386
-0.03468955680727959
-0.04838727414608002
-0.049288034439086914
-0.06847082078456879
-0.05801331251859665
-0.05519619584083557
-0.04638541862368584
-0.014835408888757229
-0.06789520382881165
-0.07483889162540436
-0.026676133275032043
-0.04728273674845696
-0.03892223536968231
-0.043260108679533005
-0.06944260001182556
-0.021252132952213287
-0.06053873896598816
-0.07718020677566528
-0.09340257197618483
-0.030464693903923035
-0.07242852449417114
-0.0649808719754219
-0.033741939812898636
-0.08345386385917662
-0.05480293929576874
-0.06535656005144119
-0.05629797279834747
-0.04986412078142166
-0.06323873996734619
-0.041315708309412
-0.04491486400365829
-0.05908611416816712
-0.016161344945430756
-0.0815393030643463
-0.0378899909555912
-0.038580544292926795
-0.023145753890275955
-0.07954545319080351
-0.04872600734233856
-0.05418379604816437
-0.08255214989185333
-0.05750119686126709
-0.030647970736026764
-0.03308252990245819
-0.014472209848463535
-0.03953373804688454
-0.03887121379375458
-0.0640387013554573
-0.035990700125694275
-0.04074769094586372
-0.034255579113960266
-0.07366086542606354
-0.05768902599811553
-0.07232250273227692
-0.057955384254455566
-0.035111524164676666
-0.0223030149936676
-0.06600175052881241
-0.0076548149809241295
-0.06274127960205078
-0.041778597980737686
-0.046869702637195594
-0.05534578114748001
-0.1013580784201622
-0.05847696214914322
-0.05786877870559692
-0.061067551374435425
-0.043923191726207726
-0.044473066926002496
-0.01902484893798828
-0.08546146750450134
-0.10266175121068954
-0.031643278896808624
-0.037446483969688416
-0.09487781673669816
-0.06425026059150696
-0.06412254273891449
-0.05520588904619217
-0.0406494140625
-0.06250735372304916
-0.08960206061601639
-0.05211121588945389
-0.03763381391763687
-0.08060458302497862
-0.059233054518699646
-0.04287121817469597
-0.0324484258890152
-0.05955035239458084
-0.06975289434194565
-0.07068727910518646
-0.057625554502010345
-0.039818838238716125
-0.043784342706203454
-0.06543252617120743
-0.04093160107731819
-0.04544828087091446
-0.042730148881673806
-0.06919395923614502
-0.03436927869915962
-0.08010074496269226
-0.0581519827246666
-0.05622506141662598
-0.022087380290031437
-0.05738207697868347
-0.07614136487245558
-0.0599769502878189
-0.04832099005579949
-0.053939327597618096
-0.06631037592887878
-0.06249631196260452
-0.060937874019145966
-0.04441785067319869
-0.07686731219291687
-0.03777828812599182
-0.0709008127450943
-0.051697909832000725
-0.025063771754503247
-0.0854763388633728
-0.0588964968919754
-0.03650399670004845
-0.06408002972602844
-0.07732850313186644
-0.041300520300865166
-0.0591970682144165
-0.012292866595089436
-0.08142071962356566
-0.07190889120101929
-0.03321268409490585
-0.04987390339374542
-0.0476575680077076
-0.05155439674854279
-0.05542442202568054
-0.060265883803367615
-0.03637951612472534
-0.024111323058605198
-0.026924755424261093
-0.07195007801055908
-0.048115018755197525
-0.02594975382089615
-0.01542773563414812
-0.035625409334897995
-0.0758647695183754
-0.04576832056045532
-0.0365101434290409
-0.055725693702697754
-0.029332771897315976
-0.027510561048984528
-0.07823655754327774
-0.052263908088207245
-0.04760944843292236
-0.07108272612094879
-0.06610474735498428
-0.03832121938467026
-0.05774817615747452
-0.06697893887758255
-0.029412236064672474
-0.04522409662604332
-0.049041539430618286
-0.031195804476737976
-0.07747839391231535
-0.057708613574504845
-0.048890627920627594
-0.024881951510906216
-0.04411476477980614
-0.03696399554610252
-0.09352748095989229
-0.06271911412477493
-0.04709121584892273
-0.05397394299507141
-0.05153058469295502
-0.03077872470021248
-0.050265341997146606
-0.055336952209472656
-0.03306645527482033
-0.04171120747923851
-0.044469967484474175
-0.05386835336685181
-0.06295530498027802
-0.052618756890296936
-0.05102980136871338
-0.07250945270061493
-0.07444573938846588
-0.03227171301841736
-0.0615604743361473
-0.05383554100990296
-0.0546441376209259
-0.07797735929489134
-0.07778866589069366
-0.05143752694129944
-0.037642553448677056
-0.04807114228606224
-0.010616508312523363
-0.05836457014083862
-0.053046077489852905
-0.05609441548585892
-0.04850383847951889
-0.08369282633066177
-0.1019529029726982
-0.0347522497177124
-0.04804714024066925
-0.0773770660161972
-0.0330917052924633
-0.0507645159959793
-0.04168521612882614
-0.059342145919799805
-0.07771602272987364
-0.047762401401996606
-0.04462230205535889
-0.06056740880012512
-0.06374730914831161
-0.0365552194416523
-0.052634432911872864
-0.07403538376092911
-0.06041847169399261
-0.047909397631883614
-0.07477921247482301
-0.08773587644100189
-0.05420972406864166
-0.07062588632106781
-0.08081140369176865
-0.07205398380756378
-0.09393204748630525
-0.05096659809350968
-0.0616925060749054
-0.05996724218130112
-0.0551505833864212
-0.0407785028219223
-0.04028812423348426
-0.050602048635482795
-0.06246250867843628
-0.04062015935778618
-0.0670110285282135
-0.03718804940581322
-0.04288005828857422
-0.03401189297437668
-0.07226163148880003
-0.06224219501018524
-0.1105569377541542
-0.04904550313949585
-0.06834104657173157
-0.05609619617462158
-0.07523360848426819
-0.06397128850221634
-0.05693301558494568
-0.04450260475277901
-0.03586694225668907
-0.062459200620651245
-0.03450142592191696
-0.06273682415485382
-0.05353166162967682
-0.06484068930149078
-0.048499319702386856
-0.060587823390960686
-0.03690839558839797
-0.06272773444652557
-0.04142376780509949
-0.06435560435056686
-0.10888250917196272
-0.06603670865297318
-0.07781355828046799
-0.032766785472631454
-0.03826364129781723
-0.05616134405136108
-0.08654236793518065
-0.05664210021495819
-0.05065050721168518
-0.04531969875097274
-0.038632672280073166
-0.08483146131038666
-0.06307149678468704
-0.05455970764160156
-0.04470108449459076
-0.044804975390434265
-0.047859825193881995
-0.08686874061822891
-0.03968704491853713
-0.040135663002729416
-0.052030839025974274
-0.06431864202022552
-0.052778981626033776
-0.07990042865276337
-0.06369324028491974
-0.06140470504760742
-0.0786300078034401
-0.05821222066879272
-0.07738709449768065
-0.07219256460666656
-0.07146909832954407
-0.07784441858530045
-0.08463059365749358
-0.09496498852968217
-0.058386296033859246
-0.06238923966884613
-0.048399705439805984
-0.03084960207343101
-0.07323788106441498
-0.03138525411486626
-0.0918142795562744
-0.0669189840555191
-0.03364403918385506
-0.06352833658456801
-0.04283620044589043
-0.05624997615814209
-0.06791515648365021
-0.044610373675823205
-0.06201634556055069
-0.047812856733798974
-0.05962530523538589
-0.07240592688322067
-0.07075108587741852
-0.04711299017071724
-0.05322420597076416
-0.029170982539653775
-0.0465136468410492
-0.06725697219371796
-0.044877439737319946
-0.06066424399614334
-0.05848217010498047
-0.03287895768880844
-0.04438217729330063
-0.060007691383361816
-0.030540853738784794
-0.027944177389144897
-0.06085485965013504
-0.04619127511978149
-0.06587162613868713
-0.043004382401704795
-0.06975606083869934
-0.051170483231544495
-0.06141732633113861
-0.07429496943950653
-0.07269518077373505
-0.08863993734121321
-0.08746294677257539
-0.09760522842407225
-0.057800129055976875
-0.032253943383693695
-0.05918842554092407
-0.04625196754932404
-0.06953556835651398
-0.07696802914142609
-0.04079955443739891
-0.0319274365901947
-0.07511260360479353
-0.02873893827199936
-0.06467335671186447
-0.01931038871407509
-0.04736704379320145
-0.05308925360441208
-0.03992773592472077
-0.054165683686733246
-0.05955801904201508
-0.03293883800506592
-0.04143936187028885
-0.08943735063076019
-0.012153021059930325
-0.042896226048469537
-0.037363141775131226
-0.05804243683815002
-0.1069573163986206
-0.041787464171648026
-0.04067898541688919
-0.06721401959657669
-0.03397641330957413
-0.051338791847229
-0.06348971277475357
-0.06109289079904556
-0.04729943722486496
-0.06794196367263794
-0.07114524394273758
-0.04166285321116448
-0.05577907711267471
-0.104694664478302
-0.08087939769029617
-0.02820120379328728
-0.056277886033058167
-0.031572479754686356
-0.050451993942260735
-0.04574492201209068
-0.07544113695621489
-0.03385131061077118
-0.06952822208404541
-0.03981112688779831
-0.048895388841629035
-0.05726195126771927
-0.05114082992076874
-0.05426035821437836
-0.052257239818573
-0.05727917701005936
-0.04470989853143692
-0.056364767253398895
-0.030581161379814148
-0.07066483795642853
-0.04005098342895508
-0.03449054062366485
-0.049560517072677605
-0.043297745287418365
-0.046648580580949776
-0.04048103839159012
-0.061222143471241
-0.060563236474990845
-0.06275258958339691
-0.016221247613430023
-0.05033871531486511
-0.053590930998325355
-0.059026941657066345
-0.07005087286233902
-0.048612356185913086
-0.0392545685172081
-0.04510396718978882
-0.07919178903102873
-0.08766847103834152
-0.0803745836019516
-0.062411099672317505
-0.057518914341926575
-0.042818062007427216
-0.05655505508184433
-0.08112557232379913
-0.06696058809757233
-0.007653492502868175
-0.038418419659137726
-0.06661006808280945
-0.059853844344615936
-0.008738950826227665
-0.025851137936115265
-0.0437006801366806
-0.033863555639982224
-0.036195479333400726
-0.04548271745443344
-0.07404445856809616
-0.05475679039955139
-0.041906360536813736
-0.005272685550153256
-0.05866697430610657
-0.014988846145570278
-0.03991282731294632
-0.08042755722999571
-0.04186058044433594
-0.045794613659381866
-0.062026865780353546
-0.08272728323936462
-0.02181529626250267
-0.06295008957386017
-0.10239925980567932
-0.07022660225629807
-0.03163914754986763
-0.048945285379886634
-0.053890585899353034
-0.06307905912399292
-0.04236888885498047
-0.0393713004887104
-0.04519237950444221
-0.04295067861676216
-0.05231938511133193
-0.03772266954183578
-0.002333815209567547
-0.045477941632270806
-0.06543808430433273
-0.02364564314484596
-0.08116503059864044
-0.07602722942829133
-0.026479624211788177
-0.06442229449748993
-0.031553056091070175
-0.041014231741428375
-0.0698634684085846
-0.05913003534078599
-0.07094129920005798
-0.024971306324005127
-0.0588781014084816
-0.02553638443350792
-0.0473547950387001
-0.04343808814883232
-0.060981452465057366
-0.048949234187603
-0.058747276663780205
-0.041204959154129035
-0.06283213943243027
-0.040679078549146645
-0.03770218789577484
-0.05185703933238983
-0.01007982064038515
-0.049143344163894646
-0.10083759576082228
-0.010984224267303944
-0.04466752335429192
-0.04652508720755577
-0.050937488675117486
-0.06982426345348358
-0.05910167098045349
-0.04877698421478272
-0.006849641911685467
-0.02831810712814331
-0.02907302975654602
-0.05126836150884628
-0.021355271339416504
-0.08634712547063828
-0.08143778145313264
-0.039794161915779114
-0.038329709321260445
-0.04299191012978554
-0.043038249015808105
-0.07361845672130583
-0.03348501771688461
-0.039039015769958496
-0.06466838717460632
-0.04060842841863632
-0.07345676422119139
-0.0703095868229866
-0.07439606636762619
-0.0551038533449173
-0.06603850424289703
-0.05076676607131959
-0.06646367162466049
-0.019590675830841064
-0.04877278208732605
-0.059150829911232
-0.015777800232172012
-0.037500809878110886
-0.07552419602870941
-0.076051726937294
-0.09658608585596083
-0.05256460607051849
-0.08461464941501617
-0.06872436404228209
-0.0503811240196228
-0.037795670330524445
-0.04711727797985077
-0.03568476065993309
-0.04466591775417328
-0.03669288381934165
-0.06544197350740433
-0.07140810787677765
-0.041140053421258926
-0.06652173399925232
-0.03056714683771133
-0.03741249442100525
-0.049028173089027405
-0.0438043400645256
-0.08837121725082397
-0.05383792519569397
-0.036142129451036446
-0.08037234097719193
-0.09194223582744598
-0.09331913292407987
-0.057255953550338745
-0.06901480257511139
-0.03394867852330208
-0.04137364029884338
-0.049923047423362725
-0.028577145189046856
-0.04765738919377327
-0.0608207881450653
-0.07816153764724731
-0.055114179849624634
-0.0571686327457428
-0.01564498245716095
-0.06228029727935791
-0.08385926485061644
-0.05209007114171982
-0.06509125232696533
-0.03938851878046989
-0.06071208417415618
-0.03904536738991737
-0.046051859855651855
-0.05115199834108353
-0.08196840435266495
-0.04919077455997467
-0.029879327863454815
-0.06553303450345993
-0.047555431723594666
-0.04556288942694664
-0.043945375829935074
-0.06113366037607193
-0.0476638600230217
-0.048853456974029534
-0.06440933048725128
-0.058731988072395325
-0.09578466415405272
-0.04798295348882675
-0.0568845123052597
-0.0288965068757534
-0.03974295035004616
-0.10224651545286179
-0.06511987745761871
-0.07481861114501953
-0.05429904162883759
-0.0787499099969864
-0.04582451283931732
-0.06841602921485901
-0.07151488959789276
-0.06318927556276321
-0.005534346215426922
-0.04265511035919189
-0.04141640663146973
-0.07213780283927917
-0.07075804471969604
-0.056642919778823846
-0.039883047342300415
-0.07780725508928299
-0.06329010426998137
-0.055011339485645294
-0.04368159919977188
-0.04869631677865982
-0.08562976866960524
-0.057088650763034814
-0.06703882664442062
-0.03134235739707947
-0.045646630227565765
-0.04944564402103424
-0.03612478077411652
-0.09279273450374605
-0.04560868814587593
-0.017118174582719803
-0.05574028193950653
-0.08134000003337859
-0.04300222173333168
-0.029073573648929596
-0.03993874415755272
-0.04743804782629013
-0.05639250576496124
-0.03366842865943909
-0.046657230705022805
-0.08375096321105957
-0.05592987686395645
-0.07213864475488663
-0.045054636895656586
-0.02777000516653061
-0.07226026803255081
-0.04813209548592568
-0.073698028922081
-0.03710529953241348
-0.08072957396507262
-0.03422119468450546
-0.07043522596359253
-0.0390537828207016
-0.04096487164497376
-0.0806284174323082
-0.031831130385398865
-0.04895561933517456
-0.045640729367733
-0.05046402662992477
-0.03817062824964523
-0.043528661131858826
0.004998816177248955
-0.050894685089588165
-0.0630817785859108
-0.045314613729715354
-0.08076773583889006
-0.0733313113451004
-0.09444597363471983
-0.04551274329423904
-0.05012863129377365
-0.08581452071666716
-0.018223702907562252
-0.03969630226492882
-0.07316114008426666
-0.06332098692655563
-0.06345050781965256
-0.06891342252492905
-0.06289469450712204
-0.03728359565138817
-0.0014845775440335272
-0.05113485455513
-0.05283651500940322
-0.07150092720985413
-0.03644700348377228
-0.07975712418556213
-0.08712959289550781
-0.06293114274740219
-0.05111587792634964
-0.0463441014289856
-0.07595735788345337
-0.0949975773692131
-0.05649576336145401
-0.0378701388835907
-0.06593658030033112
-0.02969522401690483
-0.08349848538637161
-0.05094826221466064
-0.05996809899806976
-0.04958195984363556
-0.0745653286576271
-0.07338567078113557
-0.06794958561658859
-0.06256085634231567
-0.008236843161284924
-0.010291860438883305
-0.048957914113998406
-0.02918679639697075
-0.05227700620889664
-0.029064275324344635
-0.06718263030052185
-0.06398742645978928
-0.08318608999252318
-0.07311905920505524
-0.05520828813314438
-0.05732447654008865
-0.08950229734182356
-0.02701577916741371
-0.08143089711666107
-0.03662491962313652
-0.06062115728855133
-0.056549906730651855
-0.057763054966926575
-0.042377822101116173
-0.05700522661209106
-0.06238178908824921
-0.040009357035160065
-0.07717695832252502
-0.03875788301229477
-0.09369561076164243
-0.046016179025173194
-0.028922691941261288
-0.007724084891378879
-0.08257344365119934
-0.04997745156288146
-0.06275659054517746
-0.03994074463844299
-0.0667715072631836
-0.12458041310310364
-0.05118146538734436
-0.07246986031532286
-0.05631494522094727
-0.04954700171947479
-0.08412912487983702
-0.06406278908252716
-0.06921212375164032
-0.05716129392385482
-0.059572696685791016
-0.06887573003768921
-0.04250866547226906
-0.05731704086065292
-0.06543511152267456
-0.056127995252609246
-0.05352570861577988
-0.058235444128513336
-0.045712847262620926
-0.061307363212108605
-0.02812601625919342
-0.031769104301929474
-0.04758630692958832
-0.1142171323299408
-0.10191196203231812
-0.04477807879447937
-0.061181806027889245
-0.03519587218761444
-0.053242556750774384
-0.06644868850708008
-0.015925884246826172
-0.056624487042427056
-0.061258330941200256
-0.0789179801940918
-0.062114939093589776
-0.06207798421382904
-0.04251495748758316
-0.031411297619342804
-0.05963820219039917
-0.03516110405325889
-0.0471283234655857
-0.05626380443572999
-0.0773669183254242
-0.05952903628349304
-0.09946391731500624
-0.06817832589149475
-0.06999613344669342
-0.06363829970359802
-0.07919134944677354
-0.04200169444084168
-0.053151577711105354
-0.058959685266017914
-0.05480702966451645
-0.06261277943849564
-0.035389676690101624
-0.054100483655929565
-0.032364621758461
-0.08175046741962431
-0.03769239410758018
-0.03396902233362198
-0.036617573350667953
-0.0576145201921463
-0.07856371998786926
-0.07965694367885588
-0.02920534834265709
-0.03885943442583084
-0.04312604293227196
-0.05205404758453369
-0.0692259818315506
-0.040416378527879715
-0.032144106924533844
-0.06672905385494232
-0.04969881474971771
-0.06790352612733841
-0.044989656656980515
-0.020712785422801968
-0.054683789610862725
-0.07519174367189406
-0.053321033716201775
-0.05256851017475128
-0.08800967037677764
-0.050954751670360565
-0.040932931005954735
-0.03766509145498276
-0.07319423556327821
-0.05307925492525101
-0.09055694937705992
-0.003155195154249668
-0.06321676075458527
-0.0443280003964901
-0.07379674911499022
-0.049531914293766015
-0.02094286307692528
-0.02597491070628166
-0.026900213211774823
-0.05789893865585327
-0.04674781858921051
-0.02856454998254776
-0.035144224762916565
-0.06016494333744049
-0.06362322717905045
-0.014196678064763544
-0.03622233122587204
-0.03599260002374649
-0.08205126225948332
-0.05620807409286499
-0.04128067195415497
-0.08405283838510513
-0.015352494083344936
-0.07460377365350723
-0.0539836585521698
-0.09387743473052977
-0.08937344700098036
-0.047385260462760925
-0.07178430259227753
-0.05572843551635742
-0.0605778843164444
-0.06712152063846588
-0.05180641263723373
-0.059456057846546166
-0.04241551086306572
-0.04437419772148132
-0.041007574647665024
-0.03644893318414688
-0.018099892884492878
-0.06879202276468277
0.00014455523341894147
-0.028874747455120087
-0.029346585273742676
-0.03254183381795883
-0.009056872688233852
-0.06885386258363724
-0.01407050620764494
-0.04883567243814468
-0.07444147765636445
-0.061162680387496955
-0.07602659612894058
-0.05340832471847534
-0.07594914734363557
-0.06811222434043884
-0.023399543017148968
-0.05830383300781249
-0.0675479993224144
-0.08205550909042358
-0.05157659947872162
-0.05635979771614075
-0.06769464910030365
-0.07904907315969467
-0.027995042502880096
-0.06583492457866669
-0.01665017381310463
-0.061795033514499664
-0.06372854113578796
-0.04355860128998757
-0.04167738556861877
-0.07817377895116806
-0.05097971111536025
-0.03987488523125648
-0.07056337594985962
-0.04874905943870544
-0.02236490324139595
-0.07625262439250946
-0.049857959151268005
-0.05174033343791962
-0.02386295050382614
-0.06469626724720001
-0.01657932996749878
-0.016711264848709106
-0.06027135252952576
-0.07543457299470901
-0.04871346056461334
-0.01294813398271799
-0.04954669624567032
-0.06970231235027313
-0.07121028751134872
-0.06751388311386108
-0.02385600656270981
-0.08559492975473405
-0.04735320806503296
-0.05145534127950668
-0.05659577995538712
-0.027076255530118946
-0.06463398039340973
-0.08225191384553909
-0.011375647969543932
-0.08376416563987733
-0.058718033134937286
-0.05144225060939789
-0.03608160465955734
-0.03270575404167175
-0.040824703872203834
-0.06597582995891571
-0.037290077656507485
-0.022500574588775635
-0.02508629485964775
-0.04464355856180191
-0.06028624624013901
-0.0608593225479126
-0.035722166299819946
-0.07864393293857574
-0.032315656542778015
-0.05767163634300232
-0.033782977610826485
-0.04990850389003754
-0.0618082731962204
-0.09675533324480055
-0.07110428810119629
-0.025715399533510208
-0.030943408608436584
-0.08326622843742369
-0.041204482316970825
-0.06881075352430344
-0.04810112714767456
-0.05358138680458069
-0.04629350826144218
-0.027080003172159195
-0.051169417798519135
-0.06027081608772278
-0.041621264070272446
-0.05524429678916931
-0.046578608453273766
-0.042131394147872925
-0.021336004137992855
-0.050818368792533875
-0.05024696886539459
-0.05263675004243851
-0.06555955111980438
-0.0514063835144043
-0.02570080757141113
-0.045929376035928726
-0.045997079461812966
-0.06642796099185944
-0.02365695685148239
-0.05829896777868271
-0.06745953112840652
-0.027837153524160385
-0.07501443475484848
-0.05323156714439392
-0.04386114329099655
-0.08208303898572922
-0.08699977397918701
-0.07918179035186766
-0.08706562221050262
-0.033813752233982086
-0.04478465020656586
-0.04169438034296036
-0.05942073464393616
-0.04665915668010712
-0.0392761118710041
-0.024608515202999115
-0.07835918664932251
-0.08319587260484694
-0.07031479477882385
-0.026336826384067532
-0.09757604449987411
-0.04660977795720101
-0.07301504909992218
-0.027555182576179504
-0.03399988263845444
-0.04423176124691963
-0.0459161102771759
-0.09284046292304993
-0.022450797259807583
-0.05606581270694733
-0.037960074841976166
-0.06957366317510605
-0.06681099534034729
-0.050435952842235565
-0.02865015715360641
-0.0731125921010971
-0.05865418165922165
-0.04188460111618041
-0.04498502239584922
-0.08888329565525056
-0.04459228366613388
-0.0626571774482727
-0.04919347167015076
-0.04533127695322037
-0.08060887455940247
-0.041605543345212936
-0.07832193374633789
-0.05407723784446716
-0.04130541160702705
-0.12260970473289488
-0.03610916808247566
-0.036506898701190955
-0.038309071213006966
-0.037058960646390915
-0.07302692532539366
-0.07149803638458252
-0.11815929412841795
-0.05525626987218857
-0.04883895069360733
-0.027029071003198624
-0.0962404906749725
-0.06453636288642883
-0.045164063572883606
-0.038576707243919366
-0.058898217976093285
-0.06894519925117493
-0.06520519405603409
-0.029952682554721832
-0.05584682524204254
-0.027355842292308807
-0.097697414457798
-0.10963739454746246
-0.05913633853197098
-0.025400951504707336
-0.018405403941869732
-0.034411124885082245
-0.04590312764048576
-0.029094491153955456
-0.0775088369846344
-0.09131423383951187
-0.0643875002861023
-0.03216805309057236
-0.04783457145094872
-0.04297437518835068
-0.043300606310367584
-0.07519330084323883
-0.04941453039646149
-0.05055857449769974
-0.11010608822107316
-0.08844466507434846
-0.04762941598892212
-0.06290179491043091
-0.0626939982175827
-0.0519581213593483
-0.03894685581326485
-0.04087213799357414
-0.06738607585430145
-0.04826105758547783
-0.02280478924512863
-0.046250060200691216
-0.02635806053876877
-0.06168663501739501
-0.0368874929845333
-0.04784185811877251
-0.058621034026145935
-0.05236874520778656
-0.04533769562840462
-0.06164264678955078
-0.07600764185190202
-0.06141039729118347
-0.07309010624885559
-0.039673395454883575
-0.04551515728235245
-0.03557024896144867
-0.06076720356941223
-0.059603653848171234
-0.06275838613510132
-0.05552037805318832
-0.05341414362192154
-0.0447642058134079
-0.06873883306980133
-0.025239810347557068
-0.06095869839191437
-0.025420285761356357
-0.018668167293071743
-0.04017864167690277
-0.05549217760562897
-0.03669409453868865
-0.07205340266227722
-0.042392030358314514
-0.08470633625984192
-0.06266728788614273
-0.06811202317476273
-0.08890213072299957
-0.09925504028797148
-0.04901229590177536
-0.07635927200317383
-0.09565512835979459
-0.06927106529474257
-0.0905296355485916
-0.05812959372997284
-0.07047725468873978
-0.06399904191493988
-0.03779992088675498
-0.04858780279755592
-0.015608367510139942
-0.07084730267524719
-0.07264310121536256
-0.019560366868972775
-0.09167507290840149
-0.04753424227237701
-0.05679977685213089
-0.055867694318294525
-0.044091477990150445
-0.049070976674556725
-0.028783343732357025
-0.06896576285362244
-0.07303011417388915
-0.07234574854373933
-0.04057551547884941
-0.040192268788814545
-0.06190028786659241
-0.06354992091655731
-0.04088527336716652
-0.06748775392770767
-0.04469253495335578
-0.030065700411796566
-0.026497382670640945
-0.04915598779916763
-0.07084232568740845
-0.03155885636806488
-0.03632710874080657
-0.059474468231201165
-0.0595773309469223
-0.05606591701507568
-0.050813399255275726
-0.07306528091430664
-0.08408332616090775
-0.05134966969490051
-0.09580436348915101
-0.06196983903646469
-0.056607365608215325
-0.08397204428911209
-0.0747329443693161
-0.051786020398139954
-0.0557696521282196
-0.05012538284063339
-0.05278991162776947
-0.04848462715744972
-0.03328661620616913
-0.03668765351176262
-0.0351010225713253
-0.023515429347753525
-0.043428197503089905
-0.026879031211137768
-0.06418601423501968
-0.05438527464866638
-0.07979255169630049
-0.043612562119960785
-0.029393479228019714
-0.05242893099784851
-0.04364186152815818
-0.0444207638502121
-0.06738703697919846
-0.07046844065189362
-0.08919204026460646
-0.03815079480409622
-0.08432655036449432
-0.04944552481174469
-0.0842779353260994
-0.03878222033381462
-0.043060369789600365
-0.09652814269065857
-0.04569799453020096
-0.052342258393764496
-0.04079606011509895
-0.05332835018634796
-0.027850478887557983
-0.035101015120744705
-0.0634918063879013
-0.1036631241440773
-0.096548393368721
0.001717895269393921
-0.053756222128868096
-0.06508885324001312
-0.04118846356868744
-0.05895724892616272
-0.05187450349330902
-0.055849283933639526
-0.06035105884075165
-0.0318962037563324
-0.02520549297332764
-0.06308063119649887
-0.03912513703107834
-0.05461853742599487
-0.08437647670507431
-0.0444166362285614
-0.008470320142805576
-0.062108859419822686
-0.025248993188142776
-0.0535711944103241
-0.049596458673477166
-0.08223938941955566
-0.07437275350093842
-0.022368721663951877
-0.05572986602783203
-0.04718881845474243
-0.049538716673851006
-0.04701516404747962
-0.05512581020593643
-0.048006586730480194
-0.0717678815126419
-0.06030577421188354
-0.08859317749738693
-0.05946184694766998
-0.07143732160329819
-0.09545665979385377
-0.06261889636516571
-0.04878166317939758
-0.060239195823669434
-0.0499882847070694
-0.04181328043341637
-0.05331549048423767
-0.07153104245662689
-0.07392901182174681
-0.055063337087631226
-0.06528687477111816
-0.06227967143058777
-0.04547423869371414
-0.05381856858730316
-0.05421159416437149
-0.07526709884405136
-0.06417253613471985
-0.0573505237698555
-0.06904108822345734
-0.0355876088142395
-0.06622061133384705
-0.08496233820915222
-0.03468475863337517
-0.060724720358848565
-0.10914723575115204
-0.04419093206524849
-0.054826125502586365
-0.07161986827850342
-0.04468607902526856
-0.05032147467136383
-0.058655105531215675
-0.09199906885623933
-0.05899178981781006
-0.060696214437484734
-0.037753798067569726
-0.03921390324831009
-0.08420540392398834
-0.02764036506414413
-0.05305956304073334
-0.08923685550689697
-0.041154734790325165
-0.062067881226539605
-0.06405290961265564
-0.08083202689886093
-0.08711832761764526
-0.035559631884098046
-0.01600472629070282
-0.06745040416717529
-0.04356492683291435
-0.03579850122332573
-0.051315300166606896
-0.02078721672296524
-0.04918339103460312
-0.04475394636392593
-0.04206725955009461
-0.0629451796412468
-0.07144876569509506
-0.05766203999519348
-0.06302592158317566
-0.04932600259780884
-0.0468737930059433
-0.053743138909339905
-0.06099053472280502
-0.057577066123485565
-0.09830019623041153
-0.06577901542186737
-0.04992826282978058
-0.07750359177589417
-0.067189060151577
-0.035052672028541565
-0.04626303911209106
-0.043663457036018365
-0.06406675279140472
-0.05167321115732193
-0.09525450319051743
-0.06078767031431198
-0.04205167293548584
-0.047730542719364166
-0.06430752575397491
-0.05099593102931976
-0.060666680335998535
-0.09317606687545776
-0.04066167026758193
-0.05984954535961151
-0.04768262058496475
-0.017803139984607697
-0.053361281752586365
-0.08948639035224913
-0.0640440434217453
-0.05698193609714508
-0.03697826340794563
-0.08149002492427827
-0.0539650097489357
-0.02997167408466339
-0.0385482832789421
-0.02991742640733719
-0.08743627369403838
-0.02270032837986946
-0.06942149996757507
-0.0902983546257019
-0.03699107468128204
-0.039483252912759774
-0.08763322979211806
-0.07442289590835571
-0.055765151977539056
-0.01983847841620445
-0.04976128041744232
-0.04482763260602951
-0.0903195962309837
-0.05845659226179122
-0.03374193236231804
-0.048968106508255005
-0.0717618465423584
-0.06113896518945693
-0.04808316379785538
-0.06487561017274857
-0.03087916225194931
-0.055086396634578705
-0.06195937842130661
-0.026926495134830475
-0.0659545511007309
-0.0626571774482727
-0.058047808706760406
-0.027177799493074417
-0.0435359850525856
-0.04503874108195305
-0.02595438063144684
-0.09612581133842467
-0.050788842141628265
-0.031126875430345532
-0.04657480493187904
-0.06504779309034348
-0.0024554701521992683
-0.06685727834701538
-0.09216222167015076
-0.08181729912757874
-0.020289916545152664
-0.08769969642162323
-0.027392297983169556
-0.059881135821342475
-0.050921425223350525
-0.052002757787704475
-0.05826860666275024
-0.060884669423103326
-0.040194302797317505
-0.039248090237379074
-0.009489492513239384
-0.069245845079422
-0.06123066693544388
-0.061034075915813446
-0.0702909380197525
-0.044715303927659995
-0.07838980108499528
-0.05550054460763931
-0.04452703520655632
-0.04776674136519432
-0.06815680861473083
-0.05475368350744248
-0.06383593380451201
-0.0630943700671196
-0.09257623553276062
-0.054909706115722656
-0.04782753437757492
-0.04654620960354805
-0.044073745608329766
-0.02002212032675743
-0.07920703291893005
-0.05916036665439606
-0.046506870537996285
-0.021634571254253387
-0.05475274473428726
-0.05985485762357712
-0.0403468906879425
-0.07548478245735168
-0.030152037739753723
-0.047491103410720825
-0.029898673295974728
-0.08039948344230653
-0.03302254900336265
-0.08612364530563353
-0.06814786791801453
-0.02308358997106552
-0.07873618602752684
-0.06534095108509064
-0.04499131441116333
-0.048732973635196686
-0.06053647398948669
-0.05965539813041687
-0.049024052917957306
-0.03690039739012718
-0.06153885275125504
-0.04662289097905159
-0.05095645785331726
-0.06590399146080017
-0.09201382100582121
-0.06838154792785645
-0.06923884898424149
-0.09209948778152464
-0.06233880668878555
-0.062012463808059685
-0.05235908180475234
-0.05136758089065552
-0.04850709438323975
-0.006374514661729336
-0.04396688938140869
-0.05878392606973648
-0.0327744297683239
-0.02974877506494522
-0.043814800679683685
-0.054568007588386536
-0.03983628377318382
-0.05725669115781784
-0.07184905558824539
-0.05488518625497817
-0.06581537425518036
-0.06544018536806107
-0.053210392594337456
-0.06333385407924652
-0.06108622252941132
-0.061489641666412354
-0.048115335404872894
-0.05991579592227936
-0.08242838829755783
-0.07719900459051132
-0.07288878411054611
-0.0608675479888916
-0.07268297672271729
-0.06465324759483337
-0.06479088962078094
-0.0489387884736061
-0.04034782946109772
-0.011216691695153711
-0.057215891778469086
-0.047146506607532494
-0.01570557802915573
-0.07895759493112563
-0.021639317274093628
-0.05538757145404816
-0.04974868148565292
-0.06686633080244064
-0.026374850422143936
-0.031496111303567886
-0.08038949221372604
-0.06640852987766266
-0.04555876925587654
-0.04863650351762772
-0.04464559629559517
-0.07113377004861832
-0.02591491863131523
-0.0651351809501648
-0.020670078694820404
-0.05170105397701264
-0.05865560472011566
-0.03986487537622452
-0.05136583000421524
-0.05983030796051025
-0.09915407001972198
-0.034121885895729065
-0.05764025449752808
-0.04878249764442444
-0.05641310662031174
-0.03871982544660568
-0.07319461554288864
-0.07313068211078644
-0.09635798633098601
-0.07434279471635817
-0.04319361597299576
-0.06338042765855789
-0.05313429981470108
-0.03553522005677223
-0.10654316842556
-0.04511747509241104
-0.07955425977706909
-0.07963803410530089
-0.06169721484184265
-0.03728332370519638
-0.04380529373884201
-0.05053059756755829
-0.058676816523075104
-0.02437138184905052
-0.06872418522834778
-0.08678090572357178
-0.031184911727905277
-0.05899620056152344
-0.049618199467659
-0.037594426423311234
-0.0882422924041748
-0.048849478363990784
-0.0688629150390625
-0.0357658788561821
-0.07572139799594878
-0.06321491301059723
-0.045472025871276855
-0.044305313378572464
-0.04721461981534958
-0.0609126016497612
-0.0525325983762741
-0.04359454661607742
-0.05111172795295715
-0.04209352657198906
-0.050434850156307214
-0.07459300756454468
-0.06115616858005524
-0.07820537686347961
-0.003344879485666752
-0.03453216329216957
-0.0758330449461937
-0.002003091387450695
-0.047782301902771
-0.08261395990848541
-0.011924642138183115
-0.06699791550636292
-0.043946269899606705
-0.05550428479909897
-0.06729491800069809
-0.08466954529285432
-0.05059303343296051
-0.09010925889015196
-0.043401166796684265
-0.04349426925182343
-0.07893307507038115
-0.04289620742201805
-0.0838111937046051
-0.02495606616139412
-0.0755279064178467
-0.07181628793478012
-0.03795839101076126
-0.09762676060199736
-0.04960450530052185
-0.05016493052244186
-0.0403163656592369
-0.03989839553833008
-0.034144733101129525
-0.042972877621650696
-0.056760869920253754
-0.042241789400577545
-0.028031393885612488
-0.04167255014181137
-0.06740409135818481
-0.06495670229196548
-0.055998288094997406
-0.07732188701629639
-0.048823699355125434
-0.035829417407512665
-0.054998233914375305
-0.08506035059690475
-0.07136289775371552
-0.029261499643325806
-0.07479888200759886
-0.03432249650359154
-0.04851850122213364
-0.03298773244023323
-0.02084705978631973
-0.05672406405210495
-0.05074185132980347
-0.07181627303361893
-0.07275925576686859
-0.07307959347963333
-0.055507779121398926
-0.025507710874080654
-0.055812329053878784
-0.06575595587491989
-0.044307742267847054
-0.1023999899625778
-0.06583984941244125
-0.06245028972625733
-0.07822563499212265
-0.06405477225780487
-0.04063452035188674
-0.08762115985155106
-0.1097809448838234
-0.03620282933115959
-0.0781845822930336
-0.0514979064464569
-0.067447230219841
-0.05399948358535767
-0.05188995599746704
-0.0401718020439148
-0.013405137695372105
-0.043950416147708886
-0.06023910641670227
-0.059539519250392914
-0.038213983178138726
-0.02745880931615829
-0.024287473410367966
-0.07708758860826492
-0.04913435876369476
-0.04042332991957664
-0.05585360527038574
-0.07510579377412797
-0.054781265556812286
-0.03782925009727479
-0.06979997456073761
-0.04688556492328644
-0.0658867359161377
-0.05129317194223404
-0.0690813660621643
-0.04666784405708313
-0.03721944242715836
-0.0677318423986435
-0.07181210815906525
-0.0804295316338539
-0.06544479727745056
-0.07217755913734435
-0.03466390445828438
-0.07211704552173615
-0.04462242126464844
-0.08732372522354126
-0.053485527634620667
-0.04223482683300972
-0.09863858669996259
-0.04414024204015732
-0.08048905432224274
-0.01809272170066833
-0.09866584837436675
-0.08039195835590361
-0.046927772462368005
-0.03794065117835999
-0.05747891217470169
-0.057726219296455376
-0.02746137604117393
-0.09096351265907288
-0.05583593249320984
-0.07080775499343872
-0.033444426953792565
-0.020948354154825207
-0.03840445354580879
-0.07576355338096617
-0.08915521204471587
-0.0459236279129982
-0.030380502343177795
-0.012974579818546772
-0.053740918636322015
-0.04899068176746368
-0.027140531688928604
-0.07502582669258116
-0.06062288582324982
-0.034270793199539185
-0.06212315708398818
-0.04571536928415298
-0.05495499819517136
-0.08329194784164429
-0.07306084036827086
-0.06412974745035172
-0.06137495487928391
-0.07757292687892915
-0.09941402077674864
-0.04436767473816872
-0.05479998886585236
-0.03758782148361206
-0.0549822673201561
-0.04273837804794312
-0.03465516120195389
-0.06700339913368225
-0.04614194482564926
-0.06301388144493103
-0.05808824300765991
-0.08919255435466766
-0.06099555641412735
-0.06800369918346405
-0.05632223188877106
-0.07608460634946822
-0.05546671152114868
-0.016028389334678646
-0.056279189884662635
-0.03450373560190201
-0.03386416286230087
-0.037601251155138016
-0.07994356006383894
-0.044468246400356286
-0.05827896296977997
-0.05636140704154968
-0.05734677612781525
-0.04121715575456619
-0.0856034904718399
-0.08450895547866821
-0.0402844175696373
-0.043649859726428986
-0.07315969467163086
-0.08096403628587721
-0.05791760981082916
-0.04848399758338928
-0.028616495430469513
0.0002390127629041672
-0.04755765199661255
-0.09463348984718321
-0.08687935024499893
-0.07152849435806273
-0.05210884660482407
-0.03527134656906128
-0.027485698461532593
-0.06846998631954193
-0.026203028857707977
-0.03871455043554305
-0.06095622479915618
-0.05978886783123016
-0.05167090892791748
-0.0624362975358963
-0.05236884951591492
-0.047406725585460656
-0.048490926623344414
-0.11780127882957458
-0.03222817182540893
-0.05016472190618515
-0.07828377932310104
-0.06856317073106766
-0.06678712368011475
-0.0122052738443017
-0.05658392608165741
-0.07417257130146025
-0.07444071769714355
-0.08391883969306947
-0.017101876437664032
-0.04759664088487625
-0.01604543626308441
-0.0351778082549572
-0.06363838911056519
-0.06952551007270813
-0.06381428241729736
-0.09545829147100449
-0.08130828291177748
-0.0759395658969879
-0.030028477311134335
-0.1107511967420578
-0.010867654345929623
-0.05674118548631668
-0.07032801955938339
-0.03397428244352341
-0.020999439060688015
-0.08291353285312653
-0.07013847678899765
-0.0745273008942604
-0.0632980465888977
-0.0389857292175293
-0.07218073308467865
-0.09270680695772172
-0.04195738583803177
-0.062172606587409966
-0.08964980393648148
-0.07116464525461197
-0.04601409286260605
-0.057832106947898865
-0.08208832144737244
-0.046391107141971595
-0.09940086305141449
-0.04810052365064621
-0.07120835781097412
-0.07051783055067062
-0.04285995289683341
-0.020095035433769223
-0.07456573098897934
-0.027887694537639614
-0.055519290268421166
-0.03471753001213074
-0.07537315040826797
-0.04234784469008446
-0.042545784264802926
-0.03747058659791946
-0.0719585120677948
-0.03837364912033081
-0.05152751505374909
-0.061453476548194885
-0.1003243774175644
-0.06268814951181412
-0.028260521590709686
-0.0384351871907711
-0.05208301544189453
-0.07187343388795853
-0.03596402332186699
-0.03915061429142952
-0.04521254822611809
-0.06568257510662079
-0.017861410975456234
-0.023604825139045715
-0.061452843248844154
-0.07555218040943146
-0.04640335589647293
-0.0484330914914608
-0.07369484007358551
-0.045160286128520966
-0.03430860862135887
-0.05550054460763931
-0.03306829184293747
-0.022106148302555084
-0.06564857065677643
-0.06150660663843154
-0.0220002606511116
-0.017835542559623718
-0.05852115154266357
-0.04673801735043526
-0.04907162487506866
-0.05226454883813857
-0.0489695817232132
-0.07580749690532684
-0.04196809232234954
-0.03517637401819229
-0.04075549915432929
-0.054703615605831146
-0.059275463223457336
-0.03569081053137779
-0.09112576395273209
-0.06303336471319199
-0.05051991343498229
-0.023110873997211456
-0.06612803041934967
-0.05065926909446716
-0.023887082934379578
-0.025483593344688412
-0.06017979979515076
-0.050571255385875695
-0.02188340574502945
-0.06581112742424011
-0.04855036735534668
-0.0490984171628952
-0.04799722880125046
-0.03874872252345085
-0.012991209514439104
-0.04083149135112762
-0.07761639356613158
-0.05687699466943741
-0.04899656772613525
-0.04221370816230774
-0.08704350888729094
-0.06944029778242111
-0.07958398759365082
-0.029249079525470734
-0.07239267230033873
-0.08041131496429443
-0.07424510270357133
-0.07341255247592926
-0.0432894229888916
-0.022515658289194107
-0.07000285387039185
-0.04786265268921852
-0.06408468633890152
-0.09454698860645294
-0.0273304283618927
-0.04393515735864639
-0.06920750439167023
-0.0417228527367115
-0.021780945360660553
-0.05809714645147324
-0.04059412702918053
-0.051512494683265686
-0.012332524172961712
-0.05689838528633118
-0.05295642465353012
-0.036692842841148376
-0.08750563114881516
-0.07414232939481734
-0.07000813633203505
-0.05955161154270172
-0.04667411372065544
-0.04563398659229279
-0.07201297581195831
-0.045706599950790405
-0.021096844226121902
-0.07894422858953477
-0.058413803577423096
-0.06859855353832245
-0.028699971735477448
-0.01897341758012772
-0.05740879476070404
-0.07851207256317137
-0.05164589732885361
-0.07453788071870804
-0.0329037569463253
-0.06114885210990906
-0.09252879023551941
-0.01434026937931776
-0.07040643692016602
-0.06947322189807892
-0.046818971633911126
-0.0831327885389328
-0.06390601396560669
-0.032522451132535934
-0.03059675544500351
-0.07079094648361206
-0.04801835119724274
-0.05169389396905899
-0.06692082434892654
-0.038683537393808365
-0.0839778482913971
-0.020331609994173046
-0.06715850532054901
-0.07299342751502991
-0.02340700477361679
-0.08777327835559845
-0.05089916288852692
-0.004744046367704868
-0.059684470295906074
-0.09842912852764128
-0.044155605137348175
-0.08200816810131073
-0.034236788749694824
-0.06323934346437454
-0.03827639296650887
-0.05357187241315842
-0.050568901002407074
-0.10342000424861908
-0.06358788907527924
-0.057129405438899994
-0.08792321383953094
-0.06827513873577118
-0.08799932897090912
-0.02167019248008728
-0.05390726029872894
-0.07095683366060257
-0.060396306216716766
-0.034317079931497574
-0.029531531035900116
-0.03981712460517883
-0.06961196660995483
-0.07918209582567216
-0.0634765625
-0.07165645062923431
-0.02321334183216095
-0.034352630376815796
-0.0716097354888916
-0.06594087928533554
-0.015132983215153216
-0.03811819851398468
-0.05258305370807648
-0.07788284868001939
-0.05781035125255585
-0.047655608505010605
-0.046495500952005386
-0.06643004715442657
-0.0600191205739975
-0.08023396134376524
-0.0011215275153517723
-0.058682754635810845
-0.065981924533844
-0.05421998351812363
-0.04939521849155425
-0.07757170498371123
-0.04384414106607437
-0.030411966145038605
-0.06289298832416534
-0.09348240494728088
-0.04835512489080429
-0.06602032482624054
-0.04737708717584609
-0.07867260277271271
-0.033866733312606805
-0.05144914984703064
-0.09905636310577393
-0.07215885818004608
-0.09238211810588835
-0.08463163673877715
-0.04041808098554611
-0.08788083493709564
-0.04837979748845101
-0.054676443338394165
-0.03189041465520859
-0.05564810335636138
-0.036012038588523865
-0.09636683762073517
-0.06721000373363495
-0.051917292177677155
-0.07135009765625
-0.08526536822319031
-0.05507522076368332
-0.04175157845020294
-0.07005126774311066
-0.06433580070734024
-0.09135499596595763
-0.0617823451757431
-0.05110339820384979
-0.062045305967330926
-0.0541679561138153
0.005552462302148342
-0.07444690912961958
-0.07163659483194351
-0.05547074973583221
-0.019139595329761505
-0.05528113991022109
-0.09517870098352432
-0.06482068449258804
-0.03569610044360161
-0.03913189098238945
-0.05864869058132172
-0.06631448864936829
-0.10124528408050536
-0.04501130059361458
-0.01818159595131874
-0.08295461535453795
-0.045973360538482666
-0.09656446427106856
-0.06315642595291138
-0.06832391023635864
-0.04515841603279114
-0.05522621423006058
-0.07509370148181915
-0.06263058632612228
-0.11078514158725739
-0.033739376813173294
-0.05895178765058517
-0.057894930243492126
-0.037680815905332565
-0.05577491223812103
-0.0436674989759922
-0.047893039882183075
-0.08002472668886185
-0.0508318766951561
-0.0119628282263875
-0.07587986439466476
-0.03796352446079254
-0.07701405137777328
-0.035046059638261795
-0.07212527096271514
-0.07717593759298323
-0.052193060517311096
-0.03202523663640022
-0.02843715250492096
-0.028018191456794735
-0.047600708901882165
-0.04319743812084197
-0.07849839329719542
-0.040292888879776
-0.035757116973400116
-0.0291544646024704
-0.040642160922288895
-0.08960331976413728
-0.05879826843738556
-0.07191342115402222
-0.0580810084939003
-0.07042926549911499
-0.056433826684951775
-0.0616472065448761
-0.09620778262615204
-0.07250974327325822
-0.0699208676815033
-0.07478758692741394
-0.046915754675865166
-0.05335886031389237
-0.06655091047286987
-0.04820573329925537
-0.02355717122554779
-0.08684630692005157
-0.04214425012469292
-0.04900628328323364
-0.06827832758426666
-0.07354791462421417
-0.05074016749858856
-0.08318574726581573
-0.04957515001296997
-0.08203435689210892
-0.03787834197282791
-0.06547967344522476
-0.06052875518798828
-0.054727621376514435
-0.06589261442422867
-0.05236278474330902
-0.05684711039066315
-0.0523410364985466
-0.040773294866085046
-0.10805747658014296
-0.09514416754245758
-0.05701589584350586
-0.046578746289014816
-0.06989344954490662
-0.09268639981746672
-0.06939223408699036
-0.06061505526304245
-0.03152649849653244
-0.03236110135912895
-0.0646309182047844
-0.1001269519329071
-0.04367295652627945
-0.05199390649795532
-0.05055133998394013
-0.03803369030356407
-0.05695796012878417
-0.053932420909404755
-0.05644568055868149
-0.06798446178436279
-0.06658376753330231
-0.045448344200849526
-0.04032370448112488
-0.06368988752365112
-0.06774087250232697
-0.0441056489944458
-0.03570665419101715
-0.06679575145244598
-0.06503373384475708
-0.016819681972265244
-0.07416986674070358
-0.0756852924823761
-0.07405981421470642
-0.02396232634782791
-0.05215854197740554
-0.04896803200244904
-0.06917760521173477
-0.10384231805801392
-0.027707301080226895
-0.04991382360458375
-0.0614098459482193
-0.08459316939115523
-0.06692473590373993
-0.08917690068483353
-0.05940300226211548
-0.05080278217792511
-0.08604493737220764
-0.09275513887405396
-0.08113273978233337
-0.042185045778751366
-0.07039865851402283
-0.06601890176534653
-0.021689891815185543
-0.05872178077697754
-0.05662507563829421
-0.015935737639665604
-0.05460400879383087
-0.06066406518220901
-0.029451608657836918
-0.07763223350048065
-0.02039650082588196
-0.03653772920370102
-0.04610192030668259
-0.06897849589586258
-0.061280392110347755
-0.05360313504934311
-0.05200154334306717
-0.07437621802091599
-0.07132354378700256
-0.039187021553516395
-0.04879216104745865
-0.024394556879997253
-0.043976478278636925
-0.09436124563217164
-0.05743851512670517
-0.05158212035894394
-0.0784585177898407
-0.06374595314264297
-0.07143197953701019
-0.0800117626786232
-0.05539184808731079
-0.061468727886676795
-0.0415826179087162
-0.06566024571657181
-0.059273362159729
-0.028446417301893238
-0.0891912803053856
-0.08214878290891646
-0.06982318311929703
-0.050113022327423096
-0.04489552974700928
-0.06405177712440491
-0.09455333650112152
-0.034445080906152725
-0.04389394074678421
-0.06087306886911392
-0.05582575500011444
-0.05314972251653671
-0.0520162507891655
-0.015162886120378973
-0.04553398489952088
-0.05418727546930313
-0.10579884052276611
-0.06289608776569366
-0.03382798656821251
-0.05145445466041565
-0.03473278880119324
-0.05194241553544998
-0.07345883548259734
-0.047374092042446136
-0.07253843545913696
-0.04804539680480957
-0.070506751537323
-0.03749784827232361
-0.07980284839868546
-0.05455055832862855
-0.05955210328102112
-0.01790495216846466
-0.07829093933105469
-0.1089268773794174
-0.048101283609867096
-0.08602163195610046
-0.05022352933883666
-0.06407798826694489
-0.10205711424350739
-0.03514130413532257
-0.07802055776119232
-0.048304483294487
-0.07649410516023636
-0.0638970136642456
-0.02544235810637474
-0.05332559347152709
-0.09043148159980773
-0.055426187813282006
-0.028115808963775635
-0.057828471064567566
-0.03930233046412468
-0.06112513691186905
-0.01233061496168375
-0.031538378447294235
-0.03598985821008682
-0.0508430153131485
-0.04493803530931473
-0.05812324583530425
-0.08168037235736848
-0.06265333294868469
-0.087985560297966
-0.07990745455026625
-0.1042111963033676
-0.06046753376722336
-0.04756367951631545
-0.05922144651412964
-0.06138552725315093
-0.04225324094295502
-0.05185028910636902
-0.07806091010570526
-0.04013274610042572
-0.0746939405798912
-0.053033091127872474
-0.06477639079093933
-0.027475882321596146
-0.04970264434814453
-0.0359097421169281
-0.02573033794760704
-0.011394870467483996
-0.04299363866448402
-0.04945685714483261
-0.03446264564990997
-0.03365667164325714
-0.08729499578475952
-0.06534293293952942
-0.024758223444223404
-0.04497026652097703
-0.08092458546161652
-0.03335580974817276
-0.0030071837827563286
-0.08389553427696227
-0.06146496534347534
-0.07666695863008499
-0.06428593397140503
-0.05490734428167343
-0.06499868631362915
-0.05359505861997604
-0.07112500071525574
-0.04771694913506508
-0.054758548736572266
-0.027175787836313248
-0.05033843219280242
-0.04171617329120636
-0.04385233670473098
-0.04106488823890687
-0.10392948985099792
-0.05386239290237426
-0.05664242058992386
-0.04746784642338753
-0.09183646738529203
-0.03446992486715317
-0.0395984910428524
-0.09560878574848176
-0.03232385218143463
-0.043206468224525445
-0.03656940162181854
-0.04924073815345764
-0.06570374965667725
-0.0691077709197998
-0.06525713205337524
-0.0480361208319664
-0.07503724843263626
-0.08774013817310333
-0.06899690628051758
-0.06613385677337646
-0.07918218523263931
-0.06960909068584442
-0.102312371134758
-0.023295715451240536
-0.0728563368320465
-0.11765156686306
-0.07353074848651886
-0.06235934793949127
-0.06684412807226181
-0.07348851859569548
-0.03551998361945152
-0.048714645206928246
-0.053626276552677155
-0.05351262539625168
-0.060200415551662445
-0.047432191669940955
-0.07376506924629211
-0.05214235186576843
-0.05547293275594711
-0.06743062287569046
-0.0707617849111557
-0.06666754186153412
-0.06756886839866638
-0.055173136293888085
-0.03910502791404724
-0.04928697645664215
-0.040060326457023614
-0.073512963950634
-0.06315313279628754
-0.04593167081475258
-0.08308078348636627
-0.08521123230457307
-0.04855940490961074
-0.017714161425828934
-0.05248436331748962
-0.07328534126281738
-0.05141246318817139
-0.024738699197769165
-0.04234930127859116
-0.00822096411138773
-0.11292915046215056
-0.0523967519402504
-0.07278857380151747
-0.059053823351860046
-0.058621138334274285
-0.09267835319042204
-0.09403809159994125
-0.04175814241170883
-0.035870511084795
-0.01691427454352379
-0.05448760092258453
-0.04591422900557519
-0.023573413491249084
-0.06569571048021317
-0.051604226231575005
-0.06352950632572174
-0.051275506615638726
-0.05510739982128143
-0.09153319150209427
-0.04775942116975784
-0.017955880612134933
-0.060978710651397705
-0.05689717829227448
-0.07936066389083862
-0.0613914281129837
-0.06393908709287643
-0.03608723357319832
-0.06049758195877075
-0.03302869200706482
-0.09284985810518263
-0.06983260065317154
-0.04574910923838616
-0.015689704567193985
-0.015660826116800308
-0.07171729952096939
-0.04956366121768952
-0.04824845865368843
-0.06945043802261353
-0.01580582559108734
-0.004506935365498066
-0.03487253561615944
-0.06238439679145813
-0.04348386824131012
-0.053507164120674126
-0.05721954256296158
-0.03841203078627586
-0.05131424218416213
-0.0484728030860424
-0.05945840477943421
-0.08144743740558624
-0.06442625820636749
-0.08360174298286438
-0.054008103907108314
-0.0241343192756176
-0.0641801580786705
-0.04930373281240463
-0.03308702260255813
-0.056604944169521325
-0.07960624247789384
-0.06619033962488174
-0.041612524539232254
-0.055913269519805915
-0.08972498774528502
-0.047796010971069336
-0.06388995051383972
-0.06381649523973465
-0.06848901510238647
-0.061944939196109765
-0.03131921589374542
-0.046867735683918
-0.07389385998249054
-0.05479700863361359
-0.06455408781766891
-0.03758959472179413
-0.07531999051570892
-0.04225589707493783
-0.08775068819522858
-0.02880042046308517
-0.06278303265571594
-0.041784647852182395
-0.05805693566799164
-0.07859236001968382
-0.06072263419628143
-0.02610126882791519
-0.07502844184637068
-0.053649194538593285
-0.027816712856292725
-0.03618703410029411
-0.037354882806539536
-0.06782088428735733
-0.044066894799470895
-0.05039295554161072
-0.036252669990062714
-0.06730524450540543
-0.036533791571855545
-0.06219787895679474
-0.0881105288863182
-0.014986912719905376
-0.06560023128986359
-0.08373959362506865
-0.0945272296667099
-0.08315618336200714
-0.03522486984729767
-0.08985088765621185
-0.03714476898312569
-0.06770806759595871
-0.05189594626426697
-0.06817057728767395
-0.051293894648551934
-0.08762356638908386
-0.06129840016365051
-0.02124907821416855
-0.06157264113426208
-0.03487619012594223
-0.05477951467037201
-0.019673876464366913
-0.06644207239151001
-0.04176943004131317
-0.049071073532104485
-0.04355260357260704
-0.08712257444858551
-0.06664605438709259
-0.08261194825172424
-0.09134724736213683
-0.05744288861751556
-0.013524985872209072
-0.0146677503362298
-0.040027715265750885
-0.03604565933346748
-0.04663383588194847
-0.08698529005050659
-0.049836218357086175
-0.07849928736686705
-0.0652189776301384
-0.041925661265850074
-0.07146484404802321
-0.04162256047129631
-0.040777787566185
-0.01725757122039795
-0.08371327817440033
-0.05895242094993591
-0.05896452069282532
-0.031080931425094604
-0.043143592774868005
-0.054892681539058685
-0.029035333544015884
-0.0903295651078224
-0.0706532672047615
-0.07257097214460373
-0.04550725221633911
-0.07336160540580748
-0.06161751598119736
-0.08338818699121475
-0.036434028297662735
-0.06522597372531891
-0.07218416035175323
-0.053972162306308746
-0.03651747852563857
-0.08019521832466125
-0.0503864660859108
-0.09972980618476868
-0.05775533616542816
-0.07613692432641983
-0.04590658843517304
-0.0437924824655056
-0.062102362513542175
-0.10059832036495207
-0.08804307878017426
-0.03408751264214516
-0.0346573106944561
-0.09416417777538301
-0.05546902865171432
-0.07067287713289261
-0.06641533225774765
-0.03420849144458771
-0.0473405122756958
-0.046516314148902886
-0.05676939338445664
-0.06747350841760635
-0.05344638973474503
-0.06159427762031555
-0.03309650346636772
-0.039013028144836426
-0.04398521780967712
-0.03143138438463211
-0.05456477403640747
-0.04977851361036301
-0.03358140587806702
-0.06518127024173737
-0.07070276141166687
-0.011503704823553562
-0.03759950026869774
-0.0319020077586174
-0.037631575018167496
-0.044763315469026566
-0.07547104358673094
-0.057669393718242645
-0.05409184843301773
-0.04044996201992034
-0.06955786049365997
-0.06058359146118164
-0.060919612646102905
-0.06542336940765381
-0.042332693934440606
-0.03881516307592392
-0.08209104835987091
-0.10494843125343321
-0.08179912716150285
-0.0508379191160202
-0.05133901536464691
-0.04718102514743805
-0.018332425504922863
-0.04903535544872284
-0.0658506527543068
-0.09325459599494934
-0.08336924016475677
-0.05323445051908493
-0.06956346333026886
-0.03534843027591705
-0.05806452035903931
-0.050744958221912384
-0.04918999224901199
-0.05145782232284546
-0.012446013279259205
-0.03238370269536972
-0.08913746476173402
-0.07751689106225966
-0.05762650072574616
-0.050990067422389984
-0.06968224048614502
-0.09523403644561768
-0.06199072301387786
-0.06292179971933365
-0.013714970089495182
-0.08631412684917451
-0.046950601041316986
-0.05081721395254135
-0.035995230078697205
-0.009592470712959766
-0.052095234394073486
-0.051595501601696014
-0.06874129176139832
-0.05562637746334076
-0.030701972544193268
-0.08394236862659454
-0.02379463240504265
-0.060024067759513855
-0.0897912085056305
-0.06870321184396744
-0.02755596488714218
-0.05042453110218048
-0.018408238887786865
-0.0050693145021796235
-0.057214707136154175
-0.07714784145355225
-0.02904683351516724
-0.05210140347480774
-0.07527356594800949
-0.021948225796222687
-0.05354553461074829
-0.07191728800535202
-0.06084036082029343
-0.040332749485969537
-0.04113893210887909
-0.0673995167016983
-0.06768956780433655
-0.05148682743310928
-0.061307623982429504
-0.08397572487592697
-0.1028507649898529
-0.04076045751571655
-0.04141644388437271
-0.03492623195052147
-0.046928573399782174
-0.04094173759222031
-0.03811948746442794
-0.07728827744722366
-0.05333816260099411
-0.03352728486061096
-0.0697077214717865
-0.09766846895217896
-0.09678728878498077
-0.06911943852901459
-0.05736379325389862
-0.0869084969162941
-0.019902434200048447
-0.029225677251815796
-0.04997914284467697
-0.047929778695106506
-0.04814687743782997
-0.051716879010200494
-0.05882054567337036
-0.036777399480342865
-0.0681646540760994
-0.07706562429666518
-0.026476286351680756
-0.05703367292881012
-0.03413837030529976
-0.028752285987138748
-0.07471591979265213
-0.06658941507339478
-0.08279465138912201
-0.05999193340539932
-0.08823065459728241
-0.0404052734375
-0.04820415750145912
-0.05990169942378998
-0.05719999969005585
-0.04041147232055664
-0.05560283362865448
-0.04529748111963272
-0.02232065796852112
-0.05047551542520523
-0.05650592595338821
-0.012603330425918102
-0.10545623302459715
-0.03697573021054268
-0.09629479795694353
-0.034708842635154724
-0.06795288622379303
-0.08232353627681731
-0.053339466452598565
-0.04084906354546546
-0.05294246971607208
-0.07458089292049408
-0.03812825679779053
-0.06452865898609161
-0.021931342780590057
-0.09586335718631744
-0.03170672431588173
-0.03035168349742889
-0.07492981106042862
-0.023423340171575543
-0.026718243956565857
-0.07528752088546753
-0.05410774052143097
-0.039307400584220886
-0.015477401204407217
-0.0868905559182167
-0.026891581714153286
-0.054667025804519646
-0.07221948355436325
-0.04071468859910965
-0.05967780947685242
-0.07105211913585663
-0.042967423796653754
-0.06528538465499878
-0.0363115519285202
-0.08399863541126251
-0.06836587190628052
-0.05008610337972641
-0.042110636830329895
-0.056997664272785194
-0.046484246850013726
-0.06117158383131027
-0.03497988358139992
-0.05214641988277435
-0.06699631363153458
-0.03852345049381256
-0.053423166275024414
-0.04794595390558242
0.005372050218284129
-0.0039060330018401146
-0.04933581501245499
-0.041327640414237976
-0.05215444415807724
-0.04472851008176804
-0.011697052977979183
-0.0486132726073265
-0.06382680684328079
-0.03420990705490112
-0.028395976871252056
-0.07664310932159424
-0.037615321576595306
-0.06106676906347274
-0.08503167331218718
-0.07687953114509583
-0.013762627728283404
-0.07767372578382493
-0.0249294675886631
-0.0783604234457016
-0.0952768176794052
-0.02950577065348625
-0.0669991597533226
-0.051941581070423126
-0.06494349241256714
-0.056437768042087555
-0.027532760053873066
-0.06912112981081009
-0.07120388746261597
-0.04946120083332062
-0.047023262828588486
-0.06002858281135559
-0.03825313597917557
-0.10902555286884308
-0.09454169869422913
-0.03846055269241333
-0.04218483716249466
-0.06129839271306992
-0.10902447253465652
-0.026878591626882557
-0.07986277341842651
-0.03278718516230583
-0.059845149517059326
-0.05742387473583221
-0.0686819851398468
-0.06175015866756439
-0.06859927624464035
-0.024618357419967648
-0.07679551839828491
-0.05238540470600128
-0.05185361206531525
-0.05730847269296646
-0.02960478514432907
-0.10975205153226852
-0.08435970544815062
-0.027186889201402664
-0.048778168857097626
-0.07733212411403656
-0.07519972324371338
-0.0710524171590805
-0.051840305328369134
-0.03433286398649216
-0.049926161766052246
-0.052612751722335815
-0.038454309105873115
-0.016974952071905136
-0.05116799473762512
-0.07077321410179138
-0.033727459609508514
-0.04047259315848351
-0.06446496397256851
-0.031201049685478207
-0.0319296196103096
-0.043712541460990906
-0.06467337906360626
-0.07606372237205505
-0.0834321156144142
-0.021733686327934265
-0.05715439468622208
-0.04376273602247238
-0.05617824196815491
-0.009451062418520449
-0.06416746228933334
-0.04751121252775192
-0.0631282776594162
-0.0559212788939476
-0.04954253137111664
-0.03624448552727699
-0.07048644870519638
-0.05350217968225479
-0.07982011884450912
-0.049355655908584595
-0.03980681300163269
-0.038418110460042953
-0.07164857536554337
-0.05105938762426376
-0.02780637517571449
-0.07453766465187071
-0.05441883951425552
0.006682698614895344
-0.06783640384674072
-0.04904947429895401
-0.043187521398067474
-0.08822524547576904
-0.06194976717233658
-0.0560692474246025
-0.07087845355272293
-0.043794989585876465
-0.038604296743869775
-0.07882223278284074
-0.06588480621576309
-0.08731515705585478
-0.05078062415122986
-0.08501441776752472
-0.042750511318445206
-0.049719542264938354
-0.054500840604305274
-0.07273083180189133
-0.04285244643688202
-0.049624085426330566
-0.07807756960391998
-0.04600220918655396
-0.04444536566734313
-0.0073356935754418364
-0.061050549149513245
-0.0459204874932766
-0.034260522574186325
-0.08248905837535858
-0.026555962860584256
-0.052498959004879
-0.03949384763836861
-0.051597923040390015
-0.0692928209900856
-0.0654689222574234
-0.08784185349941252
-0.041967526078224175
-0.09286229312419891
-0.08286394178867341
-0.04695919901132584
-0.05869258940219879
-0.028506841510534286
-0.031772304326295846
-0.046165231615304954
-0.05482839047908783
-0.07433189451694489
-0.05759749561548233
-0.047823645174503326
-0.06146184355020523
-0.030950576066970825
-0.05673055350780487
-0.06467486172914505
-0.07155773043632507
-0.06841883808374405
-0.0231567807495594
-0.04621762037277222
-0.0419100821018219
-0.043482061475515366
-0.03965990245342255
-0.05494038760662079
-0.08047187328338623
-0.04368969798088074
-0.061436191201210015
-0.05469998717308045
-0.071528859436512
-0.026159122586250305
-0.035819824784994125
-0.08425991237163542
-0.0804174095392227
-0.07348284125328064
-0.05501554161310196
-0.09416371583938599
-0.01220730785280466
-0.06495267152786255
-0.05571294575929642
-0.08122047781944275
-0.059892669320106506
-0.044469773769378655
-0.07731778919696806
-0.026313845068216324
-0.08835473656654358
-0.11786888539791109
-0.044599689543247216
-0.07105784118175507
-0.026865154504776
-0.02597551792860031
-0.03745182603597641
-0.036406755447387695
-0.04894250631332397
-0.054644450545310974
-0.06697796285152435
-0.06307722628116608
-0.03565007448196411
-0.05507291853427887
-0.03646242618560791
-0.06326335668563843
-0.06773074716329575
-0.09302464127540588
-0.07779315114021301
-0.06499513238668442
-0.055071860551834106
-0.0405498743057251
-0.06852380931377411
-0.059588029980659485
-0.044419877231121056
-0.0476936399936676
-0.051178433001041405
-0.03057131171226501
-0.051137775182724
-0.0485050156712532
-0.06445756554603577
-0.051066964864730835
-0.03731495514512062
-0.014040148817002772
-0.04699184745550156
-0.0520140677690506
-0.06274736672639847
-0.07314237952232362
-0.03502162918448448
-0.06301893293857574
-0.05427879840135574
-0.0014239009469747543
-0.02734827250242233
-0.07133842259645462
-0.0682687982916832
-0.04800062254071236
-0.07496377080678941
-0.039461441338062286
-0.05587463825941086
-0.03464756906032562
-0.04670552909374237
-0.047088928520679474
-0.02788595482707024
-0.04314720630645752
-0.07617774605751036
-0.08273507654666899
-0.08874112367630003
-0.05705265700817108
-0.041801363229751594
-0.03924939781427384
0.0009243739768862723
-0.09782773256301881
-0.040248796343803406
-0.04987608641386032
-0.0757654532790184
-0.03901878371834754
-0.06298579275608063
-0.013624192215502262
-0.03564579039812088
-0.07563856244087219
-0.05584083497524261
-0.023383133113384247
-0.053185880184173584
-0.05368996411561966
-0.08057650923728944
-0.039942510426044464
-0.021398201584815976
-0.037155140191316605
-0.06906289607286453
-0.02996750921010971
-0.07453136146068574
-0.02047225087881088
-0.06247897446155548
-0.0611472949385643
-0.05800978094339371
-0.05206775665283203
-0.07453300803899765
-0.03045090287923813
-0.09147107601165773
-0.05781416594982147
-0.08097629994153976
-0.051969856023788445
-0.07676289975643158
-0.0391172394156456
-0.10335694998502731
-0.07268732786178589
-0.03020758554339409
-0.06765036284923553
-0.07094567269086838
-0.05901569128036499
-0.07061518728733063
-0.06782244145870209
-0.05822977423667908
-0.02891448140144348
-0.03109748288989067
-0.06272887438535689
-0.040955133736133575
-0.06989407539367676
-0.023966439068317413
-0.023872490972280502
-0.04859057441353798
-0.062204062938690186
-0.037808772176504135
-0.07604126632213593
-0.04497240111231804
-0.07184486836194992
-0.0466248132288456
-0.03757920116186141
-0.06493860483169556
-0.07406270503997801
-0.07263690233230592
-0.04382345825433731
-0.06737516075372696
-0.050383612513542175
-0.0412696860730648
-0.032256655395030975
-0.07030269503593445
-0.04324591904878616
-0.03947857767343521
-0.08704463392496109
-0.07575023919343948
-0.06685561686754227
-0.05645114183425903
-0.08275391161441803
-0.05004008859395981
-0.0379607155919075
-0.043689489364624016
-0.06288370490074158
-0.08496304601430894
-0.05460310727357864
-0.0582757145166397
-0.06393124163150787
-0.025126270949840546
-0.07775533199310303
-0.02678567916154861
-0.03210143744945526
-0.04728763550519943
-0.0339098684489727
-0.04900411516427994
-0.0800401121377945
-0.09725239872932434
-0.04829195141792297
-0.0630946159362793
-0.03684255480766296
-0.05315421521663666
-0.04528796300292015
-0.10774938762187956
-0.05457485467195511
-0.06559550762176514
-0.061175569891929626
-0.061620622873306274
-0.06508918106555939
-0.06134670972824097
-0.07264488935470581
-0.07874743640422821
-0.024342622607946396
-0.053428784012794495
-0.08610309660434723
-0.047386784106493
-0.0790199413895607
-0.09384966641664504
-0.046931888908147805
-0.08857157826423645
-0.07192373275756836
-0.043520569801330566
-0.079483300447464
-0.06590250134468079
-0.07639448344707489
-0.055299222469329834
-0.06722372770309448
-0.04842710122466087
-0.06978337466716766
-0.08349983394145964
-0.0574861615896225
-0.037537038326263435
-0.041920106858015053
-0.046564009040594094
-0.07025810331106186
-0.0667988657951355
-0.03106696903705597
-0.07496624439954756
-0.08222388476133345
-0.060404211282730096
-0.017729580402374268
-0.11112965643405914
-0.04726289212703705
-0.0630233883857727
-0.07880935072898863
-0.03463251143693924
-0.044075731188058846
-0.04221019893884658
-0.04417096823453903
-0.068836510181427
-0.03904060646891594
-0.05729281902313232
-0.01698477193713188
-0.04118101671338081
-0.0537678450345993
-0.02028254047036171
-0.04335288330912591
-0.08864907175302505
-0.05254380404949188
-0.059717029333114624
-0.029612805694341656
-0.0810563862323761
-0.0017832377925515175
-0.060334675014019006
-0.04442940652370453
-0.046007025986909866
-0.09084959328174592
-0.08458121865987778
-0.05858252197504044
-0.05473951995372772
-0.06928837299346924
-0.03156454116106033
-0.03880116343498229
-0.03143750876188278
-0.0438418835401535
-0.0663311704993248
-0.06820134818553925
-0.05317114293575287
-0.028751321136951447
-0.04653974995017052
-0.0372081845998764
-0.0440339483320713
-0.04418504238128662
-0.05790841579437256
-0.06260152906179428
-0.01277234498411417
-0.07672227919101715
0.0035009635612368584
-0.0552055537700653
-0.05478479713201522
-0.03706105798482895
-0.054716773331165314
-0.03176764398813248
-0.02628977596759796
-0.04217471554875374
-0.05009084939956665
-0.027009669691324237
-0.03443078696727753
-0.044341929256916046
-0.06625574827194214
-0.03067570924758911
-0.0431835874915123
-0.08226218819618225
-0.05092253535985947
-0.047669347375631325
-0.0527103766798973
-0.040837101638317115
-0.05163843184709549
-0.026563625782728195
-0.06681864708662033
-0.021732781082391735
-0.0625191181898117
-0.044219598174095154
-0.03046000003814697
-0.0425807312130928
-0.08224289119243622
-0.06935837119817734
-0.054776862263679504
-0.09115792065858841
-0.052051305770874016
-0.06478934735059738
-0.05305308103561401
-0.06776655465364456
-0.06124240159988403
-0.034027181565761566
-0.04336848482489586
-0.05780398845672608
-0.02593151107430458
-0.04701733589172363
-0.0734638199210167
-0.04644987732172012
-0.02309172973036766
-0.059118323028087616
-0.03774959221482277
-0.0578109622001648
-0.08411517739295958
-0.08338632434606552
-0.04844402521848679
-0.05906751751899719
-0.06063117831945419
-0.038239020854234695
-0.0243426077067852
-0.06157439202070236
-0.03248196467757225
-0.07261785864830017
-0.0482691153883934
-0.07336108386516571
-0.08058542758226393
-0.05436667799949645
-0.029979813843965527
-0.05205785483121872
-0.04197813943028449
-0.1161782294511795
-0.05212041735649109
-0.08514948189258574
-0.09707343578338624
-0.07494793832302092
-0.058269456028938287
-0.031780391931533813
-0.010558362118899822
-0.07636791467666627
-0.0587705597281456
-0.028790704905986782
-0.06248226761817932
-0.057696275413036346
-0.06273710727691649
-0.06508409231901169
-0.054136604070663445
-0.06009162217378616
-0.038332872092723846
-0.044540636241436
-0.02143699675798416
-0.08589811623096466
-0.07666954398155212
-0.06723253428936005
-0.03103151172399521
-0.03711323440074921
-0.03772912174463272
-0.04950864613056183
-0.09296070784330368
-0.08024748414754868
-0.03352568298578262
-0.03989345580339432
-0.05961817502975464
-0.0650540143251419
-0.11919839680194853
-0.058653198182582855
-0.03824189305305481
-0.05455302447080612
-0.07333482801914215
-0.05829796940088272
-0.07748070359230042
-0.07018865644931793
-0.05152822285890579
-0.07206346839666367
-0.07471045851707457
-0.05622559040784836
-0.07854090631008147
-0.06858175992965698
-0.06787188351154327
-0.04199211299419403
-0.049110785126686096
-0.051781065762043
-0.06554676592350006
-0.06358794867992401
-0.08218273520469666
-0.08370342850685118
-0.06025324016809464
-0.02383246272802353
-0.08289993554353715
-0.03341176733374596
-0.028092760592699047
-0.04572360962629318
-0.03046827018260956
-0.05117963254451752
-0.037206172943115234
-0.09990140050649643
-0.03398088738322257
-0.09074974060058592
-0.05264556407928466
-0.03739688917994499
-0.05857474356889725
-0.06437715888023376
-0.03367780148983002
-0.05448532849550247
-0.046929612755775445
-0.11173518002033232
-0.06238066405057907
-0.04143334552645683
-0.09025833010673523
-0.07548265159130096
-0.08046610653400421
-0.039573878049850464
-0.03951537236571312
-0.06239376217126846
-0.06029139459133148
-0.04449994117021561
-0.02688507363200188
-0.07052437216043472
-0.07307223230600357
-0.07357464730739594
-0.07009580731391907
-0.06709425151348114
-0.07561103999614716
-0.0741351991891861
0.0008163498714566231
-0.07899728417396545
-0.06511788070201874
-0.03568750619888306
-0.03943248838186264
-0.06115616112947464
-0.05458493530750275
-0.016900036484003067
-0.03786434978246689
-0.04031962901353836
-0.04862635210156441
-0.04124090820550919
-0.048114825040102005
-0.05388985574245453
-0.06129185855388641
-0.06445829570293427
-0.07588426023721696
-0.04258362948894501
-0.08899781852960585
-0.06279593706130981
-0.03513137623667717
-0.02474050596356392
-0.0796145424246788
-0.05330202728509903
-0.07205884903669357
-0.09374290704727171
-0.0484023243188858
-0.06661003828048706
-0.04925025999546051
-0.03029480949044228
-0.058375753462314606
-0.04750531166791916
-0.06811442971229553
-0.046079445630311966
-0.08501432090997696
-0.046997617930173874
-0.06493102014064789
-0.04980657249689102
-0.033700861036777496
-0.05039979517459869
-0.032737214118242264
-0.0636746734380722
-0.08154670149087907
-0.057599887251853936
-0.08147645741701126
-0.012261648662388325
-0.06739597022533417
-0.03882832452654839
-0.05077607929706573
-0.01335111539810896
-0.05060315877199173
-0.07084205746650696
-0.021261483430862423
-0.07252742350101472
-0.060235388576984406
-0.026568092405796048
-0.09810815751552579
-0.09203699231147766
-0.06428062915802002
-0.0619838684797287
-0.05809090286493301
-0.04947315156459808
-0.08764571696519852
-0.052250713109970086
-0.06634363532066345
-0.09365321695804597
-0.06859248876571655
-0.03683751821517944
-0.028841786086559292
-0.05047519505023956
-0.0395960509777069
-0.05173192173242569
-0.03372372314333916
-0.04722560569643974
-0.008628216572105885
-0.10143471509218216
-0.05273184925317764
-0.08710123598575592
0.000979620963335037
-0.028931647539138797
-0.09034372866153716
-0.03850582614541054
-0.07714999467134476
-0.04069642350077629
-0.029359396547079086
-0.04444530606269837
-0.03688579052686691
-0.026507064700126648
-0.027763284742832184
-0.07309428602457047
-0.05407319962978363
-0.039671272039413445
-0.08158831298351286
-0.04758270829916
-0.0488860160112381
-0.08582515269517897
-0.06297674030065536
-0.06394387781620026
-0.04828114062547684
-0.06705257296562195
-0.04547536373138428
-0.05839292705059052
-0.055482327938079834
-0.07045486569404602
-0.06968026608228683
-0.04950311779975891
-0.04889295995235443
-0.07361782342195511
-0.06855618208646774
-0.08749988675117491
-0.061594292521476746
-0.03348773717880249
-0.05261453241109848
-0.028150431811809536
-0.04824700951576233
-0.06371512264013289
-0.05851893126964569
-0.03837285190820693
-0.061860695481300354
-0.02659348025918007
-0.02211077511310577
-0.038922451436519616
-0.048208002001047134
-0.025139272212982178
-0.05272848159074783
-0.019502244889736172
-0.059457987546920776
-0.039650354534387595
-0.07255440950393677
-0.0813989043235779
-0.06993213295936584
-0.07686065137386322
-0.03493219614028931
-0.040574509650468826
-0.08253684639930725
-0.023717723786830906
-0.08808097243309022
-0.05183286964893341
-0.05979141592979431
-0.04678087309002876
-0.032220497727394104
-0.06088005006313324
-0.01674674078822136
-0.05598984658718109
-0.018924560397863388
-0.04400930553674698
-0.023254841566085812
-0.03903304040431976
-0.03157014399766921
-0.04430178552865982
-0.056962497532367706
-0.05255524814128876
-0.023436300456523892
-0.06664212048053741
-0.03853738307952881
-0.04508838430047035
-0.06860395520925522
-0.040943343192338943
-0.08038336783647537
-0.06697360426187515
-0.0634508952498436
-0.090896837413311
-0.07505097985267638
-0.0545545220375061
-0.08498674631118774
-0.08112968504428862
-0.09148775041103363
-0.02766462415456772
-0.05925562232732773
-0.01985226944088936
-0.013597656972706316
-0.04645583406090736
-0.07802435755729675
-0.06800176203250885
-0.04685290157794952
-0.03163689002394676
-0.0629696249961853
-0.0466741919517517
-0.03173544630408287
-0.05491919070482255
-0.04155384749174119
-0.06681932508945465
-0.08114059269428253
-0.05613995343446732
-0.08584405481815338
-0.06481929123401642
-0.06309733539819717
-0.03645717725157738
-0.04465910047292709
-0.07109453529119492
-0.07014182209968567
-0.050514258444309235
-0.0487157553434372
-0.024011828005313877
-0.037684909999370575
-0.10206104815006256
-0.024429749697446823
-0.0856102555990219
-0.07625119388103485
-0.07269829511642456
-0.0723920539021492
-0.04219534993171692
-0.03529807925224304
-0.07527109980583192
-0.059867188334465034
-0.06188979744911194
-0.018842078745365143
-0.06785031408071518
-0.08290491998195648
-0.056294143199920654
-0.05880245566368103
-0.05326633155345917
-0.03747214376926422
-0.049160182476043694
-0.038993071764707565
-0.08604869991540909
-0.07172109186649323
-0.04862543940544128
-0.025576286017894745
-0.03961225226521492
-0.06676014512777328
-0.015630099922418594
-0.06284648925065994
-0.06658042967319489
-0.037185460329055786
-0.12592174112796783
-0.07571572810411453
-0.10895662754774092
-0.1021086573600769
-0.06472750008106232
-0.05783911794424057
-0.05100051313638687
-0.049828797578811646
-0.06224028021097183
-0.042717669159173965
-0.014277300797402859
-0.045268580317497246
-0.05894696712493896
-0.06084345281124114
-0.11254093050956726
-0.03599231317639351
-0.10138994455337524
-0.05370301008224487
-0.08146265149116515
-0.01768169179558754
-0.04474955424666405
-0.05871382355690002
-0.07521279156208038
-0.06270469725131989
-0.08047683537006378
-0.03160977736115456
-0.05897325277328491
-0.03490746021270752
-0.05517648160457611
-0.05474087595939636
-0.042089179158210754
-0.0797393321990967
-0.05367499589920044
-0.04276702553033829
-0.048755019903182976
-0.02962830290198326
-0.03667108714580536
-0.06016657501459122
-0.06745035201311111
-0.025034464895725247
-0.03754260390996933
-0.07178366929292679
-0.06002934277057648
-0.03499336168169975
-0.1000315248966217
-0.04744398593902588
-0.024618707597255703
-0.04936166852712631
-0.07161901146173477
-0.06186234951019287
-0.08334220945835114
-0.06531313806772232
-0.03036024421453476
-0.019151702523231503
-0.08497913926839827
-0.03258605673909187
-0.05089759826660156
-0.053155794739723206
-0.038054678589105606
-0.0675487145781517
-0.04752767086029053
-0.04204707220196724
-0.07373722642660142
-0.03732966631650925
-0.07936549931764601
-0.03283918648958206
-0.06344198435544968
-0.04686419665813447
-0.08386155962944031
-0.09785665571689603
-0.0165131539106369
-0.07446165382862091
-0.04254768043756485
-0.03681940585374832
-0.07299534231424332
-0.09461198747158049
-0.07600028812885283
-0.0395662598311901
-0.04076553881168365
-0.10564547777175903
-0.07660835981369017
-0.04945511370897293
-0.09040188789367677
-0.07184335589408875
-0.014407879672944544
-0.05219544470310211
-0.0622633621096611
-0.044823817908763885
-0.05375328660011292
-0.03552994877099991
-0.04997922480106354
-0.06695272028446198
-0.043132297694683075
-0.025415215641260147
-0.06453210860490799
-0.04585475474596024
-0.05016590654850006
-0.07416786253452301
-0.03659352287650108
-0.05397452414035797
-0.094196617603302
-0.03875273466110229
-0.08035679161548615
-0.06232893466949463
-0.059545278549194336
-0.040953442454338074
-0.027193859219551086
-0.08465845137834549
-0.07298122346401215
-0.07100529968738556
-0.10593945533037184
-0.0432903915643692
-0.037666916847229
-0.04106127098202705
-0.04207509011030197
-0.05780404806137085
-0.030720658600330353
-0.059452638030052185
-0.01286484021693468
-0.05257637053728104
-0.08943871408700944
-0.04572596400976181
-0.05522274225950241
-0.09919944405555725
-0.0603119432926178
-0.03782031685113906
-0.07934053242206573
-0.08874905109405516
-0.05536575615406036
-0.077138751745224
-0.03857962414622306
-0.052612558007240295
-0.06698480248451233
-0.052310645580291755
-0.07991839945316313
-0.05625705420970917
-0.056305386126041405
-0.02170669659972191
-0.057438373565673835
-0.07438085228204726
-0.036080945283174515
-0.04267558827996253
-0.06609228998422623
-0.05074171721935272
-0.06497704982757568
-0.06957460939884186
-0.04960732907056808
-0.09221076965332033
-0.06111717224121094
-0.11163337528705596
-0.06657857447862625
-0.05489034205675125
-0.05620762705802917
-0.04900524020195007
-0.06646694242954254
-0.03861825168132781
-0.005352879874408245
-0.015927158296108242
-0.05995777249336243
-0.01993377134203911
-0.03009140491485596
-0.06163393706083298
-0.04875829070806503
-0.04290127754211426
-0.06781676411628723
-0.05704525113105774
-0.07565566152334213
-0.06135736405849457
-0.04377000033855438
-0.05332815647125244
-0.04146979376673698
-0.08865447342395782
-0.11389824748039244
-0.06232084333896637
-0.03482131287455559
-0.03834495693445206
-0.04750319570302963
-0.049743041396141045
-0.04425125569105148
-0.06489300727844238
-0.056395523250103
-0.05845773965120316
-0.06592483818531036
-0.04565811529755592
-0.06149768829345703
-0.04989460110664368
-0.02777281403541565
-0.10040858387947083
-0.04937157779932022
-0.04869835078716278
-0.04556630551815033
-0.04387813434004784
-0.04759597405791283
-0.04055299237370491
-0.04314358532428741
-0.0440487116575241
-0.04833975061774254
-0.07928827404975891
-0.06038608402013779
-0.0903286561369896
-0.09901093691587448
-0.03674770519137383
-0.06529220938682556
-0.04761335626244545
-0.03334563225507736
-0.04774955287575722
-0.0653323084115982
-0.03433246165513992
-0.0799124836921692
-0.04200460016727448
-0.037296462804079056
-0.016814641654491425
-0.05651654303073883
-0.026471149176359177
-0.07690335810184479
-0.06040191650390625
-0.04541144147515297
-0.03242442011833191
-0.05156227946281433
-0.05915432423353195
-0.05598568916320801
-0.05233349651098251
-0.032563969492912286
-0.06305268406867981
-0.06860612332820892
-0.05233281850814819
-0.05554991960525513
-0.028938282281160355
-0.007993803359568119
-0.0820488929748535
-0.041209153831005096
-0.08555471897125244
-0.025780558586120605
-0.0289640948176384
-0.051517806947231286
-0.07215481996536256
-0.07458885759115219
-0.05376055836677551
-0.02859343960881233
-0.05973073840141296
-0.049990005791187286
-0.057314015924930566
-0.04105665534734725
-0.057679928839206696
-0.04983891546726226
-0.02977372705936432
-0.05796294659376144
-0.031934577971696854
-0.07891325652599335
-0.056097954511642456
-0.03865279257297516
-0.054925911128520966
-0.09256976842880248
-0.029734648764133453
-0.0540204793214798
-0.09426379203796385
-0.06164318323135376
-0.03832265734672546
-0.063131183385849
-0.03372956067323685
-0.04510664939880371
-0.007745022885501384
-0.08125846832990646
-0.06574703007936478
-0.03858901560306549
-0.02428188174962997
-0.05608883500099182
-0.06489488482475281
-0.06500256061553955
-0.05589199066162109
-0.0874759778380394
-0.04724887758493424
-0.04390547424554825
-0.042009420692920685
-0.08729013800621031
-0.10426001250743865
-0.049096547067165375
-0.1073646992444992
-0.05319676548242569
-0.08592306077480316
-0.05321156978607178
-0.017736710608005524
-0.05149069428443909
-0.03834584355354309
-0.08619604259729385
-0.050740309059619904
-0.06448739022016525
-0.033236533403396606
-0.038281824439764016
-0.06355427205562592
-0.047091983258724206
-0.04488630965352058
-0.02494054287672043
-0.02978209778666496
-0.08343773335218428
-0.04454772174358368
-0.05412632972002029
-0.03653843700885773
-0.06580394506454468
-0.03435356542468071
-0.027959004044532772
-0.04821304976940155
-0.03708089888095856
-0.051915064454078674
-0.06610594689846039
-0.0431530624628067
-0.0698150098323822
-0.04793033003807068
-0.05708037316799164
-0.04903271794319153
-0.09747681021690369
-0.04183439910411835
-0.04387923330068588
-0.046484723687171936
-0.04081827029585838
-0.06462971866130829
-0.04987752437591553
-0.03139261156320572
-0.03704319894313812
-0.057831987738609314
-0.016148976981639862
-0.03477845340967178
-0.07276109606027603
-0.05470998585224152
-0.06452260911464691
-0.06750760972499847
-0.08316781371831894
-0.0689769759774208
-0.06892357766628265
-0.05953234434127808
-0.0699763372540474
-0.04383409023284912
-8.079688996076583e-05
-0.07478517293930052
-0.05555731058120728
-0.016718897968530655
-0.012865052558481692
-0.07130838930606842
-0.034753769636154175
-0.035603463649749756
-0.07440568506717683
-0.060513757169246674
-0.04446210712194442
-0.08070789277553558
-0.05125522613525391
-0.06961968541145325
-0.046033579856157296
-0.035068538039922714
-0.043938018381595605
-0.06694208085536957
-0.025539111346006397
-0.03246338665485382
-0.06508195400238037
-0.014295817352831364
-0.08520578593015671
-0.0482613630592823
-0.0483522042632103
0.0032974407076835632
-0.04507593810558319
-0.04853574559092522
-0.06410500407218933
-0.06999112665653229
-0.08174723386764526
-0.0703667551279068
-0.02700967341661453
-0.05577221512794495
-0.05579192191362381
-0.05138414353132248
-0.03937363252043724
-0.08965051919221878
-0.043944023549556725
-0.0381464883685112
-0.07837209850549699
-0.09057384729385377
-0.08985552936792372
-0.06234186887741089
-0.03910215198993682
-0.028850659728050232
-0.032866187393665314
-0.09645310789346696
-0.0784478709101677
-0.040753643959760666
-0.07536637783050537
-0.05561131238937378
-0.05219179391860962
-0.062033966183662415
-0.07178691774606705
-0.04368342459201813
-0.07594535499811171
-0.07170754671096802
-0.0682414323091507
-0.015992499887943268
-0.054662935435771935
-0.044675331562757485
-0.056830354034900665
-0.06280313432216644
-0.0827992856502533
-0.02142306789755821
-0.034756243228912354
-0.0607878640294075
-0.011792271398007868
-0.05808447301387786
-0.046323660761117935
-0.05617378652095795
-0.0985920876264572
-0.06187564879655839
-0.03836234658956528
-0.07975524663925171
-0.09204308688640593
-0.04923157393932343
-0.056261181831359856
-0.05012570321559905
-0.07255509495735168
-0.060690030455589294
-0.05991087853908538
-0.03129236400127411
-0.04914006590843201
-0.06473390012979507
-0.04478658735752106
-0.10293050855398178
-0.026012323796749115
-0.06478728353977203
-0.055709607899189
-0.06065356731414794
-0.07236446440219878
-0.09355677664279936
-0.02254635095596313
-0.0818890780210495
-0.06303256750106812
-0.06701499968767166
-0.08797745406627655
-0.0716300830245018
-0.076545313000679
-0.03588055074214935
-0.059263132512569434
-0.08459737896919249
-0.031726423650979996
-0.08200594782829283
-0.05267828702926636
-0.045192427933216095
-0.07209965586662291
-0.037398606538772576
-0.05733323842287064
-0.06696995347738266
-0.05543221533298493
-0.03624394163489342
-0.05028922855854034
-0.028328709304332733
-0.053152114152908325
-0.030782677233219143
-0.03809729591012001
-0.01561341155320406
-0.07732047140598297
-0.06643695384263992
-0.04408257454633713
-0.06037849187850952
-0.01353111770004034
-0.02574899047613144
-0.07675069570541382
-0.060024797916412354
-0.06182079017162322
-0.045864641666412354
-0.031334742903709405
-0.11142201721668243
-0.022826436907052997
-0.0394107922911644
-0.04139082133769989
-0.05576910078525543
-0.07347965985536574
-0.05607844144105911
-0.05531786382198334
-0.06886348873376846
-0.016593690961599347
-0.052305899560451515
-0.056305110454559326
-0.05426356196403504
-0.05047984421253204
-0.04762224480509757
-0.06330802291631699
-0.08300498127937316
-0.04012760147452354
-0.01665164530277252
-0.040286045521497726
-0.03189053386449814
-0.08170062303543091
-0.04714145511388779
-0.04627685993909836
-0.07521626353263856
-0.0572686642408371
-0.04399793967604637
-0.07355323433876036
-0.08898087590932846
-0.07578615844249725
-0.043761353939771645
-0.0969305783510208
-0.03853665664792061
-0.03608860448002815
-0.02468164265155792
-0.035531267523765564
-0.0587933361530304
-0.07759749889373779
-0.04413007944822312
-0.05456981062889099
-0.027547754347324368
-0.08240360021591185
-0.06449617445468903
-0.07222533971071243
-0.06937212496995926
-0.05347955226898193
-0.05153848230838776
-0.06884482502937317
-0.05700637400150299
-0.04304112493991852
-0.06180766969919205
-0.0480981171131134
-0.038724064826965325
-0.03783711045980453
-0.07030956447124481
-0.017347373068332672
-0.054099008440971375
-0.05165813863277435
-0.05528625100851058
-0.010944905690848827
-0.08906073123216629
-0.03613889589905738
-0.06651508808135985
-0.07122036069631577
-0.08222678303718567
-0.0815858244895935
-0.04698037356138229
-0.007629712112247942
-0.0795399993658066
-0.024637050926685333
-0.07440873980522156
-0.06598619371652603
-0.06014376133680344
-1.9500963389873505e-05
-0.04544155299663544
-0.05371744930744171
-0.06697850674390793
-0.05487627536058426
-0.06461940705776215
-0.03474097698926926
-0.06696133315563202
-0.044247552752494805
-0.05102898180484772
-0.03660087659955025
-0.07140994817018509
-0.019790783524513245
-0.06922557204961777
-0.04608605057001114
-0.07193634659051895
-0.06561814248561859
-0.04692700505256653
-0.05069252848625183
-0.07668116688728333
-0.09216870367527008
-0.06317412108182907
-0.04262618348002434
-0.03130012005567551
-0.0739070326089859
-0.07045261561870575
-0.09106364846229552
-0.07489316910505296
-0.05004774034023285
-0.06670866906642914
-0.045867986977100365
-0.02995682507753372
-0.05626755952835083
-0.048218052834272385
-0.034381233155727386
-0.02822495251893997
-0.06902061402797699
-0.011718613095581532
-0.06286099553108215
-0.05786886811256409
-0.0258500836789608
-0.03747548907995224
-0.0388549342751503
-0.07578170299530029
-0.08541809022426605
-0.05203521251678466
-0.04641750082373619
-0.03638488799333572
-0.07464028894901276
-0.05729256570339202
-0.03799530491232872
-0.04498602449893952
-0.06699461489915848
-0.038062889128923416
-0.04991143941879272
-0.09552412480115889
-0.07351621985435484
-0.05989445000886917
-0.0474073588848114
-0.05158141255378723
-0.0651269406080246
-0.063352569937706
-0.04557144641876221
-0.04523878917098045
-0.053192973136901855
-0.054987028241157525
-0.051906317472457886
-0.02627283334732056
-0.026411477476358414
-0.10023730248212814
-0.08487575501203537
-0.06205350160598754
-0.06183895468711853
-0.07663109898567198
-0.02347481623291969
-0.07523627579212189
-0.06256458908319473
-0.021671541035175323
-0.04708649590611458
-0.053714968264102936
-0.06470733135938644
-0.08840581029653549
-0.055478908121585846
-0.013704226352274416
-0.05722513794898986
-0.035033516585826874
-0.07933178544044495
-0.06306100636720657
-0.050317540764808655
-0.03920082002878189
-0.03925879299640656
-0.029232148081064224
-0.0517597496509552
-0.04268002510070801
-0.040250234305858605
-0.06553255021572113
-0.038057468831539154
-0.06654716283082962
-0.0490122064948082
-0.07086654007434845
-0.04319944232702255
-0.06739521026611328
-0.0465056300163269
-0.07154840230941772
-0.030979249626398087
-0.07698889076709747
-0.06382859498262405
-0.05777557194232941
-0.05417200177907944
-0.07751414179801941
-0.0436188206076622
-0.06124946475028992
-0.06898200511932373
-0.03700259700417519
-0.007777043618261814
-0.04404309391975402
-0.03816549479961395
-0.0614120289683342
-0.05206325650215149
-0.06891845166683197
-0.054139666259288795
-0.011200233362615108
-0.04939241707324982
-0.062167763710021966
-0.04498426616191864
-0.06278936564922333
-0.022300470620393757
-0.056514471769332886
-0.04292358458042145
-0.05392913520336151
-0.06306304782629013
-0.03783047199249268
-0.0388815701007843
-0.06306865066289902
-0.09055918455123901
-0.04181453958153725
-0.0632452517747879
-0.029537849128246307
-0.04266215860843658
-0.0548037588596344
-0.06447483599185944
-0.0721466988325119
-0.021616239100694656
-0.07025040686130524
-0.06810054183006287
-0.05591948330402374
-0.058103591203689575
-0.0501713901758194
-0.037804350256919854
-0.0348890945315361
-0.06076274812221527
-0.08737330883741377
-0.0817798376083374
-0.06977836787700653
-0.05173620581626892
-0.046518221497535706
-0.06458944082260132
-0.06373081356287003
-0.06428860127925873
-0.04783682525157928
-0.0642317458987236
-0.030611302703619003
-0.06168775260448456
-0.037607379257678986
-0.04734759405255318
-0.036830376833677285
-0.07774718105792998
-0.04213482141494751
-0.026276014745235443
-0.06267047673463821
-0.08206571638584137
-0.05098310112953185
-0.06776275485754013
-0.04482227563858032
-0.035891082137823105
-0.09182505309581757
-0.04956387728452682
-0.05846332013607025
-0.05926048755645752
-0.06112489849328994
-0.0969514101743698
-0.08765748143196107
-0.028904952108860012
-0.07650426775217056
-0.0521600916981697
-0.07665237039327621
-0.08358483016490936
-0.06738103181123734
-0.09692269563674927
-0.07270459085702896
-0.020256333053112033
-0.01919737085700035
-0.03247883915901184
-0.062294572591781616
-0.0747547596693039
-0.1020434871315956
-0.05841811746358872
-0.044442668557167046
-0.020120531320571896
-0.03334449231624603
-0.0877038910984993
-0.02961723878979683
-0.06401318311691284
-0.05844686925411224
-0.03703171014785767
-0.07176823168992996
-0.05568559467792511
-0.07232853770256041
-0.05610770732164383
-0.050984069705009454
-0.05776494741439819
-0.08856388926506041
-0.05167399346828461
-0.06891234219074249
-0.036002498120069504
-0.06916218250989914
-0.05459150671958923
-0.05552351474761962
-0.0686497762799263
-0.01257969532161951
-0.04202619194984436
-0.02712845057249069
-0.05840175598859786
-0.07825073599815369
-0.0516425371170044
-0.06236125528812408
-0.05549991875886917
-0.03890928253531456
-0.07847107201814651
-0.05123414844274521
-0.05317424237728119
-0.05579954385757446
-0.0480838418006897
-0.03988752886652946
-0.042979277670383446
-0.042145401239395135
-0.03852224349975586
-0.06742437183856964
-0.04638350009918213
-0.03840342536568642
-0.04249501973390579
-0.08449366688728333
-0.09913355857133864
-0.030240841209888455
-0.07843185961246489
-0.02433422952890396
-0.0528564527630806
-0.03876473009586334
-0.07233837246894835
-0.05074596405029297
-0.07345389574766159
-0.07805405557155609
-0.006590359844267368
-0.057027325034141534
-0.05905231088399887
-0.07970177382230759
-0.06376687437295914
-0.07618501782417297
-0.04603759571909904
-0.039401061832904816
-0.054277487099170685
-0.07600131630897523
-0.08805476129055022
-0.09050246328115465
-0.050968870520591736
-0.052808620035648346
-0.08588636666536331
-0.0180814191699028
-0.06672311574220657
-0.05929572880268097
-0.046150874346494675
-0.03952809423208237
-0.05413590371608734
-0.022015012800693512
-0.04966536164283752
-0.05137528479099274
-0.06845998764038086
-0.08515867590904237
-0.03371522203087807
-0.07779102027416229
-0.06709158420562744
-0.06427639722824097
-0.1059691607952118
-0.031840309500694275
-0.055569842457771294
-0.06388591229915619
-0.05470503866672516
-0.05538717657327652
-0.092245914041996
-0.0569583997130394
-0.0686010867357254
-0.03740957751870155
-0.06683096289634705
-0.08402787894010544
-0.08374294638633728
-0.05645103007555008
-0.068392314016819
-0.06715880334377289
-0.038369882851839066
-0.06653384119272232
-0.06718286126852036
-0.03238678723573685
-0.059970490634441376
-0.04011617600917816
-0.03734264150261879
-0.06534603238105774
-0.0553756058216095
-0.05198489129543304
-0.049044325947761536
-0.05884682387113571
-0.03562830388545989
-0.05053290724754333
-0.06206156313419343
-0.038668334484100335
-0.04029664024710655
-0.06351716071367264
-0.056953489780426025
-0.056550510227680206
-0.04869817197322845
-0.06317663192749023
-0.045776061713695526
-0.0404670313000679
-0.06813566386699677
-0.05329451709985733
-0.05901009589433671
-0.047904253005981445
-0.04965147376060486
-0.0545695424079895
-0.035490743815898895
-0.040422648191452026
-0.004386288113892078
-0.0381387323141098
-0.06508895754814148
-0.08135700970888138
-0.06228746473789215
-0.06602639704942703
-0.04829855263233185
-0.06156323850154877
-0.05933229625225067
-0.05481933802366257
-0.052112579345703125
-0.04395771771669388
-0.0565527081489563
-0.09828586131334303
-0.029061608016490936
-0.08219262957572937
-0.0549885556101799
-0.05239149183034897
-0.08561101555824278
-0.04288386553525925
-0.07192516326904297
-0.07136514782905579
-0.06056821346282959
-0.07300372421741484
-0.08447802066802977
-0.07129006087779999
-0.019138116389513012
-0.021512310951948162
-0.06157059222459793
-0.07669534534215926
-0.03541029244661331
-0.059231214225292206
-0.056825734674930566
-0.07097015529870987
-0.0638064295053482
-0.06112457811832428
-0.05813057720661163
-0.032440826296806335
-0.07248614728450774
-0.04746657982468605
-0.06644295156002045
-0.04997453838586807
-0.03899065777659416
-0.08880572766065596
-0.04878876358270645
-0.07565128803253174
-0.05306607484817505
-0.06122225522994995
-0.05670364946126938
-0.09393616020679472
-0.07680516690015791
-0.02945535257458687
-0.029114075005054477
-0.06078585982322693
-0.014063418842852116
-0.057280763983726495
-0.06095811724662781
-0.04499990493059158
-0.06683002412319183
-0.07099247723817825
-0.04142529144883156
-0.031589824706315994
-0.07501938939094542
-0.022673677653074265
-0.026497453451156616
-0.03838111087679863
-0.057757310569286346
-0.05415055155754089
-0.03177574276924133
-0.08740434050559996
-0.05204780399799346
-0.0818166136741638
-0.04307059571146965
-0.06133770942687988
-0.02542008459568024
-0.03722104430198669
-0.034143153578042984
-0.07027508318424225
-0.0496632382273674
-0.06921158730983734
-0.03811626881361008
-0.07114651799201965
-0.05719946324825287
-0.047775164246559136
-0.06851263344287872
-0.013023347593843935
-0.03618789091706276
-0.03478340804576874
-0.05830330401659012
-0.04828651249408722
-0.02863316237926483
-0.05537453293800353
-0.058282941579818726
-0.07021111994981766
-0.03272763639688492
-0.056760720908641815
-0.04317997395992279
-0.03211543336510658
-0.05861504375934601
-0.09741992503404616
-0.03309939056634903
-0.06786185503005981
-0.039274264127016074
-0.057037658989429474
-0.043936237692832954
-0.07607416808605194
-0.07373116910457611
-0.07702043652534483
-0.016530316323041916
-0.06426447629928589
-0.09053464978933334
-0.05761954933404922
-0.05395536124706268
-0.0103266229853034
-0.06525349617004395
-0.04602254927158356
-0.09346571564674376
-0.06060006469488144
-0.08159388601779938
-0.05790924280881882
-0.06535426527261734
-0.07705374062061308
-0.08607661724090576
-0.026971906423568726
-0.01360295433551073
-0.057487048208713525
-0.06952133774757385
-0.07237752526998519
-0.08165857195854187
-0.08748868107795715
-0.04727471992373466
-0.05702083557844161
-0.01565524935722351
-0.04346549138426781
-0.05811262130737305
-0.0708981454372406
-0.06515762954950333
-0.04561435058712959
-0.06732434034347534
-0.024206295609474186
-0.10905755311250687
-0.04602428898215294
-0.050598174333572395
-0.07777338474988937
-0.03158854693174362
-0.04718407616019249
-0.1197350025177002
-0.051390662789344795
-0.05002990365028381
-0.039680570363998406
-0.05836583673954009
-0.044829484075307846
-0.09953719377517699
-0.05697375535964966
-0.07241920381784439
-0.0324859581887722
-0.05922349542379379
-0.08076195418834686
-0.06800150871276855
-0.048436447978019714
-0.014296340756118296
-0.05226115882396697
-0.04484061524271965
-0.06253384053707123
-0.04386519640684128
-0.02054409310221672
-0.04116297885775566
-0.08222302794456483
-0.079116091132164
-0.0848734900355339
-0.06500315666198729
-0.035470906645059586
-0.04237545281648636
-0.04551706835627556
-0.06162822246551514
-0.060720615088939674
-0.06698369234800339
-0.028891801834106445
-0.06995920091867447
-0.007671627216041088
-0.04799041897058487
-0.06693492829799652
-0.053415000438690186
-0.06198695302009583
-0.06850668787956238
-0.09366903454065321
-0.048694372177124016
-0.07342891395092009
-0.05605567991733551
-0.06128399074077606
-0.08532966673374176
-0.08248049020767213
-0.01020659040659666
-0.06162112951278687
-0.05704930424690247
-0.06602463126182556
-0.0706339105963707
-0.06829631328582764
-0.07025815546512604
-0.0383228212594986
-0.08426009118556976
-0.05541977286338806
-0.05302900075912476
-0.023306492716073986
-0.06252647936344147
-0.05111280083656311
-0.04453543573617935
-0.06559912860393524
-0.09385505318641663
-0.04140371084213257
-0.05086717754602432
-0.03344756364822388
-0.05018502473831177
-0.04283803328871727
-0.1221463829278946
-0.08044841140508652
-0.07392826676368713
-0.033909358084201806
-0.060897335410118096
-0.07043561339378357
-0.09063339978456496
-0.07143086194992065
-0.06106714904308319
-0.04868486523628234
-0.027889437973499295
-0.03851573914289474
-0.04190775752067566
-0.04636633023619652
-0.08948773145675659
-0.07836508750915526
-0.06722615659236908
-0.02233977243304253
-0.029034763574600216
-0.05768953263759613
-0.06776925921440125
-0.04357878863811493
-0.08907108753919601
-0.06624701619148254
-0.06196590512990952
-0.08789154142141342
-0.05275511741638184
-0.012557127512991428
-0.024630770087242126
-0.07624946534633635
-0.07130709290504456
-0.055241011083126075
-0.08825449645519257
-0.06022880971431732
-0.032640647143125534
-0.05845675617456436
-0.07579803466796875
-0.04621553793549538
-0.0016212007030844688
-0.04809049889445305
-0.05436640977859497
-0.06520309299230576
-0.04052867740392685
-0.07123799622058868
-0.06782273948192596
-0.05054137855768204
-0.014133372344076632
-0.060553036630153656
-0.04353939741849899
-0.05358459800481796
-0.08276519179344177
-0.09576680511236191
-0.03248457610607147
-0.027565196156501767
-0.04495877772569656
-0.07551860809326173
-0.06983073055744171
-0.045700840651988976
-0.0494992583990097
-0.04663088172674179
-0.0394519567489624
-0.03760518878698349
-0.05865094810724258
-0.08377160131931305
-0.0702625960111618
-0.05670515447854996
-0.07132168114185333
-0.05048160254955292
-0.0910727083683014
-0.08187898993492126
-0.03529859706759453
-0.05432894825935364
-0.04627828672528266
-0.05775265395641327
-0.049036905169487
-0.03822832554578781
-0.07548092305660246
-0.021398298442363736
-0.045017477124929435
-0.09879973530769347
-0.03857723623514176
-0.05829168111085892
-0.023003656417131424
-0.08734141290187836
-0.057254590094089515
-0.07386872172355652
-0.06254540383815765
-0.06325709074735641
-0.05261567234992981
-0.03851451724767685
-0.028335832059383392
-0.04064682498574257
-0.04784012585878372
-0.06346028298139572
-0.08405582606792451
-0.048294149339199066
-0.05687952786684036
-0.06022664904594421
-0.07294450700283049
-0.05646951496601105
-0.05168500542640687
-0.0863373279571533
-0.07214927673339844
-0.07006925344467163
-0.09413861483335496
-0.09144389629364012
-0.1025172621011734
-0.06046050786972046
-0.04875393211841583
-0.027379028499126434
-0.04917127639055252
-0.04980834573507309
-0.044861190021038055
-0.06567800045013428
-0.0723079815506935
-0.04287780821323394
-0.07982847839593886
-0.06584489345550537
-0.07153186202049255
-0.0519435703754425
-0.05982320010662079
-0.06930941343307495
-0.057527199387550354
-0.07972853630781172
-0.07391214370727539
-0.06591221690177917
-0.03206431493163109
-0.050477512180805206
-0.036879755556583405
-0.07595649361610413
-0.0399683490395546
-0.06269911676645279
-0.06512196362018585
-0.0487719252705574
-0.031451400369405746
-0.06360797584056854
-0.05762948095798493
-0.04068639501929283
-0.05476243793964385
-0.011492674238979816
-0.07453601062297821
-0.021145619451999664
-0.02877235412597656
-0.014518712647259235
-0.04212355613708496
-0.08748339116573332
-0.03925328329205513
-0.04283234477043152
-0.07826631516218185
-0.10435567796230316
-0.05691136419773102
-0.06035974621772766
-0.046109803020954125
-0.043922752141952515
-0.05503644794225693
-0.10594592243432999
-0.06586506962776184
-0.05144572257995605
-0.04797964543104172
-0.06385249644517899
-0.06342173367738724
-0.04856923222541809
-0.04605915769934654
-0.05882362276315689
-0.08608242124319075
-0.03244367241859436
-0.09721675515174864
-0.03189763426780701
-0.06954573839902878
-0.05911581963300705
-0.04048959165811539
-0.04393199086189271
-0.07161427289247513
-0.04382719099521637
-0.058501794934272766
-0.029121119529008865
-0.028758060187101364
-0.061209477484226234
-0.07221540808677673
-0.031951770186424255
-0.060216940939426415
-0.06448869407176971
-0.05349209904670715
-0.06455166637897491
-0.05604714155197144
-0.05119355022907257
-0.043834295123815536
-0.06598374247550964
-0.04769446328282356
-0.05067930370569229
-0.04501025378704071
-0.06648381799459457
-0.07093090564012527
-0.023331549018621445
-0.056404195725917816
-0.04433120042085648
-0.07598128914833069
-0.02157836779952049
-0.08533754944801329
-0.09024396538734435
-0.03380061686038971
-0.044739849865436554
-0.06223782151937485
-0.07066255062818527
-0.09555016458034515
-0.003048189915716648
-0.034582536667585366
-0.06647256016731262
-0.06979115307331085
-0.027623698115348812
-0.054468303918838494
-0.031865935772657394
-0.02773656696081161
-0.05083898454904556
-0.0641312226653099
-0.07830915600061417
-0.09305597841739655
-0.055626727640628815
-0.08611077815294266
-0.061929233372211456
-0.05243121087551117
-0.04643264040350913
-0.08878396451473235
-0.03943398594856262
-0.045593682676553726
-0.0484170988202095
-0.07453952729701997
-0.05991742014884949
-0.044871069490909576
-0.03012092411518097
-0.051475584506988525
-0.07817625999450684
-0.06457000970840454
-0.06596432626247406
-0.05456918478012085
-0.07237345725297926
-0.07658940553665161
-0.053904369473457336
-0.05645979940891266
-0.02652273699641228
-0.06517921388149261
-0.07035358250141144
-0.039069995284080505
-0.050987839698791504
-0.09414872527122496
-0.06903605163097382
-0.042638655751943595
-0.02571405842900276
-0.08159247040748595
-0.07223057001829147
-0.06180709600448608
0.0003990856930613518
-0.0714997798204422
-0.08632780611515045
-0.08896636962890625
-0.06102517247200012
-0.12175658345222472
-0.036018531769514084
-0.040537476539611816
-0.08942452073097229
-0.06516963243484497
-0.020249150693416595
-0.06193524599075317
-0.06674136966466904
-0.0795084536075592
-0.02804671972990036
-0.05976838618516921
-0.007340316660702227
-0.06440088152885437
-0.042204879224300385
-0.05366352200508118
-0.031725771725177765
-0.04724881052970886
-0.04060009121894837
-0.06923551857471466
-0.0787171721458435
-0.052094727754592896
-0.04522065073251724
-0.04263759404420853
-0.08281628787517548
-0.01919877901673317
-0.08981283754110336
-0.04017533361911774
-0.08758314698934555
-0.060869358479976654
-0.08489105105400085
-0.05785022675991058
-0.05882927030324936
-0.03650394082069397
-0.03615599125623703
-0.03360597789287567
-0.05744534730911255
-0.07789716869592665
-0.059700652956962585
-0.05339671671390533
-0.05528320372104645
-0.07664690911769867
-0.05640864372253417
-0.045052170753479
-0.05962926149368286
-0.04858947917819023
-0.025261715054512024
-0.06794083118438721
-0.045419715344905846
-0.05428963154554367
-0.05675765872001648
-0.04588296636939049
-0.06700757890939713
-0.04365374892950057
-0.08747535943984985
-0.0387791283428669
-0.04047422483563423
-0.04043157771229744
-0.037422314286232
-0.08869598805904387
-0.07111937552690506
-0.05613643676042557
-0.07209663093090057
-0.050394058227539056
-0.04128120467066765
-0.0281643271446228
-0.04142820090055466
-0.04790748655796051
-0.04878605157136917
-0.0513707622885704
-0.058237724006176
-0.05192059278488159
-0.029588524252176285
-0.054920822381973274
-0.05539298057556152
-0.05146723985671997
-0.04044071584939957
-0.023847080767154694
-0.05751685053110123
-0.016548827290534973
-0.04976268112659454
-0.03448729589581489
-0.03886763751506805
-0.10183046758174896
-0.030917409807443615
-0.0660315454006195
-0.11477252840995789
-0.05114760994911194
-0.057269178330898285
-0.0704248696565628
-0.03204964101314545
-0.05815511941909791
-0.0682625100016594
-0.06283623725175858
-0.05826960504055023
-0.010919808410108088
-0.06043907254934311
-0.05747180432081223
-0.02920965105295181
-0.03395327180624008
-0.03334817290306091
-0.02266611158847809
-0.08143950253725053
-0.08515440672636032
-0.05506718158721924
-0.03159443289041519
-0.07543762028217316
-0.09055666625499725
-0.06071744859218597
-0.06308059394359589
-0.03929092735052109
-0.04396728426218033
-0.09020297229290009
-0.04892755299806594
-0.046529557555913925
-0.04364384338259697
-0.061871863901615136
-0.07863792777061462
-0.06005246937274933
-0.024170562624931332
-0.08283476531505583
-0.057275533676147454
-0.052967026829719537
-0.06472954154014587
-0.0453345850110054
-0.058474570512771606
-0.061432898044586175
-0.09339768439531326
-0.04244093969464302
-0.013634373433887959
-0.09885892271995544
-0.07657551765441895
-0.04232951998710632
-0.07769070565700531
-0.11788704991340636
-0.12275044620037077
-0.03815216198563576
-0.05278605222702026
-0.02426108717918396
-0.06378971040248871
-0.061289720237255096
-0.06981736421585083
0.00024986360222101206
-0.0730893611907959
-0.03994935750961304
-0.036044500768184655
-0.05688302218914032
-0.03555126488208771
-0.06300200521945953
-0.045754238963127136
-0.03466117009520531
-0.0761498212814331
-0.06461130827665329
-0.052948743104934685
-0.05500545352697373
-0.06815537065267563
-0.00298063550144434
-0.09606233239173888
-0.035917315632104874
-0.04048861563205719
-0.05872425436973572
-0.04279574379324913
-0.06467749923467636
-0.05092842876911163
-0.04786832258105279
-0.05576328933238983
-0.03153032064437866
-0.04745582863688469
-0.06140053272247314
-0.05872929096221924
-0.02700094878673553
-0.05643792450428009
-0.0434807650744915
-0.05966734141111374
-0.07057201862335205
-0.06706209480762482
-0.05171212553977966
-0.03605721890926361
-0.054239772260189056
-0.030004587024450306
-0.06608876585960388
-0.06507834792137146
-0.06552068889141083
-0.040496934205293655
-0.05240199714899063
-0.07561543583869934
-0.06401067972183228
-0.019870713353157043
-0.038244713097810745
-0.06665549427270889
-0.052595004439353936
-0.031165182590484616
-0.05906081199645996
-0.04431161284446716
-0.026212818920612332
-0.04121890664100647
-0.05698917061090469
-0.039631918072700494
-0.06568977236747742
-0.0657520592212677
-0.06435052305459976
-0.0453762486577034
-0.04077183082699776
-0.0946722701191902
-0.05190806835889816
-0.04884951561689377
-0.06465721875429153
-0.05725240707397461
-0.023925229907035828
-0.04869813472032546
-0.06659471988677979
-0.040514860302209854
-0.05794481933116913
-0.05600481480360031
-0.06256662309169769
-0.02310370281338692
-0.07904970645904541
-0.04645492881536484
-0.032497696578502655
-0.023979470133781437
-0.053201384842395776
-0.04287098720669746
-0.035706862807273865
-0.0726008266210556
-0.04494652524590492
-0.007814978249371052
-0.04124647378921509
-0.06556522846221924
-0.042445674538612366
-0.07044762372970581
-0.0799054279923439
-0.06060485541820526
-0.10513793677091599
-0.07098995894193649
-0.06435997784137726
-0.05887461453676224
-0.06037472933530808
-0.060518041253089905
-0.034972768276929855
-0.07715844362974167
-0.05360030382871628
-0.04927659034729004
-0.04159105941653252
-0.05925098061561584
-0.06694112718105316
-0.04070882871747017
-0.02163033559918404
-0.03502470627427101
-0.06864993274211884
-0.04111975431442261
-0.048860453069210046
-0.0748324766755104
-0.08379101753234862
-0.05876435339450836
-0.06328267604112625
-0.057628482580184937
-0.057092256844043725
-0.04968686401844025
-0.062414787709712975
-0.04350274056196213
-0.09058919548988342
-0.060613885521888726
-0.07449394464492796
-0.048495814204216
0.006630753166973591
-0.08154650032520294
-0.11771871149539948
-0.05025722086429596
-0.05815873295068741
-0.027810096740722656
-0.054031796753406525
-0.03667772561311722
-0.026477072387933728
-0.0940067321062088
-0.04051564261317253
-0.05591865628957749
-0.058738440275192254
-0.07617062330245972
-0.03716777637600899
-0.05509962886571884
-0.005331401713192463
-0.08417880535125731
-0.07993926852941513
-0.0605895146727562
-0.07890711724758147
-0.024556517601013184
-0.05768263339996338
-0.04213874787092209
-0.04523169249296188
-0.06186756491661072
-0.07302577793598175
-0.09515999257564545
-0.10368751734495162
-0.09070368111133575
-0.06958000361919403
-0.08028724044561386
-0.0868140608072281
-0.03892356902360916
-0.09019722044467926
-0.08207795768976212
-0.08695925772190094
-0.03819512575864792
-0.06908832490444183
-0.051295533776283264
-0.059601061046123505
-0.06957496702671051
-0.06674905121326447
-0.07193378359079361
-0.06853157281875609
-0.049222610890865326
-0.03110523149371147
-0.06427364051342009
-0.05364307016134262
-0.05942877382040024
-0.0757160037755966
-0.04822024703025818
-0.035191603004932404
-0.041444238275289536
-0.07143920660018921
-0.10843374580144882
-0.02413741499185562
-0.052331194281578064
-0.07480126619338989
-0.09881956875324248
-0.0770171657204628
-0.08762617409229279
-0.008647282607853411
-0.08763419836759566
-0.0690217837691307
-0.0926910415291786
-0.07105480879545212
-0.03819228708744049
-0.05930526554584503
-0.032646544277668
-0.08787956833839417
-0.06409847736358643
-0.05885647237300873
-0.033480677753686905
-0.046901721507310874
-0.0470430850982666
-0.04729065299034119
-0.03384476900100708
-0.1012403517961502
-0.05720710754394531
-0.05966825783252716
-0.0795283317565918
-0.018203184008598328
-0.04837987571954727
-0.07959280163049699
-0.07317973673343657
-0.06826349347829819
-0.04033568501472473
-0.08246988058090211
-0.04862467572093009
-0.05534687638282776
-0.05516199022531509
-0.06285038590431213
-0.08227833360433577
-0.04354994744062424
-0.11026418209075928
-0.037020258605480194
-0.05517209321260452
-0.05609053373336792
-0.05507010966539383
-0.06345583498477936
-0.04212091863155365
-0.056213349103927605
-0.003369518555700779
-0.0487624779343605
-0.06810653209686279
-0.041772156953811646
-0.053986452519893646
-0.026527706533670425
-0.06507882475852966
-0.07100081443786621
-0.04646100848913193
-0.057317659258842475
-0.03571545332670212
-0.08488884568214417
-0.04771744459867477
-0.05424191057682037
-0.04868582636117935
-0.01956341415643692
-0.05181309580802917
-0.032974421977996826
-0.08344867825508116
-0.037502843886613846
-0.034327499568462365
-0.07907147705554962
-0.0373866967856884
-0.08599713444709779
-0.020321708172559735
-0.04805666580796242
-0.05553174018859863
-0.04642463475465775
-0.0896531194448471
-0.10443677753210068
-0.10599832981824873
-0.06686263531446457
-0.056712664663791656
-0.07425542920827866
-0.06942351162433624
-0.0453319028019905
-0.08764064311981201
-0.043017756193876266
-0.04186036065220833
-0.05198292434215546
-0.03008916601538658
-0.06553392112255096
-0.07719969749450684
-0.08705702424049377
-0.06042368710041046
-0.037807807326316833
-0.04395827651023865
-0.04914555698633193
-0.0581984743475914
-0.06642190366983414
-0.05669119209051132
-0.03648318350315093
-0.03952164947986602
-0.07010570168495178
-0.05853646993637085
-0.10138646513223648
-0.048888660967350006
-0.06059366464614868
-0.04623741656541824
-0.0505249872803688
-0.07039247453212738
-0.024064041674137115
-0.03952983394265175
-0.05710238218307495
-0.04436074197292328
-0.07796831429004669
-0.04399209842085838
-0.05733393877744675
-0.04276802018284798
-0.07817803323268889
-0.02188677713274956
-0.06617066264152527
-0.1089302897453308
-0.05828078091144562
-0.04778515547513962
-0.03807287663221359
-0.07790836691856384
-0.06324497610330582
-0.049071133136749275
-0.08664581924676894
-0.027990281581878666
-0.038306206464767456
-0.07338545471429823
-0.06908148527145386
-0.07534130662679672
-0.05717140436172485
-0.046201832592487335
-0.07992291450500488
-0.040183436125516885
-0.04295874759554863
-0.09213750064373016
-0.009598067961633204
-0.06503503024578094
-0.02479219436645508
-0.06498357653617859
-0.06611007452011108
-0.051493950188159936
-0.03819578140974045
-0.04562721028923988
-0.0477243959903717
-0.062656931579113
-0.05469983071088791
-0.06946363300085068
-0.08597597479820251
-0.0906267762184143
-0.05954369157552719
-0.04014484584331512
-0.06547445803880692
-0.028137937188148495
-0.02932288497686386
-0.05225527286529541
-0.07537227869033813
-0.04557774215936661
-0.0237630195915699
-0.06041872501373291
-0.01689496263861656
-0.05480298399925232
-0.05493287742137909
-0.06012768298387528
-0.09265399724245071
-0.05307998508214951
-0.07373282313346863
-0.03120098263025284
-0.03688385337591171
-0.062101997435092926
-0.02890056744217873
-0.06238692998886108
-0.043923333287239075
-0.04813223332166672
-0.05564970523118973
-0.03815625235438346
-0.06049811840057373
-0.04424337297677994
-0.03448095545172691
-0.038452066481113434
-0.03701542317867279
-0.052470773458480835
-0.05487903207540512
-0.020537368953228
-0.05747123807668686
-0.022534832358360287
-0.08307047933340073
-0.040012381970882416
-0.055089518427848816
-0.02218008786439896
-0.05532605201005936
-0.04732572287321091
-0.0673537403345108
-0.04838079586625099
-0.04355232045054436
-0.06345738470554352
-0.07697811722755432
-0.07138891518115997
-0.04095935821533203
-0.02344232052564621
-0.04380512237548828
-0.036667350679636
-0.06509868055582047
-0.06456755101680756
-0.04474366456270218
-0.05037803947925568
-0.059568360447883606
-0.04721494764089584
-0.04753093421459197
-0.10434015095233916
-0.0919252038002014
-0.0001508370041847229
-0.06402923166751862
-0.1081651821732521
-0.06009376049041748
-0.046861182898283005
-0.07842859625816345
-0.06737473607063293
-0.0853710025548935
-0.019533902406692505
-0.08226625621318817
-0.07695861905813217
-0.045351054519414895
-0.03883570432662964
-0.06159666180610657
-0.028707467019557953
-0.03844822943210602
-0.08099923282861708
-0.06386001408100128
-0.06846065074205399
-0.08740802109241484
-0.031228121370077133
-0.05319097638130188
-0.02339433506131172
-0.0475800558924675
-0.040400207042694085
-0.055103689432144165
-0.0644180029630661
-0.07469457387924193
-0.06834520399570465
-0.05835340172052384
-0.021762803196907043
-0.06067781150341034
-0.0330558605492115
-0.05391174554824829
-0.003765788860619068
-0.04022303223609924
-0.052337713539600365
-0.06405743211507797
-0.03970661759376526
-0.10153844952583312
-0.06489472091197968
-0.09927672147750854
-0.09086081385612488
-0.06908632069826126
-0.07147201150655745
-0.10789419710636138
-0.06749613583087921
-0.10638654977083206
-0.061733156442642205
-0.042686119675636285
-0.0724916011095047
-0.08683430403470993
-0.029029980301856995
-0.07634194195270537
-0.021823495626449585
-0.05693978816270828
-0.03502334654331207
-0.05792021006345749
-0.053179770708084106
-0.06985078006982803
-0.0719209685921669
-0.07268674671649933
-0.05986151844263077
-0.055379763245582574
-0.08627960085868835
-0.03779441118240357
-0.0630277544260025
-0.03892779722809792
-0.07533246278762817
-0.08658105880022049
-0.04961515218019485
-0.041890412569046014
-0.043736882507801056
-0.02482576295733452
-0.057044684886932366
-0.06028396636247634
-0.023567654192447662
-0.059884756803512566
-0.052927225828170776
-0.06703837215900421
-0.051241859793663025
-0.05638004094362258
-0.06887434422969818
-0.04237937927246094
-0.0545518547296524
-0.04367905482649803
-0.02539435029029846
-0.05446416139602661
-0.05721016228199005
-0.01830139011144638
-0.06186891347169876
-0.06067492812871933
-0.03597855567932129
-0.0754217654466629
-0.03263888880610466
-0.05927012860774994
-0.04435733705759048
-0.04532529413700104
-0.03343692049384117
-0.04217197746038437
-0.0074807247146964065
-0.045709926635026925
-0.05509231984615326
-0.055760711431503296
-0.05770255625247955
-0.05549516528844833
-0.09756418317556381
-0.04937812685966492
-0.04786491394042969
-0.05385270714759827
-0.060390070080757134
-0.0504491701722145
-0.038187939673662186
-0.07548148930072784
-0.054014593362808234
-0.001991366036236286
-0.06407733261585236
-0.0799058824777603
-0.04129762202501297
-0.058918192982673645
-0.039619818329811096
-0.0887322649359703
-0.07947397232055664
-0.0630098283290863
-0.05916352570056915
-0.05839808285236359
-0.009881542064249517
-0.06276825070381165
-0.06454811990261078
-0.11546529829502104
-0.08364337682723999
-0.07640751451253891
-0.0350697860121727
-0.04083411395549774
-0.07136788964271545
-0.05814635753631592
-0.06482076644897461
-0.08154461532831192
-0.06727057695388794
-0.06027403473854065
-0.05446828156709671
-0.06199627369642258
-0.09161368757486343
-0.11155782639980316
-0.03496547415852547
-0.02891487628221512
-0.07515075802803038
-0.0316937118768692
-0.1089390218257904
-0.03940452262759209
-0.08328671008348465
-0.05839579552412033
-0.053628169000148766
-0.050570182502269745
-0.07530415058135985
-0.019373513758182526
-0.060552261769771576
-0.07456779479980467
-0.07654793560504913
-0.00871389079838991
-0.03588148206472397
-0.03338717296719551
-0.06814930588006973
-0.07325316965579985
-0.08027279376983641
-0.03263438865542412
-0.021223079413175583
-0.06063389778137207
-0.055747345089912415
-0.07903051376342773
-0.053129814565181725
-0.025220777839422222
-0.06915103644132614
-0.09115119278430937
-0.0773565024137497
-0.07460448145866394
-0.046436838805675514
-0.07420392334461212
-0.042360913008451455
-0.051733464002609246
-0.04544226452708244
-0.03808503970503807
-0.10198761522769928
-0.062019206583499915
-0.05787861347198486
-0.06237013638019562
-0.05697496980428696
-0.013933383859694004
-0.06483054161071777
-0.038031354546546936
-0.05906231701374053
-0.06554435938596725
-0.07729490101337434
-0.054952919483184814
-0.05486252158880234
-0.04946611076593399
-0.05404847860336304
-0.062316685914993286
-0.05870933830738068
-0.07289744913578033
-0.054421618580818176
-0.05420387536287308
-0.05350904166698456
-0.05244450271129608
-0.05696305632591248
-0.06378108263015747
-0.06425562500953673
-0.07308162748813629
-0.0858364924788475
-0.06345255672931671
-0.05562445521354675
-0.07575494050979614
-0.06741812825202942
-0.056457549333572395
-0.022760629653930664
-0.023894228041172028
-0.06990039348602295
-0.04301686584949493
-0.08259756863117218
-0.03123129904270172
-0.015505091287195683
-0.08267599344253539
-0.042058385908603675
-0.0469316765666008
-0.08665380626916885
-0.026836276054382324
-0.07767412811517715
-0.10026423633098602
-0.03035935014486313
-0.04610295966267586
-0.07631464302539825
-0.044822026044130325
-0.06735840439796448
-0.0633215606212616
-0.013951064087450504
-0.06122995913028717
-0.07068265229463577
-0.02079060673713684
-0.06727472692728043
-0.01288760919123888
-0.05332152545452118
-0.03824588283896446
-0.04070353880524635
-0.07945743948221207
-0.05735944211483002
-0.05713549256324768
-0.0518837571144104
-0.0967939794063568
-0.03369340300559997
-0.035291533917188644
-0.05730292201042175
-0.03733467683196068
-0.05745320022106171
-0.02650059759616852
-0.08272334933280943
-0.026616781949996948
-0.03061910718679428
-0.06524903327226639
-0.050085410475730896
-0.057029381394386285
-0.02514829486608505
-0.07657600194215775
-0.052925489842891686
-0.05153974890708923
-0.07813196629285811
-0.08298900723457336
-0.05173279345035553
-0.08646400272846222
-0.059173844754695885
-0.03897872567176818
-0.08504624664783476
-0.048144087195396416
-0.050266966223716736
-0.03767402097582817
-0.05080617964267731
-0.08901751041412354
-0.06262032687664032
-0.0703628808259964
-0.046963632106781006
-0.05442211776971817
-0.0761278197169304
-0.013837837614119051
-0.025182295590639114
-0.05945774912834168
-0.07621419429779053
-0.045547328889369965
-0.07221484184265135
-0.0520700067281723
-0.057309135794639594
-0.08210554718971251
-0.02814172953367233
-0.05213946849107742
-0.07758027315139769
-0.021630298346281048
-0.07681901007890701
-0.0650029256939888
-0.04408082738518714
-0.04389576613903046
-0.0629112645983696
-0.033315107226371765
-0.035507820546627045
-0.039309479296207435
-0.08808343112468718
-0.05704890936613082
-0.04552934318780899
-0.0339520089328289
-0.06825444847345352
-0.05180276930332184
-0.05517609417438507
-0.029760092496871948
-0.07529428601264954
-0.05356302112340927
-0.06267590820789337
-0.01847495883703232
-0.09320230036973952
-0.06349971890449524
-0.0759604424238205
-0.045404277741909034
-0.0626218318939209
-0.025911685079336166
-0.09175214171409608
-0.06449243426322937
-0.06856222450733185
-0.08146914839744566
-0.08583769202232362
-0.034549470990896225
-0.03569701313972473
-0.07178270816802979
-0.02444741129875183
-0.049625687301158905
-0.02305767312645912
-0.0501505509018898
-0.05452176183462143
-0.1044788584113121
-0.03646406158804893
-0.03815779834985733
-0.046264056116342545
-0.04583095014095306
-0.03623292967677116
-0.05558087676763535
-0.07443562895059586
-0.05824503302574158
-0.08245381712913513
-0.06938247382640839
-0.0918949544429779
-0.10477195680141448
-0.09487899392843246
-0.023990098387002945
-0.10018281638622284
-0.06319177150726318
-0.0441632978618145
-0.02952265366911888
-0.09032905101776124
-0.06357802450656891
-0.017250906676054
-0.03481651842594147
-0.06354936957359314
-0.10682491958141326
-0.013916381634771824
-0.07721126079559326
-0.08993517607450485
-0.08746014535427092
-0.04917657375335693
-0.04829508066177368
-0.04566303640604019
-0.03785311430692673
-0.0021658921614289284
-0.025669895112514492
-0.05485653877258301
-0.012449615634977816
-0.05403427779674529
-0.048368826508522034
-0.04123158007860184
-0.09731535613536833
-0.052670106291770935
-0.030705481767654415
-0.055001944303512566
-0.044614113867282874
-0.04411222785711288
-0.06721615046262741
-0.06299543380737305
-0.09858179092407225
-0.03249950706958771
-0.05406413227319717
-0.09351515024900435
-0.05732983350753784
-0.04008296132087708
-0.06282370537519455
-0.05742561817169189
-0.05678817629814148
-0.04447247833013535
-0.08156762272119522
-0.04612595215439797
-0.020180452615022656
-0.0589321106672287
-0.058426231145858765
-0.05203896760940552
-0.07251843810081483
-0.03814948350191116
-0.06359073519706726
-0.03919140249490738
-0.0725424438714981
-0.05582398921251297
-0.059367291629314416
-0.055200159549713135
-0.10067268460988998
-0.05694810301065445
-0.05332311987876892
-0.05168842524290085
-0.06687548011541367
-0.037566520273685455
-0.07740406692028044
-0.04243211448192597
-0.048637282103300095
-0.03788615018129349
-0.053010493516922
-0.08623120188713074
-0.08079586923122406
-0.039016857743263245
-0.04537190496921539
-0.08622896671295166
-0.0668025016784668
-0.06230342388153076
-0.04404938220977783
-0.03891025483608246
-0.06418955326080322
-0.05530748516321182
-0.033759914338588715
-0.07064573466777802
-0.050112932920455926
-0.05454942584037781
-0.06569689512252808
-0.09066267311573027
-0.048554226756095886
-0.07274390012025833
-0.04658868536353111
-0.08334653079509734
-0.0671079233288765
-0.04869385063648224
-0.04559723287820816
-0.04004896432161331
-0.03328708186745644
-0.07730492949485779
-0.05485326051712036
-0.08147431910037993
-0.059813596308231354
-0.03615955263376236
-0.03051949292421341
-0.04534675553441048
-0.04572053626179695
-0.044311635196208954
-0.06483499705791473
-0.03200271725654602
-0.06926052272319794
-0.09470489621162415
-0.05366687476634979
-0.05809143930673599
-0.04024009034037591
-0.08757904171943665
-0.0819273591041565
-0.04372312128543854
-0.05036388337612152
-0.03751276433467865
-0.05069742351770401
-0.08560225367546082
-0.05767175555229187
-0.08312849700450897
-0.05559336394071578
-0.04755482822656632
-0.04877188056707382
-0.06510807573795319
-0.06504406034946442
-0.06071231514215469
-0.06227406859397888
-0.05623258650302887
-0.05024152249097824
-0.08877861499786377
-0.02966330200433731
-0.061958655714988715
-0.04587930440902709
-0.05134248733520508
-0.028142835944890972
-0.07785373926162718
-0.08947077393531798
-0.08766818046569824
-0.0019730450585484505
-0.03448133543133736
-0.04509475454688072
-0.08655785024166107
-0.08109046518802643
-0.005355856381356716
-0.05720261484384537
-0.029521681368350983
-0.027813825756311417
-0.0710320919752121
-0.042044438421726234
-0.05334679782390594
-0.07716477662324905
-0.023917585611343384
-0.032602421939373016
-0.05423837900161743
-0.07053638994693756
-0.047825448215007775
-0.057646095752716064
-0.057628192007541656
-0.04439277946949005
-0.07389084994792938
-0.004693171940743923
-0.05857698619365692
-0.06670261174440384
-0.0568779781460762
-0.03816740587353706
-0.060123294591903687
-0.08316954970359802
-0.03196476027369499
-0.08495882898569107
-0.054759323596954346
-0.051971502602100365
0.0001474609598517418
-0.05067725479602814
-0.04174941033124924
-0.07146205008029938
-0.05483359098434448
-0.05696578323841095
-0.07082587480545044
-0.07741017639636993
-0.005149432457983494
-0.05696111172437668
-0.04598917439579964
-0.05456974357366562
-0.06462983042001724
-0.020432703197002407
-0.060176178812980645
-0.06972505152225494
-0.03899822384119034
-0.05535461753606796
-0.07810810953378677
-0.05527373403310776
-0.03526349365711212
-0.04691016674041748
-0.025333888828754425
-0.07468190789222717
-0.03649606555700302
-0.059386789798736565
-0.044506732374429696
-0.06228134036064148
-0.03956780582666397
-0.0565086007118225
-0.047991231083869934
-0.09041294455528259
-0.02241985872387886
-0.04200627654790878
-0.04983477294445038
-0.04509466886520386
-0.09044983983039857
-0.053956903517246246
-0.030736364424228668
-0.08188208937644958
-0.03474744036793709
-0.08242876827716827
-0.04808727651834488
-0.060159891843795776
-0.025992814451456066
-0.04733706265687943
-0.04954197257757186
-0.06427252292633057
-0.03152958303689957
-0.04913416504859924
-0.02999299392104149
-0.0867546498775482
-0.06583048403263092
-0.016886495053768154
-0.04626202583312988
-0.044405557215213776
-0.07971642166376115
-0.08027172088623047
-0.06949637830257416
-0.05363690853118896
-0.015615190379321575
-0.05839289724826813
-0.06780903041362761
-0.0010404866188764572
-0.0658065602183342
-0.09377144277095793
-0.057298004627227776
-0.02930555120110512
-0.0679951161146164
-0.04509963095188141
-0.08510249853134155
-0.060035988688468926
-0.05784413218498229
-0.061644181609153754
-0.06607671082019806
-0.03422868996858597
-0.025370899587869644
-0.06737536191940308
-0.05330118536949158
-0.06940767168998718
-0.07588517665863037
-0.04357360303401947
-0.023785904049873352
-0.09022173285484314
-0.05628495663404465
-0.05686629563570023
-0.04945125430822373
-0.06276539713144302
-0.05600777268409729
-0.019360527396202087
-0.050419263541698456
-0.05708222091197968
-0.055209755897521966
-0.05225495994091034
-0.06889013200998306
-0.08097080886363982
-0.05116257816553116
-0.032256271690130234
-0.08454519510269165
-0.08234092593193054
-0.030621297657489777
-0.01806039735674858
-0.06933489441871643
-0.053593873977661126
-0.04731755331158639
-0.057963214814662926
-0.028027933090925217
-0.0647900402545929
-0.038061678409576416
-0.0698995590209961
-0.05984349548816681
-0.07043532282114029
-0.04775793477892876
-0.038539960980415344
-0.07116559892892838
-0.08117373287677764
-0.09102553129196168
-0.04117751866579056
-0.07280015945434569
-0.05008795857429504
-0.044866282492876046
-0.0772356241941452
-0.07821300625801086
-0.04619133472442626
-0.041539408266544335
-0.055287614464759834
-0.020260997116565704
-0.10402622818946838
-0.054885268211364746
-0.08300443738698958
-0.08715352416038513
-0.054933466017246246
-0.10229326039552689
-0.02883500605821609
-0.05402356386184692
-0.07540558278560638
-0.04744524881243706
-0.09854230284690857
-0.06855796277523041
-0.05646705627441406
-0.08003208041191101
-0.0970051735639572
-0.06987468898296356
-0.0103957736864686
-0.08106626570224763
-0.08246687799692155
-0.03564959764480591
-0.0784628540277481
-0.08274926245212555
-0.05539947748184204
-0.08501233160495758
-0.06616055965423584
-0.058173999190330505
-0.04379381611943245
-0.01648947224020958
-0.05258925259113312
-0.046855732798576355
-0.037633616477251046
-0.07167442888021469
-0.033460430800914764
-0.05054529756307602
-0.06955066323280334
-0.03748653829097748
-0.06886711716651917
-0.06652215123176575
-0.035003215074539185
-0.06080399453639984
-0.06671896576881409
-0.036256112158298485
-0.05354106426239014
-0.07504969835281373
-0.08819244056940079
-0.0556122288107872
-0.05301167070865631
-0.07105670869350433
-0.033546172082424164
-0.05811254680156708
-0.03902091830968857
-0.03567979857325554
-0.023601345717906952
-0.02455489337444305
-0.04850039631128311
-0.03991641476750374
-0.06009267270565033
-0.06367848068475723
-0.08770791441202164
-0.03409958630800247
-0.04268927127122879
-0.043606795370578766
-0.06133013963699341
-0.031085651367902756
-0.05067048966884613
-0.059994086623191833
-0.05485394597053528
-0.09406831860542296
-0.06729381531476974
-0.06780344992876053
-0.08815135061740875
-0.040767058730125434
-0.07113515585660934
-0.07712393999099731
-0.05073180049657822
-0.03121265023946762
-0.03666521236300469
-0.09499015659093855
-0.015846960246562954
-0.08999867737293243
-0.06169426441192626
-0.04467618465423584
-0.02504995465278625
-0.045377392321825034
-0.045443624258041375
-0.0681181252002716
-0.05492804944515228
-0.04857993125915527
-0.03356698900461197
-0.0818803459405899
-0.099052295088768
-0.05255716294050217
-0.03282039240002632
-0.056976787745952606
-0.10875846445560455
-0.04737712442874909
-0.04006337374448776
-0.04069976508617401
-0.027916759252548214
-0.06261645257472992
-0.04441606998443604
-0.050173059105873115
-0.05079442262649536
-0.07270534336566925
-0.06653198599815369
-0.05474074184894562
-0.05884692072868347
-0.024622023105621334
-0.07030923664569855
-0.08055713772773743
-0.0676436573266983
-0.040217064321041114
-0.09565379470586775
-0.04065706580877304
-0.09707921743392944
-0.05349940061569214
-0.04747577756643295
-0.06626975536346436
-0.07890826463699341
-0.111342653632164
-0.07677577435970305
-0.030715234577655792
-0.06258885562419891
-0.06797139346599579
-0.07194627076387405
-0.05583197623491287
-0.024507977068424225
-0.06662265211343765
-0.057833194732666016
-0.04362193495035172
-0.05705645680427551
-0.0669030100107193
-0.06854229420423508
-0.06097730994224548
-0.055448353290557854
-0.10473917424678802
-0.01463895197957754
-0.08488785475492477
-0.053866185247898095
-0.07452493906021118
-0.06216336786746978
-0.05017265677452088
-0.022116977721452716
-0.0727333277463913
-0.06052500754594802
-0.06451895833015442
-0.09430183470249176
-0.04942107200622559
-0.03354170173406601
-0.03443938121199608
-0.06165343523025513
-0.04500617831945419
-0.07210281491279602
-0.04572056233882904
-0.03914118185639381
-0.05239873379468918
-0.07828904688358307
-0.03809741139411926
-0.06260763853788376
-0.048227261751890176
-0.07736241072416306
-0.02489855885505676
-0.09292989969253539
-0.09547194838523863
-0.0761771947145462
-0.06433473527431488
-0.028261713683605198
-0.08352696895599365
-0.06621116399765015
-0.0466366857290268
-0.030731506645679477
-0.05524726957082749
-0.05676897615194321
-0.05435499548912048
-0.08914235979318617
-0.022472847253084183
-0.06350388377904892
-0.05963772535324097
-0.012372107245028017
-0.04216958582401276
-0.09899508953094481
-0.020017676055431362
-0.014834885485470293
-0.06010931730270386
-0.017282575368881226
-0.04875770211219788
-0.06759848445653915
-0.0745548829436302
0.0030174935236573215
-0.044460207223892205
-0.03183966875076294
-0.09037889540195464
-0.06332298368215561
-0.03666422888636589
-0.05678027123212814
-0.06062383949756622
-0.08850410580635072
-0.05333718657493591
-0.05547523498535156
-0.050664857029914856
-0.038787342607975006
-0.04237758368253708
-0.056841783225536346
-0.08721806854009628
-0.07010279595851898
-0.04701609909534454
-0.053888313472270966
-0.030716560781002045
-0.07943204045295715
-0.06686414778232574
-0.07854758203029633
-0.03502083942294121
0.0033749332651495934
-0.08289298415184021
-0.028196513652801517
-0.09146864712238312
-0.05099695920944214
-0.052129611372947686
-0.0683940127491951
-0.017090708017349243
-0.03314093500375748
-0.10580165684223176
-0.0522991269826889
-0.0797402113676071
-0.006665310822427273
-0.07006425410509108
-0.05646457523107529
-0.03035186231136322
-0.04259072616696358
-0.05922834575176239
-0.08494825661182404
-0.024361632764339447
-0.05069085955619812
-0.04712744802236557
-0.07080505788326263
-0.06568075716495514
-0.04869623482227325
-0.035599809139966965
-0.07212339341640472
-0.031994014978408813
-0.04737171158194542
-0.059236988425254815
-0.07818478345870972
-0.06787832081317902
-0.03698308020830154
-0.05790860205888748
-0.06528352200984955
-0.07566900551319121
-0.06484153121709824
-0.04570406675338745
-0.06634712964296341
-0.0035007083788514137
-0.06763585656881332
0.023254822939634323
-0.055365800857543945
-0.01211389061063528
-0.033873699605464935
-0.05060022324323654
-0.08009245246648787
-0.03947426378726959
-0.08304180949926376
-0.09169308841228484
-0.02502001821994781
-0.04689013212919235
-0.02276658266782761
-0.04671537131071091
-0.05162994563579559
-0.053649500012397766
-0.0926215574145317
-0.04898497462272644
-0.07306337356567383
-0.03926030173897743
-0.07253952324390411
-0.07569364458322525
-0.0311286561191082
-0.07808154821395874
-0.06747367978096008
-0.023738883435726162
-0.040909722447395325
-0.07745090126991272
-0.08353114873170851
-0.045409765094518655
-0.030877910554409027
-0.04095146432518959
-0.05738089978694916
-0.0720437541604042
-0.03908699005842209
-0.05240307003259658
-0.08646827936172485
-0.06215967237949371
-0.07086087763309479
-0.06581272184848785
-0.08198022842407225
-0.01667678728699684
-0.04681295529007912
-0.034764595329761505
-0.07784830033779144
-0.09366223961114883
-0.0705682784318924
-0.027260571718215942
-0.0945638120174408
-0.0763552188873291
-0.04929698258638381
-0.04106704145669937
-0.0806242898106575
-0.06059049069881439
-0.03550410270690917
-0.03295399248600006
-0.0994291454553604
-0.03857172280550003
-0.0677194744348526
-0.05232643336057663
-0.04830317944288254
-0.053101196885108955
-0.06982243061065674
-0.07506413012742995
-0.03377316892147064
-0.03192887455224991
-0.04509449005126953
-0.03893153369426727
-0.04203469306230545
-0.03217286989092827
-0.07100445032119751
-0.06492171436548233
-0.063416987657547
-0.05207765847444534
-0.06929115206003189
-0.01568983867764473
-0.04118337482213973
-0.061340056359767914
-0.01748443767428398
-0.04316359013319016
-0.07820563018321992
-0.033960223197937005
-0.10159440338611601
-0.03173280507326126
-0.0519007220864296
-0.04683472588658333
-0.0485898107290268
-0.06401441991329193
-0.07132012397050858
-0.08027170598506926
-0.0472610779106617
-0.06711454689502716
-0.026506375521421432
0.004342603497207165
-0.0641370341181755
-0.05552784353494644
-0.07415750622749329
-0.05143261700868607
-0.08719755709171294
-0.027481019496917725
-0.05168333649635314
-0.04993608593940735
-0.10426890850067139
-0.10716290026903152
-0.06187864392995834
-0.06737702339887619
-0.06774312257766724
-0.04234685003757477
-0.07656019926071168
-0.011935417540371418
-0.05681273341178895
-0.06382136046886444
-0.07454316318035124
-0.1072135493159294
-0.08413311094045639
-0.01667245849967003
-0.029363315552473068
-0.05473783612251282
-0.04271181672811508
-0.07646197825670241
-0.0443580374121666
-0.03926460444927216
-0.06385336071252823
-0.0314667671918869
-0.04271615669131279
-0.034993529319763184
-0.05375336110591888
-0.05242136120796204
-0.02740252017974853
-0.06600528955459595
-0.051005586981773376
-0.09057760238647461
-0.05658366531133652
-0.07027049362659454
-0.024453312158584595
-0.06546708941459656
-0.027872722595930096
-0.006408344022929668
-0.052878208458423615
-0.05256776511669159
-0.05374990403652191
-0.05289628356695175
-0.028279725462198257
-0.08547671139240266
-0.0632689967751503
-0.08117359876632689
-0.033009275794029236
-0.06595757603645325
-0.03870590776205063
-0.05449260771274567
-0.0642777681350708
-0.034362878650426865
-0.06665308773517609
-0.0422634445130825
-0.035804226994514465
-0.06040008366107941
-0.02918330952525139
-0.05308413505554199
-0.04467101395130157
-0.06584233045578003
-0.0862554758787155
-0.061378449201583855
-0.053043261170387275
-0.03303692117333412
-0.07237546145915985
-0.0414724126458168
-0.03652031719684601
-0.03434818983078003
-0.06174764782190322
-0.04185594618320465
-0.06689052283763884
-0.031256601214408875
-0.06257978081703186
-0.08481140434741974
-0.08820772171020509
-0.018435865640640255
-0.08164344727993011
-0.0566362738609314
-0.06402688473463057
-0.06061781942844391
-0.013095551170408724
-0.03745902329683304
-0.0438116230070591
-0.03393031656742096
-0.01859135553240776
-0.07921984046697617
-0.07813287526369095
-0.06074292212724686
-0.029834672808647156
-0.0394061654806137
-0.04765713214874268
-0.004675067029893398
-0.08797331154346466
-0.025557164102792736
-0.0751044824719429
-0.0747234970331192
-0.08557723462581633
-0.03825465589761735
-0.06486120074987411
-0.08770769089460373
-0.05123089253902435
-0.022557675838470456
-0.0757576674222946
-0.0539405569434166
-0.0680176317691803
-0.045356057584285736
-0.03677958250045776
-0.07597883045673369
-0.054374411702156074
-0.04930620640516281
-0.025747328996658325
-0.059979289770126336
-0.07673601806163789
-0.09084610641002656
-0.09138991683721542
-0.024749793112277985
-0.054816387593746185
-0.053263485431671136
-0.04869134724140167
-0.034871697425842285
-0.08101490139961241
-0.057031020522117615
-0.044457510113716125
-0.06840425729751587
-0.042172886431217194
-0.07236316800117491
-0.07515585422515869
-0.04415479674935341
-0.07076724618673325
-0.046608909964561455
-0.07680338621139526
-0.030528686940670013
-0.07067673653364182
-0.05290693789720535
-0.06921946257352829
-0.059516116976737976
-0.1017308160662651
-0.058869510889053345
-0.04594561457633972
-0.033727943897247314
-0.03328053653240204
-0.07819594442844391
-0.059475824236869805
-0.06788648664951324
-0.07429113984107971
-0.04993155598640442
-0.06328900158405304
-0.06781794130802155
-0.04426557570695877
-0.02994920313358307
-0.03211493045091629
-0.06940676271915436
-0.04900625348091125
-0.06584081798791885
-0.008113238029181957
-0.07690400630235672
-0.02338269352912903
-0.07920759916305542
-0.06459467113018036
-0.06341188400983809
-0.06351416558027267
-0.03291175514459609
-0.07639627158641814
-0.09318106621503829
-0.06056042015552521
-0.08245619386434555
-0.044961314648389816
-0.04863075911998749
-0.05171627551317215
-0.024914100766181942
-0.04831407964229584
-0.1306459605693817
-0.054627597332000725
-0.05278269946575165
-0.06720650941133499
-0.06894400715827942
-0.022569775581359863
-0.06077656149864197
-0.048615805804729455
-0.07904823124408723
-0.07598811388015747
-0.05889365077018738
-0.05833252519369125
-0.07965905219316481
-0.04298178106546401
-0.05116501450538635
-0.051364652812480927
-0.023949008435010914
-0.0968996286392212
-0.0395677387714386
-0.10025922954082488
-0.06008193641901016
-0.06064729392528534
-0.038698062300682075
-0.02874048054218292
-0.04847376048564911
-0.054837942123413086
-0.046080589294433594
-0.024161718785762783
-0.06822118163108826
-0.05559943616390228
-0.03505420684814453
-0.0478057786822319
-0.037927001714706414
-0.06747958809137344
-0.03741278126835823
-0.05469588190317154
-0.062497645616531365
-0.037823278456926346
-0.03694361448287964
-0.06335049867630005
-0.03480717912316322
-0.05155447870492935
-0.022318512201309204
-0.07537928223609923
-0.05711690336465836
-0.043052200227975845
-0.07661497592926025
-0.062230326235294335
-0.07465095818042755
-0.0567832887172699
-0.04703408479690552
-0.07076495885848999
-0.03891025483608246
-0.05015510320663452
-0.059472404420375824
-0.0629284530878067
-0.10540935397148132
-0.07382071018218994
-0.052827537059783936
-0.073543980717659
-0.0817219540476799
-0.045041028410196304
-0.033189889043569565
-0.04428207129240036
-0.06448816508054733
-0.07243922352790833
-0.06350329518318176
-0.05676084756851196
-0.046349827200174325
-0.06901165097951889
-0.02524144947528839
-0.04718412458896637
-0.054249487817287445
-0.06114833801984786
-0.053865715861320496
-0.04715891182422638
-0.04350010305643082
-0.047150451689958565
-0.08078021556138992
-0.021108161658048626
-0.05204606801271439
-0.019601684063673016
-0.014683512039482592
-0.06792724877595901
-0.09438477456569672
-0.087475448846817
-0.05294962227344513
-0.06597653031349182
-0.06225822865962982
-0.04528418555855751
0.00048210378736257553
-0.07093161344528198
-0.06076622009277344
-0.00518167857080698
-0.06498256325721741
-0.07028444111347198
-0.0438222736120224
-0.03889774531126022
-0.04989892989397049
-0.02241671457886696
-0.07743778824806213
-0.05151429027318954
-0.1420641541481018
-0.05151930451393128
-0.07417397201061247
-0.03108658641576767
-0.06257830560207367
-0.05194281041622162
-0.07559707015752792
-0.06089929491281509
-0.015271698124706743
-0.06431175768375397
-0.04873514175415039
-0.03369724750518799
-0.07798336446285248
-0.08434247970581055
-0.048571527004241936
-0.06564947962760925
-0.04495824500918388
-0.07461795210838316
-0.025395754724740986
-0.048755213618278496
-0.04216257482767105
-0.04918964207172394
-0.09785577654838562
-0.042306050658226006
-0.055205926299095154
-0.056092143058776855
-0.05423849076032639
-0.06385467201471329
-0.09238946437835693
-0.020930521190166477
-0.05433563143014908
-0.07114719599485397
-0.061956360936164856
-0.06101941317319869
-0.007574209012091158
-0.08585713803768158
-0.03299512714147568
-0.05393010377883911
-0.07345129549503326
-0.05707980692386627
-0.0460272803902626
-0.05629970878362656
-0.03278525918722153
-0.04520603269338608
-0.07907131314277649
-0.0719238668680191
-0.04385339841246605
-0.03500402718782425
-0.046367399394512177
-0.045876551419496536
-0.007499608211219311
-0.038016755133867264
-0.06858308613300323
-0.049161478877067566
-0.035900749266147614
-0.07922075688838959
-0.0634138286113739
-0.06066016852855682
-0.0372469499707222
-0.05678465962409973
-0.07312368601560593
-0.0347350612282753
-0.0748607814311981
-0.04670461267232895
-0.033375613391399384
-0.042214669287204735
-0.0520642027258873
-0.05039907991886138
-0.025701992213726044
-0.05926668643951416
-0.06092120707035065
-0.07103799283504486
-0.04918871819972992
-0.03476809710264206
-0.0632026195526123
-0.04167107492685317
-0.14893636107444763
-0.05822201073169708
-0.05440570414066315
-0.04085904359817505
-0.06302980333566666
-0.07354046404361725
-0.03551100939512253
-0.06120297312736511
-0.08226730674505234
-0.07566585391759872
-0.08270992338657379
-0.06545071303844452
-0.02769568562507629
-0.07471227645874022
-0.05724386125802994
-0.06452496349811554
-0.055526502430439
-0.08278393000364302
-0.08477520942687987
-0.032341115176677704
-0.05749759078025818
-0.09595686197280884
-0.04062526673078537
-0.08618508279323578
-0.09561678767204285
-0.05004472285509109
-0.05309276282787322
-0.03517124801874161
-0.08426369726657867
-0.061331838369369514
-0.050696730613708496
-0.07098612189292908
-0.07324539124965668
-0.0035643698647618294
-0.0006067855283617973
-0.03347928822040558
-0.011763743124902248
-0.09477129578590392
-0.015102752484381197
-0.07467299699783325
-0.016916126012802124
-0.04052304849028587
-0.03562767803668976
-0.042537134140729904
-0.06306031346321106
-0.07245270162820816
-0.017021793872117996
-0.03386348858475685
-0.06564535945653915
-0.044411320239305496
-0.04499493911862373
-0.036584824323654175
-0.02622349187731743
-0.032770175486803055
-0.045997686684131615
-0.07944703102111816
-0.07351188361644746
-0.045067548751831055
-0.06183263659477234
-0.041171744465827935
-0.04144367203116417
-0.1004880592226982
-0.05459216982126236
-0.05471871793270111
-0.0664045587182045
-0.0490356981754303
-0.04420458525419235
-0.052448719739913933
-0.05583378672599792
-0.06252157688140869
-0.04863596335053444
-0.04210322350263596
-0.048934929072856896
-0.059508562088012695
-0.051576435565948486
-0.08588050305843353
-0.07182885706424713
-0.07310366630554198
-0.08265671879053117
-0.10184595733880995
-0.04708067700266838
-0.05995561182498932
-0.0700126364827156
-0.05576913058757781
-0.0390685610473156
-0.0684366524219513
-0.06430379301309586
-0.05304592102766037
-0.0665622353553772
-0.055941954255104065
-0.04520801827311516
-0.04674234986305237
-0.07080572098493576
-0.07027272135019302
-0.03517559543251991
-0.06825876235961914
-0.10019817203283309
-0.008985810913145542
-0.08028934895992279
-0.08119604736566542
-0.06885910034179688
-0.0639803484082222
-0.03853209316730499
-0.0765981152653694
-0.025668226182460785
-0.08483044803142548
-0.06585921347141266
-0.04503444582223892
-0.04225653409957886
-0.04563451558351517
-0.05769035965204239
-0.05328118056058884
-0.03629376739263535
-0.04224507510662079
-0.0452096201479435
-0.11225128173828124
-0.04830039292573929
-0.0538160651922226
-0.0166194848716259
-0.06285768747329712
-0.02875639498233795
-0.0819208323955536
-0.04740872979164124
-0.09264899790287018
-0.04828966036438941
-0.04337093979120255
-0.02343597263097763
-0.050317928194999695
-0.09088054299354552
-0.046174433082342155
-0.050882168114185326
-0.07426946610212326
-0.03503619134426117
-0.0369948148727417
-0.07948823273181915
0.010907791554927824
-0.0757036954164505
-0.09542475640773773
-0.08315424621105194
-0.06466414779424667
-0.054770670831203454
-0.06657109409570694
-0.033808894455432885
-0.07335502654314041
-0.08610169589519501
-0.06486555188894272
-0.073698028922081
-0.05708521604537964
-0.07436615973711012
-0.05912747979164124
-0.0739549994468689
-0.0499015673995018
-0.03645388036966324
-0.06864045560359955
-0.057760633528232574
-0.05395828187465668
-0.062260642647743225
-0.056617245078086846
-0.04738669469952583
-0.04642864316701889
-0.03624972701072693
-0.0837691053748131
-0.0122633995488286
-0.08770638704299927
-0.06731921434402466
-0.05992361903190613
-0.04946023225784302
-0.04679720103740692
-0.06251072138547897
-0.0637744814157486
-0.04624845087528229
-0.03127850964665413
-0.02833918109536171
-0.03576769679784775
-0.0473475344479084
-0.04365949332714081
-0.014026190154254436
-0.05525212734937668
-0.030021417886018757
-0.022396162152290344
-0.058387257158756256
-0.04710547626018524
-0.05173415690660477
-0.05482545495033264
-0.0658959150314331
-0.03279146924614906
-0.05297735333442688
-0.05051349848508834
-0.052574701607227325
-0.04227796569466591
-0.016854383051395416
-0.050560615956783295
-0.025682609528303143
-0.10485358536243437
-0.06661885976791382
-0.04325651377439498
-0.064096599817276
-0.06379164755344391
-0.04616197571158409
-0.05711326748132706
-0.048401616513729095
-0.005378930829465388
-0.04124168306589127
-0.04468819499015808
-0.08702708780765533
-0.08925788104534149
-0.06277582049369812
-0.059467025101184845
-0.047152966260910034
-0.039888784289360046
-0.07010984420776367
-0.040189307183027274
-0.04573339968919753
-0.06511309742927551
-0.049954548478126526
-0.038683053106069565
-0.07656345516443251
-0.06075911968946457
-0.03738255798816681
-0.06798409670591353
-0.015267820097506046
-0.0593903511762619
-0.05371079593896866
-0.08053827285766602
-0.0826922357082367
-0.0325973741710186
-0.0564534068107605
-0.08348551392555235
-0.0569932609796524
-0.0201418399810791
-0.07567356526851654
-0.055524498224258416
-0.04478631168603897
-0.05407717078924179
-0.06145723164081573
-0.06047140061855316
-0.04136549308896065
-0.05336721241474152
-0.08420587331056595
-0.036216795444488525
-0.05961319804191589
-0.07573711127042769
-0.06899857521057129
-0.05266366899013519
-0.06465086340904236
-0.04683587700128555
-0.04993511736392975
-0.04000610113143921
-0.029468920081853863
-0.09144905954599379
-0.034855917096138
-0.06522904336452484
-0.06660973280668259
-0.08554347604513168
-0.05473118275403976
-0.058989256620407104
-0.06485079228878021
-0.08390161395072937
-0.0588592141866684
-0.04204611852765083
-0.05794035643339157
-0.05759182572364807
-0.06796947121620178
-0.06040000170469284
-0.08677159994840622
-0.006595396436750889
-0.06367241591215134
-0.052124664187431335
-0.05517728626728058
-0.08108183741569519
-0.04585111513733864
-0.037967242300510406
-0.06890695542097092
-0.0656137615442276
-0.084664486348629
-0.060678765177726746
-0.03579431772232056
-0.04087081179022789
-0.07450973987579346
-0.06215079873800278
-0.053964048624038696
-0.06326185911893845
-0.06289418041706085
-0.059671424329280846
-0.10727781802415848
-0.05498330295085906
-0.06968165189027786
-0.06624697893857956
-0.04508176445960999
-0.08316686749458313
-0.08519983291625977
-0.054633572697639465
-0.07399819791316986
-0.05620912462472916
-0.08305369317531586
-0.06604006141424179
-0.051299028098583214
-0.04519323632121086
-0.05301526188850402
-0.05945885181427001
-0.1210179328918457
-0.0378483384847641
-0.03117094188928604
-0.0554146021604538
-0.030117124319076535
-0.06347070634365082
-0.04423429816961288
-0.08804289996623993
-0.08532443642616272
-0.02648733183741569
-0.06428728997707367
-0.061533957719802856
-0.08906859159469603
-0.0020921649411320686
-0.016462743282318115
-0.06981085985898972
-0.0314972922205925
-0.05675025284290314
-0.03835412859916687
-0.0559079572558403
-0.06863129138946533
-0.0639946460723877
-0.07486152648925781
-0.03339792415499687
-0.06802523881196976
-0.03657366335391998
0.017049401998519897
-0.06882795691490173
-0.07442794740200041
-0.06901078671216965
-0.055483698844909675
-0.0098947761580348
-0.048869743943214417
-0.05425328016281128
-0.03422294929623604
-0.06370294094085693
-0.047889314591884606
-0.05910675972700119
-0.09236972779035568
-0.09155881404876709
-0.05426983535289765
-0.047141268849372864
-0.04099992290139198
-0.04760436713695526
-0.056019604206085205
-0.04570583254098892
-0.027019552886486053
-0.08064994961023329
-0.041293364018201835
-0.06197530031204224
-0.0613325759768486
-0.060978315770626075
-0.09565635770559312
-0.055792458355426795
-0.05386127531528473
-0.01580025628209114
-0.07375033944845198
-0.06733998656272888
-0.08726117014884947
-0.04647655040025711
-0.09496896713972093
-0.09144996106624605
-0.05815809965133666
-0.04921358823776245
-0.08447559177875519
-0.061748340725898736
-0.0817025378346443
-0.06274761259555817
-0.05188119411468506
-0.03297615051269531
-0.07515042275190353
-0.07520247995853424
-0.055815525352954865
-0.09824480116367341
-0.06100493669509888
-0.05580868571996689
-0.047973647713661194
-0.10056537389755248
-0.07195650786161423
-0.03809221833944321
-0.10147245228290556
-0.03726248815655708
-0.10215885937213896
-0.04314358904957771
-0.04987633228302001
-0.018778838217258453
-0.03798171505331993
-0.06642575562000275
-0.022593840956687927
-0.04369214177131653
-0.07139524817466736
-0.06410083174705505
-0.08547534793615341
-0.029608011245727536
-0.04370513185858727
-0.07020355761051178
-0.046289082616567605
-0.039598386734724045
-0.0831693708896637
-0.060172364115715034
-0.052023887634277344
-0.03994744271039962
-0.05151782929897308
-0.06860940903425217
-0.018948353826999664
-0.006162215955555439
-0.07521024346351622
-0.066636823117733
-0.032112203538417816
-0.04069351404905319
-0.012388405390083788
-0.026852712035179135
-0.05601152777671813
-0.047859076410532
-0.06349421292543411
-0.07190832495689392
-0.05677126348018646
-0.05176496505737305
-0.04058864712715149
-0.06140457838773728
-0.06921723484992981
-0.02841293066740036
-0.04096720367670059
-0.07331317663192749
-0.05844008922576904
-0.05420022457838058
-0.09879396110773087
-0.06467090547084808
-0.07264092564582823
-0.08435674011707307
-0.03845224529504776
-0.056711606681346886
-0.08350513130426407
-0.06570586562156677
-0.04614239186048508
-0.04704289510846137
-0.037912286818027496
-0.07840602844953537
-0.07245795428752899
-0.08250809460878371
-0.06294719874858856
-0.004152980633080006
-0.06990211457014084
-0.05981786549091339
-0.08253715187311171
-0.09240655601024628
-0.0675630271434784
-0.07713866978883742
-0.033909618854522705
-0.046264514327049255
-0.051419198513031006
-0.060213379561901086
-0.05629069358110428
-0.09791791439056396
-0.022006519138813015
-0.09188711643218994
-0.05620874464511871
-0.043705880641937256
-0.050071641802787774
-0.05381602048873901
-0.06463956832885742
-0.04132169485092163
-0.06578705459833145
-0.03787052258849144
-0.0605902373790741
-0.033334746956825256
-0.054049715399742126
-0.05424316227436066
-0.06432480365037918
-0.04216619580984116
-0.05893012881278992
-0.03795136883854865
-0.07190051674842833
-0.04385145753622055
-0.05302664637565613
-0.09521680325269699
-0.0411074012517929
-0.08696551620960236
-0.060121551156044006
-0.04252836108207703
-0.08850689232349396
-0.06522591412067413
-0.0472845435142517
-0.09058815240859984
-0.035255223512649536
-0.07560831308364867
-0.05495281517505646
-0.037517350167036057
-0.0962880402803421
-0.06932411342859268
-0.04646818712353706
-0.06101956218481064
-0.033034615218639374
-0.06908068060874939
-0.04982241243124008
-0.04574939981102944
-0.04489900171756744
-0.055229812860488885
-0.055857017636299126
-0.040377382189035416
-0.033736541867256165
-0.07098992168903351
-0.0241144634783268
-0.05968254059553146
-0.0443611517548561
-0.018208306282758713
-0.07316675782203673
-0.08940710127353667
-0.06831349432468414
-0.03428514301776885
-0.06652224063873291
-0.05224737524986267
-0.07002192735671997
-0.0789855420589447
-0.08286353200674057
-0.07611715793609619
-0.11538198590278624
-0.042476970702409744
-0.08586981892585753
-0.07392166554927827
-0.08823589980602264
-0.05481372773647308
-0.0563054159283638
-0.036110736429691315
-0.03300649672746658
-0.07049087435007095
-0.09023484587669373
-0.050813481211662286
-0.01610160619020462
-0.03677482157945633
-0.03668546676635742
-0.06473910808563232
-0.08356572687625885
-0.0666482076048851
-0.09103356301784515
-0.02001955360174179
-0.06640351563692093
-0.05187118053436279
0.028106633573770523
-0.08452634513378142
-0.06752189248800278
-0.04035717621445656
-0.06998556107282639
-0.08266209810972212
-0.052092701196670525
-0.03969322890043259
-0.057899445295333855
-0.11089394241571426
-0.05589856952428818
-0.09625748544931412
-0.06783461570739746
-0.04032695293426514
-0.06008552759885788
-0.024905964732170105
-0.07748316973447798
-0.07452267408370972
-0.07351765781641006
-0.05602036416530609
-0.02650558203458786
-0.035113364458084106
-0.01158741209656
-0.0345553383231163
-0.06963333487510681
-0.052026234567165375
-0.05237505584955216
-0.08177219331264496
-0.0825260952115059
-0.02292906492948532
-0.08953423798084259
-0.0941406711935997
-0.02767709270119667
-0.06835506111383438
-0.08104357123374939
-0.04179376736283302
-0.022567205131053925
-0.05379551649093628
-0.09258772432804109
-0.06294611096382141
-0.08538222312927246
-0.06159123033285141
-0.046143751591444016
-0.055600732564926154
-0.04799281805753708
-0.07940409332513809
-0.0644845962524414
-0.006501541472971439
-0.05754120647907257
-0.042796164751052856
-0.10344433784484865
-0.08999487012624739
-0.06846269220113754
-0.06144391000270844
-0.0626644492149353
-0.07448085397481918
-0.07770359516143799
-0.055602408945560455
-0.05522459745407104
-0.009426842443645
-0.04452529549598694
-0.09024897962808608
-0.08253467082977296
-0.0804813951253891
-0.05914886295795441
-0.0800393521785736
-0.06301352381706238
-0.0441381074488163
-0.06029310822486877
-0.06503545492887497
-0.07381155341863632
-0.06449604034423828
-0.0651538074016571
-0.02757592499256134
-0.0566766932606697
-0.06965520977973938
-0.06984268128871918
-0.06294357776641846
-0.029829952865839005
-0.06110867112874985
-0.025504581630229946
-0.053376182913780205
-0.05296388268470764
-0.031454384326934814
-0.07558426260948181
-0.07900947332382202
-0.02355322241783142
-0.04477989301085472
-0.06983715295791626
-0.04819966107606888
-0.05308503657579421
-0.023871939629316326
-0.01823662221431732
-0.10533831268548964
-0.05938012897968292
-0.03372308984398842
-0.04805738851428032
-0.06271760165691376
-0.05782876908779144
-0.09050935506820679
-0.03000252693891525
-0.06418997049331665
-0.05071055144071578
-0.057993337512016296
-0.0567386969923973
-0.09067727625370024
-0.07301491498947142
-0.07177672535181046
-0.08522598445415498
-0.04900465905666351
-0.061834678053855896
-0.0508388876914978
-0.04762928560376167
-0.059507980942726135
-0.03109864518046379
-0.08023921400308609
-0.02829659357666969
-0.06450806558132172
-0.07095711678266525
-0.04407524317502976
-0.037951383739709854
-0.059740960597991936
-0.07390307635068893
-0.04983432590961456
-0.08244718611240387
-0.05480113625526428
-0.056273415684700005
-0.04284749552607536
-0.09184340387582779
-0.06410982459783554
-0.04465099051594734
-0.1021156460046768
-0.024028077721595764
-0.03830169886350632
-0.031212255358695984
-0.07311815768480302
-0.05373029410839081
-0.03364899009466171
-0.05372883379459381
-0.08530502766370773
-0.02631111070513725
-0.06647703051567078
-0.034729264676570885
-0.033012960106134415
-0.035537492483854294
-0.00730921421200037
-0.07290933281183241
-0.048587307333946235
-0.030622579157352448
-0.028460118919610977
-0.055128633975982666
-0.0519106239080429
-0.06213261932134628
-0.06653035432100296
-0.05811756849288941
-0.030891176313161847
-0.07063467800617218
-0.05899621546268463
-0.03888605907559394
-0.0362306609749794
-0.0947294533252716
-0.05430846661329269
-0.05320081114768982
-0.08206610381603241
-0.0411444753408432
-0.04282248020172119
-0.07109437882900238
-0.07903319597244263
-0.06258939951658249
-0.04788226634263992
-0.08266128599643707
-0.0710216835141182
-0.0070138657465577126
-0.035488467663526535
-0.06394466757774353
-0.04842174053192139
-0.0465611144900322
-0.08667978644371031
-0.06308161467313766
-0.04335976764559746
-0.06293512880802155
-0.0690169706940651
-0.09602968394756317
-0.058745697140693665
-0.07887197285890579
-0.05105368047952652
-0.029932454228401184
-0.04503650963306427
-0.0061221690848469726
-0.024455107748508453
-0.04500763118267059
-0.08884083479642867
-0.049410350620746606
-0.03430456668138504
-0.06873668730258942
-0.08952660858631134
-0.028254166245460514
-0.09606899321079254
-0.06208190321922302
-0.014629171229898928
-0.06488130241632462
-0.07650519907474518
-0.07333948463201523
-0.0662815272808075
-0.05436438322067261
-0.0694771409034729
-0.09430575370788574
-0.05162960290908813
0.003197689540684223
-0.0728721022605896
-0.046140540391206734
-0.057438381016254425
-0.06055881828069687
-0.10509924590587616
-0.054359406232833855
-0.07061633467674255
-0.06672240048646927
-0.027262061834335327
-0.049559645354747765
-0.0901944488286972
-0.049188531935215
-0.041295379400253296
-0.06827081739902496
-0.01664825901389122
-0.024938166141510006
-0.046935375779867165
-0.049742646515369415
-0.04589032381772994
-0.08493468165397645
-0.06913916766643524
-0.04117204248905182
-0.05112811923027039
-0.03935407102108002
-0.045649580657482154
-0.04557932540774345
-0.07048307359218597
-0.0719955712556839
-0.08997053653001785
-0.04203686490654945
-0.06440708041191101
-0.039911482483148575
0.019051941111683846
-0.030278824269771572
-0.06096667051315308
-0.03753822296857834
-0.036584649235010154
-0.031305983662605286
-0.06877419352531433
-0.03856141120195389
-0.04847925901412964
-0.0939519926905632
-0.06445258855819702
-0.07641071081161499
-0.08316652476787566
-0.05235935747623444
-0.04461997374892234
-0.0455736480653286
-0.05028118193149567
-0.01685323938727379
-0.033582303673028946
-0.06111054867506027
-0.09415673464536665
-0.07810744643211363
-0.052559241652488715
-0.045308202505111694
-0.03890018537640572
-0.02632484957575798
-0.02831849455833435
0.001367613673210144
-0.03713108971714973
-0.06934462487697601
-0.038225606083869934
-0.07449708878993987
-0.0633682906627655
-0.048555761575698846
-0.0946093648672104
-0.038967400789260864
-0.06531168520450592
-0.02844199538230896
-0.06844685226678848
-0.05368056893348694
-0.055899977684021
-0.0818905159831047
-0.05477304011583328
-0.04614751040935516
-0.05817852169275284
-0.06014122813940048
-0.052710294723510735
-0.053520984947681434
-0.06425468623638153
-0.04866936802864075
-0.06268429756164551
-0.034021034836769104
-0.054163046181201935
-0.08816006034612654
-0.05371464043855667
-0.04218689352273941
-0.04544270038604736
-0.07006704807281494
-0.05022835731506348
-0.04398903995752335
-0.05879358947277069
-0.06386180222034454
-0.03338214382529259
-0.07874619215726851
-0.03329335153102875
-0.045187894254922874
-0.06834040582180023
-0.06105826795101166
-0.053246088325977325
-0.09466557204723358
-0.035977452993392944
-0.058598853647708886
-0.05370095372200012
-0.05415209382772446
-0.07113710790872574
-0.05042779445648193
-0.016156364232301712
-0.05028723180294037
-0.059050366282463074
-0.06448119878768921
-0.04944023489952088
-0.08767996728420258
-0.055364727973937995
-0.05296356976032257
-0.056153759360313416
-0.02884717285633087
-0.037363551557064056
-0.09933527559041977
-0.08299626410007475
-0.0378287062048912
-0.06910323351621628
-0.026551585644483566
-0.07710500061511993
-0.045953728258609765
-0.056617334485054016
-0.05232037603855133
-0.08371362835168839
-0.0167037695646286
-0.02628541737794876
-0.05634754151105881
-0.029121957719326016
-0.04340880364179611
-0.021038170903921127
-0.04945291578769684
-0.08285047113895416
-0.05704694986343384
-0.04810040816664696
-0.03768346831202507
-0.02896558865904808
-0.06255732476711273
-0.0642223134636879
-0.039361659437417984
-0.09169810265302658
-0.02997921407222748
-0.053741440176963806
-0.025477703660726547
-0.08213494718074799
-0.07551335543394087
-0.08732883632183075
-0.08664026856422424
-0.06825233995914459
-0.0858178362250328
-0.05606648325920105
-0.05561595410108566
-0.0427488274872303
-0.06744019687175751
-0.05730640888214111
-0.021576836705207825
-0.04783326014876366
-0.05038909614086151
-0.012897773645818232
-0.061425916850566864
-0.04705502837896347
-0.02939819172024727
-0.04266173765063286
-0.04541783034801483
-0.07921750843524931
-0.06328902393579483
-0.04972900450229645
-0.05164146423339844
-0.06038086116313934
-0.06452855467796326
-0.05714167654514313
-0.0646509900689125
-0.05671185255050659
-0.052892640233039856
-0.018467992544174194
-0.04562067240476608
-0.058748796582221985
-0.08640281111001968
0.00159631110727787
-0.05781947076320648
-0.06906448304653168
-0.05269137024879456
-0.05100540816783905
-0.05845427513122559
-0.07404227554798126
-0.08642490208148956
-0.037140168249607086
-0.03702183067798615
-0.07717987149953842
-0.06492436677217484
-0.06635843217372894
-0.07926392555236816
-0.05061771720647812
-0.08526036888360977
-0.05907229334115982
-0.10098723322153091
-0.03888676315546036
-0.06885121762752533
-0.07206147909164429
-0.03150693327188492
-0.062088049948215485
-0.04423692449927329
-0.03835270181298256
-0.04309149831533432
-0.03780237585306168
-0.03988237306475639
-0.0662706270813942
-0.05921490490436553
-0.07617922127246857
-0.029990859329700467
-0.050962820649147034
-0.031014688313007355
-0.07130111753940582
-0.05648428201675415
-0.07779354602098465
-0.034639403223991394
-0.006632265634834766
-0.07471583038568495
-0.07562170177698134
-0.08207009732723235
-0.07848070561885834
-0.0404403731226921
-0.05265451222658157
-0.03681974112987518
-0.05196650326251984
-0.06821377575397491
-0.08876568824052809
-0.035566095262765884
-0.04154990240931511
-0.07642529904842375
-0.05763119459152222
-0.04763004928827286
-0.02956849336624145
-0.07000125944614409
-0.07050207257270813
-0.021497517824172974
-0.04197431355714797
-0.03838431090116501
-0.06418213993310928
-0.0702882930636406
-0.07018283754587173
-0.03916772454977036
-0.05561579763889313
-0.01235166285187006
-0.04871263355016708
-0.08838355541229248
-0.04529223591089249
-0.05749180167913437
-0.08134029805660246
-0.04901359230279922
-0.04820369184017181
-0.048805125057697296
-0.1086837202310562
-0.05800916254520416
-0.050800882279872894
-0.053490862250328064
-0.06346728652715683
-0.056403979659080505
-0.06022770702838898
-0.09669429808855055
-0.05510390549898148
-0.030590638518333435
-0.06199634075164794
-0.06982916593551636
-0.03957786411046982
-0.04115519300103188
-0.05494333058595657
-0.06947571039199829
-0.03905376046895981
-0.03541019186377525
-0.0908743366599083
-0.04350930452346802
-0.07790490984916687
-0.04271454364061356
-0.05615740269422531
-0.05895517021417618
-0.046441104263067245
-0.050370410084724426
-0.0581173449754715
-0.059529900550842285
-0.053125530481338494
-0.08414646983146667
-0.04030125960707664
-0.03018020838499069
-0.06942042708396912
-0.058971330523490906
-0.07942052185535432
-0.0439491681754589
-0.041134372353553765
-0.03854932636022568
-0.045409586280584335
-0.04777402803301811
-0.07226850092411041
-0.057034045457839966
-0.07207209616899489
-0.06861577183008194
-0.014701644890010355
-0.0394052304327488
-0.07203193753957748
-0.09411056339740752
-0.058502987027168274
-0.02833619713783264
-0.03492150828242302
-0.09005689620971678
-0.04826252907514572
-0.059782356023788445
-0.05261781066656113
-0.03271929919719696
-0.05843370407819748
-0.09416088461875917
-0.05531428754329681
-0.08258597552776337
-0.11030133068561553
-0.025906212627887722
-0.05885359644889832
-0.0619988888502121
-0.04318033531308174
-0.07911918312311171
-0.04440558329224586
-0.06206299364566802
-0.06773334741592407
-0.030601918697357178
-0.014807348139584064
-0.0500866025686264
-0.07278507947921753
-0.07491229474544525
-0.07014953345060349
-0.037102289497852325
-0.05300935357809066
-0.062348201870918274
-0.03886305168271065
-0.07116758823394775
-0.014870756305754185
-0.03596885874867439
-0.06897430121898651
-0.09780971705913544
-0.06134790182113648
-0.08389528095722198
-0.05514921247959137
-0.10699916630983353
-0.06114715337753296
-0.05247502028942108
-0.03320617228746414
-0.025053076446056362
-0.041111990809440606
-0.04631318524479865
-0.0515916720032692
-0.005820761434733868
-0.07500725984573363
-0.06688880175352097
-0.06014382839202881
-0.08749960362911224
0.008572220802307129
-0.06880228966474533
-0.041085049510002136
-0.04276236891746521
-0.054542332887649536
-0.07216300815343855
-0.11917251348495483
-0.05728603899478912
-0.07125615328550339
-0.0633598268032074
-0.0519123375415802
-0.04006319120526314
-0.0613914430141449
-0.05200955271720886
-0.033572502434253686
-0.0438794419169426
-0.07371607422828673
-0.03575529903173447
-0.08678197860717773
-0.053123980760574334
-0.02587500214576721
-0.091566264629364
-0.04227692633867264
-0.07305026054382323
-0.04682568460702896
-0.04108810052275658
-0.03918729722499848
-0.034636713564395905
-0.06797437369823456
-0.02010862156748772
-0.039629921317100525
-0.06831318885087967
-0.05757921189069748
-0.05802564322948456
-0.048573534935712814
-0.07135485857725143
-0.05078995227813721
-0.08854137361049651
-0.0923146903514862
-0.04767763242125511
-0.05408701300621033
-0.044369090348482125
-0.040403235703706734
-0.04819578677415848
-0.07304708659648894
-0.029783569276332852
-0.04747025668621063
-0.0920884758234024
-0.06824066489934921
-0.07026247680187225
-0.048716068267822266
-0.07054046541452408
-0.03660741448402405
-0.06444326043128967
-0.06019622832536697
-0.07402986288070679
-0.07486706227064131
-0.06609538942575455
-0.06502068787813187
-0.03603845834732056
-0.04460018128156661
-0.03428798168897629
-0.08217602223157881
-0.028392285108566284
-0.05186532437801361
-0.015971746295690536
-0.031221374869346615
-0.06583254039287567
-0.06306200474500656
-0.06640134006738663
-0.05802175402641296
-0.042019009590148926
-0.03212250769138336
-0.05482557415962219
-0.008022441528737545
-0.06866391748189926
-0.053162992000579834
-0.053999006748199456
-0.028821662068367004
-0.05511026829481125
-0.07377079874277113
-0.09090010821819304
-0.10047553479671478
-0.0635930597782135
-0.04749791696667671
7.093232125043869e-05
-0.04229120910167694
-0.05259251594543457
-0.02585289999842644
-0.05595303326845169
-0.07138486951589584
-0.07753990590572357
-0.003157888539135456
-0.06010545045137405
-0.06986837089061737
-0.047818884253501885
-0.08032350242137909
-0.060128897428512566
-0.04890694469213486
-0.07324091345071793
-0.05122203379869461
-0.05232366919517517
-0.0236540287733078
-0.10249663144350052
-0.07549408078193665
-0.06753289699554443
-0.038792084902524955
-0.0633103996515274
-0.09116709232330322
-0.06914681196212769
-0.09166938066482545
-0.04581868648529053
-0.0712500512599945
-0.06286789476871489
-0.06134361773729324
-0.08428559452295302
-0.05541466921567917
-0.06163134425878525
-0.06310524791479111
-0.06038932502269745
-0.08261358737945555
-0.09294809401035309
-0.0581800639629364
-0.01306540798395872
-0.08616609126329422
-0.03810259699821472
-0.0651932954788208
-0.03785466775298119
-0.0875609368085861
-0.014847309328615664
-0.06113620102405548
-0.05134773254394531
-0.06059819459915161
-0.03975284844636917
-0.022203419357538223
-0.023502606898546215
-0.05114392191171646
-0.046708784997463226
-0.016359731554985046
-0.036413494497537606
-0.035489588975906365
-0.07841046154499054
-0.08047351241111755
-0.05929630994796753
-0.026659853756427765
-0.03941549733281136
-0.06381792575120926
-0.0562538281083107
-0.02661195769906044
-0.09510821104049681
-0.07272635400295258
-0.05653601884841919
-0.034643933176994324
-0.09150898456573486
-0.06447409093379974
-0.07728510349988937
-0.0644834041595459
-0.09674493968486785
-0.06293383240699768
-0.07221467792987822
-0.049630455672740936
-0.05277232825756073
-0.08382549881935118
-0.06325693428516388
-0.045433737337589264
-0.016876377165317535
-0.03447769582271576
-0.023943547159433365
-0.056511804461479194
-0.013884288258850574
-0.027862966060638428
-0.0822782590985298
-0.017861291766166687
-0.03359995782375336
-0.07202558219432831
-0.04835432022809982
-0.04530703276395798
-0.08211857080459593
-0.046132393181324005
-0.005255074240267277
-0.04576768726110458
-0.04521087184548377
-0.0605035126209259
-0.08070560544729231
-0.10218723118305206
-0.04557135701179504
-0.07012119144201279
-0.02144850045442581
-0.047551751136779785
-0.031051762402057648
-0.034917309880256646
-0.06081182509660721
-0.05869322270154953
-0.024893902242183685
-0.05022235959768295
-0.0458681657910347
-0.02862793579697609
-0.0742991492152214
-0.09157306700944899
-0.06453973799943924
-0.054166056215763085
-0.06753020733594894
-0.026956588029861447
-0.08270548284053801
-0.08278001844882965
-0.06607156246900558
-0.03304269909858704
-0.07931259274482727
-0.08068534731864929
-0.07166136056184769
-0.0812036320567131
-0.05744916945695877
-0.03003492206335068
-0.08813749998807907
-0.041445903480052955
-0.05471109598875046
-0.065444216132164
-0.0460561104118824
-0.05589060485363007
-0.06098948419094086
-0.06855016946792603
-0.04438365250825881
-0.04679812490940093
-0.05741575360298157
-0.07577428221702574
-0.03927813470363617
-0.06843160837888718
-0.035328950732946396
-0.03587494418025017
-0.08424469828605652
-0.07386403530836105
-0.02435032278299332
-0.037851482629776
-0.03453698009252548
-0.0397091880440712
-0.03580144047737121
-0.07444802671670914
-0.07328668236732483
-0.0672263503074646
-0.05889051407575607
-0.06461217999458313
-0.039635378867387765
-0.049721628427505486
-0.07336938381195068
-0.08203688263893126
-0.10256217420101164
-0.044321373105049126
-0.047067053616046906
-0.06097683310508728
-0.0559815987944603
-0.05680697411298752
-0.050085365772247314
-0.03516390174627304
-0.04541991651058197
-0.07757417857646942
-0.05079834163188934
-0.0424373336136341
-0.060667559504508965
-0.028424300253391262
-0.0555417463183403
-0.054345205426216125
-0.043083876371383674
-0.057730667293071754
-0.04671452194452286
-0.04443290829658508
-0.04132845997810364
-0.042668573558330536
-0.038910429924726486
-0.052378758788108826
-0.068137526512146
-0.04348590224981308
-0.034664928913116455
-0.0654936134815216
-0.03850185498595238
-0.06737492978572845
-0.04830073192715645
-0.08219927549362183
-0.10309601575136185
-0.050772525370121
-0.05290940403938293
-0.03940315544605255
-0.04105892777442932
-0.05498424172401428
-0.04242599755525589
-0.04972213506698608
-0.09597641229629517
-0.07305213809013367
-0.02259904518723488
-0.06561025232076645
-0.04557912796735764
-0.004299947060644627
-0.06755059957504272
-0.056799858808517456
-0.0823771059513092
-0.08156081289052963
-0.05681253969669343
-0.038047075271606445
-0.03309652954339981
-0.04788797348737717
-0.016109660267829895
-0.029475945979356762
-0.09380636364221571
-0.04997576773166656
-0.07765670865774153
-0.0406864508986473
-0.06113775819540024
-0.091094933450222
-0.0845605656504631
-0.09814855456352234
-0.10471183806657793
-0.07450200617313385
-0.04596443474292755
-0.03474308177828789
-0.05046774446964264
-0.06448253989219666
-0.06517185270786285
-0.03507892042398453
-0.05167432874441146
-0.022971604019403458
-0.06706596910953522
-0.05657261610031128
-0.0567968487739563
-0.06856252998113632
-0.05788693577051163
-0.04287534952163696
-0.04576020687818527
-0.060538142919540405
-0.029686179012060165
-0.04476317763328552
-0.07846072316169737
-0.06895476579666138
-0.07976885139942169
-0.056468501687049866
-0.04560960084199905
-0.07423353195190428
-0.05781336128711701
-0.04653766751289368
-0.08802756667137147
-0.08085381239652634
-0.05606554448604584
-0.033966775983572006
-0.039189830422401435
-0.08788480609655379
-0.06361745297908783
-0.06949881464242935
0.007331162691116333
-0.06879691779613495
-0.056027963757514954
-0.06839190423488617
-0.0517500564455986
-0.013824143446981905
-0.0697900727391243
-0.0618579015135765
-0.058263055980205536
-0.035095542669296265
-0.07167565822601318
-0.08259648829698561
-0.0699339210987091
-0.08155385404825209
-0.08762291818857193
-0.0404927171766758
-0.04378661885857582
-0.037578053772449486
-0.07969136536121368
-0.0628448873758316
-0.04816953465342522
-0.03556784242391586
-0.024827998131513596
-0.042842157185077674
-0.026848137378692623
-0.08078309893608093
-0.052957504987716675
-0.0608607679605484
-0.03393422067165375
-0.07982419431209564
-0.06605388224124908
-0.029340200126171112
-0.06908538192510605
-0.06178368628025055
-0.040120974183082574
-0.0672164112329483
-0.03107024356722832
-0.026469070464372635
-0.04634921997785568
-0.039618033915758126
-0.07014969736337662
-0.04316890239715576
-0.0610518604516983
-0.03748361766338348
-0.05550539493560791
-0.06306132674217224
-0.061704620718955994
-0.06425284594297409
-0.027373630553483963
-0.03870236873626709
-0.01920383796095848
-0.05883565545082092
-0.05864156037569047
-0.05868346989154816
-0.05719105899333954
-0.028130345046520237
-0.043328892439603806
-0.054298877716064446
-0.0633411854505539
-0.08740675449371338
-0.0656173899769783
-0.03602823615074158
-0.0823010578751564
-0.031472716480493546
-0.0771639198064804
-0.07358713448047638
-0.08029910922050477
-0.06485860049724579
-0.04106905311346054
-0.058138854801654816
-0.055442467331886285
-0.0798806995153427
-0.00755192432552576
-0.05405576527118682
-0.04147077351808548
-0.05678973346948624
-0.05665835738182068
-0.015591033734381197
-0.05184492468833923
-0.07088553160429001
-0.05094391107559204
-0.06062912195920944
-0.04552755504846573
-0.08818523585796355
-0.04644777625799179
-0.02974585071206093
-0.0766567587852478
-0.10747365653514862
-0.042868420481681824
-0.04929782450199127
-0.030187722295522686
-0.027761299163103104
-0.023335900157690048
-0.044570811092853546
-0.048523031175136566
-0.02085162326693535
-0.026703976094722748
-0.0525909885764122
-0.05135373771190643
-0.06022801995277405
-0.07234128564596176
-0.04141192138195038
-0.05489824712276459
-0.08307152241468428
-0.04888315498828888
-0.045267846435308456
-0.060932897031307214
-0.022017017006874084
-0.10806122422218321
-0.05839360505342484
-0.07132720947265625
-0.047546181827783585
-0.04362901300191879
-0.05411253124475479
-0.06992507725954056
-0.01984543353319168
-0.06938332319259644
-0.0420946516096592
-0.05169329047203064
-0.09837511926889421
-0.03858968988060951
-0.03691042959690093
-0.03562876209616661
-0.0405241921544075
-0.03339847922325134
-0.08340723812580109
-0.01782366633415222
-0.058106690645217896
-0.06355513632297516
-0.05075160413980484
-0.07532599568367004
-0.08198225498199463
-0.07740192860364915
-0.1089671403169632
-0.06971439719200134
-0.03183642029762268
-0.041593436151742935
-0.027504138648509976
-0.09866340458393097
-0.08225513994693757
-0.03573833405971527
-0.004348765127360821
-0.09205792099237442
-0.06817846745252609
-0.0557129979133606
-0.08186116069555281
-0.05990951508283615
-0.03973473981022834
-0.046901047229766846
-0.01789166033267975
-0.07100152969360352
-0.0019319178536534307
-0.07533631473779678
-0.04344700276851655
-0.03949541598558426
-0.05872559547424317
-0.03312632441520691
-0.0671953409910202
-0.06131526827812194
-0.07100944966077805
-0.04065339267253876
-0.04285399615764618
-0.04765161126852036
-0.08197832107543945
-0.0628870353102684
-0.038402732461690896
-0.043821193277835846
-0.07606853544712065
-0.04090692102909088
-0.04237047582864761
-0.07474450021982193
-0.042085334658622735
-0.07199587672948837
-0.09061551094055176
-0.057374194264411926
-0.08106610178947447
-0.02617300301790237
-0.019838511943817135
-0.05727076530456543
-0.03784305602312088
-0.10246427357196808
-0.04247979074716568
-0.03788902610540391
-0.019635725766420364
-0.045573640614748
-0.042690541595220566
-0.07171440124511719
-0.053563304245471954
-0.05331937223672866
-0.03771673142910004
-0.06729769706726074
-0.06265296787023544
-0.026628628373146057
-0.0540640577673912
-0.07165096700191498
-0.045175090432167046
-0.10188010334968566
-0.04411685466766357
-0.05362077057361602
-0.03704754635691642
-0.0641239807009697
-0.054293110966682434
-0.04930192232131959
-0.0794914960861206
-0.05918977409601212
-0.06038364768028259
-0.06002197414636612
-0.05193883925676346
-0.05752188712358475
-0.042389385402202606
-0.05830909311771393
-0.05554237216711044
-0.023706618696451187
-0.04035339504480362
-0.032626312226057046
-0.09161575138568878
-0.09590794146060944
-0.06693984568119049
-0.07091271877288817
-0.09245849400758745
-0.06240598112344742
-0.10975895076990128
-0.04796775057911873
-0.07325194031000137
-0.04374866187572479
-0.10608461499214172
-0.06949172914028168
-0.04396797344088554
-0.10118341445922852
-0.07550495862960814
-0.08041165769100189
-0.05854235589504242
-0.06709252297878265
-0.09070248156785966
-0.05297030508518218
-0.0697193443775177
-0.1100582331418991
-0.0629093199968338
-0.04731830209493637
-0.01854946464300156
-0.053873568773269646
-0.04279172420501709
-0.0667959526181221
-0.04246493428945541
-0.05316238850355148
-0.0937650203704834
-0.046841885894536965
-0.04851661249995232
-0.03543207421898842
-0.053100615739822395
-0.04818081855773926
-0.05283929407596588
-0.02895867079496384
-0.053910255432128906
-0.08271443098783493
-0.09157904982566832
-0.047386698424816125
-0.08694837987422942
-0.07920988649129868
-0.042255088686943054
-0.06454720348119736
-0.08671823143959045
-0.08714951574802399
-0.08597263693809509
-0.08404522389173508
-0.08221767842769623
-0.079698845744133
-0.04109062999486923
-0.03858137130737305
-0.06909395754337311
-0.07675056904554367
-0.04183090478181839
-0.09080921858549118
-0.0588279515504837
-0.03040168806910515
-0.08179796487092973
-0.09059938043355939
-0.05822822451591492
-0.05122777819633484
-0.03245503455400467
-0.03394808620214462
-0.07065127789974213
-0.07505182921886445
-0.07859196513891219
-0.05459149181842804
-0.057991571724414825
-0.08184703439474106
-0.088139109313488
-0.04518115520477295
-0.09220758080482483
-0.06262792646884918
-0.09056680649518967
-0.05451879650354385
-0.04591589421033859
-0.026355471462011337
-0.0499470978975296
-0.0393829420208931
-0.022772226482629776
-0.09787778556346893
-0.0844767391681671
-0.06542955338954926
-0.04680591821670532
-0.04441263899207115
-0.0490940734744072
-0.0648537427186966
-0.016849607229232788
-0.028521254658699036
-0.07755528390407562
-0.06250371038913727
-0.0777808427810669
-0.03370642289519309
-0.04029696062207221
-0.06756601482629776
-0.07955121248960496
-0.009566624648869038
-0.06225833296775818
-0.06320135295391083
-0.08705535531044006
-0.06892048567533493
-0.030775658786296844
-0.08780603110790253
-0.0909619927406311
-0.055996090173721313
-0.05813901871442794
-0.0314285084605217
-0.04861578717827797
-0.05924114584922791
-0.07648874074220657
-0.07053081691265106
-0.06796574592590332
-0.06483115255832672
-0.06469502300024033
-0.08644057810306549
-0.08112017810344696
-0.07255129516124725
-0.05393395572900772
-0.06851877272129059
-0.07513034343719481
-0.03330470621585845
-0.07565110921859741
-0.05509017407894135
-0.053193829953670495
-0.038079660385847085
-0.0313420444726944
-0.06863813847303392
-0.10477928817272186
-0.049182936549186713
-0.06188090890645981
-0.029269535094499588
-0.04151256009936333
-0.030219186097383496
-0.0072292452678084365
-0.04353033378720284
-0.032348424196243286
-0.03625433892011642
-0.04584507644176483
-0.0912766307592392
-0.03388661891222
-0.05252455174922943
-0.03853479027748108
-0.04728501290082932
-0.02955501899123192
-0.07784784585237503
-0.051083296537399285
-0.06900118291378021
-0.04878628998994827
-0.11524102091789244
-0.06440998613834381
-0.06322063505649567
-0.06702207028865814
-0.023828722536563877
-0.04025784134864807
-0.07813736051321028
-0.03885287046432495
-0.11142341792583464
-0.04872418940067291
-0.050394080579280846
-0.05400540679693223
-0.059021346271038055
-0.04775868356227874
-0.07622157782316208
-0.09214665740728377
-0.039517417550086975
-0.057279422879219055
-0.06500247865915297
-0.03928758949041367
0.003015216439962387
-0.05746404081583023
-0.038001857697963715
-0.0319051519036293
-0.05915999412536621
-0.07945410162210464
-0.06892992556095123
-0.05746778845787048
-0.0496225580573082
-0.0315299928188324
-0.10107317566871644
-0.021350175142288208
-0.034934669733047485
-0.07425948232412338
-0.04109078273177146
-0.07142806053161621
-0.08372634649276733
-0.07079245895147324
-0.050250470638275146
-0.0555565357208252
-0.03775399923324585
-0.04608666896820068
-0.09855580329895021
-0.0554586797952652
-0.05833394825458527
-0.02851882576942444
-0.04066076874732971
-0.0476507842540741
-0.06822822242975235
-0.062116295099258416
-0.07593804597854614
-0.09052300453186035
-0.04989981651306152
-0.08405543118715286
-0.07425671070814131
-0.04774939641356468
-0.03747312352061272
-0.0649363175034523
-0.04735909402370453
-0.033987998962402344
-0.09841152280569075
-0.006693028844892979
-0.03788658976554871
-0.05653058737516403
-0.03712291270494461
-0.022730756551027295
-0.04717881977558136
-0.07718440890312195
-0.0547383725643158
-0.0861615091562271
-0.07136568427085876
-0.03419994190335274
-0.07543549686670302
-0.03507850319147109
-0.059906572103500366
-0.04149916023015976
-0.06342241913080215
-0.06896990537643433
-0.05437380075454712
-0.03750419616699218
-0.049378231167793274
-0.07026684284210205
-0.06036713719367981
-0.04623568058013916
-0.07963830977678299
-0.04946669936180115
-0.08913613855838774
-0.056343227624893195
-0.02289288118481636
-0.046251609921455376
-0.03636631742119789
-0.026074979454278942
-0.08092731982469559
-0.01409705262631178
-0.0905364081263542
-0.08259309828281401
-0.03480032458901405
-0.0545356199145317
-0.037349659949541085
-0.04014423862099648
-0.0627392828464508
-0.05144111812114716
-0.0626610517501831
-0.03116578236222267
-0.08272435516119003
-0.09464392066001891
-0.08214044570922852
-0.05350974202156066
-0.021122224628925323
-0.05821637809276581
-0.053522780537605286
-0.040895555168390274
-0.05257568508386612
-0.05596319586038589
-0.03435197472572327
-0.10344727337360382
-0.012461976148188114
-0.04712788015604019
-0.02686387673020363
-0.06751419603824615
-0.06542222201824188
-0.07857123017311096
-0.04102756083011627
-0.027254048734903332
-0.057329900562763214
-0.04428115487098694
-0.051348038017749786
-0.028901435434818268
-0.08151927590370178
-0.04196996614336968
-0.06828431040048599
-0.03006177395582199
-0.07238642871379852
-0.04279567301273345
-0.022130515426397324
-0.08457468450069427
-0.04104645922780037
-0.090293250977993
0.00114505086094141
-0.08427405357360838
-0.019355036318302155
-0.08466749638319014
-0.1091027185320854
-0.030894011259078976
-0.05903644114732742
-0.08336970210075377
-0.0730884373188019
-0.06841820478439331
-0.020150266587734222
-0.04220448434352874
-0.0709800273180008
-0.04299457371234894
-0.06816530227661133
-0.07195247709751129
-0.06222368776798248
-0.04670356586575508
-0.03396676853299141
-0.06139136105775833
-0.06144547462463378
-0.06153779476881027
-0.06090415269136429
-0.031338617205619805
-0.036151669919490814
-0.031959835439920425
-0.06277230381965637
-0.04648115485906601
-0.05731739103794098
-0.05681188404560089
-0.07094965130090714
-0.007737313397228717
-0.053468801081180566
-0.10467474907636642
-0.038234878331422806
-0.046934567391872406
-0.045404277741909034
-0.03985657915472984
-0.044492848217487335
-0.03395923227071762
-0.017655983567237854
-0.06629612296819687
-0.09325142204761504
-0.07368065416812895
-0.054566890001297
-0.046567372977733605
-0.05205198377370834
-0.06065940856933594
-0.0739666223526001
-0.037869952619075775
-0.03665318340063095
-0.09540811181068419
-0.05559498816728592
-0.03658555448055267
-0.0775303840637207
-0.058959782123565674
-0.03741266205906868
-0.06405681371688843
-0.039553575217723846
-0.04760003834962845
-0.01391980517655611
-0.0735476315021515
-0.07679976522922516
-0.05717615783214569
-0.047448113560676575
-0.027452602982521057
-0.05152249336242676
-0.09684665501117705
-0.04652166366577149
-0.04494500905275345
-0.048617839813232415
-0.06462088227272034
-0.05333960056304932
-0.04674316197633743
-0.0697636678814888
-0.04130015522241592
-0.07712526619434355
-0.03938518092036247
-0.01276386622339487
-0.06564744561910629
-0.08727692812681198
-0.03502815216779709
-0.061501502990722656
-0.05179161578416824
-0.10076592862606049
-0.07741765677928925
-0.023134659975767132
-0.05418367683887482
-0.06715570390224457
-0.058748707175254815
-0.08546976000070573
-0.07401986420154572
-0.05072921514511108
-0.06576472520828247
-0.06495310366153717
-0.053771518170833595
-0.04166073352098465
-0.015310448594391344
-0.08099742233753203
-0.0554019957780838
-0.03969168663024902
-0.0412195697426796
-0.029641106724739075
-0.058372460305690765
-0.06230606138706207
-0.06358456611633301
-0.06298230588436127
-0.06512013077735901
-0.04098309576511383
-0.051380455493927
-0.06981095671653748
-0.007310586981475353
-0.05949242413043976
-0.05034743994474411
-0.02009984478354454
-0.04457859322428703
-0.08268386125564574
-0.08100358396768571
-0.03529916703701019
-0.06627307087182999
-0.0023555969819426537
-0.04761138558387756
-0.06188039481639862
-0.06598712503910065
-0.04067976772785186
-0.060879580676555634
-0.042264297604560845
-0.02382541447877884
-0.03898346424102783
-0.07027281075716019
-0.06106101721525192
-0.01058500539511442
-0.04445166513323784
-0.014297188259661196
-0.031344909220933914
-0.03841467201709747
-0.07587721943855284
-0.07771320641040802
-0.06035278737545013
-0.11748753488063812
-0.03333665058016777
-0.05366054177284241
-0.03157626837491989
-0.04937105625867844
0.002283603884279728
-0.04303554818034172
-0.0706741064786911
-0.06707528978586197
-0.03878002613782883
-0.04301640391349792
-0.03679026663303375
-0.07670556753873825
-0.06177504360675812
-0.06631254404783249
-0.05217067897319794
-0.025031220167875286
-0.07019644975662231
-0.05621100962162018
-0.0689786821603775
-0.08666219562292099
-0.015609520487487316
-0.03032668679952621
-0.057636648416519165
-0.04343494772911072
-0.03722206503152847
-0.08704088628292084
-0.04655418172478676
-0.05086217075586319
-0.09466727823019028
-0.048158176243305206
-0.10069786012172698
-0.06133219599723816
-0.05035796016454697
-0.06652459502220154
-0.06363026797771454
-0.050664536654949195
-0.05502434819936752
-0.04674219712615013
-0.08589707314968109
-0.04039950668811798
-0.04863611608743668
-0.05835933983325958
-0.03945713862776756
-0.07701821625232697
-0.04337242990732193
-0.007348720915615559
-0.04207053408026695
-0.02895039319992065
-0.09768925607204436
-0.03947504982352257
-0.06244462728500366
-0.04410449042916298
-0.038659896701574326
-0.07525841891765593
-0.05483740568161011
-0.07663681358098982
-0.06885959208011627
-0.0655757486820221
-0.11084452271461485
-0.0618666186928749
-0.02611495181918144
-0.04995930939912796
-0.05843137204647064
-0.057609662413597114
-0.03913491964340209
-0.05354072153568268
-0.055481746792793274
-0.021339416503906247
-0.030113864690065384
-0.048064842820167535
-0.08367682993412019
-0.08934666216373444
-0.06443995237350464
-0.09878231585025789
-0.07589766383171082
-0.03705711290240288
-0.03604743629693985
-0.05356118083000183
-0.05969610810279846
-0.04963509738445281
-0.05859427899122238
-0.03837766870856285
-0.045934729278087616
-0.05625994503498077
-0.05018991231918335
-0.05577968806028366
-0.04564118385314941
-0.044750265777111047
-0.06922369450330734
-0.03557046875357628
-0.05842339992523193
-0.02426360547542572
-0.042907290160655975
-0.0804612711071968
-0.05523739010095596
-0.06061767786741257
-0.011925979517400265
-0.03416356444358826
-0.059717155992984765
-0.01239591185003519
-0.07036816328763962
-0.01847517490386963
-0.04177723824977874
-0.032746396958827965
-0.07728850841522215
-0.04908183217048645
-0.06232032179832458
-0.06741124391555786
-0.019300825893878937
-0.09707974642515182
-0.054171591997146606
-0.04270331934094429
-0.03222241997718811
-0.05943051725625992
-0.05484899878501892
-0.05900391936302185
-0.08951015025377274
-0.04478071630001068
-0.06577686965465546
-0.0397590808570385
-0.06984172761440277
-0.04594481736421585
-0.02758621796965599
-0.05453503131866455
-0.06715190410614014
-0.013646726496517658
-0.03208441287279129
-0.08009169995784758
-0.03601556271314621
-0.07684116065502167
-0.06841510534286499
-0.05079036206007004
-0.06709916889667511
-0.05853411555290222
-0.079256072640419
-0.04805237054824829
-0.050393573939800256
-0.003205747343599796
-0.08760667592287062
-0.041451044380664825
-0.06114974617958069
-0.02105918899178505
-0.014702570624649525
-0.031274087727069855
-0.052291184663772576
-0.026235289871692657
-0.07550580799579619
-0.03935272991657257
-0.044888518750667565
-0.06450873613357544
-0.05785605311393738
-0.0627385824918747
-0.03703857958316802
-0.037745177745819085
-0.06274306029081345
-0.06553436070680618
-0.047907143831253045
-0.0384732224047184
-0.05871221423149109
-0.05396673083305359
-0.0656091645359993
-0.06806842982769012
-0.055905647575855255
-0.06521245837211609
-0.03738238662481308
-0.060230016708374016
-0.0386490672826767
-0.04240020737051964
-0.04731106013059616
-0.059780433773994446
-0.04047801345586777
-0.03506847098469734
-0.04596240445971489
-0.07404972612857817
-0.03951166197657585
-0.02760552242398262
-0.06467340886592865
-0.033833764493465424
-0.05883128196001053
-0.06883275508880615
-0.058865100145339966
-0.05329364538192749
-0.05401657521724701
-0.04830959066748619
-0.04468522593379021
-0.08178983628749846
-0.06151564419269562
-0.07559345662593842
-0.044765103608369834
-0.08056049048900604
-0.04153363779187202
-0.07799750566482544
-0.06506387889385223
-0.057766839861869805
-0.07148375362157822
-0.04660778492689133
-0.05782323330640793
-0.0254458487033844
-0.06685478985309601
-0.04837944731116295
-0.03992651402950287
-0.05015910416841506
-0.006152472458779812
-0.0626525729894638
-0.062042012810707085
-0.05099082738161087
-0.07696409523487091
-0.03263536095619202
-0.04381643980741501
-0.10124330222606658
-0.08432824909687042
-0.07618288695812225
-0.031800076365470886
-0.04938884824514389
-0.05660924315452576
-0.03998371958732605
-0.06175462901592255
-0.06559714674949646
-0.04316059872508049
-0.029716841876506805
-0.041002918034791946
-0.0626685619354248
-0.05993906408548355
-0.04969596117734909
-0.10554727166891098
-0.0631537064909935
-0.057411566376686096
-0.09445029497146606
-0.05954550206661224
-0.02975662052631378
-0.06157325208187103
-0.06180239468812943
-0.053473412990570075
-0.04602055996656418
-0.05299483984708785
-0.0636688619852066
-0.09179243445396423
-0.09344379603862761
-0.07344946265220642
-0.08315806090831757
-0.05384538322687149
-0.03972378745675087
-0.04657063633203506
-0.0604826956987381
-0.09703952819108963
-0.08652038872241974
-0.10222261399030684
-0.05681648850440979
-0.059533640742301934
-0.06664746254682541
-0.093997523188591
-0.061363764107227325
-0.027289278805255886
-0.09158336371183395
-0.10415871441364288
-0.032813623547554016
-0.05546188354492188
-0.06872513890266417
-0.07704916596412657
-0.046480461955070496
-0.0288742296397686
-0.08447392284870148
-0.05370846390724182
-0.0834321305155754
-0.057039856910705566
-0.04174979031085968
-0.08539079874753952
-0.03508087992668152
-0.07037682831287384
-0.03811065107584
-0.026754572987556458
-0.053165562450885766
-0.048328597098588943
-0.04593364149332047
-0.03550897166132927
-0.07029332965612411
-0.035315632820129395
-0.04099532961845397
-0.05129888653755188
-0.05724690109491348
-0.07369258254766464
-0.08990998566150665
-0.07460018992424011
-0.06827884912490845
-0.059250108897686
-0.06363692134618759
-0.05973289906978607
-0.047209642827510834
-0.048423133790493005
-0.047335900366306305
-0.028976026922464367
-0.04435617849230766
-0.06106340140104294
-0.04353184998035431
-0.015861142426729202
-0.0704846903681755
-0.06922894716262817
-0.060358621180057526
-0.0382203720510006
-0.061346374452114105
-0.06456232070922852
-0.030527237802743912
-0.07976506650447845
-0.011948193423449991
-0.06660997867584229
-0.050869643688201904
-0.05741085857152938
-0.022146482020616528
-0.06319577991962433
-0.029011987149715424
-0.09248140454292296
-0.05783553421497345
-0.06802687793970108
-0.06924103200435638
-0.06885039061307907
-0.045724086463451385
-0.062162041664123535
-0.005251296795904636
-0.0634254664182663
-0.06027346849441528
-0.06336500495672226
-0.0925530046224594
-0.040574122220277786
-0.032737016677856445
-0.030485466122627255
-0.015524529851973057
-0.05934162437915801
-0.04994936287403107
-0.016514666378498077
-0.06641463190317154
-0.031331099569797516
-0.038329511880874634
-0.05208710581064224
-0.04879298061132431
-0.06090416759252548
-0.07771143317222595
-0.053041279315948486
0.00140510406345129
-0.07145795971155167
-0.07384278625249863
-0.06768174469470978
-0.07682196795940398
-0.04265700280666351
-0.06478607654571533
-0.0475291684269905
-0.09713125228881839
-0.07696631550788878
-0.03444730117917061
-0.06646810472011566
-0.055888503789901726
-0.07365791499614716
-0.029081732034683228
-0.06290315091609955
-0.08124350011348723
-0.05577485263347626
-0.04284349083900452
-0.06095615029335021
-0.064534030854702
-0.03853750973939896
-0.049588754773139954
-0.04777725785970688
-0.04619480669498444
-0.0903002917766571
-0.06975053250789641
-0.03404673933982849
-0.05729790031909943
-0.04053647816181183
-0.06838558614253998
-0.07495303452014923
-0.04065818339586258
-0.047252271324396126
-0.0513627603650093
-0.07075837254524231
-0.04347039759159088
-0.05906350165605545
-0.09809580445289613
-0.048523075878620155
-0.12637211382389069
-0.06011605262756348
-0.05712518095970154
-0.08781983703374863
0.0008544558659195901
-0.05753716826438904
-0.08065889030694962
0.021324642002582554
-0.021588951349258423
-0.05394517630338669
-0.02605552971363068
-0.059755191206932075
-0.05400204658508301
-0.049782656133174896
-0.07086287438869476
-0.04447827860713005
-0.056623712182044976
-0.05876443535089493
-0.04357803612947464
-0.07109665870666504
-0.07303059101104736
-0.04266182333230972
-0.03479976952075958
-0.05723044276237488
-0.03806451708078384
-0.0525968074798584
-0.051082909107208245
-0.03531981632113457
-0.08123518526554108
-0.07510942965745926
-0.08482427150011063
-0.06184740364551544
-0.04386555030941963
-0.09680454432964325
-0.05237293243408203
-0.08223864436149597
-0.06375215202569962
-0.0546516478061676
-0.020214118063449856
-0.07202973961830139
-0.05653613805770873
-0.03709781914949417
-0.05110687762498856
-0.032708827406167984
-0.050166621804237366
-0.05333000421524048
-0.05299295485019684
-0.0810687392950058
-0.05986352264881135
-0.03916165977716446
-0.05424535274505615
-0.042074695229530334
-0.06620809435844421
-0.03494523465633392
-0.09385797381401062
-0.0640978217124939
-0.05435047298669815
-0.05912691354751586
-0.06573240458965302
-0.09567351639270782
-0.06972075998783112
-0.060696542263031006
-0.019194334745407104
-0.0959685444831848
-0.054447367787361145
-0.09673519432544707
-0.04163235798478127
-0.06774379312992096
-0.06162332743406296
-0.08119194954633711
-0.06909267604351044
-0.07001069188117981
-0.05501846224069595
-0.09577371180057523
-0.06742213666439056
-0.05732505023479462
-0.06144002825021744
-0.08973434567451477
-0.022939536720514297
-0.044283732771873474
-0.05301515758037567
-0.08868170529603958
-0.07823271304368973
-0.04373763501644135
-0.06436051428318024
-0.012966678477823734
-0.03841930255293846
-0.06220652163028717
-0.04439990967512131
-0.04016423597931862
-0.06328802555799484
-0.08105317503213881
-0.0362493097782135
-0.06299713253974915
-0.07634320110082625
-0.060569994151592255
-0.05150768160820007
-0.049293890595436096
-0.06248968839645386
-0.06806758046150208
-0.020592685788869854
-0.061284139752388
-0.0369078740477562
-0.034352026879787445
-0.10204705595970152
-0.076428085565567
-0.06219958513975144
-0.060943201184272766
-0.02796776592731476
-0.09285148978233336
-0.06584937125444412
-0.06620243191719055
-0.09947876632213593
-0.055739909410476685
-0.02605701982975006
-0.06205528974533081
-0.005553902126848698
-0.044212184846401215
-0.06076909601688385
-0.04093388468027114
-0.05924636870622634
-0.056538671255111694
-0.03474786877632141
-0.06066111475229263
-0.06979553401470184
-0.023569531738758087
-0.04131012782454491
-0.09091536700725555
-0.03815406560897827
-0.0414896234869957
-0.06245069205760956
-0.0946654975414276
-0.06338276714086533
-0.03146424889564514
-0.05372457951307297
-0.06056089699268341
-0.07517965137958527
-0.07254612445831299
-0.04826720803976058
-0.017538294196128845
-0.02108269929885864
-0.046181444078683846
-0.0533357411623001
-0.035695262253284454
-0.04566874355077744
-0.05837147682905197
-0.11184990406036376
-0.08578389883041382
-0.03243648633360863
-0.05785952508449554
-0.07523666322231293
-0.06325066089630127
-0.06531874090433121
-0.04413967952132225
-0.03056816384196281
-0.06892457604408264
-0.038866259157657616
-0.02736018598079681
-0.07341618090867996
-0.07423458993434906
-0.05706335604190826
-0.05487865209579468
-0.03811065852642059
-0.06955745816230774
-0.05673401057720184
-0.0637717917561531
-0.05000603199005127
-0.07828976213932037
-0.027221877127885815
-0.06750202178955078
-0.019847374409437176
-0.04051368311047553
-0.03790244460105896
-0.06538014113903046
-0.06937635689973831
-0.03360215574502945
-0.02086207270622253
-0.0717659443616867
-0.036105021834373474
-0.07885637879371643
-0.03981220722198486
-0.022346820682287216
-0.11706681549549101
-0.06986773014068604
-0.04684414342045784
-0.05550384521484375
-0.10792994499206542
-0.04740115255117416
-0.02518054470419884
-0.041740864515304565
-0.09794453531503677
-0.06726276874542236
-0.06311999261379242
-0.02578490227460861
-0.06160449981689453
-0.06021803617477417
-0.08582471311092375
-0.012332008220255373
-0.10526135563850401
-0.07538028061389923
-0.04926754534244537
-0.034094132483005524
-0.08506924659013747
-0.04235533624887466
-0.07223838567733763
-0.035773158073425286
-0.05076079070568085
-0.06363768875598907
-0.04560767114162445
-0.04526792466640472
-0.04970332980155945
-0.0474536269903183
-0.03186822682619095
-0.09134703874588013
-0.09343595802783966
-0.07142722606658936
-0.10480820387601852
-0.03299382328987121
-0.020866647362709045
-0.047535743564367294
-0.08967080712318419
-0.036469995975494385
-0.06498369574546814
-0.06393536925315857
-0.0635061264038086
-0.05175432562828064
-0.028631385415792465
-0.09298624098300931
-0.04644057899713516
-0.07086633145809174
-0.05031484365463257
-0.06272399425506592
-0.03395606577396393
-0.06611429154872894
-0.05596792697906494
-0.10093550384044649
-0.03549499809741974
-0.06581602245569229
-0.0744669735431671
-0.011444234289228916
-0.08605240285396576
-0.04036061838269234
-0.09319142252206801
-0.017004922032356262
-0.028264887630939484
-0.06583495438098907
-0.03578007593750954
-0.06523896753787993
-0.08739478141069411
-0.08742403984069824
-0.09392470866441727
-0.03736903145909309
-0.06491611897945404
-0.023539051413536072
-0.04385772719979286
-0.05986019223928452
-0.0209030956029892
-0.0887892097234726
-0.05351307988166809
-0.09284637868404387
-0.10392667353153227
-0.0806812196969986
-0.03139980137348175
-0.037636086344718926
-0.06288821250200272
-0.017129141837358475
-0.08724398165941238
-0.07731188088655472
-0.029175445437431332
-0.05739687383174896
-0.046747926622629166
-0.08750364184379578
-0.064223513007164
-0.08662081509828566
-0.03574685379862785
-0.03248220682144165
-0.024945713579654694
-0.04459257796406746
-0.05891474336385727
-0.07702030241489409
-0.05213350057601929
-0.04357295110821724
-0.1039370223879814
-0.09147161245346067
-0.04094119369983673
-0.03950123488903046
-0.09163011610507965
-0.07417518645524977
-0.06207606196403504
-0.020968399941921238
-0.04441444203257561
-0.04333626851439476
-0.07563459873199463
-0.03090771287679672
-0.0488353967666626
-0.02529079094529152
-0.08390270173549651
-0.048310015350580215
-0.04719646275043488
-0.07095140963792801
-0.07803145051002502
-0.05070878565311432
-0.020383067429065704
-0.015957046300172802
-0.025154951959848404
-0.052268028259277344
-0.04743486270308495
-0.053100615739822395
-0.049840018153190606
-0.019386596977710724
-0.05522524565458298
-0.06333900988101959
-0.05654790997505188
-0.08500099182128906
-0.04127359017729759
-0.05968213081359863
-0.0552258938550949
-0.08178605139255524
-0.06870540976524353
-0.05249613523483276
-0.0308217853307724
-0.059293873608112335
-0.05864869058132172
-0.06708531081676483
-0.031746409833431244
-0.09756819903850557
-0.06096072494983673
-0.06693260371685028
-0.08915908634662627
-0.06041335314512253
-0.05787280201911926
-0.03446948528289795
-0.09601666778326033
-0.05218960344791412
-0.08383021503686905
-0.044900186359882355
-0.05309374630451202
-0.04148966446518897
-0.06320849806070328
-0.04142288863658905
-0.07466191798448561
-0.06419267505407333
-0.007014197297394276
-0.060667268931865685
-0.0459299124777317
-0.05256949365139008
-0.03453785926103592
-0.07484027743339537
-0.03132018446922302
-0.015820689499378204
-0.04410802200436592
-0.02455342561006546
-0.06042838096618652
-0.09190435707569121
-0.08140477538108826
-0.057523712515830994
-0.07572712004184723
-0.052626825869083405
-0.034689243882894516
-0.06831176578998566
-0.071884885430336
-0.050631359219551086
-0.0797179341316223
-0.04921664297580719
-0.05113786458969116
-0.04526088386774063
-0.027542844414711
-0.035495080053806305
-0.06673188507556915
-0.05477958917617798
-0.09091095626354216
-0.05798128992319107
-0.03644564002752304
-0.05479805171489716
-0.07248051464557646
-0.08780164271593094
-0.06146551668643952
-0.04711226373910904
-0.06729096174240112
-0.02337430417537689
-0.050900138914585114
-0.07037976384162903
-0.04518162459135056
-0.02865230292081833
-0.09955727308988573
-0.04579899832606316
-0.08969920873641966
-0.07582104206085205
-0.05423179268836975
-0.05263762176036835
-0.08645497262477873
-0.04811432957649231
-0.02678365632891655
-0.03551224619150162
-0.04583024978637695
-0.05909097194671631
-0.07231213152408598
-0.048672959208488464
-0.04766696318984032
-0.08769134432077408
-0.04950785636901856
-0.05085146427154541
-0.0711137130856514
-0.0527721643447876
-0.09064340591430664
-0.03541260212659836
-0.03648657351732255
-0.0746801421046257
-0.05693967640399933
-0.057437792420387275
-0.03644488751888275
-0.07052459567785263
-0.09672199934720992
-0.046741899102926254
-0.07035578787326813
-0.04084666818380356
-0.07378194481134415
-0.05459018796682358
-0.12657836079597473
-0.03196970373392105
-0.06611797213554382
-0.041590943932533264
-0.05531045794487
-0.03756284341216087
-0.05054239183664322
-0.05113223195075989
-0.03626121208071709
-0.02389029413461685
-0.00313625019043684
-0.05436863005161285
-0.042312510311603546
-0.031253889203071594
-0.05888591706752777
-0.07744196057319641
-0.058051958680152886
-0.06702323257923126
-0.052726417779922485
-0.07440775632858275
-0.052576526999473565
-0.023327708244323727
-0.0641665905714035
-0.06735029816627502
-0.07897017151117325
-0.029815930873155597
-0.04194390773773193
-0.017803199589252472
-0.04343097656965256
-0.045418795198202126
0.0231061615049839
-0.07573491334915161
-0.05758792161941528
-0.034116894006729126
-0.05023221671581268
-0.03340227156877518
-0.04136388003826141
-0.07732062041759491
-0.08046746253967285
-0.02914050966501236
-0.02913454920053482
-0.053069859743118286
-0.03526891767978668
-0.022774845361709595
-0.044460684061050415
-0.0406225100159645
-0.05075480043888092
-0.06266812980175017
-0.07080572843551636
-0.062446258962154395
-0.05852213501930237
-0.07433737069368361
-0.03421596437692642
-0.054936513304710395
-0.054834440350532525
-0.0504513680934906
-0.04979736357927322
-0.08262991160154343
-0.012672879733145235
-0.06418342888355255
-0.09403662383556366
-0.10818737745285034
-0.04359879344701767
-0.019429408013820648
-0.02611550316214561
-0.07066463679075241
-0.00513454619795084
-0.08761552721261978
-0.06370363384485245
-0.03231320157647133
-0.014193964190781116
-0.05984829366207122
-0.02459120750427246
-0.04733414947986602
-0.0663275346159935
-0.059306174516677856
-0.056179508566856384
-0.0987635999917984
-0.08242025971412657
-0.056957460939884186
-0.05465736985206604
-0.06401610374450684
-0.033326487988233566
-0.05245091021060944
-0.03378729894757271
-0.03251095116138458
-0.05800946801900864
-0.041471820324659354
-0.043338481336832047
-0.047388456761837006
-0.053489990532398224
-0.07151050865650177
-0.0883718803524971
-0.0723043903708458
-0.05430307239294052
-0.06496131420135498
-0.03693913295865058
-0.08487837016582489
-0.05972124636173248
-0.04530608281493186
-0.05326169729232788
-0.024079903960227966
-0.04762903228402138
-0.07631102949380873
-0.05546313524246216
-0.07870548963546753
-0.027955461293458935
-0.0431818887591362
-0.05088779330253601
-0.05484996736049652
-0.09142418205738068
-0.08745395392179489
-0.0400823950767517
-0.04565806314349175
-0.06977488100528717
-0.044860385358333595
-0.04067740961909294
-0.03576771169900894
-0.05192132294178009
-0.054573595523834235
-0.08155490458011627
-0.06470824778079987
-0.051664210855960846
-0.03917235136032104
-0.04207972437143326
-0.04324943944811821
-0.06735332310199738
-0.054707214236259454
-0.07812198996543884
-0.03280378878116608
-0.008287553675472736
-0.06755468994379044
-0.030520197004079815
-0.039370421320199966
-0.05827666074037552
-0.04139605537056922
-0.05934713035821915
-0.016934525221586227
-0.061590351164340966
-0.0508846789598465
-0.012383298017084599
-0.06840167939662933
-0.05997966974973679
-0.04228954017162322
-0.06066018342971802
-0.08902449160814285
-0.06108520179986954
-0.01927514374256134
-0.03605272993445397
-0.05549159646034241
-0.07829754799604416
-0.048885546624660485
-0.06258745491504669
-0.06356531381607056
-0.03666741773486137
-0.04664692282676697
-0.0908530578017235
-0.04573415219783783
-0.05198550969362258
-0.044143855571746826
-0.05648169666528702
-0.044728823006153114
-0.03657861053943633
-0.06862896680831909
-0.0538799911737442
-0.07052474468946457
-0.03778047487139702
-0.06496533751487732
-0.0688028410077095
-0.058321475982666016
-0.053516335785388953
-0.09935802221298216
-0.0517503023147583
-0.07107733935117722
-0.03821632638573647
-0.07644450664520262
-0.06069977581501007
-0.05350537598133087
-0.08379620313644409
-0.062088340520858765
-0.08196553587913513
-0.03774110600352287
-0.06511688232421875
-0.04124253243207932
-0.05255533009767532
-0.06184706091880798
-0.07032548636198044
-0.08098176121711731
-0.08789666742086409
-0.03454278036952019
-0.07714053988456726
-0.06504683196544647
-0.053800009191036224
-0.0595669150352478
-0.0744808167219162
-0.03996817395091057
-0.06376709043979645
-0.0715264156460762
-0.06435912847518921
-0.03862407803535461
-0.09178884327411652
-0.06478576362133026
-0.062308013439178474
-0.07703244686126709
-0.04853936657309532
-0.037124574184417725
-0.03870297595858574
-0.08644951879978181
-0.07883013784885406
-0.003896859474480152
-0.07126474380493164
-0.025768980383872982
-0.04217879474163056
-0.03953543305397034
-0.052122630178928375
-0.056304514408111565
-0.06550107151269913
-0.07370380312204361
-0.06863714754581451
-0.06636355817317963
-0.06579746305942535
-0.040070705115795135
-0.05516804754734039
-0.06939873099327087
-0.06698146462440491
-0.018988870084285736
-0.0813029110431671
-0.056789547204971313
-0.07512181997299193
-0.02154193073511124
-0.10079819709062576
-0.06948687136173248
-0.014165270142257212
-0.05939369648694992
-0.026710323989391327
-0.04379721358418465
-0.04075491428375244
-0.0752933993935585
-0.05067785829305649
-0.07630170881748198
-0.05357332527637482
-0.08516304939985275
-0.03160399943590164
-0.0551820695400238
-0.04393636435270309
-0.009338377974927424
-0.047486789524555206
-0.0440666452050209
-0.03875891864299774
-0.08721058070659637
-0.04859673231840134
-0.05373857170343399
-0.005453349091112614
-0.08394082635641098
-0.08500463515520096
-0.07454100996255873
-0.07967154681682585
-0.04607362672686577
-0.0027978243306279182
-0.06806967407464981
-0.08628319948911667
-0.05015283823013306
-0.06634467840194702
-0.028699699789285656
-0.09167812019586563
-0.0694507509469986
-0.047448001801967614
-0.047535426914691925
-0.032511234283447266
-0.09883806854486464
-0.05096478760242462
-0.031338028609752655
-0.05043867975473404
-0.04903507232666016
-0.06557369977235794
-0.064174123108387
-0.053426824510097504
-0.08924403041601181
-0.04640690237283707
-0.07978331297636032
-0.06444688141345978
-0.06933912634849548
-0.04246202483773232
-0.06198415905237198
-0.01692287251353264
-0.04933212697505951
-0.03973129764199257
-0.05670809745788574
-0.08629883825778961
-0.049074038863182075
-0.03169206529855728
-0.08284471929073332
-0.089457668364048
-0.08821220695972441
-0.062382131814956665
-0.03353266045451164
-0.04958191514015198
-0.06768526136875153
-0.0647960677742958
-0.05239945650100708
-0.05716969072818756
-0.0730575919151306
-0.03955120593309402
-0.0541565865278244
-0.057040177285671234
-0.06218484789133072
-0.08507917821407318
-0.035758890211582184
-0.03286130353808403
-0.05693512409925461
-0.04639257490634918
-0.07039609551429749
-0.011974454857409
-0.03336866945028305
-0.04259342700242996
-0.0938383862376213
-0.06899555027484894
-0.05099339783191681
-0.07830311357975006
-0.023541308939456936
-0.0516614094376564
-0.03858743607997894
-0.07031418383121489
-0.05976880341768265
-0.03048902004957199
-0.04907238483428955
-0.09274175018072128
-0.047523386776447296
-0.052776142954826355
-0.03417995199561119
-0.005475965328514576
-0.06273017823696136
-0.04908277094364166
-0.09648817777633667
-0.06750135868787766
-0.06174924224615097
-0.05167040973901749
-0.07653377950191498
-0.04363015294075012
-0.04981827735900879
-0.03468744829297066
-0.05960604548454285
-0.0738750770688057
-0.06882886588573456
-0.0578104630112648
-0.04560379683971405
-0.052327804267406464
-0.07973460853099824
-0.04475844651460648
-0.023695845156908035
-0.03419950604438782
-0.0612216666340828
-0.038718439638614655
-0.08888083696365356
-0.04938232898712158
-0.0502934530377388
-0.05055420100688934
-0.0967652127146721
-0.020276594907045364
-0.08245393633842467
-0.032970309257507324
-0.05100120604038239
-0.06760220229625702
-0.0004429230466485024
-0.07557500898838043
-0.030225239694118496
-0.03555751591920853
-0.057222962379455566
-0.04044038057327271
-0.05589400976896287
-0.06259132921695709
-0.0503992736339569
-0.014871382154524326
-0.05603945255279541
-0.08120743930339813
-0.013970484025776386
-0.07826265692710876
-0.024402610957622528
-0.04678740352392197
-0.08305295556783676
-0.06344366818666458
-0.07786047458648682
-0.07079821825027466
-0.08410850912332535
-0.04485258832573891
-0.03573157638311386
-0.07148529589176178
-0.08108612149953842
-0.017980966717004776
-0.0764266699552536
-0.04992777109146118
-0.06591185927391052
-0.06437234580516815
-0.06429740786552429
-0.0498414933681488
-0.009049800224602222
-0.07645037770271301
-0.04397611320018768
-0.043787721544504166
-0.03794332593679428
-0.018659010529518127
-0.05798488855361938
-0.0817684531211853
-0.08082589507102966
-0.03544573858380318
-0.06231935322284698
-0.06389042735099792
-0.07405471801757811
-0.04707910865545273
-0.053012266755104065
-0.042965486645698554
-0.06150298565626144
-0.10301679372787476
-0.07470163702964783
-0.07728230953216551
-0.03491576761007309
-0.04254896566271782
-0.05289752036333084
-0.06124560534954071
-0.048336733132600784
-0.03137300163507461
-0.02692573517560959
-0.039068911224603646
-0.0735078975558281
-0.05847883224487305
-0.00637288112193346
-0.04659469053149223
-0.07482952624559401
-0.033281952142715454
-0.0596332997083664
-0.059063859283924096
-0.09447664022445679
-0.04341284930706024
-0.07868143171072006
-0.05499917268753052
-0.04842638969421387
-0.04454157128930092
-0.03666882589459419
-0.04140045121312141
-0.06051996350288391
-0.039086669683456414
-0.05635467916727065
-0.07014484703540802
-0.0453483983874321
-0.02029142901301384
-0.04314842075109482
-0.04329719394445419
-0.0690663605928421
-0.04293330013751984
-0.06306090205907822
-0.08510100841522215
-0.020651236176490784
-0.037021610885858536
-0.022757992148399356
-0.07976898550987244
-0.024406287819147107
-0.0681767389178276
-0.06366097927093506
-0.06079452484846115
-0.06637417525053024
-0.07594707608222961
-0.052030965685844414
-0.08765213936567305
-0.05009887367486954
-0.03859413787722588
-0.051921896636486047
-0.0681854784488678
-0.04095274209976196
-0.043006163090467446
-0.05725755542516708
-0.06519036740064621
-0.050288110971450806
-0.0773608982563019
-0.04195823892951012
-0.07161030173301697
-0.02591780945658684
-0.05320634692907333
-0.067257359623909
-0.04363047704100609
-0.049228578805923455
-0.05085577815771103
-0.028893094509840008
-0.030980430543422696
-0.012126599438488483
-0.06701453030109406
-0.08344061672687529
-0.0536477267742157
-0.0744800493121147
-0.05896943062543869
-0.08118006587028502
-0.044212751090526574
-0.06452539563179016
-0.06217661499977112
-0.046994514763355255
-0.05620574951171875
-0.05308884382247925
-0.05693641304969788
-0.037251681089401245
-0.06341060996055603
-0.03234853968024254
-0.0580865740776062
-0.013896343298256396
-0.05639804154634476
-0.033691909164190285
-0.0657968670129776
-0.04211091622710228
-0.0473337322473526
-0.07666108012199402
-0.07278616726398467
-0.06581850349903107
-0.05020255595445633
-0.017604488879442215
-0.05367262661457062
-0.07328972220420837
-0.04672540351748466
-0.04015221446752548
-0.06653355807065964
-0.05013757199048996
-0.03438425809144974
-0.0560954287648201
-0.07470943033695221
-0.07269540429115294
-0.015149668790400028
-0.0144713269546628
-0.04784406721591949
-0.034756407141685486
-0.03357209265232086
-0.05145975202322006
-0.07005435973405838
-0.05606173723936081
-0.057415425777435296
-0.0886010006070137
-0.06633606553077698
-0.04257594794034958
-0.05921834707260132
-0.04569929838180541
-0.07692934572696684
-0.045613750815391534
-0.0984099805355072
-0.050662152469158166
-0.06945998221635817
-0.03134430944919586
-0.07574106007814406
-0.0580657422542572
-0.01902766153216362
-0.026722859591245648
-0.05109834671020508
-0.03099631518125534
-0.05869405716657639
-0.07236623764038086
-0.05029470473527908
-0.06028774380683898
-0.06934008002281189
-0.082085482776165
-0.051014281809329994
-0.050265178084373474
-0.048702068626880646
-0.03635780513286591
-0.027845643460750576
-0.06059887260198593
-0.025086060166358948
-0.05601683259010314
-0.07674981653690338
-0.06394428759813309
-0.04013647884130478
-0.03149021416902542
-0.0530221238732338
-0.04431132972240448
-0.05428652465343475
-0.08079838007688521
-0.06441627442836761
-0.06713750958442688
-0.106870636343956
-0.08294627815485
-0.12001599371433258
-0.06377650797367096
-0.04563063383102417
-0.09618399292230606
-0.11277143657207488
-0.026160195469856266
-0.05191030353307724
-0.03240841627120972
-0.03983332216739655
-0.0488504022359848
-0.0603058859705925
-0.0178694911301136
-0.06640464812517166
-0.04951164871454239
-0.052557989954948425
-0.030473142862319943
-0.0724503919482231
-0.07142946869134903
-0.04836934432387352
-0.07670506834983826
-0.06013623625040054
-0.017088644206523895
-0.026102527976036072
-0.049629554152488715
-0.046290986239910126
-0.0035804705694317818
-0.04655676335096359
-0.04458918049931526
-0.0776146501302719
-0.05572828650474548
-0.026195209473371502
-0.08567452430725098
-0.04648951068520545
-0.09370296448469162
-0.04912401735782623
-0.04772914201021194
-0.03388385847210884
-0.05076758563518524
-0.04709458723664284
-0.023898780345916748
-0.06892851740121841
-0.08957532048225401
-0.08013461530208588
-0.0336940698325634
-0.008258701302111149
-0.04483771324157714
-0.055550359189510345
-0.036247119307518005
-0.08134347200393677
-0.03836040571331978
-0.03726416453719139
-0.053587377071380615
-0.08247991651296614
0.001527351327240467
-0.028541825711727142
-0.07020174711942673
-0.04243776947259903
-0.04009301960468292
-0.05068261921405792
-0.03609047830104828
-0.04435340687632561
-0.02483810484409332
-0.06589390337467194
-0.08181880414485931
-0.04010774195194244
-0.050078809261322015
-0.08729816973209381
-0.043910223990678794
-0.08864390850067137
-0.06398515403270721
-0.05920480191707611
-0.055823296308517456
-0.05415095388889313
-0.07773810625076294
-0.07237202674150467
-0.0980203300714493
-0.061306923627853394
-0.042301684617996216
-0.0890735238790512
-0.07303722947835922
-0.09567294269800186
-0.04170887917280197
-0.05816234648227692
-0.05706042796373367
-0.05444608628749848
-0.03257901221513748
-0.054219320416450494
-0.017913341522216797
-0.06583389639854431
-0.04672476649284362
-0.06377489119768143
-0.04940609633922577
-0.05619522929191589
-0.017337657511234283
-0.057903125882148736
-0.04641902074217796
-0.05189848691225052
-0.02999185025691986
-0.04671883210539818
-0.05749984085559845
-0.1252966821193695
-0.031475260853767395
-0.09207595884799956
-0.05824970453977585
-0.04981397837400437
-0.039331972599029534
-0.08355845510959625
-0.04713910818099976
-0.048200666904449456
-0.07702949643135072
-0.08391454070806502
-0.07846860587596893
-0.062037646770477295
-0.038712989538908
-0.08144421875476837
-0.036131389439105994
-0.05074907839298248
-0.05025862902402878
-0.052508920431137085
-0.05982609838247299
-0.030062627047300335
-0.0326351560652256
-0.06243233382701874
-0.08709452301263809
-0.01184376422315836
-0.023445576429367065
-0.0574152022600174
-0.053368702530860894
-0.0765717476606369
-0.030258961021900177
-0.043164290487766266
-0.05446972697973251
-0.06614860147237778
-0.06628019362688065
-0.057766139507293694
-0.07187783718109131
-0.06330275535583496
-0.028573881834745407
-0.07239352166652678
-0.04870504140853882
-0.07136489450931549
-0.0291474312543869
-0.043185517191886895
-0.0331440344452858
-0.04946894943714142
-0.05121074616909027
-0.04642155021429062
-0.05647622048854828
-0.0436728373169899
-0.07434059679508209
-0.08441004902124405
-0.04134516790509224
-0.06080896407365799
-0.06588482111692429
-0.01762506738305092
-0.06947289407253265
-0.06432420015335083
-0.05088713765144348
-0.0890127122402191
-0.06548504531383513
-0.061305828392505646
-0.05970771610736847
-0.07985273003578186
-0.06621234118938446
-0.03782946988940239
-0.050531812012195594
-0.07030122727155685
-0.059335798025131226
-0.07198157906532288
-0.09606269001960753
-0.07419478893280029
-0.0587569922208786
-0.05869192630052567
-0.05690319091081619
-0.04023397341370583
-0.0738653689622879
-0.060108572244644165
-0.02764756605029106
-0.03868395835161209
0.0025217784568667407
-0.046927619725465775
-0.015808548778295517
-0.05323029309511185
-0.01591561734676361
-0.08192529529333113
-0.0592871829867363
-0.07520152628421782
-0.0683044046163559
-0.04427917301654816
-0.03978840634226799
-0.016334310173988342
-0.061309270560741425
-0.05361660569906235
-0.06131899356842041
-0.05422008037567139
-0.08124500513076782
-0.03029831498861313
-0.015716176480054855
-0.05496341735124588
-0.0699085146188736
-0.05235449224710464
-0.08489328622817993
-0.054720312356948846
-0.05086186528205872
-0.06615087389945984
-0.03330603986978531
-0.023874185979366302
-0.07482733577489854
-0.06083846837282181
-0.04655303061008453
-0.04546981677412986
-0.07850594073534013
-0.0694984570145607
-0.07851257175207138
-0.03681436181068421
-0.0754740461707115
-0.07492633908987045
-0.029341131448745728
-0.03566086292266846
-0.05833687633275986
-0.042356960475444794
-0.043516963720321655
-0.027631431818008423
-0.06238572299480438
-0.06106754392385482
-0.05747945606708527
-0.03693823516368865
-0.05718965828418732
-0.04838307946920394
-0.03663283213973045
-0.09192462265491484
-0.05636392533779144
-0.081883005797863
-0.06314689666032791
-0.06392502784729004
-0.0432283990085125
-0.039096903055906296
-0.07363981008529663
-0.06001056730747223
-0.06143789738416672
-0.057129353284835815
-0.042764898389577866
-0.03194531798362732
-0.11118006706237792
-0.08587832748889923
-0.07431574165821075
-0.02374183014035225
-0.044308509677648544
-0.06432907283306122
-0.08085475862026215
-0.035668499767780304
-0.03651360422372817
-0.07138815522193909
-0.04908832907676697
-0.051707878708839417
-0.05827225744724274
-0.07028399407863617
-0.011180111207067966
-0.06561338901519775
-0.049400545656681054
-0.06665223836898804
-0.05232624709606171
-0.01729610562324524
-0.0037167118862271305
-0.036343082785606384
-0.070357546210289
-0.062166094779968255
-0.03280017524957657
-0.05381570011377335
-0.031387075781822205
-0.07534187287092207
-0.03883291780948639
-0.05232948809862137
-0.07442653179168701
-0.05870373547077178
-0.04686816409230232
-0.06357797980308533
-0.07055258750915527
-0.048303090035915375
-0.04011403769254685
-0.04779418557882309
-0.027974601835012436
-0.045873939990997314
-0.00031960848718881607
-0.031121507287025448
-0.05295118689537048
-0.07955674827098846
-0.06205740571022034
-0.09713952243328094
-0.03953242301940917
-0.056769058108329766
-0.047928713262081146
-0.028617680072784424
-0.07193261384963989
-0.07833214849233627
-0.05998709052801132
-0.04242853820323944
-0.031190164387226105
-0.01913155987858772
-0.06080365926027297
-0.05732123553752899
-0.029797010123729702
-0.06323795020580292
-0.03772431239485741
-0.05512817203998566
-0.08230406045913696
-0.03377868980169296
-0.08195099234580994
-0.05136117339134216
-0.04404521733522415
-0.0346345528960228
-0.03325893729925156
-0.06087193638086319
-0.04486798867583274
-0.06779106706380844
-0.04914788901805878
-0.055441126227378845
-0.054167680442333214
-0.06808881461620331
-0.07819517701864241
-0.03416958078742027
-0.08662580698728561
-0.09322553873062131
-0.05742322653532028
-0.06793133169412613
-0.07524603605270386
-0.037748083472251885
-0.07227496802806854
-0.05087757110595703
-0.07248195260763168
-0.05576924979686737
-0.04411245882511138
-0.08499890565872192
-0.093600794672966
-0.06429854035377502
-0.06342320144176483
-0.0340767577290535
-0.06818889081478119
-0.04196977242827416
-0.039735358208417886
-0.07710824906826019
-0.04444475471973419
-0.03790772706270218
-0.09058853238821027
-0.05475255846977234
-0.06799927353858948
-0.10158181190490723
-0.06751769781112671
-0.04007532447576522
-0.10851941257715224
-0.04047427698969841
-0.052547849714756005
-0.06793597340583801
-0.07064340263605118
-0.05129724740982056
-0.05576111376285553
-0.03652201592922211
-0.06815031170845032
-0.06121260672807693
-0.04749762266874313
-0.05498293787240982
-0.04023580253124237
-0.04294382780790329
-0.07588081061840057
-0.0607767328619957
-0.06308730691671371
-0.03129494935274124
-0.050399094820022576
-0.07491932809352873
-0.05358394235372543
-0.04254954680800438
-0.06669232994318008
-0.037270061671733856
-0.056573517620563514
-0.039672579616308205
-0.06342475116252899
-0.05786201357841492
-0.05259344726800919
-0.05018231272697449
-0.02553671598434448
-0.06017034500837327
-0.02312006801366806
-0.04432765766978264
-0.064112588763237
-0.060241907835006714
-0.0749616026878357
-0.06646273285150528
-0.05579538643360138
-0.03682903200387955
-0.0699772983789444
-0.080127514898777
-0.03704480081796646
-0.016751598566770554
-0.015884563326835632
-0.05982232093811035
-0.06847923994064331
-0.0854261592030525
-0.06870785355567932
-0.03883284702897072
-0.08638447523117065
-0.03325987234711647
-0.04486162215471268
-0.06612136960029602
-0.0519854873418808
-0.058245427906513214
-0.05830840766429901
-0.06332534551620483
-0.042053773999214165
-0.01252742763608694
-0.065111443400383
-0.014785283245146275
-0.019891664385795597
-0.0516618937253952
-0.059970781207084656
-0.039779793471097946
-0.06764058768749237
-0.03917877376079559
-0.07959611713886261
-0.04519644379615784
-0.0637153759598732
-0.01564417779445648
-0.03502705693244934
-0.03675423562526703
-0.06384679675102234
-0.04391397163271904
-0.07770857959985733
-0.04749392718076706
-0.04544258862733841
-0.08264067769050598
-0.07115381956100464
-0.06153327226638794
-0.06325607746839523
-0.018838897347450256
-0.04774324968457221
-0.03299857676029205
-0.06495257467031479
-0.03747817873954773
-0.04880873113870621
-0.024467673152685165
-0.04803643375635147
-0.03201890736818313
-0.052651166915893555
-0.05476155877113342
-0.08451782912015915
-0.050948508083820336
-0.07935305684804915
-0.039911385625600815
-0.06194853037595749
-0.03790490329265594
-0.048589427024126046
-0.026604793965816494
-0.059572696685791016
-0.059934519231319434
-0.0814509242773056
-0.028629053384065628
-0.0441066175699234
-0.0886063054203987
-0.08854396641254425
-0.0391279011964798
-0.045199014246463776
-0.06930501013994217
-0.023059405386447903
-0.047909516841173165
-0.05487927049398422
-0.07064686715602875
-0.03640882670879364
-0.059962183237075806
-0.05729381740093231
-0.09907094389200209
-0.055595695972442634
-0.03793933242559433
-0.04420606046915054
0.00016721896827220917
-0.0793381631374359
-0.0486389696598053
-0.06641613692045212
-0.048733830451965325
-0.03191722929477692
-0.044291775673627846
-0.032287776470184326
-0.04592985659837722
-0.07144178450107574
-0.06163030117750168
-0.05720168352127075
-0.04305311292409897
-0.05054965615272521
-0.05526496469974518
-0.04968813061714172
-0.06333058327436447
-0.06293100118637085
-0.04600366577506065
-0.03462084382772446
-0.03598805516958237
-0.04579697176814079
-0.05384980887174606
-0.04591742902994156
-0.0188593789935112
-0.06247220188379288
-0.015220954082906246
-0.0445440448820591
-0.05273154377937317
-0.0341462641954422
-0.0489039421081543
-0.07753544300794601
-0.06540511548519135
-0.029529891908168793
-0.07302305102348326
-0.04264287650585175
-0.02263818308711052
-0.06746740639209747
-0.050163328647613525
-0.08080408722162247
-0.045296065509319305
-0.06129669398069382
-0.04650770500302314
-0.035295914858579636
-0.05279986560344696
-0.06837256252765656
-0.04740377888083458
-0.09777560085058211
-0.035720787942409515
-0.08311306685209274
-0.04575063288211823
-0.0626460462808609
-0.05522485077381135
-0.05264759063720703
-0.024120599031448364
-0.06417381018400192
-0.06054094433784485
-0.03281025588512421
-0.07011622190475464
-0.07050839811563492
-0.05917373299598694
-0.07067158818244934
-0.07073193788528441
-0.06419138610363007
-0.07788138836622238
-0.04474738985300064
-0.07613476365804672
-0.08991746604442595
-0.0404360257089138
-0.06451717764139175
-0.04688752070069313
-0.06015210598707199
-0.018450595438480377
-0.06285360455513
-0.047235913574695594
-0.02739607915282249
-0.06121452152729034
-0.012407117523252964
-0.07659181952476501
-0.016810208559036255
-0.08689932525157928
-0.039732735604047775
-0.0670313686132431
-0.06648039817810059
-0.03697884827852249
-0.08336174488067627
-0.048617426306009286
-0.0779492110013962
-0.035824552178382874
-0.10490645468235016
-0.05410241335630417
-0.07453528046607971
-0.04526398703455925
-0.06490468233823776
-0.07039383053779602
-0.022726625204086304
-0.07134827971458435
-0.053463101387023926
-0.067795030772686
-0.051912866532802575
-0.034970499575138085
-0.036521658301353455
-0.04729418456554413
-0.060303285717964165
-0.06391480565071106
-0.0732387602329254
-0.06383838504552841
-0.045252762734889984
-0.049428291618824005
-0.09095850586891174
-0.031862955540418625
-0.0567367821931839
-0.05320421606302261
-0.01925908029079437
-0.07824625819921492
-0.03532877936959267
-0.09130682051181792
-0.04132670164108276
-0.02288993448019028
-0.046047329902648926
-0.009940058924257757
-0.049742668867111206
-0.05910065770149231
-0.010568815283477306
-0.08176177740097046
-0.07495167106389998
-0.06156499683856964
-0.05933061242103577
-0.04473419114947319
-0.07257341593503952
-0.03522171825170517
-0.04465591534972191
-0.04128922149538994
-0.09372255951166153
-0.04552782699465752
-0.06543098390102385
-0.04349181056022644
-0.04438816010951996
-0.015865571796894073
-0.03627219796180725
-0.05442167818546295
-0.03694142401218414
-0.0835966020822525
-0.07630874216556549
-0.05525401234626769
-0.06624433398246765
-0.024403426796197888
-0.012152808718383312
-0.07084047794342041
-0.014822871424257755
-0.055394507944583886
-0.06669868528842926
-0.043299619108438485
-0.0469505786895752
-0.08035364001989363
-0.08068592846393585
-0.04632008075714111
-0.08800212293863297
-0.09185166656970976
-0.03566351532936096
-0.068865567445755
-0.07122388482093811
-0.04746999591588973
-0.043933313339948654
-0.07631744444370268
-0.0955909788608551
-0.050295807421207435
-0.034983836114406586
-0.05368916690349578
-0.05888001620769501
-0.04841985180974007
-0.05231045931577682
-0.06759568303823471
-0.09017889201641081
-0.04618531093001366
-0.04730875045061112
-0.043592408299446106
-0.07000692188739777
-0.05037495493888855
-0.021867886185646057
-0.05280376970767975
-0.020916521549224854
-0.08987820893526077
-0.04904383420944214
-0.03665461018681526
-0.0548502579331398
-0.054763972759246826
-0.060327187180519104
-0.02826215326786041
-0.07365961372852325
-0.03798471391201019
-0.049401991069316864
-0.020305912941694256
-0.0520242378115654
-0.055570751428604126
-0.053804248571395874
-0.051838189363479614
-0.0471293106675148
-0.029703620821237564
-0.013233999721705912
-0.05528878420591354
-0.01436957623809576
-0.03220470994710922
-0.0670110359787941
-0.06284391134977341
-0.0443480983376503
-0.08379962295293808
-0.0671972706913948
-0.06703682988882065
-0.058190405368804925
-0.0608113557100296
-0.04338575154542922
-0.03960252553224564
-0.06103942543268204
-0.05254952609539032
-0.054813608527183526
-0.073470838367939
-0.06435319781303406
-0.09079476445913315
-0.06931327283382416
-0.06305688619613647
-0.07663530111312866
-0.034489527344703674
-0.037436097860336304
-0.022880844771862033
-0.0316455103456974
-0.05057360976934433
-0.0808946043252945
-0.09845638275146483
-0.04200711101293564
-0.041130028665065765
-0.061781272292137146
0.0010043783113360405
-0.12340885400772093
-0.05039376020431519
-0.03897327929735184
-0.01740928366780281
-0.08593976497650145
-0.028898067772388455
-0.023308783769607544
-0.03670563921332359
-0.0822576656937599
-0.07746594399213792
-0.019671749323606488
-0.08668002486228944
-0.06016631424427032
-0.05614335089921951
-0.10109015554189682
-0.0594700425863266
-0.03125888109207153
-0.01134007889777422
-0.04206883907318115
-0.027760609984397888
-0.062329135835170746
-0.04914750158786774
-0.05976437777280808
-0.09828380495309827
-0.020764086395502087
-0.04177851602435112
-0.05019676685333252
-0.062070943415164954
-0.06610787659883499
-0.024274177849292755
-0.05529285222291946
-0.05213770270347595
0.008063568733632563
-0.04274112731218337
-0.017034366726875305
-0.06358471512794495
-0.06318692117929459
-0.031738735735416405
-0.09900390356779097
-0.05306921899318695
-0.06874405592679977
-0.044332690536975854
-0.0810035467147827
-0.020456429570913315
-0.04201085865497589
-0.05733622610569
-0.009948124177753924
-0.052881963551044464
-0.07578963041305542
-0.050478622317314155
-0.05036364495754242
-0.05219993740320206
-0.04396925866603851
-0.053011879324913025
-0.06737279891967773
-0.06428513675928116
-0.036072194576263435
-0.04516412317752838
-0.07870440930128098
-0.040487512946128845
-0.08009035885334016
-0.06271691620349884
-0.05126991868019104
-0.1037689745426178
-0.033915381878614426
-0.04097146168351173
-0.024766989052295685
-0.0663798451423645
-0.036844544112682336
-0.051963269710540765
-0.051599264144897454
-0.019504521042108532
-0.09311145544052125
-0.03368992730975151
-0.061186432838439934
-0.04535043239593506
-0.05237551033496857
-0.025082122534513477
-0.04563378542661666
-0.0780995637178421
-0.03786161169409752
-0.05791814625263214
-0.038633059710264206
-0.05284214019775391
-0.05957892537117004
-0.06924732029438019
-0.05694962292909622
-0.04109257832169533
-0.06945214420557022
-0.08247170597314833
-0.09382808953523636
-0.07662922888994217
-0.04873637109994888
-0.06618752330541611
-0.051274500787258155
-0.06141366809606552
-0.05932141840457916
-0.026476927101612088
-0.06341417133808136
-0.019573606550693512
-0.06529068946838379
-0.06317949295043945
-0.059879325330257416
-0.0434291698038578
-0.039873290807008736
-0.0752643346786499
-0.04089654982089996
-0.06941206753253937
-0.05676691234111786
-0.08987914770841599
-0.03222181275486946
-0.04989343136548996
-0.03695562854409218
-0.06905222684144974
-0.05527038872241974
-0.06847885251045227
-0.03631746768951416
-0.05951651930809021
-0.047042936086654656
-0.07022282481193542
-0.07364816218614578
-0.09066879749298096
-0.10372116416692732
-0.006787252612411976
-0.05215048044919968
-0.06391341984272003
-0.064390167593956
-0.03112468123435974
-0.03635156527161598
-0.07799983024597168
-0.08232161402702332
-0.07691141217947006
-0.03271639347076416
-0.05837295949459076
-0.04694962874054909
-0.05542387068271637
-0.05702550709247589
-0.06540866196155548
-0.06006690859794617
-0.06915497034788132
-0.08184996247291566
-0.06891051679849625
-0.07948213815689088
-0.0634659081697464
-0.078073613345623
-0.0477263480424881
-0.0671815425157547
-0.040561407804489136
-0.043229348957538605
-0.08584371954202653
-0.04444822296500205
-0.08013342320919037
-0.0792958587408066
-0.049218133091926575
-0.05360455811023712
-0.07029244303703308
-0.0191962793469429
-0.06619596481323242
-0.051700711250305176
-0.05589494109153748
-0.05488854646682739
-0.020893573760986328
-0.08253878355026245
-0.05133020132780075
-0.04546826705336571
-0.04886976629495621
-0.07229029387235641
-0.023110371083021164
-0.06383524090051651
-0.08249625563621521
-0.04316401481628417
-0.07091565430164337
-0.056096769869327545
-0.05670154094696045
-0.05590995401144028
-0.06323584914207457
-0.060029156506061554
-0.04679146409034729
-0.05855406075716019
-0.01090624276548624
-0.046540051698684685
-0.03824114054441452
-0.09038859605789185
-0.06039583683013916
-0.06205244362354279
-0.056208178400993354
-0.05351466685533524
-0.04038951173424721
-0.04720810800790787
-0.09214814752340317
-0.04144393652677536
-0.058562330901622765
-0.09581878036260605
-0.055572964251041405
-0.04491064324975014
-0.0362895242869854
-0.06291402131319046
-0.08301170170307158
-0.07907378673553465
-0.05252087116241455
-0.05784381181001663
-0.07151758670806885
-0.02388337254524231
-0.013941687531769276
-0.032124634832143784
-0.09598074108362195
-0.0554506629705429
-0.042963702231645584
-0.05650822818279266
-0.057410411536693566
-0.02762504294514656
-0.06792448461055756
-0.041366759687662125
-0.05113472044467927
-0.08900948613882063
-0.0821811854839325
-0.04573792964220047
-0.05457456409931183
-0.07448157668113708
-0.0641549825668335
-0.08804573118686675
-0.05182974785566329
-0.05592364817857742
-0.06629881262779236
-0.05744846910238265
-0.06880207359790802
-0.038790404796600335
-0.06146278977394104
0.0030427193269133568
-0.04870673269033432
-0.058488234877586365
-0.02679935097694397
-0.06887499988079071
-0.06749545782804489
-0.08690636605024338
-0.06870265305042267
-0.044163115322589874
-0.04990824311971664
-0.07606378197669984
-0.039825864136219025
-0.05838111788034439
-0.023602500557899475
-0.020845845341682438
-0.058810003101825714
-0.05284638702869415
-0.07150663435459137
-0.05113903433084488
-0.07845634222030638
-0.06120251864194869
-0.04784319549798965
-0.09452337026596067
-0.07940199226140976
-0.07621980458498001
-0.054913371801376336
-0.07932087033987045
-0.06416209042072296
-0.04686117917299271
-0.06702108681201935
-0.052727431058883674
-0.07832476496696472
-0.04614996537566185
-0.04211410135030746
-0.07668498903512953
-0.04562896117568016
-0.06574899703264236
-0.05505544692277908
-0.0641038715839386
-0.024761442095041275
-0.07385119795799254
0.008445730432868004
-0.08698516339063644
0.003526756539940834
-0.0589616447687149
-0.04139857366681098
-0.06801708042621613
-0.03382918983697891
-0.0814724564552307
-0.07998733222484589
-0.04851716384291649
-0.09547150135040285
-0.05756337195634842
-0.048253703862428665
-0.05688166618347168
-0.037066586315631866
-0.03273886442184448
-0.05484454333782196
-0.05453722923994064
-0.06908555328845978
-0.07236479222774506
-0.07029975950717926
-0.0438385084271431
-0.012462164275348186
-0.07460496574640274
-0.09748201072216034
0.0009704651311039924
-0.06070148944854736
-0.03900778293609619
-0.05220283567905425
-0.047246340662240975
-0.032892689108848565
-0.0744389146566391
-0.06811624765396118
-0.06801581382751465
-0.060571357607841485
-0.06018393486738205
-0.05150263011455536
-0.03075693175196648
-0.060107849538326256
-0.024215199053287503
-0.04266280680894852
-0.06510042399168015
-0.048424854874610894
-0.01574428379535675
-0.07564510405063629
-0.04774545878171921
-0.0677286833524704
-0.04374636337161064
-0.05653329938650131
-0.09982244670391081
-0.037440486252307885
-0.052799992263317115
-0.05039350688457489
-0.006669427268207073
-0.0862874910235405
-0.02309836074709892
-0.07629987597465515
-0.008901777677237988
-0.0483194962143898
-0.11217643320560455
-0.058632351458072655
-0.03967032581567764
-0.023429527878761288
-0.07859546691179276
-0.07678976655006409
-0.09438702464103697
-0.09628541767597198
-0.04708064720034599
-0.03112427517771721
-0.0572708398103714
-0.10832299292087554
-0.07001647353172302
-0.057762980461120605
-0.07772369682788847
-0.0444801077246666
-0.061461985111236565
-0.05958943068981171
-0.021495766937732697
-0.04252902790904045
-0.052119553089141846
-0.05475999414920807
-0.07177027314901352
-0.06131437420845032
-0.03526647761464119
-0.04367915540933609
-0.0910024121403694
-0.021399129182100296
-0.09558936953544615
-0.04160493612289429
-0.0784570202231407
-0.10319855064153673
-0.019915256649255753
-0.08935049921274185
-0.0285596027970314
-0.02000214532017708
-0.03489742428064346
-0.06459637731313705
-0.05995364487171173
0.0018136166036129
-0.04224250838160514
-0.053948283195495605
-0.05923375487327576
-0.10282346606254576
-0.10399641096591948
-0.01667734980583191
-0.039018258452415466
-0.08118624985218048
-0.055597394704818726
-0.03433002531528473
-0.047170713543891914
-0.04747350141406059
-0.03417278826236725
-0.0514390617609024
-0.08067892491817473
-0.08055536448955536
-0.050876520574092865
-0.030007362365722656
-0.042780596762895584
-0.057280182838439934
-0.0637822076678276
-0.05042307823896408
-0.05528044700622559
-0.02655118331313133
-0.0699138343334198
-0.029050346463918682
-0.08052600175142288
-0.06512846052646637
-0.0542709156870842
-0.07364776730537415
-0.038624111562967293
-0.03660582005977631
-0.0445948913693428
-0.04117763042449951
-0.008358796127140522
-0.04061071574687958
-0.0701037049293518
-0.07299971580505371
-0.04051270708441734
-0.058566465973854065
-0.061209186911582954
-0.0660659521818161
-0.0289217010140419
-0.0822811871767044
-0.050564102828502655
-0.05439577996730805
-0.06974450498819351
-0.08776108175516129
-0.07097382098436356
-0.03423163294792175
-0.07267881929874419
-0.05397710204124451
-0.038906507194042206
-0.0328046977519989
-0.05682423710823059
-0.0517149493098259
-0.06857699155807495
-0.07045841217041016
-0.10243943333625792
-0.04410580918192864
-0.06591750681400299
-0.07171916961669922
-0.04864659532904625
-0.07021971046924591
-0.04702798277139664
-0.04534846544265747
-0.06052738428115845
-0.08456797152757645
-0.05475914478302001
-0.06105352193117142
-0.03998175635933876
-0.08171945810317993
-0.0633249431848526
-0.04594270884990692
-0.032799310982227325
-0.047917440533638
-0.04771295934915543
-0.041867807507514954
-0.04687021300196648
-0.057882629334926605
-0.04727821797132492
-0.07791525870561598
-0.06390444189310074
-0.017339594662189484
-0.07249799370765686
-0.0472407341003418
-0.06666498631238937
-0.07680641114711761
-0.0074167987331748
-0.023280441761016846
-0.033289577811956406
-0.05314686149358749
-0.01842027902603149
-0.09000442922115326
-0.07727985829114915
-0.03668610751628876
-0.06627136468887329
-0.09268319606781004
-0.051522135734558105
-0.028363656252622604
-0.02682863920927048
-0.0734015703201294
-0.048301234841346734
-0.07405650615692137
-0.06264186650514603
-0.05155009776353836
-0.04753800481557846
-0.04353981092572212
-0.06958793103694916
-0.06270332634449005
-0.0359945222735405
0.001571623608469963
-0.02733822166919708
-0.05055145174264908
-0.06160067021846771
-0.04882039129734039
-0.004875642247498035
-0.04548351094126701
-0.08430999517440797
-0.04098091647028923
-0.019845452159643173
-0.06938933581113815
-0.06976792216300964
-0.044973693788051605
-0.11006852239370346
-0.07980862259864806
-0.07678868621587753
-0.06347019970417023
-0.056924045085906975
-0.07369045913219453
-0.046996023505926125
-0.03981272503733634
-0.07587781548500061
-0.02726740762591362
-0.03530420362949371
-0.044767126441001885
-0.07800110429525374
-0.059885233640670776
-0.09183858335018158
-0.05467770993709564
-0.06250008940696716
-0.039402909576892846
-0.06232379376888275
-0.050258912146091454
-0.06715734302997589
-0.035734407603740685
-0.06145057827234268
-0.07118749618530273
-0.057951495051383965
-0.08200930058956146
-0.03929071873426437
-0.05261976271867752
-0.06558069586753845
-0.0422852449119091
-0.033199358731508255
-0.05415387451648712
-0.05451571196317673
-0.04319051280617714
-0.04472318291664124
-0.09471416473388672
-0.09450946748256685
-0.0931662619113922
-0.01720511168241501
-0.026367202401161197
-0.06500048190355301
-0.06742728501558304
-0.08817148208618163
-0.0544184148311615
-0.025920104235410687
-0.06973270326852798
-0.07222849130630493
-0.0003976067528128624
-0.0707954615354538
-0.037886306643486016
-0.019277881830930706
-0.052186287939548485
-0.03786611184477806
-0.04336948692798615
-0.04020534455776215
-0.06840730458498001
-0.05610042065382004
-0.10795877873897552
-0.023855432868003845
-0.04794029891490936
-0.07192594558000565
-0.063004270195961
-0.019397970288991928
-0.05002400279045105
-0.07908329367637634
-0.07317502796649933
-0.04969501495361328
-0.012850643135607243
-0.05701429396867752
-0.06300687789916992
-0.033828817307949066
-0.03958892449736595
-0.03186718374490738
-0.033005282282829285
-0.06068271398544312
-0.0400039367377758
-0.04601383954286575
-0.0770149976015091
-0.06528714299201965
-0.02938083559274673
-0.06897103786468506
-0.03470586612820625
-0.08562693744897841
-0.06429722160100937
-0.048161454498767846
-0.031515784561634064
-0.04427468776702881
-0.0760141909122467
-0.06551366299390793
-0.03815555199980736
-0.0432845614850521
-0.059150829911232
-0.051125675439834595
-0.029821522533893585
-0.06880852580070496
-0.07218188792467117
-0.05481533706188202
-0.03714853897690773
-0.04798349365592002
-0.05745019018650055
-0.056474924087524414
-0.04464945197105408
-0.06903648376464844
-0.042201872915029526
-0.03854301571846008
-0.04474099725484848
-0.049280911684036255
-0.06785231828689575
-0.047943904995918274
-0.06858977675437927
-0.06317451596260071
-0.04689261317253113
-0.06904861330986023
-0.025267954915761948
-0.05631239712238312
-0.03414241224527359
-0.09346762299537657
-0.05823799967765808
-0.04337171837687492
-0.062431052327156074
-0.09784186631441116
-0.03033825010061264
-0.05628146231174469
-0.03312816843390465
-0.0682884156703949
-0.05411115288734436
-0.083127461373806
-0.05264081805944442
-0.07435259222984315
-0.052338093519210815
-0.05208165943622589
-0.0425027459859848
-0.0955970585346222
-0.03599967435002327
-0.06403721868991852
-0.04690738767385482
-0.059732601046562195
-0.08778727054595947
-0.0339355394244194
-0.059124603867530816
-0.10052376985549925
-0.048789635300636285
-0.07961679995059967
-0.042318858206272125
-0.05084145069122314
-0.045675270259380334
-0.0408489666879177
-0.04595520347356796
-0.054112672805786126
-0.01716158539056778
-0.006025667302310467
-0.005460468120872974
-0.05168725550174713
-0.047030672430992126
-0.08910715579986572
-0.09989501535892487
-0.06313006579875946
-0.03550594300031661
-0.040388844907283776
-0.06972570717334747
-0.015452702529728413
-0.010442201979458332
-0.02480284869670868
-0.04633767902851105
-0.11507333815097807
-0.13062870502471924
-0.046753473579883575
-0.048746302723884576
-0.04741252958774567
-0.06409864127635956
-0.04402392730116844
-0.06183194369077682
-0.04018137231469154
-0.0594889372587204
-0.04454595223069191
-0.03414484113454819
-0.06632205843925476
-0.05269335210323334
-0.05183269083499909
-0.03589625656604767
-0.0582732930779457
-0.06477595120668411
-0.06966151297092438
-0.06333665549755096
-0.014765881933271883
-0.06566783040761948
-0.07436950504779814
-0.07035829871892929
-0.0417623296380043
-0.05512774735689163
-0.06527135521173477
-0.07178577035665512
-0.039092712104320526
-0.0336020365357399
-0.045288540422916405
-0.05073597282171249
-0.02111154049634933
-0.07528293132781982
-0.054476365447044366
-0.04358895868062973
-0.02093406394124031
-0.045176997780799866
-0.06906432658433914
-0.014882420189678667
-0.05615083873271942
-0.07367323338985443
-0.032919492572546005
-0.06044731289148331
-0.023583795875310894
-0.0776948258280754
-0.05659213662147521
-0.02755492553114891
-0.0579613596200943
-0.025614559650421143
-0.08991411328315735
-0.04039874672889709
-0.04182482510805129
-0.06517016142606735
-0.06387288123369217
-0.03585924580693245
-0.047180015593767166
-0.004854121245443821
-0.04152785986661911
-0.08721981942653656
-0.07238771021366118
-0.06405176222324371
-0.06440480798482895
-0.07546137273311616
-0.038939263671636574
-0.04477332904934883
-0.07142281532287598
-0.05696368217468262
-0.05001113563776016
-0.06202225387096405
-0.0674995481967926
-0.08839675039052963
-0.03763948753476143
-0.014026003889739512
-0.06545495986938477
-0.05664575099945068
-0.0770367756485939
-0.06955894082784653
-0.03829345107078552
-0.054509982466697686
-0.0745038092136383
-0.08252553641796112
-0.057501539587974555
-0.08077645301818846
-0.05732037127017975
-0.06336924433708191
-0.010054201819002628
-0.05077685415744781
-0.05442886054515839
-0.039359461516141885
-0.052400663495063775
-0.039710409939289086
-0.038703195750713355
-0.0861004889011383
-0.04941681027412415
-0.0714733749628067
-0.03487414121627808
-0.061134614050388336
-0.07195651531219481
-0.076712466776371
-0.06925305724143982
-0.08167813718318939
-0.04143088310956954
-0.041752319782972336
-0.07183784991502762
-0.09044715762138367
-0.09820781648159027
-0.04621180146932602
-0.07723535597324371
-0.08360010385513306
-0.048485621809959405
-0.08760251849889755
-0.09789006412029265
-0.05994994193315505
-0.05170724540948868
-0.06444965302944183
-0.07615180313587187
-0.08947014808654785
-0.06348466873168945
-0.07944707572460175
-0.04525701701641082
-0.028811849653720852
-0.06221768260002136
-0.004273417405784129
-0.096472829580307
-0.059439651668071754
-0.06313741207122803
-0.05249835550785065
-0.0473538376390934
-0.01530876848846674
-0.08747894316911697
-0.06572023034095764
-0.08615072816610336
-0.08867576718330382
-0.050742827355861664
-0.05161919444799423
-0.056437239050865166
-0.030084393918514248
-0.033304713666439056
-0.05883439630270004
-0.05247876048088074
-0.05077064037322999
-0.004784132353961468
-0.029654238373041153
-0.058204934000968926
-0.028241954743862152
-0.05139002948999405
-0.03027505800127983
-0.09730333089828493
-0.035979896783828735
-0.0739675536751747
-0.026008225977420807
-0.04674194008111954
-0.07288134843111038
-0.10816912353038788
-0.03619256243109703
-0.021016463637351986
-0.0452282652258873
-0.09105043113231659
-0.029024552553892132
-0.08611156046390533
-0.005662058480083942
-0.07816440612077713
-0.03048330545425415
-0.044923316687345505
-0.08656968176364897
-0.049892038106918335
-0.07965128123760222
-0.0385732427239418
-0.04153590276837349
-0.05846716463565826
-0.04402405023574829
-0.04692107066512108
-0.043253637850284576
0.0036395275965332976
-0.04092787206172943
-0.08690932393074036
-0.03813466429710388
-0.08944739401340483
-0.05547775328159332
-0.05815892666578293
-0.07349760830402374
-0.015558277256786823
-0.07849925011396408
-0.06770266592502594
-0.06479206681251526
-0.061464205384254456
-0.04378091171383858
-0.053856492042541504
-0.06035158038139343
-0.04505596682429314
-0.112338125705719
-0.10260426998138428
-0.07000689953565598
-0.10337783396244048
-0.0221455916762352
-0.02483663335442543
-0.04692789167165756
-0.07389042526483534
-0.05639071762561798
-0.026774805039167404
-0.10427195578813551
-0.05793262273073197
-0.04927147179841995
-0.0606783926486969
-0.0964626967906952
-0.06643420457839966
-0.0402052029967308
-0.07360068708658217
-0.05537591129541397
-0.05884604156017304
-0.01162928994745016
-0.03366407752037048
-0.06861142814159393
-0.032706912606954575
-0.08388029038906097
-0.05481456220149994
-0.02730663865804672
-0.04678916186094284
-0.03192541003227234
-0.07850232720375061
-0.0732678398489952
-0.04369575157761574
-0.05888821929693223
-0.04393143951892853
-0.05485649406909943
-0.08753535896539688
-0.07828417420387267
-0.05480968952178955
-0.025488559156656265
-0.028296973556280136
-0.0637478306889534
-0.059904620051383965
-0.05797874182462692
-0.03377899155020714
-0.05914731323719025
-0.014666433446109293
-0.07436083257198332
-0.08920189738273619
-0.04871810972690582
-0.07934968918561934
-0.061853207647800446
-0.05029314011335373
-0.06465844064950943
-0.07682858407497406
-0.06142779439687729
-0.07822993397712708
-0.05180784314870834
-0.06442070752382278
-0.044883590191602714
-0.07615534961223601
-0.03379771113395691
-0.056491300463676446
-0.07624530792236328
-0.10446707904338837
-0.05318806320428848
-0.07026763260364532
-0.051901377737522125
-0.08243022859096526
-0.05707995593547821
-0.05296346545219421
-0.05781782418489456
-0.03765386343002319
-0.0650055855512619
-0.054016612470149994
-0.07712314277887344
-0.005661548115313053
-0.08202771097421646
-0.06664972752332687
-0.0494551956653595
-0.0366305448114872
-0.0675411969423294
-0.038413766771554954
-0.09683908522129059
-0.05277854949235916
-0.06875661015510559
-0.04991067945957184
-0.06433124840259552
-0.08189108967781066
-0.09287552535533904
-0.038593657314777374
-0.05642596632242202
-0.06901586055755615
-0.0553913488984108
-0.021523527801036835
-0.04130711033940315
-0.025389354676008224
-0.08641510456800461
-0.044898249208927155
-0.06467000395059586
-0.04787926003336906
-0.0557340607047081
-0.061663173139095306
-0.06147214025259018
-0.0017022844403982162
-0.09649214148521423
-0.05599062144756317
-0.04287628456950188
-0.04942189157009125
-0.06866005063056946
-0.0740544945001602
-0.09234686195850371
-0.08607075363397598
-0.05216164886951447
-0.07734917104244232
-0.0782565325498581
-0.04030443727970123
-0.052639275789260864
-0.01442612800747156
-0.04198328033089638
-0.0597907230257988
-0.03016101196408272
-0.020467467606067657
-0.0557040050625801
-0.04023832082748413
-0.04384732246398926
-0.03836444392800331
-0.07303746789693832
-0.04976223409175873
-0.06924954056739807
-0.08417575061321257
-0.04445762187242508
-0.027238592505455017
-0.015603386797010899
-0.06424051523208618
-0.07133372128009796
-0.017118174582719803
-0.04939379543066025
-0.0933203175663948
-0.06731979548931122
-0.08973109722137451
-0.08432693779468536
-0.043497204780578606
-0.03336791694164276
-0.06129804998636246
-0.05290867388248444
-0.0480230376124382
-0.040921475738286965
-0.07382646203041075
-0.08279142528772354
-0.0895436555147171
-0.029647544026374817
-0.061562739312648766
-0.08313573151826857
-0.05065096914768218
-0.06041348725557327
-0.09014677256345749
-0.054664291441440575
-0.09100717306137086
-0.06910498440265656
-0.09232105314731598
-0.0970502123236656
-0.053422801196575165
-0.06770537793636322
-0.033438973128795624
-0.05555901676416397
-0.057282954454422
-0.08250787109136581
-0.06629867851734161
-0.07022356986999512
-0.03887002542614937
-0.05496516823768616
-0.05562911927700043
-0.05228833109140396
-0.04952790588140488
-0.07427793741226195
-0.03333871439099312
-0.07692615687847137
-0.0730900391936302
-0.06270378082990646
-0.06531127542257309
-0.030775990337133408
-0.026306938380002972
-0.03736613318324089
-0.07202938199043274
-0.09639397263526915
-0.03217450529336929
-0.06810567528009415
-0.05544812232255936
-0.05554044246673584
-0.06691654026508331
-0.038727059960365295
-0.08229719847440718
-0.03031504526734352
-0.07238692045211792
-0.021405223757028576
-0.0796268582344055
-0.060301154851913445
-0.05869228392839432
-0.03060155361890793
-0.05106620490550994
-0.04772087186574936
-0.06187631189823151
-0.04225248843431473
-0.06487207859754561
-0.04738403484225273
-0.04997155070304871
-0.004403998143970966
-0.048484921455383294
-0.06262151896953583
-0.09739890694618224
-0.07455843687057494
-0.04929517209529877
-0.04780237376689911
-0.04621824994683266
-0.06027301400899887
-0.061019793152809136
-0.04805079102516174
-0.06878217309713364
-0.05975468456745148
-0.06233783811330795
-0.040346380323171616
-0.0655384436249733
-0.04928772896528244
-0.04714765027165413
-0.04468889534473419
-0.018760547041893005
-0.05370692908763885
-0.032840926200151443
-0.04911947995424271
-0.046285513788461685
-0.05173253268003464
-0.047218941152095795
-0.04630211740732193
-0.04245034232735634
-0.06814361363649368
-0.016244415193796154
-0.04632006958127022
-0.046136680990457535
-0.05545739829540253
-0.030685346573591232
-0.06030668318271637
-0.06292084604501724
-0.05166608840227127
-0.08455405384302139
-0.07146158069372177
-0.0699208453297615
-0.037872929126024246
0.005343410186469554
-0.06871301680803299
-0.044770896434783936
-0.061363533139228814
-0.04141341149806976
-0.07148147374391556
-0.023104306310415268
-0.04217685759067536
-0.09997600317001343
-0.03551197797060013
-0.0358666367828846
-0.03620535880327225
-0.07629904896020889
-0.04245412349700928
-0.03175593167543411
-0.062222614884376526
-0.05263316631317139
-0.07849772274494171
-0.06108137220144272
-0.07784582674503326
-0.10517966747283936
-0.06943637132644653
-0.055391013622283936
-0.03618408739566802
-0.02018968015909195
-0.05555853247642517
-0.05655322223901749
-0.0683794766664505
-0.02081795409321785
-0.027680885046720505
-0.06448681652545929
-0.05585610866546631
-0.08543955534696579
-0.07536867260932921
-0.032886750996112823
-0.06606557965278625
-0.054156847298145294
-0.0676126480102539
-0.04464608058333397
-0.07775299996137619
-0.0716400146484375
-0.09759174287319183
-0.06809917837381363
-0.0694194883108139
-0.03055845946073532
-0.04657210409641266
-0.05677584558725357
-0.04727304354310036
-0.03316815942525864
-0.04424087330698967
-0.031620852649211884
-0.07245077192783356
-0.08232267200946806
-0.04073362797498703
-0.059718973934650414
-0.03801556304097176
-0.05610448122024536
-0.0693901777267456
-0.03659845143556594
-0.050843603909015656
-0.06924847513437271
-0.0552481934428215
-0.015481826849281788
-0.02196183055639267
-0.0067803142592310905
-0.06336253881454468
-0.06421411782503128
-0.05093307048082352
-0.06584464013576508
-0.04175165295600891
-0.030044492334127423
-0.050361521542072296
-0.05166575312614441
-0.03776819258928298
-0.06769321113824844
-0.03998556733131409
-0.07199683785438538
-0.04796848073601723
-0.08457939326763153
-0.06484494358301163
-0.05840374529361725
-0.06099218875169753
-0.09515878558158873
-0.07139351218938828
-0.03923609107732773
-0.06046246737241745
-0.08069840818643571
-0.0588330402970314
-0.09107479453086852
0.0003777062520384789
-0.025175243616104123
-0.04643100500106812
-0.06264478713274002
-0.06957100331783295
-0.0557110607624054
-0.05268080532550812
-0.04474085196852684
-0.0565834790468216
-0.08788442611694336
-0.0192665196955204
-0.029916852712631226
-0.045450806617736816
-0.05139891803264618
-0.09732038527727128
-0.055692300200462334
-0.054839253425598145
-0.0306333489716053
-0.0641266256570816
-0.09368889778852463
-0.06143957376480103
-0.08475014567375182
-0.07931506633758545
-0.05831962823867798
-0.07035349309444427
-0.04750212654471397
-0.0674985945224762
-0.04605504870414734
-0.049796096980571754
-0.04258057102560997
-0.02716013789176941
-0.07168973237276077
-0.06898488104343414
-0.04319656640291213
-0.044213041663169854
-0.08167369663715361
-0.05510788410902023
-0.05984237790107727
-0.05122103542089462
-0.010826359502971172
-0.02318895980715752
-0.04361683875322342
-0.07323239743709564
-0.06694672256708145
-0.06380285322666168
-0.07141170650720596
-0.0621982142329216
-0.041945774108171456
-0.0069992030039429665
-0.02140846475958824
-0.11607104539871216
-0.05630137771368027
-0.057491213083267205
-0.06798921525478363
-0.03319108113646507
-0.0504799485206604
-0.07279832661151886
-0.0475366935133934
-0.052948743104934685
-0.08546386659145355
-0.04700841009616852
-0.05747813731431961
-0.04109235107898712
-0.056925565004348755
-0.06873734295368195
-0.0441102609038353
-0.08202553540468216
-0.02596393227577209
-0.04518578946590424
-0.051612645387649536
-0.03519482538104057
-0.08133173733949661
-0.05267529934644699
-0.04312722384929657
-0.05870368331670761
-0.06009524315595626
-0.09644778072834016
-0.02890073508024216
-0.05473595857620239
-0.06977666914463043
-0.0352628156542778
-0.040803886950016015
-0.039669334888458245
-0.05910389870405197
-0.03543514758348465
-0.0737726017832756
-0.08886665105819702
-0.04751565307378769
-0.060684934258461
-0.07939150929450989
-0.05062350630760193
-0.05614525079727173
-0.04871783405542374
-0.06727606058120728
-0.08311618864536285
-0.04586523398756981
-0.032501496374607086
-0.028975881636142727
-0.0660557821393013
-0.0705612301826477
-0.04237471520900726
-0.04538855329155922
-0.047896459698677056
-0.06448015570640564
-0.03871175646781921
-0.025523196905851364
-0.09098686277866365
-0.044368669390678406
-0.053525082767009735
-0.07904195785522462
-0.029182676225900647
-0.08217515051364897
-0.0563419908285141
-0.1020510047674179
-0.0751001238822937
-0.057919330894947045
-0.04622052237391472
-0.02545845881104469
-0.062100790441036224
-0.05875822901725769
-0.03942713886499405
-0.05761991441249848
-0.06627470254898071
-0.032287128269672394
-0.08846532553434373
-0.06005115061998367
-0.07579689472913742
-0.043119188398122794
-0.08172507584095001
-0.059231191873550415
-0.03537898138165474
-0.07179628312587738
-0.034178465604782104
-0.10133089125156403
-0.0803314745426178
-0.06091826409101486
-0.03896191343665122
-0.05193917453289032
-0.06698636710643768
-0.07552577555179597
-0.02776485681533813
-0.07260779291391373
-0.05200758576393128
-0.09147193282842636
-0.09157425910234451
-0.06337440758943558
-0.06600494682788849
-0.11240825057029724
-0.049866318702697754
-0.04421426728367805
-0.09032931923866273
-0.06661518663167953
-0.05249352753162384
-0.06359876692295073
-0.0056275883689522735
-0.09027449786663055
-0.04194461554288864
-0.06657703965902328
-0.04053475707769394
-0.08331967890262604
-0.06348013877868652
-0.05127297341823578
-0.08662024140357971
-0.06072276830673218
-0.08421939611434937
-0.05309676378965378
-0.048604410141706474
-0.04638522118330002
-0.06695172935724257
-0.029626742005348206
-0.09260126203298567
-0.07256627827882767
-0.05315257608890533
-0.03613164275884628
-0.04339022561907768
-0.03233100473880768
-0.06058524549007416
-0.05558381974697113
-0.020509351044893265
-0.0632014349102974
-0.01868321746587753
-0.04153307154774666
-0.027017299085855484
-0.06438788026571274
-0.0446784570813179
-0.0006788494065403937
-0.04004870355129242
-0.04781069234013557
-0.06305578351020813
-0.02624228224158287
-0.031063146889209747
-0.040486834943294525
-0.02517901360988617
-0.0678458884358406
-0.03641195595264434
-0.041683390736579895
-0.054445162415504456
-0.06249852478504181
-0.020924225449562073
-0.04825471341609954
-0.05651748925447464
-0.04277993366122246
-0.06087027490139008
-0.059642910957336426
-0.05384881794452667
-0.03970162570476532
-0.036910559982061386
-0.046797342598438256
-0.029340937733650208
-0.04648330062627792
-0.07194063067436218
-0.06537322700023651
-0.10219133645296095
-0.04407349228858948
-0.02423713728785515
-0.0716240406036377
-0.04347603395581245
-0.058887481689453125
-0.03605990856885911
-0.05793155729770661
-0.049690298736095435
-0.04870690405368805
-0.030257347971200943
-0.06982292234897614
-0.04182930290699005
-0.03271178901195526
-0.07425446808338165
-0.06242666393518448
-0.022415652871131897
-0.06450216472148895
-0.07112661749124527
-0.05267741531133652
-0.010699684731662272
-0.06677041202783585
-0.07586935162544249
-0.049407072365283966
-0.0519835576415062
0.008288856595754622
-0.014000036753714085
-0.05647072196006775
-0.05262549966573715
-0.04584470763802528
-0.06037653237581253
-0.0816500335931778
-0.07733216881752014
-0.04611992835998535
-0.0410686433315277
-0.05452841520309448
-0.06507321447134018
-0.07387891411781311
-0.0662163645029068
-0.07456038892269135
-0.02655446529388428
-0.011474781669676304
-0.06787487119436264
-0.07830502837896347
-0.07641616463661194
-0.043539129197597504
-0.10278428345918655
-0.05069619417190552
-0.04351841285824776
-0.0493590235710144
-0.06816688179969788
-0.07634904980659485
-0.03914844989776611
-0.04967253655195236
-0.09340904653072356
-0.0661352127790451
-0.04512233659625053
-0.07289855927228926
-0.03574302792549133
-0.035216789692640305
-0.08197076618671417
-0.07786128669977187
-0.056687556207180016
-0.05665244907140732
-0.031866662204265594
-0.061881542205810554
-0.0320286899805069
-0.05930304527282714
-0.108599454164505
-0.04873809963464737
-0.03616803139448166
-0.0809699073433876
-0.06740104407072067
-0.046879548579454415
-0.06873736530542374
-0.035794418305158615
-0.06825326383113861
-0.011283663101494312
-0.04794032871723175
-0.0699920654296875
-0.05798350274562836
-0.027818631380796432
-0.03201167285442352
-0.07346919178962708
-0.11258400976657867
-0.03330616652965546
-0.07046017795801163
-0.03627825528383255
-0.0507378876209259
-0.061615735292434685
-0.045289624482393265
-0.08279454708099365
-0.06279818713665009
-0.03367890790104866
-0.054646372795104974
-0.06287586688995361
-0.08716216683387756
-0.025769885629415512
-0.06731505692005157
-0.046540409326553345
-0.05915060639381409
-0.04222927987575531
-0.07101254910230637
-0.04883928596973419
-0.04644057899713516
-0.07213438302278519
-0.07042121142148972
-0.031155817210674282
-0.056527242064476006
-0.041439857333898544
-0.06317294389009476
-0.0403985008597374
-0.048947058618068695
-0.061978846788406365
-0.03862138092517853
-0.09387513995170592
-0.04208767786622048
-0.08227941393852234
-0.053681544959545135
-0.0593293160200119
-0.05352090299129486
-0.07183034718036652
-0.059571683406829834
-0.04560275748372078
-0.05224566161632538
-0.03192417323589325
-0.0791937932372093
-0.06519756466150284
-0.0520775243639946
-0.052208937704563134
-0.07898846268653868
-0.03630369901657104
-0.050254493951797485
-0.06327389180660248
-0.04412158578634262
-0.04157518967986106
-0.08021952211856842
-0.058328650891780846
-0.06118367612361908
-0.0657421126961708
-0.08925619721412657
-0.030642084777355198
-0.08461321890354156
-0.02407096698880196
-0.05073709785938263
-0.04203195869922638
-0.056846566498279565
-0.01613333448767662
-0.03802569955587387
-0.06419910490512848
-0.05730544775724411
-0.07439921796321869
-0.07759273797273636
-0.07589681446552275
-0.054878607392311096
-0.08360572159290314
-0.09241672605276109
-0.0002976292744278908
-0.03857991099357605
-0.04362576827406883
-0.09180813282728195
-0.04280576482415199
-0.07221070677042006
-0.03897351771593094
-0.055092230439186096
-0.04243075847625733
-0.03747781738638878
-0.04341501370072365
-0.04569081217050552
-0.08462504297494888
-0.030465591698884964
-0.04221928119659424
-0.043216444551944726
-0.06570078432559967
-0.03264307230710983
-0.061373017728328705
-0.05561409890651703
-0.06903272867202759
-0.04933994263410568
-0.08005501329898834
-0.043024055659770966
-0.01376232784241438
-0.07897285372018814
-0.07950873672962189
-0.061802566051483154
-0.08689828217029572
-0.04808148741722106
-0.03607067093253136
0.003330118954181671
-0.06070666760206223
-0.043453514575958245
-0.06008042395114899
-0.07138755172491074
-0.030301228165626522
-0.041760385036468506
-0.047922246158123016
-0.05389887094497681
-0.06048864871263504
-0.06449709832668304
-0.03865277022123337
-0.028344750404357914
-0.08916471153497696
-0.07937014102935791
-0.04988580197095871
-0.08777938783168791
-0.06662551313638687
-0.06475115567445755
-0.06122718006372452
-0.04268049076199532
-0.02294085174798965
-0.061944551765918725
-0.049699075520038605
-0.053060382604599
-0.07452188432216643
-0.0531313493847847
-0.05745954066514969
-0.07268860191106796
-0.061744175851345055
-0.1061553955078125
-0.06364496052265167
-0.07664086669683456
-0.03800719231367111
-0.07423017919063568
-0.07728740572929382
-0.04636668786406517
-0.08753259479999542
-0.05752323567867279
-0.03420526534318924
-0.035562675446271896
-0.058026522397995
-0.05527488142251968
-0.05334220081567764
-0.04897230863571167
-0.06653136759996414
-0.06454172730445862
-0.06327809393405913
-0.06319878995418549
-0.05748726427555084
-0.02933220565319061
-0.05908986926078796
-0.06868135929107666
-0.052706152200698846
-0.06215023994445801
-0.07234775274991989
-0.044968128204345696
-0.04358353465795517
-0.06668567657470703
-0.055968038737773895
-0.04220300912857056
-0.08673051744699478
-0.07724545150995255
-0.05237460881471634
-0.06501340121030807
-0.010767013765871525
-0.10081435739994048
-0.051178529858589165
-0.03949617967009544
-0.0705026388168335
-0.0528949350118637
-0.05706815421581268
-0.03970403969287872
-0.07036766409873961
-0.06476311385631561
-0.029831293970346447
-0.04455186799168587
-0.05140572786331177
-0.08102123439311981
-0.052083179354667664
-0.0231839120388031
-0.09666421264410019
-0.050567880272865295
-0.0697546899318695
-0.08068719506263733
-0.06417234241962433
-0.06574089825153351
-0.04747699946165085
-0.03566664084792137
-0.03733406215906143
-0.027630675584077835
-0.09225268661975859
-0.04927532374858856
-0.06796488910913467
-0.04713661596179008
-0.10071301460266112
-0.06458372622728348
-0.06365688145160675
-0.04787357896566391
-0.0583597868680954
-0.07284983992576598
-0.05867917835712433
-0.05089010298252106
-0.08657880127429962
-0.06740979105234146
-0.015594777651131151
-0.065301313996315
-0.06306837499141693
-0.06101500988006592
-0.06381384283304214
-0.04800740256905556
-0.06351366639137268
-0.05964435636997223
-0.06323782354593277
-0.0299789160490036
-0.03730178624391556
-0.07200935482978821
-0.0740329474210739
-0.05436168611049652
-0.01946849748492241
-0.03553333878517151
-0.04492573812603951
-0.030294273048639297
-0.050357326865196235
-0.037325534969568246
-0.02793087810277939
-0.0571846067905426
-0.042964477092027664
-0.06809719651937485
-0.04675721377134323
-0.07328186929225922
-0.016254160553216934
-0.05919385701417922
-0.06987322866916656
-0.050121426582336426
-0.04248998314142227
-0.04864341393113136
-0.060149163007736206
-0.03343401104211807
-0.06106103956699371
-0.05653254687786102
-0.04454131796956062
-0.04765991494059563
-0.046346206218004234
-0.05949419736862183
-0.02560550719499588
-0.05484733730554581
-0.10766480863094328
-0.04726836830377579
-0.05523718148469925
-0.05876404047012329
-0.07690645754337311
-0.030542612075805664
-0.0555989146232605
-0.03271519020199776
-0.07272484153509139
-0.08336453139781952
-0.06537161022424698
-0.05434000492095947
-0.0973099172115326
-0.06139443814754486
-0.04970793426036835
-0.06492495536804199
-0.0856446921825409
-0.022010289132595066
-0.10018711537122726
-0.05058667808771133
-0.016833383589982986
-0.08892256766557693
-0.03816475719213486
-0.09929071366786957
-0.07306323945522307
-0.04595533013343811
-0.044511828571558
-0.08451615273952483
-0.043622877448797226
-0.06842438876628876
-0.05018393695354462
-0.08126997947692871
-0.08580466359853745
-0.050744697451591485
-0.05168692022562026
-0.07077928632497787
-0.07155374437570572
-0.05076342821121216
-0.05419892072677612
-0.03226533159613609
-0.037780925631523125
-0.07092925161123276
-0.03690924122929573
-0.03697032481431961
-0.048912182450294495
-0.047641601413488395
-0.023575030267238617
-0.07066138088703156
-0.028469640761613842
-0.029591016471385956
-0.02660013735294342
-0.02419927716255188
-0.038506336510181434
-0.08119518309831619
-0.0509331151843071
-0.05881686508655548
-0.03657832369208336
-0.09073010087013245
-0.0679139643907547
-0.07995526492595673
-0.07368749380111694
-0.052773386240005486
-0.06618321686983109
-0.046812206506729126
-0.039056330919265754
-0.047472409904003136
-0.07102885097265244
-0.09715672582387923
-0.09509500861167908
-0.03399370238184929
-0.053811945021152496
-0.05206301063299179
-0.0540691539645195
-0.052705563604831696
-0.027877826243638992
-0.05888088047504425
-0.01919867843389511
-0.03296097368001938
-0.04643744975328445
-0.08134700357913971
-0.06743067502975464
-0.054954379796981805
-0.08405359089374542
-0.0674162209033966
-0.0540650337934494
-0.0612187460064888
-0.04479693993926048
-0.04796218127012253
-0.06895622611045837
-0.05669647455215454
-0.09292142838239667
-0.11229151487350464
-0.03596429154276848
-0.04850686341524124
-0.07693086564540863
-0.04391875118017197
-0.030418511480093
-0.04740319028496742
-0.06181842088699341
-0.04449670016765594
-0.07826351374387741
0.0010978141799569128
-0.05348022282123566
-0.06656099110841751
-0.106681726872921
-0.034328483045101166
-0.04928472638130188
-0.03738311678171158
-0.02197577804327011
-0.030772496014833447
-0.06040005385875702
-0.051834240555763245
-0.08449291437864302
-0.027139991521835327
-0.04829058796167374
-0.08641324937343597
-0.0490460991859436
-0.06882843375205994
-0.04361637309193611
-0.023285165429115292
-0.061368569731712334
-0.09003186225891113
-0.06466257572174072
-0.015128633938729765
-0.001226692460477352
-0.055607870221138
-0.014245388098061085
-0.05072750151157379
-0.028655730187892917
-0.04285635426640511
-0.04416856542229653
0.0015701837837696075
-0.07350221276283264
-0.04081249982118607
-0.08057745546102525
-0.05930902808904648
-0.0714605450630188
-0.08659981936216353
-0.04940593242645264
-0.03894498199224472
-0.03184060752391815
-0.05674102157354354
-0.08146741986274718
-0.05510824918746948
-0.056128568947315216
-0.05991880595684052
-0.021648727357387543
-0.020570863038301468
-0.1284253895282745
-0.053829632699489594
-0.04519536346197128
-0.11337751150131224
-0.06017179787158966
-0.04479013383388519
-0.07187123596668243
-0.011445957235991955
-0.06313005089759827
-0.05812046676874161
-0.06366705894470215
-0.07974126189947128
-0.046091288328170776
-0.054527826607227325
-0.0915901958942413
-0.027332056313753128
-0.04084860533475876
-0.09651823341846466
-0.02781163528561592
-0.02295267954468727
-0.04933460056781769
-0.07864773273468018
-0.06475774943828583
-0.06450466811656952
-0.04977738857269287
-0.05793090164661408
-0.034426335245370865
-0.04477479308843613
-0.0385945700109005
-0.05234062671661377
-0.07263493537902832
-0.060154080390930176
-0.028458971530199047
-0.051084890961647034
-0.060711570084095
-0.05119144916534424
-0.04538017138838768
-0.03925767913460732
-0.07372651249170302
-0.06494791060686111
-0.05971710383892059
-0.04482834413647652
-0.08431243896484375
-0.0327376164495945
-0.07721018046140671
-0.0320599228143692
-0.08748116344213484
-0.07675912976264954
-0.04113101214170456
-0.09692941606044768
-0.09391804039478302
-0.0774473175406456
-0.07603733241558075
-0.07345049083232878
-0.023518241941928864
-0.07180561125278473
-0.03761186078190804
-0.01533216331154108
-0.04947114735841751
-0.0326835960149765
-0.05818451941013336
-0.038358338177204125
-0.0453365370631218
-0.022443782538175583
-0.04088389128446578
-0.07362093776464462
-0.050038009881973274
-0.054878368973732
-0.04224586486816406
-0.06198979914188385
-0.07091936469078064
-0.09350723773241043
-0.021777763962745663
-0.05021914839744568
-0.05765046924352646
-0.06322099268436432
-0.07386250793933868
-0.041938774287700646
-0.052346229553222656
-0.06376712024211884
-0.08291026949882507
-0.08465720713138579
-0.06949049979448318
-0.06926754862070084
-0.022878468036651608
-0.08612672984600067
-0.08297505229711533
-0.04351718723773956
-0.04818454384803772
-0.043758735060691833
-0.0512370765209198
-0.07987793534994125
-0.07661987841129304
-0.04208650439977646
-0.040554244071245193
-0.028633229434490204
-0.07573138177394867
-0.03881372511386871
-0.046596243977546685
-0.04116007313132286
-0.07901273667812347
-0.09583997726440428
-0.09998746216297148
-0.04280025511980057
-0.04021435976028442
-0.06030186265707016
-0.04432087764143944
-0.030595719814300537
-0.0634339302778244
-0.06519833207130432
-0.06468452513217926
-0.0512656643986702
-0.05970308184623718
-0.00019630324095487597
-0.06382323801517487
-0.07271821796894073
-0.012048431672155855
-0.08394255489110945
-0.057309851050376885
-0.0732637345790863
-0.044558409601449966
-0.02401356771588325
-0.034921664744615555
-0.04577995836734772
-0.102163128554821
-0.075203537940979
-0.03942028805613518
-0.037529908120632165
-0.055714376270771034
-0.12468072772026062
-0.02693629264831543
-0.06854227185249329
-0.04864378273487091
-0.07064943015575409
-0.058290868997573846
-0.09996025264263152
-0.07723496854305267
-0.08559007942676544
-0.02344200015068054
-0.02407639473676681
-0.0579514279961586
-0.07375967502593994
-0.04400061070919037
-0.04443125054240227
-0.07023516297340393
-0.0859803259372711
-0.05822613090276718
-0.05580895394086838
-0.07655851542949677
-0.01457993034273386
-0.03449908643960953
-0.08799248933792114
-0.03190138563513756
-0.06231343001127243
-0.08194440603256226
-0.03969082236289977
-0.06920620799064636
-0.04523210972547531
-0.038571618497371674
-0.03550979867577553
-0.03807825222611427
-0.05943442136049271
-0.06474718451499939
-0.0722449943423271
-0.10254357010126113
-0.06299738585948944
-0.05322392284870148
-0.061114244163036346
-0.031746622174978256
-0.059710949659347534
-0.07142026722431183
-0.030658476054668423
-0.04142564162611961
-0.0713450238108635
-0.053659357130527496
-0.06049380451440811
-0.041113242506980896
-0.05774006992578506
-0.0329197458922863
-0.0260167233645916
-0.058080032467842095
-0.03053787350654602
-0.06799913197755814
-0.04234754294157028
-0.06819596141576767
-0.004697452299296856
-0.045013099908828735
-0.08576393127441406
-0.04686947911977768
-0.05998532474040985
-0.06247161328792572
-0.07368107885122299
-0.03787550330162048
-0.053992822766304016
-0.01614201068878174
-0.07512965053319931
-0.05977626144886017
-0.025321669876575467
-0.09697565436363219
-0.08586249500513075
-0.05527932196855545
-0.08539909124374388
-0.04523462802171707
-0.03884278610348701
-0.08137992024421693
-0.04944095015525818
-0.053223498165607445
-0.03913359716534615
-0.0849423035979271
-0.06989999115467072
-0.02404039353132248
-0.07173700630664825
-0.04328950494527817
-0.06673893332481384
-0.05146171897649765
-0.05616956949234009
-0.07952569425106049
-0.06259895116090775
-0.04612949863076209
-0.05781248956918717
-0.052732937037944794
-0.055360689759254456
-0.09652745723724365
-0.02670180052518845
-0.07514944672584532
-0.01197997946292162
-0.0463993102312088
-0.03663552924990653
-0.03922929614782333
-0.06633928418159485
-0.08160471916198729
-0.07107694447040558
-0.05500204861164093
-0.06468934565782547
-0.05969817936420441
-0.09176654368638992
-0.05671989917755127
-0.08126495778560638
-0.031484294682741165
-0.053256794810295105
-0.0270254909992218
-0.03777345642447472
-0.06238734722137451
-0.08501576632261276
-0.10009019076824188
-0.05095694959163666
-0.04462424665689468
-0.04509111866354942
-0.05894148349761962
-0.0806509479880333
-0.05609197914600372
-0.08750605583190918
-0.07361119240522385
-0.04728361964225769
-0.04919803142547608
-0.08004100620746611
-0.04967544972896576
-0.03248335421085358
-0.05998169630765914
-0.059298209846019745
-0.07840511202812195
-0.07201072573661804
-0.10159367322921752
-0.022509455680847168
-0.03410651907324791
-0.056191816926002496
-0.061674930155277245
-0.0651925578713417
-0.07707066833972931
-0.0397607758641243
-0.040406327694654465
-0.0699385479092598
-0.027364488691091537
-0.04509290307760239
-0.08293130993843079
-0.04963436722755432
-0.08178452402353287
-0.04818151891231537
-0.05986044555902481
-0.05312374979257584
-0.0827290490269661
-0.07427659630775452
-0.061244651675224304
-0.06906767934560776
-0.06789258867502213
-0.03395530581474304
-0.04772678017616272
-0.06707197427749634
-0.07867005467414856
-0.0729532390832901
-0.07362770289182664
-0.09057219326496124
-0.054059654474258416
-0.09579370915889743
-0.05025671422481537
-0.03544306755065917
-0.07223990559577942
-0.06688205897808075
-0.04107355326414108
-0.05618739128112793
-0.040248822420835495
-0.04447563365101814
-0.06327639520168304
-0.021583236753940582
-0.06988769769668579
-0.027376726269721985
-0.06078037619590759
-0.06532076001167297
-0.06262362003326416
-0.05670057237148285
-0.015942048281431198
-0.06136465072631836
-0.037653204053640366
-0.037113793194293976
-0.03220184147357941
-0.0733760893344879
-0.03605100885033608
-0.06524023413658142
-0.006696055643260479
-0.013236199505627155
-0.04106722772121429
-0.03555859625339508
-0.07095764577388763
-0.03982805460691452
-0.0480366051197052
-0.07477784156799315
-0.03144700825214385
-0.064146488904953
-0.05607493221759796
-0.06054941564798355
-0.0362730361521244
-0.023105178028345108
-0.09396132826805113
-0.08290466666221617
-0.050957933068275445
-0.10128125548362732
-0.04644234478473663
-0.09048088639974594
-0.041520077735185616
-0.037652816623449326
-0.01635371521115303
-0.07134116441011429
-0.022175740450620648
-0.05367578566074371
-0.04817583784461021
-0.0031006978824734688
-0.02783401682972908
-0.03254058212041855
-0.055308856070041656
-0.026266664266586304
-0.041698120534420006
-0.04350042343139648
-0.057650074362754815
-0.09459964931011201
-0.07207044959068297
-0.04196654632687569
-0.05912068486213684
-0.06517598778009415
-0.05974341928958893
-0.06797945499420166
-0.0483381524682045
-0.052937969565391534
-0.03266674652695656
-0.043580133467912674
-0.03726046532392502
-0.06612306088209152
-0.05714883655309677
-0.05425194650888442
-0.060373395681381226
-0.05753043293952942
-0.054409593343734734
-0.05356624722480774
-0.041573598980903625
-0.023565828800201416
-0.07775888592004776
-0.05291503667831421
-0.07946202903985977
-0.049591317772865295
-0.03872589394450188
-0.03397325798869133
-0.0387747399508953
-0.09661805629730225
-0.06201106309890747
-0.04400067403912544
-0.04743201285600662
-0.021316178143024445
-0.06435928493738174
-0.025880731642246246
-0.08893332630395889
-0.07295051217079161
-0.050752706825733185
-0.061406530439853675
-0.051607221364974976
-0.06833665072917938
-0.0645790696144104
-0.049938127398490906
-0.09270458668470383
-0.07955147325992584
-0.05882608890533447
-0.05758178234100342
-0.04568004608154297
-0.06520331650972366
-0.03623203933238983
-0.028995178639888763
-0.030983231961727142
-0.04801936820149422
-0.04331936314702033
-0.08269084990024567
-0.009663191623985767
-0.06848429888486862
-0.010911674238741396
-0.054387979209423065
-0.05238259583711624
-0.071440689265728
-0.054502084851264954
-0.048363037407398224
-0.046851180493831635
0.0076906057074666015
-0.05589639395475388
-0.044100843369960785
-0.061747387051582336
-0.034093089401721954
-0.03923271968960761
-0.05751480907201767
-0.05342645198106766
-0.05766636878252029
-0.051211193203926086
-0.06847366690635681
-0.05617640167474747
-0.034767936915159225
-0.044228609651327126
-0.06995377689599991
-0.06420161575078964
-0.05665060877799988
-0.09253843128681184
-0.04085927456617355
-0.02802444249391556
-0.03852033615112305
-0.06433536112308502
-0.08994873613119125
-0.08917854726314545
-0.031240038573741913
-0.06726723909378052
-0.05992999672889709
-0.05915060639381409
-0.021395370364189148
-0.057820700109004974
-0.08206959813833235
-0.04493459686636925
-0.08886957913637161
-0.025754205882549282
-0.05827189981937408
-0.013390046544373035
-0.06248564273118973
-0.07315245270729065
-0.06596878170967102
-0.06549374014139175
-0.04126664996147156
-0.06263807415962219
-0.09173657000064848
-0.08103938400745392
-0.06858059018850327
-0.07288099825382233
-0.04609932750463486
-0.05620789527893066
-0.03728920966386795
-0.07973837852478027
-0.018817484378814697
-0.07678994536399841
-0.05388178676366807
-0.054648697376251214
-0.07923765480518341
-0.05616690218448639
-0.08178815245628357
-0.03223682567477226
-0.036926448345184326
-0.035035312175750725
-0.058227114379405975
-0.08362270891666412
-0.04963582009077072
-0.009357237257063389
-0.06953403353691101
-0.01701688766479492
-0.04852476716041565
-0.07080081105232239
-0.06914583593606949
-0.08253628015518188
-0.05016519874334335
-0.05823211371898651
-0.03716029226779938
-0.07840999960899353
-0.05219078063964844
-0.07592226564884186
-0.039223562926054
-0.04287451505661011
-0.059263795614242554
-0.09233631938695908
-0.08212646842002867
-0.07828637957572937
-0.04880119115114212
-0.06488151103258133
-0.04559411481022834
-0.04976172745227814
-0.03115608543157577
-0.008564273826777935
-0.03540247306227684
-0.03433331474661827
-0.046716425567865365
-0.011474440805613995
-0.042276404798030846
-0.04942063242197037
-0.013322082348167896
-0.11149021983146667
-0.08364710956811905
-0.03937589377164841
-0.06477446854114532
-0.06918098032474518
-0.09477387368679047
-0.047276969999074936
-0.03534287214279175
-0.05957698076963425
-0.052888363599777215
-0.015485231764614582
-0.024205721914768216
-0.028089143335819244
-0.04612720012664794
-0.08842800557613373
0.010330679826438425
-0.05488964915275574
-0.106725737452507
-0.059945881366729736
-0.027426827698946
-0.04978646337985992
-0.06977339088916779
-0.06843109428882599
-0.027345821261405945
-0.06425493955612183
-0.02119927853345871
-0.09370192885398863
-0.03513113409280777
-0.03101072832942009
-0.0653710588812828
-0.08516561985015869
-0.0451408177614212
-0.05763658881187439
-0.04846394062042236
-0.05898261070251465
-0.05025451630353928
-0.03863075375556946
-0.09995535761117937
-0.055339515209198
-0.07378669828176497
-0.045660242438316345
-0.0520096942782402
-0.04811924323439598
-0.042564921081066125
-0.07586319744586945
-0.0765228345990181
-0.01773173362016678
-0.05058503895998001
-0.0381462499499321
-0.07301072776317596
-0.03386608511209488
-0.0438845083117485
-0.05210251361131668
-0.029007211327552795
-0.09044145047664641
-0.06675569713115692
-0.038776643574237823
-0.020154371857643127
-0.06724012643098831
-0.028002720326185223
-0.051047809422016144
-0.045043665915727615
-0.0531320720911026
-0.06824986636638641
-0.04209970310330391
-0.06218273937702178
-0.042543984949588776
-0.06220902502536774
-0.04677879437804222
-0.030110105872154236
-0.031209085136651993
-0.06637172400951385
-0.06261450052261353
-0.08784706145524977
-0.1015034019947052
-0.04438577964901924
-0.04535501822829247
-0.03592492640018463
-0.09006309509277342
-0.07112577557563782
-0.05466554313898087
-0.056049153208732605
-0.0842335671186447
-0.04803774878382682
-0.08610830456018448
-0.07137234508991241
-0.10187207907438278
-0.061812669038772576
-0.08557756245136261
-0.058688759803771966
-0.05499325692653656
-0.058004118502140045
-0.0597052276134491
-0.0818343386054039
-0.07128928601741791
-0.030276551842689518
-0.07073483616113663
-0.04870112240314484
-0.057496458292007446
-0.032727353274822235
-0.051914282143116
-0.04270763695240021
-0.02740513160824776
-0.07817678898572922
-0.05080334097146988
-0.04728291928768157
-0.06687000393867493
-0.0498756542801857
-0.03892159834504128
-0.035933755338191986
-0.06951578706502913
-0.04796290770173073
-0.11476245522499084
-0.036465764045715325
-0.06857603043317795
-0.05554624646902084
-0.05532257258892059
-0.03266407921910285
-0.05065497010946274
-0.08795334398746489
-0.02955733984708786
-0.054539993405342095
-0.027500923722982407
-0.06940117478370667
-0.08209102600812912
-0.03800744563341141
-0.07888545840978622
-0.01757252961397171
-0.023242365568876263
-0.07411067932844163
-0.12563584744930267
-0.05419804900884628
-0.08521129190921782
-0.05881961435079575
-0.047603607177734375
-0.10504163056612013
-0.03595428168773651
-0.05993230640888214
-0.061942338943481445
-0.05284854024648666
-0.049013733863830566
-0.06411992013454437
-0.05979369580745697
-0.035452984273433685
-0.04621183127164841
-0.04666496440768242
-0.09050197154283524
-0.044613391160964966
-0.07988792657852173
-0.05076064914464951
-0.02222529426217079
-0.04418320208787918
-0.06273710727691649
-0.044522792100906365
-0.07817380130290985
-0.03784764930605888
-0.016622304916381836
-0.039754778146743774
-0.05273076891899109
-0.05513206124305725
-0.03023982048034668
-0.05730260908603668
-0.0568964034318924
-0.03277024254202843
-0.0574871003627777
-0.06047913432121277
-0.045739807188510895
-0.04632185399532318
-0.06778969615697861
-0.06977487355470657
-0.016405530273914337
-0.05360518395900726
-0.044039849191904075
-0.04894562065601349
-0.0781039223074913
-0.09272767603397368
-0.06491895765066147
-0.09489953517913817
-0.0654575452208519
-0.10450358688831328
-0.055309221148490906
-0.06664441525936127
-0.06232447177171707
-0.03839477524161338
-0.06688277423381805
-0.07782772183418275
-0.05395366251468658
-0.03311284258961677
0.0005772020667791368
-0.05597354471683502
-0.028416749089956284
-0.062134593725204475
-0.05369794368743896
-0.07137122005224228
-0.06729544699192047
-0.05845606327056885
-0.06292860954999924
-0.06662672758102417
-0.06313785165548325
-0.05260546505451202
-0.05658907443284989
-0.050870925188064575
-0.034855935722589486
-0.06320162862539291
-0.026804275810718536
-0.05296336114406586
-0.013932057656347752
-0.054068982601165765
-0.06317706406116486
-0.06343166530132294
-0.04601237922906876
-0.0806741565465927
-0.05449450761079788
-0.06421319395303726
-0.03996102139353752
-0.01794816181063652
-0.05618967115879058
-0.02824590727686882
-0.06932368874549866
-0.06114804744720458
-0.029679819941520687
-0.05992177873849869
-0.034657251089811325
-0.0594220831990242
-0.018657140433788296
-0.09045045077800751
-0.03285384923219681
-0.08275236189365387
-0.02501744031906128
-0.019440989941358566
-0.02180751785635948
-0.03693605586886406
-0.04667012020945549
-0.07152874022722244
-0.07138483971357346
-0.06716956198215485
-0.05239415168762207
-0.038887884467840195
-0.03609799966216087
-0.05233927071094513
-0.08566777408123016
-0.026758089661598206
-0.015648923814296722
-0.022466711699962612
-0.05173947662115097
-0.061378464102745056
-0.02646227180957794
-0.08631859719753265
-0.03647003322839737
-0.0675034448504448
-0.04533910751342773
-0.07718531787395477
-0.06430564075708389
-0.040220316499471664
-0.09879376739263535
-0.05466502904891968
-0.031786516308784485
-0.0343933142721653
-0.07811390608549118
-0.03940477222204208
-0.06156638264656066
-0.06269802153110504
-0.08704949170351027
-0.06339868903160095
-0.06346210837364197
-0.05098550766706467
-0.05250264704227448
-0.0633036345243454
-0.09316370636224745
-0.07631777226924896
-0.10218030959367752
-0.023496195673942562
-0.05882491916418076
-0.013662786222994328
-0.06515993922948837
-0.015580185689032076
-0.10739834606647491
-0.047270335257053375
-0.0551544576883316
-0.05414573103189468
-0.04820290207862855
-0.045449547469615936
-0.05211371183395386
-0.09129398316144945
-0.037264928221702576
-0.06648321449756622
-0.06223493069410324
-0.05509941279888153
-0.0545026957988739
-0.05134620517492294
-0.0751667246222496
-0.06338290870189667
-0.04579366743564606
-0.06219437718391418
-0.05522504448890687
-0.08105228096246718
-0.07954936474561691
-0.07863888144493103
-0.04643367603421211
-0.08318615704774857
-0.07912723720073701
-0.07214829325675964
-0.06652908027172089
-0.04874052107334137
-0.04783786460757256
-0.06654258072376251
-0.0346350222826004
-0.07145954668521881
-0.08811202645301817
-0.06772935390472412
-0.08325853198766707
-0.04369017109274864
-0.05308371782302856
-0.040690727531909936
-0.010987223125994204
-0.026460424065589905
-0.07437682896852493
-0.053918138146400445
-0.029549721628427505
-0.06047721952199936
-0.07152478396892548
-0.04884496331214905
-0.0733790248632431
-0.044497989118099206
-0.045275818556547165
-0.0753650665283203
-0.03742643818259239
0.005060710944235325
-0.07069596648216248
-0.05524483323097229
-0.05292221903800964
-0.03799767047166824
-0.030338600277900692
-0.10213790088891984
-0.045614320784807205
-0.02062441781163216
-0.06010939925909042
-0.0467001274228096
-0.040647976100444794
-0.07031119614839554
-0.041350722312927246
-0.040790554136037833
-0.04115592688322067
-0.06349524855613708
-0.002155792899429798
-0.041330233216285706
-0.05564113706350327
-0.037657208740711205
-0.007902308367192745
-0.015051101334393024
-0.06059004366397858
-0.04454145208001137
-0.05368081480264664
-0.026772476732730865
-0.03272198513150215
-0.026275433599948883
-0.07176141440868378
-0.058903247117996216
-0.05983060598373413
-0.04627664387226105
-0.011136139743030071
-0.04590979963541031
-0.09434621036052704
-0.027815096080303192
-0.05286847054958344
-0.04248698055744171
-0.045345168560743325
-0.07248303294181822
-0.01703079789876938
-0.020541317760944366
-0.051301658153533936
-0.05141641199588776
-0.06589346379041672
-0.058184027671813965
-0.03627140074968337
-0.06733289361000061
-0.0805182233452797
-0.09555142372846605
-0.03685320168733597
-0.0440581887960434
-0.04421892762184143
-0.02267840504646301
-0.072581022977829
-0.0847935378551483
-0.0602133423089981
-0.06267157942056656
-0.07757973670959473
-0.06150689721107482
-0.06354966014623642
-0.07421742379665375
-0.06273320317268372
-0.0585905909538269
-0.08697129040956497
-0.033401548862457275
-0.024647846817970276
-0.08955650776624678
-0.05271796137094498
-0.05689486861228943
-0.09693387895822525
-0.021517924964427948
-0.07128390669822693
-0.05367860943078994
-0.04255605861544609
-0.07690971344709395
-0.047816962003707886
-0.01824747025966644
-0.07738156616687775
-0.06690719723701477
-0.005190772004425526
-0.0401696152985096
-0.08699944615364073
-0.06594214588403702
-0.04319152981042862
-0.090284526348114
-0.06747782230377197
-0.07686648517847061
-0.08273492008447646
-0.09731830656528474
-0.041514530777931206
-0.04193028062582016
-0.048069138079881675
-0.037446409463882446
-0.04545755311846733
-0.052099384367465966
-0.018486015498638157
-0.06767435371875763
-0.1428205966949463
-0.0719914510846138
-0.08716820180416107
-0.04165654256939888
-0.02934761717915535
-0.04695988446474075
-0.0987621545791626
-0.06198285520076752
-0.07417080551385878
-0.05114121735095978
-0.08008553832769395
-0.06740003824234009
-0.07960377633571623
-0.07759863138198851
-0.06448382139205933
-0.057684578001499176
-0.0601344108581543
-0.0894661396741867
-0.11428292095661163
-0.08069734275341035
-0.09157466143369673
-0.0430103987455368
-0.053587332367897034
-0.06556057929992676
-0.028202757239341732
-0.031026840209960938
-0.0537000298500061
-0.05574187636375427
-0.04720380529761314
-0.03785207122564316
-0.03465111553668976
-0.035414643585681915
-0.07451683282852173
-0.02657152339816093
-0.03265804797410965
-0.033076327294111245
-0.07767769694328307
-0.08387265354394911
-0.08010213822126387
-0.0703156515955925
-0.07317692041397095
-0.02991010993719101
-0.026334155350923535
-0.06900057196617126
-0.08428865671157838
-0.08259938657283784
-0.07907712459564209
-0.04150061309337616
-0.035182371735572815
-0.10393692553043364
-0.09491325914859773
-0.06403377652168274
-0.07762540131807326
-0.07540547847747801
-0.022643160074949265
-0.07194548845291138
-0.09555586427450179
-0.01128284353762865
-0.07398153841495515
-0.04045223817229271
-0.06306258589029312
-0.039122339338064194
0.0002632616087794304
-0.022645391523838043
-0.02379505336284637
-0.05764336884021759
-0.07010877877473831
-0.030373886227607727
-0.03890076279640198
-0.05314014106988906
-0.03709935769438744
-0.09041433036327362
-0.09248241782188416
-0.050665155053138726
-0.08087078481912613
-0.02553445473313332
-0.0491187646985054
-0.06047265231609344
-0.014852895401418207
-0.06708136945962906
-0.07633350789546967
-0.0870208591222763
-0.05010157823562622
-0.04389253258705139
-0.04325271397829056
-0.045907247811555855
-0.07523491233587265
-0.06381578743457794
-0.037533357739448554
-0.04889199137687683
-0.06725436449050903
-0.0760354995727539
-0.05835027992725372
-0.04425567388534546
-0.07292826473712921
-0.06786903738975525
-0.05516626685857773
-0.05180373787879944
-0.06416282802820206
-0.099611297249794
-0.09255115687847136
-0.040610313415527344
-0.0813714861869812
-0.06657007336616516
-0.02718392387032509
-0.02374986559152603
-0.08615002036094666
-0.04954175651073456
-0.01977496221661568
-0.06064581871032714
-0.04134485870599747
-0.04957173764705657
-0.048188559710979455
-0.033163562417030334
-0.06316139549016953
-0.03338180482387543
-0.0439513623714447
-0.034455157816410065
-0.03854001313447952
-0.04104116931557655
-0.05641256272792816
-0.043284106999635696
-0.05538109689950943
-0.060919895768165595
-0.01937858760356903
-0.04189307615160942
-0.036342814564704895
-0.07899572700262068
-0.0404946506023407
-0.10918115079402924
-0.04205510765314102
-0.055795200169086456
-0.033450059592723846
-0.01161442045122385
-0.06409420073032379
-0.02234097570180893
-0.031029723584651947
-0.04749802872538567
-0.06359593570232391
-0.03718120604753494
-0.04546377807855606
-0.07157771289348601
-0.059839218854904175
-0.05763319879770279
-0.0648130476474762
-0.09141355752944946
-0.08470231294631958
-0.044763438403606415
-0.0628432035446167
-0.060508280992507935
-0.0560276061296463
-0.04767705872654914
-0.13213312625885007
-0.08825512975454329
-0.07038850337266922
-0.0700506791472435
-0.07277865707874298
-0.06727840006351471
-0.07996965944766998
-0.06168220937252045
-0.037550274282693856
-0.03290702402591705
-0.062095388770103455
-0.09134948998689651
-0.06396326422691345
-0.029817737638950348
-0.08448643982410432
-0.06419376283884048
-0.04989336431026459
-0.008143003098666668
-0.07403837144374846
-0.07625903189182281
-0.01739414781332016
-0.04363546147942543
-0.08998151123523712
-0.09457340836524963
-0.03966119140386581
-0.05371180921792984
-0.05865216255187988
-0.053947508335113525
-0.01240426767617464
-0.03944461792707443
-0.06933568418025969
-0.05300690233707428
-0.032654911279678345
-0.042057890444993966
-0.06574714183807373
-0.05328357219696045
-0.0584518164396286
-0.02952580899000168
-0.038655776530504234
-0.06642918288707733
-0.0826757252216339
-0.05606808513402938
-0.0677359327673912
-0.06337954849004745
-0.06206835806369781
-0.03299180790781975
-0.04296896606683731
-0.056432083249092095
-0.0601213127374649
-0.08242041617631912
-0.05414879322052001
-0.05312556028366089
-0.03817607834935188
-0.10132625699043273
-0.058685369789600365
-0.05981417000293732
-0.02500208094716072
-0.04891058802604675
-0.08015525341033934
-0.0674564316868782
-0.07339654862880705
-0.07636605203151703
-0.05599087476730347
0.0029869722202420235
-0.0695381760597229
-0.06497244536876678
-0.0705670565366745
-0.06052911281585693
-0.053837232291698456
-0.0608283206820488
-0.019555795937776566
-0.08988714963197708
-0.04698120802640914
-0.04313918575644493
-0.060430392622947686
-0.059550851583480835
-0.04928421974182129
-0.052938759326934814
-0.03199130669236183
-0.04772993177175522
-0.0613253265619278
-0.06247528642416
-0.05603127926588058
-0.028692543506622314
-0.06434018909931183
-0.0867108255624771
-0.09696210920810701
-0.031153947114944455
-0.043434277176856995
-0.060142531991004944
-0.0497819185256958
-0.08785411715507507
-0.07432331144809723
-0.03628029674291611
-0.08054762333631516
-0.07688507437705994
-0.05971237272024155
-0.029378361999988556
-0.07714001834392548
-0.052445173263549805
-0.012701463885605335
-0.06074081361293793
-0.050027482211589806
-0.0685810074210167
-0.07520106434822081
-0.07416191697120665
-0.03053696826100349
-0.032102297991514206
-0.04758690297603607
-0.0277298167347908
-0.06282363086938858
-0.06995566189289093
-0.03632776811718941
-0.02815503254532814
-0.04326894134283066
-0.07327007502317427
-0.05778664350509644
-0.027296639978885647
-0.06394549459218979
-0.0863998234272003
-0.02296575158834457
-0.06747259199619293
-0.05213428288698197
-0.028379615396261212
-0.041931461542844765
-0.05233452469110489
-0.07650642096996307
-0.0598982498049736
-0.042944993823766715
-0.02374225854873657
-0.07053568959236145
-0.08176998794078827
-0.02678640559315681
-0.03698362410068512
-0.048035066574811935
-0.08961072564125061
-0.015580846928060055
-0.0563010647892952
-0.11117199063301086
-0.021764144301414486
-0.06915505230426788
-0.07126806676387787
-0.05635033547878265
-0.06263816356658936
-0.03409302979707718
-0.06460584700107574
-0.06692489981651306
-0.05937685072422028
-0.02673213556408882
-0.05729726701974869
-0.035391710698604584
-0.015240526758134363
-0.044709786772727966
-0.051670923829078674
-0.08156928420066833
-0.08937904238700865
-0.004216455854475497
-0.05299481004476547
-0.01770929992198944
-0.044404562562704086
-0.06673473119735718
-0.052372395992279046
-0.08383283019065857
-0.03959931060671806
-0.07437455654144286
-0.05675264447927474
-0.076425701379776
-0.06562304496765137
-0.03167998790740967
-0.04393092915415764
-0.06703218072652817
-0.03372439742088318
-0.06295499205589294
-0.05457471311092377
-0.04159773886203766
-0.04521773010492325
-0.01918875426054001
-0.07980276644229889
-0.06819409132003784
-0.0522950291633606
-0.06332029402256012
-0.057091012597084045
-0.023488186299800873
-0.060823000967502594
-0.05992521345615386
-0.053803764283657074
-0.09176067262887953
-0.06920228898525238
-0.06716354936361313
-0.04973232001066208
-0.03050698339939117
-0.053222231566905975
-0.0637921392917633
-0.059446126222610474
-0.060852080583572395
-0.054384291172027595
-0.04983961582183838
-0.06956484168767929
-0.00425389502197504
-0.01798175275325775
-0.10437674820423126
-0.07066604495048523
-0.055524080991745
-0.047944895923137665
-0.03626006469130516
-0.06212197244167328
-0.05542554706335068
-0.05647309124469757
-0.049342922866344445
-0.07356447726488113
-0.015273126773536204
-0.08954331278800963
-0.03358094394207001
-0.04839586839079857
-0.04514964669942856
-0.04877983033657073
-0.07443687319755554
-0.012415130622684956
-0.04802251607179642
-0.051527239382267
-0.04642999917268753
-0.0430295430123806
-0.07647328823804854
-0.0677059143781662
-0.05287370830774307
-0.05973426997661591
-0.06985748559236526
-0.0589098185300827
-0.05733516812324524
-0.05126550793647766
-0.0193190760910511
-0.02609671279788017
-0.03799518570303917
-0.01573288068175316
-0.08549606055021286
-0.017670471221208572
-0.07605583965778352
-0.049516960978508
-0.06695586442947388
-0.07778855413198471
-0.07362008094787596
-0.07073318213224411
-0.06572174280881882
-0.05145275592803955
-0.054472923278808594
-0.06171860545873641
-0.06244777888059616
-0.02920658141374588
-0.02200642600655556
-0.03540012240409851
-0.04126052185893058
-0.032567575573921204
-0.0789574235677719
-0.06765999644994736
-0.05014312267303466
-0.040679492056369775
-0.005422673188149929
-0.05968259274959564
-0.013050832785665987
-0.050443120300769806
-0.06221563369035721
-0.08342671394348145
-0.04318826645612717
-0.057441703975200646
-0.049957998096942895
-0.0516841858625412
-0.03950987011194229
-0.07212477922439574
-0.03874468803405762
-0.04641394689679146
-0.04740682989358901
-0.06374802440404892
-0.03348599746823311
-0.04830478131771088
-0.0576847642660141
-0.08309298753738403
-0.05332707613706589
-0.04264721646904945
-0.04332808777689934
-0.04462075978517532
-0.05118146538734436
-0.09362339228391647
-0.004775150679051876
-0.061012446880340576
-0.0754968598484993
-0.05198211967945098
-0.01698194444179535
-0.08207012712955475
-0.010618438012897968
-0.05418015271425247
-0.023338865488767624
-0.06345641613006592
-0.03986493870615959
-0.07895214855670929
-0.07403631508350371
-0.0227775014936924
-0.055701792240142815
-0.03522349148988724
-0.06807151436805725
-0.047793515026569366
-0.0726618617773056
-0.06215192377567291
-0.04878167808055878
-0.07047107815742493
-0.057114318013191216
-0.03878942131996154
-0.04268287867307663
-0.04783501848578453
-0.0446314811706543
-0.04406343400478363
-0.04212699085474014
-0.07368993759155273
-0.03672650828957558
-0.03257396072149277
-0.041743215173482895
-0.0653594583272934
-0.07679314911365509
-0.04524211958050728
-0.042695902287960046
-0.0504939928650856
-0.0714493989944458
-0.06449724733829498
-0.06196297705173493
-0.049156516790390015
-0.03633616119623184
-0.07660498470067979
-0.045654453337192535
-0.017080113291740417
-0.07382260262966157
-0.06983529031276703
-0.0578797310590744
-0.05753993988037109
-0.09190978854894638
-0.09080109000205992
-0.017151575535535812
-0.07176042348146439
-0.017650626599788662
-0.08136507868766785
-0.05719873309135437
-0.06125888228416442
-0.06506671756505966
-0.06907837092876433
-0.058619678020477295
-0.04024392366409302
-0.02741701900959015
-0.07499275356531142
-0.056819826364517205
-0.023058194667100903
-0.05122064799070358
-0.04609154537320137
-0.04823558032512665
-0.07713660597801208
-0.08287347108125687
-0.06894022226333618
-0.0539935901761055
-0.06226809322834015
-0.07678035646677017
-0.08108098059892654
-0.10510320216417313
-0.030816037207841877
-0.031633615493774414
-0.03954515606164932
-0.043181098997592926
-0.046811603009700775
-0.06916092336177826
-0.02627478539943695
-0.06682540476322174
-0.07808861881494522
-0.076762355864048
-0.03959619626402855
-0.059298604726791375
-0.051444336771965034
-0.04575058817863464
-0.05705870687961578
-0.056396126747131355
-0.09430301189422607
-0.07557179033756256
-0.08000895380973816
-0.0809955820441246
-0.08551883697509764
-0.06903142482042313
-0.045873314142227166
-0.03676099330186844
-0.050014019012451165
-0.03344237431883812
-0.04597613587975503
-0.07369479537010191
-0.08609060943126678
-0.055297836661338806
-0.061982214450836175
-0.059460483491420746
-0.05607280880212784
-0.06452727317810059
-0.08849161863327025
-0.0474046766757965
-0.05558666586875916
-0.0850473940372467
-0.09362205862998961
-0.05255463719367981
-0.027872126549482346
-0.018279381096363068
-0.045861177146434784
-0.027724575251340863
-0.06873747706413269
-0.07046133279800415
0.007268051616847515
-0.0630190521478653
-0.07385808974504471
-0.05179113149642944
-0.04157155007123947
-0.10271042585372923
-0.062376976013183594
-0.0466262623667717
-0.07675865292549133
-0.08026470243930817
-0.0499097928404808
-0.08505813777446745
-0.04803895205259323
-0.06221427023410797
-0.06214369833469391
-0.041401490569114685
-0.06468251347541809
-0.06670396029949188
-0.030412115156650543
-0.08059307932853697
-0.05851464718580245
-0.06221066415309905
-0.06750896573066711
-0.03307825326919556
-0.058509722352027886
-0.06320486962795258
-0.029309693723917007
-0.02966127172112465
-0.06283842772245407
-0.07233038544654846
-0.07562926411628723
-0.04726700857281685
-0.07974786311388014
-0.061459019780159
-0.003116353414952755
-0.048002611845731735
-0.0435301885008812
-0.04957730323076248
-0.08023684471845625
-0.08187475800514221
-0.08538554608821869
-0.05424626171588898
-0.03780078515410423
-0.036187756806612015
-0.05389434099197388
-0.04964844882488251
-0.05069563537836074
-0.060089945793151855
-0.07855978608131409
-0.03949807584285736
-0.08920785039663315
-0.08589933812618254
-0.07599697262048721
-0.09477761387825011
-0.06231196969747543
-0.06967762112617493
-0.06845004111528397
-0.07629139721393585
-0.06432955712080002
-0.09544207900762558
-0.065376877784729
-0.08374171704053879
-0.06334158778190613
-0.04981671273708344
-0.03712938725948334
-0.07778249680995941
-0.04020162299275398
-0.03733208775520325
-0.030960481613874435
-0.06540071964263916
-0.056476846337318413
-0.011161443777382372
-0.036559894680976875
-0.06491526961326599
-0.05255285650491714
-0.082526795566082
-0.059234462678432465
-0.08653627336025238
-0.013222006149590015
-0.0694536417722702
-0.06870011985301971
-0.05671193450689316
-0.010629466734826565
-0.025324154645204544
-0.041231833398342126
-0.04716083779931069
-0.04167825728654861
-0.02122729644179344
-0.056828729808330536
-0.05585995316505432
-0.07564743608236314
-0.0499308779835701
-0.023165229707956318
-0.06573914736509323
-0.037635747343301766
-0.05943205207586288
-0.045408591628074646
-0.051171161234378815
-0.041743867099285126
-0.028236426413059235
-0.04017014801502228
-0.08410759270191193
-0.07327799499034882
-0.08461081981658934
-0.043480802327394485
-0.06731537729501724
-0.044341132044792175
-0.002342383377254009
-0.06629081815481186
-0.03786835819482803
-0.05323857069015503
-0.07041820138692856
-0.04260679334402084
-0.06453252583742142
-0.08275382220745087
-0.030192922800779343
-0.020362909883260727
-0.07107140123844147
-0.10093054920434952
-0.03680304437875748
-0.06880617141723633
-0.03623393923044205
-0.0604349821805954
-0.04547679424285889
-0.11075078696012496
-0.036564864218235016
-0.10688339918851852
-0.026533737778663635
-0.0679236352443695
-0.04111168533563614
-0.07350280880928038
-0.04937463253736496
-0.07949514687061308
-0.07900632917881013
-0.020032159984111782
-0.059611551463603966
-0.04896686971187592
-0.08806219696998595
-0.06848651170730591
-0.016119569540023804
-0.06267780065536499
-0.04325143992900848
-0.03131195902824402
-0.05352070927619934
-0.07198313623666763
-0.023143719881772995
-0.05853232741355896
-0.04177332669496536
-0.035337965935468674
-0.02138587459921837
-0.07978170365095137
-0.05701110512018204
-0.05760494619607925
-0.11710251867771149
-0.06300777941942215
-0.0398215688765049
-0.07342008501291275
-0.0400012880563736
-0.05716463923454285
-0.04197467118501663
-0.06436102092266083
-0.06955647468566895
-0.08420781046152115
-0.05451970547437668
-0.05840298533439636
-0.03185592591762543
-0.09370679408311844
-0.07974231243133545
-0.05137378722429276
-0.04794645681977272
-0.08936721831560135
-0.05765825510025024
-0.06743675470352173
-0.03611064702272415
-0.0384833961725235
-0.09398951381444931
-0.03282693773508072
-0.04271548613905907
-0.04962894320487976
-0.05294065177440643
0.008111430332064627
-0.06572847813367844
-0.055114135146141045
-0.12703049182891843
-0.02108220010995865
-0.05073370784521103
-0.08047200739383698
-0.0732654333114624
-0.05558687448501586
-0.05552202463150024
-0.08094745874404907
-0.08963113278150558
-0.03607802838087082
-0.04124140366911888
-0.06777583062648773
-0.057819053530693054
-0.05685511231422424
-0.08708079904317856
-0.054296836256980896
-0.1046389490365982
-0.05938015133142471
-0.050815202295780175
-0.04227937012910842
-0.051489368081092834
-0.05602117627859116
-0.05761409550905228
-0.07294942438602446
-0.04932589828968048
-0.03505526855587959
-0.04334711655974388
-0.04224341362714768
-0.054283492267131805
-0.0833481550216675
-0.02686355635523796
-0.04956730455160141
-0.05807866156101226
-0.04841476306319237
-0.02994135022163391
-0.06680138409137726
-0.06527196615934372
-0.03924839571118354
-0.05193349719047546
-0.05943156778812408
-0.05727183818817139
-0.06512724608182907
-0.0795854777097702
-0.08003170788288115
-0.09240123629570007
-0.022418096661567688
-0.04806002974510193
-0.07341651618480681
-0.05068064481019974
-0.062384098768234246
-0.055411092936992645
-0.067668616771698
-0.05570722371339797
-0.08194933086633682
-0.08352167904376982
-0.071632519364357
-0.044364217668771744
-0.046051956713199615
-0.07922440767288208
-0.071645587682724
-0.05541759729385376
-0.0674380213022232
-0.030675489455461506
-0.058260321617126465
-0.02313044294714928
-0.10066135227680206
-0.07197004556655884
-0.025201238691806797
-0.04968106746673584
-0.06884001940488815
-0.02955012023448944
-0.04594824090600014
-0.04500040039420128
-0.07817023247480392
-0.07231995463371277
-0.04763496667146683
-0.037287473678588874
-0.07048849016427994
-0.0706334114074707
-0.08145968616008759
-0.051438532769680016
-0.043277140706777566
-0.07070760428905487
-0.06358642876148224
-0.08851799368858337
-0.04225036129355431
-0.07534130662679672
-0.08463901281356812
-0.022908054292201996
-0.06838415563106537
-0.06884001195430756
-0.053375773131847375
-0.02447376772761345
-0.024407159537076954
-0.025907713919878003
-0.03622131794691086
-0.0695376992225647
-0.08370878547430038
-0.025696687400341037
-0.04611436277627945
-0.04120408371090889
-0.07175693660974503
-0.03882627934217453
-0.06756481528282166
-0.0496915802359581
-0.10831191390752792
-0.04325245320796967
-0.05201607197523117
-0.06350108236074448
-0.04512494802474976
-0.06481331586837769
-0.07460757344961166
-0.02885931357741356
-0.05837450921535492
-0.03990918397903442
-0.07720446586608887
-0.11408847570419312
-0.0673154816031456
-0.04511805996298789
-0.09271181374788284
-0.09197679162025453
-0.013569067232310772
-0.06613381952047348
-0.004233618266880512
-0.07133229821920395
-0.011092740111052988
-0.08750396966934205
-0.01221578475087881
-0.04755425825715065
-0.027301397174596783
-0.014891705475747584
-0.047518696635961526
-0.1005842387676239
-0.0817292481660843
-0.07140929996967316
-0.028321027755737305
-0.0848616510629654
-0.058320850133895874
-0.04710481688380241
-0.031009379774332047
-0.050873257219791405
-0.04710199311375617
-0.07907876372337341
-0.048866793513298035
-0.034808896481990814
-0.04720151051878929
-0.05617957562208176
-0.08473847806453706
-0.04009366780519485
-0.0723734050989151
-0.047549229115247726
-0.028210092335939407
-0.08146864920854568
-0.044862739741802216
-0.029940955340862278
-0.05447851866483688
-0.050536170601844795
-0.05757094919681549
-0.04274613037705421
-0.04521047323942184
-0.04597683250904083
-0.029066830873489376
-0.05242086946964264
-0.04688716679811478
-0.053602658212184906
-0.05545015633106232
-0.03687276318669319
-0.0370374359190464
-0.07905285060405731
-0.03948335722088814
-0.06667422503232956
-0.05565348267555237
-0.0686657652258873
-0.09235502779483795
-0.06588613241910934
-0.016318343579769135
-0.02962048351764679
-0.02588101476430893
-0.01965261250734329
-0.057414859533309937
-0.020907379686832428
-0.05761360377073288
-0.061274483799934394
-0.060585618019104
-0.0974762886762619
-0.032428596168756485
-0.05030700564384461
-0.014257715083658695
-0.04634470492601395
-0.040253691375255585
-0.06839099526405334
-0.07466189563274382
-0.03568654879927635
-0.07600370049476622
-0.05062699317932129
-0.05571680516004562
-0.055588923394680016
-0.05342087894678116
-0.020693004131317135
-0.05292639136314392
-0.08232218772172928
-0.0536317154765129
0.0019529871642589567
-0.05394577234983444
-0.03263663128018379
-0.05159681290388107
-0.04543717950582504
-0.07573311775922774
-0.01066469307988882
-0.053045690059661865
-0.032983999699354165
-0.05328938364982605
-0.10839684307575224
-0.0771021693944931
-0.04709786176681519
-0.03589802235364914
-0.06630710512399673
-0.07301115989685057
-0.037630725651979446
-0.08463522791862486
-0.07073447108268738
-0.0868469849228859
-0.05384987592697144
-0.02950805053114891
-0.05608248710632324
-0.05238407105207443
-0.030422430485486984
-0.019917830824851986
-0.04685969650745392
-0.03084759786725044
-0.056930825114250176
-0.057929404079914086
-0.06599409878253937
-0.046163298189640045
-0.05435343086719513
-0.03735315054655075
-0.04758109152317047
-0.0369936004281044
-0.060484319925308234
-0.06428076326847076
-0.0464058592915535
-0.07330268621444702
-0.05955362319946289
-0.052876055240631104
-0.05387510359287261
-0.04601677507162094
-0.033873893320560455
-0.04842767119407654
-0.0864146202802658
-0.05241644382476807
-0.04362048953771591
-0.07476221024990082
-0.07249996066093443
-0.036048196256160736
-0.06068517267704009
-0.0430370531976223
-0.04530855640769005
-0.06306193768978119
-0.0622316300868988
-0.07611131668090819
-0.007101568393409252
-0.031745538115501404
-0.02700310945510864
-0.0682997778058052
-0.05086478590965271
-0.03365635126829147
-0.03716249391436577
-0.05718007683753967
-0.0481221079826355
-0.038615360856056206
-0.04581331461668015
-0.04937439411878586
-0.04834577813744545
-0.08020147681236267
-0.056969985365867615
-0.05798748135566712
-0.08203205466270447
-0.09280314296483992
-0.09016861766576768
-0.033966705203056335
-0.07457396388053894
-0.05385277420282364
-0.07062508165836334
-0.026855602860450745
-0.06151911616325378
-0.05425168573856354
-0.049761444330215454
-0.04316803812980652
-0.04289888218045235
-0.059325814247131355
-0.06557391583919525
-0.027302652597427368
-0.09736064076423645
-0.06457597762346268
-0.04559294506907463
-0.04006684571504593
-0.05534271150827408
-0.06522826850414276
-0.03761500120162964
-0.05842871963977814
-0.04567432403564453
-0.07574333250522612
-0.08342811465263367
-0.04998242110013962
-0.06233592331409454
-0.06182166188955307
-0.10954423248767851
-0.07125642895698547
-0.0397653803229332
-0.031513556838035583
-0.05817952752113342
-0.0567760244011879
-0.04374146461486816
-0.0426318496465683
-0.02804640308022499
-0.05997230112552642
-0.06308676302433014
-0.031372345983982086
-0.060459837317466736
-0.05316167324781418
-0.06301364302635193
-0.0510108545422554
-0.07453548908233641
-0.06884250044822693
-0.05835788697004318
-0.058004178106784814
-0.05179256945848465
-0.033529482781887054
-0.03683649003505706
-0.0318790003657341
-0.03944510221481323
-0.0701666995882988
-0.08819995820522307
-0.050816677510738366
-0.05304303765296936
-0.059515029191970825
-0.08784455060958862
-0.020264215767383572
-0.006053966470062733
-0.054778970777988434
-0.1304405927658081
-0.0532013326883316
-0.02014324814081192
-0.042916111648082726
-0.07202069461345673
-0.07675381004810333
-0.044525310397148125
-0.054074011743068695
-0.041795462369918816
-0.067144975066185
-0.03177325427532196
-0.04042559862136841
-0.05396611988544464
-0.028990477323532104
-0.05238009989261627
-0.06288152933120728
-0.07795729488134384
-0.01897892728447914
-0.036773748695850365
-0.02679627016186714
-0.050426341593265527
-0.06913010030984879
-0.04658640921115875
-0.059415467083454125
-0.01778741180896759
-0.07394787669181822
-0.06901869177818297
-0.04716659337282181
-0.060704931616783135
-0.04642365127801895
-0.07035570591688156
-0.03325646743178368
-0.03432071954011917
-0.07500284910202025
-0.05968007445335388
-0.08722418546676636
-0.0032080868259072304
-0.07489821314811705
-0.04709452763199806
-0.05086352676153183
-0.02049295604228973
-0.046052493155002594
-0.0714382454752922
-0.08040880411863327
-0.08270104974508284
-0.045519862323999405
-0.0653482973575592
-0.06651398539543152
-0.034631140530109406
-0.07100465893745422
-0.061978988349437714
-0.062227539718151086
-0.032708048820495605
-0.09704646468162537
-0.03624967858195305
-0.05294644832611084
-0.029045570641756054
-0.049637794494628906
-0.06004181504249573
-0.0659007653594017
-0.05389118194580078
-0.044466204941272736
-0.038839366286993034
-0.049820706248283386
-0.05573874711990357
-0.0500836968421936
-0.07552184909582138
-0.05030130594968796
-0.07312400639057158
-0.05681569874286652
-0.03869390487670898
-0.08390665054321289
-0.02611394971609116
-0.05754927545785904
-0.057312414050102234
-0.09406062215566637
-0.009480108506977558
-0.03712945058941841
-0.09673205763101576
-0.0877629816532135
-0.06092146039009094
-0.05739282071590424
-0.0506427064538002
-0.04467732459306717
-0.05473749339580536
-0.03283640369772911
-0.07764966785907745
-0.04976354539394379
-0.048749789595603936
-0.07594186812639235
-0.05685888975858688
-0.0627228319644928
-0.018488492816686634
-0.07410460710525511
-0.07891860604286195
-0.0505879744887352
-0.0699833407998085
-0.05987344682216644
-0.08187386393547058
-0.06732883304357529
-0.04606490582227706
-0.013191771693527699
-0.07186354696750641
-0.061110079288482666
-0.10701272636651991
-0.05093798041343689
-0.06584051251411438
-0.015769504010677338
-0.06969630718231201
-0.060730427503585815
-0.07182472944259644
-0.05431406199932098
-0.03191044181585312
-0.020940728485584256
-0.07850838452577592
-0.05767196416854858
-0.046233389526605606
-0.04433838278055191
-0.02535154670476913
-0.029069244861602783
-0.0486844778060913
-0.06292842328548431
-0.06338448822498322
-0.05468665063381195
-0.012495077215135096
-0.09130063652992249
-0.08147256821393967
-0.03229070454835892
-0.043089751154184334
-0.06534407287836075
-0.07363535463809967
-0.019982673227787014
-0.05333723127841949
-0.05579347908496857
-0.10130167007446288
-0.08549641072750092
-0.04005090147256851
-0.04804705828428269
-0.028931140899658203
-0.0810953602194786
-0.05933286249637604
-0.06687134504318237
-0.06257101148366928
-0.041322898119688034
-0.07442954927682877
-0.01702621579170227
-0.05976203083992004
-0.0847565084695816
-0.04705429449677467
-0.04892174154520034
-0.09161219000816344
-0.0855487510561943
-0.048456713557243354
-0.0573146790266037
-0.052301965653896325
-0.06418254226446152
-0.025684192776679993
-0.023904033005237576
-0.08684747666120529
-0.038697659969329834
-0.0506642684340477
-0.03933965414762497
-0.06407976150512695
-0.0804227367043495
-0.056648798286914825
-0.022053714841604233
-0.027508310973644257
-0.07412650436162947
-0.04481792449951172
-0.042630549520254135
-0.03300861269235611
-0.04174276441335678
-0.06942866742610931
-0.053072631359100335
-0.08844168484210968
-0.04151961207389832
-0.05557859688997269
-0.05908598005771637
-0.06789538264274597
-0.07368327677249907
-0.04889912903308869
-0.05104275047779083
-0.046729207038879395
-0.0854686200618744
-0.026088658720254895
-0.04325675964355469
-0.014309355057775974
-0.07404050976037979
-0.04783263057470322
-0.06740103662014008
-0.06844986975193024
-0.03834247961640357
-0.014595289714634418
-0.08312048017978668
-0.04863065108656883
-0.06647897511720657
-0.010506588034331799
-0.0404055118560791
-0.08369792252779008
-0.06846515089273453
-0.06122244894504547
-0.05607645213603973
-0.07314639538526535
-0.05092693865299225
-0.059968531131744385
-0.007992724888026714
-0.060535728931427
-0.046084024012088776
-0.04911550134420394
-0.07702693343162537
-0.054392009973526
-0.0751092880964279
-0.03837834298610687
-0.027207739651203156
-0.032365527004003525
-0.07931197434663773
-0.06582558900117874
-0.08890296518802643
-0.06352610886096953
-0.0645127221941948
-0.04242275282740593
-0.06058585643768311
-0.02962234988808632
-0.07041516155004501
-0.03948265686631203
-0.06325216591358185
-0.08952044695615768
-0.08634001761674881
-0.006369824521243572
-0.03678968921303749
-0.07920511066913603
-0.08934769779443741
-0.05589813739061356
-0.059566326439380646
-0.04646569490432739
-0.044944822788238525
-0.02736137807369232
-0.042783185839653015
-0.028846442699432373
-0.06364008784294128
-0.023307841271162037
-0.09319256246089937
-0.07640770077705382
-0.04122426360845566
-0.056183330714702606
-0.053298220038414
-0.04389866441488265
-0.07457535713911057
-0.08771895617246628
-0.06439389288425446
-0.05527468025684357
-0.053977310657501214
-0.04395534470677376
-0.06187116354703903
-0.03166881948709488
-0.07336413860321045
-0.045624911785125725
-0.029518146067857742
-0.06003051996231079
-0.0539560467004776
-0.04131203889846802
-0.05485449731349945
-0.043845683336257935
-0.057107217609882355
-0.08113949000835417
-0.04437226057052612
-0.05559614300727844
-0.028109781444072723
-0.0629507303237915
-0.08718134462833405
-0.08158782869577408
-0.09662166237831117
-0.05267360806465149
-0.04744913429021835
-0.043180935084819794
-0.06513796001672745
-0.06390903145074844
-0.04972889274358749
-0.04120254144072533
-0.04328536614775658
-0.04600829631090164
-0.04086961597204208
-0.031700655817985535
-0.08497451245784758
-0.024451084434986115
-0.043093841522932046
-0.03886359930038452
-0.0308702252805233
-0.004720882512629032
-0.06777381151914597
-0.04783788323402405
-0.030651867389678955
-0.06587740778923035
-0.06592611223459244
-0.06857366114854813
-0.06908181309700012
-0.026811555027961727
-0.046150170266628265
-0.07470990717411041
-0.08630791306495665
-0.08813996613025665
-0.041404165327548974
-0.02506975829601288
-0.06259642541408539
-0.022118881344795227
-0.06727523356676102
-0.05503831058740616
-0.07185695320367813
-0.05748656392097473
-0.0278390608727932
-0.05835650861263275
-0.02306887879967689
-0.04983142018318176
-0.07035759091377257
-0.029313035309314728
-0.05979794263839722
-0.05292832851409912
-0.0405181460082531
-0.049323149025440216
-0.07392270863056183
-0.06026161462068558
-0.042959537357091904
-0.08585019409656525
-0.04667636007070541
-0.040983699262142174
-0.05291801691055298
-0.03624922037124634
-0.08741343766450883
-0.02774421498179436
-0.056078851222991936
-0.057855486869812005
-0.04300197213888168
-0.07510284334421158
-0.016044892370700836
-0.05552522093057632
-0.04513832926750183
-0.03900764510035514
-0.04963603615760803
-0.08202827721834183
-0.07471314072608948
-0.0379357747733593
-0.05902872979640961
-0.018157973885536197
-0.06842374056577681
-0.11802178621292114
-0.03059706836938858
-0.06216774880886078
-0.08804823458194733
-0.06888838112354279
-0.05391364544630051
-0.04367708414793015
-0.05379406362771988
-0.06437505036592484
-0.05201943218708038
-0.030196040868759155
-0.0427929237484932
-0.04550983011722565
-0.060464277863502496
-0.033638015389442444
-0.047420751303434365
-0.06356331706047058
-0.04623701423406601
-0.044989459216594696
-0.04597068205475807
-0.06637044996023178
-0.05891188979148865
-0.08246422559022902
-0.06061951816082001
-0.05901629477739334
-0.06717662513256073
-0.08102035522460938
-0.051148399710655205
-0.06147065758705139
-0.06434158980846405
-0.062236592173576355
-0.038274534046649926
-0.05627629160881042
-0.06912682205438614
-0.04133228957653046
-0.03867920488119125
-0.07166679203510284
-0.04374344274401665
-0.06469745188951492
-0.03765559941530228
-0.09573595225811005
-0.01474068034440279
-0.038363341242074966
-0.06793953478336334
-0.045878730714321136
-0.04840077459812164
-0.08432602882385254
-0.0679619312286377
-0.04411337524652481
-0.07181718200445175
-0.045778654515743256
-0.011174227111041544
-0.0513954684138298
-0.05091138184070587
-0.09262026846408847
-0.06528455018997192
-0.06037292629480362
-0.09504468739032744
0.0020303167402744293
-0.03342654928565025
-0.06073758006095886
-0.08000427484512329
-0.0754690170288086
-0.05899074673652649
-0.07102698087692261
-0.03548576682806015
-0.06274823844432831
-0.06866274029016495
-0.035446614027023315
-0.05927481502294541
-0.06539888679981232
-0.06557011604309082
-0.028170887380838398
-0.049325868487358086
-0.052458405494689934
-0.07403627038002014
-0.07881315052509309
-0.07378058135509491
-0.04266448318958282
-0.04882432520389557
-0.03288882598280907
-0.08592870086431502
-0.04311004653573036
-0.06575427949428558
-0.050565853714942925
-0.05964719504117966
-0.03460077941417694
-0.05909639596939087
-0.06932679563760757
-0.05852477252483368
-0.06232009828090668
-0.04391445964574814
-0.05063427984714508
-0.07484084367752075
-0.05582498013973236
-0.08339469134807585
-0.08833479136228561
-0.026341184973716732
-0.07407307624816895
-0.050009749829769135
-0.07330770790576935
-0.09392683953046799
-0.030137892812490463
-0.0368296392261982
-0.03785185143351554
-0.04603692889213561
-0.05843178927898407
-0.08913441002368927
-0.09644901752471924
-0.0688605010509491
-0.03769396245479584
-0.04900310188531876
-0.056864485144615166
-0.016082685440778732
-0.05345362424850464
-0.08721975982189177
-0.04881281405687332
-0.0888460874557495
-0.054927848279476166
-0.06050989031791687
-0.05289731174707413
-0.057344287633895874
-0.07136228680610657
-0.03286947309970856
-0.012377149425446987
-0.03382190316915512
-0.029719293117523197
-0.0696013867855072
-0.037654876708984375
-0.07766926288604736
-0.0766083300113678
-0.03922206908464432
-0.0866832584142685
-0.05684281885623932
-0.021792836487293243
-0.0390436053276062
-0.030722342431545258
-0.03405286371707916
-0.08441603928804396
-0.0865640938282013
-0.059447534382343285
-0.06159234046936035
-0.055995464324951165
-0.07726149260997772
-0.06035909801721573
-0.06493779271841049
-0.05698011815547943
-0.04749773442745209
-0.05175019800662994
-0.05308355391025543
-0.066293865442276
-0.047465212643146515
-0.01781444624066353
-0.060993835330009454
-0.04504582285881042
-0.07649022340774536
-0.05498252809047698
-0.050506733357906335
0.00484809186309576
-0.08422131836414337
-0.039654776453971856
-0.07041285187005997
-0.0724918395280838
-0.08110092580318451
-0.048360817134380334
-0.04473035782575607
-0.0450601615011692
-0.023798696696758274
-0.03792683407664299
-0.024752601981163025
-0.06194324791431427
-0.04819270595908165
-0.04628516733646393
-0.0567115843296051
-0.06912501156330109
-0.0764383226633072
-0.07242675125598907
-0.03321828693151473
-0.031812429428100586
-0.04041834175586701
-0.02847864478826523
-0.06577557325363159
-0.06965363025665283
-0.02937830612063408
-0.05758003890514374
-0.019001089036464688
-0.07363609224557875
-0.07255294173955917
-0.023178160190582275
-0.0842994973063469
-0.03857458382844925
-0.05392923951148986
-0.06615083664655685
-0.04854179918766022
-0.026913128793239597
-0.053559787571430206
-0.08140766620635985
-0.08443689346313475
-0.050604790449142456
-0.04820098727941513
-0.038936875760555274
-0.05098351836204529
-0.07864952087402342
-0.04063759371638297
-0.06526339054107666
-0.09444178640842435
-0.05693414807319641
-0.08917798101902008
-0.055625453591346734
-0.028402969241142273
-0.04483533278107643
-0.0783170312643051
-0.10609318315982819
-0.06601055711507797
-0.08003709465265274
-0.08375328034162521
-0.03427855670452118
-0.04290483146905899
0.016642633825540543
-0.06998884677886963
-0.04664277657866477
-0.05141926556825638
-0.061805322766304016
-0.04930758476257324
-0.049712032079696655
-0.07991904020309448
-0.08019652217626572
-0.05925570428371429
-0.038694348186254494
-0.080069899559021
-0.05862012505531311
-0.07967496663331985
-0.013107323087751864
-0.04513514041900634
-0.06429196149110794
-0.053395964205265045
-0.03514595702290535
-0.07208994776010513
-0.06798872351646423
-0.0734679326415062
-0.027813512831926342
-0.11896315217018127
-0.06907585263252257
-0.04542328789830208
-0.09941307455301283
-0.08728662133216859
-0.03721407055854797
-0.03178287670016289
-0.04883412271738052
-0.07510142028331757
-0.05176960676908493
-0.036170803010463715
-0.039608247578144073
-0.034789055585861206
-0.0873342528939247
-0.03321455046534538
-0.058401525020599365
-0.06059342622756959
-0.02198716625571251
-0.040925510227680206
-0.07309135794639587
-0.04927658289670944
-0.04267207533121109
-0.03905455023050308
-0.0194527730345726
-0.10071762651205061
-0.11302661895751952
-0.07004735618829727
-0.053007237613201134
-0.07281368225812912
-0.04777319356799126
-0.03906509280204773
-0.028477989137172696
-0.043362520635128014
-0.05152557045221329
-0.06560614705085753
-0.06402459740638733
-0.06406266987323761
-0.08184981346130371
-0.07326920330524445
-0.055601447820663445
-0.07254767417907715
-0.04352455586194992
-0.04023066908121109
-0.048620574176311486
-0.04141131788492202
-0.050557404756546014
-0.06456291675567627
-0.07704602926969528
-0.09227170050144196
-0.031088434159755703
-0.06636779010295868
-0.04285818338394165
-0.029664494097232815
-0.050659649074077606
-0.06943029165267944
-0.08225291967391966
-0.06767973303794861
-0.05670107901096344
-0.032507773488759995
-0.026772595942020416
-0.06657161563634872
-0.08989267796278
-0.06737551838159561
-0.08704871684312819
-0.04446545615792274
-0.05993593484163284
-0.04061231762170792
-0.042998749762773514
-0.041262347251176834
-0.0793992280960083
-0.062249556183815
-0.05746681988239288
-0.032936740666627884
-0.03871281445026398
-0.06734964996576309
-0.03139137476682663
-0.05812472850084305
-0.05930154025554657
-0.04125235229730606
-0.06739113479852676
-0.025436677038669583
-0.06482402980327606
-0.04173334315419197
-0.048067934811115265
-0.05082935094833375
-0.05429801344871521
-0.049643710255622864
-0.06459645926952362
-0.07154811918735504
-0.05552496016025543
-0.052005618810653687
-0.05286233872175217
-0.01432764995843172
-0.04371302947402
-0.05926627665758133
-0.02067873626947403
-0.013019905425608158
-0.07025803625583649
-0.016584087163209915
-0.04766681045293808
-0.027719430625438687
-0.022231765091419217
-0.09807655215263367
-0.058193862438201904
-0.053246572613716125
-0.006550689227879047
-0.03931385278701782
-0.04028778150677681
-0.05097767710685729
-0.05516760796308517
-0.07629776000976561
-0.04942583292722703
-0.06628766655921936
-0.05187420547008514
-0.07539041340351103
-0.07891270518302917
-0.06478939205408096
-0.06663505733013153
-0.07375877350568771
-0.036252528429031365
-0.07931312918663026
-0.07314900308847427
-0.05033645778894424
-0.09191177785396577
-0.057587414979934685
-0.05062642693519592
-0.03733848035335541
-0.0567944273352623
-0.05969363451004028
-0.06312086433172226
-0.05033577978610992
-0.07367926090955734
-0.10433495789766312
-0.07670022547245026
-0.062289834022521966
-0.05442909896373749
-0.05497456341981888
-0.05375807732343674
-0.06816833466291428
-0.03167010843753815
-0.045256368815898895
-0.06700021028518677
-0.08299843966960907
-0.04818803071975708
-0.07048645615577698
-0.02793196961283684
-0.025559499859809875
-0.07415607571601868
-0.11080393940210342
-0.10132285952568054
-0.07571743428707123
-0.016697198152542114
-0.0449986420571804
-0.05977614223957062
-0.06843163818120956
-0.05996881425380706
-0.06855769455432892
-0.05819680541753769
-0.047913342714309685
-0.07245577126741409
-0.059777893126010895
-0.06667084246873856
-0.028304278850555416
-0.06238834559917449
-0.052534162998199456
-0.05226573348045349
-0.04175761342048645
-0.033407192677259445
-0.05334341526031494
-0.07178691774606705
-0.04862491786479949
-0.08023491501808167
-0.07612195611000061
-0.0611441433429718
-0.03812205791473389
-0.037235435098409646
-0.044311746954917915
-0.03263715282082558
-0.05223041027784348
-0.08254629373550415
-0.059276312589645386
-0.006082081235945225
-0.06436000764369965
0.00020499713718891144
-0.06247378140687943
-0.04417451471090317
-0.037634044885635376
-0.07261686027050017
-0.045651115477085114
-0.06701967865228653
-0.09125922620296478
-0.038074783980846405
-0.06648838520050049
-0.0450604185461998
-0.09284468740224838
-0.06441503763198853
-0.03892464190721512
-0.01414851937443018
-0.03868106752634048
-0.017397724092006683
-0.021715659648180008
-0.0324532613158226
-0.04598592221736908
-0.05925479531288146
-0.017589904367923737
-0.047226715832948685
-0.07959346473217009
-0.02217795699834824
-0.07334035634994505
-0.06834777444601059
-0.04116468131542206
-0.05223499238491058
-0.04708484187722206
-0.06556867063045502
-0.08098429441452025
-0.07752264291048051
-0.02400337904691696
-0.05604836344718933
-0.04331836104393005
-0.048470407724380486
-0.051509767770767205
-0.06802202761173248
-0.08174814283847807
-0.0801641568541527
-0.044039592146873474
-0.06582055985927582
-0.039357990026474
-0.04789729416370392
-0.0617988258600235
-0.025161862373352047
-0.07894861698150633
-0.05377450585365296
-0.020657218992710117
-0.05941707640886306
-0.02378569543361664
-0.02556374669075012
-0.05766435712575912
-0.054691337049007416
-0.031622428447008126
-0.0396752804517746
-0.022227901965379715
-0.06994156539440155
-0.060734860599040985
-0.0232592448592186
-0.005105012096464634
-0.08611825108528137
-0.03389494866132736
-0.05628359317779541
-0.04512584209442139
-0.04430392384529114
-0.04387744516134262
-0.04064273461699486
-0.04621717706322669
-0.05728720873594284
-0.02730186283588409
-0.0592912882566452
-0.059841305017471313
-0.0688236653804779
-0.055233977735042565
-0.06894169002771378
-0.03896354138851166
-0.056083686649799354
-0.02539442852139473
-0.03606124594807625
-0.04574856162071228
-0.04924984276294708
-0.05017080157995224
-0.043395832180976875
-0.04511989653110504
-0.02917107194662094
-0.08251109719276428
-0.05681735277175903
-0.05248323827981949
-0.04788868874311447
-0.0646502748131752
-0.03753180056810379
-0.06396948546171188
-0.013112076558172703
-0.06377997994422913
-0.01212219800800085
-0.05503325164318085
-0.056883379817008965
-0.06514400988817215
-0.05107260495424271
-0.07826729118824005
-0.04208449274301529
-0.03662702813744545
-0.046584155410528176
-0.049070164561271674
-0.07745465636253358
-0.08978980034589766
-0.013511459343135355
-0.03424281626939773
-0.02862341329455376
-0.059781596064567566
-0.06431612372398376
-0.08599492907524109
-0.04956236481666565
-0.07908596843481062
-0.0609477013349533
-0.03900665044784546
-0.04421939328312874
-0.0472080372273922
-0.061610378324985504
-0.06733907759189606
-0.047665901482105255
-0.023182105273008343
-0.034322988241910934
-0.10404765605926512
0.015549655072391031
-0.060386896133422845
-0.006964677013456821
-0.022344451397657394
-0.04099594801664352
-0.07820072770118713
-0.05111232399940491
-0.07648058235645294
-0.06732497364282608
-0.08903416991233826
-0.09177548438310625
-0.08637532591819763
-0.019747279584407806
-0.06928723305463791
-0.05172651261091232
-0.06328105181455612
-0.06341710686683655
-0.004304102621972561
-0.04593853652477264
-0.050107114017009735
-0.04728351533412933
-0.05922798812389374
-0.056152015924453735
-0.08375830948352812
-0.0516415685415268
-0.02296426147222519
-0.05947186052799225
-0.040978599339723594
-0.05205273628234863
-0.0628407746553421
-0.0529681071639061
-0.10533566772937775
-0.03296947479248047
-0.05784328281879425
-0.06667502969503403
-0.04606848210096359
-0.08099612593650819
-0.055633097887039185
-0.09710989892482755
-0.04862087219953537
-0.04985874146223068
-0.031129822134971615
-0.07022787630558014
-0.04611663520336151
-0.03261894732713699
-0.054098352789878845
-0.058050274848937995
-0.0030754720792174335
-0.030104905366897583
-0.053247421979904175
-0.08423799276351927
-0.04480602592229843
-0.0623493492603302
-0.005388838239014149
-0.08401063084602357
-0.06288774311542511
-0.023828454315662384
-0.040931686758995056
-0.07964331656694412
-0.06855945289134979
-0.06355486810207367
-0.08081716299057008
-0.05150681734085083
-0.08017806708812714
-0.0686478316783905
-0.024590972810983654
-0.07569761574268341
-0.028389237821102142
-0.04750313237309456
-0.06541093438863754
-0.06552071869373322
-0.04062909260392189
-0.050296097993850715
-0.0831160619854927
-0.04406837373971939
-0.05605584383010864
-0.058169282972812646
-0.058694571256637566
-0.03416350856423377
-0.05900144577026367
-0.05603267252445221
-0.09930624067783357
-0.07290777564048767
-0.0366775318980217
-0.04840848967432976
-0.04921416938304901
-0.039883151650428765
-0.06244864314794541
-0.10360924899578094
-0.08228979259729385
-0.056419096887111664
-0.05771031975746154
-0.07410192489624022
-0.028560418635606762
-0.0421157032251358
-0.041053354740142815
-0.04106154292821884
-0.07727751135826112
-0.0639818087220192
-0.0444418340921402
-0.049525737762451165
-0.030677564442157745
-0.03530464693903923
-0.058477267622947686
-0.06861188262701035
-0.0489121749997139
-0.06480938196182251
-0.04289495572447777
-0.033510033041238785
-0.0514545738697052
-0.040472730994224555
-0.028380393981933597
-0.06771977245807648
-0.043014902621507645
-0.05925124883651733
-0.04024306312203407
-0.04788307845592498
-0.05122125893831253
-0.06538911908864975
-0.039206255227327354
-0.04865210503339768
-0.05284009128808975
-0.07242033630609512
-0.030118636786937717
-0.057035528123378754
-0.07243690639734268
-0.06477008014917374
-0.03076312318444252
-0.0385039746761322
-0.041258245706558234
-0.07464331388473511
-0.04198545962572098
-0.06283439695835114
-0.05635948479175568
-0.08609574288129807
-0.06840945780277252
-0.09561829268932343
-0.032059989869594574
-0.06084883213043213
-0.031014248728752136
-0.03114793822169304
-0.032227806746959686
-0.020945481956005096
-0.04525307938456535
-0.03418661653995514
-0.09528063237667085
-0.03019975498318672
-0.05307947099208832
-0.08470866829156876
-0.04291719943284989
-0.045115020126104355
-0.05392561852931976
-0.06332584470510483
-0.04547484964132309
-0.02737114578485489
-0.03399154171347618
-0.10630106180906296
-0.02972794324159622
-0.07443434745073318
-0.09605752676725389
-0.053533188998699195
-0.04327414184808731
-0.06624888628721237
-0.05844379961490631
-0.04735959321260452
-0.024954918771982193
-0.07929379492998123
-0.06048080325126648
-0.12692977488040924
-0.0464489534497261
-0.04925890266895294
-0.051380455493927
-0.0766981840133667
-0.056732356548309326
-0.035543620586395264
-0.04092933237552642
-0.04652230441570281
-0.04641188681125641
-0.03168025985360145
-0.036945823580026634
-0.07552212476730345
-0.03241914510726929
-0.04604925960302353
-0.06055369973182678
-0.07264727354049681
-0.05868928134441376
-0.05472639948129654
-0.05366141349077225
-0.03738797083497048
-0.0366542898118496
-0.07262001931667328
-0.11970430612564086
-0.016065116971731182
-0.004202148877084255
-0.08977296948432921
-0.04928000271320343
-0.022778972983360287
-0.06503377854824066
-0.04626176506280899
-0.05259665846824645
-0.06762157380580902
0.006362488493323326
-0.06227095425128937
-0.037985846400260925
-0.050871193408966064
-0.0351758673787117
-0.07778161764144897
-0.04270746558904648
-0.06456412374973297
-0.07398539781570433
-0.05950082838535309
-0.03487814590334892
-0.0642164796590805
-0.06587639451026917
-0.04337292164564133
-0.0508386492729187
-0.02541915327310562
-0.07326683402061462
-0.069054514169693
-0.07992800325155258
-0.07599701732397078
-0.0618077889084816
-0.0957338660955429
-0.05075937509536743
-0.025996170938014984
-0.04109828174114227
-0.06745868921279907
-0.0535435676574707
0.003982050344347954
-0.040263675153255456
-0.0940815657377243
-0.05278181284666061
-0.05830814689397812
-0.05505476891994476
-0.04639662057161331
-0.036431528627872474
-0.042966578155756
-0.025099724531173703
-0.033849142491817474
-0.019740983843803402
-0.06109020113945007
-0.04738745838403702
-0.05536392331123352
-0.030794594436883926
-0.08126374334096909
-0.05058972537517548
-0.05193361639976501
-0.05866584926843643
-0.05496833473443985
-0.058597557246685035
-0.0743863433599472
-0.06259412318468094
-0.0630599856376648
-0.06108613312244415
-0.04858171194791794
-0.05888921767473221
-0.03440437465906143
-0.061020277440547936
-0.03814049810171127
-0.05524817109107971
-0.032700903713703156
-0.07328993082046509
-0.04412000626325607
-0.05057668685913086
-0.07742033898830412
-0.016575098037719727
-0.0696849673986435
-0.0724819228053093
-0.06629950553178787
-0.1132158786058426
-0.05423384159803391
-0.03114544227719307
-0.035555802285671234
-0.03450285643339157
-0.03597603738307953
-0.06060843169689178
-0.039905015379190445
-0.039920412003993995
-0.0299387089908123
-0.011178706772625446
-0.015731357038021088
-0.1334531009197235
-0.027931075543165207
-0.048647955060005195
-0.06962984055280685
-0.10288098454475401
-0.09178736060857773
-0.03187664598226547
-0.043514512479305274
-0.09403248131275176
-0.08434714376926422
-0.07288429886102675
-0.09363399446010588
-0.052577301859855645
-0.06514561176300049
-0.027778197079896927
-0.04847586154937744
-0.0525229349732399
-0.06807008385658264
-0.07820191979408264
-0.027644015848636627
-0.045512624084949486
-0.01492373552173376
-0.05869663506746292
-0.030693627893924717
-0.053902506828308105
-0.025869302451610565
-0.05061247944831848
-0.08919179439544676
-0.06029839813709259
-0.03901427239179611
-0.02999913692474365
-0.058187380433082574
-0.0855017602443695
-0.07155963778495789
-0.062289074063301086
-0.07660585641860963
-0.046288754791021354
-0.0611736997961998
-0.021376274526119232
-0.07112181931734085
-0.09121073782444
-0.05753724277019501
-0.045940525829792016
-0.044494420289993286
-0.05070313811302185
-0.04417747259140015
-0.09519369900226592
-0.05868946015834808
-0.04286772385239601
-0.05140659213066101
-0.06288305670022964
-0.03277873247861862
-0.06571867316961288
-0.024449847638607025
-0.05340741574764252
-0.048953361809253686
-0.07671922445297241
-0.05337052792310715
-0.06462016701698303
-0.05075986683368682
-0.09641943871974944
-0.07789543271064758
-0.07199668139219284
-0.07249636203050613
-0.029428664594888687
-0.032851941883563995
-0.05220615118741989
-0.05046485364437103
-0.047025106847286224
-0.060675173997879035
-0.05180041491985321
-0.0309152714908123
-0.07825923711061476
-0.0660366341471672
-0.05358026921749114
-0.028880149126052856
-0.06523524224758148
-0.06501968950033188
-0.03970085456967354
-0.054592400789260864
-0.05822974443435669
-0.03068462759256363
-0.01080822292715311
-0.02401972562074661
-0.04921787232160568
-0.025848247110843655
-0.05485302209854125
-0.07775133848190308
-0.08199064433574675
-0.06270179897546768
-0.06616836786270142
-0.05479860305786133
-0.053055763244628906
-0.02870770543813705
-0.07536530494689941
-0.048382468521595
-0.04812099784612656
-0.015271044336259363
-0.05062159895896912
-0.049098566174507134
-0.04513450711965561
-0.011453918181359768
-0.03813418000936508
-0.03462543711066246
-0.03804070502519608
-0.04867737740278244
-0.07255987823009491
-0.03859205171465874
-0.07050898671150208
-0.025102872401475903
-0.046258073300123215
-0.03517989069223404
-0.05934005230665207
-0.06533781439065933
-0.049187928438186646
-0.08233670145273209
-0.05356833338737488
-0.05825388431549072
-0.037436105310916894
-0.0685458853840828
-0.05925720930099487
-0.09855066239833832
-0.009209358133375645
-0.027807950973510746
-0.06859281659126282
-0.07603774964809418
-0.04568471014499664
-0.06653276085853577
-0.0831378698348999
-0.06899483501911163
-0.09743833541870116
-0.06901735812425613
-0.07985362410545349
-0.07698354870080948
-0.07139797508716583
-0.05876892060041428
-0.03588368371129036
-0.09707351028919221
-0.0778646022081375
-0.07029169052839279
-0.06352074444293976
-0.08458741009235382
-0.0612647533416748
-0.06782324612140656
-0.06273450702428818
-0.09563493728637695
-0.047854945063591
-0.060053735971450806
-0.037349991500377655
-0.07076314836740494
-0.07105819880962372
-0.0197984017431736
-0.045144204050302505
-0.06672520935535431
-0.0611407607793808
-0.05471068620681763
-0.025819383561611172
-0.04769919440150261
-0.06037769466638565
-0.05904707312583923
-0.04629891738295555
-0.0660034790635109
-0.05365188419818878
-0.07896076142787933
-0.02369821071624756
-0.0596824586391449
-0.010021177120506763
-0.0374159850180149
-0.06548331677913666
-0.06336512416601181
-0.05073721706867217
-0.03903903067111969
-0.04755188152194023
-0.04545898362994193
-0.03214845061302185
-0.06365472823381424
-0.06007852405309677
-0.041724007576704025
-0.019925739616155624
-0.06427137553691864
-0.05345625430345535
-0.04268012568354607
-0.04798995703458785
-0.043369799852371216
-0.05972066521644592
-0.05532549321651459
-0.05959150195121765
-0.045406680554151535
-0.09530445933341983
-0.0702277272939682
-0.046387232840061195
-0.04799612611532211
-0.0429181344807148
-0.010881400667130949
-0.08151136338710785
-0.08402734994888306
-0.018917974084615707
-0.06428901851177216
-0.033782929182052605
-0.04051385819911957
-0.05644890666007996
-0.03109925985336304
-0.04584966227412224
-0.0718742311000824
-0.07285322993993758
-0.06049460172653198
-0.04295328259468079
-0.05302277207374573
-0.05520257353782654
-0.042331963777542114
-0.05438101291656494
-0.06322555243968964
-0.06632819771766663
-0.03929044306278229
-0.09150847792625427
-0.05174185335636138
-0.05416649580001831
-0.050493888556957245
-0.053762122988700874
-0.06438499689102173
-0.06120658665895463
-0.04876412451267242
-0.021496456116437912
-0.029074326157569885
-0.04519034922122955
-0.062076561152935035
-0.05436930060386658
-0.0380275622010231
-0.08381420373916627
-0.04011365026235581
-0.05200351774692536
-0.07501468062400819
-0.06445097923278809
-0.06442499160766602
-0.016254734247922897
-0.03233703225851059
-0.03169696033000946
-0.04690290987491608
-0.05863358825445175
-0.08305904269218445
-0.06426429748535156
-0.06092774122953415
-0.07691504061222076
-0.05010246485471725
-0.06266185641288757
-0.04611194133758545
-0.03727063536643982
-0.04785199463367462
-0.056850530207157135
-0.07828464359045027
-0.030719846487045288
-0.01727256178855896
-0.03248319774866104
-0.07555018365383148
-0.03861454874277114
-0.07750467956066132
-0.056128188967704766
-0.040583021938800805
-0.07335489988327025
-0.03272619470953941
-0.0217597559094429
-0.07027516514062881
-0.06233929097652435
-0.04220663756132126
-0.07898247241973877
-0.0597010999917984
-0.06502662599086761
-0.03688576817512512
-0.06199754774570465
-0.04122024774551392
-0.06177294999361038
-0.05335682630538941
-0.0837443172931671
-0.07706512510776518
-0.07027901709079742
-0.06415116786956787
-0.05228077620267868
-0.06065799295902252
-0.06776348501443863
-0.052444785833358765
-0.06905697286128998
-0.06126032769680023
-0.028983388096094128
-0.045476533472538
-0.07280945777893065
-0.06522444635629654
-0.049570560455322266
-0.04120774567127228
-0.07643253356218338
-0.05306009948253632
-0.10329142212867735
-0.05218645930290222
0.012421458959579468
-0.05916056036949158
-0.037877798080444336
-0.06929689645767212
-0.030628934502601624
-0.07214032113552092
-0.052192263305187225
-0.07718680799007414
-0.03765714541077614
-0.029577478766441345
-0.08043973892927171
-0.019611243158578873
-0.07332855463027954
-0.065997414290905
-0.039913631975650794
-0.05766123533248901
-0.05090229213237762
-0.0760321319103241
-0.07339353859424591
-0.012091563083231447
-0.010954753495752811
-0.059231117367744446
-0.03591998666524887
-0.07636544108390808
-0.06413768976926804
-0.06194788217544556
-0.09216543287038803
-0.08832806348800659
-0.08215365558862686
-0.07372066378593443
-0.016535881906747815
-0.06029106676578522
-0.06496512144804001
0.009317671880126
-0.05059117078781128
-0.07344754785299301
-0.036444514989852905
-0.08380621671676636
-0.05378209054470062
-0.0728285312652588
-0.09319922327995299
-0.06087852269411087
-0.0740780234336853
-0.035133618861436844
-0.05210743844509125
-0.061159968376159675
-0.07760161906480789
-0.04046181961894035
-0.061337292194366455
9.58619639277458e-05
-0.03482426330447197
-0.06926865130662918
-0.03020912036299705
-0.04700789600610733
-0.07096387445926666
-0.07612035423517227
-0.09133895486593246
-0.04926960915327072
-0.06869091093540192
-0.04744597151875496
-0.0604485496878624
-0.02032645791769028
-0.05909715592861176
-0.047479528933763504
-0.03349436819553375
-0.04462911188602448
-0.0570523589849472
-0.027044028043746948
-0.017254866659641262
-0.030873626470565796
-0.04968208074569702
-0.0405457615852356
-0.05872366577386856
-0.09271051734685898
-0.033454764634370804
-0.05960562825202942
-0.04585175961256027
-0.06495265662670135
-0.04860900714993477
-0.06807676702737808
-0.05302982777357101
-0.045848406851291656
-0.07741780579090118
-0.045014850795269006
-0.10933877527713776
-0.09617823362350464
-0.03830050677061081
-0.0879804790019989
-0.08430877327919006
-0.060761958360672
-0.05305914580821991
-0.08279407024383545
-0.049625709652900696
-0.08767540007829666
-0.04606240987777709
-0.022739239037036892
-0.059631846845149994
-0.06555598229169846
-0.02931757271289825
-0.06512130796909332
-0.07207091152667998
-0.0592738538980484
-0.04421068727970123
-0.06516373157501221
-0.062000855803489685
-0.036281570792198174
-0.07081617414951324
-0.022028878331184387
-0.061740703880786896
-0.056903302669525146
-0.03257402777671813
-0.04294993355870247
-0.05787906050682068
-0.03795070946216583
-0.052342362701892846
-0.04794897884130478
-0.03693297505378723
-0.015615765936672688
-0.04011443257331848
-0.05578038096427917
-0.07716083526611328
-0.12042218446731567
-0.1062626466155052
-0.041348133236169815
-0.015820641070604324
-0.07140249013900757
-0.044305924326181405
-0.05621805042028427
-0.03571273759007454
-0.07328794151544571
-0.08691984415054321
-0.08076822757720947
-0.06214192509651184
-0.03399951756000519
-0.055721096694469445
-0.028268337249755856
-0.04355350881814957
-0.04902723431587219
-0.03247538581490517
-0.08501680940389633
-0.03299154341220856
-0.032209206372499466
-0.05256978422403336
-0.07584637403488158
-0.04565097764134407
-0.04295947775244713
-0.019788946956396103
-0.02850343659520149
-0.05818868428468704
-0.052031934261322015
-0.018122676759958267
-0.034239351749420166
-0.0241190567612648
-0.04515441879630089
-0.08138754963874816
-0.040916651487350464
-0.04238510504364967
-0.0725952535867691
-0.09827794134616852
-0.06016035377979279
-0.07925611734390257
-0.08025064319372177
-0.022582989186048508
-0.03797457367181777
-0.04193403199315071
-0.08620832860469818
-0.08628583699464798
-0.0901653915643692
-0.11564481258392333
-0.06262614578008652
-0.035802535712718964
-0.044745173305273056
-0.03694013133645058
-0.06472039222717285
-0.07163341343402863
-0.048084557056427
-0.062154270708560944
-0.09858952462673187
-0.08857183158397673
-0.02956700325012207
-0.03477845713496208
-0.06524699181318283
-0.05732546746730805
-0.052188284695148475
-0.05608702450990677
-0.05986711382865906
-0.05295791476964951
-0.04763571918010712
-0.06198645383119583
-0.08702435344457625
-0.07018809020519257
-0.0689067542552948
-0.06067853420972824
-0.09054890275001523
-0.08249133825302125
-0.08315642178058624
-0.04960633814334869
-0.04849132150411606
-0.05534161627292633
-0.04204276204109192
-0.041661016643047326
-0.08260113000869752
-0.043115753680467606
-0.06648983061313629
-0.03188048303127289
-0.053099051117897034
-0.05622489005327225
-0.05064660310745239
-0.042121194303035736
-0.04024570435285568
-0.035231757909059525
-0.055499590933322906
-0.05073901265859604
-0.04452944174408913
-0.07272116094827653
-0.030135072767734528
-0.03328448906540871
-0.050059735774993896
-0.052589312195777886
-0.07057467848062515
-0.04758545011281967
-0.03540794551372528
-0.04405121132731438
-0.09908369183540344
-0.04844813048839569
-0.056602619588375085
-0.07183521986007689
-0.0929744318127632
-0.0648198276758194
-0.06466981768608093
-0.034715957939624786
-0.03932109475135803
-0.06280041486024857
-0.05233457684516907
-0.013547389768064022
-0.05333735793828964
-0.034313082695007324
-0.038195159286260605
-0.04334795475006104
-0.013770424760878086
-0.06448507308959961
-0.07554757595062256
-0.01007928792387247
-0.05071131139993668
-0.037538301199674606
-0.07170668244361877
-0.039020247757434845
-0.09256623685359955
-0.05033404380083084
-0.060875341296195984
-0.0926276221871376
-0.053171306848526
-0.08337928354740144
-0.01465694885700941
-0.04240819066762924
-0.07563288509845732
-0.06584915518760681
-0.09401640295982362
-0.06256160885095596
-0.09712188690900801
-0.05338726937770844
-0.04357558861374855
-0.06626727432012558
-0.07695582509040833
-0.07712401449680328
-0.05122434347867966
-0.07229925692081451
-0.08365698903799057
-0.09405586123466493
-0.0705261081457138
-0.03010038658976555
-0.07606329023838043
-0.06830492615699768
-0.08214496076107025
-0.05081882327795029
-0.08005717396736145
-0.0768618732690811
-0.05411963164806365
-0.03853273391723633
-0.03351525589823723
-0.05144600570201874
-0.07191251218318939
-0.032001178711652756
-0.057704754173755646
-0.10880060493946075
-0.043854959309101105
-0.035796038806438446
-0.04344172030687332
-0.07962749153375626
-0.0932054817676544
-0.05763477832078934
-0.036724936217069626
-0.04664909467101097
-0.04206067323684692
-0.038768306374549866
-0.05732785165309905
-0.07562807202339171
-0.07413998246192931
-0.09945295751094818
-0.029763527214527127
-0.0685129314661026
-0.04763531312346458
-0.042045410722494125
-0.09461841732263565
-0.12351684272289276
-0.07063543796539307
-0.07408289611339569
-0.027660220861434937
-0.054781034588813775
-0.06215307861566544
-0.04335068166255951
-0.07549475133419037
-0.08866801857948302
-0.08321218192577362
-0.08550647646188736
-0.03941856324672698
-0.040567882359027856
-0.06175752729177474
-0.04221943393349648
-0.05577555298805237
-0.06542843580245972
-0.04772472381591797
-0.07199268043041229
-0.07164479792118073
-0.08582706004381181
-0.08773763477802275
-0.10254724323749542
-0.017915457487106323
-0.006338798440992832
-0.03923023492097855
-0.05779781937599182
-0.045619115233421326
-0.09217888116836548
-0.09646423161029816
-0.05189812183380127
-0.02627269178628921
-0.04473152011632919
-0.03742745146155357
-0.08702538162469863
-0.04636379331350327
-0.05165631324052811
-0.08258947730064392
-0.044638868421316154
-0.08785124123096466
-0.019347041845321652
-0.03967352211475372
-0.02358744293451309
-0.04935012757778168
-0.0862877145409584
-0.09725728631019592
-0.0365624837577343
-0.020799726247787476
-0.07640901207923889
-0.087033212184906
-0.027261473238468167
-0.06316042691469193
-0.08611647039651871
-0.06967994570732117
-0.015753332525491714
-0.061555549502372735
-0.08284720033407211
-0.04643788933753967
-0.05807174742221832
-0.057835891842842095
-0.04853902757167816
-0.06749731302261353
-0.02547869086265564
-0.07108694314956665
-0.06838780641555786
-0.028574656695127487
-0.006513473577797413
-0.059342920780181885
-0.04301409050822257
-0.03054778277873993
-0.0287897065281868
-0.07441476732492448
-0.0341767892241478
-0.06624099612236023
-0.0859111100435257
-0.07204338908195496
-0.08813340961933136
-0.019734419882297516
-0.041251238435506814
-0.0312994010746479
-0.05162794888019562
-0.050255827605724335
-0.03469984233379364
-0.05147735774517059
-0.06745821237564087
-0.09906566888093948
-0.07557761669158934
-0.04937933385372162
-0.027937747538089752
-0.08632282912731169
-0.056582659482955926
-0.07000371813774109
-0.05766989290714264
-0.06323254108428955
-0.06928905099630356
-0.08499251306056976
-0.05507902055978775
-0.029551059007644653
-0.05065954476594925
-0.04293721914291382
-0.061191298067569726
-0.04558206722140312
-0.030182961374521252
-0.0707457959651947
-0.03852467611432076
-0.06072831153869629
-0.0637844055891037
-0.04507626965641976
-0.05785318464040756
-0.06951509416103363
-0.05863018333911896
-0.06093209981918335
-0.06781774759292603
-0.016611140221357346
-0.004238457418978214
-0.07335297763347626
-0.06558389216661453
-0.06179279088973999
-0.04716097563505173
-0.03808500617742538
-0.05141779035329819
-0.08824047446250916
-0.05402571707963944
-0.06725765764713287
-0.037508994340896606
-0.0796574130654335
-0.06709446012973785
-0.036950632929801934
-0.08484937250614166
-0.08640210330486298
-0.06766696274280548
-0.017544355243444443
-0.04246164858341217
-0.06009119749069214
-0.010050720535218716
-0.0712687224149704
-0.07584229111671446
-0.009449276141822338
-0.019525952637195587
-0.04973451793193817
-0.05736037343740463
-0.08220110833644867
-0.06705738604068756
-0.05452093482017517
-0.07236478477716446
-0.0979442298412323
-0.03761176764965057
-0.03692241013050079
-0.08062905818223953
-0.06745870411396027
-0.04010996967554093
-0.048911795020103455
-0.07847489416599274
-0.04071657732129097
-0.06137984991073608
-0.042732808738946915
-0.0708121657371521
-0.034519389271736145
-0.06297536194324493
-0.057856082916259766
-0.04717843234539032
-0.04407072812318802
-0.05878323316574097
-0.03133958950638771
-0.09590144455432893
-0.035722825676202774
-0.06632643938064575
-0.06741099804639816
-0.0377793088555336
-0.09770208597183229
-0.0785727873444557
-0.05399130284786224
-0.025472790002822876
-0.017669513821601868
-0.053559936583042145
-0.05989080667495728
-0.061983220279216766
-0.059701159596443176
-0.07524189352989197
-0.07560496777296066
-0.06555242836475372
-0.03421308845281601
-0.06459224224090576
-0.09007994085550307
-0.054949112236499786
-0.044859014451503754
-0.07462263107299805
-0.08069153130054474
-0.0967523530125618
-0.06541067361831665
-0.07438354194164275
-0.05929607152938842
-0.02984805405139923
-0.03670518100261688
-0.07855325937271118
-0.0900408625602722
-0.08234453946352005
-0.03639913350343704
-0.05032904446125031
-0.03453249856829643
-0.02099509537220001
-0.08906468749046324
-0.05289367586374282
-0.038093455135822296
-0.022570807486772537
-0.07197465002536774
-0.04029710590839385
-0.037490114569664
-0.032510533928871155
-0.021611467003822327
-0.04751542583107948
-0.07103569805622101
-0.01729799062013626
-0.04817001149058341
-0.054712243378162384
-0.05796676129102706
-0.05881556123495102
-0.0057164570316672325
-0.06697429716587067
-0.01961105689406395
-0.05291453003883362
-0.07649605721235275
-0.050738267600536346
-0.07775164395570755
-0.02226824313402176
-0.03362574428319931
-0.04383920133113861
-0.06753162294626236
-0.01549286488443613
-0.06575121730566025
-0.05341295152902603
-0.05824627727270126
-0.063995860517025
-0.04833440110087395
-0.024070199579000476
-0.017429381608963013
-0.046693917363882065
-0.05141457915306091
-0.05852772295475006
-0.07210975885391235
-0.07327595353126524
-0.050362080335617065
-0.064372718334198
-0.030927129089832302
-0.09044861793518065
-0.03544849157333374
-0.06033901870250702
-0.06821120530366898
-0.05638030916452408
-0.02999924868345261
-0.04471345990896225
-0.02733168751001358
-0.050419658422470086
-0.060082979500293725
-0.05774001032114029
-0.04337962716817856
-0.029889892786741257
-0.05185537040233612
-0.07504941523075102
-0.02602141350507736
-0.05303068459033966
-0.06227949261665344
-0.07018280029296875
-0.09205199033021927
-0.058016188442707055
-0.053558096289634705
-0.07158161699771881
-0.05102822184562683
-0.056790128350257874
-0.05990991741418839
-0.04357030987739562
-0.035456109791994095
-0.08043143898248672
-0.06016654521226882
-0.1009761095046997
-0.020910587161779404
-0.03645170480012894
-0.06469491124153137
-0.020440883934497837
-0.09178942441940308
-0.07932756096124649
-0.06395457684993744
-0.05568268150091171
-0.03941299393773079
-0.06704869866371155
-0.12925505638122559
-0.05399883538484573
-0.03601972013711929
-0.05924045294523239
-0.07893994450569151
-0.06255623698234558
-0.05846439301967621
-0.02786339074373245
-0.08724623918533325
-0.03501832112669945
-0.022479571402072903
-0.04020360484719277
-0.0817919820547104
-0.06278535723686218
-0.07227442413568495
-0.053162850439548485
-0.000395393930375576
-0.09746521711349489
-0.07936424016952513
-0.0860779732465744
-0.05051232874393463
-0.07168900966644287
-0.034250129014253616
-0.025397907942533493
-0.05499598383903504
-0.04382635653018952
-0.02742410823702812
-0.015959054231643677
-0.05504746735095978
-0.0449407622218132
-0.04228174313902855
-0.09023645520210266
-0.07076747715473175
-0.04757683351635933
-0.08474216610193251
-0.020825281739234924
-0.02898302301764488
-0.04042015969753265
-0.031480930745601654
-0.034530751407146454
-0.03867770731449127
-0.08564992994070053
-0.07949814200401306
-0.045713424682617194
-0.0782390758395195
-0.06325376778841019
-0.050635099411010735
-0.025197230279445648
-0.06798838078975677
-0.08395832777023315
-0.05596841126680374
-0.05480148643255234
-0.06158982217311859
-0.08085783571004868
-0.06297068297863007
-0.07048074901103973
-0.06521269679069519
-0.05051545798778534
-0.0455012246966362
-0.034122128039598465
-0.10138621926307678
-0.0637560486793518
-0.06530888378620148
-0.10850562155246735
-0.038386918604373925
-0.07031051814556122
-0.06190688908100128
-0.07949448376893997
-0.08500806987285614
-0.06087008118629456
-0.09232738614082336
-0.05155709385871887
-0.06534557789564133
-0.056580550968647
-0.044664885848760605
-0.023214727640151978
-0.04315528646111488
-0.04665809124708176
-0.073349229991436
-0.03691672906279564
-0.058952085673809045
-0.05214059352874756
-0.08904633671045302
-0.05199116468429565
-0.03993629664182663
-0.05501689016819
-0.04684683308005333
-0.04518938064575195
-0.04828227311372757
-0.08369065821170807
-0.046208292245864875
-0.04926902800798416
-0.005830925889313221
-0.04007314145565033
-0.0743706077337265
-0.08221091330051422
-0.023124121129512783
-0.07920562475919724
-0.06545823812484741
-0.06209477782249451
-0.05962742865085602
-0.09107545763254163
-0.05375730991363525
-0.026445694267749783
-0.07276779413223265
-0.09008455276489258
-0.031220480799674988
-0.03817179799079895
-0.04103077948093414
-0.07883027195930481
-0.05375543236732482
-0.041222333908081055
-0.08913154900074005
-0.033040501177310944
-0.05614674836397171
-0.09462411701679228
-0.023924969136714932
-0.06958138942718506
-0.05892336368560791
-0.10315191745758057
-0.0491216778755188
-0.05049240589141846
-0.08515052497386931
-0.0673925131559372
-0.05786370486021042
-0.06743241846561432
-0.026593133807182312
-0.020389460027217865
-0.05568717420101166
-0.056267023086547845
-0.06573911756277084
-0.04290449619293213
-0.090655580163002
0.003954068757593632
-0.07551965862512589
-0.0727928578853607
-0.052385687828063965
-0.04182149469852448
-0.08790180087089537
-0.05732422322034836
-0.06889481097459793
-0.009404209442436697
-0.10253114998340607
-0.09384290128946304
-0.01674628257751465
-0.04342922940850258
-0.04868469387292862
-0.060611166059970856
-0.06704705953598022
-0.06057983636856079
-0.01597534492611885
-0.04103370010852814
-0.0587773472070694
-0.037097860127687454
-0.07106903195381165
-0.09267003834247588
-0.056738004088401794
-0.0453619509935379
-0.05062264949083328
-0.039002932608127594
-0.08834943920373917
-0.047842927277088165
-0.0324263796210289
-0.08409993350505827
-0.09130588918924333
-0.07441256940364836
-0.05232849717140198
-0.054167866706848145
-0.045723408460617065
-0.06359711289405823
-0.061400845646858215
-0.04772482067346573
-0.08153480291366577
-0.0644591748714447
-0.05853911489248276
-0.056793957948684685
-0.05792892724275589
-0.04676241427659989
-0.046730175614356995
-0.05353524535894394
-0.030775412917137143
-0.06698127835988998
-0.06626497209072113
-0.06586571782827377
-0.06720972806215286
-0.0739218592643738
-0.03439067304134369
-0.07624968141317366
-0.07732547819614409
-0.0936606153845787
-0.049040161073207855
-0.06498336791992188
-0.06953892111778259
-0.04542851075530052
-0.05882547795772552
-0.06908319890499115
-0.06368997693061829
-0.03979670256376266
-0.08201895654201508
-0.08109157532453537
-0.05688522756099701
-0.028670378029346463
-0.06347212940454483
-0.09590964019298552
-0.101388081908226
-0.04561003670096397
-0.0534895658493042
-0.07332855463027954
-0.089074470102787
-0.0749557390809059
-0.08538965880870819
-0.04125852882862091
-0.05388586968183517
-0.03727941960096359
-0.03907114639878273
-0.04574616998434066
-0.07326269149780273
-0.05463442951440811
-0.0338003933429718
-0.06860525906085968
-0.027203198522329327
-0.09061479568481443
-0.059293925762176514
-0.011441039852797983
-0.04438747465610504
-0.020749256014823917
-0.05036367475986481
-0.021816231310367584
-0.0848812609910965
-0.05260144919157028
-0.084601953625679
-0.02230221033096313
-0.08931396156549452
-0.0614263191819191
-0.07226821780204773
-0.04173433780670167
-0.08002834767103195
-0.07247357815504074
-0.04754435271024704
-0.058653265237808234
-0.03631686419248581
-0.04918649792671204
-0.043939907103776925
-0.08439131081104279
-0.06779228895902634
-0.056676417589187615
-0.08426477015018462
-0.07669972628355026
-0.04866528511047363
-0.05181516706943512
-0.034115470945835114
-0.1078449934720993
-0.11164461076259612
-0.004362757317721844
-0.06771272420883179
-0.03929330408573151
-0.05689376592636108
-0.024601861834526065
-0.09136904776096345
-0.0171411894261837
-0.07124090939760208
-0.039457738399505615
-0.049143731594085686
-0.046203047037124634
-0.050167381763458245
-0.08889295160770416
-0.033946700394153595
-0.05385396629571915
-0.0560125708580017
-0.059384122490882874
-0.045999955385923386
-0.04588422179222106
-0.06364244967699051
-0.10874630510807036
-0.03621289506554604
-0.033573321998119354
-0.05662503838539124
-0.049835145473480225
-0.06275950372219086
-0.10174056887626648
-0.038716584444046014
-0.04686556756496429
-0.08119627088308334
-0.07417363673448561
-0.0788579136133194
-0.06566686183214188
-0.042333461344242096
-0.06635826826095581
-0.032932892441749566
-0.04844067245721817
-0.05583677440881729
-0.05054768919944763
-0.08541557192802429
-0.03754927217960358
-0.037175387144088745
-0.06760577112436295
-0.03441759571433067
-0.07281915843486787
-0.054250597953796394
-0.07500839233398436
-0.02389553189277649
-0.06392157822847366
-0.02544071152806282
-0.043848916888237
-0.06594055145978928
-0.08805713057518005
-0.09335944056510925
-0.04915264993906021
-0.043831408023834235
-0.08474068343639372
-0.06068752706050873
-0.09990809112787247
-0.04228396341204643
-0.09143478423357008
-0.07923312485218048
-0.03734610229730606
-0.05301646888256073
-0.04832051694393157
-0.04937631636857986
-0.002172221429646015
-0.04843202978372574
-0.020568206906318665
-0.05957195162773132
-0.06133674830198288
-0.04448751360177994
-0.039677724242210395
-0.05930817127227783
-0.07756214588880539
-0.0813443511724472
-0.07300965487957
-0.06681216508150101
-0.040990114212036126
-0.02447289228439331
-0.02834042906761169
-0.039736971259117126
-0.04632475599646568
-0.04156085103750229
-0.08615468442440033
-0.05359436571598053
-0.041439220309257514
-0.047668054699897766
-0.05346272885799408
-0.017972595989704132
-0.0968521311879158
-0.05912864953279495
-0.036650627851486206
-0.06336679309606552
-0.06355041265487671
-0.04081946611404418
-0.08576809614896774
-0.045652281492948525
-0.0625518187880516
-0.07895205914974211
-0.052568353712558746
-0.043092172592878335
-0.0697074830532074
-0.051187612116336816
-0.028202340006828308
-0.0655827671289444
-0.06678450107574463
-0.07921361923217773
-0.047462545335292816
-0.053248785436153405
-0.05258079618215561
-0.07541326433420181
-0.09111567586660384
-0.030490390956401825
-0.046812813729047775
-0.05169754475355148
-0.05998905003070831
-0.0860278457403183
-0.05215267837047577
-0.06912456452846527
-0.08646956086158752
-0.08607476949691772
-0.05229109525680541
-0.06752300262451172
-0.045686282217502594
-0.03394549712538719
-0.030475951731204983
-0.08744314312934875
-0.059060782194137566
-0.06858234107494354
-0.045371465384960175
-0.057906419038772576
-0.08966168761253358
-0.09067089855670929
-0.03909673914313316
-0.03338899463415146
-0.06735750287771225
-0.05959676206111908
-0.05806177854537964
-0.06521384418010712
-0.06838633120059967
-0.03026547282934189
-0.04604680463671684
-0.07240961492061616
-0.05827703326940536
-0.07136471569538116
-0.11626607179641724
-0.04053228721022606
-0.024891935288906097
-0.0951014906167984
-0.019499778747558597
-0.06731630116701126
-0.03639345243573189
-0.034928470849990845
-0.049469448626041405
-0.09325532615184785
-0.059811994433403015
-0.07213793694972992
-0.04394238442182541
-0.018271472305059433
-0.03949211537837982
-0.08141560107469559
-0.0697791799902916
-0.04877962917089462
-0.0547434538602829
-0.03732901066541672
-0.08669258654117584
-0.07190399616956711
-0.05259560793638229
-0.0644790306687355
-0.08010628819465637
-0.015744715929031372
-0.05798596888780594
-0.06705938279628754
-0.04750122502446175
-0.08633682876825331
-0.05889974534511566
-0.03671381250023842
-0.04118803143501282
-0.055503286421298974
-0.08650258928537367
-0.0717550665140152
-0.059301242232322686
-0.07271549105644226
-0.05662243068218231
-0.08727721124887465
-0.07492346316576003
-0.05000428110361099
-0.0432874672114849
-0.06731273233890533
-0.08699363470077513
-0.04773011803627014
-0.03532397747039795
-0.02526973560452461
-0.07142920792102814
-0.027728669345378876
-0.06873231381177902
-0.028554022312164303
-0.046591851860284805
-0.033615127205848694
-0.06272169947624207
-0.05623184144496918
-0.013548542745411396
-0.04713995009660721
-0.01724136993288994
-0.06277068704366684
-0.06433416157960892
-0.07672324776649475
-0.06070796400308609
-0.04554067552089691
-0.11250606179237364
-0.05006907135248184
-0.06073734909296036
-0.078703373670578
-0.024914279580116272
-0.07956622540950774
-0.03752436116337776
-0.03438763692975044
-0.0644659698009491
-0.02806893363595009
-0.04449695721268654
-0.0854136124253273
-0.04494748264551163
-0.011293123476207256
-0.028887677937746048
-0.05164758861064911
-0.078377865254879
-0.0577540248632431
-0.08038334548473358
-0.039217397570610046
-0.04563939571380615
-0.03414173424243927
-0.06460181623697281
-0.0812898799777031
-0.09697197377681731
-0.018016356974840164
-0.0703614354133606
-0.04816804453730583
-0.04441937059164047
-0.05076969414949417
-0.08728884160518646
-0.048528119921684265
-0.061961889266967766
-0.017489276826381683
-0.06802792102098465
-0.050530202686786645
-0.054026320576667786
-0.02088223025202751
-0.037071321159601205
-0.04695137217640877
-0.051331117749214165
-0.07381267845630644
-0.058800846338272095
-0.04902566969394684
-0.10243996977806091
-0.07141803205013275
-0.0506620854139328
-0.07476843148469925
-0.05642680823802948
-0.05437597632408142
-0.05213776975870133
-0.03480503335595131
-0.02752119675278664
-0.03421582654118538
-0.03317027911543846
-0.06478367745876312
-0.02711652964353561
-0.06891980767250061
-0.02554216980934143
-0.02925540506839752
-0.04268401488661767
-0.06175880879163742
-0.02879531681537628
-0.050811514258384705
-0.043599687516689294
-0.018081314861774445
-0.015345490537583828
-0.040003452450037
-0.07471877336502075
-0.08403994143009186
-0.0213545486330986
-0.017452526837587357
-0.02716582641005516
-0.06862042099237442
-0.05932973325252533
-0.04667600244283676
-0.04802279919385911
-0.0659429132938385
-0.06345871090888977
-0.05629054456949233
-0.05873502045869827
-0.09129992872476576
-0.029960386455059048
-0.05177042633295059
-0.04730728268623352
-0.09203127771615982
-0.08445779979228973
-0.062238410115242
-0.05298765003681183
-0.043278973549604416
-0.022436805069446564
-0.03812451660633087
-0.026259437203407288
-0.09227911382913587
-0.08938819169998169
-0.06144361197948456
-0.04935571551322937
0.002392251044511795
-0.06013023853302001
-0.0396295040845871
-0.08027838170528413
-0.0029169833287596703
-0.0467967763543129
-0.050681695342063904
-0.05206388235092163
-0.03856708854436874
-0.058255314826965325
0.008106271736323833
-0.047744058072566986
-0.05133484303951264
-0.047646861523389816
-0.04378214478492737
-0.05974673479795456
-0.06712118536233902
-0.05471571534872055
-0.0687427744269371
-0.043809816241264336
-0.05918233841657639
-0.04846003279089928
-0.015828218311071396
-0.02848387509584427
-0.027660388499498367
-0.041357100009918206
-0.0820111185312271
-0.061128415167331696
-0.04815368354320526
-0.0404297299683094
-0.08183059841394424
-0.029331877827644348
-0.05348414927721024
-0.04285852983593941
-0.03527618944644928
-0.03915177658200264
-0.06981439888477325
-0.04858842492103577
-0.052578046917915344
-0.060592420399189
-0.022006239742040638
-0.0894404649734497
-0.0920940712094307
-0.07550729811191559
-0.08122609555721283
-0.056526139378547675
-0.044565796852111816
-0.03573083505034447
-0.04860176891088486
-0.08340929448604582
-0.051910169422626495
-0.05137251317501068
-0.038664944469928735
-0.008638002909719944
-0.05024057626724243
-0.06210378557443618
-0.07103653997182846
-0.06009155511856079
-0.06345327198505402
-0.06453193724155426
-0.0034386226907372475
-0.051404327154159546
-0.10025090724229813
-0.05284499377012253
-0.07211866229772566
-0.0552888959646225
-0.06651081889867783
-0.047652706503868096
-0.01840302720665932
-0.07518666237592697
-0.06357648223638535
-0.04919655621051788
-0.028185050934553143
-0.05152995139360428
-0.03810931742191315
-0.07265472412109375
-0.038356881588697433
-0.03736291453242302
-0.07800225168466568
-0.06207108497619629
-0.04464761167764664
-0.030339475721120834
-0.030584603548049927
-0.06582748889923096
-0.08150018751621246
-0.05039861798286437
-0.06688380241394043
-0.03273378312587738
-0.04551368951797485
-0.04455426707863808
-0.08944612741470337
-0.05934872478246689
-0.06430220603942871
-0.04020832106471062
-0.041071817278862
-0.060971274971961975
-0.037589129060506814
-0.0613812431693077
-0.061914496123790734
-0.05678839981555939
-0.09587480872869492
-0.055009789764881134
-0.07366709411144257
-0.04293480142951012
-0.07997305691242218
-0.09093300998210907
-0.05713450908660889
-0.05693833529949188
-0.029155392199754715
-0.05501845479011536
-0.02544885128736496
-0.05064686387777328
-0.04817393422126769
-0.08623984456062317
-0.044917888939380646
-0.03794527053833008
-0.05769935250282288
-0.043852075934410095
-0.0769396126270294
-0.0867171660065651
-0.09738878905773161
-0.06492440402507782
-0.06851401925086975
-0.06850393861532211
-0.08166781812906265
-0.0464603453874588
-0.05332478880882263
-0.10505059361457823
-0.017773419618606567
-0.0881645679473877
-0.10882598161697388
-0.043901801109313965
-0.06887218356132507
-0.05531058460474014
-0.07405085861682893
-0.043190360069274895
-0.030094917863607407
-0.014773291535675524
-0.06802549958229065
-0.06118932366371154
-0.058506429195404046
-0.03828218579292297
-0.11038565635681152
-0.056611068546772
-0.04950599372386932
-0.04966682195663452
-0.10909244418144226
-0.06688429415225983
-0.06861038506031036
-0.04275015369057655
-0.02023114264011383
-0.05076537281274796
-0.09451951086521149
-0.04581381380558014
-0.052801162004470825
-0.05177060514688492
-0.03752942755818367
-0.04828907549381256
-0.07688912749290465
-0.06721660494804382
-0.028063729405403137
-0.07508880645036697
-0.09296759217977524
-0.06585952639579773
-0.049193963408470154
-0.0454525500535965
-0.09328792989253996
-0.09955436736345293
-0.08137124776840211
-0.060080088675022125
-0.05723214149475098
-0.0723818838596344
-0.09993808716535568
-0.049472592771053314
-0.036565832793712616
-0.06205178052186966
-0.07182836532592773
-0.08690424263477325
-0.0653732568025589
-0.035220786929130554
-0.07832364737987518
-0.06193190813064575
-0.027102746069431305
-0.04231506213545799
-0.03334019333124161
-0.05304688960313797
-0.04866249859333038
-0.04795509204268456
-0.06521901488304138
-0.05376860499382019
-0.05080334097146988
-0.04205184802412986
-0.05379110574722289
-0.06326694786548616
-0.06294664740562439
-0.053622253239154816
-0.08269311487674713
-0.051966771483421326
-0.08550937473773955
-0.06525310128927231
-0.008008732460439205
-0.07897302508354187
-0.028505697846412655
-0.014796973206102848
-0.07135923951864243
-0.04108457639813423
-0.03440488502383232
-0.023753125220537186
-0.07643958926200865
-0.05352836102247238
-0.047553036361932755
-0.02844690531492233
-0.06434321403503418
-0.01891238242387772
-0.0720093846321106
-0.05014500766992569
-0.04368799552321433
-0.044714592397212975
-0.08116357028484344
-0.05921487510204315
-0.07409824430942534
-0.0020620161667466164
-0.05812385678291321
-0.07894392311573027
-0.027053236961364743
0.0029725562781095505
-0.05000200867652893
-0.037568539381027215
-0.040311045944690704
-0.02639270946383476
-0.05078889429569244
-0.05010026693344116
-0.03908848017454147
-0.02993917465209961
-0.04311596229672432
-0.05157256871461868
-0.03329673409461975
-0.08229467272758484
-0.03356889262795448
-0.0367499366402626
-0.05784469842910767
-0.02934354916214943
-0.06751500070095062
-0.05827942490577698
-0.06092853844165801
-0.10314439982175828
-0.09607449173927309
-0.0247889906167984
-0.10382255166769028
-0.049690425395965576
-0.03535914048552513
-0.05201318114995957
-0.09112786501646042
-0.04586124047636986
-0.05338907241821289
-0.06592048704624176
-0.0513317659497261
-0.07387710362672804
-0.046723492443561554
-0.046756744384765625
-0.04601040855050087
-0.04494106024503708
-0.05098028481006622
-0.07391151040792465
-0.041080016642808914
-0.06075246632099152
-0.0877075046300888
-0.04705430939793587
-0.06670722365379332
-0.02752460539340973
-0.03569664806127548
-0.06774363666772841
-0.060238175094127655
-0.051600925624370575
-0.049641042947769165
-0.046424318104982376
-0.11085684597492218
-0.06375972181558609
-0.019700460135936737
-0.02016297727823257
-0.06814040243625641
-0.051476053893566125
-0.07931287586688995
-0.08019065856933594
-0.03675537556409836
-0.04645892232656479
-0.04276413470506668
-0.054899051785469055
-0.05878361314535141
-0.0703139454126358
-0.07725241035223006
-0.06913962215185165
-0.03763405606150627
-0.09127582609653474
-0.0467379167675972
-0.04053986445069313
-0.02574788779020309
-0.0650910809636116
-0.0618586540222168
-0.01463568489998579
-0.05728769302368164
-0.048193998634815216
-0.03116048127412796
-0.10356618463993073
-0.056915946304798126
-0.03642918169498444
-0.05564127117395401
-0.07399848103523254
-0.017607633024454117
-0.03805773332715034
-0.01678520441055298
-0.056192517280578606
-0.034709203988313675
-0.0694926530122757
-0.044014744460582726
-0.08945168554782867
-0.06246503442525864
-0.030541330575942997
0.0005552023649215697
-0.05308958888053895
-0.0678604245185852
-0.05592962354421616
-0.07319193333387376
-0.06507745385169983
-0.05921678245067597
-0.0629257783293724
-0.05641596019268036
-0.06609848141670227
-0.08192194253206253
-0.06101606786251068
-0.05560331046581268
-0.03233953192830086
-0.053973570466041565
-0.04723493754863739
-0.04588481038808823
-0.024636689573526382
-0.09485993534326552
-0.06215185672044753
-0.059686638414859765
-0.04226454719901085
-0.07615455985069275
-0.06167319416999817
-0.06616158783435822
-0.033537764102220535
-0.05762194097042084
-0.0656423270702362
-0.05016859620809555
-0.10483469069004057
-0.056248880922794335
-0.03903603553771973
-0.060243502259254456
-0.029785726219415665
-0.06786447763442993
-0.02819302305579185
-0.04354095458984375
-0.06975789368152617
-0.0860564261674881
-0.08240252733230592
-0.06113118678331375
-0.09497961401939392
-0.043116819113492966
-0.07045958936214447
-0.08137586712837219
-0.06886062026023865
-0.07242181152105331
-0.05025356262922287
-0.05807178467512131
-0.04646466672420502
-0.06037735939025879
-0.028154421597719193
-0.04328438639640808
-0.025729060173034668
-0.03307897597551346
-0.05012431740760803
-0.04483151063323021
-0.08310034126043318
-0.0793532356619835
-0.0298757366836071
-0.0351475328207016
-0.0602019801735878
-0.0584237277507782
-0.0332854688167572
-0.039792567491531365
-0.045778010040521615
-0.06084133684635162
-0.05491833388805389
0.007318524643778802
-0.06501366943120956
-0.04787784069776535
-0.03562089055776596
-0.017986223101615902
-0.06921146810054779
-0.03738992661237717
-0.017649833112955093
-0.06431600451469421
-0.04677106440067291
-0.08569663763046265
-0.04548300057649613
-0.0746643841266632
-0.08084309101104736
-0.029743939638137817
-0.0502951368689537
-0.06236721575260162
-0.043601080775260925
-0.06203409284353256
-0.05797435343265533
-0.07767189294099806
-0.04723042249679565
-0.0148622440174222
-0.06414128839969635
-0.03476392850279808
-0.08160904794931412
-0.05693534016609192
-0.007370694540441037
-0.054957091808319085
-0.02795769274234772
-0.06021197885274887
-0.0334903746843338
-0.03079020977020264
-0.03911275416612625
-0.04090435802936553
-0.05161048471927642
-0.05437647551298141
-0.0693817138671875
-0.01975145936012268
-0.060937486588954926
-0.08439262956380844
-0.07936865091323853
-0.049496375024318695
-0.06864957511425017
-0.06342887878417969
-0.04628071188926697
-0.102597214281559
-0.08174116909503935
-0.028891384601593018
-0.05676412582397461
-0.02360406517982483
-0.05475491285324097
-0.03427202254533768
-0.07921876013278961
-0.08684523403644562
-0.07577870041131973
-0.04851697012782097
-0.05729047954082489
-0.027550093829631805
-0.08330419659614563
-0.06001888960599899
-0.0625661313533783
-0.06108961999416351
-0.04611814767122269
-0.07890710234642029
-0.05810818821191788
-0.056794941425323486
-0.07982346415519713
-0.07929103821516037
-0.05473863333463669
-0.04038648307323456
-0.012882300652563572
-0.09468363970518112
-0.05351941287517548
-0.05557747185230255
-0.04559249058365822
-0.03751818463206291
-0.02259783446788788
-0.12713442742824554
-0.03881927579641342
-0.01389340404421091
-0.10256996750831604
-0.06402408331632614
-0.04396621137857437
-0.050745472311973565
-0.08416621387004851
-0.021125052124261856
-0.036713674664497375
-0.025880631059408188
-0.0673443078994751
-0.0613967552781105
-0.06139983981847763
-0.044005054980516434
-0.04350345954298973
-0.024424217641353607
-0.07146904617547989
-0.04518153518438339
-0.07931999862194061
-0.034033775329589844
-0.05984901636838913
-0.06049627810716629
-0.07570103555917741
-0.021972164511680603
-0.045989714562892914
-0.058451928198337555
-0.0396682471036911
-0.04656363278627396
-0.011241056956350803
-0.05503345280885696
-0.06688719987869263
-0.03861818090081215
-0.049771718680858605
-0.086967833340168
-0.03807147964835167
-0.0567864328622818
-0.05718289315700531
-0.05824681371450424
-0.054695896804332726
-0.04330478608608246
-0.04461038112640381
-0.03920632600784302
-0.08099554479122163
-0.06129537522792816
-0.059020675718784325
-0.023938871920108795
-0.017704665660858154
-0.03226775676012039
-0.036382317543029785
-0.11002625524997713
-0.08630333095788956
-0.07021450996398926
-0.09066882729530334
-0.06395109742879868
-0.041066873818635934
-0.05625669658184052
-0.05292844772338867
-0.04785987734794617
-0.06414823234081268
-0.04439261555671692
-0.04016891494393349
-0.05284081399440765
-0.05630676448345184
-0.01981443911790848
-0.05531247705221176
-0.019432935863733288
-0.08584427833557129
-0.08362072706222534
-0.0351504310965538
-0.07636973261833192
-0.02431243285536766
-0.04541026055812836
-0.006949036382138729
-0.03811851888895034
-0.06729024648666382
-0.029483992606401443
-0.06204881519079208
-0.07445122301578522
-0.06231626868247986
-0.07338771969079971
-0.041213251650333405
-0.03716560453176498
-0.10828639566898345
-0.10654970258474349
-0.05097825825214385
-0.02666399627923965
-0.03197258338332176
-0.037311602383852005
-0.005829962901771069
-0.036712277680635445
-0.04920636117458344
-0.025653742253780365
-0.08863332867622374
-0.05170531570911408
-0.040740177035331726
-0.05415087938308716
-0.07852059602737425
-0.06154143810272217
-0.11206288635730743
-0.03423862159252167
-0.038564275950193405
-0.05683612823486328
-0.050782978534698486
0.002124705351889133
-0.0787452459335327
-0.05232235789299011
-0.07404419779777527
-0.013353579677641392
-0.05271992087364197
-0.07673243433237076
-0.0713018849492073
-0.09447749704122543
-0.06312674283981323
-0.03251228854060173
-0.039545387029647834
-0.0618952140212059
-0.06485435366630554
-0.034262560307979584
-0.08716274797916412
-0.03436489775776863
-0.00146655086427927
-0.09922008216381073
-0.0920778512954712
-0.04256827384233475
-0.08233452588319777
-0.03250362351536751
-0.04753106087446213
-0.04277750104665756
-0.047387056052684784
-0.05741095542907714
-0.055457070469856255
-0.07063497602939606
-0.020916953682899475
-0.020203374326229092
-0.0772840678691864
-0.026532791554927822
-0.04230222851037979
-0.06148374080657959
-0.05310502648353577
-0.07969716936349869
-0.03460437431931496
-0.013473558239638804
-0.08851280063390733
-0.04808449000120162
-0.04839317500591278
-0.05369225144386292
-0.04312139004468918
-0.02472134679555893
-0.03145144507288933
-0.057076364755630486
-0.06169173866510391
-0.054769113659858704
-0.07065712660551071
-0.0631440207362175
-0.05249461531639099
-0.04693415015935898
-0.04040532559156418
-0.03755978494882584
-0.07667712867259979
-0.012437143363058569
-0.06663712859153748
-0.03796911984682083
-0.05291818082332611
-0.024487927556037903
-0.04222063720226288
-0.016668029129505157
-0.042956486344337456
-0.07409980893135072
-0.06730763614177704
-0.08103352040052414
-0.0745614767074585
-0.0687369778752327
-0.05115511268377304
-0.037058673799037926
-0.05430549383163452
-0.07950719445943832
-0.05382349342107773
-0.06890300661325455
-0.07166260480880737
-0.034644462168216705
-0.05302035808563232
-0.05336897075176239
-0.06727197021245956
-0.0580354481935501
-0.05499722063541412
-0.06103691458702088
-0.08279498666524887
-0.044267531484365456
-0.06833750009536743
-0.07148882746696472
-0.06672663986682892
-0.07340899109840393
-0.06433894485235214
0.003041497431695461
-0.049113929271698
-0.08074089139699936
-0.052848726511001594
-0.10422052443027496
-0.040996871888637536
-0.06829514354467392
-0.06516203284263611
-0.05187364667654037
-0.08282442390918732
-0.054994970560073846
-0.023023508489131927
-0.0700976699590683
-0.07065083831548691
-0.07139979302883148
-0.03901973366737366
-0.03886950761079788
-0.06252244114875793
-0.051048904657363885
-0.0942239910364151
-0.04890606552362441
-0.07158422470092773
-0.03916064277291298
-0.05171503126621246
-0.08297635614871977
-0.024880044162273407
-0.04024506360292435
-0.051162756979465485
-0.042179036885499954
-0.07009086012840271
-0.022829417139291763
-0.060952723026275635
-0.06688493490219116
-0.035581208765506744
-0.033874914050102234
-0.10444959253072739
-0.06652778387069702
-0.04345844313502312
-0.06893621385097504
-0.05259422212839127
-0.03229386731982231
-0.0708293467760086
-0.0693369135260582
-0.07325072586536406
-0.03590628132224083
-0.05596332997083664
-0.06704362481832504
-0.04451967775821686
-0.08372978121042252
-0.07939103245735168
-0.0695829689502716
-0.053668342530727386
-0.06062120199203491
-0.08129321038722992
-0.014373739250004292
-0.07871168851852417
-0.042178701609373086
-0.06997823715209961
-0.037931770086288445
-0.050669223070144646
-0.011677735485136507
-0.03942038118839264
-0.056377440690994256
-0.041045863181352615
-0.06712747365236281
-0.030044965445995327
-0.03202104568481445
-0.055348843336105354
-0.04359165579080582
-0.05030573904514313
-0.06647585332393646
-0.061907075345516205
-0.06702511757612228
-0.03853156417608261
-0.01683315634727478
-0.08420176804065704
-0.04765762388706207
-0.025815803557634357
-0.04882172495126724
-0.07890049368143082
-0.02075645327568054
-0.06553798913955688
-0.11955972015857697
-0.04202176630496978
-0.009717741049826143
-0.05009495466947556
-0.007235356606543064
-0.02444867417216301
-0.09320521354675294
-0.034006424248218536
-0.021903887391090397
-0.05044110119342804
-0.055002041161060326
-0.03313235938549042
-0.053592130541801446
-0.044285673648118966
-0.048037700355052955
-0.05895833671092987
-0.09510718286037444
-0.059428781270980835
-0.031217992305755612
-0.02798710763454437
-0.07390809804201126
-0.07351940870285034
-0.05653426796197891
-0.04184143245220184
-0.07615911215543747
-0.01184514444321394
-0.07627297937870026
-0.05812922120094299
-0.07907497137784956
-0.045924246311187744
-0.06310958415269852
-0.06014560163021088
-0.09451684355735779
-0.036283351480960846
-0.06770630180835724
-0.06643122434616089
-0.06101835519075394
-0.045478321611881256
-0.060543417930603034
-0.0860520303249359
-0.04771985858678818
-0.07587485015392302
-0.006714879535138607
-0.028840847313404083
-0.07591723650693893
-0.0223727747797966
-0.06744243949651718
-0.04746938496828079
-0.07502271234989166
-0.060299605131149285
-0.08151143044233322
-0.031995996832847595
-0.040350206196308136
-0.05096285790205002
-0.044642440974712365
-0.09276562184095383
-0.04863154888153076
-0.07160572707653046
-0.050479687750339515
-0.04540937393903732
-0.07097095251083374
-0.07373155653476715
-0.08889427036046982
-0.06090901792049408
-0.056621775031089776
-0.04242364317178726
-0.04383821040391921
-0.06991885602474213
-0.06059201061725616
-0.0700758695602417
-0.038272462785243995
-0.029061127454042435
-0.07074566185474396
-0.07572147250175475
-0.07749634981155396
-0.018195245414972305
-0.009595046751201153
-0.06980256736278534
-0.026140421628952023
-0.009552921168506144
-0.05783713608980178
-0.03273693472146988
-0.02710115909576416
-0.04510842263698578
-0.010689948685467243
-0.02926535904407501
-0.08949985355138777
-0.09566733986139296
-0.0913596972823143
-0.03349343687295914
-0.05204731971025466
-0.06484730541706085
-0.09293320775032045
-0.02749360352754593
-0.07850948721170425
-0.03626732528209686
-0.018914476037025448
-0.038556531071662896
-0.0598478689789772
-0.07446819543838501
-0.09483438730239868
-0.08500522375106812
-0.02838512510061264
-0.04541656374931336
-0.05645214021205902
-0.0685625970363617
-0.0432664193212986
-0.046563997864723206
-0.07746463268995285
-0.015731677412986755
-0.0673007071018219
-0.024334460496902462
-0.05011572688817978
-0.04715823382139206
-0.02450212836265564
-0.06007307767868041
-0.05987036973237991
-0.0541522353887558
-0.08235433697700499
-0.06008322536945343
-0.03746607154607773
-0.026590101420879364
-0.06180187314748764
-0.013338268734514712
-0.03910592943429946
-0.055015318095684045
-0.068392813205719
-0.04714217782020569
-0.0985019952058792
-0.050397127866745
-0.07461073994636534
-0.07487764954566956
-0.06707478314638138
-0.08264066278934479
-0.04804891347885132
-0.08093269169330597
-0.02402447536587715
-0.0007132953032851219
-0.0813673883676529
-0.054304182529449456
-0.07766737043857574
-0.08313875645399092
-0.030531086027622223
-0.06700500845909119
-0.056458793580532074
-0.05454903095960617
-0.05573509633541107
-0.034566160291433334
-0.08229430019855499
-0.053069666028022766
-0.06325135380029678
-0.08120712637901306
-0.01877063140273094
-0.04317080229520798
-0.06215934455394745
-0.07172280550003052
-0.04342071712017059
-0.08739760518074036
-0.057451196014881134
-0.05766867101192474
-0.08997067809104918
-0.03677833825349808
-0.04771603271365166
-0.07364124059677123
-0.059057436883449554
-0.046143464744091034
-0.07919842004776001
-0.0625021904706955
-0.06441634893417358
-0.04369177669286728
-0.0694877952337265
-0.03278908506035805
-0.042293861508369446
-0.012132045812904835
-0.011002824641764164
-0.08841472864151001
-0.05759435892105103
-0.08948220312595366
-0.003072009421885013
-0.049253061413764954
-0.0692249983549118
-0.04816978424787521
-0.044401705265045166
-0.06705275923013687
-0.04759540408849716
-0.07312067598104478
-0.08625292032957077
-0.08306260406970978
-0.04381611943244934
-0.08676971495151518
-0.031547971069812775
-0.06514467298984528
-0.04714048653841019
-0.030998229980468753
-0.07511264085769653
-0.07059246301651001
-0.0657227486371994
-0.038153402507305145
-0.02719549089670181
-0.05890984833240509
-0.021759845316410065
-0.04365542158484458
-0.06414171308279037
-0.058283522725105286
-0.04931210726499557
-0.02883055061101913
-0.09750878810882568
-0.040800683200359344
-0.09158213436603546
-0.05821405351161957
-0.06988482177257538
-0.051060907542705536
-0.0787147209048271
-0.01858171075582504
-0.030983977019786835
-0.0506683811545372
-0.044004522264003754
-0.08983857929706573
-0.04395951703190804
-0.027853749692440033
-0.05922316014766693
-0.04852043464779854
-0.0659262016415596
-0.07862326502799988
-0.0612051784992218
-0.023946166038513184
-0.02757931873202324
-0.06134628504514694
-0.04475537687540054
-0.05247382074594498
-0.06739072501659393
-0.08095932006835938
-0.03628075867891312
-0.07410666346549988
-0.04694731906056404
-0.06716865301132202
-0.061858683824539185
-0.0485905259847641
-0.06705154478549957
-0.05802547931671143
-0.05037541687488556
-0.03978055343031883
-0.05299369245767593
-0.0642397552728653
-0.07902766764163971
-0.027017448097467422
-0.04743184521794319
-0.10176971554756165
-0.022478058934211727
-0.09049446135759352
-0.034170202910900116
-0.03655390441417694
-0.07020866870880127
-0.021170794963836666
-0.02613738924264908
-0.03869873285293579
-0.05534477531909943
-0.05535442382097244
-0.050197094678878784
-0.042135559022426605
-0.01429800409823656
-0.026601370424032208
-0.06430771946907043
-0.04848500341176987
-0.037196516990661614
-0.059648238122463226
-0.034141503274440765
-0.08660300076007843
-0.08720307052135468
-0.04746927320957184
-0.04783923178911209
-0.014422076754271984
-0.05627620965242386
-0.046591684222221375
-0.03907852619886398
-0.046916335821151726
-0.037597205489873886
-0.08621107041835785
-0.04866164177656174
-0.06230542063713074
-0.0669228583574295
-0.0469929575920105
-0.061741046607494354
-0.04562213271856308
-0.020572803914546967
-0.07972919940948486
-0.01622019335627556
-0.03569222241640091
-0.05278570204973221
-0.045865707099437714
-0.04104950651526451
-0.04462217912077904
-0.03364921361207962
-0.061005651950836175
-0.01812995970249176
-0.02431698888540268
-0.08263629674911499
-0.05291992425918579
-0.07708977162837982
-0.05019773542881012
-0.0426662415266037
-0.0692528784275055
-0.08830370008945465
-0.059849396347999566
-0.02897919714450836
-0.03681587427854537
-0.0405467227101326
-0.03080873191356659
-0.07412467896938325
-0.06787000596523285
-0.06929640471935272
-0.05868036299943924
-0.07560591399669646
-0.09859947860240936
-0.062464773654937744
-0.045592870563268655
-0.060489937663078315
-0.0703156590461731
-0.10085708647966383
-0.04249424114823341
-0.061225496232509606
-0.05494337528944016
-0.07342009991407393
-0.0405576005578041
-0.057117655873298645
-0.06297867000102997
-0.03722748905420303
-0.05106797814369202
-0.05504632741212845
-0.07987502217292786
-0.03876276314258576
-0.09800021350383759
-0.07724645733833313
-0.04874519258737564
-0.04240509867668152
-0.01763823628425598
-0.039573341608047485
-0.043585125356912606
-0.06785503029823303
-0.07561153918504715
-0.06376245617866516
-0.048153430223464966
-0.05092775821685791
-0.03893899917602539
-0.05799694359302521
-0.07388143986463545
-0.06181232631206512
-0.05447590351104736
-0.07218741625547409
-0.046958066523075104
-0.05579803884029389
-0.05656448751688004
-0.024373739957809448
-0.09468533843755722
-0.034856565296649926
-0.07564356178045274
-0.05510560423135757
-0.03884103894233704
-0.03518081456422806
-0.03354210406541824
-0.03874872624874114
-0.05209462344646454
-0.08831162750720978
-0.04066965728998184
-0.04012171179056168
-0.07558511942625044
-0.10507095605134964
-0.06448639929294586
-0.05556053668260574
-0.061974272131919854
-0.05708499252796173
-0.03645778074860573
-0.045815184712409966
-0.0561121329665184
-0.06953247636556625
-0.10571391880512236
-0.05218303203582764
-0.054191499948501594
-0.06101801246404648
-0.06401416659355164
-0.0006262687966227531
-0.07307429611682893
-0.015022690407931805
-0.0921265110373497
-0.0650806725025177
-0.04172628372907639
-0.05655370652675629
-0.037363655865192406
-0.07479587197303773
-0.03646814078092575
-0.09567005187273024
-0.0615835040807724
-0.041381072252988815
-0.05554104596376419
-0.01283483486622572
-0.06631452590227127
-0.051118247210979455
-0.03996229916810989
-0.060028545558452606
-0.05618131160736084
-0.043554656207561486
-0.06091173738241196
-0.09756126254796979
-0.08588827401399612
-0.05932609736919403
-0.07410885393619537
-0.08771502971649171
-0.019021399319171906
-0.05851641297340393
-0.02010527998209
-0.03105289489030838
-0.07675140351057053
-0.06334518641233444
-0.06116488575935364
-0.018688105046749115
-0.0844990387558937
-0.05634288489818573
-0.08233903348445891
-0.053979769349098206
-0.08868319541215897
-0.051820456981658936
-0.047991521656513214
-0.09076616168022157
-0.06176203489303589
-0.032203514128923416
-0.08188977837562561
-0.07162674516439438
-0.06428604573011398
-0.07712797075510025
-0.0359530970454216
-0.033634744584560394
-0.10347981750965118
-0.05260790884494781
-0.014653869904577732
-0.07995497435331345
-0.0579366609454155
-0.06868121027946472
-0.06403981149196625
-0.06163065880537033
-0.030412323772907257
-0.017921920865774155
-0.04681310057640076
-0.05505332350730896
-0.06799276173114777
-0.08312994241714476
-0.051423616707324975
-0.03638184815645218
-0.0654291957616806
-0.030616212636232376
-0.0385943278670311
-0.04143171012401581
-0.1004037633538246
-0.054221644997596734
-0.08710372447967529
-0.08521360903978348
-0.04318980500102043
-0.03021938353776932
-0.1010727211833
-0.05335626006126404
-0.04017268866300583
-0.03913603723049164
-0.050904452800750725
-0.05955389142036437
-0.05656193196773529
-0.03874035179615021
-0.09721688926219939
-0.07214844226837158
-0.07041022926568985
-0.06289912760257721
-0.038111452013254166
-0.026562910526990887
-0.06995373219251633
-0.07935468852519989
-0.03953216969966888
-0.06369747221469879
-0.0526389554142952
-0.08460751920938493
-0.03922524303197861
-0.03950416296720505
-0.02674851566553116
-0.06925666332244873
-0.07243146747350691
-0.056599512696266174
-0.1018255352973938
-0.03840462118387222
-0.05641727149486542
-0.06457348912954329
-0.021836139261722565
0.0026201801374554634
-0.0002536401152610779
-0.04653596878051758
-0.0503450334072113
-0.05095411092042922
-0.031180568039417263
-0.0931711047887802
-0.032275572419166565
-0.0519813448190689
-0.06027603149414063
-0.018596436828374863
-0.05655503273010254
-0.07547049224376678
-0.06631740182638168
-0.04131975769996643
-0.057300664484500885
-0.092325858771801
-0.05168565362691879
-0.036187540739774704
-0.017077509313821793
-0.04719652980566025
-0.07419826090335846
-0.04461268335580826
-0.0601780042052269
-0.06141567230224609
-0.05709598958492279
-0.05907443910837173
-0.034896619617938995
-0.06868872046470642
-0.014538916759192944
-0.03917082399129868
-0.07319469004869461
-0.07773225754499435
-0.09176745265722273
-0.06344692409038544
-0.03223421424627304
-0.08198381960391998
-0.027314692735672
-0.04299621656537056
-0.0753054693341255
-0.02513884380459785
-0.04509828984737396
-0.05046281963586807
-0.061352863907814026
-0.04400136694312096
-0.035540200769901276
-0.03167526423931122
-0.09051288664340974
-0.03225081413984299
-0.015446149744093418
-0.06730601191520691
-0.03609267622232437
-0.05967164039611816
-0.06019774079322815
-0.035418495535850525
-0.07558265328407286
-0.07650131732225418
-0.056367293000221246
-0.04054201766848564
-0.06719836592674255
-0.06916651874780655
-0.0697348415851593
-0.07052785158157349
-0.042159542441368096
-0.0625242292881012
-0.03858919814229012
-0.04662994295358658
-0.057651087641716
-0.03472337871789932
-0.044103823602199554
-0.006526573561131953
-0.019402518868446354
-0.027005232870578762
-0.04917827993631362
-0.08636820316314697
-0.06702984124422073
-0.08555788546800613
-0.07727804780006409
-0.08918418735265732
-0.0547448918223381
-0.07397060841321945
-0.0516083538532257
-0.06272581219673157
-0.04757676646113396
-0.07195005565881729
-0.0723271518945694
-0.0654606744647026
-0.04456787183880805
-0.0438288189470768
-0.0188479945063591
-0.0034198882058262825
-0.04181778430938721
-0.06696415692567825
-0.06622418761253357
-0.07629492878913878
-0.04504390060901642
-0.03947579115629196
-0.0660676509141922
-0.059408083558082574
-0.04066582769155502
-0.05938674509525299
-0.05793420225381851
-0.07436966896057129
-0.05438721925020218
-0.06977128982543945
-0.07316819578409195
-0.02889282628893852
-0.0506780743598938
-0.06952514499425888
-0.080607108771801
-0.04800301790237426
-0.04867003113031387
-0.03725799545645714
-0.04292329773306847
-0.07647743076086044
-0.04122021049261093
-0.060093775391578674
-0.06330171227455139
-0.0323280394077301
-0.0744553655385971
-0.057561352849006646
-0.042199108749628074
-0.012486050836741924
-0.014026585035026072
-0.06281134486198425
-0.07095596194267273
-0.02213899791240692
-0.0415506586432457
-0.07430671155452728
-0.074634350836277
-0.06643256545066833
-0.04670574516057968
-0.07482130825519562
-0.05846764892339706
-0.060509152710437775
-0.020754698663949966
-0.045550815761089325
-0.05967970192432404
-0.07805082201957703
-0.06245216727256775
-0.020099438726902008
-0.06117036938667297
-0.041544318199157715
-0.03680292144417762
-0.06849722564220428
-0.037999119609594345
-0.058176711201667786
-0.03281717374920845
-0.03094996511936188
-0.0610802099108696
-0.02987361699342728
-0.054463945329189294
-0.06305979192256927
-0.02453050762414932
-0.07910402119159697
-0.06967440247535706
-0.04421773552894592
-0.02639435976743698
-0.05646547675132752
-0.10615919530391692
-0.028563950210809708
-0.047648057341575616
-0.07128574699163437
-0.08374802023172377
-0.031760603189468384
-0.06505557894706726
-0.03898473829030991
-0.054194830358028405
-0.07374003529548645
-0.093898668885231
-0.018832437694072723
-0.06482643634080887
-0.030770644545555115
-0.05247166752815247
-0.08866600692272186
-0.05772024393081665
-0.04177043214440346
-0.0439523346722126
-0.040093302726745605
-0.028520148247480392
-0.09340395033359528
-0.06470105797052383
-0.064670130610466
-0.05749855935573578
-0.08760130405426025
-0.10593140870332717
-0.04797688126564026
-0.08168024569749832
-0.051481671631336205
-0.0801326185464859
-0.05073767900466919
-0.06102882325649261
-0.07009132951498032
-0.02476003021001816
-0.013729023747146128
-0.062239043414592736
-0.06735043227672577
-0.05183959007263184
-0.06476354598999023
-0.023809999227523804
-0.033823370933532715
-0.040562305599451065
-0.06617707759141922
-0.056370563805103295
-0.053079336881637566
-0.06944827735424042
-0.08822514116764067
-0.06047818809747696
-0.011615472845733164
-0.0681493878364563
-0.06463553011417389
-0.03636516258120537
-0.010156276635825634
-0.07508724182844163
-0.05359630286693573
-0.05235664546489716
-0.03429121896624565
-0.06243350356817245
-0.0428704172372818
-0.03862129896879196
-0.0667758658528328
-0.06150908768177032
-0.05568421632051468
-0.054048530757427216
-0.04546280950307846
-0.07448752969503401
-0.06075563281774521
-0.08652545511722563
-0.017232652753591537
-0.01587199792265892
-0.03589475154876709
0.005271299742162228
-0.045920863747596734
-0.029277473688125607
-0.0492308884859085
-0.028381060808897015
-0.05100704729557037
-0.06151855736970901
-0.0705641657114029
-0.07620134949684143
-0.022753983736038208
-0.04824916645884514
-0.05477094650268555
-0.014075367711484432
-0.07017461210489273
-0.046237438917160034
-0.07186274230480194
-0.06485751271247864
-0.049770750105381005
-0.037754669785499566
-0.048206910490989685
-0.1265035569667816
-0.019173383712768555
-0.049379505217075355
-0.09238401800394058
-0.06509463489055634
-0.07754179835319519
-0.041574567556381226
-0.03287548944354057
-0.058082453906536095
-0.05307210981845856
-0.0378299057483673
-0.045742347836494446
-0.06202549487352371
-0.04527368396520615
-0.1104702204465866
-0.034448310732841485
-0.0872792899608612
-0.06110230833292008
-0.07467542588710785
-0.06912906467914581
-0.05484753847122192
-0.034588418900966644
-0.07871675491333008
-0.04810913652181625
-0.06953498721122742
-0.0848754867911339
-0.034496963024139404
-0.06633607298135757
-0.05781760811805725
-0.0440182201564312
-0.031156741082668304
-0.05869210511445999
-0.043272927403450005
-0.029521021991968155
-0.04599961638450623
-0.04975625872612
-0.06309358030557632
-0.09392745047807693
-0.02516543865203857
-0.03539282828569412
-0.03962442278862
-0.03713793307542801
-0.08450473845005035
-0.05485473573207855
-0.0524134635925293
-0.07881151139736174
-0.0473899133503437
-0.08406654000282286
-0.06841674447059631
-0.06288884580135345
-0.06526409834623337
-0.07749219238758086
-0.03615066409111023
-0.030588544905185696
-0.0655609741806984
-0.04274778068065643
-0.05002667754888535
-0.026505712419748303
-0.047030143439769745
-0.04684692621231079
-0.03684817627072334
-0.08727583289146422
-0.08202546834945679
-0.050191290676593774
-0.08309407532215118
-0.08624206483364105
-0.08174358308315277
-0.057737432420253754
-0.06199131160974503
-0.06740543246269226
-0.0706293061375618
-0.04371446371078491
-0.044392116367816925
-0.04876166582107544
-0.04059827327728272
-0.0791240781545639
-0.07391738891601561
-0.05787163972854614
-0.04325249791145325
-0.04402252286672592
-0.040300384163856506
-0.040102001279592514
-0.03624031320214272
-0.06701020896434784
-0.029966216534376144
-0.03260704502463341
-0.08739997446537018
-0.0367378294467926
-0.06305073201656342
-0.03851550072431564
-0.03614067286252976
-0.07893602550029753
-0.05809475481510162
-0.08276532590389252
-0.05580111593008041
-0.03221985697746277
-0.0748172178864479
-0.06204478442668914
-0.04136811196804047
-0.06377792358398438
-0.030730709433555603
-0.07850900292396545
-0.04994620382785797
-0.03528189659118652
-0.06378388404846191
-0.0394308939576149
-0.05342942476272583
-0.04465281963348389
-0.031218916177749637
-0.06834416091442108
-0.0613977238535881
-0.07117097824811935
-0.04200199618935585
-0.0511796548962593
-0.010440333746373652
-0.072801873087883
-0.1135725975036621
-0.07073011249303818
-0.02681972831487656
-0.05439300835132599
-0.07291986048221587
-0.03975870460271835
-0.052608460187911994
-0.052368827164173126
-0.0834614485502243
-0.04131091386079788
-0.05548397451639176
-0.01667201891541481
-0.08371788263320921
-0.05671493709087372
-0.04985105246305466
-0.04568568989634514
-0.057083986699581146
-0.05260534584522247
-0.07782304286956787
-0.046243399381637566
-0.05762365460395813
-0.06590943038463593
-0.06504102796316147
-0.06126438081264496
-0.02424101158976555
-0.04912594705820084
-0.05028238892555237
-0.03686508536338806
-0.035243269056081765
-0.08960936963558197
-0.07191821932792664
-0.04566313698887825
-0.04447072744369506
-0.0997476726770401
-0.01906243711709976
-0.09695613384246826
-0.06401434540748596
-0.06785491108894348
-0.0631137564778328
-0.03321250528097153
-0.042839542031288154
-0.03905528038740158
-0.03820528835058212
-0.05664251744747162
-0.03438057750463486
-0.07278528809547424
-0.06325210630893707
-0.10418443381786346
-0.05431373417377472
-0.034560203552246094
-0.06066792458295822
-0.06388314068317413
-0.036891840398311615
-0.048213109374046326
-0.03843445703387261
-0.06278170645236969
-0.01530912984162569
-0.04145603254437447
-0.031350620090961456
-0.05159183591604233
-0.058010317385196686
-0.0890311524271965
-0.02035048604011536
-0.017280690371990204
-0.04470069706439972
-0.05572282522916794
-0.05281616747379303
-0.09806154668331146
-0.07973812520503996
-0.03552860766649246
-0.05988430231809616
-0.05782026052474976
-0.034821249544620514
-0.04692697525024414
-0.07696367800235747
-0.04595546424388885
-0.04459023475646973
-0.09312277287244797
-0.03867436945438385
-0.06010778248310089
-0.04845105856657028
-0.054615795612335205
-0.06652557104825974
-0.0493401437997818
-0.03848389908671379
-0.07555000483989716
-0.06331295520067215
-0.035145752131938934
-0.05293431878089905
-0.08005131781101225
-0.07075206190347672
-0.05495662987232208
0.0009655123576521872
-0.057922735810279846
-0.04203212261199951
-0.03752237185835838
-0.05789963155984879
-0.04139162600040436
-0.03604652360081673
-0.06568408012390137
-0.04963646084070206
-0.04329095780849457
-0.052578091621398926
-0.04031534120440483
-0.07182149589061737
-0.07948757708072662
-0.044465728104114526
-0.059319555759429925
-0.03419017419219017
-0.048912167549133294
-0.06097091734409332
-0.059022434055805206
-0.032566554844379425
-0.06934414058923721
-0.03960509598255157
-0.03616391867399216
-0.07426587492227553
-0.0376059040427208
-0.02482882514595985
-0.05330014228820801
-0.06535330414772034
-0.03901025652885437
-0.05619458854198456
-0.05813656002283096
-0.05570794641971588
-0.038075022399425514
-0.04870332032442093
-0.07842707633972168
-0.02497609704732895
-0.044152610003948205
-0.054661825299263
-0.04517289623618126
-0.0682620257139206
-0.06710225343704224
-0.06941685080528259
-0.03780755773186684
-0.06313560903072357
-0.10777854919433592
-0.06194236874580383
-0.03444500267505646
-0.04739626869559288
-0.07073953002691269
-0.05431431531906128
-0.03691446781158447
-0.026038311421871185
-0.0757080465555191
-0.05909807235002518
-0.06850535422563553
-0.05666273832321167
-0.04204108193516731
-0.04685460776090621
-0.045651841908693314
-0.049617096781730645
-0.02552824467420578
-0.027698218822479248
0.0006981752812862396
-0.012391812168061732
-0.037994541227817535
-0.0578182190656662
-0.06226500868797302
-0.09729795902967453
-0.05112409591674805
-0.05835309624671936
-0.060360349714756005
-0.09192222356796265
-0.05724026262760162
-0.07343372702598572
-0.04982122778892517
-0.019120976328849792
-0.04546350613236427
-0.08047232031822205
-0.037322402000427246
-0.05509629845619202
-0.06503976881504059
-0.08314569294452667
-0.03734423220157623
-0.03377384692430496
-0.05248511582612991
-0.04119807854294777
-0.03899114578962327
-0.03030437603592873
-0.06238511949777603
-0.07038561999797821
-0.08127984404563904
-0.03288780152797699
-0.0518232136964798
-0.03886952996253967
-0.052246756851673126
-0.0791466236114502
-0.09139401465654372
-0.04693777114152908
-0.08684036880731583
-0.05989603698253632
-0.0828055739402771
-0.025393325835466385
-0.05388998985290527
-0.051024310290813446
-0.08031771332025528
-0.04600750282406807
-0.032702453434467316
0.0010607801377773285
-0.06496919691562653
-0.041316341608762734
-0.012905311770737171
-0.05536213517189026
-0.07714904099702835
-0.05271825939416885
-0.04803162068128586
-0.049896933138370514
-0.04684356600046158
-0.07558682560920715
-0.07748022675514221
-0.09574487805366515
-0.06285864114761353
-0.031025558710098263
-0.03844816982746124
-0.02599884197115898
-0.07110916078090668
-0.060163214802742
-0.1050841510295868
-0.05777055770158768
-0.0546637624502182
-0.058903507888317115
-0.04299182444810867
-0.076060950756073
-0.04932985454797745
-0.040179140865802765
-0.03755556046962737
-0.032457705587148666
-0.038792021572589874
-0.05039776861667633
-0.06029403209686279
-0.0797053426504135
-0.050552159547805786
-0.06705264747142792
-0.07154197990894318
-0.07265573740005493
-0.04750705137848854
-0.08186456561088562
-0.0616467222571373
-0.047792818397283554
-0.0591726154088974
-0.04752921313047409
-0.04870304465293884
-0.044617943465709686
-0.05760350823402405
-0.07067907601594925
-0.09418050944805144
-0.04812802746891976
-0.03439845517277717
-0.049204759299755096
-0.07631491124629974
-0.05610600113868713
-0.022726699709892273
-0.07539310306310652
-0.07924818992614746
-0.0521472692489624
-0.08144254982471466
-0.04364173859357834
-0.06263014674186707
-0.0730574131011963
-0.04191574454307556
-0.03567669540643692
-0.08113829046487808
-0.014621797017753124
-0.02926494926214218
-0.10916007310152052
-0.05134431272745133
-0.0239265039563179
-0.044718079268932336
-0.0574706569314003
-0.036317367106676095
-0.04523511230945587
-0.057400017976760864
-0.05159325152635574
-0.05588069558143616
-0.057705625891685486
-0.05193079262971879
-0.03733421489596367
-0.07734847068786621
-0.047774679958820336
-0.009279792197048664
-0.051974579691886895
-0.023123107850551605
-0.05915187299251556
-0.08267783373594285
-0.0856451243162155
-0.0016797911375761032
-0.06230279803276063
-0.019128892570734024
-0.0211578905582428
-0.03659995645284653
-0.030195739120244976
-0.013707601465284824
-0.0412820242345333
-0.0498245507478714
-0.0435393787920475
-0.056213535368442535
-0.04843296855688095
-0.06308875977993011
-0.06016786396503448
-0.07269129902124405
-0.034573182463645935
-0.08491839468479155
-0.030894704163074493
-0.05836111307144165
-0.02559446543455124
-0.06795568764209747
-0.0360153503715992
-0.06186720728874207
-0.04283853620290756
-0.07239797711372374
-0.06170682609081268
-0.04440462961792946
-0.08842797577381134
-0.029406748712062836
-0.053017795085906975
-0.07603849470615387
-0.033712297677993774
-0.03786066919565201
-0.09851768612861632
-0.0804755687713623
-0.056385815143585205
-0.05156969279050827
-0.05422167479991913
-0.0568038746714592
-0.04178234189748764
-0.06217978894710541
-0.03617499396204949
-0.05862399935722351
-0.08172282576560974
-0.04776034131646156
-0.0718039944767952
-0.05560959130525589
-0.05500161647796631
-0.08210591226816177
-0.059955447912216187
-0.060188353061676025
-0.07544402778148651
-0.05906220525503159
-0.08113902807235716
-0.058424726128578186
-0.04687602072954178
-0.0844602882862091
-0.06870657205581665
-0.08166874200105667
-0.07727371156215668
-0.025800950825214383
-0.04307229071855545
-0.06818912923336029
-0.06928282976150513
-0.08757655322551726
-0.05218660831451416
-0.05498319864273071
-0.07436412572860716
-0.04544667527079582
-0.01944795995950699
-0.09531426429748537
-0.08433157205581665
-0.02168610692024231
-0.05800849199295044
-0.05611327290534973
-0.07459386438131331
-0.03827022761106491
-0.0637182742357254
-0.07504566758871078
-0.02846189960837364
-0.04479219764471054
-0.07313305139541627
-0.07379418611526489
-0.03644334897398949
-0.08303929865360259
-0.05436427146196365
-0.04742758721113205
-0.062461972236633294
-0.04110853374004364
-0.04429212212562561
-0.03212705999612808
-0.04322379082441329
-0.049693763256073
-0.0777088552713394
-0.04945122450590134
-0.06965407729148865
-0.11632007360458374
-0.08436844497919081
-0.019421979784965515
-0.02905532345175743
-0.0493338480591774
-0.035946045070886605
-0.05622586607933045
-0.03997384011745453
-0.05299150198698044
-0.062426313757896416
-0.04455825686454773
-0.08026494830846785
-0.07151730358600616
-0.08925323188304901
-0.08989647030830382
-0.10078905522823332
-0.05868576467037201
-0.06820590794086456
-0.06349225342273712
-0.042602702975273125
-0.05588674545288086
-0.04630858078598976
-0.05598381161689758
-0.07304038107395171
-0.07595840096473692
-0.056056573987007134
-0.05205848067998886
-0.056731417775154114
-0.06400404870510101
-0.06887136399745941
-0.027839407324790955
-0.05798295885324478
-0.04949688911437988
-0.04434730112552642
-0.03723810240626335
-0.05326572060585021
-0.042294781655073166
-0.08402319252490997
-0.058780789375305176
-0.05403752624988556
-0.002148651517927646
-0.02712835744023323
-0.05852791666984558
-0.03539597988128662
-0.03820892423391342
-0.0939272493124008
-0.0408584363758564
-0.028862088918685917
-0.05223815143108368
-0.055438101291656494
-0.04548031836748123
-0.05985146015882492
0.0021846098825335503
-0.07734244316816331
-0.06912996619939804
-0.033407390117645264
-0.02552921324968338
-0.05520075559616089
-0.023102089762687683
-0.0639248713850975
-0.02981860190629959
-0.044047821313142776
-0.04157884418964385
-0.043071333318948746
-0.07805914431810379
-0.08059192448854446
-0.039121486246585846
-0.03464912623167037
-0.03512078896164894
-0.05605196952819824
-0.040640782564878464
-0.025712482631206512
-0.06823190301656723
-0.06016707420349121
-0.0507124662399292
-0.052275322377681725
-0.022027604281902317
-0.06803927570581436
-0.04412049800157546
-0.07620666921138763
-0.05048912763595581
-0.0569830909371376
-0.016580965369939804
-0.053481802344322205
-0.0439026951789856
-0.0922432541847229
-0.04364854842424393
-0.05077791213989258
-0.04127516597509384
-0.057342976331710815
-0.02407200261950493
-0.030709221959114075
-0.08352583646774293
-0.041035957634449005
-0.06309948861598969
-0.06410065293312073
-0.045563552528619766
-0.07474882155656815
-0.03184707835316658
0.0012928945943713188
-0.04390624165534973
-0.0814146101474762
-0.039279337972402566
-0.03514379635453224
-0.059293493628501885
-0.13303881883621216
-0.05510638654232025
-0.06268781423568726
-0.056578025221824646
-0.03315240889787673
-0.05266125500202178
-0.05130978673696518
-0.05812320113182068
-0.04015609622001648
-0.07746103405952452
-0.04234683886170387
-0.0482034906744957
-0.06860234588384628
-0.01581256464123726
-0.07471963018178941
-0.0967114046216011
-0.039752036333084106
-0.05226343125104904
-0.05647026002407073
-0.047401044517755515
-0.04387083277106285
-0.047701165080070496
-0.0700296089053154
-0.08129611611366272
-0.01346005406230688
-0.07703892886638641
-0.039861761033535
-0.06403186172246933
-0.052394554018974304
-0.04941728711128234
-0.05815935134887695
-0.05783955752849578
-0.04531458765268326
-0.07136267423629761
-0.0684392899274826
-0.034285515546798706
-0.09337160736322403
-0.041475143283605576
-0.05169633775949478
-0.04492112249135971
-0.09042875468730927
-0.09668213874101639
-0.04713817685842513
-0.0026937881484627724
-0.08828191459178925
-0.044038496911525726
-0.06126207113265991
-0.04703398048877716
-0.06413841247558594
-0.05014832317829132
-0.049742475152015686
-0.03640313819050789
-0.07743258774280547
-0.039519473910331726
-0.06058230996131897
-0.048340827226638794
-0.060028314590454095
-0.04969775676727295
-0.0765586346387863
-0.06472522020339966
-0.07163891941308975
-0.07130322605371475
-0.05260327458381653
-0.07715883851051329
-0.06502021849155426
-0.10876425355672836
-0.07809624075889587
-0.055380240082740784
-0.05600585043430328
-0.08630423247814177
-0.05450821667909622
-0.026269182562828064
-0.08878853917121886
-0.05416211485862732
-0.0401078499853611
-0.05381648987531661
-0.04088659584522247
-0.05915277451276779
-0.093001589179039
-0.04983404278755188
-0.07516996562480927
-0.0560523197054863
-0.05925464630126953
-0.03190174698829651
-0.04742130637168884
-0.05583491921424866
-0.07047968357801437
-0.09634845703840256
-0.06963621079921721
-0.04451101273298264
-0.06748279929161072
-0.03178916871547699
-0.08966898173093796
-0.04578181356191635
-0.07078750431537628
-0.08169488608837126
-0.04003143310546875
-0.07774671912193297
-0.05222824215888977
-0.06099045276641846
-0.04075801745057105
-0.04366983100771904
-0.041874319314956665
-0.027107529342174527
-0.05555625259876251
-0.06960934400558472
-0.07898862659931184
-0.033955831080675125
-0.09837031364440917
-0.04068095237016678
-0.0709666758775711
-0.0418781116604805
-0.06002932786941528
-0.0438978485763073
-0.05739983916282654
-0.11058389395475388
-0.06601601839065552
-0.03854821249842644
-0.05347922444343567
-0.05924871563911437
-0.05608301609754562
-0.056222930550575256
-0.04545967280864716
-0.04235402122139931
-0.0817958265542984
-0.02914285659790039
-0.029674686491489407
-0.02926672995090485
-0.07827661931514741
-0.04918305575847626
-0.08220793306827545
-0.05580222606658936
-0.0972306951880455
-0.035746362060308456
-0.05292704701423645
-0.0494227111339569
-0.0641465038061142
-0.04609064757823944
-0.060021147131919854
-0.025254614651203156
-0.07730205357074738
-0.06492152065038681
-0.016822032630443573
-0.04269824177026749
-0.01901552081108093
-0.07067827880382538
-0.0484759733080864
-0.04674283415079117
-0.06524421274662018
-0.068512924015522
-0.020331017673015594
-0.0466213896870613
-0.08738420903682707
-0.03376828879117966
-0.06316375732421875
-0.07271233946084976
-0.06987646222114563
-0.05842570215463638
-0.02516760677099228
-0.11968831717967988
-0.01288220752030611
-0.0480738952755928
-0.02275648713111877
-0.06939768791198729
-0.03328540548682213
-0.09242884814739229
-0.006262422539293766
-0.06698846817016602
-0.06876225769519806
-0.03131350874900818
-0.05260194092988968
-0.06906065344810486
-0.052648842334747314
-0.024395689368247982
-0.05437846481800079
-0.04904967546463013
-0.07371138781309126
-0.03812636062502861
-0.06719419360160828
-0.059681423008441925
-0.044893793761730194
-0.08043641597032547
-0.06772744655609131
-0.0710086077451706
-0.057347819209098816
-0.05431259423494338
-0.04219113290309905
-0.0427970178425312
-0.038868498057127
-0.09201524406671523
-0.08424673229455949
-0.034819573163986206
-0.07037962973117828
-0.05357663333415985
-0.007727847434580326
-0.05193348228931427
-0.09447664022445679
-0.06587903946638107
6.827432662248611e-05
-0.08781986683607101
-0.05228897929191589
-0.06346435844898224
-0.06828663498163223
-0.0358637273311615
-0.09953337162733078
-0.07041732966899872
-0.08230288326740266
-0.03640834614634514
-0.03365819901227951
-0.053874626755714417
-0.04096647351980209
-0.08746741712093353
-0.07764222472906113
-0.042887620627880096
-0.07281763851642609
-0.05224396288394928
-0.060976989567279816
-0.03830152004957199
-0.0565863847732544
-0.058040834963321686
-0.0704694390296936
-0.08460228145122528
-0.07263176143169403
-0.02524951472878456
-0.05682732164859772
-0.04196249321103096
-0.060269065201282494
-0.08996115624904633
-0.024647004902362823
-0.0419263020157814
-0.06534081697463989
-0.06896666437387465
-0.04519131779670715
-0.05433975160121918
-0.09017211943864822
-0.05667249858379364
-0.04066620022058487
-0.10391847789287569
-0.047424480319023125
-0.08339974284172058
-0.07257418334484099
-0.08016521483659744
-0.05369424074888229
-0.04703975468873978
-0.04053463041782379
-0.0676460936665535
-0.04058251529932022
-0.07708954066038132
-0.022654175758361816
-0.03837965801358223
-0.040858909487724304
-0.06760387122631073
-0.06043245643377304
-0.10098274052143096
-0.07612279057502745
-0.039873678237199776
-0.06309263408184052
-0.014160455204546452
-0.06999954581260681
-0.06336680054664612
-0.05253288894891738
-0.0396123006939888
-0.07431519776582717
-0.032462749630212784
-0.04628144577145576
-0.03605344891548157
-0.0607926994562149
-0.0437038242816925
0.0005580922588706017
-0.04711061716079712
-0.056203141808509834
-0.08098036795854568
-0.052210018038749695
-0.09633903950452803
-0.059780120849609375
-0.08025309443473816
-0.04742813855409622
-0.09695302695035934
-0.0504755824804306
-0.031888626515865326
-0.08210413157939911
-0.05896645784378052
-0.03016059845685959
-0.06881219148635864
-0.04329051077365875
-0.0672130361199379
-0.02853287756443024
-0.034106407314538956
-0.045694373548030846
-0.0258021242916584
-0.06621977686882019
-0.06462287157773972
-0.05451454967260361
-0.08458513766527176
-0.03848663344979286
-0.05601289123296738
-0.06162788718938828
-0.032474081963300705
-0.06780167669057846
-0.07893005013465881
-0.04469730332493783
-0.040520165115594864
-0.054681137204170234
-0.05101577937602997
-0.053183600306510925
-0.03449734300374985
-0.04868787527084351
-0.05249197781085968
-0.08855473995208739
-0.0763406455516815
-0.03464558348059654
-0.06483567506074905
-0.03184042125940323
-0.05503423511981964
-0.05882505327463151
-0.07547326385974883
-0.07485087215900421
-0.07650878280401228
-0.06871113181114197
-0.039182920008897774
-0.07373206317424774
-0.06106402724981308
-0.05511767417192459
-0.07284243404865264
-0.05577826499938965
-0.038628734648227685
-0.02615455538034439
-0.07892449945211409
-0.06181411445140839
-0.057787545025348656
-0.057186678051948554
-0.040258556604385376
-0.04110089689493179
-0.04177131503820419
-0.06279896199703217
-0.07712112367153166
-0.032891228795051575
-0.057644061744213104
-0.05137310177087784
-0.056248977780342095
-0.08825114369392395
-0.07098483294248581
-0.0676412358880043
-0.0754939168691635
-0.0774354338645935
-0.05048678070306777
-0.06632138788700104
-0.0761740207672119
-0.052090547978878014
-0.043155789375305176
-0.008645701222121716
-0.03715751692652702
-0.0440598726272583
-0.07583871483802795
-0.08884448558092117
-0.021701619029045105
-0.04417011141777039
-0.04457797855138779
-0.06523297727108002
-0.039005599915981286
-0.03859524056315422
-0.05135317146778107
-0.08184014260768889
-0.04118674248456954
-0.07115038484334946
-0.02593666687607765
-0.053734138607978814
-0.03605964779853821
-0.08878380805253983
-0.08867913484573363
-0.00833298172801733
-0.05378834903240204
-0.10196041315793992
-0.0475177988409996
-0.05548839271068573
-0.04652241617441177
-0.062012217938899994
-0.05746126174926758
-0.05507372319698334
-0.031736262142658234
-0.053124293684959405
-0.05286462604999542
-0.052178308367729194
-0.03931108862161636
-0.07170182466506958
-0.05106113851070404
-0.046598054468631744
-0.041260264813899994
-0.03634494170546532
-0.04369375482201576
-0.03668268397450447
-0.05770520865917206
-0.03393739461898804
-0.06986106187105179
-0.032171621918678284
-0.069814532995224
-0.06185449659824371
-0.04829112067818642
-0.08211594820022583
-0.09497344493865967
-0.05713905394077301
-0.05801792442798615
-0.046814091503620155
-0.03868155553936958
-0.045935899019241326
-0.09469504654407501
-0.03788238018751144
-0.0618632286787033
-0.05923764407634735
-0.07329152524471283
-0.0868835598230362
-0.005708678625524044
-0.047866664826869965
-0.05915673077106476
-0.08257144689559937
-0.0383574478328228
-0.05546748638153076
-0.04661067947745323
-0.044650934636592865
-0.07275374233722687
-0.049637794494628906
-0.04894481599330902
-0.07703849673271179
-0.05506753921508789
-0.09397356212139128
-0.09188885986804962
-0.03656686469912529
-0.0374085046350956
-0.038826361298561096
-0.03204358369112015
-0.025066815316677094
-0.08029042929410934
-0.05244036018848419
-0.05311323702335358
-0.08356168866157532
-0.04968427121639252
-0.05908876657485962
-0.05202658474445343
-0.08061926066875458
-0.04577210545539856
-0.05824542045593262
-0.06536723673343657
-0.0697491466999054
-0.059526994824409485
-0.061545878648757935
-0.014234977774322031
-0.05686470121145248
-0.07143604010343552
-0.04871569573879242
-0.026374638080596924
-0.04537439718842506
-0.06462332606315613
-0.03498132526874542
-0.05985966324806213
-0.06793466955423355
-0.04176047816872597
-0.07936351001262663
-0.08457051217555998
-0.09286190569400787
-0.067538782954216
-0.05754120647907257
-0.06426041573286057
-0.06189599633216858
-0.049797408282756805
-0.021103959530591965
-0.06068117171525955
-0.03751198947429657
-0.05954233556985855
-0.07513985037803651
-0.06361120939254761
-0.07758070528507233
-0.07045590877532959
-0.06286269426345825
-0.029085122048854828
-0.06578749418258667
-0.061886578798294074
-0.07898347824811934
-0.0839436650276184
-0.046928320080041885
-0.030020643025636673
-0.05185778439044952
-0.052619792520999915
-0.05485156923532485
-0.10480020195245741
-0.057438477873802185
-0.08258184790611267
-0.042966589331626885
-0.036565300077199936
-0.05372060835361481
-0.09125290811061859
-0.06296676397323608
-0.04188019409775733
-0.0615248903632164
-0.05353456735610962
-0.02006993442773819
-0.06780656427145004
-0.08259639889001846
-0.027437172830104828
-0.031713884323835366
-0.08037026226520537
-0.07067546993494034
-0.0471501499414444
-0.07295997440814973
-0.0668121948838234
-0.08004712313413621
-0.03695516288280487
-0.06554368883371353
-0.064041867852211
-0.07172468304634094
-0.05335171520709992
-0.07045486569404602
-0.06770487129688263
-0.07693935930728912
-0.04741914570331573
-0.03384246677160263
-0.032548341900110245
-0.0492108017206192
-0.008767970837652683
-0.05498938262462616
-0.08613672107458113
-0.03976571559906006
-0.045288339257240295
-0.0825987234711647
-0.07689712941646576
-0.06333059817552567
-0.06581328809261322
-0.09064841270446776
-0.0027433158829808235
0.0007913084700703621
-0.03472048416733742
-0.08423827588558197
-0.06767457723617554
-0.05200943350791931
-0.07870780676603317
-0.01866882294416428
-0.07990390062332153
-0.05123785883188248
-0.08283568918704985
-0.07490967214107513
-0.04729736223816872
-0.02601832151412964
-0.0564749538898468
-0.07673159241676329
-0.040654778480529785
-0.028635390102863312
-0.01341374684125185
-0.04901108145713806
-0.0875682234764099
-0.061857953667640686
-0.03698261827230453
-0.021992266178131104
-0.02085984498262405
-0.0700998306274414
-0.06338170915842056
-0.08327953517436981
-0.035141509026288986
-0.02116120606660843
-0.06612528860569
-0.032680656760931015
-0.07281273603439331
-0.07519219815731049
-0.10803957283496857
-0.05420456826686859
-0.05041918903589249
-0.045509438961744315
-0.024556651711463928
-0.08637278527021408
-0.045398376882076256
-0.05920375883579254
-0.06530210375785828
-0.07834409922361374
-0.034163087606430054
-0.04797220602631569
-0.026043131947517395
-0.06279979646205902
-0.060556329786777496
-0.05505591630935669
-0.03761060908436775
-0.06607741117477417
-0.0367111898958683
-0.07899627089500427
-0.04859783500432968
-0.044344790279865265
-0.04639798402786255
-0.05709047615528107
-0.04188153892755509
-0.07665731757879257
-0.01607872173190117
-0.03511745482683182
-0.07671802490949631
-0.033914219588041306
-0.06862709671258926
-0.03738842159509658
-0.02978137880563736
-0.05373574793338776
-0.07440902292728424
-0.05613900721073151
-0.046503592282533646
-0.08027197420597075
-0.08748942613601683
-0.06193293631076813
-0.012906384654343128
-0.06388479471206665
-0.05778719484806061
-0.07574987411499022
-0.06850340962409973
-0.07236136496067046
-0.013722979463636875
-0.05143896490335464
-0.03938493877649307
-0.06238480657339096
-0.08455853164196014
-0.041672423481941216
-0.018787220120429993
-0.032362885773181915
-0.055338695645332336
-0.01751762628555298
-0.04790657013654709
-0.051939621567726135
-0.05970997363328934
-0.0746990069746971
-0.06848447024822235
-0.04627305641770362
-0.07602122426033021
-0.04213069379329681
-0.057036347687244415
-0.08528087288141249
-0.08995437622070312
-0.004966850392520428
-0.10037527978420256
-0.05268679559230805
-0.04798928648233414
-0.055499427020549774
-0.034507207572460175
-0.044641099870204926
-0.034014612436294556
-0.01590631529688835
-0.08423398435115814
-0.05624517798423767
-0.04406905546784401
-0.06485820561647415
-0.08049051463603973
-0.05927328765392304
-0.06563535332679749
-0.02447307109832764
-0.0633259043097496
-0.036033034324646
-0.0542563796043396
-0.047081779688596725
-0.043734531849622726
-0.0458705760538578
-0.08991268277168275
-0.05041457712650299
-0.04160323739051818
-0.04455143958330154
-0.061455398797988885
-0.015044906176626682
-0.04483932256698608
-0.0723755657672882
-0.040758542716503136
-0.03327867388725281
-0.05085711181163788
-0.0809277817606926
-0.060018256306648254
-0.059628620743751526
-0.030096475034952164
-0.08025714010000227
-0.0481734536588192
-0.06205829232931137
-0.06316161155700684
-0.05698218196630478
-0.05805440247058869
-0.08235852420330046
-0.07526733726263046
-0.039554528892040246
-0.035724516957998276
-0.05484423786401749
-0.056413084268569946
-0.03824645280838013
-0.07907239347696304
-0.045727726072072976
-0.02387919649481773
-0.034215159714221954
-0.04838056862354279
-0.0489024892449379
-0.05381882190704346
-0.04245923087000847
-0.06681082397699356
-0.0816250741481781
-0.06072083115577698
-0.03235411643981933
-0.05685862898826599
-0.06564387679100037
-0.06666380912065506
-0.05008432269096375
-0.06475593894720078
-0.05949096381664276
-0.065463125705719
0.014854461885988712
-0.05228496342897415
-0.11968787014484404
-0.06862065196037292
-0.03156223148107529
-0.059840559959411614
-0.02961829304695129
-0.05373583734035492
-0.05952721834182739
-0.0287238210439682
-0.056678861379623406
-0.0803368464112282
-0.04571345075964928
-0.0815088152885437
-0.05462631583213806
-0.05690643936395645
-0.0336492545902729
-0.07727447152137756
-0.11052116751670836
-0.08049943298101425
-0.06382383406162262
-0.03175211697816849
-0.07644966244697571
-0.05570175498723984
-0.051816977560520165
-0.07616366446018219
-0.08998516201972961
-0.05269247293472289
-0.04444306716322898
-0.04132821783423424
-0.06422725319862366
-0.07866731286048889
-0.03963652998209
-0.08931083977222441
-0.07580908387899399
-0.09411554038524628
-0.07091450691223145
-0.04535076022148132
-0.08708380907773972
-0.04444516450166702
-0.04025537520647049
-0.06085315346717834
-0.06324370205402374
-0.08340440690517426
-0.037821516394615166
-0.06995530426502228
-0.0572696328163147
-0.07514066249132156
-0.0653366893529892
-0.054587557911872864
-0.03213357925415039
-0.07837353646755217
-0.033119358122348785
-0.04294206574559212
-0.03958837315440178
-0.06348419934511185
-0.0925935059785843
-0.04487736895680428
-0.07745695114135742
-0.07760702073574066
-0.04743863269686698
-0.03138499706983566
-0.046478696167469025
-0.03428006172180176
-0.10901810228824615
-0.059140965342521674
-0.045130603015422814
-0.0743509829044342
-0.049317359924316406
-0.033096835017204285
-0.07072184979915619
-0.07160429656505585
-0.03352705016732216
-0.04135937988758087
-0.018350414931774136
-0.05731210112571716
-0.03191900998353958
-0.048967815935611725
-0.08399778604507446
-0.09538494050502776
-0.016828469932079315
-0.08427953720092773
-0.017284687608480453
-0.040321417152881615
-0.039699725806713104
-0.0731406658887863
-0.04789111763238906
-0.045291535556316376
-0.06249243766069412
-0.05763956904411316
-0.05695198476314545
-0.06699841469526291
-0.05259005725383759
-0.05842534452676773
-0.06043935567140579
-0.029905665665864944
-0.026784107089042664
-0.049133703112602234
-0.09181154519319534
-0.012448721565306187
-0.0707743763923645
-0.05240795761346817
-0.03748643398284912
-0.09592518955469133
-0.03606090322136879
-0.04945196211338043
-0.07221618294715881
-0.012223456986248491
-0.07641725242137909
-0.04607138782739639
-0.06823756545782089
-0.04908663034439087
-0.09053387492895126
-0.043178711086511605
-0.055097348988056176
-0.0906677320599556
-0.10142192244529724
-0.0783901736140251
-0.03227860480546951
-0.040862984955310815
-0.04673435166478157
-0.08358937501907347
-0.04712571203708649
-0.05179554969072342
-0.05951701104640961
-0.05355185270309448
-0.05163116753101349
-0.05380818992853165
-0.07053246349096298
-0.07115812599658966
-0.048450868576765053
-0.055024422705173485
-0.055562615394592285
-0.03729832544922829
-0.04373537376523018
-0.0192401260137558
-0.043306652456521995
-0.02321791648864746
-0.01824495941400528
-0.031995125114917755
-0.032021552324295044
-0.06795774400234222
0.001085701398551464
-0.06921195238828659
-0.05217360705137253
-0.05341775715351105
-0.02168065309524536
-0.050742000341415405
-0.08724194765090942
-0.0731130614876747
-0.07200074940919876
-0.04585355520248413
-0.09078727662563327
-0.05552702397108079
-0.03126807510852814
-0.05061844736337662
-0.08728287369012833
-0.05932595580816269
-0.08940038084983826
-0.06113012135028839
-0.03693758323788642
-0.01469878014177084
-0.058061547577381134
-0.0592181533575058
-0.08807166665792465
-0.040555473417043686
-0.03048801422119141
-0.09932781010866164
-0.0656256452202797
-0.06757518649101257
-0.052303820848464966
-0.09337616711854935
-0.02427523583173752
-0.034393958747386925
-0.08745124936103821
-0.08623424172401427
-0.059264540672302246
-0.04660983383655548
-0.04864688590168953
-0.03522457927465439
-0.0613580048084259
-0.08335011452436446
-0.06150559335947037
-0.038200438022613525
-0.05424540489912033
0.011821207590401173
-0.02704400569200516
-0.0676921010017395
-0.057613186538219445
-0.045193471014499664
-0.06489498913288116
-0.04785978049039841
-0.05732065439224243
-0.03379274159669876
-0.0873030349612236
-0.055497169494628906
-0.06095543503761292
-0.06943455338478088
-0.05211936682462692
-0.06878139078617096
-0.04413802176713944
-0.05133975297212601
-0.06346452236175537
-0.10068197548389433
-0.06977756321430206
-0.06822440773248672
-0.028957728296518322
-0.07056856155395508
-0.025284498929977417
-0.04033490642905235
-0.06280568242073059
-0.05971338599920273
-0.06607948988676071
-0.04956802725791931
-0.05225363373756409
-0.04029673337936401
-0.021558620035648342
-0.031900279223918915
-0.053742215037345886
-0.0774003267288208
-0.08117750287055969
-0.07967241853475569
-0.05946852266788483
-0.06563714146614075
-0.03733453899621964
-0.10431529581546783
-0.08606883883476257
-0.08645123243331909
-0.07109351456165314
-0.04190686345100402
-0.025439895689487457
-0.045937299728393555
-0.05530393868684769
-0.03663294389843941
-0.07327739894390106
-0.05288861691951752
-0.042297977954149246
-0.013210886158049107
-0.03684142976999282
-0.030345644801855087
-0.05286023020744324
-0.031560685485601425
-0.08066383749246597
-0.05407564342021942
-0.11506415903568268
-0.016490992158651352
-0.04198155552148818
-0.0650765597820282
-0.06495045870542526
-0.05302376300096512
-0.08163326233625413
-0.08745546638965607
-0.08334720134735107
-0.056386537849903114
-0.08203771710395813
-0.05932892858982086
-0.0491224080324173
-0.07955992221832275
-0.04371490329504013
-0.07314842939376831
-0.0724911242723465
-0.047294080257415765
-0.08481469750404358
-0.056040026247501366
-0.06981644034385681
-0.08121394366025923
-0.06801796704530716
-0.045357801020145416
-0.0552583783864975
-0.056456610560417175
-0.06674160063266754
-0.015384049154818058
-0.01796599105000496
-0.04471083357930184
-0.06661739945411682
-0.05506594479084015
-0.03502565994858742
-0.01051494013518095
-0.04218139499425888
-0.020827122032642365
-0.03990204632282257
-0.05145228654146194
-0.07542327791452406
-0.07936841249465942
-0.07295241951942445
-0.060518473386764526
-0.048999927937984473
-0.044249549508094795
-0.06742703169584274
-0.032738648355007165
-0.08962219953536987
-0.0765242949128151
-0.07023616135120392
-0.03897127881646156
-0.06104689836502075
-0.07677066326141357
-0.0447370782494545
-0.040074635297060006
-0.032070022076368325
-0.06591296195983887
-0.03827141225337982
-0.03628310561180115
-0.06694889068603516
-0.068751759827137
-0.03741925582289696
-0.03050504624843597
-0.10115668177604677
-0.043455883860588074
-0.07286873459815979
-0.05667202174663544
-0.06466314196586609
-0.05114449560642242
-0.08890753984451294
-0.04972296953201294
-0.04715650901198387
-0.024057541042566296
-0.05428392440080643
-0.06416236609220505
-0.05693762004375458
-0.037264563143253326
-0.06418676674365997
-0.055470868945121765
-0.09312891960144043
-0.06698215752840042
-0.0636955201625824
-0.05579981207847595
-0.04530337452888489
-0.06837308406829834
-0.02793913334608078
-0.06806700676679611
-0.029838107526302338
-0.035917796194553375
-0.05952367186546326
-0.03064402937889099
-0.05466772615909576
-0.0832759216427803
-0.06476807594299316
-0.031252071261405945
-0.09910613298416136
-0.07145871967077255
-0.016796238720417023
-0.052152082324028015
-0.01856553554534912
-0.09462814778089523
-0.0794544517993927
-0.0478484034538269
-0.07189102470874785
-0.0677979439496994
-0.04003113508224487
-0.06760362535715103
-0.0343962125480175
-0.04664605110883713
-0.030622631311416623
-0.09665250778198242
-0.03521445021033287
-0.08475149422883987
-0.021402016282081604
-0.07422520220279692
-0.04502470046281815
-0.07396914809942245
-0.046060852706432336
-0.042108286172151566
-0.03140034154057503
-0.04901528358459473
-0.028882253915071487
-0.059158600866794586
-0.054016560316085815
-0.021399945020675656
-0.07433395087718964
-0.047200568020343774
-0.061152741312980645
-0.07621162384748457
-0.04645579680800438
-0.04957354068756104
-0.02644343674182892
-0.051952093839645386
-0.053565852344036095
-0.08747506141662596
-0.03516440466046333
-0.016052305698394775
-0.05223561078310013
-0.07107667624950409
-0.03977451846003533
-0.03544098138809204
-0.02264263480901718
-0.01325852144509554
-0.043492209166288376
-0.06663026660680771
-0.010906585492193697
-0.031038060784339905
-0.039896272122859955
-0.03979859501123428
-0.05472303926944733
-0.008937359787523745
-0.03405103832483292
-0.08597958087921143
-0.04631357267498969
-0.06466145813465118
-0.02594790607690811
-0.03782548755407333
-0.06631243973970413
-0.08909164369106291
-0.03134904056787491
-0.08928079903125763
-0.10288497805595397
-0.07912191003561021
-0.009577407501637936
-0.04244539886713028
-0.0971253290772438
-0.05219631642103195
-0.033977288752794266
-0.02890647202730179
-0.06252772361040115
-0.0707986056804657
-0.059676051139831536
-0.09371399879455566
-0.04106680303812026
-0.05798313021659851
-0.06882496178150177
-0.07618317008018492
-0.05636937916278839
-0.08659274876117705
-0.0721752420067787
-0.09614938497543336
0.0023458320647478104
-0.05542498081922531
-0.0593172013759613
-0.044070374220609665
-0.0881219431757927
-0.04572553187608719
-0.05987824499607086
-0.059060856699943536
-0.03791360929608345
-0.07577463239431381
-0.06893303990364075
-0.053131170570850365
-0.061418451368808746
-0.03709573671221733
-0.0725596621632576
-0.04887906461954117
-0.016894951462745667
-0.0827261209487915
-0.04524555057287216
-0.04897163063287735
-0.0874176025390625
-0.04337462037801743
-0.048771873116493225
-0.07596461474895477
-0.0532345324754715
-0.06169555336236954
-0.05051425099372864
-0.08910338580608368
-0.065668024122715
-0.06983254849910736
-0.08655548840761185
-0.05782635509967804
-0.010996636934578419
-0.07912589609622955
-0.06501892954111099
-0.10651315748691557
-0.03470197692513466
-0.06656359136104584
-0.08097574859857558
-0.06763910502195358
-0.0744726285338402
-0.04555927962064743
-0.05002177506685257
-0.047341112047433846
-0.04951089620590209
-0.0114275636151433
-0.06707609444856644
-0.04938317090272904
-0.06911016255617142
-0.04179570451378822
-0.03716746345162392
-0.04601277410984039
-0.06214776635169983
-0.04739687591791153
-0.05987751483917236
-0.040613248944282525
-0.10074469447135924
-0.07490740716457368
-0.0818987786769867
-0.04293441399931908
-0.05645471811294556
-0.09706678241491315
-0.07774236798286438
-0.0363251194357872
-0.06089211255311966
-0.0444924421608448
-0.04456967860460281
-0.05763373523950577
-0.08126620203256607
-0.01352084893733263
-0.030699864029884335
-0.042985983192920685
-0.05258016288280487
-0.09071439504623412
-0.05169620364904404
-0.06628799438476562
-0.0459095574915409
-0.08132757246494293
-0.047056429088115685
-0.04826147854328156
-0.045684780925512314
-0.07183615863323212
-0.043567419052124016
-0.04425482079386711
-0.07100552320480347
-0.0767822116613388
-0.06631245464086533
-0.048088327050209045
-0.054322749376297
-0.056291624903678894
-0.08783000707626343
-0.03088367730379105
-0.08414667844772339
-0.055425673723220825
-0.039508603513240814
-0.02240978926420212
-0.04322097450494766
-0.04962985962629318
-0.04949481785297394
-0.053119122982025146
-0.038201741874217994
-0.03603377938270569
-0.04333629459142685
-0.02056434005498886
-0.012874145992100239
-0.062161512672901154
-0.05906421691179276
0.002073642797768116
-0.06337003409862518
-0.04993648827075958
-0.022489838302135468
-0.03165875002741814
-0.05651167035102844
-0.02950566634535789
-0.06211530417203903
-0.05629172921180725
-0.08165625482797623
-0.05271214246749878
-0.02628413960337639
-0.05801742523908615
-0.04850403964519501
-0.08912174403667451
-0.0566742718219757
-0.08248995244503021
-0.02657092735171318
-0.05104637145996094
-0.04659666493535042
-0.06644245982170105
-0.0564681813120842
-0.08189786970615387
-0.045712634921073914
-0.05878535658121109
-0.053595997393131256
-0.060905463993549354
-0.03925754129886627
-0.046266015619039536
-0.08581610023975372
-0.0590163916349411
-0.057404957711696625
-0.08267121016979218
-0.04886494576931
-0.09597454965114592
-0.08062617480754851
-0.0652189701795578
-0.004975450225174427
-0.10897481441497801
-0.06525491178035736
-0.05980540066957474
-0.05477462708950043
-0.04363854229450226
-0.06536638736724854
-0.0447249412536621
-0.06114225834608079
-0.06393468379974365
-0.04134183004498482
-0.04730845987796784
-0.016484946012496948
-0.07686858624219894
-0.024197280406951904
-0.041374590247869485
-0.07722238451242448
-0.04626204073429108
-0.05463135987520218
-0.0184408500790596
-0.05011577904224396
-0.06784912198781967
-0.07882055640220642
-0.052807748317718506
-0.03959437832236289
-0.07645803689956665
-0.04032645747065544
-0.033896930515766144
-0.0694846361875534
-0.07679281383752823
-0.0942796170711517
-0.03865836560726166
-0.05814936757087708
-0.05454060435295105
-0.06978846341371536
-0.05293130874633789
-0.03768342733383179
-0.09718143194913864
-0.07576145231723785
-0.10706827044487
-0.04774739593267441
-0.062260471284389496
-0.09033817052841185
-0.03510509058833122
-0.04783465340733528
-0.03873903304338455
-0.03589174896478653
-0.03727724403142929
-0.099136620759964
-0.027969963848590847
-0.06628217548131943
-0.0370832234621048
-0.05472472310066223
-0.02775739878416061
-0.028108388185501095
-0.05987121909856796
-0.06928478181362152
-0.0910322219133377
-0.05252109467983246
-0.0931546837091446
-0.06860680878162384
-0.07062827050685883
-0.07685605436563492
-0.06857126206159592
-0.06354273855686188
-0.04158068448305129
-0.05935406684875488
-0.049291372299194336
-0.07265754789113998
-0.0360671766102314
-0.04023167490959168
-0.04288955032825469
-0.0474802739918232
-0.04947366565465927
-0.028293225914239883
-0.045633863657712936
-0.09169851988554
-0.026492889970541
-0.026430923491716385
-0.07086972147226334
-0.060296371579170234
-0.05673801898956298
-0.06849012523889542
-0.055054083466529846
-0.06425516307353973
-0.06789640337228775
-0.03890188783407211
-0.03531434014439583
-0.07136940956115723
-0.08404634892940521
-0.07521848380565643
-0.04080474004149437
-0.04798961803317071
-0.03326161950826645
-0.019426822662353516
-0.031152214854955677
-0.07017122209072113
-0.04627248644828796
-0.06187930703163146
-0.04032077640295029
-0.026464771479368206
-0.044253714382648475
-0.05066199600696564
-0.062077045440673835
-0.06838762760162354
-0.03985726833343506
-0.08039428293704985
-0.048400294035673135
-0.04391184449195862
-0.03758389875292777
-0.06600646674633026
-0.06000098586082458
-0.0893166959285736
-0.06843455880880356
0.002203180454671383
-0.07542388141155243
-0.045225728303194046
-0.07165680825710297
-0.06322406232357025
-0.025878723710775372
-0.054743275046348565
-0.028157319873571396
-0.032276544719934464
-0.07189688831567764
-0.04928019642829895
-0.08293378353118896
-0.05327564477920532
-0.05325154960155487
-0.06273558735847473
-0.027994126081466675
-0.06420001387596129
-0.05033976584672928
-0.0649600625038147
-0.05008818209171295
-0.046903744339942925
-0.021012742072343823
-0.02637603133916855
-0.09964129328727722
-0.0700724869966507
-0.05614513158798218
-0.055720515549182885
-0.08553259074687956
-0.06389120221138
-0.05338104814291
-0.03540216386318207
-0.062069296836853034
-0.06467817723751068
-0.04959744215011597
-0.06144436448812485
-0.06476269662380219
-0.0534675121307373
-0.059714734554290765
-0.036646924912929535
-0.055996574461460114
-0.047157853841781616
-0.056246086955070496
-0.04905880987644196
-0.06297102570533752
-0.07361784577369691
-0.013411966152489184
-0.04674032330513
-0.09031499922275545
-0.06345413625240326
-0.054798170924186713
-0.04596416279673576
-0.08783801645040512
-0.04080810770392418
-0.044232994318008416
-0.05884871631860733
-0.03450459614396095
-0.06491367518901825
-0.052327960729599
-0.017309565097093582
-0.08906065672636032
-0.05364004522562026
-0.06866662949323654
-0.050382718443870544
-0.04774867743253708
-0.08475186675786973
-0.07593759894371031
-0.06484793871641159
-0.0534353107213974
-0.049540795385837555
-0.07995485514402388
-0.03439847007393837
-0.034011851996183395
-0.054605983197689056
-0.058807387948036194
-0.05341807007789612
-0.04871013015508652
-0.05823915451765061
-0.06532923877239227
-0.05275188386440277
-0.03508242964744568
-0.06664909422397614
-0.028937503695487976
-0.08875703811645508
-0.06819446384906769
-0.04823708161711693
-0.07165744155645369
-0.04595056176185608
-0.05712148547172546
-0.046786170452833176
-0.04794524610042572
-0.06237877905368805
-0.05601721256971359
-0.0635993629693985
-0.028915781527757645
0.0032186359167099
-0.07927651703357697
-0.06485768407583237
-0.11041087657213212
-0.03138474002480507
-0.0676204115152359
-0.06273920834064484
-0.06460060179233551
0.003717864863574505
-0.02786312997341156
-0.06488984823226929
-0.06318072229623795
-0.05199380964040756
-0.03098396211862564
-0.05564551800489426
-0.0719585120677948
-0.03320211544632912
-0.11474382877349852
-0.036759153008461
-0.0745009183883667
-0.018968015909194943
-0.08652374148368835
-0.0038476614281535144
-0.07737991958856583
-0.031179331243038177
-0.04278581589460373
-0.06976956874132156
-0.03470316529273987
-0.027287796139717106
-0.031122945249080654
-0.06403933465480804
-0.04209065064787865
-0.05740250647068024
-0.0750444233417511
-0.06668674945831299
-0.06481027603149414
-0.08584912121295929
-0.05565586686134338
-0.027839049696922306
-0.0394451580941677
-0.0792151615023613
-0.0016998881474137306
-0.06677764654159546
-0.08356368541717529
-0.054724566638469696
-0.06205785274505615
-0.040678493678569794
-0.04982094466686249
-0.04913054406642914
-0.08654426783323288
-0.08736477792263031
-0.019458450376987457
-0.05607636272907257
-0.04673035442829132
-0.0826953575015068
-0.04537443816661835
-0.06568822264671326
-0.0568818673491478
-0.06155743449926376
-0.036831051111221313
-0.046783007681369775
-0.039949491620063775
-0.03096276149153709
-0.04415622726082802
-0.054463356733322144
-0.045927811414003365
-0.09675821661949155
-0.050746142864227295
-0.0739351585507393
-0.021885327994823452
-0.05113007873296738
-0.046078670769929886
-0.08843711018562317
-0.08089186251163481
-0.06730063259601593
-0.07215411961078644
-0.08892413973808289
-0.0915093719959259
-0.06521376222372055
-0.06770393252372742
-0.08174484968185423
-0.06836982071399689
-0.046225547790527344
-0.07367020100355148
-0.07232080399990082
-0.07025466859340668
-0.049070894718170166
-0.05473250150680541
-0.0562431514263153
-0.06742328405380249
-0.005094320513308048
-0.02718370407819748
-0.04847610741853713
-0.07406564056873322
-0.06794345378875732
-0.03695978969335556
-0.05695630609989166
-0.048635635524988174
-0.038501281291246414
-0.04710165783762932
-0.03890009969472885
-0.04778783768415451
-0.08062076568603516
-0.0407915897667408
-0.09127715975046156
-0.06311880052089691
-0.05812662094831467
-0.02806615829467773
-0.04722299799323081
-0.06932100653648376
-0.06312452256679535
-0.03956623375415801
-0.047486677765846246
-0.009072904475033283
-0.02514572814106941
-0.07703600078821182
-0.03680915385484696
-0.08106811344623564
-0.04548430070281029
-0.04217242449522018
-0.04741919785737991
-0.08090355992317198
-0.06484999507665634
-0.06927398592233658
-0.05397522449493408
-0.08994288742542265
-0.04250866919755936
-0.04802674800157546
-0.05557595193386078
-0.05686671286821365
-0.08940781652927399
-0.0636388510465622
-0.09602084755897522
-0.07887286692857742
-0.0559576079249382
-0.06887330114841461
-0.03013786673545837
-0.056342653930187225
-0.07717375457286833
-0.045043721795082085
-0.04212665557861328
-0.062274269759655
-0.07041965425014496
-0.015498523600399494
-0.0447150394320488
-0.0736124813556671
-0.0607229471206665
-0.05524121969938278
-0.053901806473732
-0.025854695588350296
-0.045020751655101776
-0.04647409543395042
-0.06561307609081268
-0.06996883451938629
-0.06775528192520142
-0.055885493755340576
-0.07272864878177641
-0.10273069143295288
-0.027742885053157806
-0.06842929124832153
-0.051409557461738586
-0.07201158255338669
-0.08870230615139006
-0.05689172446727753
-0.05858851224184036
-0.02625202387571335
-0.03672785311937332
-0.05512505769729614
-0.0694892629981041
-0.04120444506406784
-0.04324357956647873
-0.0676378384232521
-0.010457820259034632
-0.09070345759391785
-0.09186497330665587
-0.05261434614658356
-0.05680505186319351
-0.0643506571650505
-0.047757282853126526
-0.04623309522867202
-0.03759004175662994
-0.07770217210054396
-0.043211162090301514
-0.05009713023900986
-0.05397327244281769
-0.04698914289474487
-0.05431121587753296
-0.06186261773109436
-0.02327736467123032
-0.047754991799592965
-0.04755412042140961
-0.01580941304564476
-0.03557951748371124
-0.04836020618677139
-0.06475622206926346
-0.014164176769554617
-0.08349335193634033
-0.04688590019941329
-0.0718979462981224
-0.03821635991334915
-0.05256874859333038
-0.0561833381652832
-0.03119875490665436
-0.06828411668539047
-0.06683260947465897
-0.05875207483768463
-0.05947992205619812
-0.07235966622829437
-0.07875533401966096
-0.03847513347864151
-0.054744549095630646
-0.023248020559549328
-0.08759088814258574
-0.08122022449970245
-0.048371486365795135
-0.062357254326343536
-0.0447380430996418
-0.045609429478645325
-0.03895238786935806
-0.07268869876861571
-0.035830240696668625
-0.04563918709754944
-0.027648735791444775
-0.03514014557003975
-0.05306834727525711
-0.017430022358894348
-0.03033484518527985
-0.06901106983423233
-0.03799092024564743
-0.035004746168851845
-0.04465910047292709
-0.059941589832305915
-0.04591722786426544
-0.07040207833051682
-0.05826234817504882
-0.03443395718932152
-0.0709393247961998
-0.024786774069070816
-0.07304301857948302
-0.0466420128941536
-0.10850341618061064
-0.07459187507629393
-0.02765224128961563
-0.061943210661411285
-0.10050276666879653
-0.06708599627017975
-0.07648965716361998
-0.02277057617902756
-0.040470995008945465
-0.0672299861907959
-0.04522181302309036
-0.041571758687496185
-0.09548506140708925
-0.07612371444702147
-0.1070902943611145
-0.04909688234329224
-0.04614326357841492
-0.0836016982793808
-0.035229120403528214
-0.06465829163789749
-0.015208014287054539
-0.028802361339330677
-0.055727094411849976
-0.0948207601904869
-0.04429271072149277
-0.033757127821445465
-0.10430836677551268
-0.07876751571893693
-0.04170091450214385
-0.049644321203231805
-0.008111667819321156
-0.07345137000083923
-0.09196875989437105
-0.06417670845985413
-0.06027816236019135
-0.0885244682431221
-0.048470940440893166
-0.056183971464633935
-0.07537749409675598
-0.028022184967994686
-0.03841955214738846
-0.07115674763917923
-0.05310872197151184
-0.04005447775125504
-0.03431176021695137
-0.0766737163066864
-0.03913469612598419
-0.06041248142719269
-0.06201224029064178
-0.05782382935285568
-0.05636759102344513
-0.10771380364894866
-0.03305898979306221
-0.05055688321590424
-0.015119352377951143
-0.034351199865341187
-0.06555582582950592
-0.02538555115461349
-0.10392315685749053
-0.029832251369953156
-0.07648228108882904
-0.05149877071380615
-0.0633886456489563
-0.06487906724214554
-0.07531942427158356
-0.0819759890437126
-0.05589354783296585
-0.055518709123134606
-0.08649315685033798
-0.07697506248950958
-0.04250724986195564
-0.05675230175256729
-0.04697345942258834
-0.02377182245254517
-0.08743138611316681
-0.02935391664505005
-0.07435591518878935
-0.03962981700897217
-0.04471750184893608
-0.03584985435009003
-0.07787282019853592
-0.03764423727989197
-0.04009540379047394
-0.06414111703634262
-0.04273630678653717
-0.06763112545013428
-0.050243236124515527
-0.09442808479070663
-0.05904798209667206
-0.03402378782629967
-0.0659639835357666
-0.04925556480884552
-0.035617291927337646
-0.06019490212202072
-0.06792464852333069
-0.0921156108379364
-0.10616743564605712
-0.010202937759459019
-0.07072795182466507
-0.035297222435474396
-0.04010313749313354
-0.09671512246131897
-0.04554153978824616
-0.06224149465560913
-0.06399039924144745
-0.0517079159617424
-0.10058729350566864
-0.01317510474473238
0.005004232749342918
-0.07647424936294556
-0.08078350126743315
-0.06842087209224701
-0.0383930429816246
-0.021608494222164158
-0.0214926078915596
-0.058298133313655846
-0.028002049773931503
-0.055192962288856506
-0.06567913293838501
-0.05206309258937836
-0.105385422706604
-0.041555773466825485
-0.04579380527138711
-0.030194278806447983
-0.020803935825824738
-0.058755889534950256
-0.030970633029937744
-0.022038277238607407
-0.06312871724367142
-0.03233480826020241
-0.062172070145606995
-0.05343928933143616
-0.07718995213508606
-0.05189628154039383
-0.03330129757523537
-0.04239228367805481
-0.0766371935606003
-0.049358271062374115
-0.03028002381324768
-0.07149621844291687
-0.02944641932845116
-0.052918046712875366
-0.06624771654605865
-0.08359818160533905
-0.04536157846450806
-0.04644524306058884
-0.04914408177137375
-0.05027724802494049
-0.010217667557299135
-0.04581668972969055
-0.07612904161214828
-0.057277396321296685
-0.0153298145160079
-0.05114097148180008
-0.015152244828641415
-0.038606684654951096
-0.03587189316749573
-0.05028874427080154
-0.10494913905858992
-0.047937832772731774
-0.07032538950443268
-0.05541165173053741
-0.020578753203153607
-0.08318745344877243
-0.06545715034008026
-0.06458861380815506
-0.07749848812818526
-0.029160484671592712
-0.05290769785642624
-0.07685118168592453
-0.07224790751934052
-0.021342769265174866
-0.06954583525657654
-0.050516150891780846
-0.020377442240715023
-0.05640105903148651
-0.06902916729450226
-0.060435719788074486
-0.07858434319496153
-0.09033772349357605
-0.03176890313625336
-0.04786490648984909
-0.04411375522613525
-0.052268728613853455
-0.028596550226211548
-0.040272772312164314
-0.09858117997646333
-0.06864158064126968
-0.07444088906049728
-0.046481505036354065
-0.06286878138780594
-0.06348138302564621
-0.04793287813663483
-0.05221088230609894
-0.037771936506032944
-0.05307748168706894
-0.0780583620071411
-0.05535255372524261
-0.03348013758659363
-0.0642257034778595
-0.030286207795143127
-0.12478367984294891
-0.05186156183481216
-0.04112061485648155
-0.0290888212621212
-0.05084295570850372
-0.01842812448740005
-0.04448157921433449
-0.05650469660758972
-0.09122204780578612
-0.03876583278179169
-0.0479765459895134
-0.038757823407649994
-0.08241763710975648
-0.03353080153465271
-0.07348494976758958
-0.07933665812015533
-0.09704117476940156
-0.040511496365070336
-0.07335864007472992
-0.06529614329338074
-0.05211355537176132
-0.0370996966958046
-0.07509320229291917
-0.062394097447395325
-0.059459447860717766
-0.03557424247264862
-0.05074910819530487
-0.052206225693225854
-0.100084088742733
-0.0594562292098999
-0.08132372796535493
-0.06797816604375839
-0.06173290312290192
-0.0427611730992794
-0.05609399825334549
-0.07253171503543852
-0.04915238916873932
-0.0784720480442047
-0.05539068579673767
-0.03653135523200035
-0.03617115318775177
-0.046965789049863815
-0.06945499777793884
-0.036868464201688766
-0.07518340647220612
-0.056210726499557495
-0.08488701283931731
-0.026378702372312542
-0.049860753118991845
-0.05403976887464523
-0.10328658670186996
-0.05420999228954315
-0.06992022693157196
-0.036815349012613297
-0.04215416684746742
-0.07280780375003815
-0.07023008912801743
-0.0779579058289528
-0.0717252716422081
-0.06343506276607513
-0.07297788560390472
-0.051170393824577325
-0.06700771301984787
-0.05552679300308228
-0.05505938082933426
-0.04036189615726471
-0.07899777591228485
-0.05183298885822296
-0.06042280793190002
-0.0921383947134018
-0.05694904923439026
-0.035796217620372765
-0.06282518804073334
-0.0731440931558609
-0.06246624141931534
-0.0815875455737114
-0.03866511955857277
-0.04385384917259216
-0.04484843835234641
-0.04705709591507912
-0.07548657059669495
-0.04433032870292664
-0.05841628462076187
-0.046536944806575775
-0.029278662055730816
-0.09953200817108153
-0.07455576956272125
-0.044441405683755875
-0.03401850163936615
-0.027038440108299252
-0.031181298196315765
-0.08687550574541093
-0.04779329150915146
-0.09181879460811616
-0.052069053053855896
-0.03115170821547508
-0.06923748552799225
-0.04839046299457551
-0.06765121221542358
-0.06164467334747314
-0.10006462782621384
-0.09393948316574097
-0.06347370147705078
-0.038823213428258896
-0.08014309406280516
-0.051614291965961456
-0.06922511756420135
-0.009635453112423422
-0.033014342188835144
-0.09027403593063353
-0.057591460645198815
-0.04403030872344971
-0.07914575189352036
-0.053266100585460656
-0.036131277680397034
-0.07239891588687895
-0.07104834169149399
-0.0372132584452629
-0.06722425669431686
-0.013645301572978497
-0.07017388939857483
-0.07203473150730133
-0.038855895400047295
-0.0752204954624176
-0.05247174203395844
-0.03615828603506088
-0.06878304481506348
-0.06776014715433121
-0.05485145747661591
-0.06766488403081894
-0.06038573384284973
-0.037183977663517
-0.03851699456572533
-0.08279917389154434
-0.03714357316493988
-0.03574274852871895
-0.06464535742998123
-0.061998389661312096
-0.04727868735790253
-0.013065100647509098
-0.05054312944412232
-0.08836371451616286
-0.08413376659154893
-0.05958283692598343
-0.04594536125659943
-0.024455245584249496
-0.07048112154006958
-0.06815731525421143
-0.0153648117557168
-0.038322895765304565
-0.11398473381996153
-0.009075102396309376
-0.05721145868301392
-0.015161880291998386
-0.0569145381450653
-0.027942311018705368
-0.07761438935995102
-0.05363522469997407
-0.008729313500225544
-0.0497775673866272
-0.07571319490671158
-0.07302210479974745
-0.0335666723549366
-0.010988851077854632
-0.04938775300979614
-0.07940487563610078
-0.08507406711578369
-0.02861114963889122
-0.058050110936164856
-0.029299698770046238
-0.04952704906463623
-0.05286867171525955
-0.07477945834398268
-0.03310559689998627
-0.09045805037021637
-0.1074514165520668
-0.023200675845146176
-0.0814618170261383
-0.05824054777622223
-0.09381378442049025
-0.049336738884449005
-0.0836314782500267
-0.06189893186092377
-0.03645365685224533
-0.048588857054710395
-0.0523139238357544
-0.06768135726451874
-0.050193421542644494
-0.08249883353710175
-0.04827679693698883
-0.051385678350925446
-0.026988111436367035
-0.04261621087789536
-0.028161272406578064
-0.072649747133255
-0.04405173659324645
-0.04896664619445801
-0.06775356084108353
-0.06339749693870544
-0.08878096938133238
-0.05293028801679611
-0.05025569349527359
-0.03578279912471771
-0.08184357732534409
-0.038057394325733185
-0.032033808529376984
-0.04719553515315056
-0.08999553322792053
-0.03086027503013611
-0.06304073333740233
-0.06335286796092987
-0.04936272650957108
-0.06666265428066254
-0.02536454051733017
-0.06181972473859786
-0.09170702099800108
-0.08989924937486649
-0.028732892125844955
-0.015620171092450619
-0.06100524961948394
-0.05650578439235687
-0.06949576735496521
-0.08635073900222777
-0.04943820834159851
-0.02908217906951904
-0.03935587778687477
-0.05710127204656601
-0.03836727514863014
-0.07786992192268372
-0.052888885140419006
-0.027132384479045868
-0.0487806648015976
-0.03983423113822937
-0.06135667860507965
-0.06028004735708237
-0.05596195161342621
-0.0639229342341423
-0.06211801618337631
-0.05596225708723068
-0.05689592659473419
-0.024384565651416775
-0.10310710966587067
-0.07281754910945891
-0.08335510641336441
-0.06431456655263901
-0.07678894698619841
-0.09434618800878525
-0.09448005259037018
-0.06869935989379883
-0.049584828317165375
-0.08078919351100922
-0.07263913750648497
-0.06002023071050644
-0.031782086938619614
-0.054685816168785095
-0.05668220669031143
-0.06877054274082184
-0.015152600593864916
-0.03707016259431839
-0.059726014733314514
-0.05539735406637192
-0.04676932469010353
-0.04894300550222397
-0.07066010683774948
-0.04939056932926177
-0.027797847986221317
-0.07190713286399841
-0.08210404217243193
-0.058505147695541375
-0.0576855018734932
-0.08933139592409134
-0.05244452506303787
-0.045067798346281045
-0.06779912859201431
-0.04805851355195045
-0.06457468122243881
-0.056907325983047485
-0.05142178386449814
-0.05546428263187408
-0.052339665591716766
-0.083310067653656
-0.07968199253082275
-0.09882276505231856
-0.054441049695014954
-0.031990695744752884
-0.029433559626340863
-0.056517519056797035
-0.02730605751276016
-0.05793476104736328
-0.06486164033412933
-0.06268244236707687
-0.03507186844944954
-0.0465187095105648
-0.0844995528459549
0.01651078648865223
-0.0471215657889843
-0.08541390299797058
-0.024835996329784397
-0.06439760327339172
-0.05717368423938751
-0.04825962707400321
-0.057522810995578766
-0.08012225478887558
-0.042877435684204095
-0.025363527238368988
-0.03824278339743614
-0.06194886565208435
-0.07003391534090042
-0.0316598042845726
-0.05124756693840026
-0.07248213887214659
-0.06450364738702774
-0.029132496565580368
-0.06743268668651581
-0.08795070648193358
-0.0368436686694622
-0.09492767602205276
-0.05053018033504486
-0.07189461588859558
-0.06430128961801529
-0.01554888766258955
-0.04054488241672516
-0.052762895822525024
-0.040893666446208954
-0.06173075735569
-0.02130395919084549
-0.026112981140613556
-0.040132977068424225
-0.04516950994729996
-0.07779550552368163
-0.02359087020158768
-0.014271275140345097
-0.0427098423242569
-0.06702837347984314
-0.03429167717695236
-0.05862567573785782
-0.05385938286781311
-0.050148561596870415
-0.08792701363563538
-0.029627256095409397
-0.048072561621665955
-0.04489544779062271
-0.08344583213329315
-0.07116542011499405
-0.06954389065504074
-0.038754962384700775
-0.03867857903242111
-0.026771932840347287
-0.09549057483673096
-0.05473928153514862
-0.05427945405244827
-0.04604964330792427
-0.05904912203550339
-0.08681653439998625
-0.040743142366409295
-0.04794368892908096
-0.06864088028669357
-0.04595019295811653
-0.09142011404037476
-0.059939220547676086
-0.06794802844524384
-0.04625026881694794
-0.04395805299282073
-0.0425332635641098
-0.024529762566089634
-0.08045536279678343
-0.06525993347167969
-0.04014955088496208
-0.05897063761949539
-0.05024920403957367
-0.0639721155166626
-0.06940452754497528
-0.06288827955722809
-0.0341624841094017
-0.05844681710004807
-0.0778563916683197
-0.07634541392326355
-0.07717785984277725
-0.03859006613492966
-0.07236865162849426
-0.03828287869691849
-0.0863455832004547
-0.08471544086933136
-0.03923019766807556
0.007649852894246577
-0.07809051126241685
-0.06460301578044891
-0.047213584184646606
-0.08227042853832243
-0.06679610908031464
-0.03741233050823212
-0.06536252051591873
-0.06330960988998413
-0.07316622138023376
-0.03648976981639862
-0.05291255563497543
-0.033639393746852875
-0.027765393257141117
-0.03580012544989586
-0.044990986585617065
-0.0400983914732933
-0.04974523931741714
-0.051206335425376885
-0.0567665845155716
-0.06343549489974976
-0.05285706371068954
-0.04797228425741196
-0.06554417312145233
-0.06454380601644516
0.0005479520186781883
-0.0435192845761776
-0.0038134800270199776
-0.03161166608333588
-0.05164378136396408
-0.05487862229347229
-0.054208770394325256
-0.05029550194740296
-0.053788281977176666
-0.08601250499486923
-0.04099315404891968
-0.05396001040935516
-0.03467929735779762
-0.08616157621145248
-0.08669336140155792
-0.07284191995859146
-0.024802446365356445
-0.03841736912727356
-0.08507901430130003
-0.06205610930919647
-0.03683041036128998
-0.04133804142475128
-0.05334676057100296
-0.019848134368658062
-0.040217876434326165
-0.0741320550441742
-0.06032153964042664
-0.041806451976299286
-0.10106632113456726
-0.09375985711812973
-0.052823349833488464
-0.057620540261268616
-0.06817293912172318
-0.04269806295633316
-0.036275096237659454
-0.05696237087249756
-0.09094144403934479
-0.06628488004207611
-0.05054283887147904
-0.01811222732067108
-0.022895805537700653
-0.10052886605262756
-0.07246896624565123
0.009578055702149868
-0.055710993707180016
-0.04382449388504028
-0.07176811993122101
-0.07176327705383301
-0.07647798955440521
-0.07319170981645584
-0.0597795844078064
-0.03846989944577217
-0.095943883061409
-0.05469556152820587
-0.05525616556406021
-0.05067073553800583
-0.07899007201194763
-0.06782263517379761
-0.09366819262504576
-0.08470641076564787
-0.045838598161935806
-0.03927795961499214
-0.06823059916496277
-0.05918809771537781
-0.02700965106487274
-0.043790243566036224
-0.0154665382578969
-0.053681641817092896
-0.0313909575343132
-0.02730198949575424
-0.05272842943668365
-0.0799831971526146
-0.060118719935417175
-0.05503782629966736
-0.03366972133517265
-0.014373504556715488
-0.1136288046836853
-0.05391317605972289
-0.053109273314476006
-0.04509914666414261
-0.025126196444034576
-0.07066144794225693
-0.06069131940603256
-0.028117127716541287
-0.069369375705719
-0.06631844490766525
-0.061342909932136536
-0.06661641597747803
-0.038938138633966446
-0.07882991433143614
-0.03648019209504128
-0.06757021695375443
-0.04781751334667206
-0.06286582350730896
-0.017481256276369095
-0.05425017327070236
-0.028553128242492676
-0.03941937163472176
-0.0830423980951309
-0.021590225398540497
-0.02969631552696228
-0.055877558887004845
-0.07225580513477325
-0.0665276050567627
-0.05709434300661087
-0.05384325981140137
-0.08032496273517609
-0.05627308040857315
-0.055579259991645806
-0.04551125317811966
-0.044465675950050354
-0.06607824563980103
-0.051708146929740906
-0.03926992043852806
-0.030495960265398026
-0.06367553025484085
-0.024142920970916748
-0.03779529407620429
-0.0765172690153122
-0.06321026384830475
-0.04136349633336067
-0.05730508267879486
-0.05339844524860382
-0.057712338864803314
-0.030313313007354736
-0.01567976176738739
-0.05179121345281601
-0.06580494344234467
-0.10873281210660934
-0.0455460399389267
-0.05155838280916213
-0.05125387012958527
-0.03919101133942604
-0.04098501056432724
-0.06983097642660141
-0.05669237673282623
-0.06768088787794113
-0.06242071092128754
-0.06593550741672516
-0.060064926743507385
0.0030439775437116623
-0.08288151770830153
-0.07601830363273619
-0.11578068137168884
-0.06551101058721542
-0.01760921999812126
-0.06023092567920685
-0.08146233856678009
-0.05905158817768097
-0.0385018065571785
-0.06905260682106018
-0.0427306555211544
-0.08859240263700485
-0.09117142856121065
-0.09726929664611816
-0.07335157692432404
-0.04690205678343773
-0.04551217705011368
-0.03717374056577682
-0.06543484330177307
-0.031371574848890305
-0.06126073002815247
-0.054509177803993225
-0.05211789906024933
-0.06178933382034302
-0.04514296352863312
-0.03352188691496849
-0.05923677235841751
-0.05832374840974808
-0.07225270569324493
-0.060452207922935486
-0.04961994290351868
-0.04440726339817047
-0.04454194009304047
-0.0773250162601471
-0.03926186636090279
-0.05611284822225571
-0.027916245162487033
-0.06711019575595856
-0.025710441172122955
-0.0987422913312912
-0.051811903715133674
-0.05697639286518097
-0.0459781289100647
-0.07446086406707764
-0.07564874738454817
-0.01893964409828186
-0.06204619258642197
-0.10104197263717651
-0.0570712685585022
-0.05737250298261642
-0.06428033113479614
-0.03012928366661072
-0.034352462738752365
-0.07913786917924881
-0.0943814516067505
-0.07753721624612808
-0.05937141925096512
-0.029506951570510864
-0.08298846334218979
-0.03315271809697151
-0.05797751247882843
-0.0681302547454834
-0.02094760909676552
-0.05037569999694824
-0.075430229306221
-0.06116322427988052
-0.06171263009309769
-0.03019499033689499
-0.03856343030929565
-0.03816219791769981
-0.02153696119785309
-0.045466829091310494
-0.05666068941354752
-0.038000855594873435
-0.06230261921882629
-0.09284451603889464
-0.06948703527450562
-0.060531511902809136
-0.04305488616228104
-0.08386963605880737
0.003872909583151341
-0.05140234529972077
-0.05153778940439224
-0.04256105422973633
-0.07577748596668243
-0.0624195784330368
-0.041207410395145416
-0.13730706274509427
-0.10854963213205336
-0.06886635720729828
-0.05881302803754807
-0.05589161068201065
-0.06931671500205994
-0.0392211340367794
-0.0633709579706192
-0.05247269570827484
-0.09060087800025941
-0.04590100049972534
-0.04836518689990044
-0.008347016759216785
-0.06259013712406158
-0.04665626585483551
-0.053043194115161896
-0.05640815198421478
-0.08312571793794632
-0.05539890378713608
-0.07532508671283723
-0.0864449143409729
-0.038572363555431366
-0.09235482662916183
-0.03551546111702919
-0.017054758965969086
-0.07498559355735779
-0.05791749805212021
-0.0458981990814209
-0.03614581748843193
-0.039309769868850715
-0.04591419547796249
-0.03986411541700363
-0.08514960110187529
-0.04265245050191879
-0.04254178702831268
-0.01984633505344391
-0.03831769526004791
-0.0555795356631279
-0.03682023659348488
-0.08943336457014084
-0.053405553102493286
-0.049097612500190735
-0.055964559316635125
-0.04485589265823364
-0.055074892938137054
-0.03931924700737
-0.05114196240901947
-0.07912610471248625
-0.09982100129127502
-0.01150356698781252
-0.0832250565290451
-0.03857655823230744
-0.050129324197769165
-0.06303267180919647
-0.07773859053850174
-0.039787981659173965
-0.0717298686504364
-0.0658557191491127
-0.027123205363750454
-0.04140030220150948
-0.042876102030277245
-0.0779581218957901
-0.04831995442509651
-0.04701557755470276
-0.07065220177173616
-0.06579869985580444
-0.05112536996603012
-0.08723850548267363
-0.05444218963384628
-0.08420096337795258
-0.012386371381580828
-0.07682049274444579
-0.029284272342920303
-0.09099236130714417
-0.08082731068134308
-0.06528213620185852
-0.060434550046920776
-0.039611805230379105
-0.06177610903978348
-0.11464220285415648
-0.06108768284320831
-0.03298882022500038
-0.02474404126405716
-0.08094999939203262
-0.039175353944301605
-0.07489114999771118
-0.0473179817199707
-0.047923412173986435
-0.03800604492425919
-0.046908631920814514
-0.0794389992952347
-0.06700967252254486
-0.030466195195913315
-0.0675203800201416
-0.07126680016517639
-0.08224008977413177
-0.04756046086549759
-0.06278553605079651
-0.05640031397342682
-0.03952869027853012
-0.05092349648475647
-0.06710508465766907
-0.040747418999671936
-0.023795783519744877
-0.03848235309123993
-0.02437041327357292
-0.09803196787834167
-0.05538662523031235
-0.05533237755298615
-0.06172740459442139
-0.04488237202167511
-0.05231188237667084
-0.04194455966353416
-0.022941634058952328
-0.073518767952919
-0.04590301588177681
-0.04001332819461823
-0.015324209816753864
-0.03569605201482773
-0.020489856600761414
-0.05694580078125
-0.053195275366306305
-0.07581578195095062
-0.08416521549224852
-0.07799451053142548
-0.04097127541899681
-0.07737541198730467
-0.06259317696094513
-0.03618038818240166
-0.07849094271659851
-0.0654456689953804
-0.08798179030418397
0.006459048017859458
-0.06825660169124603
-0.09208963811397552
-0.06460168957710266
-0.05666932463645935
-0.07122170925140381
-0.07842424511909485
-0.033471379429101944
-0.04713232070207596
-0.08568216860294342
-0.062342539429664605
-0.03109788149595261
-0.07484855502843855
-0.02990949898958206
-0.09676546603441238
-0.06280782073736191
-0.053655676543712616
-0.036409892141819
-0.08177562057971953
-0.06935746222734451
-0.06346043199300766
-0.037249334156513214
-0.03192788362503052
-0.09111589938402177
-0.05674080550670624
-0.0743405446410179
-0.05205439031124114
-0.03326696157455444
-0.048793315887451165
-0.041633982211351395
-0.09631227701902387
-0.044190004467964165
-0.09262531250715256
-0.04261378943920136
-0.0743507444858551
-0.06961233168840408
-0.0539698600769043
-0.02635478973388672
-0.040610648691654205
-0.02941473945975304
-0.05702856183052063
-0.03530804067850113
-0.014829457737505436
-0.01767018437385559
-0.012142381630837916
-0.0753716304898262
-0.022198535501956936
-0.04846657067537308
-0.05385289341211319
-0.0744932144880295
-0.03313296288251877
-0.012151391245424747
-0.06108781695365906
-0.025140643119812008
-0.03796903416514397
-0.05970897525548935
-0.07167704403400421
-0.04644286632537842
-0.061497583985328674
-0.05608642101287842
-0.05925111472606658
-0.05094505101442337
-0.07574822008609772
-0.048993542790412896
-0.05603434145450592
-0.06011015176773071
-0.008432443253695965
-0.06243866682052612
-0.06901970505714417
-0.05782237648963928
-0.07866171002388
-0.020470451563596725
-0.06160247325897217
-0.05819307267665863
-0.03493001312017441
-0.055473968386650085
-0.06314092129468918
-0.025445982813835144
-0.05968491733074188
-0.0792710855603218
-0.03502828627824783
-0.02948576211929321
-0.1059352234005928
-0.021652534604072567
-0.06606545299291611
-0.011336860246956348
-0.04041732475161552
-0.035716764628887177
-0.093522310256958
-0.05565273016691208
-0.06411797553300858
-0.045798588544130325
-0.04518852382898331
-0.05219253152608872
-0.05969300121068954
-0.06544967740774155
-0.03652354702353477
-0.04463119804859161
-0.05303499102592468
-0.043179646134376526
-0.06839931011199951
-0.026217568665742878
-0.03393571451306343
-0.11807207763195036
-0.09809748083353041
-0.05995805561542511
-0.05905672162771225
-0.04741018638014793
-0.0621761828660965
-0.04966225475072861
-0.07262166589498519
-0.03869708627462387
-0.04130256921052933
-0.07017713040113449
-0.06016802042722703
-0.04866701364517212
-0.03143995627760887
-0.04849432781338692
-0.09102371335029602
-0.07002045214176178
-0.0549180805683136
-0.019450597465038296
-0.09962733834981918
-0.02403618022799492
-0.04930198192596436
-0.06400402635335922
-0.030772890895605087
-0.06413780897855759
-0.03922652453184128
-0.053895965218544006
-0.06127475947141647
-0.03900832682847977
-0.06186361610889434
-0.046925563365221024
-0.07352206856012344
-0.05606774985790253
-0.025918662548065186
-0.031727392226457596
-0.05885309725999832
-0.0351758673787117
-0.07345027476549149
-0.045473705977201455
-0.06658144295215607
-0.09272974729537965
-0.036433231085538864
-0.03953841328620911
-0.0948667973279953
-0.055087462067604065
-0.011553858406841753
-0.03984702378511429
-0.05702856183052063
-0.06989891082048416
-0.03008001297712326
-0.13392463326454163
-0.06271015107631683
-0.04059223085641861
-0.0627221018075943
-0.05858111381530762
-0.07590559124946594
-0.08659532666206358
-0.029363229870796204
-0.04526453837752342
-0.0715561956167221
-0.04378721863031387
-0.05983327329158783
-0.049985818564891815
-0.0601399689912796
-0.05887508392333984
-0.08698093891143799
-0.045563433319330215
-0.02783140912652016
-0.0607377290725708
-0.07463821768760681
-0.039705127477645874
-0.04493818804621696
-0.0733936131000519
-0.03969639167189598
-0.04119223356246948
-0.09347938001155853
-0.05142878741025925
-0.0469997338950634
-0.0678667351603508
-0.06927908211946487
-0.04252907633781433
-0.05986107885837554
-0.05616554617881775
-0.08410058170557022
-0.0499994158744812
-0.06887923926115036
-0.06600343436002731
-0.06746818870306015
-0.05978268384933472
-0.04347467795014381
-0.0708320289850235
-0.030658915638923645
-0.04933451861143112
-0.06077668815851212
-0.07511555403470993
-0.06244111806154251
-0.03438454866409302
-0.03793579712510109
-0.04128387942910194
-0.0350477509200573
-0.07703122496604918
-0.020166289061307907
-0.07802031189203262
-0.04329521209001541
-0.027445193380117416
-0.06297945976257324
-0.08696499466896057
-0.040201645344495766
-0.054653674364089966
-0.029243893921375275
-0.032443203032016754
-0.03020619601011276
-0.05321432650089264
-0.0633658617734909
-0.06186871230602264
-0.03524558246135712
-0.06935950368642807
-0.054458990693092346
-0.06337378919124603
-0.0481400229036808
-0.06150869280099869
-0.02614077925682068
-0.04309500008821488
-0.04806474223732948
-0.038192257285118096
-0.044819168746471405
-0.07687119394540785
-0.08438962697982787
-0.0542466938495636
-0.07259804010391235
-0.0761188268661499
-0.04678680375218392
-0.08067086338996886
-0.0815792828798294
-0.03864708542823792
-0.04641345515847206
-0.05271609872579575
-0.06630231440067291
-0.0782284140586853
-0.05078956484794617
-0.0885794088244438
-0.06954747438430786
-0.03869195654988289
-0.05423106998205185
-0.028253518044948574
-0.03485943377017975
-0.06022986024618149
-0.024385899305343628
-0.07712124288082121
-0.04334798827767372
-0.06251034140586853
-0.07902491092681885
-0.0688832700252533
-0.05441170930862426
-0.05348649621009827
-0.06201676279306412
-0.06640926003456116
-0.04853778332471848
-0.11680755019187929
-0.005768896080553532
-0.05679410696029663
-0.07528886198997498
-0.07724307477474211
-0.03609447553753853
-0.0598987489938736
-0.07573630660772324
-0.04750872403383255
-0.05041524022817612
-0.07721780240535736
-0.0478045865893364
-0.04710836336016655
-0.05979158729314804
-0.07483254373073578
-0.04077528789639473
-0.047030702233314514
-0.10880602896213531
-0.06526394933462143
-0.03861103951931
-0.06397401541471481
-0.06805260479450226
-0.0005782721564173697
-0.025212630629539486
-0.029069148004055023
-0.06215598434209824
-0.054262220859527595
-0.07382354140281677
-0.01318423543125391
-0.05088423937559128
-0.05818473547697067
-0.044321563094854355
-0.009267169050872322
-0.0685291588306427
-0.0562850683927536
-0.031755879521369934
-0.0263889841735363
-0.042785227298736565
-0.018601518124341965
-0.0345303937792778
-0.030573599040508274
-0.06828971207141876
-0.05936834216117858
-0.06487502157688141
-0.09839998930692671
-0.07358303666114806
-0.09910283982753752
-0.0632174015045166
-0.030034407973289486
-0.049518562853336334
-0.06616231799125671
-0.06488905847072601
-0.04137837514281273
-0.027156967669725415
-0.004561101086437702
-0.06719145178794861
-0.05237928032875061
-0.022181741893291477
-0.026097182184457775
-0.023402832448482517
-0.08252568542957307
-0.013975421898066996
-0.06836710125207901
-0.06897997856140137
-0.042805276811122894
-0.05398252606391907
-0.0658743754029274
-0.08777233958244324
-0.05946523696184158
-0.03540339320898056
-0.07691206783056259
-0.07624256610870361
-0.0461292676627636
-0.02363591268658638
-0.021357640624046326
-0.04522937536239624
-0.07981836050748825
-0.0363425686955452
-0.041945040225982666
-0.0587899312376976
-0.04037197679281235
-0.06163106858730316
-0.01763606071472168
-0.08232042193412781
-0.08251916617155075
-0.03198976814746857
-0.048887930810451515
-0.06236482411623001
-0.04498517513275146
-0.03328760340809822
-0.0687822550535202
-0.061072036623954766
-0.05094964802265167
-0.049724221229553216
-0.06678222119808197
-0.04509457945823669
-0.0686836987733841
-0.029728665947914124
-0.05366596579551697
-0.06294207274913788
-0.01382677350193262
-0.0445963516831398
-0.04536762088537216
-0.045774593949317925
-0.053545236587524414
-0.05503532290458679
-0.06917382776737213
-0.02919670194387436
-0.055263131856918335
-0.06543539464473724
-0.049771748483181
-0.06698065996170044
-0.06501231342554092
-0.050383731722831726
-0.0386124849319458
-0.05475461483001709
-0.0394241139292717
-0.03731931373476982
-0.03771163523197174
-0.06947743892669678
-0.014781349338591099
-0.05572985112667084
-0.07143876701593399
-0.039031080901622765
-0.06451824307441711
-0.06528852134943008
-0.06041281670331954
-0.05303753912448883
-0.04813145846128464
-0.05633097141981125
-0.05116540938615799
-0.02971549332141876
-0.08155979961156845
-0.08142226934432982
-0.05790751427412033
-0.03979267179965973
-0.048951968550682075
-0.04540371894836426
-0.06864125281572342
-0.020009726285934448
-0.05105505883693695
-0.0743950605392456
-0.0429152250289917
-0.06190294772386551
-0.04394496232271194
-0.05132653564214706
-0.10037441551685332
-0.04563762247562408
-0.03410349041223526
-0.02649352699518204
-0.06284061074256897
-0.0656312108039856
-0.054603666067123406
-0.06286269426345825
-0.07922592759132385
-0.059836998581886285
-0.12270164489746092
-0.0692489892244339
-0.04887825995683671
-0.022861093282699585
-0.016195595264434814
-0.08056750148534775
-0.02028960734605789
-0.09308354556560515
-0.08885730803012848
-0.020080510526895523
-0.0643356442451477
-0.07744228094816208
-0.09834083914756776
-0.06477086991071701
-0.06685218214988708
-0.03271593898534775
-0.049875274300575256
-0.05579477548599243
-0.07044489681720734
-0.05221262574195862
-0.08783738315105438
-0.06909437477588654
-0.04623063653707504
-0.07147254794836044
-0.04508039355278015
-0.042552120983600616
-0.008051452226936817
-0.08585339784622192
-0.04156992211937904
-0.028613708913326263
-0.04378079250454903
-0.06392593681812286
-0.06880301237106323
-0.07021921873092651
-0.036780256778001785
-0.06480547785758972
-0.036758698523044586
-0.08311325311660767
-0.047106198966503136
-0.07827575504779814
-0.03404325246810913
-0.027004607021808624
-0.09382687509059906
-0.0922098308801651
-0.08802419155836105
-0.03376788645982742
-0.06694465875625609
-0.03885703533887863
-0.0977569818496704
-0.05040967464447021
-0.04851467162370682
-0.09103478491306305
-0.06080188602209091
-0.07852199673652649
-0.05831781029701233
-0.06907348334789276
-0.04932910948991776
-0.01958939805626869
-0.03825962916016579
-0.044879794120788574
-0.054353594779968255
-0.017164211720228195
-0.030946947634220123
-0.059134721755981445
-0.00532121304422617
-0.06141392141580582
-0.03401479870080948
-0.03306621313095093
-0.07641492784023285
-0.039463210850954056
-0.052498959004879
-0.06871571391820908
-0.03466169536113739
-0.052036583423614495
-0.047388747334480286
-0.0292854867875576
-0.07148599624633789
-0.0517098605632782
-0.06546375155448914
-0.09042377769947053
-0.0521773174405098
-0.025259386748075485
-0.06587996333837509
-0.02948344498872757
-0.06058165431022644
-0.02697254717350006
-0.06563908606767654
-0.024533644318580627
-0.06106850504875183
-0.06181511282920837
-0.047556769102811806
-0.03895915672183037
-0.04598546028137207
-0.08657110482454301
-0.05341827124357224
-0.061397485435009
0.007174222730100154
-0.0756496787071228
-0.06947614252567291
-0.03086403012275696
-0.06161848455667496
-0.06751593947410583
-0.08579787611961363
-0.06074102222919464
-0.04785393550992012
-0.09372199326753616
-0.062209486961364746
-0.07389761507511139
-0.04874342679977417
-0.04377491027116776
-0.019941508769989014
-0.08472643047571182
-0.07398782670497894
-0.05267547070980072
-0.034171152859926224
-0.08488093316555022
-0.06927771121263504
-0.04554818570613861
-0.05316337943077088
-0.06416352093219757
-0.04276721179485321
-0.09010475873947144
-0.060239940881729126
-0.040792785584926605
-0.06224022805690765
-0.05042484402656555
-0.027462977916002277
-0.05738450586795807
-0.07328662276268005
-0.0823894664645195
-0.050631992518901825
-0.04081738740205765
-0.06776634603738785
-0.07194230705499649
-0.06390799582004547
-0.09369248151779175
-0.07764822989702223
-0.055802151560783386
-0.039735406637191766
-0.04567553848028183
-0.06924372911453247
-0.10586369037628172
-0.08317538350820541
-0.048579171299934394
-0.04713115841150284
-0.025942541658878326
-0.058320462703704834
-0.04405606538057327
-0.053533099591732025
-0.04699863493442536
-0.09381549060344696
-0.06587716937065125
-0.09237265586853027
-0.01585567370057106
-0.07378022372722626
-0.07002292573451996
-0.07437083870172499
-0.06100500375032425
-0.03902607411146164
-0.03474513813853264
-0.043425191193819046
-0.0757996216416359
-0.06902569532394409
-0.04239053651690483
-0.04078990966081619
-0.05290818959474564
-0.06612911820411682
-0.04545052722096443
-0.03822259232401848
-0.06875601410865784
-0.03211374953389168
-0.06040428578853607
-0.05375239253044128
-0.07830117642879486
-0.043948769569396966
-0.08967936784029008
-0.07776791602373123
-0.03937944024801254
-0.033968180418014526
-0.06287846714258194
-0.044949889183044434
-0.05066351592540741
-0.1054231747984886
-0.06398922950029373
-0.01829705759882927
-0.04259248077869415
-0.05913691222667694
-0.05924707651138306
-0.04043933004140854
-0.08143086731433868
-0.06719327718019485
-0.09308172762393951
-0.049597889184951775
-0.07178439199924469
-0.10325768589973448
-0.08355982601642609
-0.07690902054309845
-0.034041985869407654
-0.034912485629320145
-0.09686113148927689
-0.08242329210042953
-0.04402978718280792
-0.020091000944375992
-0.007226604036986829
-0.08299919962882996
-0.04816417023539543
-0.01748870313167572
-0.022570952773094177
-0.08537635207176208
-0.03272595256567001
-0.06204668432474136
-0.047769062221050256
-0.060741186141967766
-0.04374067857861519
-0.0335501991212368
-0.0408492386341095
-0.03694424033164977
-0.05344301462173462
-0.055192336440086365
-0.001946312375366688
-0.05256018787622452
-0.07603742927312851
-0.05532127618789673
-0.039782535284757614
-0.01566297933459282
-0.026300087571144104
-0.07307437062263487
-0.0472489520907402
-0.05274907499551773
-0.06462730467319489
-0.025171551853418354
-0.03410571068525314
-0.05251017212867737
-0.004091148264706135
-0.04746055230498314
-0.04792641848325729
-0.025005683302879333
-0.032857347279787064
-0.05225703120231629
-0.08785484731197357
0.0018258364871144293
-0.078300341963768
-0.06961340457201004
-0.06897145509719849
-0.05390755832195281
-0.06123647093772888
-0.05713978409767151
-0.027303416281938553
-0.020726598799228668
-0.045989155769348145
-0.02819998562335968
-0.052254676818847656
-0.044029951095581055
-0.06620395183563232
-0.04221833124756813
-0.050524845719337456
-0.08881202340126036
-0.03026606887578964
-0.10754038393497468
-0.04684379696846008
-0.042480789124965675
-0.06205219030380249
-0.0513795018196106
-0.03508076071739197
-0.06663277000188828
-0.06450001895427704
-0.06633865833282471
-0.07143968343734741
-0.05572858452796936
-0.035321980714797974
-0.11557859182357788
-0.06720183789730072
-0.08310166001319885
-0.09713242948055267
-0.13730034232139587
-0.0745568796992302
-0.03438091278076172
-0.027679726481437683
-0.03343223035335541
-0.03904934972524642
-0.05469079315662384
-0.03965418785810471
-0.07887851446866989
-0.059143811464309685
-0.037287045270204544
-0.07553441822528838
-0.04085237905383111
-0.05668331682682037
-0.02764156460762024
-0.06650345772504807
-0.07231393456459045
-0.0480831153690815
-0.08460267633199692
-0.06010343879461288
-0.0713302493095398
-0.026464879512786865
-0.057461515069007874
-0.025829371064901352
-0.02533777430653572
-0.04844535514712334
-0.030897177755832672
0.0014352668076753616
-0.05453810840845108
-0.05862925946712494
-0.07199316471815109
-0.06490501761436462
-0.09140342473983763
-0.07848166674375534
-0.05576375126838684
-0.033260636031627655
-0.05455131828784943
-0.05432893335819244
-0.049533292651176446
-0.05167612433433533
-0.042478885501623154
-0.06431946158409119
-0.06345824152231216
-0.05043856054544449
-0.08198142051696777
-0.04636190831661224
-0.059536762535572045
-0.03554601967334747
-0.04579341411590576
-0.03657563775777817
-0.03634236380457878
-0.06584623456001282
-0.032356150448322296
-0.03789222240447999
-0.06563982367515564
-0.04673057422041893
-0.028820969164371487
-0.0926201045513153
-0.09049351513385773
-0.04246550798416138
-0.04672546312212944
-0.02077405154705048
-0.0435090959072113
-0.08316761255264282
-0.055747248232364655
-0.09294833987951279
-0.05840678513050079
-0.024733997881412503
-0.035076700150966644
-0.08198559284210205
-0.07929486036300659
-0.04437857121229172
-0.05177563428878784
-0.07085178047418593
-0.045532532036304474
-0.05796221643686295
-0.09291451424360275
-0.08937561511993408
-0.04129279777407646
-0.045847442001104355
-0.039814248681068413
-0.037357304245233536
-0.04411662369966506
-0.10865859687328339
-0.05596737563610077
-0.04376935958862305
-0.07053704559803009
-0.07680469006299971
-0.05600709468126297
-0.06388430297374725
-0.07008151710033417
-0.04802314937114716
-0.046175401657819755
-0.04096304625272751
-0.06846452504396439
-0.06239614635705948
-0.05938900262117386
-0.07823462039232254
-0.029115930199623108
-0.0765640512108803
-0.04195689037442207
-0.056704431772232056
-0.05254501849412918
-0.03513827919960021
-0.06392933428287506
-0.043636247515678406
-0.028641603887081143
-0.06752394884824753
-0.0714406743645668
-0.05061399191617966
-0.010421567596495152
-0.03111350908875465
-0.08427101373672485
-0.05323900282382965
-0.09044675529003143
-0.04491391032934189
-0.05275504291057587
-0.09692970663309096
-0.06076832860708237
-0.02700921893119812
-0.04254674166440964
-0.05072544515132904
-0.07852992415428162
-0.05654296278953552
-0.03797498345375061
-0.06865553557872772
-0.057341769337654114
-0.04535116255283356
-0.031603701412677765
-0.09082587063312529
-0.03244353085756302
-0.027848847210407257
-0.018390707671642303
-0.043196558952331536
-0.03446409851312637
-0.045553006231784814
-0.08590698987245558
-0.08860021829605103
-0.11821916699409483
-0.07071731984615326
-0.05224624276161194
-0.031732555478811264
-0.07621519267559052
-0.09238860011100768
-0.06082578003406525
-0.05051229894161224
-0.06423966586589813
-0.03042535483837128
-0.031766831874847405
-0.07733587920665742
-0.1019456535577774
-0.04770300164818764
-0.04581539332866669
-0.07919377088546753
-0.036887068301439285
-0.02218608558177948
-0.06614077091217041
-0.08715268969535828
-0.07098707556724548
-0.03818689286708832
-0.08122138679027557
-0.05149587988853455
-0.06292784959077835
-0.0151388393715024
-0.00860763434320688
-0.03441917151212692
-0.05513339489698409
-0.025012806057929993
-0.05560924112796784
-0.02236669138073921
-0.06594710052013397
-0.03395947813987732
-0.028701454401016235
-0.061441533267498016
-0.07903444766998291
-0.05618180334568024
-0.023069337010383602
-0.07214380055665971
-0.07656490802764893
-0.043147299438714974
-0.05256563425064087
-0.05509939789772034
-0.060480289161205285
-0.026390068233013157
-0.0562700480222702
-0.045721881091594696
-0.01363388542085886
-0.03559471666812897
-0.10821488499641418
-0.07323151081800461
-0.07008813321590424
-0.08114215731620787
-0.06049373745918274
-0.05180477350950241
-0.04361658543348312
-0.01931745186448097
-0.06412273645401001
-0.04258215054869652
-0.03870782628655434
-0.03563781455159187
-0.04404231905937194
-0.048425815999507904
-0.07695356011390686
-0.043174415826797485
-0.061837881803512566
-0.037465985864400864
-0.05293350666761398
-0.03747061267495155
-0.06256435066461563
-0.01021446380764246
-0.0387517437338829
-0.05222941935062408
-0.06232067197561264
-0.018987070769071576
-0.08938738703727722
-0.06925506889820099
-0.0780625194311142
-0.05148317664861679
-0.09944348037242888
-0.09694179892539978
-0.06431972980499268
-0.04200831055641174
-0.06639381498098373
-0.08579082787036894
-0.09649129956960678
-0.053168624639511115
-0.03937423601746559
-0.08644638955593109
-0.04867091774940491
-0.05208074301481247
-0.10408414155244829
-0.08169274777173997
-0.0621693953871727
-0.04771401733160018
-0.03648008033633232
-0.0843253806233406
-0.058091267943382256
-0.06680872291326523
-0.053506657481193536
-0.04501674324274063
-0.09024728834629059
-0.01566765457391739
-0.03593885526061058
-0.03591004386544228
-0.07130959630012512
-0.07680562138557434
-0.05326306074857712
-0.05995767563581467
-0.026815515011548996
-0.03334178030490875
-0.0567721426486969
-0.10117258131504057
-0.05805294215679169
-0.08601073920726776
-0.03642111271619797
-0.06584121286869049
-0.05881348252296448
-0.051484361290931695
-0.03860406205058098
-0.07490122318267822
-0.07452540099620819
-0.092201828956604
-0.05722549557685852
-0.07037057727575302
-0.06179586052894592
-0.03378956764936447
-0.05241943895816802
-0.0489492267370224
-0.022256277501583096
-0.07871629297733305
-0.034385427832603455
-0.05345043540000916
-0.055823884904384606
-0.017398633062839508
-0.08262531459331512
-0.029278345406055447
-0.07733964920043945
-0.026613704860210415
-0.06757758557796478
-0.03623418509960175
-0.017311539500951767
-0.06720929592847824
-0.05237165093421936
-0.09637023508548737
-0.099270761013031
-0.07237084209918976
-0.0240086168050766
-0.048437997698783875
-0.09145060926675795
-0.011846103705465792
-0.07464633136987686
-0.04296659678220749
-0.05186883360147476
-0.052153609693050385
0.010799805633723736
-0.10043458640575408
-0.04525965079665184
-0.038797497749328606
-0.06746287643909454
-0.046027354896068566
-0.04454261809587479
-0.03869517892599106
-0.021320633590221405
-0.060816168785095215
-0.06704078614711761
-0.072380430996418
-0.04349523037672042
-0.03006253391504288
-0.07772707939147949
-0.05446898937225342
-0.04994925111532211
-0.04726604372262955
-0.07610206305980681
-0.032010294497013085
-0.0434119589626789
-0.027360595762729645
-0.06435517966747284
-0.08639315515756607
-0.03106026723980904
-0.03746404871344566
-0.08496430516242981
-0.0682172179222107
-0.06217613816261292
-0.05006439238786697
-0.020633332431316372
-0.05023401975631714
-0.0319526270031929
-0.0606691911816597
-0.0618525967001915
-0.03847001492977142
-0.032785315066576004
-0.04195331037044525
-0.05769199132919312
-0.04231942445039749
-0.04825975745916367
-0.04280039295554161
-0.044065430760383606
-0.06013785302639008
-0.043266691267490394
-0.05694303661584854
-0.0571056455373764
-0.03610863909125328
-0.07481327652931213
-0.053493283689022064
-0.08696641772985457
-0.06977659463882446
-0.06162041425704956
-0.03341060131788254
-0.0855192095041275
-0.1089341789484024
-0.044068753719329834
-0.08547515422105789
-0.046288274228572845
-0.0651802271604538
-0.05316941440105438
-0.0472148023545742
-0.05155213177204132
-0.06764990091323853
-0.06639295816421509
-0.05361203849315643
-0.07505294680595398
-0.06431417167186737
-0.045261528342962265
-0.1004912257194519
-0.0515572726726532
-0.08505544811487196
-0.0494488850235939
-0.038134030997753136
-0.04706854745745658
-0.07622016966342926
-0.03690483048558235
-0.02754421159625053
-0.07087938487529755
-0.05689941346645355
-0.06459356844425201
-0.06512331962585449
-0.04754193499684334
-0.06148204207420349
-0.07708965241909027
-0.061499089002609246
-0.035002663731575005
-0.069129079580307
-0.08370387554168701
-0.03910618647933006
-0.09134884923696517
-0.07864744961261749
-0.051200971007347114
-0.051779016852378845
-0.08611434698104857
-0.11216208338737488
-0.056058548390865326
-0.049494557082653046
-0.0493796169757843
-0.05655352026224136
-0.027608562260866165
-0.049490876495838165
-0.06949486583471298
-0.04734711349010468
-0.017856311053037643
-0.007443956099450589
-0.057186558842659
-0.04319430142641068
-0.05673685669898986
-0.08529762923717497
-0.0462958849966526
-0.047457851469516754
-0.051766976714134216
-0.061518043279647834
-0.0190725103020668
-0.061711810529232025
-0.05533064901828766
-0.09141397476196288
-0.06140971928834915
-0.0638592541217804
-0.05565594881772994
-0.07432036101818083
-0.06709301471710205
-0.0433497279882431
-0.04179651290178298
-0.04098694026470184
-0.05342686176300049
-0.08863374590873718
-0.046424128115177155
-0.049960099160671234
-0.08945794403553009
-0.03062682598829269
-0.034227557480335236
-0.04323888570070267
-0.07707490026950835
-0.04148380458354949
-0.05232958495616913
-0.03548332303762436
-0.019453316926956177
-0.06830139458179474
-0.0728529691696167
-0.03700698912143707
-0.016334332525730133
-0.054832279682159424
-0.054729364812374115
-0.05406229197978973
-0.08219056576490402
-0.004307189024984837
-0.035804808139801025
-0.06114032864570618
-0.12287251651287077
-0.07606790214776991
-0.06322839856147766
-0.0481613427400589
-0.0868191123008728
-0.05491835623979568
-0.044940508902072906
-0.02215281501412392
-0.0551193431019783
-0.04185063764452934
-0.05776118487119675
-0.04421550408005714
-0.0907238870859146
-0.031174078583717343
-0.03350868448615074
-0.04234474152326584
-0.09092186391353609
-0.06724838167428969
-0.07716108858585356
-0.05822719633579254
-0.053746551275253296
-0.0638219565153122
-0.04883340001106262
-0.039092764258384705
-0.06159162521362305
-0.059832602739334106
-0.08557063341140747
-0.0684405118227005
-0.06901352107524872
-0.053544677793979645
-0.02556651458144188
-0.090914249420166
-0.06543076038360596
-0.05388098210096359
-0.05825051665306091
-0.02349205315113068
-0.05796968936920167
-0.06097762286663056
-0.06749774515628815
-0.08362809568643571
-0.0902894139289856
-0.04526996985077857
-0.09214647114276885
-0.03912653028964996
-0.09696133434772493
-0.06615974009037018
-0.05899174511432648
-0.02225038781762123
-0.0745689645409584
-0.06850627809762955
-0.033834975212812424
-0.05482294410467148
-0.03790128976106644
-0.08874510973691939
-0.052670978009700775
-0.05800602585077286
-0.029382444918155674
-0.07024325430393219
-0.029240638017654415
-0.09843835979700089
-0.026287049055099487
-0.053690075874328606
-0.07797520607709885
-0.08496977388858795
-0.06585410237312317
-0.05354335904121399
-0.05833908915519714
-0.0532761737704277
-0.03587569668889046
-0.03927601501345634
-0.07785137742757797
-0.09693876653909683
-0.03336860239505768
-0.052218735218048096
-0.055043473839759834
-0.052850022912025445
-0.04800732061266899
-0.07463466376066208
-0.03467996418476105
-0.10174377262592316
-0.02561993896961212
-0.04108836129307746
-0.05701369792222977
-0.07465810328722
-0.0683683529496193
-0.09162390232086179
-0.05309591442346573
-0.002732808701694012
-0.03932642936706543
-0.05721259117126465
-0.07503951340913773
-0.054423362016677856
-0.05845251679420471
-0.05669362843036652
-0.05279753357172012
-0.05017796903848648
-0.08700287342071533
-0.04465901851654053
-0.03994433581829071
-0.04417010769248009
-0.060298070311546326
-0.05318864434957504
-0.05208081007003784
-0.05152486264705657
-0.05207665264606476
-0.052519433200359344
-0.05211968719959259
-0.03980223461985588
-0.03795217350125313
-0.04313787817955017
-0.06964272260665894
-0.041790012270212167
-0.055238492786884315
-0.05401008576154709
-0.04866965860128403
-0.04924578219652176
-0.02160871773958206
-0.09150320291519165
-0.06343422085046768
-0.06834931671619415
-0.04976817965507507
-0.05269787460565567
-0.031139377504587173
-0.03712712973356247
-0.04615684226155281
-0.07072600722312927
-0.03018999472260475
-0.037856321781873696
-0.06488735228776932
-0.08770176768302917
-0.01965200528502464
-0.06899687647819519
-0.044178105890750885
-0.05345476418733597
-0.04222146794199944
-0.020545065402984616
-0.03450370579957962
-0.019636303186416623
-0.03430735319852829
-0.07006866484880447
-0.0522935688495636
-0.04886215180158615
-0.10602717101573944
-0.08374194055795668
-0.06996142864227295
-0.03190258890390396
-0.0793781131505966
-0.05791245400905609
-0.05297849327325821
-0.019600801169872284
-0.07683564722537993
-0.08383834362030029
-0.056743748486042016
-0.05858373641967773
-0.04478315263986588
-0.06298582255840302
-0.06830007582902908
-0.013916761614382269
-0.030819620937108997
-0.03791744261980057
-0.05139575153589249
-0.06628410518169403
-0.0499962717294693
-0.05742182582616807
-0.04058900102972984
-0.026226483285427094
-0.034109558910131454
-0.08900785446166992
-0.06511577218770981
-0.07432080805301666
-0.06286418437957764
-0.03168332576751709
-0.039043400436639786
-0.0700385794043541
-0.07462652772665024
-0.04928743094205856
-0.08001162856817245
-0.021187290549278256
-0.08364519476890565
-0.06432585418224335
-0.029663581401109692
-0.10590578615665436
-0.042669590562582016
-0.08658994734287262
-0.10820691287517548
-0.07524877041578291
-0.04774922877550125
-0.03827774524688721
-0.030498411506414413
-0.05885865539312363
-0.032519906759262085
-0.07977203279733658
-0.09518413245677951
-0.06490267068147659
-0.040134023874998086
-0.061611562967300415
-0.06903138756752014
-0.07052928954362869
-0.1008256822824478
-0.10750750452280045
-0.07775050401687622
-0.06324885785579681
-0.008069639094173906
-0.07421351224184035
-0.031931716948747635
-0.049825504422187805
-0.08801121264696121
-0.0445917584002018
-0.041277773678302765
-0.051545105874538415
-0.038572758436203
-0.038011904805898666
-0.05374734848737717
-0.0498080849647522
-0.047309603542089455
-0.0573737621307373
-0.06420399993658066
-0.09969380497932434
-0.049284160137176514
-0.13856838643550873
-0.04397465661168098
-0.06383951008319855
-0.03619752079248428
-0.051815971732139594
-0.06512846052646637
-0.022084467113018036
-0.0526617020368576
-0.05093608796596527
-0.0612756684422493
-0.02361850067973137
-0.0420934185385704
-0.017958328127861023
-0.07249904423952103
-0.047710277140140527
-0.07455722987651825
-0.045839108526706696
-0.05308777093887329
-0.09210520982742307
-0.05608242005109786
-0.06336399167776108
-0.06727292388677597
-0.06151524186134338
-0.055359646677970886
-0.049865834414958954
-0.03581573814153671
-0.0470229908823967
-0.046209197491407394
-0.06921941041946411
-0.03540244698524475
-0.08264051377773285
-0.07734672725200653
-0.05945904552936553
-0.076113224029541
-0.040199968963861465
-0.06766071170568466
-0.05979553610086441
-0.003139371983706951
-0.02689683437347412
-0.06939423829317093
-0.06063872575759888
-0.06291130930185318
-0.08093501627445221
-0.05521134287118912
-0.07587273418903351
-0.06617483496665955
-0.055270783603191376
-0.08173245191574097
-0.028455540537834167
-0.03008510172367096
-0.09726881235837936
-0.06796323508024216
-0.02690695971250534
-0.03371604159474373
-0.06768198311328888
-0.05321858823299408
0.0012296587228775024
-0.03316538780927658
-0.008092553354799747
-0.060334816575050354
-0.04710113257169724
-0.022844813764095303
-0.050093725323677056
-0.02755002304911613
-0.040620200335979455
-0.08431570976972581
-0.07043342292308807
-0.0339946448802948
-0.06644448637962341
-0.05011838674545288
-0.07697434723377228
-0.026331856846809387
-0.06652525067329407
-0.08275049924850464
-0.05311589688062668
-0.07659052312374115
-0.039279818534851074
-0.05070553719997407
-0.0027523869648575783
-0.05981959402561188
-0.02147459238767624
-0.05325105041265488
-0.04994325339794159
-0.03911922872066498
-0.04577414318919182
-0.07506400346755981
-0.1118474304676056
-0.04997260868549346
-0.06865645945072174
-0.048978522419929504
-0.0693870410323143
-0.07240518927574156
-0.05892682075500488
-0.04408430680632591
-0.0270133838057518
-0.078262597322464
-0.04720524325966835
-0.050265304744243615
-0.06236676871776581
-0.06438516825437546
-0.06484045088291168
-0.06594808399677277
-0.03517117351293564
-0.04700704663991928
-0.06561167538166046
-0.06833101063966751
-0.0705704540014267
-0.08771077543497084
-0.05857087671756744
-0.025831513106822968
-0.07011068612337112
-0.0813104510307312
-0.029403902590274807
-0.07755499333143234
-0.02981514856219292
-0.023735910654067997
-0.05689318478107452
-0.07814920693635939
-0.04724260792136192
-0.06321272999048233
-0.08314376324415208
-0.09603229910135268
-0.04858192801475525
-0.03440031036734581
-0.052737340331077576
-0.06740237772464752
-0.03291924670338631
-0.0643681138753891
-0.04184797033667564
-0.05483920872211456
-0.035928450524806976
-0.06037064641714096
-0.014111925847828388
-0.03484312444925308
-0.04881460964679719
-0.06948672235012054
-0.050509244203567505
-0.0683164969086647
-0.07846151292324066
-0.08633892238140106
-0.04107154905796051
-0.0389888733625412
-0.13715477287769315
-0.07128251343965529
-0.06034719944000244
-0.07004515826702118
-0.03869175910949707
-0.04871595650911331
-0.03626720607280731
-0.0498182624578476
-0.050921134650707245
-0.06642778217792511
-0.04805273562669753
-0.055887922644615166
-0.025697145611047745
-0.06332594156265259
-0.06989192962646484
-0.04492473229765892
-0.041112001985311515
-0.031109608709812164
-0.06421825289726257
-0.05706069618463516
-0.08126921951770782
-0.06540462374687195
-0.05456290394067764
-0.10017116367816924
-0.07251328229904176
-0.0599541962146759
-0.03354080021381378
-0.03814055398106575
-0.07590040564537048
-0.03985097259283066
-0.00014057662338018415
-0.07386323809623718
-0.05066791921854019
-0.05725645273923874
-0.05508943647146225
-0.06331274658441544
-0.024059370160102844
-0.09840839356184003
-0.058859385550022125
-0.02802455425262451
-0.08971773087978363
-0.048579934984445565
-0.013872784562408924
-0.08604811131954193
-0.07203793525695801
-0.05061127990484238
-0.03834249079227448
-0.05505944788455963
-0.03516693413257599
-0.04159357398748398
-0.09219831973314285
-0.056056126952171326
-0.05175293236970901
-0.04642528295516968
-0.06035174429416656
-0.0453374832868576
-0.010072541423141956
-0.05802903324365616
-0.0562623143196106
-0.04003172367811203
-0.04107150807976723
-0.08165733516216278
-0.09031071513891219
-0.03238961845636368
-0.06937708705663681
-0.08127911388874054
-0.038987550884485245
-0.03437602519989014
-0.052514903247356415
-0.050386227667331696
-0.06356536597013474
-0.02907842770218849
-0.05088838189840317
-0.07852424681186675
-0.09575416892766953
-0.06736573576927185
-0.09033814817667007
-0.07122378051280975
-0.07203284651041031
-0.03735918551683426
-0.06503620743751526
-0.066062331199646
-0.07552896440029144
-0.07361608743667601
-0.0415276363492012
-0.05385299026966095
-0.06603911519050598
-0.05652544647455216
-0.07819221913814545
-0.05374143272638321
-0.03595145791769028
-0.03910694643855095
-0.06258749961853027
-0.02841624990105629
-0.025309816002845764
-0.03198222070932388
-0.07376088201999664
-0.05350179970264434
-0.05820809304714202
-0.04753056913614273
-0.03420007973909378
-0.0841103047132492
-0.06855791807174683
-0.026915304362773892
-0.03257502242922783
-0.0916282758116722
-0.04336630180478096
-0.022167742252349854
-0.06530984491109848
-0.09490519762039185
-0.08603346347808838
-0.03627374768257141
-0.06521059572696686
-0.06534689664840698
-0.02914953976869583
-0.05378653109073639
-0.07679727673530577
-0.10114285349845886
-0.07233881205320358
-0.07373263686895369
-0.06863941997289658
-0.06201016902923584
-0.10250535607337952
-0.03597016632556915
-0.04621138423681259
-0.02074100822210312
-0.07957753539085388
-0.044318661093711846
-0.0390624813735485
-0.050600014626979835
-0.039916783571243286
-0.04705636203289032
-0.0797513872385025
-0.05162982642650604
-0.02984173223376274
-0.03004660457372665
-0.015393526293337343
-0.05176819115877152
-0.058231957256793976
-0.054505333304405205
-0.031173348426818848
-0.03573745116591453
-0.07298429310321808
-0.04709252715110778
-0.0406985878944397
-0.04131745919585228
-0.06024378538131714
-0.013541500084102152
-0.02078999951481819
-0.06875720620155334
-0.06079084426164627
-0.054178237915039056
-0.018285874277353287
-0.028665099292993546
-0.05054032802581787
-0.06271544098854065
-0.08173347264528273
-0.04643053933978081
-0.0582459419965744
-0.06603667140007019
-0.02744058892130852
-0.0858200266957283
-0.046780232340097434
-0.04404935985803604
-0.07826739549636842
-0.06975451856851578
-0.08026883006095886
-0.06668802350759506
-0.06155681610107422
-0.06943677365779877
-0.03512158989906311
-0.04229005426168442
-0.059335023164749146
-0.03035423159599304
-0.07042187452316284
-0.05830155313014984
-0.05735856294631959
-0.049787968397140496
-0.094936303794384
-0.07646942138671875
-0.06825843453407288
-0.10007665306329729
-0.04266498237848282
-0.039552319794893265
-0.07702526450157164
-0.05602180957794189
-0.012827341444790363
-0.08225066214799881
-0.057742178440094
-0.05830228328704833
-0.05979840457439423
-0.035997290164232254
-0.05889996886253357
-0.034290969371795654
-0.04996787011623383
-0.05910024791955948
-0.03877061605453491
-0.07906488329172134
-0.015687480568885803
-0.0559488981962204
-0.04654493182897568
-0.06248749047517776
-0.04533237218856812
-0.06851046532392502
-0.05900512635707855
-0.054969482123851776
-0.06822220236063004
-0.0429346039891243
-0.0855075865983963
-0.05927661061286926
-0.04994624108076096
-0.04991194605827332
-0.03857286274433136
-0.04679199308156967
-0.03592783212661743
-0.026414886116981503
-0.06509720534086227
-0.05528667569160461
-0.050814643502235406
-0.05200650542974472
-0.06074056029319763
-0.05809324979782104
-0.032545823603868484
-0.05551717430353165
-0.06606164574623108
-0.025870494544506076
-0.057393625378608704
-0.04515324532985687
-0.08553403615951538
-0.07116036117076874
-0.06350730359554291
-0.05876713991165161
-0.06622378528118134
-0.0978597104549408
-0.050980180501937866
-0.02700433507561684
-0.0959387049078941
-0.05445688962936401
-0.060421086847782135
-0.07464402914047241
-0.08237825334072113
-0.04427207261323929
-0.04274661093950272
-0.039504848420619965
-0.0737531930208206
-0.06672192364931107
-0.07490450888872145
-0.08340182900428773
-0.05695797502994537
-0.042824648320674896
-0.05959805101156235
-0.06533636152744293
-0.05857248604297638
-0.04833032190799713
-0.03100867569446564
-0.06069862097501754
-0.0658978745341301
-0.029961176216602325
-0.02243058755993843
-0.0921647846698761
-0.01862270385026932
-0.0790831595659256
-0.0540202260017395
-0.07203400135040283
-0.056829668581485755
-0.06919219344854355
-0.13522793352603912
-0.05950718373060226
-0.014031344093382359
-0.04729735106229782
-0.03958495706319809
-0.031009230762720108
-0.06168074905872345
-0.04991989582777023
-0.044530034065246575
-0.06064603477716446
-0.06297934055328369
-0.04974570870399475
-0.06584873795509337
-0.04678943008184433
-0.09080514311790465
-0.05812397599220276
-0.0847266912460327
-0.05647207051515579
-0.053103573620319366
-0.05509839951992034
-0.0677063837647438
-0.07941882312297821
-0.03730747848749161
-0.04671776294708252
-0.09207063913345337
-0.06543862819671631
-0.06028072535991669
-0.07650063186883926
-0.05049256980419159
-0.05922810733318329
-0.04710303992033005
-0.07561484724283217
-0.035164974629879
-0.04748013615608215
-0.07415815442800522
-0.05025482922792435
-0.03367742896080017
-0.03685031086206436
-0.03692115098237991
-0.04927852749824524
-0.062160104513168335
-0.05850508064031601
-0.057887449860572815
-0.022309523075819012
-0.06364184617996216
-0.07529734075069427
-0.0680496096611023
-0.04081895574927329
-0.06348909437656403
-0.10310267657041548
-0.05085498094558716
-0.03180629760026932
-0.06463049352169037
-0.04355162754654884
-0.0770551860332489
-0.02367270737886429
-0.01646539941430092
-0.04334807023406029
-0.07322236895561218
-0.0513988807797432
-0.09864981472492218
-0.03543151915073395
-0.06607671082019806
-0.05226850509643555
-0.05847518891096115
-0.05388536304235458
-0.08312467485666275
-0.07358436286449432
-0.04154807329177856
-0.033888742327690125
-0.04939217120409012
-0.03326333314180374
-0.04602020978927612
-0.05250664800405502
-0.04949036240577698
-0.04405320435762405
-0.04905464500188828
-0.05676593631505966
-0.03863007575273514
-0.05878511071205139
-0.06770347058773041
-0.05785197764635086
-0.08479510247707368
-0.04511744529008865
-0.04930324852466583
-0.059073686599731445
-0.009434514679014681
-0.07962562143802643
-0.05418503284454346
-0.04765971750020981
-0.04804861545562744
-0.05222325772047042
-0.027507223188877106
-0.047389499843120575
-0.04064487665891647
-0.06220805644989014
-0.05066926777362824
-0.04268407076597214
-0.05872818827629089
-0.05388721823692322
-0.02967657893896103
-0.03783505782485008
-0.04271054267883301
-0.05103409290313721
-0.021740563213825222
-0.07503411173820494
-0.0709623321890831
-0.10695186257362364
-0.07295031845569609
-0.018144041299819943
-0.08334346860647202
-0.06971929967403412
-0.07302045077085496
-0.07939592003822327
-0.06027542054653168
-0.045020274817943566
-0.04678799584507942
-0.06525493413209915
-0.07965017110109329
-0.04586288705468178
-0.03929022699594498
-0.03377927094697952
-0.049146801233291626
-0.06885609030723572
-0.05133426934480667
-0.0868164151906967
-0.07403861731290817
-0.05071984976530075
-0.07097236067056656
-0.058452442288398736
-0.015821192413568497
-0.052641697227954865
-0.05987673997879028
-0.059331178665161126
-0.05046269297599792
-0.04766596108675003
-0.07268485426902771
-0.04742526262998581
-0.07950568199157715
-0.01602314785122871
-0.0709824487566948
-0.05367618799209595
-0.03710641711950302
-0.06338493525981903
-0.042932003736495965
-0.06300272047519684
-0.05615276843309402
-0.06999176740646361
-0.034908220171928406
-0.05003930628299713
-0.06540217250585556
-0.0461583100259304
-0.05458271503448486
-0.07518643885850905
-0.08624108135700227
-0.05228804796934128
-0.0625358372926712
-0.04099265486001968
-0.02023351565003395
-0.06412172317504883
-0.06579549610614777
-0.07095113396644592
-0.09129869937896729
-0.016821376979351044
-0.06756036728620529
-0.06823259592056273
-0.0511564165353775
-0.07139261811971664
-0.03282037377357483
-0.030196633189916607
-0.028776191174983975
-0.03827325254678726
-0.040676899254322045
-0.028035897761583328
-0.03313414752483368
-0.012000256218016148
-0.03923609480261803
-0.033698104321956635
-0.0587419718503952
-0.07664725184440611
-0.0377730131149292
-0.05027511715888977
-0.10447525978088378
-0.034546226263046265
-0.060001105070114136
-0.045443348586559296
-0.036896593868732445
-0.04271598905324936
-0.06223419308662415
-0.04659552872180939
-0.06902043521404265
-0.07056555151939392
-0.06385704129934311
-0.0418248139321804
-0.053290702402591705
-0.073219895362854
-0.06696812808513641
-0.06013563275337219
-0.06747346371412277
-0.08709105104207993
-0.03910678252577782
-0.05223913490772247
-0.0722539871931076
-0.037903495132923126
-0.06798180937767029
-0.08482537418603897
-0.02477641031146049
-0.05653269588947296
-0.07633141428232193
-0.04831729084253311
-0.07319684326648712
-0.05279549956321716
-0.0437384694814682
-0.05540470778942108
-0.1091477796435356
-0.05199479311704636
-0.0668993592262268
-0.02331806719303131
-0.021097287535667416
-0.06514525413513184
-0.021492093801498413
-0.04629720374941826
-0.07939252257347107
-0.05605943500995636
-0.07179488241672516
-0.07173323631286621
-0.06569243222475052
-0.0637604221701622
-0.01972995698451996
-0.02184969931840897
-0.05969634652137756
-0.05662935972213745
-0.02159270271658897
-0.05936458706855774
-0.04351145774126053
-0.07975657284259795
-0.04909636825323105
-0.06777766346931458
-0.054994866251945496
-0.04386474192142487
-0.040743164718151086
-0.027649953961372372
-0.03418000787496567
-0.08334508538246153
-0.08864928036928175
-0.052574798464775085
-0.04017330706119537
-0.07437403500080109
-0.04079300165176392
-0.05179278552532196
-0.04222911223769188
-0.04059892892837525
-0.06662288308143616
-0.08246118575334549
-0.04046094045042992
-0.05622595548629761
-0.08477307111024857
-0.06972171366214752
-0.06650306284427643
-0.05145205557346344
-0.05072332918643952
-0.04638464376330376
-0.04867023229598999
-0.07505607604980467
-0.06025430560112
-0.05783636868000031
-0.05340021848678589
-0.06552569568157196
-0.04438280314207077
-0.045856550335884094
-0.04148948937654495
-0.02593050897121429
-0.0686601921916008
-0.036161914467811584
-0.0515555813908577
-0.019451655447483063
-0.04485011100769042
-0.03457101434469223
-0.06041969358921051
-0.07067150622606277
-0.09599222242832185
-0.008183558471500874
-0.05589236319065093
-0.08008453249931334
-0.0689864456653595
-0.09163706004619598
-0.045821402221918106
-0.08239622414112091
-0.05556043982505798
-0.05300884693861008
-0.06496594846248627
-0.034316033124923706
-0.0722386986017227
-0.04095418006181717
-0.08490485697984694
-0.07757107168436049
-0.021261524409055706
-0.015413844026625156
-0.07222403585910797
-0.04443544149398804
-0.05240468680858612
-0.03885336220264434
-0.038612551987171166
-0.06139805167913437
-0.05915306508541107
-0.08286942541599274
-0.07154381275177002
-0.07638642936944962
-0.051424771547317505
-0.05969471484422684
-0.054901883006095886
-0.05585760623216629
-0.08020953088998793
-0.05755729228258133
-0.053562961518764496
-0.04476042836904526
-0.07238543033599852
-0.07700036466121674
-0.04523614794015884
-0.03258682042360306
-0.05389239639043808
-0.02041608467698097
-0.04929989576339722
-0.05431623011827469
-0.039678853005170815
-0.09000352770090102
-0.07698655128479005
-0.07524571567773819
-0.047455750405788415
-0.06997616589069366
-0.059678763151168816
0.003194325603544712
-0.016899481415748596
-0.06648086756467819
-0.0548568069934845
-0.010500882752239704
-0.06278803944587708
-0.06506352126598358
-0.06624852865934372
-0.05083096772432327
-0.049865543842315674
-0.029869593679904934
-0.0437849797308445
-0.05039678514003754
-0.0688207820057869
-0.08446488529443741
-0.07949614524841309
-0.049108929932117455
-0.04655927419662476
-0.04815147444605827
-0.0650712251663208
-0.07120652496814728
-0.04808344319462776
-0.05191749334335327
-0.05843382328748703
-0.07331012934446336
-0.07309921085834502
-0.035828135907649994
-0.06301427632570267
-0.0829794630408287
-0.026379637420177456
-0.061543166637420654
-0.0543929934501648
-0.04463153705000877
-0.05723056197166442
-0.06505933403968811
-0.07185839861631393
-0.07804681360721587
-0.05400663614273071
-0.1111026257276535
-0.030259605497121807
-0.07227806746959686
-0.05609254539012909
-0.03817073255777359
-0.03701357543468475
-0.048334546387195594
-0.0731409266591072
-0.04794543609023094
-0.08748039603233337
-0.05415593087673187
-0.07806877791881561
-0.05586235225200653
-0.060881733894348145
-0.08993564546108246
-0.04110008478164673
-0.06893935054540634
-0.05224114656448364
-0.050349049270153046
-0.0885130912065506
-0.07782638072967529
-0.10910993069410324
-0.08628291636705399
-0.02360299974679947
-0.040256284177303314
-0.04352276772260666
-0.08207575976848601
-0.060605183243751526
-0.05844472348690033
-0.03848221153020858
-0.06100805103778839
-0.06288513541221619
-0.06669761240482329
-0.06970764696598053
-0.06285902112722397
-0.032996296882629395
-0.06208537518978119
-0.07915008068084717
-0.060724198818206794
-0.06250093877315521
-0.04083576798439026
-0.01307068858295679
-0.0283544585108757
-0.04647258669137955
-0.04554445296525955
-0.0756436288356781
-0.09478583186864853
-0.05103518068790436
-0.07127664983272552
-0.03889108449220657
-0.042815528810024255
-0.06821199506521225
-0.09170129895210266
-0.09633482247591017
-0.06091572344303131
-0.02352176606655121
-0.04210879281163216
-0.08221860975027084
-0.0450579971075058
-0.012345031835138796
-0.06656880676746368
-0.07279584556818008
-0.058715902268886566
-0.04180873930454254
-0.07082553207874298
-0.0034141736105084415
-0.005626392550766468
-0.06877559423446655
-0.03429419919848442
-0.07419341057538986
-0.07144583761692047
-0.006511964835226536
-0.06555348634719849
-0.07003225386142731
-0.06734491884708405
-0.03040856495499611
-0.02852071076631546
-0.051876425743103034
-0.09191930294036864
-0.08631062507629393
-0.07773840427398682
-0.035627175122499466
-0.02117878943681717
-0.05646353960037232
-0.0805612877011299
-0.06838247925043106
-0.025350265204906464
-0.03647669404745102
0.003566897474229336
-0.04042050242424011
-0.04515543580055237
-0.06109342724084854
-0.07563086599111557
-0.06244971603155136
-0.08074869215488435
-0.043359264731407166
-0.06737087666988373
-0.029819417744874958
-0.060605213046073914
-0.0332791693508625
-0.07851152867078781
-0.08745770156383513
-0.06222841888666153
-0.08551158010959625
-0.07848688215017319
-0.052761904895305634
-0.049349963665008545
-0.052835285663604736
-0.0670207142829895
-0.06180772185325623
-0.05531884729862213
-0.05468025803565979
-0.03393472731113434
-0.060874029994010925
-0.05644625425338745
-0.04633940383791924
-0.03435610234737396
-0.05558831244707108
-0.03608015924692154
-0.03834111988544464
-0.06380075216293335
-0.05716690421104431
-0.06870128214359283
-0.0756518244743347
-0.04871174693107605
-0.04499313235282897
-0.035041287541389465
-0.04858776181936264
-0.08674252778291702
-0.06366636604070663
-0.060475699603557594
-0.038029711693525314
-0.039941281080245965
-0.08224231749773026
-0.02740265429019928
-0.06837324053049088
-0.09342227876186371
-0.016019336879253387
-0.04388276487588882
-0.04142808169126511
-0.05286207050085068
-0.05243704468011856
-0.059532225131988525
-0.07458455860614777
-0.07381190359592436
-0.09971144795417784
-0.07484830170869827
-0.06568343937397003
-0.044921599328517914
-0.045912254601717
-0.06135544180870056
-0.02853380888700485
-0.04019341617822647
-0.09306649863719939
-0.012593471445143223
-0.06751234084367752
-0.030860789120197296
-0.05161558836698532
-0.05114440619945526
-0.057678349316120155
-0.08580057322978973
-0.060813650488853455
-0.0302276611328125
-0.04748371243476868
-0.029755637049674988
-0.06148133426904678
-0.04095524922013282
-0.0457516610622406
-0.08772931993007661
-0.02169571444392204
-0.06099165976047516
-0.050105728209018714
-0.056448206305503845
-0.06885712593793869
-0.033985041081905365
-0.021061114966869358
-0.07330674678087233
-0.0402953214943409
-0.05940727144479752
-0.02726898342370987
-0.07967302203178404
-0.09428846091032028
-0.05672382563352585
-0.002629510127007961
-0.08272165805101393
-0.03276322782039642
-0.06556817889213562
-0.09826540946960448
-0.09372590482234953
-0.06231409311294556
-0.07001142203807831
-0.0753975138068199
-0.05790076404809952
-0.029307980090379715
-0.04986852407455444
-0.06465698778629303
-0.08356635272502899
-0.10922938585281372
-0.0429382249712944
-0.001881313510239124
-0.04641503095626831
-0.05825452506542206
-0.05104251950979233
-0.07365848869085312
-0.08244606852531433
-0.051549583673477166
-0.027397841215133664
-0.07157808542251587
-0.05676655471324921
-0.05718350410461426
-0.019715815782547
-0.05593183636665344
-0.03694071620702744
-0.10330810397863388
-0.0390954278409481
-0.0576869547367096
-0.0444646030664444
-0.02528652548789978
-0.057325124740600586
-0.05768556147813797
-0.03892948850989342
-0.04943913221359253
-0.05831049382686615
-0.07314541935920715
-0.05639474093914032
-0.03099158406257629
-0.06405790150165558
-0.07022615522146225
-0.06692742556333542
-0.042164817452430725
-0.07323095947504044
-0.09118597209453583
-0.05844535678625106
-0.06991488486528397
-0.0518634021282196
-0.053614899516105645
-0.05798941850662232
-0.0815650001168251
-0.0654713362455368
-0.05726833641529083
-0.05207956582307816
-0.04323061928153039
-0.05595570802688599
-0.04065176099538803
-0.03641393780708313
-0.058608800172805786
-0.12056049704551695
-0.06037768721580505
-0.03171923756599426
-0.07282973825931549
-0.037742979824543
-0.05625673383474349
-0.06655829399824142
-0.06837604939937592
-0.09483884274959564
-0.02704799175262451
-0.06882954388856888
-0.017084818333387375
-0.031631313264369965
-0.06608917564153671
-0.09327828884124756
-0.07341252267360686
-0.03538054972887039
-0.08312530070543289
-0.05160550773143768
-0.07837924361228944
-0.0369115062057972
-0.0411231741309166
-0.061456270515918725
-0.07244662195444107
-0.047827303409576416
-0.012977403588593006
-0.049507513642311096
-0.052749089896678925
-0.04691646620631217
-0.020057573914527893
-0.05267038941383362
-0.08579409122467041
-0.050456903874874115
-0.031314026564359665
-0.04586280137300491
-0.054402947425842285
-0.009470176883041857
-0.05747831612825394
-0.034760959446430206
-0.06453105062246323
-0.06150609999895096
-0.02056027203798294
-0.05109734833240509
-0.013029311783611774
-0.04887072741985321
-0.057061076164245605
-0.05552805960178375
-0.0567018911242485
-0.058255091309547424
-0.06060602515935898
-0.057645931839942925
-0.07663223147392273
-0.03981098532676697
-0.006385215558111668
-0.07927575707435608
-0.0577385202050209
-0.06165414303541184
-0.06897855550050735
-0.03107735514640808
-0.06892936676740646
-0.08636321872472763
-0.09657964110374449
-0.024086177349090576
-0.04200732707977295
-0.06801234185695648
-0.07383105158805846
-0.0432739183306694
-0.058840863406658166
-0.03356843814253807
-0.02008725702762604
-0.05893771350383759
-0.05349031835794449
-0.048404354602098465
-0.05601611733436584
-0.04810024797916412
-0.09102217853069304
-0.04166674613952637
-0.04474757239222527
-0.018361911177635193
-0.06768645346164703
-0.05369843542575836
-0.1015489250421524
-0.07922953367233276
-0.08293433487415314
-0.07746830582618713
-0.07459281384944916
-0.06041035056114197
-0.04844031482934952
-0.08448512107133865
-0.0945550426840782
-0.035395100712776184
-0.02388451248407364
-0.04828765243291855
-0.07289601862430573
-0.023524038493633274
-0.0583391711115837
-0.07149077206850052
-0.05341427773237228
-0.03398068994283676
-0.062032982707023614
-0.03737042099237441
-0.04746724665164948
-0.07320185750722885
-0.043972991406917565
-0.03589364141225815
-0.06407016515731812
-0.05864042043685913
-0.03660470992326736
-0.05729356408119202
-0.06020241975784302
-0.02502994239330292
-0.0381019189953804
-0.06968730688095093
0.001721380278468132
-0.04099661856889725
-0.06565841287374496
-0.037139855325222015
-0.05369424819946289
-0.04047511145472527
-0.053316965699195855
-0.009834072552621363
-0.020627494901418682
-0.05647221207618713
-0.06033926457166672
-0.04032335057854653
-0.09954459965229033
-0.021577153354883197
-0.05051630735397338
-0.04791821539402008
-0.03858575597405434
-0.033831994980573654
-0.014215885661542416
-0.07293829321861267
-0.04455942288041114
-0.0417434461414814
-0.07572688162326813
-0.07955230772495268
-0.0546996220946312
-0.050592511892318726
-0.010033841244876385
-0.05994856357574463
-0.0802478939294815
-0.0578526109457016
-0.024474650621414185
-0.10157389938831328
-0.07073740661144257
-0.07762236148118973
-0.0281236469745636
-0.026382349431514737
-0.09100159257650375
-0.043122511357069016
-0.06475208699703217
-0.06571821868419647
-0.07472085952758789
-0.038760386407375336
-0.06002604216337204
-0.05425329506397247
-0.05421119183301926
-0.03300657123327255
-0.09183526039123537
0.010986794717609882
-0.028572656214237213
-0.06303753703832625
-0.029543083161115646
-0.05410047620534897
-0.04201454669237137
-0.0793573781847954
-0.06352955102920532
-0.051023080945014954
-0.06040957570075989
-0.05351321399211884
-0.07181431353092194
-0.06569721549749374
-0.07189890742301941
-0.08009137958288191
-0.05455414950847626
-0.043207064270973206
-0.0748036652803421
-0.05240151286125183
-0.03697715699672698
-0.05645883083343506
-0.08270543068647385
-0.06404617428779602
-0.05532863736152649
-0.0222436897456646
-0.04230939596891403
-0.05068555474281311
-0.0689450055360794
-0.059409923851490014
-0.04414548724889755
-0.009578465484082697
-0.042358845472335815
-0.040187433362007134
-0.02719469368457794
-0.12091416120529173
-0.03296906501054764
-0.03307073935866356
-0.057464353740215295
-0.06535254418849945
-0.06753744930028915
-0.038085836917161935
-0.03431404381990433
-0.08630171418190001
-0.07834433764219283
-0.07159885764122009
-0.04897017031908035
-0.0549669936299324
-0.047245629131793976
-0.03996371105313301
-0.045869119465351105
-0.07080072164535521
-0.04351518303155899
-0.04936499893665314
-0.04884204268455505
-0.043425194919109344
-0.07900285720825195
-0.030425965785980225
-0.07707253098487854
-0.052887611091136925
-0.07999636977910995
-0.06906774640083313
-0.04743726179003716
-0.07362772524356842
-0.02001284807920456
-0.03998898714780808
-0.06521245837211609
-0.07688695192337036
-0.08261869847774506
-0.008847749792039394
-0.10318946838378906
-0.04844559356570244
-0.06481869518756865
-0.06187833845615386
-0.05800929665565491
-0.01994282752275467
-0.03022337704896927
-0.04330914467573166
-0.044950909912586205
-0.06885696947574615
-0.011815992183983324
-0.02397933602333069
-0.05128087103366852
-0.04530137404799461
-0.09181170165538788
-0.04750080034136772
-0.07117008417844772
-0.059893012046813965
-0.05833131074905396
-0.07326542586088179
-0.04925309121608734
-0.015862204134464264
-0.05215682089328766
-0.07063235342502594
-0.07433003187179565
-0.05929054319858551
-0.054921790957450874
-0.07101830840110779
-0.11009296029806136
-0.04621750488877296
-0.062059909105300896
-0.0648769736289978
-0.049991801381111145
-0.05038141459226608
-0.03672222048044205
-0.08668039739131926
-0.07265040278434753
-0.05076576769351959
-0.09398220479488371
-0.06558375060558319
-0.008922903798520565
-0.05217254161834717
-0.08544721454381943
-0.0819888263940811
-0.07102824747562408
-0.07331358641386032
-0.06676402688026428
-0.05428063124418259
-0.07348731160163878
-0.07332177460193634
-0.06332005560398102
-0.06585413217544556
-0.03788246586918831
-0.05064152926206589
-0.06723906844854355
-0.04255811870098113
-0.039557211101055145
-0.07509300112724304
-0.06827807426452637
-0.05901359021663666
-0.10825051367282867
-0.0968640297651291
-0.04907815158367157
-0.024856142699718475
-0.0628396049141884
-0.0758526548743248
-0.05472235381603241
-0.04740568995475769
-0.0638844221830368
-0.07022828608751297
-0.07326628267765045
-0.05529990047216416
-0.05077998340129852
-0.08554795384407043
-0.08608410507440567
-0.06777948886156082
-0.08737055212259293
-0.04691169410943985
-0.06909732520580292
-0.030935365706682205
-0.06936012953519821
-0.02201097831130028
-0.04152405634522439
-0.06469898670911789
-0.05501425266265869
-0.04331962391734123
-0.032126862555742264
-0.04777868092060089
-0.08020740002393721
-0.06163723766803741
-0.04161142185330391
-0.038064539432525635
-0.09767980128526688
-0.04992283880710602
-0.05885277688503265
-0.05554836988449097
-0.050504311919212334
-0.06389603018760681
-0.05810994654893875
-0.07811220735311507
-0.04898759722709656
-0.09835029393434525
-0.02794384583830833
-0.04750058427453041
-0.05563536286354065
-0.05570460855960845
-0.04974572360515594
-0.03785455971956253
-0.02339215576648712
-0.04285060986876488
-0.031096979975700375
-0.07186858355998993
-0.008564000017940998
-0.08486593514680862
-0.04177292063832283
-0.06710390746593475
-0.04686327278614044
-0.04773784801363945
-0.08305837959051132
-0.05716696381568909
-0.01892194896936417
-0.08009052276611328
-0.03937940299510956
-0.03272503614425659
-0.07851595431566238
-0.07319624722003935
-0.06358915567398071
-0.05290594696998596
-0.06825776398181915
-0.023887295275926586
-0.058747753500938416
-0.04307792708277702
-0.06227519363164902
-0.06762182712554932
-0.047443047165870667
-0.04261439666152
-0.08575402200222014
-0.05460099130868912
-0.04222932830452919
-0.08686156570911406
-0.08184454590082169
-0.031678833067417145
-0.0580625906586647
-0.055304989218711846
-0.02555833011865616
-0.07701101899147034
-0.04129263013601303
-0.09674467146396638
-0.022601485252380368
-0.08358936011791229
-0.040114276111125946
-0.04346730560064316
-0.041469771414995193
-0.04730804264545441
-0.05620631575584412
-0.07160697877407074
-0.06551481038331985
-0.019477456808090206
-0.07778381556272505
-0.06148277968168259
-0.07849476486444473
0.006566491909325123
-0.03568440303206444
-0.06882688403129578
-0.07723414152860641
-0.06471196562051773
-0.08472002297639847
-0.03616815805435181
-0.049679160118103034
-0.06812034547328949
-0.08176270127296446
-0.05446641892194748
-0.03245719522237778
-0.0725947767496109
-0.041422374546527856
-0.029530610889196396
-0.032743193209171295
-0.05968861281871796
-0.06926988065242767
-0.10850346088409424
-0.08389136940240861
-0.05775189399719238
-0.08756801486015318
-0.022720851004123688
-0.04539915919303895
-0.06202568113803864
-0.06806056946516037
-0.02997130900621414
-0.06042016297578812
-0.05450400710105896
-0.09398036450147629
-0.09501346200704575
-0.06256075203418732
-0.03621168062090874
-0.02761530876159668
-0.041537106037139886
-0.042263343930244446
-0.03159673511981964
-0.08336537331342697
-0.020783565938472748
-0.04345184937119484
-0.06901410222053528
-0.04517550766468048
-0.09768377244472504
-0.05062350630760193
-0.05107610672712327
-0.05902935564517975
-0.03021124750375748
-0.08584780991077422
-0.09139151871204376
-0.08908607065677641
-0.049988627433776855
-0.03284139186143875
-0.028450120240449905
-0.07806794345378876
-0.04732704907655716
-0.047148283571004874
-0.10168582946062088
-0.056579455733299255
-0.061900563538074486
-0.04558591544628143
-0.05303642898797989
-0.01679294928908348
-0.020104996860027317
-0.08129236102104187
-0.04088171571493149
-0.06658473610877991
-0.08208756893873215
-0.030962619930505753
-0.0516287088394165
-0.058414354920387275
-0.05461935698986053
-0.06037738919258118
-0.07154493778944016
-0.018192499876022335
-0.06914761662483215
-0.034210868179798126
-0.008474496193230152
-0.06309033930301666
-0.053419649600982666
-0.051962777972221375
-0.04294956475496292
-0.07456301152706146
-0.08964268118143082
-0.10717664659023284
-0.0684528574347496
-0.04754352569580078
-0.06477072089910507
-0.08332142233848572
-0.03997176885604858
-0.05447584390640258
-0.04704155772924423
-0.06794053316116333
-0.04172502458095551
-0.04847738891839981
-0.0795091986656189
-0.06720711290836334
-0.08236046135425566
-0.033633507788181305
-0.06532607972621918
-0.06793253868818283
-0.026242263615131375
-0.025054484605789185
-0.04021630808711052
-0.03967147320508957
-0.057772360742092126
-0.0698932558298111
-0.03570322319865227
-0.07522144168615341
-0.04401380568742752
-0.04368816688656807
-0.01042309869080782
-0.05454390496015549
-0.06137436628341674
-0.05450439453125
-0.01757051795721054
-0.05510801821947098
-0.04446133226156235
-0.06746725738048553
-0.08708137273788451
-0.05281290411949158
-0.0866856575012207
-0.03440695255994797
-0.06761494278907776
-0.03199131786823273
-0.07525901496410371
-0.03952882066369057
-0.07812662422657013
-0.04517507925629616
-0.048634838312864304
-0.0611153170466423
-0.048570457845926285
-0.04779508709907532
-0.08952993154525757
-0.05854911357164383
-0.06450758874416351
-0.035536810755729675
-0.10214157402515411
-0.04066276922821999
-0.027965739369392395
-0.07017873227596283
-0.04500904306769371
-0.078131765127182
-0.04499872028827667
-0.0485730953514576
-0.025612168014049527
-0.06844903528690338
-0.06365522742271423
-0.06502428650856018
-0.043821129947900765
-0.07466602325439453
-0.03076174110174179
-0.05823111534118652
-0.04962421953678131
-0.08318415284156798
-0.05075208842754364
-0.0863911509513855
-0.0462668165564537
-0.09546050429344176
-0.02810317277908325
-0.03234358876943588
-0.0465247817337513
-0.08165034651756287
-0.062081634998321526
-0.0579293817281723
-0.017990589141845703
-0.047565728425979614
-0.09418134391307831
-0.04181315004825592
-0.08356663584709166
-0.08075734972953795
-0.03866288810968399
-0.07221482694149017
-0.05118432641029358
-0.048589438199996955
-0.0995113104581833
-0.05955620110034943
-0.05479432642459869
-0.036041177809238434
-0.06308023631572723
-0.08139333128929138
-0.03626924008131027
-0.044066768139600754
-0.03091595321893692
-0.0688382089138031
-0.04978946596384048
-0.06298612058162689
-0.06484404951334
-0.03966083377599716
-0.05628073215484619
-0.07038761675357819
-0.08046837151050566
-0.020277500152587887
-0.026762887835502625
-0.031260401010513306
-0.04776580631732941
-0.041536767035722726
-0.036134298890829086
-0.0466897152364254
-0.0617029145359993
-0.09672837704420088
-0.08003897964954376
-0.0663684755563736
-0.043213177472352975
-0.034890539944171906
-0.02418606728315353
-0.06778062134981155
-0.0314389206469059
-0.03935875743627548
-0.04559813067317009
-0.07328511029481888
-0.06957776844501495
-0.05456194281578064
-0.03243960440158844
-0.0790027007460594
-0.08751156926155089
-0.08700237423181532
-0.09014100581407547
-0.08183406293392181
-0.03351788967847824
-0.10428714752197264
-0.05547160655260086
-0.02409427240490913
-0.05330703407526016
-0.059996366500854485
-0.0729071795940399
-0.048091471195220954
-0.05111123621463776
-0.06347981095314026
-0.053617969155311584
-0.05936431884765625
-0.04603562131524085
-0.03074902296066284
-0.0616295337677002
-0.05342666804790497
-0.010075890459120272
-0.01017386559396982
-0.015709519386291504
-0.037103548645973206
-0.05859103053808212
-0.06255015730857849
-0.058929815888404846
-0.07307653129100798
-0.07645969092845917
-0.013707981444895267
-0.055636100471019745
-0.026794057339429852
-0.06458677351474762
-0.05245332419872284
-0.08098258823156355
-0.04732704162597656
-0.046720318496227264
-0.04536830261349679
-0.021429572254419327
-0.07196280360221863
-0.03475576639175415
-0.06467106938362122
-0.05131401121616364
-0.05564622581005096
-0.040400557219982154
-0.06182669848203659
-0.09233900159597395
-0.06418415904045105
-0.060460709035396576
-0.016359303146600723
-0.08122208714485168
-0.04254210740327835
-0.07059093564748764
-0.07406330853700636
-0.059696905314922326
-0.07602480053901672
-0.06040255725383759
-0.0737425833940506
-0.054146677255630486
-0.09226840734481812
-0.1333884596824646
-0.05003681033849716
-0.06297677010297775
-0.05387552082538605
-0.08878666162490845
-0.057359814643859856
-0.10653518885374068
-0.06813201308250427
-0.054465882480144494
-0.05608014762401581
-0.061726346611976624
-0.06879741698503494
-0.0549962967634201
-0.04225832968950272
-0.04902511090040207
-0.09534555673599245
-0.01786717027425766
-0.06774996221065521
-0.08907173573970793
-0.03364958614110947
-0.0673086866736412
-0.07977825403213502
-0.06123680621385574
-0.06560446321964264
-0.03880156576633453
-0.08858284354209901
-0.07849135994911194
-0.0668499693274498
-0.045359812676906586
-0.04108275100588799
-0.05406530201435089
-0.06892766803503036
-0.04666301235556602
-0.055287569761276245
-0.07366261631250381
-0.04604373872280121
-0.05830055475234985
-0.06035635620355606
-0.06881064176559448
-0.02172208577394485
-0.05003463476896287
-0.030292201787233353
-0.04579366743564606
-0.05992159992456436
-0.031150896102190018
-0.0625283420085907
-0.04600393772125244
-0.06372500956058502
-0.0712907612323761
-0.06050136685371399
-0.0767372027039528
-0.0348321869969368
-0.05671446025371552
-0.06942911446094513
-0.03767712041735649
-0.05005429685115814
-0.03564441576600075
-0.08749594539403915
-0.038903385400772095
-0.0571218729019165
-0.06328663975000381
-0.029694117605686188
-0.032182227820158005
-0.05888500809669495
-0.04532038792967796
-0.037172310054302216
-0.05768657475709915
-0.04492007195949554
-0.07251434773206711
-0.04906089603900909
-0.06285347044467926
-0.016304653137922287
-0.03567864000797272
-0.06484205275774002
-0.05210380256175994
-0.06998348981142044
-0.052774399518966675
-0.06440132856369019
-0.07455221563577653
-0.06349268555641174
-0.0729888305068016
-0.04458034783601761
-0.0336964949965477
-0.051858916878700256
-0.10000494122505188
-0.04627257212996482
-0.0710410624742508
-0.03854633867740631
-0.05070970952510834
-0.06568772345781326
-0.07986171543598175
-0.03912829607725144
-0.05440520495176315
-0.04160365089774132
-0.049323827028274536
-0.047612197697162635
-0.04058542847633362
-0.023347780108451843
-0.08512330055236816
-0.032964810729026794
-0.05224376916885376
-0.03786514326930046
-0.06701530516147614
-0.06285052001476288
-0.050022825598716736
-0.09475049376487733
-0.01837657764554024
-0.09572868049144746
-0.03719589114189148
-0.012889721430838108
-0.0635957270860672
-0.05140319466590881
-0.06170258671045303
-0.06851217150688171
-0.08042899519205093
-0.04155541211366653
-0.06654009222984314
-0.08079650253057478
0.00185644906014204
-0.08014651387929916
-0.051243513822555535
-0.024127520620822903
-0.03400975465774536
-0.06611642241477966
-0.09025246649980544
-0.07895299792289734
-0.07406335324048997
-0.0723820924758911
-0.05508644878864288
-0.0797610506415367
-0.028022244572639465
-0.08659569919109344
-0.06237192451953888
-0.03563739359378815
-0.08167576789855957
-0.05321404337882996
-0.06742364913225174
-0.0442795418202877
-0.042966101318597794
-0.08418788015842436
-0.06939084082841873
-0.03490414470434189
-0.0458686463534832
-0.03797134757041931
-0.046509340405464165
-0.06611908227205276
-0.06583590805530548
-0.07080082595348358
-0.06186477094888687
-0.021904613822698597
-0.026048332452774048
-0.048682957887649536
-0.053194545209407806
-0.07623805850744246
-0.056110963225364685
-0.06975661218166351
-0.07919211685657501
-0.06446362286806107
-0.054866470396518714
-0.0689953938126564
-0.05710101127624512
-0.052526898682117455
-0.04152620583772659
-0.0703798234462738
-0.03498731181025505
-0.04637618735432625
-0.07525266706943512
-0.09615314006805423
-0.08067965507507324
-0.04512656480073929
-0.06705188751220703
-0.07940396666526793
-0.04862140119075775
-0.05064976215362549
-0.013942725025117396
-0.04870276153087616
-0.08140550553798676
-0.05945827066898345
-0.041908636689186096
-0.059568017721176154
-0.060613565146923065
-0.03763047233223915
-0.056914523243904114
-0.09113442897796631
-0.0430532842874527
-0.07011479884386063
-0.04670917615294456
-0.05946391820907593
-0.03311040624976158
-0.05627934634685516
-0.0844983160495758
-0.06842820346355438
-0.06717731803655624
-0.054887935519218445
-0.049869664013385766
-0.017967969179153442
-0.048805274069309235
-0.08998959511518478
-0.057885400950908654
-0.04640247672796249
-0.03670637309551239
-0.02786242589354515
-0.05076150596141815
-0.085243821144104
-0.0740765482187271
-0.09975507855415344
-0.04240020737051964
-0.04068293794989586
-0.055748969316482544
-0.06280132383108139
-0.057804487645626075
-0.06965668499469757
-0.06778311729431152
-0.037508562207221985
-0.08402488380670547
-0.06393127143383026
-0.06928673386573792
-0.06319575011730194
-0.1062791794538498
-0.06350432336330414
-0.03632248938083649
-0.029221586883068085
-0.08294750750064851
-0.06726551055908203
-0.048530209809541695
-0.04401331394910812
-0.05326276272535324
-0.06906405091285706
-0.05654790997505188
-0.06689625978469849
-0.015102804638445376
-0.017046984285116196
-0.06990621984004974
-0.05713890492916107
-0.06828129291534424
-0.05326041579246521
-0.058617003262043
-0.06084101647138596
-0.04243198037147521
-0.04304943233728409
-0.07371392101049422
-0.015819743275642395
-0.04465226083993912
-0.06176752597093582
-0.01830096915364265
-0.06869389861822128
-0.07285627722740173
-0.055684357881546014
-0.04246010258793831
-0.10405759513378143
-0.042360596358776086
-0.06562995910644531
-0.03796182572841644
-0.0630546510219574
-0.03174658864736557
-0.06802438199520111
-0.057288043200969696
-0.017443209886550903
-0.041624557226896286
-0.09692741930484772
-0.04939288645982742
-0.07105425745248795
-0.0669683963060379
-0.04655499383807182
-0.08754768967628479
-0.053102217614650726
-0.02856399491429329
-0.054085448384284966
-0.035909637808799744
-0.04943405836820602
-0.0370110422372818
-0.07679740339517593
-0.05939003825187683
-0.01927673816680908
-0.01119097787886858
-0.07490446418523788
-0.03522435575723648
-0.066782146692276
-0.04860035330057144
-0.09379294514656067
-0.07397320121526718
-0.033013321459293365
-0.04083801805973053
-0.05705751478672028
-0.041949205100536346
-0.06219574064016342
-0.07931850850582121
-0.030350334942340847
-0.029694437980651852
-0.06602190434932709
-0.05369356274604797
-0.057859323918819434
-0.03925502672791481
-0.04310470446944237
-0.1079556941986084
0.0013287542387843132
-0.08796650171279907
-0.07275951653718947
-0.028421465307474136
-0.04504884034395218
-0.07145518064498901
-0.033347878605127335
-0.07729472965002061
-0.05525211989879608
-0.07131755352020264
-0.07287929207086563
-0.06324636936187744
-0.11320877075195312
-0.02413025125861168
-0.04663204401731491
-0.04666547849774361
-0.07843789458274841
-0.02472051605582237
-0.029407933354377743
-0.04163377359509468
-0.04621291160583496
-0.03527441248297691
-0.07826160639524461
-0.0509784072637558
-0.047485917806625366
-0.050186678767204285
-0.054045699536800385
-0.05192089825868607
0.0022341413423419
-0.026070039719343185
-0.027994804084300995
-0.04202384501695633
-0.04475092142820358
-0.037237711250782006
-0.04270041733980178
-0.05983911454677582
-0.05741046369075775
-0.02602946013212204
-0.09931309521198271
-0.036101654171943665
-0.07525900006294249
-0.09767810255289075
-0.035192377865314484
-0.10708802938461304
-0.06248193234205245
-0.04464238882064819
-0.07150644063949585
-0.05718119442462921
-0.07569008320569992
-0.06147719174623489
-0.07044058293104172
-0.04804128035902977
-0.06999585032463074
-0.10403020679950714
-0.05506002902984619
-0.08864405751228333
-0.09946458786725998
-0.06837312132120132
-0.05772720277309418
-0.06554250419139862
-0.04448096826672553
-0.06219835579395294
-0.06171857565641403
-0.020162064582109448
-0.051055558025836945
-0.036650776863098145
-0.03956857696175575
-0.06886076927185059
-0.0904056504368782
-0.06995948404073715
-0.062422975897789
-0.08100278675556183
-0.08310873061418533
-0.05174117535352706
-0.06966407597064972
-0.04639728367328644
-0.09478594362735747
-0.01405783835798502
-0.06904973834753036
-0.029620900750160217
-0.06251463294029236
-0.05046967417001724
-0.027843020856380463
-0.036203697323799126
-0.08902619034051894
-0.09984170645475389
-0.04374431446194649
-0.03984367474913597
-0.052742764353752136
-0.03866627812385559
-0.08181258291006088
-0.07317964732646942
-0.033460162580013275
-0.007853583432734013
-0.01841576397418976
-0.041728131473064416
-0.07143088430166245
-0.03203181177377701
-0.028094634413719177
-0.049058698117733
-0.03405177220702171
-0.0731472596526146
-0.05456806719303131
-0.057216279208660126
-0.06215513497591019
-0.02526465058326721
-0.044492494314908974
-0.044679496437311166
-0.05236902832984924
-0.07847198098897934
-0.05303028970956802
-0.05946657061576843
-0.05672149360179901
-0.07711138576269148
-0.06316830217838287
-0.048443395644426346
-0.023200996220111847
-0.06137529760599136
-0.045601561665534966
-0.04832153767347336
-0.03966233879327775
-0.02678019553422928
-0.0846676230430603
-0.07387258857488632
-0.0449506789445877
-0.08239424228668212
-0.010368612594902515
-0.06866714358329773
-0.02544732764363289
-0.021970152854919437
-0.052820280194282525
-0.033910542726516724
-0.07036136835813521
-0.034765422344207764
-0.08161482959985733
-0.044960960745811455
-0.05955476313829421
-0.041748058050870895
-0.0894644409418106
-0.06602233648300171
-0.04663122445344925
-0.040004253387451165
-0.07509227842092514
-0.06134965270757675
-0.025884948670864105
-0.06536384671926497
-0.071260005235672
-0.04749620705842972
-0.056847020983695984
-0.050658762454986565
-0.0544883981347084
-0.0835157036781311
-0.007004884071648121
-0.04991063475608826
-0.06887353211641312
-0.08718648552894592
-0.06504859030246735
-0.04745617881417274
-0.07620812207460403
-0.046563364565372474
-0.04710142314434052
-0.07129377871751785
-0.03435637801885605
-0.05181625485420227
-0.07232970744371414
-0.023840673267841336
-0.07236240059137344
-0.05784638226032257
-0.07181722670793533
-0.061066873371601105
-0.020735152065753937
-0.0373859629034996
-0.05064579099416733
-0.07334490120410918
-0.05522298067808151
-0.047447152435779565
-0.06463190913200377
-0.04964955896139145
-0.03205694258213043
-0.058750852942466736
-0.015558679588139055
-0.06801147758960724
-0.1049596592783928
-0.07153777033090591
-0.078506737947464
-0.041232265532016754
-0.040309954434633255
-0.039914436638355255
-0.07895205914974211
-0.08967527747154237
-0.04079592600464821
-0.0810025781393051
-0.04557283967733383
-0.04203449934720993
-0.04622432589530945
-0.10167787969112396
-0.05484695732593536
-0.06720563769340515
-0.07510746270418166
-0.08718003332614897
-0.06466284394264221
-0.07757855951786041
-0.05122978240251541
-0.06749573349952698
-0.08425606042146681
-0.04002714902162552
-0.08691783249378204
-0.0779862031340599
-0.032184917479753494
-0.05834534764289856
-0.07736250758171082
-0.04003534093499184
-0.07340555638074873
-0.05708609521389008
-0.06334953010082245
-0.05814090371131897
-0.037997134029865265
-0.09838908910751343
-0.0500665158033371
-0.09351636469364166
-0.06018629670143128
-0.009636596776545048
-0.04432821273803711
-0.04409433901309967
-0.018067795783281326
-0.06780010461807251
-0.02859525755047798
0.0016648052260279655
-0.06720437109470367
-0.07966677099466324
-0.039339397102594376
-0.06641094386577606
-0.08189649879932404
-0.07786621153354643
-0.04559456929564476
-0.0600515678524971
-0.15096691250801086
-0.051548272371292114
-0.02858460694551468
-0.05680574476718903
-0.06941071152687073
-0.039942417293787
-0.05352729558944702
-0.05938926339149475
-0.03884056210517883
-0.06854180991649628
-0.031982604414224625
-0.0711224377155304
-0.05341319739818573
-0.060458794236183167
-0.04741985350847244
-0.043644018471241
-0.04076602309942245
-0.0573059543967247
-0.04979312419891357
-0.03516928479075432
-0.05600741505622864
-0.01515496987849474
-0.0366022139787674
-0.02336275205016136
-0.042331337928771966
-0.0815887153148651
-0.07585152983665465
-0.057272620499134064
-0.06217527389526367
-0.03911443054676056
-0.021121468394994732
-0.06197093427181244
-0.046502020210027695
-0.029916271567344666
-0.06386539340019226
-0.0527167022228241
-0.08646400272846222
-0.04943995177745819
-0.05237085372209549
-0.101602241396904
-0.012541995383799076
-0.061005592346191406
-0.05803367495536804
-0.06113854795694351
-0.061789244413375854
-0.04372486844658852
-0.032892800867557526
-0.041850805282592766
-0.02029135450720787
-0.06786755472421646
-0.061976402997970574
-0.08135476708412169
-0.051681220531463616
-0.051209300756454475
-0.0478978268802166
-0.04692472517490386
-0.030518501996994015
-0.07668261229991914
-0.0677013173699379
-0.06114014983177185
-0.004621719010174274
-0.04924748092889786
-0.0621989443898201
-0.04293835163116455
-0.0662882924079895
-0.06489066779613495
-0.10090048611164092
-0.0713023915886879
-0.04302438348531723
-0.05234213173389434
-0.04060444608330727
-0.06215916574001312
-0.0696563571691513
-0.07042969018220901
-0.06474368274211884
-0.05180920660495758
-0.08245715498924254
-0.04917633533477783
-0.07353873550891875
-0.025029577314853668
-0.06367682665586472
-0.07789790630340576
-0.07428937405347824
-0.02112288400530815
-0.046361781656742096
-0.06121981889009476
-0.05685776472091674
-0.04912659525871277
-0.02154167741537094
-0.019343703985214237
-0.05077160894870758
-0.08818988502025603
-0.06780622154474257
-0.058072298765182495
-0.06159974634647369
-0.022665992379188538
-0.022421672940254208
-0.04300311952829361
-0.06754127144813538
-0.032485231757164
-0.0549873486161232
-0.03861220180988312
-0.06536056101322174
-0.01315175462514162
-0.04483351483941078
-0.0773210972547531
-0.03807582333683968
-0.05530520528554916
-0.04882600158452988
-0.020756546407938004
-0.06390853226184845
-0.07208932191133499
-0.061341077089309685
-0.04811801761388779
-0.049277208745479584
-0.057393088936805725
-0.047423899173736565
-0.0828958749771118
-0.05598121881484985
-0.025513481348752972
-0.07935812324285507
-0.0520266592502594
-0.040232889354228966
-0.05006042122840881
-0.04892207682132721
-0.08174581825733183
-0.03452925384044647
-0.06605270504951477
-0.048981472849845886
-0.07627862691879272
-0.05986623466014862
-0.034107908606529236
-0.041254084557294846
-0.05000966787338257
-0.04539043083786965
-0.006735340692102909
-0.05180923640727997
-0.06580562889575958
-0.056484729051589966
-0.02948616072535515
-0.020530790090560917
-0.02864166721701622
-0.04665166884660721
-0.043890632688999176
-0.010868587531149387
-0.02911057323217392
-0.044686973094940186
-0.024494495242834088
-0.06249172240495682
-0.04634182527661324
-0.045418094843626015
-0.053162746131420135
-0.040494579821825034
-0.08102507889270782
-0.07831420004367827
-0.053183674812316895
-0.05817975103855133
-0.05761577934026718
-0.025801144540309903
-0.04548431187868118
-0.05812661349773407
-0.0716400295495987
-0.04641389474272728
-0.06250308454036713
-0.06654944270849228
-0.04742904379963874
-0.0637577697634697
-0.09631732851266862
-0.08926137536764144
-0.10546597838401794
-0.06290776282548904
-0.10346661508083344
-0.07252128422260284
-0.03894692286849022
-0.07181090116500854
-0.05852465331554413
-0.08635962009429932
-0.05430283397436141
-0.05147594213485718
-0.05757492035627365
-0.0468285009264946
-0.06342418491840363
-0.04553989320993424
-0.04363909736275673
-0.058611124753952026
-0.005500343628227712
-0.06894742697477341
-0.07322708517313004
-0.04750250652432442
-0.06917469203472137
-0.06625868380069733
-0.033877164125442505
-0.060085415840148926
-0.05812358856201172
-0.019030380994081497
-0.0021809423342347145
-0.06271804124116898
-0.017046041786670685
-0.03308507800102234
-0.054917111992836
-0.04068897292017937
-0.01758997142314911
-0.05628742277622223
-0.09802442044019699
-0.06205479800701141
-0.06607221812009811
-0.07590604573488235
-0.04268532618880272
-0.049600474536418915
-0.0630243644118309
-0.06835336238145828
-0.054358310997486115
-0.043599918484687805
-0.06823219358921051
-0.1008150428533554
-0.07399848103523254
-0.08892893791198729
-0.07593250274658203
-0.07807574421167372
-0.06561718881130219
-0.09920193254947662
-0.03875783458352089
-0.09386324882507324
-0.03384965658187866
-0.08847825974225998
-0.1018153503537178
-0.06862181425094604
-0.07314117252826689
-0.05381009727716446
-0.07526621222496031
-0.04568812996149063
-0.03877453878521919
-0.07484851032495497
-0.058831818401813514
-0.07766593992710114
-0.030314158648252487
-0.04872708767652512
-0.07821691781282425
-0.05098345875740051
-0.04722467809915543
-0.09455370903015135
-0.09322676062583923
-0.052653133869171136
-0.03145325928926468
-0.06547364592552185
-0.015693165361881256
-0.05945795029401779
-0.018344778567552567
-0.06373091787099838
-0.0483543537557125
-0.061670780181884766
-0.07000598311424255
-0.06125149130821228
-0.06754133105278015
-0.0549231693148613
-0.052680149674415595
-0.04345729947090149
-0.07132910937070847
-0.05151622742414474
-0.024183206260204315
-0.022945892065763477
-0.06544025987386703
-0.021853573620319366
-0.02608940005302429
-0.026285357773303986
-0.027716163545846936
-0.07338257133960724
-0.06445556879043579
-0.049796827137470245
-0.018752321600914
-0.05128844082355499
-0.07176079601049423
-0.02096922695636749
-0.061428822576999664
-0.02823502570390701
-0.05302582681179047
-0.05666293203830719
-0.08971852064132689
-0.07959343492984772
-0.04985241591930389
-0.06874324381351471
-0.038560405373573296
-0.04823027178645133
-0.04560289531946182
-0.04746804386377335
-0.025094084441661835
-0.02832881733775139
-0.04887349903583527
-0.06514833122491837
-0.02938687801361084
-0.07225502282381058
-0.02987346425652504
-0.0665178894996643
-0.061319075524806976
-0.05902998149394989
-0.03565128892660141
-0.06936855614185333
-0.0524146556854248
-0.046969234943389886
-0.058544471859931946
-0.03965759277343751
-0.05369352549314498
-0.08676155656576157
-0.044575024396181114
-0.05550982058048248
-0.013691130094230177
-0.04408293217420577
-0.06047054380178452
-0.06857691705226898
-0.07131333649158478
-0.028442203998565677
-0.06714475154876709
-0.07132382690906525
-0.06379362940788269
-0.03993142396211624
-0.042477399110794074
-0.07890056818723679
-0.04199627041816712
-0.0645701214671135
-0.08367609232664108
-0.05214203894138336
-0.03486039862036705
-0.06061279773712158
-0.05396529287099838
-0.041904103010892875
-0.0765346586704254
-0.07918447256088255
-0.048871278762817376
-0.07550270855426787
-0.029641151428222656
-0.0831214189529419
-0.08302933722734451
-0.036860387772321694
-0.08347725868225098
-0.05139701068401337
-0.06313914060592651
-0.07034669816493988
-0.026315558701753616
-0.053046785295009606
-0.08381835371255873
-0.04808816313743591
-0.04388386383652687
-0.059747830033302314
-0.06954458355903625
-0.05156901478767395
-0.07780531048774718
-0.05683504045009613
-0.02155241370201111
-0.07885953038930894
-0.04922163486480713
-0.05353672802448273
-0.05084298551082611
-0.06208624690771103
-0.02256736531853676
-0.04379670321941376
-0.06028008460998535
-0.0554252564907074
-0.02192332223057747
-0.04045161232352257
-0.016977939754724503
-0.06839621067047119
-0.047303490340709686
-0.03920173645019531
-0.04054450988769531
0.0045190537348389626
-0.0773008316755295
-0.05120600014925003
-0.009566684253513811
-0.04228697717189789
-0.05011723935604096
-0.04253236949443817
-0.10016293823719025
-0.04385862872004509
-0.0782274231314659
-0.06572835147380829
-0.06673133373260498
-0.06996048241853714
-0.020665254443883892
-0.03246552497148514
-0.047759898006916046
-0.058804437518119805
-0.05240345001220703
-0.06566931307315825
-0.084526427090168
-0.051419347524642944
-0.06727436929941177
-0.04810275137424469
-0.03223365545272827
-0.0798826217651367
-0.06924431025981903
-0.013533310033380984
-0.06484109908342361
-0.03939754143357277
-0.07944452762603758
-0.06608559191226959
-0.08385387063026428
-0.05665414035320281
-0.08164982497692108
-0.06526678800582886
-0.054892927408218384
-0.06494530290365219
-0.01285490859299898
-0.07689239084720612
-0.06743400543928145
-0.08105198293924332
-0.023306634277105328
-0.04156507924199104
-0.07554651051759718
-0.029578194022178646
-0.03941024094820023
-0.07176795601844788
-0.024927854537963867
-0.05025136470794678
-0.06065212190151215
-0.012614243663847446
-0.031162422150373455
-0.09181045740842819
-0.046218134462833405
-0.03006213903427124
-0.07707063108682632
-0.06487347185611725
-0.046089190989732735
-0.05756370723247528
-0.07640845328569411
-0.06982675194740295
-0.07160930335521698
-0.05320988595485687
-0.109466090798378
-0.09661836922168733
-0.07620613276958466
-0.054137855768203735
-0.04798895865678787
-0.04343491792678833
-0.06758604943752289
-0.09231262654066083
-0.029892183840274807
-0.04819198697805405
-0.05856338143348694
-0.05796391516923904
-0.08019718527793884
-0.09133418649435043
-0.08664187788963318
-0.040229879319667816
-0.06372662633657455
-0.06848537176847458
-0.03281923383474349
-0.0872783213853836
-0.08846558630466461
-0.02931509166955948
-0.051359109580516815
-0.03324601426720619
-0.058655738830566406
-0.09797389060258864
-0.08182714879512787
-0.0503811314702034
-0.04891020059585571
-0.02077943086624145
-0.07718709111213683
-0.05916914343833923
-0.05920089781284332
-0.050918325781822205
-0.037133932113647454
-0.0638037919998169
-0.0556136816740036
-0.07745671272277832
-0.039498694241046906
-0.049113310873508446
-0.07932905852794646
-0.04216005653142929
-0.08134759962558745
-0.0656537339091301
-0.08370497822761534
-0.04533214122056961
-0.018293097615242004
-0.02690586075186729
-0.06106340140104294
-0.04400493577122688
-0.0741690620779991
-0.06799189746379852
-0.05705654621124268
-0.044299259781837456
-0.07591521739959715
-0.03102000802755356
-0.06881104409694672
-0.062497928738594055
-0.028580427169799805
-0.03891963139176369
-0.03120514377951622
-0.055998966097831726
-0.055001646280288696
-0.07162715494632721
-0.07568086683750153
-0.06412281095981598
-0.055735111236572266
-0.06977015733718872
-0.04661021381616592
-0.06727834790945053
-0.0657319724559784
-0.03106165677309036
-0.07120326161384583
-0.09203925728797913
-0.06047546863555908
-0.039621908217668526
-0.05927477031946182
-0.0857631117105484
-0.06153532117605209
-0.07737834006547926
-0.06484360992908478
-0.06762579083442688
-0.0616370365023613
-0.0829595774412155
-0.04087650775909424
-0.05023900419473648
-0.04311814159154892
-0.05056668072938919
-0.088080033659935
-0.051245905458927155
-0.08383463323116302
-0.05590248852968216
-0.06481249630451201
-0.04855724051594734
-0.05442352592945098
-0.052567675709724426
-0.04020455107092857
-0.04646359384059905
-0.07700841873884201
-0.01753877103328705
-0.08804394304752348
-0.04853939265012741
-0.004305350594222546
-0.03950348868966103
-0.04422418773174286
-0.04169877246022224
-0.05129334330558777
-0.07046191394329071
-0.04365946725010872
-0.07381810247898102
-0.0875488594174385
-0.0397472009062767
-0.051421940326690674
-0.03536578640341759
-0.04346088320016861
-0.07469025254249571
-0.050148338079452515
-0.023695748299360275
-0.06705654412508011
-0.03467112779617309
-0.05479327589273453
-0.07214528322219849
-0.07187139987945557
-0.04512852802872658
-0.06596901267766953
-0.04685797542333602
-0.05944809317588806
-0.07904225587844849
-0.03657767176628113
-0.07570230960845947
-0.046262633055448525
-0.012861032970249653
-0.05266134440898895
-0.09051243215799332
-0.033541884273290634
-0.058563396334648125
-0.018176905810832977
-0.03804614394903183
-0.07224133610725401
-0.06002210080623627
-0.040218472480773926
-0.04082927852869034
-0.08802402019500732
-0.06702538579702377
-0.04572824388742447
-0.04913951456546784
-0.044442377984523766
-0.033076029270887375
-0.046257413923740394
-0.07952260971069336
-0.09683817625045776
-0.09941352903842926
-0.05417180061340332
-0.02471991255879402
-0.1064346134662628
-0.08630158752202988
-0.06729857623577118
-0.07900019735097885
-0.05867668241262436
-0.08720149099826813
-0.06344405561685562
-0.04679561406373978
-0.06715968251228333
-0.05026119202375412
-0.06718632578849792
-0.04857681691646576
-0.0377100482583046
-0.06445502489805222
-0.01760699599981308
-0.026724472641944885
-0.040598448365926736
-0.10753212869167328
-0.041318025439977646
-0.040055520832538605
-0.04176682233810425
-0.09738223254680632
-0.06745631247758865
-0.05386100709438324
-0.05740494281053543
-0.05405160039663314
-0.03767386451363564
-0.05926112830638885
-0.08827532827854156
-0.04575031250715256
-0.05380703508853912
-0.06347785145044327
-0.07440223544836044
-0.07136943936347961
-0.06680316478013992
-0.07897448539733887
-0.05730263888835906
-0.046820018440485
-0.05989592522382736
-0.050683870911598206
-0.015251043252646925
-0.05560959875583649
-0.04549062252044678
-0.09358341991901395
-0.04611922055482864
-0.050763800740242
-0.07107125222682953
-0.04970405995845795
-0.08373662084341049
-0.06226851046085358
-0.08001595735549927
-0.05166371911764145
-0.007110052742063999
-0.05861288309097289
-0.07935667037963867
-0.08781521022319794
0.004043594002723694
-0.06781745702028275
-0.04030608385801315
-0.044892504811286926
-0.04171674326062202
-0.04679885506629944
-0.023245036602020264
-0.09176775068044662
-0.05780202895402908
-0.04787193238735199
-0.06343166530132294
-0.06397272646427155
-0.07461301982402802
-0.05462106317281723
-0.06528611481189728
-0.019683502614498135
-0.06376932561397552
-0.06722985208034515
-0.13707295060157776
-0.10986682772636412
-0.04705753177404404
-0.06253643333911896
-0.047123011201620095
-0.06138848513364792
-0.0292816199362278
-0.08151030540466307
-0.042533364146947854
-0.05862194299697876
-0.08566980063915251
-0.04342155158519745
-0.06382735073566437
-0.05907772481441498
-0.08160461485385895
-0.031059712171554565
-0.06112837791442871
-0.07360773533582686
-0.02809783443808556
-0.0510728731751442
-0.07200143486261368
-0.0471065379679203
-0.07020895183086395
-0.07873460650444031
-0.06336461007595062
-0.06220837682485581
-0.06360667943954468
-0.0226440504193306
-0.06293131411075592
-0.07629761844873427
-0.04859871417284012
-0.051124267280101776
-0.051236249506473534
-0.06743361055850983
-0.06672076135873795
-0.0705709159374237
-0.05833420902490616
-0.08472329378128052
-0.04098344966769218
-0.032148271799087524
-0.06485921144485474
-0.048703454434871674
-0.029303692281246185
-0.05413219332695007
-0.05403468757867813
-0.04949139803647994
-0.04070151969790459
-0.0696302205324173
-0.045498766005039215
-0.0512738898396492
-0.03930140286684036
-0.05911818891763687
-0.03404410928487778
-0.06017692387104034
-0.04538073390722274
-0.06357292830944061
-0.05303230881690979
-0.09320920705795288
-0.021762561053037643
-0.06972841173410416
-0.07799328863620758
-0.05371345579624176
-0.02861269563436508
-0.0968563035130501
-0.05000117421150208
-0.042426694184541695
-0.013744686730206013
-0.08401271700859068
-0.07375127077102661
-0.05200570821762085
-0.0537615641951561
0.0031499918550252914
-0.04583164677023888
-0.07329316437244414
-0.04136238619685173
-0.022369921207427975
-0.04813968762755393
-0.01525926310569048
-0.06280560791492462
-0.08186373114585875
-0.05922505259513855
-0.04330580309033394
-0.04462771862745285
-0.05967742949724197
-0.03792927041649818
-0.06845360994338989
-0.06078388541936874
-0.06514012813568115
-0.06451970338821411
-0.07117843627929688
-0.07092488557100296
-0.052274882793426514
-0.06579367071390152
-0.04374861717224121
-0.04774615168571472
-0.06701907515525818
-0.07465916126966476
-0.04428061470389366
-0.044613081961870193
-0.04197940975427628
-0.021101534366607663
-0.03226356953382492
-0.07140800356864929
-0.04150154069066048
-0.05461065471172333
-0.027371060103178024
-0.05103839933872223
-0.07118512690067291
-0.0708087906241417
-0.037722714245319366
-0.04502332955598831
-0.04114628955721855
-0.08007177710533142
-0.07805952429771422
-0.05485111474990845
-0.08814483880996704
-0.03197666257619858
-0.060540951788425446
-0.02630589529871941
-0.03565303236246109
-0.050407901406288154
-0.01907923072576523
-0.03797775134444237
-0.04601456224918365
-0.05556514859199524
-0.0353950634598732
-0.0070513272657990456
-0.0384892076253891
-0.03687733039259911
-0.02366188168525696
-0.054626286029815674
-0.03556232526898384
-0.0667794793844223
-0.06502388417720795
-0.07946413010358809
-0.059587642550468445
-0.04904945194721222
-0.0005762185901403427
-0.037387587130069726
-0.03137825429439545
-0.033783551305532455
-0.04552464559674263
-0.08046327531337738
-0.06594055891036987
-0.08861906826496124
-0.03578320890665054
-0.014461786486208437
-0.07780072093009949
-0.05732911080121993
-0.060027629137039185
-0.056128233671188354
-0.015238658525049686
-0.032438941299915314
-0.058951854705810554
-0.07071205973625183
-0.03354142606258392
-0.04758142307400704
-0.0460282564163208
-0.10107947885990141
-0.06936682015657425
-0.020514413714408875
-0.04204549640417098
-0.0336279571056366
-0.07042741775512695
-0.02129556611180305
-0.06251263618469238
-0.045033473521471024
-0.05408080667257309
-0.027640275657176968
-0.07162175327539444
-0.03542104363441467
-0.03639867901802063
-0.09066573530435562
-0.049663186073303216
-0.05554859340190888
-0.08535336703062057
-0.1124446392059326
-0.10282732546329498
-0.0774787813425064
-0.06842222809791565
-0.11382532119750977
-0.06473427265882492
-0.04089659452438354
-0.07680210471153259
-0.07516213506460188
-0.046608641743659966
-0.007759516127407552
-0.04361842945218086
-0.0498645082116127
-0.023682225495576855
-0.06874984502792358
-0.045016780495643616
-0.057221025228500366
-0.08862055838108063
-0.0687183141708374
-0.07866482436656952
-0.05887743830680847
-0.029297944158315655
-0.030228860676288605
-0.055364057421684265
-0.07047989964485168
-0.060281574726104736
-0.08128096163272858
-0.029839366674423214
-0.055602073669433594
-0.03706982731819153
-0.05471907556056976
-0.03164085000753403
-0.07586985826492308
-0.07136930525302887
-0.0848015248775482
-0.043770469725131995
-0.0451476015150547
-0.02898414433002472
-0.06849882006645203
-0.080975741147995
-0.02432958036661148
-0.07261094450950623
-0.10207277536392212
-0.03443881869316101
-0.06410044431686401
-0.07226043939590454
-0.06585255265235901
-0.06321123242378235
-0.05410833656787872
-0.05867557227611542
-0.034049402922391885
-0.079145647585392
-0.1138252019882202
-0.060093633830547326
-0.06874758005142212
-0.048168495297431946
-0.06535618007183075
-0.09770207852125168
-0.08522000163793565
-0.052271075546741486
-0.07843960821628569
-0.04589175805449486
-0.03984633833169937
-0.060118533670902245
-0.04474487155675888
-0.05188258737325668
-0.07208931446075438
-0.07875289767980574
-0.05349358916282654
-0.046596825122833245
-0.03890874236822128
-0.05871357023715973
-0.04497963935136795
-0.057882875204086304
-0.03555358201265335
-0.043350838124752045
-0.06709713488817215
-0.07816531509160995
-0.059304416179656975
-0.046756766736507416
-0.028725650161504745
-0.061240822076797485
-0.042789354920387275
-0.05754224956035615
-0.05464838445186615
-0.05505578219890594
-0.05643904209136962
-0.04903722554445267
-0.07046448439359665
-0.0621969997882843
-0.06635147333145142
-0.014144654385745524
-0.08824153244495392
-0.07886237651109694
-0.052554041147232056
-0.01818256080150604
-0.05060878396034241
-0.027626506984233856
-0.06029683351516724
-0.04727792739868164
-0.08216370642185211
-0.04044417291879654
-0.03250056505203247
-0.04429179430007935
-0.08044712245464325
-0.04454981535673141
-0.06012636423110962
-0.0735148638486862
-0.03420209139585495
-0.07338064908981323
-0.039317604154348366
-0.054594367742538445
-0.07778811454772949
-0.08231231570243835
-0.034364599734544754
-0.054897606372833245
-0.1078966110944748
-0.05795345455408096
-0.045625366270542145
-0.0638979822397232
-0.08974349498748779
-0.0560833066701889
-0.03876671195030213
-0.03625713288784027
-0.06619807332754135
-0.028513323515653607
-0.051979102194309235
-0.0806415379047394
-0.06535683572292328
-0.05237379670143128
-0.06140054762363434
-0.0698089748620987
-0.05148690938949585
-0.0525042787194252
-0.039465472102165215
-0.02462583780288696
-0.0371917299926281
-0.09429794549942017
-0.04633457213640213
-0.09818710386753082
-0.05741602182388306
-0.026783879846334457
-0.08238716423511505
-0.0703490599989891
-0.05841715633869171
-0.07883550971746445
-0.08148019760847092
-0.04178423807024956
-0.0741845965385437
-0.05451937019824982
-0.029492437839508057
-0.014979598112404346
-0.08425868302583694
-0.052269890904426575
-0.06695438176393509
-0.05590472370386124
-0.033117957413196564
-0.06288577616214752
-0.05129093676805496
-0.03986661508679389
-0.07442525029182434
-0.04337797313928604
-0.0774005651473999
-0.08817125856876373
-0.09750774502754211
-0.02414761111140251
-0.06290341168642044
-0.03800838440656661
-0.03348647058010101
-0.04367772117257118
-0.015274985693395136
-0.04677129909396172
-0.047569587826728814
-0.009756301529705523
-0.05273427069187164
-0.04812705144286156
-0.0873635709285736
-0.06660473346710205
-0.07891480624675751
-0.042852647602558136
-0.06587362289428711
-0.041647762060165405
-0.08393408358097075
-0.040674552321434014
-0.0779297724366188
-0.012649205513298512
-0.07395678758621216
-0.06310281157493591
-0.04762903600931168
-0.0448761023581028
-0.01961666345596313
-0.042597532272338874
-0.0788632407784462
-0.04972895234823226
-0.09732961654663086
-0.0435313954949379
-0.08901592344045639
-0.044257111847400665
-0.042412478476762765
-0.06347451359033585
-0.07147197425365448
-0.04808744415640831
-0.031008940190076828
-0.036888375878334045
-0.05995551496744156
-0.10252797603607176
-0.07408782094717026
-0.06371631473302841
-0.02249452471733093
-0.060305155813694
-0.07100283354520798
-0.06498183310031891
-0.06913075596094131
-0.050470717251300805
-0.07178999483585358
-0.048550482839345925
-0.05295506864786148
-0.06611642241477966
-0.056057609617710114
-0.07056108862161636
-0.047607645392417915
-0.03265378624200821
-0.06811187416315079
-0.05081745982170105
-0.07049635797739029
-0.03851303830742836
-0.055916309356689446
-0.07857586443424223
-0.039419155567884445
-0.05811223387718201
-0.04276705160737038
-0.052592389285564416
-0.08288232237100601
-0.07035371661186218
-0.059574827551841736
-0.07825636118650435
-0.05460740625858306
-0.06114164739847183
-0.07343447208404541
-0.029832705855369568
-0.03601638972759247
-0.053041905164718635
-0.01071412768214941
-0.03666909411549568
-0.07442890107631683
-0.03547413647174835
-0.05272454023361206
-0.07599158585071564
-0.020558796823024746
-0.0781019628047943
-0.10372458398342133
-0.06752051413059235
-0.05132829397916794
-0.02891690284013748
-0.03437977284193039
-0.05440935492515564
-0.046053659170866006
-0.08503197133541107
-0.09798502922058104
-0.06948887556791306
-0.016083840280771255
-0.05169029533863068
-0.03822163864970207
-0.06251996010541916
-0.07048006355762482
-0.0525023564696312
-0.03045719861984253
-0.0669676661491394
-0.04310128092765808
-0.04826100543141365
-0.06777844578027725
-0.03307093679904938
-0.03665781766176224
-0.0346432626247406
-0.03017309680581093
-0.06879407912492752
-0.0649472028017044
-0.041901420801877975
-0.06555637717247009
-0.008790708146989346
-0.05324766784906387
-0.08079318702220915
-0.06961023062467575
-0.042245883494615555
-0.06893235445022583
-0.06764078885316849
-0.0635005384683609
-0.02071655169129372
-0.06277693063020706
-0.05008109658956528
-0.04588629305362701
-0.07148056477308273
-0.06483444571495056
-0.05992951244115829
-0.07088939845561981
-0.0547894462943077
-0.07536233216524124
-0.03736133873462677
-0.046563170850276954
-0.06370918452739716
-0.054710626602172845
-0.06000997126102448
-0.03242029249668121
-0.07304035127162933
-0.02122648060321808
-0.10630662739276885
-0.06822801381349564
-0.030035346746444706
-0.06550148874521255
-0.05488401651382446
-0.05136796832084656
-0.052594229578971856
-0.054853305220603936
-0.08407500386238098
-0.03415924310684204
-0.06941601634025574
-0.058104626834392555
-0.0317666195333004
-0.04096224159002304
-0.05193182826042175
-0.0505916103720665
-0.023979339748620983
-0.07994737476110457
-0.05494444072246552
-0.05170377343893051
-0.09473559260368349
-0.021354530006647107
-0.08227616548538208
-0.06149699538946152
-0.025014027953147888
-0.073509082198143
-0.045828282833099365
-0.02891870215535164
-0.06195764243602753
-0.07656165957450865
-0.027781695127487183
-0.06511381268501282
-0.07055020332336426
-0.03879645466804504
-0.07040206342935562
-0.08056364953517914
-0.011151083745062351
-0.06114047020673752
-0.0257449634373188
-0.044205181300640106
-0.03984139114618301
-0.08563318848609923
-0.047274775803089135
-0.062288641929626465
-0.04437166079878807
-0.03654620051383972
-0.0833730548620224
-0.09717220067977904
-0.08981344848871231
-0.07976207137107849
-0.06676638871431351
-0.05710802972316742
-0.04371620714664459
-0.052023313939571374
-0.06490930914878845
-0.05961531400680541
-0.053527116775512695
-0.04166366532444954
-0.07366861402988435
-0.06591642647981644
-0.05375765264034271
-0.06632833927869797
-0.09765130281448364
-0.043862827122211456
-0.027544423937797543
-0.04077783226966858
-0.04730189591646194
-0.08574508875608444
-0.01922482252120972
-0.07965121418237686
-0.07615353167057037
-0.029042690992355343
-0.06954958289861679
-0.037437010556459434
-0.04319199174642562
-0.01871601492166519
-0.0833132266998291
-0.03463752195239067
-0.0552065223455429
-0.06892755627632141
-0.024140015244483948
-0.07237284630537033
-0.050047792494297035
-0.054196536540985114
-0.05948944389820098
-0.05977080017328262
-0.04501822590827942
-0.06249679625034332
-0.09355179965496065
-0.05177411437034607
-0.07406916469335555
-0.06794130057096481
-0.0473170280456543
-0.05495378375053406
-0.05544590950012207
-0.05462006479501724
-0.0656537115573883
-0.042267408221960075
-0.03991268202662468
-0.030894771218299866
-0.03087034821510315
-0.06572111696004868
-0.024395436048507687
-0.017446469515562057
-0.00830231886357069
-0.003174119628965854
-0.02434398233890533
-0.07014685869216919
-0.03829089552164078
-0.010102185420691969
-0.05292405933141708
-0.0672832727432251
-0.04729270562529564
-0.06745488196611404
-0.06918013840913773
-0.04079068824648857
-0.04400154948234558
-0.06700693070888519
-0.04453809186816216
-0.06689350306987761
-0.03755296021699905
-0.07617577165365219
-0.04439276084303856
-0.06722648441791534
-0.02443719655275345
-0.043114110827445984
-0.03203900903463364
-0.05396126210689545
-0.03775686770677567
-0.05555945634841919
-0.041137855499982834
-0.025898803025484085
-0.07310515642166138
-0.05196364223957062
-0.05418127775192261
-0.02538681775331497
-0.04117543622851372
-0.04880999028682709
-0.03696620836853981
-0.05194120109081268
-0.03850326687097549
-0.07274440675973891
-0.07074715197086334
-0.06428365409374237
-0.062324121594429016
-0.027683746069669724
-0.05865459144115448
-0.059917576611042016
-0.0683896616101265
-0.05755513906478882
-0.06012602150440216
-0.026931658387184143
-0.05415599048137665
-0.06825318187475204
-0.03903314471244812
-0.03878667578101158
-0.05754027515649796
-0.026810813695192337
-0.031714223325252526
-0.06214733421802521
-0.08943218737840652
-0.08387308567762375
-0.07049393653869629
-0.06518978625535965
-0.034206680953502655
-0.05128645896911621
-0.09011852741241456
-0.046880461275577545
-0.0247127003967762
-0.053768612444400794
-0.0778304785490036
-0.052863091230392456
-0.08910126239061356
-0.0900709331035614
-0.054957546293735504
-0.06577783823013306
-0.0707169622182846
-0.07257616519927977
-0.055488087236881256
-0.07283879071474075
-0.009849165566265585
-0.06336988508701324
-0.051129095256328576
-0.08352276682853697
-0.06948331743478775
-0.03928523510694504
-0.0651865154504776
-0.05674313008785248
-0.05896614491939545
-0.07958918064832686
-0.046051353216171265
-0.06821733713150024
-0.07207945734262465
-0.014898248948156832
-0.1245797723531723
-0.06399224698543549
-0.06201834976673126
-0.06953433901071548
-0.07565227150917053
-0.03719311207532883
-0.05188138782978058
-0.034644152969121926
-0.07011038064956665
-0.06874363124370575
-0.0879482328891754
-0.07959000021219252
-0.06266376376152039
-0.04431097954511642
-0.07736531645059586
-0.08544616401195526
-0.0671955943107605
-0.05940810590982437
-0.03794489428400993
-0.08012908697128295
-0.092790350317955
-0.06011851131916046
-0.04182400181889533
-0.061407893896102905
-0.05793844908475876
-0.04935059696435928
-0.08046425879001617
-0.07815889269113539
-0.08590631186962126
-0.00773767661303282
-0.0697559118270874
-0.036925286054611206
-0.05967344343662261
-0.06311837583780289
-0.061299882829189294
-0.006671980954706669
-0.09331011027097702
-0.07733714580535889
-0.059688717126846313
-0.044739749282598495
-0.04355981200933456
-0.04064046591520309
-0.08102842420339584
-0.036776859313249595
-0.036819938570261
-0.09749767184257507
-0.039523977786302567
-0.08219494670629501
-0.04954273998737335
-0.08355742692947388
-0.05612753331661224
-0.029213793575763702
-0.05721274018287659
-0.02025981992483139
-0.007992723025381565
-0.04555646330118179
-0.05888587236404418
-0.08191967010498048
-0.08269676566123961
-0.04926373064517975
-0.08669465780258177
-0.04864788055419922
-0.046421997249126434
-0.06468840688467026
-0.07773049175739288
-0.041816938668489456
-0.019771210849285126
-0.08484118431806563
-0.07803322374820709
-0.06550852954387665
-0.03754448145627976
-0.07061544060707092
-0.05609982460737228
-0.04820794984698296
-0.0349971204996109
-0.08364813774824142
-0.05032506585121154
-0.05388764292001724
-0.07990135997533798
-0.07993718236684798
-0.060695432126522064
-0.036914780735969537
-0.03298201784491539
-0.02136848494410515
-0.06581570208072662
-0.0784224197268486
-0.06469760835170746
-0.05763646960258484
-0.03966335207223892
-0.009960525669157503
-0.05800935626029968
-0.054389454424381256
-0.03045503795146942
-0.07216032594442366
-0.030261699110269543
-0.04563752561807632
-0.052266478538513184
-0.04450272396206856
-0.07263071835041046
-0.08079147338867188
-0.04171577841043472
-0.0593656301498413
-0.04661259800195693
-0.06088101863861084
-0.0536220520734787
-0.030712608247995377
-0.04761555790901184
-0.031587325036525726
-0.05295917391777039
-0.05941860377788544
-0.06984710693359375
-0.0834774523973465
-0.06511547416448593
-0.03678864613175392
-0.0639808177947998
-0.05646902322769165
-0.06741467118263245
-0.04446335881948471
-0.03649283200502396
-0.10113294422626495
-0.007103984244167805
-0.0531843826174736
-0.07367262244224547
-0.09037967026233672
-0.041714604943990714
-0.05796334147453308
-0.03642791882157326
-0.04828491806983948
-0.06939521431922913
-0.07297727465629578
-0.0899929404258728
-0.07126660645008087
-0.05344828963279724
-0.03460679203271866
-0.0583212524652481
-0.05617597699165344
-0.06414981186389923
-0.04557503759860992
-0.08985268324613571
-0.05450034886598587
-0.04266009479761124
-0.028289034962654117
-0.07298502326011658
-0.09244918823242189
-0.0650593638420105
-0.06603053212165833
-0.03429295122623444
-0.07474048435688017
-0.06772024929523468
-0.025823161005973812
-0.028222549706697464
-0.0708673894405365
-0.06377064436674118
-0.05797617882490158
-0.03043661266565323
-0.07557246834039688
-0.0643843561410904
-0.078507661819458
-0.026104904711246487
-0.05863036960363388
-0.06533043086528778
-0.05401645600795746
-0.02279774099588394
-0.03908003121614456
-0.023284479975700375
-0.0324360691010952
-0.0679837018251419
-0.0453406199812889
-0.06209088116884232
-0.08627323806285858
-0.051334954798221595
-0.025773052126169205
-0.03167898952960968
-0.03813651204109192
-0.07087507098913193
-0.060853563249111176
-0.08490440994501114
-0.017599493265151978
-0.033699557185173035
-0.07555177807807921
-0.1050642430782318
-0.035590246319770806
-0.07381105422973631
-0.07579200714826582
-0.045826297253370285
-0.0829108878970146
-0.02651691809296608
-0.03640007600188255
-0.07286186516284943
-0.06087274104356766
-0.036243967711925514
-0.04414290189743041
-0.04413008689880371
-0.07888374477624893
-0.11216570436954498
-0.07539580762386322
-0.0864311084151268
-0.05223739892244338
-0.05409856140613556
-0.0207703597843647
-0.06101743876934052
-0.06996582448482513
-0.04419191181659698
-0.028727486729621887
-0.03256509453058243
-0.0833989977836609
-0.05757375806570053
-0.07946512103080748
-0.061856016516685486
-0.04734209924936295
-0.05720887333154678
-0.06829437613487244
-0.06704047322273254
-0.07889580726623534
-0.07019999623298645
-0.017959576100111008
-0.03601566702127457
-0.04498518630862236
-0.055908329784870155
-0.03803828358650208
-0.09585943818092346
-0.05488649010658264
-0.03919346630573273
-0.06547395884990692
-0.0609029084444046
-0.03960073739290237
-0.04014270007610321
-0.073476642370224
-0.08027543127536772
-0.07493687421083449
-0.05403819680213928
-0.02870930358767509
-0.020221244543790817
-0.04809566214680672
-0.03436102718114853
-0.0426265187561512
-0.07275372743606566
-0.027095235884189606
-0.08098608255386353
-0.015253600664436815
-0.04651972278952599
-0.03151807934045792
-0.05012230575084686
-0.06235426664352417
-0.05803897231817245
-0.009723992086946963
-0.0026537226513028145
-0.04230259358882904
-0.05821581184864044
-0.06818600744009018
-0.07919215410947798
-0.038296349346637726
-0.038953997194767
-0.0358259454369545
-0.07359623163938521
-0.02150197327136993
-0.07329516112804413
-0.041696183383464806
-0.032717105001211166
-0.0418882742524147
-0.031890057027339935
-0.04218057170510292
-0.08139861375093459
-0.04042304307222366
-0.09903353452682497
-0.04941602051258087
-0.03473556786775589
-0.05745920538902283
-0.05333421379327775
-0.07091866433620453
-0.04974482208490372
-0.021305914968252185
-0.03634914010763168
-0.078621506690979
-0.0703316330909729
-0.07585027068853377
-0.05656640231609344
-0.061366453766822815
-0.03540711849927902
-0.07147043943405151
-0.0855473577976227
-0.04273266345262528
-0.07745879143476486
-0.055907294154167175
-0.07020103931427002
-0.03701332211494446
-0.03306255489587784
-0.08883535861968994
-0.005069301463663578
-0.03272577375173569
-0.06300109624862671
-0.10820993781089781
-0.08143015950918196
-0.07521543651819229
-0.04058685526251793
-0.0562731921672821
-0.12583529949188232
-0.03722970187664032
-0.04284833371639252
-0.03845139965415001
-0.0458759106695652
-0.0781494230031967
-0.07503911107778549
-0.05563071370124817
-0.07768020778894424
-0.04649222642183304
-0.012150713242590427
-0.036200862377882
-0.04384719952940941
-0.08431515097618103
-0.037376523017883294
-0.03347276896238327
-0.06596209108829498
-0.07672484964132309
-0.016225993633270264
-0.01657944917678833
-0.058999843895435326
-0.04201320558786392
-0.03296319767832756
-0.04335056617856026
-0.05920682847499848
-0.08989498019218445
-0.07324133813381195
-0.04356870055198669
-0.0641208365559578
-0.06098131090402603
-0.058644935488700874
-0.04623949527740479
-0.015625033527612686
-0.05745813250541687
-0.06993699073791504
-0.05536693334579468
-0.03149384260177612
-0.03224033862352371
-0.01755683496594429
-0.03562795743346214
-0.04278550669550896
-0.06080961227416992
-0.07755862921476364
-0.07333099097013474
-0.07197633385658264
-0.051031842827796936
-0.05229596048593521
-0.050350964069366455
-0.06219013035297394
-0.039716780185699456
-0.0380941778421402
-0.0560988187789917
-0.05540858209133148
-0.012594503350555897
-0.08117770403623582
-0.04368722438812256
-0.1071452498435974
-0.03876370191574097
-0.07199906557798386
-0.05146844685077667
-0.09492433071136473
-0.060822926461696625
-0.048895999789237976
-0.07542547583580017
-0.07880858331918716
-0.08259517699480055
-0.06281931698322296
-0.02403546497225761
-0.05420774221420288
-0.045144811272621155
-0.07730296254158019
-0.07542799413204193
-0.04790522903203964
-0.05490170419216156
-0.07612842321395874
-0.07199444621801376
-0.08483989536762236
-0.034695886075496674
-0.02907036989927292
-0.027968399226665497
-0.02091987431049347
-0.03298372030258179
-0.05355305224657059
-0.05458079278469086
-0.032932166010141366
-0.04758213087916374
-0.057586997747421265
-0.0343191921710968
-0.07577522099018097
-0.03340532258152962
-0.03699281439185143
-0.0915880501270294
-0.031393032521009445
-0.04722561687231064
-0.043448988348245614
-0.07015563547611237
-0.05245688557624817
-0.07743144035339355
-0.06964301317930222
-0.06782364845275879
-0.07239297032356262
-0.07224030792713165
-0.055206827819347375
-0.04973135888576508
-0.06499192118644713
-0.0624379888176918
-0.04725318402051926
-0.049839913845062256
-0.04308463633060455
-0.03290586546063423
-0.10890758782625198
-0.07512178272008896
-0.06450255960226059
-0.05437012761831284
-0.06952336430549622
-0.04652807861566544
-0.026012040674686432
-0.06611353158950806
-0.08624336123466492
-0.0525989904999733
-0.09237771481275558
-0.06250633299350739
-0.07597187906503677
-0.06192782521247864
-0.07947160303592682
-0.09208687394857407
-0.07084690779447556
-0.07988724112510681
-0.12837103009223935
-0.02868584543466568
-0.0450078621506691
-0.07015201449394226
-0.0582171306014061
-0.04671002551913261
-0.009663301520049572
-0.10055406391620636
-0.03928431123495102
-0.07584692537784576
-0.06285089254379272
-0.045531727373600006
-0.08923648297786713
-0.09058847278356552
-0.06737644970417023
-0.06665663421154022
-0.09327097237110138
-0.07342363893985747
-0.05503471195697784
-0.04734290763735771
-0.08713073283433914
-0.014198184944689272
-0.059728659689426415
-0.04691075533628464
-0.054603278636932366
-0.07292194664478302
-0.0847836434841156
-0.07160205394029617
-0.07986389100551605
-0.0904332548379898
-0.05121477693319321
-0.05742340534925461
-0.07841124385595322
-0.04207438603043556
-0.07309338450431822
-0.06775359064340591
-0.07643654942512512
-0.034479230642318726
-0.06634782254695892
-0.04938451945781708
-0.07691694796085356
-0.041102305054664605
-0.05473230779170989
-0.03822608292102814
-0.103207066655159
-0.08440490812063217
-0.03660212084650993
-0.0508590042591095
-0.05289503931999207
-0.042145080864429474
-0.07618393003940582
-0.06575837731361389
-0.062231585383415215
-0.06298255920410156
-0.05225738137960433
-0.037104066461324685
-0.0840732753276825
-0.0748218446969986
-0.04234469309449196
-0.09477198868989944
-0.03969347849488258
-0.06549081951379776
-0.0664081871509552
-0.052376046776771545
-0.048674196004867554
-0.05183015763759613
-0.05333264172077178
-0.06847669929265976
-0.047985874116420746
-0.039269812405109406
-0.04564043879508972
-0.07000694423913956
-0.08801238238811493
-0.01976346969604492
-0.05112061649560928
-0.023712340742349625
-0.05909749120473862
-0.03825190663337708
-0.08026778697967529
-0.06455086171627045
-0.09299419820308685
-0.06291854381561279
-0.07533225417137147
-0.02803327888250351
-0.06718680262565613
-0.040097866207361214
-0.06655026227235794
-0.07212620228528976
-0.03764123469591141
-0.04360527545213699
-0.05308952182531357
-0.05570304393768311
-0.02252623438835144
-0.05169400572776794
-0.0872265100479126
-0.07025200873613358
-0.054828718304634094
-0.04416702687740326
-0.03054864704608917
-0.02279531955718994
-0.046972036361694336
-0.05055731534957886
-0.06806713342666626
-0.06068471074104309
-0.06301721930503845
-0.0545988604426384
-0.022842038422822952
-0.04410342127084732
-0.0569431260228157
-0.041559599339962006
-0.05906852334737778
-0.04005448520183563
-0.07392223924398422
-0.026228025555610657
-0.02890753746032715
-0.02535085752606392
-0.0729023367166519
0.004162880592048168
-0.04295879974961281
-0.08986950665712355
-0.06149799376726151
-0.07990801334381102
-0.059960804879665375
-0.06905977427959442
-0.06772967427968979
-0.07362835109233856
-0.04999517649412155
-0.026501223444938656
-0.04685443639755249
-0.06533444672822952
-0.0263884961605072
-0.05075930804014206
-0.07504121959209442
-0.08181799203157425
-0.07846405357122421
-0.07497386634349824
-0.06769201159477234
-0.07662764936685562
-0.03432149067521095
-0.0509910061955452
-0.021388564258813855
-0.07174880057573318
-0.06380274146795273
-0.03959628939628601
-0.04899965971708298
-0.07053210586309433
-0.045439913868904114
-0.0372200384736061
-0.06379006803035736
-0.047364719212055206
-0.0680408924818039
-0.06271064281463623
-0.02684084326028824
-0.049933381378650665
-0.05501227080821991
-0.04698111861944199
-0.08390964567661285
-0.034291498363018036
-0.024039361625909805
-0.0757678747177124
-0.05653619766235352
-0.05379709601402283
-0.03999361023306847
-0.052579380571842194
-0.02930784970521927
-0.07105768471956253
-0.01792415976524353
-0.07290704548358917
-0.0869855284690857
-0.07955868542194366
-0.04732499271631241
-0.07289491593837738
-0.07790973782539366
-0.06923668086528778
-0.061640828847885125
-0.019622504711151123
-0.037268560379743576
-0.06557004898786545
-0.05351274460554122
-0.010726616717875004
-0.06849110871553421
-0.0674242377281189
-0.061549052596092224
-0.09464716911315918
-0.06029045581817626
-0.05839672684669495
-0.031682200729846954
-0.06566340476274489
-0.04795574024319649
-0.058501943945884705
-0.04646530002355576
-0.08264745771884918
-0.051632314920425415
-0.05755406618118286
-0.03341151773929596
-0.033866927027702325
-0.05000320076942444
-0.042750060558319085
-0.03901584818959236
-0.059855490922927856
-0.04376812279224396
-0.05522449314594269
-0.06705835461616516
-0.03597628325223923
-0.07074237614870071
-0.11303037405014038
-0.05841906368732452
-0.06811060756444931
-0.03867384046316146
-0.058780565857887275
-0.044612627476453774
-0.06578069180250168
-0.03217293322086334
-0.01737821474671364
-0.02111557126045227
-0.10355171561241149
-0.047063857316970825
-0.07626636326313017
-0.08266814798116685
-0.03714441880583763
-0.03493213653564453
-0.07415519654750824
-0.07882171869277954
-0.048318684101104736
-0.013060192577540874
-0.052120760083198554
-0.05974350869655609
-0.02607850730419159
-0.05747757852077484
-0.055573835968971246
-0.0445668026804924
-0.07781240344047545
-0.04657064005732536
-0.06584146618843079
-0.03736206144094467
-0.05745180696249008
-0.07842303812503815
-0.06539075076580048
-0.06799528002738953
-0.07891446352005005
-0.03563784062862396
-0.04724769294261932
-0.04679841548204421
-0.07657056301832198
-0.0607718601822853
-0.055182881653308875
-0.04502609372138977
-0.032642051577568054
-0.06313717365264893
-0.032346878200769424
-0.05955852568149567
-0.07225184887647629
-0.05122929811477661
-0.053877033293247216
-0.05641630291938782
-0.03237254172563553
-0.08807101845741272
-0.04819730296730995
-0.057063542306423194
-0.06365958601236343
-0.07062561064958572
-0.04265224933624268
-0.07546177506446838
-0.05454159528017044
-0.04356853663921356
-0.02694133296608925
-0.021774180233478543
-0.06723495572805405
-0.037279412150383
-0.0871236175298691
-0.06904032826423645
-0.05386139452457428
-0.06535658985376358
-0.03508835285902023
-0.039011403918266296
-0.04594369977712631
-0.04915955662727356
-0.029858555644750595
-0.006837447173893452
-0.10611370950937273
-0.04126901552081108
-0.05254364013671875
-0.06090894341468811
-0.01226938795298338
-0.07538022100925444
-0.04842644557356834
-0.07602411508560179
-0.04474991187453269
-0.06200256943702698
-0.04997208714485168
-0.060428649187088006
-0.07214924693107605
-0.05040403455495834
-0.021686092019081116
-0.05303040146827698
-0.08309906721115112
-0.08100036531686784
-0.05871725082397461
-0.05760096013545989
-0.058827899396419525
-0.05650331825017929
-0.04089246690273285
-0.06486980617046356
-0.07831545919179916
-0.07259008288383485
-0.04855978861451149
-0.04889105260372162
-0.050940006971359246
-0.03897012770175934
-0.08182364702224731
-0.020384415984153748
-0.02934253215789795
-0.0518871620297432
-0.02863973379135132
-0.02955985814332962
-0.0780746191740036
-0.020625609904527664
-0.055333271622657776
-0.10772261768579484
-0.04059935361146927
-0.02782868593931198
-0.017920657992362976
-0.05958163738250733
-0.07204534113407135
-0.08869916945695877
-0.07282097637653351
-0.051459938287734985
-0.04668787494301796
-0.07713840156793593
-0.03354395925998688
-0.03966030478477479
-0.03040993958711624
-0.06310138106346129
-0.06209969520568848
-0.05669061094522476
-0.051054514944553375
-0.05879483371973038
-0.04240883886814117
-0.05992566794157028
-0.07114772498607635
-0.07350841164588928
-0.04032524675130844
-0.04700011759996414
-0.027266122400760647
-0.01570563018321991
-0.02899092063307762
-0.05457453429698944
-0.0756937265396118
-0.04818391799926758
-0.050095759332180016
-0.009836136363446712
-0.05967806279659271
-0.038255725055933
-0.07950197905302046
-0.046228691935539246
-0.05392812192440033
-0.03958963602781296
-0.04055256024003029
-0.04513343796133995
-0.0470881462097168
-0.04741638153791428
-0.05396375060081482
-0.04481489211320877
-0.08736565709114073
-0.010106374509632587
-0.07524046301841734
-0.06567385047674179
-0.10813602060079575
-0.04253324866294861
-0.08928047120571136
-0.07419998943805695
-0.05030118674039841
-0.06685203313827515
-0.04545716941356658
-0.06392975151538849
-0.061378180980682366
-0.08043993264436723
-0.07217791676521301
-0.05776979774236679
-0.037669502198696136
-0.04430612176656723
-0.041628006845712655
-0.05273205786943436
-0.01736776903271675
-0.08210658282041548
-0.09551604092121123
-0.05637429654598236
-0.03874497115612031
-0.07376246154308319
-0.05986472964286804
-0.08706960082054138
-0.0958809182047844
-0.08568092435598373
-0.06921466439962387
-0.054046288132667535
-0.029040366411209103
-0.04349339753389359
-0.05183614790439606
-0.08336460590362547
-0.04986774921417236
-0.033709920942783356
-0.06167189031839371
-0.04167455807328224
-0.052363097667694085
-0.0768139660358429
-0.07691195607185364
-0.07854618132114409
-0.04026466980576515
-0.024954099208116528
-0.08424584567546844
-0.06788277626037598
-0.046635866165161126
-0.06243462860584259
-0.0392795130610466
-0.07809746265411377
-0.05666361749172211
-0.05382001399993896
-0.029112111777067184
-0.059988483786582954
-0.04703620076179504
-0.05530907213687897
-0.03944231942296028
-0.01907068490982056
-0.06118812412023544
-0.07152020931243896
-0.06581539660692215
-0.04375824332237244
-0.0829891338944435
-0.050842933356761925
-0.044281277805566795
-0.0781112089753151
-0.070489302277565
-0.020456004887819287
-0.049435153603553765
-0.01005349773913622
-0.028455540537834167
-0.05320405960083008
-0.030109535902738568
-0.037603333592414856
-0.00034872349351644516
-0.04538187384605408
-0.03432667255401611
-0.0529392808675766
-0.06552260369062424
-0.025038089603185654
-0.03681141883134842
-0.049903571605682366
-0.06226591765880585
-0.02906965464353561
-0.03689609467983246
-0.051964208483695984
-0.05552135407924652
-0.05498111248016357
-0.020246636122465134
-0.059488944709300995
-0.04830160737037659
-0.04729687422513962
-0.07337379455566406
-0.10031167417764664
-0.04972158372402191
-0.057185843586921685
-0.06540348380804062
-0.08872470259666441
-0.05215432494878769
-0.07314389199018478
-0.03819038718938828
-0.054810531437397
-0.06020373106002808
-0.044182378798723214
-0.04701944068074226
-0.07247710973024368
-0.08058375120162964
-0.05085168778896332
-0.09502455592155457
-0.03678593784570693
-0.05251339823007584
-0.04884231835603713
-0.040795724838972085
-0.06314678490161896
-0.06008054316043854
-0.017761867493391037
-0.026579409837722775
-0.08389715105295181
-0.06590261310338974
-0.0571105033159256
-0.06573059409856796
-0.07853220403194427
-0.05975504219532013
-0.06729236245155334
-0.04094068706035615
-0.07266832888126373
-0.04124972969293594
-0.0504131093621254
-0.049555443227291114
-0.08404012769460678
-0.0576038435101509
-0.0554451048374176
-0.05030566453933716
-0.0825105682015419
-0.09232591837644576
-0.012531504966318607
-0.06903330981731415
-0.08357281982898712
-0.04516679048538208
-0.044991977512836456
-0.022321604192256927
-0.06510426849126816
-0.05135598033666611
0.007836915552616118
-0.03927979990839958
-0.02970832586288452
-0.05469536781311035
-0.07773980498313904
-0.07094253599643707
-0.09077331423759459
-0.04065416008234024
-0.052960343658924096
-0.05302955210208893
-0.07651767134666441
-0.06892222911119461
-0.08789592981338501
-0.02584594115614891
-0.07734213024377824
-0.03778619319200516
-0.05554889142513275
-0.0654062032699585
-0.02286343649029732
-0.05389809608459473
-0.05298078805208206
-0.04131113737821578
-0.053624100983142846
-0.036511998623609536
-0.029214754700660706
-0.006622581742703915
-0.055103637278079994
-0.08315087109804153
-0.028449423611164093
-0.05360155552625656
-0.07966181635856627
-0.053428404033184045
-0.03546648472547531
-0.09928122162818909
-0.06933943182229996
-0.04998183250427246
-0.06966110318899155
-0.042020749300718314
-0.06416352093219757
-0.042479820549488075
-0.0649113729596138
-0.045919038355350494
-0.020235966891050335
-0.037032295018434525
-0.0717722624540329
-0.07071100175380707
-0.051143750548362725
-0.050970420241355896
-0.06837537884712219
-0.0323147177696228
-0.07639435678720474
-0.07346289604902267
-0.037619225680828094
-0.07324010133743286
-0.02233001589775085
-0.05312226712703705
-0.08541005849838255
-0.04427987337112426
0.011496196500957012
-0.02647579088807106
-0.004795809276401997
-0.038970895111560815
-0.044035281985998154
-0.05846814811229706
-0.04466908425092697
-0.060473963618278496
-0.04556545242667198
-0.0562419667840004
-0.07487314939498901
-0.07966312766075134
-0.05193713307380676
-0.046080540865659714
-0.04801219701766968
-0.04086289182305336
-0.061040416359901435
-0.041603267192840576
-0.06135258823633193
-0.016901172697544094
-0.06439656019210815
-0.06731650233268738
-0.051774412393569946
-0.07609589397907257
-0.0467587485909462
-0.08705536276102066
-0.06843982636928558
-0.05461174249649048
-0.060728251934051514
-0.07688108086585999
-0.04380643740296364
-0.07415169477462769
-0.023393623530864716
-0.07802581787109375
-0.07656743377447128
-0.04466577991843224
-0.07646781951189041
-0.04109475389122962
-0.11291463673114777
-0.043457210063934326
-0.04669266194105148
-0.0705435574054718
-0.0947112888097763
-0.043980330228805535
-0.057403452694416046
-0.08424820005893707
-0.032426659017801285
-0.08118197321891785
-0.07950668781995773
-0.06363581866025925
-0.05146121233701706
-0.05783893167972565
-0.04874290525913239
-0.089320570230484
-0.07243696600198746
-0.007802150212228297
0.010076199658215044
-0.02191155031323433
-0.060268864035606384
-0.030233077704906464
-0.10545411705970764
-0.06096438318490982
-0.06322939693927765
-0.05604565888643265
-0.05638378858566284
-0.05914247781038284
-0.061745047569274895
-0.0559714138507843
-0.062495142221450806
-0.040769174695014954
-0.02813285961747169
-0.061097316443920135
-0.05419252812862396
-0.07189521938562393
-0.05102275311946869
-0.02857990190386772
-0.048604853451251984
-0.04461178183555603
-0.040581148117780685
-0.04260045289993286
-0.05370640009641647
-0.03159724548459053
-0.059961266815662384
-0.08542852848768234
-0.07076754420995712
-0.00544073898345232
-0.103874534368515
-0.10229749977588652
-0.032453276216983795
-0.047760538756847375
-0.06230667233467103
-0.03922515362501144
-0.05529943853616714
-0.010274148546159267
-0.0650571882724762
-0.046051375567913055
-0.07217466086149214
-0.0755443423986435
-0.059806227684021
-0.07280689477920531
-0.07179713994264603
-0.03886666148900986
-0.04082101583480834
-0.029754620045423508
-0.04455012083053589
-0.027206722646951675
-0.07656203210353851
-0.037358030676841736
-0.07709950953722
-0.04486337304115296
-0.06293550133705139
-0.035505615174770355
-0.06092575937509537
-0.07812286913394928
-0.04905252158641815
-0.07177175581455231
-0.05188443511724472
-0.08804696053266525
-0.06474330276250839
-0.0751417502760887
-0.043933868408203125
-0.02036457881331444
-0.04502961039543152
-0.057491213083267205
-0.04915985465049744
-0.03983543813228607
-0.04841415956616402
-0.04488758370280266
-0.04522266983985901
-0.06448440253734589
-0.08914324641227722
-0.08833287656307219
-0.05740708112716674
-0.05210019648075104
-0.05077630281448364
-0.04418289288878441
-0.0706227645277977
-0.10790736973285676
-0.07462890446186066
-0.06767934560775757
-0.047675885260105126
-0.05293676257133484
-0.05253247171640396
-0.031951647251844406
-0.05817762017250061
-0.07283738255500793
-0.05525951087474823
-0.06512793898582457
-0.04902785271406174
-0.0565759539604187
-0.008504039607942104
-0.035446129739284515
-0.042530979961156845
-0.0471583679318428
-0.04561895877122879
-0.05290143191814423
-0.04143709689378738
-0.03241188824176788
-0.024884674698114395
-0.04299364238977432
-0.07497178763151167
-0.07152606546878815
-0.016118910163640976
-0.06877794861793518
-0.0809212327003479
-0.05685430020093918
-0.06745418906211853
-0.04468981921672821
-0.021762959659099575
-0.020508840680122372
-0.06013114750385285
-0.056864872574806206
-0.047298729419708245
-0.12371556460857391
-0.04885823279619217
-0.03754136711359024
-0.09633778780698776
-0.07123160362243652
-0.05235828459262848
-0.055532723665237434
-0.048921965062618256
-0.02514626085758209
-0.10045653581619261
-0.03785032778978348
-0.05491743236780167
-0.053982026875019073
-0.08090460300445555
-0.03825951367616653
-0.039165161550045006
-0.0336897075176239
-0.055139996111392975
-0.05207762867212296
-0.09852532297372818
-0.0587792918086052
-0.007958083413541317
-0.04875177145004272
-0.05975032597780228
-0.0751751959323883
-0.05787526071071625
-0.07073996961116791
-0.09664623439311981
-0.038337986916303635
-0.04017984867095947
-0.057160072028636925
-0.04727676510810852
-0.0389169342815876
-0.08252415060997009
-0.07313390076160432
-0.0762622654438019
-0.04459776729345322
-0.06060127168893814
-0.061360433697700494
-0.05927715450525284
-0.05282563716173172
-0.06587468087673187
-0.05732394009828568
-0.08103197813034058
-0.060783974826335914
-0.03213515877723694
-0.07001638412475586
-0.09607551991939545
-0.10466397553682329
-0.035973623394966125
-0.08995746076107025
-0.0749540776014328
-0.09966641664505005
-0.07151204347610474
-0.05135869234800339
-0.056401364505290985
-0.09297241270542143
-0.05145757645368576
-0.08381783217191696
-0.062230348587036126
-0.0681748241186142
-0.09731049835681917
-0.08738242089748383
-0.054932445287704475
-0.059849828481674194
-0.08235962688922882
-0.04410374164581298
-0.056256145238876336
-0.06025797128677368
-0.04137484356760979
-0.013648058287799358
-0.06598120927810669
-0.0418710671365261
-0.07905855774879454
-0.06340678036212921
-0.09620314836502077
-0.07261113077402115
-0.056544214487075806
-0.055538728833198554
-0.06066156178712845
-0.08776722848415375
-0.08924008160829544
-0.01625799387693405
-0.07877237349748611
-0.0676359087228775
-0.0556681826710701
-0.06414145976305008
-0.05636449158191681
-0.08897596597671507
-0.0432450845837593
-0.05625516176223754
-0.04154442995786666
-0.04222514107823372
-0.048493269830942154
-0.0403999537229538
-0.04963311553001404
-0.0747767835855484
-0.08255600184202194
-0.05883707106113434
-0.04999098926782608
-0.06780320405960083
-0.05341610312461853
-0.11057512462139128
-0.06435196101665497
-0.054101124405860894
-0.035018838942050934
-0.04780032485723496
-0.08650945127010345
-0.038165025413036346
-0.08620890974998474
-0.07869624346494673
-0.053168527781963355
-0.07052487879991531
-0.051982447504997246
-0.07377532124519347
-0.07722492516040802
-0.042524304240942
-0.07915826141834259
-0.06338690966367722
-0.08024323731660842
-0.05546632409095764
-0.06881412863731384
-0.044350672513246536
-0.05427836626768112
-0.0754096210002899
-0.06523677706718445
-0.017652302980422974
-0.02269042655825615
-0.07211787998676301
-0.02756286785006523
-0.09569736570119856
-0.03992094099521637
-0.031811803579330444
-0.049382314085960395
-0.03485730290412903
-0.06269882619380951
-0.031744226813316345
-0.0374576672911644
-0.06318384408950806
-0.04389936104416847
-0.08322050422430038
-0.08577998727560043
-0.07495893537998198
-0.022085703909397125
-0.06401170045137405
-0.05371922254562378
-0.04880316555500031
-0.0808509886264801
-0.0903335064649582
-0.03529416769742966
-0.08408375084400177
-0.05259685218334197
-0.044991984963417046
-0.05989014357328415
-0.030682824552059174
-0.06741519272327423
-0.0754639282822609
-0.07045513391494751
-0.08381006121635437
-0.06053156405687332
-0.061317920684814446
-0.03806570917367935
-0.014577596448361872
-0.05863515287637711
-0.056176841259002686
-0.039634145796298974
-0.057838506996631615
-0.01937121152877808
-0.03332822769880295
-0.0688515454530716
-0.05607514828443527
-0.0890820100903511
-0.06554007530212401
-0.06348204612731934
-0.039888296276330955
-0.06439832597970963
-0.04321268945932388
-0.02002924680709839
-0.0638497918844223
-0.02056984975934029
-0.08392936736345291
-0.054016947746276855
-0.05942104756832122
-0.07425584644079208
-0.05192504823207855
-0.03971933573484421
-0.054023832082748406
-0.07070436328649521
-0.06510026752948761
-0.09119509905576706
-0.052596069872379296
-0.04953747987747192
-0.07314038276672363
-0.0264771431684494
-0.06867260485887527
-0.03433313965797424
-0.011809551157057284
-0.06688794493675232
-0.06430003046989441
-0.053306013345718384
-0.047282136976718896
-0.019621428102254868
-0.04432638734579086
-0.0432216003537178
-0.0611424595117569
-0.060632683336734765
-0.004949883557856082
-0.048736996948719025
-0.038875918835401535
-0.03690972551703453
-0.07448306679725648
-0.05514874309301376
-0.07965655624866484
-0.0384252667427063
-0.1000322476029396
-0.06020479649305344
-0.05603928118944168
-0.05891450494527817
-0.055812984704971313
-0.037264660000801086
-0.10709864646196364
-0.05300110578536987
-0.04775672405958176
-0.055511295795440674
-0.0484238900244236
-0.044546362012624734
-0.04118417948484421
-0.046647123992443085
-0.02817249298095703
-0.029730528593063354
-0.0531684011220932
-0.03764331340789794
-0.03730401396751404
-0.08414156734943389
-0.053222201764583595
-0.07185380160808563
-0.03420768678188324
-0.01302292477339506
-0.07923980057239532
-0.045466899871826165
-0.07639281451702118
-0.06349657475948334
-0.03617653623223305
-0.06850326806306839
-0.048896491527557366
-0.05939231812953949
-0.07119186222553253
-0.05360855162143707
-0.040070317685604095
-0.05863340944051743
-0.09096875786781312
-0.04656291007995605
-0.04557580128312111
-0.06286785751581192
-0.06406225264072418
-0.02180399000644684
-0.06281518936157227
-0.0538448691368103
-0.04622233659029007
-0.03866412118077278
-0.06511597335338593
-0.03269084170460701
-0.0510530024766922
-0.05564209073781967
-0.03279644995927811
-0.014792869798839092
-0.08402064442634583
-0.024960704147815704
-0.04584679007530213
-0.06605209410190582
-0.006012951023876667
-0.07235540449619293
-0.0616225004196167
-0.09714216738939284
-0.052285686135292046
-0.016774047166109085
-0.03958313539624214
-0.09093967080116273
-0.04277285188436508
-0.07563214004039763
-0.06587377190589905
-0.04689122736454009
-0.1013355404138565
-0.05621388554573059
-0.053605370223522186
-0.0817655473947525
-0.023673091083765026
-0.017371874302625656
-0.07100248336791992
-0.08796996623277664
-0.0525941178202629
-0.09342079609632493
-0.03118399903178215
-0.03689272329211235
-0.06418335437774658
-0.06342393904924393
-0.04910590499639511
-0.0533604770898819
-0.024529550224542614
-0.04099133983254433
-0.016084592789411545
-0.07975010573863982
-0.038729950785636895
-0.06995557248592377
-0.05926617980003357
-0.056138776242733
-0.04414527118206024
-0.05443818867206573
-0.10186409950256348
0.004642411135137081
-0.08115608990192413
-0.07612965255975723
-0.05169788002967834
-0.03409216552972793
-0.06512340903282166
-0.035899270325899124
-0.03659332916140556
-0.05244164168834686
-0.07334031164646147
-0.07832135260105133
-0.05201836675405502
-0.04004223644733429
-0.02142386883497238
-0.051154203712940216
-0.09955209493637086
-0.041261423379182816
-0.05068923532962799
-0.04892823845148087
-0.0411243513226509
-0.07834329456090926
-0.04984191805124282
-0.04320100694894791
-0.04080922529101372
-0.05267120897769928
-0.05077506601810455
-0.0719699040055275
-0.06577736139297485
-0.03755560517311096
-0.07429091632366179
-0.0753064826130867
-0.04256791993975639
-0.06338351964950562
-0.03730817884206772
-0.0609024316072464
-0.06293538212776184
-0.03904435411095619
-0.07902209460735321
-0.0343383364379406
-0.07997256517410278
-0.08148264884948729
-0.042958576232194894
-0.05739611387252808
-0.07051803171634674
-0.03763781860470772
-0.05148071050643921
-0.0625389814376831
-0.0794425755739212
-0.04903991520404816
-0.05013847351074218
-0.03704450279474258
-0.05039556324481964
-0.037673894315958016
-0.09615698456764221
-0.028518952429294583
-0.02511294186115265
-0.04059450328350067
-0.057274296879768365
-0.08690213412046432
-0.08255635201930998
-0.0942121297121048
-0.04835711419582367
-0.015748195350170135
-0.05681449174880981
-0.053660400211811066
-0.04326485842466354
-0.03704673051834106
-0.03335605561733246
-0.05427813529968262
-0.02970312535762787
-0.102393701672554
-0.0593341588973999
-0.0515015572309494
-0.04064369946718216
-0.05370721220970154
-0.0698227733373642
-0.06286939978599548
-0.06642457842826843
-0.06809209287166595
-0.048271637409925454
-0.01246947143226862
-0.028668709099292755
-0.09784162789583206
-0.05301028490066528
-0.05306282639503479
-0.05652886629104614
-0.06184126436710358
-0.05482324957847595
-0.05242174863815308
-0.08469682931900024
-0.0478711761534214
-0.10478946566581726
-0.06164771318435669
-0.05729319900274277
-0.07524579763412476
-0.037407863885164254
-0.05739523470401764
-0.04504390433430672
-0.05859482288360596
-0.058616101741790765
-0.06576049327850342
-0.0032016346231102943
-0.03458007797598839
-0.07490915060043336
-0.04044323414564133
-0.08336279541254044
-0.04465379565954208
-0.03685109317302704
-0.022167436778545376
-0.08694092184305191
-0.06865952908992767
-0.07411780953407286
-0.05039355158805847
-0.05223083496093751
-0.04742678999900818
-0.06344755738973618
-0.05087234824895858
-0.06431763619184494
-0.06343647837638855
-0.02866356819868088
-0.05523477494716644
-0.07487473636865616
-0.02011686936020851
-0.06139566004276276
-0.04150056838989258
-0.08664096891880035
-0.06143904477357864
-0.04930321872234344
-0.06930822134017944
-0.027590978890657425
-0.03532176464796066
-0.05120806396007538
-0.06093711405992508
-0.05766063928604125
-0.04463730379939079
-0.0591672956943512
-0.04337451606988906
-0.058604151010513306
-0.059111423790454865
-0.06628742814064026
-0.024500407278537754
-0.049470506608486176
-0.051782973110675805
-0.054593682289123535
-0.06766471266746521
-0.07522764801979065
-0.08016886562108994
-0.07666841149330139
-0.04155094549059868
-0.046183861792087555
-0.0674198716878891
-0.06306673586368561
-0.06065787374973297
-0.009792235679924488
-0.0470961444079876
-0.0696314126253128
-0.056141912937164314
-0.03379590064287186
-0.0969889760017395
-0.06266067922115326
-0.04343559592962265
-0.05891986191272736
-0.06896547228097916
-0.07135732471942902
-0.07452781498432158
-0.03519628942012787
-0.04310503602027893
-0.05256851762533188
-0.012520576827228068
-0.07193554192781448
-0.0796835348010063
-0.07158227264881134
-0.05258846282958984
-0.06803455203771591
-0.07064507901668549
-0.06746574491262436
-0.07429456710815428
-0.0678086206316948
-0.03063315525650978
-0.06732097268104553
-0.07335203886032104
-0.04386845976114273
-0.07905801385641098
-0.03273500129580498
-0.04473328590393066
-0.07180000096559525
-0.03624340519309044
-0.05306321382522583
-0.03682523593306541
-0.0651153102517128
-0.04859308153390884
-0.017219241708517075
-0.05521782487630844
-0.04304945841431618
-0.05200351029634476
-0.054678425192832954
-0.02822766453027725
-0.07698768377304077
-0.04164360836148263
-0.03812317550182343
-0.07440051436424254
-0.038761943578720086
-0.06813567876815796
-0.04268570616841316
-0.07717874646186829
-0.05834360420703888
-0.05647288262844086
-0.07195360213518143
-0.04583381861448288
-0.04291503131389618
-0.06514760106801987
-0.07449917495250702
-0.05779210478067398
-0.0388244166970253
-0.05019541084766388
-0.08179674297571182
-0.0527358278632164
-0.053699977695941925
-0.05323000997304916
-0.06533848494291306
-0.040841370820999146
-0.05177301913499832
-0.049019306898117065
-0.04975862801074982
-0.03546442091464996
-0.0725550651550293
-0.027180466800928116
-0.018047701567411423
-0.011887545697391031
-0.03197404369711876
-0.06925451010465622
-0.02489810809493065
-0.02995941042900085
-0.04594644159078599
-0.05213501304388046
-0.026874348521232605
-0.053993694484233856
-0.02186078578233719
-0.04251936450600624
-0.04167075455188751
-0.03904091566801071
0.008127761073410511
-0.04227956756949425
-0.05168271064758301
-0.058043450117111206
-0.028552331030368805
-0.04116886854171753
-0.06346918642520905
-0.044165857136249535
-0.07380466163158415
-0.05223311483860016
-0.010167219676077364
-0.08272100985050201
-0.06347264349460602
-0.03639235347509384
-0.06469881534576416
-0.051363617181777954
-0.060459308326244354
-0.05953359603881836
-0.038478679955005646
-0.046360917389392846
-0.05022645741701126
-0.029121391475200653
-0.02199611440300941
-0.055758371949195855
-0.04917256534099578
-0.01881923526525497
-0.06282754987478256
-0.05372102558612824
-0.058471351861953735
-0.046782247722148895
-0.07684444636106491
-0.03111506998538971
-0.06261356174945831
-0.042755335569381714
-0.06275252997875214
-0.08393602073192595
-0.03894947096705437
-0.09958884119987488
-0.05872707813978195
-0.05055980384349823
-0.0694950520992279
-0.0694834291934967
-0.08413015305995941
-0.04629570245742798
0.006030231714248657
-0.0443023256957531
-0.04155739396810532
-0.006997411139309406
-0.05639058351516724
-0.046289302408695214
-0.06749680638313293
-0.05944247543811798
-0.06597815454006195
-0.09931764006614685
-0.058436088263988495
-0.02181242406368256
-0.06423979997634888
-0.018262408673763275
-0.04042168706655502
-0.057947903871536255
-0.05505736917257309
-0.08731397986412048
-0.06811493635177612
-0.08128020167350769
-0.02725360915064812
-0.062416404485702515
-0.08296235650777815
-0.06113486737012863
-0.06560250371694565
-0.029589328914880753
-0.054457880556583405
-0.07406225800514221
-0.04509556293487549
-0.034478262066841125
-0.10502052307128906
-0.08420084416866302
-0.04461098462343216
-0.03740029782056808
-0.05091947317123413
-0.026485096663236615
-0.0620834082365036
-0.07798503339290618
-0.08463122695684433
-0.04871666431427001
-0.03910185396671295
-0.041102804243564606
-0.055416420102119446
-0.04633619263768196
-0.038632474839687354
-0.07874475419521332
-0.06015899777412415
-0.05025286972522736
-0.0921415090560913
0.01653387024998665
-0.03919676691293717
-0.06042993068695068
-0.06643956899642944
-0.06671532988548279
-0.04569361358880997
-0.0368795320391655
-0.025194011628627777
-0.02441490441560745
-0.06716394424438477
-0.031008005142211918
-0.07936155796051025
-0.034542858600616455
-0.06150688230991364
-0.032157257199287415
-0.044697728008031845
-0.062343582510948174
-0.10544856637716292
-0.07798516005277634
-0.058106467127799995
-0.04387842863798141
-0.06583195924758911
-0.04041774943470954
-0.06987853348255157
-0.06654500961303711
-0.0583447590470314
-0.07640841603279114
-0.0554824098944664
-0.036385342478752136
-0.07475301623344421
-0.027085166424512863
-0.0742613673210144
-0.04416247457265854
-0.020318284630775448
-0.06600189954042435
-0.04880984127521514
-0.06047102063894272
-0.04185107722878456
-0.07770395278930664
-0.06874796003103256
-0.0681733563542366
-0.03929583355784416
-0.05214376002550125
-0.08786380290985107
-0.06353068351745605
-0.041542425751686096
-0.036615882068872445
-0.06129781156778336
-0.07718075811862946
-0.08339326083660124
-0.04848761484026909
-0.05506367236375809
-0.0572931319475174
-0.0572141706943512
-0.06625485420227051
-0.07111205160617828
-0.04564181715250015
-0.05635458230972289
-0.03638684004545212
-0.051683157682418816
-0.01739143207669258
-0.10188771784305573
-0.04056264460086823
-0.06388108432292938
-0.060144886374473565
-0.05620690435171127
-0.050384119153022766
-0.05058586597442626
-0.054511010646820075
-0.0107801528647542
-0.08881235122680664
-0.05451902747154236
-0.054141655564308167
-0.04566444084048271
-0.027472954243421555
-0.0789615660905838
-0.0487125962972641
-0.06512625515460968
-0.03983896970748901
-0.055751681327819824
-0.07262960076332092
-0.04319471493363381
-0.02676783874630928
-0.05814814567565917
-0.04396001622080802
-0.030282463878393173
-0.041860222816467285
-0.0509427785873413
-0.10359691083431244
-0.05854155123233795
-0.04387957602739334
-0.08072252571582794
-0.015653856098651883
-0.05070112645626068
-0.03172929212450981
-0.07463186979293822
-0.028680764138698574
-0.03832517564296722
-0.05412133038043976
-0.06931939721107483
-0.051421552896499634
-0.08639872819185257
-0.06505566835403441
-0.08516614139080046
-0.015766721218824387
-0.01859424263238907
-0.09870925545692445
-0.05900008976459503
-0.05438046157360077
-0.07511070370674133
-0.07427337765693665
-0.041297398507595055
-0.07406657189130783
-0.08724258840084077
-0.08994248509407043
-0.06272134929895401
-0.05138139426708221
-0.05876645445823669
-0.019996136426925656
-0.024343200027942657
-0.058889225125312805
-0.06504339724779129
-0.05666784942150116
-0.07670614123344421
-0.04283084720373154
-0.054655998945236206
-0.050601661205291755
-0.05648215860128403
-0.09119003266096115
-0.03321801871061325
-0.044589493423700326
-0.06709332019090652
-0.02914535254240036
-0.06958181411027908
-0.06623280048370361
-0.021153695881366726
-0.05878045409917832
-0.02404770627617836
-0.04483119770884514
-0.039341948926448815
-0.048655252903699875
-0.04290162026882172
-0.04340987280011177
-0.01842458918690681
-0.05794086307287216
-0.04597829654812813
-0.044675957411527634
-0.048155158758163445
-0.04494357854127884
-0.061157211661338806
-0.03705018758773804
-0.04647690802812576
-0.032385654747486115
-0.06183481216430664
-0.06067758798599243
-0.03667500615119934
-0.065705306828022
-0.06421975046396255
-0.06815720349550247
-0.059517964720726006
0.002126541920006275
-0.0716211199760437
-0.06224720180034637
-0.012848434038460255
-0.05346973985433578
-0.029666606336832047
-0.07962048053741455
-0.0511726513504982
-0.023637145757675167
-0.06950315833091736
-0.00328195933252573
-0.08894868940114976
-0.06016206741333008
-0.0334659181535244
-0.06431069225072861
-0.03928286209702492
-0.006984257139265536
-0.07353164255619049
-0.050852395594120026
-0.06528632342815399
-0.053301215171813965
-0.07544118165969849
-0.053558096289634705
-0.03756435960531235
-0.05851360410451889
-0.06275416910648346
-0.041285134851932526
-0.08104574680328369
-0.06011755019426346
-0.05824612081050873
-0.09206511080265044
-0.05146582424640656
-0.022190868854522705
-0.06476352363824844
-0.05132360011339188
-0.0233231782913208
-0.05943590402603149
-0.0660744681954384
-0.04751931130886078
-0.02442258596420288
-0.06560802459716797
-0.033762648701667786
-0.0485324002802372
-0.05155104398727417
-0.06356894224882126
-0.07050055265426636
-0.06611256301403046
-0.06299182772636414
-0.05204811692237855
-0.050738945603370667
0.0005386574193835257
-0.06361004710197449
-0.03134533390402794
-0.06245211511850357
-0.03546714037656784
-0.07503557205200195
-0.06456512212753296
-0.042619775980710976
-0.0652059018611908
-0.029137570410966877
-0.010067031718790531
-0.04848571494221687
-0.05102159082889557
-0.02428202703595161
-0.07852254807949066
-0.05584476888179779
-0.09232097119092941
-0.04373598471283913
-0.04687006771564484
-0.0292273610830307
-0.07125676423311234
-0.0371922105550766
-0.057351984083652496
-0.06083312630653381
-0.09515520185232161
-0.06402145326137543
-0.04004499316215515
-0.09587060660123824
-0.06838275492191315
-0.04809306561946869
-0.04157786816358566
-0.03715986013412476
-0.028658866882324215
-0.08890095353126524
-0.034656181931495667
-0.04587294906377792
-0.03703747317194939
-0.06038317829370499
-0.018498450517654415
-0.06373987346887589
-0.08234198391437529
-0.0892229676246643
-0.05128540098667145
-0.06712391972541809
-0.08283451199531555
-0.05299978703260422
-0.01273482758551836
-0.08372312784194946
-0.06988757848739624
-0.04885535687208176
-0.05756873637437821
-0.06500941514968872
-0.04785174876451492
-0.06832757592201233
-0.07052924484014511
-0.08856271952390671
-0.03829750046133995
-0.07933229207992554
-0.07014793157577515
-0.027629539370536804
-0.0017475178465247154
-0.04073138907551765
-0.044216819107532494
-0.021807219833135605
-0.0670401006937027
-0.05232667922973633
-0.0657692402601242
-0.045057512819767
-0.06597517430782318
-0.05960293859243393
-0.09579350054264067
-0.06455858051776886
-0.06156992167234421
-0.02711554616689682
-0.062266379594802856
-0.04627631977200508
-0.0803212597966194
-0.0653931275010109
-0.05951404571533203
-0.01968593895435333
-0.01873160526156425
-0.10992832481861115
-0.08517658710479736
-0.08463628590106963
-0.0446896106004715
-0.052373744547367096
-0.050995759665966034
-0.04973591864109039
-0.03909208998084068
-0.04123641923069954
-0.0419088751077652
-0.06261599063873291
-0.0795900821685791
-0.04110446199774742
-0.05280007421970368
-0.02625316381454468
-0.08930358290672302
-0.03892913460731506
-0.05021210014820098
-0.05844348669052124
-0.060790054500103
-0.039907101541757584
-0.005583890713751316
-0.021304167807102203
-0.04723447188735008
-0.06581662595272064
-0.03341931477189064
-0.073476642370224
-0.03526315093040466
-0.06834723055362701
-0.020875051617622372
-0.02728661522269249
-0.04781777784228325
-0.059202030301094055
-0.0731111615896225
-0.08072526752948761
-0.04311460629105568
-0.04364719614386559
-0.06306134164333344
-0.029742054641246796
-0.02867902815341949
-0.07105357944965363
-0.0784868374466896
-0.04637430608272552
-0.07578174024820326
-0.04542664438486099
-0.05859947204589844
-0.0472656674683094
-0.08342867344617844
-0.061851635575294495
-0.06522153317928314
-0.0429161936044693
-0.05647854506969452
-0.06599773466587067
-0.03006099909543991
-0.06291202455759048
-0.048970311880111694
-0.056130513548851006
-0.0270702987909317
-0.05940680950880051
-0.013408576138317583
-0.03379451856017113
-0.05837830901145935
-0.01409336645156145
-0.06257385015487671
-0.031503476202487946
-0.0540320947766304
-0.056971929967403405
-0.05684901773929596
-0.06746591627597809
-0.059812575578689575
-0.020868167281150814
-0.06781508773565292
-0.1057773381471634
-0.06565113365650177
-0.03291277214884757
-0.060402825474739075
-0.041905246675014496
-0.04226742312312126
-0.05620360374450684
-0.06063923239707946
-0.08457519114017487
-0.07587091624736787
-0.05299763381481171
-0.07429323345422743
-0.06654077023267746
-0.029426962137222287
-0.0570964440703392
-0.05433632433414459
-0.06251555681228638
-0.034522660076618195
-0.05973102152347565
-0.04716454818844795
-0.03874829411506653
-0.06482485681772232
-0.04611988365650177
-0.08208809047937393
-0.06021380424499512
-0.0821298137307167
-0.029461160302162167
-0.0411413311958313
-0.03322385996580124
-0.05363060534000397
-0.05078624188899994
-0.08082696795463562
-0.05804137140512466
-0.0498756468296051
-0.019795231521129608
-0.04704685136675835
-0.07015406340360641
-0.039606474339962006
-0.09196439385414125
-0.06794553995132446
-0.07374909520149232
-0.058625638484954834
-0.01989294961094856
-0.05894307792186737
-0.07424567639827728
-0.07449772953987122
1.5162862837314604e-05
-0.05905015766620636
-0.0594402477145195
-0.05650331079959869
-0.07492880523204803
-0.04259522259235382
-0.0412411242723465
-0.056672513484954834
-0.03215649724006653
-0.04582206904888153
-0.021801613271236416
-0.008995427750051022
-0.033349111676216125
-0.06800868362188339
-0.04563601315021514
-0.0632493793964386
-0.06581944972276688
-0.042673610150814056
-0.0917949080467224
-0.061849042773246765
-0.05661163479089737
-0.05245281755924225
-0.06248726695775986
-0.06410664319992065
-0.07860670238733292
-0.03742647916078568
-0.05705972760915756
-0.057317987084388726
-0.05077151954174042
-0.041714638471603394
-0.04528697207570076
-0.040656618773937225
-0.048038050532341
-0.045236580073833466
-0.04547460377216339
-0.027716387063264847
-0.03249861299991608
-0.06403360515832901
-0.04945918172597885
-0.053563743829727166
-0.07210232317447662
-0.05601141601800919
-0.03806174546480178
-0.02540133520960808
-0.07086969912052155
-0.08693340420722961
-0.07967822253704071
-0.028760623186826702
-0.06724951416254044
-0.044748950749635696
-0.06990036368370056
-0.07932281494140625
-0.04923659563064575
-0.03110188990831375
-0.020159512758255005
-0.048618420958518975
-0.02575567364692688
-0.028959054499864575
-0.07900914549827574
-0.04572981595993041
-0.05252458155155182
-0.07439127564430237
-0.06744350492954254
-0.04549763351678848
-0.041816763579845435
-0.07592475414276123
-0.07283920049667358
-0.05412626266479492
-0.04439350590109825
-0.06837888062000275
-0.0475652739405632
-0.05087176710367202
-0.04908300936222077
-0.07862956076860429
-0.07879254221916199
-0.055329516530036926
-0.08200079947710037
-0.06739575415849686
-0.04957994073629379
-0.03175431489944458
-0.03508639708161354
-0.06373244524002075
-0.05867448449134827
-0.04509008675813674
-0.04642605036497116
-0.04423422738909721
-0.05462587624788284
-0.06565683335065842
-0.05708518624305725
-0.02899222820997238
-0.06524985283613205
-0.05135585367679596
-0.08738137781620026
-0.04788430035114288
-0.07253263890743254
-0.06953278928995132
-0.05500086396932602
-0.05122305452823639
-0.039183225482702255
-0.06027690321207047
-0.029460906982421875
-0.016921933740377426
-0.04927782714366913
-0.06938980519771576
-0.022148724645376205
-0.04449933022260666
-0.02024371176958084
-0.04539886489510536
-0.05662338435649872
-0.04796100035309792
-0.04106529802083969
-0.05806541442871094
-0.02804289385676384
-0.05707985162734985
-0.04099094122648239
-0.050438955426216125
-0.04644547030329704
-0.07292921096086502
-0.06543681025505066
-0.053962796926498406
-0.10980116575956345
-0.013683178462088108
-0.024542432278394696
-0.06065191328525543
-0.041524142026901245
-0.07664859294891357
-0.02644851803779602
-0.07615339756011962
-0.049650982022285454
-0.05221850425004959
-0.08868078887462616
-0.048924781382083886
-0.058691546320915215
-0.057287365198135376
-0.05652020871639252
-0.052583791315555566
-0.02733749896287918
-0.02477443963289261
-0.06496693938970566
-0.06168822944164276
-0.06226786971092224
-0.11774231493473052
-0.05084256827831268
-0.04489707201719284
-0.04133176803588867
-0.0633225291967392
-0.046101056039333344
-0.03818563371896744
-0.03867973387241364
-0.05384841561317444
-0.04425888881087303
-0.07418198883533476
-0.04755479469895362
-0.06574423611164093
-0.08330832421779633
-0.06466363370418549
-0.03136522322893143
-0.052255742251873016
-0.04025445133447647
-0.06242664158344269
-0.04428395256400108
-0.07881419360637663
-0.04197242483496665
-0.06954104453325272
-0.04753455519676208
-0.06800596415996552
-0.0675009936094284
-0.07169276475906372
-0.05973441153764725
-0.021605826914310452
-0.05738784372806549
-0.032913919538259506
-0.07322143018245697
-0.03864330798387528
-0.06067890673875809
-0.03611871600151063
-0.06339302659034729
-0.08190032094717026
-0.06810507923364639
-0.0682721957564354
-0.09852871298789978
-0.06417201459407806
-0.07555410265922545
-0.09412355720996857
-0.05271057784557343
-0.06507854908704758
-0.046336404979228966
-0.07491207122802734
-0.025057896971702572
-0.06332673132419586
-0.05471204221248627
-0.01982074603438377
-0.0747123509645462
-0.02017247676849365
-0.02554579824209213
-0.0703146904706955
-0.031152818351984024
-0.04690299928188324
-0.06619134545326233
-0.060212984681129456
-0.07447356730699539
-0.07007157802581787
-0.06691800057888031
-0.05446641147136688
-0.03961334377527237
-0.0243636891245842
-0.06660253554582596
-0.05713234841823578
-0.04750116914510727
-0.05018645524978638
-0.05845145136117935
-0.06020652502775192
-0.0634610652923584
-0.09233474731445312
-0.05000912398099899
-0.08017599582672118
-0.03537571802735329
-0.04033635556697845
-0.07778366655111311
-0.07714872062206268
-0.05093895643949509
-0.08037646859884262
-0.042207807302474976
-0.03755449876189232
-0.03575430065393448
-0.001269378699362278
-0.03806246817111969
-0.07152944803237915
-0.05227378010749817
-0.07718387246131897
-0.022542208433151245
-0.09127587080001832
-0.02709826081991196
-0.06560470163822174
-0.05969918519258499
-0.03543762490153313
-0.08050787448883057
-0.05205277353525162
-0.06680361181497574
-0.059293858706951134
-0.1036081314086914
-0.061643533408641815
-0.07614634931087494
-0.02656412497162819
-0.06871539354324341
-0.06903966516256332
-0.059119388461112976
-0.08718920499086381
-0.020757414400577545
-0.10733237862586976
-0.016915511339902874
-0.04665477946400642
-0.06135682761669159
-0.04391857236623764
-0.042871832847595215
-0.051356792449951165
-0.009155378676950932
-0.07465054094791411
-0.05038881301879882
-0.05520286411046982
-0.06237612664699554
-0.05162052065134048
-0.0350603461265564
-0.06566672027111053
-0.05300052464008331
-0.03396125137805939
-0.09614285081624983
-0.026769131422042847
-0.09960657358169556
-0.044705413281917565
-0.05673796683549881
-0.05521020293235778
-0.04771332442760468
-0.0443093404173851
-0.061621636152267456
-0.06853196769952774
-0.08708296716213225
-0.08407595008611679
-0.0009403629228472707
-0.05010722577571869
-0.053712166845798485
-0.08966135233640671
-0.08933815360069275
-0.051474325358867645
-0.05180305242538452
-0.06686653196811676
-0.048054028302431114
-0.05790837109088898
-0.045737557113170624
-0.05357877165079117
-0.047602951526641846
-0.014812515117228031
-0.08895204216241837
-0.0916180983185768
-0.04090440273284912
-0.06401252746582031
-0.048101525753736496
-0.07288865745067596
-0.05816660076379776
-0.09625743329524993
-0.05348302423954009
-0.08268838375806808
-0.05034404247999191
-0.02296771854162216
-0.06293363124132156
-0.04963426291942597
-0.051519446074962616
-0.01395037304610014
-0.04804850742220879
-0.05192476511001586
-0.03802678361535072
-0.062281012535095215
-0.045254889875650406
-0.049162358045578
-0.09392584860324861
-0.04811039939522743
-0.0392843596637249
-0.05375730246305466
-0.05525936931371689
-0.03028756007552147
-0.03414800018072128
-0.05766386538743973
-0.04826179146766663
-0.06422583758831024
-0.10127775371074677
-0.0636816918849945
-0.047269463539123535
-0.047977961599826806
-0.04197250306606293
-0.0888398289680481
-0.0728153884410858
-0.06277628242969513
-0.0504843071103096
-0.05202504247426987
-0.028539374470710754
-0.05668503046035767
-0.033446311950683594
-0.08540896326303482
-0.06851837038993835
-0.08435725420713425
-0.03160429745912552
-0.06588208675384521
-0.05396983027458191
-0.06844944506883621
-0.05257643759250641
-0.046961843967437744
-0.035291414707899094
-0.058743178844451904
-0.031434431672096246
-0.03699209541082382
-0.04388018697500229
-0.08739160001277924
-0.05290396511554719
-0.10542510449886322
-0.032065220177173615
-0.04277933016419411
-0.06485001742839813
-0.05973326414823532
-0.05942849814891815
-0.04348350316286087
-0.03740580379962921
-0.07119620591402054
-0.023653026670217518
0.011862488463521004
-0.04635868594050408
-0.05373198539018631
-0.07960525155067444
-0.07631826400756837
-0.04710076749324799
-0.05256543308496475
-0.055434778332710266
-0.051730439066886895
-0.06834137439727783
-0.06324951350688934
-0.04711932688951492
-0.06781923770904541
-0.058377139270305634
-0.04839996248483658
-0.040193110704422
-0.06661038100719452
-0.0671766996383667
-0.04060034453868865
-0.054292358458042145
-0.08947721123695372
-0.00854706484824419
-0.06472787261009216
-0.03696373850107193
-0.08992374688386917
-0.06426870822906494
-0.04339733347296714
-0.05936504900455474
-0.07233877480030061
-0.0893203988671303
-0.03615267202258111
-0.05421352386474609
-0.08842642605304718
-0.08657912164926529
-0.052312485873699195
-0.08030279725790022
-0.05506398528814316
-0.03410371392965317
-0.07347582280635834
-0.050755448639392846
-0.050393886864185326
-0.03768666833639145
-0.04997666925191879
-0.033136345446109765
0.0008243089541792868
-0.08521287143230438
-0.049777328968048096
-0.06250395625829697
-0.027357526123523712
-0.10799368470907213
-0.052765324711799615
-0.049356073141098016
-0.059573248028755195
-0.024306535720825195
-0.07573827356100081
-0.06472475081682205
-0.07954432070255278
-0.05842941254377365
-0.06283335387706757
-0.03963526710867882
-0.04915674775838852
-0.031358957290649414
-0.0576900839805603
-0.03931758925318717
-0.0817817598581314
-0.06871604174375534
-0.05973272025585175
-0.09326361864805219
-0.05913608521223068
-0.018789120018482208
-0.03774617612361908
-0.0824580118060112
-0.04210171848535538
-0.04287156835198402
-0.02853308990597725
-0.06557370722293854
-0.08006956428289413
-0.05793204158544541
-0.037399284541606896
-0.06066601723432541
-0.054165907204151154
-0.036960255354642875
-0.07539994269609451
-0.0315556600689888
-0.053950883448123925
-0.11152079701423644
-0.04155398905277252
-0.05982461571693421
-0.08997742831707
-0.026191081851720806
-0.03694668039679527
-0.07066605985164641
-0.06248246133327484
-0.08750512450933456
-0.051579773426055915
-0.042693749070167535
-0.0865853652358055
-0.07214608043432236
-0.06874741613864899
-0.0007763588801026344
-0.04005538299679756
-0.06327490508556366
-0.07021743804216385
-0.03063540905714035
-0.060414567589759834
-0.04488753527402878
-0.04655668139457703
-0.04679042100906372
-0.08437879383563995
-0.08836713433265686
-0.05304932594299317
-0.0541941225528717
-0.04989922046661377
-0.06462880223989487
-0.06798578053712845
-0.07288648188114166
-0.06666626036167145
-0.02289658412337303
-0.042879074811935425
-0.04218938201665878
-0.05729322135448456
-0.05682777613401413
-0.02261101454496384
-0.05412875860929489
-0.060747452080249786
-0.04489513486623764
-0.06525686383247375
-0.05896870046854019
-0.06042002141475677
-0.08866076916456223
-0.0313313826918602
-0.03771325200796127
-0.07684841006994246
-0.011300566606223583
-0.07330341637134552
-0.051727920770645135
-0.14287984371185303
-0.09482236206531523
-0.04514623433351517
-0.030934005975723263
-0.048153247684240334
-0.012204912491142748
-0.05327535420656204
-0.06461706757545471
-0.05014188587665558
-0.05393712222576141
-0.09017024189233781
-0.018031109124422077
-0.060796469449996955
0.0022617727518081665
-0.05254396796226501
-0.05346120148897171
-0.051475197076797485
-0.05851547420024872
-0.030817732214927677
-0.05360673367977142
-0.05962288379669189
-0.08411017805337907
-0.05009179562330245
-0.10072259604930876
-0.07203252613544464
-0.030257586389780045
-0.10541719198226927
-0.05848544836044312
-0.05855667591094971
-0.06063729524612426
-0.06010086089372634
-0.06217767298221588
-0.03503905609250069
-0.047052323818206794
-0.06971320509910583
-0.07643460482358931
-0.016925588250160217
-0.05550479888916016
-0.041717931628227234
-0.06603317707777023
-0.049947477877140045
-0.0340677835047245
-0.034438908100128174
-0.08236341923475266
-0.0714641585946083
-0.016561623662710186
-0.07601365447044371
-0.06881535053253174
-0.042420294135808945
-0.06172388046979904
-0.08408337831497192
-0.04096011817455292
-0.08471611142158508
-0.04448232054710388
-0.03939487785100937
-0.058813489973545074
-0.04880739748477936
-0.04595480114221573
-0.031390830874443054
-0.10161424428224564
-0.0398624986410141
-0.05531218647956848
-0.061991527676582336
-0.015032029710710049
-0.05449090898036957
-0.06567749381065369
-0.04548038169741631
-0.031933244317770004
-0.08515448868274687
-0.04563446715474129
-0.06508511304855347
-0.06397484242916107
-0.028352268040180206
-0.07073792815208435
-0.05821655690670013
-0.05004177987575531
-0.05706372857093811
-0.08789826929569244
-0.041442565619945526
-0.039974723011255264
-0.01896113157272339
-0.03225209563970566
-0.05428095906972885
-0.07085525989532471
-0.065540611743927
-0.03628014400601387
-0.09004132449626921
-0.031050119549036023
-0.046657860279083245
-0.06654728949069977
-0.06957017630338669
-0.05532412976026535
-0.02257636934518814
-0.05178862065076828
-0.05589639395475388
-0.05516058206558228
-0.057758584618568413
-0.03971661999821663
-0.06275002658367157
-0.031745824962854385
-0.06781664490699768
-0.042734816670417786
-0.028983213007450104
-0.025189183652400967
-0.07254181802272797
-0.06565718352794647
-0.06535137444734573
-0.03646204620599747
-0.07766075432300566
-0.03910356014966965
-0.04819712787866592
-0.06745263934135437
-0.05719062685966492
-0.00767701957374811
-0.05066729336977005
-0.0539088100194931
-0.021269425749778748
-0.09159941226243971
-0.03928300738334656
-0.024436496198177338
-0.03520680218935013
-0.06825147569179535
-0.03458994999527931
-0.06069949269294738
-0.0383705236017704
-0.0526493638753891
-0.08913977444171906
-0.06751402467489243
-0.032492745667696
-0.08171647787094115
-0.0727308988571167
-0.09180322289466858
-0.0427454486489296
-0.0665488988161087
-0.04659347236156464
-0.08938915282487869
-0.07051528990268707
-0.0852983146905899
-0.092845119535923
-0.09422454237937929
-0.08195531368255614
-0.04965036362409592
-0.08730721473693846
-0.06738080084323883
-0.026998203247785568
-0.0428367406129837
-0.07527401298284529
-0.04460293427109718
-0.0603489726781845
-0.043279580771923065
-0.024786960333585736
-0.06145063787698746
-0.054641321301460266
-0.031674548983573914
-0.07130452990531921
-0.09215179085731505
-0.08384236693382262
-0.05098779499530792
-0.04975207149982452
-0.05034173280000687
-0.05528959631919861
-0.02353265881538391
-0.06851345300674438
-0.04022795706987381
-0.06365282088518143
-0.038791343569755554
-0.029189828783273697
-0.0733579471707344
-0.09051267802715299
-0.05370655655860901
-0.027787253260612488
-0.03247940540313721
-0.040769144892692566
-0.05021977424621583
-0.10263869166374207
-0.05510246753692626
-0.06066171824932098
-0.04304950311779976
-0.08211661875247955
-0.011894653551280499
-0.07881216704845427
-0.0808517262339592
-0.007826420478522778
-0.06837780028581619
-0.037726342678070075
-0.05486975610256195
-0.06294699013233185
-0.08918102085590361
-0.09786385297775267
-0.04246041923761368
-0.08079534769058228
-0.07386157661676407
-0.08692210912704468
-0.04831083118915558
-0.03208298608660698
-0.06281504034996033
-0.03983498364686966
-0.06435786187648773
-0.06159494817256928
-0.05454755574464797
-0.04248306155204773
-0.09245357662439345
-0.05407686531543732
-0.07565468549728394
-0.044251516461372375
-0.011934163980185984
-0.04530714079737663
-0.04436030238866807
-0.009320755489170551
-0.02092815935611725
-0.07873263955116272
-0.05091214925050736
-0.08335416764020918
-0.06374777853488922
-0.05274847149848937
-0.04724595695734024
-0.050753623247146606
-0.046702325344085686
-0.04840533807873726
-0.088778555393219
-0.07933846116065979
-0.053330332040786736
-0.0660460814833641
-0.05109841376543045
-0.05879780650138855
-0.036317646503448486
-0.07279081642627715
-0.04844535514712334
-0.050136357545852654
-0.08242419362068176
-0.05494807660579681
-0.07501386106014252
-0.04140161722898483
-0.03413801267743111
-0.01342280488461256
-0.07070336490869522
-0.03401681035757065
-0.06169844418764114
-0.04717865213751793
-0.08546555787324905
-0.069056935608387
-0.07385654747486113
-0.07385848462581633
-0.0566609650850296
-0.0414772555232048
-0.07981140166521072
-0.040390782058238976
-0.057531848549842834
-0.05606639385223389
-0.07265497744083405
-0.077412948012352
-0.07614108920097351
-0.02031194418668747
-0.026902318000793457
-0.050178125500679016
-0.04356958344578743
-0.05728995800018311
-0.03832855448126793
-0.0542779266834259
-0.05632717162370682
-0.073105588555336
-0.06743767112493515
-0.07217638194561005
-0.062373086810112
-0.06552357971668243
-0.0497572273015976
-0.05802902579307556
-0.04619087651371956
-0.059855766594409936
-0.06452177464962006
-0.033866800367832184
-0.05176158249378204
-0.06559120118618011
-0.061496764421463006
-0.0910900980234146
-0.05833633244037628
-0.041776984930038445
-0.0559035912156105
-0.0840056836605072
-0.054116450250148766
-0.06063812971115112
-0.06027635931968689
-0.027459561824798584
-0.055325672030448914
-0.061616607010364526
-0.06463725119829178
-0.05198096483945847
-0.04282833263278008
-0.05527016520500183
-0.0635676309466362
-0.06360363960266113
-0.07966912537813185
0.005804273299872875
-0.03676639497280121
-0.05869892239570618
-0.02786145359277725
-0.04478167742490768
-0.08087560534477235
-0.10217799991369247
-0.06416027992963791
-0.06000344455242157
-0.06373976916074753
-0.05363720655441284
-0.04790519922971725
-0.09116080403327939
-0.054081574082374566
-0.06874331831932068
-0.04839318990707397
-0.09510038793087004
-0.09654294699430464
-0.00032082386314868927
-0.05974293500185013
-0.0667690634727478
-0.0415428802371025
-0.04158494994044304
-0.06094452738761902
-0.07606759667396545
-0.01565997302532196
-0.018341928720474243
-0.08372218906879425
-0.0344884991645813
-0.050843805074691766
-0.018989793956279755
-0.06100393831729889
-0.05320610851049423
-0.07143887877464294
-0.0607428103685379
-0.08840410411357878
-0.03398958593606949
-0.0504041463136673
-0.04514198750257492
-0.04730573296546936
-0.061785176396369934
0.014000898227095604
-0.044013157486915595
-0.04967721551656723
-0.07012671232223511
-0.09414285421371461
-0.03668300062417984
-0.04799313098192215
-0.0067935632541775695
-0.039669431746006005
-0.05825094133615494
-0.013654937036335468
-0.03377314284443855
-0.05407928675413132
-0.06356966495513916
-0.0627252534031868
-0.037310950458049774
-0.0682046115398407
-0.07053662091493607
-0.06348497420549393
-0.05550111085176468
-0.02851013094186783
-0.015048888511955738
-0.03453543782234192
-0.06354641914367676
-0.06414429843425751
-0.04672612249851226
-0.06717478483915329
-0.07103230059146881
-0.0757809728384018
-0.042076736688613885
-0.12192635238170624
-0.02152431756258011
-0.06221315264701843
-0.05631163716316223
-0.10688833147287367
-0.01804722845554352
-0.0591825246810913
-0.093134343624115
-0.0685230940580368
-0.07540842145681381
-0.022478673607110977
-0.07050593197345734
-0.0724334791302681
-0.04941744357347488
-0.04249170422554016
-0.06880836188793182
-0.048005476593971246
-0.07803867012262344
-0.10099691152572632
3.363005816936493e-05
-0.0799182653427124
-0.06116323173046112
-0.0986497402191162
-0.07281778752803801
-0.07362537086009979
-0.07939568907022476
-0.049754373729228966
-0.05082373321056365
-0.05155438929796218
-0.051370009779930115
-0.047210708260536194
-0.0820639282464981
-0.08677451312541962
-0.05232691764831543
-0.0659153088927269
-0.035961322486400604
-0.05034027248620986
-0.06929697841405869
-0.05251981317996978
-0.037908252328634255
0.004575951024889946
-0.06590374559164047
-0.020634204149246212
-0.04518549516797066
-0.07996651530265808
-0.05064159631729125
-0.08735615760087968
-0.0648120790719986
-0.05749919265508652
-0.054907172918319695
-0.04382169991731644
-0.039680242538452155
-0.06378890573978424
-0.0982239544391632
-0.04597163572907448
-0.0457659438252449
-0.0942118763923645
-0.04562625288963318
-0.03988846018910408
-0.07182792574167252
-0.043345555663108826
-0.07282329350709915
-0.052927620708942406
-0.049528345465660095
-0.1004965528845787
-0.036458026617765434
-0.04091536626219749
-0.04386720806360245
-0.052519991993904114
-0.03858757019042969
-0.04000265151262283
-0.08286701887845993
-0.0843948945403099
-0.00464156735688448
-0.045223340392112725
-0.0905829668045044
-0.058805674314498894
-0.05243054777383804
-0.016330260783433914
-0.08137378096580505
-0.08029832690954208
-0.04704441875219345
-0.059855103492736816
-0.038419660180807114
-0.05787234753370285
-0.05805474519729614
-0.06407912075519562
-0.019912220537662503
-0.06588605046272278
-0.03983459994196892
-0.05776657164096832
-0.03373269736766815
-0.034539476037025445
-0.05510926246643066
-0.0665406733751297
-0.062098860740661614
-0.0708722472190857
-0.04853678494691849
-0.058559611439704895
-0.053922779858112335
-0.06059358268976212
-0.07307934015989302
-0.05577290803194047
-0.03961460292339325
-0.04310354962944984
-0.026628110557794567
-0.03446446359157562
-0.06260396540164948
-0.0646776631474495
-0.041478153318166726
-0.03687967360019684
-0.04769837111234665
-0.04593081772327423
-0.0518970713019371
-0.054730169475078576
-0.09239535033702849
-0.06860522925853729
-0.05065634846687317
-0.07140232622623444
-0.03932568803429604
-0.094240665435791
-0.044213514775037766
-0.034085340797901154
-0.09467652440071106
-0.04184657707810402
-0.05424225330352783
-0.04357554018497467
-0.0506906658411026
-0.07128457725048065
-0.034171272069215775
-0.05458711087703705
-0.07296258211135864
-0.06078566610813141
-0.06897582113742828
-0.0602039098739624
-0.059902682900428765
-0.05148527771234512
-0.0718589499592781
-0.021202951669692997
-0.057192713022232056
-0.06076329946517944
-0.07316162437200546
-0.06652539223432541
-0.08717718720436096
-0.042945154011249535
-0.08027748763561247
-0.035909149795770645
-0.08062555640935898
-0.06927762925624847
-0.08480297029018402
-0.10583454370498656
-0.04597287252545357
-0.05897881090641022
-0.0774732604622841
-0.05352894961833954
-0.07704688608646394
-0.021398864686489105
-0.05238242447376251
-0.09486510604619981
-0.0648244246840477
-0.05489298701286316
-0.055479004979133606
-0.036113347858190536
-0.04310093447566032
-0.05937686562538146
-0.0664471685886383
-0.046691469848155975
-0.048283856362104416
-0.08963893353939056
-0.03824569284915924
-0.04469673335552216
-0.05200539529323578
-0.07605089992284775
-0.07951904833316803
-0.05759020894765854
-0.053658753633499146
-0.0889105573296547
-0.053278252482414246
-0.04762787371873856
-0.08379064500331879
-0.05667443573474884
-0.067405104637146
-0.05811601877212525
-0.041320785880088806
-0.0851612314581871
-0.038307368755340576
-0.04042258486151695
-0.03827084228396416
-0.04883451759815216
-0.014477190561592577
-0.06877514719963074
-0.08435668051242828
-0.04011230915784836
-0.0953160971403122
-0.027524761855602264
-0.056997522711753845
-0.057049021124839776
-0.04316522926092148
-0.03286591172218323
-0.07929192483425139
-0.05485568940639496
-0.07457841187715529
-0.03565238043665886
-0.035315871238708496
-0.04799240082502365
-0.07630125433206558
-0.07133810222148895
-0.06850149482488632
-0.04888609796762466
-0.042871810495853424
-0.0550592765212059
-0.03655245155096054
-0.025712717324495316
-0.04997111111879349
-0.08310667425394058
-0.03685387223958969
-0.059114955365657806
-0.05170200020074844
-0.054596498608589165
-0.09359476715326308
-0.07037639617919922
-0.017909139394760132
-0.04932886362075806
-0.06816677749156952
-0.043313607573509216
-0.05254782736301422
-0.03665179759263992
-0.0448448657989502
-0.08810439705848694
-0.07280611991882323
-0.06078915297985077
-0.08540492504835127
-0.03200453519821167
-0.06209561228752136
-0.06116516888141632
-0.055101707577705376
-0.07146646082401276
-0.03667309507727623
-0.02740217745304108
-0.08849314600229262
-0.06399507075548172
-0.0638657733798027
-0.07906328141689299
-0.0508120134472847
-0.031064875423908237
-0.06383086740970612
-0.025987479835748672
-0.0370417945086956
-0.05026809126138687
-0.03654246404767037
-0.029790461063385006
-0.05201624333858489
-0.056424498558044434
-0.03848998248577118
-0.03675498440861701
-0.05417582392692566
-0.07738547027111053
-0.06400289386510849
-0.0845981240272522
-0.061007216572761536
-0.07717226445674896
-0.02860080078244209
-0.052429035305976875
-0.045510541647672646
-0.07683944702148436
-0.028085038065910336
-0.037261910736560815
-0.08379776775836945
-0.03631903976202011
-0.06672773510217667
-0.05476616322994232
-0.03549051284790039
-0.03744975104928017
-0.007797236554324627
-0.05001875013113022
-0.028809428215026852
-0.05478888750076294
-0.06293820589780807
-0.07896152138710022
-0.042629174888134
-0.07837490737438203
-0.0692601352930069
-0.06555292755365372
-0.07610806822776793
-0.050781019032001495
-0.08706668019294737
-0.05481705069541931
-0.059356853365898125
-0.05346547812223434
-0.04724762588739395
-0.07382184267044067
-0.0816916972398758
-0.02395862340927124
-0.04902993142604828
-0.0547233372926712
-0.09706149995326996
-0.06621803343296051
-0.061298638582229614
-0.07987266778945923
-0.0540696382522583
-0.059228196740150445
-0.06273218244314194
-0.04512632265686989
-0.034680403769016266
-0.02534437924623489
-0.06906359642744064
-0.04780605435371399
-0.0213889479637146
-0.04594779387116432
-0.05889187008142471
-0.054829806089401245
-0.041878610849380486
-0.04205863922834396
-0.07033337652683258
-0.06271709501743317
-0.07501675933599472
-0.05558761954307556
-0.024424701929092407
-0.03503166139125824
-0.09381623566150664
-0.06948605179786682
-0.062008202075958245
-0.023613423109054565
-0.011653102003037928
-0.0653553456068039
-0.0660107284784317
-0.060684286057949066
-0.053688645362854
-0.051720172166824334
-0.07431881129741667
-0.03993408381938934
-0.05393597483634949
-0.07501405477523804
-0.08512528240680695
-0.08649460971355438
-0.05806789547204971
-0.03654047846794128
-0.07876427471637724
-0.0373641848564148
-0.022274106740951535
-0.05974291265010834
-0.06633571535348892
-0.058939293026924126
-0.04243534803390503
-0.05109842121601105
-0.049194656312465675
-0.043076291680336
-0.10390332341194151
-0.04467353224754333
-0.034178778529167175
-0.053123727440834045
-0.04685592278838158
-0.020271949470043182
-0.03960677236318588
-0.059580907225608826
-0.05904125422239304
-0.012105126865208147
-0.04989317059516907
-0.10905249416828156
-0.03105589747428894
-0.05585222691297531
-0.04490702599287033
-0.061192587018013
-0.019137896597385406
-0.0693732351064682
-0.10947455465793608
-0.06274902075529099
-0.02233495563268661
-0.05452549457550049
-0.06478619575500488
-0.08290033787488937
-0.041590746492147446
-0.01428790483623743
-0.05146382749080657
-0.007951480336487293
-0.04396672546863556
-0.025162704288959503
-0.09743021428585052
-0.08265743404626846
-0.07858055830001831
-0.03001599013805389
-0.06269081681966782
-0.033392466604709625
-0.08234031498432158
-0.013411425985395908
-0.10006286203861237
-0.034969061613082886
-0.1061372235417366
-0.057459935545921326
-0.014871743507683275
-0.04254179820418358
-0.048030417412519455
-0.07913418114185333
-0.043670538812875755
-0.034900177270174026
-0.07079154998064041
-0.04130387306213378
-0.06516823172569275
-0.05060277879238129
-0.05293452739715576
-0.09301558881998062
-0.0771404504776001
-0.03541766479611397
-0.0791528970003128
-0.04277258366346359
-0.05345970392227173
-0.0632256269454956
-0.05546132475137711
0.0037994962185621266
-0.06414478272199631
-0.026067446917295452
-0.08054610341787338
-0.04756505414843559
-0.09622686356306077
-0.05277847498655319
-0.07536949217319489
-0.05508306622505188
-0.0613786056637764
-0.03189052268862724
-0.051332294940948486
-0.03971577808260918
-0.06855267286300659
-0.04706264659762383
-0.027993500232696533
-0.025568310171365734
-0.03298003599047661
-0.0786774903535843
-0.06139882653951645
-0.06549164652824402
-0.07208265364170073
-0.06345145404338837
-0.09325285255908966
-0.0424928292632103
-0.05602484941482544
0.0053669363260269165
-0.08917164802551268
-0.017025675624608994
-0.03873275592923164
-0.0643753930926323
-0.04640991613268852
-0.052091315388679504
-0.04877813905477524
-0.048377588391304016
-0.0668686032295227
-0.06475487351417542
-0.053810596466064446
-0.05165980011224747
-0.08915311098098755
-0.04807223007082939
-0.046724751591682434
-0.023916516453027725
-0.08197598159313203
-0.06262623518705368
-0.06470762193202972
-0.05323837697505951
-0.0928450971841812
-0.09477448463439939
-0.022157467901706692
-0.048182044178247445
-0.07515758275985716
-0.06480720639228821
-0.034956883639097214
-0.0944664552807808
-0.040008459240198135
-0.03926292806863785
-0.054865986108779914
-0.06940584629774094
-0.05860874056816101
-0.07417507469654083
-0.047431882470846176
-0.03250274807214737
-0.04153832048177719
-0.037929944694042206
-0.03878072649240494
-0.05527549237012863
-0.05857125669717789
-0.03944727033376694
-0.12024670839309692
-0.06035377085208893
-0.03467316180467605
-0.03853826597332954
-0.05474739521741867
-0.05070632696151733
-0.03751622512936592
-0.06894956529140472
-0.07036668062210083
-0.04398831725120544
-0.060945652425289154
-0.04194165766239166
-0.06239578127861023
-0.04348162934184074
-0.060273133218288415
-0.07891009747982025
-0.052181117236614234
-0.07033839076757431
-0.06372697651386261
-0.06633979827165604
-0.05918657779693604
-0.0817066952586174
-0.0630829781293869
-0.06527121365070343
-0.03491080924868584
-0.044002976268529885
-0.042994696646928794
-0.06732431799173355
-0.04212083667516708
-0.06614333391189575
-0.04978267848491669
-0.07319287210702896
-0.07157959789037704
-0.046259582042694085
-0.04496006667613983
-0.06231445074081421
-0.05113786458969116
-0.0516785904765129
-0.07986697554588316
-0.050857290625572205
-0.08884096145629881
-0.07021402567625046
-0.05623702704906464
-0.0444970317184925
-0.03115324303507805
-0.06158362329006195
-0.06177455931901932
-0.04287217557430267
-0.042448900640010834
-0.047851741313934326
-0.02150251716375351
-0.0711965262889862
-0.029225356876850128
-0.03147231042385101
-0.03396417945623398
-0.04728983342647552
0.0008185012266039848
-0.07590855658054352
-0.09895727783441544
-0.03183456510305405
-0.09861085563898087
-0.06639059633016585
-0.05949703603982925
-0.07264535129070283
-0.04002346098423004
-0.05656634271144866
-0.05346853286027908
-0.05445738136768341
-0.0750262141227722
-0.07176920771598816
-0.004381881095468998
-0.03375125303864479
-0.07763919234275818
-0.039358559995889664
-0.07872139662504195
-0.06915900111198425
-0.05504228174686432
-0.030334047973155972
-0.07187198102474213
-0.040258415043354034
-0.05682778358459473
-0.055827803909778595
-0.06928865611553192
-0.06190067529678345
-0.08136832714080809
-0.03081848472356796
-0.05245012044906616
-0.04045141488313674
-0.06512764096260071
-0.02578279748558998
-0.05732477456331253
-0.05938269942998886
-0.04743984341621399
-0.04681593924760818
-0.05116037279367447
-0.023936517536640167
-0.07389952242374419
-0.04074759036302567
-0.06074300408363342
-0.04787521064281464
-0.06358204782009125
-0.05524437129497528
-0.03139137849211693
-0.06857439875602722
-0.04255577549338341
-0.045677278190851205
-0.08864974975585938
-0.035176269710063934
-0.09061753749847411
-0.08139517903327942
-0.0635492280125618
-0.07055057585239409
-0.07063256204128265
-0.07013840973377228
-0.015690181404352188
-0.047187920659780495
-0.04437469318509102
-0.014734505675733088
-0.060157522559165955
-0.0455489493906498
-0.03831599652767181
-0.028805799782276157
-0.05593065917491913
-0.04340049996972084
-0.067393958568573
-0.037925392389297485
-0.03714358061552048
-0.10779427736997604
-0.05534732341766357
-0.02059170603752136
-0.048074916005134576
-0.059543639421463006
-0.026612620800733566
-0.05808462202548981
-0.05071572214365005
-0.06767818331718445
-0.03169085830450057
-0.0641021877527237
-0.031388379633426666
-0.04813150316476822
-0.01982320100069046
-0.026778623461723328
-0.028040640056133274
-0.07507986575365065
-0.07289426773786543
-0.06135381758213043
-0.02847003564238548
-0.055273205041885376
-0.04529071599245072
-0.013673101551830769
-0.060446165502071374
-0.04381044581532478
-0.08716563880443573
-0.06329916417598724
-0.06720726191997528
-0.06307704001665115
-0.07672803848981857
-0.05430297553539276
-0.06097564846277237
-0.08014007657766342
-0.08155930787324905
-0.05610567331314087
-0.04066374152898789
-0.08680541813373564
-0.0675150528550148
-0.07453177869319916
-0.03732019662857056
-0.08061891049146652
-0.07916919142007828
-0.08160990476608275
-0.024139262735843655
-0.04203609749674797
-0.06133721023797989
-0.06292205303907393
-0.08072946965694427
-0.10612326115369795
-0.04303208366036415
-0.017721615731716156
-0.0435674786567688
-0.06586682796478271
-0.0474248006939888
-0.062098003923892975
-0.053426265716552734
-0.03940480202436447
-0.05680304765701294
-0.05522680282592773
-0.04030519723892212
-0.05709013342857361
-0.06236349791288376
-0.05003686249256135
-0.0154219726100564
-0.05203686654567719
-0.06975941359996796
-0.061750277876853936
-0.04029746353626251
-0.019603416323661804
-0.05474177002906799
-0.04110730439424514
-0.07851511240005493
-0.03263115882873535
-0.0346389040350914
-0.08212891221046446
-0.04609036445617676
-0.03452593833208084
-0.04590822011232376
-0.0911034494638443
-0.035478025674819946
-0.05568504333496094
-0.053960084915161126
-0.04646299034357071
-0.022591862827539444
-0.023177929222583767
-0.04280537739396095
-0.06251461803913116
-0.06757725030183792
-0.07427794486284256
-0.03231299668550491
-0.04369350150227547
-0.07372481375932693
-0.016550276428461075
-0.09037142246961592
-0.07772360742092131
-0.07131087779998779
-0.06496617197990417
-0.03651195019483566
-0.05486001074314117
-0.03579796478152275
-0.033866241574287415
-0.04246389120817184
-0.039789192378520966
-0.07975985109806061
-0.04394309222698212
-0.06802745163440704
-0.06650184094905853
-0.04184698313474655
-0.04893817752599716
-0.07098694145679474
-0.07744554430246353
-0.029309064149856567
-0.08386076986789702
-0.020634833723306652
-0.05141457915306091
-0.0759281814098358
-0.09196647256612776
-0.08186937123537062
-0.05848408490419388
-0.09234514832496643
-0.008051891811192036
-0.042682744562625885
-0.057866200804710395
-0.061487533152103424
-0.0732523500919342
-0.08573773503303526
-0.04806845262646675
-0.07765256613492964
-0.06049709022045136
-0.035911452025175095
-0.07032626867294312
-0.024759598076343536
-0.06090796738862991
-0.07145848125219345
-0.04184289276599884
-0.07534793019294737
-0.07269981503486633
-0.03823530673980713
-0.06476448476314545
-0.0982411503791809
-0.03089144080877304
-0.09794948250055312
-0.09418418258428572
-0.03454088792204857
-0.043212328106164925
-0.05961789190769196
-0.03380458801984787
-0.05945135653018952
-0.07413552701473235
-0.06717859208583832
-0.06995335221290588
-0.0647297129034996
-0.010516070760786532
-0.0051926421001553535
-0.03307867795228958
-0.0062407637014985085
-0.04288411140441895
-0.04638580232858658
-0.008124963380396366
-0.039708085358142846
-0.033496931195259094
-0.027110289782285687
-0.03333289921283722
-0.051049113273620605
-0.03925859928131104
-0.04772895574569702
-0.058000341057777405
-0.06348448991775513
-0.0701386034488678
-0.057675041258335114
-0.044493719935417175
-0.053545206785202026
-0.06659287214279175
-0.03934026509523392
-0.05517438054084778
-0.04218760877847672
-0.03526649624109268
-0.04111292958259583
-0.07369010150432585
-0.04906001687049866
-0.06568126380443573
-0.07035139948129654
-0.05116052925586701
-0.06748837977647781
-0.05942556262016296
-0.06818021833896637
-0.06242434680461884
-0.05296531319618225
-0.07389071583747862
-0.019631512463092804
-0.044585540890693665
-0.0726678967475891
-0.058927647769451134
-0.06656161695718765
-0.08066040277481078
-0.04203651100397109
-0.016436152160167694
-0.06983665376901627
-0.07436597347259521
-0.05561482161283493
-0.053442783653736115
-0.11639724671840668
-0.039790581911802285
-0.051086053252220154
-0.08311420679092406
-0.03788686916232109
-0.05189754068851471
-0.06020914763212204
-0.061096936464309685
-0.04286159574985504
-0.03593697026371956
-0.048195652663707726
-0.04784689098596573
-0.04874999821186066
-0.05161074548959732
-0.0562024712562561
-0.06317796558141708
-0.02571388334035873
-0.030694030225276947
-0.011066914536058903
-0.014184138737618923
-0.05231864750385285
-0.04006652906537056
-0.02801059558987617
-0.05133499950170517
-0.0564180463552475
-0.06198879331350327
-0.062154389917850494
-0.05067214369773865
-0.06928075850009918
-0.09557844698429108
-0.0868658572435379
-0.06290632486343384
-0.03805583715438842
-0.07396163046360016
-0.10105743259191512
-0.0635744035243988
-0.0771273374557495
-0.06245843321084976
-0.06240227818489075
-0.08282609283924103
-0.092399001121521
-0.03620810434222221
-0.03892377018928528
-0.032418347895145416
-0.04325380921363831
-0.04649254679679871
-0.04467606917023658
-0.060369618237018585
-0.05136962980031967
-0.05477818101644516
-0.07158759236335753
-0.04429018869996071
-0.06518332660198212
-0.05924622714519501
-0.03677988797426224
-0.05506670475006104
-0.09027719497680664
-0.12841980159282684
-0.033112317323684685
-0.05294419825077057
-0.07112006843090057
-0.08831390738487244
-0.06446771323680878
-0.07642886042594908
-0.06285135447978973
-0.04717041552066802
-0.0515672042965889
-0.030338931828737255
-0.07687520235776901
-0.03775367513298988
-0.08162881433963774
-0.07062769681215286
-0.04155723750591278
-0.08904819190502167
-0.06162382662296295
-0.05407395213842392
-0.04961978644132614
-0.0529048889875412
-0.050938017666339874
-0.07042983919382095
-0.08003294467926025
-0.06124260276556015
-0.05487285554409027
-0.05071201920509338
-0.03782067820429802
-0.047728106379508965
-0.07296470552682877
-0.06978018581867218
-0.036033064126968384
-0.07662110030651091
-0.03731054067611694
-0.07741503417491914
-0.057216450572013855
-0.06120995432138442
-0.059574350714683526
-0.07245367765426636
-0.03926347196102142
-0.016896981745958328
-0.06203688681125641
-0.07380250096321107
-0.028904639184474945
-0.022514045238494877
-0.07748670876026154
-0.05028995871543884
-0.08527980744838713
-0.07769718766212462
-0.04978528618812561
-0.03318716213107109
-0.0598202720284462
-0.02171142026782036
-0.07055021822452545
-0.05594871938228607
-0.05602264404296875
-0.0465855784714222
-0.023650690913200375
-4.208926111459732e-05
-0.04622601717710495
-0.07054859399795532
-0.06672611832618713
-0.05236891657114029
-0.067536361515522
-0.027196571230888367
-0.06417659670114517
-0.0806022435426712
-0.06827308982610703
-0.05142932385206223
-0.03522513061761856
-0.06469456851482391
-0.0866037979722023
-0.0552264079451561
-0.03541918843984604
-0.04698812216520309
-0.0629209354519844
-0.07215595245361328
-0.03621138632297516
-0.037632547318935394
-0.038963332772254944
-0.060548648238182075
-0.035026997327804565
-0.09358690679073331
-0.0559101477265358
-0.08025995641946793
-0.09266141057014464
-0.059191644191741936
-0.04922597110271454
-0.038612529635429375
-0.04022587090730667
-0.027208946645259857
-0.058419495820999146
-0.0753968134522438
-0.033923327922821045
-0.07796105742454527
-0.06859631091356277
-0.078318327665329
-0.07599999010562895
-0.02649226784706116
-0.0964306592941284
-0.05309746414422989
-0.056088611483573914
-0.035072825849056244
-0.04367432370781898
-0.05363138020038605
-0.050081007182598114
-0.056682489812374115
-0.0031908033415675163
-0.03034673258662224
-0.044190675020217896
-0.07902854681015015
-0.030050635337829586
-0.0551145076751709
-0.06481970846652985
-0.05733483284711838
-0.03722108155488968
-0.02725676819682121
-0.06500260531902313
-0.04050213098526001
-0.049288637936115265
-0.09977549314498899
-0.07523290812969206
-0.03406255319714546
-0.046956464648246765
-0.07155424356460571
-0.03851162642240524
-0.051643453538417816
-0.05132210254669189
-0.0387045219540596
-0.06772816181182861
-0.05453724414110184
-0.06370831280946732
-0.046826455742120736
-0.029920063912868496
-0.04895397275686264
-0.04609575495123863
-0.0898061990737915
-0.027169629931449887
-0.0886068195104599
-0.05951564759016037
-0.04432720318436623
-0.05055359750986099
-0.04319344833493233
-0.040860392153263085
-0.05932037532329559
-0.05253905802965164
-0.04099031537771225
-0.07718065381050108
-0.06414888054132462
-0.08492149412631987
-0.0398130975663662
-0.0418425127863884
-0.058002956211566925
-0.060275480151176446
-0.02089887112379074
-0.03562125563621521
-0.06344862282276154
-0.07914450764656067
-0.06457559764385223
-0.07489252835512161
-0.07775601744651793
-0.005808481015264988
-0.03023573011159897
-0.06346573680639267
-0.043151818215847015
-0.07654225826263428
-0.03615394234657288
-0.043986111879348755
-0.04682338610291481
-0.08228303492069244
-0.04641316831111908
-0.0604189857840538
-0.040924862027168274
-0.09119507670402528
-0.0527300089597702
-0.06791797280311584
-0.0793163850903511
-0.06327871978282928
-0.06623272597789764
-0.07582420855760574
-0.032328229397535324
-0.0458502471446991
-0.04129143431782722
-0.03241916000843048
-0.05614379793405533
-0.03604399785399437
-0.10249309241771698
-0.033235840499401086
-0.07507235556840897
-0.03437461331486701
-0.06792634725570679
-0.05694370716810226
-0.03707529976963997
-0.03698845952749252
-0.06047334522008896
-0.07405309379100798
-0.02535800263285637
-0.0537443608045578
-0.05366253852844238
-0.07371027767658234
-0.058736301958560944
-0.03715290129184722
-0.04284767061471939
-0.05303515493869781
-0.0450279638171196
-0.0689687430858612
-0.07022310048341751
-0.052187561988830566
-0.06940356642007828
-0.08326747268438339
-0.015601455233991146
-0.04805081337690353
-0.0733242928981781
-0.03182538598775864
-0.04872137308120728
-0.06402912735939026
-0.07369351387023924
-0.025471929460763928
-0.05833803862333298
-0.08157072216272354
-0.058266445994377136
-0.043318010866642
-0.0731898322701454
-0.014474774710834026
-0.04134627431631088
-0.029457397758960724
-0.11469767987728118
-0.02027677744626999
-0.08689470589160918
-0.07715018838644028
-0.05574575066566467
-0.03199261054396629
-0.06608334928750992
-0.0255969911813736
-0.049402892589569085
-0.03398701921105385
-0.07860931009054184
-0.051986925303936
-0.03512134775519371
-0.02285635471343994
-0.03850793465971947
-0.0572407990694046
-0.07257898896932603
-0.06402202695608139
-0.08170006424188614
-0.08403759449720383
-0.04174306243658066
-0.0684429183602333
-0.03345838934183121
-0.05958519876003265
-0.02761085331439972
-0.046986896544694894
-0.056600950658321374
-0.05207201093435288
-0.060388155281543725
-0.0409623198211193
-0.04690665379166603
-0.11566726863384245
-0.02701440826058388
-0.0568847730755806
-0.03277318924665451
-0.05556517839431763
-0.058012865483760834
-0.06459490209817886
-0.027111109346151352
-0.09681406617164612
-0.0789881944656372
-0.04069642722606658
-0.03275328874588013
-0.055397748947143555
-0.06526283919811249
-0.09307307004928589
-0.04663226008415222
-0.015303366817533968
-0.014865637756884098
-0.05880037695169449
-0.07446037232875824
-0.06976218521595001
-0.0662761926651001
-0.05005636811256409
-0.04467213898897171
-0.09540678560733795
-0.04343686252832413
-0.03702393174171448
-0.06126666069030762
-0.04034095257520676
-0.0778534710407257
-0.05046438425779343
-0.032314322888851166
-0.058083906769752496
-0.04295628517866135
-0.013298789970576763
-0.0664958506822586
-0.050078779458999634
-0.052672497928142555
-0.060938313603401184
-0.08867447823286057
-0.04666535556316376
-0.0554119274020195
-0.050228506326675415
-0.06741645932197571
-0.05168432742357255
-0.05163973569869995
-0.023170754313468933
-0.07410697638988496
-0.04679512232542037
-0.061264514923095696
-0.04080631583929062
-0.03175102174282073
-0.06257996708154678
-0.06542227417230606
-0.019525896757841114
-0.06040627509355545
-0.05692829936742783
-0.03924250602722168
-0.006075846962630749
-0.07578274607658386
-0.03246540576219559
-0.08264425396919249
-0.0577382817864418
-0.07076359540224075
-0.10534927248954772
-0.03870181739330292
-0.03518369421362877
-0.05323784053325653
-0.0714074969291687
-0.03142346069216728
-0.07204961776733398
-0.0414079949259758
-0.021463919430971146
-0.05992886424064636
-0.006966066546738148
-0.06328432261943817
-0.06806817650794983
-0.054657436907291405
-0.10417558997869492
-0.04271332174539567
-0.06518781930208206
-0.029908373951911926
-0.03901669010519981
-0.0968693271279335
-0.08934442698955536
-0.07572040706872941
-0.06884179264307022
-0.07442109286785124
-0.048337828367948525
-0.052091389894485474
-0.07376341521739958
-0.03803211450576782
-0.0485135093331337
-0.08989284932613373
-0.03752553090453148
-0.044036075472831726
-0.012346153147518635
-0.07134213298559189
-0.016018282622098923
-0.03611653670668601
-0.05073046684265137
-0.015398272313177584
-0.026102259755134583
-0.07127363979816437
-0.05719783157110214
-0.10104243457317352
-0.056694462895393365
-0.09986735135316847
-0.05226290971040726
-0.06742864847183228
-0.07496819645166397
-0.051308639347553246
-0.03889112174510956
-0.05765382945537567
-0.08443631231784819
-0.07484600692987442
-0.02132540568709373
-0.041708871722221375
-0.0515180230140686
-0.04171229898929596
-0.07573763281106947
-0.057382732629776
-0.06177789717912673
-0.06968120485544205
-0.04326365143060684
-0.06008988618850708
-0.027296259999275208
-0.052396111190319054
-0.06320762634277344
-0.08753246814012526
-0.04511234536767006
-0.07624335587024687
-0.053763248026371
-0.06950221955776215
-0.07106063514947891
-0.033523090183734894
-0.06203936040401459
-0.04911062121391296
-0.08941544592380524
-0.020729348063468933
-0.045904703438282006
-0.0720297247171402
-0.0703938901424408
-0.109159916639328
-0.030136197805404663
-0.03581852838397026
-0.06259969621896744
-0.02793172746896744
-0.05469300597906113
-0.021452892571687695
-0.05763770639896393
-0.06986436247825623
-0.04260700196027756
-0.05837054550647736
-0.06464917957782745
-0.11876487731933592
-0.047886840999126434
-0.05207423120737076
-0.03438059985637665
-0.09404379874467848
-0.06038287281990051
-0.04123234376311302
-0.07345438003540039
-0.08166776597499846
-0.04724270105361938
-0.08603367209434509
-0.05170305073261261
-0.0631084144115448
-0.02829381078481674
-0.06367742270231247
-0.04511556029319763
-0.02967941015958786
-0.04329827055335045
-0.020518541336059567
-0.02472292631864548
-0.014063376002013683
-0.07759959995746611
-0.05503851920366287
-0.04264214634895325
-0.043233998119831085
-0.028569679707288746
-0.08123305439949036
-0.07174541056156158
-0.06542938947677612
-0.05767640471458435
-0.05060963332653046
-0.07655778527259825
-0.060451000928878784
-0.09270431846380232
-0.06223900616168976
-0.1376831829547882
-0.05921854078769684
-0.06487035751342773
-0.04972618818283081
-0.0413203164935112
-0.059641778469085686
-0.04862836748361588
-0.06950552761554718
-0.07646447420120238
-0.03746553137898445
-0.04471513628959656
-0.042329542338848114
-0.04174401611089706
-0.06600446999073029
-0.05309510976076126
-0.06364735215902328
-0.052443727850914
-0.08952489495277405
-0.04983019828796387
-0.0594545304775238
-0.07632969319820403
-0.051970720291137695
-0.012851116247475147
-0.03949062526226044
-0.02667799964547157
-0.03365247696638107
-0.052630677819252014
-0.05448037385940552
-0.059358447790145874
-0.041051730513572686
-0.07605914026498793
-0.05224250257015228
-0.041115552186965935
-0.05544251203536987
-0.05746995657682418
-0.07614357769489288
-0.07271446287631987
-0.07762076705694199
-0.049405306577682495
-0.021546430885791775
-0.06219620257616043
-0.07164888083934784
-0.08245497196912764
-0.06924621760845184
-0.08566246926784515
-0.019352663308382034
-0.059038519859313965
-0.037296559661626816
-0.057986319065094
-0.06477974355220795
-0.06402584165334702
-0.022395703941583637
-0.04203580319881439
-0.05293073505163193
-0.02752663195133209
-0.05581415444612503
-0.0806317627429962
-0.04271942377090454
-0.056726694107055664
-0.09201879799365997
-0.08805835247039795
-0.01737384870648384
-0.04700421541929245
-0.09972295910120009
-0.0795411244034767
-0.03240269422531128
-0.034967102110385895
-0.02618500962853432
-0.08239941298961638
-0.07636758685111998
-0.0816982090473175
-0.0621919259428978
-0.04248588532209396
-0.04376295953989029
-0.021216016262769696
-0.11448973417282104
-0.06048963218927384
-0.02782858535647392
-0.04272368550300598
-0.0379129834473133
-0.0008296240121126176
-0.011155773885548115
-0.046458467841148376
-0.03259728848934173
-0.09222188591957091
-0.061800435185432434
-0.03662098944187164
-0.028202299028635025
-0.048766635358333595
-0.04627670720219612
-0.09100849181413649
-0.06116385757923126
-0.016713842749595642
-0.05754468590021133
-0.05060700327157974
-0.09972532838582993
-0.05841262638568878
-0.052612371742725365
-0.06902959942817688
-0.09372273087501523
-0.07271951436996461
-0.06919968128204346
-0.06256526708602905
-0.047823727130889886
-0.018114063888788223
-0.07955672591924667
-0.048123616725206375
-0.05570614337921143
-0.05119609832763672
-0.065721794962883
-0.07096228003501892
-0.03376494348049164
-0.03976372256875038
-0.04944738745689392
-0.06908147037029265
-0.0504084900021553
-0.0694480612874031
-0.036257218569517136
-0.04459478706121445
-0.06415015459060669
-0.07908375561237334
-0.05926921963691712
-0.08812843263149261
-0.053927436470985406
-0.03635522723197937
-0.000949195586144924
-0.06360670179128647
-0.05146046727895737
-0.039862077683210366
-0.04480539634823799
-0.04748617112636566
-0.08437955379486085
-0.02736807614564896
-0.06583942472934723
-0.03778167068958282
-0.04760534316301346
-0.04395153746008873
-0.059734001755714417
-0.04142446443438529
-0.042943768203258514
-0.04362561926245689
-0.027109462767839432
-0.08646348863840102
-0.05644398182630538
-0.03586040809750557
-0.05260227620601655
-0.04191138595342636
-0.03899487853050232
-0.07978507876396179
-0.032442137598991394
-0.08073318004608153
-0.07911369949579239
-0.02999060600996017
-0.05567415803670883
-0.028450611978769302
-0.0369536392390728
-0.024566013365983963
-0.06992065161466599
-0.06909815967082977
-0.03616393730044365
-0.010201121680438519
-0.02058219537138939
-0.027990758419036865
-0.04383161291480064
-0.04018014669418335
-0.04123266413807869
-0.05813867598772049
-0.024158481508493423
-0.042574286460876465
-0.05391567200422287
-0.05933474004268646
-0.05970396101474761
-0.09222143888473511
-0.046190161257982254
-0.03791484609246253
-0.0329626128077507
-0.052034936845302575
-0.05889047682285309
-0.04620729759335518
-0.016758184880018234
-0.02679707109928131
-0.016154702752828598
-0.08259052038192749
-0.05652977526187897
-0.03301556780934334
-0.05505970120429993
-0.06273426115512848
-0.06564029306173325
-0.04101179912686348
-0.08283206820487976
-0.04660569876432418
-0.06904919445514679
-0.03788867592811584
-0.0277046412229538
-0.05604185163974761
-0.025449242442846295
-0.04983658343553543
-0.03489290177822113
-0.04203664883971214
-0.07556960731744766
-0.047474294900894165
-0.08432041853666306
-0.01592351123690605
-0.06087211519479752
-0.025910839438438412
-0.021963220089673996
-0.07871785759925842
-0.035827316343784325
-0.07478655874729155
-0.08344840258359909
-0.03692629188299179
-0.0760829821228981
-0.09982879459857939
-0.04322672635316849
-0.04404600337147713
-0.03798552975058556
-0.05806007236242294
-0.07462458312511443
-0.046358950436115265
-0.04673372954130173
-0.03337307274341583
-0.06746573746204376
-0.047429971396923065
-0.056928403675556176
-0.08527280390262604
-0.04867643117904663
-0.05439692735671997
-0.05323404073715209
-0.08105451613664627
-0.05746585130691528
-0.07308842986822128
-0.033891461789608
-0.026419945061206818
-0.09467753022909164
-0.02965933084487915
-0.07298148423433302
-0.04257230088114738
-0.06166122108697891
-0.06452946364879608
-0.04583197087049484
-0.09123192727565763
-0.07935431599617004
-0.0726386159658432
-0.0630369782447815
-0.03023028001189232
-0.08554667234420776
-0.04600513726472855
-0.09498909860849379
-0.0581345409154892
-0.06955623626708984
-0.07365964353084563
-0.041163705289363854
-0.007502063177525997
-0.03897608071565628
-0.10085165500640868
-0.09811192750930786
-0.08114853501319885
0.0029687276110053062
-0.1012534275650978
-0.06532219052314758
-0.05956044793128967
-0.04669633507728577
-0.07439091801643372
-0.044983480125665665
-0.06828030198812485
-0.018136199563741684
-0.022460006177425385
-0.031386226415634155
-0.04833012819290161
-0.07180991023778915
-0.0535845160484314
-0.060577549040317535
-0.04947928339242935
-0.06404280662536621
-0.06721168011426926
-0.03272708132863045
-0.016527283936738968
-0.060087837278842926
-0.05000055581331253
-0.0778443366289139
-0.023820366710424423
-0.05320867151021957
-0.07962193340063095
-0.07288631796836853
-0.05406847596168518
-0.07581143081188203
-0.027187705039978027
-0.03085995465517044
-0.05186492949724197
-0.07205075025558472
-0.04042737558484077
-0.04161830246448517
-0.027261704206466675
-0.10248761624097824
-0.09742061793804167
-0.05381844937801361
-0.07815064489841461
-0.04187245666980744
-0.04918915033340454
-0.04966999590396881
-0.013365172781050203
-0.034272372722625725
-0.07763361185789107
-0.07253871858119965
-0.038313649594783776
-0.08270371705293654
-0.01573336496949196
-0.03268922865390777
-0.05493292212486267
-0.0346502847969532
-0.05511470139026642
-0.05877622216939926
-0.09219112247228622
-0.08220309764146803
-0.030379496514797207
-0.03768768161535263
-0.06583382934331894
-0.031623005867004395
-0.06622289121150969
-0.06320381164550781
-0.0790756344795227
-0.06755624711513519
-0.09161298722028732
-0.04901771247386932
-0.06164262443780899
-0.0202367827296257
-0.04094859212636948
-0.059297867119312286
-0.044761680066585534
-0.06059769541025162
-0.052601099014282234
-0.04500826820731163
-0.01896090805530548
-0.04548439383506775
-0.03940139338374138
-0.06983578205108643
-0.04408566653728485
-0.028643354773521423
-0.09214508533477785
-0.0798078402876854
-0.09455398470163344
-0.046939849853515625
-0.0507841557264328
-0.08421842753887177
-0.05361495167016983
-0.07862332463264465
-0.10336466133594512
-0.03555484861135483
-0.07104749232530594
-0.05192756652832031
-0.0343000702559948
-0.04845698922872543
-0.08082997053861618
-0.017760049551725388
-0.04738699644804001
-0.0605049803853035
-0.022046744823455807
-0.01812218129634857
-0.022458858788013455
-0.0928223207592964
-0.04607946798205376
-0.046838447451591485
-0.08008235692977905
-0.051772333681583405
-0.08492593467235565
-0.0628354549407959
-0.07075288891792297
-0.0442594513297081
-0.08722372353076935
-0.05492351204156876
-0.05353421717882156
-0.02735939621925354
-0.09460227936506271
-0.10483020544052124
-0.09173422306776047
-0.0638352632522583
-0.06937283277511597
-0.063749760389328
-0.06497104465961456
-0.05280536413192749
-0.0787612795829773
-0.04663416743278504
-0.04673846065998077
-0.0760117769241333
-0.05030198395252228
-0.05461607873439789
-0.08040688931941986
-0.05498649179935455
-0.07205215096473694
-0.08189180493354797
-0.07745447754859923
-0.05903097987174988
-0.013666442595422268
-0.007926988415420054
-0.07142004370689392
-0.05986794829368591
-0.08611656725406647
-0.06690404564142227
-0.06496385484933853
-0.01680658385157585
-0.09090615808963776
-0.06876030564308168
-0.03805473446846008
-0.023889578878879547
-0.0554165318608284
-0.04723131284117699
-0.044038765132427216
-0.06317027658224106
-0.0032737692818045616
-0.028557144105434418
-0.08640707284212112
-0.07659614831209183
-0.04828982427716255
-0.051284536719322205
-0.09004927426576614
-0.04641810059547424
-0.0589011088013649
-0.04889527708292008
-0.05033977329730988
-0.05122055113315582
-0.05097422003746033
-0.061493128538131714
-0.084297351539135
-0.02330901473760605
-0.04195936769247055
-0.02718264982104301
-0.06146714091300964
-0.0402822345495224
-0.0442461296916008
-0.049640312790870667
-0.050851739943027496
-0.11136029660701752
-0.05616317689418793
-0.0214921236038208
-0.0486162006855011
-0.07471831142902374
-0.03935476392507553
-0.040533635765314095
-0.058183588087558746
-0.05497317761182785
-0.04783187434077263
-0.045326024293899536
-0.08589678257703781
-0.0006506806239485741
-0.08171085268259048
-0.07043334841728209
-0.05274959653615952
-0.09534104168415068
-0.04524379223585129
-0.06278233975172043
-0.054835401475429535
-0.05333612859249114
-0.05561085045337677
-0.045847252011299126
-0.06520576775074005
-0.0422595851123333
-0.05658936500549317
-0.081321619451046
-0.09419718384742735
-0.05969543755054474
-0.05236465483903885
-0.02663806080818176
-0.06510312110185623
-0.04391911998391152
-0.06669863313436508
-0.09590494632720947
-0.025530397891998288
-0.0193481408059597
-0.03615377098321915
-0.07081729173660278
-0.04655027762055397
-0.02749887481331825
-0.056801795959472656
-0.034207358956336975
-0.08293768763542174
-0.05886092782020569
0.004743225872516632
-0.06746413558721542
-0.06621970981359482
-0.03649985417723656
-0.04805305972695351
-0.04222401604056358
-0.04016906768083572
-0.08546438813209532
-0.06747934967279434
-0.07626555860042573
-0.05064494907855988
-0.055071160197258
-0.0685209184885025
-0.05108129978179932
-0.03553227707743645
-0.07730265706777571
-0.031057503074407578
-0.06303902715444565
-0.09107190370559692
-0.03662552684545517
-0.060000821948051446
-0.03606440871953964
-0.052402056753635406
-0.04959940165281296
-0.05634046345949173
-0.05596663057804108
-0.0766851156949997
-0.007504024542868137
-0.04763542860746384
-0.03746236860752106
-0.050583653151988976
-0.01191618386656046
-0.09565183520317075
-0.04358848929405213
-0.06187398731708527
-0.04593590646982193
-0.09134136140346528
0.014655149541795252
-0.08076229691505432
-0.062422633171081536
-0.0361175499856472
-0.06481049209833145
-0.05024312436580657
-0.08869193494319916
-0.0679544061422348
-0.05906330794095993
-0.07250799238681793
-0.047031037509441376
-0.055437490344047546
-0.035475119948387146
-0.03156916797161102
-0.0529128685593605
-0.00013808999210596085
-0.05440244823694229
-0.04892873764038086
-0.04402399063110352
-0.047262281179428094
-0.06164785474538803
-0.06208968907594681
-0.05261754244565964
-0.0541100949048996
-0.08084376156330109
-0.04049442708492279
-0.0660167932510376
-0.03706809878349304
-0.0582147091627121
-0.0490538701415062
-0.08332220464944838
-0.058313220739364624
-0.08331575989723204
-0.049131833016872406
-0.06251713633537292
-0.06483173370361328
-0.08292125165462493
-0.020027518272399902
-0.1041719615459442
-0.011897780932486056
-0.08152623474597931
-0.052950404584407806
-0.03770633786916733
-0.054170966148376465
-0.07547009736299513
-0.08051508665084839
-0.03992830216884613
-0.0624975860118866
-0.05916622281074524
-0.06040798127651215
-0.05016890168190002
-0.04636722058057785
-0.0355733186006546
-0.03074372559785843
-0.05703074485063553
-0.015482272021472454
-0.0514313131570816
-0.08017674088478088
-0.07621099799871443
-0.0535723865032196
-0.09218479692935944
-0.10552584379911421
-0.07995419204235077
-0.06844566762447357
-0.06774867326021193
-0.04913534224033356
-0.08764953911304474
-0.055730000138282776
-0.028592079877853397
-0.03197447210550308
-0.07690036296844481
-0.02770459651947021
-0.06314411759376526
-0.073844775557518
-0.0564945787191391
-0.0973198190331459
-0.06806957721710205
-0.02350262179970741
-0.025779202580451965
-0.0440530702471733
-0.07389180362224579
-0.07827418297529219
-0.051305532455444336
-0.041246533393859856
-0.03338212892413139
-0.0539623498916626
-0.07723084837198257
-0.049488306045532234
-0.04338743537664413
-0.061764732003211975
-0.06589673459529877
-0.01050776895135641
-0.04850535094738007
-0.0717875212430954
-0.020760923624038696
-0.07701025903224945
-0.07862937450408934
-0.04833357408642769
-0.05480457842350006
-0.12065790593624114
-0.07280561327934265
-0.07725216448307037
-0.010193088091909884
-0.061813831329345696
-0.08909416943788528
-0.06878609955310822
-0.018810182809829712
-0.07806205749511719
-0.07602833956480026
-0.08062350004911423
-0.06922771036624908
-0.04838471114635468
-0.04357508197426796
-0.08881923556327821
-0.07445399463176726
-0.014655177481472492
-0.0437670573592186
-0.04935196787118912
-0.042055226862430566
-0.04676523804664612
-0.016572944819927216
-0.04714399576187134
-0.05667579919099808
-0.053583912551403046
-0.05092503130435944
-0.07471797615289688
-0.08585985749959946
-0.04409639164805412
-0.07661600410938264
-0.08636552095413208
-0.06151343137025833
-0.07490706443786621
-0.062113747000694275
-0.05940636247396469
-0.03072116896510124
-0.033547259867191315
-0.06293787062168121
-0.020734466612339016
-0.07712865620851517
-0.05006492137908936
-0.07790862023830412
-0.07129049301147461
-0.08477413654327393
-0.0655273050069809
-0.038482412695884705
-0.033577825874090195
-0.0532195046544075
-0.05083726346492767
-0.091875858604908
-0.09335651248693466
-0.050347544252872474
-0.02933012694120407
-0.044643670320510864
-0.04965949803590775
-0.03913233429193497
-0.03894711285829544
0.007889579050242899
-0.1028749942779541
-0.04344305768609047
-0.09165767580270769
-0.045991040766239166
-0.04512123391032218
-0.062043070793151855
-0.014760051853954792
-0.035190872848033905
-0.024035025388002396
-0.028235670179128647
-0.062479794025421136
-0.06339249014854431
-0.05026980489492416
-0.07008261978626251
-0.05605774372816086
-0.07672902196645735
-0.05833064019680023
-0.05921833217144013
-0.059772662818431854
-0.044156160205602646
-0.03494681790471077
-0.04902613162994385
-0.02354089915752411
-0.06506910920143127
-0.06419460475444794
-0.04851972684264183
-0.06145757436752319
-0.0524623617529869
-0.07991118729114531
-0.023300483822822567
-0.04594189301133156
-0.08408255130052567
-0.07887084782123564
-0.05119055509567261
-0.02068012952804565
-0.0905151292681694
-0.060617178678512566
-0.06282547861337662
-0.03994877636432648
-0.0825350135564804
-0.03037336841225624
-0.06770122796297073
-0.03663893789052963
-0.07320916652679443
-0.029031123965978622
-0.0644867792725563
-0.0638694316148758
-0.02901481837034225
-0.014147142879664896
-0.049961023032665246
-0.043755944818258286
-0.06336486339569092
-0.08008974045515059
-0.07990416884422302
-0.08797408640384674
-0.0513751357793808
-0.05775232613086701
-0.08484151959419249
-0.03407937288284302
-0.02887827903032303
-0.04612656682729721
-0.07630817592144012
-0.05658729374408722
-0.008863515220582485
-0.065481998026371
-0.052735231816768646
-0.03585362434387207
-0.06377146393060684
-0.10347399115562438
-0.01089895237237215
-0.05829237401485443
-0.0877763330936432
-0.024228960275650024
-0.03061787784099579
-0.039207980036735535
-0.0489419624209404
-0.07651903480291367
-0.054961301386356354
-0.04279690980911255
-0.03917139768600464
-0.0678282380104065
-0.0475245788693428
-0.06199264526367188
-0.08951948583126067
-0.0690748393535614
-0.03583900257945061
-0.06971783936023712
-0.035621047019958496
-0.026189155876636505
-0.10711201280355452
-0.051554277539253235
-0.07124412059783936
-0.056938312947750085
-0.03627919033169746
-0.06901843845844269
-0.06113262474536896
-0.04335629940032959
-0.048533082008361816
-0.07632184028625488
-0.03627276420593262
-0.0621822252869606
-0.08029317855834961
-0.05878294259309769
-0.027757547795772552
-0.0511825829744339
-0.07443737238645554
-0.053177930414676666
-0.05161917209625244
-0.01797487586736679
-0.04108497500419617
-0.04110601171851158
-0.05750475823879242
-0.057588383555412286
-0.0433855764567852
-0.0939529314637184
-0.03906220942735672
-0.0792652741074562
-0.042420081794261925
-0.08841538429260254
-0.07627277076244354
-0.04035378247499466
-0.05963672697544098
-0.0228898748755455
-0.08632583916187286
-0.04922029376029968
-0.032074328511953354
-0.0411769226193428
-0.027909848839044567
-0.032830290496349335
-0.04575816914439201
-0.000409088097512722
-0.07027360051870346
-0.04048357903957367
-0.09738294780254365
-0.04638304561376572
-0.05792094767093658
-0.046569161117076874
-0.046881750226020806
-0.013586820103228092
-0.07264140248298645
-0.03838158398866653
-0.0775667279958725
-0.030050586909055706
-0.04104471206665039
-0.08949267119169235
-0.05573377013206482
-0.10790536552667616
-0.06707648932933807
-0.04161319136619568
-0.04178854078054428
-0.07138215005397797
-0.09208685159683229
-0.1004539206624031
-0.08175074309110641
-0.09286461770534515
-0.060153812170028687
-0.06111504137516022
-0.07081887871026993
-0.047943934798240655
-0.0577307716012001
-0.05358599871397018
-0.05613119900226593
-0.052398912608623505
-0.06530235707759857
-0.05487368255853653
-0.04871873557567597
-0.04332665726542473
-0.037620410323143005
-0.03586453199386597
-0.044300563633441925
-0.01942622661590576
-0.0990489199757576
-0.07147668302059174
-0.04668357968330383
-0.05478673428297042
-0.07090437412261963
-0.03740598261356354
0.0114917429164052
-0.09125989675521849
-0.06434126198291779
-0.05784336477518082
-0.04395236074924469
-0.06504279375076294
-0.060456231236457825
-0.025142014026641846
-0.06163635104894638
-0.03566250950098038
-0.06876062601804733
-0.021851275116205212
-0.08548937737941742
-0.04483476281166077
-0.0944634824991226
-0.07089652121067047
-0.004026229493319988
-0.06781185418367386
-0.049636974930763245
-0.0662936195731163
-0.0466998890042305
-0.08413174003362654
-0.057412780821323395
-0.03657355159521103
-0.06159268319606781
-0.06025292724370957
-0.05542497336864472
-0.07237307727336884
-0.06600793451070786
-0.04883243888616562
-0.08233971893787384
-0.027380719780921936
-0.0017214603722095487
-0.08140382915735245
-0.020140476524829865
-0.04553795605897904
-0.009761442430317402
-0.14101333916187286
-0.020326368510723117
-0.05853182077407837
-0.02794996276497841
-0.06904329359531403
-0.024790816009044647
-0.09966988861560819
-0.07053232192993164
-0.03960112109780312
-0.07714879512786865
-0.05877646803855896
-0.044005777686834335
-0.07908304035663603
-0.08007515221834183
-0.05257420986890793
-0.07153016328811646
-0.07694767415523529
-0.08321998268365861
-0.05318770557641983
-0.0808013528585434
-0.03903836011886597
-0.03210064396262169
-0.08853679895401001
-0.05873360484838486
-0.050469711422920234
-0.03344958275556564
-0.09679054468870163
-0.058694958686828606
-0.06012881547212601
-0.06237909942865372
-0.036161471158266074
-0.07088601589202881
-0.03188562020659447
-0.03530142456293106
-0.03140004724264145
-0.06993228197097777
-0.08823314309120178
-0.06017202138900757
-0.08766399323940277
-0.03190004453063011
-0.03700998798012733
-0.03639493137598038
-0.03655018657445908
-0.048715971410274506
-0.04580242931842804
-0.08625464886426924
-0.05531781911849976
-0.05239759385585785
-0.05503114312887192
-0.10622011870145796
-0.005481072701513767
-0.037027034908533096
-0.08229564130306243
-0.06817949563264847
-0.029233310371637344
-0.04365598037838936
-0.051659226417541504
-0.03953929990530015
-0.07511240243911742
-0.07010586559772491
-0.0760567933320999
-0.03610267117619514
-0.05354022234678269
-0.04083825647830963
-0.0725136697292328
-0.04691845551133156
-0.06078635901212692
-0.06859959661960602
-0.09160539507865904
-0.03752398490905762
-0.03924159333109856
-0.03777235746383666
-0.07578851282596588
-0.06162150204181671
-0.05747848004102706
-0.06041225790977479
-0.1128356158733368
-0.042674925178289407
-0.04695269465446472
-0.04132785648107529
-0.03139301389455795
-0.05434204638004303
-0.08257512748241425
-0.07749564200639725
-0.04524319991469383
-0.029175318777561188
-0.05257523059844971
-0.03830825537443161
-0.046412549912929535
-0.0310455784201622
-0.03562576696276665
-0.10178986191749571
-0.05605955421924591
-0.05115310102701187
-0.002693156711757183
-0.040414631366729736
-0.04873669147491455
-0.054648406803607934
-0.04019642993807793
-0.04452355206012726
-0.05383843183517456
-0.045431628823280334
-0.044778257608413696
-0.11285385489463806
-0.04127498716115952
-0.03888893127441406
-0.01899787038564682
-0.07234949618577957
-0.05361747741699218
-0.0853804126381874
-0.04208114743232727
-0.039761438965797424
-0.03530488163232803
-0.03458141162991524
-0.06362567842006683
-0.06513254344463348
-0.08069983124732971
-0.07228963822126387
-0.014723713509738444
-0.04423426091670989
-0.05846592038869858
-0.05569262057542801
-0.06918121874332428
-0.05989143997430801
-0.04593047127127648
-0.05956678092479706
-0.038057804107666016
-0.06039668619632721
-0.05675773322582245
-0.03281131014227867
-0.050569966435432434
-0.07617384195327759
-0.06256070733070374
-0.08482643961906433
-0.09180805832147598
-0.038100365549325936
-0.039387501776218414
-0.08093436807394028
-0.05856750160455704
-0.04957922548055649
-0.03573872148990631
-0.04804880172014237
-0.054022565484046936
-0.05473242700099945
-0.062462687492370605
-0.012606746517121792
-0.047819480299949646
-0.02982866019010544
-0.0679599791765213
-0.034482188522815704
-0.012913093902170658
-0.0629221573472023
-0.05919577926397324
-0.0465829111635685
-0.04363653063774109
-0.06277712434530258
-0.07316283881664275
-0.06453049927949905
-0.04195480793714523
-0.056650444865226746
-0.04599525779485703
-0.04641520604491234
-0.04482042044401169
-0.05099616199731826
-0.05356649309396744
-0.06306402385234833
-0.05887720733880997
-0.08816673606634141
-0.06911277770996094
-0.029971636831760406
-0.06642838567495346
-0.018375739455223083
-0.0398639477789402
-0.06461964547634125
-0.05283871293067932
-0.029286287724971768
-0.04316280782222748
-0.05278121680021287
-0.09433092921972273
-0.08240781724452972
-0.00026215799152851105
-0.05893757939338684
-0.08432473242282867
-0.06602014601230621
-0.06803281605243683
-0.032287344336509705
-0.0533856377005577
-0.08765531331300734
-0.07379893213510513
-0.048831403255462646
-0.0005854237824678421
-0.029604971408843998
-0.050259366631507874
-0.04133970662951469
-0.09124097973108292
-0.06462746858596802
-0.05658211559057236
-0.03300886228680611
-0.008790609426796435
0.0002944832667708397
-0.06701011955738068
-0.04466636478900909
-0.05700232833623886
-0.06468198448419571
-0.0681152418255806
-0.07301166653633116
-0.04313182830810546
-0.08054794371128082
-0.04249051958322525
-0.06559719890356064
-0.05607798695564271
-0.04340207204222679
-0.03491703048348427
-0.056252434849739075
-0.05943592637777328
-0.06070683151483536
-0.04217846691608429
-0.05888485908508301
-0.05246860533952713
-0.06753727793693542
-0.04758370667695999
-0.06181077659130096
-0.09061609208583832
-0.068906269967556
-0.05343472212553024
-0.031574688851833344
-0.07101012766361237
-0.0384618490934372
-0.029047615826129917
-0.05407710373401642
-0.05545266717672348
-0.10572287440299988
-0.04484815523028374
-0.018655613064765927
-0.07595928013324738
-0.08762671053409576
-0.03966341912746429
-0.06951052695512772
-0.03204185515642166
-0.07906544208526611
-0.07094386965036392
-0.057919666171073914
-0.04033019021153449
-0.07190296053886414
-0.04088024795055389
-0.0778055414557457
-0.07479526102542877
-0.044417839497327805
-0.03914167732000351
-0.06524505466222763
-0.07880933582782745
-0.039267972111701965
-0.03132699429988861
-0.061665892601013184
-0.07233168929815292
-0.052030012011528015
-0.050919488072395325
-0.0011313604190945623
-0.03227144852280617
-0.06118641048669815
-0.07968730479478835
-0.037414997816085815
-0.060034707188606255
-0.028305761516094208
-0.0481264553964138
-0.07080544531345367
-0.05702652782201767
-0.06002276390790939
-0.021506398916244503
-0.053232282400131226
-0.062192723155021674
-0.03953272476792336
-0.07039712369441986
-0.02804115787148476
-0.07755798101425171
-0.02620290219783783
-0.05984240770339966
-0.05875546485185623
-0.038034364581108086
-0.09657202661037444
-0.07417667657136917
-0.04549269378185272
-0.08319744467735289
-0.07697011530399321
-0.08485409617424011
-0.07423944026231764
-0.02463201433420181
-0.04972284287214279
-0.05835036188364029
-0.06071717292070389
-0.06850793957710266
-0.043824728578329086
-0.033099330961704254
-0.060631051659584045
-0.03686017170548439
-0.060179583728313446
-0.05275552719831467
-0.04478706791996956
-0.05370749533176422
-0.07882949709892273
-0.03784363716840744
-0.09154363721609117
-0.042998701333999634
-0.0691777765750885
-0.04868826270103455
-0.05757293105125427
-0.06699683517217636
-0.06044139713048935
-0.05063788592815399
-0.06840960681438446
-0.10273806005716324
-0.10004888474941252
-0.040312990546226495
-0.05433027446269989
-0.052672453224658966
-0.0668518990278244
-0.022428881376981732
-0.09744824469089507
-0.07337746024131776
-0.06712942570447922
-0.0134590370580554
-0.03700537979602814
-0.03586857020854949
-0.049596838653087616
-0.06872990727424622
-0.07821103930473326
-0.06288594007492065
-0.04651004076004028
-0.05110545456409454
-0.06541100889444351
-0.028824470937252045
-0.004892566241323948
-0.07943258434534074
-0.049288183450698846
-0.062472932040691376
-0.043720223009586334
-0.06295132637023926
-0.026416774839162823
-0.07800616323947905
-0.0557733029127121
-0.05202065408229828
-0.03188348561525345
-0.07097432762384415
-0.07963178306818008
-0.05828754603862762
-0.07284427434206009
-0.04225514084100723
-0.04178601503372192
-0.07996599376201628
-0.07413609325885773
-0.04171597957611084
-0.005763637833297253
-0.0557606816291809
-0.03554137423634529
-0.06607172638177872
-0.0673176571726799
-0.06878504157066345
-0.04725950211286545
-0.0451015904545784
-0.04664582014083862
-0.06197413057088852
-0.0790603831410408
-0.0849495604634285
-0.03726750984787941
-0.055020853877067566
-0.03103551268577576
-0.041097454726696014
-0.050885535776615136
-0.052162937819957726
-0.10746657848358154
-0.033784281462430954
-0.0627824068069458
-0.05454892665147781
-0.0663658156991005
-0.05976722389459609
-0.043161358684301376
-0.062012329697608955
-0.04955180734395981
-0.03250539302825928
-0.06676094979047775
-0.07733812928199768
-0.035477109253406525
-0.04916764795780182
-0.04522129148244858
-0.059829942882061005
-0.0985952690243721
-0.07649919390678404
-0.07218359410762787
-0.06304101645946503
-0.05098654329776764
-0.027479123324155807
-0.035259418189525604
-0.10134603083133696
-0.04362262040376663
-0.05207151174545288
-0.037442438304424286
-0.05587790161371231
0.0006439834833145142
-0.03792594000697136
-0.06181106716394424
-0.03009408712387085
-0.07416708767414093
-0.02439115568995476
-0.09784814715385437
-0.025128401815891262
-0.044952142983675
-0.057328030467033386
-0.053558945655822754
-0.04883546382188797
-0.003218219615519047
-0.07726030051708221
-0.05477389693260193
-0.05969872325658798
-0.035169266164302826
-0.03469077870249748
-0.0870867520570755
-0.06840886920690536
-0.08057316392660142
-0.12931302189826965
-0.07392413914203644
-0.07439082860946654
-0.04699154943227768
-0.041600175201892846
-0.05744449794292449
-0.021214649081230164
-0.07977269589900969
-0.07887237519025801
-0.047362618148326874
-0.058132350444793694
-0.03829534724354744
-0.07637847959995268
-0.04500298947095871
-0.057916097342967994
-0.07541383802890778
-0.05346602201461792
-0.09257137775421143
-0.04411114752292633
-0.10925765335559844
-0.045058373361825936
-0.049892812967300415
-0.04043981432914734
-0.03406650945544243
-0.06269412487745285
-0.061877675354480736
-0.04107922315597534
-0.0545840710401535
-0.04483545571565628
-0.0666394755244255
-0.07485002279281616
-0.06473009288311005
-0.0522664487361908
-0.038054369390010834
-0.05111625790596008
-0.08361521363258362
-0.049508482217788696
-0.06461207568645477
-0.057587429881095886
-0.0463699847459793
-0.05374080687761306
-0.05233639478683472
-0.04990456998348236
-0.041277334094047546
-0.04944449663162232
-0.04298882186412811
-0.10069089382886887
-0.08410222828388214
-0.07857079803943634
-0.06002357602119446
-0.07741166651248932
-0.05832292139530182
-0.016992297023534775
-0.056174635887146
-0.044192258268594735
-0.05633513629436493
-0.028831005096435543
-0.07552000135183334
-0.05527935922145844
-0.03507751226425171
-0.0657925009727478
-0.049802929162979126
-0.05833831429481506
-0.06636954843997955
-0.0890917107462883
-0.031303223222494125
-0.0525558665394783
-0.053074471652507775
-0.024559892714023594
-0.06558412313461304
-0.015583784319460392
-0.060034222900867455
-0.06304730474948883
-0.043579421937465675
-0.06016716361045837
-0.06499049067497253
-0.07942457497119902
-0.03182342275977135
-0.043446019291877754
-0.0731634572148323
-0.07303223013877869
-0.08121979236602782
-0.05273742973804474
-0.06586474925279617
-0.05363355576992034
-0.02562503144145012
-0.0665741115808487
-0.0544654056429863
-0.09158491343259811
-0.06409342586994171
-0.08190368860960007
-0.048400036990642555
-0.05604363977909088
-0.04137153923511505
-0.031279005110263824
-0.05790975689888
-0.050647109746932976
-0.07810596376657486
-0.0717216432094574
-0.03196985274553299
-0.0525018572807312
-0.03958779573440552
-0.063393235206604
-0.02364955842494965
-0.05403755605220795
-0.05504171550273895
-0.03484205901622772
-0.07567298412322998
-0.06008600443601608
-0.025077927857637405
-0.017038799822330475
-0.02615226432681084
-0.054980218410491936
-0.05665391683578491
-0.0939115360379219
-0.052156440913677216
-0.05343298614025116
-0.07182939350605011
-0.04113344103097916
-0.09806363284587859
-0.06925492733716965
-0.06630554050207138
-0.07244250178337097
-0.06998123228549957
-0.02004850655794144
-0.04883578419685364
-0.07330925017595291
-0.0037915399298071857
-0.07450872659683228
-0.035814203321933746
-0.08830036222934723
-0.07360963523387909
-0.03273267298936844
-0.04001060873270034
-0.06131240725517273
-0.018945731222629547
-0.04760503768920898
-0.04484274983406066
-0.07121183723211288
-0.03843344002962112
-0.06552224606275558
-0.03817490488290787
-0.08133311569690704
-0.026206444948911663
-0.04705391451716423
-0.048669770359992974
-0.07377661764621735
-0.07122477889060974
-0.028399728238582608
-0.07243160158395766
-0.0452774316072464
-0.08447387069463731
-0.006184040568768977
-0.06343191862106323
-0.07522438466548918
-0.050693318247795105
-0.05606794357299805
-0.0448978990316391
-0.07174146175384521
-0.03440577909350395
-0.05739668011665344
-0.0861843079328537
-0.05152387171983719
-0.06865280866622925
-0.04468146339058876
-0.06530135869979857
-0.0509604811668396
-0.05287384241819382
-0.0956377014517784
-0.04873114824295044
-0.07786572724580765
-0.043499216437339776
-0.049443066120147705
-0.07849617302417755
-0.01636279746890068
-0.051238253712654114
-0.07014405727386475
-0.03175213932991028
-0.06595934182405472
-0.0465778186917305
-0.013428070582449436
-0.04902396351099014
-0.04480139911174774
-0.03885643556714058
-0.021988116204738617
-0.035924967378377914
-0.06477221846580505
-0.08930207043886185
-0.06499114632606505
-0.062338680028915405
-0.08621230721473692
-0.054382309317588806
-0.04604564234614372
-0.08393683284521104
-0.07688672840595245
-0.06889475882053375
-0.05789107084274292
-0.03362099081277847
-0.0555204153060913
-0.029310986399650574
-0.07586199045181273
-0.05196594446897507
-0.05823931843042374
-0.04869189113378525
-0.04863620921969414
-0.04115749150514603
-0.05904756486415863
-0.013443213887512684
-0.07279159128665923
-0.02929256111383438
-0.056627057492733
-0.031480856239795685
-0.03776879608631135
-0.03198673576116562
-0.07351051270961761
-0.060267612338066094
-0.03687582165002823
-0.07933871448040009
-0.026554424315690998
-0.031773172318935394
-0.043118879199028015
-0.03196800500154495
-0.07157957553863525
-0.004206900484859943
-0.04707755520939826
-0.10322710871696472
-0.03735502064228058
-0.04295720905065536
-0.05558627843856812
-0.07327039539813995
-0.021214395761489868
-0.05333039164543152
-0.05536364763975144
-0.07542483508586884
-0.041404068470001214
-0.04222205281257629
-0.043085172772407525
-0.044557921588420875
-0.06220373511314392
-0.013490107841789722
-0.07215607166290283
-0.0644669458270073
-0.05112871527671813
-0.0599571168422699
-0.059793494641780846
-0.09681649506092072
-0.0664224848151207
-0.0709686353802681
-0.027999967336654663
-0.047360178083181374
-0.04378904029726982
-0.06046713888645172
-0.05477429926395416
-0.06086352467536926
-0.061247102916240685
-0.08796834945678712
-0.10343416780233385
0.009620276279747486
-0.08432681858539581
-0.02685286104679108
-0.037323057651519775
-0.043752070516347885
-0.04460009932518005
-0.02320491522550583
-0.04239330440759658
-0.054318413138389594
-0.05767849087715149
-0.012055623345077036
-0.06506738811731339
-0.0673343762755394
-0.0409843623638153
-0.059235237538814545
-0.031056933104991913
-0.057383760809898376
-0.04848969727754593
-0.03630551695823669
-0.04455782100558281
-0.06939827650785446
-0.04279938712716103
-0.07667830586433409
-0.04887811094522476
-0.06226947903633118
-0.05906426906585693
-0.07228553295135498
-0.04111225157976151
-0.08293848484754561
-0.044242724776268005
-0.06323510408401489
-0.05114521086215973
-0.04425841569900513
-0.06695602834224701
-0.07583975791931152
-0.04197119921445847
-0.042072743177413933
-0.03997001424431801
-0.0570174902677536
-0.08239465951919556
-0.04219058156013489
-0.06075400114059448
-0.011517439968883991
-0.08433058857917786
-0.046170946210622794
-0.0524626225233078
-0.03639011830091477
-0.08806978166103363
-0.04041861742734909
-0.05433357506990433
-0.04295678436756135
-0.06465716660022736
-0.03528626635670662
-0.03362150490283966
-0.06077064573764801
-0.05274251848459244
-0.053305730223655694
-0.02218328416347504
-0.04277319461107255
-0.06744472682476044
-0.06844853609800339
-0.021743573248386383
-0.04517261683940888
-0.07439948618412019
-0.06265892088413239
-0.12597708404064178
-0.052494049072265625
-0.05278208851814271
-0.03986236453056336
-0.01814674586057663
-0.049899324774742126
-0.057638198137283325
-0.027076002210378647
-0.056114315986633294
-0.05168662965297698
-0.02677813544869423
-0.04890475422143936
-0.05772416293621063
-0.05322667956352234
-0.036936748772859566
-0.07217419147491455
-0.05760049819946289
-0.05558042973279953
-0.029528848826885223
-0.06923675537109375
-0.049044348299503326
-0.08565957844257353
-0.07643886655569075
-0.0623582899570465
-0.06026174873113632
-0.07131611555814743
-0.05997148901224136
-0.04750246927142143
-0.045381613075733185
-0.03829381242394447
-0.09030602872371672
-0.08551374822854996
-0.0919918417930603
-0.06492659449577332
-0.0696483701467514
-0.08130820840597151
-0.04222019761800765
-0.03164808079600334
-0.04606815427541733
-0.05128088593482971
-0.015819061547517776
-0.058066196739673615
-0.07585316896438599
-0.06478452682495117
-0.08083301782608032
-0.061974696815013885
-0.08566090464591981
-0.05332525819540024
-0.033661846071481705
-0.0207752138376236
-0.04532595723867416
-0.08644217252731323
-0.06417201459407806
-0.09275807440280913
-0.0539436712861061
-0.046205244958400726
-0.05882880091667175
-0.04457526281476021
-0.04352416098117828
-0.06080596148967743
-0.06469612568616867
-0.04560309275984764
-0.09622301161289216
-0.04642652720212936
-0.059388048946857445
-0.038503870368003845
-0.050636231899261475
-0.0392383448779583
-0.04207377135753632
-0.03507246822118759
-0.09684132039546967
-0.04851027950644493
-0.07379961013793945
-0.07429289817810057
-0.06714235246181488
-0.10219129920005798
-0.015048670582473278
-0.04612747579813004
-0.09384921193122864
-0.08337379992008209
-0.04823760688304901
-0.019489873200654984
-0.07075022161006927
-0.05933357775211334
-0.07862201333045958
-0.0396515354514122
-0.09191268682479857
-0.0865628570318222
-0.04453323408961296
-0.07101082801818848
-0.06979373842477798
-0.05357275158166885
-0.027022927999496456
-0.04404246062040329
-0.05339294672012329
-0.0302015021443367
-0.07720629870891571
-0.045630961656570435
-0.09338928759098053
-0.02556827664375305
-0.024473052471876144
-0.06109243631362915
-0.07397986203432083
-0.04195532575249672
-0.057066529989242554
-0.05315010994672775
-0.08340125530958174
-0.02096961438655853
-0.0711795836687088
-0.0850454568862915
-0.07531201839447021
-0.06669510900974274
-0.021496146917343136
-0.10097688436508177
-0.04712716490030289
-0.05891549587249756
-0.0195767879486084
-0.033793482929468155
-0.04512646794319153
-0.060453616082668304
-0.033127687871456146
-0.030621256679296494
-0.03086807206273079
-0.09624142944812775
-0.054391205310821526
-0.07459694147109985
-0.06398577243089676
-0.0573832169175148
-0.04910394549369812
-0.05662565678358079
-0.0533231720328331
-0.021895229816436768
-0.04154579713940621
-0.06976602971553801
-0.06779762357473373
-0.026734516024589535
-0.05191846191883087
-0.06236860156059265
-0.05020606517791748
-0.04689145460724831
-0.05573612451553345
-0.05561340600252152
-0.033388204872608185
-0.10114744305610655
-0.06518658995628357
-0.06261035799980164
-0.060033738613128655
-0.06185314059257507
-0.07537270337343216
-0.042391091585159295
-0.10017719119787216
-0.06986692547798157
-0.05417948961257935
-0.02018345147371292
-0.056641072034835815
-0.059716261923313134
-0.046819649636745446
-0.061784788966178894
-0.07434359192848204
-0.04768823832273483
-0.07357078790664671
-0.07635582238435745
-0.07976151257753372
-0.04997166991233826
-0.07897089421749115
-0.043786875903606415
-0.06272216141223907
-0.04544224962592125
-0.03820372372865677
-0.04415973275899887
-0.06755669414997101
-0.012891761027276516
-0.019270572811365128
-0.04730590805411338
-0.04978813976049423
-0.04972343146800994
-0.06095653772354125
-0.05677896738052368
-0.014278045855462553
-0.03685644268989562
-0.05301276594400406
-0.05470086634159088
-0.05973285436630249
-0.05641105771064758
-0.06441432237625122
-0.031988687813282006
-0.01649561896920204
-0.04494217783212662
-0.06083805114030839
-0.08797439932823181
-0.07027918100357056
-0.06054551899433136
-0.05038116127252579
-0.07089361548423767
-0.03913089632987976
-0.0876845270395279
-0.05298979580402374
-0.016808073967695236
-0.08755715191364288
-0.041418857872486115
-0.016186032444238663
-0.05406627058982849
-0.05253057181835175
-0.056008420884609215
-0.07048358023166656
-0.07059866935014725
-0.051807790994644165
-0.01695007085800171
-0.04524433612823486
-0.02648016437888145
-0.050760626792907715
-0.06252433359622955
-0.03137528896331787
-0.061642438173294074
-0.06826368719339371
-0.02053068578243256
-0.050454773008823395
-0.05046346783638
-0.04768233001232147
-0.049894146621227264
-0.07174447178840637
-0.04881564527750015
-0.06777146458625793
-0.09601349383592604
-0.0413348600268364
-0.05009979009628296
-0.09454908967018127
-0.06448595970869064
-0.0423302948474884
-0.0748615711927414
-0.08612992614507675
-0.08345610648393632
-0.029893539845943447
-0.043609730899333954
-0.036153290420770645
-0.0338740199804306
-0.1037253960967064
-0.0396137349307537
-0.03652772679924965
-0.04333364591002464
-0.042582210153341286
-0.05572886765003204
-0.0666203498840332
-0.06569965183734894
-0.06692007184028625
-0.0465463101863861
-0.07213678956031798
-0.054958254098892205
-0.06621985137462616
-0.04947343468666077
-0.0230720154941082
-0.04762948676943778
-0.08610215783119202
-0.08521854877471924
-0.08424466848373413
-0.03865621238946915
-0.05022536218166351
-0.06616383790969849
-0.0503181591629982
-0.02274896204471588
-0.05186077207326889
-0.05973252654075623
-0.04445984214544296
-0.0387922078371048
-0.08948100358247758
-0.058101847767829895
-0.04589967429637909
-0.06482121348381041
-0.061739154160022736
-0.058598145842552185
-0.009020986966788769
-0.03451020643115044
-0.07969067990779875
-0.04414527118206024
-0.045549560338258736
-0.03092438727617264
-0.08243216574192046
-0.10615982115268709
-0.03910227119922638
-0.05574365705251694
-0.029872268438339237
-0.036091148853302
-0.05481085181236267
-0.047361698001623154
-0.033966463059186935
-0.05591245740652084
-0.08925706148147583
-0.06187513470649719
-0.04040447250008583
-0.036927752196788795
-0.04850579798221588
-0.0889005959033966
-0.026493966579437252
-0.08812224864959715
-0.04431143403053284
-0.06680488586425781
-0.051891379058361047
-0.04267286136746407
-0.04017794504761696
-0.09345891326665878
-0.07289838790893553
-0.08198276162147523
-0.0521371141076088
-0.04545953124761581
-0.05764109641313553
-0.04940652847290039
-0.010452360846102236
-0.079845130443573
-0.04597638174891472
-0.049968235194683075
-0.03533013537526131
-0.06470662355422974
-0.042843997478485114
-0.049892500042915344
-0.05702105164527893
-0.03961729630827904
-0.07217389345169067
-0.05870872735977173
-0.03954526036977768
-0.07828357070684433
-0.0471649132668972
-0.06489796936511993
-0.01581982895731926
-0.08493895828723907
-0.047769226133823395
-0.08818747103214264
-0.029427889734506607
-0.041320204734802246
-0.046150345355272286
-0.022296294569969177
-0.03674788773059845
-0.0014209896326065063
-0.02327910810709
-0.06554904580116272
-0.0272357240319252
-0.05204480886459351
-0.06153079867362976
-0.08180719614028929
-0.050476819276809685
-0.06363614648580551
-0.09793338179588316
-0.057894311845302575
-0.04968765377998352
-0.06752117723226547
-0.05785320699214935
-0.07208500802516937
-0.025249451398849487
-0.046730712056159966
-0.07164435088634491
-0.05064127594232559
-0.06293760240077972
-0.05748280882835388
-0.06822647154331207
-0.07671158015727997
-0.05966419726610184
-0.05103564262390137
-0.07129953801631927
-0.05894225090742111
-0.054767169058322906
-0.0443306490778923
-0.04524022340774536
-0.06267914921045303
-0.07555005699396133
-0.046074248850345605
-0.04880243539810181
-0.07113397121429443
-0.00556440744549036
-0.08587795495986937
-0.01940039172768593
-0.021617047488689423
-0.06923478096723557
-0.007057872600853443
-0.04777728021144866
-0.06397397816181183
-0.08618559688329697
-0.08153749257326126
-0.048253297805786126
-0.0610419288277626
-0.04414846748113632
-0.0428646132349968
-0.08305048942565918
-0.04222728312015533
-0.04208605736494064
-0.058103114366531365
-0.06396161764860153
-0.048276092857122414
-0.04838140308856964
-0.04926729947328568
-0.03194449841976166
-0.07866816967725754
-0.06350575387477875
-0.10820326209068298
-0.08708634972572327
-0.05347532033920288
-0.07062746584415436
-0.015559400431811808
-0.04903414845466614
-0.10248207300901412
-0.03291158005595207
-0.08304228633642195
-0.0564907044172287
-0.025180093944072723
-0.08661690354347229
-0.06437443941831589
-0.07537700235843657
-0.046772830188274384
-0.025873519480228424
-0.032529786229133606
-0.06285712122917175
-0.037109263241291046
-0.044001244008541114
-0.0831521600484848
-0.06703193485736847
-0.07890152186155318
-0.08430859446525572
-0.07661871612071992
-0.08646017313003539
-0.0897979736328125
-0.06207011640071869
-0.0710599273443222
-0.07905024290084839
-0.05347825586795807
-0.0681915134191513
-0.046907145529985435
-0.03235897421836853
-0.05557096004486084
-0.04276888445019721
-0.09497290849685669
-0.043217364698648446
-0.08708445727825165
-0.06420229375362396
-0.058184102177619934
-0.0328664556145668
-0.0510832816362381
-0.052112437784671777
-0.06302838027477264
-0.023916937410831448
-0.049344420433044434
-0.07022407650947571
-0.07112456113100052
-0.07897086441516876
-0.06481634825468063
-0.094013512134552
-0.05085296183824539
-0.04674167186021805
-0.04967866837978363
-0.09118060767650604
-0.0540153905749321
-0.03213252127170563
-0.0599355548620224
-0.07260064780712126
-0.028087005019187927
-0.08169563114643097
-0.04907402396202088
-0.05998151004314423
-0.07369325309991837
-0.05332021415233612
-0.054714597761631005
-0.07961471378803253
-0.06072025001049042
-0.05092708021402359
-0.05653198063373566
-0.05207730084657669
-0.04706938937306404
-0.028722595423460007
-0.05608144402503967
-0.09620080143213272
-0.06101441383361816
-0.06362813711166382
-0.007258814759552479
-0.071269690990448
-0.06174328178167343
-0.057285912334918976
-0.06476479023694992
-0.04636389017105103
-0.027303405106067657
-0.06248117238283157
-0.06707751750946045
-0.04938007146120072
-0.05033664405345917
-0.03572040796279907
-0.05153258144855499
-0.034583911299705505
-0.083256796002388
-0.07384056597948073
-0.05159132182598113
-0.053708307445049286
-0.055091217160224915
-0.03484995290637016
-0.03217631205916405
-0.05670402199029922
-0.07341470569372177
-0.06639504432678223
-0.06603589653968811
-0.06398624181747437
-0.06937908381223679
-0.03423311561346054
-0.05910839885473251
-0.04096245020627976
-0.028933390974998478
-0.05229629576206207
-0.0864388644695282
-0.0514754131436348
-0.06649641692638397
-0.04319196194410324
-0.07157423347234726
-0.014998138882219791
-0.05432611703872681
-0.057954661548137665
-0.04063262790441513
-0.04899295419454575
-0.04423170536756516
-0.10243372619152068
-0.04580169543623924
-0.06713518500328064
-0.07571110129356384
-0.06270349025726318
-0.04563871771097183
-0.05789744853973389
-0.04502984508872032
-0.07872477173805235
-0.09528276324272157
-0.060536012053489685
-0.0423627495765686
-0.08443892747163773
-0.07422030717134476
-0.08863437920808792
-0.03674938529729843
-0.060732074081897736
-0.06684789061546326
-0.0462508499622345
-0.06522588431835175
-0.045536935329437256
-0.021790657192468643
-0.05922320485115051
-0.09050507843494417
-0.030996017158031464
-0.03783691674470901
-0.05422992259263992
-0.06912817060947418
-0.033292613923549645
-0.1017136424779892
-0.041349545121192925
-0.06695250421762465
-0.04058106616139412
-0.025002211332321167
-0.055512696504592896
-0.056844741106033325
-0.06673548370599747
-0.052278876304626465
-0.05369956791400909
-0.036773651838302605
-0.06632386147975922
-0.047797132283449166
-0.0533493310213089
-0.08645692467689514
-0.06734791398048401
-0.04056574404239655
-0.04039466753602028
-0.0459396094083786
-0.05580257624387741
-0.0596279501914978
-0.06824011355638504
-0.08256834000349043
-0.02484098821878433
-0.03331324830651283
-0.076487697660923
-0.0158965103328228
-0.04801829904317856
-0.06811028718948364
-0.03111639618873596
-0.08044172823429108
-0.07012985646724701
-0.03402240574359894
-0.08909232169389725
-0.042135715484619134
-0.05048803240060806
-0.03781916201114655
-0.036855243146419525
-0.09002894163131715
-0.02898972108960152
-0.07296144217252731
-0.06535951793193817
-0.08072750270366669
-0.0895334556698799
-0.0624852329492569
-0.030173864215612408
-0.07707856595516205
-0.041254505515098565
-0.05900843441486359
-0.07430866360664366
-0.041329167783260345
-0.06638645380735397
-0.1000002920627594
-0.051044732332229614
-0.06141270697116852
-0.08452709019184113
-0.040336944162845605
-0.03358435258269309
-0.08864772319793701
-0.057530477643013
-0.05449815094470978
-0.06121096014976501
-0.052703805267810815
-0.03816738724708557
-0.02993226796388626
-0.04384234175086021
-0.05528123676776885
-0.0529252290725708
-0.07119487226009369
-0.06569606065750122
-0.018292799592018127
-0.042762450873851776
-0.062231212854385376
-0.03045099973678589
-0.06500101089477539
-0.06685756146907806
-0.07829807698726654
-0.03697098046541213
-0.07909168303012848
-0.08380141854286195
-0.06624076515436172
-0.031606681644916534
-0.05018172413110733
-0.06787320971488953
-0.06845807284116745
-0.06123269349336624
-0.09387019276618956
-0.018520332872867584
-0.041403815150260925
-0.08966756612062454
-0.046808429062366486
-0.0660461038351059
-0.08734026551246643
-0.09466661512851715
-0.06654810905456543
-0.08974726498126982
-0.0968960225582123
-0.04847034066915512
-0.015359354205429552
-0.07702908664941788
-0.03036713972687721
-0.0388028472661972
-0.09323313832283021
-0.08906948566436766
-0.04288574308156967
-0.026550613343715668
-0.06732703745365143
-0.08858413994312286
-0.0892132669687271
-0.01702393963932991
-0.05068580061197281
-0.046908728778362274
-0.05197782069444656
-0.07189757376909256
-0.05414655804634094
-0.0368022620677948
-0.03962623327970505
-0.09418061375617982
-0.06470350921154022
-0.07231159508228302
-0.030336327850818638
-0.03437650948762894
-0.04977848380804062
-0.04875577241182327
-0.0443197600543499
-0.06993016600608826
-0.07683773338794707
-0.04832049831748009
-0.07552895694971085
-0.06581702083349228
-0.03063958510756493
-0.041503045707941055
-0.05972850322723389
-0.08559215068817137
-0.05856100469827652
-0.03977254033088684
-0.06854967772960663
-0.02490876615047455
-0.06008823961019516
-0.054107874631881714
-0.04988131672143936
-0.057690560817718506
-0.03428852930665016
-0.03160148486495018
-0.08168974518775941
-0.07709940522909164
-0.06278198957443237
-0.015563799999654291
-0.096354141831398
-0.03723587840795517
-0.07395830750465393
-0.036906588822603226
-0.06280019879341125
-0.10783225297927856
-0.034812115132808685
-0.07829871773719788
-0.07820436358451843
-0.0697198361158371
-0.06814645230770111
-0.07071016728878021
-0.039549119770526886
-0.02415718138217926
-0.036274973303079605
-0.057307720184326165
-0.05162025988101959
-0.06716497987508774
-0.062192127108573914
-0.0360771045088768
-0.021483808755874637
-0.08331646025180817
-0.03910912945866585
-0.0806235745549202
-0.054564431309700005
-0.0741138756275177
-0.07606808841228485
-0.04222398996353149
-0.0687805712223053
-0.020376995205879208
-0.04797516018152237
-0.04286465421319008
-0.0430152602493763
-0.0946761965751648
-0.05208307504653931
-0.028299871832132336
-0.04795430973172188
-0.0451200008392334
-0.06458190083503723
-0.04462682455778121
-0.047291040420532234
-0.08287883549928665
-0.03339633718132973
-0.029214516282081604
-0.02612368389964104
-0.06389610469341278
-0.021475709974765778
-0.0521986186504364
-0.051490418612957
-0.05485625565052032
-0.04067054390907288
-0.05448587983846664
-0.05428675562143326
-0.09494827687740325
-0.03777496516704559
-0.08061981946229935
-0.022000644356012344
-0.03316399082541466
-0.07811373472213745
-0.04710542783141136
-0.10490965098142624
-0.08643951267004013
-0.071886345744133
-0.08281114697456358
-0.02819821983575821
-0.062351979315280914
-0.02620617300271988
-0.05112788081169128
-0.03846416249871253
-0.05365018546581268
-0.03795410320162773
-0.02165975794196129
-0.035779066383838654
-0.059238702058792114
-0.09384044259786604
-0.050374880433082574
-0.05374302715063095
-0.08868780732154846
-0.05822380632162094
-0.06726673245429993
-0.07101128250360489
-0.06575843691825867
-0.07198014110326767
-0.1058654636144638
-0.05330277979373932
-0.0565716028213501
-0.04658624157309532
-0.05283100157976151
-0.049783915281295776
-0.060432225465774536
-0.07735633105039597
-0.044100690633058555
-0.04996998608112335
-0.06647732853889465
-0.0732281506061554
-0.06962532550096512
-0.05584586411714554
-0.08195032179355621
-0.0644274353981018
-0.013904337771236897
-0.07244165241718291
-0.05217580497264862
-0.08733709156513214
-0.03564253821969032
-0.03899623453617096
-0.02466900274157524
-0.04138386249542236
-0.057890139520168304
-0.0516417920589447
-0.03218699619174004
-0.06550835072994232
-0.06993647664785385
-0.006473504938185215
-0.06541430950164795
-0.056187964975833886
-0.007103865034878254
-0.071290522813797
-0.04224309325218201
0.0017829937860369682
-0.05778329074382781
-0.0774221122264862
-0.019536085426807404
-0.06565940380096436
-0.05961861461400986
-0.04744593799114227
-0.04749047383666039
-0.03967943787574768
-0.029450923204422
-0.05462577939033508
-0.06789831072092056
-0.0392548069357872
-0.05093415081501007
-0.058511830866336816
-0.04848740622401237
-0.0553918182849884
-0.06023046374320984
-0.0368075892329216
-0.05534883588552474
-0.0741336941719055
-0.04712659120559692
-0.07859450578689574
-0.06607121229171753
-0.0364171639084816
-0.03903818875551224
-0.08197628706693649
-0.040402669459581375
-0.05067656934261321
-0.032163191586732864
-0.05842170864343643
-0.06485387682914734
-0.029312931001186367
-0.03287072107195854
-0.08771944046020509
-0.034825682640075684
-0.0746917426586151
-0.06073865294456482
-0.054020345211029046
-0.06124488264322281
-0.03257257863879204
-0.051847472786903374
-0.014527390711009502
-0.07936851680278778
-0.06166175007820129
-0.058082520961761475
-0.05421839654445648
-0.04271779581904411
-0.09772466868162157
-0.09112467616796492
-0.02675771713256836
-0.055029645562171936
-0.032324500381946564
-0.05076397955417633
-0.07239579409360884
-0.04136785864830017
-0.06878098845481873
-0.054443582892417915
-0.056084044277668
-0.06439171731472015
-0.08614520728588104
-0.07776983827352525
-0.07618454098701477
-0.036493707448244095
-0.08275426924228668
-0.0718713104724884
-0.05353336036205292
-0.018800199031829837
-0.05747881531715393
-0.044398777186870575
-0.036952279508113854
-0.08200686424970627
-0.07412580400705338
-0.0573258101940155
-0.08255130052566528
-0.0656338781118393
-0.055845484137535095
-0.0854126363992691
-0.044100452214479446
-0.051615558564662926
-0.018375776708126068
-0.04154372960329056
-0.0963737890124321
-0.05755458027124405
-0.0653366670012474
-0.026293743401765823
-0.06548301875591278
-0.027281805872917172
-0.07280340790748595
-0.0714515894651413
-0.09690328687429427
-0.05187349766492844
-0.042238153517246246
-0.034868329763412476
-0.04664220660924912
-0.003403673879802227
-0.041159637272357934
-0.04432694613933563
-0.010470797307789324
-0.030740920454263687
-0.044132065027952194
-0.09731951355934144
-0.07836481928825377
-0.06577526777982712
-0.04659900814294815
-0.06117028743028641
-0.04140964150428772
-0.034004129469394684
-0.03532901406288147
-0.08620519936084747
-0.08104173839092255
-0.06205602735280991
-0.058496639132499695
-0.031201310455799103
-0.04230590164661408
-0.027335409075021744
-0.051410332322120667
-0.03667794540524483
-0.047270990908145905
-0.0488666370511055
-0.05332346260547638
-0.03097041323781013
-0.06480563431978226
0.026069559156894684
-0.07326254248619078
-0.051756680011749275
-0.07231877744197845
-0.05720685422420502
-0.04455457627773285
-0.07573267817497253
-0.07482273876667023
-0.08609465509653091
-0.05436970293521881
-0.056695431470870965
-0.05465235561132431
-0.05513177812099457
-0.10410566627979279
-0.06496140360832214
-0.04103458672761917
-0.038035593926906586
-0.060442909598350525
-0.08938150107860565
-0.041947029531002045
-0.05997930467128754
-0.09021231532096863
-0.04300045594573021
-0.031334832310676575
-0.03617828339338303
-0.06331326812505722
-0.012048431672155855
-0.08216266334056854
-0.07564026117324829
-0.06631837785243988
-0.033290356397628784
-0.04962725192308426
-0.05732743442058563
-0.05989563465118408
-0.02876506000757217
-0.06040380150079727
-0.024414993822574612
-0.100283645093441
-0.0470661036670208
-0.024452209472656247
-0.05785846710205078
-0.043392617255449295
-0.062024250626564026
-0.04442330449819565
-0.05530425906181336
-0.05307210236787796
-0.034274354577064514
-0.05610550940036774
-0.04871662706136704
-0.0536310076713562
-0.05490441620349884
-0.08542267978191374
-0.06822475790977478
-0.07301820814609526
-0.06846997141838074
-0.06670049577951431
-0.08151821792125702
-0.03219820186495781
-0.06162650138139725
-0.03953903168439865
-0.045406989753246314
-0.059385240077972405
-0.04521897062659264
-0.05311763286590576
-0.05287529528141022
-0.06199922412633896
-0.030072428286075592
-0.03918023407459259
-0.08399014174938203
-0.05516171455383301
-0.07313716411590576
-0.04540162533521652
-0.0643908828496933
-0.07982853800058365
-0.06669767200946808
-0.07005796581506729
-0.0477353110909462
-0.06810297816991806
-0.04428565129637718
-0.03706393390893936
-0.025992184877395626
-0.06534066051244736
-0.02205865085124969
-0.01888980716466904
-0.04237753152847289
-0.052279964089393616
-0.06911002099514008
-0.04730816185474396
-0.06376418471336365
-0.05985081195831298
-0.037570498883724206
-0.03200676664710045
-0.08425666391849516
-0.06238867342472077
-0.027780242264270782
-0.07676425576210022
-0.04050593078136444
-0.049525029957294464
-0.012184628285467625
-0.037903331220149994
-0.02374206483364105
-0.04193409532308578
-0.051322884857654565
-0.07426373660564423
-0.0605817437171936
-0.08815572410821913
0.009060689248144625
-0.053803108632564545
-0.0584789514541626
-0.06686310470104218
-0.021585341542959213
-0.04364524781703949
-0.0003095129504799843
-0.05531670153141022
-0.06053597480058671
-0.06635644286870956
-0.035812858492136
-0.05199141800403594
-0.07414808124303818
-0.05604757368564606
-0.0484640896320343
-0.050663702189922326
-0.09721682965755463
-0.04055848345160484
-0.03794984519481658
-0.06901846081018448
-0.07849712669849396
-0.06668618321418762
-0.06094935536384583
-0.03359132260084152
-0.035315826535224915
-0.06430986523628235
-0.05323393642902374
-0.0703844428062439
-0.04946853220462799
-0.058412030339241035
-0.007336252368986607
-0.03439847379922867
-0.03344222158193588
-0.01403145957738161
-0.06943252682685852
-0.041347578167915344
-0.020159643143415448
-0.05510231852531433
-0.0912601202726364
-0.04417872056365013
-0.05803827941417694
-0.08953671157360078
-0.03574825078248978
-0.0511031448841095
-0.07088923454284668
-0.06253956258296967
-0.076529860496521
-0.0656580701470375
-0.09023145586252211
-0.0662129670381546
-0.06818418949842453
-0.03610667586326599
-0.08842268586158752
-0.05853782594203949
-0.04759316146373749
-0.04771409183740616
-0.0588461235165596
-0.03011980652809143
-0.04662909358739853
-0.09063731878995895
-0.02872372418642044
-0.07915034145116806
-0.050814732909202576
-0.11455923318862916
-0.06562189012765884
-0.07303321361541747
-0.07825492322444916
-0.0944877415895462
-0.04371936246752738
-0.05504882335662842
-0.03968551754951477
-0.05371566861867905
-0.020754694938659668
-0.09784293174743651
-0.065985307097435
-0.042025558650493615
-0.05543294548988342
-0.04258519038558006
-0.04607031494379044
-0.07513663172721863
-0.04445528611540794
-0.03362511843442917
-0.04231026396155357
-0.035659778863191605
-0.08062909543514252
-0.05509723722934722
-0.0721026360988617
-0.006198945455253124
-0.08018475770950317
-0.06716343015432358
-0.03861766681075096
-0.03459401801228523
-0.05610234290361405
-0.006486223079264164
-0.006020373664796352
-0.06476330012083054
-0.04214625805616378
-0.04804546386003494
-0.05100955069065093
-0.07630714774131776
-0.0729919895529747
-0.04624317586421967
-0.05454391986131668
-0.06542854011058807
-0.05782049894332886
-0.022713251411914825
-0.037394676357507706
-0.061702169477939606
-0.05393245816230774
-0.08001028001308441
-0.0652511715888977
-0.06470777094364166
-0.03211314603686333
-0.07948097586631776
-0.030355423688888546
-0.056249752640724175
-0.06004135310649872
-0.047024179250001914
-0.05470312386751175
-0.068355992436409
-0.07771758735179901
-0.06992882490158081
-0.07074770331382751
-0.08088978379964828
-0.07833485305309294
-0.005702991969883442
-0.03863819688558578
-0.0859735906124115
-0.04215400665998458
-0.0767427459359169
-0.053405046463012695
-0.05517985671758652
-0.09280907362699507
-0.06810466200113297
-0.041904665529727936
-0.03843333572149277
-0.06501150131225586
-0.04208742454648018
-0.06285624206066132
-0.09122711420059203
-0.06850496679544449
-0.08375900238752365
-0.05079967528581619
-0.06477981805801392
-0.031262025237083435
-0.09368345141410829
-0.02406027913093567
-0.06089602410793304
-0.048507917672395706
-0.09494663029909134
-0.024615306407213208
-0.059099987149238586
-0.05050555616617202
-0.03442348539829254
-0.05676732212305069
-0.00843306165188551
-0.0636063665151596
-0.06264355033636093
-0.04447052627801895
-0.06498321890830994
-0.05541941523551941
-0.04393306374549866
-0.03849988430738449
-0.05798612534999848
-0.0549846813082695
-0.05460002273321152
-0.07044211775064468
-0.0744893401861191
-0.04457393288612366
-0.04319501295685768
-0.06067728251218796
-0.058425307273864746
-0.05598296970129013
-0.07211996614933014
-0.02298455312848091
-0.049666963517665856
-0.03430501371622085
-0.02925703674554825
-0.02396688610315323
-0.011577588506042956
-0.036314945667982095
-0.07876407355070114
-0.0651501938700676
-0.09907679259777069
-0.04615852981805801
-0.042328543961048126
-0.05062788724899292
-0.048558097332715995
-0.05060607194900513
-0.09161434322595596
-0.05831211805343628
-0.04611996933817864
-0.04682175815105438
-0.05919435620307922
-0.05284194648265839
-0.03366412967443466
-0.04637223482131959
-0.07895799726247787
-0.019730072468519207
-0.05000991374254227
-0.0664067417383194
-0.03992033004760742
-0.06414646655321121
-0.03007248416543007
-0.07421223819255827
-0.038940392434597015
-0.07202734798192978
-0.059473566710948944
-0.06306277215480804
-0.03706303983926773
-0.09821762144565582
-0.06694659590721129
-0.029391095042228695
-0.0859672501683235
-0.05984131246805191
-0.0802662819623947
-0.04058682173490524
-0.08966869115829468
-0.05782175809144974
-0.06717048585414886
-0.03944754600524902
-0.07014921307563782
-0.029068894684314728
-0.03097429499030113
-0.06744708120822905
-0.06495487689971924
-0.0754178687930107
-0.07478229701519011
-0.041245467960834496
-0.07149489969015121
-0.03551153093576431
-0.05855477601289749
-0.02096923440694809
-0.040653444826602936
-0.06293041259050369
-0.04201483726501465
-0.06158488243818283
-0.04315679520368576
-0.049755990505218506
-0.05177782475948334
-0.06165368854999542
-0.08844603598117827
-0.0956358090043068
-0.0925384759902954
-0.04556820169091225
-0.07788974046707153
-0.04087317362427712
-0.038952186703681946
-0.058161839842796326
-0.06697340309619904
-0.05774439871311188
-0.06415291130542755
-0.024697400629520416
-0.06183916330337525
-0.04689940810203552
-0.07617229223251343
-0.05383256077766418
-0.06350292265415192
-0.11028997600078581
-0.07169277220964432
-0.10686273872852324
-0.019913129508495327
-0.06234326958656311
-0.037236608564853675
-0.0625559613108635
-0.05880120396614075
-0.05837460607290268
-0.07377241551876067
-0.06875971704721451
-0.08825479447841644
-0.05821031332015991
-0.06965728849172592
-0.0973796769976616
-0.0571136549115181
-0.034763894975185394
-0.027957916259765625
-0.06272174417972565
-0.03141099959611893
-0.06071445345878601
-0.041415680199861526
-0.06348377466201782
-0.04258805513381959
-0.04918181151151657
-0.08026549965143204
-0.0824013352394104
-0.02879371866583824
-0.04347812011837959
-0.04340451955795288
-0.050962015986442566
-0.08518150448799133
-0.044218674302101135
-0.028531692922115322
-0.045472092926502235
-0.05484350025653839
-0.036959998309612274
-0.060261696577072144
-0.029122352600097656
-0.05762282013893128
-0.056393496692180634
-0.02160379290580749
-0.11166736483573912
-0.04686571657657623
-0.06123580038547516
-0.04496727138757706
-0.03831294551491737
-0.06345689296722412
-0.06126126646995544
-0.05265505611896514
-0.027238525450229645
-0.06516358256340027
-0.037246108055114746
-0.04326736554503441
-0.0558956116437912
-0.05199182033538818
-0.07210611552000044
-0.05823110044002533
-0.03682318329811096
-0.046386055648326874
-0.033470433205366135
-0.07413505762815475
-0.050223052501678474
-0.03117500990629196
-0.04390278458595276
-0.028949961066246033
-0.07919925451278687
-0.04694022238254547
-0.06612001359462738
-0.05491838604211807
-0.07449512183666229
-0.061460964381694794
-0.024649452418088913
-0.10191468894481658
-0.06885643303394318
-0.03803728520870209
-0.10200845450162888
-0.035570792853832245
-0.0780457928776741
-0.05402529239654541
-0.07588941603899002
-0.07552404701709747
-0.04998181015253067
-0.04979933798313141
-0.07477425038814545
-0.036962807178497314
-0.028002552688121796
-0.03357025980949402
-0.046000465750694275
-0.05381856858730316
-0.06831610947847366
-0.04847265034914017
-0.039613835513591766
-0.06489786505699158
-0.0519355833530426
-0.033259183168411255
-0.06537310034036636
-0.039495527744293206
-0.09336140751838685
-0.019626032561063766
-0.045726537704467766
-0.06956042349338531
-0.06556567549705505
-0.04692484438419343
-0.07923973351716995
-0.062434285879135125
-0.041102394461631775
-0.03742910176515579
-0.062318377196788795
-0.025253519415855408
-0.05418885499238968
-0.028293468058109283
-0.04314403608441353
-0.07146230340003967
-0.06096812337636948
-0.07560686767101286
-0.08318635821342467
-0.04963358491659165
-0.013099434785544872
-0.04365526884794235
-0.021161437034606934
-0.04207798466086388
-0.042202923446893685
-0.026260800659656525
-0.07976776361465454
-0.07294052839279175
-0.1050017923116684
-0.052404440939426415
-0.04286532849073409
-0.0400690883398056
-0.08718664944171906
-0.04193101450800896
-0.030750248581171036
-0.0858626738190651
-0.05241815745830536
-0.036000922322273254
-0.0725274458527565
-0.05349072068929672
-0.08310399204492569
-0.017914969474077225
-0.004184425808489323
-0.051520578563213355
-0.08304990828037262
-0.05271255970001221
-0.05360553413629532
-0.040748018771409995
-0.052647873759269714
-0.02159775421023369
-0.03275430202484131
-0.04502759128808975
-0.05064231157302856
-0.08302555233240126
-0.06274791061878204
-0.05832697451114655
-0.0537138506770134
-0.03936353325843811
-0.03935122489929199
-0.05394478887319565
-0.026750180870294567
-0.014412076212465765
-0.03995613381266594
-0.04349152743816376
-0.063864566385746
-0.04660136252641678
-0.014680604450404644
-0.04750760272145271
-0.07247787714004515
-0.08459937572479248
-0.07053996622562408
-0.08036541938781738
-0.09164972603321075
-0.04030007869005203
-0.0631822794675827
-0.07606737315654753
-0.0604853630065918
-0.08113389462232588
-0.043684065341949456
-0.07248843461275101
-0.0833946019411087
-0.04031401872634888
-0.023878671228885647
-0.061223655939102166
-0.05793578177690505
-0.07411692291498184
-0.014471297152340412
-0.0385528989136219
-0.10058168321847916
-0.010106773115694523
-0.05707710236310959
-0.022093765437603
-0.07422119379043579
-0.06658205389976501
-0.06756744533777237
-0.06930773705244064
-0.06574197113513947
-0.07459445297718048
-0.014518571086227892
-0.049079306423664086
-0.06631830334663391
-0.05545619130134583
-0.012845681048929691
-0.0544368103146553
-0.06755131483078003
-0.04401808232069016
-0.07347089052200317
-0.06280378997325897
-0.02069809287786484
-0.017798610031604767
-0.04908837378025055
-0.037975072860717766
-0.07641285657882689
-0.08490705490112305
-0.04526648670434952
-0.07195152342319489
-0.08572468906641006
-0.028360098600387573
-0.03288652002811432
-0.07321466505527496
-0.0544913038611412
-0.06962510198354721
-0.03041828796267509
-0.05443181842565536
-0.0902870073914528
-0.04439287632703781
-0.03626766055822373
-0.06170572340488434
-0.05857165157794952
-0.06887218356132507
-0.034916535019874566
-0.052458442747592926
-0.058375537395477295
-0.038728974759578705
-0.05298785865306854
-0.05403391271829605
-0.08417525887489319
-0.043491598218679435
-0.06447591632604599
-0.07907879352569581
-0.05176633596420288
-0.03892549872398376
-0.05534328520298004
-0.06226101517677307
-0.0488964170217514
-0.05975085496902466
-0.07171539217233658
-0.06214284151792526
-0.05692829936742783
-0.05264736711978912
-0.04483777657151222
-0.05854736268520355
-0.06972922384738922
-0.050143159925937646
-0.061803147196769714
-0.051543965935707085
-0.05382915586233139
-0.07878492772579193
-0.04997530579566956
-0.051814749836921685
-0.06876322627067566
-0.07490000128746031
-0.05463537573814392
-0.049947626888751984
-0.06898239254951477
-0.044628746807575226
-0.031800366938114166
-0.054135404527187354
-0.06827671825885773
-0.035607632249593735
-0.06486372649669647
-0.03953835368156433
-0.07651771605014801
-0.05403151363134384
-0.04487818852066994
-0.059575676918029785
-0.07238276302814484
-0.06021749973297119
-0.018534548580646515
-0.04317552596330643
-0.04042325541377068
-0.04063060879707336
-0.07191536575555801
-0.06243998557329178
-0.08801884949207307
-0.05364152789115906
-0.03161175549030304
-0.014138628728687763
-0.04835137724876404
-0.0430435799062252
-0.05382698029279709
-0.03552405536174774
-0.0485316701233387
-0.08500593900680542
-0.037188589572906494
-0.054155558347702026
-0.08263225853443146
-0.002934603951871395
-0.05509799718856812
-0.037376835942268365
-0.06396660953760147
-0.05602874606847763
-0.03043203055858612
-0.0536007434129715
-0.04311424493789673
-0.09872506558895112
-0.054949209094047546
-0.07001783698797226
-0.06538249552249908
-0.028480730950832367
-0.03222564607858658
-0.07747793197631837
-0.060101717710495
-0.040428981184959405
-0.06615255773067473
-0.045250032097101205
-0.05883825570344925
-0.05527284741401672
-0.03990726917982101
-0.07385601103305817
-0.017996851354837418
-0.02281777933239937
-0.05700212717056274
-0.0865766555070877
-0.08815592527389526
-0.08781193196773529
-0.059197254478931434
-0.0669865608215332
-0.02296266332268715
-0.07207637280225754
-0.03180268034338951
-0.07308055460453033
-0.05956610292196274
-0.05238911509513855
-0.06579893827438353
-0.0590570867061615
-0.05643676966428757
-0.07636411488056183
-0.10207661986351012
-0.02302460744976997
-0.03809546306729317
-0.04969554394483566
-0.054380156099796295
-0.03984178602695465
-0.04673108458518982
-0.06923581659793854
-0.08432638645172118
-0.08273027837276457
-0.07631303369998932
-0.05895927548408508
-0.03737141191959381
-0.057710111141204834
-0.06890036165714264
-0.09056375920772552
-0.0808102712035179
-0.06565678864717484
-0.039036095142364495
-0.05232413858175278
-0.05546715110540391
-0.07639946043491364
-0.03429445996880531
-0.06327561289072037
-0.04564071074128151
-0.08075410127639769
-0.08938948810100555
-0.04447763413190842
-0.03938879445195198
-0.048979803919792175
-0.047862641513347626
-0.052700147032737725
-0.05054766684770584
-0.07887565344572067
-0.07919085025787354
-0.04200417920947074
-0.06270332634449005
-0.061986252665519714
-0.08704282343387604
-0.05418741703033447
-0.09327256679534912
-0.04294674843549728
-0.03889857605099679
-0.01916307210922241
-0.05033078789710999
-0.012479127384722233
-0.07110705226659775
-0.05687658488750458
-0.05888599157333375
-0.00926855858415365
-0.07016739994287491
-0.08485809713602066
-0.010557749308645724
-0.08589785546064378
-0.03250068798661232
-0.0067676277831196785
-0.04335872083902359
-0.06181141734123229
-0.072328120470047
-0.07491305470466612
-0.04534636065363884
-0.05570399761199951
-0.05631229281425476
-0.05011440813541412
-0.06739944219589233
-0.017150219529867172
-0.07293515652418137
-0.03315524011850357
-0.03917378932237625
-0.056639328598976135
-0.0478639230132103
-0.040316756814718246
-0.06465382128953934
-0.0810396671295166
-0.04885543882846832
-0.06826645135879517
-0.06613188236951828
-0.03296632319688797
-0.04761196672916412
-0.05272576212882996
-0.04773569107055664
-0.06028120219707489
-0.040169332176446915
-0.05437523126602173
-0.04877699911594391
-0.022989772260189056
-0.0327758826315403
-0.05998241901397705
-0.07607607543468475
-0.103425532579422
-0.02752596884965897
-0.028198689222335812
-0.08811435103416441
-0.03468993306159973
-0.014414972625672815
-0.07325422018766403
-0.01970957219600677
-0.05651457607746124
-0.08147169649600983
-0.053798168897628784
-0.038820791989564896
-0.065870001912117
-0.0321618877351284
-0.07535646855831146
-0.05536994338035584
-0.06396757811307907
-0.12566609680652618
-0.08124105632305145
-0.021072551608085632
-0.010800928808748722
-0.02362896502017975
-0.07996305078268051
-0.05669791996479034
-0.04009333997964859
-0.04776083678007126
-0.05729091167449951
-0.04683466628193855
-0.04660072550177574
-0.09748858213424681
-0.043829824775457375
-0.07550332695245743
-0.061757974326610565
-0.04651383310556412
-0.03696910291910172
-0.02065600454807281
-0.035496629774570465
-0.017588529735803604
-0.0543874129652977
-0.042634867131710046
-0.06194622814655304
-0.06482884287834167
-0.04108261317014694
-0.035127058625221246
-0.05335597693920136
-0.03186851739883423
-0.0545833557844162
-0.03549342602491379
-0.08804352581501007
-0.04731976240873337
-0.03539106249809265
-0.033423103392124176
-0.014340934343636036
-0.06902333348989487
-0.08894555270671843
-0.07423742860555647
-0.027479697018861767
-0.10096355527639388
-0.03974202275276184
-0.04906460642814636
-0.04810282588005066
-0.05145972967147827
-0.031976118683815
-0.12714388966560364
-0.08079972863197327
-0.07203169167041779
-0.06739294528961182
-0.07892286777496339
-0.059013314545154565
-0.037845253944396966
-0.08985419571399687
-0.056129880249500275
-0.06967225670814514
-0.08219170570373534
-0.057575203478336334
-0.03575266897678375
-0.02217179536819458
-0.07468629628419875
-0.09630388021469116
-0.08400221914052963
-0.0280928798019886
-0.037228751927614205
-0.08496789634227753
-0.09123897552490233
-0.049282222986221313
-0.02348731085658073
-0.1066947430372238
-0.03668983280658722
-0.09745214879512787
-0.09543365985155104
-0.012106281705200672
-0.07229138910770416
-0.11389167606830596
-0.05064097046852112
-0.029357366263866425
-0.012627636082470415
-0.05082087218761444
-0.004247053526341915
-0.07623197138309479
-0.05082140862941742
-0.07357863336801529
-0.0802709236741066
-0.04518334195017815
-0.027765933424234394
-0.04782024770975113
-0.04529755190014839
0.0032620942220091815
-0.020707748830318447
-0.0549272894859314
-0.049355126917362206
-0.02991364896297455
-0.07211724668741226
-0.07292576879262924
-0.04552343487739562
-0.04453974962234497
-0.014811632223427296
-0.06177763640880585
-0.034139301627874374
-0.09106362611055374
-0.04100417345762253
-0.013284076936542988
-0.043814908713102334
-0.030952468514442444
-0.05068127810955048
-0.0538930743932724
-0.08148154616355896
-0.035877034068107605
-0.035484600812196725
-0.04707607626914977
-0.02209949493408203
-0.08013702183961868
-0.06093313544988632
-0.048849016427993774
-0.06546855717897415
-0.08986321091651917
-0.09531316161155699
-0.05763275176286697
-0.0881178081035614
-0.0737580955028534
-0.025744616985321045
-0.04308846965432167
-0.04329920187592506
-0.05982879549264908
-0.06342925131320953
-0.020304102450609207
-0.04733124375343322
-0.04105651378631592
-0.10146011412143709
-0.04973207414150239
-0.029819805175065998
-0.0931633412837982
-0.07321607321500778
-0.047815896570682526
-0.10153129696846008
-0.05933159589767456
-0.07575514912605284
-0.05444611608982086
-0.06816528737545013
-0.036769986152648926
-0.04957325756549835
-0.06171834468841553
-0.027910951524972916
-0.06504827737808228
-0.05803525447845458
-0.034737519919872284
-0.04818189516663551
-0.10173474252223969
-0.08228579163551329
-0.06768526881933212
-0.050432175397872925
-0.05137600004673004
-0.07023623585700989
-0.0789516121149063
-0.036553941667079926
-0.08079133927822113
-0.036746971309185035
-0.08889663964509965
-0.05859745293855667
-0.03254838287830353
-0.05184585601091385
-0.058195069432258606
-0.05574079602956772
-0.04989119619131088
-0.04711087048053741
-0.02865663170814514
-0.08413290232419966
-0.04949762672185898
-0.08613660931587219
-0.06275764107704163
-0.058108985424041755
-0.06294377148151398
-0.04561411216855049
-0.04707419872283936
-0.06491294503211975
-0.03275112807750702
-0.07082989811897278
-0.07470182329416275
-0.015986081212759014
-0.033632632344961166
-0.04074421152472496
-0.0619284063577652
-0.056961432099342346
-0.01571466401219368
-0.04139371961355209
-0.04412419721484184
-0.05732452869415283
-0.04711278527975082
-0.05517937988042832
-0.03681790828704833
-0.028026860207319256
-0.06850214302539825
-0.028663404285907745
-0.035880036652088165
-0.06798944622278214
-0.055392369627952576
-0.04669436812400818
-0.0360795296728611
-0.08755341917276382
-0.09109212458133696
-0.04629528895020485
-0.03463190793991089
-0.04225851595401764
-0.0387670174241066
-0.05889984965324402
-0.06515809893608093
-0.0470290370285511
-0.03109389543533325
-0.0843440592288971
-0.01983445137739181
-0.06372423470020294
-0.04694787412881851
-0.06444661319255829
-0.08542403578758238
-0.06543383002281189
-0.0722469463944435
-0.011871968396008015
-0.03650400787591934
-0.03439901024103165
-0.01853717863559723
-0.0836203396320343
-0.03472613915801048
-0.033024925738573074
-0.05652248114347458
-0.016916189342737194
-0.035276658833026886
-0.09846831858158112
-0.06539735943078995
-0.054331913590431206
-0.06438715755939484
-0.04727303981781006
-0.04852570593357086
-0.0810047537088394
-0.04667333886027336
-0.010557669214904308
-0.013004903681576252
-0.0392238013446331
-0.05981788039207458
-0.07336457073688507
-0.024246737360954285
-0.05986607074737549
-0.05974576622247696
-0.035370122641325
-0.016169589012861252
-0.07275761663913728
-0.06028686463832855
-0.06106739491224289
-0.03291686996817589
-0.03550322353839874
-0.06187595427036285
-0.05142994225025177
-0.03142186254262924
-0.06744121015071869
-0.0459982194006443
-0.042313627898693085
-0.07389718294143677
-0.03269489109516144
-0.028184331953525543
-0.08853776752948761
-0.041439175605773926
-0.02327084168791771
-0.035772956907749176
0.004595973528921604
-0.04221532493829727
-0.0786166787147522
-0.0702296569943428
-0.0939543843269348
-0.05166247487068176
-0.004439567215740681
-0.053944744169712074
-0.04771878197789192
-0.05999623984098434
-0.029713645577430725
-0.0415780283510685
-0.04103415459394455
-0.08929331600666046
-0.029634989798069
-0.04498469829559326
-0.04611774161458016
-0.08952410519123077
-0.0755479633808136
-0.04319746792316437
-0.07036005705595016
-0.08921603858470915
-0.06073763966560364
-0.03521128743886948
-0.03184479475021362
-0.08984345197677612
-0.056577876210212714
-0.022868476808071136
-0.08334900438785553
-0.047031089663505554
-0.09862145036458968
-0.06637983024120331
-0.06789530813694
-0.053688429296016686
-0.05193574726581573
-0.03431280702352524
-0.05585802346467972
-0.04511606693267822
-0.06065519899129868
-0.034261465072631836
-0.08747683465480803
-0.06004822254180908
-0.07974538952112198
-0.058952294290065765
-0.060152165591716766
-0.07350790500640869
-0.0891457051038742
-0.04264868050813674
-0.073909692466259
-0.05028995871543884
-0.05148059129714966
-0.05746641755104065
-0.05262190103530884
-0.07683305442333221
-0.06382930278778076
-0.05283072590827942
-0.0725353956222534
-0.03722133487462997
-0.030757341533899307
-0.03336966037750244
-0.07239551842212677
-0.05522678047418594
-0.05362430959939957
-0.0714469701051712
-0.08873465657234192
-0.0803886130452156
-0.08295103907585144
-0.04998031258583069
-0.04164979979395866
-0.0697183609008789
-0.04494655504822731
-0.06499466300010681
-0.06466545164585114
-0.07305572181940079
-0.035833436995744705
-0.07010512799024582
-0.06883919984102249
-0.034425947815179825
-0.09184052795171736
-0.07900449633598326
-0.07109048217535019
-0.07892735302448271
-0.08364190161228181
-0.05035565048456192
-0.10470402240753172
-0.06551989912986755
-0.07908544689416885
-0.07689562439918518
-0.08886954188346863
-0.030084364116191864
-0.06766882538795471
-0.006105641834437847
-0.03502887859940529
-0.07000228762626648
-0.07175534963607788
-0.02723041921854019
-0.06400679051876068
-0.03812687098979949
-0.03519352525472641
-0.05777890980243682
-0.0881495550274849
-0.04362413287162781
-0.03937706351280213
-0.07438908517360686
-0.05925565958023071
-0.0705776959657669
-0.05608119070529938
-0.08562977612018585
-0.09000317007303238
-0.04060784727334976
-0.02360865473747253
-0.037678830325603485
-0.05116545408964157
-0.011297347955405712
-0.013276499696075916
-0.04847781360149384
-0.04684383422136306
-0.06288561224937439
-0.028581976890563965
-0.0662679597735405
-0.07298030704259872
-0.055261991918087006
-0.022306907922029492
-0.04249042272567749
-0.07937489449977873
-0.03380625694990158
0.01725725457072258
-0.07664050161838531
-0.01753997802734375
-0.0573103129863739
-0.07364696264266966
-0.037291206419467926
-0.07638248056173325
-0.060568347573280334
-0.05381152033805847
-0.05410639941692352
-0.025840047746896744
-0.038764197379350655
-0.014977947808802128
-0.09337203204631805
-0.0060910386964678764
-0.04126924276351929
-0.02535217255353928
-0.0275479257106781
-0.06374751776456833
-0.06897804141044617
-0.05150480568408966
-0.07460721582174301
-0.041663873940706246
-0.057467162609100335
-0.04800142720341682
-0.07081842422485352
-0.03719059377908707
-0.008158150129020214
-0.0023679612204432487
-0.0249902606010437
-0.03771324455738068
-0.0866965502500534
-0.0733969286084175
-0.04188387095928192
-0.09217339754104614
-0.0752115398645401
-0.06308554112911224
-0.07664299756288528
-0.04961723834276199
-0.07105220854282379
-0.04773303121328354
-0.06357742846012115
-0.053935356438159936
-0.06427794694900513
-0.058465853333473206
-0.04492008313536644
-0.05759707093238831
-0.004906701855361462
-0.06156745553016663
-0.03505285456776619
-0.0713265985250473
-0.043793253600597375
-0.0957040935754776
-0.09959085285663603
-0.045224737375974655
-0.06087957322597504
-0.04622235149145126
-0.09452395141124723
-0.04601524025201797
-0.008562778122723103
-0.03899112716317177
-0.0786973237991333
-0.05813257396221161
-0.06660813093185425
-0.05101882666349411
-0.05913319438695908
-0.06022252142429352
-0.07375766336917877
-0.06487356871366501
-0.05554458498954773
-0.037629306316375725
-0.04914642870426177
-0.09592421352863312
-0.06961240619421005
-0.034829266369342804
-0.053743451833724976
-0.019664667546749115
-0.060882635414600365
-0.06385500729084015
-0.06578922271728516
-0.04321454092860222
-0.03538934886455536
-0.07238595932722092
-0.0493226945400238
-0.03683559224009514
-0.03231591731309891
-0.046545356512069695
-0.04224164411425591
-0.036648627370595925
-0.03922199830412865
-0.07018078863620758
-0.056244075298309326
-0.06999175995588303
-0.05529673397541046
-0.07284586131572723
-0.060581617057323456
-0.04968830943107605
-0.05097763985395432
-0.07770390808582307
-0.07224047929048538
-0.03288078308105469
-0.04454133659601212
-0.07024246454238892
-0.07444117963314056
-0.06364469975233078
-0.041158571839332574
-0.07719246298074722
-0.08104813098907471
-0.06591633707284927
-0.05626185238361359
-0.05004223436117172
-0.09751662611961363
-0.04839343577623367
-0.06893505901098251
-0.05034349858760834
-0.06863592565059662
-0.005019276402890681
-0.048704668879508965
0.009705175645649431
-0.05433867871761321
-0.08084157109260559
-0.058603882789611816
-0.07176093757152557
-0.04542364925146103
-0.08048209547996521
-0.03440283611416817
-0.03955863043665886
-0.06074848026037216
-0.03233404830098152
-0.04769551753997803
-0.07166481018066406
-0.048682965338230126
-0.0802145004272461
-0.03459674492478371
-0.07372455298900604
-0.005859791301190853
-0.030448198318481445
-0.09186652302742003
-0.06673051416873932
-0.062429405748844154
-0.060694701969623566
-0.08013859391212462
-0.05049353092908859
-0.059421367943286896
-0.07733324170112611
-0.06375713646411896
-0.07457250356674193
-0.02628239616751671
-0.06629417836666107
-0.04039249196648598
-0.06342415511608124
-0.03232670575380325
-0.06759268790483475
-0.09358522295951843
-0.06295599043369293
-0.056860007345676415
-0.08433772623538971
-0.0461811013519764
-0.06622974574565887
-0.017210476100444794
-0.042405467480421066
-0.046962276101112366
-0.08066817373037338
-0.04559461772441864
-0.04607262462377548
-0.04963187873363495
-0.006530904211103916
-0.049428142607212074
-0.07158728688955307
-0.07063404470682144
-0.06250506639480591
-0.08003163337707518
-0.09187907725572586
-0.07182879745960236
-0.04908797889947891
-0.07717423141002655
-0.06432803720235825
-0.0841401591897011
-0.04834699258208274
-0.07075604796409607
-0.06364739686250687
-0.08339332044124603
-0.06053521484136581
-0.0037426585331559186
-0.0556446835398674
-0.031542472541332245
-0.04826412722468376
-0.05486483871936798
-0.043523713946342475
-0.08029353618621826
-0.0652758926153183
-0.03865417465567589
-0.043170683085918427
-0.044623710215091705
-0.056656613945961
-0.07624772191047667
-0.04667357355356216
-0.029519304633140564
-0.07899722456932068
-0.04976256191730499
-0.02709104493260384
-0.06940674036741257
-0.052442505955696106
-0.09563128650188446
-0.04474372416734696
-0.08577439188957214
-0.039610058069229126
-0.0479976125061512
-0.04397929459810257
-0.0577894002199173
-0.04527270793914794
-0.04693229496479034
-0.053762704133987434
-0.09261775761842728
-0.059121616184711456
-0.0464976504445076
-0.06691053509712219
-0.07099895924329758
-0.06806442886590958
-0.0537702813744545
-0.06513282656669617
-0.05277627706527709
-0.040098581463098526
-0.05350374430418015
-0.05361665040254593
-0.05155523121356964
-0.04049450531601906
-0.06528044492006302
-0.07247963547706605
-0.046787146478891366
-0.04517302289605141
-0.040883284062147134
-0.0708770900964737
-0.0788809061050415
-0.03962206840515137
-0.03552105650305748
-0.01686868816614151
-0.06740490347146988
-0.028353739529848095
-0.06938346475362778
-0.07574202865362166
-0.06299363076686859
-0.04316481202840805
-0.07510475814342497
-0.042901936918497086
-0.07460597157478333
-0.045004755258560174
-0.06291507184505463
-0.04804323613643646
-0.032656490802764886
-0.07392098009586334
-0.05145621299743652
-0.05607464909553528
-0.059085965156555176
-0.029195766896009445
-0.0772143080830574
-0.04087768122553825
-0.05711653828620911
-0.0566960871219635
-0.035467252135276794
-0.05554965138435364
-0.0314716175198555
-0.04664337635040283
-0.03074224293231964
-0.03030144423246384
-0.044976722449064255
-0.08182720094919203
-0.07485634088516235
-0.0615113228559494
-0.07381130754947662
-0.044750429689884186
-0.06425750255584717
-0.04670445248484612
-0.034655772149562836
-0.029570568352937695
-0.067588210105896
-0.052367791533470154
-0.04566801339387894
-0.048372216522693634
-0.06028924882411957
-0.053979262709617615
-0.041742134839296334
-0.03220468387007713
-0.06571687012910843
-0.049801133573055274
-0.04955659806728363
-0.04369638115167618
-0.07264159619808197
-0.07395033538341522
-0.04273758083581925
-0.06458974629640579
-0.057951688766479485
-0.02810969203710556
-0.054019182920455926
-0.0510343462228775
-0.03389463573694229
-0.03777229785919189
-0.025460902601480484
-0.0028281575068831444
-0.02907337248325348
-0.021579407155513763
-0.02809550240635872
-0.02328815311193466
-0.06609349697828293
-0.048408076167106635
-0.030418716371059418
-0.07465267181396483
-0.05819772183895111
-0.015927940607070923
-0.04671768099069595
-0.04145654290914536
-0.0201951265335083
-0.06785541772842407
-0.05408857017755509
-0.054229214787483215
-0.0803178995847702
-0.07792546600103377
-0.02685892581939697
-0.07416132092475891
-0.07082560658454895
-0.08164987713098526
-0.04993655532598496
-0.06670559197664261
-0.10529460757970809
-0.03325947001576424
-0.0584011971950531
-0.06757588684558868
-0.05868831276893616
-0.01960061490535736
-0.03062833845615387
-0.06536848843097687
-0.04138919711112976
-0.04141748696565628
-0.02077336236834526
-0.06615521013736725
-0.07882589101791382
-0.04689425975084305
-0.0798862874507904
-0.03364931419491768
-0.0587807297706604
-0.04824487864971161
-0.013111148960888384
-0.08493500202894211
-0.061869852244853966
-0.08909188210964201
-0.05124805867671967
-0.06687745451927185
-0.055058203637599945
-0.04715973138809204
-0.08336213231086731
-0.06742829084396361
-0.11391109228134157
-0.06225934624671936
-0.055203378200531006
-0.06617498397827148
-0.03782013058662415
-0.0815933346748352
-0.060770101845264435
-0.037717901170253754
-0.03311865031719208
-0.07140526175498961
-0.06236114352941513
-0.0391145721077919
-0.025637276470661163
-0.04981689155101776
-0.012188873253762722
-0.04781925678253174
-0.009712318889796732
-0.10642135143280028
-0.0778697058558464
-0.04862909018993378
-0.05015528202056885
-0.033333275467157364
-0.10800277441740036
-0.07100734859704971
-0.058077514171600335
-0.09279104322195053
-0.033860739320516586
-0.05745077133178711
-0.07933943718671799
-0.04847774282097816
-0.051722414791584015
-0.01110521238297224
-0.028959307819604877
-0.04887506365776063
-0.044401787221431725
-0.07687340676784515
-0.06587983667850494
-0.0726703628897667
-0.03945174813270569
-0.04905363917350769
-0.0436788909137249
-0.05816369503736496
-0.047209769487380975
-0.0673794075846672
-0.050298325717449195
-0.0068694623187184325
-0.06359566748142241
-0.06970453262329102
-0.05266133695840836
-0.06379300355911255
-0.08013752102851868
-0.012545104138553143
-0.014525053091347216
-0.08423641324043275
-0.04839612543582916
-0.06560833752155304
-0.030458472669124603
-0.04060621187090874
-0.041056744754314416
-0.11613568663597106
-0.08206164836883545
-0.07759387791156767
-0.07491368800401686
-0.055536538362503045
-0.055054672062397
-0.07690819352865219
-0.08282779902219772
-0.019856944680213928
-0.0650762990117073
-0.04831156134605408
-0.06395382434129715
-0.005667361430823802
-0.041980408132076256
-0.045532435178756714
-0.02697979286313057
-0.06241464614868164
-0.055445462465286255
-0.035803522914648056
-0.047451987862586975
-0.07337281107902528
-0.061630725860595696
-0.03302861750125885
-0.059027835726737976
-0.02941792830824852
-0.030035715550184246
-0.010438202880322931
-0.042941980063915246
-0.08408375829458237
-0.07571472227573393
-0.07214134931564331
-0.051113471388816833
-0.0430166944861412
-0.07926594465970993
-0.05466234683990479
-0.0696621835231781
-0.06037916988134384
-0.05141623318195343
-0.08580120652914046
-0.06159442663192749
-0.05690149962902069
-0.022858627140522003
-0.0990920513868332
-0.048762470483779914
-0.06022901833057404
-0.07088058441877365
-0.04445352032780647
-0.06249111145734786
-0.0591033399105072
-0.09390415251255037
-0.08936630189418791
-0.05986493825912476
-0.032792262732982635
-0.04809796810150146
-0.042241171002388
-0.01778043806552887
-0.054086215794086456
-0.09074229001998899
-0.0663837194442749
-0.0748998150229454
-0.086294487118721
-0.058028444647789
-0.0314142107963562
-0.0658358484506607
-0.028316814452409744
-0.0561722069978714
-0.021470896899700165
-0.08432245254516602
-0.04654180258512497
-0.0546967163681984
-0.07970599085092545
-0.05322366207838058
-0.08634723722934723
-0.07279178500175475
-0.07010586559772491
-0.035842929035425186
-0.0509772002696991
-0.02418595179915428
-0.04082231968641281
-0.034370094537734985
-0.03122274577617645
-0.045451581478118896
-0.013535589911043644
-0.08322953432798386
-0.05114428699016571
-0.03910138830542564
-0.0466310903429985
-0.06931521743535995
-0.07065536081790924
-0.05838452279567719
-0.012512712739408016
-0.06308900564908981
-0.05083209276199341
-0.04104768484830856
-0.07891245186328888
-0.05875952541828156
-0.026226490736007687
-0.06674385815858841
-0.06213809549808502
-0.02773233503103256
-0.09736596047878264
-0.03431513160467148
-0.04455957934260368
-0.06328487396240233
-0.04342706874012947
-0.11389221251010893
-0.05971746891736984
-0.07282812893390654
-0.04206936061382294
-0.03519401699304581
-0.046463631093502045
-0.048450857400894165
-0.05177842825651169
-0.04303041845560074
-0.06430569291114807
-0.06784218549728394
-0.06720631569623947
-0.055842213332653046
-0.037871938198804855
-0.05704803019762039
-0.06292123347520828
-0.05820184201002121
-0.09993725270032881
-0.06288836896419525
-0.09413373470306396
-0.04732866212725639
-0.04536394774913788
-0.05379518121480942
-0.020791999995708466
-0.05089258402585983
-0.073745533823967
-0.027223337441682812
-0.0805436298251152
-0.05013743042945862
-0.016716577112674713
-0.060330219566822045
-0.01654341071844101
-0.05518268048763275
-0.06129314750432968
-0.07439838349819182
-0.03518081456422806
-0.08148746192455292
-0.04026034101843834
-0.07379910349845886
-0.09206043183803558
-0.05174937844276428
-0.027823805809021
-0.1015152633190155
-0.06651413440704346
-0.03272727131843567
-0.06843100488185883
-0.03790979459881783
-0.042427726089954376
-0.07429686933755873
-0.04515315964818001
-0.021947719156742092
-0.06722405552864075
-0.02276153117418289
-0.06929505616426468
-0.047214441001415246
-0.03825470432639121
-0.033632375299930566
-0.024514518678188324
-0.10246461629867552
-0.0523538812994957
-0.06896702200174332
-0.057686299085617065
-0.014572110958397388
-0.09058466553688048
-0.015560642816126347
-0.06765575706958771
-0.029579259455204007
-0.0666099488735199
-0.014320475049316885
-0.07700411230325699
-0.047711361199617386
-0.06298530101776123
-0.045216575264930725
-0.06271567940711975
-0.061460919678211205
-0.05487574636936188
-0.07234302908182144
-0.044014159590005875
-0.0275690034031868
-0.06945415586233139
-0.02782138809561729
-0.05473225563764572
-0.04826386272907257
-0.07718924432992934
-0.03704085946083069
-0.03814232349395752
-0.06001800298690796
-0.07460246980190277
-0.08584865927696227
-0.03537271171808243
-0.01390151958912611
-0.03817234560847282
-0.1029827743768692
-0.06213542819023132
-0.08141134679317473
-0.04813985526561737
-0.04232749715447426
-0.05020076036453247
-0.03543499857187271
-0.04972226917743682
-0.036124177277088165
-0.05315443128347397
-0.057135649025440216
-0.07037431746721268
-0.07548452913761139
-0.04592760279774666
-0.06451091915369034
-0.09956324100494383
-0.056160226464271545
-0.04601248353719711
-0.0665595680475235
-0.0006788522005081177
-0.03373245149850845
-0.07371021807193757
-0.061616197228431695
-0.08124518394470215
-0.00335726048797369
-0.07120312750339508
-0.05588803440332413
-0.044157356023788445
-0.07150301337242126
-0.06891237199306488
0.02201218158006668
-0.0484042689204216
-0.047699537128210075
-0.0630403384566307
-0.03879141807556152
-0.06545905023813248
-0.053615689277648926
-0.05010484158992767
-0.03279814124107361
-0.05541418492794037
-0.031625062227249146
-0.06372933089733124
-0.012018271721899508
-0.07675570994615555
-0.007863483391702175
-0.06639768183231354
-0.05355342477560043
-0.051045686006546014
-0.06411291658878326
-0.05981621146202088
-0.05866377800703049
-0.022721178829669952
-0.12140938639640808
-0.0518963560461998
-0.037110649049282074
-0.06278013437986374
-0.0625491738319397
-0.056893937289714806
-0.07642807066440582
-0.06725309044122696
-0.033548757433891296
-0.02221127599477768
-0.06414543092250824
-0.08345239609479904
-0.06986229866743088
-0.09065339714288712
-0.038593839854002
-0.07153487205505371
0.00652721431106329
-0.056407593190670006
-0.04437635093927384
-0.06339055299758911
-0.0880330353975296
-0.07095461338758469
-0.07233524322509764
-0.06575404107570648
-0.05666074901819229
-0.06188739836215973
-0.06717412173748016
-0.0772358626127243
-0.0479155033826828
-0.031643357127904885
-0.06303021311759949
-0.037748966366052635
-0.04970560222864151
-0.03978738188743591
-0.07864651083946227
-0.04605361446738243
-0.09411253035068513
-0.05483075976371765
-0.026144821196794506
-0.0454472191631794
-0.05327892303466797
-0.05913165211677551
-0.028451696038246155
-0.09203578531742097
-0.07413344085216522
-0.02398736774921417
-0.019819151610136032
-0.09579673409461976
-0.06204664707183838
-0.0618588700890541
-0.06077220290899277
-0.06150360405445098
-0.04955566674470901
-0.06377825886011124
-0.06537079811096191
-0.05590911209583282
-0.07714563608169556
-0.04816797375679016
-0.07459890842437744
-0.05673535168170929
-0.033659834414720535
-0.056587696075439446
-0.04940049350261688
-0.12006998062133788
-0.03361417353153229
-0.027353074401617047
-0.038884256035089486
-0.026566222310066223
-0.07398205995559692
-0.0715426504611969
-0.057092718780040734
-0.04507913812994957
-0.06603280454874039
-0.05927111953496933
-0.05382749438285828
-0.07436053454875946
-0.06455083936452866
-0.08742285519838333
-0.05812408775091171
-0.03629010543227196
-0.10342725366353989
-0.06598715484142303
-0.056302182376384735
-0.04125988855957985
-0.03745126351714134
-0.03548627346754074
-0.06498970836400986
-0.08654825389385222
-0.05487591028213501
-0.052563026547431946
-0.0653608962893486
-0.029447220265865322
-0.04586810618638992
-0.0532216876745224
-0.027184449136257168
-0.056878358125686646
-0.03559310734272003
-0.05295965820550919
-0.038654208183288574
-0.07127473503351212
-0.04086706042289734
-0.05896421521902084
-0.05542660504579544
-0.10015267133712769
-0.03269769623875617
-0.037048310041427605
-0.04058077558875084
-0.10484344512224196
-0.060075730085372925
-0.047746188938617706
-0.08224406838417053
-0.0649874210357666
-0.03892666473984718
-0.03686045110225677
-0.04235677793622017
-0.026021264493465424
-0.03734404966235161
-0.04321496933698654
-0.001824694685637951
-0.03198550269007683
-0.0651107132434845
-0.06405770033597946
-0.07969655841588974
-0.0726662203669548
-0.07423593103885649
-0.05024257302284241
-0.07352383434772491
-0.06285576522350311
-0.09010796248912813
-0.06033885478973389
-0.03639640659093857
-0.05745676904916763
-0.0510597825050354
-0.01888613030314445
-0.06215071678161621
-0.04441901296377183
-0.09422740340232848
-0.02430024743080139
-0.039321109652519226
-0.02864782884716988
-0.014369380660355093
-0.047452650964260094
-0.03742198646068573
-0.02319996803998947
-0.07079972326755524
-0.0870608240365982
-0.06783892214298248
-0.10140974819660185
-0.06979028880596161
-0.03857919201254845
-0.02932716906070709
-0.07951460778713225
-0.0601104199886322
-0.09152048081159592
-0.021380491554737088
-0.042078200727701194
-0.04714422672986984
-0.05118222534656525
-0.07494457066059113
-0.03939373418688774
-0.06177188456058502
-0.034049130976200104
-0.06281130015850067
-0.0784028172492981
-0.06608294695615768
-0.04267990216612816
-0.05452549457550049
-0.07940757274627684
-0.05742784589529037
-0.09560224413871764
-0.08850187063217163
-0.04846495389938354
-0.06774131208658217
-0.05387014895677567
-0.02556674927473068
-0.04368693381547928
-0.10091453790664671
-0.020336318761110302
-0.02846850082278252
-0.01986253634095192
-0.03689997270703316
-0.05742482841014862
-0.05099213868379593
-0.07674837112426758
-0.044392272830009454
-0.036103613674640656
-0.07697811722755432
-0.04507918655872345
-0.057581111788749695
-0.03522753715515137
-0.0327879935503006
-0.042379558086395264
-0.09664881229400633
-0.05507206171751022
-0.049716249108314514
-0.028935201466083527
-0.04957741498947144
-0.08327131718397139
-0.057825908064842224
-0.08749747276306152
-0.07021015137434006
-0.0540468543767929
-0.08309884369373322
-0.05975447595119476
-0.05346035957336426
-0.0750109925866127
-0.06935574114322662
-0.050224021077156074
-0.03885941952466965
-0.03560672327876091
-0.05131275206804276
-0.05681291967630386
-0.057184502482414246
-0.06333471834659576
-0.04054650664329529
-0.049191683530807495
-0.035853587090969086
-0.07038424164056778
-0.05919493734836578
-0.05177154392004013
-0.0527019128203392
-0.04615152254700661
-0.004505080170929432
-0.06176497042179108
0.015837443992495537
-0.06378749012947083
-0.05348845571279526
-0.04684705659747124
-0.049040764570236206
-0.043338604271411896
-0.04304885119199753
-0.07287677377462387
-0.02481888607144356
-0.05898746848106384
-0.036704868078231805
-0.05834123492240906
-0.03603355213999748
-0.03671734780073166
-0.025903422385454174
-0.04915039986371993
-0.07183025777339935
-0.056839071214199066
-0.002062237821519375
-0.09196830540895462
-0.04290253296494484
-0.028132252395153046
-0.0317201241850853
-0.05564555525779724
-0.04829781875014305
-0.10650315135717392
-0.042964328080415726
-0.03176043927669525
-0.0735793262720108
-0.05168711394071578
-0.0362774096429348
-0.02070561051368713
-0.08859378099441528
-0.07530762255191803
-0.04794488847255706
-0.07262085378170013
-0.05598066002130509
-0.07637903839349745
-0.058000095188617706
-0.050572633743286126
-0.08992501348257066
-0.05921325087547302
-0.039286822080612176
-0.06753507256507874
-0.06237845122814178
-0.018790163099765778
-0.0946436896920204
-0.04766026884317398
-0.03821691870689392
-0.05784250795841217
-0.049505963921546936
-0.02975030243396759
-0.04662642627954483
-0.02050928771495819
-0.045345954596996314
-0.0666227638721466
-0.05025891959667206
0.00851375889033079
-0.04243176802992821
-0.05253724753856658
-0.02526827156543732
-0.05346965789794922
-7.446948438882828e-05
-0.05420327931642532
-0.08474764227867126
-0.05424313247203826
-0.09201249480247496
-0.05302280932664871
-0.07071948796510696
-0.02868891879916191
-0.03427933156490326
-0.05558368563652039
-0.07006308436393738
-0.0783606618642807
-0.02952370047569275
-0.09431679546833038
-0.02762486785650253
-0.0629589781165123
-0.06967227160930634
-0.09589321911334991
-0.08357884734869003
-0.07064590603113174
-0.02145758271217346
-0.055988609790802
-0.04625184834003448
-0.05873014032840729
-0.055685922503471375
-0.03812951594591141
-0.0032652290537953377
-0.08047561347484589
-0.08558697253465651
-0.07432261109352112
-0.010664132423698902
-0.06620430201292038
-0.015015107579529284
-0.04468977823853493
-0.09139122068881987
-0.02815147489309311
-0.036619458347558975
-0.07022489607334137
-0.09337703138589859
-0.04650276526808739
-0.08989986777305603
-0.03733111917972565
-0.03732569888234138
-0.12453092634677886
-0.05431009829044343
-0.06858082860708237
-0.03959421068429946
-0.08047113567590714
-0.06305278092622757
-0.11139756441116332
-0.03326385095715523
-0.06099126487970352
-0.03798310086131096
-0.03565412014722824
-0.06181585043668746
-0.03606439009308815
-0.03674151003360748
-0.061279073357582085
-0.04155113548040391
-0.08459204435348511
-0.06833259761333466
-0.11424575746059416
-0.02326953411102295
-0.05206800252199173
-0.06628778576850891
-0.03729064762592316
-0.06568007171154022
-0.0820634737610817
-0.04449155181646347
-0.03497743606567383
-0.0726168155670166
-0.07766030728816986
-0.024843938648700718
-0.0420280322432518
-0.05437878519296646
-0.05081552267074585
-0.06299380213022232
-0.06013365089893341
-0.02724741399288177
-0.04840710014104843
-0.05740785598754882
-0.03467387333512306
-0.04407890886068344
-0.05015216022729874
-0.04341229796409607
-0.058097690343856805
-0.036715857684612274
-0.06581239402294159
-0.04753220453858376
-0.03715830296278
-0.07874660938978195
-0.07779627293348312
-0.0455792024731636
-0.11370490491390228
-0.0743756890296936
-0.022728417068719864
-0.07787757366895676
-0.054293841123580926
-0.056945204734802246
-0.07211016118526457
-0.0649079754948616
-0.027603041380643845
-0.06020722538232803
-0.030002735555171967
-0.034493520855903625
-0.05296173691749573
-0.02832011878490448
-0.08218736201524734
-0.03406967222690582
-0.07012784481048584
-0.05260773003101349
-0.10480305552482604
-0.043420784175395966
-0.04258066415786743
-0.03266829624772072
-0.05909764766693115
-0.06229835003614426
-0.0685107558965683
-0.043733704835176475
-0.05256228893995285
-0.07180222123861313
-0.03335048258304596
-0.07405725121498109
-0.05127166956663132
-0.07812303304672241
-0.06110599637031555
-0.06639596819877625
-0.05095839500427246
-0.027446042746305466
-0.06106181442737579
-0.018697094172239304
-0.033032938838005066
-0.024377301335334774
-0.04819988831877709
-0.06275436282157898
-0.058596298098564155
-0.056786760687828064
-0.0936533510684967
-0.0068295327946543685
-0.033291883766651154
-0.03203178569674492
-0.03244258463382721
-0.009308264590799809
-0.10021750628948212
-0.07695087790489197
-0.06438715010881424
-0.05821800231933594
-0.07250102609395981
-0.05698085576295853
-0.10817475616931917
-0.043183259665966034
-0.07453089952468872
-0.06369844079017639
-0.12512093782424927
-0.07558266073465347
-0.012536254711449146
-0.06636245548725128
-0.0613694041967392
-0.08017285913228989
-0.04791124910116196
-0.05450129508972168
-0.04683653637766838
-0.09206987917423248
-0.060986459255218506
-0.07689350098371506
-0.045264940708875656
-0.0653146356344223
-0.08492362499237059
-0.05577966570854187
-0.06454412639141083
-0.046236183494329446
-0.049105867743492126
-0.026992917060852047
-0.10660004615783691
-0.035774994641542435
-0.05586050450801849
-0.06957363337278366
-0.047736406326293945
-0.01851418986916542
-0.04576605930924416
-0.038945771753788
-0.04224368929862976
-0.08334140479564665
-0.037515126168727875
-0.06256093829870224
-0.03367997333407402
-0.06875966489315033
-0.04330810159444809
-0.05088612437248229
-0.04740115255117416
-0.024891741573810577
-0.07957866787910461
-0.04715391993522644
-0.08561587333679198
-0.035843584686517715
-0.03722228109836578
-0.056113444268703454
-0.07156484574079514
-0.056106314063072205
-0.058845475316047675
-0.06792170554399489
-0.06553347408771515
-0.05072787404060364
-0.06923317909240723
-0.020264536142349243
-0.03924991190433502
-0.08722954988479614
-0.06822440773248672
-0.07009142637252808
-0.07983431220054625
-0.053877517580986016
-0.0627523809671402
-0.040622945874929435
-0.05271238088607788
-0.10027763247489928
-0.04661219194531441
-0.07358137518167494
-0.059425055980682366
-0.03940289467573166
-0.06252732127904892
-0.0604131892323494
-0.06114323437213898
-0.047122612595558167
-0.0805833488702774
-0.06701841205358505
-0.09013195335865021
-0.03928292542695999
-0.0434240885078907
-0.04114165902137756
-0.03397470340132713
-0.05821225047111511
-0.022264376282691956
-0.014189005829393864
-0.04496566578745841
-0.04983813315629959
-0.014142832718789576
-0.049129068851470954
-0.04215868562459946
-0.04169910401105881
-0.10508645325899124
-0.05556227266788483
-0.04682540893554688
-0.05077549070119858
-0.06871707737445831
-0.10507351160049438
-0.031054601073265076
-0.0759561210870743
-0.06661428511142731
-0.0656331479549408
-0.029663801193237305
-0.06620220839977264
-0.06217537820339202
-0.06797187030315399
-0.05027417838573456
-0.061314091086387634
-0.05392049252986908
-0.09578726440668106
5.286000669002533e-05
-0.02220048755407333
-0.029483988881111145
-0.03992172330617905
-0.060549452900886536
-0.05305281281471253
-0.052192680537700646
-0.033843450248241425
-0.005015159957110882
-0.052356764674186713
-0.02889488637447357
-0.05607235431671143
-0.02017587050795555
-0.039122480899095535
-0.07543174177408217
-0.0058569470420479774
-0.0454680472612381
-0.08051467686891556
-0.0861348584294319
-0.048238858580589294
-0.03721952438354492
-0.08143024146556854
-0.03635787218809128
-0.02374277263879776
-0.07911059260368347
-0.06663936376571655
-0.052760496735572815
-0.05288853496313095
-0.0753490924835205
-0.03540757670998573
-0.048810213804245
-0.0897269695997238
-0.042919375002384186
-0.039818696677684784
-0.02570003643631935
-0.050502657890319824
-0.07461186498403549
-0.06626556068658829
-0.03305518254637718
-0.03029182180762291
-0.06114162504673004
-0.06714039295911789
-0.026337433606386185
-0.05988331884145737
-0.08532586693763733
-0.07967700809240341
-0.09469440579414368
-0.0643964558839798
-0.04531703144311905
-0.05063169449567794
-0.03277713060379028
-0.08794923126697539
-0.0745154619216919
-0.05577229708433151
-0.062421053647995
-0.07941038906574249
-0.07218798995018005
-0.08170300722122192
-0.09421274811029434
-0.08688246458768845
-0.1069064736366272
-0.03883111849427223
-0.04908184707164765
-0.06565625965595245
-0.0652463510632515
-0.06751292943954468
-0.049657858908176415
-0.06777764856815338
-0.042971394956111915
-0.009594642557203768
-0.0466008223593235
-0.053196415305137634
-0.06459273397922516
-0.0382457859814167
-0.06297659128904343
-0.08062322437763214
-0.035654217004776
-0.07704844325780867
-0.07319944351911546
-0.057153292000293725
-0.06984151154756546
-0.09043434262275696
-0.07108201831579208
-0.086237832903862
-0.07875305414199829
-0.0914093255996704
-0.039209503680467606
-0.04296507313847542
-0.04321516305208206
-0.03064633160829544
-0.04132641106843948
-0.07555978000164032
-0.02063556760549545
-0.046448998153209686
-0.0527523085474968
-0.08552424609661102
-0.06995400786399841
-0.06180332601070404
-0.05952647328376769
-0.08575658500194548
-0.06338575482368469
-0.052593648433685296
-0.07080267369747162
-0.06755537539720535
-0.07851956784725189
-0.03870737925171852
-0.07117945700883865
-0.017542041838169094
-0.05232580006122589
-0.03783845156431198
-0.06698797643184662
-0.02507711946964264
-0.03965127095580101
-0.05878901481628417
-0.07089562714099884
0.0012143710628151891
-0.06272949278354645
-0.06306286156177521
-0.04890777170658112
0.004208232276141644
-0.08015009760856627
-0.05449804663658142
-0.01997578889131546
-0.05256561934947968
-0.023854590952396393
-0.06949735432863235
-0.05586907267570496
-0.03916899487376213
-0.05143507570028305
-0.03394066542387009
-0.0734902024269104
-0.043387457728385925
-0.06686124205589294
-0.033293649554252625
-0.05246496945619583
-0.03122536092996597
-0.050587475299835205
-0.05845551192760468
-0.02694522589445114
-0.06491610407829285
-0.06403329968452454
-0.04764387756586074
-0.06604355573654175
-0.06036098301410675
-0.06910641491413116
-0.03902994096279144
-0.05532471835613251
-0.07276653498411177
-0.02653517946600914
-0.057313546538352966
-0.06061316281557083
-0.047270260751247406
-0.05223158746957778
-0.0415557324886322
-0.0480281300842762
-0.021674297749996185
-0.049243688583374016
-0.07118033617734909
-0.058121100068092346
-0.05979757010936737
-0.06772322952747345
-0.05400569736957551
-0.10685336589813232
-0.03537050634622574
-0.06160838156938553
-0.046244993805885315
-0.06787381321191788
-0.04591666162014008
-0.03470046445727348
-0.07044654339551926
-0.024985048919916153
-0.0382564514875412
-0.05207541584968567
-0.041833225637674325
-0.041351281106472015
-0.05839041620492935
-0.06986039876937866
-0.04596319049596786
-0.08350801467895508
-0.06242854893207551
-0.04967162013053895
-0.007710178382694721
-0.07039147615432739
-0.06795215606689453
-0.06655272841453552
-0.03595742955803871
-0.04074157774448394
-0.05785006284713745
-0.04645594581961632
-0.03582285717129707
-0.0506514385342598
-0.05624353885650634
-0.04358480870723724
-0.04621943086385727
-0.05080001801252365
-0.05018816888332367
-0.07242900133132935
-0.04844427108764648
-0.07154163718223572
-0.05405522882938385
-0.015781033784151077
-0.06142745912075043
-0.06731633841991425
-0.02776188403367996
-0.09159285575151443
-0.06420262902975081
-0.04759909585118294
-0.04048949480056763
-0.07286225259304047
-0.042643576860427856
-0.028315991163253784
-0.05656704306602479
-0.08748886734247206
-0.074077308177948
-0.06639392673969269
-0.06266964226961136
-0.05303876847028732
-0.06912656128406525
-0.015135296620428562
-0.12453284859657288
-0.0419207327067852
-0.024303626269102097
-0.03017859160900116
-0.06564773619174957
-0.05300167948007584
-0.07162392139434814
-0.04864513874053955
-0.057401493191719055
-0.09138643741607666
-0.07351943105459213
-0.03719623386859894
-0.025060221552848812
-0.05591621994972229
-0.0496303141117096
-0.036851126700639725
-0.07337467372417451
-0.08397294580936432
-0.024334870278835297
-0.0598672479391098
-0.08237497508525848
-0.08192937821149826
-0.0652402862906456
-0.03228222951292992
-0.050486110150814056
-0.06732821464538574
-0.03969733044505119
-0.04410436376929283
-0.08042500913143158
-0.04697414115071297
-0.07232113927602768
-0.051943562924861915
-0.04625281691551208
-0.05213269591331482
-0.07628627121448515
-0.054566040635108955
-0.07579787820577621
-0.09988543391227722
-0.03931601345539093
-0.08117135614156723
-0.05864743888378143
-0.0427897572517395
-0.09847623109817503
-0.0764983519911766
-0.0423896349966526
-0.03727264702320098
-0.01648407056927681
-0.013961945660412312
-0.03884197399020195
-0.057628847658634186
-0.00895777065306902
-0.06903280317783356
-0.047300085425376885
-0.028603926301002502
-0.041623231023550034
-0.04301632940769196
-0.02367470785975456
-0.06557556241750717
-0.06891238689422607
-0.06969698518514633
-0.06720447540283203
-0.06969435513019562
-0.08230765908956526
-0.0493706613779068
-0.06518742442131041
-0.0809427797794342
-0.0468454584479332
-0.04075367376208305
-0.032317932695150375
-0.0734129473567009
-0.048625215888023376
-0.06313856691122055
-0.04564192891120911
-0.05628082901239395
-0.0688486397266388
-0.007534832693636417
-0.0436420738697052
-0.04440390691161156
-0.04270580410957336
-0.05465073883533478
-0.04765398055315018
-0.08997869491577148
-0.06939633190631865
-0.026208307594060894
-0.017960619181394577
-0.024333700537681576
-0.051023565232753754
-0.019564345479011532
-0.02420225739479065
-0.05918364226818085
-0.04356164112687111
-0.09816238284111024
-0.029471762478351596
-0.04775622859597206
-0.05328426510095596
-0.05375401675701141
-0.03789185732603073
-0.04513566568493843
-0.08217119425535202
-0.047753773629665375
-0.07474318146705627
-0.08462688326835632
-0.06614389270544052
-0.020699672400951385
-0.052047818899154656
-0.05070537328720093
-0.0423777513206005
-0.07224872708320618
-0.08101646602153778
-0.09439671039581299
-0.07200950384140015
-0.07259818911552429
-0.05956475436687469
-0.07955131679773329
-0.07319593429565428
-0.07933473587036131
-0.06372704356908798
-0.029951434582471848
-0.08215932548046112
-0.021748818457126617
-0.07477640360593796
-0.06566399335861206
-0.03852861374616623
-0.06334670633077621
-0.07674549520015715
-0.04340530186891556
-0.02450542151927948
-0.04114796221256256
-0.053794264793396
-0.05366034060716629
-0.05809519439935684
-0.08051122725009918
-0.05285188555717468
-0.03937523066997528
-0.05018743127584457
-0.05391339957714081
-0.03174888342618942
-0.02248687669634819
-0.07819202542304993
-0.058171123266220086
-0.05845677107572556
-0.0251203216612339
-0.04692359268665314
-0.08886388689279555
-0.028521575033664703
-0.038987357169389725
-0.05068738013505936
-0.06072335690259933
-0.05433272570371628
-0.10827776044607162
-0.06541810929775238
-0.0567273423075676
-0.03162503242492676
-0.06749717891216278
-0.025379270315170288
-0.0933140069246292
-0.06540320813655853
-0.05004796385765076
-0.07528874278068542
-0.0529567152261734
-0.0172271728515625
-0.03414778783917427
-0.07072687149047852
-0.08878229558467865
-0.03906397894024849
-0.04139392077922821
-0.0678214281797409
-0.07264795154333113
-0.04982516169548035
-0.0584563985466957
-0.060276538133621216
-0.048044711351394646
-0.037048500031232834
-0.04373111575841904
-0.045410186052322395
-0.05368476361036301
-0.05982990562915801
-0.024543672800064087
-0.07682405412197113
-0.05516580492258072
-0.0619816780090332
-0.07437830418348312
-0.06255975365638733
-0.05626997351646423
-0.02988181635737419
-0.08070897310972212
-0.03445553034543991
-0.08146271854639053
-0.028868980705738068
-0.05699156224727631
-0.07396122813224792
-0.049894481897354126
-0.055793039500713355
-0.06793534755706787
-0.042576614767313
-0.00747265201061964
-0.036895327270030975
-0.05291200429201126
-0.10027424991130827
-0.024214446544647217
-0.119545578956604
-0.018218137323856357
-0.054486222565174096
-0.022107247263193127
-0.08616463840007782
-0.05884411185979843
-0.02942288666963577
-0.10038170218467712
-0.04897206276655197
-0.04818227142095566
-0.06200708448886871
-0.04858800396323204
-0.05294732004404068
-0.06031195819377899
-0.02887553721666336
-0.06791606545448303
-0.04950191080570221
-0.08938990533351898
-0.04349271953105927
-0.05791228264570236
-0.04391142725944519
-0.09277161210775375
-0.0602300763130188
-0.02303936332464218
-0.0198960155248642
-0.06713949143886566
-0.08442706614732742
-0.05091044306755066
-0.041474759578704834
-0.04136998951435089
-0.07227183878421782
-0.03237173706293106
-0.030080337077379223
-0.021896731108427048
-0.08773757517337799
-0.07813361287117004
-0.07754895091056822
-0.0945746824145317
-0.024849243462085724
-0.07015585154294968
-0.04552417993545532
-0.050536930561065674
-0.06174079328775406
-0.03895222395658493
-0.07428653538227081
-0.0737055242061615
-0.05489210784435272
-0.0936649814248085
0.0033014649525284767
-0.0739641785621643
-0.07241310179233551
-0.03928225114941597
-0.0585600882768631
-0.10118623822927474
-0.055264487862586975
-0.06327410042285919
-0.0541565865278244
-0.06437496095895767
-0.07227028161287308
-0.061109013855457306
-0.04889227449893952
-0.03718581423163415
-0.09346705675125122
-0.07256962358951569
-0.04894556850194931
-0.07137235254049301
-0.06952262669801712
-0.0692395344376564
-0.03473402559757233
-0.05322201550006866
-0.05894755572080612
-0.03483652323484421
-0.0729222372174263
-0.03873902931809425
-0.043367546051740646
-0.06354707479476929
-0.06842011213302612
-0.015235026367008686
-0.10040144622325896
-0.00446170661598444
-0.05994415283203125
-0.04555698856711388
-0.07597684115171432
-0.06138978898525239
-0.02060769498348236
-0.05203130841255188
-0.002617374993860721
-0.03413790091872215
-0.01175170112401247
-0.03859155625104904
-0.08874547481536865
-0.06052689254283905
-0.07162172347307205
-0.060950547456741326
-0.05711772292852402
-0.051492705941200256
-0.0351506769657135
-0.05356426537036896
-0.09550465643405913
-0.08127635717391966
-0.050313398241996765
-0.03733649849891663
-0.060884468257427216
-0.05768679827451706
-0.06079087406396866
0.009283480234444141
-0.04305322840809822
-0.06466234475374222
-0.05936020612716674
-0.02673589438199997
-0.06730875372886658
-0.05255305767059326
-0.025578457862138748
-0.0534064918756485
-0.054912619292736047
-0.003431162796914577
-0.03587065637111664
-0.04977262765169144
-0.05317176878452301
-0.05623045563697815
-0.0424589104950428
-0.03719308599829674
-0.05904830992221832
-0.03675084188580513
-0.05721493810415268
-0.014362785033881664
-0.05824572592973709
-0.08938995748758317
-0.05701230466365814
-0.019712593406438828
-0.07073662430047989
-0.047035351395606995
-0.02042150869965553
-0.06102176010608673
-0.07793888449668883
-0.042704716324806206
-0.06601680815219879
-0.07118649035692215
-0.04310517385601997
-0.020933851599693295
-0.05693538486957551
-0.06933657079935074
-0.0695086121559143
-0.05075662583112717
-0.058568626642227166
-0.06590607762336731
-0.07319920510053633
-0.09426864236593246
-0.05722485482692719
-0.06248953938484192
-0.05074102431535721
-0.06183399260044098
-0.07481428980827332
-0.04124117642641068
-0.03839583322405815
-0.07144492119550705
-0.053164787590503686
-0.05822977423667908
-0.08294075727462769
-0.043970439583063126
-0.06239613890647888
-0.06482871621847153
-0.05550402402877808
-0.038399405777454376
-0.04948390275239944
-0.05896838754415512
-0.0586499497294426
-0.04925211519002914
-0.04286965355277061
-0.058446824550628655
-0.025003962218761444
-0.096182644367218
-0.05708193778991699
-0.030542079359292984
-0.06195440888404846
-0.11470647156238556
-0.03578775003552437
-0.04030593112111092
-0.03990183398127556
-0.051791012287139886
-0.044871143996715546
-0.067264124751091
-0.03083932399749756
-0.06445486843585968
-0.041852526366710656
-0.06902492046356201
-0.04772002622485161
-0.034552983939647675
-0.06329753994941711
-0.04485097527503967
-0.09374286979436873
-0.04219076037406921
-0.03153747320175171
-0.09540197998285292
-0.06533204019069672
-0.051651716232299805
-0.04123138636350632
-0.030708990991115567
-0.11089780926704405
-0.07232377678155899
-0.07605965435504913
-0.042074713855981834
-0.05750789493322373
-0.06369414925575256
-0.04680333286523818
-0.0648682713508606
-0.07084035873413086
-0.02073635160923004
-0.08107364177703857
-0.073138989508152
-0.04676680639386177
-0.05339059978723527
-0.07435961067676544
-0.05519312620162964
-0.0648028776049614
-0.0674048662185669
-0.04961542785167694
-0.05140553414821625
-0.05647468566894531
-0.05661352723836898
-0.08179531991481781
-0.09144377708435057
-0.058268755674362176
-0.03308050334453583
-0.04131241515278816
-0.05826202034950256
-0.0643654465675354
-0.053800985217094414
-0.043723113834857934
-0.06506709754467009
-0.03347603976726532
-0.07148420810699463
-0.06128673255443573
-0.052504852414131165
-0.0666477233171463
-0.029175251722335812
-0.06120207905769348
-0.06500948965549469
-0.03184524178504944
-0.08081325888633728
-0.06513634324073792
-0.04840267822146416
-0.052521206438541405
-0.022728644311428074
-0.048714056611061096
-0.05269192159175873
-0.07088224589824677
-0.022850230336189273
-0.08482122421264648
-0.05310022085905075
-0.04848576337099075
-0.04301407188177109
-0.07715627551078796
-0.07745203375816345
-0.0798640102148056
-0.06640753149986267
-0.05263408273458481
-0.055766627192497246
-0.04378697648644447
-0.06359849125146866
-0.020071685314178463
-0.06128879636526108
-0.022342529147863388
-0.0639430582523346
-0.03492751345038414
-0.047771774232387536
-0.046721801161766045
-0.0518793985247612
-0.052944093942642205
-0.03990263119339943
-0.03676973283290863
-0.06902994960546494
-0.06990223377943039
-0.0750996917486191
-0.07056285440921783
-0.04741168022155762
-0.047214917838573456
-0.04068632051348686
-0.08047470450401306
-0.06777580082416534
-0.0380769520998001
-0.11393383145332336
-0.05325096845626831
-0.03878692537546158
-0.035629697144031525
-0.05814868211746216
-0.03860236704349518
-0.05781063437461853
-0.044889580458402634
-0.04765161126852036
-0.07753410935401917
-0.05570459365844727
-0.06881241500377655
-0.07793717831373215
-0.020127754658460617
0.007737115956842899
-0.04855060204863548
-0.070160411298275
-0.04066574573516846
-0.07146444171667099
-0.07924285531044006
-0.10179627686738968
-0.03746604174375534
-0.06126245856285095
-0.06341573596000671
-0.06587941944599152
-0.055282101035118096
-0.06860676407814026
-0.06695608049631119
-0.05991784483194351
-0.05377328395843506
-0.08040738105773924
-0.05057637393474578
-0.08403883129358292
-0.06001211702823639
-0.03673344105482101
-0.08203236758708954
-0.07899023592472076
-0.07858623564243315
-0.024026181548833847
-0.09521950781345367
-0.0765918418765068
-0.08537314087152481
-0.05245533585548401
-0.015008107759058475
-0.06992335617542267
-0.031155958771705627
-0.0904187336564064
0.008823652751743793
-0.019119158387184143
-0.06492721289396286
-0.06631595641374588
-0.02444195747375488
-0.058444134891033166
-0.08092651516199112
-0.051880531013011925
-0.06007404625415801
-0.06519214808940887
-0.04488550126552582
-0.018076341599226
-0.0720260888338089
-0.05625931918621063
-0.05582690984010696
-0.033459149301052094
-0.08853323757648467
-0.03721500933170319
-0.03499151021242142
-0.02658800035715103
-0.04696626216173172
-0.041651539504528046
-0.08802799880504608
-0.06249015778303146
8.368398994207382e-05
-0.059475868940353394
-0.04381230473518372
-0.06864046305418015
-0.08105663955211638
-0.08836882561445235
-0.08142285048961638
-0.04012157768011093
-0.04271306097507477
-0.09264235198497772
-0.07862858474254608
-0.09759074449539185
-0.08123844116926193
-0.05264413356781006
-0.06530334800481796
-0.04240956902503967
-0.045180544257164
-0.025617860257625576
-0.0683845579624176
-0.053930483758449554
-0.08386065065860748
-0.06289474666118622
-0.07798679918050766
-0.04508152604103088
-0.04149755090475082
-0.035261835902929306
-0.08082536607980728
-0.04184537008404732
-0.0387536957859993
-0.1013730838894844
-0.05878874659538269
-0.07039900124073029
-0.06651055067777634
-0.09427146613597868
-0.06108713895082474
-0.08440494537353516
-0.02764109149575233
-0.048009783029556274
-0.02983292192220688
-0.07111965119838715
-0.04762299358844757
-0.060788467526435845
-0.06651787459850311
-0.05435214936733246
-0.06510065495967865
-0.0791655108332634
-0.06189828366041184
-0.04470110684633255
-0.044778071343898766
-0.05247875303030015
-0.0524783432483673
-0.07976329326629639
-0.0891083851456642
-0.06596826761960983
-0.036164477467536926
-0.02020455151796341
-0.09425457566976547
-0.05039685964584351
-0.035316113382577896
-0.032746173441410065
-0.0807749330997467
-0.042386241257190704
-0.05546287447214127
-0.0813642218708992
-0.09122437238693235
-0.03686363622546196
-0.06037966907024384
-0.04680432379245758
-0.04701564088463783
-0.05065303295850754
-0.10126762837171555
-0.0358257070183754
-0.050187848508358
-0.023739293217659
-0.03104519098997116
-0.0947367176413536
-0.04812201112508774
-0.045518893748521805
-0.06277982145547867
-0.08063942939043045
-0.07174789160490036
-0.07803457975387573
-0.04735516011714935
-0.06142182648181915
-0.06539745628833771
-0.0305338092148304
-0.03479684144258499
-0.05145946145057678
-0.05268116295337677
-0.003191051073372364
-0.02882605791091919
-0.04538737237453461
-0.0509633794426918
-0.05171282589435577
-0.05195402354001999
-0.05614735186100006
-0.028202120214700695
-0.054351985454559326
-0.05755588412284851
-0.040213905274868005
-0.05148614943027496
-0.044808201491832726
-0.05424536764621735
-0.03414341062307358
-0.04829416796565056
-0.06686659157276154
-0.06027856469154358
-0.05811364948749542
-0.07930836826562881
-0.01096030045300722
-0.08127844333648682
-0.05009786784648895
-0.03176992386579513
-0.03974822163581848
-0.039897043257951736
-0.08598404377698897
-0.06284646689891815
-0.09820960462093352
-0.05434117466211319
-0.05961936712265015
-0.025026287883520126
-0.04189072549343109
-0.07454095035791397
-0.0572393387556076
-0.04047743231058121
-0.07641397416591644
-0.04357576370239258
-0.07870706915855406
-0.0497758686542511
-0.05933564901351929
-0.05361364781856537
-0.09618332982063293
-0.07821237295866013
-0.07718156278133392
-0.062460318207740784
-0.045033611357212074
-0.0722992494702339
-0.012901277281343935
-0.05381484329700469
-0.06689279526472092
-0.048084400594234473
-0.05596007406711578
-0.06962263584136963
-0.003464248962700367
-0.0720331221818924
-0.07517531514167786
-0.038808029145002365
-0.06876956671476364
-0.04608947038650513
-0.02445613592863083
-0.0256059393286705
-0.06853590905666351
-0.08381904661655426
-0.07100598514080048
-0.04681560397148132
-0.058158241212368005
-0.03814021497964859
-0.0474419891834259
-0.032136674970388406
-0.061622656881809235
-0.10239753127098083
-0.03836707770824432
-0.05182357132434845
-0.0447821207344532
-0.04949066042900085
-0.04263544455170632
-0.0662270188331604
-0.02873256802558899
-0.06227758526802063
-0.05355384945869446
-0.03590606898069382
-0.012432281859219074
-0.032370712608098984
-0.07304973155260086
-0.07515703141689299
-0.027897901833057404
-0.05924561619758605
-0.06484618037939072
-0.03890328481793404
-0.08895299583673477
-0.06032650172710419
-0.04676610231399536
-0.08344613760709761
-0.06921252608299255
-0.07450778782367705
-0.05803489685058594
-0.06810601055622101
-0.057817235589027405
-0.07115234434604645
-0.05743148922920227
-0.052339531481266015
-0.04337359964847565
-0.047909095883369446
-0.0794878900051117
-0.08026660978794099
-0.0627797394990921
-0.03948842734098434
-0.06585732102394104
-0.09226451814174653
-0.07683979719877243
-0.05649939179420471
-0.06182406842708588
-0.03441936522722244
-0.015268594957888126
-0.03060566261410713
-0.06935238838195801
-0.030934285372495648
-0.04012809321284294
-0.05554232001304626
-0.0341990701854229
-0.05156657099723816
-0.07165458053350449
-0.09826137125492097
-0.026627857238054276
-0.07713247835636139
-0.06993593275547028
-0.049171149730682366
-0.027957931160926815
-0.061676964163780205
-0.033077649772167206
-0.05064135789871216
-0.08606612682342529
-0.09206511080265044
-0.029998779296875
-0.10781530290842056
-0.04419447109103202
-0.023727327585220337
-0.03786502406001091
-0.05627044290304184
-0.07054107636213303
-0.06221131980419159
-0.05921263247728348
-0.04632701352238655
-0.007035453803837299
-0.06101352721452713
-0.06905407458543777
-0.059773996472358704
-0.08326892554759979
-0.02794136106967926
-0.0470769926905632
-0.08364582806825638
-0.0714138075709343
-0.042910024523735046
-0.04746711999177933
-0.08579938113689423
-0.07396992295980453
-0.06545814871788025
-0.06466132402420044
-0.012961876578629015
-0.0365426242351532
-0.047255292534828186
-0.0067719342187047005
-0.0426144152879715
-0.023569203913211823
-0.07648000121116638
-0.08157514780759811
-0.05678340047597885
-0.06995802372694016
-0.06048031896352768
-0.019348111003637317
-0.05225088447332382
-0.044829919934272766
-0.09163571894168851
-0.07750126719474792
-0.09530307352542877
-0.027725733816623688
-0.057122640311717994
-0.08724015206098557
-0.048690304160118096
-0.044293254613876336
-0.03815929964184761
-0.04131548851728439
-0.07378270477056502
-0.042127523571252816
-0.053528249263763435
-0.01988130807876587
-0.03465761989355087
-0.03115482628345489
-0.014723376370966434
-0.06126707792282104
-0.04520817846059799
-0.037101913243532174
-0.04859856888651848
-0.010271516628563404
-0.04290205240249634
-0.024842869490385052
-0.08113584667444229
-0.07199214398860931
-0.07963962107896803
-0.04664800316095352
-0.0571264773607254
-0.08472047746181488
-0.06777501106262207
-0.06696237623691559
-0.058681204915046685
-0.026162896305322647
-0.05040569603443146
-0.04589616507291794
-0.04467332735657692
-0.05913115292787552
-0.05579633265733719
-0.02617151290178299
-0.037747759371995926
-0.012272241525352
-0.044794604182243354
-0.07403861731290817
-0.0507727488875389
-0.048548586666584015
-0.02572036907076836
-0.03385882452130318
-0.05439812690019608
-0.08636226505041121
-0.05148500204086304
-0.08129660785198212
-0.04438484832644463
-0.04252648726105689
-0.09202059358358385
-0.04721730947494506
-0.04720325767993927
-0.0556163564324379
-0.041961781680583954
-0.05573343485593796
-0.06903573870658875
-0.062151871621608734
-0.06896132230758667
-0.03597082942724228
-0.05345484614372253
-0.04893139004707336
-0.07494018226861954
-0.04764603078365326
-0.06826122850179672
-0.06251943111419678
-0.04479952156543732
-0.0671490877866745
-0.06553926318883896
-0.06148793548345566
0.001696164719760418
-0.050986334681510925
-0.07207527011632918
-0.02719650790095329
-0.09017082303762437
0.01614326983690262
-0.019690331071615216
-0.020121045410633087
-0.041467420756816864
-0.058676838874816895
-0.03858751058578491
-0.04328858479857445
-0.053089529275894165
-0.06956105679273605
-0.03903023898601532
-0.06914736330509186
-0.039430227130651474
-0.060423314571380615
-0.07407226413488387
-0.05792488157749176
-0.07498839497566222
-0.03877545893192291
-0.05137772858142853
-0.08150265365839005
-0.07297781109809875
-0.0599876046180725
-0.029302600771188732
-0.05351374298334122
-0.06819208711385727
-0.05663532018661499
-0.008163188584148884
-0.05229746550321578
-0.06582432985305786
-0.06599989533424377
-0.06619197130203247
-0.07304565608501433
-0.048092033714056015
-0.07125531136989594
-0.04991301149129868
-0.040312021970748894
-0.04967173188924789
-0.0674956813454628
-0.05885850638151169
-0.05491986870765687
-0.04417116194963455
-0.08845679461956024
-0.03245130181312561
-0.08270930498838425
-0.04323587566614151
-0.05568265914916992
-0.05010112375020981
-0.05568675696849823
-0.012445895932614803
-0.06744854152202606
-0.05137844383716583
-0.015356902964413166
-0.04017618671059608
-0.04751978442072868
-0.03907542675733566
-0.010539320297539234
-0.06401501595973969
-0.04922892898321152
-0.03268145024776459
-0.06653350591659546
-0.040433369576931
-0.05799663066864014
-0.10224562883377077
-0.041165970265865326
-0.08232314884662627
-0.04704630374908447
-0.03826143220067024
-0.07534141838550566
-0.04894432425498962
-0.06544005125761032
-0.05588183552026749
-0.08391948044300078
-0.0298677459359169
-0.011292674578726292
-0.05495971441268921
-0.058289915323257446
-0.056895263493061066
-0.05753375589847565
-0.06758308410644531
-0.07643458992242813
-0.10354358702898024
-0.043559614568948746
-0.038174502551555634
-0.0333925224840641
-0.06163395196199417
-0.03679128736257553
-0.04642249643802642
-0.08493683487176894
-0.0516505092382431
-0.04896482825279236
-0.04906365275382996
-0.03724522516131401
-0.06682778149843216
-0.03926772624254227
-0.10387449711561204
-0.08220507204532622
-0.043490391224622726
-0.03009401261806488
-0.02906094118952751
-0.07216669619083405
-0.09545564651489258
-0.05900336056947708
-0.07147067785263062
-0.0388273186981678
-0.07873373478651047
-0.07207741588354111
-0.07809293270111085
-0.059120245277881615
-0.0601239800453186
-0.036324698477983475
-0.03157041221857071
-0.07737353444099426
-0.01012247521430254
-0.09302809089422226
-0.05192763358354568
-0.07518769800662993
-0.03442621231079101
-0.05931594967842103
-0.023225411772727966
-0.06807978451251984
-0.04817989841103554
-0.06984511762857437
-0.023937948048114777
-0.08078629523515701
-0.04832199960947037
-0.038897793740034096
-0.02419991418719292
-0.09008078277111053
-0.0709637925028801
-0.08966545760631561
-0.048618517816066735
-0.06954297423362732
-0.02544857934117317
-0.08797204494476318
0.0029358556494116783
-0.04039203375577927
-0.06756602972745895
-0.04580112546682358
-0.10439462959766388
-0.055898450314998634
-0.05388747900724411
-0.060508668422698975
-0.0559711903333664
-0.012036197818815708
-0.09855572879314423
-0.05512578040361405
-0.05536685138940811
-0.032349634915590286
-0.05093362182378769
-0.043998584151268005
-0.07996132969856262
-0.03845178335905075
-0.06010696291923522
-0.03764241561293601
-0.08231909573078156
-0.055502600967884064
-0.06059737503528594
-0.055245988070964806
-0.04631316289305687
-0.04920315742492676
-0.0900990515947342
-0.07798968255519867
-0.03502684086561203
-0.04197344928979874
-0.04923008382320404
-0.0762369930744171
-0.14277473092079163
-0.029569923877716064
-0.03928729891777039
-0.09208174049854279
-0.03091298416256905
-0.09105549752712248
-0.03519216552376747
-0.05656924843788146
-0.030753362923860546
-0.06758993864059448
-0.06629416346549988
-0.03751484677195549
-0.09045098721981049
-0.08934706449508667
-0.011335396207869051
-0.029307320713996887
-0.02816877514123917
-0.03373777121305466
-0.07651175558567046
-0.056398503482341766
-0.0489036962389946
-0.08093351125717163
-0.049446456134319305
-0.03230486810207367
-0.043969843536615365
-0.03036820888519287
-0.06030795723199844
-0.0645618736743927
-0.07062889635562897
-0.0574299618601799
-0.02688619866967201
-0.0301712304353714
-0.03929772973060608
-0.05315127968788146
-0.044526539742946625
-0.060848981142044074
-0.07536584138870238
-0.05162141472101212
-0.041022278368473046
-0.07690243422985077
-0.06861372292041779
-0.04216513782739639
-0.04487721994519234
-0.059734106063842766
-0.04368143528699874
-0.08415297418832779
-0.06710049510002136
-0.06516879051923752
-0.037475001066923135
-0.05003625899553298
-0.050690807402133935
-0.06191271543502808
-0.07917317748069763
-0.0902719348669052
-0.04219297319650649
-0.1049889326095581
-0.05855058133602142
-0.0479443185031414
-0.03800725936889648
-0.06953832507133484
-0.052484646439552314
-0.043214887380599976
-0.046570196747779846
-0.08675870299339294
-0.051696836948394775
-0.018270086497068405
-0.043480925261974335
-0.05078718066215515
-0.04422753304243088
-0.02508309483528137
-0.04737498611211777
-0.04918741434812546
-0.014683463610708712
-0.033229418098926544
-0.05275341868400574
-0.05239490419626236
-0.03929337859153748
-0.016309980303049088
-0.02638468891382217
-0.0767289251089096
-0.04095284640789032
-0.07917026430368422
-0.046779848635196686
-0.06420258432626724
-0.04891730844974518
-0.04877457022666931
-0.06132739782333375
-0.0791802704334259
-0.027025803923606873
-0.03991167992353439
-0.08610998094081879
-0.05430668592453002
-0.0313180536031723
-0.03862442076206207
-0.07229005545377731
-0.08521100878715515
-0.046865206211805344
-0.040413059294223785
-0.05581501126289368
-0.05049813538789749
-0.08166090399026871
-0.03326530382037163
-0.058451153337955475
-0.05700059235095978
-0.052943602204322815
-0.08876960724592207
-0.04957649856805801
-0.040365442633628845
-0.04463947936892509
-0.08901587128639221
-0.00744395423680544
-0.05494704842567444
-0.0593329668045044
-0.05494661629199982
-0.02966301515698433
-0.05673135817050934
-0.053313478827476495
-0.05334358662366867
-0.04671575874090195
-0.0375954695045948
-0.03755342215299606
-0.0952743962407112
-0.0076824212446808815
-0.02508145570755005
-0.0784383714199066
-0.11059658229351044
-0.06425893306732178
-0.03018886595964432
-0.049256116151809685
-0.05586665868759155
-0.06458405405282974
-0.07028430700302124
-0.05865855515003204
-0.05830740928649902
-0.06365735828876495
-0.018378913402557373
-0.04849348962306976
-0.07466298341751097
-0.023272965103387833
-0.06500303745269775
-0.08719675242900848
-0.07695737481117249
-0.0734836310148239
-0.09522098302841185
-0.006469667889177799
-0.10591722279787064
-0.06769870221614838
-0.01468041818588972
-0.025753527879714962
-0.053322017192840576
-0.0456143356859684
-0.06789567321538925
-0.04344530403614044
-0.05620019137859344
-0.04278085380792618
-0.0374218225479126
-0.06455257534980774
-0.020104318857192997
-0.05197443813085556
-0.08566483855247498
-0.019088443368673325
-0.05163631588220596
-0.04828479140996933
-0.049690842628479
-0.06286807358264923
-0.0582677498459816
-0.0521458238363266
-0.04250253736972809
-0.09747944772243501
-0.08654211461544035
-0.055151700973510735
-0.0643656849861145
-0.06134393066167832
-0.03475465998053551
-0.04916971176862717
-0.08811342716217041
-0.08347476273775101
-0.10496161878108978
-0.06605839729309082
-0.051798611879348755
-0.08698190748691559
-0.07573584467172623
-0.048262089490890496
-0.06545080989599228
-0.057279914617538445
-0.011532480828464031
-0.04609339311718941
-0.0382847785949707
-0.056970454752445214
-0.015106932260096071
-0.026193205267190933
-0.04442543536424637
-0.04413850605487824
-0.0756767988204956
-0.03038851171731949
-0.029067952185869217
-0.025098882615566254
-0.03267521411180496
-0.08431393653154373
-0.02410535141825676
-0.06414878368377686
-0.040616512298583984
-0.05690810829401016
-0.04838486015796661
-0.03235342353582382
-0.08457627892494202
-0.04998704046010971
-0.046470195055007935
-0.0754956230521202
-0.052577294409275055
-0.03247169777750969
-0.029256545007228848
-0.040755152702331536
-0.06917260587215424
-0.030263535678386688
-0.016494594514369965
-0.09171116352081299
-0.04567330330610275
-0.04174759984016418
-0.05962911248207092
-0.05995765328407288
-0.08002611249685286
-0.03549979254603386
-0.04262520745396614
-0.06747221201658249
-0.03652060776948929
-0.05603558570146561
-0.022885940968990322
-0.04105822741985321
-0.05878731608390808
-0.07089193165302277
-0.04959778487682343
-0.0549069344997406
-0.03840727731585503
-0.04299288988113403
-0.036569006741046906
-0.09408120065927504
-0.05976319313049317
-0.04399778693914413
-0.04376164823770523
-0.02195774018764496
-0.09205667674541472
-0.07803275436162947
-0.03541428595781326
-0.07075753062963486
-0.052945718169212334
-0.055199101567268365
-0.03669937327504159
-0.06753125786781311
-0.05185294896364212
-0.07845081388950349
-0.04747040569782257
-0.06996516138315201
-0.09285297989845277
-0.046406615525484085
-0.05880548804998398
-0.058471448719501495
-0.08062271773815155
-0.05150933563709259
-0.01785670220851898
-0.03800152987241745
-0.04214315116405487
-0.08539491891860963
-0.04377617314457893
-0.051724329590797424
-0.08908403664827347
-0.048539601266384125
-0.0337456688284874
-0.08311436325311661
-0.06812848150730133
-0.04472126066684722
-0.05935679376125336
-0.06987789273262024
-0.05295972526073456
-0.04065394774079322
-0.06354962289333344
-0.06297386437654495
-0.0747065395116806
-0.05347666144371033
-0.029100652784109116
-0.0660422146320343
-0.04283124580979347
-0.08251383900642395
-0.045078784227371216
-0.0440717488527298
-0.07471125572919844
-0.039882250130176544
-0.06128951907157897
-0.044647783041000366
-0.04466690868139266
-0.0851471871137619
-0.022405795753002167
-0.0499245673418045
-0.06476549804210663
-0.06626184284687042
-0.027547013014554977
-0.08867079019546509
-0.007757854647934435
-0.04711814969778061
-0.043885596096515656
-0.042868040502071374
-0.046298153698444366
-0.055307671427726746
-0.05103746056556702
-0.058781862258911126
-0.029763009399175644
-0.03539915382862091
-0.05921214073896408
-0.028463151305913925
-0.0675467699766159
-0.07128451764583588
-0.04935601353645325
-0.022891990840435028
-0.06571736931800842
-0.0495595708489418
-0.06919001042842865
-0.015187536366283892
-0.06285448372364044
-0.07464343309402467
-0.0417078472673893
-0.07054919749498367
-0.08000174909830093
-0.053461261093616486
-0.05913589149713516
-0.09111513197422029
-0.05229369550943375
-0.053152643144130714
-0.04057733714580536
-0.04352456331253052
-0.03303742781281471
-0.049499578773975365
-0.05615603178739548
-0.009826415218412876
-0.03631192445755005
-0.06585320830345154
-0.06200578808784485
-0.05694255232810974
-0.03627799078822136
-0.04268112033605576
-0.03584956377744675
-0.02795559912919998
-0.07008317857980728
-0.06627152860164641
-0.08396181464195251
-0.07333178818225859
-0.06583161652088165
-0.05607065558433533
-0.061975471675395966
-0.0554327666759491
-0.062464892864227295
-0.02901626005768776
-0.010082135908305643
-0.050209663808345795
-0.043324679136276245
-0.0632672905921936
-0.045952972024679184
-0.06292849779129028
-0.019624974578619003
-0.07039812207221985
-0.038174569606781006
-0.04572835564613342
-0.023596350103616714
-0.034391265362501144
-0.07101429998874664
-0.06883493065834045
-0.08251722157001494
-0.05735018849372864
-0.049216970801353455
-0.06352317333221436
-0.045188285410404205
-0.0622381567955017
-0.10108458995819092
-0.03653080016374588
-0.06618224084377289
-0.03146922588348389
-0.0543435662984848
-0.056814655661582954
-0.023877087980508804
-0.07892610877752304
-0.04011194407939911
-0.023641936480998993
-0.05153538286685944
-0.02489675208926201
-0.10739903151988985
-0.0551687479019165
-0.0554223358631134
-0.05164990574121475
-0.05587722361087799
-0.07321937382221222
-0.08624523878097534
-0.05322662740945816
-0.08548901230096817
-0.04409435763955116
-0.05760443210601807
-0.07013735175132751
-0.06891358643770218
-0.05245131254196167
-0.035659097135066986
-0.044761475175619125
-0.04990945011377335
-0.08160878717899321
-0.04264288023114205
-0.03226877748966217
-0.014464170671999454
-0.03111252188682556
-0.0742586851119995
-0.047427959740161896
-0.06715129315853119
-0.05739341676235199
-0.0655556246638298
-0.09254942089319229
-0.08010965585708618
-0.03231007605791092
-0.02599950134754181
-0.06841673702001572
-0.09072270989418028
-0.0684279054403305
-0.022418946027755737
-0.055796176195144646
-0.048216044902801514
-0.06911510229110718
-0.062282659113407135
-0.04402248933911324
-0.04068836569786072
-0.04490635544061661
-0.009143975563347341
-0.02697728201746941
-0.0329168364405632
-0.06212835758924484
-0.06581532210111618
-0.06383020430803299
-0.05908381938934326
-0.08468835055828094
-0.06648879498243332
-0.07909250259399414
-0.06169512867927551
-0.08145868778228758
-0.05556866526603699
-0.05680540204048157
-0.06662841141223907
-0.04247013106942177
-0.03349107876420021
-0.01021276507526636
-0.051452696323394775
-0.030043102800846096
-0.02242741733789444
-0.057352565228939056
-0.07268421351909637
-0.05401577055454254
-0.03776266798377037
-0.04049928858876228
-0.06656797230243683
-0.06812327355146408
-0.03181391954421997
-0.011333365924656391
-0.04735063761472703
-0.08158506453037262
-0.09988859295845032
-0.0677206814289093
-0.047580111771821976
-0.03214624524116516
-0.02932204306125641
-0.009487093426287174
-0.054104164242744446
-0.08507324755191803
-0.06742943823337555
-0.011922654695808887
-0.05137531459331512
-0.04180295765399933
-0.037097278982400894
-0.04404444247484207
-0.08513041585683823
-0.05066855251789093
-0.06614754348993301
-0.010947112925350666
-0.06953476369380951
-0.05808662623167037
-0.02327770367264748
-0.030923672020435333
-0.02798696979880333
-0.033303048461675644
-0.06452177464962006
-0.028493251651525497
-0.04310978204011917
-0.020401716232299805
-0.0775996595621109
-0.07097484171390533
-0.05182380974292755
-0.0573790967464447
-0.014070079661905764
-0.0571574866771698
-0.054178386926651
-0.06922275573015213
-0.05971835553646088
-0.08077964931726454
-0.07076159119606018
-0.05699595808982849
-0.07024773955345154
-0.07647333294153212
-0.07409948110580444
-0.05811203271150589
-0.09483835101127625
-0.06047011166810989
-0.07280793786048889
-0.04252909123897552
-0.08576358854770659
-0.03816491365432739
-0.06323440372943878
-0.0318513959646225
-0.09362491220235825
-0.06721901893615723
-0.061369344592094414
-0.05756843090057373
-0.06333166360855103
-0.05246318131685257
-0.07027266919612885
-0.04299364984035492
-0.06838156282901764
-0.04770968109369277
-0.07039448618888855
-0.03121750429272652
-0.06758510321378708
-0.06791507452726364
-0.04515290260314941
-0.0201968215405941
-0.08608369529247285
-0.018627494573593136
-0.03500893712043762
-0.07124105840921402
-0.058571726083755486
-0.03226577863097191
-0.06842176616191864
-0.06068945676088333
-0.04667314887046813
-0.04539920389652252
-0.07674764841794966
-0.027335360646247864
-0.054163828492164605
-0.04387286677956581
-0.06165703386068344
-0.07513639330863953
-0.0688157007098198
-0.07416728138923645
-0.04915516823530197
-0.03799915686249733
-0.03117694705724716
-0.0819959044456482
-0.07030363380908966
-0.05562493950128555
-0.0449451357126236
-0.03315434232354164
-0.029470622539520264
-0.08041058480739594
-0.036342885345220566
-0.044121377170085914
-0.005619398318231106
-0.06200020015239716
-0.05736353248357773
-0.048398975282907486
-0.07829481363296509
-0.061440274119377136
-0.05737784504890442
-0.0418984554708004
-0.06572660058736801
-0.05129911005496978
-0.03145667910575867
-0.06623101234436035
-0.0581277534365654
-0.10119811445474625
-0.06670328974723816
-0.03983808681368828
-0.09558496624231337
-0.06863085925579071
-0.006587591953575611
-0.05740160495042801
-0.05579361319541931
-0.06387261301279068
-0.06675350666046143
-0.06668386608362198
-0.06274207681417465
-0.08770152926445006
-0.09503048658370973
-0.08274037390947342
-0.04856603220105171
-0.03756988048553466
-0.035354454070329666
-0.06851106137037277
-0.07598375529050827
-0.030016966164112088
-0.08828358352184294
-0.04271590709686279
-0.03782344236969948
-0.07004018127918243
-0.04078248515725136
-0.05993282049894333
-0.056830093264579766
-0.046974152326583855
-0.05976918339729309
-0.08999893814325331
-0.04834496602416039
-0.06296465545892715
-0.10572817176580428
-0.07279842346906662
-0.06168627738952637
-0.060297489166259766
-0.05821596086025239
-0.06749688088893889
-0.0356593132019043
-0.11386176943778992
-0.029531851410865784
-0.05121060460805893
-0.09709745645523073
-0.058964863419532776
-0.06062345206737518
-0.04446892067790032
-0.04821697622537613
-0.01995537057518959
-0.03526541590690613
-0.07411061227321623
-0.04550366848707199
-0.05085983127355576
-0.05500127375125885
-0.0426953062415123
-0.0574805811047554
-0.09026415646076201
-0.06487390398979187
-0.05747272819280624
-0.06357017159461975
-0.035396117717027664
-0.044035956263542175
-0.03883736953139305
-0.04365501552820206
-0.02304932475090027
-0.09633143991231918
-0.03889456391334534
-0.07002995908260345
-0.06799067556858063
-0.07058291137218475
-0.0677080973982811
-0.007302661426365375
-0.06462758034467697
-0.06004257500171661
-0.05053269118070602
-0.08229352533817291
-0.0420498363673687
-0.057497508823871606
-0.01931624859571457
-0.043029271066188805
-0.04352620989084244
-0.08631104975938798
-0.05351093411445618
-0.05645828694105148
-0.05126280337572098
-0.06664028018712997
-0.026894185692071915
-0.03612269461154938
-0.06324814260005951
-0.046549011021852486
-0.07140050083398819
-0.06717177480459213
-0.09604400396347043
-0.041380275040864944
-0.07454962283372879
-0.051514655351638794
-0.06593431532382965
-0.0272240974009037
-0.07325346767902374
-0.05353197455406189
-0.05627568066120148
-0.061969444155693054
-0.03115872293710709
-0.03074730932712555
-0.05049227923154831
-0.08129069209098816
-0.08623752743005753
-0.05011075735092163
-0.04940665513277054
-0.0564013347029686
-0.05631884932518005
-0.11627940833568572
-0.0740734115242958
-0.01936589926481247
-0.07048250734806061
-0.07877795398235321
-0.06408331543207169
-0.0881805494427681
-0.03637509420514106
-0.10108203440904616
-0.06353026628494263
-0.053954705595970154
-0.03602062538266182
-0.04603433981537818
-0.05229943245649338
-0.09428110718727113
-0.0516202300786972
-0.01660170406103134
-0.07515863329172134
-0.05051766335964202
0.001974955201148987
-0.046017307788133614
-0.02809179574251175
-0.058608755469322205
-0.0575009286403656
-0.08117359131574631
-0.05817265808582306
-0.1094449758529663
-0.07597142457962035
-0.06346221268177032
-0.06401266157627106
-0.04391111433506012
-0.0731031745672226
-0.07324305176734924
-0.0649399608373642
-0.041787132620811455
-0.04356801882386208
-0.049176886677742
-0.08769311755895615
-0.052150636911392205
-0.05546459555625916
-0.04806562140583992
-0.09708327054977417
-0.06091046333312988
-0.061057873070240014
-0.06811241060495377
-0.052180148661136634
-0.04865208268165588
-0.07104615867137909
-0.05421586334705353
-0.03127261996269226
-0.029917627573013306
-0.04563751071691513
-0.037884369492530816
-0.031874366104602814
-0.028253145515918728
-0.052787110209465034
-0.09172216802835464
-0.056765571236610406
-0.08110922574996947
-0.09624489396810532
-0.035743921995162964
-0.04456547275185585
-0.07501941919326782
-0.012186805717647076
-0.0422271341085434
-0.06469704210758209
-0.025515012443065643
-0.047639146447181695
-0.04991127550601959
-0.05992842465639114
-0.030039384961128235
-0.056096650660038
-0.05889037251472473
-0.022114410996437073
-0.052576906979084015
-0.06821201741695404
-0.017168235033750534
-0.05599793791770935
-0.03854810819029808
-0.02595336362719536
-0.06321367621421814
-0.05603199452161789
-0.055178329348564155
-0.024141475558280945
-0.05188515782356262
-0.02860862761735916
-0.039999909698963165
-0.034151095896959305
-0.07247619330883026
-0.06957784295082092
-0.07323941588401793
-0.07543932646512985
-0.04115910455584526
-0.0718877837061882
-0.08278857171535493
-0.03628509864211082
-0.04984196275472641
-0.03398577496409416
-0.022521644830703732
-0.04841703921556473
-0.08319961279630661
-0.015334277413785456
-0.05685139447450638
-0.042515520006418235
-0.035066574811935425
-0.03976094722747803
-0.0398075245320797
-0.0510355606675148
-0.09621971845626832
-0.05232018232345581
-0.08425615727901457
-0.107651948928833
-0.05822017788887024
-0.034668955951929085
-0.05640631914138794
-0.07533246278762817
-0.03312694653868675
-0.01897670328617096
-0.058168113231658936
-0.058133214712142944
-0.03879612684249878
-0.05708501487970352
-0.02724701166152954
-0.011334207840263844
-0.05473998934030533
-0.023998402059078217
-0.07263283431529999
-0.06510136276483536
-0.06623035669326782
-0.03916392475366592
-0.05113798379898071
-0.061087459325790405
-0.04569032043218613
-0.04798669368028641
-0.04051103442907333
-0.07062490284442902
-0.06168241798877716
-0.024539604783058167
-0.05866732448339462
-0.029269300401210785
-0.04610947519540787
-0.10410055518150328
-0.00682991836220026
-0.0581057071685791
-0.05614149570465088
-0.06716736406087875
-0.061223939061164856
-0.02837557718157768
-0.013208291493356228
-0.0614832416176796
-0.023290313780307766
-0.03586913272738457
-0.05552947521209717
-0.07765255123376846
-0.056061901152133935
-0.02310266345739365
-0.08492812514305113
-0.02746475487947464
-0.08500790596008301
-0.09100900590419768
-0.09404540807008745
-0.05613753199577332
-0.09112015366554259
-0.0422380268573761
-0.05879402905702591
-0.0718500018119812
-0.08960317820310593
-0.08179235458374022
-0.0763123780488968
-0.02861565351486206
-0.05479776114225388
-0.047271978110075
-0.05546805262565613
-0.03819715231657028
-0.06155171990394592
-0.05767076462507248
-0.07213439047336577
-0.0730178654193878
-0.028797231614589688
-0.04752360284328461
-0.05195598304271697
-0.042721226811409
-0.0669311061501503
-0.05822007358074188
-0.06020450592041016
-0.04803616553544998
-0.029183942824602127
-0.0618806928396225
-0.02380223572254181
-0.03308447450399399
-0.04482550173997879
-0.0031054215505719185
-0.0487961620092392
-0.050957024097442634
-0.03617141023278236
-0.09506180882453918
-0.0821366161108017
-0.07249122858047485
-0.04190661758184433
-0.02898884192109108
-0.051290400326251984
-0.045621134340763085
-0.04630738496780396
-0.10538533329963684
-0.037683367729187005
-0.04860323294997215
-0.08111936599016188
-0.04857365787029266
-0.03474990278482437
-0.05482293665409088
-0.08869637548923491
-0.03589031100273132
-0.02059851586818695
-0.04606803506612778
-0.08622702956199646
-0.07140694558620453
-0.071417897939682
-0.05076926201581954
-0.03092222288250923
-0.0825495794415474
-0.06098673492670059
-0.059409432113170624
-0.0852556973695755
-0.01919408887624741
-0.028947614133358
-0.05896122753620148
-0.03858228400349617
-0.034871455281972885
-0.06318527460098267
-0.03102574497461319
-0.0681752935051918
-0.06355158984661102
-0.051667943596839905
-0.056369416415691376
-0.09207047522068024
-0.07659946382045747
-0.032379150390625
-0.004352076910436153
-0.033981338143348694
-0.041748646646738045
-0.11927084624767303
-0.06673675775527954
-0.07955977320671082
-0.100087009370327
-0.07325599342584611
-0.057258658111095435
-0.04634697735309601
-0.08116668462753296
-0.06956654042005539
-0.05250434577465057
-0.046797674149274826
-0.06033817678689957
-0.04497694969177246
-0.02220992743968964
-0.08313538134098053
-0.04776573181152344
-0.06260539591312408
-0.02056623250246048
-0.04970356076955795
-0.0486503466963768
-0.041753120720386505
-0.030239678919315335
-0.03139827400445938
-0.06720949709415436
-0.04784324020147324
-0.04825515300035477
-0.08417849242687225
-0.06067273020744324
-0.06164620816707611
-0.07922250032424927
0.001840106211602688
-0.04911997914314271
-0.04792327806353569
-0.036360621452331536
-0.03944206982851029
-0.05312064290046692
-0.03548436239361763
-0.08604404330253601
-0.061749406158924096
-0.053056441247463226
-0.03281319886445999
-0.07634691894054413
-0.022867910563945767
-0.026028785854578015
-0.07949938625097273
-0.03770118951797485
-0.06011976301670074
-0.08354490250349043
-0.06211386620998383
-0.044351350516080856
-0.056232064962387085
-0.01153701264411211
-0.07708950340747833
-0.08951497077941895
-0.053030818700790405
-0.05764443427324295
-0.07522854208946227
-0.045530743896961205
-0.06920774281024933
-0.026048868894577023
-0.045763757079839706
-0.08731092512607574
-0.015731919556856155
-0.06525750458240509
-0.06408907473087311
-0.07318414002656937
-0.07276986539363861
-0.06855586171150208
-0.05137142539024353
-0.057399749755859375
-0.06224074214696884
-0.04521755129098892
-0.05515242367982864
-0.048484761267900474
-0.0522829070687294
-0.045830495655536645
-0.07003910839557648
-0.05213187634944916
-0.05340401828289032
-0.036444932222366326
-0.07656616717576979
-0.08422386646270752
-0.07059197872877121
-0.03909384459257126
-0.038277391344308846
-0.05998234450817108
-0.028130978345870968
-0.04652699828147888
-0.035521261394023895
-0.06294228136539459
-0.04092246666550636
-0.06095303595066071
-0.04337524622678757
-0.023104432970285412
-0.07439081370830535
-0.07288047671318054
-0.0378095768392086
-0.045470211654901505
-0.08079908043146133
-0.0238630585372448
-0.05670846253633499
-0.06072110682725906
-0.05364575982093811
-0.06619874387979507
-0.053342707455158234
-0.05482795834541321
-0.06825995445251465
-0.08134211599826813
-0.0359858013689518
-0.06182900071144104
-0.07065814733505249
-0.032897524535655975
-0.04756125807762145
-0.021512407809495922
-0.0883045345544815
-0.03781726211309433
-0.07795382291078566
-0.04303334653377533
-0.025799304246902462
-0.05710993707180023
-0.061917632818222046
-0.05299030244350433
-0.02934938669204712
-0.07390138506889342
-0.02832195535302162
-0.062074095010757446
-0.05157847702503204
-0.04988466203212737
-0.09108919650316238
-0.0842371955513954
-0.02260635793209076
-0.0668971985578537
-0.1000729501247406
-0.04362732544541359
-0.07396913319826126
-0.08986810594797134
-0.04791899397969246
-0.0652102679014206
-0.07686277478933334
-0.03642580658197402
-0.04754231870174408
-0.04870045930147171
-0.041325129568576806
-0.06719112396240233
-0.061739042401313775
-0.01834486424922943
-0.07451197504997253
-0.05814412236213684
-0.07636576890945433
-0.03181799501180649
-0.04156813770532608
-0.028901699930429455
-0.05147181451320648
-0.03405202180147171
-0.09308998286724089
-0.05532574653625488
-0.058803349733352654
-0.04677882790565491
-0.04788481444120407
-0.04776640981435776
-0.0547664538025856
-0.06237947940826416
-0.05518796294927597
-0.08018897473812102
-0.08297456800937651
-0.053647220134735114
-0.09540655463933943
-0.060960888862609856
-0.04186473786830902
-0.0693001002073288
-0.06186638027429581
-0.05134829133749008
-0.09707523882389069
-0.08842115104198454
-0.06952328979969025
-0.047147639095783234
-0.08700791001319885
-0.04667895659804344
-0.074769027531147
-0.035410311073064804
-0.0722396969795227
-0.04620833694934845
-0.0836919993162155
-0.060086265206336975
-0.05715201795101166
-0.022787000983953476
-0.06071832031011581
-0.0846722573041916
-0.04107724875211716
-0.063363216817379
-0.04676486179232597
-0.03163105621933937
-0.05571126192808151
-0.04868274182081223
-0.04818343743681908
-0.04663023352622986
-0.043430369347333915
-0.003037103451788425
-0.10393550246953964
-0.05066586285829544
-0.0875972807407379
-0.030954167246818542
-0.08597092330455779
-0.10068726539611816
-0.0731068104505539
-0.07362359762191772
-0.03293578699231148
-0.055542878806591034
-0.04150133579969406
-0.04703658819198608
-0.06659086048603058
-0.024452798068523407
-0.08159138262271881
-0.05773327499628067
-0.0474853329360485
-0.07450498640537262
-0.0407339446246624
-0.05627845972776413
-0.0646904855966568
-0.04796925187110901
-0.047189824283123016
-0.104350745677948
-0.07086743414402008
-0.06385920941829681
-0.02709009498357773
-0.04493636637926102
-0.04631059616804122
-0.05860455334186553
-0.04871226847171784
-0.039388373494148254
-0.03988173231482506
-0.031078558415174484
-0.07601958513259886
-0.01305002998560667
-0.04656493663787842
-0.062413349747657776
-0.06371577829122543
-0.07940523326396942
-0.061850376427173615
-0.05104590207338333
-0.02447351813316345
-0.08450737595558167
-0.053670771420001984
-0.0648583322763443
-0.06373108923435211
-0.05135490000247955
-0.04289788752794266
-0.06570079177618027
-0.06766554713249207
-0.04022332280874252
-0.053594812750816345
-0.07004117220640182
-0.05094625800848007
-0.05347934365272521
-0.036814380437135696
-0.07607080042362213
-0.06519550085067749
-0.010947964154183865
-0.025745704770088196
-0.02663959562778473
-0.08922880142927171
-0.09239179641008376
-0.06080303341150284
-0.07642507553100587
-0.05259741842746735
-0.03898818790912628
-0.05137538909912109
-0.0487564355134964
-0.05357569456100464
-0.0649111419916153
-0.061389967799186713
-0.1046709567308426
-0.054663628339767456
-0.05327939242124557
-0.055229291319847114
-0.07315284013748169
-0.0696452185511589
-0.018847152590751648
-0.05698204040527344
-0.08159741759300232
-0.06927567720413208
-0.06770935654640198
-0.04723312705755234
-0.06153780221939087
-0.021695386618375775
-0.06047713756561279
-0.10283175855875017
-0.0427236407995224
-0.06272438168525696
-0.043514348566532135
-0.05061621218919753
-0.022925242781639096
-0.1032525449991226
-0.1021098718047142
-0.052893787622451775
-0.06398771703243256
-0.04131519794464111
-0.06022550910711288
-0.06819798052310944
-0.026378005743026733
-0.06655584275722504
0.015402804128825665
-0.0383090078830719
-0.027144845575094223
-0.07005868852138519
-0.08628500252962112
-0.04349270835518837
-0.0002146586775779724
-0.06172396242618561
-0.04707294702529907
-0.057794854044914246
-0.07972260564565657
-0.05867622047662735
-0.058619566261768334
-0.05091644078493118
-0.07615647464990614
-0.0622958242893219
-0.01510628405958414
-0.07845228910446168
-0.06320741772651672
-0.04015611857175827
-0.03688377887010574
-0.08298343420028687
-0.028440304100513455
-0.04478595405817032
-0.04550933837890625
-0.025312867015600204
-0.05149352550506592
-0.05196197330951691
-0.011571296490728855
-0.041545704007148736
-0.057888105511665344
-0.07588483393192291
-0.08724061399698257
-0.06326466798782349
-0.03735291212797165
-0.05093243718147278
-0.03992339968681336
-0.046855833381414407
-0.045346591621637344
-0.05970554053783417
-0.05326656252145767
-0.06713357567787169
-0.061948873102664954
-0.05089378356933594
-0.05688761174678802
-0.0742240771651268
-0.08898290246725081
-0.05092306435108185
-0.028634674847126007
-0.058417774736881256
-0.08232515305280685
-0.04741773381829262
-0.014037507586181164
-0.05114724487066269
-0.062409594655036926
-0.03206000477075577
-0.11902892589569092
-0.04604135081171989
-0.0902016833424568
-0.06296369433403015
-0.053016364574432366
-0.048531673848629
-0.05528315156698226
-0.04160155355930328
-0.04215758293867111
-0.032465629279613495
-0.10470557212829588
-0.04561333730816841
-0.04712751507759094
-0.05077588558197021
-0.025261659175157547
-0.019600823521614075
-0.05974157154560089
-0.08274858444929123
-0.05615891516208649
-0.05680074542760849
-0.09442247450351715
-0.00042151007801294327
-0.036474578082561486
-0.07331381738185881
-0.05330076813697815
-0.018116194754838943
-0.055057808756828315
-0.03949083760380745
-0.03692193701863289
-0.02863508462905884
-0.03145597502589226
-0.04941006749868393
-0.062446847558021545
-0.05634337663650513
-0.04154946282505989
-0.04744892194867134
-0.059359870851039886
-0.06739738583564758
-0.08348353207111359
-0.08077909052371977
-0.07369236648082733
-0.07081560790538788
-0.0701955258846283
-0.05071290582418442
-0.04317224398255348
-0.05157074332237244
-0.08127122372388838
-0.06400881707668304
-0.02720874175429344
-0.023080114275217056
-0.0686931163072586
-0.07370185106992722
-0.055469706654548645
-0.06755268573760985
-0.09717535972595216
-0.04260529950261116
-0.05909159779548645
-0.08704207092523575
-0.05034101754426956
-0.013706385158002377
-0.058150514960289
-0.03720460832118988
-0.05126001685857773
-0.05917999893426895
-0.05028420686721802
-0.02786067873239517
-0.0914454311132431
-0.040133263915777206
-0.05688083171844482
-0.01891407743096352
-0.04576012492179871
-0.05601532757282257
-0.06087329238653183
-0.06660844385623932
-0.07095113396644592
-0.04327227175235748
-0.08214446902275085
-0.07075206935405731
-0.0338752344250679
-0.04501120001077652
-0.05072107911109924
-0.01552059594541788
-0.07973229885101318
-0.07177896052598953
-0.049088336527347565
-0.05891492962837219
-0.08502020686864853
-0.05058351159095764
-0.05011652410030365
-0.03369664028286934
-0.054624833166599274
-0.059884652495384216
-0.05021756142377853
-0.02937941998243332
-0.10757893323898315
-0.040884245187044144
-0.06504973769187927
-0.012729334644973278
-0.061859771609306335
-0.03900240734219551
-0.07528313994407654
-0.018163513392210007
-0.0443207249045372
-0.0034787235781550407
-0.0185004323720932
-0.053824953734874725
-0.06500041484832764
-0.03825146704912186
-0.014968526549637316
-0.07415430247783661
-0.024947039783000943
-0.05339868366718292
-0.06765295565128326
-0.08350700139999388
-0.06755201518535614
-0.06307961046695709
-0.04224658012390137
-0.04133233428001404
-0.034610405564308167
-0.10259507596492767
-0.07681013643741606
-0.05679517984390258
-0.036609094589948654
-0.0766138881444931
-0.09110888093709944
-0.06282734870910645
-0.05704839527606964
-0.06558385491371155
-0.06922046095132828
-0.05228900909423828
-0.09976255893707277
-0.04658263549208641
-0.06139498949050903
-0.06946320086717606
-0.01462095882743597
-0.0479721836745739
-0.09270168095827103
-0.07318231463432312
-0.06542085111141205
-0.0691002756357193
-0.013364517129957676
-0.042107705026865005
-0.08927799761295319
-0.06505358219146729
-0.0590977817773819
-0.0656246691942215
-0.06736477464437485
-0.052815139293670654
-0.08412601053714752
-0.06719046831130981
-0.054196782410144806
-0.04869179427623749
-0.06515643745660782
-0.030181560665369037
-0.08609746396541595
-0.05492693185806274
-0.030468128621578217
-0.06502670049667358
-0.049655534327030175
-0.08434627950191498
-0.051235176622867584
-0.04846519976854324
-0.08708225190639494
-0.07648539543151854
-0.07492916285991667
-0.0463879182934761
-0.06130009889602661
-0.0355893112719059
-0.1164579838514328
-0.06360244750976562
-0.02312204986810684
-0.07439949363470076
-0.037081483751535416
-0.0402093268930912
-0.06838119775056839
-0.04982826113700867
-0.04810047522187233
-0.08654174208641052
-0.03353888913989067
-0.017771169543266296
-0.07536355406045914
-0.06872759759426117
-0.05643477290868759
-0.05937959253787994
-0.05453522503376007
-0.06525124609470367
-0.05188752710819244
-0.0723016858100891
-0.04844988882541656
-0.044918697327375405
-0.02994450554251671
-0.07094475626945496
-0.06612341105937958
-0.03492157533764839
-0.05554400384426117
-0.03546813130378723
-0.06287654489278793
-0.06064797192811966
-0.058063581585884094
-0.04620933532714844
-0.08877322077751158
-0.01164508517831564
-0.10446871817111968
-0.019184879958629608
-0.06090126931667328
-0.0014857472851872444
-0.06633347272872925
-0.08515311777591705
-0.09615880995988844
-0.054903589189052575
-0.03695981949567794
-0.027836866676807404
-0.04920443147420883
-0.07780928909778595
-0.05039750784635544
-0.05157209932804108
-0.05178706347942352
-0.04568079859018326
-0.05259767174720764
-0.046575210988521576
-0.039941743016242974
-0.019135180860757828
-0.05793900787830353
-0.07885143160820006
-0.02441723644733429
-0.0021745385602116585
-0.026656545698642727
-0.04192369431257248
-0.04159589484333992
-0.0816371440887451
-0.049327611923217766
-0.06061945855617523
-0.05266357958316802
-0.05365389585494995
-0.06071949005126953
-0.027761623263359066
-0.06261119991540909
-0.07085371762514113
-0.02110333740711212
-0.0768986940383911
-0.10359641909599304
-0.08782885223627089
-0.04948726296424866
-0.012813285924494267
-0.07099652290344238
-0.04768620431423187
-0.021102178841829296
-0.059908010065555566
-0.05341889709234238
-0.08873957395553587
-0.05575200915336609
-0.04271601140499114
-0.07691329717636108
-0.01750163733959198
-0.09015528857707976
-0.04501793533563614
-0.06009441614151001
-0.01699782162904739
-0.02874897047877312
-0.04136767238378525
-0.07973823696374893
-0.0792662724852562
-0.057151541113853455
-0.062310583889484406
-0.040524329990148544
-0.03549681976437569
-0.06242474168539047
-0.07856243848800659
-0.062409982085227966
-0.0015599215403199196
-0.03138968348503113
-0.04361943528056145
-0.09566180408000946
-0.028306107968091965
-0.02414416894316673
-0.033400412648916245
-0.04506148770451546
-0.05174333602190018
-0.021365415304899212
-0.043678682297468185
-0.04535806179046631
-0.07226231694221497
-0.029800891876220703
-0.060446009039878845
-0.0758870244026184
-0.014474055729806423
-0.034254878759384155
-0.04551037773489952
-0.05305267125368118
-0.025533262640237808
-0.06663341820240021
-0.05171695351600647
2.5740824639797207e-05
-0.04684426262974739
-0.020064566284418103
-0.09950031340122224
-0.10609093308448792
-0.05869914591312408
-0.05200296640396118
-0.03742147237062454
-0.0568125993013382
-0.04190031811594963
-0.04453430324792862
-0.0274028480052948
-0.05670469999313354
-0.048807598650455475
-0.04770377278327942
-0.07203540951013565
-0.04363560676574707
-0.08447036147117615
-0.08527477830648422
-0.05936606228351593
-0.03511691838502884
-0.08802387118339537
-0.03551047295331955
-0.07548638433218001
-0.07230530679225922
-0.057883501052856445
-0.04196499288082122
-0.04768732935190201
-0.04918194562196732
-0.04420037940144538
-0.03008031845092773
-0.04650305211544037
-0.02633683383464813
-0.034538023173809045
-0.04868949204683304
-0.06606157124042511
-0.06609092652797699
-0.04307006672024727
-0.03275211900472641
-0.04722532629966736
-0.05726807564496993
-0.06803085654973984
-0.040617235004901886
-0.05611079931259155
-0.043469563126564026
-0.08730898052453993
-0.09424009174108504
-0.035556454211473465
-0.04261702299118041
-0.05625881254673004
-0.008301331661641596
-0.03337317332625389
-0.039423219859600074
-0.0671277567744255
-0.05702179670333862
-0.1001790165901184
-0.0776527002453804
-0.03412299603223801
-0.037616387009620667
-0.04385385289788246
-0.09910358488559723
-0.06739917397499084
-0.07506125420331955
-0.07063750922679901
-0.06117029488086701
-0.06990760564804077
-0.031735703349113464
-0.025838013738393784
-0.015264135785400867
-0.03476659208536148
-0.04982355237007141
-0.09890460968017578
-0.04239272326231002
-0.053710758686065674
-0.06547969579696655
-0.01795240491628647
-0.0616334080696106
-0.07465367019176483
-0.04702170938253403
-0.05204673111438751
-0.039885587990283966
-0.07332147657871246
-0.0478471964597702
-0.07477179169654846
-0.05090481787919998
-0.028826296329498288
-0.03538823872804642
-0.06457152217626572
-0.02669696509838104
-0.1089894324541092
-0.016240324825048447
-0.03293943405151367
-0.05418156087398529
-0.06734280288219452
-0.05782075226306915
-0.053748056292533875
-0.0769173800945282
-0.03839666768908501
-0.030196785926818848
-0.051081471145153046
-0.04972255229949951
-0.062037535011768334
-0.04719520732760429
-0.04806243255734444
-0.05674581229686737
-0.03837813064455985
-0.06519051641225815
-0.055698230862617486
-0.03890834003686905
-0.0575273334980011
-0.06695206463336945
-0.0686568170785904
-0.052864328026771545
-0.02738182991743088
-0.07781121134757996
-0.03115338087081909
-0.03595486283302307
-0.06111465394496918
-0.043862197548151016
-0.05803479254245758
-0.0993330180644989
-0.031073518097400665
-0.05873803794384003
-0.07104811817407608
-0.020386047661304477
-0.12178614735603333
-0.054124370217323296
-0.05631665885448456
-0.0152714429423213
-0.05318421870470047
-0.0747503861784935
-0.03979893773794174
-0.08046244084835052
-0.06878290325403214
-0.0811302810907364
-0.07713061571121216
-0.05549094080924988
-0.041260167956352234
-0.0567881315946579
-0.06012023240327835
-0.06802427023649216
-0.06080716848373413
-0.06357633322477341
-0.09108051657676695
-0.07104301452636719
-0.03404611349105835
-0.05148972570896149
-0.0398293174803257
-0.06901228427886963
-0.02526251226663589
-0.04133946821093559
-0.05776563286781311
-0.060814797878265374
-0.05387265980243682
-0.07139995694160461
-0.02348288521170616
-0.05155336856842041
-0.03662993386387825
-0.07329197227954865
-0.05594247579574585
-0.06254960596561432
-0.06807161867618561
-0.06006313860416412
-0.04204946011304855
-0.08880118280649185
-0.045413371175527566
-0.08784382790327072
-0.02642964571714401
-0.06349103897809982
-0.0323973223567009
-0.07073257863521576
-0.03668951615691185
-0.04636817425489426
-0.07161269336938858
-0.052840016782283776
-0.03991390019655228
-0.052952423691749566
0.0012488998472690582
-0.035229071974754333
-0.056477390229702
-0.06218308955430984
-0.06181382387876511
-0.03699913620948792
-0.0821363776922226
-0.03060441091656685
-0.04011854901909828
-0.022655926644802094
-0.06281162798404694
-0.041247379034757614
-0.09767014533281326
-0.05035372078418732
-0.038636207580566406
-0.044918842613697045
-0.0875347927212715
-0.012961507774889467
-0.05164601653814316
-0.04306410998106002
-0.0853797197341919
-0.04365145415067673
-0.07105392217636108
-0.08217628300189973
-0.04540314525365829
-0.061323516070842736
-0.06944167613983153
-0.06319402903318405
-0.06796813756227493
-0.023965567350387573
-0.010054609738290308
-0.061951443552970886
-0.048101648688316345
-0.04554287344217301
-0.06855954974889755
-0.07164135575294495
-0.05678846687078476
-0.055754221975803375
-0.07071255147457123
-0.046476054936647415
-0.0346401110291481
0.0023958608508110046
-0.06273411214351654
-0.0623563528060913
-0.06922502815723419
-0.049976542592048645
-0.07109915465116501
-0.044583149254322045
-0.010036970488727093
-0.01667620614171028
-0.04469863325357437
-0.05756533145904541
-0.06711084395647049
-0.09107569605112077
-0.04969684779644013
-0.05615919828414917
-0.06508354842662811
-0.045051708817482
-0.05225050449371338
-0.028834350407123566
-0.06106684356927872
-0.010348488576710224
-0.05259878933429719
-0.0683792233467102
-0.04900293797254562
-0.03603602573275566
-0.059658929705619805
-0.05275554955005646
-0.04805444180965424
-0.09028556942939758
-0.04479707032442093
-0.10059387981891632
-0.10155840963125227
-0.05969151854515076
-0.043797127902507775
-0.08071956038475037
-0.06283212453126907
-0.03730148822069168
-0.06853510439395905
-0.04732340946793556
-0.07313328981399536
-0.05625365674495697
-0.06912640482187271
-0.004103616811335087
-0.050316192209720605
-0.07176219671964645
-0.06253008544445038
-0.05613605678081512
-0.0707487016916275
-0.07663061469793318
-0.06269209086894989
-0.04295830428600311
-0.09984798729419708
-0.05326829850673676
-0.0746949091553688
-0.018092386424541477
-0.06396567821502686
-0.06514279544353485
-0.06387342512607574
-0.05194564908742905
-0.04874763637781143
-0.04242447763681412
-0.029298126697540283
-0.06469570100307465
-0.08265684545040129
-0.08170488476753235
-0.05308446288108826
-0.043109744787216187
-0.03459972143173218
-0.09394218027591704
-0.07615160197019577
-0.03576432913541794
-0.0703715831041336
-0.028060391545295715
-0.06724457442760468
-0.05057574808597565
-0.04640316218137741
-0.060078151524066925
-0.045619755983352654
-0.025188222527503967
-0.06544989347457886
-0.06590954959392548
-0.06331827491521835
-0.020284637808799744
-0.06890472769737244
-0.06497770547866821
-0.06850399821996689
-0.0619719997048378
-0.057098455727100365
-0.05432817339897156
-0.058094166219234473
-0.07235144078731535
-0.05648622661828994
-0.058879882097244256
-0.06955510377883911
-0.04429909586906433
-0.04447024315595626
-0.04133689776062965
-0.028968170285224915
-0.05110037326812744
-0.005278917960822582
-0.061306342482566833
-0.08413740992546082
-0.09431588649749757
-0.03745018690824509
-0.08290176838636398
-0.0949077233672142
-0.08664616942405699
-0.043429598212242126
-0.03383401036262512
-0.03943263739347458
-0.06479775160551071
-0.06386993825435638
-0.07129678130149841
-0.04770992696285248
-0.023762945085763928
-0.059244155883789056
-0.0734088122844696
-0.061488702893257134
-0.05889858305454254
-0.04985227435827255
-0.04689097031950951
-0.10767492651939392
-0.04566439241170883
-0.0819016396999359
-0.03224138915538788
-0.06165741384029389
-0.05043211579322815
-0.02602151036262512
-0.05313977599143982
-0.06009010970592498
-0.07566174864768982
-0.0501859113574028
-0.06957655400037766
-0.04968246817588806
-0.021504953503608704
-0.06457599997520447
-0.08516716212034225
-0.0631549209356308
-0.0759529173374176
-0.06572254002094269
-0.06030186265707016
-0.05714160203933716
-0.04059287905693054
-0.06659811735153198
-0.05196596682071686
-0.040857244282960885
-0.06094766408205032
-0.07891739159822464
-0.056542821228504174
-0.06717077642679214
-0.03024214506149292
-0.08308108896017073
-0.06481223553419113
-0.0616786926984787
-0.05359026789665222
-0.06969170272350311
-0.05393651127815247
-0.04587336629629135
-0.048092890530824654
-0.09328816086053848
-0.056618191301822655
-0.0397920198738575
-0.0779559016227722
-0.049361497163772576
-0.051682770252227776
-0.0586249977350235
-0.09817336499691008
-0.0029965015128254886
-0.08483897149562836
-0.0556878000497818
-0.06059350818395615
-0.06327581405639648
-0.1090053617954254
-0.05830800533294678
-0.09184925258159635
-0.05619681626558304
-0.04051491990685463
-0.06994734704494476
-0.05397602915763855
-0.029941149055957798
-0.04476135969161987
-0.053521700203418725
-0.04520580917596817
-0.010916394181549547
-0.06492510437965393
-0.06803993880748749
-0.05617304891347885
-0.04778743162751198
-0.0646791085600853
-0.06610850244760513
-0.060422755777835846
-0.02784993126988411
-0.05513101816177368
-0.0453893318772316
-0.0806221216917038
-0.058265961706638336
-0.07456802576780318
-0.10627967119216918
-0.040889773517847054
-0.04023357480764389
-0.030144512653350834
-0.011470303870737553
-0.08434329181909561
-0.057216048240661614
-0.0664273276925087
-0.018720474094152447
-0.07849339395761491
-0.057872429490089417
-0.025712259113788605
-0.04936452209949493
-0.07355019450187683
-0.03679507225751877
-0.051117762923240655
-0.04218862950801849
-0.09468501806259155
-0.08191312849521637
-0.0564815029501915
-0.09674704074859619
-0.09337914735078813
-0.025540582835674282
-0.06954922527074814
-0.05664868652820587
-0.02595514804124832
-0.07753153890371321
-0.0543435737490654
-0.06548366695642471
-0.04246969148516655
-0.05869071930646896
-0.03586898371577263
-0.03452184796333313
-0.06438009440898895
-0.09159351140260696
-0.04381347447633743
-0.06406678259372711
-0.04231234639883041
-0.032302889972925186
-0.05532146990299225
-0.035049162805080414
-0.03303346037864685
-0.07224467396736145
-0.07356452941894531
-0.02068568021059036
-0.06132638454437256
-0.05370396375656128
-0.058983929455280304
-0.05387371778488159
-0.05769699066877365
-0.03696912154555321
-0.08002365380525589
-0.02958674728870392
-0.05101385712623596
-0.0559023916721344
-0.07490763068199156
-0.04872240126132965
-0.05232874304056168
-0.08423450589179993
-0.08877699077129363
-0.05708029866218567
-0.05909541994333267
-0.057104170322418206
-0.05803181231021881
-0.09740933030843735
-0.066019207239151
-0.06397756934165955
-0.06579651683568953
-0.05161614716053009
-0.0700296014547348
-0.052432090044021606
-0.033202074468135834
-0.08002589643001555
-0.056096792221069336
-0.05949755012989044
-0.05907905101776123
-0.07499252259731293
-0.03341364115476608
-0.02965999767184257
-0.07639919221401215
-0.02131611853837967
-0.06369876861572266
-0.045162931084632874
-0.0552818551659584
-0.06544093042612076
-0.06423446536064148
-0.07608468085527421
-0.055157870054245
-0.10468405485153198
-0.033489588648080826
-0.04698833450675011
-0.06132981181144714
-0.08486782759428024
-0.037350405007600784
-0.05095604062080383
-0.06576281785964966
-0.0586114376783371
-0.08040954917669296
-0.07040518522262573
-0.033630535006523125
-0.04408859461545944
-0.054043903946876526
-0.05752178281545639
-0.07670029997825623
-0.021868392825126648
-0.0942537486553192
-0.08166906237602234
-0.047066830098629
-0.06100188195705414
-0.05149863660335541
-0.06845642626285553
-0.006463260389864445
-0.04365396499633789
-0.03497712314128876
-0.056419484317302704
-0.05120544135570526
-0.05014593899250031
-0.05093686282634735
-0.032379038631916046
-0.050688885152339935
-0.048432569950819016
-0.055843167006969445
-0.07023055106401443
-0.04328352957963944
-0.04621941596269608
-0.037562727928161614
-0.05631591379642487
-0.037975013256073
-0.08354432880878448
-0.07310227304697037
-0.06900931894779205
-0.025496151298284527
-0.08817772567272186
-0.04710391163825989
-0.076361283659935
-0.03575630113482475
-0.05976212024688721
-0.08002357929944992
-0.028742477297782894
-0.01974549889564514
-0.05310783535242081
-0.02351609617471695
-0.09619439393281937
-0.002796259708702564
-0.08579284697771072
-0.07771535217761993
-0.05346548557281494
-0.06628216803073883
-0.07292136549949646
-0.030441388487815857
-0.04882324486970901
-0.01823381334543228
-0.07200008630752563
-0.049380801618099206
-0.04265802726149559
-0.07143206149339676
-0.04357403144240379
-0.03124550729990005
-0.019726403057575222
-0.06209062784910201
-0.04586443305015564
-0.04877924919128417
-0.037421360611915595
-0.11200121045112608
-0.06928513944149017
-0.044532068073749535
-0.08116690069437027
-0.08890774101018906
-0.05298973619937897
-0.04429376870393753
-0.08633802831172942
-0.07605633139610289
-0.04440083727240562
-0.04658178985118865
-0.05149363726377487
-0.04408277198672295
-0.05658909678459168
-0.10259342938661575
-0.05070708692073823
-0.05289869755506516
-0.0346350371837616
-0.07523016631603241
-0.060015372931957245
-0.08992275595664978
-0.020114246755838398
-0.02385340631008148
-0.0616644024848938
-0.05698810517787933
-0.05835714936256409
-0.019300319254398342
-0.07283849269151686
-0.05521818250417709
-0.06539851427078247
-0.08463348448276518
-0.07754279673099516
-0.06820337474346161
-0.05953364819288254
-0.06317749619483948
-0.06565913558006287
-0.04360325634479523
-0.04038649424910545
-0.06618012487888336
-0.061968207359313965
-0.06645312160253525
-0.06468437612056732
-0.0010410705581307411
-0.039347976446151726
-0.049105480313301086
-0.046047583222389214
-0.0685509592294693
-0.06742896139621735
-0.030483704060316082
-0.04221824556589127
-0.04524094611406326
-0.05366933345794678
-0.03312981501221657
-0.04681495577096939
-0.052246414124965675
-0.059946753084659576
-0.05165550857782364
-0.05286400765180588
-0.0978938639163971
-0.04567589983344078
-0.10448084771633148
-0.11239933967590332
-0.08013330399990082
-0.02411635220050812
-0.04128806293010712
-0.05293323844671249
-0.05052781105041504
-0.022932883352041245
-0.023809164762496948
-0.045124974101781845
-0.027046196162700653
-0.08517119288444519
-0.06414733827114105
-0.049098312854766846
-0.057159192860126495
-0.04476290941238403
-0.08972148597240448
-0.08539539575576782
-0.053262636065483086
-0.04877649992704392
-0.07560943067073822
-0.06354337930679321
-0.08167906105518341
-0.04920698702335358
-0.06859908998012543
-0.003462378866970539
-0.052082642912864685
-0.04698283970355988
-0.0547044575214386
-0.035777535289525986
-0.07010994851589203
-0.0705767422914505
-0.06619052588939667
-0.05668015778064728
-0.0590825155377388
-0.04576791450381279
-0.05970671772956848
-0.04977817833423615
-0.057925820350646966
-0.09459598362445833
-0.05914902687072754
-0.06384216248989105
-0.03772728145122528
-0.04656463116407394
-0.0386052094399929
-0.03043672814965248
-0.06515803933143616
-0.05389492213726044
-0.03418261557817459
-0.01689155399799347
-0.01570933312177658
-0.0622582882642746
-0.08189139515161514
-0.08082029968500137
-0.03145860880613327
-0.07930020242929457
-0.0516374334692955
-0.07239051163196564
-0.03954790160059929
-0.0670425072312355
-0.0350111685693264
-0.046130217611789696
-0.04475463926792145
-0.05445215106010437
-0.08946429193019867
-0.03764020651578903
-0.008920666761696337
-0.04326878488063812
-0.05708842724561691
-0.057913340628147125
-0.009909690357744692
-0.04690831899642944
-0.08088932931423187
-0.03389230743050575
-0.07261157780885696
-0.0013025002554059029
-0.0393703430891037
-0.04399967193603516
-0.04207863658666611
-0.043550889939069755
-0.07759562134742735
-0.06748649477958679
-0.06256687641143799
-0.04673883318901063
-0.0587470456957817
-0.037364359945058816
-0.046389151364564896
-0.03810121119022369
-0.05888403952121735
-0.007940809242427349
-0.03034220263361931
-0.03033670037984848
-0.03353441134095192
-0.06125259399414063
-0.045403443276882165
-0.05229522287845612
-0.05620802938938141
-0.0550917163491249
-0.08832093328237532
-0.052946045994758606
-0.05534464865922928
-0.07778531312942506
-0.08991901576519011
-0.053161874413490295
-0.048800431191921234
-0.08264923840761185
-0.07955995202064514
-0.06812428683042526
-0.016057144850492477
-0.06181745231151581
-0.07440695166587828
-0.07487380504608153
-0.05223143100738525
-0.028642714023590088
-0.04529932141304016
-0.08399310708045958
-0.017071597278118134
-0.07042612135410309
-0.08612146228551865
-0.06007639318704605
-0.06011276692152023
-0.04142722487449645
-0.0631641149520874
-0.045649100095033646
-0.05817849189043045
-0.03679695725440979
-0.05164652317762375
-0.058080904185771935
-0.02438736706972122
-0.023275762796401978
-0.05870860815048218
-0.08078248798847198
-0.0773334801197052
-0.04502846673130989
-0.03927420824766159
-0.04066296666860581
-0.04593799635767937
-0.04174495115876198
-0.06990198791027069
-0.052612125873565674
-0.08045396208763121
-0.03066228330135345
-0.05641303211450577
-0.09497703611850737
-0.05554571747779846
-0.07315967231988905
-0.023439332842826843
-0.10973231494426729
-0.07983723282814026
-0.05270649492740631
-0.08773423731327055
-0.07407385110855103
-0.0719769150018692
-0.08494585007429123
-0.01625705137848854
-0.05296130478382111
-0.045439813286066055
-0.06518516689538956
-0.05383814871311188
-0.03996467962861061
-0.09105044603347777
-0.022154178470373157
-0.05640619993209839
-0.13393071293830872
-0.06807580590248108
-0.048256970942020416
-0.061196431517601006
-0.0875152200460434
-0.06122981011867523
-0.06280867755413055
-0.029398914426565167
-0.022269081324338913
-0.04511331394314766
-0.03762974962592125
-0.015833884477615356
-0.07210256159305571
-0.0608091726899147
-0.05970054119825363
-0.08391141891479491
-0.05388146638870239
-0.03125499561429024
-0.06785225868225098
-0.015453008003532887
-0.053893685340881355
-0.08847970515489578
-0.05485648661851882
-0.054239965975284576
-0.05700109899044037
-0.06276913732290268
-0.06517079472541809
-0.03712210431694984
-0.09938550740480424
-0.05772465467453002
-0.06400987505912781
-0.0843650996685028
-0.04405437409877777
-0.0382486917078495
-0.09235239028930664
-0.05425839126110077
-0.04445049166679382
-0.029950581490993496
-0.06487701088190079
-0.05308807641267776
-0.04532058164477348
-0.06484328210353851
-0.08372218161821365
-0.08893407881259918
-0.07471505552530287
-0.028655800968408585
-0.04016278684139252
-0.09891145676374435
-0.03816825896501541
-0.04573345556855202
-0.03987490758299828
-0.07112329453229904
-0.021156035363674164
-0.027716539800167084
-0.04399650543928146
-0.05277533084154129
-0.04332129657268524
-0.07079100608825684
-0.04122152924537659
-0.03885156661272049
-0.07995689660310745
-0.058665014803409576
-0.06967495381832123
-0.08731508255004883
-0.05893290787935257
-0.059845760464668274
-0.05869852751493453
-0.023661091923713684
-0.055146172642707825
-0.08987680077552795
-0.04157393425703049
-0.0399806797504425
-0.08532185852527617
-0.02271641045808792
-0.05807316303253174
-0.04808158427476882
-0.025138773024082184
-0.08292293548583984
-0.08065012842416763
-0.04355501383543015
-0.07839512825012207
-0.07150836288928986
-0.04788174852728844
-0.05180507898330688
-0.05315083265304565
-0.07344716787338255
-0.036469776183366776
-0.0810019373893738
-0.08124646544456483
-0.020732730627059937
-0.03072979301214218
-0.055807702243328094
-0.06363032758235931
-0.0374300628900528
-0.07205761224031448
-0.06093974411487579
-0.06709012389183044
-0.07537943124771118
-0.08729416877031326
-0.0374983474612236
-0.0612851157784462
-0.07945122569799422
-0.07273781299591064
-0.019929561764001846
-0.051669299602508545
-0.04302139580249786
-0.08155868202447891
-0.0741489976644516
-0.03915546089410782
-0.02463056892156601
-0.06151019036769866
-0.061747588217258446
-0.05431881546974182
-0.013810251839458942
-0.02971167117357254
-0.10362443327903748
-0.055365212261676795
-0.07016287744045258
-0.1106983721256256
-0.07169301807880402
-0.05466154217720032
-0.055128440260887146
-0.07599686831235884
-0.06955215334892273
-0.0048385197296738625
-0.03819916397333145
-0.06091704964637756
-0.04195743799209595
-0.028945188969373703
-0.04523652791976929
-0.08106483519077301
-0.06068761646747589
-0.059795603156089776
-0.04747487232089043
-0.014479448087513447
-0.051580257713794715
-0.0340515598654747
-0.07637280225753784
-0.040107980370521545
-0.03596556559205055
-0.04053995385766029
-0.04766976833343506
-0.059639744460582726
-0.08158521354198454
-0.07435500621795654
-0.05103079974651337
-0.08734685182571411
-0.03814202547073364
-0.039328970015048974
-0.042993620038032525
-0.05184002220630646
-0.07401982694864273
-0.06102325022220612
-0.06924421340227127
-0.03711792081594467
-0.02449110895395279
-0.052602700889110565
-0.10623259842395782
-0.03233017027378082
-0.05410835146903992
-0.05788731575012207
-0.023964643478393555
-0.06787163019180298
-0.03450152277946472
-0.045756038278341286
-0.046262159943580634
-0.058314792811870575
-0.043606854975223534
-0.06951092183589935
-0.05861872434616089
-0.03813156858086585
-0.028571452945470806
-0.041988961398601525
-0.049702346324920654
-0.06640420109033585
-0.05227931588888168
-0.07229328155517578
-0.020790334790945053
-0.04499485343694687
-0.0822216719388962
-0.06638869643211365
-0.11864674091339111
-0.09279606491327283
-0.03946232795715332
-0.05358430743217468
-0.04854051023721695
-0.07396525144577025
-0.0566314160823822
-0.019417062401771545
-0.07699806988239288
-0.07633622735738754
-0.050497919321060174
-0.0629301592707634
-0.027105502784252167
-0.055937714874744415
-0.04128878936171532
-0.08524546027183533
-0.05359350889921188
-0.061490155756473534
-0.037173055112361915
-0.052578404545784
-0.059958696365356445
-0.03349354863166809
-0.04655064642429352
-0.044345758855342865
-0.05860285460948944
-0.09334932267665864
-0.0324055589735508
0.00917020719498396
-0.0636429414153099
-0.061830326914787286
-0.05270010232925415
-0.07238125801086426
-0.04608485102653504
-0.06893385946750641
-0.05372760444879532
-0.06418070197105408
-0.04314085468649864
-0.022379823029041287
-0.05512820184230805
-0.057069890201091766
-0.03507605940103531
-0.11319625377655028
-0.03959434479475021
-0.038685373961925514
-0.07518377900123596
-0.027638714760541916
-0.03703473508358002
-0.045506030321121216
0.0037142783403396606
-0.08312048017978668
-0.030341506004333496
-0.054599322378635406
-0.04368907958269119
-0.057517446577548974
-0.06271717697381973
-0.10268814116716383
-0.06475833058357239
-0.05308971554040909
-0.06624391674995422
-0.05162268131971359
-0.0691450983285904
-0.08581235259771347
-0.07059638202190399
-0.0168192982673645
-0.04924491047859192
-0.0772487223148346
-0.04046830162405968
-0.04144834354519844
-0.06825761497020721
-0.10224828124046324
-0.05298762768507004
-0.06459464877843857
-0.0524313747882843
-0.026094816625118252
-0.015186448581516743
-0.06407970190048218
-0.07044117152690887
-0.022725977003574368
-0.051704458892345435
-0.07865776866674422
-0.07674840092658995
-0.03896690905094147
-0.06974329054355621
-0.03599011152982712
-0.032212547957897186
-0.037991814315319054
-0.07921615988016129
-0.06861209124326706
-0.06407564878463745
-0.03419332206249237
-0.04803056269884109
-0.04794207960367202
-0.0770500600337982
-0.056541599333286285
-0.014134512282907963
-0.02334219589829445
-0.03526162728667259
-0.039317063987255096
-0.03742608428001404
-0.06346623599529265
-0.0796499103307724
-0.05024753510951996
-0.06458635628223419
-0.039451248943805695
-0.043800193816423416
-0.08051754534244537
-0.05816175788640976
-0.0767914205789566
-0.032316409051418304
-0.03824620693922042
-0.029643006622791287
-0.05001279711723328
-0.06887103617191315
-0.07937248796224594
-0.07492772489786147
0.008573361672461033
-0.030819427222013477
-0.06315838545560837
-0.024039298295974728
-0.042880073189735406
-0.06490624696016312
-0.046870335936546326
-0.08008637279272078
-0.040581002831459045
-0.05033574253320693
-0.08376263082027435
-0.012624886818230152
-0.06024152785539627
-0.09270249307155608
-0.050448626279830926
-0.05962393432855606
-0.03905032575130463
-0.03830631449818611
-0.05077941715717316
-0.04817938804626465
-0.07757777720689772
-0.06543610244989395
-0.06978832185268402
-0.037802498787641525
-0.0892007499933243
-0.07826460897922516
-0.0804579257965088
-0.0431785061955452
-0.06158748269081116
-0.059586867690086365
-0.06429877132177353
-0.04879465699195862
-0.04557238519191742
-0.012663633562624454
-0.03460826352238655
-0.05308886617422104
-0.07659486681222916
-0.06166525185108185
-0.06949500739574432
-0.07871799916028976
-0.016682256013154984
-0.07408314943313599
-0.04148808866739273
-0.050386697053909295
-0.038065165281295776
-0.05893419682979584
-0.08326196670532225
-0.06743220239877701
-0.06648790091276169
-0.07143636047840118
-0.06436259299516678
-0.09264156222343443
-0.027660466730594635
-0.07646489888429642
-0.061152160167694085
-0.061826609075069434
-0.03813571855425835
-0.057450734078884125
-0.06850756704807281
-0.09670368582010269
-0.04633502289652824
-0.07008689641952515
-0.06448180228471756
-0.033507782965898514
-0.05200594663619995
-0.042094245553016656
-0.04820380359888077
-0.028745777904987332
-0.06418076902627945
-0.02236852049827576
-0.09151525795459747
-0.05564665049314498
-0.027944713830947876
-0.06706944853067398
-0.05205479264259338
-0.03699171543121338
-0.014561695046722887
-0.05720379948616028
-0.045137591660022736
-0.07407933473587036
-0.05805481225252152
-0.06909729540348053
-0.04664693772792816
-0.07937842607498169
-0.054104335606098175
-0.043394610285758965
-0.03618190065026283
-0.08410298079252243
-0.03913309797644615
-0.054054640233516686
-0.03545232117176056
-0.0625392496585846
-0.06515389680862427
-0.07438589632511139
-0.06272362172603607
-0.08710143715143204
-0.01917724311351776
-0.06190483272075653
-0.058467447757720954
-0.07129359245300293
-0.07600972056388856
-0.01739639043807983
-0.05244062095880509
-0.032381687313318246
-0.03679689019918442
-0.08866649866104126
-0.043998826295137405
-0.03492128103971481
-0.06465766578912735
-0.06467755138874054
-0.09107066690921783
-0.04210362955927849
-0.00994523335248232
-0.037471164017915726
-0.028840616345405575
-0.07546767592430113
-0.05068524926900864
-0.04973358660936356
-0.03385508060455322
-0.04363013058900833
-0.03770173713564873
-0.07044973969459534
-0.042422987520694726
-0.049113787710666656
-0.06766978651285172
-0.0853264182806015
-0.05341377854347229
-0.030065882951021194
-0.03513021022081375
-0.08491300791502
-0.04498833790421486
-0.07315312325954437
-0.002576428465545177
-0.07717512547969818
-0.03969315811991692
-0.07390680909156798
-0.0726063847541809
-0.062151774764060974
-0.06698881089687347
-0.027020595967769623
-0.06724856793880463
-0.05826975405216217
-0.046271659433841705
-0.10136074572801589
-0.03732043504714966
-0.07087580859661102
-0.01606471836566925
-0.04485071077942848
-0.04682585224509239
-0.02410566061735153
-0.0729907900094986
-0.07726254314184189
-0.0384758934378624
-0.05546342581510544
-0.01775934174656868
-0.062174640595912926
-0.05230820178985596
-0.012119960971176624
-0.07511375099420547
-0.06976862996816635
-0.05919356644153594
-0.06236611306667328
-0.07128643244504929
-0.0551152378320694
-0.05945254862308502
-0.038551494479179375
-0.07015261054039001
-0.05913245677947999
-0.07005216926336288
-0.07473841309547424
-0.032407909631729126
-0.03323567286133766
-0.05078493058681488
-0.02541588991880417
-0.03648747131228447
-0.052771009504795074
-0.05789168179035186
-0.0693872794508934
-0.028750449419021606
-0.05484319478273392
-0.01895420253276825
-0.06665417551994324
-0.07652990520000458
-0.011249654926359652
-0.017205137759447094
-0.08147074282169342
-0.04027455672621727
-0.06323961168527603
-0.06721323728561401
-0.07660471647977829
-0.03032803907990456
-0.034083068370819085
-0.025977492332458496
-0.07453884184360504
-0.05102759599685669
-0.03066125139594078
-0.08316489309072495
-0.04791850596666336
-0.05751335620880127
-0.01809472218155861
-0.02793295308947563
-0.06763856112957001
-0.03320899605751037
-0.05522426962852479
-0.04845040291547775
-0.04997963458299637
-0.05260631442070007
-0.045315757393836975
-0.046175550669431686
-0.0308656208217144
-0.04103724658489227
-0.05305041372776032
-0.061676576733589165
-0.04978801310062408
-0.041288554668426514
-0.02496375143527985
-0.058264896273612976
-0.05137532949447632
-0.026113681495189663
-0.05300129950046539
-0.08481349796056747
-0.07784999161958694
-0.022488296031951904
-0.04921950399875641
-0.029027480632066727
-0.046239323914051056
-0.07240084558725357
-0.040283706039190285
-0.05225850641727448
-0.046166140586137765
-0.07730607688426971
-0.022775657474994656
-0.06648744642734528
-0.08538100123405457
-0.0540592148900032
-0.03747143596410751
-0.05142652988433838
-0.08904536068439484
-0.07922365516424179
-0.07332675158977507
-0.05615697056055069
-0.06989789754152298
-0.06846112757921219
-0.04888984560966492
-0.06587179005146027
-0.02150598913431168
-0.020512796938419346
-0.03206465393304825
-0.06098169088363648
-0.08369734138250352
-0.036314234137535095
-0.04959115386009216
-0.06985964626073837
-0.06108732521533966
-0.04560692608356476
-0.06088676303625106
-0.04871443659067154
-0.06167999655008316
-0.05385761708021164
-0.05647425353527069
-0.06281395256519318
-0.039859116077423096
-0.08013510704040526
-0.07193063199520111
-0.08846198767423628
-0.06752586364746094
-0.015770573168992996
-0.01436918880790472
-0.06418752670288086
-0.05451258271932602
-0.04867127537727356
-0.046869367361068726
-0.062144115567207336
-0.052986785769462585
-0.043492071330547326
-0.03545929118990898
-0.06390013545751572
-0.0879426822066307
-0.04547097161412239
-0.05160200595855713
-0.10142771154642104
-0.06003770232200623
-0.05780111998319626
-0.06527788192033768
-0.043865155428648
-0.04341394081711769
-0.053652964532375336
-0.04155664891004562
0.018393531441688538
-0.08024177700281142
-0.04943661391735077
-0.023984864354133602
-0.06414088606834412
-0.05870973318815231
-0.07057137787342072
-0.06686829775571823
-0.08790104836225508
-0.0528218150138855
-0.027203999459743496
-0.006176614202558993
-0.07434219121932982
-0.09433513879776001
-0.04916518181562424
-0.04913059622049332
-0.04889701306819916
-0.05203404277563095
-0.05842965841293335
-0.041224278509616845
-0.08260296285152435
-0.0474887490272522
-0.042026229202747345
-0.05637951195240021
-0.0597035214304924
-0.07591298222541809
-0.03156468644738197
-0.07389072328805923
-0.05458994954824448
-0.07022754848003387
-0.08015742897987364
-0.05681920051574707
-0.0772642195224762
-0.048857152462005615
-0.008886651135981083
-0.046168975532054894
-0.08340914547443389
-0.05749550461769104
-0.03932679444551468
-0.08388180285692216
-0.06077611446380615
-0.0030142487958073616
-0.0653218999505043
-0.04971109330654144
-0.03478685021400452
-0.033429741859436035
-0.054435484111309045
-0.05245734751224518
-0.06305062025785446
-0.04990880191326141
-0.06492671370506287
-0.04156333953142166
-0.04113452136516571
-0.0432322584092617
-0.09138984978199005
-0.07542358338832854
-0.07399980723857878
-0.07011505961418152
-0.0673622414469719
-0.06914235651493073
-0.0417378842830658
-0.06707204133272171
-0.07567240297794342
-0.03503286838531494
-0.052263759076595306
-0.038731515407562256
-0.03255777806043625
-0.05165140330791473
-0.08227308094501494
-0.030672356486320492
-0.0312139205634594
-0.06569597125053406
-0.04503074288368225
-0.02478901296854019
-0.07348545640707016
-0.07427089661359787
-0.03695863112807274
-0.06172234565019608
-0.06590934097766876
-0.09486891329288481
-0.0342826284468174
-0.07897871732711792
-0.05753037333488464
-0.06546762585639954
-0.04914882779121399
-0.07052332162857056
-0.015681006014347076
-0.06810060143470764
-0.03859539330005646
-0.0748683512210846
-0.043723709881305695
-0.014370632357895374
-0.0327497199177742
-0.08457991480827332
-0.08002058416604996
-0.041690412908792496
-0.04416357725858688
-0.09236008673906326
-0.01953118667006493
-0.05559997260570526
-0.02812475338578224
-0.03780939057469368
-0.068633072078228
-0.05512552708387375
-0.06836814433336258
-0.057979971170425415
-0.02787104621529579
-0.03536262363195419
-0.0635843276977539
-0.043781258165836334
-0.11239922046661376
-0.03480829298496246
-0.06146153807640076
-0.03979022800922394
-0.03999454528093337
-0.06217827647924423
-0.06275241076946259
-0.07144522666931152
-0.04284924641251564
-0.01777459681034088
-0.04424409940838814
-0.056788355112075806
-0.029539480805397037
-0.06727755069732666
-0.06189198791980744
-0.03442063182592392
-0.08196990191936494
-0.08015406131744383
-0.03718506917357445
-0.020733773708343502
-0.045432984828948975
-0.0749010294675827
-0.047323502600193024
-0.04926739633083344
-0.06931672990322113
-0.04824934899806976
-0.030536118894815445
-0.047218874096870415
-0.0249304361641407
-0.06400344520807266
-0.02987881377339363
-0.0378461480140686
-0.04359636455774307
-0.025774449110031128
-0.03870385140180588
-0.06313493847846985
-0.10405460000038146
-0.06859675794839859
-0.04696754366159439
-0.09166828542947768
-0.052303612232208245
-0.035352032631635666
-0.023776043206453323
-0.0287267342209816
-0.05318814516067505
-0.07657012343406677
-0.0725741907954216
-0.061585456132888794
-0.049105092883110046
-0.05069996416568756
-0.06281442940235138
-0.04852881655097008
-0.05120331048965454
-0.0668882429599762
-0.05662240087985992
-0.06020933389663696
-0.061614781618118286
-0.08335507661104202
-0.05456288903951645
-0.03349386900663376
-0.04894726723432541
-0.03954309597611427
-0.04615766927599906
-0.05595070123672485
-0.05422624945640564
-0.0753827393054962
-0.029974304139614105
-0.05022641271352768
-0.06913141161203384
-0.052134037017822266
-0.05199598520994186
-0.05601528286933898
-0.06081067770719528
-0.08882346749305725
-0.08234322816133499
-0.05370968580245972
-0.059974446892738335
-0.07214025408029555
-0.05614836513996124
-0.08470860123634337
-0.07239579409360884
-0.05317958444356918
-0.0730879157781601
-0.034149136394262314
-0.09002980589866638
-0.042024582624435425
-0.025717876851558685
-0.06360408663749695
-0.04844431579113007
-0.06882339715957642
-0.05256469547748566
-0.07534999400377274
-0.05393893271684647
-0.07827427238225936
-0.05556198209524155
-0.058757640421390527
-0.06424412876367569
-0.0465058758854866
-0.03409849479794502
-0.058656588196754456
-0.0760616660118103
-0.06760822236537933
-0.06194313615560532
-0.05028063803911209
-0.04351116716861725
-0.05465251952409744
-0.055756308138370514
-0.0659765899181366
-0.06658878922462463
-0.108563594520092
-0.03990692272782326
-0.06749946624040604
-0.043486714363098145
-0.07211232930421829
-0.08123341202735901
-0.03691180050373077
-0.04402701556682587
-0.020472247153520584
-0.08379121124744414
-0.051208071410655975
-0.08722933381795883
-0.04434385895729065
-0.07444120198488235
-0.06611526012420654
-0.06077002733945847
-0.05466069281101226
-0.05886336416006088
-0.04569285362958908
-0.09193667769432068
-0.052486583590507514
-0.04477941244840621
-0.04042842984199524
-0.02286077290773392
-0.054468438029289246
-0.056307218968868256
-0.039986707270145416
-0.07392355054616928
-0.03466217219829559
-0.03337773308157921
-0.07904883474111557
-0.03740301355719566
-0.07647392898797988
-0.06888258457183838
-0.05635587126016617
-0.058565989136695855
-0.03890669345855713
-0.02425001934170723
-0.0515790581703186
-0.07529383897781373
-0.09931977838277815
-0.03290605917572975
-0.09292370080947877
-0.04031870141625404
-0.04828945547342301
-0.06252280622720718
-0.02370164543390274
-0.08284740149974824
-0.039802446961402886
-0.0754774808883667
-0.04568320885300636
-0.028227318078279492
-0.06171669065952301
-0.038693204522132874
-0.04241621494293213
-0.06472186744213104
-0.06770099699497223
-0.05510030686855316
-0.07564602047204971
-0.05365106463432312
-0.07185307145118713
-0.07726994156837462
-0.06668316572904587
-0.04212745279073715
-0.09725217521190643
0.0015185987576842308
-0.020915478467941284
-0.06289038062095642
-0.04859574884176254
-0.07841327786445618
-0.04968497902154922
-0.03501776605844498
-0.053774841129779816
-0.013041243888437748
-0.057954974472522736
-0.03639470785856247
-0.05255651473999024
-0.06283166259527206
-0.09857964515686035
-0.02260899543762207
-0.05629699677228928
-0.03649858385324478
-0.02327428013086319
-0.056300364434719086
-0.042275093495845795
-0.05484060198068618
-0.05540834367275239
-0.04322268068790436
-0.07678468525409697
-0.0460812896490097
-0.06461268663406372
-0.03504005074501037
-0.047021906822919846
-0.049288764595985406
-0.04411021620035172
-0.07916153967380524
-0.07603714615106583
-0.027716357260942456
-0.04331670701503754
-0.06884526461362839
-0.059477567672729485
-0.0478355884552002
-0.03342817723751068
-0.06325037777423859
-0.06629039347171783
-0.04070674628019333
-0.08193320035934448
-0.08058148622512817
-0.0456608310341835
-0.04248927161097527
-0.05033373832702637
-0.06676526367664337
-0.051494404673576355
-0.053199253976345055
-0.043610334396362305
-0.037629354745149605
-0.054257705807685845
-0.0485769584774971
-0.04460467770695686
-0.05288805067539215
-0.06813178956508636
-0.06799235939979553
-0.07117044180631638
-0.044035285711288445
-0.04929635673761368
-0.04371985048055649
-0.03558800369501114
-0.08584573864936829
-0.025148212909698486
-0.09850838780403136
-0.044886983931064606
-0.08030948042869568
-0.030915655195713043
-0.04668423533439636
-0.07226402312517166
-0.041654638946056366
-0.05137607455253601
-0.057956144213676446
-0.07066255062818527
-0.056529849767684937
-0.03549087792634964
-0.07879301160573958
-0.06475494801998137
-0.034534305334091187
-0.0811343863606453
-0.06656085699796677
-0.05820979177951813
-0.04963377118110657
-0.0712646096944809
-0.055296815931797035
-0.037109728902578354
-0.0458616316318512
-0.031802598387002945
-0.06338543444871902
-0.05678108334541321
-0.05842621624469757
-0.07097075879573822
-0.046561997383832925
-0.106723815202713
-0.03424215689301491
-0.06918136775493622
-0.09538332372903824
-0.06773853302001953
-0.04965560883283615
-0.09350155293941498
-0.05049050599336624
-0.061271578073501594
-0.10508368909358978
-0.058020472526550286
-0.1171327233314514
-0.1109595149755478
-0.010353379882872105
-0.024772122502326965
-0.07815226912498474
-0.0874296724796295
-0.056970641016960144
-0.03982968628406525
-0.034460030496120446
-0.06511028856039047
-0.07999758422374725
-0.035076651722192764
-0.06290368735790253
-0.03491470590233803
-0.004827006720006466
-0.02633750066161156
-0.045344877988100045
-0.07132694125175476
-0.06139017641544343
-0.07817411422729491
-0.05858174711465836
-0.03301900997757912
-0.048305902630090714
-0.057429209351539605
-0.10456624627113342
-0.09868906438350675
-0.03914222866296768
-0.056577377021312714
-0.05063100904226303
-0.0459330752491951
-0.053610242903232574
-0.054200828075408936
-0.044150069355964654
-0.026943501085042957
-0.07149042189121246
-0.03887344896793365
-0.0464632622897625
-0.0771202966570854
-0.07116222381591797
-0.08327046036720276
-0.05063284933567047
-0.04824039712548256
-0.04253150895237923
-0.046911180019378655
-0.042289741337299354
-0.0728922039270401
-0.06347697973251343
-0.01813643053174019
-0.051514141261577606
-0.055169939994812005
-0.037834420800209045
-0.08799631893634796
0.0018709423020482063
-0.04054628312587737
-0.041105061769485474
-0.012639946304261684
-0.07047658413648605
-0.027502816170454025
-0.06786669045686722
-0.03333529829978943
-0.0337766706943512
-0.06727612018585205
-0.05728490650653839
-0.03676564246416092
-0.09375430643558502
-0.05809847265481949
-0.09064393490552902
-0.018987253308296204
-0.07398341596126556
-0.04655560106039047
-0.056335799396038055
-0.06689676642417908
-0.04140171408653259
-0.021500140428543087
-0.08004218339920045
-0.045956343412399285
-0.08338199555873872
-0.055386371910572045
-0.05248822271823883
-0.04007478430867195
-0.09306354075670241
-0.038841940462589264
-0.04688448458909989
-0.023402735590934757
-0.10324366390705109
-0.051914677023887634
-0.04975768923759461
-0.00384154450148344
-0.0575057715177536
-0.05097293108701706
-0.0287405326962471
-0.03284267336130142
-0.051155045628547675
-0.0887603759765625
-0.06918811798095703
-0.0729062110185623
-0.057342790067195885
-0.01554985623806715
-0.05523737519979477
-0.040150668472051614
-0.08101361989974974
-0.03099142760038376
-0.06371401250362396
-0.05433031916618347
-0.046219106763601296
-0.02656123787164688
-0.08031739294528961
-0.0485883429646492
-0.05410084128379822
-0.04012150689959526
-0.04057602584362031
-0.07160062342882156
-0.02713742107152939
-0.07439841330051422
-0.08004118502140045
-0.06794364750385284
-0.0753418430685997
-0.031047511845827103
-0.04650828242301941
-0.03438708931207657
-0.07725884765386581
-0.046388361603021615
-0.05713143944740296
-0.043729916214942925
-0.03473716974258423
-0.10535243153572083
-0.07419547438621521
-0.052547648549079895
-0.060116544365882874
-0.04634688049554825
-0.06480593979358673
-0.07334117591381073
-0.07340757548809052
-0.0604739785194397
-0.038780808448791504
-0.06028164923191071
-0.08463812619447708
-0.04791264981031418
-0.07678155601024628
-0.04921933263540268
-0.05608684569597244
-0.03622665628790856
-0.06030300259590149
-0.08199250698089598
-0.023114304989576336
-0.03976041078567505
-0.060885392129421234
-0.06462103873491287
-0.02750825136899948
-0.0379730835556984
-0.05676533281803131
-0.1112043410539627
-0.054341778159141534
-0.06474430859088898
-0.029087159782648087
-0.042796656489372246
-0.04602215439081192
-0.07355279475450516
-0.048976391553878784
-0.0779300332069397
-0.03583293780684471
-0.016686420887708664
-0.06236457824707031
-0.08389899134635925
-0.07307060062885283
-0.0674084722995758
-0.07203075289726257
-0.01477451715618372
-0.06710263341665268
-0.059542156755924225
-0.04993507266044617
-0.09534262120723724
-0.04835360497236252
-0.0759666860103607
-0.09190517663955688
-0.06401142477989197
-0.0623897910118103
-0.06612644344568253
-0.05802671611309052
-0.0886469855904579
-0.05754230916500092
-0.0404350683093071
-0.040439821779727936
-0.022470116615295407
-0.09748536348342896
-0.04847593605518341
-0.07963009178638458
-0.018327377736568447
-0.043969519436359406
-0.04262739792466164
-0.05641649663448334
-0.0515071377158165
-0.08405295014381409
-0.05402374267578125
-0.02358557656407356
-0.058720529079437256
-0.03613646700978279
-0.09180012345314026
-0.06647703051567078
-0.037868887186050415
-0.0644182339310646
-0.05823878198862076
-0.027333516627550125
-0.025136686861515045
-0.10485348105430604
-0.0600055456161499
-0.02929335087537765
-0.07469453662633894
-0.07275067269802092
-0.03541448339819908
-0.03904974088072777
-0.06366951763629913
-0.08267402648925781
-0.05088209360837936
-0.06192009150981903
-0.041270166635513306
-0.04525619000196457
-0.06537605822086334
-0.06282045692205429
-0.02431320399045944
-0.05302213132381439
-0.05635024607181549
-0.0750230997800827
-0.04581093043088913
-0.09196558594703673
-0.03614678606390953
-0.0486149936914444
-0.07039733976125717
-0.020879972726106644
-0.017976082861423492
-0.049226485192775726
-0.059419512748718255
-0.04828619584441185
-0.08913201093673706
-0.0511258840560913
-0.08983206003904343
-0.025709964334964752
-0.09627854824066162
-0.033404335379600525
-0.07178385555744171
-0.04938235878944397
-0.07042096555233002
-0.029681522399187088
-0.04447967931628227
-0.013361715711653233
-0.08088456839323044
-0.0816938728094101
-0.023192733526229855
-0.07071946561336517
-0.03717431053519249
-0.06264091283082962
-0.10544488579034804
-0.053208842873573296
-0.05539263039827346
-0.034012891352176666
-0.11376559734344482
-0.05207740515470505
-0.06385266035795212
-0.03407410532236099
-0.03979486599564552
-0.03767143934965134
-0.05656011402606964
-0.06216627359390258
-0.05429862439632416
-0.08498801290988922
-0.06701222062110901
-0.05882586538791656
-0.044741157442331314
-0.055083632469177246
-0.04631431400775909
-0.0505339503288269
-0.036741383373737335
-0.017325781285762787
-0.04757167026400566
-0.07914501428604126
-0.03586999326944351
-0.05138497054576874
-0.10517101734876633
-0.027530353516340252
-0.05369114875793457
-0.06349007785320282
-0.05186975747346879
-0.06340562552213669
-0.08026181906461716
-0.0724438726902008
-0.047941196709871285
-0.022435549646615986
-0.031730618327856064
-0.03305763751268387
-0.04087107628583908
-0.04756045341491699
-0.050730325281620026
-0.02372407168149948
-0.03152146190404892
-0.07939634472131729
-0.041480343788862235
-0.05140259861946105
-0.027686379849910736
-0.06491941958665848
-0.04063569009304047
-0.04427241533994675
-0.05214349925518036
-0.06182250380516052
-0.06843317300081253
-0.028167638927698132
-0.03692404180765152
-0.062174811959266656
-0.10842242091894148
-0.02450345456600189
-0.04333006218075752
-0.08441076427698134
-0.07071949541568756
-0.03652191907167435
-0.0611465722322464
-0.05821046978235245
-0.033051107078790665
-0.023700371384620663
-0.056661710143089294
-0.07415297627449036
-0.05085337162017822
-0.06394046545028687
-0.10236237198114397
-0.0286937952041626
-0.014749576337635515
-0.06584515422582625
-0.05019812285900116
-0.09858284145593645
-0.05239740014076233
-0.06614619493484497
-0.03698043525218964
-0.05042791366577149
-0.02632582187652588
-0.05366167426109313
-0.0063072508201003075
-0.08145022392272949
-0.012430728413164616
-0.06567063927650452
-0.06736957281827927
-0.05290495604276657
-0.0613541305065155
-0.07299967110157013
-0.053119346499443054
-0.08160512149333955
-0.07905128598213197
-0.05373790115118027
-0.030520759522914886
-0.05724775791168213
-0.05333317816257477
-0.06408783048391342
-0.04578929394483566
-0.04949559271335602
-0.10278165340423584
-0.039127204567193985
-0.05892488360404968
-0.04996166378259658
-0.0551062449812889
-0.035569313913583755
-0.08850285410881041
-0.06536484509706497
-0.09102757275104521
-0.03958440572023392
-0.07975785434246062
-0.041542313992977135
-0.06182420998811722
-0.05882638692855834
-0.0598905012011528
-0.0839903950691223
-0.05116596072912216
-0.05800151079893112
-0.08400700986385345
-0.05384794622659683
-0.06585940718650818
-0.04302697628736496
-0.0566541850566864
-0.05394311994314194
-0.031088121235370636
-0.07495265454053879
-0.08330217003822327
-0.025103352963924408
-0.05297109484672546
-0.0833817571401596
-0.04273063689470291
-0.07308809459209442
-0.038545392453670495
-0.034546982496976845
-0.05996005982160568
-0.04691097140312194
-0.06355682015419006
-0.05571092665195465
-0.08156079053878784
-0.040017232298851006
-0.045393478125333786
-0.04783413931727409
-0.06603634357452393
-0.08558966219425201
-0.10569869726896286
-0.05036506056785584
-0.0684080719947815
-0.06019682437181473
-0.0680202841758728
-0.05041252076625824
-0.05035138875246048
-0.0953579843044281
-0.07482321560382843
-0.05058076232671738
-0.038780249655246735
-0.04842317849397659
-0.047578305006027215
-0.020582936704158783
-0.079054094851017
-0.04850739613175392
-0.04095478728413582
-0.08697674423456192
-0.020409531891345974
-0.07607018202543257
-0.10711028426885603
-0.07905267924070358
-0.07255932688713074
-0.04248742759227753
-0.0710267424583435
-0.05280730128288269
-0.036372397094964974
-0.048684805631637566
-0.06293120980262756
-0.0543929859995842
-0.07395541667938232
-0.08764772862195969
-0.014567197300493715
-0.0938129425048828
-0.05610082298517227
-0.05466819554567337
-0.06962920725345612
-0.0879056230187416
-0.03917054086923599
-0.04893239587545394
-0.04087894409894943
-0.05510472506284714
-0.05147802084684372
-0.07326080650091171
-0.057772181928157806
-0.05751672387123108
-0.0508628785610199
-0.05986421555280685
-0.060263074934482574
-0.040130697190761566
-0.09010735154151917
-0.06117217242717743
-0.05808904767036437
-0.0358036644756794
-0.07355033606290817
-0.0671505481004715
-0.043955791741609566
-0.058168910443782806
-0.058019205927848816
-0.061643071472644806
-0.05716768652200698
-0.07773524522781373
-0.03722461685538292
-0.040534868836402886
-0.07822395861148834
-0.02343188226222992
-0.08644713461399078
-0.07595957815647125
-0.05071606487035751
-0.05049365758895873
-0.019899509847164158
-0.08500751107931137
-0.08196140825748444
-0.07223176956176758
-0.08865930140018462
-0.10736883431673049
-0.04523450881242752
-0.06207295507192612
-0.06870682537555695
-0.05779874324798584
-0.07132641971111298
-0.034941043704748154
-0.05295102298259735
-0.022505372762680054
-0.04481072723865509
-0.05648741126060486
-0.012258295901119707
-0.034511469304561615
-0.043842196464538574
-0.02736596390604973
-0.03775296360254288
-0.03706621378660201
-0.06732651591300964
-0.03188315033912659
-0.07651343941688538
-0.07748962938785553
-0.08875176310539244
-0.039948202669620514
-0.05237620323896408
-0.052245669066905975
-0.07989171892404556
-0.05335326492786408
-0.03661862015724182
-0.07235421985387802
-0.06834594905376433
-0.10157432407140732
-0.013612101785838604
-0.03382805362343788
-0.02642116323113441
-0.010266595520079136
-0.07383226603269577
-0.02569162845611572
-0.08304736763238905
-0.0868690386414528
-0.06746818125247955
-0.054012171924114234
-0.044501759111881256
-0.061000168323516846
-0.053900562226772315
-0.03894617035984993
-0.02303553745150566
-0.04772357642650604
-0.054908841848373406
-0.08947011828422545
-0.04721289500594139
-0.056337833404541016
-0.06492934376001358
-0.08455763757228851
-0.07174116373062134
-0.0408615879714489
-0.06674860417842865
-0.012134439311921597
-0.01581057906150818
-0.06869527697563171
-0.02723436802625656
-0.02538742125034332
0.0043687839061021805
-0.03948700800538063
-0.0671706423163414
-0.05428417772054672
-0.06585700809955597
-0.07148432731628418
-0.06418637186288834
-0.037466272711753845
-0.050423331558704376
-0.03589076176285744
-0.04500148072838783
-0.03378678858280182
-0.014846208505332468
-0.058334246277809136
-0.05659811198711395
-0.059679925441741936
-0.005217132158577441
-0.06755149364471436
-0.04427452385425568
-0.06118027865886688
-0.03314612060785293
-0.034275569021701806
-0.07817553728818893
-0.06490783393383026
-0.07909324765205382
-0.015189805068075655
-0.0671309381723404
-0.08873912692070006
-0.08061722666025162
-0.07679441571235655
-0.03814177960157394
-0.06560522317886353
-0.05564616620540618
-0.04723434150218964
-0.07226122170686723
-0.04499190300703049
-0.0645855963230133
-0.08139256387948988
-0.03465013951063156
-0.038593634963035583
-0.044551517814397805
-0.07329001277685165
-0.04502490907907485
-0.06814177334308624
-0.07265327870845793
-0.06365591287612915
-0.02162977308034897
-0.040611967444419854
-0.0690600723028183
-0.07910172641277313
-0.05756407976150513
-0.10441995412111282
-0.04482528939843178
-0.06735938042402267
-0.06821421533823013
-0.044343672692775726
-0.017259404063224792
-0.06642848253250122
-0.03586813062429428
-0.04746268689632416
-0.09284771978855133
-0.05422094464302063
-0.059327557682991035
-0.030714221298694607
-0.07998247444629669
-0.0729519873857498
-0.031074807047843933
-0.04471980780363082
-0.05204817652702332
-0.07637077569961549
-0.04391518980264664
-0.07465064525604248
-0.05559185892343521
-0.05731645971536636
-0.05761484056711197
-0.04148000106215477
-0.06809785962104797
-0.06543531268835068
-0.05632504820823669
-0.04216970130801201
-0.07976966351270676
-0.10341909527778624
-0.07703468948602675
-0.03627557680010796
-0.058776043355464935
-0.07366055250167847
-0.09250956028699875
-0.03941009938716888
-0.07212333381175993
-0.05751249939203262
-0.10758031904697418
-0.033396437764167786
-0.07388941943645477
-0.02870289236307144
-0.04036113247275352
-0.0175410695374012
-0.03494838997721672
-0.06362926214933395
-0.038445726037025445
-0.035798929631710046
-0.04337579756975173
-0.06159365177154541
-0.046371739357709885
-0.08105778694152832
-0.0416760891675949
-0.03514480218291283
-0.02013856172561645
-0.054872117936611176
-0.0573565810918808
-0.06580290198326111
-0.07784249633550645
-0.05082587897777557
-0.10065342485904692
-0.06505438685417175
-0.03177112713456154
-0.046725522726774216
-0.06024547666311264
-0.058596834540367126
-0.06724069267511368
-0.04697248339653015
-0.03389710187911987
-0.029033038765192032
-0.08058587461709976
-0.07919307053089142
-0.057819806039333344
-0.07935778051614761
-0.07814542949199677
-0.035276688635349274
-0.07571199536323547
-0.020862385630607605
-0.08112762868404387
-0.028844576328992844
-0.06071375310420989
-0.09344183653593063
-0.06961186975240707
-0.07573483884334563
-0.08279658854007721
-0.01983451470732689
-0.0289587527513504
-0.08148719370365143
-0.06982260197401047
-0.10895222425460815
-0.07365006208419798
-0.04326746240258217
-0.053498171269893646
-0.04558536037802696
-0.053141385316848755
-0.03785207122564316
-0.06726418435573578
-0.05107451975345612
-0.06839204579591751
-0.04762067645788193
-0.05411452054977417
-0.04150278121232986
-0.08317136764526366
-0.1122375875711441
-0.01372492592781782
-0.0616828054189682
-0.062491774559021
-0.056650929152965546
-0.051178380846977234
-0.03644837439060211
-0.0524526983499527
-0.0533374547958374
-0.054494306445121765
-0.08257093280553818
-0.03637593984603882
-0.03035205975174904
-0.03949515894055367
-0.08097578585147858
-0.05082738399505615
-0.06869994103908539
-0.0754542425274849
-0.05867698788642883
-0.006816395558416843
-0.02972247079014778
-0.06778918951749802
-0.08387863636016844
-0.07572788000106812
-0.04521749913692474
-0.03173867240548134
-0.052262552082538605
-0.051487386226654046
-0.0307476744055748
-0.04348360374569893
-0.06621460616588593
-0.0559215322136879
-0.07134836912155151
-0.05371204763650894
-0.08110932260751724
-0.06206505000591278
-0.053094029426574714
-0.04792105033993721
-0.020962201058864597
-0.06071554124355316
-0.06479529291391373
-0.08036632090806961
-0.05982133746147156
-0.09492583572864531
-0.09546638280153273
-0.036897830665111535
-0.06585623323917389
-0.04006960988044738
-0.055140420794487
-0.06973760575056076
-0.1001797467470169
-0.045473098754882806
-0.037078902125358575
-0.059602439403533936
-0.033941056579351425
-0.03582804650068283
-0.05601890385150909
-0.04940756410360336
-0.03716409578919411
-0.049288347363471985
-0.05452325940132141
-0.039271734654903405
-0.07070021331310272
-0.06222715973854065
-0.06071569025516511
-0.03590572252869606
-0.04946853220462799
-0.08012260496616364
-0.04473983868956566
-0.05479274690151215
-0.0515180230140686
-0.05909068137407303
-0.06984144449234009
-0.04512976109981537
-0.0699828714132309
-0.009978721849620342
-0.07297967374324799
-0.06055855751037598
-0.0585220605134964
-0.08064813166856764
-0.043064631521701806
-0.02598776668310165
-0.03711521252989769
-0.08003154397010803
-0.10319016873836516
-0.09588351845741273
-0.04432100802659989
-0.0770701766014099
-0.03250366449356079
-0.07760941237211227
-0.021482281386852264
-0.028513357043266296
-0.0501149445772171
-0.06829048693180084
-0.06432929635047913
-0.06370007246732712
-0.06291545927524567
-0.04783256724476814
-0.03229255974292755
-0.06239168345928192
-0.05446036159992217
-0.05848243832588196
-0.0846719890832901
-0.0594811737537384
-0.06346384435892105
-0.04450539499521256
-0.04638067632913589
-0.050327718257904046
-0.09591003507375716
-0.04296182468533516
-0.07326191663742065
-0.043739456683397286
-0.0624445304274559
-0.04449650645256042
-0.059262633323669434
-0.0566391795873642
-0.07875479757785797
-0.022804129868745804
-0.05757740139961243
-0.03515978157520294
-0.06585914641618729
-0.04210243374109268
-0.04811326786875725
-0.0644424706697464
-0.07874059677124022
-0.06221527606248856
-0.05705507099628448
-0.04481205344200134
-0.06972503662109375
-0.07176098227500916
-0.03364867344498634
-0.05535922199487686
-0.08003034442663191
-0.050202369689941406
-0.029794957488775253
-0.06383897364139557
-0.05809858441352844
-0.07269160449504851
-0.05875372141599655
-0.027118861675262448
-0.04044102132320404
-0.023659631609916687
-0.07454403489828108
-0.0601026639342308
-0.07018949091434479
-0.05077305436134338
-0.04649657011032104
-0.04068877547979354
-0.06849335134029388
-0.03402911126613617
-0.022289320826530457
-0.04384148120880127
-0.07823309302330017
-0.042262524366378784
-0.050652235746383674
-0.060613855719566345
-0.012628481723368168
-0.0723910480737686
-0.055549092590808875
-0.05801769345998764
-0.07241249829530717
-0.037892598658800125
-0.055508166551589966
-0.06525515019893646
-0.09293010085821152
-0.011324102990329264
-0.06810988485813141
-0.042549476027488715
-0.04980425536632538
-0.021590162068605423
-0.0610654354095459
-0.06333695352077484
-0.04646698758006096
-0.059445738792419434
-0.08772949874401091
-0.07625749707221983
-0.028488390147686005
-0.04089098796248436
-0.06862273812294006
-0.050918616354465485
-0.07744245231151581
-0.03103502839803696
-0.018003828823566437
-0.05023626983165741
-0.049080267548561096
-0.0859859511256218
-0.038240928202867515
-0.0580686554312706
-0.08730685710906982
-0.08430840820074081
-0.09149795770645139
-0.06831937283277512
-0.01894770562648773
-0.06543464213609695
-0.05143719166517258
-0.04255027323961258
-0.08359377086162566
-0.045595984905958176
-0.06699661165475845
-0.030963577330112457
-0.05694910138845444
-0.02352388203144073
-0.038932304829359055
-0.05197170376777649
-0.0584489107131958
-0.07424654066562653
-0.05729812383651733
-0.029816411435604092
-0.05798033624887466
-0.047299757599830634
-0.0876249074935913
-0.0552164614200592
-0.06850933283567429
-0.04025277495384216
-0.04287133738398552
-0.04544370621442794
-0.04728735610842705
-0.07602505385875702
-0.04450871795415878
-0.03112822026014328
-0.05949924886226655
-0.068808913230896
-0.03671099245548248
-0.09264728426933289
-0.059644460678100586
-0.08154338598251343
-0.022712863981723785
-0.0859786868095398
-0.0602477490901947
-0.08534608781337738
-0.07197874784469604
-0.07570339739322662
-0.073738694190979
-0.05144963413476944
-0.04832412302494049
-0.06095366925001144
-0.06477828323841095
-0.040474504232406616
-0.0484553650021553
-0.0704413652420044
-0.02787943184375763
-0.047199890017509454
-0.0575813502073288
-0.09143474698066711
-0.10863652825355528
-0.03280238434672356
-0.055324539542198174
-0.07358715683221817
-0.03275005891919136
-0.05420469492673874
-0.04357218742370605
-0.042326342314481735
-0.04698777571320534
-0.05696218460798264
-0.07575026154518126
-0.06909427046775818
-0.04509456455707551
-0.04370354488492012
-0.06378292292356491
-0.049245908856391914
-0.08249711990356445
-0.06990313529968262
-0.0510144680738449
-0.0432322770357132
-0.05840077996253967
-0.039448268711566925
-0.0557447224855423
-0.058840468525886536
-0.05387324094772338
-0.04902973771095276
-0.07738064974546432
-0.07602696120738982
-0.048985794186592095
-0.04315002262592316
-0.04719071462750434
-0.02733667194843292
-0.0993060991168022
-0.0403863862156868
-0.058006018400192254
-0.09091734141111374
-0.0772988051176071
-0.04075565561652184
-0.03354351967573166
-0.04327448830008506
-0.0830918699502945
-0.01935085281729698
-0.03545617312192917
-0.066837377846241
-0.055020935833454125
-0.06922785937786102
-0.09438639134168623
-0.052752770483493805
-0.04027020186185837
-0.03481953591108322
-0.07341714203357697
-0.04237616434693336
-0.09569712728261949
-0.03919152170419693
-0.0387025997042656
-0.04076382517814636
-0.0452565997838974
-0.10403256118297576
-0.06309939920902252
-0.04568096995353699
-0.045655377209186554
-0.08295399695634843
-0.032956257462501526
-0.04033217951655388
-0.05368748307228088
-0.09720712900161745
-0.09311381727457047
-0.03532581776380539
-0.03635844588279724
-0.049866847693920135
-0.03392969071865082
-0.04693989828228951
-0.05033084750175476
-0.05684699863195419
-0.0455397367477417
-0.04422910138964653
-0.056786224246025085
-0.1047224998474121
-0.02206328511238098
-0.05820581316947937
-0.026058264076709747
-0.11139768362045288
-0.0561985820531845
-0.09018388390541075
-0.035833992063999176
-0.057944029569625854
-0.06823953986167908
-0.032951705157756805
-0.060015901923179626
-0.07089366763830185
-0.03763648122549057
-0.0539667010307312
-0.07196249067783356
-0.07363718748092651
-0.044919319450855255
-0.04573073983192444
-0.070171058177948
-0.05259628593921661
-0.09197840094566344
-0.07954580336809158
-0.02501792460680008
-0.057960405945777886
-0.11014629900455473
-0.019579701125621796
-0.06794307380914688
-0.04126784950494766
-0.031355664134025574
-0.039425820112228394
-0.02351563423871994
-0.03426750749349594
-0.08106717467308044
-0.05363129079341888
-0.06321582943201065
-0.04791407287120819
-0.07958799600601196
-0.05032266676425934
-0.06372735649347305
-0.060728207230567925
-0.06272036582231522
-0.06086868047714233
-0.049672916531562805
-0.09287180006504057
-0.06004134565591812
-0.04804247245192528
-0.042164623737335205
-0.06117966026067734
-0.06155908107757568
-0.059381768107414246
-0.0440140999853611
-0.03961193561553955
-0.05227702856063842
-0.0016376031562685966
-0.061012156307697296
-0.09193681925535202
-0.0853411927819252
-0.09236191213130952
-0.03664552420377731
-0.07875636219978333
-0.04465444758534432
-0.06717316061258316
-0.06042693555355072
-0.0856199786067009
-0.08444490283727644
-0.07000350207090378
-0.07743413001298904
-0.07962064445018768
-0.07189753651618958
-0.04158037155866623
-0.05736324191093445
-0.06585800647735596
-0.05093001574277878
-0.05454383045434952
-0.0836125612258911
-0.036961600184440606
-0.031219713389873505
-0.06706906110048294
-0.06631791591644287
-0.03887121006846428
-0.0414954237639904
-0.032983992248773575
-0.05754221975803375
-0.05647456645965576
-0.04558657109737396
-0.04899197816848754
-0.08051654696464537
-0.050943292677402496
-0.04389312490820885
-0.051462069153785706
-0.06640798598527908
-0.07702196389436723
-0.04333953559398651
-0.06913019716739655
-0.02861803770065308
-0.04082143679261208
-0.053642414510250085
-0.07728564739227296
-0.015097505412995815
-0.06117027997970581
-0.009685144759714605
-0.052424967288970954
-0.02386115491390228
-0.049622125923633575
-0.05251479893922806
-0.039552051573991776
-0.08245231211185454
-0.06170642375946045
-0.04321515560150146
-0.05799672007560729
-0.04212307184934616
-0.05901740491390228
-0.058347687125205994
-0.10782985389232635
-0.07227073609828949
-0.07314877957105635
-0.01770469546318054
-0.03913720697164536
-0.04910850524902344
-0.08080573379993439
-0.00955988559871912
-0.05955639481544495
-0.031941819936037064
-0.04627630487084389
-0.04410284757614136
-0.08214105665683745
-0.06585011631250381
-0.08977962285280228
-0.03230369836091995
-0.059342771768569946
-0.06135420501232147
-0.055326908826828
-0.052345655858516686
-0.025603607296943665
-0.07803459465503693
-0.07912550866603851
-0.059657931327819824
-0.03943945094943047
-0.050310418009758
-0.012684538029134272
-0.07870256900787354
-0.07420781254768372
-0.03545176610350609
-0.05543866753578185
-0.06878475844860077
-0.07031670212745667
-0.03580799698829651
-0.08799294382333755
-0.07159923762083054
-0.07323499023914337
-0.06206405907869338
-0.0539676770567894
-0.05944054573774338
-0.07267103344202042
-0.059907637536525726
-0.019305329769849777
-0.002578805200755596
-0.037712588906288154
-0.045080844312906265
-0.055930569767951965
-0.04602310061454773
-0.04637659341096879
-0.04090147092938423
-0.08073967695236206
-0.0405665785074234
-0.07551921904087065
-0.02686728537082672
-0.052030287683010094
-0.06552071869373322
-0.04701316729187965
-0.03517445921897888
-0.025489408522844315
-0.06175058335065842
-0.047383010387420654
-0.034752875566482544
-0.04569201916456223
-0.09794931113719939
-0.05419907718896866
-0.061216838657855994
-0.037382058799266815
-0.04956917464733124
-0.07457619160413742
-0.08348803222179411
-0.08861152827739716
-0.04673942551016808
-0.09471666067838669
-0.06724918633699417
-0.05597583949565888
-0.0717630609869957
-0.04268111288547516
-0.07593368738889694
-0.07098051905632019
-0.05669906735420227
-0.08122605085372925
-0.04897685348987579
-0.07638660073280334
-0.046502392739057534
-0.08734372258186339
-0.020005952566862103
-0.07146300375461577
-0.04075783491134644
-0.044067014008760445
-0.04395711794495583
-0.03642645478248596
-0.02166777849197388
-0.07565850764513014
-0.04097561538219452
-0.0444757416844368
-0.0943906232714653
-0.049995958805084235
-0.06674155592918396
-0.02694280073046684
-0.033897750079631805
-0.06979646533727646
-0.0539565235376358
-0.054788686335086816
-0.04734592139720917
-0.06259068101644516
-0.05009133368730545
-0.07441708445549011
-0.040842685848474496
-0.0346066839993
-0.06579695641994476
-0.03818288072943688
-0.04061930626630783
-0.02309057116508484
-0.05176333338022232
-0.05504350364208221
-0.08682621270418166
-0.08530040830373763
-0.06928319483995438
-0.05079469084739685
-0.06291817128658295
-0.052995361387729645
-0.04377640411257744
-0.0728422999382019
-0.03507152199745178
-0.03699493408203125
-0.040930338203907006
-0.04854297265410423
-0.061799608170986176
-0.05377815663814545
-0.07057465612888336
-0.07754361629486085
-0.06932246685028076
-0.09602848440408705
-0.09687693417072296
-0.05745426565408707
-0.07328478991985321
-0.027093619108200077
-0.06512638926506041
-0.06866985559463501
-0.05829223245382309
-0.07832194119691847
-0.07201031595468521
-0.08374460786581038
-0.030720479786396023
-0.08923308551311493
-0.07623817771673201
-0.036927253007888794
-0.0917746126651764
-0.059298239648342126
-0.036468975245952606
-0.03399253636598587
-0.07495968043804167
-0.06315138936042786
-0.06537260115146637
-0.10020698606967926
-0.034672800451517105
-0.07591115683317184
-0.09373377263545989
-0.05196475237607956
-0.060065925121307366
-0.055697239935398095
-0.08598369359970093
-0.029098309576511383
-0.08118724822998048
-0.07369618117809294
-0.07164250314235687
-0.04850007593631744
-0.019483745098114014
-0.05417332798242569
-0.05438284575939178
-0.05545928329229354
-0.011902383528649805
-0.048360466957092285
-0.0716966763138771
-0.08851933479309082
-0.05306059122085571
-0.051085181534290314
-0.07136885821819305
-0.039086103439331055
-0.06803514063358307
-0.05736139416694641
-0.05055981129407883
-0.04812268540263176
-0.06138068437576294
-0.06827133148908615
-0.06485553085803986
-0.05100993812084197
-0.06212753802537918
-0.052530094981193536
-0.03790503740310669
-0.0712660402059555
-0.03538951277732849
-0.05416204780340195
-0.050748877227306366
-0.023206621408462524
-0.05589427053928375
-0.05577474832534791
-0.06489376723766327
-0.03812844306230545
-0.05601825565099716
-0.07002576440572739
-0.06108446419239044
-0.0673992931842804
-0.08821938931941986
-0.045997172594070435
-0.04732468351721764
-0.07774151116609573
-0.04000553861260414
-0.0661826804280281
-0.040154382586479194
-0.07481769472360611
-0.039842236787080765
-0.04493514448404312
-0.08711276203393936
-0.03931201249361038
-0.06314430385828018
-0.10001010447740553
-0.0857827365398407
-0.103844977915287
-0.03149699419736862
-0.06513965129852295
-0.05954675376415253
-0.036399759352207184
-0.08896247297525404
-0.05611318349838257
-0.05406803637742996
-0.08481065928936003
-0.06409326195716858
-0.009915289469063282
-0.05699299275875092
-0.05297914147377014
-0.031775258481502526
-0.05203831940889359
-0.048186685889959335
-0.04413831979036331
-0.04495692253112793
-0.047656096518039696
-0.06989306211471558
-0.046659551560878754
-0.07955983281135559
-0.04779531806707382
-0.05237708240747452
-0.05040983110666275
-0.09484207630157471
-0.057276830077171326
-0.046791747212409966
-0.04002935439348221
-0.09970523416996002
-0.04360642656683922
-0.07019577920436859
-0.05149632692337036
-0.01567571982741356
-0.06758829206228256
-0.09461984783411026
-0.08626243472099304
-0.08791427314281462
-0.024726673960685727
-0.0549166351556778
-0.07424060255289076
-0.07840794324874878
-0.10195396840572356
-0.045534711331129074
-0.018285624682903286
-0.03898239880800247
-0.04894585907459259
-0.05765582621097565
-0.03885829448699951
-0.0754437744617462
-0.03494901955127716
-0.05400018393993378
-0.05292240530252457
-0.043144963681697845
-0.049266383051872246
-0.06742244958877563
-0.07605333626270294
-0.025858040899038315
-0.054643504321575165
-0.03627952188253403
-0.043143883347511285
-0.0519319325685501
-0.04371662065386772
-0.04122527688741684
-0.06025440990924835
-0.06452877074480057
-0.05809172242879868
-0.09934040904045105
-0.05165532976388931
-0.05158717930316925
-0.07440455257892609
-0.04991339147090912
-0.04125116392970085
-0.06366736441850662
-0.039703369140625
-0.06299189478158951
-0.05199673026800156
-0.07947593182325363
-0.031153783202171326
-0.04185695201158524
-0.046069126576185226
-0.09442515671253203
-0.06569477915763855
-0.03728699684143066
-0.04411301016807556
-0.05763435363769531
-0.03437202423810959
-0.0387188084423542
-0.055935338139534
-0.07226787507534027
-0.06490251421928406
-0.058187417685985565
-0.06067660450935364
-0.05199797451496124
-0.05321118235588074
-0.06020323932170868
-0.061254344880580895
-0.035753656178712845
-0.07353920489549635
-0.04561236873269081
-0.1107913553714752
-0.05481579154729843
-0.026489973068237305
-0.05418455600738525
-0.051185697317123406
-0.0582159236073494
-0.042364303022623055
-0.07814087718725203
-0.04962603747844696
-0.0554322674870491
-0.08144666254520416
-0.08750256896018982
-0.06561273336410521
-0.073214590549469
-0.07207773625850677
-0.04937879741191864
-0.0636165514588356
-0.10127060115337372
-0.07348114252090454
-0.07096380740404129
-0.06166135519742966
-0.10659947991371153
-0.02071451023221016
-0.035670626908540726
-0.03440947085618973
-0.07764781266450883
-0.044748205691576
-0.04915495961904526
-0.050171270966529846
-0.05249033868312836
-0.0521295964717865
-0.030758380889892575
-0.03022567182779312
-0.05045782029628754
-0.04264990240335464
-0.041526526212692254
-0.03595118597149849
-0.04604646563529968
-0.038390327244997025
-0.04469873383641242
-0.0857793241739273
-0.05753777176141738
-0.05745353549718857
-0.0772870033979416
-0.03814904391765594
-0.05444091558456421
-0.06833358854055405
-0.028447374701499935
-0.09122282266616819
-0.04816942662000656
-0.06578300148248672
-0.04140353202819824
-0.0407576821744442
-0.07972121238708496
-0.06652738153934479
-0.009177370928227901
-0.04121336713433266
-0.031428322196006775
-0.06932978332042694
-0.053241342306137085
-0.02663341164588928
-0.06108551472425461
-0.09566567838191986
-0.07286912202835083
-0.09606219083070755
-0.04359771683812141
-0.050237804651260376
-0.05546285212039948
-0.02403022348880768
0.02056696638464928
-0.07094920426607132
-0.05352898687124252
-0.04515243321657181
-0.0717969462275505
-0.04450744390487671
-0.007029910571873188
-0.06470483541488647
-0.030341610312461853
-0.05625274032354354
-0.06018911302089691
-0.04447656124830245
-0.06467096507549286
-0.06145288050174713
-0.05784155428409576
-0.0753650814294815
-0.05546385794878005
-0.07359061390161514
-0.08624287694692612
-0.04884209483861923
-0.09224645793437955
-0.05909308046102524
-0.04390570893883705
-0.08152702450752257
-0.049826428294181824
-0.05056734383106232
-0.045718781650066376
-0.07977063953876494
-0.03373843804001808
-0.01809878647327423
-0.08586050570011139
-0.029259402304887768
-0.07198289036750793
-0.04901997745037079
-0.0598343163728714
-0.05099178105592728
-0.05722489953041077
-0.057166151702404015
-0.05568499118089676
-0.019431114196777344
-0.05766550451517105
-0.04167012870311737
-0.02052082121372223
-0.05448964983224869
-0.0554131418466568
-0.0320674367249012
-0.08351318538188934
-0.047299038618803024
-0.03770126029849053
-0.05239550769329071
-0.03745810687541962
-0.07081162184476852
-0.04472028464078903
-0.06616034358739853
-0.10419419407844543
-0.05906055867671967
-0.04969663918018341
-0.07387406378984451
-0.047672554850578315
-0.06847921013832092
-0.02035131305456161
-0.049889639019966125
-0.06293310225009918
-0.05552008748054504
-0.0037035392597317696
-0.0380999818444252
-0.04470314085483551
-0.08309588581323622
-0.0382050946354866
-0.029454309493303295
-0.06570480763912201
-0.034151997417211526
-0.028120234608650208
-0.05121753364801407
-0.047586463391780846
-0.05795539915561676
-0.08265215158462524
-0.05491555482149124
-0.06939151883125305
-0.09082398563623427
-0.06562300026416779
-0.06496741622686386
-0.06983032822608948
-0.03269577771425247
-0.05214669555425644
-0.056667543947696686
-0.054136022925376885
-0.02467856183648109
-0.0808023065328598
-0.030959345400333405
-0.06183459609746933
-0.09445923566818237
-0.10214993357658386
0.0017040157690644264
-0.054168842732906335
-0.01987121254205704
-0.0456799641251564
-0.043825499713420875
-0.049595773220062256
-0.05522255599498749
-0.04447014257311821
-0.034230902791023254
-0.05936408042907714
-0.035730645060539246
-0.04586353898048401
-0.07962580025196075
-0.0406648926436901
-0.07507039606571196
-0.0617070198059082
-0.05203261971473694
-0.04746633395552635
-0.0724170506000519
-0.05154721438884735
-0.06049615889787673
-0.05234384536743164
-0.0793398767709732
-0.05058096349239349
-0.04125951603055
-0.033635277301073074
-0.054205775260925286
-0.05639321357011795
-0.06424421072006226
-0.06249971687793732
-0.009817493148148062
-0.04790240153670311
-0.05803313851356506
-0.05037076026201248
-0.0630265325307846
-0.07555414736270905
-0.07989358901977539
-0.054756999015808105
-0.04205925390124321
-0.06165271997451782
-0.08279169350862503
-0.04532760754227638
-0.04503650963306427
-0.005896591581404209
-0.08854703605175017
-0.05605924129486084
-0.04849623143672943
-0.06475913524627686
-0.017116881906986237
-0.0811772048473358
-0.046454351395368576
-0.08577851951122285
-0.08670584112405777
-0.06329087167978287
-0.07988493889570236
-0.03469516709446907
-0.022168386727571487
-0.07689551264047623
-0.03895384073257446
-0.0404026173055172
-0.023692525923252106
-0.09463141858577728
-0.03511235862970352
-0.0493888333439827
-0.05631047487258911
-0.056965671479702
-0.10454358160495758
-0.0574650838971138
-0.04875984787940979
-0.08903305977582932
-0.04804760962724686
-0.05850965529680252
-0.033984821289777756
-0.06473666429519653
-0.035480037331581116
-0.024418596178293228
-0.03843384981155396
-0.08118467777967453
-0.055413320660591125
-0.0546516627073288
-0.04713055491447449
-0.07761827111244202
-0.08725452423095702
-0.0424899160861969
-0.10093989223241806
-0.04448705539107323
-0.07133420556783676
-0.0631413459777832
-0.09213783591985703
-0.05842985212802887
-0.04437130689620972
-0.030000120401382446
-0.06260153651237488
-0.06622219830751419
-0.045960761606693275
-0.046027123928070075
-0.030755389481782917
-0.06423549354076385
-0.055421821773052216
-0.03572805225849152
-0.0407763309776783
-0.04486168548464775
-0.0776684582233429
-0.06545025110244751
-0.0479312427341938
-0.05295147746801376
-0.04505278915166855
-0.09018366038799283
-0.04300396516919136
-0.0866619423031807
-0.044803619384765625
-0.04282999411225319
-0.047142766416072845
-0.055621109902858734
-0.02773790806531906
-0.05449210852384567
-0.04071313887834549
-0.05548803508281708
-0.04952704906463623
-0.055946707725524895
-0.05597826838493347
-0.06978541612625122
-0.07317815721035004
-0.07812418043613434
-0.03276251256465912
-0.05117635428905487
-0.05655266344547272
-0.04594634100794792
-0.0375213399529457
-0.03892480209469795
-0.0513390377163887
-0.03186590224504471
-0.07842027395963667
-0.061592474579811096
-0.07319731265306471
-0.04702196642756462
-0.10521124303340912
-0.04656285047531128
-0.029237695038318638
-0.0703745111823082
-0.08543238043785094
-0.08420942723751068
-0.08838270604610443
-0.044520966708660126
-0.03687917068600655
-0.02877817302942276
-0.11999467015266418
-0.07079567760229111
-0.02042155712842941
-0.08536666631698608
-0.04713078960776329
-0.012990673072636127
-0.08286497741937637
-0.05132494866847992
-0.050660312175750725
-0.03730602562427521
-0.04464171826839447
-0.07056549191474915
-0.0715053379535675
-0.018232278525829315
-0.05610872060060501
-0.059807173907756805
-0.028840787708759308
-0.054887935519218445
-0.04216209053993225
-0.030397593975067135
-0.04310590401291847
-0.039461374282836914
-0.0615447610616684
-0.06773283332586288
-0.03773248195648193
-0.032347310334444046
-0.04757867008447647
-0.06468566507101059
-0.07464469224214554
-0.05317406356334686
-0.05637546628713608
-0.05194145441055298
-0.06323155760765076
-0.04917520284652709
-0.062163405120372765
-0.05668869614601135
-0.059167355298995965
-0.08947593718767166
-0.07898296415805817
-0.011229495517909527
-0.05071692168712616
-0.0261806845664978
-0.05331840366125106
-0.035946674644947045
-0.029956400394439697
-0.04038972407579421
-0.07966413348913191
-0.053262151777744286
-0.04152172803878784
-0.050444550812244415
-0.0613122433423996
-0.06038537621498108
-0.06841651350259781
-0.014378092251718044
-0.02795577049255371
-0.06702709197998047
-0.05590104311704636
-0.07107516378164291
-0.06782636046409607
-0.05303491652011871
-0.0600532591342926
-0.049422822892665856
-0.02831164002418518
-0.08012662082910538
-0.08367052674293518
-0.0847107395529747
-0.03329625725746155
-0.053670190274715424
-0.06519405543804169
-0.029032982885837555
-0.05589470267295837
-0.04475821554660797
-0.03398177772760391
-0.05595985054969788
-0.06461603939533234
-0.048945143818855286
-0.03100239112973213
-0.04943355172872543
-0.058717146515846246
-0.05949719250202178
-0.06302107870578766
-0.07281653583049774
-0.060905367136001594
-0.04104098305106163
-0.04280931130051613
-0.05643022060394287
-0.0376693531870842
-0.06470173597335815
-0.07143982499837875
-0.08879145979881287
-0.025832898914813995
-0.06093925982713699
-0.05978035926818848
-0.06522362679243088
-0.0520033985376358
-0.04402270168066025
-0.0562899187207222
-0.0648932158946991
-0.04556911438703537
-0.09504073858261107
-0.05974127352237701
-0.024366095662117004
-0.03785577788949013
-0.06595923006534576
-0.07226817309856415
-0.05109274387359619
-0.0750787779688835
-0.05141611397266388
-0.05314171314239501
-0.07052283734083176
-0.056036442518234246
-0.08256328105926514
-0.0344967246055603
-0.044287636876106255
-0.04621516540646553
-0.030147206038236615
-0.03839273750782013
-0.0631747767329216
-0.08628314733505249
-0.07259646058082579
-0.029657036066055294
-0.05490587651729584
-0.06205156445503234
-0.03627638518810272
-0.029681209474802017
-0.04301145300269127
-0.008459419943392275
-0.038076188415288925
-0.07583478093147276
-0.056406617164611816
-0.06662995368242264
-0.017733454704284668
-0.0440874807536602
-0.06332725286483765
-0.06354613602161407
-0.023606836795806885
-0.06169186532497407
-0.07384073734283446
-0.015623093582689762
-0.07577560842037201
-0.03716131299734116
-0.07385286688804625
-0.04691675677895545
-0.03112175688147545
-0.11221289634704588
-0.09935864061117171
-0.05777318775653839
-0.04631644114851952
-0.023943677544593808
-0.0477563701570034
-0.0397903099656105
-0.11155080795288085
-0.05216816067695618
-0.048272307962179184
-0.07490278780460356
-0.06793133169412613
-0.0922529250383377
-0.03842376172542572
-0.025707848370075222
-0.0404493436217308
-0.04419046267867088
-0.065574049949646
-0.08121166378259657
-0.04114517569541931
-0.02752302959561348
-0.035911113023757935
-0.04819661006331444
-0.042298812419176095
-0.0348723977804184
-0.011477611027657984
-0.061302319169044495
-0.05005539953708649
-0.07521527260541917
-0.05821669101715088
-0.0713551938533783
-0.06458786129951477
-0.0701126977801323
-0.07736433297395706
-0.06951512396335602
-0.056054733693599694
-0.03706169500946999
-0.04628388956189156
-0.046438682824373245
-0.01619182899594307
-0.075204998254776
-0.05205063521862031
-0.06300166249275208
-0.052205838263034814
-0.019957967102527615
-0.06009800732135773
-0.08006015419960022
-0.06096932291984558
-0.07789982855319978
-0.05182883143424988
-0.04487551748752593
-0.029118664562702175
-0.031231310218572617
-0.0751102790236473
-0.08876335620880128
-0.055626541376113885
-0.061189278960227966
-0.04397328570485115
-0.06622077524662018
-0.08078809827566147
-0.07622848451137543
-0.03424748778343201
-0.0291837640106678
-0.06206236034631729
-0.10889438539743423
-0.04144156724214554
-0.06400417536497116
-0.06819917261600494
-0.06169795989990234
-0.06805896013975143
-0.04884719103574753
-0.0385739840567112
-0.06447207927703857
-0.015629790723323822
-0.05614965409040451
-0.008342471905052662
-0.04516410455107689
-0.07321672141551971
-0.0451100617647171
-0.10308744013309477
-0.023403946310281757
-0.03909097239375114
-0.014136833138763905
-0.05305049568414688
-0.03194591403007507
-0.0643671303987503
-0.06611566245555878
-0.04943174123764038
-0.05391424894332886
-0.03324537351727486
-0.0500485897064209
-0.07007637619972229
-0.05694924294948578
-0.04004786908626556
-0.05661582946777344
-0.04064786806702614
-0.03342897444963455
-0.04484554380178452
-0.06474962085485457
-0.06678251922130585
-0.09009292721748352
-0.04987052083015442
-0.08019738644361496
-0.0605795755982399
-0.038393884897232056
-0.050739139318466187
-0.06583835184574127
-0.056813061237335205
-0.035799749195575714
-0.043429188430309296
-0.12502002716064453
-0.10117342323064804
-0.038358982652425766
-0.04594329744577408
-0.052695855498313904
-0.05273173749446869
-0.06509187817573547
-0.06016463041305541
-0.0715922862291336
-0.069373719394207
-0.053288184106349945
-0.06341378390789032
-0.07714025676250458
-0.023809656500816345
-0.018386911600828167
-0.028970725834369656
-0.04501379281282425
-0.06413444876670837
-0.06291976571083069
-0.07643356174230574
-0.0462416298687458
-0.04349350929260254
-0.06109839677810669
-0.07062561810016632
-0.08639948815107346
-0.06787377595901489
-0.06987025588750839
-0.06015385687351226
-0.086431622505188
-0.04597243666648865
-0.04744919016957283
-0.0733344778418541
-0.06125018745660782
-0.06685619056224823
-0.04291915893554688
-0.04737696796655655
-0.04468263313174248
-0.09295652061700821
-0.05636751651763916
-0.08034408092498779
-0.048214443027973175
-0.05255340039730072
-0.049659810960292816
-0.03304444253444672
-0.04495282843708992
-0.06921423971652985
-0.012515484355390072
-0.04494400694966316
-0.04292889311909676
-0.029748551547527317
-0.046414751559495926
-0.08249884098768234
-0.04706168174743652
-0.06498405337333679
-0.09478900581598282
-0.07119493186473846
-0.01653546839952469
-0.06747767329216003
-0.041922714561223984
-0.035271622240543365
-0.048454452306032174
-0.10721188783645628
-0.06589598953723907
-0.04479331523180008
-0.03995359688997269
-0.09029793739318848
-0.08505891263484953
-0.04618526622653008
-0.03427153453230858
-0.0441269651055336
-0.09173844009637833
-0.050585009157657616
-0.09225361794233322
-0.04990336298942566
-0.04590962827205657
-0.0478011816740036
-0.0713987648487091
-0.06122894585132599
-0.09390294551849364
-0.04698251932859421
-0.034603409469127655
-0.07902423292398451
-0.08850155770778656
-0.05994484573602676
-0.04248619824647904
-0.05972978472709656
-0.05177228897809982
-0.034854676574468606
-0.06627412140369415
-0.050646141171455376
-0.050922371447086334
-0.06308542937040329
-0.0475136935710907
-0.06622777879238129
-0.06870457530021667
-0.04875009506940842
-0.0731409341096878
-0.07722805440425871
-0.03580610081553459
-0.07706345617771149
-0.02841822803020477
-0.060423769056797035
-0.06027517467737198
-0.06262282282114029
-0.0570448637008667
-0.07669598609209059
-0.05686269700527191
-0.0559668242931366
-0.09156268835067748
-0.07846890389919281
-0.04809674620628357
-0.0402521938085556
-0.09226135909557343
-0.04261492937803269
-0.0494849905371666
-0.07105111330747604
-0.07185128331184387
-0.0173109732568264
-0.07547437399625778
-0.05355842411518097
-0.032626427710056305
-0.08690856397151947
-0.04524650424718857
-0.05086857080459595
-0.07133102416992188
-0.07214822620153427
-0.04538216069340706
-0.07200951874256134
-0.06652378290891647
-0.05680030584335327
-0.058042675256729126
-0.048605144023895264
-0.04740699008107185
-0.0457279235124588
-0.07955394685268402
-0.051423050463199615
-0.024484980851411816
-0.03910829499363899
-0.07085352391004561
-0.03823017328977585
-0.04621182382106781
-0.04804983362555504
-0.06883446872234344
-0.048425726592540734
-0.052151039242744446
-0.05918918550014496
-0.08816798031330109
-0.06255275011062622
-0.04838164895772933
-0.04988868534564972
-0.03893369063735008
-0.06642591208219528
-0.042806513607501984
-0.05201743543148041
-0.04778706282377243
-0.03318704664707184
-0.06065624952316284
-0.03517946973443031
-0.016156889498233795
-0.06639603525400162
-0.039992302656173706
-0.07376542687416077
-0.061799630522727966
-0.0380428321659565
-0.08813484013080597
-0.015471632592380047
-0.032470911741256714
-0.05189874768257141
-0.02233684435486793
-0.016658715903759003
-0.022684037685394287
-0.0948786586523056
-0.020207338035106655
-0.03947045654058456
-0.04656274616718292
-0.0464838482439518
-0.06104227155447006
-0.10987841337919237
-0.09003566205501555
-0.06812863051891327
-0.04249492660164833
-0.09909766912460329
-0.028408359736204147
-0.04539833217859268
-0.07007089257240295
-0.07540149986743927
-0.06798636168241501
-0.10209035128355026
-0.032929472625255585
-0.05738098174333572
-0.04484890401363373
-0.07385487854480742
-0.020475246012210842
-0.0416097603738308
-0.0557992085814476
-0.0597892627120018
-0.07319312542676924
-0.05347248911857605
-0.052223294973373406
-0.09160349518060684
-0.06261126697063446
-0.043846458196640015
-0.049776479601860046
-0.06739331781864166
-0.06004339456558228
-0.0392264686524868
-0.0689287930727005
-0.03276822715997696
-0.0706019476056099
-0.03479655832052231
-0.048674710094928735
-0.05690184235572815
-0.07694736123085022
-0.06344963610172272
-0.0719064325094223
-0.060498565435409546
-0.08185436576604843
-0.03857000917196274
-0.07754010707139967
-0.08859284967184065
-0.011801389046013355
-0.052867360413074486
-0.04914864897727966
-0.03344719111919403
-0.06578090786933899
-0.015152809210121632
-0.044425476342439645
-0.0442301407456398
-0.01605234667658806
-0.09870517253875731
-0.07558801025152206
-0.09339165687561037
-0.04654330387711525
-0.02987717837095261
-0.06297503411769867
-0.06858062744140625
-0.03510601818561553
-0.05076929181814194
-0.022407252341508865
-0.06053607910871506
-0.03610827401280403
-0.09623902291059494
-0.048686549067497246
-0.06737935543060303
-0.07103128731250763
-0.07142476737499237
-0.02890079468488693
-0.07289868593215942
-0.051943406462669366
-0.023439817130565643
-0.049959972500801086
-0.0967104434967041
-0.06991046667098999
-0.08121486008167267
-0.05433369427919388
-0.04610684514045715
-0.04659271985292435
-0.07424879074096678
-0.06846055388450623
-0.08993621915578842
-0.06408977508544922
-0.07809247821569441
-0.04735098779201508
-0.05087608844041824
-0.040987707674503326
-0.06232669204473496
-0.04675930365920066
-0.07645361125469206
-0.053581729531288154
-0.046873897314071655
-0.047118350863456726
-0.04159838706254959
-0.04338414967060089
-0.0905802845954895
-0.07680980116128922
-0.051104240119457245
-0.0652078315615654
-0.06282785534858704
-0.042872130870819085
-0.09600593894720076
-0.05101975053548813
-0.07080410420894623
-0.07272882759571075
-0.044958651065826416
-0.0441809669137001
-0.038931902498006814
-0.04304813966155052
-0.05403641611337662
-0.03910025954246521
-0.0862591713666916
-0.021435588598251343
-0.03678911179304122
-0.05442723631858826
-0.035737216472625725
-0.02376879379153252
-0.09012436121702194
-0.05500858277082443
-0.02478038892149925
-0.020936474204063412
-0.045630335807800286
-0.051898762583732605
-0.031442414969205856
-0.04292213171720505
-0.07117079198360443
-0.0689152404665947
-0.0404045395553112
-0.1168135404586792
-0.03715343028306961
-0.05035574734210968
-0.03185339272022247
-0.1185784488916397
-0.05156794190406799
-0.03476528078317642
-0.07970310747623444
-0.07064634561538696
-0.09226598590612413
-0.03441666811704636
-0.025764837861061096
-0.09576473385095596
-0.05964633822441101
-0.033528462052345276
-0.05223490297794343
-0.023736655712127686
-0.030582781881093975
-0.06500456482172012
-0.05157633125782013
-0.04728652536869049
-0.058235324919223785
-0.07197676599025726
-0.05410517752170563
-0.06900545209646225
-0.08995580673217773
-0.0658448338508606
-0.05879448354244232
-0.04706303402781487
-0.06071487069129944
-0.058401718735694885
-0.0898067057132721
-0.08272463083267213
-0.07243420183658598
-0.03124905377626419
-0.0388532280921936
-0.015805434435606003
-0.032583244144916534
-0.044188790023326874
-0.08653220534324646
-0.041167385876178735
-0.047334782779216766
-0.04904869943857193
-0.06615014374256134
-0.08913379162549971
-0.06326407194137573
-0.08049473166465758
-0.009570573456585407
-0.02090348303318024
-0.04447057843208313
-0.07543705403804779
-0.007501003332436083
-0.030005794018507004
-0.07232633233070372
-0.040954094380140305
-0.04362078011035919
-0.06937695294618607
-0.02738504856824875
-0.060893237590789795
-0.03355874866247177
-0.06465580314397812
-0.07507211714982985
-0.05482277274131775
-0.07934550940990448
-0.029885560274124146
-0.0787513330578804
-0.02192005515098572
-0.04510075598955154
-0.009383958764374256
-0.022114071995019913
-0.07296168804168701
-0.025377042591571808
-0.06126019358634949
-0.001243332400918007
-0.06779978424310684
-0.03850198909640312
-0.010898799635469912
-0.063328817486763
-0.06701173633337021
-0.032907918095588684
-0.08723537623882292
-0.07173117995262146
-0.052273236215114594
-0.06712213158607483
-0.04237335547804832
-0.05251812934875488
-0.04986005276441574
-0.03789309412240982
-0.02847381681203842
-0.06550094485282898
-0.07913845777511597
-0.03922460973262786
-0.06133270263671875
-0.042382847517728806
-0.06472349166870117
-0.018498353660106655
-0.0590231716632843
-0.05737929046154022
-0.053539782762527466
-0.0652761459350586
-0.06578728556632996
-0.058619096875190735
-0.07052771747112274
-0.09170085936784744
-0.08116203546524048
-0.04240464046597481
-0.04481857642531394
-0.03058798238635063
-0.014419213868677616
-0.01932186633348465
-0.0724185034632683
-0.055814824998378754
-0.0402577742934227
-0.07815009355545045
-0.04456499591469765
-0.08143824338912964
-0.0623662993311882
-0.07033518701791763
-0.0589473769068718
-0.04559386521577835
