3.710631132125854492e-01,5.039268732070922852e-01,3.363717794418334961e-01,4.285600483417510986e-01,3.861569762229919434e-01,4.106982648372650146e-01,3.912770748138427734e-01,3.884196281433105469e-01,4.000144600868225098e-01,3.956367075443267822e-01,3.959541618824005127e-01,4.126687347888946533e-01,4.246308207511901855e-01,4.086554646492004395e-01,4.434324502944946289e-01,4.090679287910461426e-01,2.947916388511657715e-01,3.706170916557312012e-01,3.909637928009033203e-01,4.025316536426544189e-01,4.122190177440643311e-01,4.013375043869018555e-01,4.237143099308013916e-01,4.121802747249603271e-01,3.395782709121704102e-01,3.638277947902679443e-01,4.189503192901611328e-01,3.802027404308319092e-01,4.173079133033752441e-01,4.013251662254333496e-01,4.086909294128417969e-01,3.984600901603698730e-01,4.048856496810913086e-01,4.500977396965026855e-01,3.185334205627441406e-01,3.926065564155578613e-01,3.074101209640502930e-01,3.895704150199890137e-01,3.416143059730529785e-01,3.948248922824859619e-01,3.539873361587524414e-01,4.147638082504272461e-01,4.228014349937438965e-01,4.675648212432861328e-01,3.888475298881530762e-01,3.885828256607055664e-01,2.999159097671508789e-01,4.755062460899353027e-01,3.834203481674194336e-01,3.890849649906158447e-01,3.980750143527984619e-01,3.850196897983551025e-01,4.191406369209289551e-01,3.979566693305969238e-01,3.302607536315917969e-01,4.375099241733551025e-01,4.256529808044433594e-01,4.125204086303710938e-01,3.772808313369750977e-01,4.308363795280456543e-01,4.103619456291198730e-01,3.820687532424926758e-01,4.350422620773315430e-01,3.906625211238861084e-01,3.538767993450164795e-01,4.126027822494506836e-01,4.054885506629943848e-01,4.200507402420043945e-01,3.958954811096191406e-01,4.153247475624084473e-01,4.059303402900695801e-01,3.945335745811462402e-01,4.175051450729370117e-01,3.693881630897521973e-01,4.033510088920593262e-01,3.971890211105346680e-01,4.153491854667663574e-01,3.998047113418579102e-01,3.733879923820495605e-01,4.552090466022491455e-01,3.594351410865783691e-01,4.251240193843841553e-01,3.473489284515380859e-01,3.751053214073181152e-01,3.043912947177886963e-01,4.237253069877624512e-01,3.737623095512390137e-01,3.842965364456176758e-01,3.813858628273010254e-01,3.951344490051269531e-01,4.010440707206726074e-01,4.074811339378356934e-01,3.759241104125976562e-01,4.132719635963439941e-01,4.310772418975830078e-01,4.498223960399627686e-01,3.512581288814544678e-01,3.837860822677612305e-01,4.905784726142883301e-01,3.674349784851074219e-01,4.455877840518951416e-01,4.007258713245391846e-01,4.162672162055969238e-01,2.792298495769500732e-01,4.432900547981262207e-01,4.147642850875854492e-01,4.203451275825500488e-01,3.950205445289611816e-01,3.941183090209960938e-01,4.163101911544799805e-01,3.945999741554260254e-01,3.750829994678497314e-01,3.882655501365661621e-01,3.508443236351013184e-01,3.533633947372436523e-01,4.015555381774902344e-01,4.184000194072723389e-01,4.342480897903442383e-01,3.840254247188568115e-01,4.269557893276214600e-01,3.883756995201110840e-01,4.036553204059600830e-01,3.883811533451080322e-01,4.219101667404174805e-01,3.831182420253753662e-01,3.587765693664550781e-01,3.868626356124877930e-01,3.714306354522705078e-01,4.227728843688964844e-01,3.917641043663024902e-01,4.023424386978149414e-01,3.912544548511505127e-01,4.120324850082397461e-01,3.916479051113128662e-01,3.836495578289031982e-01,4.012973904609680176e-01,3.410858511924743652e-01,4.130784273147583008e-01,3.870769143104553223e-01,4.514597654342651367e-01,3.496667742729187012e-01,4.222602248191833496e-01,4.359424114227294922e-01,3.996535241603851318e-01,4.088947772979736328e-01,4.514905810356140137e-01,4.185067713260650635e-01,3.862153887748718262e-01,3.830800652503967285e-01,3.285580873489379883e-01,3.597868680953979492e-01,3.576517105102539062e-01,4.271256327629089355e-01,4.228558540344238281e-01,4.535447955131530762e-01,4.577990472316741943e-01,3.762877583503723145e-01,3.637825548648834229e-01,3.447471261024475098e-01,3.945080041885375977e-01,4.326690435409545898e-01,3.976389169692993164e-01,4.060167074203491211e-01,3.892104923725128174e-01,4.030598402023315430e-01,4.170475006103515625e-01,4.611639678478240967e-01,4.492617249488830566e-01,3.764952719211578369e-01,4.282057285308837891e-01,4.681263566017150879e-01,4.191029965877532959e-01,3.977049291133880615e-01,4.272445440292358398e-01,4.247723817825317383e-01,4.319397807121276855e-01,4.310624599456787109e-01,4.494416117668151855e-01,4.154551625251770020e-01,4.440032243728637695e-01,4.106646180152893066e-01,3.853610455989837646e-01,3.575410246849060059e-01,4.248346984386444092e-01,3.943916559219360352e-01,3.275558948516845703e-01,4.043682217597961426e-01,4.004086852073669434e-01,4.384217858314514160e-01,3.254370093345642090e-01,3.704438805580139160e-01,3.602503538131713867e-01,3.763030767440795898e-01,4.273647069931030273e-01,4.084244072437286377e-01,3.976757526397705078e-01,4.100187420845031738e-01,3.993622660636901855e-01,4.137008190155029297e-01,3.984201848506927490e-01,4.072377085685729980e-01,3.506213426589965820e-01,4.449266791343688965e-01,4.120920896530151367e-01,4.566890597343444824e-01,3.242059350013732910e-01,3.929110169410705566e-01,3.937646150588989258e-01,3.946361541748046875e-01,4.299969077110290527e-01,4.338415265083312988e-01,4.030779004096984863e-01,3.323997259140014648e-01,3.943141102790832520e-01,3.815855085849761963e-01,3.272255361080169678e-01,3.713597655296325684e-01,4.058130979537963867e-01,4.104779362678527832e-01,3.217933475971221924e-01,3.482472896575927734e-01,3.811343312263488770e-01,3.742779493331909180e-01,4.288530349731445312e-01,3.801317811012268066e-01,3.812204599380493164e-01,4.199452400207519531e-01,4.255183041095733643e-01,3.396893739700317383e-01,3.830645680427551270e-01,4.073284268379211426e-01,3.504692018032073975e-01,3.491304516792297363e-01,4.560233354568481445e-01,4.324502944946289062e-01,3.840751647949218750e-01,4.115686714649200439e-01,3.879669904708862305e-01,4.282104969024658203e-01,3.643270730972290039e-01,4.006952643394470215e-01,4.022393226623535156e-01,4.106927514076232910e-01,3.717009425163269043e-01,3.936670124530792236e-01,3.565453290939331055e-01,4.194634556770324707e-01,3.307818174362182617e-01,4.047637283802032471e-01,4.103483259677886963e-01,3.981170654296875000e-01,4.223073720932006836e-01,3.617012798786163330e-01,4.156820476055145264e-01,4.071933031082153320e-01,3.219134211540222168e-01,3.884535431861877441e-01,3.800898194313049316e-01,4.079120457172393799e-01,4.206413030624389648e-01,3.960201442241668701e-01,3.337287604808807373e-01,4.233008623123168945e-01,4.234240949153900146e-01,3.873397111892700195e-01,4.194065332412719727e-01,3.889010548591613770e-01,4.099937677383422852e-01,3.280335962772369385e-01,3.752339482307434082e-01,3.258476853370666504e-01,4.085392057895660400e-01,3.643068075180053711e-01,3.968423604965209961e-01,3.483058810234069824e-01,3.435697257518768311e-01,3.589718937873840332e-01,3.880375623703002930e-01,4.032199382781982422e-01,4.150016307830810547e-01,3.708713650703430176e-01,4.105103611946105957e-01,3.450673818588256836e-01,4.192595779895782471e-01,4.203798472881317139e-01,3.616717457771301270e-01,4.628584384918212891e-01,3.720682263374328613e-01,3.452410697937011719e-01,4.342632293701171875e-01,4.415671229362487793e-01,4.257312119007110596e-01,4.425579905509948730e-01,4.135699272155761719e-01,3.721049129962921143e-01,3.930327296257019043e-01,4.157732427120208740e-01,3.983780741691589355e-01,4.051449596881866455e-01,4.140000641345977783e-01,4.324748218059539795e-01,3.547534346580505371e-01,3.625578582286834717e-01,3.743639588356018066e-01,3.897492885589599609e-01,3.942291736602783203e-01,3.820516765117645264e-01,3.374122977256774902e-01,4.118864238262176514e-01,3.699673712253570557e-01,3.535463809967041016e-01,4.042592048645019531e-01,3.916443586349487305e-01,4.111226797103881836e-01,4.319529235363006592e-01,4.453935623168945312e-01,3.388532400131225586e-01,4.473363757133483887e-01,3.687482178211212158e-01,4.092890620231628418e-01,3.778208196163177490e-01,3.795966506004333496e-01,4.134650826454162598e-01,3.468991219997406006e-01,4.188918471336364746e-01,3.303268849849700928e-01,3.560793399810791016e-01,3.903814554214477539e-01,3.661872148513793945e-01,4.019541144371032715e-01,3.512093126773834229e-01,4.443349540233612061e-01,3.874729573726654053e-01,3.758797049522399902e-01,3.974841535091400146e-01,3.974787592887878418e-01,3.548693656921386719e-01,4.141287207603454590e-01,4.137162864208221436e-01,3.919003307819366455e-01,3.425716459751129150e-01,3.698550760746002197e-01,3.677485883235931396e-01,4.469156861305236816e-01,4.136788249015808105e-01,4.196040034294128418e-01,3.801172375679016113e-01,3.967782855033874512e-01,4.421765208244323730e-01,3.959556221961975098e-01,4.111649394035339355e-01,4.201655685901641846e-01,3.553432226181030273e-01,3.806870579719543457e-01,4.115259051322937012e-01,3.662636876106262207e-01,3.956414461135864258e-01,3.733486235141754150e-01,3.456336259841918945e-01,3.938733637332916260e-01,3.857623636722564697e-01,4.184194803237915039e-01,3.186158239841461182e-01,3.977919518947601318e-01,4.525365233421325684e-01,3.440405130386352539e-01,3.938252627849578857e-01,3.686569631099700928e-01,3.911466598510742188e-01,2.814677357673645020e-01,3.624719083309173584e-01,4.173212647438049316e-01,3.536296486854553223e-01,3.007081151008605957e-01,3.297974169254302979e-01,4.043529033660888672e-01,4.067240059375762939e-01,2.934460639953613281e-01,3.207719326019287109e-01,4.164276719093322754e-01,4.021417498588562012e-01,4.084033370018005371e-01,4.399052858352661133e-01,3.805283904075622559e-01,3.745116293430328369e-01,4.490103721618652344e-01,3.777033388614654541e-01,4.024077057838439941e-01,3.969664275646209717e-01,4.209308028221130371e-01,4.262457489967346191e-01,4.040076732635498047e-01,3.520989418029785156e-01,4.038907289505004883e-01,3.882303833961486816e-01,4.428742825984954834e-01,3.990498185157775879e-01,3.931446075439453125e-01,3.477096557617187500e-01,4.134120345115661621e-01,4.125173687934875488e-01,3.920421004295349121e-01,4.340432882308959961e-01,3.480820059776306152e-01,4.148895144462585449e-01,4.089626073837280273e-01,3.937126100063323975e-01,4.200404882431030273e-01,3.984576761722564697e-01,3.132337927818298340e-01,4.055344164371490479e-01,4.265800714492797852e-01,3.677662312984466553e-01,3.173092603683471680e-01,4.040201902389526367e-01,3.655675649642944336e-01,4.497466385364532471e-01,4.169497489929199219e-01,4.069516062736511230e-01,4.148702323436737061e-01,3.662078380584716797e-01,4.493578672409057617e-01,3.820385932922363281e-01,4.064372181892395020e-01,3.890668153762817383e-01,3.852240741252899170e-01,3.487487137317657471e-01,3.963254690170288086e-01,3.736680746078491211e-01,3.741237521171569824e-01,4.034618735313415527e-01,4.042845368385314941e-01,4.339300990104675293e-01,3.775981068611145020e-01,3.538504242897033691e-01,3.639574646949768066e-01,4.330335259437561035e-01,4.298648834228515625e-01,4.088155031204223633e-01,4.624819159507751465e-01,4.007680714130401611e-01,4.156020879745483398e-01,3.908155560493469238e-01,4.021407365798950195e-01,3.243083953857421875e-01,3.921281397342681885e-01,4.075689315795898438e-01,3.892769217491149902e-01,4.015866518020629883e-01,3.183330297470092773e-01,3.732513487339019775e-01,4.025468826293945312e-01,4.371389150619506836e-01,3.684802055358886719e-01,3.876012563705444336e-01,3.572615683078765869e-01,3.987961411476135254e-01,3.712766766548156738e-01,3.786976933479309082e-01,3.625770211219787598e-01,3.829841017723083496e-01,4.185270667076110840e-01,4.534649848937988281e-01,3.803709745407104492e-01,3.883103728294372559e-01,4.190031588077545166e-01,4.580932259559631348e-01,4.083047509193420410e-01,4.073411822319030762e-01,3.932838737964630127e-01,4.191986620426177979e-01,3.907737433910369873e-01,3.651038706302642822e-01,4.291319847106933594e-01,4.016016721725463867e-01,3.639585375785827637e-01,3.498460054397583008e-01,2.937937378883361816e-01,3.947323858737945557e-01,4.559500217437744141e-01,3.803312182426452637e-01,3.949576914310455322e-01,3.534616231918334961e-01,4.209383130073547363e-01,3.880600333213806152e-01,3.386846780776977539e-01,4.535158872604370117e-01,4.376683235168457031e-01,3.485985398292541504e-01,4.047502577304840088e-01,3.496864438056945801e-01,4.171494841575622559e-01,3.662245869636535645e-01,4.643177986145019531e-01,3.873672485351562500e-01,3.308046162128448486e-01,3.533571362495422363e-01,3.802486360073089600e-01,4.378288388252258301e-01,4.727059006690979004e-01,3.895253539085388184e-01,3.278562128543853760e-01,3.791794776916503906e-01,4.156351089477539062e-01,4.282067418098449707e-01,3.961534500122070312e-01,4.257972240447998047e-01,3.373506069183349609e-01,3.263181746006011963e-01,4.200857281684875488e-01,4.017904400825500488e-01,3.738490939140319824e-01,4.212545752525329590e-01,4.216354489326477051e-01,4.334425330162048340e-01,4.343520402908325195e-01,4.088196158409118652e-01,4.052078723907470703e-01,4.113004207611083984e-01,3.734991550445556641e-01,3.791893720626831055e-01,4.340628981590270996e-01,3.452216386795043945e-01,2.888163626194000244e-01,4.052299261093139648e-01,3.724902868270874023e-01,4.298395514488220215e-01,4.058222770690917969e-01,3.777520656585693359e-01,3.787822425365447998e-01,3.327966332435607910e-01,3.915535509586334229e-01,3.347612917423248291e-01,4.072848260402679443e-01,4.018828570842742920e-01,3.751005530357360840e-01,3.297894001007080078e-01,4.662980139255523682e-01,3.393290042877197266e-01,3.695752620697021484e-01,3.575013279914855957e-01,4.306719303131103516e-01,3.616150021553039551e-01,4.154870510101318359e-01,3.696615397930145264e-01,3.715853393077850342e-01,4.448865652084350586e-01,4.114810228347778320e-01,3.875526487827301025e-01,3.934840559959411621e-01,3.912919759750366211e-01,4.296148419380187988e-01,4.292365610599517822e-01,3.794270157814025879e-01,3.869970440864562988e-01,4.387502670288085938e-01,3.514693975448608398e-01,3.763365149497985840e-01,4.020420312881469727e-01,4.117182195186614990e-01,4.281365871429443359e-01,4.146083593368530273e-01,3.764693737030029297e-01,4.291612505912780762e-01,3.255754113197326660e-01,3.791876137256622314e-01,3.931447863578796387e-01,4.293036162853240967e-01,4.346795082092285156e-01,4.092109203338623047e-01,3.862153887748718262e-01,4.134699106216430664e-01,3.543809950351715088e-01,4.300632476806640625e-01,3.930115997791290283e-01,4.125951230525970459e-01,3.746587038040161133e-01,3.227441012859344482e-01,3.766654729843139648e-01,4.494729042053222656e-01,3.809733688831329346e-01,4.034817218780517578e-01,4.322288036346435547e-01,3.794750869274139404e-01,3.440200984477996826e-01,4.153075218200683594e-01,3.899255990982055664e-01,3.783290982246398926e-01,4.457134604454040527e-01,3.548650145530700684e-01,3.730297684669494629e-01,4.019309580326080322e-01,4.229517579078674316e-01,4.365831017494201660e-01,3.431366086006164551e-01,3.740946650505065918e-01,3.609655499458312988e-01,3.816400766372680664e-01,3.470467329025268555e-01,3.793619275093078613e-01,3.390990793704986572e-01,3.822816610336303711e-01,3.218389749526977539e-01,4.332796931266784668e-01,3.885031342506408691e-01,3.534739017486572266e-01,3.942837715148925781e-01,4.131245315074920654e-01,3.658356368541717529e-01,3.446400761604309082e-01,3.924143910408020020e-01,3.547677397727966309e-01,3.851933479309082031e-01,4.042896926403045654e-01,4.252245426177978516e-01,3.315941691398620605e-01,3.889191746711730957e-01,3.537348806858062744e-01,4.258458018302917480e-01,4.510924220085144043e-01,3.468878269195556641e-01,3.653130829334259033e-01,3.761927783489227295e-01,4.205957949161529541e-01,3.974190056324005127e-01,3.861968517303466797e-01,3.971779644489288330e-01,3.814638853073120117e-01,3.740419745445251465e-01,4.463855624198913574e-01,3.882553577423095703e-01,3.696880936622619629e-01,3.428758382797241211e-01,3.908325731754302979e-01,4.310658574104309082e-01,3.409381508827209473e-01,4.313959777355194092e-01,3.351662755012512207e-01,3.930162787437438965e-01,4.146608114242553711e-01,3.445661962032318115e-01,4.072940051555633545e-01,3.907721340656280518e-01,4.258358478546142578e-01,4.192222356796264648e-01,4.084922075271606445e-01,3.936918973922729492e-01,3.899496197700500488e-01,4.073142409324645996e-01,4.609152674674987793e-01,3.566073775291442871e-01,3.206501603126525879e-01,4.221287369728088379e-01,3.899739980697631836e-01,3.315543532371520996e-01,3.433434963226318359e-01,4.116058647632598877e-01,3.515367507934570312e-01,4.134029746055603027e-01,4.491680860519409180e-01,4.006227254867553711e-01,3.662579357624053955e-01,3.947527706623077393e-01,3.618771433830261230e-01,3.915118575096130371e-01,4.432238042354583740e-01,3.283902406692504883e-01,3.935857713222503662e-01,4.170734882354736328e-01,4.774760603904724121e-01,3.104724287986755371e-01,3.926999270915985107e-01,4.125789105892181396e-01,4.789772033691406250e-01,3.651843070983886719e-01,4.134751856327056885e-01,4.012003242969512939e-01,4.151141643524169922e-01,4.090961217880249023e-01,3.837270140647888184e-01,3.309134840965270996e-01,3.578320145606994629e-01,3.870075643062591553e-01,3.291784226894378662e-01,3.087403178215026855e-01,3.551318049430847168e-01,3.892616331577301025e-01,3.938279747962951660e-01,3.135230243206024170e-01,3.961848616600036621e-01,3.958844542503356934e-01,4.335626959800720215e-01,4.239963293075561523e-01,3.975735902786254883e-01,3.724502623081207275e-01,3.740537166595458984e-01,4.459229707717895508e-01,3.782671689987182617e-01,4.094421863555908203e-01,4.739642739295959473e-01,4.522020220756530762e-01,4.040531218051910400e-01,3.896329104900360107e-01,3.799892067909240723e-01,3.630941212177276611e-01,3.868314027786254883e-01,3.860594630241394043e-01,3.236927390098571777e-01,4.369621276855468750e-01,3.862582743167877197e-01,4.706247448921203613e-01,4.616466164588928223e-01,4.130792617797851562e-01,4.260427355766296387e-01,4.274902343750000000e-01,2.961519062519073486e-01,3.980494141578674316e-01,3.146962523460388184e-01,3.458975553512573242e-01,3.954674899578094482e-01,3.504506349563598633e-01,4.086089730262756348e-01,4.218010306358337402e-01,3.817616701126098633e-01,3.562838137149810791e-01,3.797122240066528320e-01,4.022774100303649902e-01,4.391041994094848633e-01,3.332155644893646240e-01,2.881153225898742676e-01,3.413276374340057373e-01,3.009433746337890625e-01,3.978943824768066406e-01,3.438304960727691650e-01,4.284897446632385254e-01,3.203448653221130371e-01,4.016805291175842285e-01,3.768160939216613770e-01,4.131329059600830078e-01,4.248327612876892090e-01,3.966461122035980225e-01,3.504018187522888184e-01,4.227773547172546387e-01,3.466746807098388672e-01,4.437690079212188721e-01,4.073534309864044189e-01,4.209694266319274902e-01,4.081541299819946289e-01,3.162186443805694580e-01,4.205117523670196533e-01,4.225947558879852295e-01,3.808988034725189209e-01,4.009419083595275879e-01,3.983312249183654785e-01,4.208628535270690918e-01,3.840245008468627930e-01,4.357744753360748291e-01,4.304041266441345215e-01,3.558633029460906982e-01,3.236924707889556885e-01,3.765638768672943115e-01,3.304216861724853516e-01,3.424097001552581787e-01,3.978392779827117920e-01,4.096369743347167969e-01,3.987082242965698242e-01,3.801596760749816895e-01,3.988416194915771484e-01,4.635422229766845703e-01,4.646170735359191895e-01,4.365939795970916748e-01,4.504947066307067871e-01,3.788763880729675293e-01,4.475206136703491211e-01,3.629298508167266846e-01,3.268276453018188477e-01,4.017123878002166748e-01,3.247138559818267822e-01,4.772439599037170410e-01,3.861714899539947510e-01,3.579545021057128906e-01,3.238933980464935303e-01,3.846702277660369873e-01,3.918933272361755371e-01,3.701035082340240479e-01,4.081670641899108887e-01,3.477190434932708740e-01,4.207796156406402588e-01,4.002558588981628418e-01,3.710268437862396240e-01,3.947415351867675781e-01,3.888909816741943359e-01,3.899596929550170898e-01,3.815198242664337158e-01,3.706113696098327637e-01,3.896507918834686279e-01,3.516716957092285156e-01,3.482635021209716797e-01,4.286106824874877930e-01,3.870854377746582031e-01,4.259006381034851074e-01,3.702315390110015869e-01,3.863555192947387695e-01,3.583558201789855957e-01,3.311017155647277832e-01,3.687831759452819824e-01,3.999393880367279053e-01,4.434020519256591797e-01,4.120809435844421387e-01,3.801420331001281738e-01,4.087814092636108398e-01,3.815868496894836426e-01,3.694185316562652588e-01,3.829399049282073975e-01,4.528368115425109863e-01,3.383872807025909424e-01,4.352577328681945801e-01,4.456617832183837891e-01,4.647892415523529053e-01,3.669147491455078125e-01,3.646358549594879150e-01,4.074592590332031250e-01,4.077236056327819824e-01,3.599432408809661865e-01,4.159658551216125488e-01,3.261310756206512451e-01,3.750507235527038574e-01,3.705107569694519043e-01,4.019753336906433105e-01,3.506779074668884277e-01,3.685000836849212646e-01,3.771606385707855225e-01,4.300059676170349121e-01,4.685409665107727051e-01,3.098307251930236816e-01,3.732995390892028809e-01,4.134016931056976318e-01,3.895238041877746582e-01,3.990615904331207275e-01,3.746691346168518066e-01,3.931962847709655762e-01,4.283753931522369385e-01,3.921545147895812988e-01,2.841881513595581055e-01,3.862971067428588867e-01,4.148929119110107422e-01,4.034149646759033203e-01,3.758151531219482422e-01,4.504075050354003906e-01,3.469812273979187012e-01,3.583840727806091309e-01,3.340679407119750977e-01,3.705615103244781494e-01,3.603899180889129639e-01,3.832949399948120117e-01,4.416434168815612793e-01,4.346779584884643555e-01,3.905360102653503418e-01,4.576975405216217041e-01,3.899271488189697266e-01,4.767033457756042480e-01,4.303730130195617676e-01,3.780887424945831299e-01,2.606016397476196289e-01,3.780135214328765869e-01,4.012260138988494873e-01,4.021171033382415771e-01,3.721140027046203613e-01,3.841880559921264648e-01,4.191573262214660645e-01,3.466957509517669678e-01,4.127604961395263672e-01,4.258065819740295410e-01,3.701432943344116211e-01,3.260521292686462402e-01,4.750061035156250000e-01,3.929334282875061035e-01,4.126392900943756104e-01,3.394147753715515137e-01,3.803865313529968262e-01,3.480032384395599365e-01,3.901901245117187500e-01,3.901089429855346680e-01,3.372107148170471191e-01,3.987653255462646484e-01,4.153497219085693359e-01,3.699535131454467773e-01,4.162776768207550049e-01,4.005203843116760254e-01,3.566074669361114502e-01,4.015688896179199219e-01,4.266968369483947754e-01,3.993902802467346191e-01,3.905524015426635742e-01,4.512155652046203613e-01,3.998872637748718262e-01,4.374109506607055664e-01,3.927449584007263184e-01,3.911684155464172363e-01,3.908914625644683838e-01,3.668533563613891602e-01,4.113282561302185059e-01,3.868819177150726318e-01,2.848213016986846924e-01,4.097751379013061523e-01,3.853855729103088379e-01,3.586955666542053223e-01,3.764709830284118652e-01,4.165042042732238770e-01,4.344297647476196289e-01,4.342954456806182861e-01,4.545814692974090576e-01,4.208617806434631348e-01,3.194343447685241699e-01,3.582370877265930176e-01,4.093854129314422607e-01,3.954252004623413086e-01,4.360068738460540771e-01,4.188326001167297363e-01,3.507342934608459473e-01,4.243195354938507080e-01,4.019349217414855957e-01,4.049587845802307129e-01,4.205631315708160400e-01,4.112195968627929688e-01,4.098108410835266113e-01,4.117892980575561523e-01,3.718454241752624512e-01,4.469203352928161621e-01,3.322095274925231934e-01,4.096947908401489258e-01,4.254337251186370850e-01,2.682548463344573975e-01,3.329936265945434570e-01,4.271967411041259766e-01,3.359782099723815918e-01,2.881597876548767090e-01,4.177168607711791992e-01,4.125186204910278320e-01,3.761101067066192627e-01,4.117462038993835449e-01,3.486336469650268555e-01,3.950378298759460449e-01,4.283046722412109375e-01,3.650076389312744141e-01,4.427033364772796631e-01,4.029464125633239746e-01,3.590475320816040039e-01,4.025871455669403076e-01,3.752521872520446777e-01,4.613003134727478027e-01,4.026034176349639893e-01,4.520360827445983887e-01,3.536542356014251709e-01,4.287281930446624756e-01,4.217447638511657715e-01,3.939472734928131104e-01,4.494141936302185059e-01,3.541294038295745850e-01,3.678427338600158691e-01,3.924077451229095459e-01,3.814070522785186768e-01,3.297373056411743164e-01,4.390275478363037109e-01,3.793617784976959229e-01,3.954777121543884277e-01,4.144803881645202637e-01,3.523842394351959229e-01,4.117016792297363281e-01,2.755762040615081787e-01,3.609733879566192627e-01,4.269586801528930664e-01,3.967045247554779053e-01,4.608256220817565918e-01,3.889582455158233643e-01,3.074118494987487793e-01,4.092202782630920410e-01,3.819079101085662842e-01,4.176821708679199219e-01,4.384967684745788574e-01,4.030517041683197021e-01,3.862173557281494141e-01,4.056674838066101074e-01,4.018656611442565918e-01,3.385270833969116211e-01,3.684290945529937744e-01,3.836361169815063477e-01,3.990278840065002441e-01,3.917400836944580078e-01,3.995782732963562012e-01,4.023198783397674561e-01,4.645552039146423340e-01,4.303768873214721680e-01,3.747615814208984375e-01,3.844751715660095215e-01,4.066486358642578125e-01,4.207340478897094727e-01,3.891477882862091064e-01,4.494156539440155029e-01,3.553390502929687500e-01,3.994826972484588623e-01,2.845986187458038330e-01,3.758136332035064697e-01,3.525450825691223145e-01,4.085519313812255859e-01,2.715835571289062500e-01,3.962381184101104736e-01,3.780040740966796875e-01,3.571112155914306641e-01,4.513088464736938477e-01,3.270736336708068848e-01,3.804568648338317871e-01,4.389195144176483154e-01,3.695279657840728760e-01,4.118993282318115234e-01,2.903419137001037598e-01,3.726777434349060059e-01,3.637667298316955566e-01,4.001414775848388672e-01,3.681495785713195801e-01,3.564184308052062988e-01,4.131406545639038086e-01,3.681461215019226074e-01,3.952916860580444336e-01,4.149342775344848633e-01,3.459638953208923340e-01,4.116668105125427246e-01,3.857103586196899414e-01,4.150524139404296875e-01,4.176684021949768066e-01,3.769275546073913574e-01,4.191201031208038330e-01,3.666520714759826660e-01,3.841733336448669434e-01,3.921464383602142334e-01,4.391485452651977539e-01,3.983822464942932129e-01,4.258308708667755127e-01,4.232498407363891602e-01,4.129818081855773926e-01,3.232097923755645752e-01,4.590684175491333008e-01,3.811019659042358398e-01,3.598595857620239258e-01,3.694915175437927246e-01,4.135874211788177490e-01,3.977521061897277832e-01,4.363941550254821777e-01,3.830808401107788086e-01,3.748712539672851562e-01,4.145725965499877930e-01,4.002083837985992432e-01,4.367549419403076172e-01,4.006603360176086426e-01,3.965653777122497559e-01,3.754920363426208496e-01,4.375925958156585693e-01,2.927088141441345215e-01,4.363990426063537598e-01,3.342573046684265137e-01,3.904461264610290527e-01,3.973205685615539551e-01,3.871310651302337646e-01,3.813622593879699707e-01,3.722953200340270996e-01,4.514113068580627441e-01,4.125553369522094727e-01,3.950546979904174805e-01,3.835709095001220703e-01,3.784340322017669678e-01,3.929626941680908203e-01,3.644711375236511230e-01,4.261802136898040771e-01,3.787942528724670410e-01,3.966520428657531738e-01,4.189245104789733887e-01,4.023073315620422363e-01,3.872971832752227783e-01,4.076349735260009766e-01,3.339925706386566162e-01,3.779183030128479004e-01,3.590037822723388672e-01,4.074842333793640137e-01,4.171116054058074951e-01,3.227135837078094482e-01,2.944704890251159668e-01,3.404716253280639648e-01,3.335773944854736328e-01,3.727743029594421387e-01,3.925217390060424805e-01,3.122657537460327148e-01,3.949744701385498047e-01,3.843080401420593262e-01,3.779767155647277832e-01,4.233134984970092773e-01,4.538387358188629150e-01,3.781889081001281738e-01,3.672729134559631348e-01,4.118754863739013672e-01,4.001632332801818848e-01,3.944960236549377441e-01,3.729502558708190918e-01,4.069075584411621094e-01,4.124359488487243652e-01,3.751603066921234131e-01,4.259643554687500000e-01,3.086781799793243408e-01,3.527550995349884033e-01,4.207493662834167480e-01,3.883312344551086426e-01,3.316752910614013672e-01,3.568166196346282959e-01,4.017000794410705566e-01,3.994941711425781250e-01,3.902888298034667969e-01,4.263857603073120117e-01,4.022271931171417236e-01,3.562931716442108154e-01,3.573710918426513672e-01,3.890112638473510742e-01,3.883509337902069092e-01,3.739381730556488037e-01,4.487335383892059326e-01,3.692908287048339844e-01,3.808320164680480957e-01,4.269284307956695557e-01,3.679928779602050781e-01,3.169851303100585938e-01,3.886173963546752930e-01,3.986923992633819580e-01,3.827900886535644531e-01,4.011060595512390137e-01,3.787921071052551270e-01,4.203872084617614746e-01,3.356107771396636963e-01,4.280641078948974609e-01,3.809960484504699707e-01,3.605980873107910156e-01,3.921663761138916016e-01,3.631592392921447754e-01,3.896771073341369629e-01,3.612092137336730957e-01,3.931980729103088379e-01,4.045870900154113770e-01,4.445950090885162354e-01,3.882651031017303467e-01,4.072399139404296875e-01,3.997493386268615723e-01,4.082082211971282959e-01,3.378764986991882324e-01,3.512003123760223389e-01,3.560531139373779297e-01,3.754291534423828125e-01,2.724144160747528076e-01,4.122241735458374023e-01,3.203117251396179199e-01,4.054216742515563965e-01,3.910109400749206543e-01,3.600889444351196289e-01,4.497486948966979980e-01,4.096299409866333008e-01,3.940305113792419434e-01,3.624152243137359619e-01,4.305653572082519531e-01,4.012819528579711914e-01,3.926206231117248535e-01,3.584761619567871094e-01,3.910706043243408203e-01,3.881362080574035645e-01,4.273467063903808594e-01,3.796525001525878906e-01,3.674616217613220215e-01,4.138401150703430176e-01,4.009943008422851562e-01,3.904221653938293457e-01,4.271315932273864746e-01,3.965039253234863281e-01,3.049486577510833740e-01,3.443222045898437500e-01,3.728434741497039795e-01,3.522750735282897949e-01,3.931328058242797852e-01,4.382309913635253906e-01,3.903163969516754150e-01,4.375213384628295898e-01,3.899090886116027832e-01,3.513532280921936035e-01,4.333340525627136230e-01,3.952686190605163574e-01,3.695106804370880127e-01,3.403546214103698730e-01,4.132520556449890137e-01,3.747929632663726807e-01,3.703696429729461670e-01,4.006965160369873047e-01,2.943410873413085938e-01,4.311789274215698242e-01,2.764904201030731201e-01,3.669423162937164307e-01,3.383377492427825928e-01,3.647233843803405762e-01,2.956591248512268066e-01,4.225753843784332275e-01,4.026619493961334229e-01,4.014553725719451904e-01,4.009944796562194824e-01,3.671036064624786377e-01,3.729885220527648926e-01,4.178268909454345703e-01,3.723137378692626953e-01,4.177591204643249512e-01,3.449668884277343750e-01,4.664980471134185791e-01,3.959707021713256836e-01,4.154933094978332520e-01,3.976920247077941895e-01,4.235400557518005371e-01,3.775224983692169189e-01,4.320218563079833984e-01,3.800321817398071289e-01,4.009974598884582520e-01,3.956148028373718262e-01,4.128234982490539551e-01,4.821068346500396729e-01,3.899301290512084961e-01,4.270392060279846191e-01,4.216929376125335693e-01,4.195749759674072266e-01,4.603683650493621826e-01,3.769388794898986816e-01,4.501578211784362793e-01,4.025003314018249512e-01,4.309353232383728027e-01,3.937522470951080322e-01,3.643772006034851074e-01,3.801867663860321045e-01,3.924471735954284668e-01,3.746389448642730713e-01,3.708446025848388672e-01,3.771291971206665039e-01,4.027675390243530273e-01,4.317781925201416016e-01,3.928436636924743652e-01,3.674911856651306152e-01,3.742504417896270752e-01,4.056611061096191406e-01,4.084723591804504395e-01,3.786948919296264648e-01,3.973565101623535156e-01,3.861298561096191406e-01,4.428450167179107666e-01,3.107680976390838623e-01,4.089638888835906982e-01,4.100308120250701904e-01,4.001866579055786133e-01,4.043402969837188721e-01,3.629699945449829102e-01,3.407796919345855713e-01,3.745964765548706055e-01,3.042649626731872559e-01,4.124550223350524902e-01,3.962236642837524414e-01,4.087738394737243652e-01,2.770718932151794434e-01,3.428024649620056152e-01,4.244010746479034424e-01,3.946260213851928711e-01,3.429354131221771240e-01,4.332708418369293213e-01,3.750241398811340332e-01,4.448057711124420166e-01,3.784329295158386230e-01,3.940711021423339844e-01,3.893585205078125000e-01,4.109507501125335693e-01,2.949926555156707764e-01,3.991497755050659180e-01,3.964819908142089844e-01,3.737608790397644043e-01,3.045217394828796387e-01,3.695552349090576172e-01,3.949009776115417480e-01,4.173655211925506592e-01,4.366362690925598145e-01,3.545741438865661621e-01,3.604589700698852539e-01,3.894691467285156250e-01,3.702590763568878174e-01,3.828685283660888672e-01,3.475922942161560059e-01,3.888439238071441650e-01,4.066369235515594482e-01,3.944823741912841797e-01,3.563953638076782227e-01,3.228933811187744141e-01,4.396556019783020020e-01,3.926464021205902100e-01,4.200595319271087646e-01,4.118833243846893311e-01,4.558882117271423340e-01,4.412101507186889648e-01,4.419053792953491211e-01,4.516075253486633301e-01,3.869986236095428467e-01,3.162735700607299805e-01,3.971545696258544922e-01,3.893200159072875977e-01,3.871319890022277832e-01,3.698267638683319092e-01,3.826132714748382568e-01,4.105026423931121826e-01,3.436097502708435059e-01,3.939628005027770996e-01,3.998628854751586914e-01,4.026486277580261230e-01,3.322753012180328369e-01,4.005504846572875977e-01,4.235681295394897461e-01,4.325787425041198730e-01,3.456055819988250732e-01,3.639921247959136963e-01,4.010124802589416504e-01,3.784070014953613281e-01,4.420841336250305176e-01,4.036054909229278564e-01,3.590605258941650391e-01,4.033431708812713623e-01,4.263922572135925293e-01,4.242014288902282715e-01,4.477602243423461914e-01,3.359307646751403809e-01,3.297595977783203125e-01,3.988959491252899170e-01,3.429787755012512207e-01,3.326486945152282715e-01,3.310064375400543213e-01,3.796760141849517822e-01,4.332993030548095703e-01,3.637210726737976074e-01,3.024637103080749512e-01,4.505711197853088379e-01,4.051551818847656250e-01,4.035724401473999023e-01,3.174331784248352051e-01,4.104824364185333252e-01,3.768236041069030762e-01,3.695772886276245117e-01,4.344145655632019043e-01,3.573129177093505859e-01,4.069310426712036133e-01,3.700133860111236572e-01,3.678343296051025391e-01,3.733285069465637207e-01,3.826178908348083496e-01,4.133943319320678711e-01,3.848145008087158203e-01,3.077904582023620605e-01,4.042535424232482910e-01,3.994634151458740234e-01,2.845371961593627930e-01,3.912361860275268555e-01,3.973664045333862305e-01,3.927723467350006104e-01,3.175091445446014404e-01,3.863188624382019043e-01,3.751217722892761230e-01,4.004204869270324707e-01,4.269799590110778809e-01,4.014347195625305176e-01,4.126486480236053467e-01,4.111625552177429199e-01,3.830404281616210938e-01,3.895107507705688477e-01,3.953529596328735352e-01,3.604226112365722656e-01,4.179014563560485840e-01,4.406047165393829346e-01,3.886527717113494873e-01,4.189700484275817871e-01,3.233920931816101074e-01,4.018944799900054932e-01,4.050419628620147705e-01,4.472758769989013672e-01,3.711560666561126709e-01,3.681536614894866943e-01,3.911121487617492676e-01,3.888272047042846680e-01,3.868292570114135742e-01,3.785040378570556641e-01,3.979828655719757080e-01,4.249502122402191162e-01,3.985264599323272705e-01,3.789783716201782227e-01,4.425966739654541016e-01,4.092357754707336426e-01,3.590094745159149170e-01,4.266915321350097656e-01,3.981588184833526611e-01,4.627978801727294922e-01,4.090570211410522461e-01,4.454606473445892334e-01,3.702822327613830566e-01,3.064258098602294922e-01,3.781005740165710449e-01,4.243927896022796631e-01,3.504163920879364014e-01,3.974857926368713379e-01,3.967195749282836914e-01,3.429865837097167969e-01,3.188102543354034424e-01,3.930577933788299561e-01,4.105993509292602539e-01,3.960775434970855713e-01,4.433040916919708252e-01,3.762658238410949707e-01,3.781280517578125000e-01,3.317501544952392578e-01,2.972330749034881592e-01,3.434177637100219727e-01,3.674993515014648438e-01,3.407821953296661377e-01,4.155214726924896240e-01,4.226376414299011230e-01,3.938205540180206299e-01,3.588621616363525391e-01,4.082628190517425537e-01,4.376377463340759277e-01,3.867861628532409668e-01,4.461183547973632812e-01,4.023974239826202393e-01,4.576908349990844727e-01,4.329762160778045654e-01,3.970074653625488281e-01,3.634842038154602051e-01,3.644464910030364990e-01,4.179592430591583252e-01,3.391610682010650635e-01,3.630120754241943359e-01,3.842476010322570801e-01,3.829419910907745361e-01,4.102127552032470703e-01,3.601143956184387207e-01,4.080072641372680664e-01,4.072718918323516846e-01,4.298061728477478027e-01,4.336464107036590576e-01,3.469677567481994629e-01,4.384238719940185547e-01,3.817375898361206055e-01,4.297121763229370117e-01,4.255375564098358154e-01,3.668829798698425293e-01,3.951036334037780762e-01,3.712104558944702148e-01,3.970078229904174805e-01,4.280309975147247314e-01,3.389490842819213867e-01,4.437773525714874268e-01,4.115237295627593994e-01,4.175816774368286133e-01,3.619775176048278809e-01,3.856483697891235352e-01,3.814901411533355713e-01,3.612159490585327148e-01,4.421065449714660645e-01,4.394338726997375488e-01,4.239726066589355469e-01,4.200577735900878906e-01,3.856341838836669922e-01,3.410789370536804199e-01,3.428770601749420166e-01,3.960505127906799316e-01,3.573527634143829346e-01,4.411223828792572021e-01,3.713859319686889648e-01,3.716385960578918457e-01,4.249169230461120605e-01,3.968030512332916260e-01,3.701377511024475098e-01,2.966421246528625488e-01,4.328235983848571777e-01,3.637076020240783691e-01,3.789574801921844482e-01,3.818470835685729980e-01,3.633104562759399414e-01,4.001584649085998535e-01,4.317192435264587402e-01,3.706685304641723633e-01,3.851040899753570557e-01,2.793741822242736816e-01,4.140142798423767090e-01,4.483567476272583008e-01,4.015354514122009277e-01,3.796404302120208740e-01,4.212234616279602051e-01,3.927133977413177490e-01,4.052821397781372070e-01,3.855081200599670410e-01,3.993480205535888672e-01,3.299789726734161377e-01,4.204599857330322266e-01,4.103792309761047363e-01,3.977385759353637695e-01,3.988307714462280273e-01,4.362373352050781250e-01,3.637850880622863770e-01,3.221752643585205078e-01,4.014739096164703369e-01,3.866164386272430420e-01,3.770423531532287598e-01,4.304361343383789062e-01,4.130525887012481689e-01,3.542152345180511475e-01,3.797802031040191650e-01,3.134948015213012695e-01,4.112622141838073730e-01,3.857775926589965820e-01,3.782933354377746582e-01,3.974875211715698242e-01,3.255580663681030273e-01,4.535464942455291748e-01,3.912591934204101562e-01,4.014960527420043945e-01,3.943309783935546875e-01,4.271591305732727051e-01,3.958097696304321289e-01,4.377068877220153809e-01,3.915134072303771973e-01,4.151460826396942139e-01,3.627825379371643066e-01,3.621910512447357178e-01,2.897022962570190430e-01,4.014072120189666748e-01,4.057370126247406006e-01,3.087763488292694092e-01,3.648035526275634766e-01,3.892141282558441162e-01,3.895400166511535645e-01,2.983896732330322266e-01,3.933849930763244629e-01,3.396580219268798828e-01,3.934736549854278564e-01,3.687740564346313477e-01,3.964448571205139160e-01,3.881617784500122070e-01,2.777927517890930176e-01,3.852863609790802002e-01,3.557685613632202148e-01,4.325525164604187012e-01,3.778155446052551270e-01,3.498728275299072266e-01,3.860088586807250977e-01,4.251949787139892578e-01,4.119973480701446533e-01,4.157563447952270508e-01,4.250643253326416016e-01,3.792182207107543945e-01,4.357703924179077148e-01,3.931582570075988770e-01,3.952038288116455078e-01,3.070937991142272949e-01,4.167366623878479004e-01,4.231651127338409424e-01,3.166854381561279297e-01,3.718000650405883789e-01,3.781137168407440186e-01,4.200770556926727295e-01,3.569483160972595215e-01,4.187821745872497559e-01,3.886465132236480713e-01,3.789944648742675781e-01,3.890539705753326416e-01,3.854273557662963867e-01,4.009070396423339844e-01,3.551983833312988281e-01,4.565010666847229004e-01,4.064989387989044189e-01,3.532419204711914062e-01,3.824617862701416016e-01,3.910263180732727051e-01,4.175890684127807617e-01,4.069795012474060059e-01,4.018228650093078613e-01,3.575721681118011475e-01,4.063649773597717285e-01,4.059478044509887695e-01,3.663112521171569824e-01,3.451496362686157227e-01,3.495891988277435303e-01,4.105064272880554199e-01,3.688751459121704102e-01,3.842165470123291016e-01,3.662993311882019043e-01,3.722916841506958008e-01,4.084567427635192871e-01,4.605972766876220703e-01,4.350343942642211914e-01,3.929810225963592529e-01,3.812568187713623047e-01,3.682590126991271973e-01,3.816766142845153809e-01,4.001074135303497314e-01,4.568310081958770752e-01,2.930819690227508545e-01,3.833268284797668457e-01,3.953791260719299316e-01,4.371678829193115234e-01,3.979475200176239014e-01,4.198354184627532959e-01,3.432772457599639893e-01,4.129136800765991211e-01,3.716112673282623291e-01,3.560940027236938477e-01,4.144154191017150879e-01,4.069753885269165039e-01,4.085511565208435059e-01,4.193673133850097656e-01,3.829413056373596191e-01,3.766916990280151367e-01,3.982542753219604492e-01,3.958088755607604980e-01,3.628616929054260254e-01,4.045781791210174561e-01,3.703721463680267334e-01,3.696441650390625000e-01,3.814885616302490234e-01,3.692275285720825195e-01,2.928525209426879883e-01,3.557887673377990723e-01,3.970752954483032227e-01,3.270714581012725830e-01,3.539555668830871582e-01,3.729394674301147461e-01,3.503863513469696045e-01,3.676946759223937988e-01,3.076392710208892822e-01,3.946069478988647461e-01,4.023646712303161621e-01,3.816881775856018066e-01,3.963980972766876221e-01,4.093403220176696777e-01,4.005952775478363037e-01,3.026108145713806152e-01,4.286980628967285156e-01,4.193356633186340332e-01,4.603900909423828125e-01,3.995013833045959473e-01,3.317471146583557129e-01,3.688084781169891357e-01,4.234930574893951416e-01,4.404444694519042969e-01,4.020609557628631592e-01,3.568936884403228760e-01,4.428609013557434082e-01,3.588584661483764648e-01,4.312278628349304199e-01,3.790202736854553223e-01,3.809415996074676514e-01,3.880907297134399414e-01,3.877021074295043945e-01,3.875874280929565430e-01,3.903779983520507812e-01,4.405459761619567871e-01,3.733348548412322998e-01,4.068334102630615234e-01,3.901742100715637207e-01,3.557616174221038818e-01,3.514787852764129639e-01,3.863299489021301270e-01,3.996884524822235107e-01,3.807523250579833984e-01,3.941647410392761230e-01,4.163810610771179199e-01,4.038805365562438965e-01,4.126371741294860840e-01,3.595779240131378174e-01,3.321547508239746094e-01,3.237581253051757812e-01,3.678673803806304932e-01,3.610265851020812988e-01,3.411548435688018799e-01,3.821671605110168457e-01,3.465243279933929443e-01,3.964979648590087891e-01,3.719160258769989014e-01,3.713302314281463623e-01,4.175514280796051025e-01,3.253965973854064941e-01,3.689751029014587402e-01,3.496541678905487061e-01,3.779500722885131836e-01,3.566472530364990234e-01,4.513390064239501953e-01,3.930195569992065430e-01,3.846139907836914062e-01,4.516521692276000977e-01,4.006452262401580811e-01,3.994637429714202881e-01,3.902491629123687744e-01,3.797085285186767578e-01,4.588623046875000000e-01,4.070838689804077148e-01,3.801312446594238281e-01,4.023367762565612793e-01,3.384586274623870850e-01,3.801175057888031006e-01,3.266471028327941895e-01,3.640423417091369629e-01,3.368303179740905762e-01,4.000150859355926514e-01,3.959492444992065430e-01,3.245165348052978516e-01,4.089217782020568848e-01,3.444660902023315430e-01,3.967630267143249512e-01,3.494604527950286865e-01,4.360638260841369629e-01,4.042757451534271240e-01,3.979404568672180176e-01,4.476131200790405273e-01,3.331312239170074463e-01,4.276990294456481934e-01,3.927910923957824707e-01,4.140225648880004883e-01,3.733726739883422852e-01,4.043458700180053711e-01,3.836700916290283203e-01,3.429034948348999023e-01,4.156109094619750977e-01,3.865550756454467773e-01,4.495266973972320557e-01,3.915602862834930420e-01,3.470349311828613281e-01,3.495372235774993896e-01,4.217232465744018555e-01,3.918619155883789062e-01,4.011545777320861816e-01,4.070708155632019043e-01,3.372985720634460449e-01,3.584786057472229004e-01,3.990635871887207031e-01,3.966013193130493164e-01,3.070392608642578125e-01,4.252071082592010498e-01,3.619782030582427979e-01,3.660122752189636230e-01,3.940331935882568359e-01,3.369643688201904297e-01,4.365445375442504883e-01,4.025295972824096680e-01,4.044393301010131836e-01,3.047354519367218018e-01,4.159842729568481445e-01,3.837833404541015625e-01,3.388526141643524170e-01,3.469874858856201172e-01,3.761585652828216553e-01,3.629094958305358887e-01,4.267044067382812500e-01,4.482905864715576172e-01,3.883379995822906494e-01,3.768965601921081543e-01,4.290366470813751221e-01,4.352818429470062256e-01,3.507424592971801758e-01,3.978512883186340332e-01,4.150815904140472412e-01,3.626076579093933105e-01,4.036995470523834229e-01,4.163645207881927490e-01,4.093011915683746338e-01,4.136905670166015625e-01,4.069489240646362305e-01,4.068189263343811035e-01,4.150331914424896240e-01,4.077121615409851074e-01,3.710285723209381104e-01,3.964517712593078613e-01,4.168469011783599854e-01,3.535150885581970215e-01,3.365776836872100830e-01,4.255786836147308350e-01,3.854381144046783447e-01,3.536217808723449707e-01,3.974351882934570312e-01,3.887081742286682129e-01,3.383905887603759766e-01,3.759815096855163574e-01,3.292251825332641602e-01,3.324975371360778809e-01,3.986219465732574463e-01,3.711881935596466064e-01,3.424224257469177246e-01,4.135077595710754395e-01,3.608415126800537109e-01,4.102829694747924805e-01,4.256737530231475830e-01,3.861170113086700439e-01,4.024560153484344482e-01,4.001306593418121338e-01,4.052365422248840332e-01,4.271445274353027344e-01,3.548780083656311035e-01,3.830826878547668457e-01,3.322917222976684570e-01,4.362964928150177002e-01,4.220228493213653564e-01,3.862584829330444336e-01,3.469004631042480469e-01,3.934805691242218018e-01,4.129244685173034668e-01,4.346689581871032715e-01,3.575389981269836426e-01,4.019522666931152344e-01,4.336785078048706055e-01,4.355484247207641602e-01,3.919487893581390381e-01,3.991246819496154785e-01,3.971685767173767090e-01,3.389073014259338379e-01,3.829802870750427246e-01,3.968687653541564941e-01,3.459535837173461914e-01,4.202724695205688477e-01,3.370148539543151855e-01,3.938709795475006104e-01,3.591825366020202637e-01,4.113713502883911133e-01,3.905637264251708984e-01,4.096927344799041748e-01,3.883110880851745605e-01,3.560504317283630371e-01,3.401109278202056885e-01,4.281827509403228760e-01,4.227970838546752930e-01,4.184656143188476562e-01,3.908280432224273682e-01,3.842069506645202637e-01,4.308556318283081055e-01,3.531410098075866699e-01,3.892317414283752441e-01,4.071342051029205322e-01,3.798129558563232422e-01,3.684071898460388184e-01,4.304431080818176270e-01,3.940075635910034180e-01,3.991696834564208984e-01,4.092094004154205322e-01,3.803342282772064209e-01,4.027806520462036133e-01,3.782418668270111084e-01,3.192430734634399414e-01,4.182891845703125000e-01,3.446276485919952393e-01,3.900974988937377930e-01,3.821260631084442139e-01,4.297826886177062988e-01,4.016787409782409668e-01,4.109509289264678955e-01,4.190344810485839844e-01,4.064847230911254883e-01,4.048331975936889648e-01,3.999481797218322754e-01,3.750614821910858154e-01,3.641443848609924316e-01,3.648754656314849854e-01,4.412184059619903564e-01,3.928903341293334961e-01,3.784823417663574219e-01,3.656382560729980469e-01,3.834569454193115234e-01,3.783718347549438477e-01,3.585219383239746094e-01,4.087745547294616699e-01,3.883533775806427002e-01,4.226068258285522461e-01,3.833822309970855713e-01,3.835838437080383301e-01,4.171968698501586914e-01,2.951662540435791016e-01,4.129603207111358643e-01,3.227800428867340088e-01,4.204861521720886230e-01,3.641711473464965820e-01,4.057567417621612549e-01,3.428370952606201172e-01,4.214117527008056641e-01,3.919836282730102539e-01,3.167363405227661133e-01,3.405783772468566895e-01,4.054487645626068115e-01,3.944293260574340820e-01,3.691532611846923828e-01,4.102346003055572510e-01,4.692783355712890625e-01,4.174279570579528809e-01,3.873456716537475586e-01,3.872779309749603271e-01,4.006918966770172119e-01,4.419309496879577637e-01,3.924812972545623779e-01,3.477514088153839111e-01,4.302524328231811523e-01,3.572880029678344727e-01,4.504047930240631104e-01,3.450241684913635254e-01,3.467224836349487305e-01,4.071850478649139404e-01,4.506503641605377197e-01,3.744446635246276855e-01,3.556163907051086426e-01,4.046872258186340332e-01,3.974850475788116455e-01,4.183880388736724854e-01,3.415477275848388672e-01,3.725644648075103760e-01,4.260740280151367188e-01,4.005612134933471680e-01,3.932164907455444336e-01,4.161686897277832031e-01,3.262897729873657227e-01,3.642491102218627930e-01,3.823417425155639648e-01,4.079978168010711670e-01,3.726601898670196533e-01,2.747912108898162842e-01,3.977741897106170654e-01,3.678140044212341309e-01,4.277766346931457520e-01,3.664267063140869141e-01,3.912951350212097168e-01,3.472653329372406006e-01,3.436017036437988281e-01,4.238951206207275391e-01,4.201499819755554199e-01,3.862176835536956787e-01,4.297872781753540039e-01,3.425325751304626465e-01,3.996648192405700684e-01,3.624084591865539551e-01,3.494197130203247070e-01,3.373597264289855957e-01,3.881271779537200928e-01,3.999341726303100586e-01,3.970623910427093506e-01,3.635163307189941406e-01,3.601405024528503418e-01,3.503020107746124268e-01,3.767627477645874023e-01,4.208000898361206055e-01,3.459986448287963867e-01,3.909606337547302246e-01,3.541488945484161377e-01,4.239951372146606445e-01,3.961609005928039551e-01,3.872748017311096191e-01,3.663008511066436768e-01,3.578395247459411621e-01,3.608899116516113281e-01,4.292905330657958984e-01,4.216122329235076904e-01,3.999054431915283203e-01,3.724279403686523438e-01,3.838048279285430908e-01,3.620847463607788086e-01,3.681223988533020020e-01,4.317453801631927490e-01,3.864470720291137695e-01,4.165031909942626953e-01,4.252223372459411621e-01,3.634660243988037109e-01,4.520141184329986572e-01,3.290047049522399902e-01,4.241955578327178955e-01,3.679396510124206543e-01,3.895450234413146973e-01,4.039332568645477295e-01,3.985066711902618408e-01,4.002000093460083008e-01,4.348245859146118164e-01,3.765549361705780029e-01,3.752212524414062500e-01,4.261581301689147949e-01,4.044520258903503418e-01,4.202920496463775635e-01,3.890328407287597656e-01,3.911070227622985840e-01,3.558197915554046631e-01,3.773210644721984863e-01,4.191479086875915527e-01,3.627729415893554688e-01,3.829287290573120117e-01,4.427809715270996094e-01,4.017035365104675293e-01,3.916490077972412109e-01,4.181705117225646973e-01,4.337025284767150879e-01,3.906621634960174561e-01,4.459503889083862305e-01,3.954492211341857910e-01,3.967574834823608398e-01,4.175860583782196045e-01,3.327533602714538574e-01,3.968345522880554199e-01,3.988797962665557861e-01,3.860580325126647949e-01,3.674913048744201660e-01,3.875402808189392090e-01,3.900286555290222168e-01,3.894795179367065430e-01,4.040719270706176758e-01,3.709007799625396729e-01,3.263023495674133301e-01,4.358455538749694824e-01,4.015918374061584473e-01,4.320685863494873047e-01,4.054596424102783203e-01,3.813328146934509277e-01,3.602538704872131348e-01,3.542171120643615723e-01,3.948308229446411133e-01,3.254473209381103516e-01,3.058131933212280273e-01,3.498640656471252441e-01,4.203077256679534912e-01,4.083859920501708984e-01,4.101472795009613037e-01,4.114325046539306641e-01,4.101890325546264648e-01,3.774532973766326904e-01,3.471677303314208984e-01,4.016410112380981445e-01,3.761284351348876953e-01,3.498095273971557617e-01,4.277629554271697998e-01,3.795968294143676758e-01,3.974314033985137939e-01,3.917510509490966797e-01,3.887156844139099121e-01,3.648648858070373535e-01,3.815575838088989258e-01,2.963835000991821289e-01,3.602830767631530762e-01,4.340287744998931885e-01,4.531853497028350830e-01,4.077857732772827148e-01,3.413605690002441406e-01,4.026994407176971436e-01,4.201971292495727539e-01,3.931928277015686035e-01,4.168987870216369629e-01,4.020673930644989014e-01,4.215062260627746582e-01,3.571545779705047607e-01,3.798362016677856445e-01,4.036959707736968994e-01,4.002013206481933594e-01,3.894011974334716797e-01,4.133497476577758789e-01,3.792231678962707520e-01,3.428881764411926270e-01,4.223463833332061768e-01,4.099853038787841797e-01,3.762325048446655273e-01,3.913077712059020996e-01,3.718926012516021729e-01,3.854416608810424805e-01,3.901579976081848145e-01,3.934311568737030029e-01,3.914786577224731445e-01,3.343717753887176514e-01,4.241717457771301270e-01,3.451039791107177734e-01,3.676361143589019775e-01,4.141922593116760254e-01,3.805724382400512695e-01,3.699830770492553711e-01,4.299690127372741699e-01,4.119014143943786621e-01,3.771700859069824219e-01,4.350751936435699463e-01,4.018325805664062500e-01,4.050915837287902832e-01,3.020404875278472900e-01,3.796628713607788086e-01,3.642490208148956299e-01,4.141474366188049316e-01,3.835374116897583008e-01,3.821772933006286621e-01,4.106758236885070801e-01,4.036450982093811035e-01,4.193460643291473389e-01,3.861971795558929443e-01,3.799537420272827148e-01,4.562553763389587402e-01,4.262503981590270996e-01,3.996183276176452637e-01,4.179632663726806641e-01,4.404399991035461426e-01,3.654738664627075195e-01,3.826799392700195312e-01,3.782097399234771729e-01,3.828048706054687500e-01,3.820690512657165527e-01,4.498832225799560547e-01,4.121001064777374268e-01,4.129898548126220703e-01,4.352105557918548584e-01,4.137401580810546875e-01,4.036160111427307129e-01,4.270937740802764893e-01,3.760403990745544434e-01,2.651493251323699951e-01,3.798193931579589844e-01,3.532006740570068359e-01,4.236339032649993896e-01,4.120647907257080078e-01,4.057208597660064697e-01,4.102130234241485596e-01,3.995618224143981934e-01,4.075259566307067871e-01,3.860531449317932129e-01,3.753426074981689453e-01,4.241424202919006348e-01,3.942640423774719238e-01,4.070575237274169922e-01,4.139797091484069824e-01,4.112093448638916016e-01,3.814904689788818359e-01,3.887395560741424561e-01,3.749548196792602539e-01,4.463037848472595215e-01,3.464238643646240234e-01,4.092150926589965820e-01,3.242156505584716797e-01,4.371392726898193359e-01,4.106836318969726562e-01,3.111692070960998535e-01,3.853402733802795410e-01,3.011989891529083252e-01,3.561454415321350098e-01,3.615911602973937988e-01,3.814249932765960693e-01,4.317682683467864990e-01,4.000626504421234131e-01,4.265907406806945801e-01,4.282621741294860840e-01,3.982070088386535645e-01,3.510631918907165527e-01,3.036783635616302490e-01,3.826704919338226318e-01,3.994389772415161133e-01,4.075554907321929932e-01,3.618196845054626465e-01,4.007992148399353027e-01,3.990084528923034668e-01,4.248697757720947266e-01,3.794862329959869385e-01,3.968596458435058594e-01,3.793205022811889648e-01,3.740384280681610107e-01,3.944870531558990479e-01,3.942861557006835938e-01,4.050773978233337402e-01,3.244150876998901367e-01,3.668136000633239746e-01,3.431825637817382812e-01,3.971240222454071045e-01,3.864943385124206543e-01,4.244520664215087891e-01,3.946909904479980469e-01,3.741113543510437012e-01,4.477235078811645508e-01,3.721799850463867188e-01,3.926745951175689697e-01,3.775005638599395752e-01,3.644740581512451172e-01,3.675064742565155029e-01,3.723614215850830078e-01,3.940783441066741943e-01,3.802635967731475830e-01,3.728310167789459229e-01,3.381423950195312500e-01,3.870370388031005859e-01,3.700257539749145508e-01,4.071744382381439209e-01,4.072941541671752930e-01,3.425644040107727051e-01,4.500868320465087891e-01,4.652661085128784180e-01,4.246245622634887695e-01,3.683530688285827637e-01,4.329852461814880371e-01,4.333391487598419189e-01,3.335102200508117676e-01,3.915701508522033691e-01,4.096229672431945801e-01,4.214340448379516602e-01,3.939816057682037354e-01,3.974764943122863770e-01,4.166699051856994629e-01,3.744121193885803223e-01,3.517447113990783691e-01,3.907260298728942871e-01,2.989784479141235352e-01,3.804590106010437012e-01,3.326690793037414551e-01,3.759240210056304932e-01,4.185418486595153809e-01,4.326047897338867188e-01,3.394493758678436279e-01,3.693381249904632568e-01,4.224960803985595703e-01,4.251518845558166504e-01,3.440554141998291016e-01,3.896223902702331543e-01,4.208661317825317383e-01,4.080067276954650879e-01,4.042449295520782471e-01,3.454832434654235840e-01,4.448696374893188477e-01,3.390763998031616211e-01,3.592357039451599121e-01,4.317064285278320312e-01,3.778071105480194092e-01,3.658910989761352539e-01,3.539452850818634033e-01,4.220634102821350098e-01,4.339097142219543457e-01,3.998517990112304688e-01,3.137675523757934570e-01,3.852289915084838867e-01,3.940131664276123047e-01,4.054342508316040039e-01,4.150104522705078125e-01,4.088914096355438232e-01,4.057873487472534180e-01,3.387017846107482910e-01,4.148092865943908691e-01,3.303299546241760254e-01,3.914888501167297363e-01,4.472734034061431885e-01,4.001330733299255371e-01,3.908841013908386230e-01,3.636568486690521240e-01,4.523536562919616699e-01,4.397823214530944824e-01,3.605101108551025391e-01,3.847246766090393066e-01,4.054159820079803467e-01,3.185023069381713867e-01,4.360985755920410156e-01,3.715869486331939697e-01,3.453530669212341309e-01,3.241433501243591309e-01,4.004344940185546875e-01,4.063378572463989258e-01,4.332563877105712891e-01,4.314120709896087646e-01,3.906052708625793457e-01,3.883813917636871338e-01,3.735129535198211670e-01,3.759281337261199951e-01,4.032644629478454590e-01,3.477979600429534912e-01,3.243861794471740723e-01,3.933251500129699707e-01,4.510030150413513184e-01,3.262152671813964844e-01,4.375976622104644775e-01,3.884645402431488037e-01,4.282653629779815674e-01,4.446390271186828613e-01,3.911847770214080811e-01,4.269410073757171631e-01,3.336162567138671875e-01,4.003654718399047852e-01,3.520323634147644043e-01,3.820037245750427246e-01,4.025661349296569824e-01,4.128996729850769043e-01,3.635381162166595459e-01,3.872727155685424805e-01,3.998607993125915527e-01,4.280147552490234375e-01,3.782252073287963867e-01,4.430344402790069580e-01,3.972870707511901855e-01,3.883731961250305176e-01,3.871190845966339111e-01,4.109118878841400146e-01,3.593800067901611328e-01,3.043289184570312500e-01,4.150427877902984619e-01,4.021541476249694824e-01,3.645133078098297119e-01,4.014834761619567871e-01,3.728969991207122803e-01,4.053304493427276611e-01,4.013571739196777344e-01,4.482300281524658203e-01,3.823100328445434570e-01,4.093087613582611084e-01,4.339378476142883301e-01,3.948296308517456055e-01,4.022701978683471680e-01,3.976854979991912842e-01,3.648389577865600586e-01,3.798152506351470947e-01,4.380010366439819336e-01,3.302270770072937012e-01,3.207662403583526611e-01,3.979516625404357910e-01,3.924863338470458984e-01,4.241159558296203613e-01,3.430030643939971924e-01,4.435042738914489746e-01,4.215560555458068848e-01,4.276889860630035400e-01,3.921486735343933105e-01,3.868796527385711670e-01,4.402064681053161621e-01,4.322207868099212646e-01,3.748621344566345215e-01,3.793769776821136475e-01,3.537331521511077881e-01,3.896566033363342285e-01,4.137931466102600098e-01,3.916929364204406738e-01,3.630473017692565918e-01,3.736440539360046387e-01,4.319530129432678223e-01,3.849769532680511475e-01,4.191114902496337891e-01,3.083384931087493896e-01,3.677397370338439941e-01,3.500778973102569580e-01,4.029899239540100098e-01,3.799788951873779297e-01,3.693578839302062988e-01,4.226615428924560547e-01,4.085623919963836670e-01,3.182861804962158203e-01,3.241042196750640869e-01,3.499441742897033691e-01,3.784784376621246338e-01,4.388366341590881348e-01,3.722351193428039551e-01,3.818947076797485352e-01,3.827899992465972900e-01,3.941076397895812988e-01,3.853688240051269531e-01,3.864195346832275391e-01,3.650342822074890137e-01,4.243016839027404785e-01,3.903521299362182617e-01,4.270867705345153809e-01,4.210626482963562012e-01,4.261230230331420898e-01,4.177538156509399414e-01,4.149054288864135742e-01,3.967265486717224121e-01,4.240880608558654785e-01,3.994084298610687256e-01,4.029681980609893799e-01,4.328703880310058594e-01,4.261895120143890381e-01,3.668698072433471680e-01,3.081279695034027100e-01,4.125605821609497070e-01,4.258445501327514648e-01,3.945624232292175293e-01,4.191803038120269775e-01,3.941713869571685791e-01,3.775203227996826172e-01,3.538749814033508301e-01,3.010792434215545654e-01,3.955293297767639160e-01,3.966469764709472656e-01,4.060563147068023682e-01,3.338395953178405762e-01,3.966474533081054688e-01,3.121199905872344971e-01,3.466241359710693359e-01,3.964268565177917480e-01,4.062053561210632324e-01,4.004445672035217285e-01,4.505213499069213867e-01,3.498733639717102051e-01,3.106057643890380859e-01,4.007085561752319336e-01,3.816104531288146973e-01,3.322890400886535645e-01,4.224725365638732910e-01,4.271099865436553955e-01,4.240257441997528076e-01,3.720643818378448486e-01,3.691877722740173340e-01,2.881441712379455566e-01,4.002254605293273926e-01,4.105870425701141357e-01,3.500247001647949219e-01,3.157194554805755615e-01,3.039373457431793213e-01,4.052619338035583496e-01,4.401575922966003418e-01,3.612666130065917969e-01,4.136500358581542969e-01,3.408227860927581787e-01,4.333800673484802246e-01,3.683629631996154785e-01,4.040544033050537109e-01,4.016931653022766113e-01,4.035564661026000977e-01,3.756021857261657715e-01,3.742118775844573975e-01,3.256914019584655762e-01,4.144124388694763184e-01,4.039026498794555664e-01,3.546220064163208008e-01,4.119170308113098145e-01,3.407076597213745117e-01,3.899042308330535889e-01,4.206326603889465332e-01,4.086768031120300293e-01,4.110424220561981201e-01,3.955157697200775146e-01,4.370768368244171143e-01,3.734201788902282715e-01,3.912588655948638916e-01,3.421146273612976074e-01,4.024296104907989502e-01,3.967784047126770020e-01,4.051134884357452393e-01,4.121686816215515137e-01,3.215878009796142578e-01,3.957132697105407715e-01,3.906652927398681641e-01,4.139431715011596680e-01,3.629859089851379395e-01,3.916822075843811035e-01,3.386432528495788574e-01,3.966190218925476074e-01,4.257111549377441406e-01,4.072864949703216553e-01,4.482854604721069336e-01,3.952926397323608398e-01,4.058195054531097412e-01,3.737616539001464844e-01,3.166950941085815430e-01,3.836723566055297852e-01,4.156985878944396973e-01,3.826285600662231445e-01,4.103543758392333984e-01,4.173779487609863281e-01,4.422070682048797607e-01,4.258130192756652832e-01,4.233527183532714844e-01,3.672757744789123535e-01,4.046485424041748047e-01,4.328026771545410156e-01,4.304153025150299072e-01,3.689327538013458252e-01,4.247055649757385254e-01,4.328371286392211914e-01,4.539697468280792236e-01,3.347191214561462402e-01,4.053504467010498047e-01,4.045114517211914062e-01,3.938827216625213623e-01,3.820658028125762939e-01,4.320656657218933105e-01,3.726485669612884521e-01,3.648397326469421387e-01,3.901266753673553467e-01,3.939464092254638672e-01,3.750817775726318359e-01,3.384530544281005859e-01,3.772161006927490234e-01,4.149920046329498291e-01,4.081188142299652100e-01,4.240788221359252930e-01,3.591155409812927246e-01,4.554049968719482422e-01,3.994357585906982422e-01,4.072227776050567627e-01,3.659752607345581055e-01,4.169001877307891846e-01,3.902913928031921387e-01,4.550380110740661621e-01,4.185803234577178955e-01,4.360550045967102051e-01,4.362581074237823486e-01,4.005787968635559082e-01,4.010286331176757812e-01,4.201901555061340332e-01,2.994110584259033203e-01,3.367940187454223633e-01,3.089505136013031006e-01,4.255214929580688477e-01,4.286214709281921387e-01,3.860095143318176270e-01,4.090190827846527100e-01,4.062576293945312500e-01,4.235563278198242188e-01,3.761181533336639404e-01,4.105608463287353516e-01,3.523744344711303711e-01,3.861102461814880371e-01,3.807738125324249268e-01,4.198184311389923096e-01,4.404519796371459961e-01,3.838030397891998291e-01,3.923509716987609863e-01,3.739581108093261719e-01,3.928182423114776611e-01,4.122298955917358398e-01,4.039593935012817383e-01,3.952325582504272461e-01,3.915674090385437012e-01,3.874350786209106445e-01,4.149504303932189941e-01,2.595173716545104980e-01,3.793414831161499023e-01,3.276228308677673340e-01,4.006350636482238770e-01,3.836532831192016602e-01,4.109059274196624756e-01,3.893304765224456787e-01,4.111135005950927734e-01,3.481819629669189453e-01,4.166102707386016846e-01,3.463662564754486084e-01,2.495470941066741943e-01,3.825591802597045898e-01,3.711912035942077637e-01,3.756674528121948242e-01,4.078928530216217041e-01,3.859070837497711182e-01,3.189395368099212646e-01,4.335978627204895020e-01,4.501104354858398438e-01,4.070242643356323242e-01,4.390795826911926270e-01,3.211086988449096680e-01,3.989333510398864746e-01,3.903895020484924316e-01,4.048641920089721680e-01,4.473907351493835449e-01,3.755245804786682129e-01,4.023298919200897217e-01,3.935762941837310791e-01,3.253474831581115723e-01,3.927499353885650635e-01,3.318762481212615967e-01,3.781722187995910645e-01,4.074788987636566162e-01,3.946831226348876953e-01,4.184763431549072266e-01,3.967615664005279541e-01,4.229996800422668457e-01,4.149416983127593994e-01,3.713428080081939697e-01,3.912768363952636719e-01,3.630838692188262939e-01,4.322214126586914062e-01,3.579212129116058350e-01,3.933033645153045654e-01,4.017458856105804443e-01,4.000525474548339844e-01,3.380983471870422363e-01,4.111350178718566895e-01,3.700514137744903564e-01,3.820713162422180176e-01,4.085749685764312744e-01,2.947195172309875488e-01,3.874794244766235352e-01,4.091919064521789551e-01,2.855222523212432861e-01,4.252000749111175537e-01,3.973559737205505371e-01,3.258786499500274658e-01,3.329999446868896484e-01,3.504230082035064697e-01,4.152770042419433594e-01,3.424153327941894531e-01,3.517769575119018555e-01,4.100463390350341797e-01,3.893491327762603760e-01,4.226695895195007324e-01,3.617022931575775146e-01,3.767241239547729492e-01,4.417615532875061035e-01,4.108615815639495850e-01,4.052748680114746094e-01,3.905132114887237549e-01,3.787720799446105957e-01,3.157095611095428467e-01,4.368117451667785645e-01,4.342466294765472412e-01,3.371098041534423828e-01,4.513818025588989258e-01,3.961190283298492432e-01,4.282459020614624023e-01,3.943119645118713379e-01,3.138850331306457520e-01,3.779988586902618408e-01,3.903813958168029785e-01,3.983899354934692383e-01,4.167411327362060547e-01,3.962280452251434326e-01,3.818683028221130371e-01,3.536462783813476562e-01,3.682858943939208984e-01,3.983094692230224609e-01,3.427336812019348145e-01,3.871560692787170410e-01,4.335103631019592285e-01,3.870969116687774658e-01,3.891371190547943115e-01,3.271995782852172852e-01,4.076632559299468994e-01,3.988983333110809326e-01,3.469323217868804932e-01,2.773338556289672852e-01,4.311422705650329590e-01,3.486077189445495605e-01,3.512230515480041504e-01,3.463429808616638184e-01,4.211674034595489502e-01,2.844583392143249512e-01,4.347150623798370361e-01,3.908819258213043213e-01,4.077076911926269531e-01,3.652956485748291016e-01,4.200819134712219238e-01,3.674078583717346191e-01,3.761830925941467285e-01,3.872038722038269043e-01,3.621990084648132324e-01,4.136914908885955811e-01,3.505613207817077637e-01,3.518810868263244629e-01,4.421492815017700195e-01,4.541480839252471924e-01,3.864781260490417480e-01,3.349594175815582275e-01,3.858714699745178223e-01,4.064762592315673828e-01,3.834485113620758057e-01,4.195451736450195312e-01,4.229934811592102051e-01,3.075422346591949463e-01,3.869225978851318359e-01,3.715248703956604004e-01,3.624394536018371582e-01,4.198341965675354004e-01,3.984714746475219727e-01,3.795768618583679199e-01,4.549112319946289062e-01,4.684864282608032227e-01,3.565280437469482422e-01,3.715564012527465820e-01,4.521889090538024902e-01,3.791718184947967529e-01,4.218366742134094238e-01,3.783573806285858154e-01,3.561211526393890381e-01,3.398191332817077637e-01,3.640356659889221191e-01,4.484457075595855713e-01,4.403716921806335449e-01,4.660599827766418457e-01,3.925555944442749023e-01,4.069364368915557861e-01,3.733915984630584717e-01,4.217334985733032227e-01,3.576171100139617920e-01,3.387703299522399902e-01,3.604370653629302979e-01,3.887680172920227051e-01,3.597814440727233887e-01,3.071283102035522461e-01,3.197267055511474609e-01,2.998130619525909424e-01,4.211745262145996094e-01,4.049657583236694336e-01,4.071486890316009521e-01,3.606153130531311035e-01,4.309635162353515625e-01,3.698604702949523926e-01,4.183015227317810059e-01,3.939909040927886963e-01,3.903374969959259033e-01,4.139770865440368652e-01,3.418821990489959717e-01,3.265314102172851562e-01,3.737791478633880615e-01,3.392809927463531494e-01,3.886674940586090088e-01,4.617983400821685791e-01,2.979636788368225098e-01,4.042295217514038086e-01,3.980438113212585449e-01,3.169825673103332520e-01,3.791705369949340820e-01,3.889779448509216309e-01,3.636442124843597412e-01,3.403749167919158936e-01,3.738502264022827148e-01,3.743813633918762207e-01,4.473240971565246582e-01,3.597013354301452637e-01,4.144933819770812988e-01,4.236724972724914551e-01,3.629067242145538330e-01,3.569405376911163330e-01,3.925725519657135010e-01,3.787111341953277588e-01,3.958220183849334717e-01,3.059896230697631836e-01,3.802651166915893555e-01,4.083731174468994141e-01,4.560612440109252930e-01,2.750098705291748047e-01,4.525378346443176270e-01,4.012543857097625732e-01,4.014260172843933105e-01,4.205949008464813232e-01,3.502350449562072754e-01,3.850200772285461426e-01,3.965132534503936768e-01,3.926050066947937012e-01,4.095035195350646973e-01,4.186134040355682373e-01,4.538363218307495117e-01,3.810356259346008301e-01,3.195436298847198486e-01,3.551723957061767578e-01,3.655876517295837402e-01,3.928906619548797607e-01,4.063231945037841797e-01,4.047585129737854004e-01,3.500659167766571045e-01,3.910189270973205566e-01,4.084761142730712891e-01,4.063002467155456543e-01,3.850653767585754395e-01,3.356581330299377441e-01,3.597008883953094482e-01,3.899365067481994629e-01,3.375067114830017090e-01,4.034599661827087402e-01,4.336427152156829834e-01,3.920371234416961670e-01,4.416572153568267822e-01,3.910743594169616699e-01,4.131313562393188477e-01,4.499920010566711426e-01,4.045320749282836914e-01,4.009026885032653809e-01,3.877173662185668945e-01,4.520010948181152344e-01,4.003807306289672852e-01,3.607450425624847412e-01,3.627640008926391602e-01,4.222366213798522949e-01,4.030740857124328613e-01,4.088817238807678223e-01,4.639694690704345703e-01,4.031988382339477539e-01,3.763703703880310059e-01,3.523058891296386719e-01,3.417841196060180664e-01,3.278853893280029297e-01,3.758817315101623535e-01,4.583721756935119629e-01,4.217680096626281738e-01,3.579394221305847168e-01,3.298285007476806641e-01,4.405372142791748047e-01,3.939713835716247559e-01,4.041415452957153320e-01,4.059841036796569824e-01,3.938095569610595703e-01,4.222119152545928955e-01,3.956312537193298340e-01,3.841894865036010742e-01,3.586262464523315430e-01,4.204127192497253418e-01,4.051015973091125488e-01,3.322493433952331543e-01,3.867310285568237305e-01,3.973321914672851562e-01,4.096202850341796875e-01,3.285763561725616455e-01,3.877235949039459229e-01,4.170259535312652588e-01,4.204553365707397461e-01,3.618267178535461426e-01,3.646486103534698486e-01,3.627509176731109619e-01,3.403725922107696533e-01,4.156556129455566406e-01,3.890813589096069336e-01,3.821563720703125000e-01,3.725754916667938232e-01,4.422750174999237061e-01,4.281298518180847168e-01,3.837190568447113037e-01,2.583892643451690674e-01,3.158328831195831299e-01,3.445709943771362305e-01,3.965553641319274902e-01,3.251851797103881836e-01,3.646275103092193604e-01,4.132232666015625000e-01,4.392603039741516113e-01,4.755708575248718262e-01,4.062142670154571533e-01,4.270784556865692139e-01,3.945394754409790039e-01,4.608931541442871094e-01,3.994504213333129883e-01,3.508558869361877441e-01,3.485279381275177002e-01,4.079527556896209717e-01,3.012775778770446777e-01,4.118627309799194336e-01,3.838514387607574463e-01,4.451730847358703613e-01,4.014258384704589844e-01,4.058928489685058594e-01,4.004712998867034912e-01,3.929699063301086426e-01,4.493829011917114258e-01,3.433333039283752441e-01,3.954952359199523926e-01,4.344848990440368652e-01,3.890188932418823242e-01,4.153615236282348633e-01,3.475885391235351562e-01,4.036644101142883301e-01,4.155276417732238770e-01,4.052912294864654541e-01,4.604943692684173584e-01,3.836723566055297852e-01,3.074069619178771973e-01,4.163242876529693604e-01,3.886064589023590088e-01,3.668290972709655762e-01,3.733985424041748047e-01,3.669588267803192139e-01,3.358252346515655518e-01,3.942607045173645020e-01,4.003795087337493896e-01,3.887067735195159912e-01,3.399375081062316895e-01,3.625967800617218018e-01,4.157719314098358154e-01,3.857145309448242188e-01,3.951801061630249023e-01,3.761861026287078857e-01,4.089056253433227539e-01,3.992790579795837402e-01,3.856121897697448730e-01,4.008244276046752930e-01,4.234136939048767090e-01,4.112196564674377441e-01,2.927961349487304688e-01,3.641068339347839355e-01,4.014173746109008789e-01,3.887233734130859375e-01,3.470075726509094238e-01,4.352414309978485107e-01,3.599139451980590820e-01,3.798871636390686035e-01,4.268537461757659912e-01,4.406855702400207520e-01,4.184678792953491211e-01,3.596490323543548584e-01,3.928516805171966553e-01,3.785740733146667480e-01,3.602663874626159668e-01,3.837951421737670898e-01,3.537520170211791992e-01,3.988977968692779541e-01,4.651501774787902832e-01,4.395910203456878662e-01,3.462514281272888184e-01,4.493872523307800293e-01,3.654132485389709473e-01,3.972642421722412109e-01,4.052309691905975342e-01,4.255945086479187012e-01,3.364544212818145752e-01,4.388835430145263672e-01,3.327316343784332275e-01,4.321863353252410889e-01,4.317085146903991699e-01,4.557032585144042969e-01,3.628214597702026367e-01,3.762667477130889893e-01,3.468778729438781738e-01,4.107871949672698975e-01,4.116470217704772949e-01,3.607190847396850586e-01,4.367603659629821777e-01,4.098196327686309814e-01,4.251495599746704102e-01,4.028927683830261230e-01,4.348750412464141846e-01,3.576982319355010986e-01,4.497755169868469238e-01,3.996849954128265381e-01,3.704368472099304199e-01,3.630489110946655273e-01,4.184107780456542969e-01,4.042779803276062012e-01,3.852411508560180664e-01,3.734821677207946777e-01,4.546096920967102051e-01,3.866502344608306885e-01,3.829723298549652100e-01,3.355279564857482910e-01,4.382393360137939453e-01,3.070583939552307129e-01,3.119736909866333008e-01,4.040634930133819580e-01,4.091466367244720459e-01,4.054363965988159180e-01,3.555004596710205078e-01,3.836024999618530273e-01,3.596574068069458008e-01,4.420740604400634766e-01,4.037432968616485596e-01,3.559538424015045166e-01,3.891485929489135742e-01,3.799986839294433594e-01,3.601344823837280273e-01,3.865388631820678711e-01,3.943575620651245117e-01,2.926670908927917480e-01,4.041646718978881836e-01,3.854590356349945068e-01,4.243553578853607178e-01,3.860424458980560303e-01,4.023011326789855957e-01,3.975677490234375000e-01,3.569736480712890625e-01,4.161538481712341309e-01,3.720757961273193359e-01,4.262521862983703613e-01,3.141893148422241211e-01,3.949767351150512695e-01,3.694269657135009766e-01,3.830069303512573242e-01,4.016867876052856445e-01,4.174575805664062500e-01,4.457554817199707031e-01,4.348022341728210449e-01,4.014022350311279297e-01,4.029972553253173828e-01,3.841146826744079590e-01,3.821854591369628906e-01,3.474854230880737305e-01,4.308679997920989990e-01,3.322007060050964355e-01,4.650887250900268555e-01,3.689253032207489014e-01,4.171316623687744141e-01,3.925390839576721191e-01,3.798971772193908691e-01,4.186821579933166504e-01,4.269593954086303711e-01,4.042579829692840576e-01,3.999272584915161133e-01,3.878740966320037842e-01,3.759436011314392090e-01,2.985035181045532227e-01,3.782172203063964844e-01,3.956420421600341797e-01,4.475188851356506348e-01,3.560861349105834961e-01,3.998453617095947266e-01,3.812545835971832275e-01,3.353708386421203613e-01,3.118778467178344727e-01,3.165563344955444336e-01,3.737460076808929443e-01,3.927052617073059082e-01,3.798655867576599121e-01,4.009290933609008789e-01,4.100786447525024414e-01,3.030133545398712158e-01,3.920977711677551270e-01,4.262487292289733887e-01,3.909900784492492676e-01,3.894217610359191895e-01,4.128986299037933350e-01,3.787925839424133301e-01,3.694368004798889160e-01,3.472746908664703369e-01,3.796016275882720947e-01,4.355768561363220215e-01,3.780023455619812012e-01,4.038947820663452148e-01,3.998472094535827637e-01,4.034345149993896484e-01,3.973830938339233398e-01,3.787121474742889404e-01,3.902212977409362793e-01,3.843133747577667236e-01,3.912329077720642090e-01,4.267939329147338867e-01,3.935516476631164551e-01,3.833332657814025879e-01,4.026184678077697754e-01,3.206189274787902832e-01,3.956681489944458008e-01,4.145970046520233154e-01,3.603387475013732910e-01,4.155218899250030518e-01,3.370782434940338135e-01,4.362455606460571289e-01,3.972950875759124756e-01,4.248788356781005859e-01,4.059579372406005859e-01,3.719732761383056641e-01,3.411437571048736572e-01,3.987625539302825928e-01,4.054999947547912598e-01,4.240127801895141602e-01,4.087531864643096924e-01,4.104676842689514160e-01,3.134608864784240723e-01,3.480260074138641357e-01,4.387974143028259277e-01,4.021241962909698486e-01,4.505618810653686523e-01,3.865136504173278809e-01,4.003038406372070312e-01,4.051617980003356934e-01,4.156064391136169434e-01,3.941806256771087646e-01,3.806519508361816406e-01,4.755593836307525635e-01,4.354567527770996094e-01,4.195004701614379883e-01,3.968673348426818848e-01,4.137922525405883789e-01,3.504391908645629883e-01,4.015605747699737549e-01,3.635303080081939697e-01,3.739138841629028320e-01,2.735719978809356689e-01,4.023068547248840332e-01,3.678664565086364746e-01,3.555141687393188477e-01,2.933239638805389404e-01,3.938666582107543945e-01,4.071305394172668457e-01,3.366727828979492188e-01,4.364973306655883789e-01,3.665192723274230957e-01,3.800073862075805664e-01,3.924487829208374023e-01,3.703712522983551025e-01,4.066181182861328125e-01,3.590447902679443359e-01,3.870740532875061035e-01,3.918008804321289062e-01,3.795239925384521484e-01,3.755758404731750488e-01,3.581969141960144043e-01,4.033641219139099121e-01,4.342333078384399414e-01,4.373682141304016113e-01,3.922950625419616699e-01,3.725286126136779785e-01,4.089289903640747070e-01,3.309019207954406738e-01,3.062869608402252197e-01,4.125192761421203613e-01,4.128376543521881104e-01,4.086272716522216797e-01,3.445684313774108887e-01,3.996627330780029297e-01,4.402732253074645996e-01,4.088760018348693848e-01,3.552558124065399170e-01,3.159539997577667236e-01,3.674320578575134277e-01,3.745371699333190918e-01,3.736608624458312988e-01,4.400988817214965820e-01,3.561114668846130371e-01,3.962325155735015869e-01,3.763717412948608398e-01,3.866333365440368652e-01,4.294375479221343994e-01,3.609608411788940430e-01,3.888913691043853760e-01,3.834149539470672607e-01,3.729847967624664307e-01,3.136851489543914795e-01,4.218141138553619385e-01,3.716124892234802246e-01,3.644691109657287598e-01,3.773942589759826660e-01,3.693687915802001953e-01,4.094691276550292969e-01,4.162977933883666992e-01,3.460025191307067871e-01,4.354801476001739502e-01,3.674612045288085938e-01,3.826317787170410156e-01,4.608474969863891602e-01,3.786782324314117432e-01,4.090638160705566406e-01,3.551740646362304688e-01,3.723906874656677246e-01,4.361409544944763184e-01,4.107057154178619385e-01,3.802509009838104248e-01,4.119665920734405518e-01,4.077776670455932617e-01,4.096192121505737305e-01,4.200843870639801025e-01,4.010477066040039062e-01,3.097898960113525391e-01,3.756312131881713867e-01,3.855834603309631348e-01,4.172511100769042969e-01,3.982471227645874023e-01,3.246653676033020020e-01,4.300751090049743652e-01,3.338549137115478516e-01,3.806725442409515381e-01,4.454153776168823242e-01,3.610321581363677979e-01,4.465085566043853760e-01,4.026903510093688965e-01,3.975577950477600098e-01,3.376349806785583496e-01,3.781986236572265625e-01,2.880352735519409180e-01,3.934458792209625244e-01,3.840838074684143066e-01,4.087572693824768066e-01,4.041281938552856445e-01,4.609710574150085449e-01,4.383156895637512207e-01,4.029152691364288330e-01,4.043163955211639404e-01,4.178740978240966797e-01,4.135399460792541504e-01,4.441263079643249512e-01,3.902923762798309326e-01,3.840020895004272461e-01,4.184766411781311035e-01,3.845787942409515381e-01,4.287442564964294434e-01,3.817425966262817383e-01,4.195972383022308350e-01,4.415118694305419922e-01,3.839094042778015137e-01,3.198782205581665039e-01,4.066151678562164307e-01,3.856642842292785645e-01,4.149904847145080566e-01,4.113433659076690674e-01,3.690747916698455811e-01,4.521943330764770508e-01,4.146698415279388428e-01,3.786547183990478516e-01,4.189237058162689209e-01,4.064489901065826416e-01,4.808583259582519531e-01,4.537859857082366943e-01,4.240924715995788574e-01,3.742252588272094727e-01,2.953413128852844238e-01,4.399273395538330078e-01,3.878211379051208496e-01,4.170543551445007324e-01,3.872380256652832031e-01,4.181613326072692871e-01,3.918183743953704834e-01,3.543018102645874023e-01,4.118828773498535156e-01,2.882975041866302490e-01,4.426489472389221191e-01,4.306676089763641357e-01,3.751365542411804199e-01,4.270751476287841797e-01,4.004471302032470703e-01,4.541560113430023193e-01,3.844375312328338623e-01,3.780736923217773438e-01,3.975432217121124268e-01,4.155406355857849121e-01,4.299798607826232910e-01,4.119186401367187500e-01,4.015534520149230957e-01,4.311885237693786621e-01,3.886301517486572266e-01,4.078207612037658691e-01,4.566012918949127197e-01,3.864857554435729980e-01,4.147327542304992676e-01,4.130194485187530518e-01,4.086056947708129883e-01,4.300579428672790527e-01,3.424409031867980957e-01,3.455225229263305664e-01,4.306112229824066162e-01,3.562889099121093750e-01,3.956209719181060791e-01,4.127658903598785400e-01,3.951799273490905762e-01,3.953881263732910156e-01,3.857777416706085205e-01,4.022818803787231445e-01,4.657969474792480469e-01,3.728651106357574463e-01,4.271579980850219727e-01,3.355297446250915527e-01,3.940086364746093750e-01,4.468031227588653564e-01,3.805344104766845703e-01,3.409546911716461182e-01,4.041492938995361328e-01,3.951249718666076660e-01,4.099716544151306152e-01,4.123055636882781982e-01,4.115217626094818115e-01,4.757471680641174316e-01,3.896827399730682373e-01,4.331536293029785156e-01,3.607084155082702637e-01,4.224388003349304199e-01,4.545734524726867676e-01,4.172233939170837402e-01,3.657251596450805664e-01,4.176424145698547363e-01,3.870655894279479980e-01,4.561009407043457031e-01,3.841381371021270752e-01,4.225684404373168945e-01,3.791919946670532227e-01,4.725199043750762939e-01,4.370096325874328613e-01,3.508914709091186523e-01,4.254563450813293457e-01,3.185650110244750977e-01,3.649354577064514160e-01,4.214599132537841797e-01,4.082794785499572754e-01,4.710233509540557861e-01,3.966416716575622559e-01,3.716833889484405518e-01,3.240935802459716797e-01,4.354053735733032227e-01,4.167724847793579102e-01,3.967289924621582031e-01,3.365171849727630615e-01,3.713634014129638672e-01,4.095613956451416016e-01,3.631370961666107178e-01,4.345477223396301270e-01,4.067975282669067383e-01,4.512056708335876465e-01,4.353772103786468506e-01,4.099777340888977051e-01,3.607073426246643066e-01,4.074724912643432617e-01,3.179315328598022461e-01,4.005250930786132812e-01,2.818780541419982910e-01,3.926975727081298828e-01,4.338524341583251953e-01,4.286337196826934814e-01,4.072623252868652344e-01,3.762523531913757324e-01,3.840913772583007812e-01,4.268546998500823975e-01,4.263697266578674316e-01,3.959393501281738281e-01,4.496652483940124512e-01,4.034176766872406006e-01,3.830924332141876221e-01,3.992139995098114014e-01,3.103071451187133789e-01,3.952170312404632568e-01,2.929768264293670654e-01,4.124535620212554932e-01,3.787617683410644531e-01,3.563855886459350586e-01,4.220521748065948486e-01,4.185608625411987305e-01,3.322896361351013184e-01,4.731200337409973145e-01,4.197097420692443848e-01,4.229865074157714844e-01,3.757212758064270020e-01,4.008762836456298828e-01,4.102855622768402100e-01,4.027663469314575195e-01,3.238405287265777588e-01,4.133753776550292969e-01,3.403201699256896973e-01,3.648216724395751953e-01,3.634783923625946045e-01,3.414812386035919189e-01,4.192473292350769043e-01,4.012498557567596436e-01,3.693366050720214844e-01,4.074327945709228516e-01,3.419813513755798340e-01,4.543305337429046631e-01,3.908098936080932617e-01,3.769907057285308838e-01,3.089627623558044434e-01,4.211520254611968994e-01,2.653918862342834473e-01,3.734197318553924561e-01,3.881134092807769775e-01,3.942633271217346191e-01,3.859812617301940918e-01,4.492996335029602051e-01,3.817433714866638184e-01,4.589789211750030518e-01,4.399214982986450195e-01,3.879971802234649658e-01,3.799909353256225586e-01,3.729401528835296631e-01,3.347563147544860840e-01,3.754932880401611328e-01,4.335994720458984375e-01,3.702715039253234863e-01,4.008383750915527344e-01,4.078476727008819580e-01,4.024330377578735352e-01,3.771339356899261475e-01,3.366855978965759277e-01,4.253921508789062500e-01,3.413219451904296875e-01,3.781258165836334229e-01,3.900976181030273438e-01,3.994855582714080811e-01,4.120794832706451416e-01,3.670913875102996826e-01,3.136940002441406250e-01,4.032128155231475830e-01,4.206455349922180176e-01,4.198523759841918945e-01,4.297933578491210938e-01,3.727641105651855469e-01,3.886283040046691895e-01,4.319973587989807129e-01,3.451503813266754150e-01,2.764438390731811523e-01,3.285948932170867920e-01,4.167625904083251953e-01,3.863162398338317871e-01,4.071877002716064453e-01,4.154409170150756836e-01,3.642594218254089355e-01,4.103572666645050049e-01,3.818443417549133301e-01,3.957036733627319336e-01,2.966952025890350342e-01,4.057647883892059326e-01,3.124464154243469238e-01,4.107024669647216797e-01,3.982210159301757812e-01,4.376226067543029785e-01,3.575912714004516602e-01,3.918070495128631592e-01,3.967806696891784668e-01,4.008095264434814453e-01,4.224071502685546875e-01,3.641501069068908691e-01,2.514339387416839600e-01,3.703581690788269043e-01,3.929103910923004150e-01,3.869567215442657471e-01,3.863632678985595703e-01,4.225924611091613770e-01,3.993042707443237305e-01,3.966301083564758301e-01,4.195509552955627441e-01,4.042233824729919434e-01,3.812653720378875732e-01,4.247957468032836914e-01,4.034411907196044922e-01,3.057402372360229492e-01,4.099139571189880371e-01,3.808042109012603760e-01,4.353682994842529297e-01,4.262171387672424316e-01,4.033056199550628662e-01,3.427911400794982910e-01,4.024999439716339111e-01,4.242565929889678955e-01,4.200814962387084961e-01,4.027504920959472656e-01,4.301572442054748535e-01,3.798449635505676270e-01,3.430919051170349121e-01,3.964582383632659912e-01,3.572117984294891357e-01,3.985359072685241699e-01,3.794141709804534912e-01,3.868471682071685791e-01,3.746878206729888916e-01,3.875598013401031494e-01,4.060414433479309082e-01,3.687619566917419434e-01,4.164134263992309570e-01,3.832601308822631836e-01,4.019270539283752441e-01,4.254314005374908447e-01,3.797652125358581543e-01,4.471159875392913818e-01,3.944025039672851562e-01,4.003237783908843994e-01,3.798967897891998291e-01,3.871316015720367432e-01,3.727157711982727051e-01,4.137557148933410645e-01,2.983408570289611816e-01,3.878640830516815186e-01,2.956178486347198486e-01,4.286991655826568604e-01,4.061070084571838379e-01,3.426067829132080078e-01,3.859934806823730469e-01,4.083359837532043457e-01,4.261178672313690186e-01,4.181382358074188232e-01,4.072247147560119629e-01,4.022781252861022949e-01,4.380102157592773438e-01,3.795598745346069336e-01,4.035552144050598145e-01,3.121932744979858398e-01,4.387257099151611328e-01,4.051068723201751709e-01,3.017657995223999023e-01,3.726537823677062988e-01,3.597420454025268555e-01,4.465301036834716797e-01,3.843800425529479980e-01,4.080068767070770264e-01,4.169458746910095215e-01,4.205545783042907715e-01,3.862828910350799561e-01,3.779871463775634766e-01,3.953282833099365234e-01,4.068338871002197266e-01,3.770443201065063477e-01,4.028857946395874023e-01,3.528905510902404785e-01,3.982013463973999023e-01,4.231861829757690430e-01,3.696813583374023438e-01,3.948107361793518066e-01,3.686803579330444336e-01,3.897827267646789551e-01,4.277384579181671143e-01,4.140151739120483398e-01,4.398539662361145020e-01,3.635926246643066406e-01,3.969093561172485352e-01,4.230325222015380859e-01,3.935412466526031494e-01,3.756195008754730225e-01,3.968794941902160645e-01,4.497017860412597656e-01,4.096544981002807617e-01,4.216685891151428223e-01,3.993328809738159180e-01,3.786587715148925781e-01,3.901763558387756348e-01,4.001145958900451660e-01,4.531996250152587891e-01,4.064539372920989990e-01,3.617891073226928711e-01,4.000824391841888428e-01,4.056834876537322998e-01,4.023081660270690918e-01,3.486917018890380859e-01,4.255543649196624756e-01,3.754451870918273926e-01,3.583880066871643066e-01,3.661786913871765137e-01,4.160773456096649170e-01,3.553127646446228027e-01,4.324038028717041016e-01,4.049937725067138672e-01,3.935111463069915771e-01,3.969888687133789062e-01,4.111442565917968750e-01,2.657775282859802246e-01,4.124640822410583496e-01,4.088523387908935547e-01,3.703126907348632812e-01,3.944841027259826660e-01,4.018478393554687500e-01,4.536224901676177979e-01,3.762199282646179199e-01,3.711357116699218750e-01,4.296807050704956055e-01,3.405606448650360107e-01,4.135223627090454102e-01,4.105181097984313965e-01,4.004145860671997070e-01,3.807729482650756836e-01,3.667295575141906738e-01,4.301565289497375488e-01,4.049710035324096680e-01,4.067354798316955566e-01,4.116774797439575195e-01,3.626342415809631348e-01,4.249752163887023926e-01,4.377487897872924805e-01,4.066373705863952637e-01,3.944116830825805664e-01,3.919830918312072754e-01,3.714178204536437988e-01,4.429134726524353027e-01,3.943786025047302246e-01,4.075271189212799072e-01,4.482381939888000488e-01,3.486405611038208008e-01,4.291199445724487305e-01,4.047649204730987549e-01,4.449976682662963867e-01,4.040462672710418701e-01,4.112756848335266113e-01,3.638406991958618164e-01,3.790507316589355469e-01,3.215298652648925781e-01,3.925792872905731201e-01,3.817518651485443115e-01,4.235628843307495117e-01,4.127668440341949463e-01,3.471498191356658936e-01,3.705930709838867188e-01,3.852870464324951172e-01,3.759623765945434570e-01,3.992685675621032715e-01,3.205267190933227539e-01,4.325275421142578125e-01,3.254555761814117432e-01,4.053746461868286133e-01,3.783407807350158691e-01,4.239715337753295898e-01,3.989925682544708252e-01,3.791900873184204102e-01,4.263467490673065186e-01,3.829941749572753906e-01,3.419389724731445312e-01,3.884722888469696045e-01,4.326733350753784180e-01,2.879214286804199219e-01,3.806322216987609863e-01,3.885184526443481445e-01,4.186832010746002197e-01,4.067174792289733887e-01,4.133350551128387451e-01,4.139849245548248291e-01,4.042046666145324707e-01,3.645062446594238281e-01,4.148697257041931152e-01,3.729147017002105713e-01,3.723072409629821777e-01,3.862993121147155762e-01,3.578756749629974365e-01,3.845538496971130371e-01,4.109326601028442383e-01,3.693433403968811035e-01,3.973284959793090820e-01,3.463292717933654785e-01,4.062415957450866699e-01,4.180184602737426758e-01,4.078687429428100586e-01,3.328401148319244385e-01,4.051831960678100586e-01,4.062678813934326172e-01,3.407784402370452881e-01,4.384558796882629395e-01,3.414551019668579102e-01,3.691748380661010742e-01,3.675243854522705078e-01,3.978431820869445801e-01,4.228829145431518555e-01,4.118256568908691406e-01,3.194131851196289062e-01,4.294688105583190918e-01,3.481759727001190186e-01,4.205950200557708740e-01,4.161284863948822021e-01,3.826887011528015137e-01,3.547607064247131348e-01,3.900758922100067139e-01,3.120560050010681152e-01,4.094293415546417236e-01,3.897515535354614258e-01,2.946137189865112305e-01,3.715427517890930176e-01,4.045692980289459229e-01,3.551286458969116211e-01,3.931615352630615234e-01,3.839465081691741943e-01,3.815014958381652832e-01,3.756542205810546875e-01,3.631581962108612061e-01,3.994949460029602051e-01,3.682475090026855469e-01,3.745050132274627686e-01,3.998253345489501953e-01,4.154829382896423340e-01,3.411286473274230957e-01,3.393360376358032227e-01,3.967214226722717285e-01,4.489686489105224609e-01,3.588718473911285400e-01,4.414361417293548584e-01,4.181573987007141113e-01,3.780215680599212646e-01,3.933753967285156250e-01,3.835229277610778809e-01,2.791770696640014648e-01,4.032977223396301270e-01,3.602817058563232422e-01,3.173701167106628418e-01,4.522627890110015869e-01,3.859741091728210449e-01,2.784647345542907715e-01,4.120080471038818359e-01,4.035512208938598633e-01,3.918484449386596680e-01,3.937904834747314453e-01,3.790180385112762451e-01,4.174081087112426758e-01,3.352504670619964600e-01,2.716774940490722656e-01,4.370750784873962402e-01,4.258874654769897461e-01,3.788767457008361816e-01,3.892436623573303223e-01,4.165570735931396484e-01,3.839171528816223145e-01,4.460610151290893555e-01,4.049822390079498291e-01,4.387042522430419922e-01,4.097507596015930176e-01,4.303898513317108154e-01,3.564878702163696289e-01,4.111471176147460938e-01,3.836311101913452148e-01,3.928440213203430176e-01,3.917707204818725586e-01,4.289402365684509277e-01,3.799090981483459473e-01,3.972809016704559326e-01,3.867049813270568848e-01,3.974779844284057617e-01,3.953838050365447998e-01,4.254029095172882080e-01,4.028452336788177490e-01,3.694456219673156738e-01,3.071610033512115479e-01,4.106653332710266113e-01,2.959694862365722656e-01,3.861443996429443359e-01,4.584603309631347656e-01,4.101670384407043457e-01,4.167659878730773926e-01,3.923051953315734863e-01,3.297858834266662598e-01,3.901599645614624023e-01,3.957125544548034668e-01,3.583025932312011719e-01,3.343775868415832520e-01,3.871873617172241211e-01,3.701831698417663574e-01,3.923994302749633789e-01,4.019679427146911621e-01,3.898837566375732422e-01,3.437540829181671143e-01,4.230918288230895996e-01,3.939104676246643066e-01,4.107828736305236816e-01,3.310447037220001221e-01,3.515088558197021484e-01,3.928070664405822754e-01,4.363421797752380371e-01,3.639801740646362305e-01,3.626071214675903320e-01,2.716426253318786621e-01,3.686080574989318848e-01,3.761884570121765137e-01,3.784668445587158203e-01,4.400577545166015625e-01,4.197935760021209717e-01,4.192597568035125732e-01,3.658425807952880859e-01,3.761203289031982422e-01,2.599433660507202148e-01,3.804820179939270020e-01,4.009968042373657227e-01,3.047863841056823730e-01,3.686382472515106201e-01,3.133916258811950684e-01,3.982994556427001953e-01,3.210418224334716797e-01,4.103820919990539551e-01,3.626108765602111816e-01,3.630754649639129639e-01,2.800931930541992188e-01,3.262536525726318359e-01,4.227098822593688965e-01,3.708772063255310059e-01,3.632290363311767578e-01,3.750353455543518066e-01,4.048933982849121094e-01,3.981917202472686768e-01,3.728777468204498291e-01,3.759816288948059082e-01,4.680373072624206543e-01,3.628150820732116699e-01,4.378688931465148926e-01,4.423107504844665527e-01,4.217078387737274170e-01,4.273066818714141846e-01,3.697185516357421875e-01,3.682316541671752930e-01,4.095570445060729980e-01,3.615013062953948975e-01,3.857763409614562988e-01,4.443965256214141846e-01,4.220995008945465088e-01,3.291475772857666016e-01,2.909821569919586182e-01,2.642356753349304199e-01,3.880704045295715332e-01,3.905328512191772461e-01,3.908976316452026367e-01,4.163493216037750244e-01,4.244360923767089844e-01,4.070184528827667236e-01,4.042529165744781494e-01,3.744692802429199219e-01,3.934901356697082520e-01,4.041809141635894775e-01,4.006599783897399902e-01,3.829846680164337158e-01,3.864902555942535400e-01,4.187334179878234863e-01,3.789981007575988770e-01,3.931014537811279297e-01,2.993403673171997070e-01,4.281274080276489258e-01,3.923285007476806641e-01,3.433839082717895508e-01,2.518776357173919678e-01,4.979634284973144531e-01,3.634569644927978516e-01,4.240726828575134277e-01,4.044046401977539062e-01,2.609157860279083252e-01,3.769329190254211426e-01,2.644524574279785156e-01,4.161925315856933594e-01,3.831322789192199707e-01,3.498558998107910156e-01,3.627521395683288574e-01,4.013433456420898438e-01,4.421190023422241211e-01,3.818005621433258057e-01,3.602801263332366943e-01,4.476056993007659912e-01,3.070793151855468750e-01,3.539869189262390137e-01,4.312394559383392334e-01,4.124763309955596924e-01,4.009149670600891113e-01,3.829380869865417480e-01,3.696211874485015869e-01,4.065620303153991699e-01,4.047471284866333008e-01,3.838891386985778809e-01,3.574274480342864990e-01,3.439149856567382812e-01,3.901129961013793945e-01,4.167793393135070801e-01,3.803886473178863525e-01,3.934205174446105957e-01,4.023865759372711182e-01,4.431147873401641846e-01,3.894108831882476807e-01,3.360531330108642578e-01,3.658626377582550049e-01,3.423385322093963623e-01,3.656052052974700928e-01,4.051452875137329102e-01,2.948254644870758057e-01,4.468798041343688965e-01,3.680368661880493164e-01,4.202999472618103027e-01,3.782548308372497559e-01,4.198371171951293945e-01,3.683142662048339844e-01,3.492340743541717529e-01,4.322313964366912842e-01,3.993970751762390137e-01,4.281967282295227051e-01,3.937513828277587891e-01,3.350760340690612793e-01,4.043380618095397949e-01,3.908228576183319092e-01,3.779138326644897461e-01,3.900576829910278320e-01,4.002769887447357178e-01,4.321627020835876465e-01,3.651304841041564941e-01,3.803516626358032227e-01,3.773537874221801758e-01,3.402708172798156738e-01,3.940958678722381592e-01,3.919714093208312988e-01,3.832800686359405518e-01,4.229139387607574463e-01,3.447191715240478516e-01,3.985720574855804443e-01,4.168374538421630859e-01,3.346906304359436035e-01,3.955296277999877930e-01,4.158191084861755371e-01,4.060499668121337891e-01,3.552025556564331055e-01,3.786389827728271484e-01,3.789499402046203613e-01,3.635446429252624512e-01,4.084788262844085693e-01,3.877229988574981689e-01,4.008837044239044189e-01,3.158133625984191895e-01,3.965784907341003418e-01,3.946517705917358398e-01,3.676210939884185791e-01,2.979025244712829590e-01,4.074819982051849365e-01,3.815872669219970703e-01,3.430907428264617920e-01,4.105781316757202148e-01,4.042308628559112549e-01,4.176638722419738770e-01,3.711813688278198242e-01,4.272333085536956787e-01,3.411606550216674805e-01,3.922254145145416260e-01,4.133296906948089600e-01,3.620201051235198975e-01,3.235945999622344971e-01,3.392610549926757812e-01,3.905562758445739746e-01,3.540781140327453613e-01,3.670383691787719727e-01,3.807490468025207520e-01,3.849827647209167480e-01,3.403892517089843750e-01,4.200529456138610840e-01,4.014005064964294434e-01,2.902819514274597168e-01,3.759514093399047852e-01,3.815023303031921387e-01,3.904991745948791504e-01,3.922211527824401855e-01,4.103002250194549561e-01,3.683210611343383789e-01,4.422834515571594238e-01,3.785063028335571289e-01,3.936883807182312012e-01,3.498322665691375732e-01,3.512322008609771729e-01,4.090111851692199707e-01,3.732203841209411621e-01,3.812518715858459473e-01,3.269225955009460449e-01,4.131782650947570801e-01,4.021562337875366211e-01,3.841984570026397705e-01,3.914463222026824951e-01,4.011912047863006592e-01,3.518104851245880127e-01,4.051296710968017578e-01,4.081118404865264893e-01,4.059510529041290283e-01,3.862374424934387207e-01,3.983086645603179932e-01,3.970630764961242676e-01,3.384961485862731934e-01,4.301066398620605469e-01,3.852896690368652344e-01,3.734166622161865234e-01,3.489591479301452637e-01,4.013747870922088623e-01,3.623937070369720459e-01,4.420278072357177734e-01,4.486666321754455566e-01,3.846594691276550293e-01,4.156094193458557129e-01,3.363206386566162109e-01,3.961513042449951172e-01,3.936650156974792480e-01,3.852902650833129883e-01,4.085087180137634277e-01,4.146779179573059082e-01,4.488356709480285645e-01,4.346637725830078125e-01,3.945258259773254395e-01,3.950096964836120605e-01,4.216332733631134033e-01,3.246650993824005127e-01,3.838261067867279053e-01,3.572493791580200195e-01,4.676902294158935547e-01,3.492064476013183594e-01,4.467993974685668945e-01,3.838321566581726074e-01,3.956012725830078125e-01,4.410316050052642822e-01,3.816551566123962402e-01,4.436680674552917480e-01,3.592309057712554932e-01,4.178203940391540527e-01,3.492915034294128418e-01,4.116341173648834229e-01,3.957466483116149902e-01,3.580273985862731934e-01,3.682684898376464844e-01,3.832173347473144531e-01,4.212378859519958496e-01,4.163676798343658447e-01,4.658262133598327637e-01,4.061140418052673340e-01,3.806123733520507812e-01,4.043349325656890869e-01,4.051162600517272949e-01,3.616810739040374756e-01,4.187495708465576172e-01,4.406497478485107422e-01,3.381560444831848145e-01,2.892448306083679199e-01,3.869527876377105713e-01,4.165518879890441895e-01,3.907192945480346680e-01,3.789508640766143799e-01,3.716529309749603271e-01,4.203903675079345703e-01,3.428346514701843262e-01,4.168159961700439453e-01,4.305590987205505371e-01,3.231929838657379150e-01,4.153014421463012695e-01,3.236853778362274170e-01,4.196687042713165283e-01,4.030182361602783203e-01,3.431442081928253174e-01,3.232437372207641602e-01,3.689939975738525391e-01,3.966228365898132324e-01,4.275578260421752930e-01,3.806593418121337891e-01,3.841999471187591553e-01,4.209240078926086426e-01,3.715317845344543457e-01,4.100001454353332520e-01,3.611347079277038574e-01,3.715224862098693848e-01,3.553920984268188477e-01,4.318516254425048828e-01,3.523548245429992676e-01,4.111008942127227783e-01,3.908393979072570801e-01,3.138504028320312500e-01,3.899527192115783691e-01,3.742409944534301758e-01,2.832676768302917480e-01,3.920408487319946289e-01,2.658931314945220947e-01,3.509112596511840820e-01,3.806202411651611328e-01,3.740124702453613281e-01,3.807250857353210449e-01,4.086077213287353516e-01,3.739455342292785645e-01,3.758187294006347656e-01,3.842558264732360840e-01,3.341850638389587402e-01,3.778916299343109131e-01,4.009211063385009766e-01,4.037540256977081299e-01,3.832123279571533203e-01,3.839758336544036865e-01,3.565008044242858887e-01,3.978601098060607910e-01,3.870806992053985596e-01,3.352077007293701172e-01,4.056086540222167969e-01,3.893992900848388672e-01,3.436295092105865479e-01,4.247006177902221680e-01,3.809590935707092285e-01,3.477659523487091064e-01,4.273336827754974365e-01,3.906662166118621826e-01,4.023430347442626953e-01,3.644798398017883301e-01,4.438167214393615723e-01,3.563908338546752930e-01,4.517190456390380859e-01,3.991239368915557861e-01,4.134487211704254150e-01,4.194930791854858398e-01,4.026416242122650146e-01,3.785090744495391846e-01,3.741425871849060059e-01,3.707467317581176758e-01,3.149978816509246826e-01,4.281227588653564453e-01,3.618264496326446533e-01,2.609008848667144775e-01,3.946211636066436768e-01,3.952291905879974365e-01,3.740485608577728271e-01,4.207159280776977539e-01,3.606733083724975586e-01,4.186802208423614502e-01,3.619734048843383789e-01,3.784348964691162109e-01,4.092987179756164551e-01,3.833364248275756836e-01,4.230293035507202148e-01,3.955049812793731689e-01,4.567188024520874023e-01,3.483295142650604248e-01,3.171043395996093750e-01,3.734406232833862305e-01,3.429109752178192139e-01,3.389230370521545410e-01,3.780871629714965820e-01,4.475702047348022461e-01,3.327670097351074219e-01,4.148496985435485840e-01,3.919685482978820801e-01,3.778707385063171387e-01,3.567143082618713379e-01,4.018933773040771484e-01,3.663559556007385254e-01,4.444727301597595215e-01,4.033952951431274414e-01,3.967894017696380615e-01,3.986048102378845215e-01,4.202168583869934082e-01,3.783788681030273438e-01,3.766294121742248535e-01,4.128634929656982422e-01,4.020256996154785156e-01,2.828742861747741699e-01,3.948386311531066895e-01,4.208645522594451904e-01,3.903285264968872070e-01,3.816506862640380859e-01,4.661098122596740723e-01,3.225519061088562012e-01,4.354677796363830566e-01,4.009837508201599121e-01,4.079539477825164795e-01,3.398195505142211914e-01,4.492262601852416992e-01,3.777024149894714355e-01,3.533762693405151367e-01,4.023839831352233887e-01,4.323082864284515381e-01,3.999336361885070801e-01,4.473178386688232422e-01,3.812546432018280029e-01,4.038434028625488281e-01,4.118733704090118408e-01,4.029209911823272705e-01,4.566185474395751953e-01,3.682690262794494629e-01,3.537259101867675781e-01,3.572669625282287598e-01,3.765059113502502441e-01,3.946735262870788574e-01,3.282875418663024902e-01,4.224183559417724609e-01,3.950212895870208740e-01,4.412214756011962891e-01,3.320603668689727783e-01,3.738750219345092773e-01,3.708204925060272217e-01,3.940230011940002441e-01,3.749724030494689941e-01,4.338121712207794189e-01,4.080451428890228271e-01,4.400848746299743652e-01,3.840629458427429199e-01,4.207360148429870605e-01,3.453876972198486328e-01,3.724883794784545898e-01,3.524237275123596191e-01,4.037255048751831055e-01,3.410264253616333008e-01,3.820442557334899902e-01,3.952614068984985352e-01,3.807368278503417969e-01,3.845659792423248291e-01,3.944579660892486572e-01,4.591416716575622559e-01,3.690390586853027344e-01,4.325470924377441406e-01,3.817137479782104492e-01,3.925806283950805664e-01,4.062812924385070801e-01,3.886708021163940430e-01,3.868847489356994629e-01,4.193440079689025879e-01,3.693773448467254639e-01,4.131907820701599121e-01,4.230271875858306885e-01,4.084440767765045166e-01,3.211872875690460205e-01,3.671218752861022949e-01,4.033839106559753418e-01,3.900189399719238281e-01,4.382034540176391602e-01,4.098852574825286865e-01,3.608666956424713135e-01,3.825354576110839844e-01,4.315872192382812500e-01,3.852592706680297852e-01,3.709758520126342773e-01,4.041891992092132568e-01,3.670957982540130615e-01,3.436610102653503418e-01,4.032661914825439453e-01,3.921556770801544189e-01,3.917919397354125977e-01,3.674440383911132812e-01,4.204548299312591553e-01,3.634324669837951660e-01,3.934861421585083008e-01,3.497771322727203369e-01,3.750830888748168945e-01,3.888207674026489258e-01,4.132775664329528809e-01,4.080322086811065674e-01,4.107886552810668945e-01,3.856438398361206055e-01,4.017545580863952637e-01,3.795498311519622803e-01,4.260283708572387695e-01,3.947696089744567871e-01,3.460433483123779297e-01,4.060170948505401611e-01,3.966223597526550293e-01,4.331127107143402100e-01,2.909383475780487061e-01,4.014881849288940430e-01,3.795713484287261963e-01,3.727337121963500977e-01,4.128609299659729004e-01,3.388003706932067871e-01,4.035823345184326172e-01,2.500272989273071289e-01,4.026948511600494385e-01,4.161568880081176758e-01,4.332417547702789307e-01,3.681643307209014893e-01,4.462885856628417969e-01,3.820311725139617920e-01,4.138985872268676758e-01,4.180372357368469238e-01,4.121733307838439941e-01,4.409470856189727783e-01,3.951669037342071533e-01,3.868542313575744629e-01,3.693813681602478027e-01,3.670884668827056885e-01,4.359239935874938965e-01,3.348296284675598145e-01,3.535646200180053711e-01,3.525021076202392578e-01,4.012327194213867188e-01,3.544576168060302734e-01,4.483168721199035645e-01,3.351021409034729004e-01,3.337237238883972168e-01,4.005057215690612793e-01,4.012191891670227051e-01,3.701860308647155762e-01,3.912522196769714355e-01,3.449347317218780518e-01,3.859813809394836426e-01,4.010430276393890381e-01,3.426161706447601318e-01,4.492667913436889648e-01,3.677575588226318359e-01,3.600451946258544922e-01,3.679924607276916504e-01,3.841245174407958984e-01,3.682169914245605469e-01,4.279320836067199707e-01,4.167532324790954590e-01,4.161416292190551758e-01,3.859943747520446777e-01,3.758442997932434082e-01,4.029976129531860352e-01,3.728871047496795654e-01,4.012848138809204102e-01,3.758640885353088379e-01,4.083157777786254883e-01,3.824647665023803711e-01,3.972514867782592773e-01,3.930120170116424561e-01,3.093455433845520020e-01,3.755220770835876465e-01,3.908952772617340088e-01,4.038807749748229980e-01,3.829989731311798096e-01,3.650884628295898438e-01,3.943928778171539307e-01,4.250177443027496338e-01,4.596391618251800537e-01,3.711484968662261963e-01,3.996687531471252441e-01,3.781923353672027588e-01,4.154337644577026367e-01,4.494579136371612549e-01,3.479257822036743164e-01,4.125154912471771240e-01,4.086333513259887695e-01,4.102897047996520996e-01,4.029342830181121826e-01,3.291898369789123535e-01,3.855158686637878418e-01,4.081314504146575928e-01,4.067162275314331055e-01,4.589872360229492188e-01,4.240661263465881348e-01,3.810985684394836426e-01,3.633686304092407227e-01,3.956652879714965820e-01,4.117511808872222900e-01,4.258792400360107422e-01,3.574272394180297852e-01,3.748062252998352051e-01,4.009841680526733398e-01,4.450126588344573975e-01,3.836497068405151367e-01,3.612418174743652344e-01,4.156260490417480469e-01,4.634670615196228027e-01,3.782196044921875000e-01,4.001095294952392578e-01,3.822117149829864502e-01,3.924946486949920654e-01,4.386561810970306396e-01,3.819919228553771973e-01,4.444585442543029785e-01,3.986731767654418945e-01,4.237541258335113525e-01,3.633662462234497070e-01,3.806498348712921143e-01,3.866277039051055908e-01,4.212135672569274902e-01,4.285323023796081543e-01,4.137715697288513184e-01,4.175220727920532227e-01,4.240599274635314941e-01,3.655134737491607666e-01,3.016034364700317383e-01,3.947878479957580566e-01,3.912161588668823242e-01,4.122448861598968506e-01,3.939238786697387695e-01,3.890687227249145508e-01,3.363563418388366699e-01,3.955808281898498535e-01,4.327179491519927979e-01,3.570801019668579102e-01,4.040483236312866211e-01,3.901877999305725098e-01,4.293637275695800781e-01,3.734480738639831543e-01,4.485755264759063721e-01,3.881843090057373047e-01,4.225616753101348877e-01,3.870397806167602539e-01,3.882032036781311035e-01,3.510707914829254150e-01,3.715263605117797852e-01,3.959810137748718262e-01,4.177468419075012207e-01,3.461579084396362305e-01,3.781546354293823242e-01,3.412852585315704346e-01,3.919422030448913574e-01,4.334684312343597412e-01,4.342154562473297119e-01,3.976160883903503418e-01,4.508374929428100586e-01,4.348276555538177490e-01,3.958396911621093750e-01,4.111523032188415527e-01,4.010500907897949219e-01,3.438547253608703613e-01,3.241964578628540039e-01,2.832605242729187012e-01,4.012829065322875977e-01,4.454481303691864014e-01,3.978813886642456055e-01,3.979527950286865234e-01,3.600950837135314941e-01,3.848246932029724121e-01,3.935426473617553711e-01,4.048120379447937012e-01,3.757661879062652588e-01,4.323621392250061035e-01,3.695424199104309082e-01,4.345351159572601318e-01,3.917706310749053955e-01,4.107379317283630371e-01,3.732377886772155762e-01,3.714533448219299316e-01,4.204781949520111084e-01,3.783001899719238281e-01,3.208178281784057617e-01,4.069003462791442871e-01,3.975492119789123535e-01,4.399576783180236816e-01,4.005385041236877441e-01,3.811927735805511475e-01,3.522437512874603271e-01,3.711787760257720947e-01,3.907865285873413086e-01,3.957810103893280029e-01,3.408994674682617188e-01,4.312948882579803467e-01,3.725115060806274414e-01,3.472674190998077393e-01,3.810071349143981934e-01,3.175285756587982178e-01,3.872950077056884766e-01,4.347456395626068115e-01,4.196708500385284424e-01,4.079974889755249023e-01,3.181695938110351562e-01,3.926898241043090820e-01,4.106443226337432861e-01,3.605389297008514404e-01,3.327121734619140625e-01,3.770903348922729492e-01,3.905435800552368164e-01,4.142906367778778076e-01,4.024718403816223145e-01,3.924137353897094727e-01,3.527457416057586670e-01,3.690136969089508057e-01,3.751701116561889648e-01,4.143579602241516113e-01,3.855871856212615967e-01,3.783755898475646973e-01,3.783734142780303955e-01,4.059999585151672363e-01,4.131074547767639160e-01,3.764118254184722900e-01,3.927365243434906006e-01,4.437209665775299072e-01,3.940483033657073975e-01,3.159567117691040039e-01,3.253321647644042969e-01,3.879364430904388428e-01,3.977572321891784668e-01,4.347698688507080078e-01,3.615356981754302979e-01,3.894586563110351562e-01,3.885212838649749756e-01,3.983750343322753906e-01,4.308445751667022705e-01,4.139774143695831299e-01,2.875533998012542725e-01,4.491344094276428223e-01,3.031406104564666748e-01,4.633389711380004883e-01,4.115044772624969482e-01,3.458399772644042969e-01,3.868755102157592773e-01,4.104269742965698242e-01,3.775067925453186035e-01,3.842333853244781494e-01,3.845220208168029785e-01,4.669110178947448730e-01,3.981091380119323730e-01,3.999418318271636963e-01,3.888932466506958008e-01,4.106157422065734863e-01,3.521865606307983398e-01,3.982721865177154541e-01,3.822156786918640137e-01,4.013221263885498047e-01,3.909014463424682617e-01,3.939516544342041016e-01,3.999669253826141357e-01,3.562883138656616211e-01,3.508803248405456543e-01,3.893919587135314941e-01,4.155399799346923828e-01,3.710294961929321289e-01,3.823482692241668701e-01,3.991872072219848633e-01,3.960922658443450928e-01,3.470721542835235596e-01,4.331307709217071533e-01,3.824325203895568848e-01,3.836649954319000244e-01,4.026894867420196533e-01,4.014704227447509766e-01,4.104860723018646240e-01,2.847895920276641846e-01,4.288751482963562012e-01,4.106253385543823242e-01,4.047533869743347168e-01,4.102799296379089355e-01,3.993421792984008789e-01,3.126334547996520996e-01,4.053904414176940918e-01,3.566301465034484863e-01,3.253319859504699707e-01,3.852897286415100098e-01,3.912521302700042725e-01,3.934689164161682129e-01,4.326997697353363037e-01,3.799721300601959229e-01,4.233231544494628906e-01,4.220355153083801270e-01,3.889895379543304443e-01,3.643126785755157471e-01,3.920500874519348145e-01,4.387277066707611084e-01,4.262838363647460938e-01,3.873599767684936523e-01,4.078176617622375488e-01,3.710031509399414062e-01,4.069765508174896240e-01,3.934890627861022949e-01,3.628205060958862305e-01,3.956170976161956787e-01,4.850423038005828857e-01,4.097365438938140869e-01,4.177929162979125977e-01,3.922819793224334717e-01,2.926801741123199463e-01,3.423579335212707520e-01,4.014453291893005371e-01,3.913096189498901367e-01,3.977807760238647461e-01,3.625770807266235352e-01,3.730918169021606445e-01,4.021627902984619141e-01,4.212709665298461914e-01,3.852467536926269531e-01,3.841124176979064941e-01,3.148616552352905273e-01,3.958199620246887207e-01,4.371662735939025879e-01,4.119656085968017578e-01,3.892674446105957031e-01,3.229602575302124023e-01,3.742017149925231934e-01,3.583422005176544189e-01,4.070014357566833496e-01,4.364999532699584961e-01,4.022701382637023926e-01,4.009828269481658936e-01,3.681161403656005859e-01,4.015151858329772949e-01,4.008446335792541504e-01,3.565528094768524170e-01,3.925552368164062500e-01,4.311804771423339844e-01,4.061998724937438965e-01,3.504440188407897949e-01,3.850706219673156738e-01,3.725572824478149414e-01,4.099834859371185303e-01,4.325702190399169922e-01,3.467122912406921387e-01,4.368968009948730469e-01,4.159492850303649902e-01,4.313896298408508301e-01,3.837142288684844971e-01,3.623403906822204590e-01,4.093868136405944824e-01,3.541080951690673828e-01,3.634828031063079834e-01,4.337075054645538330e-01,3.128740191459655762e-01,3.592031598091125488e-01,3.778588175773620605e-01,4.106722772121429443e-01,4.805869460105895996e-01,4.123355448246002197e-01,3.886635303497314453e-01,3.080579042434692383e-01,3.785457313060760498e-01,3.799244761466979980e-01,3.712254166603088379e-01,3.715268373489379883e-01,4.069942533969879150e-01,2.903094589710235596e-01,3.412040174007415771e-01,3.368965089321136475e-01,3.667632043361663818e-01,3.946176767349243164e-01,4.227176010608673096e-01,3.867169022560119629e-01,4.626096487045288086e-01,3.869937062263488770e-01,4.311072826385498047e-01,4.184025526046752930e-01,3.799518346786499023e-01,3.983944058418273926e-01,3.820804953575134277e-01,3.176437616348266602e-01,3.967882990837097168e-01,4.081891477108001709e-01,3.642911911010742188e-01,3.733355104923248291e-01,4.091912508010864258e-01,4.287902116775512695e-01,3.447880744934082031e-01,4.295387864112854004e-01,3.562431931495666504e-01,4.115362763404846191e-01,4.410667419433593750e-01,4.612687826156616211e-01,4.840412437915802002e-01,4.466152191162109375e-01,4.055134952068328857e-01,3.546921610832214355e-01,3.645465672016143799e-01,3.527809381484985352e-01,4.062699079513549805e-01,3.894008994102478027e-01,3.488485217094421387e-01,3.809022903442382812e-01,3.548591136932373047e-01,3.565460443496704102e-01,3.742205500602722168e-01,3.487487435340881348e-01,4.083566069602966309e-01,4.187080860137939453e-01,4.412913322448730469e-01,4.271947145462036133e-01,3.572396636009216309e-01,4.216253757476806641e-01,4.062242507934570312e-01,4.252855777740478516e-01,4.504050612449645996e-01,4.302633404731750488e-01,3.918186724185943604e-01,3.532038331031799316e-01,3.806083202362060547e-01,4.020130634307861328e-01,3.578062057495117188e-01,3.866842985153198242e-01,3.865417242050170898e-01,4.065419137477874756e-01,3.513745367527008057e-01,4.377092719078063965e-01,4.120080471038818359e-01,3.806789517402648926e-01,4.201907813549041748e-01,3.746883869171142578e-01,4.204683899879455566e-01,3.576532006263732910e-01,4.282879531383514404e-01,4.091493487358093262e-01,4.115187227725982666e-01,4.229553341865539551e-01,3.843598365783691406e-01,4.128769636154174805e-01,4.491210579872131348e-01,3.453068137168884277e-01,4.469517469406127930e-01,4.154484868049621582e-01,3.291196227073669434e-01,4.205209612846374512e-01,4.069597721099853516e-01,3.710051774978637695e-01,3.787608444690704346e-01,4.351790249347686768e-01,4.327031672000885010e-01,3.470894098281860352e-01,3.919338285923004150e-01,3.959910571575164795e-01,3.969097137451171875e-01,3.666806817054748535e-01,4.040086567401885986e-01,4.043194055557250977e-01,3.896653652191162109e-01,3.477346599102020264e-01,4.017313718795776367e-01,4.058583080768585205e-01,4.401686191558837891e-01,4.454980492591857910e-01,3.635518550872802734e-01,3.991637229919433594e-01,3.777583241462707520e-01,3.915153741836547852e-01,4.182887077331542969e-01,3.753530383110046387e-01,3.238546550273895264e-01,4.000959396362304688e-01,3.979779481887817383e-01,3.842122256755828857e-01,3.538376688957214355e-01,4.214468002319335938e-01,3.717848956584930420e-01,3.674338757991790771e-01,3.716288208961486816e-01,3.719012737274169922e-01,4.458847045898437500e-01,3.893443346023559570e-01,4.406640529632568359e-01,4.222278296947479248e-01,3.554099798202514648e-01,4.539151191711425781e-01,4.355189204216003418e-01,3.766507804393768311e-01,4.115175008773803711e-01,3.827472031116485596e-01,4.215987920761108398e-01,4.083318412303924561e-01,3.704214692115783691e-01,3.710631132125854492e-01
