3.217489644885063171e-02,2.259690612554550171e-01,2.639784291386604309e-02,9.418520331382751465e-02,1.559979319572448730e-01,5.121360719203948975e-02,3.919759765267372131e-02,5.898621678352355957e-02,1.552481055259704590e-01,1.509381830692291260e-01,1.328906267881393433e-01,-2.050215005874633789e-02,9.343954920768737793e-02,5.224891938269138336e-03,2.078848704695701599e-02,2.079552412033081055e-02,-1.808896288275718689e-02,-4.929251223802566528e-02,1.447084248065948486e-01,6.127399206161499023e-02,-4.440139047801494598e-03,-1.216736622154712677e-03,2.880707010626792908e-02,1.504355669021606445e-01,-9.593404084444046021e-02,3.006353974342346191e-02,2.126233093440532684e-02,3.269873559474945068e-02,1.040671318769454956e-01,5.930260196328163147e-02,1.145856305956840515e-01,1.159461736679077148e-01,3.237139061093330383e-02,1.094473451375961304e-01,-4.689523205161094666e-02,1.073473598808050156e-02,-1.316591203212738037e-01,1.429549157619476318e-01,3.533270210027694702e-02,1.331257633864879608e-03,5.842509493231773376e-02,6.481488794088363647e-02,7.436924427747726440e-02,9.181923419237136841e-02,3.083655238151550293e-02,1.106004882603883743e-02,-7.846298813819885254e-02,-4.488176479935646057e-02,7.575476169586181641e-02,5.957428365945816040e-02,1.602943241596221924e-01,-1.289178617298603058e-03,9.882820397615432739e-02,-4.774010553956031799e-02,-3.864959999918937683e-02,1.839940436184406281e-03,4.433181881904602051e-02,1.487460434436798096e-01,1.413256675004959106e-01,2.198783308267593384e-02,5.942070856690406799e-02,-3.476503305137157440e-03,6.645303219556808472e-02,8.560659736394882202e-02,8.016174286603927612e-02,1.038364619016647339e-01,1.409204900264739990e-01,9.348552674055099487e-02,5.042244121432304382e-02,1.219284385442733765e-01,4.565973207354545593e-02,1.625405400991439819e-01,1.063318699598312378e-01,-2.350137010216712952e-02,6.375958025455474854e-02,1.383765935897827148e-01,1.059439256787300110e-01,-1.187147572636604309e-04,4.694196954369544983e-02,7.427209615707397461e-02,1.013466194272041321e-01,3.572057001292705536e-03,-6.928340345621109009e-02,-1.788173988461494446e-02,-7.899044454097747803e-02,1.485845297574996948e-01,1.698692142963409424e-01,1.532653123140335083e-01,1.153708547353744507e-01,-1.273040659725666046e-03,1.368964016437530518e-01,1.546351760625839233e-01,7.041013985872268677e-02,-9.979541413486003876e-03,1.473451852798461914e-01,1.817471534013748169e-02,-7.105044089257717133e-03,-6.514172255992889404e-02,-7.773059606552124023e-02,-2.933672070503234863e-02,7.081750035285949707e-02,1.441749632358551025e-01,2.459808066487312317e-02,-7.594695687294006348e-02,1.216745004057884216e-01,4.751615226268768311e-02,7.478236407041549683e-02,9.896539896726608276e-02,3.300411999225616455e-02,-7.381965406239032745e-03,-1.891293749213218689e-02,4.124693572521209717e-02,1.205039396882057190e-01,-7.649587094783782959e-02,6.840449757874011993e-03,-3.650576993823051453e-02,1.248847991228103638e-01,7.683606445789337158e-02,4.933059588074684143e-02,8.487378805875778198e-02,5.552427098155021667e-02,1.521959304809570312e-01,-3.555179014801979065e-02,9.913302958011627197e-02,1.537062376737594604e-01,-2.765673771500587463e-02,1.333186477422714233e-01,1.546265557408332825e-04,-1.747134327888488770e-02,1.509732007980346680e-01,8.633029460906982422e-02,6.708907335996627808e-02,5.756418406963348389e-02,2.178604528307914734e-02,2.651125565171241760e-02,-2.321220189332962036e-02,4.878841713070869446e-02,1.422898620367050171e-01,1.537630856037139893e-01,8.379122614860534668e-02,-7.244583964347839355e-02,4.534050449728965759e-02,-4.115292057394981384e-02,2.727081626653671265e-02,6.536749005317687988e-02,-2.090085670351982117e-02,-5.693613365292549133e-02,1.563848927617073059e-04,4.416729509830474854e-02,1.158341616392135620e-01,9.736352413892745972e-02,1.383168343454599380e-02,7.571379654109477997e-03,2.865497395396232605e-02,9.962309896945953369e-02,1.072904616594314575e-01,1.198949515819549561e-01,-7.705003954470157623e-03,-3.312009572982788086e-02,7.834456115961074829e-02,4.763725399971008301e-02,1.489678621292114258e-01,1.005600988864898682e-01,8.192021399736404419e-02,4.279868677258491516e-02,5.012053251266479492e-02,8.987499400973320007e-03,6.315931677818298340e-02,2.499749138951301575e-02,9.277503937482833862e-02,8.137525618076324463e-02,4.785170033574104309e-02,8.722275495529174805e-02,8.198533207178115845e-02,1.090488880872726440e-01,6.722800433635711670e-02,8.358389139175415039e-02,1.199393719434738159e-01,8.236896991729736328e-02,1.049012243747711182e-01,1.372112780809402466e-01,4.525599628686904907e-02,-3.506723418831825256e-02,6.142965704202651978e-02,1.403155922889709473e-01,-1.102389991283416748e-01,3.187716752290725708e-02,1.141366660594940186e-01,1.150789037346839905e-01,-1.435352861881256104e-01,-3.011209517717361450e-02,-5.163234099745750427e-02,3.344027698040008545e-02,-1.340293791145086288e-02,-2.575074508786201477e-02,-5.649536475539207458e-02,5.515287443995475769e-02,-7.151686586439609528e-03,1.216136440634727478e-01,-1.414961516857147217e-01,3.929341211915016174e-02,-1.600566804409027100e-01,4.886348918080329895e-02,1.156176626682281494e-01,6.790577620267868042e-02,-1.517872214317321777e-01,1.512607038021087646e-01,-1.409060508012771606e-01,5.090976879000663757e-02,-3.620351478457450867e-02,1.854552514851093292e-02,2.478209510445594788e-02,-6.417803466320037842e-02,-1.304663419723510742e-01,5.462612584233283997e-02,-9.590041637420654297e-02,7.645285129547119141e-02,1.155645921826362610e-01,5.436159670352935791e-02,-3.662305325269699097e-02,-1.625739410519599915e-02,-1.167728565633296967e-03,4.728310182690620422e-02,-2.690478041768074036e-02,1.083365157246589661e-01,-1.329756379127502441e-01,-1.305629499256610870e-03,-1.186829507350921631e-01,5.894073098897933960e-02,-9.424433857202529907e-02,6.533855944871902466e-02,2.391743473708629608e-03,6.380037963390350342e-02,1.357739418745040894e-02,9.598138928413391113e-02,6.386346369981765747e-02,1.398311406373977661e-01,-4.174214974045753479e-02,6.783312559127807617e-02,-9.654723852872848511e-02,5.989198014140129089e-02,4.028753191232681274e-02,7.617511786520481110e-03,-9.209160506725311279e-02,1.327803432941436768e-01,-1.598374545574188232e-02,1.493770778179168701e-01,-8.164148777723312378e-02,1.564372777938842773e-01,6.696467101573944092e-02,-4.401060938835144043e-02,-4.888318106532096863e-02,2.095705457031726837e-02,-7.988200336694717407e-02,1.424154359847307205e-02,-2.190490439534187317e-02,8.419935405254364014e-02,1.974458992481231689e-02,1.434509903192520142e-01,-5.554528161883354187e-02,1.882419735193252563e-02,-9.863413870334625244e-02,1.304526776075363159e-01,-6.739754974842071533e-02,5.898772180080413818e-02,2.056631818413734436e-02,6.549783051013946533e-02,-5.413295701146125793e-02,-1.677016615867614746e-01,-6.415188312530517578e-02,2.019099146127700806e-02,-7.580906152725219727e-02,-9.826019406318664551e-02,-1.140313223004341125e-01,-8.007894456386566162e-02,-1.426413953304290771e-01,1.183637678623199463e-01,-1.520766466856002808e-01,4.763004370033740997e-03,-8.177699893712997437e-02,4.675586149096488953e-02,-2.198705449700355530e-02,-2.804743871092796326e-02,5.477155372500419617e-02,3.877930343151092529e-02,-6.463006883859634399e-02,9.134396910667419434e-02,4.159636795520782471e-02,2.155978232622146606e-02,-4.353044182062149048e-02,1.246683001518249512e-01,-1.353600155562162399e-02,6.603118777275085449e-02,2.390420250594615936e-02,1.367877721786499023e-01,-1.619598269462585449e-01,-1.037812232971191406e-01,-6.695210933685302734e-02,6.503526121377944946e-02,5.260415747761726379e-02,9.860013425350189209e-02,-4.134787991642951965e-02,9.141606278717517853e-03,-4.669510200619697571e-02,1.934336498379707336e-02,2.254860475659370422e-02,6.456995755434036255e-02,-8.727256953716278076e-02,5.327004566788673401e-02,-5.856485292315483093e-02,-6.164601817727088928e-02,-7.691469788551330566e-02,4.374517500400543213e-02,3.669828921556472778e-02,9.229779988527297974e-02,-9.826727956533432007e-02,-5.902557447552680969e-02,-8.159634657204151154e-03,6.457827985286712646e-02,1.443950459361076355e-04,1.772933825850486755e-02,-9.237979352474212646e-02,6.181759759783744812e-02,-8.265829831361770630e-02,7.335633970797061920e-03,-1.129634529352188110e-01,8.595599979162216187e-02,1.479816436767578125e-01,7.284070551395416260e-02,-4.835027828812599182e-02,-2.355182170867919922e-02,-2.727092057466506958e-02,6.069913133978843689e-02,-6.963889300823211670e-02,4.878988116979598999e-02,-4.747396335005760193e-02,9.524012356996536255e-02,6.089098379015922546e-02,7.081755995750427246e-02,-7.035785168409347534e-02,5.360807850956916809e-02,1.814981549978256226e-02,1.296313554048538208e-01,-5.514119938015937805e-02,1.813956722617149353e-02,-1.263044476509094238e-01,1.181787550449371338e-01,-1.857575029134750366e-02,1.057920157909393311e-01,2.094727940857410431e-03,6.120573356747627258e-02,8.525708690285682678e-04,-5.655919387936592102e-02,4.908621683716773987e-02,1.129438430070877075e-01,-1.557232290506362915e-01,4.959319159388542175e-02,-4.814954474568367004e-02,-9.082594513893127441e-02,2.398189157247543335e-02,1.446237862110137939e-01,2.002472057938575745e-02,-7.671085000038146973e-02,-3.484074957668781281e-03,-4.551419988274574280e-02,-1.524586677551269531e-01,6.195805594325065613e-02,-7.026429474353790283e-02,6.180111691355705261e-02,-8.750592917203903198e-02,-1.386574804782867432e-01,4.985600337386131287e-02,1.465072575956583023e-02,-8.195142447948455811e-02,-4.876260086894035339e-02,4.729192703962326050e-02,3.811628557741641998e-03,-1.056788563728332520e-01,-1.191023886203765869e-01,-5.488060787320137024e-02,-5.344963632524013519e-03,3.336106985807418823e-02,5.295120552182197571e-02,-1.696555614471435547e-01,9.699764847755432129e-02,5.128422752022743225e-02,-8.422390557825565338e-03,2.801097929477691650e-02,9.365202486515045166e-02,-2.284261956810951233e-02,5.536494776606559753e-02,-6.845969706773757935e-02,-4.516727849841117859e-02,-1.401956826448440552e-01,-7.031543552875518799e-02,-9.862966835498809814e-02,5.120203271508216858e-02,-7.162559777498245239e-02,7.100384682416915894e-02,-1.102713346481323242e-01,1.375741660594940186e-01,-1.503868103027343750e-01,6.369934231042861938e-02,-9.591268002986907959e-02,-2.681449055671691895e-02,-4.358360171318054199e-02,3.629042766988277435e-03,-1.670783460140228271e-01,5.413670837879180908e-02,-1.031905934214591980e-01,-9.099863469600677490e-02,9.547659754753112793e-02,4.771877825260162354e-02,-6.206661090254783630e-02,5.470997840166091919e-02,-5.089247971773147583e-02,9.656941890716552734e-02,4.311253130435943604e-02,7.630351185798645020e-02,2.722857519984245300e-02,3.635495156049728394e-02,-2.406826242804527283e-02,5.324241146445274353e-02,6.814679503440856934e-02,5.907491222023963928e-02,7.545085251331329346e-02,-1.154481917619705200e-01,1.251925826072692871e-01,7.286848872900009155e-02,-4.083403944969177246e-02,2.790885418653488159e-02,1.276765614748001099e-01,9.221358597278594971e-02,-7.789528369903564453e-02,6.157705560326576233e-02,1.494226325303316116e-02,4.688632488250732422e-02,4.812430217862129211e-02,-8.658762276172637939e-02,5.402033403515815735e-02,1.088323369622230530e-01,4.881784692406654358e-02,8.576695621013641357e-02,2.835274860262870789e-02,6.284409761428833008e-02,2.342589199542999268e-02,5.881045386195182800e-02,9.707213938236236572e-02,1.195712108165025711e-02,-9.133493900299072266e-02,5.697053298354148865e-02,1.373485922813415527e-01,2.663628011941909790e-02,-3.102305158972740173e-02,-5.186567828059196472e-02,-7.427419722080230713e-02,1.256256550550460815e-01,8.789198100566864014e-02,1.299424767494201660e-01,-2.195316366851329803e-03,-1.086142566055059433e-02,1.128752976655960083e-01,-3.227957710623741150e-02,1.035508140921592712e-01,1.503538489341735840e-01,9.232226014137268066e-02,3.825284540653228760e-02,7.346203923225402832e-02,3.489432856440544128e-04,1.524057537317276001e-01,1.003435105085372925e-01,9.577551484107971191e-02,-1.116337925195693970e-01,6.399843096733093262e-02,8.156061172485351562e-02,-2.952022850513458252e-02,1.143527850508689880e-01,-1.033788919448852539e-01,1.206709221005439758e-01,1.201081350445747375e-01,1.460381001234054565e-01,9.869939088821411133e-02,1.000069156289100647e-01,9.281988441944122314e-02,1.548742409795522690e-02,-6.449443101882934570e-02,-9.854742139577865601e-02,5.746152624487876892e-02,7.348517328500747681e-02,1.567505002021789551e-01,-1.809423789381980896e-02,3.149924054741859436e-02,1.165587380528450012e-01,8.896049857139587402e-02,7.530321925878524780e-02,-6.050239130854606628e-02,3.215704485774040222e-02,1.345552355051040649e-01,1.041101515293121338e-01,9.176798164844512939e-03,2.984508872032165527e-02,-1.151965856552124023e-01,1.587951779365539551e-01,1.164381802082061768e-01,1.099824979901313782e-01,6.639863550662994385e-02,1.195476353168487549e-01,-6.566978991031646729e-02,-8.432072401046752930e-02,1.682795584201812744e-02,-1.258527021855115891e-02,1.026095729321241379e-02,9.279485046863555908e-02,1.010899096727371216e-01,5.001892521977424622e-02,4.204501956701278687e-02,8.757146447896957397e-02,5.856531858444213867e-02,3.153122961521148682e-02,6.471171975135803223e-02,7.706271111965179443e-02,5.534941330552101135e-02,5.920032039284706116e-02,-8.770594745874404907e-02,4.981145262718200684e-02,3.520299121737480164e-02,3.400534018874168396e-02,1.436141133308410645e-01,3.860699944198131561e-03,7.235667854547500610e-02,8.804214745759963989e-02,7.363942265510559082e-02,-3.191790357232093811e-02,1.513926237821578979e-01,1.351067572832107544e-01,-2.753450348973274231e-02,-1.895259693264961243e-02,7.440663874149322510e-02,1.013104803860187531e-03,1.431520469486713409e-02,4.134456813335418701e-02,9.476783871650695801e-02,5.101158283650875092e-03,6.510393321514129639e-02,-1.354271452873945236e-02,2.186994068324565887e-03,3.590619191527366638e-02,7.075404375791549683e-02,6.931635737419128418e-02,7.315854728221893311e-02,1.215250045061111450e-01,1.171110644936561584e-01,5.697706714272499084e-02,8.317428082227706909e-02,1.327925175428390503e-01,-5.474457517266273499e-02,-8.335923403501510620e-02,3.091181069612503052e-02,9.396131336688995361e-02,6.280999630689620972e-02,9.385535866022109985e-02,1.020616069436073303e-01,1.769618131220340729e-03,1.215102523565292358e-01,-3.980815038084983826e-02,8.452767506241798401e-04,2.089130505919456482e-02,-2.608113735914230347e-02,8.091554045677185059e-02,-4.952518269419670105e-02,8.172313123941421509e-02,5.678591504693031311e-02,1.213711965829133987e-02,-1.998046040534973145e-02,1.872133091092109680e-02,6.962462514638900757e-02,8.815273642539978027e-02,-6.866047531366348267e-02,1.306754648685455322e-01,8.936606347560882568e-02,-1.900978758931159973e-02,4.494224861264228821e-02,9.326776117086410522e-02,4.904723167419433594e-02,-9.452227503061294556e-02,1.432591229677200317e-01,4.709506779909133911e-02,-8.117618970572948456e-03,-6.809464655816555023e-03,6.940132007002830505e-04,2.379324659705162048e-02,1.239251047372817993e-01,-3.466289862990379333e-02,9.599188342690467834e-04,1.060110777616500854e-01,6.312945485115051270e-02,-1.703208684921264648e-02,5.931302532553672791e-02,3.330510109663009644e-02,3.711912408471107483e-02,8.547509461641311646e-02,-7.498315535485744476e-03,-3.587790951132774353e-02,1.477464437484741211e-01,6.911053508520126343e-02,-3.862208686769008636e-03,4.741958156228065491e-02,1.318812519311904907e-01,1.023091189563274384e-02,3.338233754038810730e-02,6.859908252954483032e-02,-4.797283932566642761e-02,-4.853881523013114929e-02,1.481193602085113525e-01,1.497092004865407944e-02,6.360938772559165955e-03,6.080800667405128479e-02,-4.255185835063457489e-03,1.218971908092498779e-01,4.317903146147727966e-02,1.458032578229904175e-01,4.517834261059761047e-02,-2.256981283426284790e-02,4.746582731604576111e-02,-1.052808016538619995e-01,2.282747626304626465e-02,3.456480801105499268e-02,5.829698219895362854e-02,-3.240054473280906677e-02,7.984015345573425293e-02,1.945500634610652924e-02,1.023011002689599991e-02,-2.664358913898468018e-02,1.557806730270385742e-01,4.730933345854282379e-03,-8.498343639075756073e-03,9.611740708351135254e-02,4.331355169415473938e-02,6.819560378789901733e-02,2.826165780425071716e-02,-3.572247177362442017e-02,5.380153283476829529e-02,7.416935265064239502e-02,-9.015426039695739746e-04,5.612665042281150818e-02,5.406096577644348145e-02,1.556164324283599854e-01,9.738865494728088379e-02,-1.821643859148025513e-02,7.799838483333587646e-02,1.181053668260574341e-01,-4.486276209354400635e-02,-2.170708961784839630e-03,1.627244651317596436e-01,-4.291477613151073456e-03,1.192972995340824127e-02,1.005252823233604431e-01,-3.327662125229835510e-02,6.221266463398933411e-02,7.533927261829376221e-02,1.631379723548889160e-01,6.040478125214576721e-02,9.701751172542572021e-02,1.824380829930305481e-02,1.601789295673370361e-01,8.653530478477478027e-02,5.274609848856925964e-02,1.100141555070877075e-03,5.197374895215034485e-02,7.223076373338699341e-02,-7.825781404972076416e-02,1.638660728931427002e-01,7.418318092823028564e-02,9.747350215911865234e-02,1.320783793926239014e-01,6.619791686534881592e-02,7.974553853273391724e-02,7.147060334682464600e-02,7.175635546445846558e-02,4.642132297158241272e-02,-2.261596173048019409e-02,2.766126766800880432e-02,1.343318670988082886e-01,-9.934109635651111603e-03,-7.018473744392395020e-02,7.586578838527202606e-03,1.560851931571960449e-01,1.567439138889312744e-01,-1.949467509984970093e-02,7.202639244496822357e-03,-4.436769336462020874e-02,5.233521386981010437e-02,9.289573132991790771e-02,4.386524483561515808e-02,-2.626726031303405762e-02,8.479620516300201416e-02,5.536712706089019775e-06,3.857396915555000305e-02,3.344789892435073853e-02,1.101199537515640259e-01,3.518029674887657166e-02,4.340930283069610596e-02,1.252374649047851562e-01,1.653263866901397705e-01,5.935895815491676331e-02,1.607975363731384277e-01,1.431071013212203979e-01,-7.338149100542068481e-02,-2.578251436352729797e-02,1.578722894191741943e-01,1.171252951025962830e-01,7.712987065315246582e-02,7.184039056301116943e-02,3.279102221131324768e-02,-3.770781680941581726e-03,-1.015375927090644836e-01,1.277910619974136353e-01,2.215635031461715698e-02,-1.279581636190414429e-01,6.532775610685348511e-02,7.439309358596801758e-02,-1.670411601662635803e-02,1.504518240690231323e-01,1.550542563199996948e-01,1.165537312626838684e-01,6.717194616794586182e-02,1.118396148085594177e-01,8.424115180969238281e-02,6.498039513826370239e-02,-7.074083387851715088e-02,-7.033410668373107910e-02,-7.201947271823883057e-02,-2.612021937966346741e-02,-1.284556370228528976e-02,7.984818518161773682e-02,-9.898922592401504517e-02,1.002021655440330505e-01,-6.333943456411361694e-04,9.995169192552566528e-02,8.006968349218368530e-02,1.600892990827560425e-01,4.942119866609573364e-02,8.610744029283523560e-02,1.874673366546630859e-02,9.652843326330184937e-02,3.621188551187515259e-02,2.173008024692535400e-02,-1.573850587010383606e-02,-7.824017107486724854e-02,6.085607782006263733e-02,9.942983090877532959e-02,1.408493053168058395e-02,5.429259315133094788e-02,4.014537483453750610e-02,1.033135224133729935e-02,5.240972712635993958e-02,9.366534650325775146e-02,7.458247989416122437e-02,7.177480310201644897e-02,4.635253548622131348e-02,1.059931609779596329e-02,4.825540259480476379e-02,7.242047786712646484e-02,2.247373759746551514e-02,3.413291648030281067e-02,-5.564800463616847992e-03,7.169832475483417511e-03,7.410410046577453613e-02,9.182237833738327026e-02,1.252786815166473389e-01,4.823971912264823914e-02,1.101996675133705139e-01,-6.355685740709304810e-02,1.140268445014953613e-01,-3.697111085057258606e-02,-2.343035861849784851e-02,1.049691438674926758e-01,-8.001687377691268921e-02,-7.384175062179565430e-02,6.292936950922012329e-02,-5.191027186810970306e-03,-7.452781498432159424e-02,-2.145002782344818115e-02,8.048051595687866211e-02,-4.820419847965240479e-02,9.498108178377151489e-02,9.804761968553066254e-03,4.400758817791938782e-02,7.590658962726593018e-02,2.841486409306526184e-02,-8.727937936782836914e-02,3.125026822090148926e-02,1.395249217748641968e-01,1.614654660224914551e-01,3.428612835705280304e-03,5.327874422073364258e-02,-3.700435161590576172e-02,3.185106441378593445e-02,3.185682371258735657e-02,8.691266924142837524e-02,-2.973171696066856384e-02,6.998184137046337128e-03,4.619990289211273193e-02,-5.180811882019042969e-02,-1.173835713416337967e-02,5.068016797304153442e-02,3.382576629519462585e-03,5.992118641734123230e-02,1.011046022176742554e-01,4.924419894814491272e-02,9.676494449377059937e-02,4.722923412919044495e-02,1.288003176450729370e-01,1.642234623432159424e-01,3.487620130181312561e-02,5.070355534553527832e-02,5.752032622694969177e-02,4.692019149661064148e-02,3.546622768044471741e-02,3.989170864224433899e-02,1.747394353151321411e-02,1.523954570293426514e-01,1.367504000663757324e-01,6.225577369332313538e-02,6.814030557870864868e-02,-4.655985534191131592e-02,2.697200328111648560e-02,1.282874941825866699e-01,1.364466547966003418e-01,1.878350600600242615e-02,7.374143600463867188e-02,7.891853153705596924e-02,-1.208963245153427124e-01,7.849234342575073242e-02,-6.130873039364814758e-02,5.021828040480613708e-02,4.106055200099945068e-02,1.592933088541030884e-01,1.055350601673126221e-01,5.658842250704765320e-02,6.084256805479526520e-03,9.946230798959732056e-02,5.553923174738883972e-02,-1.345532387495040894e-01,1.289090365171432495e-01,1.016902625560760498e-01,5.565240606665611267e-02,4.593189340084791183e-03,3.052340820431709290e-02,-7.085451483726501465e-02,1.920892484486103058e-02,-1.663378626108169556e-02,1.144350469112396240e-01,-3.307920694351196289e-02,6.676211208105087280e-02,-3.458721935749053955e-02,1.307269632816314697e-01,7.236701250076293945e-02,7.841217517852783203e-02,-3.323629498481750488e-02,6.135330721735954285e-02,7.337343879044055939e-03,7.713674567639827728e-03,-6.451158225536346436e-02,8.421881496906280518e-02,6.452187895774841309e-02,1.360142379999160767e-01,-2.224761620163917542e-02,4.512893781065940857e-02,-1.625813841819763184e-01,1.083552241325378418e-01,1.336496416479349136e-02,8.869354426860809326e-02,3.528733178973197937e-02,-1.861877366900444031e-02,-9.089677035808563232e-02,5.755441263318061829e-02,7.124673575162887573e-02,8.221560716629028320e-02,-1.341865062713623047e-01,8.248637430369853973e-03,9.219844825565814972e-03,-1.464381720870733261e-02,-1.158891618251800537e-01,4.922808706760406494e-02,1.414385586977005005e-01,5.843400210142135620e-02,-1.775213330984115601e-02,9.781891107559204102e-02,-7.841425389051437378e-02,1.626604795455932617e-02,6.618597358465194702e-02,7.010640203952789307e-02,-8.920671045780181885e-02,4.716940596699714661e-02,-2.033103629946708679e-02,1.240349411964416504e-01,7.335414737462997437e-02,4.135132208466529846e-02,-3.377588838338851929e-02,1.341394428163766861e-02,8.852562308311462402e-02,3.106274083256721497e-02,-9.652033448219299316e-02,2.861586958169937134e-02,3.943909704685211182e-02,7.704477012157440186e-02,3.443300724029541016e-02,1.021321415901184082e-01,5.098443850874900818e-02,9.418148547410964966e-02,-4.541514441370964050e-02,1.373891383409500122e-01,-1.240236163139343262e-01,9.729837626218795776e-02,8.679036796092987061e-02,1.363644599914550781e-01,1.251062471419572830e-02,-2.276643738150596619e-02,2.935587987303733826e-02,7.503437809646129608e-03,1.326477974653244019e-01,-2.662081643939018250e-02,-2.727981284260749817e-02,-3.313779458403587341e-02,7.873925566673278809e-02,5.885185673832893372e-04,-6.553390063345432281e-03,7.419683039188385010e-02,-6.073247268795967102e-02,3.383615985512733459e-04,4.746983200311660767e-02,-1.058177053928375244e-01,-1.282527446746826172e-01,1.130499765276908875e-01,-4.526623710989952087e-02,-1.099388003349304199e-01,2.556539885699748993e-02,-1.386498101055622101e-03,6.384132802486419678e-02,1.144916787743568420e-01,-1.388438139110803604e-02,1.666631996631622314e-01,8.738128840923309326e-02,9.185945242643356323e-02,5.943365022540092468e-02,2.280059270560741425e-02,-2.619321458041667938e-03,1.310375630855560303e-01,-5.509483441710472107e-02,2.465045824646949768e-02,1.484208256006240845e-01,3.942970559000968933e-02,-4.290043562650680542e-02,-1.527321934700012207e-01,2.357478812336921692e-02,-1.689932122826576233e-02,1.051669940352439880e-02,-1.364281494170427322e-02,2.553291246294975281e-02,3.922651987522840500e-03,-6.665806472301483154e-02,-8.455612510442733765e-02,-9.801798500120639801e-03,6.310762465000152588e-02,-7.968093268573284149e-03,3.684627264738082886e-02,-5.289827659726142883e-02,8.330409228801727295e-02,-1.101321429014205933e-01,-5.288414284586906433e-02,-6.762689352035522461e-02,3.008978813886642456e-02,3.018254041671752930e-02,5.147632583975791931e-02,-1.375186741352081299e-01,4.635482281446456909e-02,-6.964882463216781616e-02,-4.465943202376365662e-02,7.240112870931625366e-02,1.480564568191766739e-02,7.554370909929275513e-02,5.416139960289001465e-02,1.569137275218963623e-01,1.051128208637237549e-01,-4.107716307044029236e-02,3.018663078546524048e-02,-8.404582738876342773e-02,8.614528179168701172e-02,2.209902741014957428e-03,-7.728657126426696777e-02,2.064158767461776733e-02,-6.546406447887420654e-02,-9.338303469121456146e-03,1.091802418231964111e-01,9.492155909538269043e-02,5.622087791562080383e-02,-2.834613248705863953e-02,1.060454696416854858e-01,-1.037997007369995117e-01,7.523393630981445312e-02,-6.602249294519424438e-02,9.762198477983474731e-02,-1.174553930759429932e-01,8.116520941257476807e-02,-6.152224913239479065e-02,-7.404359988868236542e-03,-5.151433870196342468e-04,-2.612916380167007446e-02,4.572642222046852112e-02,-7.986046373844146729e-02,-1.402010321617126465e-01,1.059390902519226074e-01,2.664753794670104980e-02,1.320214271545410156e-01,-9.870079159736633301e-02,-9.901621937751770020e-02,-6.009361520409584045e-02,1.479541361331939697e-01,6.705709733068943024e-03,2.684277296066284180e-02,1.230649650096893311e-01,9.609212167561054230e-03,-7.260145246982574463e-02,9.179916977882385254e-02,-9.335558116436004639e-02,4.078225791454315186e-02,5.456980690360069275e-02,1.262464094907045364e-02,-8.417751640081405640e-02,6.816359609365463257e-02,-1.752451807260513306e-02,-1.737106293439865112e-01,5.280116572976112366e-02,8.955939859151840210e-02,-3.787425532937049866e-02,7.262497395277023315e-02,9.385072626173496246e-03,9.218245744705200195e-02,-4.933077469468116760e-02,-3.046002611517906189e-02,-4.704733565449714661e-02,-8.750535547733306885e-02,-6.071208789944648743e-02,1.000988762825727463e-02,6.565253436565399170e-02,1.209459528326988220e-01,1.008040830492973328e-01,1.160161122679710388e-01,2.800890058279037476e-02,7.229007035493850708e-02,1.283268630504608154e-01,6.064819544553756714e-02,1.513669490814208984e-01,1.124570518732070923e-01,1.825374364852905273e-02,1.366102248430252075e-01,-6.788492947816848755e-02,7.423632591962814331e-02,-3.714444860816001892e-02,8.450566977262496948e-02,5.794411152601242065e-02,3.651363030076026917e-02,-3.056819736957550049e-02,-2.137833461165428162e-02,-2.659579366445541382e-02,9.296853840351104736e-02,-3.236201778054237366e-02,3.841717727482318878e-03,-4.413630440831184387e-02,7.141557335853576660e-02,-4.916380345821380615e-02,7.968854904174804688e-02,9.364579804241657257e-03,-6.078201346099376678e-03,3.913522697985172272e-03,1.226480752229690552e-01,2.266522496938705444e-02,8.807295560836791992e-02,-1.819479838013648987e-02,1.440990865230560303e-01,-9.157636761665344238e-02,9.221429377794265747e-02,-8.308038115501403809e-02,1.458896696567535400e-01,-5.239744856953620911e-02,6.120843067765235901e-02,-6.106166914105415344e-02,-3.931811451911926270e-02,1.626261919736862183e-01,-8.253294229507446289e-02,-7.197125256061553955e-02,1.655749827623367310e-01,3.021802008152008057e-02,4.354008659720420837e-02,7.338711619377136230e-02,1.331202220171689987e-02,2.004017867147922516e-02,1.038839742541313171e-01,-2.744198217988014221e-02,1.222635731101036072e-01,3.576270118355751038e-02,-6.417331099510192871e-02,1.299215760082006454e-02,7.309614121913909912e-02,8.784286677837371826e-02,-8.242791891098022461e-02,-8.649279177188873291e-02,7.967631332576274872e-03,1.592778563499450684e-01,-6.412939727306365967e-02,-6.503355503082275391e-02,4.027961194515228271e-02,8.573786169290542603e-02,1.150167062878608704e-01,3.825850412249565125e-02,1.546671241521835327e-01,-4.650342091917991638e-02,-3.803817555308341980e-02,-1.754065975546836853e-02,8.251401782035827637e-02,5.639110878109931946e-02,7.947055995464324951e-02,-1.918682083487510681e-02,4.118014872074127197e-02,5.918793752789497375e-02,1.008226275444030762e-01,-8.181643486022949219e-02,1.624161899089813232e-01,1.513802111148834229e-01,3.244267404079437256e-02,-7.640145719051361084e-02,-4.836510494351387024e-02,5.873060785233974457e-03,1.163224577903747559e-01,2.025117352604866028e-02,9.085544943809509277e-02,8.610308170318603516e-03,1.054334044456481934e-01,5.619011074304580688e-02,1.481513977050781250e-01,-3.694240376353263855e-02,1.516060084104537964e-01,-4.217634908854961395e-03,7.728087902069091797e-02,2.518357709050178528e-02,3.624142706394195557e-02,8.663542568683624268e-02,6.120536103844642639e-02,-4.988216608762741089e-02,-9.641981124877929688e-02,6.767873466014862061e-02,-1.256528589874505997e-02,-1.220631003379821777e-01,1.960216835141181946e-02,-1.903241500258445740e-02,-5.873321369290351868e-02,1.510684788227081299e-01,-5.625419691205024719e-02,-2.469032257795333862e-02,1.367888748645782471e-01,-1.788472756743431091e-02,-3.783043473958969116e-02,9.591324627399444580e-02,7.760454714298248291e-02,1.478053033351898193e-01,-7.196571677923202515e-02,2.640762552618980408e-02,1.437962204217910767e-01,-1.226323377341032028e-02,3.791722282767295837e-02,5.289565399289131165e-02,1.432587951421737671e-01,-1.726992800831794739e-02,1.247545257210731506e-01,2.216006442904472351e-02,4.985798895359039307e-02,-5.167953297495841980e-02,7.907026447355747223e-03,6.680069118738174438e-02,7.526066154241561890e-02,4.632386378943920135e-03,1.001796573400497437e-01,1.629023551940917969e-01,3.021702170372009277e-02,2.462072670459747314e-02,9.654942899942398071e-03,5.045371875166893005e-02,1.258133947849273682e-01,7.568776607513427734e-02,3.569780290126800537e-02,4.630557447671890259e-02,1.039386093616485596e-01,7.184563577175140381e-02,1.639666408300399780e-01,-8.460417389869689941e-02,7.153400778770446777e-02,-8.245231211185455322e-02,-4.695258103311061859e-03,5.418476648628711700e-03,-3.147279098629951477e-02,-8.255743980407714844e-02,6.399367004632949829e-02,1.447480171918869019e-01,1.607877314090728760e-01,3.441809117794036865e-02,-1.094050034880638123e-01,8.357460610568523407e-03,8.539903908967971802e-02,5.209747329354286194e-02,1.731074601411819458e-02,1.986349001526832581e-02,8.352209627628326416e-02,-6.684339605271816254e-03,7.815830409526824951e-02,1.049110665917396545e-03,9.109549224376678467e-02,2.198215946555137634e-02,2.154029160737991333e-02,6.796734035015106201e-02,2.929696813225746155e-02,9.284676052629947662e-03,7.523084431886672974e-02,5.264414846897125244e-02,7.083574309945106506e-04,5.566196516156196594e-02,1.236817464232444763e-01,2.723737061023712158e-02,5.764775350689888000e-02,6.234897673130035400e-02,6.262521445751190186e-02,1.452623009681701660e-01,1.021625697612762451e-01,1.447100639343261719e-01,9.771526604890823364e-02,6.538009643554687500e-02,8.706404268741607666e-02,-7.407863624393939972e-03,1.150164455175399780e-01,6.228142976760864258e-02,-4.168267920613288879e-02,3.617333993315696716e-02,-1.023285742849111557e-02,6.991830654442310333e-03,5.419616773724555969e-02,-5.980737134814262390e-02,5.764714255928993225e-02,6.860628724098205566e-02,-4.693027585744857788e-05,6.003248319029808044e-02,8.441825211048126221e-02,-8.226555585861206055e-02,-3.005814179778099060e-02,2.850716188549995422e-02,4.555801302194595337e-02,-3.926821425557136536e-02,6.689674407243728638e-02,-3.472133725881576538e-02,1.236059442162513733e-01,-8.986103534698486328e-02,9.762874245643615723e-02,1.324772536754608154e-01,-3.715336322784423828e-02,-1.228328943252563477e-01,-1.050772145390510559e-01,3.272185102105140686e-02,1.312903165817260742e-01,-3.271080181002616882e-02,7.814832031726837158e-02,8.580205589532852173e-02,1.105549745261669159e-02,3.166025131940841675e-02,7.281833142042160034e-02,8.024969138205051422e-03,-3.493692725896835327e-02,-1.010287106037139893e-01,5.176299717277288437e-03,5.445611104369163513e-02,3.389367833733558655e-02,-5.422775819897651672e-02,8.555847220122814178e-03,6.346535682678222656e-02,5.738070607185363770e-02,8.385345339775085449e-02,-5.314411595463752747e-02,-2.053361758589744568e-02,-7.827791571617126465e-02,-1.133241970092058182e-02,8.012909442186355591e-02,4.247108101844787598e-02,3.059006482362747192e-02,2.576780691742897034e-02,1.282415688037872314e-01,4.333690926432609558e-02,-8.512141555547714233e-02,6.913100183010101318e-02,-1.844147592782974243e-02,4.155709594488143921e-02,2.021513134241104126e-02,-5.716360174119472504e-03,9.562245011329650879e-02,2.795242518186569214e-02,6.561620533466339111e-02,8.268401771783828735e-02,-9.222989529371261597e-02,3.202325478196144104e-02,5.668615177273750305e-02,1.651445478200912476e-01,-7.707672193646430969e-04,2.422694861888885498e-02,1.139758676290512085e-01,-2.279217354953289032e-03,1.371550261974334717e-01,1.268549859523773193e-01,-3.451497294008731842e-03,-2.323349937796592712e-02,6.705839186906814575e-02,-2.320665121078491211e-02,3.576743975281715393e-02,1.880553364753723145e-02,-3.010985255241394043e-02,5.995200574398040771e-02,1.325430274009704590e-01,5.290042981505393982e-02,1.556458771228790283e-01,6.934282183647155762e-02,-2.997715398669242859e-02,1.727112010121345520e-02,2.892408892512321472e-02,9.457289427518844604e-02,2.273641526699066162e-02,-5.843451991677284241e-02,1.192308068275451660e-01,-1.086743772029876709e-01,3.004631400108337402e-02,-2.262653410434722900e-02,1.249351501464843750e-01,5.629945918917655945e-02,7.055249810218811035e-02,-9.036502242088317871e-02,5.915797874331474304e-02,1.531949937343597412e-01,1.365515589714050293e-01,-6.783942133188247681e-02,4.504891112446784973e-04,5.067524500191211700e-03,1.973477192223072052e-03,7.102053612470626831e-02,9.858564287424087524e-02,6.437237560749053955e-02,2.960692346096038818e-02,9.206047281622886658e-03,2.958082035183906555e-02,6.734229624271392822e-02,1.022959798574447632e-01,-4.583677276968955994e-02,-6.541351787745952606e-03,8.016444742679595947e-02,4.485407844185829163e-04,-4.532470181584358215e-02,-4.193298146128654480e-02,1.067782491445541382e-01,1.719148159027099609e-01,-8.054716885089874268e-02,-2.683011069893836975e-02,-2.803887054324150085e-02,6.796590983867645264e-02,3.127125650644302368e-02,1.213284954428672791e-01,3.808852657675743103e-02,3.337823599576950073e-02,-6.371638178825378418e-02,1.316884756088256836e-01,6.043071672320365906e-02,5.911606550216674805e-02,-3.038408979773521423e-02,1.065240353345870972e-01,8.389978110790252686e-02,5.790853127837181091e-02,-3.994452208280563354e-02,1.286098361015319824e-01,1.263653635978698730e-01,6.156978011131286621e-02,-3.862062469124794006e-02,-3.501013293862342834e-02,1.788881234824657440e-02,7.293003797531127930e-02,-8.863480761647224426e-04,3.767961636185646057e-02,-4.959249868988990784e-02,1.320986002683639526e-01,3.673021122813224792e-02,1.058244109153747559e-01,-1.784570515155792236e-02,8.162693679332733154e-02,-4.343067854642868042e-02,7.248053699731826782e-02,1.068897396326065063e-01,1.122955679893493652e-01,1.558675020933151245e-01,7.400101423263549805e-02,3.117588162422180176e-02,-8.200171589851379395e-02,-3.876980394124984741e-02,1.455363780260086060e-01,-1.475633773952722549e-02,-4.502038285136222839e-02,2.525985240936279297e-02,7.135004550218582153e-02,-6.937766075134277344e-02,-9.388140402734279633e-03,4.896262288093566895e-02,5.732615478336811066e-03,2.421847730875015259e-02,-4.084392637014389038e-02,-4.957118630409240723e-02,4.777593910694122314e-02,-1.031049787998199463e-01,-6.253263354301452637e-02,7.724535651504993439e-03,6.720446050167083740e-02,1.432575583457946777e-01,6.027935445308685303e-02,6.523387134075164795e-02,8.046635426580905914e-03,1.271917521953582764e-01,-7.763097994029521942e-03,-2.201844379305839539e-02,2.772329002618789673e-02,1.537890825420618057e-02,1.047491505742073059e-01,2.842565998435020447e-02,7.569099962711334229e-02,5.964817479252815247e-02,9.863600134849548340e-02,1.011751890182495117e-01,4.886383190751075745e-02,6.163122877478599548e-02,1.113025397062301636e-01,7.554686069488525391e-02,3.077821433544158936e-02,-1.179825067520141602e-01,7.978574931621551514e-02,1.548757255077362061e-01,1.283790320158004761e-01,8.331038057804107666e-02,-8.567152917385101318e-02,2.691305801272392273e-02,1.183639615774154663e-01,8.531165868043899536e-02,1.196487545967102051e-01,2.030265703797340393e-02,1.298374682664871216e-01,9.107455611228942871e-02,1.293828338384628296e-01,9.687723219394683838e-02,3.627426922321319580e-04,7.897259294986724854e-02,9.307143837213516235e-02,4.814513400197029114e-02,2.115611918270587921e-02,4.843427613377571106e-02,1.107875406742095947e-01,-5.839688703417778015e-02,8.306712657213211060e-02,-1.487232651561498642e-02,1.095857936888933182e-02,8.137542754411697388e-02,1.487964093685150146e-01,1.408169139176607132e-02,-8.041559718549251556e-03,7.494574785232543945e-02,-2.690732106566429138e-02,2.590680122375488281e-02,1.617349535226821899e-01,-6.203639321029186249e-03,2.214040234684944153e-02,6.257650256156921387e-02,2.616729028522968292e-02,-6.986545771360397339e-02,-5.793802812695503235e-02,1.682743802666664124e-02,3.509654849767684937e-02,8.666133880615234375e-02,-2.944064885377883911e-02,-2.113329619169235229e-02,9.139817953109741211e-02,2.629042789340019226e-02,-3.944075480103492737e-02,-7.483129203319549561e-02,-3.926484659314155579e-02,9.549057483673095703e-02,-1.661242544651031494e-02,-7.265958003699779510e-03,6.275448948144912720e-02,3.221594169735908508e-02,3.986798226833343506e-02,1.098298877477645874e-01,8.599366247653961182e-02,-9.862513840198516846e-02,4.224627837538719177e-02,1.501012742519378662e-01,-1.263641659170389175e-02,1.338201910257339478e-01,8.443776518106460571e-02,-2.121683582663536072e-02,-4.862942919135093689e-02,8.646734058856964111e-02,-1.175761874765157700e-02,-1.547107379883527756e-02,-1.680702716112136841e-02,1.519211381673812866e-01,4.830402508378028870e-02,2.183166518807411194e-02,-1.020223647356033325e-01,9.297241270542144775e-02,-2.908345684409141541e-02,-2.948084101080894470e-02,1.071211397647857666e-01,-4.100286960601806641e-02,8.430109918117523193e-02,4.115766659379005432e-02,3.632813692092895508e-02,-7.543250173330307007e-02,1.411972753703594208e-02,-2.262196317315101624e-02,4.877964034676551819e-02,5.828449875116348267e-02,-3.130351193249225616e-03,-1.299169380217790604e-02,6.189369037747383118e-02,-8.596301078796386719e-02,4.387830384075641632e-03,-3.850559704005718231e-03,-9.321402013301849365e-02,3.364088386297225952e-02,1.687017977237701416e-01,2.945334650576114655e-03,-1.066633313894271851e-01,2.087095379829406738e-02,3.576516732573509216e-02,-3.412588499486446381e-03,1.366814970970153809e-01,4.770105704665184021e-02,4.708197712898254395e-02,-1.241517215967178345e-01,9.390998631715774536e-02,5.242087692022323608e-02,1.926607638597488403e-02,8.278653770685195923e-02,-3.137252293527126312e-03,-1.311546191573143005e-03,1.031742841005325317e-01,1.283079832792282104e-01,6.775514036417007446e-02,7.159075886011123657e-02,4.374635592103004456e-02,6.139891222119331360e-02,1.588327288627624512e-01,9.184914641082286835e-03,-1.352988779544830322e-01,-9.471490047872066498e-03,1.083304136991500854e-01,-6.573316454887390137e-02,8.060898631811141968e-02,6.871520727872848511e-02,1.801066100597381592e-02,-6.592975556850433350e-02,2.989676594734191895e-02,1.532387435436248779e-01,1.453287303447723389e-01,-4.993861541152000427e-02,3.257197141647338867e-02,3.405334427952766418e-02,-6.924109905958175659e-02,1.843858137726783752e-02,-1.081101447343826294e-01,-5.875928327441215515e-04,1.510774493217468262e-01,-1.977814361453056335e-02,7.621717453002929688e-02,1.140798777341842651e-01,5.843766778707504272e-02,-6.252148747444152832e-02,2.659185230731964111e-02,5.386858060956001282e-02,8.931916952133178711e-02,-4.686062783002853394e-02,-1.769362539052963257e-01,1.448310017585754395e-01,-5.028450861573219299e-02,-6.641852855682373047e-02,-1.119511947035789490e-01,-4.919816181063652039e-02,7.755173742771148682e-02,3.626780584454536438e-02,7.388553023338317871e-02,8.569657057523727417e-02,-1.312499642372131348e-01,-2.984180301427841187e-02,1.279523521661758423e-01,1.375553309917449951e-01,9.318238496780395508e-02,-1.110760271549224854e-01,-1.518811434507369995e-01,1.558512151241302490e-01,1.110960319638252258e-01,-9.034029208123683929e-03,6.456677615642547607e-02,-1.053981017321348190e-02,1.429987996816635132e-01,-1.043835002928972244e-02,3.696785494685173035e-02,2.433582767844200134e-02,3.031137958168983459e-02,5.834531784057617188e-02,1.117276251316070557e-01,-3.221833147108554840e-03,6.670794636011123657e-02,1.221870332956314087e-01,4.683990031480789185e-02,-1.042078342288732529e-02,1.306340992450714111e-01,-3.870989009737968445e-02,1.399027407169342041e-01,1.487267911434173584e-01,1.248363107442855835e-01,-8.730001747608184814e-02,3.929661586880683899e-02,1.595734357833862305e-01,-6.421744078397750854e-02,-3.312702849507331848e-02,6.952508352696895599e-03,-3.557809442281723022e-02,6.623611599206924438e-02,-6.834731996059417725e-02,1.378578841686248779e-01,-3.075752407312393188e-02,7.920639961957931519e-02,1.013478543609380722e-02,6.573011167347431183e-03,1.941188797354698181e-02,-2.708348259329795837e-02,-7.876425050199031830e-03,5.696574971079826355e-02,3.973795101046562195e-02,-7.558269426226615906e-04,-5.179844051599502563e-02,2.051615342497825623e-02,6.307155825197696686e-03,7.780715078115463257e-02,1.514262259006500244e-01,3.434224054217338562e-02,6.946782022714614868e-02,2.906638011336326599e-02,7.189265638589859009e-02,7.705020159482955933e-02,1.378529425710439682e-02,-5.906851962208747864e-02,5.191313102841377258e-02,1.316114217042922974e-01,5.573343485593795776e-02,-3.932034596800804138e-04,2.593185752630233765e-02,2.308380231261253357e-02,1.464129332453012466e-02,2.236892282962799072e-02,-2.501222118735313416e-02,-8.601540327072143555e-02,1.514065265655517578e-01,-1.639002561569213867e-02,2.924443408846855164e-02,1.041429191827774048e-01,1.512752026319503784e-01,8.614411950111389160e-02,6.839448958635330200e-02,-4.147117212414741516e-02,-2.131484076380729675e-02,2.808212488889694214e-02,9.762983769178390503e-02,6.242489069700241089e-02,-5.799292400479316711e-02,1.450640149414539337e-03,6.581538915634155273e-02,-1.001277286559343338e-02,6.542312912642955780e-03,5.321717634797096252e-02,-2.879580855369567871e-02,-3.354219719767570496e-02,-4.918424040079116821e-02,1.017824560403823853e-02,-3.570472821593284607e-02,2.972463145852088928e-02,-4.927022382616996765e-04,1.194118559360504150e-01,8.384856581687927246e-02,8.507373183965682983e-02,5.871275439858436584e-02,1.641076505184173584e-01,-1.556058693677186966e-02,1.921936869621276855e-02,1.484260261058807373e-01,-5.931634828448295593e-02,4.105440527200698853e-02,5.361459404230117798e-02,5.748053640127182007e-02,-1.277926862239837646e-01,5.151904001832008362e-02,-2.423523366451263428e-02,1.119471993297338486e-02,2.608188986778259277e-02,-1.268645096570253372e-02,4.141204059123992920e-02,-2.403571829199790955e-02,1.367756724357604980e-01,-7.074747979640960693e-02,6.149290129542350769e-03,6.142964586615562439e-02,-1.357281301170587540e-02,1.005024015903472900e-01,1.353487223386764526e-01,1.497265044599771500e-02,1.346234083175659180e-01,1.471581012010574341e-01,-4.945841804146766663e-02,1.540016531944274902e-01,1.482922434806823730e-01,1.261420082300901413e-02,8.668679744005203247e-02,1.854798570275306702e-02,8.801802992820739746e-02,1.554908305406570435e-01,8.959197998046875000e-02,6.517538428306579590e-02,2.743146941065788269e-02,-6.427745521068572998e-02,1.354285478591918945e-01,1.260052025318145752e-01,-8.055274188518524170e-02,-5.155900493264198303e-02,9.109373390674591064e-02,6.784568727016448975e-02,-1.088709160685539246e-01,1.243207696825265884e-02,-1.966754719614982605e-02,8.705363422632217407e-02,4.138321429491043091e-02,-3.940780833363533020e-02,8.839347958564758301e-02,9.210938960313796997e-02,1.080301105976104736e-01,-1.133183687925338745e-01,2.661791071295738220e-02,1.192672550678253174e-01,-5.758146569132804871e-02,-4.085229709744453430e-02,7.031615823507308960e-02,3.216766193509101868e-02,1.742112636566162109e-02,6.135947629809379578e-02,1.069422513246536255e-01,4.630701616406440735e-02,6.945043802261352539e-02,-6.899271905422210693e-02,7.687289267778396606e-02,7.422628998756408691e-02,1.343411505222320557e-01,-7.310137897729873657e-02,1.454491764307022095e-01,-1.998336240649223328e-02,2.506339922547340393e-02,-4.373617097735404968e-02,1.054357588291168213e-01,1.103137508034706116e-01,1.314294636249542236e-01,1.347327698022127151e-02,-1.621589437127113342e-02,-8.806829154491424561e-02,7.781174033880233765e-02,-5.040452256798744202e-02,8.976081013679504395e-02,1.062658615410327911e-03,1.295166760683059692e-01,-8.412425220012664795e-02,6.783703714609146118e-02,3.936981037259101868e-02,3.626478090882301331e-02,-7.334335148334503174e-02,-7.008752226829528809e-02,-1.742055267095565796e-02,1.501200795173645020e-01,8.497142232954502106e-03,1.481039673089981079e-01,3.383591771125793457e-02,3.997204825282096863e-02,-5.524771288037300110e-02,1.002367958426475525e-01,1.660101860761642456e-01,2.920130267739295959e-02,1.163078192621469498e-02,1.501778960227966309e-01,2.390180714428424835e-03,-1.494551002979278564e-01,3.959733992815017700e-02,2.690410614013671875e-02,3.726023063063621521e-02,1.033767461776733398e-01,-2.598080411553382874e-02,8.881106972694396973e-02,-1.108382940292358398e-01,1.368605066090822220e-02,-3.458239883184432983e-02,-7.586318254470825195e-02,1.186970025300979614e-01,4.705679602921009064e-03,6.844929605722427368e-02,-3.566486015915870667e-02,1.535552442073822021e-01,5.567876994609832764e-02,-3.456510975956916809e-02,7.534810900688171387e-02,-8.395149372518062592e-03,2.073347568511962891e-03,-4.339456558227539062e-02,5.887284129858016968e-02,-3.577287495136260986e-02,4.941780865192413330e-02,4.109386354684829712e-02,1.136998180299997330e-02,9.359029680490493774e-02,8.407484740018844604e-02,5.267609283328056335e-02,-6.986996531486511230e-02,5.112104117870330811e-02,1.208804920315742493e-02,3.767091035842895508e-02,1.307915300130844116e-01,1.197928637266159058e-01,9.972694516181945801e-02,-7.353861629962921143e-02,9.684433788061141968e-02,4.757537320256233215e-02,-4.612198844552040100e-02,2.260328643023967743e-02,1.097878739237785339e-01,-2.319233864545822144e-02,-3.635834902524948120e-02,1.922095939517021179e-02,5.752823129296302795e-02,8.035887777805328369e-02,1.316489726305007935e-01,-5.685516074299812317e-02,-3.561021760106086731e-03,-6.675069034099578857e-02,1.025023162364959717e-01,-6.827696226537227631e-03,4.699743911623954773e-02,-2.713949233293533325e-02,3.280393779277801514e-02,1.046760678291320801e-01,4.530732706189155579e-02,-2.052870392799377441e-02,4.375768080353736877e-02,1.578708738088607788e-02,1.221114322543144226e-01,7.970646955072879791e-03,9.144884347915649414e-02,7.667482644319534302e-02,-8.179694414138793945e-02,-1.344663053750991821e-01,2.025375142693519592e-02,4.314776137471199036e-02,-4.344395920634269714e-02,7.440733164548873901e-02,1.180583387613296509e-01,1.719676703214645386e-02,1.624522507190704346e-01,-1.548039261251688004e-02,1.206251978874206543e-01,-7.265344262123107910e-02,6.926278024911880493e-02,-3.985663875937461853e-02,1.187544316053390503e-01,-4.657709226012229919e-02,1.304022669792175293e-01,-2.260343730449676514e-02,4.991846904158592224e-02,5.737389437854290009e-03,-6.159925833344459534e-02,7.684929296374320984e-04,1.198613047599792480e-01,7.769098132848739624e-02,-4.065532237291336060e-02,-2.917385101318359375e-02,5.187219753861427307e-02,1.200919300317764282e-01,7.817785255610942841e-03,-1.721472665667533875e-02,3.164182975888252258e-02,5.054979771375656128e-02,1.442568749189376831e-01,7.432637363672256470e-02,1.146901473402976990e-01,-5.701522901654243469e-02,4.267041757702827454e-02,-5.939868465065956116e-02,1.301690936088562012e-01,-5.921163037419319153e-02,1.335318386554718018e-01,8.302069455385208130e-02,-2.165956422686576843e-02,1.137586403638124466e-02,1.568457633256912231e-01,1.502551138401031494e-01,2.150234207510948181e-02,4.514191672205924988e-02,3.223047778010368347e-02,1.055963430553674698e-02,1.005799695849418640e-01,-4.933058097958564758e-02,-5.962565913796424866e-02,-5.918939784169197083e-02,-3.444424644112586975e-02,7.950346916913986206e-02,1.378467828035354614e-01,-1.046578958630561829e-01,1.380040943622589111e-01,-4.139133170247077942e-02,9.262927621603012085e-02,-7.027347385883331299e-02,3.396062925457954407e-02,-6.943462044000625610e-02,1.268211603164672852e-01,5.268032662570476532e-03,6.826937198638916016e-02,7.239245623350143433e-02,7.392828166484832764e-02,-5.136118270456790924e-03,1.532450169324874878e-01,8.883056044578552246e-02,-1.513007748872041702e-02,-5.061859264969825745e-02,2.850405126810073853e-02,1.616287231445312500e-01,1.652935147285461426e-01,2.063017711043357849e-02,-1.496374905109405518e-01,4.296753928065299988e-02,-5.049959756433963776e-03,7.341254502534866333e-02,-7.869276404380798340e-02,1.439888961613178253e-02,1.037101224064826965e-01,7.399035245180130005e-02,1.143668964505195618e-01,7.925578206777572632e-02,1.393256783485412598e-01,7.190228998661041260e-02,-6.996635347604751587e-02,9.514452517032623291e-02,1.337535083293914795e-01,9.685650467872619629e-03,1.877400651574134827e-02,1.547569334506988525e-01,-1.743448153138160706e-02,-1.158114243298768997e-02,5.686610564589500427e-02,1.106672361493110657e-01,-1.925571262836456299e-02,5.736656486988067627e-02,6.492398679256439209e-02,5.585796386003494263e-02,-4.337002336978912354e-02,1.935672573745250702e-02,1.735273376107215881e-02,6.711999326944351196e-02,1.583165079355239868e-01,6.597679853439331055e-02,7.636566460132598877e-02,1.188444793224334717e-01,-8.346891961991786957e-03,-1.232068520039319992e-02,2.232180535793304443e-02,1.478237360715866089e-01,1.172182802110910416e-02,3.114131465554237366e-02,1.175601780414581299e-01,8.277830481529235840e-02,4.916092380881309509e-02,7.295732945203781128e-02,7.866255939006805420e-02,1.065176576375961304e-01,4.472472891211509705e-02,7.259019464254379272e-02,1.639146506786346436e-01,1.277508735656738281e-01,4.797505214810371399e-03,8.459634333848953247e-02,-1.192114595323801041e-02,3.110240399837493896e-02,1.461965441703796387e-01,7.793137431144714355e-02,-6.441070139408111572e-02,1.192965731024742126e-01,1.237557530403137207e-01,6.792272441089153290e-03,1.221411954611539841e-02,3.298249095678329468e-02,9.600464999675750732e-02,8.285996317863464355e-02,1.314257979393005371e-01,6.104759126901626587e-02,-8.095498196780681610e-03,7.347568869590759277e-02,5.039024353027343750e-02,9.158536046743392944e-02,5.085681751370429993e-02,5.401381850242614746e-02,-4.765148088335990906e-02,-1.702841743826866150e-02,-2.257841452956199646e-02,-4.152420908212661743e-02,-8.332828432321548462e-02,-3.209932148456573486e-02,5.227895453572273254e-02,1.603838950395584106e-01,7.818964123725891113e-02,3.953375294804573059e-02,6.272903084754943848e-02,-6.708427332341670990e-03,-6.891837716102600098e-02,8.543439209461212158e-02,1.133233681321144104e-02,1.070603448897600174e-02,8.492822200059890747e-02,4.115974903106689453e-02,4.798312857747077942e-02,4.859953187406063080e-03,4.723650403320789337e-03,3.683936595916748047e-02,5.663608759641647339e-02,-8.263963460922241211e-02,-1.393883582204580307e-02,8.341385424137115479e-02,9.065368026494979858e-02,4.703931882977485657e-02,3.120482712984085083e-02,1.453626155853271484e-01,3.553162887692451477e-02,4.958067834377288818e-02,2.379268407821655273e-02,1.430751830339431763e-01,1.079539954662322998e-01,8.435105532407760620e-02,1.276659667491912842e-01,-8.590540848672389984e-03,8.681155741214752197e-02,6.311333179473876953e-02,1.115397810935974121e-01,8.074403740465641022e-03,-1.617695391178131104e-02,1.068894267082214355e-01,9.610448032617568970e-02,5.880180001258850098e-02,-9.196528792381286621e-02,4.968635365366935730e-02,1.451647877693176270e-01,7.341317832469940186e-02,6.717848032712936401e-02,3.848922997713088989e-02,-6.312527507543563843e-02,3.474027663469314575e-02,-5.024879239499568939e-03,-1.792140305042266846e-02,1.501021534204483032e-01,1.181423738598823547e-01,1.316749602556228638e-01,1.215556263923645020e-01,1.096522659063339233e-01,5.827423557639122009e-02,6.986881047487258911e-02,2.201712876558303833e-02,6.106282025575637817e-02,-3.222825005650520325e-02,5.339129827916622162e-03,1.230311989784240723e-01,1.060020178556442261e-01,9.603910148143768311e-02,-6.297902762889862061e-02,9.106673300266265869e-02,5.463881418108940125e-02,5.291263759136199951e-02,-9.120061248540878296e-02,9.108371287584304810e-02,9.082852303981781006e-02,9.846262633800506592e-02,-5.865616723895072937e-02,8.749389648437500000e-02,7.321384549140930176e-02,9.161889553070068359e-02,3.641131892800331116e-02,1.248313635587692261e-01,8.337232470512390137e-02,4.708622395992279053e-02,7.044939696788787842e-02,1.147611588239669800e-01,5.463178828358650208e-02,9.637390077114105225e-02,7.277202606201171875e-02,1.478509902954101562e-01,1.375292688608169556e-01,-6.837918423116207123e-03,-8.108137547969818115e-02,-3.469350561499595642e-02,8.653552830219268799e-02,3.891471400856971741e-02,2.719529718160629272e-02,1.542475372552871704e-01,-1.091897487640380859e-03,1.475462615489959717e-01,1.026427224278450012e-01,3.347470238804817200e-02,8.478216826915740967e-02,4.823990911245346069e-02,4.903691634535789490e-02,5.526835098862648010e-02,1.436550021171569824e-01,1.168640628457069397e-01,1.281531006097793579e-01,2.985652536153793335e-02,8.943457901477813721e-02,6.187006831169128418e-02,2.848071232438087463e-02,5.111577734351158142e-02,-5.504938587546348572e-02,2.517113834619522095e-02,1.423336267471313477e-01,-4.150805622339248657e-02,1.648050844669342041e-01,-8.871379494667053223e-02,1.062728613615036011e-01,-2.070591226220130920e-02,1.294878870248794556e-01,7.002326846122741699e-02,3.885319083929061890e-02,6.835731863975524902e-02,9.427165985107421875e-02,1.774257048964500427e-03,1.828089542686939240e-02,-3.448196500539779663e-02,-1.781608536839485168e-02,1.563596576452255249e-01,3.825940936803817749e-02,7.623049430549144745e-03,-4.013539478182792664e-02,1.502174437046051025e-01,1.200602352619171143e-01,8.729271590709686279e-02,2.081052586436271667e-02,7.745057344436645508e-02,3.767500817775726318e-02,1.552995145320892334e-01,3.998285531997680664e-02,8.298927545547485352e-02,-2.777784690260887146e-02,8.358703926205635071e-04,-4.498898983001708984e-02,1.047578733414411545e-02,4.526272416114807129e-02,9.081923961639404297e-02,9.309587627649307251e-02,-6.937859579920768738e-04,1.185516715049743652e-01,8.569385856389999390e-02,5.280730500817298889e-02,1.014940440654754639e-01,1.020817607641220093e-01,-4.787192679941654205e-03,3.704440593719482422e-02,1.290082186460494995e-01,1.110137775540351868e-01,-2.267229184508323669e-02,-5.735547468066215515e-02,1.498577445745468140e-01,6.939624994993209839e-02,-9.531068615615367889e-03,1.063718125224113464e-01,2.077674865722656250e-02,1.130824536085128784e-01,1.171537041664123535e-01,-4.979341290891170502e-03,6.462411582469940186e-02,5.248921737074851990e-02,8.040353655815124512e-02,9.787446260452270508e-02,9.659542888402938843e-02,6.673147529363632202e-02,1.158291473984718323e-01,8.971607685089111328e-02,1.198682188987731934e-01,4.544212296605110168e-02,-5.578675493597984314e-02,1.721955463290214539e-02,1.551371216773986816e-01,-9.365272521972656250e-02,1.490539871156215668e-03,4.868130013346672058e-02,9.901082143187522888e-03,7.512295991182327271e-02,5.012377724051475525e-02,-6.784216500818729401e-03,4.393883049488067627e-02,8.895605802536010742e-02,-7.755532860755920410e-02,8.045749366283416748e-02,5.158824846148490906e-02,1.139679849147796631e-01,1.122058928012847900e-01,1.536300480365753174e-01,-7.319520413875579834e-02,1.048513948917388916e-01,5.428161099553108215e-02,2.917991206049919128e-02,9.378321468830108643e-02,-4.756551608443260193e-02,4.572446271777153015e-02,1.068209856748580933e-02,9.408470988273620605e-02,5.741440877318382263e-02,5.170695111155509949e-02,4.296102374792098999e-02,6.134259328246116638e-02,1.670256853103637695e-01,1.049673259258270264e-01,4.041595757007598877e-02,1.006095409393310547e-01,1.591142117977142334e-01,-8.951385319232940674e-02,8.433403074741363525e-02,2.881438657641410828e-02,1.460186243057250977e-01,9.207861125469207764e-02,8.468601852655410767e-02,1.517984122037887573e-01,3.583895042538642883e-02,8.675383031368255615e-02,1.187575832009315491e-01,-1.434864401817321777e-01,-5.002086982131004333e-04,9.109564870595932007e-02,-3.699858114123344421e-02,4.583472758531570435e-02,3.432926163077354431e-02,-9.183886647224426270e-02,-9.341043233871459961e-02,6.571658700704574585e-02,6.856209039688110352e-02,3.451519459486007690e-02,9.382878988981246948e-02,2.439582347869873047e-02,-1.059919148683547974e-01,8.676873147487640381e-02,3.724502399563789368e-02,8.620926737785339355e-02,3.090579807758331299e-02,-1.207197010517120361e-01,6.210267171263694763e-02,6.249760463833808899e-02,-1.370499581098556519e-01,7.792913913726806641e-02,3.284065797924995422e-02,1.123940646648406982e-01,1.534453034400939941e-01,1.105120852589607239e-01,8.232150226831436157e-03,-4.748861864209175110e-02,6.288601458072662354e-02,6.835123151540756226e-02,1.415923982858657837e-01,2.990755438804626465e-02,6.289147585630416870e-02,8.996194601058959961e-02,1.162955313920974731e-01,6.000082194805145264e-02,4.070702940225601196e-02,6.248531118035316467e-02,1.909573003649711609e-02,1.023390740156173706e-01,5.586550012230873108e-02,3.891606628894805908e-02,1.446489989757537842e-01,8.841518312692642212e-02,-9.126096963882446289e-02,1.036983579397201538e-01,-2.528685703873634338e-02,7.191108167171478271e-02,1.007529255002737045e-02,7.817608118057250977e-02,-3.517845645546913147e-02,8.448974788188934326e-02,-5.116508528590202332e-02,1.628467291593551636e-01,-1.145119816064834595e-01,1.053176671266555786e-01,6.234609708189964294e-02,9.030090272426605225e-02,-4.344085603952407837e-02,5.168453231453895569e-02,3.844189643859863281e-02,9.250935912132263184e-02,2.985567227005958557e-02,-5.307400599122047424e-02,1.349267065525054932e-01,-3.590018302202224731e-02,1.426414549350738525e-01,-9.795064479112625122e-02,1.224750727415084839e-01,6.096002459526062012e-02,5.656708404421806335e-02,1.214973255991935730e-02,-1.976822018623352051e-01,8.363455533981323242e-02,9.324251115322113037e-02,7.588814944028854370e-02,1.612716913223266602e-01,5.232642963528633118e-02,1.320022046566009521e-01,1.194015070796012878e-01,2.366476133465766907e-02,2.106102928519248962e-02,3.391107544302940369e-02,1.575153321027755737e-03,5.582821741700172424e-02,4.111702740192413330e-02,-1.083205789327621460e-01,7.335329428315162659e-03,-1.901479065418243408e-02,1.084203794598579407e-01,1.266601830720901489e-01,-7.455374114215373993e-03,2.954082936048507690e-02,2.608932182192802429e-02,-3.883366286754608154e-02,-1.103241071105003357e-01,-8.240091800689697266e-02,6.644531339406967163e-02,5.432191118597984314e-02,-1.573121920228004456e-02,-3.971877321600914001e-02,7.147841155529022217e-02,1.381192654371261597e-01,1.526550650596618652e-01,-5.974275246262550354e-02,4.452856257557868958e-02,2.278627082705497742e-02,8.028033375740051270e-02,1.552256196737289429e-01,1.063085049390792847e-01,7.471036911010742188e-02,1.069318279623985291e-01,4.093316569924354553e-02,1.170057654380798340e-01,-6.066844798624515533e-03,-1.375259552150964737e-02,1.353300213813781738e-01,1.246137320995330811e-01,3.662725910544395447e-02,7.315704971551895142e-02,-9.479993581771850586e-02,5.402977392077445984e-02,1.142897307872772217e-01,-4.048648476600646973e-02,6.191519275307655334e-02,3.402411192655563354e-02,7.571823894977569580e-02,-7.908143103122711182e-02,-6.522289663553237915e-02,4.223000258207321167e-02,1.286647915840148926e-01,1.515490412712097168e-01,1.372620929032564163e-02,1.577977389097213745e-01,-8.074026554822921753e-02,-5.408471450209617615e-02,2.289449237287044525e-02,1.497666835784912109e-01,1.659897565841674805e-01,6.150885298848152161e-02,-9.204468689858913422e-03,5.362025648355484009e-02,9.169723093509674072e-02,6.522279977798461914e-02,1.897775940597057343e-02,6.534183025360107422e-02,2.612787671387195587e-02,9.362518042325973511e-02,-1.812114566564559937e-02,-8.027787506580352783e-02,-2.668295428156852722e-02,1.556216478347778320e-01,1.370119750499725342e-01,-2.890675328671932220e-03,-1.015101671218872070e-01,4.950126633048057556e-02,-3.412964940071105957e-02,1.238104254007339478e-01,3.322517499327659607e-03,6.620283424854278564e-02,-6.618038564920425415e-02,1.533218100666999817e-02,8.637035638093948364e-02,9.670856595039367676e-02,1.461405307054519653e-01,1.137770712375640869e-01,1.178076788783073425e-01,-3.678025677800178528e-02,-6.671684980392456055e-02,1.624225378036499023e-01,1.299531012773513794e-01,-2.787968143820762634e-02,6.141367927193641663e-02,8.135991543531417847e-02,4.177567362785339355e-02,1.441574096679687500e-01,1.491262912750244141e-01,8.756837993860244751e-02,9.470663219690322876e-02,2.346951514482498169e-02,4.993380047380924225e-03,5.127847939729690552e-02,-2.232620492577552795e-03,8.724523335695266724e-02,3.529896959662437439e-02,1.459058523178100586e-01,8.436086773872375488e-02,-4.679089412093162537e-02,1.246577948331832886e-01,1.586794555187225342e-01,-2.213772386312484741e-02,1.225745826959609985e-01,3.877352550625801086e-02,1.042125150561332703e-01,5.998371914029121399e-02,1.144035011529922485e-01,1.299240440130233765e-01,8.815415203571319580e-02,1.444280743598937988e-01,4.980511590838432312e-02,6.979059427976608276e-02,-4.626725986599922180e-02,-1.143726613372564316e-02,-2.884579822421073914e-02,-4.073620773851871490e-03,9.371566772460937500e-02,8.689484745264053345e-02,-7.641226984560489655e-03,1.140501648187637329e-01,5.694785341620445251e-02,1.092855725437402725e-02,1.038663685321807861e-01,4.860964044928550720e-02,1.346313059329986572e-01,1.206128001213073730e-01,1.305786371231079102e-01,1.032358035445213318e-01,1.011694520711898804e-01,-3.171953558921813965e-02,4.714909940958023071e-02,1.330832093954086304e-01,7.749983668327331543e-02,1.359559148550033569e-01,6.746104359626770020e-02,1.062742769718170166e-01,2.444422990083694458e-02,1.610553413629531860e-01,6.000101938843727112e-02,5.114720202982425690e-03,4.366065934300422668e-02,-3.322208300232887268e-02,1.405890733003616333e-01,4.833694919943809509e-02,1.241174936294555664e-01,-3.849136643111705780e-03,8.707048743963241577e-02,1.422118544578552246e-01,6.597208976745605469e-02,-1.224505063146352768e-02,6.962238997220993042e-02,-8.042927086353302002e-02,2.681844681501388550e-02,8.437966555356979370e-02,9.292852133512496948e-02,7.648336142301559448e-02,1.508024781942367554e-01,1.661570370197296143e-01,8.648255467414855957e-02,-1.189258843660354614e-01,1.012950688600540161e-01,-8.241827785968780518e-02,5.594160780310630798e-02,1.064751744270324707e-01,5.724525451660156250e-02,2.797079831361770630e-02,7.972618937492370605e-02,6.629036366939544678e-02,5.078965425491333008e-02,9.687094390392303467e-02,1.014123931527137756e-01,8.578681200742721558e-02,-1.209261920303106308e-02,1.345070004463195801e-01,1.258654594421386719e-01,4.193854331970214844e-02,3.152958303689956665e-02,8.350633084774017334e-02,5.458788946270942688e-02,5.090400949120521545e-02,1.566601395606994629e-01,1.009131819009780884e-01,1.270214170217514038e-01,3.572637960314750671e-02,7.644882053136825562e-02,-1.086650639772415161e-01,7.239218801259994507e-02,-6.980583071708679199e-02,9.015160799026489258e-02,4.942781850695610046e-02,1.379359662532806396e-01,7.766599953174591064e-02,6.732510030269622803e-02,6.658871471881866455e-02,-2.941419929265975952e-02,9.066539257764816284e-02,-5.024906247854232788e-02,5.653218552470207214e-02,5.079768598079681396e-02,6.079565361142158508e-02,1.496525760740041733e-02,-9.945725649595260620e-02,-9.347739815711975098e-02,9.473472088575363159e-02,2.966702729463577271e-02,1.500479280948638916e-01,8.589348196983337402e-02,-7.343261688947677612e-02,9.979659318923950195e-02,3.425645828247070312e-02,3.800594806671142578e-02,-6.871410645544528961e-03,7.183168083429336548e-02,9.619472920894622803e-02,1.240386217832565308e-01,-8.026750385761260986e-02,1.478125061839818954e-02,-2.940378710627555847e-02,-7.391694188117980957e-02,1.593817919492721558e-01,1.616522371768951416e-01,9.734779596328735352e-02,1.924667507410049438e-02,1.290083676576614380e-01,1.477102786302566528e-01,2.550032734870910645e-02,1.566257327795028687e-01,7.690016925334930420e-02,2.437957376241683960e-02,1.143940724432468414e-03,4.360860958695411682e-02,9.089431911706924438e-02,-4.839461669325828552e-02,-3.172683343291282654e-02,1.222573369741439819e-01,7.585017010569572449e-04,1.291324496269226074e-01,1.558372378349304199e-01,-1.047239899635314941e-01,8.612903952598571777e-02,-1.110469829291105270e-02,-1.111361607909202576e-01,6.852635741233825684e-02,1.088082045316696167e-01,-8.382692933082580566e-02,1.407639682292938232e-01,-2.189816161990165710e-02,1.460960209369659424e-01,-2.466284669935703278e-03,-5.296262912452220917e-03,8.074287325143814087e-03,3.859217464923858643e-02,-1.852988824248313904e-02,1.030801087617874146e-01,3.087742626667022705e-02,3.211961314082145691e-02,1.248286962509155273e-01,1.063392534852027893e-01,-2.082608267664909363e-02,-3.741025552153587341e-02,-6.798250973224639893e-02,5.537835136055946350e-02,-2.486348897218704224e-02,-8.623815327882766724e-02,5.305044353008270264e-02,1.494564116001129150e-01,9.905391931533813477e-02,1.315900683403015137e-01,-1.669907942414283752e-02,-2.624097280204296112e-03,-2.446946687996387482e-03,1.645339727401733398e-01,1.383838206529617310e-01,2.836202085018157959e-02,-9.421098046004772186e-03,1.235025189816951752e-02,2.788908779621124268e-03,5.675144121050834656e-02,-4.032872617244720459e-02,1.058603972196578979e-01,1.045786663889884949e-01,-4.617917537689208984e-02,1.622159481048583984e-01,-6.248279288411140442e-02,1.455106139183044434e-01,9.444759786128997803e-02,1.069636642932891846e-01,-3.086339309811592102e-02,6.557884812355041504e-02,2.349746972322463989e-02,-1.932757347822189331e-02,-3.803146257996559143e-02,1.733434572815895081e-02,-6.080754473805427551e-02,-2.711480483412742615e-02,-8.155191689729690552e-02,4.796857014298439026e-02,1.864344626665115356e-02,4.775832965970039368e-02,3.658606112003326416e-02,2.876901626586914062e-02,-4.714054241776466370e-02,7.064737379550933838e-02,1.023116409778594971e-01,-5.742323771119117737e-02,3.059383481740951538e-02,8.992391824722290039e-02,2.704993262887001038e-02,1.688254475593566895e-01,-6.208062544465065002e-02,1.482097208499908447e-01,7.626228034496307373e-02,3.548398986458778381e-02,-5.416398122906684875e-02,8.372044563293457031e-02,-8.553150296211242676e-02,1.135981231927871704e-01,1.106579527258872986e-01,2.243917435407638550e-02,4.390594735741615295e-02,1.259191893041133881e-02,6.594097614288330078e-02,1.039041131734848022e-01,7.444559037685394287e-02,1.143390163779258728e-01,8.743701875209808350e-02,3.987312689423561096e-02,-4.730918258428573608e-02,1.004394441843032837e-01,-6.663380563259124756e-02,1.491114217787981033e-02,-6.233406439423561096e-02,7.050993293523788452e-02,9.703171253204345703e-02,9.399452805519104004e-02,-2.380476146936416626e-02,-2.258840017020702362e-03,1.039960533380508423e-01,-7.168277353048324585e-02,-3.612844645977020264e-02,1.905876398086547852e-02,1.446601655334234238e-02,-7.781354337930679321e-02,-2.587089687585830688e-02,-3.917001560330390930e-02,-7.965780794620513916e-02,-3.007230907678604126e-02,-8.854108303785324097e-02,1.449587941169738770e-01,1.793358102440834045e-02,7.272448390722274780e-02,-6.820816546678543091e-02,7.804813235998153687e-02,-6.430588662624359131e-02,1.850980520248413086e-02,1.435279101133346558e-01,1.012980658560991287e-02,8.312028646469116211e-02,-2.625281922519207001e-03,-1.970499381422996521e-02,-3.497986495494842529e-02,1.244087517261505127e-01,1.482314467430114746e-01,1.027135830372571945e-02,-1.073400676250457764e-01,7.749944925308227539e-02,-1.831471547484397888e-02,-5.164160206913948059e-02,-1.172661781311035156e-03,3.638666123151779175e-02,4.114712774753570557e-02,6.352555006742477417e-02,1.520130336284637451e-01,4.231388121843338013e-02,3.902703151106834412e-02,7.160029374063014984e-03,5.841045826673507690e-02,7.402028143405914307e-02,-6.557328999042510986e-02,3.362151980400085449e-02,-3.498100861907005310e-02,7.517736405134201050e-02,-5.279443785548210144e-02,-2.872492000460624695e-02,5.067094787955284119e-02,1.081997305154800415e-01,7.436607778072357178e-02,-9.520114213228225708e-02,6.951442360877990723e-02,-2.569239586591720581e-02,-1.982441172003746033e-02,-6.649137474596500397e-03,-6.791621446609497070e-02,1.474889218807220459e-01,1.863130927085876465e-02,1.379922963678836823e-03,2.784159034490585327e-02,-5.001258850097656250e-02,1.037958860397338867e-01,1.059462502598762512e-01,-8.804360032081604004e-02,5.890309065580368042e-02,-1.047154217958450317e-01,5.868969485163688660e-02,8.595545776188373566e-03,1.520502120256423950e-01,-7.915653288364410400e-02,4.550724849104881287e-02,6.973665952682495117e-02,1.152148470282554626e-01,4.414855316281318665e-02,-1.730524748563766479e-02,-1.358468085527420044e-01,9.911829233169555664e-02,8.606904186308383942e-03,1.584299206733703613e-01,9.961903095245361328e-03,1.601546555757522583e-01,4.210305586457252502e-02,1.091773156076669693e-02,1.123305112123489380e-01,8.791565895080566406e-02,1.535384953022003174e-01,2.239868044853210449e-02,5.863461270928382874e-02,8.408787846565246582e-02,1.546093225479125977e-01,-1.620069891214370728e-02,4.291357472538948059e-02,4.970547184348106384e-02,4.496480152010917664e-02,6.485342979431152344e-02,1.016654521226882935e-01,-1.992794126272201538e-02,5.288655683398246765e-02,-3.769566491246223450e-02,-5.401914939284324646e-02,-9.661730378866195679e-02,1.312985084950923920e-03,7.963702827692031860e-02,8.484896272420883179e-02,1.008755788207054138e-01,8.359679579734802246e-02,-2.648156881332397461e-02,3.984500840306282043e-02,9.020513296127319336e-02,5.554035678505897522e-02,-5.691285058856010437e-02,-1.255443785339593887e-02,7.623897492885589600e-02,1.605233103036880493e-01,3.389707766473293304e-03,4.088186845183372498e-02,1.206084117293357849e-01,-4.879068583250045776e-02,5.441880784928798676e-03,-9.006110019981861115e-03,7.278663665056228638e-02,-1.089479308575391769e-02,1.607972979545593262e-01,1.123421937227249146e-01,-3.126100823283195496e-02,3.552383556962013245e-02,2.329831942915916443e-02,-3.630777820944786072e-02,7.685689628124237061e-02,-2.102228812873363495e-03,1.705257594585418701e-02,1.640009731054306030e-01,-6.894104182720184326e-02,5.865150317549705505e-02,6.941224634647369385e-02,-5.644803866744041443e-02,-1.221818476915359497e-01,-6.962382793426513672e-02,-7.527993619441986084e-02,5.000132694840431213e-02,1.454135123640298843e-02,9.065446257591247559e-02,2.488150075078010559e-02,1.990092173218727112e-02,7.725349068641662598e-02,2.629422768950462341e-02,5.746424570679664612e-02,1.876388490200042725e-02,4.735687375068664551e-02,6.417518109083175659e-02,-2.163693681359291077e-02,-2.201583981513977051e-02,3.120827674865722656e-02,-8.037173002958297729e-02,1.267330348491668701e-01,9.057530760765075684e-02,3.908300772309303284e-02,1.119791865348815918e-01,-1.065544690936803818e-02,1.499795466661453247e-01,1.413527727127075195e-01,1.268683969974517822e-01,-3.899162262678146362e-02,1.301253139972686768e-01,7.328419387340545654e-02,1.269273906946182251e-01,5.068102106451988220e-02,1.021354272961616516e-01,5.532789602875709534e-02,4.221351817250251770e-02,1.124584022909402847e-02,1.000600904226303101e-01,4.492846503853797913e-02,-5.020954087376594543e-02,1.280518323183059692e-01,1.100829392671585083e-01,4.066355526447296143e-02,-3.126129508018493652e-02,-2.438153140246868134e-03,-1.987199857831001282e-02,7.273779809474945068e-02,3.564166277647018433e-02,-2.301447093486785889e-02,-3.260760009288787842e-02,2.036557532846927643e-03,7.432114332914352417e-02,2.308472245931625366e-02,1.280708163976669312e-01,6.947379559278488159e-02,1.165833324193954468e-01,6.440261006355285645e-02,-2.474076300859451294e-02,9.119652211666107178e-02,1.161082610487937927e-01,1.263493448495864868e-01,-5.374586954712867737e-02,-2.628375776112079620e-03,1.545548737049102783e-01,-3.373217768967151642e-03,-7.871715724468231201e-02,2.710989117622375488e-02,7.453241385519504547e-03,-2.774600870907306671e-03,5.215947329998016357e-02,1.123978048563003540e-01,5.618027970194816589e-02,1.466591376811265945e-02,1.240970045328140259e-01,-9.653511457145214081e-03,2.209316566586494446e-02,6.267272680997848511e-02,1.151997521519660950e-01,2.248732373118400574e-02,8.048333227634429932e-03,7.226423174142837524e-02,-4.907254502177238464e-02,3.529125079512596130e-02,-1.961386576294898987e-02,1.332916915416717529e-01,1.562730520963668823e-01,9.656748175621032715e-02,-1.535756420344114304e-02,9.020729921758174896e-03,4.384767636656761169e-02,-3.017907589673995972e-02,4.976313188672065735e-02,-1.087832171469926834e-02,-9.214681386947631836e-02,4.097308963537216187e-02,-1.425389479845762253e-02,3.041800856590270996e-02,1.952828466892242432e-02,8.643709123134613037e-02,4.275209829211235046e-02,1.142400950193405151e-01,9.598983079195022583e-02,9.520919620990753174e-02,2.368840016424655914e-02,2.300607971847057343e-03,-5.479848943650722504e-03,-1.906669884920120239e-02,4.937778413295745850e-02,-6.903927028179168701e-02,-5.575384013354778290e-03,-2.359877154231071472e-02,1.742126792669296265e-02,-8.443898521363735199e-03,4.423673078417778015e-02,1.638602763414382935e-01,4.300860688090324402e-02,4.970287904143333435e-02,-1.167410984635353088e-03,-8.956054598093032837e-02,-5.032553151249885559e-02,7.984773814678192139e-02,7.639864832162857056e-02,1.462257802486419678e-01,7.775107026100158691e-02,6.403884291648864746e-02,2.287845686078071594e-02,1.342860311269760132e-01,1.551106870174407959e-01,-6.387935578823089600e-02,6.849717348814010620e-02,7.851957529783248901e-02,3.899383358657360077e-03,7.548373937606811523e-02,6.898227334022521973e-02,-6.901739537715911865e-02,1.299943625926971436e-01,1.611244976520538330e-01,9.772862493991851807e-02,5.898079648613929749e-02,1.383617818355560303e-01,1.516966521739959717e-01,-4.314732924103736877e-02,8.420682698488235474e-02,5.134668573737144470e-02,7.111805677413940430e-02,-6.397518515586853027e-02,-2.361962571740150452e-02,5.179037526249885559e-02,-1.749201118946075439e-02,6.504353880882263184e-02,7.541699707508087158e-02,6.411754339933395386e-02,9.640396386384963989e-02,7.623115181922912598e-02,1.050060540437698364e-01,7.993412762880325317e-02,1.098330318927764893e-01,2.025899291038513184e-02,8.313675969839096069e-02,-4.552397504448890686e-02,7.738978601992130280e-03,-3.370793163776397705e-02,4.265355691313743591e-02,6.123723462224006653e-02,6.763949058949947357e-03,3.671972081065177917e-02,7.703159749507904053e-02,1.604549586772918701e-01,1.958283036947250366e-02,-1.058327257633209229e-01,6.780574470758438110e-02,-9.172475337982177734e-02,-1.533011253923177719e-02,1.082607060670852661e-01,2.543548867106437683e-02,1.165184602141380310e-01,8.342316746711730957e-02,4.071391373872756958e-02,3.482104279100894928e-03,-6.942344456911087036e-02,-4.791361093521118164e-02,3.522340580821037292e-02,-2.735823020339012146e-02,6.608986109495162964e-02,1.228199433535337448e-02,7.879462093114852905e-02,-5.282677337527275085e-02,1.014478802680969238e-01,6.777413189411163330e-02,2.639339119195938110e-02,-7.137778401374816895e-02,-1.430812012404203415e-02,1.168347150087356567e-01,1.505331043154001236e-02,-2.478968352079391479e-02,8.528114110231399536e-02,7.936324179172515869e-02,-1.502123754471540451e-02,1.434476822614669800e-01,1.484752446413040161e-01,9.512752294540405273e-02,4.689288884401321411e-02,-8.788438141345977783e-02,-1.197378989309072495e-02,3.464593738317489624e-02,2.345994487404823303e-02,1.144501864910125732e-01,1.380960643291473389e-01,1.520636975765228271e-01,2.767852321267127991e-02,7.420583628118038177e-03,1.636670529842376709e-01,6.561882048845291138e-02,8.059044182300567627e-02,1.124486401677131653e-01,-5.526976659893989563e-02,1.141360867768526077e-02,1.525930762290954590e-01,-3.371730819344520569e-02,5.459464713931083679e-02,3.643544763326644897e-02,4.682809486985206604e-02,7.230440527200698853e-02,7.832492142915725708e-02,8.318459987640380859e-02,1.574891209602355957e-01,7.614447921514511108e-02,-8.215610682964324951e-02,5.813495256006717682e-03,8.788913488388061523e-02,1.189338043332099915e-01,6.346603482961654663e-02,2.586811035871505737e-02,-7.138356566429138184e-02,9.841973334550857544e-02,6.713352352380752563e-02,1.384334117174148560e-01,4.245123639702796936e-02,1.829602196812629700e-02,8.087125420570373535e-02,-1.457039918750524521e-02,3.360003978013992310e-02,6.890091300010681152e-02,3.794766031205654144e-03,1.464857459068298340e-01,-1.613354682922363281e-02,1.559181604534387589e-02,-1.038117110729217529e-01,2.978680282831192017e-02,8.001214265823364258e-02,-8.147591724991798401e-04,-1.537891030311584473e-01,1.518657803535461426e-01,6.242225691676139832e-02,5.480460822582244873e-04,1.390291154384613037e-01,3.122854232788085938e-02,1.959984190762042999e-03,-2.685618773102760315e-02,6.188498809933662415e-04,1.591449528932571411e-01,2.467517927289009094e-02,1.337676048278808594e-01,1.585046052932739258e-01,1.096448451280593872e-01,4.645925946533679962e-03,-4.119565710425376892e-02,1.992075704038143158e-03,2.426588907837867737e-02,2.933377772569656372e-02,7.472662627696990967e-02,6.795987486839294434e-02,9.469336271286010742e-02,-2.975124493241310120e-02,-8.737237751483917236e-02,5.973311886191368103e-02,1.132977083325386047e-01,9.115314483642578125e-02,-1.240679323673248291e-01,-6.791779398918151855e-02,1.019991338253021240e-01,1.357413232326507568e-01,3.272059559822082520e-02,-2.708426117897033691e-02,-3.270861692726612091e-03,-4.406080394983291626e-02,9.916684031486511230e-02,3.203468769788742065e-02,6.474412232637405396e-02,3.123971074819564819e-02,3.246855922043323517e-03,7.501353509724140167e-03,-6.370732933282852173e-02,4.807285964488983154e-02,3.341239690780639648e-02,-3.325774520635604858e-02,-2.090527117252349854e-02,-1.134349852800369263e-01,2.737134322524070740e-02,-3.159543499350547791e-02,-5.101591721177101135e-02,-1.386737730354070663e-02,-4.987224005162715912e-03,1.413937658071517944e-01,2.930004894733428955e-02,-3.656217828392982483e-02,5.477914959192276001e-02,-4.451504908502101898e-03,6.404206156730651855e-02,4.313734546303749084e-02,4.762155562639236450e-02,-4.479373805224895477e-03,-8.210168778896331787e-02,3.683303669095039368e-02,-4.359170421957969666e-02,9.794657677412033081e-02,4.565195739269256592e-02,3.993617370724678040e-02,9.851056337356567383e-02,1.646427810192108154e-01,2.527986839413642883e-02,-9.818728268146514893e-02,-9.056350588798522949e-02,6.070726737380027771e-02,1.191199868917465210e-01,1.483675837516784668e-01,1.495977044105529785e-01,-3.769258782267570496e-02,2.807690203189849854e-02,-3.859952092170715332e-03,6.360804289579391479e-02,4.783594235777854919e-02,-5.346956662833690643e-03,1.438741292804479599e-02,8.920810371637344360e-02,-5.400209501385688782e-02,-1.038397662341594696e-03,-9.606759063899517059e-03,-9.911143779754638672e-02,-4.411863908171653748e-02,6.082903221249580383e-02,3.305156901478767395e-02,3.145557828247547150e-03,5.467125214636325836e-03,8.112511038780212402e-02,1.575314253568649292e-01,1.471539288759231567e-01,1.178114116191864014e-01,4.850967600941658020e-02,7.441638410091400146e-02,-4.452542960643768311e-02,4.738662019371986389e-02,4.619197919964790344e-02,-1.632038131356239319e-02,1.566126197576522827e-02,1.017098426818847656e-01,8.548593521118164062e-02,5.771536380052566528e-02,4.202780127525329590e-02,-1.855439692735671997e-02,7.379227131605148315e-02,-1.040737777948379517e-01,9.619454294443130493e-02,1.614947766065597534e-01,7.331320084631443024e-03,3.817003965377807617e-02,2.762866020202636719e-02,-5.257901735603809357e-03,1.458463370800018311e-01,4.722224548459053040e-02,5.161911249160766602e-02,-3.732729330658912659e-02,4.561093822121620178e-02,-2.419866621494293213e-02,-1.080294400453567505e-01,9.905916452407836914e-02,7.863856106996536255e-02,9.570248425006866455e-02,9.137724339962005615e-02,-1.738914847373962402e-02,1.614995300769805908e-01,-2.236044779419898987e-02,2.251191064715385437e-02,-1.536914855241775513e-01,8.493115007877349854e-02,4.613367840647697449e-02,8.475945889949798584e-02,-1.562586799263954163e-02,1.342316120862960815e-01,1.234110742807388306e-01,1.151730120182037354e-01,7.731605321168899536e-02,3.793287649750709534e-02,5.016289278864860535e-02,4.088678210973739624e-02,6.865066289901733398e-02,4.857610538601875305e-02,4.510828480124473572e-02,1.439634263515472412e-01,6.455103307962417603e-02,1.208289116621017456e-01,6.162783876061439514e-02,1.457179784774780273e-01,5.235875025391578674e-02,2.572268061339855194e-02,6.946901977062225342e-02,7.040797173976898193e-02,-7.565870881080627441e-02,1.280916333198547363e-01,-4.621117189526557922e-02,8.269266784191131592e-02,2.218859270215034485e-02,1.164701357483863831e-01,2.899037301540374756e-02,-3.505823388695716858e-02,1.710060983896255493e-01,7.504229247570037842e-02,1.435317099094390869e-01,-2.001614309847354889e-03,6.538346409797668457e-02,-7.270060479640960693e-02,8.919014036655426025e-02,1.202440820634365082e-03,-4.686018079519271851e-02,1.315573155879974365e-01,3.525590896606445312e-02,1.478390097618103027e-01,1.498985886573791504e-01,3.874485194683074951e-02,3.985038772225379944e-02,1.463723629713058472e-01,2.340807020664215088e-02,5.411075055599212646e-02,1.344269961118698120e-01,6.719110906124114990e-02,6.357453018426895142e-02,3.677622415125370026e-03,9.441581368446350098e-02,6.451803445816040039e-02,6.545748561620712280e-02,9.914685972034931183e-03,8.277876675128936768e-02,-1.962679252028465271e-02,9.406562149524688721e-02,5.644658952951431274e-02,-1.130007300525903702e-02,9.137985110282897949e-02,-6.120181456208229065e-02,1.149688810110092163e-01,9.124034084379673004e-03,1.201300919055938721e-01,5.975217372179031372e-02,1.613145917654037476e-01,-1.094438042491674423e-02,1.419762149453163147e-03,1.076358556747436523e-01,5.257052928209304810e-02,1.496931761503219604e-01,-6.395309232175350189e-03,6.199909374117851257e-02,1.524705588817596436e-01,6.112262234091758728e-02,4.273997619748115540e-02,1.335088461637496948e-01,9.682855568826198578e-03,-8.655870333313941956e-04,9.427543729543685913e-02,3.105260431766510010e-03,5.783120915293693542e-02,-1.925974190235137939e-01,1.493643224239349365e-01,-8.490212261676788330e-02,9.349509142339229584e-03,9.989276528358459473e-02,8.760443329811096191e-02,4.738737270236015320e-02,-6.321021169424057007e-02,9.269512444734573364e-02,9.020216763019561768e-02,-6.581617891788482666e-02,3.269032761454582214e-02,-1.412692572921514511e-02,4.331447556614875793e-02,2.395825088024139404e-02,1.175333634018898010e-01,-4.759657755494117737e-02,3.322334587574005127e-02,-7.799020409584045410e-02,-1.548022963106632233e-03,3.825870156288146973e-02,-5.396878346800804138e-02,-3.621256910264492035e-03,7.340123504400253296e-02,-1.673017814755439758e-02,1.269725859165191650e-01,1.448327600955963135e-01,2.489174529910087585e-02,5.836416035890579224e-02,-1.751760765910148621e-02,1.204156354069709778e-01,2.203928679227828979e-02,5.118832737207412720e-02,-1.078539993613958359e-02,-1.717609912157058716e-02,-4.064489156007766724e-02,1.474935561418533325e-05,1.383133605122566223e-02,9.898604452610015869e-02,1.521743834018707275e-01,3.367304801940917969e-02,1.056845039129257202e-01,-6.321301311254501343e-02,2.953557297587394714e-02,-2.769494429230690002e-02,4.591301456093788147e-02,-1.499014496803283691e-01,1.044669374823570251e-01,-1.218419969081878662e-01,6.932767480611801147e-02,2.234536968171596527e-02,1.301252692937850952e-01,1.072319690138101578e-02,-8.857914246618747711e-03,9.056448936462402344e-02,-4.397791810333728790e-03,6.158421188592910767e-02,4.088643193244934082e-02,1.052387282252311707e-01,5.328515172004699707e-02,-6.051969155669212341e-02,5.202582851052284241e-02,1.167366802692413330e-01,1.603868976235389709e-02,-1.739180833101272583e-02,4.163767769932746887e-02,6.096703931689262390e-02,7.405170798301696777e-02,-4.709335044026374817e-03,1.166458427906036377e-01,-2.984930202364921570e-02,8.858248591423034668e-02,1.456880271434783936e-01,4.899862781167030334e-02,1.135374009609222412e-01,-5.879332497715950012e-02,-5.871531739830970764e-02,5.357080325484275818e-02,7.268624752759933472e-02,7.482021301984786987e-02,5.560263246297836304e-02,4.737701639533042908e-02,5.317893810570240021e-03,4.841038957238197327e-02,5.454110912978649139e-03,-1.088261082768440247e-01,-2.745963260531425476e-02,9.153890609741210938e-02,9.699267335236072540e-03,2.648464217782020569e-02,4.340715706348419189e-02,-3.217470273375511169e-02,6.076033040881156921e-02,1.521549522876739502e-01,1.918787509202957153e-02,-7.670283317565917969e-02,4.595798626542091370e-02,-3.959871083498001099e-02,-1.843408122658729553e-02,1.491938382387161255e-01,1.604600250720977783e-02,-7.409238815307617188e-02,1.278882473707199097e-01,3.268191590905189514e-02,6.979240477085113525e-02,2.706032991409301758e-02,3.949137404561042786e-02,-1.084582954645156860e-01,2.483695000410079956e-02,1.560827046632766724e-01,4.074492678046226501e-02,8.699534833431243896e-02,4.817715659737586975e-02,7.910166680812835693e-02,1.522020995616912842e-02,5.361394211649894714e-02,3.989933058619499207e-02,-8.185999840497970581e-02,5.328322201967239380e-02,2.658545598387718201e-02,-7.141682505607604980e-02,1.506619155406951904e-01,8.772664517164230347e-02,4.848898574709892273e-02,4.533289745450019836e-02,5.280999839305877686e-02,-7.933858036994934082e-02,8.441508561372756958e-02,1.017080098390579224e-01,3.961538150906562805e-02,1.389208734035491943e-01,8.894872665405273438e-02,-2.158043161034584045e-02,1.028269678354263306e-01,4.397918656468391418e-02,7.066995836794376373e-03,2.191189303994178772e-02,8.554100245237350464e-02,5.050610750913619995e-02,9.991333633661270142e-02,2.222008258104324341e-02,6.621676683425903320e-02,4.344847425818443298e-02,7.305193692445755005e-02,-3.555166535079479218e-03,1.314654648303985596e-01,5.098475888371467590e-02,5.840005353093147278e-02,7.372438907623291016e-02,6.382215023040771484e-02,7.620444893836975098e-02,2.881871908903121948e-02,8.235701173543930054e-02,-3.565867617726325989e-02,1.663286983966827393e-02,-5.998028442263603210e-02,8.851340971887111664e-03,-7.899975031614303589e-02,9.239435195922851562e-02,2.409551665186882019e-02,-6.445739418268203735e-02,6.028267741203308105e-02,1.041083261370658875e-01,5.090120248496532440e-03,6.522740423679351807e-02,1.515641510486602783e-01,1.260745078325271606e-01,2.479509636759757996e-02,7.724616676568984985e-02,-6.267350912094116211e-02,-1.424534320831298828e-01,2.877794578671455383e-02,5.655306205153465271e-02,-8.027038723230361938e-02,4.520516842603683472e-02,3.611574321985244751e-02,4.457265511155128479e-02,-1.973549276590347290e-02,8.192029595375061035e-02,3.966026753187179565e-02,8.411089330911636353e-02,1.121256649494171143e-01,4.793704301118850708e-02,3.546028211712837219e-02,8.728459477424621582e-02,4.334735125303268433e-02,1.035496592521667480e-01,9.114118292927742004e-04,1.931036636233329773e-02,1.124704331159591675e-01,-5.980255082249641418e-04,6.726784259080886841e-02,1.190080214291810989e-02,2.433377876877784729e-02,1.184772849082946777e-01,5.810880288481712341e-02,9.460951387882232666e-02,-2.565212920308113098e-02,6.857541203498840332e-02,4.378767311573028564e-02,8.183332532644271851e-02,-1.307559292763471603e-02,5.006244406104087830e-02,1.421329528093338013e-01,1.509711146354675293e-01,5.959949269890785217e-02,2.009536325931549072e-02,-4.506158642470836639e-03,1.683455407619476318e-01,6.805798411369323730e-02,-2.788698300719261169e-02,7.093344628810882568e-02,1.066787019371986389e-01,6.955657899379730225e-02,4.708768054842948914e-02,6.030352413654327393e-02,4.374826326966285706e-02,-1.701151952147483826e-02,6.836676597595214844e-02,2.298715710639953613e-02,-3.876328468322753906e-03,1.249003410339355469e-01,1.963884755969047546e-02,2.251461520791053772e-02,1.519883424043655396e-01,4.935148637741804123e-03,1.405908912420272827e-01,9.502068907022476196e-02,-1.065412908792495728e-01,3.395802527666091919e-02,8.332961797714233398e-02,1.396492216736078262e-02,1.580563485622406006e-01,4.453185573220252991e-02,5.227449536323547363e-02,-2.040365710854530334e-02,8.912934362888336182e-02,5.508785322308540344e-02,-2.633966132998466492e-02,1.064133644104003906e-01,6.848089396953582764e-02,1.528877913951873779e-01,7.678528875112533569e-02,6.696732342243194580e-02,8.579953014850616455e-02,4.759510233998298645e-02,1.005520075559616089e-01,5.166242644190788269e-02,8.733904920518398285e-03,9.164462983608245850e-02,9.578281641006469727e-02,5.301180109381675720e-02,8.359472453594207764e-02,3.677286207675933838e-02,1.051658540964126587e-01,6.960068643093109131e-02,9.393336623907089233e-02,1.499206274747848511e-01,8.722094446420669556e-02,2.740819007158279419e-03,1.869583129882812500e-02,1.537456661462783813e-01,6.716766953468322754e-02,-4.860275611281394958e-02,1.592169255018234253e-01,-1.277755852788686752e-02,5.375184491276741028e-02,-7.657574862241744995e-02,1.593749523162841797e-01,-9.891704656183719635e-03,6.110741943120956421e-02,7.375314831733703613e-02,1.200208514928817749e-01,7.045766711235046387e-02,1.224546283483505249e-01,-2.103452011942863464e-02,8.314073085784912109e-02,-2.911568060517311096e-02,8.618565648794174194e-02,-4.357651993632316589e-02,1.460330281406641006e-02,-2.854244038462638855e-02,2.698009461164474487e-02,1.536095514893531799e-04,8.475854061543941498e-03,8.101075887680053711e-02,2.190219983458518982e-02,-1.160370707511901855e-01,3.411398455500602722e-02,1.098319441080093384e-01,-7.115243375301361084e-02,3.521559387445449829e-02,1.247157454490661621e-01,3.764238581061363220e-02,1.856317371129989624e-02,7.542787119746208191e-03,1.218441426753997803e-01,-6.369185447692871094e-02,7.345020025968551636e-02,5.789028480648994446e-02,-2.982718870043754578e-04,-3.200127184391021729e-02,7.385472208261489868e-02,-1.945974677801132202e-02,1.089131087064743042e-01,1.460880935192108154e-01,5.476595461368560791e-02,9.090569615364074707e-02,-7.190223783254623413e-02,5.240642465651035309e-03,6.341168284416198730e-02,1.677339375019073486e-01,-5.449470505118370056e-02,1.162000969052314758e-01,1.321478635072708130e-01,-2.059585452079772949e-01,1.708975993096828461e-03,-1.174307465553283691e-01,9.722989797592163086e-02,-4.066484980285167694e-03,1.335343718528747559e-01,5.038005486130714417e-02,1.313575543463230133e-03,-1.355758905410766602e-01,6.128143891692161560e-02,-5.888707004487514496e-03,1.239040121436119080e-01,5.902660079300403595e-03,6.307816505432128906e-02,-7.133339345455169678e-02,6.088783219456672668e-02,-3.383570909500122070e-02,4.757780581712722778e-02,1.510970890522003174e-01,-6.695024669170379639e-02,-7.483564317226409912e-02,1.119380220770835876e-01,7.273191958665847778e-02,1.422382295131683350e-01,-6.254492700099945068e-02,-5.526084080338478088e-02,-5.541621521115303040e-02,7.850259542465209961e-02,2.606922760605812073e-02,1.001791357994079590e-01,-4.275248199701309204e-02,4.421461373567581177e-02,-2.864221110939979553e-02,1.024589389562606812e-01,-1.121093183755874634e-01,1.236466839909553528e-01,-1.463902648538351059e-02,5.695011839270591736e-02,1.045472919940948486e-01,8.060988783836364746e-02,1.633387804031372070e-01,-2.738638781011104584e-03,-2.501041069626808167e-02,-1.007479280233383179e-01,7.818906754255294800e-02,-4.073213413357734680e-02,-1.193953752517700195e-01,-8.404471911489963531e-03,5.980422720313072205e-04,-1.009136736392974854e-01,-1.232539582997560501e-02,1.173019111156463623e-01,-4.843996092677116394e-02,3.556957095861434937e-02,6.572463549673557281e-03,4.198451340198516846e-02,-2.432018890976905823e-02,-8.852051943540573120e-02,5.806518718600273132e-02,4.679753631353378296e-02,-6.454938650131225586e-02,3.593048080801963806e-02,-1.037739682942628860e-02,9.292878210544586182e-02,8.779396116733551025e-02,-1.708982884883880615e-02,4.250121489167213440e-02,1.482783854007720947e-01,5.336023494601249695e-02,6.322718411684036255e-02,4.949392750859260559e-02,1.330388039350509644e-01,1.505988836288452148e-01,1.613718271255493164e-01,-1.570406928658485413e-02,-1.386006455868482590e-02,1.564110219478607178e-01,8.636077493429183960e-02,1.528493165969848633e-01,7.610397785902023315e-02,5.597555264830589294e-02,1.337121427059173584e-01,1.181598901748657227e-01,-9.144645929336547852e-02,-2.415442466735839844e-02,-1.215941458940505981e-01,1.602180451154708862e-01,6.790949404239654541e-02,1.304759550839662552e-02,9.234930574893951416e-02,1.336660981178283691e-01,-3.443467430770397186e-03,1.043177768588066101e-01,5.688574165105819702e-02,-7.863567769527435303e-02,-7.897581160068511963e-02,9.299050271511077881e-02,-7.310532964766025543e-03,1.486058682203292847e-01,1.053440272808074951e-01,-4.707224667072296143e-03,1.422960404306650162e-02,1.017380207777023315e-01,-7.287584245204925537e-02,3.758665174245834351e-02,-4.949118010699748993e-03,3.311730548739433289e-02,1.598691344261169434e-01,2.511778846383094788e-03,2.560310065746307373e-02,-2.741812914609909058e-02,-7.000901550054550171e-02,-1.344734523445367813e-02,1.145319193601608276e-01,6.865850836038589478e-02,1.449536252766847610e-02,3.352281451225280762e-02,7.234305888414382935e-02,9.462001733481884003e-03,1.019891500473022461e-01,-9.467798471450805664e-02,7.397469133138656616e-02,6.334993988275527954e-02,-5.376367643475532532e-02,1.646202802658081055e-02,-5.202122405171394348e-02,1.275088042020797729e-01,-1.106511652469635010e-01,9.180349111557006836e-02,1.088225748389959335e-02,-3.450838476419448853e-02,-9.877009689807891846e-02,-4.435676708817481995e-02,1.679515838623046875e-02,3.095016814768314362e-03,-3.607643768191337585e-02,-1.716395840048789978e-02,7.581338286399841309e-02,-4.161459952592849731e-02,8.373832702636718750e-02,-7.880354672670364380e-02,8.222770690917968750e-02,-1.941767334938049316e-02,2.504339814186096191e-02,4.018323123455047607e-02,5.647619441151618958e-02,1.582001149654388428e-01,-3.659712523221969604e-02,-8.620533160865306854e-03,1.309651732444763184e-01,-1.354850362986326218e-02,-8.562928438186645508e-02,3.308974951505661011e-02,-2.943243831396102905e-02,3.578672185540199280e-02,-8.638872206211090088e-02,-8.998219668865203857e-02,5.598041787743568420e-02,-4.691194370388984680e-02,1.146732270717620850e-01,3.873126953840255737e-02,1.430383920669555664e-01,-8.000678382813930511e-03,9.127289056777954102e-02,2.884505689144134521e-02,1.330692023038864136e-01,6.594100594520568848e-02,1.502695977687835693e-01,1.794543862342834473e-02,7.111911661922931671e-03,5.398527719080448151e-03,4.602260887622833252e-02,1.334401965141296387e-01,-6.651833653450012207e-02,-5.700256302952766418e-02,7.434244453907012939e-02,2.839192748069763184e-02,-9.080538898706436157e-02,-2.150318585336208344e-03,3.401545062661170959e-02,-1.338495872914791107e-03,-1.712581887841224670e-02,-9.770286828279495239e-02,6.321419030427932739e-02,-1.080836132168769836e-01,7.495079934597015381e-02,1.548520773649215698e-01,5.703587457537651062e-02,2.521154284477233887e-02,8.013805747032165527e-02,-6.521134078502655029e-02,4.507033154368400574e-02,-9.797859936952590942e-02,-4.225927405059337616e-03,-6.304313987493515015e-02,-9.552337229251861572e-02,2.107935026288032532e-02,4.738386347889900208e-02,4.711877182126045227e-02,1.627218723297119141e-01,2.347502484917640686e-02,1.798609271645545959e-02,5.674415826797485352e-02,1.421462595462799072e-01,-6.189766898751258850e-02,-1.124234031885862350e-02,-6.514959782361984253e-02,9.048416465520858765e-02,-8.238949626684188843e-02,-2.748636528849601746e-02,3.498010709881782532e-02,-3.046624734997749329e-02,4.327386245131492615e-02,-7.590477168560028076e-02,-3.161042556166648865e-02,-7.401405833661556244e-03,-1.490172147750854492e-01,1.137057095766067505e-01,-3.080396726727485657e-02,-5.226471461355686188e-03,-3.963447175920009613e-03,4.948570206761360168e-02,1.411218475550413132e-02,8.493042737245559692e-02,-2.923095971345901489e-02,-1.933634430170059204e-01,-2.245316281914710999e-04,-1.698454916477203369e-01,1.491300482302904129e-02,1.399008184671401978e-01,-2.001795172691345215e-02,-1.433752477169036865e-01,5.513158626854419708e-03,4.611684009432792664e-03,3.194247931241989136e-02,1.303155068308115005e-02,8.272220939397811890e-02,1.013548672199249268e-02,1.231146007776260376e-01,-4.106820747256278992e-02,5.322018638253211975e-02,5.834062397480010986e-02,1.558244973421096802e-01,1.208389997482299805e-01,-8.126162737607955933e-02,2.905448898673057556e-02,1.417866814881563187e-02,9.001901745796203613e-02,-1.210875958204269409e-01,-3.107103705406188965e-02,4.638319090008735657e-02,9.893758594989776611e-02,-9.484697878360748291e-02,-2.456873282790184021e-02,9.267990291118621826e-02,1.448848471045494080e-02,-1.030419953167438507e-03,-7.812543772161006927e-03,-4.453570023179054260e-02,-1.493288278579711914e-01,-4.360207356512546539e-03,2.193404734134674072e-02,1.005987003445625305e-01,-9.859950840473175049e-02,1.269161552190780640e-01,1.123019307851791382e-01,-8.005811274051666260e-02,3.823157772421836853e-02,1.219022721052169800e-01,8.569514751434326172e-02,-5.895707383751869202e-02,8.030749112367630005e-02,2.445802092552185059e-02,1.413704454898834229e-01,9.588195942342281342e-03,-5.146094039082527161e-02,-5.470519140362739563e-02,-4.461956396698951721e-02,5.276283994317054749e-02,-2.180920913815498352e-02,1.147157028317451477e-01,5.443739518523216248e-02,9.279084391891956329e-03,-5.042242631316184998e-02,9.714064747095108032e-02,5.580487847328186035e-02,-1.153688877820968628e-01,1.021280512213706970e-01,-1.980349421501159668e-02,1.402554512023925781e-01,1.298009604215621948e-01,1.471556127071380615e-01,1.832070946693420410e-02,6.851892918348312378e-02,4.807694815099239349e-03,2.795588970184326172e-02,-5.344272777438163757e-02,2.781679108738899231e-02,1.529323756694793701e-01,5.793222412467002869e-02,3.439743816852569580e-02,-5.516172572970390320e-02,2.865837514400482178e-02,1.269131004810333252e-01,1.399272382259368896e-01,-5.717613734304904938e-03,1.496355533599853516e-01,-1.125738546252250671e-01,1.284020841121673584e-01,2.839314937591552734e-02,1.985920593142509460e-02,-6.984685361385345459e-02,4.414076730608940125e-02,1.456376314163208008e-01,-8.989696204662322998e-02,9.291371703147888184e-02,1.312004029750823975e-01,-4.654850065708160400e-02,-1.909554377198219299e-02,5.311306193470954895e-02,-2.539367601275444031e-02,1.576712913811206818e-02,7.040318101644515991e-02,-4.622277989983558655e-02,9.163701534271240234e-02,-4.844446107745170593e-02,4.529530182480812073e-02,4.290268942713737488e-02,1.011645272374153137e-01,5.986385047435760498e-03,-2.690770849585533142e-02,6.015903130173683167e-02,4.317507520318031311e-02,1.236799135804176331e-01,1.540739182382822037e-02,-1.481272932142019272e-02,-9.587333351373672485e-02,9.537567198276519775e-02,4.925782606005668640e-02,4.264305531978607178e-02,-4.631243646144866943e-02,9.015052765607833862e-02,3.296354040503501892e-02,1.897148787975311279e-02,2.875803411006927490e-02,-5.363913998007774353e-02,9.617991745471954346e-02,-9.492304921150207520e-02,1.009905487298965454e-01,-6.618812680244445801e-02,1.010205373167991638e-01,1.347241848707199097e-01,3.288311511278152466e-02,2.680937200784683228e-02,2.249444276094436646e-02,9.080685675144195557e-02,8.509410917758941650e-02,1.059702783823013306e-01,1.201303079724311829e-01,3.165167942643165588e-02,1.237079203128814697e-01,8.710057474672794342e-03,3.914545848965644836e-02,1.112257391214370728e-01,7.052332907915115356e-02,-3.768920898437500000e-02,-6.448966264724731445e-02,1.202510446310043335e-01,1.034405231475830078e-01,1.208051592111587524e-01,1.751617528498172760e-03,3.741193562746047974e-02,1.052497252821922302e-01,-8.399355411529541016e-02,9.822775423526763916e-02,9.100182354450225830e-02,-6.335270404815673828e-02,6.411884911358356476e-03,-8.694075047969818115e-02,-3.982521221041679382e-02,-5.081889033317565918e-02,-9.425005875527858734e-03,-5.605434253811836243e-02,5.822607874870300293e-02,3.453632816672325134e-02,7.018022239208221436e-02,4.122383520007133484e-02,2.467029727995395660e-03,4.462629929184913635e-02,3.367215767502784729e-02,6.966539472341537476e-02,-1.039153244346380234e-02,1.110143810510635376e-01,-2.317380160093307495e-02,-2.283438667654991150e-02,2.153377979993820190e-02,7.707957923412322998e-02,1.429126262664794922e-01,-6.204551830887794495e-02,5.153655633330345154e-02,2.386084571480751038e-02,-8.462959527969360352e-02,-2.572499960660934448e-02,-9.811859577894210815e-02,-3.986963257193565369e-02,9.854341857135295868e-03,2.518554776906967163e-02,3.731516376137733459e-02,-1.211990509182214737e-02,-1.982421055436134338e-02,5.304082110524177551e-02,1.263574957847595215e-01,3.411279246211051941e-02,3.116502240300178528e-02,7.867619395256042480e-02,1.129965484142303467e-01,9.785296022891998291e-02,2.575954422354698181e-02,1.657918468117713928e-02,4.965974390506744385e-02,3.125799819827079773e-02,-5.420381948351860046e-02,2.129040658473968506e-02,1.349698901176452637e-01,-8.386767655611038208e-02,7.251093536615371704e-02,6.086537241935729980e-02,4.929859191179275513e-02,-8.758337236940860748e-03,2.288949862122535706e-02,1.144266054034233093e-01,-7.572129368782043457e-02,2.801550552248954773e-02,2.517961338162422180e-02,-4.368512704968452454e-02,1.012954264879226685e-01,1.314959377050399780e-01,9.628702886402606964e-03,-1.236958336085081100e-02,1.032829564064741135e-02,9.243774414062500000e-02,-2.303779125213623047e-02,-7.745871692895889282e-02,7.497330009937286377e-02,3.725316002964973450e-02,-9.162274748086929321e-02,3.842277079820632935e-02,-1.708358898758888245e-02,2.064604684710502625e-02,4.794253967702388763e-03,3.970353305339813232e-02,1.193279325962066650e-01,-6.442069076001644135e-03,4.657015949487686157e-02,1.526646763086318970e-01,-9.936215355992317200e-04,1.175914555788040161e-01,1.439158022403717041e-01,3.648680076003074646e-02,-1.610858365893363953e-02,-4.858210310339927673e-02,3.770293667912483215e-02,4.587634280323982239e-02,3.644673898816108704e-02,-2.777317538857460022e-02,6.098133698105812073e-02,-1.118435561656951904e-01,3.250077739357948303e-02,1.441090553998947144e-01,-9.643360972404479980e-04,1.236451324075460434e-02,8.141754567623138428e-02,4.687015339732170105e-02,8.549037575721740723e-02,1.672324538230895996e-01,-4.422638192772865295e-02,1.702977418899536133e-01,-1.060432754456996918e-03,-1.182685699313879013e-02,-1.584654301404953003e-02,1.155738085508346558e-01,7.474734634160995483e-02,-1.180205196142196655e-01,-4.508712887763977051e-02,2.543215081095695496e-02,1.359179317951202393e-01,-5.561889149248600006e-03,-3.959435597062110901e-02,-6.701093912124633789e-02,1.255006641149520874e-01,1.424783468246459961e-01,2.627299353480339050e-02,-3.380130603909492493e-02,-7.574351131916046143e-02,3.015935048460960388e-02,-6.653566658496856689e-02,-3.455802425742149353e-02,9.693112969398498535e-02,1.239328179508447647e-02,3.335260227322578430e-02,1.257184296846389771e-01,-3.656658902764320374e-02,1.269837319850921631e-01,1.037530750036239624e-01,3.700659424066543579e-02,-1.046999823302030563e-02,-1.172615122050046921e-02,-5.805090442299842834e-02,4.258966445922851562e-02,1.284722238779067993e-01,-5.908805504441261292e-02,6.543447822332382202e-02,1.365522742271423340e-01,-3.620275296270847321e-03,-9.594967961311340332e-02,4.249794408679008484e-02,1.365368720144033432e-02,7.069890946149826050e-02,-6.561575829982757568e-02,5.593366175889968872e-02,1.303051114082336426e-01,3.921625018119812012e-02,-2.050323411822319031e-02,-5.627505853772163391e-02,1.170626506209373474e-01,5.369814857840538025e-02,3.301955014467239380e-02,-9.181117638945579529e-04,7.831966504454612732e-04,-3.777426667511463165e-03,2.793769910931587219e-02,1.341182887554168701e-01,1.383036375045776367e-01,1.588407903909683228e-01,8.156958967447280884e-02,1.291807442903518677e-01,3.731054440140724182e-02,1.350109279155731201e-01,7.366660237312316895e-02,1.515776216983795166e-01,9.056344628334045410e-02,1.512801796197891235e-01,8.583207428455352783e-02,-6.083588674664497375e-02,8.618208020925521851e-02,3.763598576188087463e-02,5.489136651158332825e-02,-7.428468763828277588e-02,9.664385020732879639e-02,-2.958065643906593323e-02,-1.022495795041322708e-02,6.774836778640747070e-02,2.346658706665039062e-02,3.056530281901359558e-02,8.786354213953018188e-02,1.117859035730361938e-01,1.563423424959182739e-01,3.345054760575294495e-02,8.169023692607879639e-02,-2.479183673858642578e-02,-2.575970813632011414e-02,1.766156256198883057e-01,2.210250869393348694e-02,3.492405265569686890e-02,9.944137930870056152e-02,1.175913661718368530e-01,1.388375312089920044e-01,5.548627674579620361e-02,-8.641577325761318207e-03,6.288254261016845703e-02,6.950338184833526611e-02,1.593519896268844604e-01,1.495597511529922485e-01,3.314937651157379150e-02,1.682410240173339844e-01,8.796779066324234009e-02,7.551775872707366943e-02,2.404687553644180298e-02,1.069829910993576050e-01,-8.233695477247238159e-02,8.912685513496398926e-02,5.142930150032043457e-02,5.847208574414253235e-02,-8.975183963775634766e-02,3.441895544528961182e-02,4.097557067871093750e-02,6.653508543968200684e-02,6.489719450473785400e-02,-8.481337688863277435e-03,6.224769726395606995e-02,-1.372384727001190186e-01,-3.672164864838123322e-03,-1.730422079563140869e-01,8.093447983264923096e-02,3.164350055158138275e-03,7.855322211980819702e-02,-3.405319154262542725e-02,1.409892439842224121e-01,4.912539944052696228e-02,1.346979737281799316e-01,9.287626296281814575e-02,1.983198523521423340e-02,1.682946383953094482e-01,-6.437218748033046722e-03,1.137163192033767700e-01,1.018175855278968811e-01,-9.077930450439453125e-02,7.861395180225372314e-02,-9.398276917636394501e-03,6.482750177383422852e-02,3.560338169336318970e-02,5.846514925360679626e-02,-7.670649886131286621e-02,6.381022930145263672e-02,7.866583764553070068e-02,-3.357200697064399719e-02,6.549838930368423462e-02,1.459674090147018433e-01,-8.486551046371459961e-02,-1.904581114649772644e-02,1.118307262659072876e-01,3.725740686058998108e-02,8.895500004291534424e-02,-1.653181761503219604e-02,1.389934718608856201e-01,3.381123766303062439e-02,4.712385311722755432e-02,-1.126675866544246674e-03,5.894287303090095520e-02,-5.292438901960849762e-03,8.253141492605209351e-02,7.001807540655136108e-02,4.950090497732162476e-02,7.378890365362167358e-02,-9.943397343158721924e-02,2.666793763637542725e-02,1.338541805744171143e-01,1.474439501762390137e-01,1.360393315553665161e-01,1.081538051366806030e-01,5.523400008678436279e-02,-7.728400826454162598e-02,4.577411338686943054e-02,5.011836811900138855e-02,6.227715685963630676e-02,4.994525387883186340e-02,-5.565730109810829163e-02,1.168015077710151672e-01,1.113885194063186646e-01,9.885843098163604736e-02,1.112479642033576965e-01,1.557203233242034912e-01,1.395303606986999512e-01,6.203332170844078064e-02,8.597710728645324707e-02,-7.847046852111816406e-02,1.178131848573684692e-01,1.536577492952346802e-01,-5.872584879398345947e-04,1.110589653253555298e-01,-1.086444705724716187e-01,-4.324280843138694763e-02,-1.726268604397773743e-02,8.609432727098464966e-02,9.870278835296630859e-02,1.234100311994552612e-01,2.444768324494361877e-02,-7.215076684951782227e-02,1.603622883558273315e-01,7.648483663797378540e-02,-2.947273477911949158e-02,2.584739774465560913e-02,6.842089444398880005e-02,1.501241326332092285e-01,1.125011295080184937e-01,1.235698312520980835e-01,-4.211391136050224304e-02,4.795465990900993347e-02,-9.548394009470939636e-04,7.384103536605834961e-02,-6.709191016852855682e-03,1.081287339329719543e-01,1.306007951498031616e-01,-3.586602397263050079e-03,-1.322051286697387695e-01,6.228330358862876892e-02,-7.916292548179626465e-02,-5.620003119111061096e-02,1.011949628591537476e-01,4.317073896527290344e-02,-2.532535232603549957e-03,4.501993581652641296e-02,7.547479867935180664e-02,4.729730263352394104e-02,1.069851219654083252e-01,9.319926798343658447e-02,1.303256452083587646e-01,-4.937058687210083008e-02,1.158217638731002808e-01,-6.734502315521240234e-02,8.551073074340820312e-02,1.497122943401336670e-01,1.321716755628585815e-01,-1.018494516611099243e-01,7.273805141448974609e-02,6.905724108219146729e-02,-1.149403210729360580e-02,2.001475542783737183e-02,1.152475550770759583e-01,-1.600109040737152100e-02,1.018652766942977905e-01,1.164392381906509399e-01,1.608763337135314941e-01,-2.540928497910499573e-02,1.004034746438264847e-02,7.373359799385070801e-02,6.282549351453781128e-02,1.055630818009376526e-01,7.681652903556823730e-02,7.736894488334655762e-02,-1.249808520078659058e-01,4.039701074361801147e-03,3.133728727698326111e-02,5.995478853583335876e-02,8.590725064277648926e-02,1.114783585071563721e-01,-1.603764295578002930e-02,5.491184070706367493e-02,-6.437754631042480469e-02,-7.742582261562347412e-02,2.614362724125385284e-02,-5.486187711358070374e-02,-2.849368005990982056e-02,-8.724290132522583008e-02,-1.066963225603103638e-01,1.143500506877899170e-01,-3.882174193859100342e-02,-6.753485649824142456e-05,1.091438829898834229e-01,-1.047951448708772659e-02,1.547201126813888550e-01,5.874777957797050476e-02,1.465411037206649780e-01,-2.758332714438438416e-02,6.426597386598587036e-02,-4.705320671200752258e-02,1.090245991945266724e-01,6.809365749359130859e-02,-3.110038861632347107e-02,3.268639743328094482e-02,6.192990392446517944e-02,3.569673001766204834e-02,1.150947157293558121e-02,-8.349584043025970459e-02,5.856233835220336914e-02,1.237581968307495117e-01,-5.640267394483089447e-03,1.610113680362701416e-02,8.190014958381652832e-02,3.378511220216751099e-02,1.030470281839370728e-01,6.142989546060562134e-02,1.404028236865997314e-01,-4.608209431171417236e-02,7.780959457159042358e-02,-2.437069639563560486e-02,-4.445724189281463623e-02,7.278388738632202148e-02,-1.161553245037794113e-02,2.054585516452789307e-02,3.066950291395187378e-02,3.085188195109367371e-02,7.817996293306350708e-02,-6.495477259159088135e-02,1.338935792446136475e-01,1.447665393352508545e-01,-1.010497063398361206e-01,-5.434151366353034973e-02,8.392867632210254669e-03,2.146083116531372070e-02,-5.867444351315498352e-02,3.048527054488658905e-03,8.357843756675720215e-02,-6.543329358100891113e-02,8.190205693244934082e-02,-1.786964386701583862e-02,9.423717856407165527e-02,7.438518851995468140e-02,4.629369080066680908e-02,-2.672822028398513794e-02,5.192242562770843506e-02,5.432738736271858215e-02,1.311112344264984131e-01,2.806564420461654663e-02,2.210468053817749023e-02,2.760872617363929749e-02,1.118224766105413437e-02,-6.831136345863342285e-02,1.427779439836740494e-02,1.868156716227531433e-03,9.637480974197387695e-02,-5.149648711085319519e-02,1.383478641510009766e-01,-1.392336841672658920e-02,4.286734387278556824e-02,6.395472586154937744e-02,4.390401765704154968e-02,-1.200342029333114624e-01,5.514806881546974182e-02,-1.088913604617118835e-01,9.629830718040466309e-02,1.534203737974166870e-01,7.496543973684310913e-02,6.461401283740997314e-02,7.072853855788707733e-03,-5.437626317143440247e-02,2.472027391195297241e-02,9.218131005764007568e-02,1.212586909532546997e-01,3.766876086592674255e-02,-9.161527454853057861e-02,-8.152672648429870605e-02,-1.162442844361066818e-02,1.247717067599296570e-02,1.001736521720886230e-01,3.298779577016830444e-02,1.202415227890014648e-01,-6.795211695134639740e-03,-9.294782765209674835e-03,1.207711771130561829e-01,-1.304403599351644516e-02,2.795779705047607422e-02,8.030742406845092773e-02,-4.522442445158958435e-02,9.114482998847961426e-02,1.211442518979310989e-02,-3.928286954760551453e-02,5.060556158423423767e-02,-5.422290042042732239e-02,8.737678080797195435e-02,-5.123170092701911926e-02,-6.824816577136516571e-03,1.243517026305198669e-01,1.405418217182159424e-01,1.257571578025817871e-01,-1.106644421815872192e-01,9.240195155143737793e-02,1.335739046335220337e-01,8.223223686218261719e-02,1.186704449355602264e-02,7.995069026947021484e-02,-6.484612822532653809e-02,4.904250800609588623e-02,2.701140195131301880e-02,-6.058795377612113953e-02,-7.448821328580379486e-03,1.709244400262832642e-02,5.524624884128570557e-02,-3.968867659568786621e-02,7.263336330652236938e-02,1.207409948110580444e-01,3.081298992037773132e-02,7.338409870862960815e-02,-1.368093024939298630e-02,2.798496559262275696e-02,6.029834598302841187e-02,-2.684919163584709167e-04,6.954421103000640869e-02,4.254576191306114197e-02,3.088740631937980652e-02,2.785068005323410034e-02,3.963939100503921509e-02,1.133145689964294434e-01,1.454232037067413330e-01,-7.278829067945480347e-02,2.433721348643302917e-02,5.970069020986557007e-02,-2.678453549742698669e-02,-1.246924977749586105e-02,-2.478067576885223389e-02,3.738940134644508362e-02,-1.544540654867887497e-02,5.145673826336860657e-02,7.982446998357772827e-02,5.100086703896522522e-02,1.005087941884994507e-01,1.404874175786972046e-01,4.724677279591560364e-02,8.528368920087814331e-02,-1.071719825267791748e-01,-2.424579858779907227e-02,7.386891543865203857e-02,-5.814789794385433197e-03,-4.470048472285270691e-02,2.400535158812999725e-03,-4.434832558035850525e-02,8.358746767044067383e-02,1.394761055707931519e-01,6.393013149499893188e-02,1.457525342702865601e-01,7.250939309597015381e-02,-5.344139412045478821e-02,1.410669684410095215e-01,6.466534733772277832e-02,3.107189387083053589e-02,-3.524838015437126160e-02,3.454506397247314453e-02,5.948862433433532715e-02,-1.373339165002107620e-02,-5.381989292800426483e-03,-7.287978194653987885e-03,4.886300861835479736e-02,4.794710129499435425e-02,-1.248994767665863037e-01,5.103034898638725281e-02,3.858856856822967529e-02,5.039927735924720764e-02,6.967775523662567139e-02,3.815421089529991150e-02,4.801415279507637024e-02,1.212038397789001465e-01,-1.328470278531312943e-02,1.440545320510864258e-01,-9.644417464733123779e-02,-6.291505694389343262e-02,2.782122418284416199e-02,-1.500940788537263870e-02,-4.345448687672615051e-04,1.184556335210800171e-01,-2.263743057847023010e-02,8.365505933761596680e-02,-4.574592225253582001e-03,1.013575345277786255e-01,-2.043339237570762634e-02,1.277656704187393188e-01,1.529974192380905151e-01,-8.511953800916671753e-02,-3.441843762993812561e-02,-5.285759642720222473e-02,3.676554933190345764e-02,1.180300712585449219e-01,7.145934551954269409e-02,1.100126802921295166e-01,1.366103161126375198e-02,9.278043359518051147e-02,-3.153450414538383484e-02,1.463352702558040619e-03,7.404315471649169922e-02,1.380707621574401855e-01,-3.528055176138877869e-02,3.850099816918373108e-02,-2.151504158973693848e-02,7.919146865606307983e-02,-4.039095714688301086e-02,-2.470232918858528137e-02,1.587308347225189209e-01,1.260530650615692139e-01,-3.656502813100814819e-02,8.540879003703594208e-03,-7.557715475559234619e-02,2.495483681559562683e-02,7.465469092130661011e-02,4.706515371799468994e-02,5.280303582549095154e-02,1.233384609222412109e-01,-1.193468738347291946e-02,-8.850674144923686981e-03,-2.712844684720039368e-02,1.479471940547227859e-02,1.427489519119262695e-01,2.982432022690773010e-02,-5.533375963568687439e-02,7.609004527330398560e-02,-4.805526509881019592e-02,2.853989973664283752e-02,6.138573214411735535e-02,1.207779571413993835e-01,-7.398366928100585938e-02,3.077876940369606018e-02,3.784798458218574524e-02,-8.131340146064758301e-02,-4.914844781160354614e-02,8.413955569267272949e-02,1.528672873973846436e-01,1.110481768846511841e-01,6.364832632243633270e-03,1.576658487319946289e-01,1.771642826497554779e-03,4.854645207524299622e-02,1.531242299824953079e-02,3.008608520030975342e-02,-6.474286317825317383e-02,6.643919646739959717e-02,1.200726907700300217e-02,5.844188854098320007e-04,-5.303784087300300598e-02,8.364758454263210297e-03,5.999132990837097168e-02,3.666156902909278870e-02,3.300244733691215515e-02,1.003109812736511230e-01,9.751921147108078003e-02,5.750723928213119507e-02,1.106346622109413147e-01,3.030462190508842468e-02,1.482561826705932617e-01,9.028469771146774292e-02,2.297689393162727356e-02,-2.245170250535011292e-02,1.115374937653541565e-01,-4.110953211784362793e-02,5.482957884669303894e-02,3.756153956055641174e-02,-4.440235719084739685e-02,-1.617790386080741882e-02,1.545565575361251831e-01,1.543339993804693222e-02,3.650600090622901917e-02,2.248469740152359009e-02,7.711984217166900635e-02,1.492870319634675980e-02,2.981633320450782776e-02,-1.640741527080535889e-02,5.969777330756187439e-02,6.240838393568992615e-02,1.516371369361877441e-01,5.588721856474876404e-02,3.854720667004585266e-02,6.121759861707687378e-02,1.936454698443412781e-02,6.298560649156570435e-02,3.617389127612113953e-02,9.820595383644104004e-02,4.331010207533836365e-02,7.003628462553024292e-02,8.179424703121185303e-02,-3.348935395479202271e-02,8.330055512487888336e-03,-4.161874577403068542e-02,-4.798353649675846100e-03,7.650057971477508545e-02,6.954713910818099976e-02,1.357786655426025391e-01,-1.917667314410209656e-02,7.382080703973770142e-02,5.776426196098327637e-02,1.108220517635345459e-01,3.304674103856086731e-02,1.382545847445726395e-02,4.319917783141136169e-02,-4.557019099593162537e-02,5.712970346212387085e-02,-4.475316964089870453e-03,-5.707370117306709290e-02,2.183891832828521729e-02,3.594270721077919006e-02,1.253920607268810272e-03,1.496480107307434082e-01,9.188955277204513550e-02,6.187860667705535889e-02,4.506368562579154968e-02,-2.614348009228706360e-02,3.217489644885063171e-02
