3.525607585906982422e-01,3.250185847282409668e-01,3.856982290744781494e-01,3.631636500358581543e-01,3.776811957359313965e-01,3.366733193397521973e-01,3.170736432075500488e-01,3.818588256835937500e-01,4.112458527088165283e-01,3.672472834587097168e-01,4.022342860698699951e-01,3.308395147323608398e-01,3.345702886581420898e-01,3.613006472587585449e-01,3.420411348342895508e-01,3.501099050045013428e-01,3.525018692016601562e-01,3.355055451393127441e-01,3.854234516620635986e-01,3.635717034339904785e-01,3.430671393871307373e-01,2.928799390792846680e-01,3.654282689094543457e-01,3.816316127777099609e-01,2.678510546684265137e-01,3.317134976387023926e-01,3.465227186679840088e-01,3.828854858875274658e-01,4.089230597019195557e-01,4.194229841232299805e-01,3.947539925575256348e-01,3.555745482444763184e-01,3.426026403903961182e-01,3.978229761123657227e-01,3.071288168430328369e-01,3.188652396202087402e-01,2.977939844131469727e-01,4.053411483764648438e-01,3.592631220817565918e-01,3.257382512092590332e-01,4.094795882701873779e-01,3.696467578411102295e-01,3.771921098232269287e-01,4.004457890987396240e-01,3.100570440292358398e-01,4.218536019325256348e-01,2.691833972930908203e-01,3.349026441574096680e-01,3.962509036064147949e-01,3.662679195404052734e-01,3.839951753616333008e-01,3.283545374870300293e-01,3.435407280921936035e-01,3.589859604835510254e-01,3.510358333587646484e-01,3.165775537490844727e-01,3.503896296024322510e-01,3.922145962715148926e-01,3.832258284091949463e-01,3.243767917156219482e-01,4.034627079963684082e-01,3.830552697181701660e-01,3.413340449333190918e-01,3.928030729293823242e-01,3.374454081058502197e-01,3.560412526130676270e-01,3.736531138420104980e-01,3.839415311813354492e-01,3.674163520336151123e-01,3.619714975357055664e-01,3.311673104763031006e-01,3.919473290443420410e-01,3.726756274700164795e-01,3.100633025169372559e-01,3.656042516231536865e-01,3.734029829502105713e-01,3.564400076866149902e-01,4.067839086055755615e-01,4.019103348255157471e-01,3.578206300735473633e-01,3.779529333114624023e-01,3.996755480766296387e-01,2.640283703804016113e-01,3.655529022216796875e-01,2.492201328277587891e-01,4.087535142898559570e-01,4.199587702751159668e-01,3.974922299385070801e-01,4.147391915321350098e-01,3.225896060466766357e-01,3.774290084838867188e-01,3.820326626300811768e-01,3.424287438392639160e-01,4.119021594524383545e-01,4.174862504005432129e-01,3.996001183986663818e-01,2.909268736839294434e-01,3.017343878746032715e-01,3.382951617240905762e-01,2.979013323783874512e-01,3.442410826683044434e-01,3.891884386539459229e-01,3.679682910442352295e-01,3.327359557151794434e-01,3.733957409858703613e-01,3.725966215133666992e-01,3.627095520496368408e-01,3.540650010108947754e-01,3.135440647602081299e-01,3.495913445949554443e-01,3.467307090759277344e-01,3.254327178001403809e-01,3.930542171001434326e-01,2.886483073234558105e-01,4.120969176292419434e-01,3.842488527297973633e-01,3.747501969337463379e-01,3.732900023460388184e-01,3.594794273376464844e-01,3.845902085304260254e-01,3.704487383365631104e-01,3.725620806217193604e-01,3.223292827606201172e-01,3.517512381076812744e-01,3.806060850620269775e-01,3.206647038459777832e-01,3.934748768806457520e-01,3.378838300704956055e-01,3.652296662330627441e-01,3.732660710811614990e-01,3.865430951118469238e-01,4.210466146469116211e-01,3.923970162868499756e-01,3.539855480194091797e-01,3.139576315879821777e-01,3.558061718940734863e-01,3.581087291240692139e-01,3.859754204750061035e-01,3.879129290580749512e-01,3.711088001728057861e-01,3.315085768699645996e-01,4.083552360534667969e-01,3.670653104782104492e-01,2.925621867179870605e-01,3.776924014091491699e-01,3.153312206268310547e-01,3.607490062713623047e-01,2.984228730201721191e-01,3.434939384460449219e-01,3.951007723808288574e-01,3.660212755203247070e-01,3.463214337825775146e-01,3.325816988945007324e-01,3.356220126152038574e-01,3.374628424644470215e-01,3.907118737697601318e-01,3.849056065082550049e-01,3.567265868186950684e-01,3.147612214088439941e-01,4.146554172039031982e-01,3.944965600967407227e-01,3.836705386638641357e-01,4.049528241157531738e-01,3.963172435760498047e-01,4.237503707408905029e-01,3.378285765647888184e-01,3.522346913814544678e-01,3.538156151771545410e-01,3.667857646942138672e-01,3.667103052139282227e-01,3.948298692703247070e-01,3.855348825454711914e-01,3.885789811611175537e-01,3.796685934066772461e-01,4.005070328712463379e-01,3.786072432994842529e-01,3.695710897445678711e-01,3.869716525077819824e-01,3.449446558952331543e-01,3.903673887252807617e-01,3.753257691860198975e-01,3.384815454483032227e-01,3.031909763813018799e-01,3.577691614627838135e-01,3.908728957176208496e-01,3.265845179557800293e-01,3.503162264823913574e-01,3.613388538360595703e-01,3.926588296890258789e-01,3.299628496170043945e-01,3.524616360664367676e-01,3.891250789165496826e-01,4.100247919559478760e-01,3.247245848178863525e-01,3.241561651229858398e-01,3.542229533195495605e-01,3.313845992088317871e-01,3.646749258041381836e-01,3.723613917827606201e-01,3.591890335083007812e-01,3.529279828071594238e-01,3.179717361927032471e-01,3.974378108978271484e-01,3.541346192359924316e-01,3.449878990650177002e-01,3.158804178237915039e-01,3.838612735271453857e-01,3.777262270450592041e-01,3.521800339221954346e-01,3.349180221557617188e-01,3.440619707107543945e-01,3.602910935878753662e-01,3.761243820190429688e-01,3.790649175643920898e-01,4.060347676277160645e-01,3.430208563804626465e-01,3.745361566543579102e-01,3.706161379814147949e-01,3.675154447555541992e-01,3.422435224056243896e-01,3.015511035919189453e-01,3.600253760814666748e-01,3.442053496837615967e-01,3.628517985343933105e-01,3.832856118679046631e-01,3.813617825508117676e-01,3.252361416816711426e-01,3.714761137962341309e-01,3.802891373634338379e-01,3.712558150291442871e-01,3.759242892265319824e-01,3.810300529003143311e-01,3.476107120513916016e-01,3.592839241027832031e-01,3.571163415908813477e-01,3.827314972877502441e-01,3.760971128940582275e-01,3.804234862327575684e-01,3.662776947021484375e-01,3.816184997558593750e-01,3.786461651325225830e-01,3.646613359451293945e-01,3.247720897197723389e-01,3.445465266704559326e-01,3.746590018272399902e-01,3.305898010730743408e-01,3.773943781852722168e-01,3.667505979537963867e-01,3.977226614952087402e-01,3.745383918285369873e-01,3.125658035278320312e-01,3.856709003448486328e-01,3.755205869674682617e-01,3.843157887458801270e-01,3.255382180213928223e-01,3.339379131793975830e-01,3.808476924896240234e-01,3.965333998203277588e-01,3.692405819892883301e-01,3.408571481704711914e-01,3.371668159961700439e-01,3.339655399322509766e-01,3.787565827369689941e-01,3.441681265830993652e-01,3.492533564567565918e-01,3.885070681571960449e-01,3.733183741569519043e-01,3.309035301208496094e-01,3.073887228965759277e-01,3.766828179359436035e-01,3.525104522705078125e-01,3.843615353107452393e-01,3.691751360893249512e-01,3.445344567298889160e-01,3.056259155273437500e-01,3.708265125751495361e-01,3.745622038841247559e-01,3.487003445625305176e-01,3.110922574996948242e-01,3.444184362888336182e-01,3.750718832015991211e-01,3.557850122451782227e-01,4.247218668460845947e-01,3.802603483200073242e-01,3.740979433059692383e-01,3.287272453308105469e-01,3.662805259227752686e-01,4.075481295585632324e-01,3.604847788810729980e-01,3.660052120685577393e-01,3.777171373367309570e-01,4.055123329162597656e-01,3.669788241386413574e-01,3.894312381744384766e-01,4.065832495689392090e-01,3.459622263908386230e-01,3.893648087978363037e-01,3.679696917533874512e-01,3.804387450218200684e-01,3.670993447303771973e-01,3.510831594467163086e-01,3.401449322700500488e-01,3.143602609634399414e-01,3.671469390392303467e-01,3.526842594146728516e-01,3.845075368881225586e-01,3.807025551795959473e-01,3.653486967086791992e-01,4.075434803962707520e-01,3.402424454689025879e-01,3.196780085563659668e-01,3.445588350296020508e-01,3.463680148124694824e-01,3.837884664535522461e-01,3.397503495216369629e-01,3.870761394500732422e-01,2.698060274124145508e-01,4.202403128147125244e-01,3.634719848632812500e-01,4.083679318428039551e-01,3.519871830940246582e-01,3.976949751377105713e-01,3.582322597503662109e-01,3.758141994476318359e-01,3.419898450374603271e-01,3.532328009605407715e-01,3.791148066520690918e-01,3.726394176483154297e-01,4.215136170387268066e-01,3.654735386371612549e-01,3.963273763656616211e-01,3.751655817031860352e-01,3.959373235702514648e-01,3.562940359115600586e-01,3.858670294284820557e-01,3.917679786682128906e-01,4.150939285755157471e-01,3.677394986152648926e-01,4.083817303180694580e-01,3.422821164131164551e-01,3.764851689338684082e-01,3.691745400428771973e-01,3.857588469982147217e-01,3.823515176773071289e-01,3.777196109294891357e-01,3.745869994163513184e-01,3.935695290565490723e-01,4.049507975578308105e-01,3.908531665802001953e-01,3.751599192619323730e-01,3.405630588531494141e-01,3.467124104499816895e-01,2.875807285308837891e-01,3.857890069484710693e-01,3.826499581336975098e-01,3.095183372497558594e-01,3.416965007781982422e-01,3.692673444747924805e-01,3.867748081684112549e-01,3.995742201805114746e-01,3.828369379043579102e-01,3.705530166625976562e-01,3.483299911022186279e-01,3.803212940692901611e-01,3.489617109298706055e-01,3.369955420494079590e-01,3.391056358814239502e-01,3.431376814842224121e-01,3.303506672382354736e-01,3.013350665569305420e-01,2.991956472396850586e-01,4.003818929195404053e-01,3.449640870094299316e-01,3.399037420749664307e-01,3.232939243316650391e-01,3.624539077281951904e-01,3.591309785842895508e-01,3.319212794303894043e-01,3.136650919914245605e-01,3.310773372650146484e-01,3.934603929519653320e-01,3.765139579772949219e-01,3.814520835876464844e-01,3.325982093811035156e-01,3.670433163642883301e-01,3.653712570667266846e-01,3.080022931098937988e-01,3.797298669815063477e-01,4.399289190769195557e-01,3.572102785110473633e-01,3.493724465370178223e-01,3.680247664451599121e-01,2.799471616744995117e-01,3.600060641765594482e-01,2.920699417591094971e-01,3.726654648780822754e-01,4.266349077224731445e-01,3.556317090988159180e-01,3.832924962043762207e-01,3.822661042213439941e-01,3.742981553077697754e-01,3.426659405231475830e-01,3.496115207672119141e-01,3.246031999588012695e-01,3.484603762626647949e-01,3.497577309608459473e-01,3.950183391571044922e-01,3.501349985599517822e-01,3.349067866802215576e-01,3.242129683494567871e-01,3.643116354942321777e-01,3.683069646358489990e-01,3.647745251655578613e-01,3.145060539245605469e-01,3.570379316806793213e-01,3.821437358856201172e-01,3.682513833045959473e-01,3.734103441238403320e-01,3.584032058715820312e-01,4.299699664115905762e-01,3.642946481704711914e-01,3.428301811218261719e-01,4.074060320854187012e-01,3.786515593528747559e-01,3.776809871196746826e-01,3.683261871337890625e-01,4.028142988681793213e-01,3.927027583122253418e-01,4.033241271972656250e-01,3.519291281700134277e-01,3.526352941989898682e-01,3.706325292587280273e-01,3.883235454559326172e-01,3.364260196685791016e-01,3.677745461463928223e-01,3.478744029998779297e-01,4.058052301406860352e-01,3.427368402481079102e-01,3.749946355819702148e-01,4.300540685653686523e-01,3.451796174049377441e-01,3.734577596187591553e-01,3.767863512039184570e-01,3.439857363700866699e-01,3.862586021423339844e-01,3.313232958316802979e-01,3.811497986316680908e-01,3.813720345497131348e-01,3.715993463993072510e-01,3.138141036033630371e-01,3.379617631435394287e-01,3.703619241714477539e-01,3.264850378036499023e-01,3.664954304695129395e-01,3.553862571716308594e-01,3.889565467834472656e-01,3.671889007091522217e-01,3.800388276576995850e-01,3.869762420654296875e-01,3.547497093677520752e-01,2.993511855602264404e-01,3.964053392410278320e-01,3.441844880580902100e-01,3.613907098770141602e-01,3.807761669158935547e-01,3.800550699234008789e-01,3.771263360977172852e-01,3.668519258499145508e-01,3.248397111892700195e-01,3.851854503154754639e-01,3.629731237888336182e-01,3.888865113258361816e-01,3.799921870231628418e-01,4.056225717067718506e-01,3.723764121532440186e-01,4.096534848213195801e-01,3.969951570034027100e-01,2.973594069480895996e-01,3.666573166847229004e-01,3.624569773674011230e-01,3.901351988315582275e-01,3.570131957530975342e-01,3.793258070945739746e-01,4.004073739051818848e-01,3.306027054786682129e-01,3.165867924690246582e-01,3.530598282814025879e-01,4.351052641868591309e-01,3.797892630100250244e-01,3.855958580970764160e-01,2.871618270874023438e-01,4.417427778244018555e-01,3.834289014339447021e-01,4.097495675086975098e-01,4.048790931701660156e-01,3.461146950721740723e-01,3.461338877677917480e-01,3.968963027000427246e-01,3.504313230514526367e-01,3.300661146640777588e-01,3.520644009113311768e-01,3.454336524009704590e-01,3.774514794349670410e-01,3.779376149177551270e-01,3.944122195243835449e-01,3.908393383026123047e-01,4.100757837295532227e-01,3.519388735294342041e-01,2.795164585113525391e-01,3.480983972549438477e-01,3.334360718727111816e-01,3.262643814086914062e-01,3.498586416244506836e-01,3.844105005264282227e-01,3.442807793617248535e-01,4.076367318630218506e-01,3.824483454227447510e-01,3.800722658634185791e-01,3.535318076610565186e-01,3.729554414749145508e-01,4.211304783821105957e-01,3.409817516803741455e-01,3.678711354732513428e-01,3.504967689514160156e-01,3.804850578308105469e-01,3.353762626647949219e-01,3.604795932769775391e-01,3.833633661270141602e-01,3.752440810203552246e-01,4.090574383735656738e-01,3.808617591857910156e-01,3.988363146781921387e-01,3.837432861328125000e-01,3.828663229942321777e-01,3.730356693267822266e-01,4.033547043800354004e-01,2.768114507198333740e-01,3.721004724502563477e-01,2.701802253723144531e-01,3.792378902435302734e-01,3.178267478942871094e-01,3.541486859321594238e-01,3.465823829174041748e-01,3.791284263134002686e-01,3.528252840042114258e-01,3.372465968132019043e-01,3.638705611228942871e-01,3.801655769348144531e-01,3.804150819778442383e-01,3.655042052268981934e-01,3.786343634128570557e-01,3.684822320938110352e-01,3.235919177532196045e-01,3.939981460571289062e-01,3.754394054412841797e-01,3.290798366069793701e-01,3.482577204704284668e-01,3.847849667072296143e-01,3.878299891948699951e-01,3.738979101181030273e-01,3.586323857307434082e-01,4.037624597549438477e-01,4.030418395996093750e-01,3.601953983306884766e-01,3.651151359081268311e-01,4.075452983379364014e-01,3.376827538013458252e-01,3.464954495429992676e-01,4.008016586303710938e-01,3.266727924346923828e-01,3.887700736522674561e-01,3.601486682891845703e-01,3.530117869377136230e-01,3.360952734947204590e-01,3.237397074699401855e-01,3.756141662597656250e-01,3.912145793437957764e-01,3.428466916084289551e-01,3.650250732898712158e-01,3.639572560787200928e-01,3.311848044395446777e-01,4.223854541778564453e-01,3.947086334228515625e-01,3.985269665718078613e-01,2.864061892032623291e-01,3.738094568252563477e-01,3.725794851779937744e-01,3.958780169486999512e-01,3.620696663856506348e-01,3.975785970687866211e-01,3.554404675960540771e-01,3.884560763835906982e-01,4.093659520149230957e-01,4.084699153900146484e-01,3.670253157615661621e-01,3.565400838851928711e-01,2.655814886093139648e-01,3.595224320888519287e-01,3.489359319210052490e-01,3.312657475471496582e-01,3.888495266437530518e-01,3.359092772006988525e-01,2.894216775894165039e-01,3.866424560546875000e-01,3.401873111724853516e-01,4.052386581897735596e-01,3.178573846817016602e-01,3.660559356212615967e-01,3.803032636642456055e-01,3.787058591842651367e-01,3.293773531913757324e-01,2.774648666381835938e-01,3.060659766197204590e-01,3.725745677947998047e-01,3.917629122734069824e-01,3.689228892326354980e-01,4.019878506660461426e-01,3.646166324615478516e-01,4.233152568340301514e-01,3.212910890579223633e-01,4.063611030578613281e-01,3.728860616683959961e-01,3.512302041053771973e-01,3.417433500289916992e-01,3.946900069713592529e-01,3.478935956954956055e-01,3.301704525947570801e-01,3.300480246543884277e-01,3.518051505088806152e-01,3.514275550842285156e-01,3.730930089950561523e-01,3.088316321372985840e-01,2.468745708465576172e-01,3.766399621963500977e-01,3.397451043128967285e-01,3.108701407909393311e-01,3.820735812187194824e-01,3.752612173557281494e-01,3.323026895523071289e-01,3.263695240020751953e-01,3.829103112220764160e-01,4.163766503334045410e-01,3.957662582397460938e-01,3.489047884941101074e-01,3.934351801872253418e-01,3.840785026550292969e-01,3.885245323181152344e-01,3.396007716655731201e-01,3.717974126338958740e-01,3.592360317707061768e-01,3.829433023929595947e-01,2.670176327228546143e-01,3.417106866836547852e-01,3.871232271194458008e-01,3.833243250846862793e-01,3.460406064987182617e-01,3.844386637210845947e-01,3.598437011241912842e-01,4.081620872020721436e-01,3.304365277290344238e-01,4.231071174144744873e-01,4.143706858158111572e-01,3.767309188842773438e-01,3.547071814537048340e-01,3.817167580127716064e-01,3.851139843463897705e-01,3.641549348831176758e-01,3.594632744789123535e-01,3.780327439308166504e-01,3.448254466056823730e-01,3.361526131629943848e-01,4.024524688720703125e-01,3.364108502864837646e-01,3.667204380035400391e-01,3.878175616264343262e-01,3.406875729560852051e-01,3.755882084369659424e-01,3.630890846252441406e-01,3.526795208454132080e-01,3.951712846755981445e-01,3.647969961166381836e-01,3.830075562000274658e-01,3.743962645530700684e-01,3.440176248550415039e-01,3.246721327304840088e-01,3.097199797630310059e-01,3.863529562950134277e-01,3.800063133239746094e-01,2.787196934223175049e-01,3.302781581878662109e-01,3.281705379486083984e-01,3.583455085754394531e-01,3.475954234600067139e-01,3.878754973411560059e-01,2.972005009651184082e-01,3.676855564117431641e-01,4.106044769287109375e-01,3.793836236000061035e-01,3.394073247909545898e-01,3.779018521308898926e-01,3.689214885234832764e-01,3.317801356315612793e-01,3.735682666301727295e-01,3.955550491809844971e-01,3.619013726711273193e-01,3.867213129997253418e-01,3.780287504196166992e-01,2.924734950065612793e-01,3.620795011520385742e-01,3.908495903015136719e-01,3.832521140575408936e-01,3.459938168525695801e-01,3.771014511585235596e-01,3.608288466930389404e-01,3.573811054229736328e-01,2.903726100921630859e-01,3.685606122016906738e-01,3.225238621234893799e-01,3.039332032203674316e-01,3.495009243488311768e-01,3.735794425010681152e-01,3.139720261096954346e-01,4.185042381286621094e-01,3.767281770706176758e-01,3.646756112575531006e-01,4.183717370033264160e-01,3.773333430290222168e-01,4.195264577865600586e-01,4.081246256828308105e-01,2.816470861434936523e-01,3.684768080711364746e-01,3.368144035339355469e-01,3.300880491733551025e-01,3.789533376693725586e-01,3.772940039634704590e-01,3.216629624366760254e-01,4.050170481204986572e-01,3.393520116806030273e-01,3.846670985221862793e-01,3.575122356414794922e-01,3.743367493152618408e-01,3.635473549365997314e-01,3.710217177867889404e-01,3.600841760635375977e-01,3.707689642906188965e-01,4.012681841850280762e-01,3.639755547046661377e-01,3.540188670158386230e-01,2.734363377094268799e-01,3.496590256690979004e-01,3.719563484191894531e-01,3.266364336013793945e-01,4.035297930240631104e-01,3.761300444602966309e-01,3.376652002334594727e-01,3.436328172683715820e-01,3.677560091018676758e-01,3.537481427192687988e-01,4.035386443138122559e-01,3.810424208641052246e-01,3.770571351051330566e-01,3.769617080688476562e-01,3.404554724693298340e-01,3.225198984146118164e-01,3.252321779727935791e-01,3.369287252426147461e-01,3.519080281257629395e-01,3.498234748840332031e-01,3.849514722824096680e-01,3.883237242698669434e-01,3.058252334594726562e-01,3.697363138198852539e-01,3.448011279106140137e-01,3.546606302261352539e-01,3.730161190032958984e-01,3.033913373947143555e-01,4.076333642005920410e-01,2.600739300251007080e-01,3.987927138805389404e-01,3.523939847946166992e-01,3.047814965248107910e-01,2.830480635166168213e-01,3.272950053215026855e-01,3.538237810134887695e-01,3.574592471122741699e-01,3.517742753028869629e-01,3.357903957366943359e-01,3.538655936717987061e-01,3.432410359382629395e-01,3.356628417968750000e-01,3.419489860534667969e-01,4.028918445110321045e-01,4.114643335342407227e-01,3.762805163860321045e-01,2.994696795940399170e-01,3.763153553009033203e-01,2.611335813999176025e-01,3.899101316928863525e-01,3.629839718341827393e-01,3.578122258186340332e-01,3.294335007667541504e-01,3.979758322238922119e-01,3.364501595497131348e-01,3.182467818260192871e-01,3.103824257850646973e-01,3.866427838802337646e-01,3.847060203552246094e-01,3.322370052337646484e-01,3.929083645343780518e-01,3.768625855445861816e-01,3.456111252307891846e-01,3.850827515125274658e-01,4.100056588649749756e-01,3.753373026847839355e-01,3.574651777744293213e-01,3.488575518131256104e-01,3.912222683429718018e-01,3.452718555927276611e-01,3.595274686813354492e-01,3.974750041961669922e-01,3.377199769020080566e-01,3.677515685558319092e-01,3.710246086120605469e-01,3.837490677833557129e-01,3.471745252609252930e-01,2.812907993793487549e-01,3.861190080642700195e-01,4.074690937995910645e-01,3.759236931800842285e-01,3.638530969619750977e-01,3.503205776214599609e-01,4.126694500446319580e-01,3.789345026016235352e-01,3.858048021793365479e-01,3.267677426338195801e-01,3.843024373054504395e-01,3.519020080566406250e-01,3.736687302589416504e-01,4.029277563095092773e-01,3.952584862709045410e-01,3.673899769783020020e-01,3.532077074050903320e-01,3.823743760585784912e-01,2.656517922878265381e-01,3.671152293682098389e-01,3.742077946662902832e-01,3.552649021148681641e-01,3.432070612907409668e-01,3.225824832916259766e-01,4.025168716907501221e-01,3.395538330078125000e-01,3.260518312454223633e-01,3.805316984653472900e-01,4.051883220672607422e-01,3.923329114913940430e-01,3.461495637893676758e-01,3.945112824440002441e-01,3.739162087440490723e-01,3.979435563087463379e-01,3.277855217456817627e-01,3.461900949478149414e-01,3.489118516445159912e-01,3.095625042915344238e-01,2.998544573783874512e-01,4.095732569694519043e-01,3.673449456691741943e-01,3.634089827537536621e-01,3.614972531795501709e-01,3.651005625724792480e-01,3.570058941841125488e-01,4.085792303085327148e-01,3.335281312465667725e-01,3.782575726509094238e-01,4.142770171165466309e-01,2.404669821262359619e-01,3.936707079410552979e-01,3.681526780128479004e-01,3.855310082435607910e-01,3.502006232738494873e-01,3.421688675880432129e-01,3.818190693855285645e-01,3.147068619728088379e-01,3.184259831905364990e-01,3.075835108757019043e-01,3.364525437355041504e-01,3.786247372627258301e-01,3.782342076301574707e-01,3.621767461299896240e-01,3.617341220378875732e-01,3.641830086708068848e-01,3.317467570304870605e-01,3.586397469043731689e-01,3.585087954998016357e-01,4.469562172889709473e-01,3.924106359481811523e-01,3.788576722145080566e-01,3.691098093986511230e-01,4.178589880466461182e-01,3.782839179039001465e-01,3.697655797004699707e-01,3.673747181892395020e-01,3.992234468460083008e-01,3.702422380447387695e-01,2.849650979042053223e-01,3.727138042449951172e-01,3.775389492511749268e-01,3.974804878234863281e-01,3.583132624626159668e-01,3.710440397262573242e-01,3.688642978668212891e-01,3.621945977210998535e-01,3.594842553138732910e-01,3.869309723377227783e-01,3.044048249721527100e-01,4.118700623512268066e-01,3.841553032398223877e-01,3.751953244209289551e-01,3.374531269073486328e-01,3.565684854984283447e-01,3.878157138824462891e-01,3.205553591251373291e-01,3.785043656826019287e-01,3.397453129291534424e-01,3.744962811470031738e-01,3.418441414833068848e-01,3.939667344093322754e-01,3.365244567394256592e-01,4.073749184608459473e-01,3.679854273796081543e-01,3.091815412044525146e-01,3.764911592006683350e-01,3.787038922309875488e-01,2.938593626022338867e-01,3.305731415748596191e-01,3.665602505207061768e-01,3.947716355323791504e-01,3.105038106441497803e-01,3.912112414836883545e-01,3.508525490760803223e-01,4.149455428123474121e-01,3.643232882022857666e-01,3.566586971282958984e-01,4.032929539680480957e-01,3.964262008666992188e-01,3.807272613048553467e-01,3.549730777740478516e-01,3.909263610839843750e-01,3.691950440406799316e-01,3.742655515670776367e-01,3.323044180870056152e-01,3.898758590221405029e-01,3.774321973323822021e-01,3.931132555007934570e-01,3.653793334960937500e-01,3.346179127693176270e-01,3.721183538436889648e-01,3.590380549430847168e-01,3.772812485694885254e-01,3.394874334335327148e-01,3.656072914600372314e-01,3.463419079780578613e-01,4.179381132125854492e-01,3.354803919792175293e-01,3.740155100822448730e-01,4.080703258514404297e-01,3.800199329853057861e-01,3.564915657043457031e-01,4.033963978290557861e-01,3.611651360988616943e-01,3.440138995647430420e-01,3.298928141593933105e-01,4.053982496261596680e-01,3.253513872623443604e-01,3.585725426673889160e-01,3.853188753128051758e-01,3.445094227790832520e-01,4.063333868980407715e-01,4.104580581188201904e-01,3.668932616710662842e-01,3.583074808120727539e-01,3.079372048377990723e-01,3.463413715362548828e-01,3.504825532436370850e-01,3.737059831619262695e-01,3.970754146575927734e-01,3.089125156402587891e-01,3.594408631324768066e-01,3.796438872814178467e-01,3.829783499240875244e-01,3.640563488006591797e-01,3.100727200508117676e-01,3.690019547939300537e-01,3.797313570976257324e-01,3.265757262706756592e-01,4.067915081977844238e-01,3.781374394893646240e-01,3.637658953666687012e-01,4.070478677749633789e-01,3.570064008235931396e-01,3.835704922676086426e-01,3.845814168453216553e-01,3.540828824043273926e-01,3.858290314674377441e-01,4.325681328773498535e-01,3.715440332889556885e-01,3.662059307098388672e-01,3.873137831687927246e-01,3.651409149169921875e-01,3.222721219062805176e-01,3.604421615600585938e-01,3.560298085212707520e-01,3.790295422077178955e-01,3.792631924152374268e-01,4.007017314434051514e-01,3.791785538196563721e-01,3.468744456768035889e-01,3.622018098831176758e-01,3.677517473697662354e-01,4.070385694503784180e-01,3.453207612037658691e-01,3.281764984130859375e-01,3.669748306274414062e-01,2.865061759948730469e-01,3.609762191772460938e-01,3.961333036422729492e-01,3.048030138015747070e-01,3.545575141906738281e-01,4.050906002521514893e-01,3.896210789680480957e-01,3.857027292251586914e-01,3.901997506618499756e-01,3.817570507526397705e-01,2.829729318618774414e-01,4.142567515373229980e-01,4.057960510253906250e-01,3.960644006729125977e-01,3.548488020896911621e-01,3.526229858398437500e-01,4.026893377304077148e-01,3.498801290988922119e-01,2.864346504211425781e-01,4.009214639663696289e-01,2.887159883975982666e-01,3.886623084545135498e-01,4.135873913764953613e-01,3.751680254936218262e-01,3.721247017383575439e-01,3.846890330314636230e-01,3.645601570606231689e-01,3.573605418205261230e-01,3.792257905006408691e-01,3.711741566658020020e-01,3.548562228679656982e-01,3.737169504165649414e-01,3.947578966617584229e-01,4.047771394252777100e-01,3.923927843570709229e-01,3.464860618114471436e-01,3.433219194412231445e-01,3.560297787189483643e-01,3.923605084419250488e-01,3.874500691890716553e-01,3.975167274475097656e-01,3.624044656753540039e-01,3.110123276710510254e-01,3.705712556838989258e-01,3.592552542686462402e-01,3.850470781326293945e-01,3.525750041007995605e-01,3.128237724304199219e-01,3.819036483764648438e-01,3.777191042900085449e-01,3.249013423919677734e-01,3.440899550914764404e-01,3.090256154537200928e-01,3.151230216026306152e-01,3.650302886962890625e-01,3.626715242862701416e-01,3.853363990783691406e-01,3.154822587966918945e-01,4.197083115577697754e-01,3.477657735347747803e-01,3.644195199012756348e-01,3.352557420730590820e-01,3.797992765903472900e-01,3.758793473243713379e-01,3.937824368476867676e-01,2.922577857971191406e-01,3.106584548950195312e-01,3.731228709220886230e-01,2.835245728492736816e-01,3.146396577358245850e-01,3.864375352859497070e-01,3.670752644538879395e-01,3.771765828132629395e-01,3.551377654075622559e-01,3.906214833259582520e-01,4.110695719718933105e-01,3.937434554100036621e-01,3.598660826683044434e-01,3.749000728130340576e-01,4.091877341270446777e-01,3.164461851119995117e-01,3.232847154140472412e-01,3.942450284957885742e-01,3.731811642646789551e-01,2.944357395172119141e-01,2.885252237319946289e-01,3.985205888748168945e-01,3.800649642944335938e-01,3.242719769477844238e-01,2.937944233417510986e-01,3.181034624576568604e-01,3.572184145450592041e-01,4.199383258819580078e-01,3.448634147644042969e-01,3.782227635383605957e-01,4.326227605342864990e-01,3.024198710918426514e-01,3.509669303894042969e-01,3.824115395545959473e-01,4.044730663299560547e-01,3.455930948257446289e-01,2.875506281852722168e-01,3.776078820228576660e-01,3.555352985858917236e-01,3.864842057228088379e-01,3.070228993892669678e-01,3.784054517745971680e-01,3.702382147312164307e-01,3.392636477947235107e-01,3.840330243110656738e-01,3.298903107643127441e-01,3.487526774406433105e-01,3.747983872890472412e-01,3.227193951606750488e-01,3.671487271785736084e-01,4.328782856464385986e-01,3.783837556838989258e-01,3.906681239604949951e-01,4.105769991874694824e-01,3.166795372962951660e-01,3.818681836128234863e-01,3.437343239784240723e-01,3.694030046463012695e-01,3.036248385906219482e-01,3.612829148769378662e-01,3.721900582313537598e-01,4.007939100265502930e-01,4.176617860794067383e-01,2.638435959815979004e-01,4.253590106964111328e-01,3.528001606464385986e-01,3.043262362480163574e-01,3.448470234870910645e-01,3.875859379768371582e-01,3.308991193771362305e-01,3.774200677871704102e-01,3.380284309387207031e-01,3.844901919364929199e-01,3.743873834609985352e-01,2.941132783889770508e-01,3.477884531021118164e-01,3.786496222019195557e-01,3.496215045452117920e-01,3.681101500988006592e-01,3.029207587242126465e-01,3.710545897483825684e-01,3.761992156505584717e-01,3.636003732681274414e-01,3.163680434226989746e-01,3.927291035652160645e-01,3.634936511516571045e-01,3.490665555000305176e-01,3.981393873691558838e-01,3.479194641113281250e-01,3.181105554103851318e-01,3.063262104988098145e-01,3.733575344085693359e-01,4.236693382263183594e-01,3.772403597831726074e-01,3.054921030998229980e-01,3.619841337203979492e-01,3.848945498466491699e-01,4.153236448764801025e-01,3.748353719711303711e-01,3.836133480072021484e-01,3.251742720603942871e-01,4.135601520538330078e-01,3.937813937664031982e-01,3.621593713760375977e-01,3.788428008556365967e-01,4.175420999526977539e-01,3.820075690746307373e-01,4.123456180095672607e-01,3.240851759910583496e-01,3.206190764904022217e-01,3.023389577865600586e-01,3.293493390083312988e-01,3.762884438037872314e-01,3.009546101093292236e-01,3.469377160072326660e-01,3.818708956241607666e-01,3.763951063156127930e-01,4.032554626464843750e-01,3.185230791568756104e-01,3.722508549690246582e-01,3.527927398681640625e-01,3.766663670539855957e-01,3.906690478324890137e-01,3.099474906921386719e-01,3.353482186794281006e-01,3.841555118560791016e-01,3.668012619018554688e-01,3.542007207870483398e-01,4.428926706314086914e-01,3.582988381385803223e-01,4.190650582313537598e-01,3.308706283569335938e-01,4.307948648929595947e-01,3.758451938629150391e-01,3.070866763591766357e-01,3.802650272846221924e-01,3.470343649387359619e-01,3.075683712959289551e-01,3.423544764518737793e-01,3.825004696846008301e-01,3.224586248397827148e-01,3.400463461875915527e-01,3.984264433383941650e-01,3.229381144046783447e-01,3.813159465789794922e-01,3.568179905414581299e-01,3.837919831275939941e-01,3.787823021411895752e-01,4.054825603961944580e-01,3.526038527488708496e-01,3.186789155006408691e-01,3.865704238414764404e-01,3.583000600337982178e-01,3.650737106800079346e-01,3.426398634910583496e-01,2.976301312446594238e-01,3.277260661125183105e-01,3.843899369239807129e-01,3.047254085540771484e-01,3.419229388236999512e-01,3.636007308959960938e-01,3.553721010684967041e-01,3.266091048717498779e-01,4.491704106330871582e-01,2.746435403823852539e-01,4.042745232582092285e-01,3.241178393363952637e-01,3.410059213638305664e-01,3.556644022464752197e-01,3.889479637145996094e-01,3.115557432174682617e-01,3.916648030281066895e-01,3.175371587276458740e-01,3.304704129695892334e-01,3.777243494987487793e-01,3.045264482498168945e-01,3.016886115074157715e-01,3.265822529792785645e-01,3.886310458183288574e-01,3.828392922878265381e-01,3.493255674839019775e-01,3.726944923400878906e-01,3.858334124088287354e-01,3.550606369972229004e-01,3.148299455642700195e-01,3.829627931118011475e-01,3.434501886367797852e-01,3.727890253067016602e-01,2.994512319564819336e-01,4.060394763946533203e-01,4.251812100410461426e-01,3.975799977779388428e-01,3.052518069744110107e-01,3.275200128555297852e-01,3.528842329978942871e-01,3.617409467697143555e-01,3.643662035465240479e-01,2.896487712860107422e-01,3.672361373901367188e-01,3.881458044052124023e-01,4.100574553012847900e-01,3.920488655567169189e-01,3.606275916099548340e-01,3.457894921302795410e-01,3.224895894527435303e-01,3.897168636322021484e-01,4.289383292198181152e-01,3.403366804122924805e-01,3.585923314094543457e-01,3.022298514842987061e-01,3.573024868965148926e-01,3.326484858989715576e-01,3.590705990791320801e-01,3.640226721763610840e-01,3.447403907775878906e-01,3.768614530563354492e-01,3.983387053012847900e-01,2.982153594493865967e-01,3.131577670574188232e-01,3.528067767620086670e-01,3.808044791221618652e-01,3.143762946128845215e-01,3.265919685363769531e-01,4.173539876937866211e-01,3.522539138793945312e-01,3.791919946670532227e-01,3.740299940109252930e-01,3.744265437126159668e-01,3.221117854118347168e-01,3.426707684993743896e-01,3.635765016078948975e-01,3.294831514358520508e-01,3.495225012302398682e-01,3.269640207290649414e-01,3.490642309188842773e-01,3.773987889289855957e-01,3.246315717697143555e-01,4.176790118217468262e-01,4.114482104778289795e-01,3.698825836181640625e-01,3.070029616355895996e-01,3.780990242958068848e-01,3.548230528831481934e-01,3.228318095207214355e-01,2.717836499214172363e-01,3.704725205898284912e-01,3.099982142448425293e-01,3.810923695564270020e-01,3.832129538059234619e-01,4.035765528678894043e-01,3.473228812217712402e-01,3.935558795928955078e-01,2.842119336128234863e-01,3.439694344997406006e-01,3.769170641899108887e-01,3.834211826324462891e-01,3.172219991683959961e-01,3.250014781951904297e-01,3.439090847969055176e-01,3.162190616130828857e-01,3.712232708930969238e-01,3.703558444976806641e-01,3.751690387725830078e-01,3.570446372032165527e-01,3.839559555053710938e-01,3.460910618305206299e-01,3.446254730224609375e-01,4.166399836540222168e-01,3.285363316535949707e-01,3.566890060901641846e-01,3.859403431415557861e-01,3.342300057411193848e-01,3.099164366722106934e-01,3.359516561031341553e-01,3.759353160858154297e-01,4.027889072895050049e-01,3.058923184871673584e-01,3.602867424488067627e-01,3.548446297645568848e-01,3.432218432426452637e-01,3.593563735485076904e-01,3.650429248809814453e-01,3.978692889213562012e-01,3.304427564144134521e-01,3.524357676506042480e-01,3.817352652549743652e-01,3.319795727729797363e-01,3.944199681282043457e-01,3.041555285453796387e-01,3.620541095733642578e-01,3.923053741455078125e-01,3.507620692253112793e-01,2.955171167850494385e-01,3.600206375122070312e-01,3.724331259727478027e-01,3.841174244880676270e-01,3.298147022724151611e-01,3.108407855033874512e-01,3.744978904724121094e-01,3.744790554046630859e-01,3.032805919647216797e-01,3.224620819091796875e-01,3.438602089881896973e-01,3.721105456352233887e-01,3.734383583068847656e-01,4.213833510875701904e-01,3.292354345321655273e-01,3.473778665065765381e-01,3.306848108768463135e-01,3.642315864562988281e-01,3.675847947597503662e-01,3.732145428657531738e-01,3.755962550640106201e-01,3.570409119129180908e-01,3.823022842407226562e-01,3.085155785083770752e-01,3.446056842803955078e-01,4.176297187805175781e-01,3.432344496250152588e-01,3.624819815158843994e-01,4.020901322364807129e-01,4.189237952232360840e-01,2.970686554908752441e-01,2.942758798599243164e-01,3.970554769039154053e-01,3.300013542175292969e-01,3.602107465267181396e-01,4.138971567153930664e-01,3.195649981498718262e-01,3.968767523765563965e-01,2.790985107421875000e-01,3.536971807479858398e-01,3.276107907295227051e-01,3.603172898292541504e-01,3.663874864578247070e-01,3.341545462608337402e-01,3.438641428947448730e-01,3.403968513011932373e-01,3.698453903198242188e-01,3.820593357086181641e-01,3.320049643516540527e-01,3.486428260803222656e-01,3.653132915496826172e-01,4.127731621265411377e-01,3.398909568786621094e-01,3.917121291160583496e-01,3.561352491378784180e-01,3.933938741683959961e-01,3.711329102516174316e-01,3.924443721771240234e-01,3.530890345573425293e-01,3.689472079277038574e-01,3.644350767135620117e-01,3.556379675865173340e-01,2.755120098590850830e-01,3.496010303497314453e-01,3.615955412387847900e-01,3.708840012550354004e-01,3.594797551631927490e-01,2.777039110660552979e-01,3.569960296154022217e-01,3.621433973312377930e-01,3.887920081615447998e-01,3.829100430011749268e-01,3.762319684028625488e-01,3.694932758808135986e-01,3.640968799591064453e-01,3.808564543724060059e-01,3.910940289497375488e-01,3.375167250633239746e-01,4.086447358131408691e-01,3.199369311332702637e-01,3.472603261470794678e-01,3.140338063240051270e-01,3.374587595462799072e-01,3.793568611145019531e-01,2.982929050922393799e-01,3.664658963680267334e-01,3.486751317977905273e-01,3.361888825893402100e-01,4.068930745124816895e-01,3.624831736087799072e-01,3.671084940433502197e-01,3.671568036079406738e-01,3.855598270893096924e-01,3.542938530445098877e-01,3.599840998649597168e-01,4.214689731597900391e-01,3.652051687240600586e-01,3.449844717979431152e-01,3.844550549983978271e-01,3.747355937957763672e-01,2.708616256713867188e-01,3.424369692802429199e-01,3.170755505561828613e-01,3.216174840927124023e-01,3.661616742610931396e-01,3.976828455924987793e-01,3.514458537101745605e-01,3.792269229888916016e-01,3.377926945686340332e-01,3.350912928581237793e-01,2.658612728118896484e-01,3.245039880275726318e-01,4.046351909637451172e-01,3.434430360794067383e-01,3.825922906398773193e-01,3.534591197967529297e-01,3.725327551364898682e-01,3.618235588073730469e-01,3.595516085624694824e-01,4.201981127262115479e-01,2.634593248367309570e-01,3.465687036514282227e-01,3.821737766265869141e-01,3.312129080295562744e-01,3.581157028675079346e-01,3.814197182655334473e-01,3.556807339191436768e-01,3.060159087181091309e-01,3.884297609329223633e-01,4.062397181987762451e-01,3.450108170509338379e-01,3.546453416347503662e-01,3.769980669021606445e-01,3.410566151142120361e-01,3.669371008872985840e-01,3.400254249572753906e-01,4.013984203338623047e-01,3.581735491752624512e-01,3.317394554615020752e-01,4.086780250072479248e-01,3.405176103115081787e-01,3.502170741558074951e-01,3.852894306182861328e-01,3.633850812911987305e-01,3.123783171176910400e-01,3.331566452980041504e-01,3.343015313148498535e-01,3.493857383728027344e-01,3.558029234409332275e-01,4.086023569107055664e-01,3.563497364521026611e-01,3.988957405090332031e-01,3.266626000404357910e-01,3.024133741855621338e-01,3.886678814888000488e-01,3.229694962501525879e-01,3.751474022865295410e-01,4.014422893524169922e-01,3.715053498744964600e-01,2.687125802040100098e-01,3.715886473655700684e-01,3.363666534423828125e-01,3.703989386558532715e-01,3.956067562103271484e-01,4.133489131927490234e-01,3.680765032768249512e-01,2.979788184165954590e-01,4.000765681266784668e-01,3.622648119926452637e-01,3.593966364860534668e-01,3.566883802413940430e-01,3.504871726036071777e-01,3.882841467857360840e-01,3.743973076343536377e-01,3.705106973648071289e-01,3.536914288997650146e-01,3.809263110160827637e-01,3.463072478771209717e-01,3.923858404159545898e-01,3.814173936843872070e-01,3.404397964477539062e-01,3.772551417350769043e-01,3.186416029930114746e-01,3.664377927780151367e-01,2.947468757629394531e-01,4.158698916435241699e-01,3.694273829460144043e-01,3.530279994010925293e-01,2.745802998542785645e-01,3.624044060707092285e-01,3.883636593818664551e-01,4.043036699295043945e-01,3.485137820243835449e-01,3.969438672065734863e-01,3.847871422767639160e-01,3.274167478084564209e-01,3.279765248298645020e-01,3.652906119823455811e-01,4.249489903450012207e-01,3.746811449527740479e-01,3.488408625125885010e-01,4.158749878406524658e-01,4.215915203094482422e-01,3.628885746002197266e-01,3.014691174030303955e-01,3.490708470344543457e-01,3.812429308891296387e-01,3.679484724998474121e-01,2.860634326934814453e-01,3.053227066993713379e-01,3.772985041141510010e-01,3.211277127265930176e-01,3.174137771129608154e-01,2.705153226852416992e-01,3.962770998477935791e-01,3.427261710166931152e-01,3.143252730369567871e-01,3.331525623798370361e-01,4.253143668174743652e-01,3.660321831703186035e-01,2.796136736869812012e-01,3.736708164215087891e-01,3.770629167556762695e-01,3.760629892349243164e-01,2.834419012069702148e-01,3.500612378120422363e-01,3.687201738357543945e-01,3.763591051101684570e-01,3.544778227806091309e-01,3.642296195030212402e-01,4.074986875057220459e-01,3.935108482837677002e-01,4.160118699073791504e-01,3.112182021141052246e-01,3.600629568099975586e-01,3.423177003860473633e-01,4.060553014278411865e-01,3.455513119697570801e-01,3.368123173713684082e-01,4.335312843322753906e-01,3.781490027904510498e-01,3.601343035697937012e-01,3.049584031105041504e-01,3.818980455398559570e-01,2.915244102478027344e-01,3.839823305606842041e-01,3.681807518005371094e-01,3.867616057395935059e-01,2.699295878410339355e-01,3.493010401725769043e-01,3.766708076000213623e-01,2.746530771255493164e-01,3.336388468742370605e-01,3.810046613216400146e-01,4.115672707557678223e-01,3.486927747726440430e-01,2.646458745002746582e-01,3.739130496978759766e-01,3.307532072067260742e-01,3.857122063636779785e-01,3.197399377822875977e-01,4.043268263339996338e-01,3.657406568527221680e-01,3.529505431652069092e-01,3.387854695320129395e-01,3.597325086593627930e-01,4.744530916213989258e-01,3.376270532608032227e-01,3.162266910076141357e-01,3.159211575984954834e-01,3.614088296890258789e-01,3.777922987937927246e-01,3.697033524513244629e-01,3.905938863754272461e-01,3.440174162387847900e-01,4.003144502639770508e-01,3.580853343009948730e-01,3.943292796611785889e-01,4.183666110038757324e-01,3.999865353107452393e-01,4.112388789653778076e-01,3.698942363262176514e-01,4.458649754524230957e-01,3.697546124458312988e-01,3.735274076461791992e-01,4.101623594760894775e-01,3.760786056518554688e-01,3.761146366596221924e-01,3.997779190540313721e-01,3.618178367614746094e-01,3.758402466773986816e-01,3.474513292312622070e-01,3.291666805744171143e-01,4.075515568256378174e-01,3.854262828826904297e-01,3.419563770294189453e-01,3.921121656894683838e-01,3.180826306343078613e-01,3.918481171131134033e-01,3.346726894378662109e-01,4.093037545680999756e-01,3.945574760437011719e-01,4.041669666767120361e-01,3.886710405349731445e-01,3.812055587768554688e-01,3.101595640182495117e-01,3.442834615707397461e-01,3.704655766487121582e-01,3.007111847400665283e-01,3.105426132678985596e-01,3.103181123733520508e-01,3.799861669540405273e-01,2.770354151725769043e-01,3.185370564460754395e-01,3.680663406848907471e-01,3.778865933418273926e-01,3.498316109180450439e-01,3.808035552501678467e-01,4.186124801635742188e-01,3.904745280742645264e-01,3.205945789813995361e-01,3.650819063186645508e-01,3.813718855381011963e-01,3.468516469001770020e-01,3.579627871513366699e-01,4.089163541793823242e-01,3.329553008079528809e-01,3.234840035438537598e-01,3.885007500648498535e-01,3.418784737586975098e-01,3.683707118034362793e-01,3.568125963211059570e-01,3.887427151203155518e-01,3.725552558898925781e-01,3.739731907844543457e-01,3.776932060718536377e-01,2.747586369514465332e-01,3.638489246368408203e-01,3.908253610134124756e-01,3.613132238388061523e-01,4.492431879043579102e-01,3.937770128250122070e-01,3.391065597534179688e-01,3.836002349853515625e-01,3.683552742004394531e-01,3.265364766120910645e-01,3.769787847995758057e-01,4.179938435554504395e-01,3.197127580642700195e-01,3.990979492664337158e-01,3.557218313217163086e-01,3.337269127368927002e-01,3.771590590476989746e-01,3.767853975296020508e-01,4.088631272315979004e-01,3.526901602745056152e-01,3.266194462776184082e-01,3.893882930278778076e-01,3.683040738105773926e-01,2.975996732711791992e-01,3.784884512424468994e-01,3.690190315246582031e-01,3.771797418594360352e-01,2.627150416374206543e-01,3.521316051483154297e-01,3.527044653892517090e-01,3.894419074058532715e-01,4.085067510604858398e-01,3.822968602180480957e-01,3.730649352073669434e-01,3.975748419761657715e-01,3.928528726100921631e-01,2.940502464771270752e-01,3.083070218563079834e-01,3.660281896591186523e-01,3.372144699096679688e-01,3.669963479042053223e-01,4.214339852333068848e-01,3.938449621200561523e-01,3.854259848594665527e-01,3.175739347934722900e-01,4.231324195861816406e-01,3.907290995121002197e-01,3.467071652412414551e-01,3.761219382286071777e-01,3.922710716724395752e-01,3.852458298206329346e-01,4.086430370807647705e-01,2.858061492443084717e-01,3.788207471370697021e-01,3.610537052154541016e-01,3.698003888130187988e-01,3.634136319160461426e-01,4.003255367279052734e-01,3.745456635951995850e-01,3.810622990131378174e-01,3.811811208724975586e-01,3.126507401466369629e-01,3.654648363590240479e-01,3.562559783458709717e-01,3.060819506645202637e-01,3.789168000221252441e-01,4.111680686473846436e-01,3.922153413295745850e-01,3.534334301948547363e-01,4.084725975990295410e-01,3.567146062850952148e-01,3.602639436721801758e-01,3.016797602176666260e-01,3.138182759284973145e-01,3.614181280136108398e-01,3.766730129718780518e-01,3.817687630653381348e-01,3.888563215732574463e-01,3.795296549797058105e-01,3.456804454326629639e-01,3.750289082527160645e-01,3.672277927398681641e-01,3.877848982810974121e-01,3.770478665828704834e-01,3.457332253456115723e-01,3.726612329483032227e-01,3.684556484222412109e-01,3.790858983993530273e-01,3.831236362457275391e-01,3.289723098278045654e-01,3.221403956413269043e-01,3.753906488418579102e-01,2.851820588111877441e-01,3.991313576698303223e-01,3.869593441486358643e-01,3.385771512985229492e-01,3.177675902843475342e-01,3.009784519672393799e-01,3.723121285438537598e-01,3.370659649372100830e-01,3.346806764602661133e-01,3.342517018318176270e-01,3.745226263999938965e-01,3.309302628040313721e-01,3.416454792022705078e-01,4.163543283939361572e-01,3.585376143455505371e-01,3.605466485023498535e-01,3.407899141311645508e-01,3.687403798103332520e-01,2.832381129264831543e-01,3.817037045955657959e-01,3.765054345130920410e-01,3.401720225811004639e-01,4.113430976867675781e-01,3.847429156303405762e-01,3.860267996788024902e-01,2.505868077278137207e-01,3.773576617240905762e-01,3.298695683479309082e-01,3.270460367202758789e-01,3.946335315704345703e-01,3.781271278858184814e-01,3.800641894340515137e-01,2.868877947330474854e-01,3.516449928283691406e-01,3.738269209861755371e-01,3.518955707550048828e-01,3.810637593269348145e-01,4.067851305007934570e-01,3.240418136119842529e-01,3.796913027763366699e-01,3.374150395393371582e-01,3.102472424507141113e-01,3.732030093669891357e-01,3.964700400829315186e-01,3.142154812812805176e-01,3.493117392063140869e-01,3.448478281497955322e-01,4.101769626140594482e-01,3.619123995304107666e-01,3.482402861118316650e-01,3.812989592552185059e-01,3.811859488487243652e-01,3.673003911972045898e-01,3.304614722728729248e-01,3.483777046203613281e-01,3.497219979763031006e-01,4.225594401359558105e-01,3.839558064937591553e-01,3.240390419960021973e-01,3.667724728584289551e-01,3.577340841293334961e-01,3.675347864627838135e-01,3.631764352321624756e-01,3.172937631607055664e-01,4.066593945026397705e-01,3.691997826099395752e-01,4.069007039070129395e-01,4.198035001754760742e-01,4.108511805534362793e-01,3.810912966728210449e-01,3.820314407348632812e-01,3.736322522163391113e-01,3.473851978778839111e-01,3.958602547645568848e-01,3.580400347709655762e-01,3.692561984062194824e-01,3.494414687156677246e-01,3.759553432464599609e-01,3.400145173072814941e-01,3.391894996166229248e-01,3.725654482841491699e-01,2.764454483985900879e-01,3.969009816646575928e-01,3.779533505439758301e-01,3.907649815082550049e-01,3.880667984485626221e-01,3.095586895942687988e-01,3.554071187973022461e-01,3.663400113582611084e-01,3.382120132446289062e-01,3.303984403610229492e-01,3.425022363662719727e-01,3.390432298183441162e-01,3.728660345077514648e-01,4.289482831954956055e-01,3.623204231262207031e-01,3.306011855602264404e-01,3.798575699329376221e-01,3.273071050643920898e-01,3.902397751808166504e-01,3.790749907493591309e-01,4.298626184463500977e-01,3.737951517105102539e-01,3.220498561859130859e-01,3.898517787456512451e-01,3.884522318840026855e-01,3.741839826107025146e-01,3.857830464839935303e-01,3.652209043502807617e-01,3.443147540092468262e-01,3.654009103775024414e-01,3.668045699596405029e-01,3.621222078800201416e-01,2.749597430229187012e-01,3.901937007904052734e-01,3.852308392524719238e-01,4.016978740692138672e-01,3.776998221874237061e-01,3.319974541664123535e-01,3.763629794120788574e-01,4.209321737289428711e-01,3.381022512912750244e-01,3.369949460029602051e-01,3.511546552181243896e-01,3.656105697154998779e-01,3.856806457042694092e-01,3.141099214553833008e-01,3.864343762397766113e-01,3.720007240772247314e-01,3.619841933250427246e-01,3.587544560432434082e-01,3.760147690773010254e-01,3.856737017631530762e-01,3.506013751029968262e-01,2.610903382301330566e-01,3.620500266551971436e-01,3.780920505523681641e-01,3.991078734397888184e-01,3.421775698661804199e-01,2.778167426586151123e-01,3.780674636363983154e-01,3.256705105304718018e-01,3.388441801071166992e-01,2.983926832675933838e-01,3.932816982269287109e-01,3.818330168724060059e-01,3.516993522644042969e-01,4.053592979907989502e-01,4.118170142173767090e-01,4.211041331291198730e-01,3.471261262893676758e-01,3.131013214588165283e-01,3.606108129024505615e-01,3.691618442535400391e-01,3.014591038227081299e-01,3.675830364227294922e-01,3.787254393100738525e-01,2.755067050457000732e-01,3.673045039176940918e-01,3.487894535064697266e-01,3.760416805744171143e-01,3.333908915519714355e-01,3.797894716262817383e-01,3.654820322990417480e-01,3.894926905632019043e-01,3.649294376373291016e-01,3.401253819465637207e-01,4.065990447998046875e-01,3.981221914291381836e-01,3.973319232463836670e-01,3.596912622451782227e-01,3.426553010940551758e-01,3.956801593303680420e-01,2.854465842247009277e-01,3.007501363754272461e-01,3.684136867523193359e-01,3.605102300643920898e-01,3.996437788009643555e-01,3.531283736228942871e-01,4.289939701557159424e-01,3.659214377403259277e-01,3.973239362239837646e-01,3.771463036537170410e-01,4.217847883701324463e-01,4.116038680076599121e-01,3.994371294975280762e-01,3.333032131195068359e-01,3.826131224632263184e-01,3.836700022220611572e-01,3.439241051673889160e-01,3.545736670494079590e-01,3.815281391143798828e-01,3.846311569213867188e-01,3.868163824081420898e-01,3.726424872875213623e-01,2.925641238689422607e-01,3.903525471687316895e-01,3.870825171470642090e-01,4.115140736103057861e-01,3.333700895309448242e-01,3.126967847347259521e-01,3.388540148735046387e-01,3.482724726200103760e-01,3.756568729877471924e-01,3.824884891510009766e-01,3.302431106567382812e-01,4.132275581359863281e-01,4.023230373859405518e-01,3.848555982112884521e-01,3.795625269412994385e-01,3.410005569458007812e-01,3.137910366058349609e-01,3.412803411483764648e-01,3.104995489120483398e-01,2.939599752426147461e-01,2.929192483425140381e-01,3.643976449966430664e-01,3.391869068145751953e-01,3.777056634426116943e-01,3.512865900993347168e-01,3.104829788208007812e-01,3.677838444709777832e-01,3.595144152641296387e-01,2.889905869960784912e-01,4.519114494323730469e-01,3.229563832283020020e-01,3.395732641220092773e-01,3.545756340026855469e-01,3.267833590507507324e-01,3.645697236061096191e-01,3.613579869270324707e-01,3.237099051475524902e-01,3.787063360214233398e-01,3.605479001998901367e-01,2.695578634738922119e-01,3.411498069763183594e-01,3.723977804183959961e-01,4.247946143150329590e-01,3.626975417137145996e-01,3.648675084114074707e-01,3.915028572082519531e-01,3.263397216796875000e-01,3.599201738834381104e-01,3.422604799270629883e-01,3.844451308250427246e-01,3.303984999656677246e-01,3.699455857276916504e-01,3.695296049118041992e-01,2.804747819900512695e-01,3.893631994724273682e-01,3.808645009994506836e-01,3.740009963512420654e-01,3.311634659767150879e-01,3.621176481246948242e-01,3.617491126060485840e-01,3.785194456577301025e-01,3.775880634784698486e-01,3.723613917827606201e-01,4.015316963195800781e-01,3.849601447582244873e-01,3.779802918434143066e-01,3.984832167625427246e-01,3.628885746002197266e-01,3.392872214317321777e-01,3.981752991676330566e-01,3.248222172260284424e-01,3.222881555557250977e-01,3.636708855628967285e-01,3.882426321506500244e-01,3.766776919364929199e-01,4.098988473415374756e-01,3.577816784381866455e-01,3.468620777130126953e-01,3.776342868804931641e-01,3.527719378471374512e-01,3.443722724914550781e-01,3.350893259048461914e-01,3.784294426441192627e-01,4.139485359191894531e-01,3.726601600646972656e-01,4.070325195789337158e-01,3.292779326438903809e-01,3.612526357173919678e-01,3.512498736381530762e-01,4.236665666103363037e-01,2.965501248836517334e-01,4.060029089450836182e-01,3.628334403038024902e-01,3.093213737010955811e-01,3.466498255729675293e-01,3.802970647811889648e-01,3.597950041294097900e-01,3.354625701904296875e-01,3.244915604591369629e-01,4.149064421653747559e-01,3.969634771347045898e-01,3.661310970783233643e-01,3.952184319496154785e-01,3.942016661167144775e-01,3.431918919086456299e-01,3.751494884490966797e-01,3.582199215888977051e-01,3.703379034996032715e-01,4.045767784118652344e-01,3.550701141357421875e-01,3.127902150154113770e-01,3.015637993812561035e-01,3.827086687088012695e-01,3.464116454124450684e-01,3.626332879066467285e-01,3.841433823108673096e-01,3.572222292423248291e-01,3.636408448219299316e-01,3.614200353622436523e-01,3.532654643058776855e-01,4.056132435798645020e-01,3.510850071907043457e-01,3.836642801761627197e-01,3.234767317771911621e-01,3.915815949440002441e-01,4.090035557746887207e-01,3.750588893890380859e-01,3.342595100402832031e-01,3.770530819892883301e-01,3.563393354415893555e-01,3.582893908023834229e-01,3.569079637527465820e-01,2.689299285411834717e-01,4.463729262351989746e-01,3.974266350269317627e-01,2.978024780750274658e-01,3.983573913574218750e-01,2.999399304389953613e-01,3.664953708648681641e-01,3.161735236644744873e-01,4.165204763412475586e-01,3.855140209197998047e-01,3.377924263477325439e-01,3.542233407497406006e-01,3.959945440292358398e-01,4.404608607292175293e-01,4.007202982902526855e-01,2.828142642974853516e-01,3.086149096488952637e-01,3.913527727127075195e-01,3.896379470825195312e-01,3.453342616558074951e-01,3.380417227745056152e-01,3.709797859191894531e-01,3.909741640090942383e-01,3.937528133392333984e-01,3.521228432655334473e-01,3.505807518959045410e-01,3.329421877861022949e-01,3.735926449298858643e-01,3.781005740165710449e-01,3.799589276313781738e-01,3.109165430068969727e-01,3.514524698257446289e-01,3.044247627258300781e-01,3.637885451316833496e-01,3.421988785266876221e-01,3.627632856369018555e-01,3.526328504085540771e-01,3.687262535095214844e-01,3.846645057201385498e-01,3.783386349678039551e-01,2.840555906295776367e-01,3.837032318115234375e-01,3.984272778034210205e-01,3.635410070419311523e-01,3.536809086799621582e-01,3.957990407943725586e-01,3.745667040348052979e-01,2.871340513229370117e-01,3.423261642456054688e-01,3.606330156326293945e-01,4.142141938209533691e-01,3.485153317451477051e-01,4.033254981040954590e-01,3.987312316894531250e-01,3.826092481613159180e-01,3.727056980133056641e-01,3.579362034797668457e-01,3.809693455696105957e-01,3.641155660152435303e-01,3.496564328670501709e-01,3.801009058952331543e-01,3.904371261596679688e-01,3.653028607368469238e-01,3.663328886032104492e-01,3.831488490104675293e-01,3.826584219932556152e-01,3.605272471904754639e-01,3.153976798057556152e-01,3.142749667167663574e-01,3.773592710494995117e-01,2.572742998600006104e-01,3.664992749691009521e-01,3.245484828948974609e-01,3.828642666339874268e-01,3.971944153308868408e-01,3.054031729698181152e-01,3.794288635253906250e-01,3.868751525878906250e-01,3.937764763832092285e-01,3.062114715576171875e-01,3.802577555179595947e-01,4.151133894920349121e-01,3.837673962116241455e-01,3.616930246353149414e-01,4.134569764137268066e-01,2.989325225353240967e-01,4.363394975662231445e-01,3.966539204120635986e-01,3.323341310024261475e-01,3.887597918510437012e-01,3.229946494102478027e-01,3.966790437698364258e-01,3.829530179500579834e-01,3.672394752502441406e-01,3.858133554458618164e-01,3.936641812324523926e-01,3.973192274570465088e-01,3.526048958301544189e-01,4.094952642917633057e-01,3.713940382003784180e-01,4.084830880165100098e-01,3.654289543628692627e-01,4.134370684623718262e-01,2.994098663330078125e-01,3.565106391906738281e-01,3.690456151962280273e-01,3.958405852317810059e-01,3.530941605567932129e-01,3.996158242225646973e-01,3.689022064208984375e-01,3.195221722126007080e-01,3.524078130722045898e-01,3.710191845893859863e-01,2.924889326095581055e-01,3.816314935684204102e-01,3.707830905914306641e-01,3.160505890846252441e-01,3.345375061035156250e-01,3.991425037384033203e-01,2.911272644996643066e-01,2.805851697921752930e-01,3.855928182601928711e-01,3.801473379135131836e-01,3.542473614215850830e-01,3.971071839332580566e-01,3.501113355159759521e-01,2.976505756378173828e-01,3.936800360679626465e-01,3.215723037719726562e-01,3.813004195690155029e-01,3.991062939167022705e-01,3.207635283470153809e-01,3.668856620788574219e-01,3.487595915794372559e-01,2.983684837818145752e-01,3.579097688198089600e-01,3.592495918273925781e-01,3.818764686584472656e-01,4.228721261024475098e-01,3.778757750988006592e-01,3.774418532848358154e-01,2.967770695686340332e-01,3.822441101074218750e-01,4.004149138927459717e-01,3.907051980495452881e-01,4.011028110980987549e-01,3.552857637405395508e-01,4.052833318710327148e-01,3.902364969253540039e-01,3.507661223411560059e-01,3.331485390663146973e-01,3.564425706863403320e-01,3.683197498321533203e-01,3.573823571205139160e-01,4.125814437866210938e-01,3.656103014945983887e-01,3.926906883716583252e-01,4.017422199249267578e-01,3.004762530326843262e-01,3.627636432647705078e-01,3.493922948837280273e-01,3.848702907562255859e-01,3.484825491905212402e-01,4.017365276813507080e-01,3.674632310867309570e-01,3.415384888648986816e-01,3.602708578109741211e-01,3.790399134159088135e-01,3.475758433341979980e-01,3.680839836597442627e-01,4.028321206569671631e-01,3.399319350719451904e-01,3.692219853401184082e-01,3.870056569576263428e-01,3.335627913475036621e-01,3.676076531410217285e-01,3.813200294971466064e-01,3.411239385604858398e-01,3.976260423660278320e-01,3.488764762878417969e-01,3.930300474166870117e-01,2.948186993598937988e-01,3.852345347404479980e-01,3.532150089740753174e-01,3.698593974113464355e-01,3.879421353340148926e-01,3.544054329395294189e-01,3.459023833274841309e-01,3.769027590751647949e-01,3.984718620777130127e-01,4.034697413444519043e-01,3.933641910552978516e-01,3.720137476921081543e-01,3.800004124641418457e-01,3.316760659217834473e-01,3.828800320625305176e-01,4.075769484043121338e-01,3.475760817527770996e-01,4.199416041374206543e-01,3.855166137218475342e-01,3.053900599479675293e-01,3.623730838298797607e-01,3.484888672828674316e-01,3.855223655700683594e-01,3.787372112274169922e-01,3.452947735786437988e-01,3.426960110664367676e-01,3.394710421562194824e-01,3.106874823570251465e-01,2.886003851890563965e-01,3.114893734455108643e-01,3.552098572254180908e-01,3.649615049362182617e-01,3.193675875663757324e-01,3.857716321945190430e-01,3.994460403919219971e-01,3.726252913475036621e-01,3.650270104408264160e-01,3.355773687362670898e-01,4.123334884643554688e-01,3.646389842033386230e-01,3.921645283699035645e-01,4.400628805160522461e-01,3.890951871871948242e-01,3.975582122802734375e-01,3.586321473121643066e-01,3.552100062370300293e-01,3.896738290786743164e-01,3.725945353507995605e-01,3.622677326202392578e-01,3.644988834857940674e-01,3.970276117324829102e-01,3.326350450515747070e-01,3.888786733150482178e-01,3.156370520591735840e-01,3.766523599624633789e-01,3.577044606208801270e-01,3.313267230987548828e-01,3.408966064453125000e-01,3.336886763572692871e-01,3.916351795196533203e-01,2.914090752601623535e-01,3.028241097927093506e-01,3.412894606590270996e-01,4.130141735076904297e-01,3.712441623210906982e-01,3.556921482086181641e-01,3.833829760551452637e-01,2.500267028808593750e-01,2.804542183876037598e-01,3.876859843730926514e-01,3.768494725227355957e-01,4.030587077140808105e-01,3.802070617675781250e-01,3.789679408073425293e-01,3.897721767425537109e-01,3.899751901626586914e-01,3.876974284648895264e-01,3.560752272605895996e-01,3.449003696441650391e-01,3.401521146297454834e-01,3.651867508888244629e-01,3.860622644424438477e-01,2.972740530967712402e-01,3.267769515514373779e-01,3.818575441837310791e-01,3.715003430843353271e-01,3.687411546707153320e-01,2.659055888652801514e-01,3.915985822677612305e-01,3.575301170349121094e-01,3.833041489124298096e-01,3.576227426528930664e-01,3.875794708728790283e-01,3.707891106605529785e-01,3.674703836441040039e-01,3.765167593955993652e-01,3.907929956912994385e-01,3.742650151252746582e-01,3.747793436050415039e-01,3.953780829906463623e-01,3.163560032844543457e-01,2.213747203350067139e-01,3.726472258567810059e-01,3.743124008178710938e-01,3.572890460491180420e-01,3.376404941082000732e-01,3.796355724334716797e-01,3.646232783794403076e-01,3.913466036319732666e-01,3.756729960441589355e-01,4.152437448501586914e-01,3.543662428855895996e-01,3.135786652565002441e-01,3.994163274765014648e-01,4.096084237098693848e-01,3.671865463256835938e-01,3.551688194274902344e-01,3.379457592964172363e-01,3.803927600383758545e-01,3.937123417854309082e-01,2.764477729797363281e-01,3.796337246894836426e-01,3.873390555381774902e-01,3.837456107139587402e-01,3.899944424629211426e-01,3.313155472278594971e-01,3.772068023681640625e-01,3.583352565765380859e-01,3.778547048568725586e-01,3.466185331344604492e-01,3.641315102577209473e-01,3.798025250434875488e-01,3.106296360492706299e-01,4.318051338195800781e-01,2.765814661979675293e-01,3.597016930580139160e-01,3.598124980926513672e-01,3.444563448429107666e-01,4.193114042282104492e-01,4.384173452854156494e-01,3.225154876708984375e-01,3.650912344455718994e-01,3.325827121734619141e-01,4.071142375469207764e-01,4.086779356002807617e-01,3.520998358726501465e-01,3.802202045917510986e-01,3.760238587856292725e-01,3.544623851776123047e-01,3.547767102718353271e-01,3.628385066986083984e-01,3.721588850021362305e-01,3.197085857391357422e-01,3.863188624382019043e-01,4.012513756752014160e-01,3.831654787063598633e-01,3.501506447792053223e-01,3.997497260570526123e-01,3.882743120193481445e-01,3.779231309890747070e-01,3.840554952621459961e-01,3.368627429008483887e-01,3.834726512432098389e-01,3.812695443630218506e-01,3.692553639411926270e-01,3.625389933586120605e-01,3.663733005523681641e-01,3.142490983009338379e-01,3.617906272411346436e-01,3.720994293689727783e-01,3.283159434795379639e-01,3.046206235885620117e-01,3.505333662033081055e-01,3.234831094741821289e-01,3.473784029483795166e-01,3.744527697563171387e-01,3.508774340152740479e-01,3.515307009220123291e-01,3.794023096561431885e-01,4.076412916183471680e-01,3.453529477119445801e-01,3.105787038803100586e-01,3.680246174335479736e-01,3.668303489685058594e-01,3.441215753555297852e-01,3.880892395973205566e-01,3.355766534805297852e-01,3.553817272186279297e-01,3.468723297119140625e-01,4.128743708133697510e-01,3.668966889381408691e-01,3.477320671081542969e-01,3.720198273658752441e-01,3.353519141674041748e-01,3.408015668392181396e-01,3.886967301368713379e-01,3.887389302253723145e-01,3.844107687473297119e-01,3.897952735424041748e-01,3.969257473945617676e-01,4.114257991313934326e-01,3.362364172935485840e-01,3.841858506202697754e-01,4.088342189788818359e-01,3.757670521736145020e-01,2.989387214183807373e-01,3.440982103347778320e-01,3.176825046539306641e-01,3.895226418972015381e-01,2.924935817718505859e-01,3.562545776367187500e-01,3.902249038219451904e-01,3.741891980171203613e-01,3.812455534934997559e-01,3.493868112564086914e-01,3.824843764305114746e-01,3.829753398895263672e-01,3.721594214439392090e-01,3.371767997741699219e-01,3.927448093891143799e-01,3.370249271392822266e-01,3.965901136398315430e-01,3.283920288085937500e-01,3.011850416660308838e-01,3.143252730369567871e-01,4.129439890384674072e-01,3.896970748901367188e-01,3.932785093784332275e-01,3.645847439765930176e-01,3.035694658756256104e-01,4.247231483459472656e-01,3.464661836624145508e-01,3.767790794372558594e-01,4.037787318229675293e-01,3.875597715377807617e-01,4.165174961090087891e-01,3.813716769218444824e-01,3.396773338317871094e-01,3.987153768539428711e-01,3.447431623935699463e-01,3.960965871810913086e-01,3.825687766075134277e-01,3.847365379333496094e-01,3.670110106468200684e-01,3.652435541152954102e-01,3.880993127822875977e-01,3.761787414550781250e-01,3.600935339927673340e-01,3.753963112831115723e-01,3.896768093109130859e-01,3.261188268661499023e-01,3.175063133239746094e-01,3.516199588775634766e-01,4.108485579490661621e-01,3.388360440731048584e-01,3.882380127906799316e-01,3.603258132934570312e-01,3.379451632499694824e-01,3.750143647193908691e-01,3.735007643699645996e-01,2.613354623317718506e-01,4.302609562873840332e-01,3.627138137817382812e-01,3.368967175483703613e-01,3.326631486415863037e-01,3.626107573509216309e-01,3.056778013706207275e-01,3.906639814376831055e-01,3.491232693195343018e-01,3.906277418136596680e-01,3.853724002838134766e-01,3.425021171569824219e-01,3.280180990695953369e-01,3.713027834892272949e-01,4.251735508441925049e-01,3.825483322143554688e-01,3.767215609550476074e-01,3.632549643516540527e-01,3.721877932548522949e-01,4.167013168334960938e-01,3.747720718383789062e-01,2.963442802429199219e-01,3.419103026390075684e-01,3.326874375343322754e-01,2.734203934669494629e-01,3.197787404060363770e-01,3.834690451622009277e-01,3.844414353370666504e-01,3.725518584251403809e-01,3.849016726016998291e-01,3.577452898025512695e-01,2.694255709648132324e-01,4.260803163051605225e-01,3.969177901744842529e-01,3.766072988510131836e-01,3.465171754360198975e-01,3.929140567779541016e-01,3.639431595802307129e-01,3.784881234169006348e-01,3.898721039295196533e-01,3.197830021381378174e-01,3.994264006614685059e-01,3.809750676155090332e-01,3.154045045375823975e-01,3.806989789009094238e-01,3.616000413894653320e-01,3.782219886779785156e-01,3.712238669395446777e-01,3.632161021232604980e-01,3.670619726181030273e-01,3.589707016944885254e-01,3.546145558357238770e-01,3.908355832099914551e-01,2.693458795547485352e-01,3.411425650119781494e-01,2.918389439582824707e-01,4.049460291862487793e-01,3.900533914566040039e-01,3.446143269538879395e-01,3.137221634387969971e-01,4.417280554771423340e-01,3.751852214336395264e-01,3.574436306953430176e-01,3.198934793472290039e-01,4.386261105537414551e-01,3.791466355323791504e-01,3.102091252803802490e-01,3.714460730552673340e-01,3.627096414566040039e-01,3.470395803451538086e-01,3.969041705131530762e-01,2.887226939201354980e-01,3.681045174598693848e-01,3.548729717731475830e-01,3.812935948371887207e-01,3.519790172576904297e-01,3.572402596473693848e-01,2.622752785682678223e-01,4.173624217510223389e-01,4.098539948463439941e-01,3.928879499435424805e-01,3.485481441020965576e-01,4.062919020652770996e-01,4.077779650688171387e-01,3.596269488334655762e-01,3.643001317977905273e-01,4.064862132072448730e-01,3.998593091964721680e-01,3.348103165626525879e-01,3.239454627037048340e-01,3.499040603637695312e-01,3.374654948711395264e-01,3.627914190292358398e-01,2.854102253913879395e-01,3.992565274238586426e-01,3.629765510559082031e-01,3.712707757949829102e-01,3.414009809494018555e-01,3.945198953151702881e-01,3.843242228031158447e-01,3.183486461639404297e-01,3.749608993530273438e-01,4.184762239456176758e-01,3.512891829013824463e-01,3.505792021751403809e-01,3.044132590293884277e-01,3.457938134670257568e-01,3.170635700225830078e-01,3.255232870578765869e-01,3.153254985809326172e-01,4.014276266098022461e-01,3.394086956977844238e-01,3.420013189315795898e-01,3.340411782264709473e-01,3.515983223915100098e-01,3.110576272010803223e-01,3.373706638813018799e-01,3.891834020614624023e-01,4.173411726951599121e-01,3.585575520992279053e-01,3.826050758361816406e-01,3.543377518653869629e-01,3.178068101406097412e-01,3.744614124298095703e-01,3.749846816062927246e-01,3.800098598003387451e-01,3.199501037597656250e-01,3.537564575672149658e-01,3.374415338039398193e-01,3.234812319278717041e-01,4.018113017082214355e-01,3.997513949871063232e-01,3.401822745800018311e-01,4.119547903537750244e-01,4.066217541694641113e-01,3.961949944496154785e-01,3.230690956115722656e-01,4.292476773262023926e-01,3.505217432975769043e-01,3.543019890785217285e-01,2.982730269432067871e-01,3.569192588329315186e-01,2.961055040359497070e-01,3.661343455314636230e-01,3.074011206626892090e-01,2.759631276130676270e-01,4.054713249206542969e-01,4.042723178863525391e-01,3.841102719306945801e-01,3.128853738307952881e-01,3.544719219207763672e-01,3.829123973846435547e-01,3.665751218795776367e-01,3.206017613410949707e-01,3.289729952812194824e-01,3.803303539752960205e-01,3.303220272064208984e-01,3.754103183746337891e-01,3.254414796829223633e-01,4.003407359123229980e-01,3.682692348957061768e-01,3.802638351917266846e-01,3.040501773357391357e-01,3.735901713371276855e-01,3.218669891357421875e-01,3.802372813224792480e-01,4.184201955795288086e-01,3.793363571166992188e-01,3.400277197360992432e-01,3.393272757530212402e-01,3.828940987586975098e-01,4.103499054908752441e-01,3.537514805793762207e-01,4.050337076187133789e-01,2.891280055046081543e-01,3.930536806583404541e-01,3.837379813194274902e-01,3.687473833560943604e-01,3.226225376129150391e-01,3.827847540378570557e-01,3.601651787757873535e-01,2.989394366741180420e-01,3.983806371688842773e-01,3.868228495121002197e-01,3.809096813201904297e-01,3.131070733070373535e-01,3.708958327770233154e-01,3.471441268920898438e-01,3.873367309570312500e-01,3.000866174697875977e-01,3.791303634643554688e-01,3.562154173851013184e-01,3.003140687942504883e-01,3.417907953262329102e-01,3.683729767799377441e-01,3.166350424289703369e-01,3.757173717021942139e-01,3.436785638332366943e-01,3.072799444198608398e-01,3.403323590755462646e-01,3.147304654121398926e-01,3.442803919315338135e-01,3.432475924491882324e-01,3.963564932346343994e-01,4.220969378948211670e-01,3.581005930900573730e-01,3.689660727977752686e-01,4.057079851627349854e-01,3.883950114250183105e-01,3.794594407081604004e-01,3.267471790313720703e-01,3.537437319755554199e-01,3.789869546890258789e-01,3.167329132556915283e-01,3.607880771160125732e-01,3.711330592632293701e-01,3.157404661178588867e-01,3.576862812042236328e-01,3.592205643653869629e-01,3.217704892158508301e-01,2.918682694435119629e-01,3.751803040504455566e-01,4.072137475013732910e-01,3.425022959709167480e-01,3.234047293663024902e-01,3.533228933811187744e-01,3.303207159042358398e-01,3.910783827304840088e-01,4.045094847679138184e-01,3.910272717475891113e-01,3.893971443176269531e-01,3.571470379829406738e-01,3.490519523620605469e-01,3.620568811893463135e-01,3.070613741874694824e-01,2.931927144527435303e-01,3.395637273788452148e-01,3.256758153438568115e-01,3.366698026657104492e-01,3.660693168640136719e-01,3.983463048934936523e-01,3.306288719177246094e-01,4.510201811790466309e-01,3.766367733478546143e-01,3.490785062313079834e-01,3.546436727046966553e-01,3.187084794044494629e-01,3.449938893318176270e-01,3.924908936023712158e-01,3.016110658645629883e-01,3.673462569713592529e-01,3.770182728767395020e-01,3.972849845886230469e-01,3.683784008026123047e-01,3.803192377090454102e-01,3.463926315307617188e-01,4.147181510925292969e-01,3.663548827171325684e-01,3.860038518905639648e-01,3.975416421890258789e-01,3.629766702651977539e-01,3.199686110019683838e-01,3.780818581581115723e-01,3.878852725028991699e-01,3.742280006408691406e-01,3.764111101627349854e-01,4.087242484092712402e-01,4.179677069187164307e-01,3.141079545021057129e-01,3.612805902957916260e-01,3.854824900627136230e-01,3.386592864990234375e-01,2.715008258819580078e-01,3.721889555454254150e-01,3.873467445373535156e-01,3.739351332187652588e-01,3.959523439407348633e-01,2.881573438644409180e-01,3.383674621582031250e-01,3.320684432983398438e-01,3.749642372131347656e-01,3.164713978767395020e-01,3.278391361236572266e-01,3.668386340141296387e-01,3.733533620834350586e-01,3.622864186763763428e-01,3.861948251724243164e-01,3.791069984436035156e-01,3.764458894729614258e-01,3.642409443855285645e-01,3.152248561382293701e-01,3.878852427005767822e-01,3.887419700622558594e-01,3.680661320686340332e-01,2.640958130359649658e-01,3.802854716777801514e-01,3.816620707511901855e-01,4.280238449573516846e-01,3.551290929317474365e-01,3.420665264129638672e-01,3.517626821994781494e-01,3.517772555351257324e-01,3.414803147315979004e-01,4.032337367534637451e-01,3.608233928680419922e-01,3.613159954547882080e-01,3.991682529449462891e-01,3.469642400741577148e-01,2.911453843116760254e-01,3.811475038528442383e-01,3.913698792457580566e-01,3.379044830799102783e-01,3.911616206169128418e-01,3.826346993446350098e-01,3.424720168113708496e-01,4.276075661182403564e-01,2.932100296020507812e-01,3.703529238700866699e-01,3.749713897705078125e-01,3.817791938781738281e-01,3.615552186965942383e-01,4.055260419845581055e-01,3.452562689781188965e-01,3.594384193420410156e-01,3.338040709495544434e-01,3.728168010711669922e-01,3.098093569278717041e-01,3.741882741451263428e-01,3.948678970336914062e-01,3.514167666435241699e-01,3.156982958316802979e-01,3.845738172531127930e-01,4.324289560317993164e-01,3.683955371379852295e-01,3.514742255210876465e-01,3.591386079788208008e-01,4.067583084106445312e-01,3.199593722820281982e-01,3.346866369247436523e-01,4.048604369163513184e-01,3.954975008964538574e-01,2.880893945693969727e-01,3.464108109474182129e-01,3.554571270942687988e-01,3.816471695899963379e-01,2.860387563705444336e-01,3.549443185329437256e-01,3.892424702644348145e-01,3.544123768806457520e-01,3.936817944049835205e-01,4.093836247920989990e-01,3.034884333610534668e-01,2.566664814949035645e-01,3.492494821548461914e-01,3.438718318939208984e-01,3.820898234844207764e-01,4.128941297531127930e-01,3.772236704826354980e-01,3.325080871582031250e-01,3.840273022651672363e-01,3.709734976291656494e-01,3.625683784484863281e-01,3.687201440334320068e-01,3.467092514038085938e-01,4.031959772109985352e-01,4.160093367099761963e-01,3.766745328903198242e-01,2.648490965366363525e-01,3.668335378170013428e-01,3.920572698116302490e-01,3.690305352210998535e-01,3.819084465503692627e-01,3.768516182899475098e-01,3.713369369506835938e-01,3.640677332878112793e-01,3.545432090759277344e-01,3.684830665588378906e-01,3.561590909957885742e-01,3.195441961288452148e-01,3.493797481060028076e-01,3.843313455581665039e-01,3.421972990036010742e-01,3.793533742427825928e-01,3.454629182815551758e-01,3.621424734592437744e-01,3.841418027877807617e-01,3.888062536716461182e-01,3.749004006385803223e-01,3.983491063117980957e-01,3.887299001216888428e-01,3.933637142181396484e-01,3.586938977241516113e-01,3.500171601772308350e-01,3.406880497932434082e-01,3.833102583885192871e-01,3.465534448623657227e-01,4.131559729576110840e-01,3.577598929405212402e-01,3.689729273319244385e-01,3.763097524642944336e-01,3.933874964714050293e-01,3.701689839363098145e-01,3.952335119247436523e-01,3.570200800895690918e-01,3.026457726955413818e-01,3.351862430572509766e-01,3.635724782943725586e-01,3.515435755252838135e-01,3.973283469676971436e-01,3.857737779617309570e-01,3.470550179481506348e-01,3.778555095195770264e-01,2.800639271736145020e-01,3.623316287994384766e-01,3.377773165702819824e-01,3.432712554931640625e-01,4.071478247642517090e-01,3.874267637729644775e-01,3.886253535747528076e-01,2.923748493194580078e-01,4.274427592754364014e-01,3.547959327697753906e-01,3.834836184978485107e-01,3.727171421051025391e-01,3.957153856754302979e-01,3.740177750587463379e-01,3.795598149299621582e-01,3.812677562236785889e-01,3.833538293838500977e-01,3.614703416824340820e-01,3.253116607666015625e-01,3.956090807914733887e-01,3.762634992599487305e-01,3.726530671119689941e-01,3.295782208442687988e-01,3.217914700508117676e-01,3.337686657905578613e-01,3.457604050636291504e-01,3.278332352638244629e-01,3.636894822120666504e-01,3.724928796291351318e-01,3.744471967220306396e-01,3.002898395061492920e-01,3.875541090965270996e-01,3.961296379566192627e-01,3.917325139045715332e-01,3.217135667800903320e-01,3.831107020378112793e-01,3.671959936618804932e-01,3.921144306659698486e-01,3.839418888092041016e-01,3.796606063842773438e-01,3.528610169887542725e-01,4.017522335052490234e-01,3.853559494018554688e-01,3.419964611530303955e-01,4.014557898044586182e-01,3.550271987915039062e-01,3.811149597167968750e-01,3.213320374488830566e-01,3.382546305656433105e-01,3.764780461788177490e-01,3.636792004108428955e-01,3.548938035964965820e-01,3.318719863891601562e-01,3.514060080051422119e-01,3.336781859397888184e-01,3.773351907730102539e-01,3.935151994228363037e-01,3.872195184230804443e-01,4.037051200866699219e-01,3.638817667961120605e-01,3.677055239677429199e-01,3.421826958656311035e-01,3.907718956470489502e-01,3.555775582790374756e-01,3.586703538894653320e-01,3.800786137580871582e-01,3.610951304435729980e-01,3.040011525154113770e-01,3.173877000808715820e-01,3.483853340148925781e-01,3.859008252620697021e-01,3.528307676315307617e-01,2.992854416370391846e-01,3.810778856277465820e-01,3.581410348415374756e-01,3.918418884277343750e-01,3.863378763198852539e-01,3.535880744457244873e-01,3.161730170249938965e-01,3.391017317771911621e-01,3.051434159278869629e-01,4.048113822937011719e-01,3.439115881919860840e-01,3.705746531486511230e-01,3.838813602924346924e-01,3.670622408390045166e-01,3.866750001907348633e-01,3.871434628963470459e-01,3.502177894115447998e-01,3.415605723857879639e-01,3.286434412002563477e-01,4.028832018375396729e-01,4.379872977733612061e-01,3.528869152069091797e-01,3.985483348369598389e-01,2.472469806671142578e-01,4.084185957908630371e-01,3.850195109844207764e-01,3.650284409523010254e-01,2.765673696994781494e-01,3.470693528652191162e-01,3.802090883255004883e-01,3.649648427963256836e-01,3.658369779586791992e-01,3.302555084228515625e-01,3.030530214309692383e-01,3.880264759063720703e-01,3.997491300106048584e-01,3.434640169143676758e-01,3.504475951194763184e-01,3.949767947196960449e-01,3.079418540000915527e-01,3.638316988945007324e-01,3.679614067077636719e-01,3.174358606338500977e-01,3.587013781070709229e-01,3.860485553741455078e-01,3.095080852508544922e-01,2.720732688903808594e-01,3.733624815940856934e-01,3.927047252655029297e-01,2.901463210582733154e-01,3.755623400211334229e-01,2.901650071144104004e-01,3.595289885997772217e-01,3.603664040565490723e-01,3.406762480735778809e-01,3.129277229309082031e-01,3.830838501453399658e-01,3.962617516517639160e-01,3.516412377357482910e-01,3.306481242179870605e-01,4.158092439174652100e-01,2.528779506683349609e-01,3.440953791141510010e-01,3.634621500968933105e-01,3.849719762802124023e-01,3.924031257629394531e-01,4.449234008789062500e-01,3.733446598052978516e-01,4.203578531742095947e-01,3.666273355484008789e-01,3.474749326705932617e-01,2.980745732784271240e-01,3.965306878089904785e-01,3.653421998023986816e-01,3.697985112667083740e-01,3.810348510742187500e-01,3.145522773265838623e-01,3.507339060306549072e-01,3.766917586326599121e-01,4.093375802040100098e-01,3.427128791809082031e-01,4.400789141654968262e-01,4.272923469543457031e-01,3.886000812053680420e-01,3.694301843643188477e-01,3.759451806545257568e-01,3.478049635887145996e-01,3.009893596172332764e-01,3.381154835224151611e-01,3.654362857341766357e-01,3.696118295192718506e-01,3.580820560455322266e-01,3.681949973106384277e-01,3.375245630741119385e-01,3.892115354537963867e-01,3.773083686828613281e-01,3.580144345760345459e-01,3.648543953895568848e-01,3.704731166362762451e-01,3.105065226554870605e-01,3.803111910820007324e-01,3.611628413200378418e-01,3.644192814826965332e-01,3.287906646728515625e-01,3.537527918815612793e-01,3.670793771743774414e-01,3.250379264354705811e-01,3.564974367618560791e-01,3.680350780487060547e-01,3.478862047195434570e-01,3.091257512569427490e-01,3.795967698097229004e-01,3.876940608024597168e-01,2.818583250045776367e-01,3.307969868183135986e-01,3.101000785827636719e-01,3.596792817115783691e-01,3.708784282207489014e-01,3.800877034664154053e-01,3.706584572792053223e-01,3.409474492073059082e-01,4.177470803260803223e-01,3.253706693649291992e-01,3.270338475704193115e-01,3.971806764602661133e-01,3.866624236106872559e-01,3.509680032730102539e-01,3.876292705535888672e-01,3.828660249710083008e-01,3.885782957077026367e-01,3.591778278350830078e-01,4.051044881343841553e-01,3.060197830200195312e-01,3.597115278244018555e-01,3.237158954143524170e-01,4.088934957981109619e-01,3.646817207336425781e-01,3.746043145656585693e-01,4.249033331871032715e-01,3.852128386497497559e-01,4.019469618797302246e-01,3.906050324440002441e-01,3.288164138793945312e-01,3.394421041011810303e-01,3.729526996612548828e-01,3.364745080471038818e-01,3.702803254127502441e-01,3.847212791442871094e-01,3.844854831695556641e-01,3.594847917556762695e-01,3.924379646778106689e-01,3.733630776405334473e-01,3.923649489879608154e-01,3.422204256057739258e-01,3.621115684509277344e-01,4.237002432346343994e-01,3.291353583335876465e-01,3.845453262329101562e-01,3.207993805408477783e-01,3.497479557991027832e-01,3.414129614830017090e-01,3.951125144958496094e-01,3.566057682037353516e-01,3.247924745082855225e-01,3.927290439605712891e-01,3.756576776504516602e-01,3.894305229187011719e-01,3.595494627952575684e-01,3.726721405982971191e-01,3.661882579326629639e-01,3.974124789237976074e-01,3.377357721328735352e-01,3.115481138229370117e-01,3.782870173454284668e-01,3.745538592338562012e-01,3.792263269424438477e-01,3.727447092533111572e-01,3.172270953655242920e-01,3.579626679420471191e-01,3.724124431610107422e-01,4.162538647651672363e-01,3.987088799476623535e-01,3.769550919532775879e-01,3.611006736755371094e-01,3.385022878646850586e-01,3.736866116523742676e-01,3.409663140773773193e-01,3.969056010246276855e-01,3.510426878929138184e-01,3.371878266334533691e-01,3.531849384307861328e-01,3.841846287250518799e-01,3.444010317325592041e-01,4.190782904624938965e-01,3.693720102310180664e-01,4.106231927871704102e-01,2.874311208724975586e-01,3.821643292903900146e-01,3.619751334190368652e-01,4.101297855377197266e-01,3.795634508132934570e-01,3.889798521995544434e-01,3.528058528900146484e-01,3.490842580795288086e-01,3.895866870880126953e-01,3.778332769870758057e-01,3.759257793426513672e-01,3.872274160385131836e-01,3.689461946487426758e-01,3.780000209808349609e-01,3.986026346683502197e-01,3.445337712764739990e-01,3.907214999198913574e-01,3.509008884429931641e-01,3.353199958801269531e-01,3.825552463531494141e-01,3.699936866760253906e-01,4.071737527847290039e-01,3.495323657989501953e-01,3.981668949127197266e-01,3.401547670364379883e-01,4.004906415939331055e-01,3.800976872444152832e-01,3.526698350906372070e-01,3.803909122943878174e-01,3.773486018180847168e-01,4.036163687705993652e-01,3.924335241317749023e-01,3.808650672435760498e-01,3.347696959972381592e-01,3.916590809822082520e-01,3.609960377216339111e-01,3.672516644001007080e-01,3.831426203250885010e-01,2.993753552436828613e-01,3.489642441272735596e-01,3.137412369251251221e-01,3.469766676425933838e-01,3.794669806957244873e-01,2.831529080867767334e-01,3.799075484275817871e-01,3.560951352119445801e-01,3.846560120582580566e-01,3.588275909423828125e-01,3.662381172180175781e-01,3.744183182716369629e-01,3.631141185760498047e-01,3.440482020378112793e-01,4.041832685470581055e-01,3.427232503890991211e-01,4.260568618774414062e-01,3.684243857860565186e-01,3.511279225349426270e-01,3.691779375076293945e-01,3.814520239830017090e-01,3.691553473472595215e-01,4.180193543434143066e-01,3.759459555149078369e-01,3.346474766731262207e-01,3.887192010879516602e-01,2.963610291481018066e-01,3.555382788181304932e-01,3.622279763221740723e-01,3.922972083091735840e-01,3.635520339012145996e-01,3.985589742660522461e-01,3.286257386207580566e-01,3.561948835849761963e-01,3.873470425605773926e-01,3.751362264156341553e-01,3.904752731323242188e-01,3.594971597194671631e-01,3.651809990406036377e-01,3.409529030323028564e-01,3.326458334922790527e-01,3.289977312088012695e-01,4.163826107978820801e-01,3.673509359359741211e-01,3.684934973716735840e-01,3.781371712684631348e-01,3.606502413749694824e-01,3.431932330131530762e-01,3.934888839721679688e-01,3.573043942451477051e-01,3.477565646171569824e-01,3.777506947517395020e-01,3.859601020812988281e-01,3.951890766620635986e-01,3.733756542205810547e-01,4.051806926727294922e-01,3.730467557907104492e-01,3.413345217704772949e-01,4.121578037738800049e-01,3.277639150619506836e-01,3.229410648345947266e-01,3.829984962940216064e-01,4.043956995010375977e-01,3.652695715427398682e-01,3.813732564449310303e-01,3.489623665809631348e-01,3.356926739215850830e-01,3.491783738136291504e-01,3.897444307804107666e-01,3.377003967761993408e-01,3.122833967208862305e-01,3.793947100639343262e-01,3.531388640403747559e-01,3.095777034759521484e-01,3.216433823108673096e-01,2.560063004493713379e-01,3.749045729637145996e-01,3.707351088523864746e-01,3.183463811874389648e-01,2.827384173870086670e-01,3.436028361320495605e-01,2.866668105125427246e-01,3.774267137050628662e-01,3.642219901084899902e-01,3.508980274200439453e-01,3.127226829528808594e-01,3.672786355018615723e-01,3.644943535327911377e-01,4.008437097072601318e-01,3.300636410713195801e-01,4.135761857032775879e-01,2.863976359367370605e-01,4.003735780715942383e-01,3.807142078876495361e-01,3.724541962146759033e-01,3.901870846748352051e-01,3.509606122970581055e-01,3.793154656887054443e-01,3.345642089843750000e-01,3.310627937316894531e-01,3.400064706802368164e-01,3.135856389999389648e-01,3.420804738998413086e-01,3.844336569309234619e-01,2.565905749797821045e-01,3.582742810249328613e-01,3.968299031257629395e-01,3.335700631141662598e-01,3.330467939376831055e-01,3.318752050399780273e-01,3.542166948318481445e-01,3.621254563331604004e-01,3.591016530990600586e-01,3.591957688331604004e-01,3.715678751468658447e-01,3.877962231636047363e-01,3.184632658958435059e-01,3.494114279747009277e-01,3.422526419162750244e-01,2.995486855506896973e-01,3.202508091926574707e-01,3.987977802753448486e-01,3.848412632942199707e-01,3.908324241638183594e-01,3.396383821964263916e-01,3.532858192920684814e-01,4.162144660949707031e-01,3.585194945335388184e-01,4.042522907257080078e-01,3.632857203483581543e-01,3.328704237937927246e-01,3.809695243835449219e-01,3.492127060890197754e-01,3.492729365825653076e-01,4.013644754886627197e-01,3.843026161193847656e-01,3.700095117092132568e-01,2.997912168502807617e-01,3.397552967071533203e-01,3.862667083740234375e-01,3.070450425148010254e-01,3.042374253273010254e-01,3.695679306983947754e-01,3.753245174884796143e-01,2.796164751052856445e-01,3.316991925239562988e-01,3.661127090454101562e-01,3.387224972248077393e-01,3.448722660541534424e-01,3.675014972686767578e-01,3.696798682212829590e-01,3.391493558883666992e-01,4.323720335960388184e-01,3.520372509956359863e-01,3.111142516136169434e-01,3.294993340969085693e-01,3.902933299541473389e-01,3.039230108261108398e-01,3.647192716598510742e-01,3.214406371116638184e-01,3.448845148086547852e-01,3.626594543457031250e-01,3.748967051506042480e-01,3.483458161354064941e-01,3.506067991256713867e-01,3.978517949581146240e-01,3.700346350669860840e-01,3.356530368328094482e-01,3.914449810981750488e-01,3.738230466842651367e-01,3.542506992816925049e-01,3.719695210456848145e-01,3.902384936809539795e-01,3.736877441406250000e-01,3.026127815246582031e-01,3.479400277137756348e-01,3.948964476585388184e-01,3.188431262969970703e-01,3.715056478977203369e-01,3.748375177383422852e-01,3.590615689754486084e-01,3.787492811679840088e-01,3.478567004203796387e-01,3.372870087623596191e-01,3.500920534133911133e-01,3.230056166648864746e-01,3.441222608089447021e-01,4.410704970359802246e-01,3.710012137889862061e-01,3.291548490524291992e-01,3.233869671821594238e-01,3.249526619911193848e-01,4.124867320060729980e-01,3.620353341102600098e-01,3.660582304000854492e-01,3.752303123474121094e-01,4.159128963947296143e-01,3.593836426734924316e-01,4.259551465511322021e-01,3.886924386024475098e-01,3.737871050834655762e-01,3.373238444328308105e-01,3.674928247928619385e-01,3.818254470825195312e-01,3.039579987525939941e-01,3.480485975742340088e-01,3.387603163719177246e-01,3.458461165428161621e-01,3.739111423492431641e-01,2.966763377189636230e-01,3.799511790275573730e-01,3.683162927627563477e-01,3.147346377372741699e-01,3.401200175285339355e-01,3.730223774909973145e-01,3.931317329406738281e-01,3.705601096153259277e-01,3.989225029945373535e-01,3.705515861511230469e-01,3.281303346157073975e-01,3.866449594497680664e-01,3.493199944496154785e-01,3.569133877754211426e-01,3.896557092666625977e-01,3.399007022380828857e-01,3.627105653285980225e-01,3.515143990516662598e-01,4.136848151683807373e-01,3.586067855358123779e-01,3.804047703742980957e-01,3.700613975524902344e-01,3.922773599624633789e-01,3.477295637130737305e-01,3.796486854553222656e-01,3.562846779823303223e-01,3.620172739028930664e-01,3.708883523941040039e-01,3.803645372390747070e-01,4.046486020088195801e-01,3.458066582679748535e-01,3.734373450279235840e-01,3.923931121826171875e-01,3.610808253288269043e-01,3.632154464721679688e-01,3.552025854587554932e-01,3.796234726905822754e-01,3.551683425903320312e-01,3.155344724655151367e-01,3.870835602283477783e-01,3.220869302749633789e-01,4.035010337829589844e-01,2.633953690528869629e-01,3.756152391433715820e-01,3.901123404502868652e-01,3.673892021179199219e-01,3.325843811035156250e-01,3.901064991950988770e-01,3.760864734649658203e-01,3.802910745143890381e-01,3.576177358627319336e-01,4.134770631790161133e-01,2.841129302978515625e-01,3.244334757328033447e-01,2.953114509582519531e-01,3.218047320842742920e-01,3.549756705760955811e-01,4.114592373371124268e-01,3.271133899688720703e-01,3.159555196762084961e-01,4.009169936180114746e-01,3.671477735042572021e-01,4.140570759773254395e-01,3.512280583381652832e-01,3.594175577163696289e-01,3.364587426185607910e-01,3.364748358726501465e-01,3.669065237045288086e-01,3.733817636966705322e-01,3.140680789947509766e-01,3.771588206291198730e-01,3.760344982147216797e-01,3.983851075172424316e-01,4.204204082489013672e-01,3.529157936573028564e-01,3.683663606643676758e-01,3.579600453376770020e-01,3.889235258102416992e-01,3.550640344619750977e-01,4.314984083175659180e-01,3.700741529464721680e-01,4.073331356048583984e-01,4.267978668212890625e-01,3.045882582664489746e-01,3.222046196460723877e-01,3.652377724647521973e-01,4.239559769630432129e-01,3.358749747276306152e-01,3.660981059074401855e-01,3.723614215850830078e-01,3.412708640098571777e-01,3.645006418228149414e-01,3.184987306594848633e-01,3.667449057102203369e-01,3.857965469360351562e-01,3.710949420928955078e-01,3.566657900810241699e-01,3.141893148422241211e-01,3.645482063293457031e-01,3.123340606689453125e-01,3.836382329463958740e-01,3.999829292297363281e-01,3.586629331111907959e-01,3.470546901226043701e-01,3.746040463447570801e-01,3.492966592311859131e-01,3.302916884422302246e-01,3.741159439086914062e-01,4.055333733558654785e-01,3.336269259452819824e-01,3.807635903358459473e-01,3.564975261688232422e-01,3.833874762058258057e-01,3.846145868301391602e-01,3.456062674522399902e-01,3.857336044311523438e-01,3.811432123184204102e-01,3.406196832656860352e-01,3.385489284992218018e-01,3.995558023452758789e-01,3.767952919006347656e-01,3.534098863601684570e-01,3.574964404106140137e-01,4.003417491912841797e-01,3.020394742488861084e-01,4.017265439033508301e-01,3.717826306819915771e-01,3.464767336845397949e-01,3.843155801296234131e-01,3.919817805290222168e-01,4.054227769374847412e-01,3.249046504497528076e-01,3.623772859573364258e-01,3.042804300785064697e-01,3.617072403430938721e-01,4.075465202331542969e-01,3.422827124595642090e-01,3.548372983932495117e-01,3.722283244132995605e-01,2.466654777526855469e-01,3.490314483642578125e-01,3.846611976623535156e-01,3.601996898651123047e-01,3.531983196735382080e-01,3.498605489730834961e-01,3.390933275222778320e-01,3.207001388072967529e-01,2.984362244606018066e-01,3.739604949951171875e-01,3.778708875179290771e-01,3.833039402961730957e-01,3.449995219707489014e-01,3.366417288780212402e-01,4.018385708332061768e-01,3.915399909019470215e-01,3.477013409137725830e-01,3.605657815933227539e-01,3.877261877059936523e-01,3.760806322097778320e-01,4.077330529689788818e-01,3.737301230430603027e-01,3.937143087387084961e-01,3.811604976654052734e-01,3.920054435729980469e-01,3.788945078849792480e-01,2.984727621078491211e-01,3.758610188961029053e-01,3.710948824882507324e-01,3.890914022922515869e-01,4.050632715225219727e-01,3.340426683425903320e-01,3.608345091342926025e-01,4.026409387588500977e-01,2.783928215503692627e-01,3.388212323188781738e-01,2.883520126342773438e-01,4.033254683017730713e-01,3.514353036880493164e-01,3.321335017681121826e-01,3.988541364669799805e-01,3.678745031356811523e-01,3.717531263828277588e-01,3.871029019355773926e-01,3.366518318653106689e-01,3.968685865402221680e-01,2.974275350570678711e-01,4.123189449310302734e-01,3.858495354652404785e-01,3.638128340244293213e-01,3.667087554931640625e-01,3.466458320617675781e-01,4.038650989532470703e-01,3.655379414558410645e-01,3.527435064315795898e-01,3.345166146755218506e-01,3.975718319416046143e-01,3.669764995574951172e-01,3.768551349639892578e-01,3.573828935623168945e-01,3.689219951629638672e-01,2.835249900817871094e-01,2.456490695476531982e-01,3.686141371726989746e-01,4.417082965373992920e-01,4.184848666191101074e-01,3.909768760204315186e-01,3.121794760227203369e-01,3.690400123596191406e-01,4.162299036979675293e-01,4.027751684188842773e-01,2.811426818370819092e-01,3.452021479606628418e-01,3.652535080909729004e-01,3.270484209060668945e-01,3.408127427101135254e-01,3.839019536972045898e-01,3.754862844944000244e-01,3.046447336673736572e-01,3.793626725673675537e-01,3.895392119884490967e-01,3.534928858280181885e-01,3.057429492473602295e-01,3.310533761978149414e-01,3.281643092632293701e-01,3.415369093418121338e-01,3.491475284099578857e-01,3.596840500831604004e-01,3.576178550720214844e-01,2.898607850074768066e-01,3.929251432418823242e-01,3.879286646842956543e-01,3.844677209854125977e-01,4.179432988166809082e-01,4.050075411796569824e-01,3.117202520370483398e-01,3.520395159721374512e-01,3.825909793376922607e-01,3.384103775024414062e-01,3.711968660354614258e-01,3.681407570838928223e-01,2.753610312938690186e-01,3.877190947532653809e-01,3.339079618453979492e-01,3.639549612998962402e-01,3.957369923591613770e-01,3.215212821960449219e-01,3.222331702709197998e-01,3.211938738822937012e-01,3.556021451950073242e-01,4.013803899288177490e-01,3.585276007652282715e-01,3.595889210700988770e-01,3.803228437900543213e-01,4.102042913436889648e-01,3.402901291847229004e-01,3.807524144649505615e-01,4.150144457817077637e-01,3.630899786949157715e-01,3.387919068336486816e-01,3.297136127948760986e-01,3.323850631713867188e-01,3.730643391609191895e-01,3.840939700603485107e-01,4.086740016937255859e-01,3.721200823783874512e-01,3.954288363456726074e-01,3.879227638244628906e-01,2.840248048305511475e-01,4.107816815376281738e-01,3.757935166358947754e-01,4.095975756645202637e-01,3.831526637077331543e-01,3.318229913711547852e-01,3.979350626468658447e-01,3.405664265155792236e-01,3.665449321269989014e-01,3.924289345741271973e-01,3.661514520645141602e-01,3.769704699516296387e-01,4.009742736816406250e-01,3.874194622039794922e-01,3.863104581832885742e-01,3.301730751991271973e-01,3.935191929340362549e-01,3.437930345535278320e-01,3.613777458667755127e-01,3.991262614727020264e-01,3.926283717155456543e-01,3.573251366615295410e-01,3.904511332511901855e-01,3.494567871093750000e-01,3.814177215099334717e-01,3.909657597541809082e-01,4.227339029312133789e-01,3.909217715263366699e-01,3.842810988426208496e-01,3.382221162319183350e-01,3.751373887062072754e-01,3.442160487174987793e-01,3.403275012969970703e-01,3.816446661949157715e-01,3.949392139911651611e-01,3.528276085853576660e-01,3.950709700584411621e-01,3.030743002891540527e-01,3.660177588462829590e-01,2.785926461219787598e-01,3.823605179786682129e-01,2.898883223533630371e-01,3.693270981311798096e-01,3.065176308155059814e-01,4.147598743438720703e-01,3.880344033241271973e-01,3.785576820373535156e-01,3.567895889282226562e-01,2.997622489929199219e-01,3.611019849777221680e-01,3.593972623348236084e-01,4.024914801120758057e-01,4.100092351436614990e-01,3.702974319458007812e-01,3.173962533473968506e-01,3.362516760826110840e-01,3.701222538948059082e-01,3.355307579040527344e-01,3.588175177574157715e-01,3.533060848712921143e-01,3.193480968475341797e-01,4.016102850437164307e-01,3.321436643600463867e-01,3.672051131725311279e-01,3.439845740795135498e-01,3.721847534179687500e-01,3.803948760032653809e-01,3.780368566513061523e-01,4.001298546791076660e-01,3.771376907825469971e-01,3.933393955230712891e-01,2.900994420051574707e-01,3.557094037532806396e-01,3.721928596496582031e-01,3.670348525047302246e-01,3.137816786766052246e-01,2.978424429893493652e-01,3.980062007904052734e-01,3.687155842781066895e-01,3.847393989562988281e-01,3.207452893257141113e-01,3.800671696662902832e-01,3.759329319000244141e-01,3.783631920814514160e-01,3.575264215469360352e-01,4.004496335983276367e-01,3.053262233734130859e-01,4.354861676692962646e-01,4.382870197296142578e-01,2.799731194972991943e-01,3.133590221405029297e-01,3.707688450813293457e-01,3.711149394512176514e-01,3.272192180156707764e-01,3.565111458301544189e-01,3.794868588447570801e-01,3.793405890464782715e-01,3.318736255168914795e-01,3.723005950450897217e-01,2.878406047821044922e-01,3.829366564750671387e-01,3.649834692478179932e-01,3.763454556465148926e-01,3.618173003196716309e-01,3.796715140342712402e-01,3.127094507217407227e-01,3.040711581707000732e-01,3.781445622444152832e-01,3.278504908084869385e-01,2.998904883861541748e-01,4.179009795188903809e-01,3.065001368522644043e-01,3.856728076934814453e-01,3.723773956298828125e-01,4.210015237331390381e-01,3.339461088180541992e-01,3.310122787952423096e-01,4.301196634769439697e-01,3.194169104099273682e-01,2.862587273120880127e-01,3.025673031806945801e-01,3.785613179206848145e-01,3.694828152656555176e-01,4.079701900482177734e-01,3.161017596721649170e-01,3.934949636459350586e-01,3.700730502605438232e-01,3.736219704151153564e-01,3.708809912204742432e-01,3.802378177642822266e-01,2.970723509788513184e-01,3.995967507362365723e-01,3.709324002265930176e-01,3.268808722496032715e-01,3.452872037887573242e-01,3.312434554100036621e-01,3.759938478469848633e-01,2.693017721176147461e-01,3.994230031967163086e-01,3.720320463180541992e-01,2.836605608463287354e-01,3.310630917549133301e-01,3.582107424736022949e-01,3.534773290157318115e-01,3.165352642536163330e-01,3.415693044662475586e-01,3.242358565330505371e-01,3.895428776741027832e-01,4.056111574172973633e-01,3.827876746654510498e-01,3.772523999214172363e-01,3.791040778160095215e-01,3.217798769474029541e-01,3.375319242477416992e-01,4.039109647274017334e-01,3.202426433563232422e-01,3.743441700935363770e-01,3.290560841560363770e-01,4.067217707633972168e-01,2.809371650218963623e-01,3.738122880458831787e-01,3.761087357997894287e-01,3.616032004356384277e-01,3.179647326469421387e-01,3.674002885818481445e-01,4.207490980625152588e-01,3.264310956001281738e-01,3.185005187988281250e-01,3.511039912700653076e-01,3.513307273387908936e-01,3.010494112968444824e-01,3.417491316795349121e-01,3.168897032737731934e-01,4.109041094779968262e-01,3.735063970088958740e-01,3.991091847419738770e-01,3.494585156440734863e-01,3.694531619548797607e-01,3.644614815711975098e-01,3.679992556571960449e-01,3.990330696105957031e-01,3.718647956848144531e-01,3.028831183910369873e-01,3.788546919822692871e-01,3.735490441322326660e-01,3.879877030849456787e-01,3.672826290130615234e-01,3.409165740013122559e-01,3.052197992801666260e-01,3.537706136703491211e-01,3.742278218269348145e-01,4.095419049263000488e-01,3.944244980812072754e-01,3.253425359725952148e-01,3.151729702949523926e-01,3.668763637542724609e-01,3.171655535697937012e-01,3.730488717555999756e-01,3.584564924240112305e-01,2.991338372230529785e-01,3.291451930999755859e-01,3.325864374637603760e-01,4.062727391719818115e-01,3.011924028396606445e-01,3.085696697235107422e-01,3.049027025699615479e-01,4.004530906677246094e-01,3.322713375091552734e-01,3.449040055274963379e-01,3.733360469341278076e-01,3.418141901493072510e-01,4.071312844753265381e-01,3.404894471168518066e-01,3.822892010211944580e-01,3.416017889976501465e-01,4.016680419445037842e-01,3.789436221122741699e-01,4.044155180454254150e-01,3.537766933441162109e-01,3.447140455245971680e-01,3.936204910278320312e-01,2.803222835063934326e-01,3.313851356506347656e-01,3.519583642482757568e-01,2.782328724861145020e-01,2.875196933746337891e-01,3.391005694866180420e-01,2.727069854736328125e-01,3.323597013950347900e-01,3.599124252796173096e-01,3.849508464336395264e-01,3.338753581047058105e-01,3.151619732379913330e-01,3.227520287036895752e-01,3.743271231651306152e-01,3.067434132099151611e-01,3.502170145511627197e-01,3.758442997932434082e-01,3.676495552062988281e-01,3.939045667648315430e-01,3.531060814857482910e-01,3.894215226173400879e-01,3.707764446735382080e-01,3.371288180351257324e-01,3.133724927902221680e-01,3.783015608787536621e-01,3.722623586654663086e-01,3.226839005947113037e-01,3.749279379844665527e-01,3.379378318786621094e-01,3.797701597213745117e-01,3.230026960372924805e-01,3.787427544593811035e-01,3.898706138134002686e-01,3.016387820243835449e-01,3.417064845561981201e-01,3.914741575717926025e-01,3.526727557182312012e-01,4.008891582489013672e-01,3.751424849033355713e-01,3.745340704917907715e-01,3.817856609821319580e-01,3.059796094894409180e-01,3.787766098976135254e-01,3.277596235275268555e-01,2.371260821819305420e-01,3.272705078125000000e-01,3.830522298812866211e-01,2.628532052040100098e-01,3.656409978866577148e-01,3.605927228927612305e-01,3.380150496959686279e-01,3.283632695674896240e-01,3.766648471355438232e-01,3.710784018039703369e-01,2.760256528854370117e-01,3.771482706069946289e-01,4.252210557460784912e-01,3.358063101768493652e-01,3.827947378158569336e-01,3.730072081089019775e-01,4.403614997863769531e-01,3.854314088821411133e-01,2.598317861557006836e-01,3.550108373165130615e-01,3.849186301231384277e-01,3.826582133769989014e-01,3.217816948890686035e-01,3.514026999473571777e-01,2.881649732589721680e-01,3.621691465377807617e-01,3.814103007316589355e-01,4.014642536640167236e-01,3.931342065334320068e-01,3.639823198318481445e-01,4.001128077507019043e-01,3.412768840789794922e-01,3.776382207870483398e-01,2.930071353912353516e-01,4.220589995384216309e-01,3.844639062881469727e-01,3.193284869194030762e-01,3.538226485252380371e-01,3.646467924118041992e-01,3.826723098754882812e-01,2.790300250053405762e-01,3.030560612678527832e-01,4.282675981521606445e-01,3.838759660720825195e-01,3.152783513069152832e-01,3.412314057350158691e-01,2.959222197532653809e-01,3.859262466430664062e-01,3.711112141609191895e-01,3.538809418678283691e-01,4.121478796005249023e-01,3.513433635234832764e-01,3.770419359207153320e-01,2.945889532566070557e-01,3.572723269462585449e-01,3.871796727180480957e-01,4.055330157279968262e-01,4.151197671890258789e-01,3.850294947624206543e-01,3.522779941558837891e-01,3.783415853977203369e-01,3.750561773777008057e-01,3.811893165111541748e-01,3.364271819591522217e-01,4.295245707035064697e-01,3.306066691875457764e-01,3.404835462570190430e-01,3.655203282833099365e-01,2.720144987106323242e-01,3.714348673820495605e-01,3.577371835708618164e-01,3.354387879371643066e-01,3.614700436592102051e-01,3.509934544563293457e-01,3.816177845001220703e-01,4.088804125785827637e-01,4.279255867004394531e-01,3.731913566589355469e-01,3.719098567962646484e-01,4.097411036491394043e-01,2.763611972332000732e-01,3.627223372459411621e-01,3.963552713394165039e-01,3.534995317459106445e-01,3.881767094135284424e-01,3.507342338562011719e-01,3.900101482868194580e-01,3.418175876140594482e-01,3.558165431022644043e-01,3.762353062629699707e-01,3.851205706596374512e-01,3.881795406341552734e-01,3.470316231250762939e-01,3.987805843353271484e-01,3.282006680965423584e-01,3.909081220626831055e-01,3.946975767612457275e-01,3.854705989360809326e-01,3.750357031822204590e-01,3.893081545829772949e-01,3.610387444496154785e-01,3.094930648803710938e-01,3.464253544807434082e-01,3.351626396179199219e-01,3.946415483951568604e-01,3.000372946262359619e-01,3.580964207649230957e-01,3.766946792602539062e-01,4.006589055061340332e-01,3.886160254478454590e-01,3.311797380447387695e-01,3.870778679847717285e-01,3.960116207599639893e-01,3.456171751022338867e-01,3.803029060363769531e-01,3.000844717025756836e-01,3.959592282772064209e-01,4.212138652801513672e-01,3.810973763465881348e-01,4.215773642063140869e-01,3.487186431884765625e-01,3.547527790069580078e-01,4.103301167488098145e-01,3.934032320976257324e-01,4.141342043876647949e-01,3.633596301078796387e-01,3.767805099487304688e-01,3.929338157176971436e-01,3.740148842334747314e-01,3.773323893547058105e-01,3.836032152175903320e-01,3.806371688842773438e-01,3.768499791622161865e-01,3.997460603713989258e-01,3.861713707447052002e-01,4.068408012390136719e-01,4.101904034614562988e-01,3.196084797382354736e-01,3.456156253814697266e-01,3.512014150619506836e-01,3.965654373168945312e-01,3.123821616172790527e-01,3.449972271919250488e-01,3.814840912818908691e-01,4.052798151969909668e-01,4.088079333305358887e-01,3.016157150268554688e-01,3.741444945335388184e-01,2.884295582771301270e-01,3.230856657028198242e-01,3.503993153572082520e-01,3.788398504257202148e-01,4.069258570671081543e-01,3.626103401184082031e-01,3.053940534591674805e-01,3.776920139789581299e-01,3.725583255290985107e-01,3.743987679481506348e-01,3.895221948623657227e-01,4.235162734985351562e-01,3.844854831695556641e-01,3.356564939022064209e-01,3.898712992668151855e-01,3.551989197731018066e-01,2.914882600307464600e-01,4.009348750114440918e-01,3.869765996932983398e-01,3.712413609027862549e-01,3.554306030273437500e-01,3.507458865642547607e-01,3.353674411773681641e-01,3.975039720535278320e-01,3.434818983078002930e-01,3.459113836288452148e-01,4.031386375427246094e-01,3.838469386100769043e-01,3.870458006858825684e-01,3.433825373649597168e-01,3.707534372806549072e-01,4.097694754600524902e-01,4.330578744411468506e-01,3.484108448028564453e-01,4.124141633510589600e-01,4.204078018665313721e-01,4.167696535587310791e-01,3.627968728542327881e-01,3.168777823448181152e-01,3.698508441448211670e-01,3.626661896705627441e-01,3.986756205558776855e-01,3.842469751834869385e-01,3.528211712837219238e-01,3.958235383033752441e-01,3.418223857879638672e-01,3.651354312896728516e-01,3.820762634277343750e-01,3.840457499027252197e-01,3.650051951408386230e-01,3.728066086769104004e-01,2.964609861373901367e-01,3.604004085063934326e-01,4.085050821304321289e-01,3.402893543243408203e-01,4.202637076377868652e-01,2.807046771049499512e-01,4.029950499534606934e-01,3.606661558151245117e-01,4.019157290458679199e-01,4.212789535522460938e-01,3.751793503761291504e-01,3.891420066356658936e-01,3.605824708938598633e-01,3.963545262813568115e-01,3.299342989921569824e-01,3.857926130294799805e-01,3.835256695747375488e-01,3.198662102222442627e-01,3.914471268653869629e-01,3.165939748287200928e-01,3.457885980606079102e-01,3.356422185897827148e-01,3.837688863277435303e-01,3.800973296165466309e-01,3.845276832580566406e-01,3.274392485618591309e-01,3.032422065734863281e-01,4.154139459133148193e-01,3.514461517333984375e-01,3.232709765434265137e-01,3.634796142578125000e-01,3.554676175117492676e-01,3.958875238895416260e-01,4.068946838378906250e-01,3.899459838867187500e-01,2.861661314964294434e-01,3.919393420219421387e-01,3.901913762092590332e-01,3.243644535541534424e-01,3.170290589332580566e-01,3.832624256610870361e-01,3.858537077903747559e-01,3.423983156681060791e-01,4.327892065048217773e-01,3.859368562698364258e-01,3.731818199157714844e-01,3.495962023735046387e-01,3.951316475868225098e-01,3.761840164661407471e-01,3.936137557029724121e-01,3.441864252090454102e-01,3.567956984043121338e-01,3.834093809127807617e-01,3.704707324504852295e-01,3.613523840904235840e-01,4.121606349945068359e-01,3.093008100986480713e-01,3.934298753738403320e-01,3.741723895072937012e-01,4.109241366386413574e-01,3.707133531570434570e-01,3.792699873447418213e-01,2.810156047344207764e-01,4.103426337242126465e-01,3.946592211723327637e-01,3.545072674751281738e-01,4.165433049201965332e-01,3.902997374534606934e-01,3.789250850677490234e-01,3.608326911926269531e-01,3.723488450050354004e-01,3.812163174152374268e-01,3.478164970874786377e-01,4.350373744964599609e-01,3.740487694740295410e-01,3.968353867530822754e-01,3.925024271011352539e-01,4.067111015319824219e-01,3.718678951263427734e-01,3.011320233345031738e-01,3.750834465026855469e-01,3.693124055862426758e-01,3.421169817447662354e-01,3.566871583461761475e-01,3.637502789497375488e-01,3.131357133388519287e-01,3.774584531784057617e-01,4.041808843612670898e-01,3.679367303848266602e-01,3.421398401260375977e-01,3.542308807373046875e-01,2.597589492797851562e-01,3.063523769378662109e-01,3.585314750671386719e-01,3.745391368865966797e-01,3.737026453018188477e-01,3.565063774585723877e-01,4.059455394744873047e-01,3.753556609153747559e-01,3.835997581481933594e-01,3.470970392227172852e-01,3.720289766788482666e-01,3.876183331012725830e-01,3.531002998352050781e-01,3.416249155998229980e-01,4.001972675323486328e-01,3.611693978309631348e-01,3.547011017799377441e-01,3.420572876930236816e-01,4.336277544498443604e-01,3.560564517974853516e-01,3.665173351764678955e-01,2.641176581382751465e-01,3.664124608039855957e-01,3.936565220355987549e-01,3.070367574691772461e-01,3.498523831367492676e-01,3.250306844711303711e-01,4.028967320919036865e-01,3.871617913246154785e-01,3.403163552284240723e-01,3.658475279808044434e-01,3.979367017745971680e-01,3.706516027450561523e-01,3.424219191074371338e-01,2.644983232021331787e-01,3.685034513473510742e-01,3.293716311454772949e-01,3.388827443122863770e-01,3.534387946128845215e-01,3.740405440330505371e-01,3.497903347015380859e-01,2.748348712921142578e-01,3.700695931911468506e-01,3.777946829795837402e-01,3.217677474021911621e-01,3.538950979709625244e-01,3.382979631423950195e-01,4.033114910125732422e-01,3.732011318206787109e-01,3.296254277229309082e-01,4.597872793674468994e-01,4.013890027999877930e-01,3.665478527545928955e-01,3.383617401123046875e-01,4.315144419670104980e-01,3.597835600376129150e-01,4.133441746234893799e-01,3.394106626510620117e-01,3.336597084999084473e-01,3.816941380500793457e-01,4.074496030807495117e-01,3.091008067131042480e-01,3.935126960277557373e-01,3.822989463806152344e-01,3.705160021781921387e-01,2.781908810138702393e-01,3.716828525066375732e-01,3.461755514144897461e-01,3.589097559452056885e-01,3.615469038486480713e-01,4.009751677513122559e-01,3.672432303428649902e-01,3.320136070251464844e-01,3.499388396739959717e-01,3.528121709823608398e-01,2.739245593547821045e-01,3.397074341773986816e-01,2.967707812786102295e-01,3.784279823303222656e-01,3.822194337844848633e-01,4.022377729415893555e-01,3.507864773273468018e-01,3.487805128097534180e-01,3.768177032470703125e-01,3.306726813316345215e-01,3.692173957824707031e-01,3.937796950340270996e-01,3.440750241279602051e-01,3.872353434562683105e-01,3.848342895507812500e-01,3.074361085891723633e-01,3.712767362594604492e-01,4.026202857494354248e-01,3.422050476074218750e-01,3.890230655670166016e-01,3.509836196899414062e-01,3.585574924945831299e-01,3.602440357208251953e-01,3.357790112495422363e-01,3.934138417243957520e-01,3.946990668773651123e-01,3.390265107154846191e-01,3.558656573295593262e-01,3.869995474815368652e-01,3.658641278743743896e-01,3.922520875930786133e-01,3.180525302886962891e-01,3.966792225837707520e-01,3.252208530902862549e-01,3.426773548126220703e-01,4.116010963916778564e-01,3.618683218955993652e-01,3.688215017318725586e-01,2.702138721942901611e-01,4.049281477928161621e-01,3.538824915885925293e-01,3.446282148361206055e-01,3.355494141578674316e-01,3.781123161315917969e-01,2.789761126041412354e-01,3.261154890060424805e-01,4.036826491355895996e-01,3.029443025588989258e-01,3.475202620029449463e-01,3.200802206993103027e-01,3.566386103630065918e-01,3.496769368648529053e-01,3.728516697883605957e-01,3.690048456192016602e-01,3.466786146163940430e-01,3.909708261489868164e-01,4.095984995365142822e-01,3.459779024124145508e-01,3.550616800785064697e-01,3.468645215034484863e-01,3.784946203231811523e-01,3.023211956024169922e-01,3.988555073738098145e-01,3.457000255584716797e-01,3.436691164970397949e-01,4.020118117332458496e-01,3.699963688850402832e-01,3.610540032386779785e-01,3.865649104118347168e-01,3.801545202732086182e-01,3.484146595001220703e-01,3.646016716957092285e-01,3.835835456848144531e-01,3.382878303527832031e-01,3.579624891281127930e-01,3.200583457946777344e-01,3.684358894824981689e-01,3.735218644142150879e-01,3.709273934364318848e-01,4.022291898727416992e-01,3.284883499145507812e-01,4.049214124679565430e-01,2.724089622497558594e-01,3.797686696052551270e-01,3.853716850280761719e-01,3.466784358024597168e-01,3.540623486042022705e-01,3.693894147872924805e-01,3.194853067398071289e-01,3.894549608230590820e-01,3.576808869838714600e-01,3.385027050971984863e-01,3.605745732784271240e-01,3.597648739814758301e-01,3.658470511436462402e-01,3.748629093170166016e-01,3.828839659690856934e-01,3.757764697074890137e-01,3.492035269737243652e-01,3.462940156459808350e-01,3.748533129692077637e-01,3.195039331912994385e-01,3.825246095657348633e-01,3.279126584529876709e-01,3.299233913421630859e-01,3.513685166835784912e-01,3.159154951572418213e-01,3.651902675628662109e-01,3.270544409751892090e-01,3.708287179470062256e-01,3.811717927455902100e-01,3.302014470100402832e-01,3.583867251873016357e-01,3.866406083106994629e-01,3.945003151893615723e-01,3.596125245094299316e-01,3.093506693840026855e-01,3.179164528846740723e-01,4.081920385360717773e-01,3.572255969047546387e-01,3.570884466171264648e-01,4.046288132667541504e-01,3.168008327484130859e-01,3.815096616744995117e-01,3.969196975231170654e-01,4.146424531936645508e-01,2.757734656333923340e-01,3.679056763648986816e-01,3.760415315628051758e-01,3.023438751697540283e-01,3.247975111007690430e-01,3.664523363113403320e-01,3.931347131729125977e-01,3.651288151741027832e-01,3.527054786682128906e-01,3.904069662094116211e-01,4.359302222728729248e-01,4.203428328037261963e-01,3.456871807575225830e-01,2.964471578598022461e-01,3.868204951286315918e-01,3.721283078193664551e-01,3.739747107028961182e-01,3.699539303779602051e-01,3.311794400215148926e-01,3.484789729118347168e-01,2.993528842926025391e-01,3.863588571548461914e-01,3.827732801437377930e-01,3.943571448326110840e-01,3.371164202690124512e-01,3.807255625724792480e-01,3.811469674110412598e-01,3.445479273796081543e-01,3.509963452816009521e-01,3.734289705753326416e-01,3.883831799030303955e-01,3.811854720115661621e-01,3.425019979476928711e-01,2.826747298240661621e-01,3.031157255172729492e-01,3.641808629035949707e-01,3.733825683593750000e-01,3.508135080337524414e-01,3.533528149127960205e-01,4.334208965301513672e-01,3.969120979309082031e-01,3.455456495285034180e-01,3.911627233028411865e-01,3.892326354980468750e-01,3.511367440223693848e-01,3.094528913497924805e-01,4.327780604362487793e-01,3.740761876106262207e-01,3.365805447101593018e-01,4.023356437683105469e-01,3.704285621643066406e-01,3.645284473896026611e-01,4.104763865470886230e-01,3.922610282897949219e-01,3.491954505443572998e-01,4.244224429130554199e-01,3.535639047622680664e-01,3.252246379852294922e-01,3.056397140026092529e-01,3.870278298854827881e-01,2.893577218055725098e-01,3.176067471504211426e-01,3.294361829757690430e-01,3.250507414340972900e-01,3.870352506637573242e-01,3.851594328880310059e-01,3.694529831409454346e-01,3.850902318954467773e-01,3.695418834686279297e-01,3.606160879135131836e-01,3.893134295940399170e-01,3.390139341354370117e-01,3.781701922416687012e-01,3.776664137840270996e-01,3.225109279155731201e-01,3.812756240367889404e-01,3.693760633468627930e-01,3.780964612960815430e-01,4.067766070365905762e-01,3.770864903926849365e-01,2.969802618026733398e-01,3.988459408283233643e-01,3.777325153350830078e-01,3.031200766563415527e-01,3.391679227352142334e-01,3.887210488319396973e-01,3.573171496391296387e-01,4.022473096847534180e-01,2.924160957336425781e-01,3.567768931388854980e-01,3.864161670207977295e-01,3.880158066749572754e-01,3.498249650001525879e-01,4.122678637504577637e-01,3.567946553230285645e-01,3.785807192325592041e-01,3.146197199821472168e-01,4.110026359558105469e-01,3.222433924674987793e-01,3.797169923782348633e-01,3.939971923828125000e-01,4.085954725742340088e-01,3.974559903144836426e-01,3.595754802227020264e-01,3.221588134765625000e-01,3.293503224849700928e-01,3.995521068572998047e-01,3.433817327022552490e-01,3.412428796291351318e-01,3.891696929931640625e-01,3.102954626083374023e-01,3.743162751197814941e-01,3.602893054485321045e-01,3.822853565216064453e-01,3.462826013565063477e-01,2.804231047630310059e-01,4.049785435199737549e-01,3.713206648826599121e-01,3.547249436378479004e-01,3.026917278766632080e-01,3.197064995765686035e-01,3.866881728172302246e-01,3.635175824165344238e-01,3.961760997772216797e-01,3.672555685043334961e-01,4.218579530715942383e-01,3.611538410186767578e-01,3.548653125762939453e-01,3.115400671958923340e-01,3.525607585906982422e-01
